feature0,prediction,LoGoFunc_Neutral,LoGoFunc_GOF,LoGoFunc_LOF
25546,Neutral,0.7631625408531064,0.0389775895523718,0.19785986959452181
25547,Neutral,0.598529701657266,0.08674647693687264,0.31472382140586136
25548,Neutral,0.6221830582667588,0.0593442287609698,0.3184727129722715
25549,Neutral,0.5399547197909298,0.05992748898195472,0.4001177912271155
25550,LOF,0.36894207752190034,0.13700794054575702,0.49404998193234273
25551,LOF,0.2969964612434489,0.1482172642999027,0.5547862744566483
25552,LOF,0.21317936494384157,0.13910494685179042,0.647715688204368
25553,Neutral,0.8617004185971845,0.029856732829891697,0.10844284857292395
25554,LOF,0.25419765601834116,0.12988639637501173,0.615915947606647
25555,LOF,0.20932288700950746,0.11420820133891181,0.6764689116515807
25556,Neutral,0.46508866588085984,0.11603829083324436,0.4188730432858958
25557,LOF,0.1968888504151969,0.1208600919079826,0.6822510576768204
25558,LOF,0.23499114206403288,0.1286485042745773,0.6363603536613899
25559,LOF,0.36031946638756535,0.1277476592087397,0.511932874403695
25560,LOF,0.051000570875418254,0.14797349131686172,0.8010259378077201
25561,LOF,0.1113721440125139,0.14124089553106023,0.7473869604564258
25562,LOF,0.08026257826400528,0.07942604907742926,0.8403113726585656
25563,LOF,0.1007918442084252,0.09450153955093574,0.8047066162406391
25564,LOF,0.22851795755448046,0.15657750415341107,0.6149045382921084
25565,LOF,0.12708033187616946,0.14742481919054873,0.7254948489332818
25566,GOF,0.012446880552747466,0.7345520344922888,0.2530010849549637
25567,LOF,0.019253851172211733,0.20774598549295065,0.7730001633348376
25568,LOF,0.05290944894208061,0.07945481802468979,0.8676357330332296
25569,LOF,0.05650860871842362,0.08035224897494607,0.8631391423066304
25570,LOF,0.056004886006667996,0.130023115916732,0.8139719980765999
25571,LOF,0.04920131107209307,0.12294906093185397,0.827849627996053
25572,LOF,0.061920563808351106,0.14396918431517927,0.7941102518764696
25573,LOF,0.03403830666373201,0.1154114540944362,0.8505502392418317
25574,LOF,0.020736617166320526,0.17070729842798313,0.8085560844056963
25575,LOF,0.04250817037177184,0.1373793025906919,0.8201125270375362
25576,LOF,0.019567305005656455,0.15708126668716707,0.8233514283071764
25577,LOF,0.015359962728769416,0.14345624502873097,0.8411837922424996
25578,LOF,0.28568830694075753,0.10658424875424358,0.6077274443049989
25579,LOF,0.12208012718011704,0.12488147110321615,0.7530384017166667
25580,LOF,0.030409773164880076,0.10397548062984979,0.8656147462052702
25581,LOF,0.04964834548545485,0.0830705608372579,0.8672810936772872
25582,LOF,0.04916096937896594,0.08198560769227106,0.8688534229287629
25583,LOF,0.034227452938823226,0.12103958410639604,0.8447329629547807
25584,Neutral,0.4859011847459087,0.13649620872899812,0.3776026065250931
25585,LOF,0.0201149208117697,0.15655643383727608,0.8233286453509543
25586,LOF,0.028644696378890184,0.09859511835516829,0.8727601852659416
25587,LOF,0.0287626085339272,0.09073604526055877,0.8805013462055141
25588,LOF,0.02795181389338996,0.10984825635993349,0.8621999297466766
25589,Neutral,0.6248967185075083,0.13758269412771448,0.23752058736477719
25590,LOF,0.03510647950971769,0.15649985675306224,0.8083936637372201
25591,LOF,0.08671902617589775,0.07394264675087336,0.8393383270732289
25592,LOF,0.09674966656597814,0.16702683577103986,0.7362234976629819
25593,LOF,0.03148894172026375,0.30303941374225635,0.66547164453748
25594,LOF,0.045458526540002424,0.16156792855939373,0.7929735449006038
25595,LOF,0.0539143561550469,0.1136967196138854,0.8323889242310676
25596,LOF,0.056915445558895446,0.08333915715420544,0.859745397286899
25597,LOF,0.0370110535281921,0.0853908520425245,0.8775980944292835
25598,LOF,0.050800780907144676,0.11905400611236264,0.8301452129804926
25599,GOF,0.00646952582794491,0.6077207422957437,0.3858097318763113
25600,GOF,0.012761923195984196,0.6122527660914782,0.3749853107125377
25601,LOF,0.009460898486929634,0.4368838666117173,0.553655234901353
25602,LOF,0.02101247526590165,0.03979487847365793,0.9391926462604404
25603,LOF,0.06208258229648135,0.016701687773205222,0.9212157299303135
25604,LOF,0.035344393460186016,0.043633736648467335,0.9210218698913467
25605,LOF,0.011011741322945134,0.18876183921612313,0.8002264194609316
25606,LOF,0.0961978295810964,0.3272352075159299,0.5765669629029737
25607,LOF,0.006277762366943482,0.18485192522613408,0.8088703124069223
25608,LOF,0.016751695247400913,0.08991200344253696,0.8933363013100621
25609,LOF,0.06429792285348916,0.410982444443959,0.5247196327025518
25610,LOF,0.03289763201792778,0.02679735060834538,0.9403050173737268
25611,LOF,0.040963259448995676,0.025890275503218665,0.9331464650477856
25612,LOF,0.09517776189818006,0.03633089580846208,0.8684913422933579
25613,LOF,0.08059309343994053,0.03699710558648327,0.8824098009735762
25614,LOF,0.034380790337725134,0.03329193216241898,0.9323272774998559
25615,LOF,0.03518616659424134,0.04582976806590988,0.9189840653398487
25616,LOF,0.02682106774268618,0.03276697010716011,0.9404119621501538
25617,LOF,0.028329802476751306,0.035869342519697076,0.9358008550035517
25618,LOF,0.1506016019706348,0.03285092932382077,0.8165474687055444
25619,LOF,0.029766124922452737,0.032224302535472406,0.9380095725420748
25620,LOF,0.03433437715171723,0.04117817547255076,0.924487447375732
25621,LOF,0.025965323303734973,0.03356344237022953,0.9404712343260354
25622,LOF,0.03378606880705216,0.036773564361132306,0.9294403668318156
25623,LOF,0.052806990747011014,0.03149663552468942,0.9156963737282996
25624,LOF,0.02586759856286429,0.04053089930763826,0.9336015021294976
25625,LOF,0.035255325158947075,0.04455242073775004,0.9201922541033029
25626,LOF,0.07646503440708621,0.03194134318868369,0.8915936224042302
25627,Neutral,0.5353010794746427,0.12137782098855897,0.3433210995367984
25628,LOF,0.21226426309860802,0.054885709820537254,0.7328500270808548
25629,LOF,0.0595779664899221,0.05648674674197837,0.8839352867680996
25630,LOF,0.1800529191801703,0.08726982701595233,0.7326772538038774
25631,Neutral,0.6249343135313324,0.05821586342374046,0.3168498230449272
25632,LOF,0.013035195748388389,0.11884209467751851,0.8681227095740931
25633,LOF,0.10053658788960917,0.08340037152107511,0.8160630405893157
25634,LOF,0.03148468686020382,0.10672779783275291,0.8617875153070432
25635,LOF,0.037725415359485454,0.08700678769329655,0.8752677969472181
25636,GOF,0.004133734319181978,0.5757115258717983,0.42015473980901985
25637,GOF,0.003787519983124933,0.6346822387443867,0.36153024127248834
25638,LOF,0.00679356637515814,0.3414386638266727,0.6517677697981692
25639,GOF,0.003831961795848123,0.5033951593460259,0.49277287885812604
25640,GOF,0.45128198644341905,0.485859890647498,0.06285812290908305
25641,LOF,0.009145915377884136,0.3100792230619621,0.6807748615601538
25642,LOF,0.2561779217193992,0.05851631739087401,0.6853057608897268
25643,LOF,0.30338616216802367,0.15674402152484193,0.5398698163071344
25644,GOF,0.014808081096482434,0.5228962900226207,0.46229562888089687
25645,LOF,0.011128295974567942,0.4485312990697064,0.5403404049557258
25646,LOF,0.016724934943866003,0.3126007455547668,0.6706743195013672
25647,LOF,0.013067007155619887,0.2578358029594616,0.7290971898849186
25648,LOF,0.012751700592391084,0.2618778025254371,0.7253704968821718
25649,LOF,0.010787076446067672,0.18745283868052603,0.8017600848734062
25650,LOF,0.019451885404879077,0.39238928456332406,0.5881588300317969
25651,LOF,0.007676453865594431,0.2626083029819865,0.729715243152419
25652,LOF,0.012726364215214671,0.24057178192631778,0.7467018538584675
25653,LOF,0.04692068809093243,0.3574147042287195,0.5956646076803481
25654,LOF,0.013837204420615165,0.13503758620540499,0.85112520937398
25655,LOF,0.08004227100148742,0.3835495362593202,0.5364081927391924
25656,LOF,0.10953223766833327,0.058077778004441374,0.8323899843272253
25657,LOF,0.3205745067478709,0.028402177429859767,0.6510233158222694
25658,LOF,0.04303246286509608,0.08119918603751752,0.8757683510973864
25659,LOF,0.3738548548563642,0.07016773443872251,0.5559774107049132
25660,LOF,0.06552068122759484,0.08168896168728225,0.852790357085123
25661,LOF,0.045104316377516135,0.07080526397217067,0.8840904196503132
25662,LOF,0.02853601836550008,0.04793117705426217,0.9235328045802377
25663,LOF,0.03898611336176034,0.07128085815083315,0.8897330284874065
25664,LOF,0.04512428821805133,0.0871870829685358,0.8676886288134128
25665,LOF,0.05822902711347836,0.04332717913030659,0.8984437937562151
25666,LOF,0.039468327739229155,0.11658777419662966,0.8439438980641412
25667,LOF,0.03219826116716287,0.05446015345623076,0.9133415853766063
25668,LOF,0.034265915819685994,0.05604455230867941,0.9096895318716346
25669,LOF,0.04021032712152455,0.08093478601930208,0.8788548868591733
25670,LOF,0.0831123215635255,0.08771914407169938,0.8291685343647752
25671,LOF,0.040005147163224675,0.05087074061549966,0.9091241122212755
25672,LOF,0.06281389244541426,0.06265354446865112,0.8745325630859346
25673,LOF,0.04677793259729963,0.06781467099222883,0.8854073964104715
25674,LOF,0.042787770575618105,0.07035895347991701,0.886853275944465
25675,LOF,0.04852322118927246,0.06114745751859547,0.8903293212921322
25676,LOF,0.03538344111064426,0.061975643273185874,0.9026409156161699
25677,LOF,0.06125895678231679,0.06526743195446671,0.8734736112632165
25678,LOF,0.2909136538879861,0.034772818441425817,0.674313527670588
25679,LOF,0.17707560476362053,0.07084677255637867,0.7520776226800008
25680,LOF,0.06073724847433611,0.09693476639359182,0.8423279851320721
25681,LOF,0.1042724373737595,0.09168142762308881,0.8040461350031517
25682,LOF,0.0435826820640383,0.08060461063677064,0.875812707299191
25683,LOF,0.10286212534794548,0.0894110775135597,0.8077267971384948
25684,LOF,0.057094553734717966,0.0868668517104683,0.8560385945548137
25685,LOF,0.10781846110525314,0.05464559161042107,0.8375359472843259
25686,LOF,0.04075406123985295,0.11010566787788365,0.8491402708822634
25687,LOF,0.04506278033550504,0.09145770038794118,0.8634795192765539
25688,LOF,0.031169506271871646,0.07720059339143225,0.8916299003366961
25689,LOF,0.018199809159609826,0.07338549817407096,0.9084146926663192
25690,LOF,0.022384019303541766,0.0727648725612615,0.9048511081351968
25691,LOF,0.21963791439978037,0.09444038897686759,0.6859216966233521
25692,LOF,0.29825454535040835,0.00819917175831902,0.6935462828912726
25693,LOF,0.09907853710777413,0.16505082463137233,0.7358706382608535
25694,LOF,0.25627303133359786,0.019222362764994227,0.7245046059014079
25695,LOF,0.16615391187601494,0.02415367147322844,0.8096924166507566
25696,LOF,0.18684512645694196,0.012543029572870915,0.800611843970187
25697,LOF,0.13973627815375675,0.03284417211107782,0.8274195497351654
25698,LOF,0.03005933211285425,0.4187976894506915,0.5511429784364542
25699,LOF,0.07015595279938655,0.07999398120478816,0.8498500659958252
25700,LOF,0.031201230664145613,0.009723141620369635,0.9590756277154848
25701,LOF,0.017526689353415476,0.07442456157368166,0.9080487490729028
25702,GOF,0.03814039476567,0.7381433616716352,0.22371624356269476
25703,LOF,0.013835764125216839,0.19631853217494372,0.7898457036998394
25704,LOF,0.09683871243200137,0.15402233304742774,0.7491389545205708
25705,LOF,0.05745440130189672,0.24988111272808844,0.6926644859700148
25706,GOF,0.05752184976432887,0.6049511911068962,0.3375269591287748
25707,GOF,0.031501231123596415,0.5003076729230127,0.4681910959533909
25708,LOF,0.00952900003177,0.4409717014527625,0.5494992985154675
25709,LOF,0.019051611348013718,0.061549624804802486,0.9193987638471838
25710,LOF,0.009359229745204095,0.1625821558705003,0.8280586143842956
25711,LOF,0.02087868518027165,0.1247455612439157,0.8543757535758126
25712,LOF,0.010595985689067083,0.23156779182263987,0.7578362224882931
25713,LOF,0.01848856365076469,0.10064077963930088,0.8808706567099345
25714,LOF,0.021392475049637125,0.12998284534816715,0.8486246796021957
25715,LOF,0.02039634270507481,0.11501495262412138,0.8645887046708037
25716,LOF,0.011060011016048858,0.12288804547541263,0.8660519435085384
25717,LOF,0.006521455670511381,0.13689058720279082,0.8565879571266979
25718,LOF,0.01763013462379342,0.08282400478853948,0.8995458605876671
25719,LOF,0.035182713017895495,0.07986452226673772,0.8849527647153669
25720,LOF,0.022175671126343322,0.09193278661304452,0.8858915422606121
25721,LOF,0.02276071464637848,0.09875733495853552,0.878481950395086
25722,LOF,0.018210603632102425,0.12350835625666899,0.8582810401112285
25723,LOF,0.021072516279526464,0.06906505121715116,0.9098624325033223
25724,LOF,0.034412565291386005,0.09788822424301244,0.8676992104656016
25725,LOF,0.02153986679223441,0.06544296843970558,0.9130171647680599
25726,LOF,0.015901332173246716,0.09932122844383201,0.8847774393829213
25727,LOF,0.01986923440203329,0.08425484330870647,0.8958759222892603
25728,LOF,0.018662093981205427,0.0990024863013076,0.882335419717487
25729,LOF,0.019720632039545626,0.10042191628070989,0.8798574516797445
25730,LOF,0.020058920373534763,0.07851807893127434,0.9014230006951909
25731,LOF,0.011953715415190157,0.16097107125140514,0.8270752133334048
25732,LOF,0.018504344408721063,0.08722422071606734,0.8942714348752115
25733,LOF,0.029087167845674652,0.07235541821424502,0.8985574139400804
25734,LOF,0.007884026801404985,0.19033109704148357,0.8017848761571115
25735,LOF,0.022559208498004843,0.06859951870507461,0.9088412727969206
25736,LOF,0.02131839239926284,0.10266815498241598,0.8760134526183211
25737,LOF,0.04301843683338608,0.08204908083783809,0.8749324823287757
25738,LOF,0.02102458089038244,0.11208452938402573,0.8668908897255918
25739,LOF,0.022474545809422763,0.11770676572122302,0.8598186884693543
25740,LOF,0.052077060415782334,0.11204767798714335,0.8358752615970743
25741,LOF,0.025830125144821053,0.09286376085520685,0.881306113999972
25742,LOF,0.03740791415566485,0.10739575638905395,0.8551963294552811
25743,LOF,0.011978176732837367,0.058766968885480886,0.9292548543816816
25744,GOF,0.11727880531453354,0.4801262267637816,0.40259496792168487
25745,LOF,0.019313034565896347,0.07717598562494284,0.9035109798091608
25746,LOF,0.011102487490742819,0.09688027464712749,0.8920172378621296
25747,LOF,0.03602405997364592,0.044736977368739904,0.9192389626576142
25748,LOF,0.1889812617222036,0.07593952485331257,0.7350792134244838
25749,LOF,0.013963295446209067,0.06501634890317856,0.9210203556506124
25750,LOF,0.015818947009443703,0.08944897658945455,0.8947320764011018
25751,LOF,0.037525121466802897,0.08915694688870329,0.8733179316444939
25752,GOF,0.08776688667962951,0.6560515904898964,0.2561815228304741
25753,LOF,0.008550310367485619,0.3413670350944116,0.6500826545381028
25754,GOF,0.005727461305502088,0.8590228174207248,0.1352497212737731
25755,LOF,0.011816491048750991,0.42503603050421795,0.563147478447031
25756,LOF,0.05120113315299184,0.42933191759988976,0.5194669492471183
25757,GOF,0.007460445346280859,0.8784259678807815,0.11411358677293765
25758,GOF,0.00849801764756919,0.8684284613698824,0.12307352098254828
25759,GOF,0.0054730008133681346,0.5696598579693964,0.42486714121723546
25760,LOF,0.007451388931079788,0.2974289069841771,0.6951197040847431
25761,GOF,0.05101659294483259,0.840225046398036,0.10875836065713147
25762,LOF,0.030734171681643392,0.3562108857293791,0.6130549425889775
25763,LOF,0.010874874803633935,0.23805757688272663,0.7510675483136393
25764,GOF,0.12302624201200606,0.5713726117499296,0.3056011462380643
25765,GOF,0.008118922065516279,0.8419695941424218,0.14991148379206207
25766,GOF,0.03339951044718201,0.8190737070299617,0.14752678252285617
25767,LOF,0.01854464231813566,0.466498194557586,0.5149571631242783
25768,LOF,0.03679079310530227,0.07650659687997942,0.8867026100147184
25769,LOF,0.022509120840879533,0.07832576636695399,0.8991651127921664
25770,LOF,0.1446394297769279,0.062445184533746,0.792915385689326
25771,LOF,0.017281956057697972,0.07124489749145041,0.9114731464508516
25772,LOF,0.02188427155324678,0.02882789084488692,0.9492878376018662
25773,LOF,0.01322333805568727,0.07771724220195352,0.9090594197423592
25774,LOF,0.02536471684629798,0.10071947346414521,0.8739158096895567
25775,LOF,0.021481844316204354,0.04150284868867681,0.9370153069951188
25776,LOF,0.024327056050881635,0.026668059771681678,0.9490048841774367
25777,LOF,0.16982022595973803,0.07265030302414402,0.7575294710161179
25778,LOF,0.019357151191717985,0.053640583920105636,0.9270022648881764
25779,GOF,0.03623538017205698,0.8993441632876783,0.06442045654026467
25780,GOF,0.06380821482587172,0.8772950941264669,0.05889669104766144
25781,GOF,0.026878427597947896,0.8696383691325522,0.10348320326949982
25782,GOF,0.034623265364654696,0.8923045117726988,0.07307222286264647
25783,GOF,0.01910940782463165,0.747170738893241,0.23371985328212724
25784,GOF,0.1017914268367151,0.8497870421687133,0.048421530994571804
25785,GOF,0.06549718161306287,0.8953099846395022,0.03919283374743505
25786,GOF,0.00543105723663539,0.8411370417966556,0.15343190096670892
25787,GOF,0.1566284773255667,0.8130912282252923,0.030280294449140918
25788,LOF,0.016088433273853196,0.17260542868366122,0.8113061380424856
25789,GOF,0.018861938099835142,0.8633620123501574,0.11777604955000755
25790,GOF,0.020807221064631235,0.8864420824217883,0.0927506965135805
25791,GOF,0.01656206769974944,0.8385169149898072,0.14492101731044338
25792,GOF,0.027255196567705257,0.846128952328101,0.1266158511041936
25793,GOF,0.0677216178381839,0.8393630567886703,0.09291532537314581
25794,GOF,0.05759435138959938,0.775159701456554,0.16724594715384658
25795,GOF,0.042964134450878384,0.7844057352015364,0.17263013034758506
25796,GOF,0.07424479271904404,0.8119151618032763,0.11384004547767966
25797,GOF,0.03795408033851655,0.6957601980590812,0.26628572160240216
25798,GOF,0.003227188473430783,0.6560999528052739,0.3406728587212954
25799,GOF,0.0033271334922124907,0.5315352229811581,0.4651376435266295
25800,GOF,0.014344130936496868,0.727441699308127,0.25821416975537625
25801,GOF,0.015041063164582577,0.8627954341990556,0.12216350263636194
25802,GOF,0.022144393899264442,0.8178916693938617,0.15996393670687378
25803,GOF,0.012280185400368536,0.7160148125257134,0.271705002073918
25804,GOF,0.01498177617775166,0.6214768641717058,0.3635413596505427
25805,GOF,0.02607531982595309,0.7200661820788358,0.253858498095211
25806,GOF,0.018710677415908865,0.7650413857323162,0.2162479368517751
25807,GOF,0.005612840135484629,0.7278795442897751,0.26650761557474034
25808,GOF,0.01537080660688501,0.7508391888632844,0.23379000452983076
25809,GOF,0.006214246691025695,0.7433843035954947,0.25040144971347955
25810,GOF,0.005286728538013361,0.7443793507406394,0.2503339207213472
25811,GOF,0.048141142758844055,0.8490058565157388,0.10285300072541725
25812,GOF,0.016825346073108,0.7131291160149301,0.2700455379119618
25813,GOF,0.09988212360660297,0.8148867683468118,0.08523110804658518
25814,GOF,0.026829176890168782,0.8179463097068402,0.15522451340299095
25815,GOF,0.039533803253797885,0.8155642280547712,0.14490196869143096
25816,GOF,0.008212773834344598,0.8605095801913456,0.1312776459743098
25817,GOF,0.10044996274772164,0.7710174987776814,0.12853253847459684
25818,GOF,0.024850375208253964,0.8017860136678432,0.17336361112390303
25819,GOF,0.06318752640595963,0.7654125127504365,0.1713999608436038
25820,GOF,0.032659657391954755,0.7762636413766053,0.19107670123143997
25821,GOF,0.01966245545576676,0.7748498962515319,0.20548764829270139
25822,GOF,0.038561881952373034,0.7871638146108528,0.1742743034367741
25823,GOF,0.01481113885591568,0.6576860777256089,0.3275027834184754
25824,GOF,0.025311721258980572,0.7795451590669805,0.19514311967403902
25825,GOF,0.016182546412371768,0.7696220082571549,0.21419544533047347
25826,GOF,0.005508578467128387,0.7318641975604301,0.2626272239724415
25827,GOF,0.009250769297244008,0.7088863271085136,0.28186290359424254
25828,GOF,0.006197142482228029,0.6547694098823127,0.3390334476354593
25829,GOF,0.0031204691772479315,0.7252511095387341,0.27162842128401793
25830,GOF,0.04102791872130901,0.4999790227801486,0.4589930584985424
25831,GOF,0.04962696457610665,0.8456404561718207,0.10473257925207259
25832,GOF,0.008657372646143274,0.8116147085766164,0.17972791877724031
25833,GOF,0.03241623467611995,0.8541484721699586,0.11343529315392141
25834,GOF,0.008598385273179202,0.8261614952382016,0.1652401194886193
25835,GOF,0.01950909913429846,0.874352062126299,0.10613883873940269
25836,GOF,0.006849717121036731,0.8265588406942108,0.16659144218475241
25837,GOF,0.007445025713056589,0.7366420379286838,0.2559129363582596
25838,GOF,0.02166104689847122,0.8795849139755321,0.09875403912599656
25839,GOF,0.03747682891145027,0.8629838855635182,0.09953928552503152
25840,GOF,0.06624682332754289,0.8409260121989404,0.09282716447351681
25841,GOF,0.05654534399077617,0.8567764642201267,0.08667819178909704
25842,GOF,0.02869919882461076,0.9045186484787315,0.06678215269665781
25843,GOF,0.028485265461771443,0.9068635406014897,0.06465119393673893
25844,GOF,0.019786144709676635,0.8583908871190631,0.12182296817126043
25845,GOF,0.006628122728233563,0.6791806244396377,0.31419125283212884
25846,GOF,0.042676402912001234,0.8706564685205558,0.08666712856744302
25847,GOF,0.020865107208334878,0.9193036253711708,0.05983126742049434
25848,GOF,0.018691304686975985,0.8743464837192707,0.10696221159375333
25849,GOF,0.005557606232732119,0.768887750946133,0.2255546428211348
25850,GOF,0.006859700961210237,0.7796077396982835,0.21353255934050627
25851,GOF,0.006146514429454061,0.6566818215169336,0.3371716640536124
25852,GOF,0.1342842694605194,0.6322047699595309,0.23351096057994974
25853,GOF,0.06860609800030816,0.8608128132069159,0.07058108879277593
25854,GOF,0.005722448282386342,0.716669384223671,0.27760816749394257
25855,GOF,0.0155883601238365,0.6469128267814455,0.337498813094718
25856,GOF,0.03664017696063932,0.786354486511909,0.17700533652745185
25857,GOF,0.013579814200705788,0.642185634468284,0.34423455133101033
25858,GOF,0.008360027664564198,0.6325217122234351,0.35911826011200065
25859,GOF,0.005729927876116761,0.6130405516741202,0.38122952044976316
25860,GOF,0.07586175540996459,0.8265052223014528,0.09763302228858253
25861,GOF,0.08561495512578712,0.8038361965545571,0.11054884831965571
25862,GOF,0.022573028106544216,0.8662333077845763,0.11119366410887929
25863,GOF,0.021537898513426263,0.8780618050649542,0.10040029642161939
25864,GOF,0.05418985972793815,0.8688551651581752,0.07695497511388658
25865,GOF,0.037134417287128414,0.8355761173816636,0.12728946533120805
25866,GOF,0.028869294853311366,0.86341569356622,0.1077150115804685
25867,GOF,0.031326471774941085,0.8857040510202199,0.08296947720483908
25868,GOF,0.054659395175342324,0.8450203547541543,0.10032025007050331
25869,GOF,0.3442445900168117,0.5990219448570595,0.05673346512612886
25870,GOF,0.07771561183091563,0.6997267490051915,0.22255763916389282
25871,GOF,0.012306190219457083,0.9019050274207998,0.08578878235974319
25872,GOF,0.02162783322480963,0.876871141027562,0.1015010257476284
25873,GOF,0.020189735104063126,0.8991215332435093,0.0806887316524275
25874,LOF,0.018142376432964475,0.19169720878706695,0.7901604147799686
25875,LOF,0.0525442678309838,0.03783153275618553,0.9096241994128306
25876,LOF,0.01860551291919681,0.03548445034879688,0.9459100367320064
25877,LOF,0.12688996608999964,0.08051607365518458,0.7925939602548158
25878,LOF,0.06875566629227588,0.11274591421872404,0.818498419489
25879,LOF,0.02718560510963827,0.07975028045304555,0.8930641144373161
25880,LOF,0.056186553698858444,0.012709107124930829,0.9311043391762107
25881,Neutral,0.5479296044674354,0.05517914699167105,0.3968912485408936
25882,LOF,0.06110720630021728,0.024730168529190945,0.9141626251705919
25883,LOF,0.03030476960774357,0.022102241424435617,0.9475929889678208
25884,LOF,0.030249732724533275,0.0369405573464215,0.9328097099290452
25885,LOF,0.22080613275427033,0.009985387050636146,0.7692084801950935
25886,LOF,0.15618278178660408,0.049198532765810855,0.7946186854475851
25887,LOF,0.19897648213203745,0.051841953884059815,0.7491815639839028
25888,LOF,0.011758088870465908,0.12551521866752022,0.8627266924620138
25889,LOF,0.03607104605402548,0.025959873427354847,0.9379690805186196
25890,LOF,0.12341500613164513,0.11600149195487991,0.7605835019134749
25891,LOF,0.09116991799767082,0.02527392741123529,0.8835561545910938
25892,LOF,0.009582276296143067,0.029741513958739824,0.9606762097451171
25893,LOF,0.40247852082597807,0.0072767169284625,0.5902447622455596
25894,LOF,0.45692817789313234,0.004465185650082131,0.5386066364567854
25895,LOF,0.3487130182304616,0.009873124314497841,0.6414138574550406
25896,LOF,0.0656010465240428,0.01286132065381421,0.921537632822143
25897,LOF,0.19391341031497483,0.007763126568987056,0.7983234631160381
25898,LOF,0.177787330507706,0.024736858980314098,0.7974758105119799
25899,LOF,0.3351149953970959,0.01393982016572476,0.6509451844371793
25900,LOF,0.44169616642631787,0.006416617745338312,0.5518872158283439
25901,LOF,0.06294982867889913,0.006045622946245215,0.9310045483748557
25902,LOF,0.15619900306138407,0.0076680998330794494,0.8361328971055365
25903,LOF,0.4142822985977292,0.02192435692426,0.5637933444780108
25904,LOF,0.4737232528199731,0.018416473592093842,0.5078602735879332
25905,LOF,0.004041321681206075,0.4726807004561988,0.5232779778625951
25906,LOF,0.008964866141196359,0.11600857137246252,0.8750265624863411
25907,LOF,0.004480431513507856,0.36870799837322704,0.6268115701132652
25908,LOF,0.0046612389830611445,0.2677347416412576,0.7276040193756813
25909,LOF,0.024039336459614726,0.16570243179452723,0.810258231745858
25910,LOF,0.010981709286568416,0.13203170865456873,0.8569865820588628
25911,LOF,0.3335925384178449,0.05792626586350533,0.6084811957186497
25912,LOF,0.06690410692935095,0.07383126875921305,0.8592646243114359
25913,LOF,0.04739519286223219,0.07847627440360269,0.8741285327341652
25914,LOF,0.04084128538583767,0.040998916776708104,0.9181597978374542
25915,LOF,0.18274951283312907,0.17141563706198137,0.6458348501048896
25916,LOF,0.03131976073168031,0.11698026555865293,0.8516999737096667
25917,LOF,0.07731525110489104,0.03574085134865121,0.8869438975464577
25918,LOF,0.053632822218488065,0.02524919563058039,0.9211179821509314
25919,LOF,0.04642848904883378,0.025694544914333265,0.927876966036833
25920,LOF,0.15365424723092527,0.19359678322836382,0.6527489695407109
25921,LOF,0.016193149306446792,0.0395006405836784,0.9443062101098748
25922,LOF,0.01702138292029609,0.03479527286380715,0.9481833442158967
25923,LOF,0.4391863567782601,0.03811411327788537,0.5226995299438545
25924,LOF,0.025433881738480504,0.056889165165599456,0.91767695309592
25925,LOF,0.07329263709216607,0.05004483211749502,0.8766625307903388
25926,LOF,0.05440713208046606,0.04868753690131485,0.896905331018219
25927,LOF,0.02404771395565315,0.0749463275622077,0.901005958482139
25928,LOF,0.01049231842774218,0.05672507281334104,0.9327826087589167
25929,Neutral,0.5298691020339157,0.036431496572038945,0.43369940139404545
25930,LOF,0.0636104568199346,0.03509810675660031,0.9012914364234652
25931,LOF,0.01426132120951554,0.034837130313725796,0.9509015484767588
25932,LOF,0.05383798362880533,0.029813119556466233,0.9163488968147284
25933,LOF,0.0520644952093159,0.01986354772776667,0.9280719570629173
25934,LOF,0.04627575234767547,0.019609885200426422,0.9341143624518982
25935,LOF,0.06443942012792281,0.06068895368026885,0.8748716261918082
25936,LOF,0.07692632238907982,0.02192170190982033,0.9011519757011
25937,LOF,0.014119742666524014,0.03993102682892469,0.9459492305045513
25938,LOF,0.06214042029584445,0.05859830862931279,0.8792612710748428
25939,LOF,0.036638540926204895,0.028608833757330487,0.9347526253164646
25940,LOF,0.01006756214377122,0.3454088819816186,0.6445235558746102
25941,Neutral,0.5161486900682642,0.03502821307789237,0.44882309685384336
25942,LOF,0.009526256915835281,0.04835559072916336,0.9421181523550014
25943,LOF,0.05205652280956259,0.1854473261488804,0.762496151041557
25944,LOF,0.0705771155342472,0.09348508227199877,0.835937802193754
25945,LOF,0.11720715368181014,0.019301275082315782,0.8634915712358741
25946,LOF,0.07052300450051087,0.03738173608937877,0.8920952594101103
25947,Neutral,0.45523429786538794,0.09212715156639452,0.45263855056821745
25948,LOF,0.42964866921599043,0.012228090090015515,0.558123240693994
25949,LOF,0.1352267539904289,0.06402474982742098,0.8007484961821502
25950,GOF,0.06658741760410304,0.6236297154086724,0.3097828669872245
25951,LOF,0.012211095289905226,0.4238519246721133,0.5639369800379814
25952,LOF,0.31613599336241205,0.24168009718708613,0.4421839094505018
25953,LOF,0.007654488267223706,0.1827203686174906,0.8096251431152858
25954,LOF,0.08900220010965317,0.45197695648558356,0.4590208434047633
25955,LOF,0.00764764078543355,0.1475181632685494,0.8448341959460172
25956,LOF,0.020677212690191363,0.2376348742371856,0.7416879130726229
25957,LOF,0.21315761067604053,0.03467093878176323,0.7521714505421963
25958,LOF,0.0323225043645273,0.03373357701681336,0.9339439186186594
25959,GOF,0.015742056268093278,0.5201417665351601,0.4641161771967467
25960,LOF,0.006598651433507959,0.0553895849106191,0.9380117636558729
25961,LOF,0.029832578782267388,0.03234878757500852,0.9378186336427241
25962,LOF,0.0344154944057887,0.0621900612783091,0.9033944443159021
25963,LOF,0.005006137795393153,0.18730046716779153,0.8076933950368153
25964,LOF,0.030546551423015357,0.09105474422489816,0.8783987043520866
25965,LOF,0.2465710612336506,0.12461968443492404,0.6288092543314253
25966,Neutral,0.47662542552034737,0.15554694153937387,0.36782763294027887
25967,LOF,0.009726836838451807,0.09562447213744885,0.8946486910240994
25968,LOF,0.04457783207760484,0.19928734255859776,0.7561348253637973
25969,LOF,0.13085511668127972,0.04395261866005392,0.8251922646586664
25970,LOF,0.020337701367698236,0.07790959117798499,0.9017527074543169
25971,LOF,0.07987253462108049,0.025077799742386345,0.8950496656365331
25972,LOF,0.06087715187290536,0.03836528151113926,0.9007575666159554
25973,LOF,0.0694267874552303,0.008427940080864466,0.9221452724639052
25974,LOF,0.05453601827678319,0.0356030914817903,0.9098608902414265
25975,LOF,0.04862215991177198,0.016046205327735617,0.9353316347604923
25976,LOF,0.10456193642438978,0.008913667696477253,0.8865243958791329
25977,LOF,0.1957785027316715,0.0737792393009081,0.7304422579674203
25978,LOF,0.19761574562698586,0.1100378302341079,0.6923464241389062
25979,LOF,0.1561770107447153,0.12207393566441432,0.7217490535908704
25980,LOF,0.2660717930199312,0.15819417993450854,0.5757340270455602
25981,LOF,0.26669568498757906,0.1590164930082188,0.5742878220042021
25982,Neutral,0.48261150459875196,0.08487132680491,0.43251716859633804
25983,Neutral,0.4890466266224492,0.09842538583264737,0.41252798754490344
25984,LOF,0.033778672005114106,0.09390579917160807,0.8723155288232778
25985,LOF,0.419360193569969,0.1438062562865924,0.43683355014343866
25986,LOF,0.01252214004081771,0.4099560697249685,0.5775217902342138
25987,LOF,0.05617092264420971,0.11224359182936233,0.8315854855264279
25988,LOF,0.0420384819958896,0.18307581874495493,0.7748856992591554
25989,LOF,0.036181367562801645,0.2200337477422185,0.7437848846949798
25990,LOF,0.036888284550376044,0.31789286200244765,0.6452188534471764
25991,LOF,0.029024686210837602,0.45573001903432786,0.5152452947548345
25992,LOF,0.024292495775772416,0.4623867185086923,0.5133207857155353
25993,LOF,0.029485395636537685,0.07872246725344956,0.8917921371100127
25994,LOF,0.023828245395668846,0.07413662063521755,0.9020351339691135
25995,LOF,0.021765158642433193,0.1548367809133577,0.823398060444209
25996,Neutral,0.36678541621589467,0.3291572845906636,0.3040572991934417
25997,LOF,0.06933178275987668,0.40473443014628085,0.5259337870938424
25998,LOF,0.23793528914263046,0.04762206501273749,0.714442645844632
25999,LOF,0.02600392993940022,0.20263777674204733,0.7713582933185525
26000,LOF,0.18079902583989726,0.032981121279822896,0.7862198528802798
26001,LOF,0.23457467270727844,0.04348369627883378,0.7219416310138878
26002,LOF,0.11189656570289146,0.05458330042466515,0.8335201338724435
26003,GOF,0.005794952659935134,0.6174374684151263,0.37676757892493856
26004,GOF,0.008680670335159006,0.6856733883768993,0.3056459412879418
26005,LOF,0.00395182017895802,0.488730160085481,0.507318019735561
26006,GOF,0.11073879128313072,0.5841778793780468,0.30508332933882243
26007,GOF,0.008032199139133969,0.5437963364740255,0.44817146438684063
26008,GOF,0.006182859689719268,0.6469264009329476,0.34689073937733317
26009,GOF,0.007909689735681735,0.6635392173382383,0.3285510929260799
26010,GOF,0.00976160133606477,0.6414749543510572,0.3487634443128781
26011,LOF,0.003610723093695004,0.43875894533314197,0.5576303315731631
26012,GOF,0.005211518002409886,0.512746377487816,0.4820421045097741
26013,GOF,0.006864226111449532,0.5856097498825117,0.40752602400603877
26014,LOF,0.06030266315708108,0.10665404870793478,0.8330432881349841
26015,LOF,0.42825870546615474,0.022792880622249573,0.5489484139115958
26016,LOF,0.3338398503224351,0.04175047773651921,0.6244096719410456
26017,LOF,0.027697186217188505,0.23529535848927094,0.7370074552935406
26018,LOF,0.02797693963378385,0.0634897443174682,0.908533316048748
26019,LOF,0.027640195460941864,0.05391307130902581,0.9184467332300323
26020,LOF,0.010604924585882152,0.19418136549269432,0.7952137099214236
26021,LOF,0.08082783749829466,0.06747894446281101,0.8516932180388943
26022,LOF,0.04492045050311328,0.027882854932926693,0.9271966945639599
26023,LOF,0.03153438242931481,0.03601301226962452,0.9324526053010607
26024,LOF,0.0515516156378964,0.06612309616335396,0.8823252881987496
26025,LOF,0.06840222546341695,0.09016168422561952,0.8414360903109636
26026,LOF,0.1264176436525506,0.06461764704287429,0.8089647093045752
26027,LOF,0.026542478604976247,0.026411304040373607,0.9470462173546502
26028,LOF,0.12033982016752974,0.1421131357204376,0.7375470441120325
26029,LOF,0.01806297161181634,0.1663253616699013,0.8156116667182822
26030,LOF,0.16164884367693397,0.019848336484869673,0.8185028198381963
26031,LOF,0.00895156415749897,0.1491797512364614,0.8418686846060396
26032,LOF,0.04025787697639304,0.04848967040761837,0.9112524526159886
26033,LOF,0.0667671388702459,0.04481752829107837,0.8884153328386757
26034,LOF,0.011883450832009595,0.13173863102911634,0.8563779181388741
26035,LOF,0.010858297939622032,0.09759763253996769,0.8915440695204103
26036,LOF,0.010829645588361395,0.11568919775597003,0.8734811566556685
26037,LOF,0.009191758512033897,0.09150009795202874,0.8993081435359374
26038,LOF,0.03424036162051896,0.04336836045160534,0.9223912779278757
26039,LOF,0.023605109352383892,0.11436532527019454,0.8620295653774215
26040,LOF,0.10595886027590792,0.11952470570857732,0.7745164340155147
26041,LOF,0.012166455133933083,0.07777131188073476,0.9100622329853323
26042,LOF,0.01083281019531683,0.09065627980460052,0.8985109100000827
26043,LOF,0.03372253207969568,0.060030100251690005,0.9062473676686142
26044,LOF,0.01389760199255362,0.03967746169290967,0.9464249363145366
26045,LOF,0.06639334163765456,0.09567329916328116,0.8379333591990643
26046,LOF,0.02941512195672532,0.04677625913567685,0.9238086189075979
26047,LOF,0.04968690634871704,0.04772770241067542,0.9025853912406075
26048,LOF,0.0831593953164082,0.023882175326131502,0.8929584293574603
26049,Neutral,0.9489641168186548,0.005942333033187384,0.04509355014815787
26050,Neutral,0.9270046469065106,0.006647646657115095,0.06634770643637433
26051,LOF,0.015592153895348793,0.08625701519029425,0.898150830914357
26052,LOF,0.03162176482277243,0.09829751672859297,0.8700807184486345
26053,LOF,0.0335816052924267,0.1675664439680041,0.7988519507395693
26054,LOF,0.04189475695540922,0.030200778388550814,0.9279044646560399
26055,LOF,0.06180887471446654,0.02574559342531517,0.9124455318602184
26056,LOF,0.048735406578839895,0.03292023320620625,0.9183443602149538
26057,LOF,0.0560080460713377,0.015101436389756084,0.9288905175389062
26058,LOF,0.058936040086287236,0.012171260167651424,0.9288926997460614
26059,LOF,0.18884842854511047,0.03194046357256517,0.7792111078823244
26060,LOF,0.015679910777668022,0.18693550867987677,0.7973845805424551
26061,LOF,0.012459192571841346,0.011838413462708253,0.9757023939654504
26062,LOF,0.0069628771521612785,0.020616936937033054,0.9724201859108058
26063,LOF,0.037355204751712556,0.012045422276510441,0.950599372971777
26064,LOF,0.011176413597201984,0.026264382385391853,0.9625592040174061
26065,LOF,0.047774283158627175,0.013005575487842687,0.9392201413535302
26066,LOF,0.044329538852052514,0.011576953780670527,0.944093507367277
26067,LOF,0.052285224473176364,0.01090612505015133,0.9368086504766723
26068,LOF,0.04987672870018565,0.04936521049887929,0.900758060800935
26069,LOF,0.14901711290458325,0.03198450751039574,0.8189983795850211
26070,LOF,0.31315305912400565,0.025570719880032976,0.6612762209959614
26071,LOF,0.04417562214501274,0.012797284136699113,0.9430270937182882
26072,LOF,0.011438489656502996,0.021991499608203197,0.9665700107352938
26073,LOF,0.039146865731623,0.014839160944305102,0.946013973324072
26074,Neutral,0.9242955234345254,0.009646372041013257,0.06605810452446133
26075,LOF,0.05030413469960097,0.02437384220747266,0.9253220230929263
26076,LOF,0.05652204770868953,0.011574525050571226,0.9319034272407393
26077,LOF,0.16317345837989164,0.007413775081637313,0.8294127665384711
26078,LOF,0.00871423045987217,0.016600411653074527,0.9746853578870532
26079,LOF,0.061115182860729714,0.026877814462512438,0.9120070026767577
26080,LOF,0.06008182801437841,0.026912791644880966,0.9130053803407405
26081,LOF,0.032767125515225565,0.009362468151507345,0.957870406333267
26082,LOF,0.0075941363097956835,0.014784676475453005,0.9776211872147513
26083,LOF,0.09213312722039871,0.022249568773805642,0.8856173040057956
26084,LOF,0.10277837240119138,0.014660429012604918,0.8825611985862037
26085,LOF,0.0949517864841268,0.012481695340407727,0.8925665181754655
26086,LOF,0.03978875287322924,0.01282246119200067,0.9473887859347702
26087,LOF,0.03513270317015032,0.011645372296247885,0.9532219245336019
26088,LOF,0.009376044454291113,0.02144752177324682,0.9691764337724621
26089,LOF,0.042815892135184795,0.04111846080189645,0.9160656470629186
26090,LOF,0.04355895234186032,0.031790859132892486,0.9246501885252473
26091,LOF,0.03112075549134189,0.008855245562330926,0.9600239989463272
26092,LOF,0.042023717701428896,0.008874260560696968,0.9491020217378742
26093,LOF,0.0784198942338001,0.0064662719054584105,0.9151138338607414
26094,LOF,0.03654372422367788,0.007744853682260973,0.9557114220940612
26095,LOF,0.03756051346171571,0.019168481008874354,0.9432710055294099
26096,LOF,0.22917852599600488,0.005621718753252306,0.7651997552507428
26097,LOF,0.008647551811317485,0.03458777297703291,0.9567646752116495
26098,LOF,0.07700871638044511,0.021287084032959536,0.9017041995865953
26099,LOF,0.04071599279575087,0.016700893001866394,0.9425831142023827
26100,LOF,0.04071599279575087,0.016700893001866394,0.9425831142023827
26101,LOF,0.05741644578416193,0.03111101622944248,0.9114725379863956
26102,LOF,0.03378610595939016,0.017073020979634534,0.9491408730609753
26103,Neutral,0.8761544138165311,0.02838583433396943,0.09545975184949947
26104,LOF,0.05745314417687225,0.04257827844226866,0.8999685773808592
26105,LOF,0.23768033571318703,0.18234818473181377,0.5799714795549992
26106,LOF,0.30354711052044514,0.13738703975171537,0.5590658497278395
26107,LOF,0.020595104801665175,0.0968279778947906,0.8825769173035442
26108,LOF,0.2734407445630438,0.050453810963610124,0.6761054444733461
26109,LOF,0.10928126484441633,0.03456895545918245,0.8561497796964013
26110,LOF,0.4809664377926688,0.007128436313762614,0.5119051258935685
26111,LOF,0.05038772655748215,0.15010529906411346,0.7995069743784043
26112,LOF,0.054394383559859906,0.008156153988604909,0.9374494624515352
26113,LOF,0.11198411186038208,0.018612380770081302,0.8694035073695365
26114,LOF,0.08723564003141904,0.008322895402678672,0.9044414645659022
26115,LOF,0.012753076325474256,0.052021394473453726,0.9352255292010719
26116,LOF,0.07023228845511814,0.02841819881501996,0.9013495127298619
26117,LOF,0.4102851304175087,0.03367290817025639,0.5560419614122349
26118,LOF,0.0461813319763,0.01505281884644362,0.9387658491772564
26119,LOF,0.006130325948614025,0.035237942859513594,0.9586317311918724
26120,LOF,0.03617011096076313,0.014564841325223107,0.9492650477140137
26121,LOF,0.004494079911845431,0.12832538678722735,0.8671805333009271
