feature0,prediction,LoGoFunc_Neutral,LoGoFunc_GOF,LoGoFunc_LOF
25546,Neutral,0.6448472634428642,0.06855285173686682,0.286599884820269
25547,Neutral,0.4392954993919872,0.12286728074246446,0.43783721986554835
25548,Neutral,0.4952905259103552,0.08998706025243872,0.4147224138372061
25549,LOF,0.4120639807611046,0.09270087797602956,0.49523514126286583
25550,LOF,0.3276568442710877,0.15704281788630453,0.5153003378426078
25551,LOF,0.2704281076394882,0.18072321602697738,0.5488486763335344
25552,LOF,0.19001630537229308,0.16873216393413432,0.6412515306935727
25553,Neutral,0.7856236264831035,0.056142026865067925,0.15823434665182867
25554,LOF,0.2254317469062681,0.16064534689336063,0.6139229062003713
25555,LOF,0.18863412151403874,0.14305394383105652,0.6683119346549048
25556,LOF,0.39113509054631257,0.131067796379822,0.47779711307386546
25557,LOF,0.1778501514947207,0.1502772317363836,0.6718726167688956
25558,LOF,0.22337612037462506,0.15662391578586665,0.6199999638395082
25559,LOF,0.1881751103761766,0.1354955562420033,0.67632933338182
25560,LOF,0.06982146310285112,0.15347277778472268,0.7767057591124262
25561,LOF,0.14479325303170298,0.14708570455822786,0.7081210424100692
25562,LOF,0.0680757037755554,0.0892739005993653,0.8426503956250793
25563,LOF,0.08907556612718558,0.10127431475651263,0.8096501191163018
25564,LOF,0.20488937467010646,0.17857444993849309,0.6165361753914005
25565,LOF,0.15034550470021982,0.12990407563066497,0.7197504196691153
25566,GOF,0.019277860475204835,0.7693544597005814,0.2113676798242137
25567,LOF,0.017561157981420775,0.20404942362103223,0.7783894183975469
25568,LOF,0.054938217223582025,0.09082414958734279,0.8542376331890752
25569,LOF,0.055494403481110455,0.09181559693896695,0.8526899995799226
25570,LOF,0.030038370770526488,0.1277161201861821,0.8422455090432914
25571,LOF,0.027844755179356806,0.12438113452471172,0.8477741102959314
25572,LOF,0.033428321788173114,0.15719065715958497,0.809381021052242
25573,LOF,0.026958395106941473,0.1226497898734747,0.8503918150195837
25574,LOF,0.017387038609732078,0.17274060518421677,0.8098723562060511
25575,LOF,0.022416000744518896,0.12786450610140812,0.8497194931540729
25576,LOF,0.012211402157164307,0.16960367364206827,0.8181849242007674
25577,LOF,0.010575014370216565,0.14783192447143223,0.8415930611583512
25578,LOF,0.27368339845746065,0.10425580005672347,0.622060801485816
25579,LOF,0.12213987780000461,0.11252191140297367,0.7653382107970217
25580,LOF,0.017351088027855826,0.09858617155769075,0.8840627404144534
25581,LOF,0.04238010176542551,0.08908564065814221,0.8685342575764322
25582,LOF,0.0423688916403592,0.08737683799418583,0.870254270365455
25583,LOF,0.01824388334545609,0.11122075219921818,0.8705353644553258
25584,Neutral,0.5511619020236852,0.12293575876266101,0.32590233921365375
25585,LOF,0.011556971261360337,0.186102869489021,0.8023401592496187
25586,LOF,0.01710878505724013,0.09206448182814134,0.8908267331146186
25587,LOF,0.015821071044561413,0.08518279991670726,0.8989961290387314
25588,LOF,0.015755009029423617,0.10324769621493159,0.8809972947556447
25589,Neutral,0.6278436784515837,0.1557096443428493,0.21644667720556698
25590,LOF,0.018562584168308336,0.15496132834558102,0.8264760874861107
25591,LOF,0.0728646300244317,0.07465371544768558,0.8524816545278827
25592,LOF,0.04670674933072755,0.16194327527193011,0.7913499753973424
25593,LOF,0.02086642746557526,0.2699258659245541,0.7092077066098706
25594,LOF,0.0378770194930124,0.09682040695141303,0.8653025735555747
25595,LOF,0.03728676668993859,0.07493877725057106,0.8877744560594902
25596,LOF,0.04526130881156848,0.06410478425447906,0.8906339069339524
25597,LOF,0.03221058325725732,0.07308410385479655,0.8947053128879462
25598,LOF,0.0377641654667386,0.08506891133887066,0.8771669231943907
25599,GOF,0.008387540788621818,0.5857855069176173,0.40582695229376087
25600,GOF,0.033246407378489544,0.6353344793616432,0.33141911325986717
25601,LOF,0.012832199434967674,0.4251222249591559,0.5620455756058765
25602,LOF,0.013478054654307814,0.05417751613301197,0.9323444292126801
25603,LOF,0.050750467359236315,0.020360558812486777,0.9288889738282768
25604,LOF,0.015254612374531103,0.07030437994647913,0.9144410076789897
25605,LOF,0.007721640235397641,0.2086295005499467,0.7836488592146557
25606,LOF,0.08778725401804817,0.36636426525692806,0.5458484807250237
25607,LOF,0.004893062751477699,0.25162346724280976,0.7434834700057126
25608,LOF,0.010715234077764417,0.11854125530665972,0.8707435106155758
25609,LOF,0.07456561722448692,0.4169574774020486,0.5084769053734646
25610,LOF,0.018707135512495622,0.026138023531668095,0.9551548409558362
25611,LOF,0.01799796928101264,0.027740769030344153,0.9542612616886432
25612,LOF,0.06071731028311835,0.03724829481658946,0.9020343949002922
25613,LOF,0.053222863487365074,0.03722389808765022,0.9095532384249846
25614,LOF,0.025731814174136253,0.03001586484893962,0.944252320976924
25615,LOF,0.015550059100419683,0.039930258575142964,0.9445196823244374
25616,LOF,0.05130464885092483,0.0316683746022585,0.9170269765468168
25617,LOF,0.04843235040103356,0.03633515412328627,0.9152324954756803
25618,LOF,0.058742770738306194,0.0343938281979758,0.906863401063718
25619,LOF,0.01802419454236393,0.0326516076114749,0.9493241978461612
25620,LOF,0.06969790985410224,0.04039470599832869,0.8899073841475691
25621,LOF,0.016886332362240967,0.03968214157361351,0.9434315260641456
25622,LOF,0.02118111660723504,0.0414148679985896,0.9374040153941753
25623,LOF,0.03297043728732987,0.03467418435751429,0.9323553783551558
25624,LOF,0.0213562929311807,0.03944479207291967,0.9391989149958996
25625,LOF,0.02293110580452796,0.05541509043064909,0.921653803764823
25626,LOF,0.05482444689075143,0.03918531115046318,0.9059902419587855
25627,Neutral,0.5713948383184497,0.11005291925154694,0.3185522424300034
25628,LOF,0.18457243234990361,0.05957942126781979,0.7558481463822766
25629,LOF,0.038617424203311976,0.05992566154152711,0.901456914255161
25630,LOF,0.13692147825805906,0.0970725001284724,0.7660060216134684
25631,Neutral,0.5982942138789548,0.06401094012805886,0.3376948459929864
25632,LOF,0.00760439905209101,0.0684272646766896,0.9239683362712194
25633,LOF,0.2167097558485975,0.04676921633655293,0.7365210278148496
25634,LOF,0.03020050392052494,0.10229050923930158,0.8675089868401736
25635,LOF,0.03760795376455898,0.04963248840767847,0.9127595578277626
25636,GOF,0.005388291699717764,0.6286695579682282,0.365942150332054
25637,GOF,0.007454298969435135,0.6337245453595812,0.3588211556709835
25638,LOF,0.01030549955699781,0.30820759099567396,0.6814869094473284
25639,LOF,0.005128273116443429,0.4703205729561433,0.5245511539274132
25640,Neutral,0.46989071158274476,0.4440074790234652,0.08610180939378996
25641,LOF,0.014591474567294937,0.3161769051140982,0.6692316203186068
25642,LOF,0.24787237693919648,0.06245051730589115,0.6896771057549125
25643,LOF,0.13088677307511823,0.17677171548598924,0.6923415114388926
25644,LOF,0.008543761308752323,0.46307921783469125,0.5283770208565564
25645,LOF,0.007024585128175083,0.43338988331493505,0.5595855315568898
25646,LOF,0.012505538488871006,0.30810738243857955,0.6793870790725494
25647,LOF,0.009696425846623273,0.2533451237274501,0.7369584504259266
25648,LOF,0.009311696697199005,0.24780301991650747,0.7428852833862934
25649,LOF,0.007570195634472475,0.1976820950633246,0.794747709302203
25650,LOF,0.014139508246209017,0.3916207935170498,0.5942396982367412
25651,LOF,0.00572332250977454,0.26107161761353764,0.7332050598766878
25652,LOF,0.009108685353278679,0.2517920008210196,0.7390993138257017
25653,LOF,0.02661398326848773,0.38282471831120035,0.5905612984203119
25654,LOF,0.010598942539698676,0.14697231716258882,0.8424287402977125
25655,LOF,0.05027919378841465,0.40424386141043656,0.5454769448011488
25656,LOF,0.19039385707294615,0.04891758637003311,0.7606885565570206
25657,LOF,0.24980662447667204,0.026176741618112672,0.7240166339052152
25658,LOF,0.07484326147256516,0.0728899830519249,0.8522667554755099
25659,LOF,0.41413853989980587,0.0577106048110365,0.5281508552891576
25660,LOF,0.02845198991935068,0.09585891547401106,0.8756890946066384
25661,LOF,0.09336455875710538,0.06628269515015636,0.8403527460927382
25662,LOF,0.030940620095088946,0.04665832685787873,0.9224010530470323
25663,LOF,0.03993970279478397,0.06974298413385072,0.8903173130713653
25664,LOF,0.045749868436778834,0.08421195009452827,0.8700381814686929
25665,LOF,0.05276686025985274,0.032123759711865804,0.9151093800282815
25666,LOF,0.03457979413024005,0.1156489079737138,0.8497712978960461
25667,LOF,0.06144028527552901,0.05135160705976918,0.8872081076647019
25668,LOF,0.0334595908552029,0.054521894500286,0.9120185146445111
25669,LOF,0.031240892238901252,0.0767300683500604,0.8920290394110385
25670,LOF,0.05742730812884246,0.0612213152757308,0.8813513765954267
25671,LOF,0.09070517457805757,0.042405911210163204,0.8668889142117792
25672,LOF,0.05500909652392083,0.04126662413401555,0.9037242793420637
25673,LOF,0.023816330838774675,0.05965991848525824,0.9165237506759671
25674,LOF,0.020972062013504274,0.06812595721385308,0.9109019807726426
25675,LOF,0.03265204783175062,0.0659976613800306,0.9013502907882187
25676,LOF,0.01842179180070452,0.062482861557526664,0.9190953466417688
25677,LOF,0.0277825452713327,0.07052415827708784,0.9016932964515795
25678,LOF,0.19924841250169167,0.056802876409502864,0.7439487110888054
25679,LOF,0.15629701374183924,0.08242151564711844,0.7612814706110423
25680,LOF,0.04424618451088828,0.11257550706348682,0.8431783084256249
25681,LOF,0.0675409004591773,0.10851201570137553,0.8239470838394473
25682,LOF,0.1413467050146327,0.08185462971535058,0.7767986652700167
25683,LOF,0.07872715673024974,0.11879408135158408,0.8024787619181661
25684,LOF,0.0429928244942626,0.07985088068803173,0.8771562948177057
25685,LOF,0.0739289042358272,0.05349356476918513,0.8725775309949877
25686,LOF,0.027466782710378217,0.07752666115842938,0.8950065561311923
25687,LOF,0.04810256336259392,0.06387933629427324,0.8880181003431329
25688,LOF,0.04175239969744308,0.04611821252778456,0.9121293877747725
25689,LOF,0.02576178625162127,0.055826909291429236,0.9184113044569494
25690,LOF,0.03181491338080672,0.049708396013782644,0.9184766906054107
25691,LOF,0.2416004657656753,0.06378568508974997,0.6946138491445748
25692,LOF,0.263634053637265,0.0063313940829708825,0.730034552279764
25693,LOF,0.08345464638278863,0.25274890970433855,0.6637964439128727
25694,LOF,0.24100309395694172,0.012935082618007696,0.7460618234250506
25695,LOF,0.1510169808887083,0.021462901738607962,0.8275201173726838
25696,LOF,0.132276714109382,0.010739683739344447,0.8569836021512736
25697,LOF,0.09534806520105508,0.025613260465439554,0.8790386743335055
25698,LOF,0.05016157853082346,0.4631565479433947,0.48668187352578185
25699,LOF,0.06734444915526587,0.08928246060995614,0.843373090234778
25700,LOF,0.05428424053722563,0.009736897669055158,0.9359788617937191
25701,LOF,0.016460566791940297,0.07916316817015662,0.904376265037903
25702,GOF,0.034713348895079495,0.6906978846189363,0.27458876648598424
25703,LOF,0.007818081204098895,0.1577227493771347,0.8344591694187664
25704,LOF,0.053364968744910674,0.13748136805150113,0.8091536632035882
25705,LOF,0.06681033232431885,0.24151581820544715,0.6916738494702339
25706,GOF,0.023342077342176214,0.49671353313005556,0.47994438952776813
25707,LOF,0.015982434505501585,0.4492042263795474,0.5348133391149511
25708,LOF,0.008157441046283144,0.43139044939700466,0.5604521095567122
25709,LOF,0.060296282267270435,0.06268040141997373,0.8770233163127559
25710,LOF,0.005123835502310027,0.16337999637176912,0.8314961681259209
25711,LOF,0.017526245775565743,0.13486733529278092,0.8476064189316534
25712,LOF,0.00649834552134929,0.20547541960055796,0.7880262348780928
25713,LOF,0.018746370662598398,0.11010449924661556,0.871149130090786
25714,LOF,0.060681515504411365,0.1395672713393312,0.7997512131562575
25715,LOF,0.012051219030819875,0.15687896392900777,0.8310698170401725
25716,LOF,0.005461711373023892,0.11419955702901786,0.8803387315979583
25717,LOF,0.005348087873874633,0.10568293808949206,0.8889689740366333
25718,LOF,0.013034758285371607,0.10580785554743931,0.8811573861671891
25719,LOF,0.020479659028011143,0.10831284969705987,0.8712074912749289
25720,LOF,0.021396120401452313,0.10047623920348636,0.8781276403950614
25721,LOF,0.01699098893770259,0.1177069765178092,0.8653020345444883
25722,LOF,0.014928800666833318,0.14074964683069577,0.8443215525024709
25723,LOF,0.020239704274546216,0.0820982073947924,0.8976620883306614
25724,LOF,0.018415923940089368,0.12222947896951152,0.8593545970903991
25725,LOF,0.012304364233387923,0.09034877240010354,0.8973468633665085
25726,LOF,0.015176061069639025,0.12522508532335552,0.8595988536070054
25727,LOF,0.013344608052017252,0.09868133495911212,0.8879740569888706
25728,LOF,0.0111157282524532,0.12773229104215905,0.8611519807053878
25729,LOF,0.01137214350002925,0.12946192271188878,0.8591659337880819
25730,LOF,0.016548598461032106,0.09937790787024314,0.8840734936687248
25731,LOF,0.00738761142825235,0.13373398706422973,0.8588784015075179
25732,LOF,0.016211186767720504,0.09164336230343594,0.8921454509288436
25733,LOF,0.01595981289352866,0.08800941137566856,0.8960307757308027
25734,LOF,0.005681714571618341,0.14434120967429812,0.8499770757540835
25735,LOF,0.014533588711739326,0.08837945410493407,0.8970869571833265
25736,LOF,0.014703733779481962,0.12212620808513616,0.8631700581353818
25737,LOF,0.020646318448107135,0.09305283446599794,0.886300847085895
25738,LOF,0.013567237036834365,0.1512251929279803,0.8352075700351853
25739,LOF,0.020684170112907647,0.12406368845556008,0.8552521414315323
25740,LOF,0.031066751899540224,0.13810806785310775,0.8308251802473521
25741,LOF,0.015371970635113355,0.11440122058829362,0.8702268087765931
25742,LOF,0.09363015748970162,0.12012955613312487,0.7862402863771736
25743,LOF,0.014157024518031794,0.0316691191023952,0.9541738563795729
25744,LOF,0.2415884024103462,0.3010231245960644,0.4573884729935894
25745,LOF,0.029421619694742815,0.04348039390977937,0.9270979863954778
25746,LOF,0.01822736867397362,0.052093937512783885,0.9296786938132424
25747,LOF,0.02752875737789457,0.028503758288122728,0.9439674843339828
25748,LOF,0.12142638188813462,0.04541645401107222,0.8331571641007932
25749,LOF,0.016350408815822573,0.03900820329362349,0.9446413878905539
25750,LOF,0.037971192752878434,0.05712378637066543,0.9049050208764561
25751,LOF,0.10876659430422478,0.05335524230587219,0.8378781633899031
25752,GOF,0.11588758896596454,0.6268414900909078,0.25727092094312753
25753,LOF,0.00756421356199828,0.32514292140238293,0.6672928650356187
25754,GOF,0.005074528366874273,0.8000111565753955,0.19491431505773021
25755,LOF,0.008857150886296941,0.4031574151844979,0.5879854339292052
25756,LOF,0.040572099866390314,0.4217679405005937,0.537659959633016
25757,GOF,0.005441928046660785,0.8698089912153151,0.12474908073802411
25758,GOF,0.007035507745129851,0.8665368438702273,0.12642764838464293
25759,GOF,0.004204338509505203,0.5552330862935186,0.4405625751969761
25760,LOF,0.004720705921454798,0.28960967316324393,0.7056696209153013
25761,GOF,0.046009788979294884,0.8304057129010027,0.12358449811970225
25762,LOF,0.028993310661834575,0.3215592254928108,0.6494474638453546
25763,LOF,0.006419003744830439,0.21949666658781822,0.7740843296673514
25764,GOF,0.1669967811008283,0.5221048532979958,0.31089836560117584
25765,GOF,0.011453165482179813,0.7838743137101973,0.2046725208076228
25766,GOF,0.01917977300168985,0.8305843835875233,0.15023584341078697
25767,LOF,0.019038916996340294,0.4721241568457312,0.5088369261579285
25768,LOF,0.07642552200369289,0.06878912202959109,0.8547853559667161
25769,LOF,0.08190690798729794,0.058352777436780114,0.859740314575922
25770,LOF,0.34242721231421525,0.06642637772061794,0.5911464099651668
25771,LOF,0.014584268506021476,0.05572146522206996,0.9296942662719087
25772,LOF,0.020514060993662455,0.029570374300935988,0.9499155647054015
25773,LOF,0.0118131995323576,0.11426676584962926,0.8739200346180132
25774,LOF,0.02590249160151326,0.06249615145147797,0.9116013569470087
25775,LOF,0.015677448882712382,0.046622028670752935,0.9377005224465346
25776,LOF,0.08529251126312509,0.023574169555968805,0.8911333191809061
25777,LOF,0.2944272977621466,0.04073653727192387,0.6648361649659296
25778,LOF,0.07395491672743278,0.04464294438232542,0.8814021388902418
25779,GOF,0.07091494484262481,0.8745476721206644,0.054537383036710685
25780,GOF,0.06367600889320184,0.857488644793382,0.07883534631341611
25781,GOF,0.02621880568615346,0.8591754628757529,0.11460573143809355
25782,GOF,0.028597818937938668,0.8740664746185396,0.0973357064435216
25783,GOF,0.01191091922018398,0.6940089363165733,0.2940801444632426
25784,GOF,0.11009710372946764,0.8383252407015882,0.051577655568943934
25785,GOF,0.07300514505353509,0.8770460284647151,0.04994882648174983
25786,GOF,0.005804921010971109,0.8160829434654567,0.17811213552357213
25787,GOF,0.18780816844355375,0.7679281243503155,0.04426370720613061
25788,LOF,0.04662124637698316,0.11006497294293553,0.8433137806800812
25789,GOF,0.04005113148436234,0.8084792162980533,0.1514696522175844
25790,GOF,0.04238112367122894,0.8408993761842021,0.11671950014456903
25791,GOF,0.027660571094757357,0.7835187309251007,0.18882069798014192
25792,GOF,0.04585465083843809,0.7895815222896089,0.164563826871953
25793,GOF,0.07753259902844684,0.7429812736314805,0.17948612734007272
25794,GOF,0.11145956906951883,0.694308708466071,0.1942317224644103
25795,GOF,0.025907099079958862,0.7787630322627005,0.19532986865734067
25796,GOF,0.12630100887491463,0.7700199889588278,0.10367900216625767
25797,GOF,0.03818058275424966,0.6011556963216321,0.3606637209241182
25798,GOF,0.003292857455386035,0.5592594519278588,0.43744769061675526
25799,LOF,0.003093245431679823,0.43989961508548986,0.5570071394828303
25800,GOF,0.010532094733294977,0.6308196684842985,0.3586482367824065
25801,GOF,0.030823120899076878,0.8291733117931448,0.14000356730777844
25802,GOF,0.018293915015421863,0.723725137989135,0.25798094699544305
25803,GOF,0.009956497278517686,0.6089940087613956,0.3810494939600867
25804,LOF,0.012103497812225543,0.49187117514280904,0.49602532704496527
25805,GOF,0.02125775843756881,0.6089996241075277,0.36974261745490344
25806,GOF,0.018053392957790862,0.6470060103711677,0.33494059667104137
25807,GOF,0.005153542466991439,0.6503643924587669,0.3444820650742417
25808,GOF,0.015581774992488542,0.6409865127719928,0.3434317122355187
25809,GOF,0.005795673563224613,0.6219454717199642,0.37225885471681125
25810,GOF,0.004929852705926194,0.6335017858651535,0.36156836142892024
25811,GOF,0.09360372652220528,0.7932578226057927,0.11313845087200214
25812,GOF,0.013162385704190746,0.6231760738059805,0.3636615404898288
25813,GOF,0.09910321750941833,0.7374109474169251,0.16348583507365658
25814,GOF,0.027872899977944756,0.6918216930403656,0.2803054069816896
25815,GOF,0.040019847978027635,0.700096527517864,0.25988362450410823
25816,GOF,0.007465679496182299,0.770691254447452,0.22184306605636578
25817,GOF,0.07393931669718343,0.7736686908852506,0.152391992417566
25818,GOF,0.017577992599702774,0.7084751181906502,0.273946889209647
25819,GOF,0.07327115642491903,0.7376354680177264,0.18909337555735456
25820,GOF,0.03169326191179544,0.7193794270071415,0.2489273110810629
25821,GOF,0.01610637102888186,0.7052403126087474,0.27865331636237073
25822,GOF,0.03627146857534548,0.7133556583840945,0.25037287304056
25823,GOF,0.010830728126436859,0.5611163134004256,0.42805295847313757
25824,GOF,0.02269631485999286,0.6791886996341231,0.29811498550588394
25825,GOF,0.012188870942754516,0.6595455711207824,0.3282655579364631
25826,GOF,0.004822277918265765,0.6325125775568741,0.3626651445248601
25827,GOF,0.007569924020579971,0.6279977094767528,0.3644323665026673
25828,GOF,0.005052062134058706,0.5451528817851379,0.4497950560808034
25829,GOF,0.0027360693269105167,0.6081400081525823,0.38912392252050726
25830,LOF,0.03754295059702519,0.3467316725473766,0.6157253768555984
25831,GOF,0.035004756900756634,0.8348791920725228,0.13011605102672053
25832,GOF,0.0073534389255214385,0.7693644417794938,0.2232821192949847
25833,GOF,0.027065599201876425,0.8074529899947257,0.16548141080339787
25834,GOF,0.007959368971594489,0.7706181323775159,0.2214224986508896
25835,GOF,0.01664351988671581,0.8194783581724124,0.1638781219408717
25836,GOF,0.006341514051777911,0.7725927633281658,0.2210657226200562
25837,GOF,0.00676640990667353,0.6792062536634283,0.3140273364298981
25838,GOF,0.02081415241868103,0.8414435288942659,0.13774231868705314
25839,GOF,0.04622806620017168,0.7944618121272113,0.15931012167261696
25840,GOF,0.03718761799303495,0.8237398777190547,0.13907250428791035
25841,GOF,0.0337975030404838,0.8409122485357264,0.12529024842378986
25842,GOF,0.022685494760616553,0.862925979706136,0.11438852553324731
25843,GOF,0.024770468711218557,0.8781987670908616,0.09703076419791995
25844,GOF,0.01666578943371573,0.7971700572276006,0.18616415333868352
25845,GOF,0.005107412525813417,0.5786171365266632,0.4162754509475232
25846,GOF,0.02636334976599881,0.8460131176269853,0.12762353260701592
25847,GOF,0.01724446280097171,0.8835699501505562,0.09918558704847215
25848,GOF,0.013136730720032935,0.7773276340691706,0.20953563521079646
25849,GOF,0.004347173626140125,0.6713248787790587,0.3243279475948012
25850,GOF,0.006714534764863096,0.6938948459726278,0.299390619262509
25851,GOF,0.005970595552376244,0.5784318338720376,0.4155975705755861
25852,GOF,0.14893519922190007,0.5272934801571446,0.32377132062095537
25853,GOF,0.0638766538499897,0.8376774917969485,0.09844585435306173
25854,GOF,0.00873459551481803,0.6594567888407162,0.33180861564446573
25855,GOF,0.012354967989444904,0.5912794018404579,0.3963656301700972
25856,GOF,0.038252415671749126,0.7202787826139687,0.24146880171428217
25857,GOF,0.012737433103962073,0.5391631862343913,0.4480993806616466
25858,GOF,0.007736056472888662,0.5598792916339821,0.4323846518931294
25859,GOF,0.0050486574893237246,0.5359992665406296,0.4589520759700467
25860,GOF,0.07123330522801548,0.7884883616625048,0.1402783331094796
25861,GOF,0.10711761516287895,0.7952102065811568,0.09767217825596426
25862,GOF,0.019111675624928392,0.8459624644850369,0.13492585989003483
25863,GOF,0.018359318781025757,0.8667683380873261,0.11487234313164812
25864,GOF,0.04104496403102833,0.8830158613957361,0.07593917457323553
25865,GOF,0.031214438723410707,0.8509236988039871,0.11786186247260214
25866,GOF,0.02479952842015578,0.8508684880354732,0.12433198354437097
25867,GOF,0.025812197198395004,0.8762660182360235,0.09792178456558154
25868,GOF,0.0489535184850779,0.8035049928240536,0.14754148869086836
25869,GOF,0.3077635276921683,0.5967438081318212,0.09549266417601052
25870,GOF,0.18136477258617942,0.5058310683132867,0.31280415910053394
25871,GOF,0.025326102122266436,0.8407477537680693,0.13392614410966422
25872,GOF,0.016347758261382416,0.7886435555312743,0.19500868620734327
25873,GOF,0.018547924589038065,0.8607265122591652,0.12072556315179675
25874,LOF,0.016030442971473723,0.126379596672713,0.8575899603558133
25875,LOF,0.026866297280860613,0.031805933768242874,0.9413277689508965
25876,LOF,0.013373347768242946,0.027721130926219025,0.958905521305538
25877,LOF,0.12606680370198542,0.054301602251274006,0.8196315940467407
25878,LOF,0.05269224675936232,0.0764065537027871,0.8709011995378506
25879,LOF,0.02285944627068356,0.06262180363360978,0.9145187500957066
25880,LOF,0.044281046244111416,0.01028013235136206,0.9454388214045266
25881,Neutral,0.5684782885123133,0.04602428774054008,0.38549742374714663
25882,LOF,0.022202479741333252,0.030744526533236696,0.9470529937254301
25883,LOF,0.07858716183121302,0.022404161155584787,0.8990086770132023
25884,LOF,0.01245942737577875,0.03961167784117823,0.9479288947830429
25885,LOF,0.18453138088585738,0.006721411709595508,0.8087472074045472
25886,LOF,0.3270002233530928,0.04233770881990387,0.6306620678270034
25887,LOF,0.17117124678512843,0.05681984083480056,0.772008912380071
25888,LOF,0.01352141157240917,0.10855012759744162,0.8779284608301492
25889,LOF,0.014373037699145242,0.031028224706662926,0.9545987375941919
25890,LOF,0.11345162551628749,0.08709954375666538,0.7994488307270471
25891,LOF,0.043703539827129864,0.04275993232582219,0.913536527847048
25892,LOF,0.01022875274969316,0.046824935852709,0.9429463113975979
25893,LOF,0.3883981669753613,0.014394556699393792,0.5972072763252451
25894,LOF,0.41141091500741117,0.007991613377635019,0.5805974716149539
25895,LOF,0.35728917670768895,0.018224719903281353,0.6244861033890295
25896,LOF,0.043435573848847664,0.03064936048723605,0.9259150656639162
25897,LOF,0.18853983899634616,0.013894259862651135,0.7975659011410028
25898,LOF,0.20726667802103024,0.03872644857548619,0.7540068734034835
25899,LOF,0.19075762960762194,0.030669974931113893,0.7785723954612642
25900,LOF,0.4779708198111316,0.012280437203387557,0.5097487429854808
25901,LOF,0.04660777089281651,0.01231328390316054,0.9410789452040228
25902,LOF,0.10004213028833787,0.019709133573173103,0.880248736138489
25903,LOF,0.3720984284169983,0.03709832320767458,0.5908032483753272
25904,LOF,0.2890909178400704,0.047107953182683494,0.6638011289772462
25905,LOF,0.006524229908224262,0.42505954031402365,0.5684162297777522
25906,LOF,0.009065144245613412,0.13408942974743812,0.8568454260069485
25907,LOF,0.0039643694408247835,0.38081798763216645,0.6152176429270089
25908,LOF,0.003793386660258789,0.2736283400934121,0.7225782732463291
25909,LOF,0.013529939043372616,0.17316141646848798,0.8133086444881393
25910,LOF,0.017117702890521176,0.13452173775514328,0.8483605593543355
25911,LOF,0.16510523414417738,0.032396956346036176,0.8024978095097863
25912,LOF,0.07264857415629032,0.04534757663574864,0.8820038492079609
25913,LOF,0.07044599169972376,0.05275235742694672,0.8768016508733296
25914,LOF,0.02232635188271921,0.05698751941629216,0.9206861287009886
25915,LOF,0.1486494185785316,0.27734892648772097,0.5740016549337474
25916,LOF,0.021471234082817345,0.1727385783871242,0.8057901875300584
25917,LOF,0.055687109864437055,0.038740647080814254,0.9055722430547487
25918,LOF,0.028986535429264017,0.031986891249614346,0.9390265733211217
25919,LOF,0.023633844613341483,0.03217047054003661,0.944195684846622
25920,LOF,0.10362497539154936,0.2163006210062656,0.680074403602185
25921,LOF,0.009517888875306238,0.035056931140110326,0.9554251799845835
25922,LOF,0.012125761849912766,0.029893551001676084,0.9579806871484112
25923,LOF,0.4747256376829287,0.03698800359753874,0.4882863587195327
25924,LOF,0.015820771600509057,0.043681216853902693,0.9404980115455883
25925,LOF,0.07714597162112688,0.043788105526334616,0.8790659228525386
25926,LOF,0.056748948360955315,0.03765059897445118,0.9056004526645935
25927,LOF,0.019942718460348986,0.0675908564137241,0.9124664251259269
25928,LOF,0.00763089295115425,0.050439348197298395,0.9419297588515474
25929,Neutral,0.5977575908694555,0.039265772237110724,0.36297663689343385
25930,LOF,0.06554864395964176,0.03302284110110753,0.9014285149392508
25931,LOF,0.009438170831099905,0.033340466612216055,0.9572213625566841
25932,LOF,0.03072366350909801,0.02733504668254338,0.9419412898083586
25933,LOF,0.039532399678775726,0.01864438982358972,0.9418232104976346
25934,LOF,0.02704125306563732,0.02013452530036556,0.9528242216339972
25935,LOF,0.07143434086311036,0.05192259355234361,0.876643065584546
25936,LOF,0.0446492020947168,0.02418801696480649,0.9311627809404768
25937,LOF,0.009342963651507838,0.035020879562204545,0.9556361567862875
25938,LOF,0.06829422507436135,0.056922190246168645,0.87478358467947
25939,LOF,0.03701894179018959,0.024352751991099316,0.9386283062187111
25940,LOF,0.008952414995826522,0.32579430465202835,0.6652532803521451
25941,Neutral,0.5234197958923238,0.02868308426746212,0.447897119840214
25942,LOF,0.004711629653940929,0.04080721835354176,0.9544811519925173
25943,LOF,0.03578207347330338,0.12433515085132146,0.8398827756753753
25944,LOF,0.11598205953207996,0.07625215248214175,0.8077657879857782
25945,LOF,0.057686069467599924,0.018858205434919503,0.9234557250974805
25946,LOF,0.07358853595425789,0.061641126898304685,0.8647703371474375
25947,Neutral,0.4707382965877763,0.0759501001294553,0.4533116032827683
25948,LOF,0.32197330422013953,0.009555775786960301,0.6684709199929002
25949,LOF,0.09646017472751416,0.050164765502208546,0.8533750597702773
25950,GOF,0.04024630041426977,0.5536016664003286,0.4061520331854018
25951,LOF,0.01521110999218789,0.41341470547314446,0.5713741845346677
25952,LOF,0.2719160818324807,0.28137700269216576,0.44670691547535346
25953,LOF,0.01221688115015933,0.1843315271704635,0.8034515916793772
25954,LOF,0.053395760152519615,0.4227227346874611,0.5238815051600193
25955,LOF,0.00935829259546363,0.16988377271216396,0.8207579346923725
25956,LOF,0.029428037768103744,0.29189962400561076,0.6786723382262855
25957,LOF,0.1710969332192523,0.032309804939806695,0.796593261840941
25958,LOF,0.053045268753381364,0.03045390177628335,0.9165008294703353
25959,LOF,0.012304986938479406,0.4836464304650625,0.504048582596458
25960,LOF,0.006278788494874145,0.0581390008558237,0.9355822106493022
25961,LOF,0.04216503864859923,0.026820793507576754,0.931014167843824
25962,LOF,0.033686829094424844,0.07762720312281848,0.8886859677827567
25963,LOF,0.005480097007562702,0.23266642763603987,0.7618534753563975
25964,LOF,0.0339661052455392,0.09792833319314523,0.8681055615613156
25965,LOF,0.3170141646297898,0.1384976184441524,0.5444882169260578
25966,Neutral,0.4669849909452723,0.1420801947122882,0.3909348143424395
25967,LOF,0.006339909843654722,0.08335227156125459,0.9103078185950907
25968,LOF,0.05106604208477197,0.2616406494853996,0.6872933084298284
25969,LOF,0.12875812865025568,0.06977075440279032,0.801471116946954
25970,LOF,0.017637919629787974,0.08557653767138729,0.8967855426988247
25971,LOF,0.06489019819498411,0.027407456697999374,0.9077023451070164
25972,LOF,0.06360808157242939,0.038148479228018096,0.8982434391995525
25973,LOF,0.05007035262560802,0.013743671995137147,0.9361859753792549
25974,LOF,0.036095985938736044,0.038706701007306984,0.9251973130539569
25975,LOF,0.045781574596789436,0.032696035064178376,0.9215223903390322
25976,LOF,0.09971245390408381,0.015487081016005265,0.884800465079911
25977,LOF,0.19318843636614605,0.05896785433030631,0.7478437093035477
25978,LOF,0.1257852136966286,0.13403453463688264,0.7401802516664887
25979,LOF,0.11451629176657153,0.13031482664683136,0.7551688815865971
25980,LOF,0.23128287494794322,0.15747933570529943,0.6112377893467573
25981,LOF,0.25988664383830373,0.1545317840373463,0.58558157212435
25982,LOF,0.3878991131793373,0.10799392771391857,0.5041069591067441
25983,LOF,0.37149540097145217,0.11640286461864137,0.5121017344099066
25984,LOF,0.04128435694311561,0.05865008832910921,0.9000655547277752
25985,LOF,0.4267916393016852,0.09695974842599753,0.47624861227231735
25986,LOF,0.010425577468319507,0.37090719580798337,0.6186672267236971
25987,LOF,0.0345222074370679,0.08992676680688695,0.875551025756045
25988,LOF,0.17221728889706495,0.08931094006246114,0.738471771040474
25989,LOF,0.035691466393911485,0.11861004059483199,0.8456984930112565
25990,LOF,0.04058348020155946,0.18930976314423065,0.7701067566542098
25991,LOF,0.019718429961618395,0.3592220079619783,0.6210595620764032
25992,LOF,0.021500628072604458,0.3516771298372599,0.6268222420901356
25993,LOF,0.02040632680920072,0.0895306873458266,0.8900629858449728
25994,LOF,0.015105369341919557,0.09086174245139927,0.8940328882066811
25995,LOF,0.019212211787890968,0.19171912086965034,0.7890686673424587
25996,LOF,0.3432377423625127,0.2789656328585877,0.3777966247788995
25997,LOF,0.07838274510362256,0.33511251195813624,0.5865047429382413
25998,LOF,0.2811958792849877,0.05353989956915688,0.6652642211458555
25999,LOF,0.016257349515801014,0.25031093788923015,0.7334317125949689
26000,LOF,0.15069320509760098,0.03295812699649852,0.8163486679059007
26001,LOF,0.3069516716663004,0.02588019863426595,0.6671681296994336
26002,LOF,0.06755984856179831,0.04990227335139245,0.8825378780868092
26003,GOF,0.003907014256120086,0.6283868365125369,0.3677061492313431
26004,GOF,0.006243122776752839,0.7087600716567971,0.28499680556644996
26005,GOF,0.0028873458875911446,0.5186976265371859,0.47841502757522303
26006,GOF,0.07364624759064194,0.5963641458730029,0.3299896065363553
26007,GOF,0.005881635632408501,0.5954354482635752,0.3986829161040162
26008,GOF,0.005400378196941502,0.6674718496697931,0.3271277721332654
26009,GOF,0.006061873993638773,0.6767210799996483,0.31721704600671286
26010,GOF,0.00713097368552033,0.7128320949585508,0.2800369313559289
26011,GOF,0.0026256247937801284,0.5057359942112121,0.4916383809950078
26012,GOF,0.003848509689669066,0.585537736614703,0.4106137536956279
26013,GOF,0.005292142064911064,0.6606249591336179,0.3340828988014711
26014,LOF,0.04770967541905279,0.10274871633064098,0.8495416082503063
26015,LOF,0.13271777307229787,0.01990737574656892,0.8473748511811333
26016,LOF,0.2720956417832391,0.03997573339336505,0.6879286248233959
26017,LOF,0.02235140775360937,0.17346072259184833,0.8041878696545424
26018,LOF,0.06798616524867428,0.03843856179482006,0.8935752729565056
26019,LOF,0.06397829984811693,0.02921967382462269,0.9068020263272604
26020,LOF,0.007697764885505323,0.1879254206817873,0.8043768144327074
26021,LOF,0.06253259005802862,0.06859951703813198,0.8688678929038394
26022,LOF,0.02599948970332744,0.02415369325753771,0.9498468170391349
26023,LOF,0.04304725357787203,0.021656417659344965,0.9352963287627829
26024,LOF,0.04171233008674688,0.077073348416578,0.8812143214966752
26025,LOF,0.05632730324208076,0.06441733418226678,0.8792553625756524
26026,LOF,0.1128293834285414,0.04758446291205193,0.8395861536594067
26027,LOF,0.05299125609505753,0.0171599425561601,0.9298488013487824
26028,LOF,0.07989960538559754,0.11798488399488538,0.802115510619517
26029,LOF,0.02547042457756588,0.19567754287245043,0.7788520325499837
26030,LOF,0.14729535019821263,0.030222670318803563,0.8224819794829838
26031,LOF,0.013852414808451232,0.1529921725700058,0.833155412621543
26032,LOF,0.08019368171029183,0.0651774594704279,0.8546288588192802
26033,LOF,0.09249231199553479,0.061879190237925805,0.8456284977665394
26034,LOF,0.015233577523098842,0.17091146953472988,0.8138549529421714
26035,LOF,0.013942535361818291,0.14263099628668488,0.8434264683514967
26036,LOF,0.01795063490302331,0.17847377243433085,0.8035755926626459
26037,LOF,0.011481949170691896,0.12269396685981244,0.8658240839694957
26038,LOF,0.07091678744466005,0.06134245417969166,0.8677407583756482
26039,LOF,0.02352763096906691,0.16701470863042386,0.8094576604005094
26040,LOF,0.12300160843285658,0.15172810449857668,0.7252702870685667
26041,LOF,0.01402749684594759,0.10701229857097916,0.8789602045830732
26042,LOF,0.012602956749278416,0.10681687128127855,0.8805801719694429
26043,LOF,0.06963593888002644,0.07943060123017305,0.8509334598898005
26044,LOF,0.013880331960615437,0.06827952125631677,0.9178401467830678
26045,LOF,0.052704839949464746,0.10350735478024096,0.8437878052702942
26046,LOF,0.0609658867066441,0.06462708991590457,0.8744070233774514
26047,LOF,0.10260054729531387,0.06745594155199297,0.8299435111526932
26048,LOF,0.04416833837377767,0.04016113829516729,0.9156705233310549
26049,Neutral,0.9658616147708536,0.005509750623413904,0.02862863460573234
26050,Neutral,0.951983786802881,0.007042755418538399,0.04097345777858062
26051,LOF,0.015753753965961875,0.18734441672061175,0.7969018293134265
26052,LOF,0.023304181509028705,0.2299378631308881,0.7467579553600832
26053,LOF,0.02047936669410806,0.14792028507983526,0.8316003482260568
26054,LOF,0.052733930759531755,0.016741540945479163,0.9305245282949892
26055,LOF,0.06622451024272014,0.015010058549662933,0.918765431207617
26056,LOF,0.05421658425534946,0.018339278873524375,0.9274441368711261
26057,LOF,0.03439580683097213,0.011049718752459654,0.9545544744165683
26058,LOF,0.03539544548127807,0.009632623783163333,0.9549719307355586
26059,LOF,0.3199243186568689,0.019426190270829407,0.6606494910723016
26060,LOF,0.00995796238553054,0.14069112669050893,0.8493509109239605
26061,LOF,0.00514653051950447,0.015172447026355932,0.9796810224541397
26062,LOF,0.00404735990559658,0.01965036720266142,0.976302272891742
26063,LOF,0.02378706784185939,0.009608795630788454,0.9666041365273522
26064,LOF,0.0070773651843867484,0.022913919898292192,0.9700087149173211
26065,LOF,0.024032184330156407,0.011068066446881254,0.9648997492229624
26066,LOF,0.022277409771839674,0.010685773700278584,0.9670368165278818
26067,LOF,0.0311333296347648,0.008600511299327407,0.9602661590659078
26068,LOF,0.04595692104924133,0.027509217221913216,0.9265338617288456
26069,LOF,0.2696626317441529,0.017972555873326655,0.7123648123825205
26070,LOF,0.45899188709408767,0.012548633735560583,0.5284594791703516
26071,LOF,0.022291105388083682,0.010871441184315118,0.9668374534276013
26072,LOF,0.005689822130571296,0.023404259331444306,0.9709059185379844
26073,LOF,0.019835814226904586,0.013288676772823737,0.9668755090002717
26074,Neutral,0.9154994312369169,0.005727144124498394,0.07877342463858457
26075,LOF,0.04309274354137743,0.014545879007633846,0.9423613774509887
26076,LOF,0.038838173377152944,0.009346379964841528,0.9518154466580054
26077,LOF,0.11534749011016544,0.009213110039745986,0.8754393998500886
26078,LOF,0.005583149620104993,0.014998158790108046,0.979418691589787
26079,LOF,0.05654028908857427,0.01601421008111787,0.9274455008303079
26080,LOF,0.05479484272988373,0.016036336269089718,0.9291688210010265
26081,LOF,0.03106228548916632,0.00751570640521591,0.9614220081056177
26082,LOF,0.004496242867871279,0.01733187231023598,0.9781718848218928
26083,LOF,0.14455665717380975,0.015598927754508059,0.8398444150716823
26084,LOF,0.03771464559637424,0.013362019896902217,0.9489233345067235
26085,LOF,0.03377727728968773,0.011941389389507758,0.9542813333208046
26086,LOF,0.02100627643610032,0.011845970922363594,0.9671477526415361
26087,LOF,0.022384548523980818,0.009438717777543333,0.9681767336984758
26088,LOF,0.005729269424374562,0.02381496247943204,0.9704557680961933
26089,LOF,0.04136709993322164,0.020753195417619594,0.9378797046491588
26090,LOF,0.040289339774587304,0.0163838892135872,0.9433267710118255
26091,LOF,0.029934089164778577,0.00683099819924001,0.9632349126359814
26092,LOF,0.021629124404593997,0.008207054248534375,0.9701638213468715
26093,LOF,0.041170528927086905,0.006252538783520282,0.9525769322893929
26094,LOF,0.02994558632452092,0.00674382997539499,0.9633105837000842
26095,LOF,0.015647440384585373,0.019439380877297657,0.9649131787381171
26096,LOF,0.15806531356491432,0.0065866727409532,0.8353480136941325
26097,LOF,0.0050060049661150895,0.03990903527633311,0.9550849597575518
26098,LOF,0.06993063096076196,0.013809335972046961,0.9162600330671912
26099,LOF,0.01994821729698578,0.014034614505483588,0.9660171681975306
26100,LOF,0.02281805503051529,0.013494997787878627,0.9636869471816062
26101,LOF,0.04864173411916937,0.020287194269308296,0.9310710716115224
26102,LOF,0.022635363515940924,0.013478121131407696,0.9638865153526514
26103,Neutral,0.8811525800697674,0.019628283334769216,0.09921913659546344
26104,LOF,0.07032413925034377,0.021607742607486196,0.90806811814217
26105,LOF,0.19562127638077348,0.15928117453847115,0.6450975490807553
26106,LOF,0.33126712980410483,0.11745828066486264,0.5512745895310325
26107,LOF,0.02121472725017309,0.10031443049473719,0.8784708422550896
26108,LOF,0.3402175360441014,0.04006049070467109,0.6197219732512276
26109,LOF,0.03441425875656854,0.07666876259648002,0.8889169786469514
26110,LOF,0.21324658610373623,0.006511233705637896,0.780242180190626
26111,LOF,0.07929739713114878,0.07295802664141664,0.8477445762274346
26112,LOF,0.03572914038257181,0.006614909348045457,0.9576559502693827
26113,LOF,0.06268473293525406,0.014231485218259182,0.9230837818464867
26114,LOF,0.07040323598514556,0.011906010845638438,0.9176907531692159
26115,LOF,0.015383554489178974,0.07100767672836474,0.9136087687824563
26116,LOF,0.08211405874167478,0.04052289991452853,0.8773630413437967
26117,LOF,0.414211516400044,0.040380010637255805,0.5454084729627002
26118,LOF,0.033884667797188434,0.02233163951009533,0.9437836926927162
26119,LOF,0.004562974060091604,0.048903849862222196,0.9465331760776862
26120,LOF,0.02432455269641302,0.018880339667007015,0.9567951076365799
