feature0,prediction,LoGoFunc_Neutral,LoGoFunc_GOF,LoGoFunc_LOF
25546,Neutral,0.6483794584749589,0.052957934154486526,0.29866260737055456
25547,Neutral,0.4726155169018215,0.09612833797195353,0.43125614512622495
25548,Neutral,0.4922814326846792,0.07880826462597082,0.42891030268935004
25549,LOF,0.410626589401581,0.07874709247208118,0.5106263181263379
25550,LOF,0.349962776166189,0.11213670151003713,0.5379005223237739
25551,LOF,0.28996736073558343,0.1260918113673175,0.5839408278970991
25552,LOF,0.2242046024243905,0.12206100713033897,0.6537343904452706
25553,Neutral,0.7986363786606939,0.042347750872081695,0.15901587046722454
25554,LOF,0.2798605842879692,0.11345685655910528,0.6066825591529255
25555,LOF,0.22832635297187986,0.10847845829589337,0.6631951887322268
25556,LOF,0.43205225234584277,0.09898378948722704,0.4689639581669302
25557,LOF,0.20965393511748623,0.11472345998885583,0.675622604893658
25558,LOF,0.2742112016683354,0.11689119350205,0.6088976048296146
25559,LOF,0.1942075009104934,0.1651557153846711,0.6406367837048355
25560,LOF,0.07462908726700705,0.12419491232699295,0.801176000406
25561,LOF,0.13904577284011727,0.11451914341793931,0.7464350837419435
25562,LOF,0.06084832885520919,0.07391268384163427,0.8652389873031566
25563,LOF,0.0901980791201649,0.07057920280488125,0.8392227180749539
25564,LOF,0.20071830247265157,0.16101644919441205,0.6382652483329364
25565,LOF,0.18725278502184112,0.13631829135463686,0.676428923623522
25566,GOF,0.019464468895251753,0.7767199452513982,0.20381558585335013
25567,LOF,0.026026290972312564,0.12952282595951192,0.8444508830681754
25568,LOF,0.06319006378941883,0.07172425948434066,0.8650856767262405
25569,LOF,0.06425848185598532,0.07064029871570074,0.8651012194283141
25570,LOF,0.030427113156522412,0.09685037071998163,0.8727225161234959
25571,LOF,0.02940689211069247,0.0966329687525439,0.8739601391367636
25572,LOF,0.03568525620413687,0.11786005114018162,0.8464546926556814
25573,LOF,0.028165775826100376,0.09106871858301548,0.8807655055908841
25574,LOF,0.016754194287499666,0.17707336040193183,0.8061724453105685
25575,LOF,0.025108294282844588,0.1097848095514591,0.8651068961656964
25576,LOF,0.013704605760472333,0.14513675840778015,0.8411586358317474
25577,LOF,0.01264965369891297,0.11369187897139485,0.8736584673296921
25578,LOF,0.27526561359111507,0.08002355357957457,0.6447108328293104
25579,LOF,0.12428434958059187,0.0845079247513557,0.7912077256680523
25580,LOF,0.018439327827973303,0.0761741710580045,0.9053865011140222
25581,LOF,0.049444275135921006,0.06968158098463792,0.8808741438794412
25582,LOF,0.04923517028387271,0.06828175309923211,0.8824830766168951
25583,LOF,0.020796250374571053,0.08277173557109532,0.8964320140543336
25584,Neutral,0.5052023224553058,0.10839574089242357,0.38640193665227063
25585,LOF,0.013605117011455338,0.12244339274807835,0.8639514902404664
25586,LOF,0.0185638100606762,0.07071513532996876,0.910721054609355
25587,LOF,0.01766398291888098,0.06254473368967481,0.9197912833914441
25588,LOF,0.017977952525416004,0.07722462126832166,0.9047974262062624
25589,Neutral,0.6441046689296971,0.12535153079040073,0.2305438002799021
25590,LOF,0.020493117591991135,0.11707523758994962,0.8624316448180593
25591,LOF,0.07800854385362331,0.05996867422735363,0.8620227819190232
25592,LOF,0.0536158521579774,0.12109238414111778,0.8252917637009048
25593,LOF,0.01996619046179931,0.2782166707604934,0.7018171387777073
25594,LOF,0.03822480731735896,0.12147911813944084,0.8402960745432001
25595,LOF,0.03627970480912138,0.08929457506257521,0.8744257201283034
25596,LOF,0.05322441379238818,0.06678074690648933,0.8799948393011224
25597,LOF,0.03389774971367407,0.07770338870727468,0.8883988615790511
25598,LOF,0.03482512306329945,0.09489737844818555,0.870277498488515
25599,GOF,0.0088296569726252,0.5693208733760414,0.4218494696513334
25600,GOF,0.02681321644937422,0.6289501016968907,0.3442366818537351
25601,LOF,0.01205495771272072,0.4051291247730933,0.582815917514186
25602,LOF,0.011327553755002098,0.0517204288599883,0.9369520173850096
25603,LOF,0.04277175930554557,0.02139056312599673,0.9358376775684576
25604,LOF,0.016386131297419237,0.05171550146811948,0.9318983672344612
25605,LOF,0.00980039715638033,0.15996182498222347,0.8302377778613962
25606,LOF,0.10097944867259596,0.27191065749543736,0.6271098938319667
25607,LOF,0.006145747257718353,0.1812537303818429,0.8126005223604387
25608,LOF,0.011376366284700769,0.09983076553873446,0.8887928681765647
25609,LOF,0.08418642235358151,0.4090513934791594,0.5067621841672592
25610,LOF,0.01896336783189439,0.024777675584562703,0.9562589565835429
25611,LOF,0.018727671405430937,0.02667660914667641,0.9545957194478927
25612,LOF,0.061210657296671085,0.036772819125487397,0.9020165235778415
25613,LOF,0.054664693499229144,0.03642189513227146,0.9089134113684995
25614,LOF,0.02782516527604373,0.02970452228319554,0.9424703124407608
25615,LOF,0.01644894753369818,0.041883768299306914,0.941667284166995
25616,LOF,0.053263769793870916,0.028808121629312903,0.9179281085768163
25617,LOF,0.052018408175734665,0.031016596951460317,0.9169649948728051
25618,LOF,0.062354468875790624,0.03417674167286429,0.903468789451345
25619,LOF,0.018736129782177795,0.031679832858807,0.9495840373590153
25620,LOF,0.06678213881840321,0.038056357943599614,0.8951615032379973
25621,LOF,0.018018267554930908,0.0324202923038363,0.9495614401412329
25622,LOF,0.0221200004941254,0.03983542636115975,0.9380445731447148
25623,LOF,0.03644068189320777,0.03795818893843285,0.9256011291683595
25624,LOF,0.023117330617266046,0.03635769070059413,0.9405249786821399
25625,LOF,0.023926708207346447,0.05132147308275965,0.9247518187098938
25626,LOF,0.05802156611066015,0.03376013359287631,0.9082183002964636
25627,Neutral,0.6296496091865825,0.0841770981128936,0.2861732927005238
25628,LOF,0.18869911258986527,0.04684240244399824,0.7644584849661364
25629,LOF,0.03716342830734694,0.06641581285790753,0.8964207588347456
25630,LOF,0.13675608863574926,0.09191443926912748,0.7713294720951233
25631,Neutral,0.6091530533874051,0.055070877309844925,0.33577606930275
25632,LOF,0.007847966705026199,0.06896661402963797,0.9231854192653357
25633,LOF,0.21245789746712337,0.04556415376766252,0.7419779487652142
25634,LOF,0.028286131029918553,0.08815201841603215,0.8835618505540492
25635,LOF,0.03832535530381294,0.05210070491212079,0.9095739397840663
25636,LOF,0.005506692184215562,0.4875483701542245,0.5069449376615599
25637,GOF,0.006876784391546938,0.5140692930632316,0.47905392254522144
25638,LOF,0.010543142054632377,0.24900886878139977,0.7404479891639678
25639,LOF,0.005530888836940165,0.3947653479914601,0.5997037631715998
25640,Neutral,0.5164414770061005,0.40423697329187885,0.07932154970202063
25641,GOF,0.007983263480701417,0.5160992128968938,0.47591752362240475
25642,LOF,0.21554515038623645,0.12031165535362692,0.6641431942601366
25643,LOF,0.13601688689419367,0.1517597578145652,0.7122233552912413
25644,LOF,0.008070790200964816,0.49496114314389633,0.4969680666551387
25645,LOF,0.0064390090947249404,0.4628264149734079,0.5307345759318671
25646,LOF,0.01083585583676023,0.36966270105494486,0.6195014431082949
25647,LOF,0.009155783584926504,0.3029393223323655,0.687904894082708
25648,LOF,0.008254399903125332,0.29669146979032907,0.6950541303065456
25649,LOF,0.006913341469804905,0.24847866780326053,0.7446079907269346
25650,LOF,0.011205689274664902,0.44634467219509,0.542449638530245
25651,LOF,0.005245577055015529,0.3043944000612718,0.6903600228837128
25652,LOF,0.008850815497914916,0.30002248681885596,0.6911266976832291
25653,LOF,0.02164899756990485,0.41646992517113784,0.5618810772589573
25654,LOF,0.009918860892797447,0.21890636032836483,0.7711747787788378
25655,LOF,0.03567977960429972,0.4330818932972484,0.5312383270984519
25656,LOF,0.19082890904400723,0.05232426220515986,0.756846828750833
25657,LOF,0.28134314807956884,0.027959515976415796,0.6906973359440154
25658,LOF,0.07778711637505735,0.0928383691002577,0.8293745145246849
25659,LOF,0.4321663812731365,0.07048252292295513,0.4973510958039084
25660,LOF,0.029182997480650986,0.08231238107371279,0.8885046214456362
25661,LOF,0.09554243758896809,0.054306944383405685,0.8501506180276263
25662,LOF,0.03382508083205159,0.03308976806018965,0.9330851511077588
25663,LOF,0.041967381866235165,0.04933081189390186,0.908701806239863
25664,LOF,0.050276003114170194,0.06414429531182893,0.8855797015740008
25665,LOF,0.05535021974360548,0.024240827074318905,0.9204089531820755
25666,LOF,0.04146919811475969,0.08768780848393083,0.8708429934013094
25667,LOF,0.06906867088317506,0.03555365982582015,0.8953776692910049
25668,LOF,0.03765768772468384,0.039172650006306854,0.9231696622690094
25669,LOF,0.03435089489000428,0.0543462023096553,0.9113029028003405
25670,LOF,0.06138285166084335,0.05650331482804862,0.882113833511108
25671,LOF,0.0966265385422451,0.031371479858636454,0.8720019815991185
25672,LOF,0.06071240998269845,0.032634289356931544,0.90665330066037
25673,LOF,0.024634953128242446,0.04675762588221341,0.9286074209895441
25674,LOF,0.021719194494250867,0.057159869722663584,0.9211209357830856
25675,LOF,0.03642190447449308,0.04684668794111916,0.9167314075843876
25676,LOF,0.019662503461270315,0.04508469332417708,0.9352528032145527
25677,LOF,0.02836857953109352,0.057876842103414504,0.9137545783654919
25678,LOF,0.1947833223637646,0.05515094817447966,0.7500657294617556
25679,LOF,0.1652550444155192,0.08337517697452916,0.7513697786099516
25680,LOF,0.04549427799839896,0.09575190534038468,0.8587538166612164
25681,LOF,0.07047867681635418,0.0903006020098528,0.839220721173793
25682,LOF,0.15016680240170532,0.06303952342126927,0.7867936741770255
25683,LOF,0.08670015489183165,0.10643768256078455,0.8068621625473837
25684,LOF,0.04320206296951507,0.06607733723591476,0.8907205997945702
25685,LOF,0.08947308234233055,0.04191946732520777,0.8686074503324616
25686,LOF,0.03037256533960312,0.07457038675829672,0.8950570479021001
25687,LOF,0.05307008748138567,0.06732331607415559,0.8796065964444587
25688,LOF,0.05095962257324949,0.07088015755143548,0.878160219875315
25689,LOF,0.02878228126817725,0.07658797368869238,0.8946297450431304
25690,LOF,0.039156691667766426,0.06028725057006657,0.9005560577621671
25691,LOF,0.27110191525609184,0.08020751749865329,0.6486905672452548
25692,LOF,0.2627537348636262,0.008841059815896479,0.7284052053204774
25693,LOF,0.05640696580544857,0.33878674765170314,0.6048062865428483
25694,LOF,0.22508950054652843,0.01609653473974905,0.7588139647137225
25695,LOF,0.1385695632138089,0.021336155534842235,0.8400942812513489
25696,LOF,0.09993893540186011,0.01307253731384023,0.8869885272842997
25697,LOF,0.10254580957358043,0.024164102045871914,0.8732900883805477
25698,LOF,0.07353875467277339,0.42411400600599647,0.5023472393212302
25699,LOF,0.05456483004058347,0.08578866951021412,0.8596465004492024
25700,LOF,0.05369095847485922,0.009695390449649703,0.9366136510754911
25701,LOF,0.015207652563716189,0.09509013234796318,0.8897022150883206
25702,GOF,0.042393165266537365,0.6476841868439177,0.3099226478895449
25703,LOF,0.009331990570442561,0.1443230670811989,0.8463449423483586
25704,LOF,0.05885085951887427,0.11284735555694626,0.8283017849241795
25705,LOF,0.07378643039710431,0.21248040440612165,0.7137331651967741
25706,LOF,0.02705332338658892,0.4022979991714904,0.5706486774419206
25707,LOF,0.018288734634642426,0.3237360853577422,0.6579751800076153
25708,LOF,0.008219973128708332,0.3053998552290987,0.686380171642193
25709,LOF,0.06720891182533952,0.04565730436167205,0.8871337838129885
25710,LOF,0.006048564877675153,0.13603267681408576,0.857918758308239
25711,LOF,0.021058691651974982,0.1040263638013667,0.8749149445466584
25712,LOF,0.008550507935907637,0.1694815130528664,0.821967979011226
25713,LOF,0.02192224118439194,0.08933446716928072,0.8887432916463274
25714,LOF,0.06928390475057059,0.11677145909877756,0.8139446361506518
25715,LOF,0.013914961931012403,0.12260738703054845,0.8634776510384391
25716,LOF,0.006865344591369911,0.11828640356157652,0.8748482518470535
25717,LOF,0.0070053211388036605,0.07685782425438607,0.9161368546068103
25718,LOF,0.014793171708228551,0.08217922023357417,0.9030276080581974
25719,LOF,0.023172009155578547,0.078242051826883,0.8985859390175384
25720,LOF,0.023906389917093655,0.07404418520339542,0.9020494248795109
25721,LOF,0.018486165339844637,0.09493351320209441,0.886580321458061
25722,LOF,0.01737534298339957,0.11113421382250854,0.8714904431940919
25723,LOF,0.023754599874701483,0.05541891330507267,0.9208264868202259
25724,LOF,0.021318239579623567,0.09034372142505473,0.8883380389953217
25725,LOF,0.013699270605082296,0.06446989947578612,0.9218308299191316
25726,LOF,0.017493846284460875,0.09055144345073989,0.8919547102647992
25727,LOF,0.01514201584161173,0.0706895698246255,0.9141684143337627
25728,LOF,0.013220659573276077,0.09538645950481489,0.891392880921909
25729,LOF,0.013496961001394775,0.09633000556820805,0.8901730334303972
25730,LOF,0.018911179636903683,0.0785940794531009,0.9024947409099954
25731,LOF,0.008242745874205397,0.1244533364172789,0.8673039177085157
25732,LOF,0.01944057741683004,0.07135561620210107,0.9092038063810689
25733,LOF,0.018698000011803956,0.06524198286568736,0.9160600171225086
25734,LOF,0.0059813597174080465,0.12267815913343383,0.8713404811491582
25735,LOF,0.01662372132112937,0.06545377733990802,0.9179225013389626
25736,LOF,0.01710919560884245,0.09386911824697886,0.8890216861441786
25737,LOF,0.024019683428115186,0.0770173387239409,0.898962977847944
25738,LOF,0.016241445922135715,0.11476928872375967,0.8689892653541047
25739,LOF,0.023271560323639157,0.10231976960642576,0.8744086700699352
25740,LOF,0.036215665161833076,0.1048138119094772,0.8589705229286897
25741,LOF,0.017210650423144597,0.10106815707980336,0.881721192497052
25742,LOF,0.10559000677908346,0.09922364106409268,0.795186352156824
25743,LOF,0.017278021541969814,0.0313688881421975,0.9513530903158326
25744,GOF,0.1809950233270048,0.4320014982209723,0.3870034784520229
25745,LOF,0.025834298790590158,0.06509637076842768,0.9090693304409821
25746,LOF,0.016421210851375708,0.07359155368357871,0.9099872354650456
25747,LOF,0.02988200814756694,0.028901860166103382,0.9412161316863297
25748,LOF,0.1390187531657497,0.05241365292626932,0.808567593907981
25749,LOF,0.015129920269407954,0.06226781057799838,0.9226022691525937
25750,LOF,0.02998657475558433,0.07702945632524154,0.8929839689191742
25751,LOF,0.11529406831707995,0.059252485126334915,0.8254534465565851
25752,GOF,0.12872817944355228,0.5968831296370648,0.2743886909193829
25753,LOF,0.009453658634912137,0.2686251202988339,0.721921221066254
25754,GOF,0.005048640801347099,0.7802444460269602,0.21470691317169288
25755,LOF,0.010239712615846759,0.38952234200742436,0.6002379453767288
25756,LOF,0.047981936437002416,0.35482396915668396,0.5971940944063135
25757,GOF,0.005879437546152502,0.8408895737566042,0.1532309886972433
25758,GOF,0.006778781494067221,0.823986072820882,0.16923514568505083
25759,GOF,0.004289410318540466,0.5487284700590626,0.4469821196223971
25760,LOF,0.005591922306891984,0.24238219066618272,0.7520258870269254
25761,GOF,0.04023212133682509,0.8213765590305911,0.13839131963258383
25762,LOF,0.03622621509157896,0.26167384925642795,0.7020999356519931
25763,LOF,0.006935756670769902,0.17988942811552808,0.813174815213702
25764,GOF,0.18128568579288903,0.49852737315403084,0.32018694105308015
25765,GOF,0.010430842414796188,0.7511484847667793,0.23842067281842458
25766,GOF,0.015904889026897396,0.7999322171631223,0.18416289380998024
25767,GOF,0.02862764748288963,0.5347372040120364,0.43663514850507407
25768,LOF,0.07967922178537015,0.08751249032267867,0.8328082878919512
25769,LOF,0.08566576887530182,0.0632039589198003,0.8511302722048979
25770,LOF,0.34644669499277575,0.08556010285896544,0.5679932021482589
25771,LOF,0.014119852638589947,0.06240807893121703,0.923472068430193
25772,LOF,0.02086512077814517,0.030192456752181768,0.948942422469673
25773,LOF,0.012847597478960875,0.1195176381472956,0.8676347643737434
25774,LOF,0.028321998390826233,0.07558038227031845,0.8960976193388553
25775,LOF,0.016161378322455525,0.04975153400905633,0.9340870876684881
25776,LOF,0.08681730359877385,0.02687876185758012,0.8863039345436461
25777,LOF,0.3281023036722588,0.054248419008889964,0.6176492773188513
25778,LOF,0.0741618916642371,0.048853814085668176,0.8769842942500947
25779,GOF,0.08119778878412702,0.8595809506316413,0.059221260584231536
25780,GOF,0.0722998801217778,0.8350487266105936,0.09265139326762865
25781,GOF,0.026852136272475693,0.8497345449430996,0.12341331878442471
25782,GOF,0.03760693294540021,0.8738890548265021,0.08850401222809758
25783,GOF,0.013662600026946158,0.6694417817430656,0.31689561822998835
25784,GOF,0.14098489339816403,0.8064014395788355,0.05261366702300059
25785,GOF,0.08092053576794225,0.865974204590444,0.05310525964161366
25786,GOF,0.006604373734240791,0.8171227361836068,0.17627289008215244
25787,GOF,0.22927344228559846,0.7280013350349498,0.04272522267945182
25788,LOF,0.0501741160343842,0.12625897566096708,0.8235669083046487
25789,GOF,0.03511521485016283,0.8082981914241137,0.1565865937257234
25790,GOF,0.036091898501035016,0.8381778019880654,0.12573029951089967
25791,GOF,0.0253609535536223,0.7751991196559384,0.19943992679043945
25792,GOF,0.04983517300808556,0.7713951607835055,0.1787696662084089
25793,GOF,0.06926245450696554,0.7293020855519686,0.2014354599410658
25794,GOF,0.10473114427328384,0.692500778258225,0.20276807746849118
25795,GOF,0.02478531089084756,0.7521624916865302,0.22305219742262217
25796,GOF,0.13208566965672963,0.7503123737229269,0.11760195662034338
25797,GOF,0.031424047297643885,0.6027150813190133,0.3658608713833427
25798,GOF,0.0034128141207800783,0.5319878797391179,0.46459930614010203
25799,LOF,0.003238510931866978,0.4243280986271652,0.5724333904409677
25800,GOF,0.01110505320626588,0.620773048083286,0.3681218987104479
25801,GOF,0.04065481886099851,0.8093556341349435,0.14998954700405806
25802,GOF,0.017846735044826888,0.7160808889486515,0.26607237600652167
25803,GOF,0.010138570252431062,0.5728331767631202,0.4170282529844486
25804,LOF,0.011812703610912169,0.487529707421855,0.5006575889672329
25805,GOF,0.021079567250531426,0.6252123242882943,0.3537081084611741
25806,GOF,0.017851916902095952,0.6149818517873659,0.3671662313105382
25807,GOF,0.0061740172443706075,0.6409617510087645,0.35286423174686476
25808,GOF,0.014860213025487528,0.6388777634047134,0.346262023569799
25809,GOF,0.006328608451491822,0.5980728746704723,0.39559851687803593
25810,GOF,0.004921526089708073,0.6123338175552039,0.3827446563550881
25811,GOF,0.11814475968209658,0.7722757909487522,0.10957944936915126
25812,GOF,0.014274041978694488,0.6192029227969533,0.3665230352243522
25813,GOF,0.1361740058923728,0.7021281459832649,0.1616978481243623
25814,GOF,0.031016982484642856,0.7188908235218981,0.25009219399345894
25815,GOF,0.045636357838018116,0.7224458124296551,0.23191782973232672
25816,GOF,0.007974302827145213,0.7659503178899537,0.22607537928290117
25817,GOF,0.05478346603129425,0.7878044235363566,0.15741211043234907
25818,GOF,0.01676063211795046,0.708130679640343,0.27510868824170653
25819,GOF,0.07201733752547967,0.7194536312941747,0.2085290311803457
25820,GOF,0.030578716401455725,0.7170826303746791,0.252338653223865
25821,GOF,0.01550721464713246,0.7029479032753976,0.28154488207747
25822,GOF,0.035261786986006134,0.717585890025098,0.2471523229888958
25823,GOF,0.011450404661207347,0.5520677078512554,0.43648188748753725
25824,GOF,0.019290684488345682,0.6630029848481291,0.31770633066352516
25825,GOF,0.011321558067637644,0.6399566858104746,0.3487217561218877
25826,GOF,0.004985333580364056,0.6156664469089955,0.3793482195106405
25827,GOF,0.007841622628457364,0.6525107539999045,0.33964762337163795
25828,GOF,0.005343525867714439,0.5750079833758638,0.41964849075642163
25829,GOF,0.0027210069062576225,0.6032664589983453,0.39401253409539705
25830,LOF,0.04576931765543016,0.31119392175512967,0.6430367605894401
25831,GOF,0.051268541473562745,0.8071540195846432,0.14157743894179417
25832,GOF,0.008884623685935865,0.7621831048353974,0.22893227147866674
25833,GOF,0.03494209413193705,0.7862082980096587,0.17884960785840426
25834,GOF,0.00951543815397354,0.7718776445705513,0.21860691727547524
25835,GOF,0.02074240399999194,0.8114001085421363,0.1678574874578717
25836,GOF,0.008439870903638718,0.7475368062482852,0.244023322848076
25837,GOF,0.007376775445619002,0.6739962369183558,0.3186269876360252
25838,GOF,0.024739738476607785,0.8194040061756472,0.15585625534774494
25839,GOF,0.06009909188458445,0.7636403269696418,0.1762605811457738
25840,GOF,0.055626460790079706,0.7751182278264771,0.16925531138344324
25841,GOF,0.05066716351502825,0.8075812844125413,0.1417515520724304
25842,GOF,0.03275209250975833,0.845252461879834,0.12199544561040768
25843,GOF,0.03635400514294308,0.8661783679299245,0.09746762692713223
25844,GOF,0.02183461476154651,0.7783274106257723,0.19983797461268124
25845,GOF,0.006008324976381247,0.5764148611560201,0.4175768138675985
25846,GOF,0.038556315654409194,0.8248660732753247,0.13657761107026617
25847,GOF,0.0222161395196779,0.8783106084023117,0.09947325207801029
25848,GOF,0.013428148494295553,0.7815278343236526,0.20504401718205198
25849,GOF,0.004755673155529001,0.6738020668005185,0.32144226004395265
25850,GOF,0.00667420239212204,0.7093591336604399,0.28396666394743814
25851,GOF,0.0062344259049991885,0.5831958091006938,0.410569764994307
25852,GOF,0.16471671939599755,0.5233976854659469,0.3118855951380557
25853,GOF,0.07839225692515861,0.8098563506970179,0.11175139237782347
25854,GOF,0.00881954678319579,0.6541102173971702,0.337070235819634
25855,GOF,0.01348902024177709,0.5929184071079265,0.39359257265029635
25856,GOF,0.04923199199459088,0.7098925449950062,0.240875463010403
25857,GOF,0.01450122950599976,0.5537201042276465,0.43177866626635375
25858,GOF,0.00808295810117572,0.5563943919579779,0.43552264994084633
25859,GOF,0.0054689671349250285,0.5349834721914257,0.4595475606736492
25860,GOF,0.08631942196692115,0.788169225165759,0.12551135286731996
25861,GOF,0.12780894150795893,0.774107075159508,0.09808398333253288
25862,GOF,0.022341186864455957,0.8274102521273806,0.15024856100816342
25863,GOF,0.023981029283192953,0.8372493267112712,0.13876964400553587
25864,GOF,0.05503181506544276,0.8659906976811931,0.07897748725336419
25865,GOF,0.028886309849867155,0.8547122673504494,0.1164014227996835
25866,GOF,0.023716963635441377,0.8292157132989589,0.1470673230655998
25867,GOF,0.03213452709307448,0.8602507185554631,0.10761475435146231
25868,GOF,0.06689683000017932,0.7875670327506507,0.14553613724916994
25869,GOF,0.33521936542326497,0.5592280976598514,0.10555253691688372
25870,GOF,0.2345519532183375,0.4788472803086681,0.2866007664729944
25871,GOF,0.03319188854492811,0.828057184752742,0.1387509267023298
25872,GOF,0.0194357130810745,0.7587285465223522,0.22183574039657325
25873,GOF,0.02503840014354517,0.8087185134009178,0.16624308645553706
25874,LOF,0.017769599968096583,0.14123490050062126,0.840995499531282
25875,LOF,0.022407725903319825,0.042150151651160296,0.9354421224455198
25876,LOF,0.01473824584382545,0.02915204792612576,0.9561097062300488
25877,LOF,0.13937868950386217,0.07002306369960885,0.790598246796529
25878,LOF,0.05106399457254028,0.10451617102125806,0.8444198344062017
25879,LOF,0.02162065615960694,0.08142577310022202,0.896953570740171
25880,LOF,0.046935406488874565,0.011743043116350792,0.9413215503947746
25881,Neutral,0.5413762062934713,0.035746740515461214,0.4228770531910676
25882,LOF,0.019514928985724482,0.029506840869097727,0.9509782301451778
25883,LOF,0.059797614702361834,0.02592296930075921,0.914279415996879
25884,LOF,0.009195291562704877,0.04523202310621143,0.9455726853310836
25885,LOF,0.17124638755513655,0.007133739789074824,0.8216198726557886
25886,LOF,0.24020414814814992,0.05350863762809639,0.7062872142237537
25887,LOF,0.1492750692166613,0.046688834072803484,0.8040360967105352
25888,LOF,0.0124769539367582,0.10266527616367671,0.8848577698995651
25889,LOF,0.011183944828235851,0.03428201680229226,0.9545340383694718
25890,LOF,0.13363732836591977,0.08336058460720583,0.7830020870268743
25891,LOF,0.045235405184537,0.04951737099350936,0.9052472238219536
25892,LOF,0.014049400553599205,0.0451113724655534,0.9408392269808473
25893,LOF,0.4011854882146613,0.014603477699723517,0.5842110340856151
25894,LOF,0.42842362581792043,0.008092775324881394,0.5634835988571982
25895,LOF,0.35718670239918376,0.016080360509369326,0.6267329370914468
25896,LOF,0.04168731148752662,0.030419693465767526,0.9278929950467059
25897,LOF,0.21833905181378513,0.015349427363412868,0.766311520822802
25898,LOF,0.2636174574928021,0.037140889890686424,0.6992416526165115
25899,LOF,0.1874773354138891,0.03414521683947504,0.7783774477466358
25900,Neutral,0.4961486393572798,0.01624329597334058,0.4876080646693795
25901,LOF,0.04940171430734898,0.013619634471243168,0.9369786512214078
25902,LOF,0.09936180883528563,0.017199047568339308,0.883439143596375
25903,LOF,0.41644016399575057,0.03930562869020126,0.5442542073140482
25904,LOF,0.33288824096149966,0.055569598638654086,0.6115421603998462
25905,LOF,0.00624064941672869,0.39761453924443696,0.5961448113388343
25906,LOF,0.009378376838677297,0.09259908963040502,0.8980225335309178
25907,LOF,0.004513056427737748,0.37394741753391464,0.6215395260383476
25908,LOF,0.0035039194857199633,0.26111979367151084,0.7353762868427692
25909,LOF,0.014572870120831303,0.11081354367853535,0.8746135862006332
25910,LOF,0.014833563092793729,0.16757323254258405,0.8175932043646221
25911,LOF,0.17356914083557143,0.033564141646030735,0.7928667175183978
25912,LOF,0.06741649838172449,0.03759591779765383,0.8949875838206216
25913,LOF,0.08260607303808289,0.054430433042314,0.8629634939196031
25914,LOF,0.02024513720894578,0.05557856395844271,0.9241762988326114
25915,LOF,0.12915543749239072,0.3411862843870039,0.5296582781206053
25916,LOF,0.016731421075908835,0.23515345456146367,0.7481151243626275
25917,LOF,0.04950343021286512,0.03647797373108268,0.9140185960560522
25918,LOF,0.02463553572613062,0.0308116687489166,0.9445527955249527
25919,LOF,0.02081301460041618,0.02967051397774595,0.9495164714218378
25920,LOF,0.06168326183622262,0.42677147330265863,0.5115452648611187
25921,LOF,0.01022624305269748,0.04209919203812307,0.9476745649091795
25922,LOF,0.013562345811658277,0.03230578802271078,0.9541318661656308
25923,Neutral,0.4836075345228182,0.04004664201808465,0.47634582345909726
25924,LOF,0.018001275163975178,0.040892424399259754,0.9411063004367649
25925,LOF,0.0848394014044772,0.045405687412748634,0.8697549111827743
25926,LOF,0.05807906307378215,0.04438531239365796,0.8975356245325599
25927,LOF,0.016601844182282194,0.14659301870570696,0.8368051371120108
25928,LOF,0.007656768570040258,0.05323872970237646,0.9391045017275832
25929,Neutral,0.5916594553072148,0.04285440578044393,0.3654861389123412
25930,LOF,0.0691493166027103,0.0349216562453941,0.8959290271518957
25931,LOF,0.01010758349073315,0.03487227870000886,0.9550201378092581
25932,LOF,0.030594901596135846,0.027185017591609472,0.9422200808122547
25933,LOF,0.04044906107526735,0.01909474663230495,0.9404561922924277
25934,LOF,0.027202452503733578,0.019513349280010434,0.9532841982162561
25935,LOF,0.07329593571605694,0.060881763620636666,0.8658223006633065
25936,LOF,0.04518800719108039,0.024374333593941002,0.9304376592149786
25937,LOF,0.01040417035893995,0.038817038718696614,0.9507787909223635
25938,LOF,0.07201623678533403,0.05994900391181271,0.8680347593028531
25939,LOF,0.03865596173796797,0.023044141830844144,0.9382998964311878
25940,LOF,0.007353059559831499,0.3276459213492491,0.6650010190909194
25941,Neutral,0.4968470288861014,0.04883708324468096,0.4543158878692177
25942,LOF,0.004846658699501314,0.04163370959018726,0.9535196317103114
25943,LOF,0.03642277763815938,0.12047883024614792,0.8430983921156927
25944,LOF,0.09842284541730155,0.07312675303787787,0.8284504015448206
25945,LOF,0.05475192184781984,0.019888017894688043,0.9253600602574921
25946,LOF,0.06297488755225839,0.062123553074466896,0.8749015593732747
25947,LOF,0.4499243267547659,0.09477667724530243,0.4552989959999318
25948,LOF,0.3019003550661654,0.009197903363317063,0.6889017415705175
25949,LOF,0.08619691654120316,0.04261154675621876,0.871191536702578
25950,GOF,0.040707050418376176,0.5225478971362019,0.43674505244542194
25951,LOF,0.02288846029512099,0.3399402949920289,0.6371712447128501
25952,LOF,0.2562157554703947,0.2282691377976082,0.5155151067319971
25953,LOF,0.014318291881738401,0.14074044860950996,0.8449412595087517
25954,LOF,0.07964067163812277,0.35728147417947775,0.5630778541823994
25955,LOF,0.010631156996501008,0.09843246733394391,0.890936375669555
25956,LOF,0.02975188770438991,0.16559723065639356,0.8046508816392166
25957,LOF,0.14922129397604733,0.020390469021801114,0.8303882370021516
25958,LOF,0.05198994080943609,0.03287258950944072,0.9151374696811232
25959,LOF,0.013531168485892043,0.39029233144442027,0.5961765000696877
25960,LOF,0.006299663921797214,0.058145398678504774,0.935554937399698
25961,LOF,0.03936383064640165,0.030980150859103966,0.9296560184944943
25962,LOF,0.03379849303792356,0.05827898408559443,0.907922522876482
25963,LOF,0.005586570263067457,0.27129224676965724,0.7231211829672753
25964,LOF,0.03301219694537899,0.10507033005405919,0.8619174730005618
25965,LOF,0.3438258730963463,0.09853653613269536,0.5576375907709583
25966,Neutral,0.5074209102458147,0.17627039972986788,0.3163086900243174
25967,LOF,0.00704564422136215,0.09029582201120641,0.9026585337674314
25968,LOF,0.03330279471288412,0.3360908016115145,0.6306064036756013
25969,LOF,0.12615113536758973,0.05573068195596192,0.8181181826764484
25970,LOF,0.017675217958234908,0.07567205331807947,0.9066527287236856
25971,LOF,0.0636436759318987,0.0303625866254612,0.9059937374426401
25972,LOF,0.06249387682690304,0.04569864860510625,0.8918074745679907
25973,LOF,0.05145214152670713,0.009164030194410836,0.9393838282788819
25974,LOF,0.03324675484881713,0.03534893970192525,0.9314043054492576
25975,LOF,0.045370505714415275,0.022424695367024475,0.9322047989185602
25976,LOF,0.09816747061133774,0.009461413035132359,0.8923711163535298
25977,LOF,0.18475553963262856,0.05818307813179387,0.7570613822355776
25978,LOF,0.1657323770710916,0.1143153864826858,0.7199522364462225
25979,LOF,0.1400259843154501,0.11392231744273386,0.746051698241816
25980,LOF,0.23794239024885097,0.13265808415792027,0.6293995255932288
25981,LOF,0.2692334227815286,0.13124267879110724,0.5995238984273641
25982,LOF,0.41771788181675723,0.10069234252675173,0.48158977565649114
25983,LOF,0.38479791894628373,0.09966017340421324,0.515541907649503
25984,LOF,0.04114307281640124,0.050251313985720206,0.9086056131978787
25985,LOF,0.3908087138380329,0.14355917197792573,0.4656321141840414
25986,LOF,0.010311189077992614,0.3926158630467596,0.5970729478752478
25987,LOF,0.03581165539749374,0.0831079471694344,0.8810803974330718
25988,LOF,0.15937499053639115,0.07694429754942793,0.763680711914181
25989,LOF,0.0353528108080213,0.11364747925701402,0.8509997099349648
25990,LOF,0.03643391970413218,0.17606163621641863,0.7875044440794493
25991,LOF,0.015574077624672278,0.3191879207430318,0.6652380016322959
25992,LOF,0.02281801224307939,0.2960655811732222,0.6811164065836983
25993,LOF,0.02233177029823561,0.07856502671820319,0.8991032029835613
25994,LOF,0.01583094312586844,0.07546993917279975,0.9086991177013318
25995,LOF,0.021175412962941894,0.16117552706646315,0.817649059970595
25996,LOF,0.2850152769531631,0.2806978589127821,0.4342868641340549
25997,LOF,0.06906702317392961,0.32739149680414764,0.6035414800219229
25998,LOF,0.30460733218540126,0.042304608913893246,0.6530880589007055
25999,LOF,0.01679749553219532,0.23100814158327287,0.7521943628845318
26000,LOF,0.13867188395880198,0.024062816888342164,0.837265299152856
26001,LOF,0.30725774845849124,0.0215633181696218,0.6711789333718869
26002,LOF,0.06874390012210507,0.04057873438266434,0.8906773654952305
26003,GOF,0.00362505598789906,0.6334634461902678,0.36291149782183324
26004,GOF,0.005846944274950454,0.6992365493742575,0.29491650635079203
26005,LOF,0.002658534047878146,0.4769260455785108,0.520415420373611
26006,GOF,0.0837102358261317,0.5464092668341489,0.3698804973397193
26007,GOF,0.005135375578663416,0.5330300304440635,0.46183459397727306
26008,GOF,0.0050250409313721735,0.6320059333069951,0.36296902576163265
26009,GOF,0.005542160311052484,0.6592856048503098,0.3351722348386376
26010,GOF,0.006297519308261767,0.6878003084264512,0.30590217226528704
26011,LOF,0.0024932465564264004,0.4584866089472054,0.5390201444963683
26012,GOF,0.0033617980899279813,0.5354791684193061,0.4611590334907658
26013,GOF,0.004425152580401405,0.6230021032842223,0.3725727441353762
26014,LOF,0.04865289160882266,0.09123760056184377,0.8601095078293336
26015,LOF,0.14192014637828382,0.021311202243531738,0.8367686513781846
26016,LOF,0.2884484055357582,0.032464723624290426,0.6790868708399513
26017,LOF,0.02224994851679666,0.1836446218589125,0.7941054296242908
26018,LOF,0.07656836638408868,0.049107011477370816,0.8743246221385405
26019,LOF,0.07357198718786866,0.03947845002563532,0.8869495627864961
26020,LOF,0.009443728497423854,0.1892078964731003,0.8013483750294759
26021,LOF,0.06535111316216058,0.06340261251948588,0.8712462743183536
26022,LOF,0.026617994616543482,0.02624121910138015,0.9471407862820763
26023,LOF,0.0482417680242643,0.027347885394666156,0.9244103465810696
26024,LOF,0.043186549138044865,0.06441205305582692,0.8924013978061283
26025,LOF,0.06382962812472492,0.13498108017772786,0.8011892916975472
26026,LOF,0.13604452195954234,0.05670203310049371,0.8072534449399639
26027,LOF,0.061946858587533016,0.021577373314082632,0.9164757680983844
26028,LOF,0.0950517190475487,0.11498732266273187,0.7899609582897194
26029,LOF,0.027720776820460515,0.15992753697930828,0.8123516862002311
26030,LOF,0.15434829117583515,0.0191253870997115,0.8265263217244533
26031,LOF,0.014120594996966059,0.1232904078050298,0.8625889971980041
26032,LOF,0.08044365073525661,0.05144478854174108,0.8681115607230023
26033,LOF,0.0874315163473408,0.047565710974387956,0.8650027726782713
26034,LOF,0.016795318464892132,0.13194937505819454,0.8512553064769133
26035,LOF,0.013743243121864757,0.10641097169137334,0.8798457851867619
26036,LOF,0.01712404734477431,0.1340658172936875,0.8488101353615383
26037,LOF,0.01174317882039014,0.09753379078257537,0.8907230303970345
26038,LOF,0.07024552983851769,0.04794137139018857,0.8818130987712938
26039,LOF,0.02511004844125442,0.12625198004720364,0.848637971511542
26040,LOF,0.11870856963902586,0.09553218608518259,0.7857592442757916
26041,LOF,0.013760876142972897,0.09018109179995071,0.8960580320570765
26042,LOF,0.012068970730962417,0.08984230421176881,0.8980887250572688
26043,LOF,0.07082993967202773,0.06557458072879419,0.863595479599178
26044,LOF,0.013967295572092683,0.04906504673477307,0.9369676576931342
26045,LOF,0.053858050919058716,0.08667283129649093,0.8594691177844503
26046,LOF,0.06391180807044197,0.054186364561186064,0.881901827368372
26047,LOF,0.10774204665427066,0.05550702290623986,0.8367509304394894
26048,LOF,0.057564219337054794,0.03117623853245815,0.9112595421304871
26049,Neutral,0.968397844651189,0.005528835605526802,0.026073319743284362
26050,Neutral,0.955985262034283,0.006853927686679199,0.03716081027903769
26051,LOF,0.012534594679741853,0.26496955562633095,0.7224958496939272
26052,LOF,0.01717195742048965,0.30077027018689184,0.6820577723926186
26053,LOF,0.027187469992978656,0.14362212206979263,0.8291904079372286
26054,LOF,0.047713645472288076,0.017730066304595553,0.9345562882231164
26055,LOF,0.0628878760545794,0.017179853533285508,0.9199322704121351
26056,LOF,0.0518429393629687,0.018778100621194355,0.929378960015837
26057,LOF,0.030595915801441102,0.012169453891834246,0.9572346303067246
26058,LOF,0.03156796886849708,0.01071198036918108,0.9577200507623219
26059,LOF,0.2828462440589164,0.02297871021471086,0.6941750457263727
26060,LOF,0.0065253542766536094,0.2547324288859801,0.7387422168373663
26061,LOF,0.0049701051120266595,0.012637582947049038,0.9823923119409242
26062,LOF,0.004268733878277489,0.015636003873347022,0.9800952622483754
26063,LOF,0.021827722287556573,0.010450256040611176,0.9677220216718323
26064,LOF,0.006809280112970154,0.023773824659949042,0.9694168952270807
26065,LOF,0.022550106758806893,0.012312295732326405,0.9651375975088666
26066,LOF,0.019736316341370772,0.010441732583981095,0.9698219510746482
26067,LOF,0.028089765804004543,0.009861613273396968,0.9620486209225985
26068,LOF,0.04203194437952757,0.029526399750503696,0.9284416558699687
26069,LOF,0.2541433718635186,0.019367502105498226,0.7264891260309831
26070,LOF,0.38751826654976385,0.0157670419452494,0.5967146915049868
26071,LOF,0.020459358516131128,0.011765018359256968,0.967775623124612
26072,LOF,0.005546306150377214,0.01976680120452141,0.9746868926451013
26073,LOF,0.017882429720755887,0.01354376180209976,0.9685738084771442
26074,Neutral,0.8989154950862983,0.006631174271513582,0.09445333064218805
26075,LOF,0.04341375584333223,0.013550606829077574,0.9430356373275903
26076,LOF,0.03977725821029638,0.01022632418039572,0.9499964176093079
26077,LOF,0.12343133533177254,0.006351516639634953,0.8702171480285925
26078,LOF,0.005643249943484613,0.012475685306524958,0.9818810647499904
26079,LOF,0.05341803557402973,0.01671227675609085,0.9298696876698795
26080,LOF,0.05107369131581878,0.016771150569958773,0.9321551581142224
26081,LOF,0.029306832148650343,0.007821737259621564,0.9628714305917281
26082,LOF,0.004431390684899366,0.01619407654839429,0.9793745327667064
26083,LOF,0.1423227262450165,0.015831537275183293,0.8418457364798002
26084,LOF,0.03465027103300728,0.013310348712711128,0.9520393802542816
26085,LOF,0.031306134664497845,0.012167119912007938,0.9565267454234941
26086,LOF,0.018785047877600672,0.012397903608024008,0.9688170485143753
26087,LOF,0.02049056657050986,0.009405816783523663,0.9701036166459664
26088,LOF,0.005549755845486891,0.02465664930226458,0.9697935948522486
26089,LOF,0.03775496915089681,0.022633509212794084,0.9396115216363091
26090,LOF,0.037217786433994794,0.018426441494623573,0.9443557720713818
26091,LOF,0.026521456268755506,0.007224437935153761,0.9662541057960908
26092,LOF,0.02125606743339401,0.008303593969211721,0.9704403385973943
26093,LOF,0.036454206195172666,0.006656110769147529,0.9568896830356798
26094,LOF,0.02602430201611596,0.00720982783712336,0.9667658701467607
26095,LOF,0.01400374116041814,0.01726187347439056,0.9687343853651914
26096,LOF,0.14445183054585034,0.0057656897012277365,0.849782479752922
26097,LOF,0.0049007892564323285,0.03770137823985197,0.9573978325037157
26098,LOF,0.06863701475778633,0.014100500835028857,0.9172624844071848
26099,LOF,0.017895408748502387,0.014493068831396788,0.9676115224201008
26100,LOF,0.02012415512374635,0.014201317969403271,0.9656745269068503
26101,LOF,0.04665327489204501,0.022088326083379732,0.9312583990245752
26102,LOF,0.019646683515300543,0.01419232804751304,0.9661609884371865
26103,Neutral,0.8672627622513062,0.020879756364537982,0.11185748138415598
26104,LOF,0.06487367653340344,0.024966776036766784,0.9101595474298297
26105,LOF,0.19980207558418187,0.1669863125959887,0.6332116118198294
26106,LOF,0.36985034356040314,0.09744390143014954,0.5327057550094473
26107,LOF,0.02563447971693334,0.12360556526488906,0.8507599550181776
26108,LOF,0.3958186627366766,0.04104857358652681,0.5631327636767965
26109,LOF,0.028020642860146536,0.05903404406447311,0.9129453130753804
26110,LOF,0.19318562431197828,0.008466615860887289,0.7983477598271344
26111,LOF,0.0935366705968082,0.06842808933980214,0.8380352400633897
26112,LOF,0.032692335448820165,0.00818031505310073,0.959127349498079
26113,LOF,0.05768977020490511,0.018070763886277912,0.9242394659088171
26114,LOF,0.06721471387253483,0.014751444936702699,0.9180338411907625
26115,LOF,0.016762546772144196,0.08199359250965653,0.9012438607181993
26116,LOF,0.0780691136135123,0.04739433712164529,0.8745365492648424
26117,LOF,0.4205821719591224,0.05781892333392848,0.5215989047069493
26118,LOF,0.0344825786452364,0.025436777306522516,0.9400806440482412
26119,LOF,0.0057794549420869075,0.047166848594824694,0.9470536964630885
26120,LOF,0.023698863439360847,0.02004841799868982,0.9562527185619494
26121,LOF,0.004963244842396303,0.11888690497650078,0.8761498501811029
