feature0,prediction,LoGoFunc_Neutral,LoGoFunc_GOF,LoGoFunc_LOF
25546,Neutral,0.6640132441505479,0.04363875766874358,0.29234799818070867
25547,Neutral,0.5535206583696624,0.0911925120460756,0.355286829584262
25548,Neutral,0.5189137044555,0.06561984186362713,0.41546645368087287
25549,Neutral,0.4822052562599133,0.06514816841537786,0.4526465753247088
25550,LOF,0.39681125820837254,0.12131425937569723,0.4818744824159302
25551,LOF,0.32360148240640607,0.11948166965613768,0.5569168479374563
25552,LOF,0.1864483836259833,0.12814659121035274,0.685405025163664
25553,Neutral,0.8278280785714449,0.03317919008360362,0.13899273134495163
25554,LOF,0.22971458179696785,0.12722168139311216,0.64306373680992
25555,LOF,0.1795004872172158,0.11732734877977882,0.7031721640030053
25556,Neutral,0.5276280035947054,0.08869084258842104,0.38368115381687357
25557,LOF,0.17612310806055817,0.11991486792994883,0.7039620240094929
25558,LOF,0.23080399653300457,0.13020344244356177,0.6389925610234337
25559,Neutral,0.582139633510188,0.05270553131235397,0.365154835177458
25560,LOF,0.04367279119999945,0.25940220857943247,0.696925000220568
25561,LOF,0.08064767442237468,0.2915794649826459,0.6277728605949794
25562,LOF,0.10136306790553172,0.14040086059781598,0.7582360714966524
25563,LOF,0.09646961856112549,0.15577043457543996,0.7477599468634346
25564,LOF,0.06767205410338202,0.22860555535186486,0.703722390544753
25565,LOF,0.14117213684142313,0.17282889523175418,0.6859989679268227
25566,GOF,0.016182440876171496,0.7415835806336717,0.24223397849015674
25567,LOF,0.015683852203685907,0.11538044732484498,0.8689357004714691
25568,LOF,0.05211448761721073,0.06633537433725796,0.8815501380455313
25569,LOF,0.06373016916426362,0.06392309532419585,0.8723467355115406
25570,LOF,0.0735080859824835,0.10864911308871684,0.8178428009287997
25571,LOF,0.06910413056958647,0.09414999873725195,0.8367458706931616
25572,LOF,0.06907133189459853,0.13357403512643098,0.7973546329789706
25573,LOF,0.02953862646927408,0.0794031943496241,0.8910581791811019
25574,LOF,0.018022084975717723,0.13328887831080935,0.848689036713473
25575,LOF,0.05858441153638158,0.09477295565059592,0.8466426328130224
25576,LOF,0.01986843049943142,0.09162563147058735,0.8885059380299811
25577,LOF,0.014164539695754406,0.14642759795189106,0.8394078623523545
25578,LOF,0.2424966640521851,0.07890408874708371,0.6785992472007312
25579,LOF,0.2449320796702216,0.07862110514793434,0.6764468151818441
25580,LOF,0.041638400931646835,0.08714875144141129,0.8712128476269418
25581,LOF,0.05180965333799635,0.06771081769570614,0.8804795289662976
25582,LOF,0.05164242013232107,0.06423872081668333,0.8841188590509956
25583,LOF,0.0526682140112944,0.09531129358512262,0.852020492403583
25584,Neutral,0.5041076818930775,0.07149257128422544,0.42439974682269704
25585,LOF,0.03361759310271392,0.08730170505905498,0.8790807018382312
25586,LOF,0.03838059732468564,0.0771393389034902,0.8844800637718241
25587,LOF,0.033987172255336554,0.06567177422172962,0.9003410535229338
25588,LOF,0.03523667347075977,0.08494852968698488,0.8798147968422553
25589,Neutral,0.6211951296951721,0.08556934654677661,0.2932355237580513
25590,LOF,0.027974978415222996,0.12047981471997188,0.8515452068648051
25591,LOF,0.11590289033412328,0.05385318110910594,0.8302439285567708
25592,LOF,0.09892386516004849,0.11954626407511953,0.7815298707648319
25593,LOF,0.01655320939065984,0.2171655790414519,0.7662812115678883
25594,LOF,0.040564989847073324,0.12285954643636683,0.8365754637165598
25595,LOF,0.08021488140403306,0.0862390821077505,0.8335460364882163
25596,LOF,0.07956144658864032,0.07337178367180658,0.8470667697395531
25597,LOF,0.07640101948467823,0.039354573427874774,0.884244407087447
25598,LOF,0.05356160022227527,0.12044775555168243,0.8259906442260424
25599,GOF,0.006436349890222412,0.6483715053373049,0.3451921447724728
25600,GOF,0.007065851519310631,0.5654497042392272,0.4274844442414621
25601,LOF,0.00650803046528609,0.43340859153794137,0.5600833779967724
25602,LOF,0.01612781296456173,0.08934882486766992,0.8945233621677684
25603,LOF,0.0409562341223204,0.03770104467132665,0.9213427212063529
25604,LOF,0.03810013485871621,0.07741620362312258,0.8844836615181613
25605,LOF,0.011749342253868672,0.2325292388872549,0.7557214188588764
25606,GOF,0.06207828908490921,0.5061234324361685,0.4317982784789223
25607,LOF,0.0038484459906681003,0.1530153997171511,0.8431361542921808
25608,LOF,0.0437658796904599,0.04489653472243664,0.9113375855871034
25609,LOF,0.054131338738172774,0.24863953272760353,0.6972291285342238
25610,LOF,0.051061421992988375,0.03495962084196397,0.9139789571650476
25611,LOF,0.05329625284091558,0.025460764678755635,0.9212429824803288
25612,LOF,0.1257485055378783,0.06303310156889584,0.8112183928932258
25613,LOF,0.11216607266886158,0.054555630226383045,0.8332782971047553
25614,LOF,0.03567159173835982,0.04004971400295074,0.9242786942586894
25615,LOF,0.08005676025364386,0.053101873189336936,0.8668413665570193
25616,LOF,0.04145773613660225,0.058140364476166356,0.9004018993872314
25617,LOF,0.042883325690095925,0.05399262324258719,0.903124051067317
25618,LOF,0.24830705446489187,0.04164507163291419,0.7100478739021939
25619,LOF,0.042831439836060324,0.0417258346972501,0.9154427254666897
25620,LOF,0.04037566677757045,0.054758094165457044,0.9048662390569726
25621,LOF,0.04227753972147136,0.03891415643604139,0.9188083038424871
25622,LOF,0.034194963033562835,0.06433715264889732,0.9014678843175398
25623,LOF,0.05471381782749017,0.0422838325234867,0.9030023496490232
25624,LOF,0.03102403598117125,0.04839497875090548,0.9205809852679233
25625,LOF,0.043147323847474314,0.06173934128760765,0.895113334864918
25626,LOF,0.07883773140785003,0.047297454187633405,0.8738648144045166
25627,Neutral,0.5668690843310253,0.10195522133749903,0.33117569433147576
25628,LOF,0.20987600384496294,0.04904188936635284,0.7410821067886842
25629,LOF,0.07746763290258372,0.13305482327804607,0.7894775438193703
25630,LOF,0.19316625875188478,0.08435862770357602,0.7224751135445393
25631,Neutral,0.6055161037333634,0.05364921494727646,0.34083468131936
25632,LOF,0.021756936937381656,0.08083314217666232,0.897409920885956
25633,LOF,0.22427240392097522,0.07865654993359572,0.6970710461454291
25634,LOF,0.03916255102974025,0.08092434160110368,0.8799131073691561
25635,LOF,0.036401427806294025,0.06741912529875137,0.8961794468949547
25636,GOF,0.00527109090826262,0.6493609032956532,0.3453680057960841
25637,GOF,0.004036620051616403,0.5582065925737205,0.43775678737466306
25638,GOF,0.007188202522759022,0.5161903983705811,0.47662139910666
25639,LOF,0.00430426759728615,0.4688436586802022,0.5268520737225116
25640,GOF,0.41365565753912464,0.5275307126181534,0.05881362984272186
25641,LOF,0.006067073056657679,0.3439237440259687,0.6500091829173735
25642,LOF,0.2658508182468922,0.13935801798534203,0.5947911637677656
25643,LOF,0.25240419215775506,0.27888040604658065,0.46871540179566423
25644,GOF,0.012954711995817316,0.7483316643494435,0.23871362365473908
25645,GOF,0.009473551068499881,0.6833371322679398,0.30718931666356036
25646,GOF,0.009881844894167977,0.4992214286216481,0.49089672648418387
25647,LOF,0.009105505767990863,0.3697664070904738,0.6211280871415353
25648,LOF,0.0071510243172444145,0.4697988154645814,0.5230501602181742
25649,LOF,0.007383926226803669,0.2968939446392424,0.695722129133954
25650,GOF,0.019017055268940947,0.6827486714431189,0.2982342732879403
25651,LOF,0.005906600804256309,0.3540012815992409,0.6400921175965029
25652,LOF,0.009789237764195073,0.45178496637536847,0.5384257958604365
25653,GOF,0.042374030634333246,0.6512641906727507,0.3063617786929162
25654,LOF,0.00709918483966068,0.445374495703662,0.5475263194566773
25655,GOF,0.05887877211531715,0.6432227315248449,0.2978984963598379
25656,LOF,0.09576471369031281,0.08982495995308971,0.8144103263565975
25657,LOF,0.2895679360026282,0.038219642770115185,0.6722124212272567
25658,LOF,0.036668966058217733,0.16873246731998218,0.7945985666218001
25659,LOF,0.22823120619651133,0.09069018502242365,0.681078608781065
25660,LOF,0.09515998189728926,0.08601552612971052,0.8188244919730003
25661,LOF,0.07676993598232006,0.06773314558110996,0.8554969184365699
25662,LOF,0.04113735458631515,0.0547101509412455,0.9041524944724393
25663,LOF,0.04961843300263592,0.09533095585691978,0.8550506111404442
25664,LOF,0.0336431100210579,0.12951336724433682,0.8368435227346053
25665,LOF,0.04469261102878496,0.05407827324013685,0.9012291157310781
25666,LOF,0.04485975921354475,0.14409215966652092,0.8110480811199343
25667,LOF,0.04116650491570278,0.04541099833576755,0.9134224967485296
25668,LOF,0.06330983796938443,0.06009689563107186,0.8765932663995437
25669,LOF,0.057460563030791174,0.08603316003795745,0.8565062769312514
25670,LOF,0.08362355994558923,0.08729465832567213,0.8290817817287386
25671,LOF,0.051675053402671714,0.04323675331811541,0.9050881932792127
25672,LOF,0.05160619294514323,0.062434297773545144,0.8859595092813117
25673,LOF,0.040293534812502065,0.062335048381454775,0.897371416806043
25674,LOF,0.027606074749630696,0.07952314137916863,0.8928707838712006
25675,LOF,0.03639764849421357,0.063516298556674,0.9000860529491125
25676,LOF,0.03749110357217108,0.06289271555942104,0.8996161808684078
25677,LOF,0.09316070836898904,0.05564765232543843,0.8511916393055725
25678,LOF,0.181905104555629,0.04424732552081545,0.7738475699235555
25679,LOF,0.12837494315582693,0.054409192995131375,0.8172158638490417
25680,LOF,0.09615474617492366,0.08750424039453382,0.8163410134305426
25681,LOF,0.11113521471913677,0.08464868719209676,0.8042160980887665
25682,LOF,0.06227446184214204,0.054636922205102176,0.8830886159527558
25683,LOF,0.08537350378455479,0.07527107040023445,0.8393554258152107
25684,LOF,0.07881205413241066,0.06137649211197788,0.8598114537556114
25685,LOF,0.12387091814322808,0.040329425351060356,0.8357996565057115
25686,LOF,0.023438727007068106,0.0879542561643489,0.8886070168285829
25687,LOF,0.053801070330432535,0.09826715640055829,0.8479317732690091
25688,LOF,0.020635220090823886,0.06783407355819254,0.9115307063509835
25689,LOF,0.018348544525846482,0.03769008381316161,0.9439613716609919
25690,LOF,0.01932735328361598,0.04386854574764292,0.9368041009687411
25691,LOF,0.11812688464810964,0.07267653424205027,0.80919658110984
25692,LOF,0.2789136471080833,0.012939151814199698,0.708147201077717
25693,LOF,0.03114697364943129,0.2776654783712523,0.6911875479793164
25694,LOF,0.25134601780932786,0.01192849241889035,0.7367254897717818
25695,LOF,0.18817631424842213,0.02556841453349937,0.7862552712180785
25696,LOF,0.09541896560752895,0.020666994712024052,0.8839140396804469
25697,LOF,0.07391530304893228,0.056060523279283014,0.8700241736717846
25698,LOF,0.015063749715586746,0.4230710420958305,0.5618652081885828
25699,LOF,0.0883312065823292,0.12123000139448764,0.7904387920231832
25700,LOF,0.03363819072730857,0.023038935617728483,0.9433228736549629
25701,LOF,0.013373143118164248,0.1216498894912588,0.8649769673905768
25702,GOF,0.02545584625864845,0.7652041582804474,0.2093399954609042
25703,LOF,0.014451591903713153,0.26387922323825974,0.7216691848580272
25704,LOF,0.07666532418069295,0.1687374479139643,0.7545972279053427
25705,LOF,0.06671929865400056,0.15527135046867033,0.7780093508773291
25706,GOF,0.01702071068442849,0.6075217228773319,0.37545756643823974
25707,LOF,0.029430556183818596,0.4751060453756012,0.49546339844058007
25708,LOF,0.007686054021367041,0.445626163182917,0.546687782795716
25709,LOF,0.032794034973508086,0.05646914195561786,0.910736823070874
25710,LOF,0.005970399332979428,0.12556066630868376,0.8684689343583368
25711,LOF,0.032849321620437404,0.10780278146800558,0.8593478969115571
25712,LOF,0.008163739361674931,0.17940653213339872,0.8124297285049263
25713,LOF,0.032444631821381575,0.10012295149665437,0.8674324166819641
25714,LOF,0.030670106194915215,0.12690107109371043,0.8424288227113743
25715,LOF,0.03875199439093813,0.10717510058504817,0.8540729050240137
25716,LOF,0.0063985761576983175,0.13265924651101194,0.8609421773312896
25717,LOF,0.006285146078006717,0.09490009479575483,0.8988147591262385
25718,LOF,0.03736123536089498,0.06548489796513345,0.8971538666739716
25719,LOF,0.04745334962433462,0.09309040518094946,0.859456245194716
25720,LOF,0.05085853019561465,0.09934355777612527,0.8497979120282599
25721,LOF,0.0313670369787879,0.09944180434542202,0.86919115867579
25722,LOF,0.02159051197229954,0.1371807761820805,0.8412287118456199
25723,LOF,0.03650132842175651,0.09091285587695865,0.8725858157012849
25724,LOF,0.05073293461012694,0.2039909181018664,0.7452761472880067
25725,LOF,0.037029387520738116,0.0814881713640024,0.8814824411152594
25726,LOF,0.02409278835910544,0.11575366761896419,0.8601535440219303
25727,LOF,0.03318953627372023,0.09217053252029019,0.8746399312059896
25728,LOF,0.03444013552525358,0.10329485955339753,0.8622650049213488
25729,LOF,0.03380982772571999,0.11607987917037359,0.8501102931039064
25730,LOF,0.04024999358891375,0.06871842427378784,0.8910315821372984
25731,LOF,0.010745795708430941,0.1011467371599996,0.8881074671315695
25732,LOF,0.02455224105076874,0.07380824621004432,0.9016395127391869
25733,LOF,0.04521607969618202,0.0690815349209383,0.8857023853828797
25734,LOF,0.006980664392804568,0.22103536616786895,0.7719839694393266
25735,LOF,0.03119463216796494,0.07128769303657925,0.8975176747954559
25736,LOF,0.02746130700375818,0.12947619686236544,0.8430624961338764
25737,LOF,0.03966456219227685,0.0985473981637501,0.8617880396439731
25738,LOF,0.03091528327777425,0.12975307104969747,0.8393316456725283
25739,LOF,0.034756277732210614,0.08707528998062615,0.8781684322871632
25740,LOF,0.04040963831867707,0.11456624502999209,0.8450241166513309
25741,LOF,0.04489375258239721,0.10005607216461504,0.8550501752529878
25742,LOF,0.06326952025052661,0.10578715442069374,0.8309433253287797
25743,LOF,0.01197578203548559,0.021888947535550773,0.9661352704289635
25744,LOF,0.17235116523460878,0.1337193966569424,0.6939294381084488
25745,LOF,0.03570707556547498,0.05273171840724079,0.9115612060272843
25746,LOF,0.014335914179995704,0.08092287080044026,0.9047412150195641
25747,LOF,0.04916547577982699,0.02636274458641853,0.9244717796337544
25748,LOF,0.3056600816943819,0.04757552153141145,0.6467643967742065
25749,LOF,0.01562328841433113,0.04664369880504714,0.9377330127806217
25750,LOF,0.021168264598446455,0.05451513952119725,0.9243165958803562
25751,LOF,0.04631543120084423,0.03938848366129978,0.9142960851378561
25752,GOF,0.07317341155070675,0.6961343481710366,0.23069224027825683
25753,LOF,0.007757362191582621,0.4551692879083026,0.5370733499001148
25754,GOF,0.007412017899948367,0.9086859516479757,0.0839020304520761
25755,LOF,0.007274106424448134,0.44335072691375266,0.5493751666617992
25756,LOF,0.023788778655965338,0.4749299471733718,0.5012812741706628
25757,GOF,0.008305052849667259,0.8922791362606838,0.09941581088964907
25758,GOF,0.008556948798478957,0.9089540939351191,0.0824889572664021
25759,GOF,0.005814726758271771,0.7008508409588285,0.29333443228289974
25760,LOF,0.005999006497527683,0.3362209375924886,0.6577800559099837
25761,GOF,0.04420124772255225,0.8756329802358322,0.08016577204161543
25762,LOF,0.026936726821088487,0.40902912494259236,0.5640341482363191
25763,LOF,0.006363919454395888,0.32979853349191296,0.6638375470536911
25764,GOF,0.0553091629678413,0.716797387988082,0.22789344904407668
25765,GOF,0.007970030560137613,0.9033056266020839,0.08872434283777847
25766,GOF,0.024292426297985212,0.8615616067892299,0.11414596691278481
25767,GOF,0.018014075222221673,0.517141765982296,0.4648441587954825
25768,LOF,0.054765874931901014,0.05099892691564734,0.8942351981524517
25769,LOF,0.026996070860057106,0.07522325088416822,0.8977806782557747
25770,LOF,0.14773256211864988,0.13069848616011626,0.7215689517212339
25771,LOF,0.020069241254723213,0.09124341527942184,0.8886873434658551
25772,LOF,0.031149765282230728,0.03799362416340736,0.9308566105543619
25773,LOF,0.015189703899486226,0.09990698911904933,0.8849033069814646
25774,LOF,0.027608267462521877,0.19533729213072826,0.7770544404067499
25775,LOF,0.01969107906689728,0.04672456316673454,0.9335843577663681
25776,LOF,0.03114658251320172,0.025108520299444836,0.9437448971873533
25777,LOF,0.31665878390416935,0.11345558049335495,0.5698856356024756
25778,LOF,0.02731790724371101,0.08285179504079457,0.8898302977154945
25779,GOF,0.06161961280316474,0.8636850950334225,0.07469529216341284
25780,GOF,0.07164372653241205,0.8600765677250407,0.06827970574254716
25781,GOF,0.03467737261849322,0.8403935637126612,0.12492906366884553
25782,GOF,0.0406909548034163,0.8925543834719248,0.06675466172465871
25783,GOF,0.03612690707794551,0.9060583716788851,0.057814721243169484
25784,GOF,0.1329608711283701,0.8143743342887345,0.05266479458289546
25785,GOF,0.12136858909148938,0.8379476046975927,0.04068380621091796
25786,GOF,0.010417079368903803,0.8577394185445938,0.13184350208650256
25787,GOF,0.2607494078454322,0.6803718415884269,0.058878750566140954
25788,LOF,0.01871706063392896,0.2009909990563349,0.7802919403097361
25789,GOF,0.021700650340309425,0.8446724871970982,0.13362686246259234
25790,GOF,0.031513116395078346,0.8745264993943704,0.09396038421055122
25791,GOF,0.028132939495136844,0.7494056974919294,0.22246136301293365
25792,GOF,0.03476416039284928,0.7932007470342555,0.17203509257289523
25793,GOF,0.04860529693454034,0.8039511336110243,0.14744356945443532
25794,GOF,0.05352149525183032,0.7240222356923459,0.22245626905582386
25795,GOF,0.058684714750828815,0.7383357381131319,0.20297954713603927
25796,GOF,0.13495592130533607,0.7681250553076228,0.09691902338704102
25797,GOF,0.07526554343073413,0.690805442756187,0.2339290138130788
25798,GOF,0.007502849794765487,0.7950287273546971,0.1974684228505374
25799,GOF,0.005046792369879872,0.6895921112287068,0.3053610964014135
25800,GOF,0.02836390367750074,0.8340202810879394,0.13761581523455987
25801,GOF,0.02755802698541343,0.8868254137608037,0.08561655925378273
25802,GOF,0.030981990235360187,0.7855466089835903,0.1834714007810495
25803,GOF,0.02455074706119753,0.7204600177181222,0.25498923522068034
25804,GOF,0.03902654693279576,0.7738075265905844,0.1871659264766197
25805,GOF,0.0343350900438046,0.814386461186598,0.15127844876959737
25806,GOF,0.04537255698069655,0.8158323573961667,0.13879508562313664
25807,GOF,0.016094186561162165,0.7793971842131401,0.20450862922569787
25808,GOF,0.029251967847178328,0.7829256738749202,0.18782235827790145
25809,GOF,0.013965618713225875,0.7374815695230866,0.2485528117636875
25810,GOF,0.011847586125217725,0.7165172895233487,0.2716351243514335
25811,GOF,0.07778487904644653,0.8521914743738962,0.07002364657965715
25812,GOF,0.03471274528783551,0.7775814646619964,0.1877057900501681
25813,GOF,0.18936792815807027,0.7327354234579964,0.07789664838393331
25814,GOF,0.03193403746576848,0.7774310645560193,0.19063489797821234
25815,GOF,0.06133701610481272,0.7816352182934119,0.15702776560177542
25816,GOF,0.010308754312362112,0.8662176767982899,0.12347356888934798
25817,GOF,0.12002278203928003,0.7483847417738492,0.1315924761868709
25818,GOF,0.03186439479440941,0.7809256193636356,0.18720998584195483
25819,GOF,0.05528838791259671,0.7655299950878416,0.17918161699956162
25820,GOF,0.058743900423247314,0.7358936878456527,0.20536241173109993
25821,GOF,0.041735143982821764,0.7844446889572533,0.17382016705992506
25822,GOF,0.06470106643731163,0.7634817031592873,0.17181723040340108
25823,GOF,0.03338556751530927,0.7270490655017913,0.2395653669828995
25824,GOF,0.03190067403192841,0.7697484202038515,0.19835090576422013
25825,GOF,0.02433508100196948,0.7689903703629979,0.20667454863503262
25826,GOF,0.01153777007977294,0.7187840230427099,0.26967820687751715
25827,GOF,0.018546803494354735,0.7264815862360677,0.25497161026957754
25828,GOF,0.012036624349246515,0.766479955011791,0.22148342063896245
25829,GOF,0.0048382751914664195,0.6706501686376157,0.324511556170918
25830,GOF,0.0514940559007531,0.5693915804684625,0.37911436363078443
25831,GOF,0.07317613709049002,0.796457378316134,0.130366484593376
25832,GOF,0.011806536681304356,0.7415861487490806,0.2466073145696151
25833,GOF,0.0422348876267279,0.8038306186386434,0.15393449373462878
25834,GOF,0.012035090982188705,0.7598024305390337,0.22816247847877758
25835,GOF,0.02780965428379507,0.8199069196329853,0.15228342608321954
25836,GOF,0.0077538275421552795,0.7588865804449828,0.23335959201286197
25837,GOF,0.009316302376243242,0.7617924006795809,0.22889129694417584
25838,GOF,0.021785068682996178,0.8247575937072156,0.15345733760978802
25839,GOF,0.05088675842023325,0.7963581729749343,0.15275506860483243
25840,GOF,0.08519266831760573,0.757230772975269,0.1575765587071254
25841,GOF,0.07793800839815793,0.8021755327091206,0.1198864588927215
25842,GOF,0.029169510128655672,0.8684285238436332,0.1024019660277111
25843,GOF,0.0282209594940048,0.8729159351358075,0.0988631053701877
25844,GOF,0.022454225118032013,0.8068822042883957,0.17066357059357223
25845,GOF,0.007301407443777908,0.7048489225072715,0.2878496700489505
25846,GOF,0.07588680504062897,0.8301548395339863,0.09395835542538478
25847,GOF,0.01756808641469905,0.8696862682894521,0.11274564529584893
25848,GOF,0.027087493869298766,0.8129478551016505,0.1599646510290507
25849,GOF,0.008213783467497945,0.7897945468129581,0.2019916697195439
25850,GOF,0.007481957310278394,0.7153233197579925,0.2771947229317291
25851,GOF,0.006747326103732584,0.6603445165958315,0.3329081573004359
25852,GOF,0.15001966689937238,0.5484084640721234,0.3015718690285041
25853,GOF,0.056208856308314736,0.7938151031939565,0.14997604049772872
25854,GOF,0.006752302377151445,0.7154810165381043,0.27776668108474434
25855,GOF,0.02573886404373953,0.6566260367494275,0.31763509920683297
25856,GOF,0.04945179276497423,0.7332824893820974,0.2172657178529284
25857,GOF,0.02585630379134939,0.6439466971627364,0.33019699904591415
25858,GOF,0.009450991637561018,0.601689890275953,0.38885911808648616
25859,GOF,0.007062891537529714,0.5772587927631859,0.41567831569928443
25860,GOF,0.08708931850951869,0.7341466551645175,0.1787640263259639
25861,GOF,0.11695723683608834,0.7962517398906439,0.08679102327326778
25862,GOF,0.023542916036765543,0.8827246858706198,0.09373239809261454
25863,GOF,0.020370090419187477,0.8660188841327553,0.11361102544805718
25864,GOF,0.039000733927195635,0.8814801427133516,0.07951912335945267
25865,GOF,0.04034241951545595,0.8576652444394649,0.10199233604507911
25866,GOF,0.021180156793553694,0.8524352560721385,0.1263845871343076
25867,GOF,0.04378560401150078,0.8486613929169984,0.10755300307150083
25868,GOF,0.07043549487720434,0.7693503722296496,0.16021413289314618
25869,GOF,0.3269930000648139,0.5651977505013775,0.10780924943380843
25870,GOF,0.06985086960335571,0.595840805012653,0.33430832538399124
25871,GOF,0.009646935618810146,0.8034973237579319,0.18685574062325785
25872,GOF,0.022967014702370017,0.7937899528383934,0.1832430324592365
25873,GOF,0.02210093545892106,0.873873402098888,0.10402566244219093
25874,LOF,0.022731166337079476,0.21465676645920734,0.7626120672037132
25875,LOF,0.019182837971670818,0.1415524144832043,0.8392647475451248
25876,LOF,0.021717515369649408,0.06058880608780705,0.9176936785425436
25877,LOF,0.08838342298602783,0.25877724261066615,0.652839334403306
25878,LOF,0.04953313676854226,0.3147989323455022,0.6356679308859555
25879,LOF,0.00965310390738201,0.19265599821836327,0.7976908978742546
25880,LOF,0.04151089576498596,0.022430685372034936,0.936058418862979
25881,Neutral,0.5560320472035577,0.10845542355439418,0.33551252924204805
25882,LOF,0.05018630779280885,0.0320459424600318,0.9177677497471592
25883,LOF,0.03138924559997775,0.02687497631888208,0.9417357780811402
25884,LOF,0.018922047191542172,0.03955716995347726,0.9415207828549806
25885,LOF,0.16264635460444724,0.012840961016888457,0.8245126843786642
25886,LOF,0.2629809569868999,0.05563134078092199,0.6813877022321781
25887,LOF,0.07910090445461804,0.16019140001605647,0.7607076955293255
25888,LOF,0.008407635140744465,0.2005862841803779,0.7910060806788777
25889,LOF,0.026530544353149284,0.03390300357547387,0.9395664520713768
25890,LOF,0.19688809365536475,0.0645010725512276,0.7386108337934076
25891,LOF,0.126781973526164,0.04322247320319369,0.8299955532706422
25892,LOF,0.009190577717792893,0.03361962224619806,0.9571898000360091
25893,LOF,0.3071734311083117,0.012210922606139634,0.6806156462855487
25894,LOF,0.3303396459660829,0.009073796555002737,0.6605865574789144
25895,LOF,0.27735568815039496,0.017422600115587872,0.7052217117340172
25896,LOF,0.08088461777919016,0.03537046804850425,0.8837449141723055
25897,LOF,0.11398936467609293,0.0148533026561764,0.8711573326677307
25898,LOF,0.11925601811879355,0.03526434039572543,0.845479641485481
25899,LOF,0.3857351990251587,0.03856402712197598,0.5757007738528653
25900,Neutral,0.6874171279342942,0.01457554339850736,0.2980073286671983
25901,LOF,0.056277619313392896,0.016259917722694785,0.9274624629639122
25902,LOF,0.07198221756164358,0.013040089020394646,0.9149776934179616
25903,LOF,0.160008681853023,0.033445012652095985,0.806546305494881
25904,Neutral,0.4651596154221988,0.07486962378198961,0.45997076079581156
25905,LOF,0.007483985866346787,0.39980478438346584,0.5927112297501873
25906,LOF,0.008703178594651067,0.07064947754523587,0.920647343860113
25907,LOF,0.009101200347393467,0.2730835516221507,0.7178152480304557
25908,LOF,0.008046163495812511,0.2534519935727764,0.7385018429314111
25909,LOF,0.0340569485250003,0.11326187354699017,0.8526811779280096
25910,LOF,0.016132737624032077,0.10575679840724361,0.8781104639687244
25911,LOF,0.19564780001416263,0.021229054597230144,0.7831231453886073
25912,LOF,0.13520960492938366,0.023146740563158227,0.841643654507458
25913,LOF,0.01967809785594598,0.026279297901940675,0.9540426042421134
25914,LOF,0.046588183628095546,0.020406741258108246,0.9330050751137963
25915,LOF,0.2051276675453627,0.21219765896677711,0.5826746734878603
25916,LOF,0.014890272922322922,0.10970164671836011,0.8754080803593168
25917,LOF,0.07229177373284497,0.028573594508330184,0.8991346317588248
25918,LOF,0.04827543325214091,0.013877890517314449,0.9378466762305446
25919,LOF,0.04051553173006865,0.01576276840897141,0.9437216998609599
25920,LOF,0.3431570210709639,0.16455480370443304,0.4922881752246031
25921,LOF,0.020878064014653967,0.017965875299300268,0.9611560606860458
25922,LOF,0.021257283886175808,0.017628973014502145,0.9611137430993221
25923,LOF,0.45834668651834976,0.011648988252783425,0.5300043252288668
25924,LOF,0.02879305543275877,0.016295398144293566,0.9549115464229476
25925,LOF,0.11182561924122178,0.02416487529044086,0.8640095054683374
25926,LOF,0.09341782957873736,0.018656607229082477,0.8879255631921801
25927,LOF,0.03063681265018231,0.024253652301070478,0.9451095350487473
25928,LOF,0.01533609795504299,0.011371401844058904,0.9732925002008981
25929,Neutral,0.5993522633509261,0.011409514020752015,0.38923822262832203
25930,LOF,0.06761730167278164,0.01127564322710582,0.9211070551001125
25931,LOF,0.016553353278985623,0.010936631960932523,0.9725100147600819
25932,LOF,0.08538257616475257,0.008979785118259975,0.9056376387169874
25933,LOF,0.098927877953289,0.007144935373749396,0.8939271866729617
25934,LOF,0.1011519580421129,0.007354863745370963,0.8914931782125161
25935,LOF,0.10891183726422567,0.021288940671258527,0.8697992220645158
25936,LOF,0.10219085159727444,0.0070560051501401145,0.8907531432525856
25937,LOF,0.01807887442102833,0.015575479188451532,0.96634564639052
25938,LOF,0.10655567609161928,0.019605136984144934,0.8738391869242358
25939,LOF,0.06919030121041751,0.011438820371588752,0.9193708784179937
25940,LOF,0.010295897099584207,0.48187050733468606,0.5078335955657297
25941,LOF,0.4810950357237345,0.037022562744924666,0.48188240153134093
25942,LOF,0.012148388577178888,0.05490298077787642,0.9329486306449447
25943,LOF,0.05243172915164395,0.15735761224517195,0.7902106586031841
25944,LOF,0.043778805690442374,0.10621351593853577,0.8500076783710218
25945,LOF,0.19547717378711454,0.026445640528357253,0.7780771856845282
25946,LOF,0.08429023869402927,0.052287017288352756,0.8634227440176179
25947,Neutral,0.5178771056853141,0.10154361607770047,0.38057927823698556
25948,Neutral,0.5143678059058773,0.019659663082920546,0.4659725310112022
25949,LOF,0.12207520505444139,0.04184389021380459,0.836080904731754
25950,GOF,0.09650911519603568,0.6765545981204979,0.2269362866834664
25951,LOF,0.015231051080100484,0.4682080661991678,0.5165608827207316
25952,LOF,0.16191529783039757,0.26588707646175214,0.5721976257078503
25953,LOF,0.007576848286173828,0.3297119226920873,0.6627112290217387
25954,GOF,0.059966378449196375,0.4716240645943895,0.46840955695641423
25955,LOF,0.008762455122562657,0.33182704687558917,0.6594104980018481
25956,LOF,0.010258847927681308,0.32550906349614694,0.6642320885761717
25957,LOF,0.16231455226057967,0.04387997102279624,0.7938054767166242
25958,LOF,0.023955189362160116,0.06318166281142801,0.912863147826412
25959,GOF,0.006853582755617942,0.7196769092046501,0.27346950803973197
25960,LOF,0.005227819463081423,0.1134590353226346,0.8813131452142839
25961,LOF,0.024930264924265186,0.061739191736286,0.9133305433394487
25962,LOF,0.03618594835247572,0.10069142546843794,0.8631226261790864
25963,LOF,0.011095177241695288,0.1539020920898574,0.8350027306684472
25964,LOF,0.04839799388711529,0.09323518186810305,0.8583668242447817
25965,LOF,0.18558563811727466,0.13632727378325407,0.6780870880994713
25966,LOF,0.34336679835964296,0.11252466842611172,0.5441085332142453
25967,LOF,0.006994108080749103,0.10687060564370675,0.886135286275544
25968,LOF,0.052828600779169656,0.2940404535598174,0.6531309456610129
25969,LOF,0.12883538867207942,0.08627301009773,0.7848916012301906
25970,LOF,0.0541957578454307,0.07120736297549192,0.8745968791790774
25971,LOF,0.0689369795285487,0.02741697315928048,0.9036460473121708
25972,LOF,0.06632579094551623,0.03265065400991174,0.9010235550445721
25973,LOF,0.07917877765067433,0.014874553466779862,0.9059466688825457
25974,LOF,0.0643212384840127,0.055382120824960454,0.8802966406910269
25975,LOF,0.030822061937019144,0.019169243442197864,0.9500086946207831
25976,LOF,0.09859475193882813,0.01667144677017889,0.884733801290993
25977,LOF,0.26348611989321924,0.07169325321510231,0.6648206268916784
25978,LOF,0.1615103178889732,0.15087879810991062,0.6876108840011163
25979,LOF,0.11996006289776408,0.1515265600364973,0.7285133770657387
25980,LOF,0.1908359427612556,0.2682727299909738,0.5408913272477706
25981,LOF,0.19232490118869836,0.27190457533678286,0.5357705234745188
25982,LOF,0.27247642940089273,0.1375133354916198,0.5900102351074875
25983,Neutral,0.4666255209274631,0.11949874343792476,0.4138757356346121
25984,LOF,0.061703577263551496,0.07854522577665164,0.859751196959797
25985,Neutral,0.4644398245230084,0.1420657592593544,0.3934944162176372
25986,LOF,0.012240738015126991,0.40379888925863267,0.5839603727262404
25987,LOF,0.033926639991578536,0.09735990468872292,0.8687134553196985
25988,LOF,0.04691094287068337,0.1223086812872725,0.8307803758420441
25989,LOF,0.041071601465620756,0.13127043662739413,0.827657961906985
25990,LOF,0.04715006719137362,0.2384580695875408,0.7143918632210856
25991,GOF,0.021592666749396413,0.5317066772030776,0.446700656047526
25992,LOF,0.01122409566196113,0.42742802423080073,0.5613478801072382
25993,LOF,0.020724994221465072,0.0690879303052598,0.910187075473275
25994,LOF,0.028134440191557017,0.07683480720100205,0.895030752607441
25995,LOF,0.019125447643883898,0.12801827723197062,0.8528562751241455
25996,GOF,0.32095230127566915,0.44185991409000447,0.23718778463432635
25997,GOF,0.0539373826992693,0.5928993712545615,0.3531632460461693
25998,LOF,0.22620923088962813,0.03774093098801677,0.7360498381223551
25999,LOF,0.02599598781661396,0.28389935498112145,0.6901046572022645
26000,LOF,0.13848491904068783,0.016631597830964732,0.8448834831283475
26001,LOF,0.15031876295459148,0.02175763302347493,0.8279236040219337
26002,LOF,0.09896269281083417,0.019475601620737828,0.881561705568428
26003,GOF,0.006465296582178424,0.5447367299536374,0.448797973464184
26004,GOF,0.01637576389054427,0.5573330715363596,0.42629116457309607
26005,LOF,0.005431411651703374,0.47236403764362744,0.5222045507046692
26006,GOF,0.10436668888592335,0.4842366905160122,0.4113966205980645
26007,GOF,0.010170309092994805,0.5048169317463774,0.4850127591606278
26008,GOF,0.006913797014383246,0.570521751040492,0.42256445194512476
26009,GOF,0.012213793131111437,0.5933439426686553,0.39444226420023326
26010,GOF,0.01124447217163193,0.5065155365885924,0.4822399912397757
26011,LOF,0.005855265962509017,0.39548657227864287,0.5986581617588481
26012,LOF,0.005375591112151563,0.48857843010359114,0.5060459787842573
26013,LOF,0.011353447950540782,0.465579059698611,0.5230674923508482
26014,LOF,0.051407201149755756,0.0865463471280111,0.8620464517222333
26015,LOF,0.3716971178183126,0.017885776263627303,0.6104171059180602
26016,LOF,0.25854426470612984,0.036002450634627266,0.7054532846592428
26017,LOF,0.016662768539555787,0.14011364419343117,0.8432235872670131
26018,LOF,0.02071858581606064,0.06161669509086888,0.9176647190930705
26019,LOF,0.020637611865818573,0.0536597726551459,0.9257026154790357
26020,LOF,0.007163532641315208,0.13213979534242679,0.8606966720162581
26021,LOF,0.07797356143594021,0.06745001310031563,0.8545764254637441
26022,LOF,0.041458309929287444,0.02458540138177305,0.9339562886889395
26023,LOF,0.03100436445820009,0.051114040181500224,0.9178815953602996
26024,LOF,0.04920983782977787,0.049002804265081114,0.901787357905141
26025,LOF,0.14653831884537685,0.058022971275498894,0.7954387098791242
26026,LOF,0.12423809848348283,0.04808218119524096,0.8276797203212762
26027,LOF,0.02773166410890142,0.030073673893505452,0.9421946619975933
26028,LOF,0.08398336639283138,0.19855068538108708,0.7174659482260815
26029,LOF,0.038081221740208164,0.17140977932559812,0.7905089989341937
26030,LOF,0.12722835072950198,0.021330481480193,0.8514411677903051
26031,LOF,0.016095408827443654,0.17124633469161418,0.8126582564809421
26032,LOF,0.02781698200298585,0.031518918442570355,0.9406640995544439
26033,LOF,0.049874496431251726,0.0516442929925149,0.8984812105762334
26034,LOF,0.023003516802046393,0.11232153545230186,0.8646749477456517
26035,LOF,0.01364076869151814,0.1355648986861717,0.8507943326223102
26036,LOF,0.012861662977135016,0.10477379365482856,0.8823645433680365
26037,LOF,0.012592274591238762,0.11382744009146264,0.8735802853172987
26038,LOF,0.025029543157708292,0.030641235918496414,0.9443292209237953
26039,LOF,0.03718643188604032,0.15760537580495673,0.8052081923090029
26040,LOF,0.07498285794792865,0.18492677684140618,0.7400903652106651
26041,LOF,0.014984903839045532,0.11543591469442342,0.8695791814665311
26042,LOF,0.013952267731269391,0.12229876490807634,0.8637489673606543
26043,LOF,0.025577586806897208,0.05355699469249942,0.9208654185006034
26044,LOF,0.00807401136521097,0.05449310145671964,0.9374328871780694
26045,LOF,0.09636102042277252,0.24842825131876975,0.6552107282584578
26046,LOF,0.025415275939611997,0.052667599766623954,0.9219171242937639
26047,LOF,0.06981234915685097,0.050671147812608335,0.8795165030305406
26048,LOF,0.08493625686354234,0.02964456424075318,0.8854191788957044
26049,Neutral,0.9406473746807995,0.007259935893991749,0.05209268942520878
26050,Neutral,0.8956586409853021,0.008732478294921278,0.0956088807197767
26051,LOF,0.033084197356298674,0.34068107713547124,0.62623472550823
26052,LOF,0.0372616679228953,0.26637408393440926,0.6963642481426955
26053,LOF,0.021549331448064996,0.2022780484821767,0.7761726200697582
26054,LOF,0.058968709563837055,0.07124504991605937,0.8697862405201037
26055,LOF,0.07489900351752861,0.07229778604305459,0.8528032104394168
26056,LOF,0.07169554896446667,0.07578053242142324,0.85252391861411
26057,LOF,0.046529991618428045,0.021215063686485493,0.9322549446950865
26058,LOF,0.05158516099661063,0.01705752202493043,0.931357316978459
26059,LOF,0.26264938482412353,0.08644103428949823,0.6509095808863782
26060,LOF,0.017669718773403377,0.21949646467348757,0.7628338165531091
26061,LOF,0.01271141665036689,0.013694799317524384,0.9735937840321086
26062,LOF,0.0058058296744883334,0.028933418109458656,0.9652607522160529
26063,LOF,0.04454409138729253,0.018032718486291507,0.9374231901264161
26064,LOF,0.00823254674773196,0.020036048309184335,0.9717314049430837
26065,LOF,0.049372718467515404,0.021996994957229243,0.9286302865752554
26066,LOF,0.04213259294005739,0.016908423276371022,0.9409589837835716
26067,LOF,0.048496809106824273,0.01848417302795797,0.9330190178652177
26068,LOF,0.054239137010220775,0.05272258079093434,0.893038282198845
26069,LOF,0.20512201657350684,0.04544701296777158,0.7494309704587216
26070,LOF,0.45945340461243184,0.026352108606907253,0.5141944867806609
26071,LOF,0.05356630637863896,0.021224555427321466,0.9252091381940396
26072,LOF,0.007397258351584866,0.025177000851606054,0.967425740796809
26073,LOF,0.04784154239864424,0.016669521953536916,0.935488935647819
26074,Neutral,0.6867128350481179,0.020656748532879778,0.2926304164190023
26075,LOF,0.043999858988284075,0.03827198247286187,0.9177281585388541
26076,LOF,0.05122042239809319,0.021603828028196787,0.92717574957371
26077,LOF,0.16836626781768763,0.022040544336212484,0.8095931878461
26078,LOF,0.006560505289327519,0.03379348924619544,0.9596460054644771
26079,LOF,0.060121992201512056,0.03806354190585708,0.9018144658926309
26080,LOF,0.05898449253192171,0.03798441651445069,0.9030310909536275
26081,LOF,0.04849801665764419,0.018676682341601976,0.9328253010007538
26082,LOF,0.006708641180909739,0.03059639414558565,0.9626949646735047
26083,LOF,0.06605768734258065,0.03204151153351036,0.901900801123909
26084,LOF,0.07795186974125193,0.02199151615665772,0.9000566141020904
26085,LOF,0.06826104054397662,0.018545770877718557,0.9131931885783048
26086,LOF,0.03988105127306713,0.02251886089673765,0.9376000878301952
26087,LOF,0.04455882799938639,0.01861874718878344,0.9368224248118303
26088,LOF,0.0070747286078366636,0.04350328168035034,0.949421989711813
26089,LOF,0.03916873417584777,0.05428932186958474,0.9065419439545676
26090,LOF,0.039174168308622054,0.04766711098152585,0.913158720709852
26091,LOF,0.03401651636493228,0.01726717285655459,0.9487163107785131
26092,LOF,0.0487629325834463,0.016266366378360958,0.9349707010381927
26093,LOF,0.07755049020031315,0.01036405415028905,0.9120854556493977
26094,LOF,0.04571510415141098,0.01385481566617431,0.9404300801824147
26095,LOF,0.01506456320452885,0.033243215042570856,0.9516922217529002
26096,LOF,0.27724684755091705,0.006302900335776353,0.7164502521133065
26097,LOF,0.00719655783089805,0.06040324739887635,0.9324001947702257
26098,LOF,0.06201574508242687,0.0383401505277779,0.8996441043897951
26099,LOF,0.054784516299569215,0.04462598430768517,0.9005894993927456
26100,LOF,0.054784516299569215,0.04462598430768517,0.9005894993927456
26101,LOF,0.060260737623668695,0.054952927864516804,0.8847863345118147
26102,LOF,0.043142501594923464,0.02362335799923599,0.9332341404058405
26103,Neutral,0.8976367441462509,0.040506726753824544,0.0618565290999245
26104,LOF,0.04988253983102344,0.0925055988594034,0.8576118613095731
26105,LOF,0.23387215340527587,0.06712798047678509,0.6989998661179392
26106,LOF,0.2862168601483632,0.039831514216827485,0.6739516256348094
26107,LOF,0.01710142140298,0.06387878120565227,0.9190197973913676
26108,LOF,0.17144398521163579,0.06448865662306312,0.7640673581653011
26109,LOF,0.0466487973203474,0.06438869913101442,0.8889625035486381
26110,Neutral,0.5250979526710386,0.015493980546387415,0.45940806678257395
26111,LOF,0.052363805108039375,0.10784893221860899,0.8397872626733516
26112,LOF,0.07389739482667947,0.014954694937788832,0.9111479102355317
26113,LOF,0.08126510803444485,0.026542508072297934,0.8921923838932573
26114,LOF,0.10378575925095196,0.009031794122604906,0.8871824466264432
26115,LOF,0.0230980731805087,0.05553638293161142,0.92136554388788
26116,LOF,0.07288055517052251,0.01590766494010027,0.9112117798893772
26117,LOF,0.3725469939838442,0.04631445965386919,0.5811385463622866
26118,LOF,0.04200468725477786,0.026237904778765104,0.931757407966457
26119,LOF,0.006269783154332542,0.0894162016765538,0.9043140151691136
26120,LOF,0.03502378394222133,0.018565505891128202,0.9464107101666506
26121,LOF,0.004526578694877732,0.10932129501510034,0.8861521262900219
