feature0,prediction,LoGoFunc_Neutral,LoGoFunc_GOF,LoGoFunc_LOF
25546,Neutral,0.7507091814718403,0.030186885433479436,0.21910393309468035
25547,Neutral,0.5990173560198353,0.06801475812490625,0.33296788585525855
25548,Neutral,0.6102142534329665,0.052125033034035054,0.33766071353299826
25549,Neutral,0.5301922604840712,0.049638333092778326,0.4201694064231504
25550,LOF,0.36576704457013537,0.09676509687318198,0.5374678585566827
25551,LOF,0.27978273342196325,0.10696469093319744,0.6132525756448393
25552,LOF,0.21056406262490004,0.09946428349496665,0.6899716538801333
25553,Neutral,0.8522095043121628,0.023690651974842745,0.12409984371299443
25554,LOF,0.24745286536193212,0.09368307484388977,0.6588640597941781
25555,LOF,0.2057706589441689,0.08330312875997228,0.7109262122958587
25556,Neutral,0.46581346561894127,0.08504422585605677,0.4491423085250018
25557,LOF,0.1975687195907775,0.08774920952466422,0.7146820708845584
25558,LOF,0.2348335223575527,0.09359512855376263,0.6715713490886848
25559,LOF,0.3834465613570852,0.11180445117457984,0.5047489874683349
25560,LOF,0.0479132386144265,0.11164684419328834,0.8404399171922852
25561,LOF,0.11189148016949076,0.11501864167751001,0.7730898781529993
25562,LOF,0.07705911576983124,0.06691822699131515,0.8560226572388535
25563,LOF,0.10041173545434116,0.05719627301895063,0.8423919915267083
25564,LOF,0.26385712222031854,0.10504349296911428,0.6310993848105673
25565,LOF,0.1408938106369063,0.1290529836608168,0.7300532057022769
25566,GOF,0.013301165150090725,0.7904964093595529,0.1962024254903564
25567,LOF,0.019438261120622552,0.16818840917775432,0.8123733297016232
25568,LOF,0.054538695282716716,0.0636374448113548,0.8818238599059286
25569,LOF,0.0575947600938336,0.06333072120368576,0.8790745187024805
25570,LOF,0.055314823114708714,0.10385376506106453,0.8408314118242267
25571,LOF,0.05044205766640809,0.09844725042425669,0.8511106919093352
25572,LOF,0.06794505071027472,0.11467944224505768,0.8173755070446675
25573,LOF,0.03509008164382991,0.09581277211459559,0.8690971462415745
25574,LOF,0.021415882093221907,0.14398208227303103,0.834602035633747
25575,LOF,0.04345716031728818,0.1117795329633942,0.8447633067193177
25576,LOF,0.021938868910410362,0.13489465371731466,0.8431664773722749
25577,LOF,0.017768484678482507,0.11718901088226494,0.8650425044392526
25578,LOF,0.2969965027176316,0.08382128801338742,0.6191822092689809
25579,LOF,0.13004278839062783,0.10066805836422414,0.769289153245148
25580,LOF,0.03037443374306672,0.08410326004893857,0.8855223062079948
25581,LOF,0.04970320118277346,0.06522570881570627,0.8850710900015203
25582,LOF,0.04921742088728906,0.06442683089042847,0.8863557482222825
25583,LOF,0.037653050683042026,0.09559111988451666,0.8667558294324413
25584,Neutral,0.49057312570833606,0.09790786851038699,0.4115190057812769
25585,LOF,0.021857712102892633,0.12959646409411624,0.8485458238029912
25586,LOF,0.029784753599040568,0.07575046719929465,0.8944647792016648
25587,LOF,0.03017397898608366,0.06994689737931628,0.8998791236346
25588,LOF,0.03148372883973947,0.08766944652975851,0.880846824630502
25589,Neutral,0.634042071577473,0.11054252972650548,0.2554153986960216
25590,LOF,0.037473110941275124,0.13242713217485072,0.830099756883874
25591,LOF,0.09919746067280398,0.055774968765014137,0.8450275705621819
25592,LOF,0.10622410680819219,0.13612785348344575,0.757648039708362
25593,LOF,0.030915021947405134,0.2566755791980035,0.7124093988545914
25594,LOF,0.04436911192993512,0.188157478595976,0.7674734094740888
25595,LOF,0.05605369461478989,0.12859126022780917,0.8153550451574009
25596,LOF,0.05304336547976546,0.10135293152444319,0.8456037029957914
25597,LOF,0.0370437007586367,0.09007765859643323,0.8728786406449301
25598,LOF,0.049161618224855784,0.1326075098959358,0.8182308718792085
25599,GOF,0.006563070221794304,0.6358051309117216,0.3576317988664841
25600,GOF,0.011863392417064522,0.5795244855206737,0.4086121220622618
25601,LOF,0.008963132352505156,0.45855170062445505,0.5324851670230397
25602,LOF,0.016435708213671327,0.05402812245764298,0.9295361693286857
25603,LOF,0.054102619619751005,0.021782832599669975,0.924114547780579
25604,LOF,0.030991657649118164,0.05536633223697763,0.9136420101139042
25605,LOF,0.009028867814849522,0.2299162870761277,0.7610548451090227
25606,LOF,0.08268827735084666,0.38916216978907586,0.5281495528600775
25607,LOF,0.006185749875572614,0.19123790036828628,0.8025763497561411
25608,LOF,0.016587187469843712,0.0920245672224957,0.8913882453076605
25609,LOF,0.05840532127114838,0.39042694678223927,0.5511677319466123
25610,LOF,0.03160411491328068,0.029032040177997487,0.9393638449087218
25611,LOF,0.03774399869652887,0.026702165159948263,0.9355538361435229
25612,LOF,0.09545430390760486,0.04270633771867855,0.8618393583737166
25613,LOF,0.08404011971491933,0.043616036294237645,0.8723438439908431
25614,LOF,0.02633340975078269,0.03585768889321626,0.937808901356001
25615,LOF,0.034785824284968576,0.04986934759781035,0.9153448281172211
25616,LOF,0.025327268883011216,0.03500416728888443,0.9396685638281043
25617,LOF,0.02480874130418758,0.03954964225178468,0.9356416164440278
25618,LOF,0.13490284627865642,0.03200596519443226,0.8330911885269114
25619,LOF,0.027546658020514224,0.03384669253778783,0.938606649441698
25620,LOF,0.03296411338438919,0.04351988618434326,0.9235160004312676
25621,LOF,0.027509853616924342,0.03742151548413868,0.935068630898937
25622,LOF,0.03524071497028677,0.04198928892311079,0.9227699961066024
25623,LOF,0.05277052568253187,0.02930624290349237,0.9179232314139757
25624,LOF,0.025000400838071743,0.04254808575134369,0.9324515134105846
25625,LOF,0.0351263552873702,0.047356770917961484,0.9175168737946683
25626,LOF,0.07693034633464896,0.037423551644004835,0.8856461020213461
25627,Neutral,0.5395946328738463,0.1140785769085388,0.3463267902176148
25628,LOF,0.21027541074287448,0.048504539325609546,0.7412200499315159
25629,LOF,0.06005372838682265,0.05709600406857254,0.8828502675446048
25630,LOF,0.19483359383632412,0.077955767341943,0.727210638821733
25631,Neutral,0.6144702296802947,0.056532680276586866,0.32899709004311845
25632,LOF,0.013885678554487616,0.11279774154374056,0.8733165799017719
25633,LOF,0.0912542204589631,0.09672328716995116,0.8120224923710857
25634,LOF,0.03097532953696014,0.12219668955379001,0.8468279809092498
25635,LOF,0.03388354590951562,0.09517398170316956,0.8709424723873148
25636,GOF,0.0037431021204159063,0.6246814703758814,0.3715754275037028
25637,GOF,0.003711920955487345,0.6575086407162882,0.3387794383282243
25638,LOF,0.006622094953608831,0.40319862526621214,0.5901792797801789
25639,GOF,0.0036968202456760637,0.5259139836682369,0.47038919608608704
25640,GOF,0.45248825293216766,0.4848479687329398,0.0626637783348924
25641,LOF,0.0068855899178093755,0.3899357244022872,0.6031786856799034
25642,LOF,0.232632589030528,0.08192318792526763,0.6854442230442044
25643,LOF,0.2613400071578827,0.170785847745052,0.5678741450970652
25644,GOF,0.01686685991245651,0.5435584676663993,0.43957467242114423
25645,GOF,0.0132208281946686,0.498125968647583,0.4886532031577484
25646,LOF,0.01872022792231128,0.3514365856617282,0.6298431864159606
25647,LOF,0.015715021800894558,0.29721033158044474,0.6870746466186607
25648,LOF,0.01491012757253404,0.29747853179636313,0.6876113406311029
25649,LOF,0.01240148924817394,0.2066933360335148,0.7809051747183111
25650,LOF,0.024765396563005776,0.46053838452575796,0.5146962189112362
25651,LOF,0.008893004294313275,0.29417014043707357,0.696936855268613
25652,LOF,0.015622388227731506,0.2749446349338675,0.709432976838401
25653,LOF,0.055849087400178216,0.36783247833497634,0.5763184342648455
25654,LOF,0.01611051779240448,0.15485207032718687,0.8290374118804087
25655,LOF,0.08855446341024636,0.40374816472423647,0.5076973718655172
25656,LOF,0.10763818630062497,0.0683473214962572,0.8240144922031178
25657,LOF,0.3557888452153843,0.029113934279378147,0.6150972205052375
25658,LOF,0.0503062467773893,0.09121799301320711,0.8584757602094036
25659,LOF,0.37281606876630763,0.06836617842267391,0.5588177528110184
25660,LOF,0.06194640693828265,0.1014413206246347,0.8366122724370826
25661,LOF,0.04578374242818033,0.07339426628327107,0.8808219912885485
25662,LOF,0.026805502765259927,0.04659464990482144,0.9265998473299185
25663,LOF,0.03508888931199139,0.06981864171566154,0.8950924689723471
25664,LOF,0.04231362072152518,0.08057869104526137,0.8771076882332135
25665,LOF,0.05834805846009484,0.045491204682125516,0.8961607368577795
25666,LOF,0.03943344216243832,0.11625641353384847,0.8443101443037132
25667,LOF,0.03047609121557211,0.05137809799093071,0.9181458107934972
25668,LOF,0.031220846522802565,0.058170135019144496,0.9106090184580529
25669,LOF,0.04074654884861823,0.08132134533490107,0.8779321058164807
25670,LOF,0.0780722774424366,0.08465383226805019,0.8372738902895132
25671,LOF,0.03850608005634374,0.04733096424531963,0.9141629556983367
25672,LOF,0.061223002955935475,0.06603413162194458,0.8727428654221201
25673,LOF,0.044763675302468435,0.06785590234388793,0.8873804223536437
25674,LOF,0.04138080222595048,0.07050697160766686,0.8881122261663826
25675,LOF,0.05028197007838444,0.0591156139015178,0.8906024160200977
25676,LOF,0.033126735433065775,0.057240025671420204,0.9096332388955141
25677,LOF,0.062455006843537206,0.06601023903775807,0.8715347541187047
25678,LOF,0.281309612247064,0.036055145222834414,0.6826352425301015
25679,LOF,0.16752211137215647,0.0727976454289852,0.7596802431988583
25680,LOF,0.058367815968996185,0.09811623693888492,0.843515947092119
25681,LOF,0.11099332450044996,0.0896830931828236,0.7993235823167264
25682,LOF,0.04503764725064065,0.07777055555719352,0.8771917971921658
25683,LOF,0.1055737973965611,0.08555576345110066,0.8088704391523382
25684,LOF,0.05703281311576412,0.07794880711701727,0.8650183797672185
25685,LOF,0.10645850883031487,0.044839200414077324,0.8487022907556079
25686,LOF,0.03685665009532107,0.08946058281843244,0.8736827670862465
25687,LOF,0.044473876555112,0.08312166998917755,0.8724044534557104
25688,LOF,0.027588416780045255,0.09453132958312924,0.8778802536368255
25689,LOF,0.019684117470043318,0.07770694555485404,0.9026089369751027
25690,LOF,0.023805174177233275,0.09313497621271255,0.8830598496100541
25691,LOF,0.24243344045780155,0.12050507564666907,0.6370614838955294
25692,LOF,0.2859702572833429,0.010191776391810046,0.7038379663248471
25693,LOF,0.09887738677514926,0.13961245019648527,0.7615101630283655
25694,LOF,0.25133406454498414,0.015165409992228563,0.7335005254627873
25695,LOF,0.15738355032607831,0.020725304784976674,0.821891144888945
25696,LOF,0.17559761767974827,0.008903815163261636,0.81549856715699
25697,LOF,0.13686963252396206,0.026485538385308257,0.8366448290907298
25698,LOF,0.03344630665251907,0.39802070154143454,0.5685329918060463
25699,LOF,0.06584711283271383,0.08051974401365451,0.8536331431536316
25700,LOF,0.03224145725803788,0.009912419211464237,0.9578461235304978
25701,LOF,0.015232240998165605,0.07695394298268762,0.9078138160191467
25702,GOF,0.03624466335238506,0.7519417877360153,0.21181354891159962
25703,LOF,0.013922124220699807,0.21250092083589278,0.7735769549434075
25704,LOF,0.09404086739062847,0.15750006071919048,0.7484590718901809
25705,LOF,0.05604791896398397,0.24475902454751441,0.6991930564885016
25706,GOF,0.055964976814526925,0.609161009329239,0.33487401385623394
25707,GOF,0.02970731531659417,0.5371029718860019,0.433189712797404
25708,LOF,0.008880915340165064,0.4527987390361931,0.5383203456236418
25709,LOF,0.017860345077170763,0.070755367777543,0.9113842871452863
25710,LOF,0.00932183711665633,0.19396643190861473,0.7967117309747289
25711,LOF,0.019594126832761648,0.1340347204105743,0.8463711527566642
25712,LOF,0.010731304502293601,0.2550469696397341,0.7342217258579722
25713,LOF,0.018642320231320883,0.11784482169674668,0.8635128580719325
25714,LOF,0.019938236406723948,0.1561854283344028,0.8238763352588733
25715,LOF,0.018419699639068032,0.13047729135220487,0.8511030090087272
25716,LOF,0.011659727132645414,0.1444267852974596,0.843913487569895
25717,LOF,0.0062364132298775195,0.15169389864120708,0.8420696881289155
25718,LOF,0.017332153108091518,0.08208693878430638,0.9005809081076022
25719,LOF,0.031173278720719542,0.0935184273174918,0.8753082939617887
25720,LOF,0.021659086367890698,0.09513403239737608,0.8832068812347332
25721,LOF,0.022272520956878233,0.10106293056995082,0.876664548473171
25722,LOF,0.017229491469432773,0.12929016533687376,0.8534803431936936
25723,LOF,0.020338625558186614,0.07787800685784999,0.9017833675839634
25724,LOF,0.03294360810601563,0.11780601485114199,0.8492503770428425
25725,LOF,0.020312739906520764,0.07548090473318853,0.9042063553602907
25726,LOF,0.015564375468930986,0.10798479523427602,0.876450829296793
25727,LOF,0.01911856917420862,0.09477912437421658,0.8861023064515747
25728,LOF,0.01757730486512107,0.11361517386461073,0.8688075212702682
25729,LOF,0.01788425319006161,0.11271804689825468,0.8693976999116837
25730,LOF,0.019085233825693913,0.0891646057666754,0.8917501604076307
25731,LOF,0.013327511221096162,0.18657438553383088,0.8000981032450729
25732,LOF,0.018513807579013955,0.10063743599868863,0.8808487564222974
25733,LOF,0.027126354653310192,0.09360095003705018,0.8792726953096396
25734,LOF,0.007962831236932652,0.22422632604226986,0.7678108427207975
25735,LOF,0.022555491477894676,0.08550303692087366,0.8919414716012316
25736,LOF,0.021205766950023353,0.12892439613856443,0.8498698369114123
25737,LOF,0.040290779158688436,0.10260531428529819,0.8571039065560134
25738,LOF,0.01933232207335084,0.15501473732567958,0.8256529406009695
25739,LOF,0.022432726628205727,0.14926880028307796,0.8282984730887163
25740,LOF,0.04730506094288629,0.14706135667441644,0.8056335823826973
25741,LOF,0.024650295985253763,0.12250815764095833,0.852841546373788
25742,LOF,0.03469286228511862,0.1415452083157193,0.823761929399162
25743,LOF,0.012772671162590248,0.04473652658641669,0.9424908022509931
25744,LOF,0.13002924312115274,0.3905486815738648,0.47942207530498243
25745,LOF,0.02072206458525107,0.07478113305818859,0.9044968023565604
25746,LOF,0.011813300588821607,0.09287467361092373,0.8953120258002547
25747,LOF,0.0357160701231218,0.037403775367475044,0.9268801545094032
25748,LOF,0.19038536904177117,0.06755768851267403,0.7420569424455548
25749,LOF,0.013468880119446308,0.05881695051393467,0.927714169366619
25750,LOF,0.01511718182033911,0.09056280383587266,0.8943200143437882
25751,LOF,0.04013407278556518,0.07134621680237542,0.8885197104120593
25752,GOF,0.08330385235459983,0.6661956504267877,0.25050049721861245
25753,LOF,0.007139711535432401,0.4165259506820208,0.5763343377825467
25754,GOF,0.005301276424531525,0.8750488473096009,0.11964987626586751
25755,LOF,0.010977795204124851,0.4491017521046204,0.5399204526912548
25756,LOF,0.050635651966439967,0.47033269654599574,0.4790316514875641
25757,GOF,0.0065933144904948586,0.8735843976694425,0.11982228784006255
25758,GOF,0.008489342594810347,0.8555035535408413,0.13600710386434847
25759,GOF,0.0048624588307557785,0.5779522545930693,0.41718528657617493
25760,LOF,0.007075177119778348,0.334434728776076,0.6584900941041455
25761,GOF,0.047952678226138266,0.8505818196831595,0.10146550209070229
25762,LOF,0.028986250975433597,0.4100267540559456,0.5609869949686208
25763,LOF,0.009439937394043483,0.28631327329353157,0.7042467893124249
25764,GOF,0.09305699859702032,0.6022466301400856,0.3046963712628942
25765,GOF,0.007502246932125494,0.8420153728223371,0.15048238024553745
25766,GOF,0.03118183314941236,0.8257513504800617,0.14306681637052593
25767,GOF,0.014449152298971767,0.5288366600513826,0.45671418764964555
25768,LOF,0.03737098481253376,0.07816898319565578,0.8844600319918104
25769,LOF,0.02304910058811005,0.08106806434376279,0.895882835068127
25770,LOF,0.15154661577994238,0.07455988916046881,0.7738934950595888
25771,LOF,0.016578540866031517,0.07383716733527998,0.9095842917986885
25772,LOF,0.023344456755100038,0.03087508610464386,0.945780457140256
25773,LOF,0.013665137512454783,0.08002543410046896,0.9063094283870762
25774,LOF,0.02514932772377447,0.09908016809379161,0.8757705041824339
25775,LOF,0.02162485910083692,0.040152283116979694,0.9382228577821834
25776,LOF,0.0260794079627599,0.027314953942560394,0.9466056380946798
25777,LOF,0.18950259448762502,0.07295885771277727,0.7375385477995977
25778,LOF,0.019091137555929776,0.05977992265671383,0.9211289397873564
25779,GOF,0.03913840631033879,0.9015109322390141,0.05935066145064711
25780,GOF,0.06083875231772182,0.8893621278873377,0.049799119794940346
25781,GOF,0.02623391427182476,0.8804730655728015,0.09329302015537358
25782,GOF,0.03479531138261496,0.9068084825713346,0.05839620604605051
25783,GOF,0.019040399581532804,0.7703755878840794,0.2105840125343877
25784,GOF,0.11350495271713014,0.8495701295520177,0.036924917730852116
25785,GOF,0.06836000286899209,0.897407417868246,0.03423257926276197
25786,GOF,0.005151793964238908,0.8551225111094777,0.13972569492628334
25787,GOF,0.16487855630438533,0.8066615599148937,0.02845988378072084
25788,LOF,0.015562438655980884,0.20514182592905036,0.7792957354149688
25789,GOF,0.019475052984094545,0.8762957809102417,0.10422916610566366
25790,GOF,0.024887042662006312,0.887435086468376,0.08767787086961762
25791,GOF,0.01561344717892487,0.8343366047318067,0.1500499480892683
25792,GOF,0.025663566899253754,0.8463972574780589,0.12793917562268722
25793,GOF,0.07355407083229722,0.848797915838485,0.07764801332921778
25794,GOF,0.06408476771901823,0.7908358703646312,0.14507936191635057
25795,GOF,0.04456750958210373,0.7973034270253397,0.15812906339255664
25796,GOF,0.07448049993166275,0.8289606105168825,0.0965588895514548
25797,GOF,0.037083596482842526,0.7145168430386435,0.2483995604785139
25798,GOF,0.003173980198367039,0.6692363243598127,0.32758969544182037
25799,GOF,0.002917992801309406,0.5377610719975633,0.4593209352011272
25800,GOF,0.012755291941056663,0.7394381248456616,0.24780658321328156
25801,GOF,0.016564083048959035,0.8827344912063504,0.10070142574469045
25802,GOF,0.021845241461791468,0.8233319713215977,0.15482278721661077
25803,GOF,0.011697584575649733,0.731122745946597,0.25717966947775317
25804,GOF,0.013486682936661934,0.6392202016260444,0.34729311543729363
25805,GOF,0.023441516906876427,0.7438915777714864,0.2326669053216372
25806,GOF,0.01918330602072944,0.785680293151818,0.1951364008274527
25807,GOF,0.005465013543720627,0.7411904366656377,0.2533445497906416
25808,GOF,0.015003036750092976,0.7759528875706938,0.2090440756792132
25809,GOF,0.006521697394886114,0.7558526373986844,0.23762566520642955
25810,GOF,0.005349587684467603,0.7629322501121684,0.23171816220336405
25811,GOF,0.05242375334642812,0.86801658304274,0.07955966361083204
25812,GOF,0.015358355838260914,0.7255047907425779,0.25913685341916126
25813,GOF,0.09836856618691338,0.8142198978823643,0.08741153593072233
25814,GOF,0.02527328838377309,0.8083321611812054,0.1663945504350214
25815,GOF,0.03843194264089539,0.8407445021720057,0.12082355518709893
25816,GOF,0.007928843941257025,0.8651469539109313,0.1269242021478115
25817,GOF,0.09980159737025612,0.7730324941981577,0.1271659084315863
25818,GOF,0.02604241463001836,0.8206688171352119,0.1532887682347698
25819,GOF,0.06573984688572528,0.7847081168502047,0.14955203626406996
25820,GOF,0.03298343032999879,0.776786018496423,0.1902305511735782
25821,GOF,0.019756983510897014,0.7706971860213416,0.20954583046776137
25822,GOF,0.037415361479796204,0.7976412125909387,0.164943425929265
25823,GOF,0.01504162075227293,0.6721218731916939,0.31283650605603314
25824,GOF,0.026658449069633182,0.7817046583449531,0.19163689258541367
25825,GOF,0.015768777626099195,0.7616608536819168,0.22257036869198402
25826,GOF,0.0054743566758854,0.7385639543555325,0.2559616889685821
25827,GOF,0.008884516488116076,0.7055871450381587,0.2855283384737253
25828,GOF,0.005874591775629025,0.6665564734893216,0.32756893473504944
25829,GOF,0.0029331997032647056,0.7198493311105173,0.27721746918621804
25830,GOF,0.0378792681263909,0.543282954996877,0.4188377768767321
25831,GOF,0.05093847081955625,0.8509883566384948,0.0980731725419488
25832,GOF,0.008868927050238283,0.8107950384624621,0.18033603448729954
25833,GOF,0.033928757444470374,0.8560362174012941,0.11003502515423544
25834,GOF,0.008764588489046527,0.822470060776918,0.1687653507340356
25835,GOF,0.019479751667897748,0.8641397948482267,0.11638045348387559
25836,GOF,0.006532014351122754,0.8328019249932995,0.1606660606555777
25837,GOF,0.00696442800535417,0.7440798321748452,0.24895573981980057
25838,GOF,0.020705152788583602,0.8798720453854788,0.0994228018259374
25839,GOF,0.04454245290241083,0.8639400603188041,0.09151748677878511
25840,GOF,0.06495588435574963,0.8459894950748675,0.089054620569383
25841,GOF,0.053399123076205535,0.8596804872167104,0.0869203897070839
25842,GOF,0.026722967687128125,0.9026561899737806,0.07062084233909116
25843,GOF,0.027240280638752955,0.9077538205927294,0.06500589876851762
25844,GOF,0.017611549288975566,0.8620758500457855,0.12031260066523888
25845,GOF,0.005599788663461146,0.6563031034729867,0.3380971078635521
25846,GOF,0.042622760795907925,0.8704171711950022,0.08696006800908976
25847,GOF,0.019967472393713912,0.9196662326937084,0.06036629491257772
25848,GOF,0.016407157308075876,0.8718790453730884,0.11171379731883577
25849,GOF,0.004950971663854317,0.7679070252496691,0.22714200308647658
25850,GOF,0.00659974447368944,0.7693525763699417,0.2240476791563689
25851,GOF,0.005812631381137254,0.6599435316372997,0.33424383698156307
25852,GOF,0.13631454607094073,0.6143145451715344,0.24937090875752482
25853,GOF,0.07669380458624057,0.8551047786168334,0.0682014167969262
25854,GOF,0.0056101707701572,0.7402313384203291,0.2541584908095138
25855,GOF,0.014552395050192584,0.6711900468448758,0.3142575581049315
25856,GOF,0.037475830223913334,0.8134003001778822,0.14912386959820448
25857,GOF,0.013039884793294251,0.6677836046208699,0.3191765105858358
25858,GOF,0.007899216567883323,0.6660273223388891,0.32607346109322755
25859,GOF,0.00547856227656181,0.6397231717743488,0.3547982659490896
25860,GOF,0.08179327057556486,0.8341091424142906,0.08409758701014453
25861,GOF,0.08228456662775058,0.8355052319173952,0.08221020145485428
25862,GOF,0.021346330413288372,0.873240701590084,0.10541296799662773
25863,GOF,0.021125611048511676,0.8857421753334598,0.09313221361802863
25864,GOF,0.050029069862289166,0.8785772271635918,0.07139370297411894
25865,GOF,0.036290348307310406,0.8513358764692341,0.1123737752234555
25866,GOF,0.02624031886814182,0.8763396380520855,0.09742004307977277
25867,GOF,0.03197775783796298,0.8907096171710142,0.07731262499102287
25868,GOF,0.053640286632028855,0.856662975163356,0.08969673820461527
25869,GOF,0.34916845914824507,0.5978349729023718,0.05299656794938308
25870,GOF,0.07513667923689576,0.7311235245635731,0.19373979619953127
25871,GOF,0.010863323282180185,0.896211871358727,0.09292480535909259
25872,GOF,0.021377602826900207,0.8796039415335702,0.09901845563952957
25873,GOF,0.020469760435233287,0.8983179607869491,0.08121227877781753
25874,LOF,0.016422469831076897,0.22522723438836126,0.7583502957805619
25875,LOF,0.047642131412662235,0.04709211433685612,0.9052657542504815
25876,LOF,0.018097110907140203,0.04018155717556723,0.9417213319172926
25877,LOF,0.12082631969528997,0.08458267356767156,0.7945910067370385
25878,LOF,0.06632833237488198,0.12413799830170147,0.8095336693234165
25879,LOF,0.027925989850337122,0.08691948039365639,0.8851545297560065
25880,LOF,0.055216397588155136,0.012669805896088744,0.9321137965157561
25881,Neutral,0.5403364863544672,0.07079731703084959,0.38886619661468336
25882,LOF,0.05508177252348883,0.028038376161879874,0.9168798513146313
25883,LOF,0.02837277339589438,0.02521273666906376,0.9464144899350418
25884,LOF,0.028015459440523856,0.04312880758329433,0.9288557329761818
25885,LOF,0.22147322776681097,0.010573181125796827,0.7679535911073923
25886,LOF,0.14591685711557015,0.05793145370413758,0.7961516891802923
25887,LOF,0.18694434123028056,0.06577220318070669,0.7472834555890127
25888,LOF,0.011986281043358572,0.14350269804085786,0.8445110209157836
25889,LOF,0.032691567289162296,0.03118250119377328,0.9361259315170644
25890,LOF,0.13215701327970544,0.12194014854119009,0.7459028381791044
25891,LOF,0.09166632063763766,0.02579613424767979,0.8825375451146825
25892,LOF,0.009810281571168979,0.03102496251820373,0.9591647559106272
25893,LOF,0.3972306902404044,0.008066216597548888,0.5947030931620468
25894,LOF,0.43846791496121096,0.005101131875331468,0.5564309531634576
25895,LOF,0.33110256227124113,0.010892446952320485,0.6580049907764383
25896,LOF,0.07017170987273949,0.016040855895163894,0.9137874342320966
25897,LOF,0.1880638737567143,0.008841509707398398,0.8030946165358872
25898,LOF,0.17216769982863092,0.027169382242339786,0.8006629179290293
25899,LOF,0.35080077908261675,0.01793638246884791,0.6312628384485354
25900,LOF,0.44891976527259164,0.008278380010259176,0.5428018547171493
25901,LOF,0.07224160524815183,0.007309866599501449,0.9204485281523468
25902,LOF,0.1815866879172481,0.008052824396871728,0.8103604876858802
25903,LOF,0.4157457978475458,0.020761358572126444,0.5634928435803278
25904,Neutral,0.49126249568375746,0.024022895695289703,0.48471460862095284
25905,LOF,0.004504937754767175,0.4675880121848602,0.5279070500603728
25906,LOF,0.009786677671829986,0.1168327166106322,0.8733806057175377
25907,LOF,0.004417416006802586,0.33104332009905063,0.6645392638941467
25908,LOF,0.004722772386724939,0.24412671606686598,0.751150511546409
25909,LOF,0.024531413771642495,0.15644961047042297,0.8190189757579345
25910,LOF,0.010959740774314629,0.13843482165306512,0.8506054375726202
25911,LOF,0.2996505584629112,0.03979548414077013,0.6605539573963187
25912,LOF,0.06518099216847122,0.055189807253972586,0.8796292005775562
25913,LOF,0.04099406044349039,0.06635620858862537,0.8926497309678842
25914,LOF,0.03827905963975892,0.04637971839243432,0.9153412219678069
25915,LOF,0.17973592983176276,0.19236198549312122,0.6279020846751161
25916,LOF,0.032604652873410585,0.1351940544866179,0.8322012926399714
25917,LOF,0.07126373748874198,0.04300378339795353,0.8857324791133045
25918,LOF,0.04020967006473705,0.02990099731639282,0.9298893326188701
25919,LOF,0.03521399871182784,0.029490439401050516,0.9352955618871217
25920,LOF,0.16047700627579017,0.20030368195363069,0.6392193117705792
25921,LOF,0.017290989680319738,0.03782139887219429,0.944887611447486
25922,LOF,0.01867593229140551,0.035374878109599786,0.9459491895989947
25923,LOF,0.47058896254905946,0.035077407428895625,0.4943336300220448
25924,LOF,0.025291470998629512,0.054674741047822537,0.920033787953548
25925,LOF,0.08299529923018766,0.04888668634478947,0.868118014425023
25926,LOF,0.05804614377441468,0.04747922023904256,0.8944746359865429
25927,LOF,0.02412072228024933,0.07727493048351351,0.8986043472362372
25928,LOF,0.010653931941894658,0.059594158134170315,0.9297519099239351
25929,Neutral,0.5534889645357698,0.03394644315638487,0.41256459230784537
25930,LOF,0.08486610080202657,0.033474432426392205,0.8816594667715811
25931,LOF,0.015110288045194568,0.03884824851289339,0.946041463441912
25932,LOF,0.06679166565683474,0.032895494770647966,0.9003128395725172
25933,LOF,0.06377621983911312,0.02110049416157085,0.9151232859993159
25934,LOF,0.060199939571547526,0.01956064309461247,0.92023941733384
25935,LOF,0.06918761462053934,0.05948947853445213,0.8713229068450086
25936,LOF,0.0993841992513153,0.021004098222467342,0.8796117025262173
25937,LOF,0.014411818263723118,0.03990615319482563,0.9456820285414512
25938,LOF,0.06801044662653588,0.056349771846418366,0.8756397815270458
25939,LOF,0.044433988529886385,0.026515257124118247,0.9290507543459954
25940,LOF,0.009032589452097237,0.3691154873834794,0.6218519231644234
25941,Neutral,0.500623723589253,0.03716718627248575,0.46220909013826134
25942,LOF,0.008894085136781794,0.05461544961359897,0.9364904652496192
25943,LOF,0.04669168573935482,0.17585784195911264,0.7774504723015325
25944,LOF,0.06432162452445728,0.08613090657228636,0.8495474689032563
25945,LOF,0.12967214244549588,0.02195002117139839,0.8483778363831057
25946,LOF,0.07239852419133211,0.043428264439156095,0.8841732113695118
25947,LOF,0.44432923339466945,0.11043670266496541,0.44523406394036513
25948,LOF,0.45239655581379373,0.015540441606679684,0.5320630025795265
25949,LOF,0.14019644362466444,0.07638082278187007,0.7834227335934655
25950,GOF,0.0740716583343081,0.6174024745713773,0.3085258670943146
25951,LOF,0.01377767267131805,0.43408657281989277,0.5521357545087892
25952,LOF,0.29393998198564614,0.297283496689351,0.40877652132500286
25953,LOF,0.007500786798318057,0.1903415787247002,0.8021576344769816
25954,GOF,0.1107369324318888,0.49098604095502496,0.39827702661308617
25955,LOF,0.007305696773778082,0.16310197634686674,0.8295923268793551
25956,LOF,0.018807883479286927,0.2521816832168706,0.7290104333038424
25957,LOF,0.20172080264883016,0.03242793220598889,0.765851265145181
25958,LOF,0.03469677093583343,0.04165092747005574,0.9236523015941108
25959,GOF,0.016393851423311775,0.5670555536967388,0.4165505948799494
25960,LOF,0.007135114418865574,0.05946152626784125,0.9334033593132931
25961,LOF,0.03358110189578504,0.03653254086615023,0.9298863572380647
25962,LOF,0.03791283219643705,0.05700277211127382,0.905084395692289
25963,LOF,0.005347720281094742,0.17422129786908752,0.8204309818498178
25964,LOF,0.028159266892713402,0.11448857494916705,0.8573521581581195
25965,LOF,0.27146283827026296,0.12438751582871661,0.6041496459010204
25966,Neutral,0.4721108371092033,0.14435291359516828,0.3835362492956285
25967,LOF,0.009289361270752217,0.0896626233533424,0.9010480153759053
25968,LOF,0.04480965918428975,0.23596637691546216,0.7192239639002481
25969,LOF,0.10831131288065628,0.050470084061816994,0.8412186030575267
25970,LOF,0.022463624464267418,0.08631152897686581,0.8912248465588669
25971,LOF,0.07936086543451017,0.03131683772943327,0.8893222968360567
25972,LOF,0.06716865322801038,0.04984298726238332,0.8829883595096064
25973,LOF,0.06608030926413502,0.008929903170302032,0.9249897875655629
25974,LOF,0.05018676912446356,0.031404196303532916,0.9184090345720034
25975,LOF,0.046144051780393776,0.015874081876148458,0.9379818663434577
25976,LOF,0.09756411024306423,0.008603137585775212,0.8938327521711606
25977,LOF,0.191404012372424,0.08106390833370757,0.7275320792938684
25978,LOF,0.18623773619205652,0.11474598310402756,0.6990162807039159
25979,LOF,0.15445548910728915,0.12746319323607153,0.7180813176566393
25980,LOF,0.2559045049789657,0.1703332383814859,0.5737622566395484
25981,LOF,0.25753638622599134,0.17280703704592287,0.5696565767280859
25982,Neutral,0.49807831496805394,0.08424218391034605,0.4176795011216
25983,Neutral,0.5090211334808713,0.10058275858417373,0.3903961079349549
25984,LOF,0.039020755556784276,0.08852113214327753,0.8724581122999382
25985,LOF,0.42217452961125357,0.13503510890313852,0.44279036148560796
25986,LOF,0.013727499801665396,0.4015661849504349,0.5847063152478997
25987,LOF,0.05554351622092422,0.09682799412581457,0.8476284896532612
25988,LOF,0.04066758213794108,0.15008751913234897,0.80924489872971
25989,LOF,0.03919223214389713,0.1882960905716371,0.7725116772844657
25990,LOF,0.04007140812280274,0.29859406256969556,0.6613345293075018
25991,LOF,0.031212016288530223,0.41352865585616283,0.555259327855307
25992,LOF,0.02292391002777999,0.4110284016471105,0.5660476883251095
25993,LOF,0.028729526770152045,0.07436328266506964,0.8969071905647783
25994,LOF,0.02400191364834215,0.07794054640117862,0.8980575399504791
25995,LOF,0.02160437395766299,0.13268368568524647,0.8457119403570905
25996,LOF,0.34405672375119123,0.3024198773728142,0.35352339887599454
25997,LOF,0.0650518346692554,0.3706570198302084,0.5642911455005363
25998,LOF,0.25115991733592324,0.04761910751444827,0.7012209751496286
25999,LOF,0.025564094596877685,0.18361140530399897,0.7908245000991233
26000,LOF,0.1949496780741888,0.03284026772121734,0.7722100542045939
26001,LOF,0.25631198851179426,0.0467421265198446,0.6969458849683611
26002,LOF,0.12233078953992031,0.05571068850190409,0.8219585219581755
26003,GOF,0.005731898492354205,0.6325398722449231,0.3617282292627228
26004,GOF,0.008455614968354008,0.6870931482426232,0.30445123678902264
26005,LOF,0.004202096310312282,0.48786225564611696,0.5079356480435707
26006,GOF,0.12305843436152016,0.5445982941631075,0.33234327147537235
26007,GOF,0.0077724774166788475,0.5193646322589331,0.472862890324388
26008,GOF,0.006040888222592918,0.629967321046764,0.3639917907306431
26009,GOF,0.007592508161500945,0.6586609040726227,0.33374658776587635
26010,GOF,0.008379601726105024,0.6341213197956246,0.35749907847827045
26011,LOF,0.0036930049761707347,0.4524568097545748,0.5438501852692544
26012,GOF,0.0050750894622482706,0.5226453119422114,0.4722795985955403
26013,GOF,0.007388397122947814,0.5855051207195309,0.4071064821575214
26014,LOF,0.05507175772625187,0.12191873634978302,0.823009505923965
26015,LOF,0.399363874924797,0.028312621093203684,0.5723235039819993
26016,LOF,0.3083515322987258,0.049375154261019585,0.6422733134402546
26017,LOF,0.022551418122652506,0.21388983711597204,0.7635587447613755
26018,LOF,0.024969277634555958,0.05942417356472549,0.9156065488007186
26019,LOF,0.024968138948938217,0.04969174541894221,0.9253401156321195
26020,LOF,0.009789863612361938,0.2020671990059343,0.7881429373817038
26021,LOF,0.0830012262750729,0.07713955487151603,0.8398592188534111
26022,LOF,0.04166741014639978,0.02885413653053379,0.9294784533230664
26023,LOF,0.02961807383071384,0.036874068053807545,0.9335078581154787
26024,LOF,0.045823728886061364,0.07074879423653614,0.8834274768774026
26025,LOF,0.05894670717082905,0.08520265253746719,0.8558506402917038
26026,LOF,0.11770839187993974,0.06574182924263121,0.8165497788774291
26027,LOF,0.024400940656502543,0.027997283118719553,0.9476017762247779
26028,LOF,0.12113556910361623,0.1370933845873217,0.741771046309062
26029,LOF,0.01949627622671278,0.20569100491780667,0.7748127188554806
26030,LOF,0.1697399774585957,0.022298764596313803,0.8079612579450905
26031,LOF,0.009309280068266248,0.1703863430763142,0.8203043768554196
26032,LOF,0.044905164407983596,0.05831464234180714,0.8967801932502094
26033,LOF,0.06662776920597425,0.05308943740783711,0.8802827933861885
26034,LOF,0.01331676361411613,0.1491962785103263,0.8374869578755576
26035,LOF,0.011338824118800836,0.11753698588783265,0.8711241899933666
26036,LOF,0.011429440362108972,0.12865765487802566,0.8599129047598653
26037,LOF,0.00978644775776993,0.10738839213299982,0.8828251601092302
26038,LOF,0.03749213454507712,0.04927281685294021,0.9132350486019827
26039,LOF,0.024901538496757507,0.13161402993623414,0.8434844315670084
26040,LOF,0.10802150546531748,0.12437753299532699,0.7676009615393555
26041,LOF,0.013016167511623935,0.09459977334469638,0.8923840591436797
26042,LOF,0.011439795559104555,0.10573417296122423,0.8828260314796711
26043,LOF,0.036789458742701266,0.0710537485641464,0.8921567926931524
26044,LOF,0.014604138431667385,0.04855358016780976,0.9368422814005227
26045,LOF,0.06999368218026471,0.11093000914012792,0.8190763086796073
26046,LOF,0.03173132651389117,0.05490525091325302,0.9133634225728557
26047,LOF,0.05339838289845843,0.054386688100192114,0.8922149290013495
26048,LOF,0.08597115544422107,0.025655587720591427,0.8883732568351875
26049,Neutral,0.9484340767055679,0.007682907637870972,0.043883015656561
26050,Neutral,0.9252219297932007,0.00833662075685614,0.06644144944994322
26051,LOF,0.018845015320180153,0.11794149210603468,0.8632134925737852
26052,LOF,0.0330975397648483,0.13501324799184578,0.8318892122433059
26053,LOF,0.03500923031563492,0.16149502520571385,0.8034957444786512
26054,LOF,0.044983629162865094,0.027688863054551056,0.9273275077825839
26055,LOF,0.06388878608341454,0.024045004541376206,0.9120662093752092
26056,LOF,0.051619540783178326,0.030558297098532524,0.9178221621182892
26057,LOF,0.05704563749260433,0.014588575611692156,0.9283657868957036
26058,LOF,0.06084734808136218,0.011878079664474349,0.9272745722541634
26059,LOF,0.1925070940004993,0.030718667034534075,0.7767742389649666
26060,LOF,0.016835235928944876,0.20120488255264693,0.7819598815184081
26061,LOF,0.013148146586649992,0.010325660147580957,0.9765261932657691
26062,LOF,0.006784304013841218,0.01777628411044664,0.9754394118757123
26063,LOF,0.03917331924146617,0.01077306650905823,0.9500536142494757
26064,LOF,0.010966975804155909,0.02310430203282155,0.9659287221630226
26065,LOF,0.04628448501444991,0.012352509437643782,0.9413630055479062
26066,LOF,0.04621116659696791,0.010877746824555265,0.9429110865784768
26067,LOF,0.05820872537306035,0.009842892983913831,0.9319483816430258
26068,LOF,0.0519204611401074,0.045164582989066254,0.9029149558708264
26069,LOF,0.15457700169389257,0.026352159276751413,0.819070839029356
26070,LOF,0.34132622907452304,0.02096622440986048,0.6377075465156165
26071,LOF,0.04505244590934145,0.011786348157378135,0.9431612059332803
26072,LOF,0.011099744199346428,0.019514318326479763,0.9693859374741739
26073,LOF,0.0412838419048486,0.014010209922356557,0.9447059481727947
26074,Neutral,0.9171116908326262,0.008445355298037258,0.07444295386933658
26075,LOF,0.054083080768218,0.02166661233224275,0.9242503068995392
26076,LOF,0.057759346637414125,0.0117602500645509,0.9304804032980349
26077,LOF,0.16321634408105293,0.006786592388371125,0.829997063530576
26078,LOF,0.008838680392736378,0.013617530548527447,0.9775437890587362
26079,LOF,0.06515849820062138,0.023844732604363476,0.910996769195015
26080,LOF,0.0635408339546726,0.023858523941372858,0.9126006421039545
26081,LOF,0.03416569752572276,0.008831338828305169,0.957002963645972
26082,LOF,0.007682957232212668,0.013806388415090734,0.9785106543526965
26083,LOF,0.10967167721776296,0.020341563246059603,0.8699867595361775
26084,LOF,0.11548232567132838,0.014813047744903088,0.8697046265837685
26085,LOF,0.103852298635861,0.012765545996917926,0.8833821553672212
26086,LOF,0.03937962735359741,0.011946552077941796,0.9486738205684608
26087,LOF,0.03759827068023336,0.009992400989358,0.9524093283304087
26088,LOF,0.009278984302401429,0.019200855292894087,0.9715201604047045
26089,LOF,0.04358726390680052,0.039421849642262134,0.9169908864509373
26090,LOF,0.04442226828107597,0.02993022614609765,0.9256475055728263
26091,LOF,0.031421597423383255,0.0075821256553356775,0.9609962769212811
26092,LOF,0.04654544050752185,0.008398096630497206,0.945056462861981
26093,LOF,0.08470398453251746,0.005778831070386694,0.9095171843970957
26094,LOF,0.03684389583830074,0.007077889665797549,0.9560782144959017
26095,LOF,0.04160140130032682,0.01731920122034352,0.9410793974793297
26096,LOF,0.23365244816902858,0.004822666083402689,0.7615248857475688
26097,LOF,0.008153533594085154,0.02975445452816528,0.9620920118777495
26098,LOF,0.08440273569639405,0.018285835083374453,0.8973114292202314
26099,LOF,0.046044316788610394,0.015446326598282384,0.9385093566131072
26100,LOF,0.046044316788610394,0.015446326598282384,0.9385093566131072
26101,LOF,0.05978480476938169,0.02799727799975443,0.9122179172308639
26102,LOF,0.03548251622426789,0.015930126202133445,0.9485873575735987
26103,Neutral,0.8791853285945842,0.02669571138997543,0.09411896001544026
26104,LOF,0.05837895701185511,0.04232139255436131,0.8992996504337837
26105,LOF,0.2491472431115105,0.15680339493391124,0.5940493619545782
26106,LOF,0.317065583695429,0.12724280425155393,0.5556916120530171
26107,LOF,0.02157305921331493,0.09261521493534294,0.8858117258513422
26108,LOF,0.2597150195747319,0.051859037196053705,0.6884259432292144
26109,LOF,0.10330416064084094,0.03502359418606569,0.8616722451730934
26110,LOF,0.4882371449548368,0.008565388009622867,0.5031974670355404
26111,LOF,0.05468079652166139,0.1416971711569696,0.8036220323213691
26112,LOF,0.05365530191419863,0.008049016775173709,0.9382956813106276
26113,LOF,0.10366634855063943,0.022310539281601836,0.8740231121677589
26114,LOF,0.09786698790634622,0.007518790417377554,0.8946142216762762
26115,LOF,0.015469152750591174,0.0537999625740554,0.9307308846753535
26116,LOF,0.07224906046545539,0.02157545652109469,0.9061754830134499
26117,LOF,0.3877062265235338,0.03192843654721562,0.5803653369292506
26118,LOF,0.05029882231525065,0.015538366561610327,0.934162811123139
26119,LOF,0.006571157737986527,0.030957250306108967,0.9624715919559044
26120,LOF,0.03854578263077324,0.014527474324646735,0.94692674304458
