feature0,prediction,LoGoFunc_Neutral,LoGoFunc_GOF,LoGoFunc_LOF
25546,Neutral,0.6171814483319842,0.07412160596828317,0.30869694569973266
25547,Neutral,0.4941595097393371,0.15300066545124438,0.3528398248094185
25548,Neutral,0.46549300121593096,0.10993123406155336,0.4245757647225156
25549,LOF,0.4439435251940103,0.10934782615447523,0.44670864865151433
25550,LOF,0.3632531297163961,0.19042440692281104,0.44632246336079295
25551,LOF,0.29964322678705946,0.1753741853606263,0.5249825878523142
25552,LOF,0.16294121964913216,0.18186347867926017,0.6551953016716076
25553,Neutral,0.8093909514351904,0.049414753349181884,0.14119429521562793
25554,LOF,0.20234615369274866,0.17919531043147605,0.6184585358757753
25555,LOF,0.15950654153770338,0.16190348316653486,0.6785899752957617
25556,Neutral,0.4764172863239483,0.1391924617413496,0.3843902519347021
25557,LOF,0.15385755667081233,0.16845804800070063,0.6776843953284871
25558,LOF,0.20280821529795415,0.1925198705434944,0.6046719141585515
25559,Neutral,0.5562259675435435,0.04977881630638717,0.3939952161500695
25560,LOF,0.03994227422038318,0.31239376903762556,0.6476639567419912
25561,LOF,0.07749540200612214,0.3264923949211166,0.5960122030727613
25562,LOF,0.10341025085367943,0.18644726716705098,0.7101424819792697
25563,LOF,0.11110389339965286,0.17609786599941615,0.7127982406009309
25564,LOF,0.06888313861268978,0.2588214259510682,0.672295435436242
25565,LOF,0.13454079281345252,0.2622068364623284,0.603252370724219
25566,GOF,0.01559231877149248,0.758412074820023,0.22599560640848462
25567,LOF,0.011723272942650367,0.1030617572741787,0.8852149697831709
25568,LOF,0.04452290603047053,0.06046039249866749,0.895016701470862
25569,LOF,0.06047327255313699,0.062490680192206466,0.8770360472546567
25570,LOF,0.06010251095928605,0.09931621589569979,0.8405812731450142
25571,LOF,0.06629052650097664,0.09001353296602718,0.8436959405329962
25572,LOF,0.05762381070824727,0.10739106999625965,0.8349851192954931
25573,LOF,0.02931271785823108,0.06942044880174353,0.9012668333400254
25574,LOF,0.01664506665310885,0.12564819174744618,0.8577067415994449
25575,LOF,0.05628397775104816,0.09254049298427831,0.8511755292646735
25576,LOF,0.02236222411984084,0.09196117435223468,0.8856766015279244
25577,LOF,0.014501504674819839,0.10347716108273701,0.8820213342424431
25578,LOF,0.22889706056387643,0.07905440453010196,0.6920485349060216
25579,LOF,0.23084011058155976,0.07824313965302056,0.6909167497654197
25580,LOF,0.03582142592464366,0.07698518680060705,0.8871933872747494
25581,LOF,0.049795948546908664,0.06339734520282751,0.8868067062502638
25582,LOF,0.04919837851852455,0.06007934817348946,0.890722273307986
25583,LOF,0.03501542503770711,0.09024674050561149,0.8747378344566814
25584,Neutral,0.4949104770105318,0.07295337869233663,0.4321361442971315
25585,LOF,0.030824389511089734,0.08251353867276905,0.8866620718161412
25586,LOF,0.03202201619460087,0.06358068478547971,0.9043972990199194
25587,LOF,0.0300357571486569,0.05177262589902296,0.9181916169523202
25588,LOF,0.031760783690611624,0.07010161250189681,0.8981376038074915
25589,Neutral,0.6219773853645204,0.08086455588837195,0.29715805874710755
25590,LOF,0.025541221570053927,0.09937066337122821,0.8750881150587179
25591,LOF,0.10175727437406011,0.04951256185856957,0.8487301637673703
25592,LOF,0.09683378147285082,0.11590631921328234,0.7872598993138668
25593,LOF,0.014483504494062282,0.24450288507065032,0.7410136104352875
25594,LOF,0.03388752140696059,0.16525891640757917,0.8008535621854603
25595,LOF,0.06336175823121278,0.12272620687466433,0.8139120348941229
25596,LOF,0.07913252725117993,0.08957957500079144,0.8312878977480287
25597,LOF,0.07598622478140458,0.041086208534958694,0.8829275666836367
25598,LOF,0.04655524889259522,0.16944180134051423,0.7840029497668906
25599,GOF,0.007807430938207751,0.5918295799295042,0.400362989132288
25600,GOF,0.009136847116244946,0.533201240169647,0.45766191271410805
25601,LOF,0.008001844460099786,0.36991908947043545,0.6220790660694647
25602,LOF,0.013566128535257254,0.07016430492032542,0.9162695665444173
25603,LOF,0.043721405730284796,0.0384824340562528,0.9177961602134624
25604,LOF,0.036271730943397605,0.07471764653295133,0.8890106225236512
25605,LOF,0.01197739082647915,0.23481381519184036,0.7532087939816805
25606,GOF,0.0568637647434037,0.5322937486968625,0.41084248655973377
25607,LOF,0.0033267629424722726,0.1572094985080876,0.8394637385494401
25608,LOF,0.05577253029917359,0.058575009725102066,0.8856524599757244
25609,LOF,0.0693253374929613,0.2879347336504846,0.6427399288565542
25610,LOF,0.044104436770430445,0.041319597649598847,0.9145759655799707
25611,LOF,0.06345322617610095,0.031386410789045895,0.9051603630348531
25612,LOF,0.12379430009418485,0.06298256904424797,0.8132231308615672
25613,LOF,0.10156568144859898,0.055597846516824014,0.842836472034577
25614,LOF,0.04064578284392328,0.053782051778638984,0.9055721653774378
25615,LOF,0.07613730030139658,0.06764237165489767,0.8562203280437058
25616,LOF,0.035657354677778856,0.07048802684692235,0.8938546184752988
25617,LOF,0.05244389870606801,0.05787567345371581,0.8896804278402161
25618,LOF,0.27539452035904305,0.05335118018278112,0.6712542994581758
25619,LOF,0.04381704651348619,0.05211280002919839,0.9040701534573155
25620,LOF,0.0402693235685497,0.07725442737526933,0.8824762490561809
25621,LOF,0.04521943370245564,0.06044699450486744,0.8943335717926769
25622,LOF,0.031428438296933654,0.07784656214973834,0.890724999553328
25623,LOF,0.05352582977230187,0.05256923229994263,0.8939049379277555
25624,LOF,0.032526460352469,0.059414799478757406,0.9080587401687735
25625,LOF,0.038014110176325604,0.0804104699477452,0.8815754198759292
25626,LOF,0.08112699371078237,0.04477802366403023,0.8740949826251875
25627,Neutral,0.5805801123942163,0.11922397014451798,0.30019591746126584
25628,LOF,0.20439619750384605,0.0629340507142779,0.7326697517818761
25629,LOF,0.0625994552607298,0.1234463404822356,0.8139542042570346
25630,LOF,0.1851398938445056,0.10470287458027358,0.7101572315752207
25631,Neutral,0.5870402111717448,0.0721723372731624,0.3407874515550928
25632,LOF,0.02284677361815178,0.06278445313945474,0.9143687732423936
25633,LOF,0.24415085103326112,0.06941059872799493,0.6864385502387439
25634,LOF,0.03944336293998701,0.07305793824631261,0.8874986988137005
25635,LOF,0.038754307982804985,0.05884011380095823,0.9024055782162368
25636,GOF,0.005050947924871938,0.6851842801218956,0.3097647719532325
25637,GOF,0.003651287795548321,0.6278304605747004,0.3685182516297513
25638,GOF,0.006968030450997792,0.526018562165341,0.46701340738366126
25639,LOF,0.004198163564183292,0.47316235442927546,0.5226394820065413
25640,GOF,0.3227480644879391,0.6254045080153223,0.05184742749673863
25641,LOF,0.0056138775096656,0.32840225546943175,0.6659838670209026
25642,LOF,0.268007281933572,0.09360549621414638,0.6383872218522816
25643,LOF,0.2681395228528027,0.1647903114260348,0.5670701657211625
25644,GOF,0.015879241740631118,0.6123856014527667,0.3717351568066022
25645,GOF,0.012899813776837653,0.5998048128879545,0.3872953733352078
25646,LOF,0.013452201859188164,0.39097853381720743,0.5955692643236045
25647,LOF,0.012227988996989859,0.3184243191655752,0.6693476918374349
25648,LOF,0.008961857757796288,0.38584334205079823,0.6051948001914055
25649,LOF,0.008931849275027841,0.22488905154387512,0.7661790991810971
25650,GOF,0.028453435398319155,0.5082511283897436,0.46329543621193725
25651,LOF,0.007155584307117888,0.26385182198588,0.728992593707002
25652,LOF,0.012565671311129616,0.3638357547318687,0.6235985739570017
25653,GOF,0.0505118954402098,0.5034157195080503,0.44607238505173985
25654,LOF,0.00942075114985948,0.3696060793616536,0.6209731694884869
25655,GOF,0.08382273674230586,0.49260791425722145,0.42356934900047283
25656,LOF,0.09845401380497723,0.1495254082913346,0.7520205779036881
25657,LOF,0.28067892203412853,0.06605904952821452,0.6532620284376569
25658,LOF,0.03102044006518685,0.228410526185323,0.7405690337494902
25659,LOF,0.21638658429595528,0.13293623119522185,0.6506771845088228
25660,LOF,0.10852603087551418,0.07230914459180503,0.8191648245326807
25661,LOF,0.07253193025937192,0.06465945346895673,0.8628086162716714
25662,LOF,0.040869633732509195,0.057742782741964385,0.9013875835255265
25663,LOF,0.05087778450733785,0.10542437669486894,0.8436978387977933
25664,LOF,0.030792103281216728,0.16846470360722113,0.8007431931115621
25665,LOF,0.04029844374495748,0.0571355911654531,0.9025659650895894
25666,LOF,0.040863127205438325,0.1698241437778519,0.7893127290167098
25667,LOF,0.04208637293107503,0.0462083293550204,0.9117052977139046
25668,LOF,0.05739530560379048,0.057499246006458955,0.8851054483897506
25669,LOF,0.054573222273923375,0.08065355573623408,0.8647732219898426
25670,LOF,0.07136842764048934,0.09455700883559766,0.834074563523913
25671,LOF,0.05313162706433667,0.04376702189910959,0.9031013510365538
25672,LOF,0.04508298388754556,0.06393214856915368,0.8909848675433008
25673,LOF,0.035385126225178185,0.08058485349370975,0.884030020281112
25674,LOF,0.025335549772342796,0.10270576896092527,0.871958681266732
25675,LOF,0.03193238075031524,0.07060922232821705,0.8974583969214678
25676,LOF,0.04057029063203617,0.06012550421240426,0.8993042051555596
25677,LOF,0.11505577119826821,0.049982943009560334,0.8349612857921715
25678,LOF,0.20502596561272474,0.04008246316636845,0.7548915712209069
25679,LOF,0.13028749064953943,0.06104576339193602,0.8086667459585246
25680,LOF,0.10730886403185923,0.08588924915190467,0.8068018868162361
25681,LOF,0.1181688346086308,0.08131286489475431,0.8005183004966148
25682,LOF,0.054858475926435286,0.04994237034684752,0.8951991537267172
25683,LOF,0.08325058066448819,0.08425345856681711,0.8324959607686947
25684,LOF,0.07389676397045473,0.056274653923318575,0.8698285821062266
25685,LOF,0.13227103953624364,0.056923364330837486,0.8108055961329189
25686,LOF,0.026123332483872535,0.10194191705200402,0.8719347504641234
25687,LOF,0.0479780737239139,0.11360115195068111,0.8384207743254051
25688,LOF,0.01967739912035567,0.07548876202101319,0.9048338388586312
25689,LOF,0.01424805388659267,0.033706356250638295,0.952045589862769
25690,LOF,0.01931561112745754,0.0382254691998039,0.9424589196727386
25691,LOF,0.1169463229916326,0.07578144231166864,0.8072722346966986
25692,LOF,0.2675009901148721,0.013410516015565215,0.7190884938695628
25693,LOF,0.03215647921536893,0.3173545735636783,0.6504889472209529
25694,LOF,0.23899532593805292,0.011244055636693642,0.7497606184252533
25695,LOF,0.17510165874226427,0.022215116048215692,0.80268322520952
25696,LOF,0.0882878756382574,0.020219596244809086,0.8914925281169336
25697,LOF,0.06879426082750531,0.02620903693431479,0.90499670223818
25698,LOF,0.016181444877973215,0.3888748090110703,0.5949437461109565
25699,LOF,0.090711722389597,0.16051533789613592,0.748772939714267
25700,LOF,0.03776240810382498,0.02340150650635702,0.938836085389818
25701,LOF,0.012508871544862459,0.14659991490946214,0.8408912135456754
25702,GOF,0.023204097049091387,0.7721767724339719,0.20461913051693675
25703,LOF,0.01612435021662902,0.2662665975199815,0.7176090522633893
25704,LOF,0.07573418378412451,0.17819967479472093,0.7460661414211546
25705,LOF,0.06141040629434708,0.19957451371630994,0.739015079989343
25706,GOF,0.01599032576352933,0.6527688457288665,0.3312408285076042
25707,GOF,0.025830913344265377,0.5351719157122595,0.4389971709434751
25708,LOF,0.007126082948219065,0.4881191017037837,0.5047548153479973
25709,LOF,0.0309295982589737,0.0686043463680626,0.9004660553729638
25710,LOF,0.0058091052148847066,0.15079194529813209,0.8433989494869831
25711,LOF,0.034866516616472595,0.1238161593092307,0.8413173240742966
25712,LOF,0.007645220280941947,0.21015930686875467,0.7821954728503033
25713,LOF,0.027617418151917296,0.12171726562224079,0.8506653162258418
25714,LOF,0.02607593848637045,0.1705740549595267,0.8033500065541028
25715,LOF,0.03390933306921732,0.13622735136163852,0.8298633155691442
25716,LOF,0.006423052900149674,0.1469748453073032,0.846602101792547
25717,LOF,0.006008369837373876,0.11819836315072918,0.875793267011897
25718,LOF,0.03025284938058048,0.08266238620235482,0.8870847644170649
25719,LOF,0.029319228779986772,0.11824521180860946,0.8524355594114037
25720,LOF,0.028670022167731426,0.1377097009618831,0.8336202768703854
25721,LOF,0.028188694443839653,0.12598959907365567,0.8458217064825045
25722,LOF,0.018343069281276568,0.160620026564426,0.8210369041542974
25723,LOF,0.03119682036978042,0.12686268941179002,0.8419404902184296
25724,LOF,0.051912267794196845,0.2579649573775908,0.6901227748282124
25725,LOF,0.03518497643193376,0.10390594129194894,0.8609090822761174
25726,LOF,0.021723280965204893,0.14049700556765018,0.837779713467145
25727,LOF,0.03312028484899608,0.10698174845354846,0.8598979666974556
25728,LOF,0.031235406442357273,0.12959360854628252,0.8391709850113602
25729,LOF,0.032710676806456083,0.1319082652628875,0.8353810579306564
25730,LOF,0.03871646413182129,0.08687293532003887,0.8744106005481399
25731,LOF,0.010262250722318197,0.10725287049668322,0.8824848787809986
25732,LOF,0.0215970212249214,0.06764806677233942,0.9107549120027392
25733,LOF,0.03346383173135711,0.08135332724929166,0.8851828410193512
25734,LOF,0.006206789085089362,0.2635514990571325,0.7302417118577781
25735,LOF,0.030218015359888665,0.08522795156919612,0.8845540330709152
25736,LOF,0.02717831124584452,0.14654415619561992,0.8262775325585356
25737,LOF,0.04339584504940743,0.10651978400627754,0.8500843709443151
25738,LOF,0.02926435790513506,0.18209005004607695,0.788645592048788
25739,LOF,0.028892782500234103,0.12132169986226124,0.8497855176375047
25740,LOF,0.038373801980245766,0.13436303421525805,0.827263163804496
25741,LOF,0.04316420380008208,0.12052392498863898,0.8363118712112789
25742,LOF,0.047310895569778307,0.1340342999896241,0.8186548044405976
25743,LOF,0.012485097910728413,0.02830832766111651,0.959206574428155
25744,LOF,0.21721793538664572,0.18335493057440397,0.5994271340389503
25745,LOF,0.04488410701535927,0.07552701943756757,0.879588873547073
25746,LOF,0.014863606397551377,0.12149423242397667,0.863642161178472
25747,LOF,0.04506723410320316,0.03769387309183655,0.9172388928049603
25748,LOF,0.2793859493846068,0.09299849004849785,0.6276155605668955
25749,LOF,0.01788995771526161,0.06407398078631223,0.9180360614984261
25750,LOF,0.023706658897041096,0.07461404962721427,0.9016792914757447
25751,LOF,0.04686352959532948,0.06419698332789167,0.8889394870767788
25752,GOF,0.0736217619793704,0.7029796513320786,0.22339858668855095
25753,LOF,0.007722009685343387,0.47812919775607654,0.51414879255858
25754,GOF,0.007858846111473014,0.8936743153463504,0.0984668385421766
25755,LOF,0.008006048707065923,0.46420228213422227,0.5277916691587119
25756,LOF,0.02054626699667801,0.4739037611444511,0.505549971858871
25757,GOF,0.008388480175343736,0.8707432062385602,0.12086831358609604
25758,GOF,0.008786479594040978,0.9072100284223614,0.0840034919835976
25759,GOF,0.006224431059592576,0.6951713283552461,0.2986042405851612
25760,LOF,0.005167411055150265,0.3626825123846343,0.6321500765602154
25761,GOF,0.04700559472010637,0.8886514616976269,0.06434294358226672
25762,LOF,0.022643744956200765,0.4107561045074008,0.5666001505363985
25763,LOF,0.006037435895874118,0.351282907268319,0.6426796568358069
25764,GOF,0.0740164754403392,0.7079628261239593,0.21802069843570152
25765,GOF,0.008872022465392275,0.9056128838379174,0.08551509369669044
25766,GOF,0.02517513455415901,0.8701595307209757,0.1046653347248653
25767,GOF,0.017027474476852753,0.5820417012612534,0.40093082426189375
25768,LOF,0.052766230289926164,0.05460623550088937,0.8926275342091845
25769,LOF,0.023062862440457122,0.10565638458371132,0.8712807529758316
25770,LOF,0.13603904212523055,0.15106977958936826,0.7128911782854012
25771,LOF,0.018036305553547485,0.12461458941909612,0.8573491050273564
25772,LOF,0.029844811909710393,0.051111799279044814,0.9190433888112447
25773,LOF,0.013199696973906778,0.13101556431243686,0.8557847387136563
25774,LOF,0.02273901389559297,0.25704222474194466,0.7202187613624624
25775,LOF,0.01681373258905635,0.05430655006508753,0.9288797173458561
25776,LOF,0.02931163960719432,0.03152362101478307,0.9391647393780227
25777,LOF,0.24781225470409474,0.13775266014909449,0.6144350851468108
25778,LOF,0.02284162679842136,0.11000487746756521,0.8671534957340135
25779,GOF,0.05902532278500934,0.8373465244233871,0.10362815279160356
25780,GOF,0.07464132289107304,0.8463401122599019,0.07901856484902504
25781,GOF,0.035603814494743855,0.8071984765503498,0.15719770895490645
25782,GOF,0.039974732673807675,0.8706715065524072,0.08935376077378511
25783,GOF,0.044752593995581576,0.8846161634547016,0.07063124254971688
25784,GOF,0.11257082993857566,0.8220927256578932,0.06533644440353122
25785,GOF,0.1466214774271579,0.8045778408539027,0.04880068171893933
25786,GOF,0.013425555008153829,0.7926863188863287,0.1938881261055176
25787,GOF,0.32999546130795143,0.6135077865739862,0.05649675211806238
25788,LOF,0.020173231408414597,0.13075885292506337,0.8490679156665221
25789,GOF,0.021230422123436937,0.831771532897479,0.14699804497908417
25790,GOF,0.029212550345240746,0.8520909249516497,0.11869652470310971
25791,GOF,0.03309923144173192,0.6555287433301842,0.31137202522808405
25792,GOF,0.042455427191745866,0.7251304594628426,0.23241411334541154
25793,GOF,0.06259665646584907,0.8050623951865905,0.1323409483475604
25794,GOF,0.057198912627849846,0.6512643489000888,0.29153673847206135
25795,GOF,0.05350136086775011,0.6815854323864906,0.26491320674575924
25796,GOF,0.13785706260570196,0.7344335571568394,0.12770938023745865
25797,GOF,0.08301757135035724,0.7085251337004292,0.20845729494921353
25798,GOF,0.008118946360115347,0.8013226798511334,0.19055837378875123
25799,GOF,0.00499875542358845,0.7194414789689048,0.27555976560750683
25800,GOF,0.025319184814280794,0.8568136275211771,0.11786718766454216
25801,GOF,0.02559872129991993,0.8525929565248286,0.12180832217525162
25802,GOF,0.03063660533967617,0.7616934821562853,0.2076699125040384
25803,GOF,0.025725388536406837,0.7387808998558215,0.23549371160777163
25804,GOF,0.04022466178064805,0.7750255089175255,0.18474982930182643
25805,GOF,0.03524258126205624,0.7817961427511176,0.18296127598682616
25806,GOF,0.0472529746173405,0.7879657073424463,0.1647813180402132
25807,GOF,0.01668602951450595,0.7382404249309545,0.2450735455545396
25808,GOF,0.030813509703718062,0.7871010974864783,0.1820853928098038
25809,GOF,0.016652470166436985,0.7054459952889696,0.2779015345445933
25810,GOF,0.015184257020698526,0.6998448579398568,0.2849708850394445
25811,GOF,0.08498536355905306,0.8284144749041534,0.08660016153679356
25812,GOF,0.04271790065752907,0.7713023357646032,0.1859797635778679
25813,GOF,0.21887245687555096,0.6848592798102355,0.09626826331421352
25814,GOF,0.04068816166438484,0.7457758712901692,0.21353596704544595
25815,GOF,0.08665809326961234,0.781912316483498,0.13142959024688955
25816,GOF,0.012450607483821496,0.8630132349102194,0.12453615760595917
25817,GOF,0.14356422566125254,0.7155795094639081,0.14085626487483927
25818,GOF,0.034666134600636264,0.7718965746280573,0.19343729077130642
25819,GOF,0.05719866972310321,0.7207041274617467,0.2220972028151499
25820,GOF,0.05894751318379183,0.6708490577301327,0.2702034290860755
25821,GOF,0.04236022404571616,0.7296086967996055,0.22803107915467832
25822,GOF,0.06642030054727364,0.6934749577572977,0.24010474169542873
25823,GOF,0.03606240448092574,0.7008364885913563,0.263101106927718
25824,GOF,0.03727380497114079,0.7616163796466814,0.2011098153821777
25825,GOF,0.026931429367514737,0.7581776050681259,0.2148909655643593
25826,GOF,0.014250563476685078,0.6931535433393669,0.2925958931839479
25827,GOF,0.019075250880721623,0.7136649874405152,0.2672597616787632
25828,GOF,0.012227455674935998,0.7428476729471035,0.24492487137796048
25829,GOF,0.00488805685039968,0.6436716937382981,0.3514402494113023
25830,LOF,0.0604509535732769,0.45003564189926576,0.4895134045274573
25831,GOF,0.074324976019927,0.7599015150485364,0.16577350893153656
25832,GOF,0.009930622074982107,0.7272253281666905,0.2628440497583273
25833,GOF,0.03152384262699746,0.813756996291283,0.15471916108171965
25834,GOF,0.010334281342468948,0.7560107006705918,0.2336550179869392
25835,GOF,0.029961718074039762,0.8311991121761506,0.13883916974980942
25836,GOF,0.0076515599438337955,0.7591362591725557,0.23321218088361068
25837,GOF,0.011735159550580082,0.7697359510491867,0.21852888940023332
25838,GOF,0.02491090395982764,0.8270224157903348,0.14806668024983757
25839,GOF,0.06243592510422499,0.7536789616758041,0.18388511321997084
25840,GOF,0.10062065297593376,0.7274022710717435,0.1719770759523228
25841,GOF,0.09017998728441477,0.7783734381729832,0.1314465745426021
25842,GOF,0.02799198214468446,0.8601135770906452,0.11189444076467034
25843,GOF,0.025508194503007574,0.8682719221748828,0.1062198833221097
25844,GOF,0.02339766285387379,0.8239650937974431,0.1526372433486832
25845,GOF,0.00826388076860636,0.7231887149726784,0.26854740425871526
25846,GOF,0.07575720619721202,0.8273987879967257,0.09684400580606235
25847,GOF,0.017393586281197325,0.8535346750977777,0.12907173862102492
25848,GOF,0.01962752515067364,0.8065292970077452,0.17384317784158115
25849,GOF,0.006831405114938115,0.7827215847969548,0.2104470100881071
25850,GOF,0.007878681657800049,0.6816445295228288,0.310476788819371
25851,GOF,0.007101001641219433,0.6237946753766933,0.36910432298208734
25852,GOF,0.1607900076255914,0.4376580678969065,0.40155192447750204
25853,GOF,0.07443429243856663,0.7416126241122931,0.1839530834491402
25854,GOF,0.007195478982601982,0.7131354823395768,0.2796690386778213
25855,GOF,0.024600714203772762,0.5920359544482532,0.383363331347974
25856,GOF,0.053552159969562994,0.69715965775618,0.24928818227425686
25857,GOF,0.0253262288592871,0.5957391517899817,0.37893461935073103
25858,GOF,0.011628333554660792,0.5629315883329923,0.42544007811234685
25859,GOF,0.00838433126835725,0.5402099875315584,0.4514056812000843
25860,GOF,0.11700111291910129,0.6786213638784028,0.20437752320249591
25861,GOF,0.1095723287984072,0.7599628950236864,0.13046477617790644
25862,GOF,0.024673714744874443,0.8855873628795242,0.08973892237560135
25863,GOF,0.022121826011124758,0.8562617593987332,0.12161641459014204
25864,GOF,0.04156397331010994,0.8749764308627672,0.08345959582712272
25865,GOF,0.03885495265413744,0.8680806259391317,0.09306442140673084
25866,GOF,0.020171186460847357,0.8745354374408181,0.1052933760983346
25867,GOF,0.04096404312554776,0.8728209481106195,0.08621500876383274
25868,GOF,0.09328170211806815,0.7391229799345916,0.1675953179473403
25869,GOF,0.3694781101352386,0.5093867598231678,0.12113513004159361
25870,GOF,0.08059274574278792,0.5072017189288851,0.4122055353283269
25871,GOF,0.009948339860341746,0.7563074016185933,0.23374425852106495
25872,GOF,0.022660698634161664,0.7518017421011299,0.2255375592647082
25873,GOF,0.023499996802037845,0.8406608841429732,0.13583911905498894
25874,LOF,0.029035488351328537,0.14211832996113327,0.8288461816875382
25875,LOF,0.021900632799632547,0.13281063116006578,0.8452887360403016
25876,LOF,0.024448673757520824,0.05899133455179725,0.9165599916906819
25877,LOF,0.09813401056666529,0.21798581148056478,0.6838801779527699
25878,LOF,0.05501990616690281,0.3113551011975762,0.633624992635521
25879,LOF,0.00972174587234654,0.19826162565974578,0.7920166284679078
25880,LOF,0.05284666793587329,0.020107313539084324,0.9270460185250424
25881,Neutral,0.4946305868258218,0.1599585027592089,0.34541091041496935
25882,LOF,0.04338776344514509,0.049705644087030446,0.9069065924678246
25883,LOF,0.029815626106710603,0.03667007501418989,0.9335142988790995
25884,LOF,0.01564282365756222,0.06191302654450894,0.9224441497979289
25885,LOF,0.15388676328319217,0.01886806083316195,0.8272451758836458
25886,LOF,0.26885264418368704,0.06892093423410228,0.6622264215822107
25887,LOF,0.07129441964885476,0.25871219057505834,0.6699933897760869
25888,LOF,0.007234136995898485,0.2535191924526296,0.7392466705514719
25889,LOF,0.024043643030271056,0.04962221234737947,0.9263341446223495
25890,LOF,0.1872909225726819,0.07153429945335425,0.7411747779739638
25891,LOF,0.09706796873011815,0.045817286438153554,0.8571147448317282
25892,LOF,0.008374194790332625,0.025805686081435842,0.9658201191282315
25893,LOF,0.2868441450075611,0.008027520699958213,0.7051283342924807
25894,LOF,0.3285965997385514,0.0059424136194221894,0.6654609866420265
25895,LOF,0.2701950992266583,0.014258664579798018,0.7155462361935436
25896,LOF,0.09202192639303654,0.02540062601647505,0.8825774475904884
25897,LOF,0.10730871659447506,0.011249843335636672,0.8814414400698883
25898,LOF,0.11291874024666373,0.02653457048353495,0.8605466892698014
25899,LOF,0.3964520798388838,0.027109830172153983,0.5764380899889622
25900,Neutral,0.771471005771171,0.011076165844274418,0.21745282838455465
25901,LOF,0.0633369086563109,0.009670000975878234,0.9269930903678109
25902,LOF,0.07932754064866317,0.008135930756800984,0.9125365285945359
25903,LOF,0.16794752446710234,0.0267655841492925,0.8052868913836052
25904,LOF,0.4678856891495618,0.05618959410924388,0.47592471674119435
25905,LOF,0.0076845419330236475,0.40234496652648644,0.5899704915404899
25906,LOF,0.00933902408495103,0.07104842224976964,0.9196125536652794
25907,LOF,0.007349274241954436,0.26464963605024905,0.7280010897077965
25908,LOF,0.007664678603725325,0.24098226120540003,0.7513530601908746
25909,LOF,0.03354575035346048,0.11987652483709615,0.8465777248094434
25910,LOF,0.017163001647454813,0.1054534548736213,0.8773835434789238
25911,LOF,0.16585281875099608,0.029301500312788862,0.8048456809362151
25912,LOF,0.12640937073522923,0.013248608548802703,0.860342020715968
25913,LOF,0.01560117135222734,0.02460067251808345,0.9597981561296891
25914,LOF,0.049624473423479004,0.03580104236443395,0.9145744842120871
25915,LOF,0.19634087337724576,0.3401813280114089,0.4634777986113453
25916,LOF,0.012431823765823108,0.18788141462715424,0.7996867616070226
25917,LOF,0.0716214372442224,0.04965558390308145,0.8787229788526962
25918,LOF,0.04994676575238971,0.02223526375241984,0.9278179704951905
25919,LOF,0.042586500013996484,0.024179357426176783,0.9332341425598267
25920,LOF,0.3518348400881188,0.2162279327061455,0.43193722720573574
25921,LOF,0.02081899998041663,0.022748505694442273,0.9564324943251411
25922,LOF,0.02093374237550019,0.018071023771154663,0.9609952338533452
25923,LOF,0.42376799590678854,0.012336138073599286,0.5638958660196122
25924,LOF,0.033339664862578944,0.019582419827846212,0.9470779153095749
25925,LOF,0.11564127532939485,0.02613944493685019,0.8582192797337551
25926,LOF,0.09441095525658666,0.017376938367290717,0.8882121063761226
25927,LOF,0.030590587404862358,0.026826656399287885,0.9425827561958496
25928,LOF,0.01703463567803895,0.010716766694478654,0.9722485976274823
25929,Neutral,0.5585266083959478,0.011845673251104366,0.4296277183529479
25930,LOF,0.06293244028935897,0.010779861391375007,0.926287698319266
25931,LOF,0.017314925327196893,0.011410819130707555,0.9712742555420955
25932,LOF,0.07929695726672054,0.0090716081933549,0.9116314345399247
25933,LOF,0.1005544951292705,0.006731296280028608,0.8927142085907009
25934,LOF,0.08885741778198077,0.007772310985844477,0.9033702712321747
25935,LOF,0.11209654715634337,0.020419901244936374,0.8674835515987203
25936,LOF,0.08780272661648422,0.007019649889615993,0.9051776234938999
25937,LOF,0.01747117340695525,0.013862681671630147,0.9686661449214146
25938,LOF,0.11086910050036475,0.01785633757283551,0.8712745619267998
25939,LOF,0.06152785553639864,0.011729384403016654,0.9267427600605846
25940,GOF,0.009861694199836579,0.5458144261904855,0.4443238796096779
25941,LOF,0.4478012600669694,0.032641932238029664,0.5195568076950009
25942,LOF,0.009843128634318996,0.05556176201244457,0.9345951093532364
25943,LOF,0.03729879817854068,0.13006428994662583,0.8326369118748336
25944,LOF,0.036926459840800244,0.0851533892508652,0.8779201509083346
25945,LOF,0.1381210729891562,0.026711258751958636,0.8351676682588851
25946,LOF,0.08650119835848137,0.07317379668805928,0.8403250049534593
25947,Neutral,0.4571600512270142,0.21768171329670044,0.3251582354762854
25948,Neutral,0.5442360360838424,0.01995243677581363,0.435811527140344
25949,LOF,0.10912075252860964,0.046327820749690336,0.8445514267216999
25950,GOF,0.07413568114631086,0.7004907857026184,0.2253735331510708
25951,GOF,0.011445518597937182,0.5642179374600051,0.42433654394205755
25952,LOF,0.1430872072559835,0.3383816124073564,0.51853118033666
25953,LOF,0.006612199741648149,0.42932920133047825,0.5640585989278735
25954,GOF,0.05133549574070456,0.6280803341879149,0.32058417007138057
25955,LOF,0.007669453685098877,0.41090939650349145,0.5814211498114097
25956,LOF,0.008204694199535461,0.42157616034626944,0.5702191454541952
25957,LOF,0.19189741554012962,0.03846633084844627,0.7696362536114242
25958,LOF,0.024080895346297485,0.06394946165246364,0.911969643001239
25959,GOF,0.006903699273828558,0.7167978147611276,0.27629848596504375
25960,LOF,0.005698509069364509,0.1031027829346984,0.891198707995937
25961,LOF,0.025169589164717013,0.06192768511295203,0.912902725722331
25962,LOF,0.043359750331223336,0.10395676336961224,0.8526834862991645
25963,LOF,0.010719141100584575,0.14992263642813397,0.8393582224712816
25964,LOF,0.0525639683153357,0.09733456729042267,0.8501014643942416
25965,LOF,0.16103849317148666,0.1779310819303344,0.661030424898179
25966,LOF,0.30676535807195765,0.2515895404395789,0.4416451014884634
25967,LOF,0.0072003207885412935,0.11427157622698854,0.8785281029844701
25968,LOF,0.06124067162724794,0.21327903476890328,0.7254802936038488
25969,LOF,0.1299262128705851,0.05483517103533656,0.8152386160940783
25970,LOF,0.0494010575529488,0.0877406990139116,0.8628582434331397
25971,LOF,0.07540225072103919,0.03839353476851204,0.8862042145104487
25972,LOF,0.0758292773610467,0.04091408103223655,0.8832566416067168
25973,LOF,0.08065226437714401,0.00802272695236821,0.9113250086704877
25974,LOF,0.06597450389168982,0.03384696643149343,0.9001785296768168
25975,LOF,0.031007320288416268,0.009580839801067402,0.9594118399105163
25976,LOF,0.10209129239284095,0.009711967924363447,0.8881967396827956
25977,LOF,0.19805437749551913,0.05902697219335029,0.7429186503111305
25978,LOF,0.17307006366606761,0.12047716230679277,0.7064527740271397
25979,LOF,0.12691323387401018,0.12577298511632823,0.7473137810096615
25980,LOF,0.20842178532856953,0.24996425537263875,0.5416139592987917
25981,LOF,0.20971458468823823,0.25726279874260627,0.5330226165691555
25982,LOF,0.28355212276685304,0.12261507044493888,0.593832806788208
25983,Neutral,0.4683971832130346,0.1127535837544904,0.418849233032475
25984,LOF,0.060648881504010675,0.061534159629639575,0.8778169588663497
25985,Neutral,0.4585564535843442,0.09169836973817982,0.4497451766774758
25986,LOF,0.012022159341711062,0.3683850983472635,0.6195927423110255
25987,LOF,0.03443094686721759,0.07100729852438109,0.8945617546084013
25988,LOF,0.05094965485968928,0.09195612809312147,0.8570942170471894
25989,LOF,0.05077244698606452,0.10438216559082693,0.8448453874231086
25990,LOF,0.05023526700715193,0.20671826061653267,0.7430464723763154
25991,GOF,0.028107086181669703,0.6442109177265235,0.32768199609180676
25992,LOF,0.012734631743528513,0.475187887409951,0.5120774808465204
25993,LOF,0.021756985916956507,0.08970882852963723,0.8885341855534062
25994,LOF,0.026709819830899623,0.10198053832638783,0.8713096418427125
25995,LOF,0.017140734412386862,0.1629941238673363,0.8198651417202768
25996,GOF,0.30878596055654056,0.5331127889178846,0.15810125052557483
25997,GOF,0.06046170362004687,0.6759962337928132,0.2635420625871401
25998,LOF,0.255787167095111,0.02893617691357579,0.7152766559913132
25999,LOF,0.02650148699234487,0.27909471242101785,0.6944038005866373
26000,LOF,0.1637937989721369,0.013322238048862137,0.8228839629790009
26001,LOF,0.1571004758790431,0.016428093924071675,0.8264714301968852
26002,LOF,0.11498779941925015,0.014007296272458152,0.8710049043082918
26003,GOF,0.007267171161754691,0.6005498078012544,0.3921830210369908
26004,GOF,0.017094608402536265,0.5963119053866427,0.38659348621082096
26005,LOF,0.005245244968269244,0.4945199692353152,0.5002347857964156
26006,GOF,0.10190798232547366,0.5644314909091432,0.3336605267653831
26007,GOF,0.00865397113096171,0.565762103686701,0.42558392518233734
26008,GOF,0.007229742119439701,0.5740842112003354,0.418686046680225
26009,GOF,0.013634814202800648,0.6393017255200881,0.34706346027711116
26010,GOF,0.010647142830609588,0.5536254515935701,0.4357274055758202
26011,LOF,0.005978193543455253,0.4527268511695084,0.5412949552870363
26012,GOF,0.005979056486581414,0.5463973768630196,0.447623566650399
26013,GOF,0.01223181197393802,0.4947697713830633,0.4929984166429987
26014,LOF,0.05433702552269527,0.07324430743234221,0.8724186670449626
26015,LOF,0.3623200110862622,0.02935501335074967,0.6083249755629881
26016,LOF,0.25083513961148546,0.05274837568735566,0.6964164847011588
26017,LOF,0.018377077318403445,0.1641165603167038,0.8175063623648927
26018,LOF,0.021284435001096287,0.10480595974685208,0.8739096052520516
26019,LOF,0.02112564089088272,0.08608205606796984,0.8927923030411474
26020,LOF,0.007473582968155629,0.15517806544768267,0.8373483515841618
26021,LOF,0.09246935637568489,0.08037012111547606,0.8271605225088391
26022,LOF,0.04714439902017114,0.035114148581075026,0.9177414523987537
26023,LOF,0.03425106286028927,0.07966099236613135,0.8860879447735793
26024,LOF,0.05144286099509293,0.06339060910705821,0.8851665298978488
26025,LOF,0.17220126314545753,0.08101464574368174,0.7467840911108607
26026,LOF,0.1494973250154986,0.05809590600773301,0.7924067689767685
26027,LOF,0.0316564333593483,0.044849495511077656,0.923494071129574
26028,LOF,0.08054768995357493,0.25651777087210115,0.6629345391743239
26029,LOF,0.03388948107012997,0.14916061684040896,0.8169499020894612
26030,LOF,0.13022828908911369,0.01990564351475131,0.849866067396135
26031,LOF,0.01680209079212957,0.1587108697068389,0.8244870395010315
26032,LOF,0.028791382933075583,0.033713615255496585,0.9374950018114279
26033,LOF,0.05110961089715191,0.06175284749120947,0.8871375416116387
26034,LOF,0.024157540817518613,0.0897779079580592,0.8860645512244223
26035,LOF,0.014675276029511382,0.10894931476770177,0.8763754092027868
26036,LOF,0.013735865220697632,0.08657695174163134,0.899687183037671
26037,LOF,0.013147993658607984,0.09071733059067126,0.8961346757507207
26038,LOF,0.025366336820852115,0.03138853040295701,0.9432451327761908
26039,LOF,0.034787974509739486,0.13151196320926348,0.833700062280997
26040,LOF,0.07513222861540875,0.1888068950367105,0.7360608763478808
26041,LOF,0.015946398692945632,0.10143736041162447,0.8826162408954299
26042,LOF,0.014872535142592961,0.1096087272666547,0.8755187375907523
26043,LOF,0.024848965047335116,0.060113053895593356,0.9150379810570716
26044,LOF,0.008381360239473253,0.05272494232694265,0.9388936974335841
26045,LOF,0.09765508790813436,0.23367288466229313,0.6686720274295725
26046,LOF,0.02434459925505042,0.06299796938079848,0.9126574313641511
26047,LOF,0.060218946549043036,0.05472561329128622,0.8850554401596709
26048,LOF,0.08602696832890144,0.02638588330055632,0.8875871483705422
26049,Neutral,0.9339635426741364,0.006556449316245446,0.05948000800961838
26050,Neutral,0.8910070409306444,0.008654184997343406,0.10033877407201217
26051,LOF,0.030333943269422643,0.298755730691235,0.6709103260393424
26052,LOF,0.03472621489155407,0.19369759573446493,0.771576189373981
26053,LOF,0.02602776205058813,0.1603108462271412,0.8136613917222707
26054,LOF,0.05153200465444447,0.07889164471855624,0.8695763506269992
26055,LOF,0.05697503365905576,0.07449131223344485,0.8685336541074995
26056,LOF,0.05354342997787392,0.07684854306298235,0.8696080269591437
26057,LOF,0.04644098893167606,0.01669571468834749,0.9368632963799765
26058,LOF,0.051086904912393385,0.013341776350953294,0.9355713187366534
26059,LOF,0.2533264452422846,0.10645718767364819,0.6402163670840672
26060,LOF,0.019259104725240287,0.1872130756582903,0.7935278196164693
26061,LOF,0.012721410490942369,0.010811853037169477,0.9764667364718882
26062,LOF,0.006459332748432899,0.023038772183134708,0.9705018950684324
26063,LOF,0.04511082573521669,0.01564653767469591,0.9392426365900873
26064,LOF,0.009364308763153953,0.015710312776447164,0.9749253784603988
26065,LOF,0.0476694756951931,0.01788933736307322,0.9344411869417337
26066,LOF,0.045583397291072185,0.014125563102912526,0.9402910396060153
26067,LOF,0.051156094448141946,0.012786845808727475,0.9360570597431305
26068,LOF,0.049773220389585204,0.05208966612417484,0.8981371134862399
26069,LOF,0.15921746303651785,0.04380008563830588,0.7969824513251762
26070,LOF,0.3840833535906711,0.02512102321177397,0.590795623197555
26071,LOF,0.049379086658907924,0.018202898971065633,0.9324180143700264
26072,LOF,0.007835038642447955,0.02155837652922188,0.9706065848283302
26073,LOF,0.04829168443488875,0.013189251616852202,0.938519063948259
26074,Neutral,0.7169340921413534,0.020176233153832525,0.26288967470481417
26075,LOF,0.03747688406821896,0.03754248933097394,0.9249806266008072
26076,LOF,0.05433658920633338,0.017228580338675577,0.928434830454991
26077,LOF,0.16889954122739387,0.01942734374726207,0.8116731150253441
26078,LOF,0.006630710102442762,0.02887144378542226,0.964497846112135
26079,LOF,0.05238383991297183,0.03843603038802561,0.9091801296990025
26080,LOF,0.05150262054505761,0.038533881415637745,0.9099634980393045
26081,LOF,0.04962813104341919,0.015091575914253022,0.9352802930423277
26082,LOF,0.007652989516076909,0.02371321101751316,0.9686337994664099
26083,LOF,0.047265538268391104,0.03231420200974672,0.9204202597218621
26084,LOF,0.06780594025614091,0.017482906902137996,0.9147111528417211
26085,LOF,0.06245951097753677,0.014909727078914744,0.9226307619435484
26086,LOF,0.03892196985283935,0.01991991168631964,0.9411581184608411
26087,LOF,0.04471476508783164,0.017186693829697456,0.9380985410824708
26088,LOF,0.006927888654919153,0.03756946898225509,0.9555026423628257
26089,LOF,0.0351674610879874,0.05732056119353844,0.9075119777184742
26090,LOF,0.034846366357316874,0.04852038308093852,0.9166332505617446
26091,LOF,0.03499893552945997,0.014985112785924955,0.9500159516846151
26092,LOF,0.044832838860368505,0.013457264528014106,0.9417098966116173
26093,LOF,0.07053837896152335,0.008636069334982897,0.9208255517034937
26094,LOF,0.04511674969675817,0.011661371285904972,0.9432218790173368
26095,LOF,0.012027521219866714,0.02795228790568886,0.9600201908744445
26096,LOF,0.30780937800242225,0.004671672772019264,0.6875189492255585
26097,LOF,0.007202465579571407,0.05557016570275447,0.937227368717674
26098,LOF,0.056409463233732034,0.03866839497758226,0.9049221417886857
26099,LOF,0.0486074595201851,0.03761076025056745,0.9137817802292474
26100,LOF,0.0486074595201851,0.03761076025056745,0.9137817802292474
26101,LOF,0.048557902275652064,0.058154855175822584,0.8932872425485253
26102,LOF,0.04434555359818457,0.022136884953868178,0.9335175614479473
26103,Neutral,0.883301872473474,0.04236946054419917,0.07432866698232679
26104,LOF,0.044921549267611216,0.11386287708150053,0.8412155736508882
26105,LOF,0.24895994929341458,0.07638707079858295,0.6746529799080023
26106,LOF,0.2950276912874918,0.033500288434397354,0.6714720202781109
26107,LOF,0.01649330042750519,0.058222023001750084,0.9252846765707448
26108,LOF,0.17692832915477857,0.06597666083538574,0.7570950100098356
26109,LOF,0.055353983620244386,0.03995050581843568,0.9046955105613199
26110,Neutral,0.5111597995295609,0.02597036721102566,0.46286983325941344
26111,LOF,0.05523176224385642,0.16938310950378083,0.7753851282523628
26112,LOF,0.06511941164724072,0.017753840658120863,0.9171267476946384
26113,LOF,0.06660756242259594,0.0357662035750332,0.897626234002371
26114,LOF,0.10413942191097011,0.012122367033793019,0.8837382110552369
26115,LOF,0.020395636847327037,0.07140334587004799,0.9082010172826249
26116,LOF,0.05607179147582506,0.025838923993938,0.9180892845302369
26117,LOF,0.3334320414190673,0.06398836067775403,0.6025795979031787
26118,LOF,0.041217042254302595,0.02203848042443947,0.9367444773212579
26119,LOF,0.006010023050010459,0.08975535640279536,0.9042346205471943
26120,LOF,0.03252980446822291,0.020958384186428217,0.9465118113453488
26121,LOF,0.003956265447815413,0.11082089636850419,0.8852228381836805
