feature0,prediction,LoGoFunc_Neutral,LoGoFunc_GOF,LoGoFunc_LOF
25546,Neutral,0.7642196995575952,0.03971489995632721,0.19606540048607765
25547,Neutral,0.6110130680452212,0.08184638637430548,0.30714054558047343
25548,Neutral,0.6323417354439383,0.06211619484065863,0.30554206971540304
25549,Neutral,0.5451636245182431,0.060746843008895414,0.39408953247286144
25550,LOF,0.34655370478847614,0.13514103162782828,0.5183052635836957
25551,LOF,0.2775365428107643,0.14873141385368083,0.5737320433355548
25552,LOF,0.20821220566440793,0.13880539959300636,0.6529823947425858
25553,Neutral,0.8590475267182459,0.029153157683135988,0.11179931559861805
25554,LOF,0.2519296500957111,0.13070727732540932,0.6173630725788796
25555,LOF,0.20755400540734362,0.11255372651730444,0.679892268075352
25556,Neutral,0.4496751654804933,0.11402548412227369,0.4362993503972331
25557,LOF,0.1943684193659919,0.12081764022656756,0.6848139404074405
25558,LOF,0.2341695970050039,0.1286849454158001,0.6371454575791959
25559,LOF,0.34097700054297814,0.12624181566100245,0.5327811837960194
25560,LOF,0.06303655139837265,0.1360540587860678,0.8009093898155596
25561,LOF,0.13243757708204634,0.13603414073752465,0.7315282821804291
25562,LOF,0.08534478118907124,0.07131692721246563,0.8433382915984631
25563,LOF,0.09473194559327465,0.09782233387445234,0.807445720532273
25564,LOF,0.1746560940616202,0.14299737658845219,0.6823465293499276
25565,LOF,0.1328136331452899,0.14004353370360587,0.7271428331511042
25566,GOF,0.018027249509879904,0.7709507824154874,0.2110219680746327
25567,LOF,0.020502723733513743,0.2438737199261807,0.7356235563403056
25568,LOF,0.05816953021564592,0.09056119085034493,0.8512692789340092
25569,LOF,0.06146343826075432,0.09107779653498926,0.8474587652042566
25570,LOF,0.03233669749707229,0.13234594927398807,0.8353173532289396
25571,LOF,0.028844903683448463,0.12863858528524483,0.8425165110313066
25572,LOF,0.04773537632407085,0.1483239114993498,0.8039407121765795
25573,LOF,0.03396186103779812,0.12263160494505104,0.8434065340171509
25574,LOF,0.018289626647165557,0.1999587652076422,0.7817516081451923
25575,LOF,0.024245805303038603,0.1402661699727136,0.8354880247242479
25576,LOF,0.014526282177460761,0.1657193206173551,0.8197543972051843
25577,LOF,0.011728476939640891,0.14454835204459818,0.843723171015761
25578,LOF,0.2823137222582009,0.11292760153796057,0.6047586762038385
25579,LOF,0.12934429319411267,0.13011228086805385,0.7405434259378335
25580,LOF,0.018620635105251967,0.10910030391853184,0.8722790609762162
25581,LOF,0.05279483112540046,0.0940262629481078,0.8531789059264918
25582,LOF,0.05238111168510523,0.0921981822786125,0.8554207060362823
25583,LOF,0.019814350196287734,0.13004412214311667,0.8501415276605957
25584,Neutral,0.49092704022448064,0.1440059364903507,0.36506702328516866
25585,LOF,0.0187801231658918,0.1702633603054407,0.8109565165286675
25586,LOF,0.01586894756570366,0.10610600507723898,0.8780250473570573
25587,LOF,0.016202929896048747,0.0965731683861825,0.8872239017177687
25588,LOF,0.01625696308386136,0.11643271660425662,0.867310320311882
25589,Neutral,0.5910058347108813,0.16079045256802368,0.24820371272109495
25590,LOF,0.029575646522872957,0.15802201209771827,0.8124023413794088
25591,LOF,0.094744612110374,0.08421853776919193,0.821036850120434
25592,LOF,0.051655983701951395,0.1752373459102247,0.773106670387824
25593,LOF,0.02337181924279445,0.3248090179135289,0.6518191628436766
25594,LOF,0.0457109038768828,0.17021095954291843,0.7840781365801986
25595,LOF,0.05516384689654003,0.12381175407497205,0.8210243990284879
25596,LOF,0.06800683508720942,0.0825709785961672,0.8494221863166233
25597,LOF,0.043819657136255345,0.07613430454363251,0.8800460383201122
25598,LOF,0.04902216223917438,0.12527024821287513,0.8257075895479504
25599,GOF,0.006041433289344707,0.6088170908623521,0.3851414758483032
25600,GOF,0.02192763308454912,0.6550248246430952,0.32304754227235566
25601,LOF,0.013846257740888206,0.45067319168585945,0.5354805505732523
25602,LOF,0.03255128181986631,0.03604908652141423,0.9313996316587194
25603,LOF,0.050323550121106515,0.017220562815904106,0.9324558870629894
25604,LOF,0.0318276687284949,0.05121200314441246,0.9169603281270927
25605,LOF,0.009027879979278184,0.20942415831515504,0.7815479617055667
25606,LOF,0.12178016192558876,0.3385356911304294,0.5396841469439819
25607,LOF,0.005538425094735066,0.18517579428275427,0.8092857806225107
25608,LOF,0.022443996207800004,0.08204729063977624,0.8955087131524238
25609,LOF,0.07591334360200798,0.41124390845183934,0.5128427479461527
25610,LOF,0.018555368741568604,0.026275025260326646,0.9551696059981047
25611,LOF,0.02025718721260746,0.025974273714915893,0.9537685390724767
25612,LOF,0.08939203003306548,0.03459984468380669,0.8760081252831278
25613,LOF,0.07875490263436136,0.03540848513642083,0.8858366122292177
25614,LOF,0.022412274360176235,0.027501200945979864,0.9500865246938438
25615,LOF,0.03037448766522643,0.04081781846053627,0.9288076938742373
25616,LOF,0.05927966192864224,0.02744330471863044,0.9132770333527273
25617,LOF,0.06069204192667829,0.030450449675695997,0.9088575083976257
25618,LOF,0.07704858828133034,0.031373539864156114,0.8915778718545136
25619,LOF,0.01717941749378263,0.03115484770446154,0.9516657348017558
25620,LOF,0.07341881360541971,0.03560858596308466,0.8909726004314956
25621,LOF,0.03471273702803651,0.02965804759797017,0.9356292153739934
25622,LOF,0.046350686677861894,0.030835199724117884,0.9228141135980202
25623,LOF,0.0665410369505352,0.02307175308848696,0.9103872099609778
25624,LOF,0.01998027069854099,0.03551260868970388,0.944507120611755
25625,LOF,0.04729307246389545,0.03834339461883746,0.9143635329172672
25626,LOF,0.0734634256163081,0.03036504685319571,0.8961715275304961
25627,Neutral,0.5709241731219482,0.11711414688977766,0.31196167998827423
25628,LOF,0.21583760508325642,0.051852189969207395,0.7323102049475362
25629,LOF,0.05447973389483757,0.061226294267264406,0.884293971837898
25630,LOF,0.15424749840413451,0.09005908676491166,0.7556934148309539
25631,Neutral,0.6352710793121057,0.05289978028822436,0.31182914039967
25632,LOF,0.010597786672603762,0.10989603748390366,0.8795061758434926
25633,LOF,0.2144865330503219,0.06808985217596729,0.7174236147737109
25634,LOF,0.03197192300284381,0.11521577239867435,0.8528123045984819
25635,LOF,0.029793525672780177,0.07694144810999295,0.8932650262172268
25636,GOF,0.005962918605571572,0.6205530441448401,0.3734840372495883
25637,GOF,0.006396418505769496,0.6807223340891364,0.3128812474050941
25638,LOF,0.011037344784807033,0.36337901776539727,0.6255836374497956
25639,GOF,0.005562945600119613,0.5586846415350006,0.4357524128648798
25640,GOF,0.44994817185814445,0.45990127055474994,0.0901505575871055
25641,LOF,0.012369927066758917,0.3123626638186917,0.6752674091145493
25642,LOF,0.2711747287573201,0.05748275474387834,0.6713425164988016
25643,LOF,0.1940127994342189,0.22439415314118707,0.5815930474245941
25644,GOF,0.012668355503685296,0.5204495264266663,0.46688211806964847
25645,LOF,0.00995249423706521,0.4679778123869814,0.5220696933759534
25646,LOF,0.016647013089208282,0.3180204199226506,0.6653325669881411
25647,LOF,0.013058385123088292,0.2683284761674025,0.7186131387095092
25648,LOF,0.012321465804602184,0.26163259086176477,0.726045943333633
25649,LOF,0.009778376633702976,0.1774155873495056,0.8128060360167914
25650,LOF,0.01837818470447187,0.41053347525973577,0.5710883400357923
25651,LOF,0.007253225522845304,0.26834930772639504,0.7243974667507597
25652,LOF,0.01147996711952762,0.2388313783303453,0.749688654550127
25653,LOF,0.04218908578785567,0.358693353465231,0.5991175607469132
25654,LOF,0.01310373423518263,0.14059249832051024,0.8463037674443071
25655,LOF,0.06314531197653007,0.4144546561054244,0.5224000319180455
25656,LOF,0.20985017590862,0.04606381583599455,0.7440860082553854
25657,LOF,0.3390712495359192,0.02483498074203145,0.6360937697220493
25658,LOF,0.07573301006059303,0.0837124564207028,0.8405545335187042
25659,LOF,0.4239549806843594,0.07363138843158282,0.5024136308840578
25660,LOF,0.03371600486707242,0.10037582177194368,0.8659081733609839
25661,LOF,0.11324005837933543,0.06491858708498467,0.8218413545356797
25662,LOF,0.02470655516248929,0.04735167700363737,0.9279417678338734
25663,LOF,0.03296068327839536,0.06671020738102955,0.9003291093405751
25664,LOF,0.059500507641601454,0.08255755557036162,0.8579419367880369
25665,LOF,0.05847180681330982,0.04712033924891158,0.8944078539377786
25666,LOF,0.0589110907579542,0.11326588457877099,0.8278230246632748
25667,LOF,0.08057795631900887,0.051036961935010144,0.868385081745981
25668,LOF,0.027487026244638953,0.055828857032151534,0.9166841167232095
25669,LOF,0.029286283688755903,0.07753550585814661,0.8931782104530975
25670,LOF,0.10001871494652084,0.08922539340152386,0.8107558916519553
25671,LOF,0.10757406190306375,0.04305034875118617,0.8493755893457501
25672,LOF,0.06761136960310729,0.06451507496422185,0.867873555432671
25673,LOF,0.05005611590871486,0.07117474957665747,0.8787691345146276
25674,LOF,0.04492720366879657,0.07178411424297097,0.8832886820882325
25675,LOF,0.07126415712968197,0.06286482650941397,0.865871016360904
25676,LOF,0.021639473936202344,0.06665141329468292,0.9117091127691148
25677,LOF,0.02964027218374932,0.07636138084094594,0.8939983469753048
25678,LOF,0.19512265170653212,0.04439256417855026,0.7604847841149177
25679,LOF,0.1564295309645977,0.07289847402864673,0.7706719950067557
25680,LOF,0.03473369498154434,0.11204288371114679,0.8532234213073089
25681,LOF,0.05644982360042835,0.10278492622018862,0.840765250179383
25682,LOF,0.12253067494170394,0.0780693798480017,0.7993999452102943
25683,LOF,0.13287918759601602,0.09244191204448746,0.7746789003594965
25684,LOF,0.04316613945673366,0.08135458314733209,0.8754792773959343
25685,LOF,0.13086578621998696,0.05261031420315349,0.8165238995768596
25686,LOF,0.03554607775459765,0.10767611059276905,0.8567778116526333
25687,LOF,0.03928031943519594,0.09360146398241231,0.8671182165823917
25688,LOF,0.03471999998683206,0.0925989598768936,0.8726810401362743
25689,LOF,0.02464656524369565,0.08658694304577635,0.888766491710528
25690,LOF,0.028131714391148574,0.08954690299088665,0.8823213826179648
25691,LOF,0.2361647912192689,0.10823740885493573,0.6555977999257953
25692,LOF,0.35799386343173567,0.008862557245748793,0.6331435793225154
25693,LOF,0.09048270257688304,0.17812006270497727,0.7313972347181397
25694,LOF,0.25617465987250787,0.019243942549096005,0.7245813975783961
25695,LOF,0.1738293160968034,0.023727173092467267,0.8024435108107293
25696,LOF,0.1518010230422148,0.010137969359354147,0.838061007598431
25697,LOF,0.16525142419555958,0.025204014591702194,0.8095445612127383
25698,LOF,0.050069595080016044,0.41456037691808373,0.5353700280019003
25699,LOF,0.06898698861438476,0.09103928067917581,0.8399737307064394
25700,LOF,0.06337556672758252,0.008423838428982275,0.9282005948434352
25701,LOF,0.014644800958658055,0.08454479980362174,0.9008103992377202
25702,GOF,0.023908169359842604,0.7258644584046556,0.25022737223550173
25703,LOF,0.010707804303364484,0.19820535837279835,0.7910868373238371
25704,LOF,0.04449900826057985,0.16230589806360218,0.793195093675818
25705,LOF,0.05071298912378478,0.2246395714652994,0.7246474394109158
25706,GOF,0.047293703641507284,0.631296364453685,0.32140993190480766
25707,GOF,0.022951479023347286,0.5163219136491168,0.46072660732753595
25708,LOF,0.0072646735256006924,0.4463792402942223,0.546356086180177
25709,LOF,0.056205560201294406,0.06246499765334523,0.8813294421453604
25710,LOF,0.007697308901480058,0.19414330635082305,0.7981593847476969
25711,LOF,0.018004366574128728,0.11683503505176658,0.8651605983741048
25712,LOF,0.010010708219610647,0.22618308274887325,0.7638062090315161
25713,LOF,0.016078384729273497,0.09727096461468464,0.8866506506560419
25714,LOF,0.06632695691642684,0.12400020710432122,0.8096728359792519
25715,LOF,0.012194512760697733,0.13458821028704618,0.853217276952256
25716,LOF,0.008712718546854402,0.13497847066422253,0.856308810788923
25717,LOF,0.006455356412215599,0.13097760011869541,0.8625670434690891
25718,LOF,0.013523624228229659,0.08298474997020286,0.9034916258015675
25719,LOF,0.021984027302931787,0.09687770607965158,0.8811382666174166
25720,LOF,0.02099331011095775,0.09188300956721505,0.8871236803218271
25721,LOF,0.015393053374167878,0.11483881010466364,0.8697681365211685
25722,LOF,0.012798899983248685,0.144835802656718,0.8423652973600334
25723,LOF,0.01808171789999387,0.06971986312473408,0.912198418975272
25724,LOF,0.02278230173983414,0.10990035374798264,0.8673173445121832
25725,LOF,0.013323804424507492,0.07890664670788845,0.9077695488676041
25726,LOF,0.011051615468500614,0.11570806397005691,0.8732403205614425
25727,LOF,0.0142029012727401,0.09364838780190944,0.8921487109253505
25728,LOF,0.011735060016233343,0.11654473735611665,0.87172020262765
25729,LOF,0.012182316051431975,0.11895615636717918,0.8688615275813888
25730,LOF,0.012968486360553075,0.09796021027839252,0.8890713033610544
25731,LOF,0.012122206510750124,0.15132379982076782,0.8365539936684822
25732,LOF,0.012703567743022818,0.10345934729770707,0.88383708495927
25733,LOF,0.018073041214868232,0.08690353388294801,0.8950234249021839
25734,LOF,0.006409138197231541,0.19231807998455958,0.8012727818182089
25735,LOF,0.01513128228511768,0.0795309561684677,0.9053377615464147
25736,LOF,0.01437213779549806,0.11597687827944754,0.8696509839250544
25737,LOF,0.026505813261377357,0.09984092459000289,0.8736532621486197
25738,LOF,0.013815763085895268,0.13886151761854607,0.8473227192955587
25739,LOF,0.020131659329550487,0.11269328849966033,0.867175052170789
25740,LOF,0.03119201127380505,0.12715688984482548,0.8416510988813695
25741,LOF,0.015706800109938697,0.10361098972768959,0.8806822101623717
25742,LOF,0.102913404215165,0.09750964379977056,0.7995769519850645
25743,LOF,0.01705931867478372,0.045673417680456345,0.93726726364476
25744,GOF,0.19451957124669386,0.4442263702766601,0.36125405847664604
25745,LOF,0.02655772407136712,0.06431653211491692,0.909125743813716
25746,LOF,0.012213864544897616,0.07743143331272641,0.910354702142376
25747,LOF,0.023630210555565658,0.038773233910079814,0.9375965555343545
25748,LOF,0.15518137457400566,0.06449555283359085,0.7803230725924035
25749,LOF,0.012644050284817946,0.05440139145249901,0.932954558262683
25750,LOF,0.026652604884062413,0.08086194335899054,0.892485451756947
25751,LOF,0.09733562099094212,0.06771261233737229,0.8349517666716856
25752,GOF,0.09574560663292087,0.618953671660722,0.2853007217063571
25753,LOF,0.009977717071795594,0.3551142564124025,0.6349080265158019
25754,GOF,0.004455046250425372,0.8304633695075408,0.16508158424203384
25755,LOF,0.01352062595843673,0.41408618415180437,0.5723931898897588
25756,LOF,0.04949619772784782,0.40196913047390925,0.548534671798243
25757,GOF,0.005795009503557773,0.8506349267299043,0.14357006376653797
25758,GOF,0.007303743602368251,0.8352550504583932,0.1574412059392385
25759,GOF,0.00443735925678369,0.546053035099383,0.44950960564383335
25760,LOF,0.006615001865666694,0.29294739758402427,0.700437600550309
25761,GOF,0.043692956662391785,0.8177662760720172,0.13854076726559103
25762,LOF,0.030745034135737266,0.3391003698702347,0.630154595994028
25763,LOF,0.007311506834356222,0.2484590604730447,0.7442294326925991
25764,GOF,0.09912648475436989,0.5425459237526057,0.35832759149302434
25765,GOF,0.010232145783819074,0.820203248878786,0.16956460533739476
25766,GOF,0.02403358473604435,0.8073187363368118,0.16864767892714383
25767,LOF,0.022960083714485616,0.4416951802309815,0.535344736054533
25768,LOF,0.07561240690087728,0.07185040231965187,0.8525371907794709
25769,LOF,0.07512916178852949,0.06311335630406359,0.8617574819074069
25770,LOF,0.14994821901941122,0.0563396963962774,0.7937120845843114
25771,LOF,0.022602812396029928,0.06715010162141095,0.9102470859825591
25772,LOF,0.0144942675328621,0.027955113484046286,0.9575506189830916
25773,LOF,0.01857334512153104,0.0653539756661877,0.9160726792122812
25774,LOF,0.026045834776519897,0.08253381855231853,0.8914203466711615
25775,LOF,0.026942415224334756,0.03734229850678406,0.9357152862688812
25776,LOF,0.08087001596127644,0.021077933255973395,0.8980520507827501
25777,LOF,0.18175733790895138,0.06406567215488143,0.7541769899361671
25778,LOF,0.06636326382459264,0.04361824897907573,0.8900184871963317
25779,GOF,0.052790849211802195,0.8892736540956371,0.057935496692560796
25780,GOF,0.05220513314519857,0.883527342414981,0.06426752443982046
25781,GOF,0.024345410325558686,0.8650828582003084,0.11057173147413281
25782,GOF,0.027679252896019406,0.9010887352034745,0.07123201190050596
25783,GOF,0.014417685925481614,0.7159859098982069,0.26959640417631153
25784,GOF,0.15283890026547803,0.8020064218573075,0.045154677877214576
25785,GOF,0.057024504643185835,0.8991102007868352,0.04386529456997888
25786,GOF,0.004895298136728335,0.8154454005392425,0.17965930132402924
25787,GOF,0.1594555475933563,0.8088436135565507,0.03170083885009295
25788,LOF,0.04949303991212652,0.14488130278311528,0.8056256573047582
25789,GOF,0.03131022566207019,0.8526754677992547,0.11601430653867513
25790,GOF,0.03788476157170756,0.873098938818144,0.08901629961014841
25791,GOF,0.02756444443683839,0.8269560284873443,0.14547952707581738
25792,GOF,0.04467277075939022,0.8342767639972299,0.12105046524337988
25793,GOF,0.11107777315125002,0.8010869957904884,0.08783523105826153
25794,GOF,0.08531900498746557,0.7613204938362964,0.15336050117623806
25795,GOF,0.03687555597837668,0.7539610648720579,0.2091633791495654
25796,GOF,0.10999950265734004,0.7908334256726042,0.09916707167005577
25797,GOF,0.034267215804979975,0.6686887341745236,0.2970440500204965
25798,GOF,0.0027558934477762923,0.6193096043615538,0.3779345021906699
25799,GOF,0.002718298623488775,0.5011353500177145,0.49614635135879664
25800,GOF,0.011028497915131035,0.7033470084927106,0.28562449359215836
25801,GOF,0.024320945846464662,0.861977335177927,0.11370171897560832
25802,GOF,0.0169170111642088,0.8004273478459127,0.18265564098987844
25803,GOF,0.010319108148371541,0.700107086181651,0.28957380566997754
25804,GOF,0.011285543522331569,0.5839877593545579,0.4047266971231105
25805,GOF,0.02159606677765885,0.6971128255456587,0.2812911076766824
25806,GOF,0.017035468714994992,0.7376667310648913,0.24529780022011366
25807,GOF,0.0049757417125318925,0.7065759526410408,0.2884483056464273
25808,GOF,0.013809078612387485,0.7453884267443073,0.2408024946433053
25809,GOF,0.005634863570771303,0.7131924129939916,0.28117272343523714
25810,GOF,0.004923949738407562,0.7246845386619808,0.2703915115996117
25811,GOF,0.059701633124521127,0.8404929208412236,0.09980544603425533
25812,GOF,0.014170817839539008,0.6826129278641583,0.30321625429630267
25813,GOF,0.09273781275557975,0.8044122831988213,0.10284990404559878
25814,GOF,0.02296781423992972,0.7891622506381029,0.1878699351219675
25815,GOF,0.03435280986491236,0.7925160084822614,0.17313118165282618
25816,GOF,0.007359028715594408,0.842413772010958,0.15022719927344766
25817,GOF,0.10550892042902546,0.7464303953375746,0.14806068423339983
25818,GOF,0.019555958428202156,0.7836556673061944,0.19678837426560347
25819,GOF,0.05619208882550974,0.7700684786133909,0.1737394325610995
25820,GOF,0.027943248311604506,0.7520506655325166,0.22000608615587883
25821,GOF,0.0160184818803335,0.7443321034804615,0.23964941463920492
25822,GOF,0.029994752652797652,0.7628227964493074,0.20718245089789497
25823,GOF,0.011619576574008366,0.6010211030934625,0.38735932033252923
25824,GOF,0.02250017370512913,0.7408466574471463,0.2366531688477246
25825,GOF,0.013153890362576175,0.7221864180723101,0.2646596915651137
25826,GOF,0.005332637045334431,0.6889801485333468,0.3056872144213187
25827,GOF,0.00888061681041463,0.6680872304077494,0.32303215278183595
25828,GOF,0.005534360276672462,0.6000137884563507,0.3944518512669769
25829,GOF,0.0026126742123927407,0.6730338284072486,0.3243534973803587
25830,LOF,0.026186205088420355,0.4561707836270916,0.517643011284488
25831,GOF,0.040930638185699336,0.8297619438225806,0.1293074179917201
25832,GOF,0.006818799744151723,0.7835507229448219,0.20963047731102644
25833,GOF,0.024707259628804663,0.8304405059185671,0.14485223445262835
25834,GOF,0.0068618348132876775,0.7943174062470751,0.1988207589396373
25835,GOF,0.013335848990148119,0.8356629362100091,0.15100121479984266
25836,GOF,0.005305426497261704,0.783450097807828,0.2112444756949104
25837,GOF,0.004908523425035998,0.6954803537096632,0.29961112286530095
25838,GOF,0.014212632080963348,0.853816240913056,0.1319711270059806
25839,GOF,0.0316696398231074,0.8543969863909746,0.11393337378591802
25840,GOF,0.047491847685913344,0.8427444436530713,0.10976370866101533
25841,GOF,0.04202316178548343,0.8596550256538421,0.09832181256067458
25842,GOF,0.019233960408214942,0.8943502639299691,0.08641577566181588
25843,GOF,0.02105698930464987,0.9002583469247875,0.07868466377056273
25844,GOF,0.012794678123368803,0.8306616247408466,0.1565436971357845
25845,GOF,0.004444108493175742,0.627270995389279,0.36828489611754534
25846,GOF,0.03338309206268713,0.8506963731633624,0.11592053477395041
25847,GOF,0.015004710395853991,0.9071376781276447,0.07785761147650132
25848,GOF,0.012814910490098658,0.8464498946010878,0.14073519490881334
25849,GOF,0.004274746396575003,0.7192509931942491,0.27647426040917583
25850,GOF,0.0053158705150211415,0.7559176230319075,0.2387665064530714
25851,GOF,0.004440408309960442,0.63290799858157,0.36265159310846956
25852,GOF,0.12822388699634374,0.5869184010745796,0.28485771192907666
25853,GOF,0.06420782150916253,0.8544520469302461,0.08134013156059125
25854,GOF,0.008879299822806686,0.6995670598010829,0.2915536403761105
25855,GOF,0.012008691764260546,0.634054727453291,0.35393658078244855
25856,GOF,0.03366153426944622,0.7724113109350808,0.1939271547954729
25857,GOF,0.011037100546179115,0.6222451935497795,0.3667177059040413
25858,GOF,0.006257242318124682,0.6111099706428575,0.3826327870390179
25859,GOF,0.004584181274854971,0.5851660066588549,0.4102498120662903
25860,GOF,0.067891106448953,0.8247650376430765,0.10734385590797049
25861,GOF,0.11899081519033693,0.7887479955465119,0.09226118926315113
25862,GOF,0.017382791718446793,0.849821227914239,0.1327959803673143
25863,GOF,0.0169441690088275,0.8679380811731345,0.11511774981803806
25864,GOF,0.04488142648191395,0.8685445264804048,0.08657404703768122
25865,GOF,0.031434267718181495,0.818836696636933,0.14972903564488554
25866,GOF,0.020376407148784147,0.8575881580907511,0.12203543476046486
25867,GOF,0.027874129478691,0.8738154987104497,0.09831037181085919
25868,GOF,0.04353486141327215,0.8423997283021479,0.11406541028457987
25869,GOF,0.3324369614206838,0.6009507877772288,0.06661225080208757
25870,GOF,0.21315914171686057,0.6019722370284872,0.1848686212546522
25871,GOF,0.019775897276445627,0.8904795670011223,0.089744535722432
25872,GOF,0.01708487755678641,0.8694636281899647,0.11345149425324898
25873,GOF,0.01598887605556302,0.8966743469748752,0.08733677696956173
25874,LOF,0.015532497216110414,0.1536035842229597,0.8308639185609298
25875,LOF,0.03796880007216804,0.05086681968576521,0.9111643802420667
25876,LOF,0.02725319648821448,0.029294031318076393,0.9434527721937092
25877,LOF,0.1245439654046791,0.09223083227945476,0.783225202315866
25878,LOF,0.05207806252376693,0.11879050145436901,0.829131436021864
25879,LOF,0.022289060993681813,0.0910162797625285,0.8866946592437897
25880,LOF,0.04776957905258184,0.010782407360311823,0.9414480135871064
25881,Neutral,0.5595945943588598,0.05500080327298384,0.38540460236815627
25882,LOF,0.05364714138995641,0.03028121895289106,0.9160716396571525
25883,LOF,0.041653322544415394,0.023584645520350674,0.9347620319352339
25884,LOF,0.028071910655106065,0.039322386464332365,0.9326057028805614
25885,LOF,0.21313563356856874,0.010986548454345591,0.7758778179770855
25886,LOF,0.16454622916140468,0.0486895526213924,0.786764218217203
25887,LOF,0.1625914621377069,0.0668038567215213,0.7706046811407719
25888,LOF,0.012136980385750866,0.1400916667485168,0.8477713528657322
25889,LOF,0.03338945233936017,0.030698867396494633,0.9359116802641451
25890,LOF,0.12567289586910274,0.10441646337995354,0.7699106407509437
25891,LOF,0.08975561912129433,0.018305018319139044,0.8919393625595665
25892,LOF,0.009824994344913907,0.03535970710833135,0.9548152985467547
25893,LOF,0.37995511311554997,0.009172365981685764,0.6108725209027643
25894,LOF,0.42770102293360035,0.005414755705926859,0.5668842213604729
25895,LOF,0.36264349274106866,0.01160955470901335,0.6257469525499181
25896,LOF,0.06101897688495404,0.02279462795106356,0.9161863951639823
25897,LOF,0.19122682036276853,0.008847770297071955,0.7999254093401594
25898,LOF,0.20467734050281639,0.030376238228306415,0.7649464212688772
25899,LOF,0.23042863844981865,0.02474253653366153,0.7448288250165199
25900,LOF,0.43231046735207895,0.007562713021027646,0.5601268196268934
25901,LOF,0.03945280547566012,0.009602027105853478,0.9509451674184864
25902,LOF,0.09422345097109941,0.012496559563977406,0.8932799894649232
25903,LOF,0.3799291878742952,0.02509758580215136,0.5949732263235534
25904,LOF,0.4403592300895685,0.032495456964757696,0.5271453129456738
25905,LOF,0.0058498280105890015,0.47184025301748295,0.522309918971928
25906,LOF,0.011134015214314537,0.11288216979747376,0.8759838149882117
25907,LOF,0.0037231162234624155,0.37001947692275,0.6262574068537876
25908,LOF,0.003609109974515983,0.2638903441731066,0.7325005458523774
25909,LOF,0.013582659334971246,0.1604575615200445,0.8259597791449842
25910,LOF,0.017989975871315792,0.09967804383327,0.8823319802954142
25911,LOF,0.33800718899244164,0.03480325879725087,0.6271895522103075
25912,LOF,0.059008639781378706,0.04873428566212952,0.8922570745564918
25913,LOF,0.05648178787493932,0.0602993034489042,0.8832189086761565
25914,LOF,0.021041058588655077,0.06215380389970162,0.9168051375116433
25915,LOF,0.13626609498708764,0.2620023588823785,0.6017315461305339
25916,LOF,0.02132754237105297,0.1866602962055291,0.792012161423418
25917,LOF,0.06255001767542136,0.049728273398845446,0.8877217089257332
25918,LOF,0.02722767020633589,0.037451554092515736,0.9353207757011484
25919,LOF,0.023021065795552274,0.038470276463217906,0.9385086577412299
25920,LOF,0.14540521574499762,0.1932927962812799,0.6613019879737224
25921,LOF,0.013785570267559612,0.041510848165811125,0.9447035815666293
25922,LOF,0.01747365715576574,0.03475306097360951,0.9477732818706248
25923,LOF,0.42357799251109546,0.04146728358347967,0.534954723905425
25924,LOF,0.018163791641229908,0.054806534121921026,0.927029674236849
25925,LOF,0.07008694900911798,0.05663713732577614,0.8732759136651058
25926,LOF,0.0532698943385648,0.056710322406947,0.8900197832544883
25927,LOF,0.018558781708586942,0.08019975039246534,0.9012414678989478
25928,LOF,0.008970295322803093,0.057968171196213114,0.9330615334809839
25929,Neutral,0.5092760977725023,0.04000141677893204,0.45072248544856575
25930,LOF,0.08895239583175811,0.0378730163920581,0.8731745877761838
25931,LOF,0.011048561538777478,0.03928891968572063,0.9496625187755019
25932,LOF,0.029714622290383054,0.03334861829369712,0.9369367594159199
25933,LOF,0.03665578317537653,0.02091111006237532,0.9424331067622482
25934,LOF,0.025616537153367112,0.02201692344162595,0.9523665394050069
25935,LOF,0.06407254445647573,0.06755806665950978,0.8683693888840146
25936,LOF,0.03708056187654126,0.02515048414937359,0.9377689539740851
25937,LOF,0.01225463811511963,0.03603336966183211,0.9517119922230484
25938,LOF,0.06058437171968564,0.061936923064497454,0.877478705215817
25939,LOF,0.02823593758046041,0.027907026918013927,0.9438570355015258
25940,LOF,0.009470630858338531,0.34201830733825794,0.6485110618034036
25941,Neutral,0.5636346633817108,0.03774012668655187,0.3986252099317372
25942,LOF,0.007397493004860882,0.055454158895484496,0.9371483480996546
25943,LOF,0.03569858022599521,0.21339667315723432,0.7509047466167704
25944,LOF,0.09271953210716533,0.1043518999467499,0.8029285679460848
25945,LOF,0.05904575842323812,0.022505438799909374,0.9184488027768525
25946,LOF,0.09429706300905652,0.03790847286644691,0.8677944641244966
25947,Neutral,0.48408126433511656,0.10555576230801242,0.41036297335687094
25948,Neutral,0.504208279141804,0.013563225433180863,0.48222849542501506
25949,LOF,0.08712258739816423,0.062398425733112314,0.8504789868687234
25950,GOF,0.061315600995344145,0.6302039173410311,0.30848048166362474
25951,LOF,0.0114474051950158,0.41042079082670585,0.5781318039782783
25952,LOF,0.2571007594506239,0.28097281962630394,0.46192642092307223
25953,LOF,0.01264261153899302,0.16958381548876547,0.8177735729722415
25954,LOF,0.05185303293398722,0.4738527086593131,0.47429425840669964
25955,LOF,0.010786863097269823,0.12779973999503513,0.861413396907695
25956,LOF,0.02402488746622697,0.24181122294864896,0.734163889585124
25957,LOF,0.25472440044448885,0.0294477965536067,0.7158278030019044
25958,LOF,0.04465844392957432,0.036652584931294224,0.9186889711391315
25959,GOF,0.013529069896618645,0.5272335496174857,0.45923738048589563
25960,LOF,0.007367026009303278,0.060040014117997594,0.9325929598726991
25961,LOF,0.04244304309880182,0.03267075711954587,0.9248861997816524
25962,LOF,0.031100087360383374,0.0649479859695415,0.9039519266700752
25963,LOF,0.006723311050145115,0.20789118983290605,0.7853854991169488
25964,LOF,0.022744601946217934,0.0908154207202458,0.8864399773335363
25965,LOF,0.2636976872247106,0.1241663725900406,0.6121359401852488
25966,Neutral,0.4618387798737836,0.12335180622344773,0.41480941390276865
25967,LOF,0.007499980905199988,0.07967807295807482,0.9128219461367251
25968,LOF,0.044951555028292636,0.1905475149017577,0.7645009300699496
25969,LOF,0.14109127086580792,0.03897241174816612,0.819936317386026
25970,LOF,0.025782392682229427,0.08128347284047308,0.8929341344772974
25971,LOF,0.05647561171797758,0.026158515803837004,0.9173658724781855
25972,LOF,0.04529172968761099,0.03784432163286865,0.9168639486795204
25973,LOF,0.049721927532757344,0.012398330811922802,0.9378797416553197
25974,LOF,0.05247578476359079,0.0369303564168417,0.9105938588195674
25975,LOF,0.02860848419350641,0.02590287590424663,0.945488639902247
25976,LOF,0.12305259946292163,0.010798074351104473,0.8661493261859738
25977,LOF,0.21459429163624347,0.07481002098761466,0.7105956873761419
25978,LOF,0.17492415443156242,0.12299321144931123,0.7020826341191264
25979,LOF,0.1449611969593019,0.1403723905624786,0.7146664124782196
25980,LOF,0.24782827280189065,0.1709684139324002,0.5812033132657091
25981,LOF,0.2481302958109051,0.1720089277662554,0.5798607764228395
25982,LOF,0.4548814551316012,0.08856675770940942,0.45655178715898925
25983,Neutral,0.4798576273936873,0.10503298185155072,0.41510939075476205
25984,LOF,0.03426491003195764,0.07743506022428841,0.888300029743754
25985,LOF,0.42919521590485815,0.12046685915989411,0.4503379249352477
25986,LOF,0.013692119353643548,0.3821160976732585,0.6041917829730981
25987,LOF,0.10076384620972946,0.1062692969645486,0.7929668568257219
25988,LOF,0.15091631213874152,0.13603441355924384,0.7130492743020146
25989,LOF,0.03722687250817121,0.1887430957922591,0.7740300316995697
25990,LOF,0.03723074415552071,0.28412623125103176,0.6786430245934475
25991,LOF,0.02834544536788909,0.4123192470487626,0.5593353075833484
25992,LOF,0.028443276672548513,0.3918238879947736,0.5797328353326779
25993,LOF,0.019662560985455997,0.09182233791432251,0.8885151011002215
25994,LOF,0.015770172195875475,0.0825808086720072,0.9016490191321173
25995,LOF,0.015374025035671306,0.1697869959805311,0.8148389789837975
25996,Neutral,0.35281191227187225,0.29707133109293987,0.35011675663518793
25997,LOF,0.07201321178937758,0.3803407543052942,0.5476460339053283
25998,LOF,0.2887160696810516,0.05119283140634133,0.660091098912607
25999,LOF,0.0254395288887978,0.21328064270888578,0.7612798284023164
26000,LOF,0.20054604832445064,0.036686747289882644,0.7627672043856667
26001,LOF,0.27018993783678724,0.03727504921013058,0.6925350129530822
26002,LOF,0.07059778739619879,0.06559806888174836,0.8638041437220529
26003,GOF,0.004044550192953352,0.6258685866231493,0.3700868631838974
26004,GOF,0.005777661273284429,0.6976490014753104,0.29657333725140517
26005,GOF,0.0029264914054376845,0.5126964049162942,0.4843771036782681
26006,GOF,0.0723456214098919,0.6222341163680066,0.30542026222210145
26007,GOF,0.006019956156186506,0.5521419505041444,0.4418380933396691
26008,GOF,0.005269660979470279,0.6489300750172303,0.3458002640032995
26009,GOF,0.005896022138904079,0.6645943213504647,0.32950965651063124
26010,GOF,0.006708515798527252,0.6619783431197411,0.33131314108173165
26011,LOF,0.002763975193178336,0.4704938102371255,0.5267422145696962
26012,GOF,0.003959842233834528,0.5494162500361959,0.44662390772996974
26013,GOF,0.005930672839164771,0.5909088630343493,0.403160464126486
26014,LOF,0.04254535623802299,0.1180822803626486,0.8393723633993284
26015,LOF,0.44177627725722346,0.017451939512142356,0.5407717832306341
26016,LOF,0.29598051914574575,0.03657058294861714,0.6674488979056371
26017,LOF,0.02708176262515256,0.19500305122578948,0.7779151861490581
26018,LOF,0.0464600380994877,0.03756748483031462,0.9159724770701976
26019,LOF,0.046012738089185413,0.03279738324233187,0.9211898786684828
26020,LOF,0.01085845871539968,0.1782097208961419,0.8109318203884585
26021,LOF,0.07740891244871885,0.06100572162616688,0.8615853659251144
26022,LOF,0.040019537744019576,0.019499824632320684,0.9404806376236597
26023,LOF,0.04068213514503186,0.02233469187065948,0.9369831729843087
26024,LOF,0.04567348015723871,0.06054535005420395,0.8937811697885573
26025,LOF,0.06635583121785867,0.06280284350536777,0.8708413252767735
26026,LOF,0.11497412450323681,0.05132947047122466,0.8336964050255385
26027,LOF,0.04058078752488932,0.018145669597345936,0.9412735428777647
26028,LOF,0.10340818000782294,0.14261494274208328,0.7539768772500938
26029,LOF,0.022206434771558953,0.21447879035026454,0.7633147748781766
26030,LOF,0.1596804284661483,0.03774326003097779,0.802576311502874
26031,LOF,0.010931589650911023,0.19294576878740283,0.7961226415616861
26032,LOF,0.059162559297952416,0.08215968920042899,0.8586777515016186
26033,LOF,0.08592328633232252,0.07605345781213771,0.8380232558555398
26034,LOF,0.016203194731240732,0.17011851236706493,0.8136782929016944
26035,LOF,0.012968945202803145,0.12672210999407682,0.86030894480312
26036,LOF,0.013768780317745402,0.15508917814540213,0.8311420415368523
26037,LOF,0.011179065220670418,0.11819231598812065,0.8706286187912089
26038,LOF,0.05024204182661461,0.07377100873108189,0.8759869494423036
26039,LOF,0.028760941315274707,0.1520808589650162,0.819158199719709
26040,LOF,0.13334013283654497,0.17838891957537242,0.6882709475880827
26041,LOF,0.013734743084280255,0.0983287037772211,0.8879365531384987
26042,LOF,0.012157290103673035,0.11035051184326852,0.8774921980530583
26043,LOF,0.04886921396236553,0.09600278650729023,0.8551279995303442
26044,LOF,0.01377993304177319,0.06589461997924852,0.9203254469789782
26045,LOF,0.07686618059292054,0.11497735790782353,0.8081564614992559
26046,LOF,0.043554644796147804,0.07597290843192227,0.88047244677193
26047,LOF,0.07025430651823535,0.07257988136468681,0.8571658121170778
26048,LOF,0.08338467107915086,0.030729616081560728,0.8858857128392884
26049,Neutral,0.950448984780514,0.008437260945925253,0.041113754273560725
26050,Neutral,0.9316716914291073,0.00931057814014999,0.05901773043074256
26051,LOF,0.014538775755312216,0.09030166439003517,0.8951595598546526
26052,LOF,0.022208866615203642,0.11122188862257153,0.8665692447622249
26053,LOF,0.04397331928709123,0.13245569011605732,0.8235709905968515
26054,LOF,0.04145987277915949,0.026052763943946688,0.9324873632768939
26055,LOF,0.06129785600321876,0.024521474207447796,0.9141806697893334
26056,LOF,0.04941070727505953,0.029907783849742985,0.9206815088751974
26057,LOF,0.02983094024804428,0.014318789495682787,0.9558502702562729
26058,LOF,0.030611241454410233,0.012027546293553737,0.9573612122520361
26059,LOF,0.18476348167871562,0.027501790755228194,0.7877347275660561
26060,LOF,0.011637291720043214,0.19722090014700133,0.7911418081329554
26061,LOF,0.009673357125101638,0.012341337117180997,0.9779853057577175
26062,LOF,0.005529395270627011,0.01983751034539055,0.9746330943839824
26063,LOF,0.019879183540764088,0.011976536486701451,0.9681442799725344
26064,LOF,0.00860674325233893,0.025869390912802208,0.9655238658348588
26065,LOF,0.023805717418657477,0.01234002911348698,0.9638542534678555
26066,LOF,0.022741020662476515,0.0115852480938743,0.9656737312436492
26067,LOF,0.028796313102490312,0.01014849699770029,0.9610551898998093
26068,LOF,0.05123950635988872,0.043364152421188865,0.9053963412189223
26069,LOF,0.15393982539483203,0.02684424714462197,0.8192159274605461
26070,LOF,0.3161265225754298,0.02117201435101459,0.6627014630735556
26071,LOF,0.021203328063653094,0.012365845653199835,0.966430826283147
26072,LOF,0.008135809613355877,0.023435998809583133,0.9684281915770611
26073,LOF,0.019972478056392975,0.014626797359697439,0.9654007245839097
26074,Neutral,0.9249928481377394,0.008075650919921382,0.0669315009423392
26075,LOF,0.052860706750258446,0.022130301458066805,0.9250089917916748
26076,LOF,0.030468250157152845,0.012067163877833843,0.9574645859650133
26077,LOF,0.13073604497318372,0.007636435377434249,0.8616275196493821
26078,LOF,0.007991621015983667,0.013998747441402037,0.9780096315426142
26079,LOF,0.06299228779215048,0.023541799019053355,0.9134659131887961
26080,LOF,0.062337613839784776,0.02359282580626772,0.9140695603539476
26081,LOF,0.025588169109825566,0.00863399370468245,0.9657778371854919
26082,LOF,0.005815363384277956,0.015971514390056542,0.9782131222256656
26083,LOF,0.12087966400365192,0.01910131200638025,0.8600190239899679
26084,LOF,0.04482734795549426,0.015218643904307775,0.939954008140198
26085,LOF,0.04021405022576924,0.013182411411961635,0.9466035383622691
26086,LOF,0.020439417331793035,0.012687418098709291,0.9668731645694978
26087,LOF,0.01967799874813983,0.010440859404429716,0.9698811418474306
26088,LOF,0.007653051268896514,0.02073576107527088,0.9716111876558327
26089,LOF,0.043344141221449285,0.03520009682873424,0.9214557619498165
26090,LOF,0.04434776908227473,0.027034547506930615,0.9286176834107945
26091,LOF,0.024710917074821113,0.00750353286061237,0.9677855500645666
26092,LOF,0.020703215518634813,0.008891242172595753,0.9704055423087695
26093,LOF,0.03895907889915838,0.006519866406524278,0.9545210546943174
26094,LOF,0.029569518631335223,0.00662087511280728,0.9638096062558574
26095,LOF,0.03806375602221237,0.019886090306748264,0.9420501536710394
26096,LOF,0.21455515685202853,0.005429681009342951,0.7800151621386285
26097,LOF,0.006449822115606975,0.03362826429589847,0.9599219135884945
26098,LOF,0.07821108728008619,0.02109403231477326,0.9006948804051406
26099,LOF,0.020456622388195938,0.016042880567099925,0.9635004970447041
26100,LOF,0.020456622388195938,0.016042880567099925,0.9635004970447041
26101,LOF,0.04299922833581343,0.023835243383051045,0.9331655282811356
26102,LOF,0.019538822935396098,0.016278901318731262,0.9641822757458726
26103,Neutral,0.8756185117952897,0.02342462537819567,0.10095686282651453
26104,LOF,0.05855903800080639,0.035314308378515284,0.9061266536206783
26105,LOF,0.2341085237546193,0.17864057425600077,0.5872509019893799
26106,LOF,0.3481407740044872,0.11557343215236805,0.5362857938431448
26107,LOF,0.021871705870305777,0.09596713756388124,0.8821611565658131
26108,LOF,0.3248985506003049,0.04592487856614986,0.6291765708335452
26109,LOF,0.06934720468766896,0.0456717331923363,0.8849810621199948
26110,LOF,0.38979530762795916,0.006413790642913704,0.6037909017291272
26111,LOF,0.058659432355604876,0.11033606476773421,0.8310045028766609
26112,LOF,0.029598961205547263,0.008076318063590233,0.9623247207308626
26113,LOF,0.051579104132818215,0.016285195574316614,0.9321357002928653
26114,LOF,0.09072387980802032,0.009792325870072274,0.8994837943219074
26115,LOF,0.013984947586291116,0.058803993443859774,0.9272110589698491
26116,LOF,0.08945240890855786,0.03509035214101018,0.8754572389504319
26117,LOF,0.4101739281170593,0.02990657014083422,0.5599195017421065
26118,LOF,0.026355123720355783,0.0152874728465136,0.9583574034331307
26119,LOF,0.005550059475105872,0.029996412662247698,0.9644535278626464
26120,LOF,0.022467157384292148,0.014242727672574805,0.9632901149431331
26121,LOF,0.005004564990020208,0.11197472883238416,0.8830207061775955
