feature0,prediction,LoGoFunc_Neutral,LoGoFunc_GOF,LoGoFunc_LOF
25546,Neutral,0.7580183785871939,0.03407247262434922,0.20790914878845693
25547,Neutral,0.5998909113842398,0.07133990858559981,0.3287691800301605
25548,Neutral,0.6292672057815447,0.05450206792383023,0.31623072629462506
25549,Neutral,0.5482983395839679,0.05366044289553682,0.3980412175204954
25550,LOF,0.37559624919668805,0.10609127172688465,0.5183124790764273
25551,LOF,0.29430482762894183,0.11740537516791102,0.5882897972031471
25552,LOF,0.21494275698526594,0.11014409160377361,0.6749131514109604
25553,Neutral,0.8647829994906533,0.023807470092181985,0.11140953041716475
25554,LOF,0.2540350999750286,0.10696132317957664,0.6390035768453948
25555,LOF,0.2095543890225072,0.09406255332187634,0.6963830576556165
25556,Neutral,0.4753941919654614,0.09691191488213936,0.42769389315239925
25557,LOF,0.19805295377594292,0.09703552637867574,0.7049115198453814
25558,LOF,0.23927760366070597,0.10633530642411784,0.6543870899151761
25559,LOF,0.3866177824003241,0.0918776995385554,0.5215045180611205
25560,LOF,0.05367651858049391,0.12521347395552468,0.8211100074639814
25561,LOF,0.11931006553993305,0.13104653854376053,0.7496433959163064
25562,LOF,0.08002171279403938,0.07569401589324265,0.844284271312718
25563,LOF,0.10177446834983063,0.06945776988515447,0.8287677617650148
25564,LOF,0.25596803225410786,0.12327755122213571,0.6207544165237564
25565,LOF,0.12742811184559463,0.13670490060656046,0.7358669875478449
25566,GOF,0.011632718891081596,0.7590671007270082,0.2293001803819102
25567,LOF,0.01865777685253909,0.18845747222615067,0.7928847509213102
25568,LOF,0.05422623165987752,0.07728873683554824,0.8684850315045741
25569,LOF,0.057094585907771465,0.07994342359932896,0.8629619904928996
25570,LOF,0.05736897082132614,0.11475097551876694,0.8278800536599069
25571,LOF,0.0512376286535052,0.11059200718666312,0.8381703641598317
25572,LOF,0.06445703660621085,0.12906200834435405,0.8064809550494351
25573,LOF,0.035643340288720265,0.10863155163556686,0.8557251080757128
25574,LOF,0.020169818968012693,0.16563639954684176,0.8141937814851455
25575,LOF,0.04205152529200316,0.12852723763766707,0.8294212370703298
25576,LOF,0.017528637110542918,0.14851033877384806,0.833961024115609
25577,LOF,0.015293101033202031,0.13186435262837035,0.8528425463384276
25578,LOF,0.2956258667057027,0.10269222068138703,0.6016819126129103
25579,LOF,0.12421293806330606,0.12069418756165178,0.7550928743750421
25580,LOF,0.0284678389734701,0.09635133962343626,0.8751808214030936
25581,LOF,0.05038741160534759,0.08251607106768727,0.867096517326965
25582,LOF,0.050316333059504226,0.08134630147236649,0.8683373654681293
25583,LOF,0.03539383364350143,0.11153732444372208,0.8530688419127765
25584,Neutral,0.4983903982812168,0.1236833342230772,0.37792626749570607
25585,LOF,0.02184449179425716,0.15015514502856617,0.8280003631771767
25586,LOF,0.028484812630309907,0.09197572911061419,0.8795394582590759
25587,LOF,0.028302303276823034,0.08431223655847488,0.8873854601647021
25588,LOF,0.028808889294247568,0.10220020214052111,0.8689909085652313
25589,Neutral,0.6210348558540798,0.13199603575689392,0.2469691083890263
25590,LOF,0.034542274102792966,0.14887399349951783,0.8165837323976893
25591,LOF,0.08821092615363123,0.0734464270992376,0.8383426467471312
25592,LOF,0.08962724596683992,0.16218299802530872,0.7481897560078513
25593,LOF,0.03197414936467587,0.28142022861822946,0.6866056220170945
25594,LOF,0.0458216714831864,0.16218036827152663,0.7919979602452869
25595,LOF,0.05634391487832715,0.11565291035307058,0.8280031747686023
25596,LOF,0.05439535129522742,0.07416580497006665,0.8714388437347059
25597,LOF,0.03809848371899006,0.08135013674522856,0.8805513795357813
25598,LOF,0.05018341773429014,0.11672885191385947,0.8330877303518505
25599,GOF,0.006985734129411424,0.6197288461321927,0.3732854197383959
25600,GOF,0.012789979248098281,0.5908763193050439,0.39633370144685787
25601,LOF,0.008781128839475648,0.4358235949396405,0.5553952762208839
25602,LOF,0.019614221416814074,0.0428303323516117,0.9375554462315742
25603,LOF,0.06553688771376864,0.016926876693705996,0.9175362355925254
25604,LOF,0.034600049817025066,0.048414863939116225,0.9169850862438588
25605,LOF,0.009857414938075116,0.2033473701855273,0.7867952148763977
25606,LOF,0.0985078073533324,0.3354630424775218,0.5660291501691458
25607,LOF,0.006511491642914386,0.1760847824927206,0.8174037258643649
25608,LOF,0.016554668410188197,0.09199261224170573,0.891452719348106
25609,LOF,0.052225798237706435,0.4115319163978798,0.5362422853644138
25610,LOF,0.03472007809446765,0.024640355389167336,0.9406395665163652
25611,LOF,0.043490618403717964,0.024414177941006896,0.9320952036552752
25612,LOF,0.09975910759513418,0.03787403767465836,0.8623668547302075
25613,LOF,0.08240444081973791,0.039264523012383604,0.8783310361678784
25614,LOF,0.03483008436701479,0.03210809950193599,0.9330618161310493
25615,LOF,0.03767248613713388,0.045057125123997024,0.9172703887388691
25616,LOF,0.02779790076093497,0.031125464137480643,0.9410766351015843
25617,LOF,0.02839574738806846,0.03427220267804174,0.9373320499338897
25618,LOF,0.1430069750376258,0.02881605325346665,0.8281769717089075
25619,LOF,0.029308590303067927,0.031154340414790413,0.9395370692821415
25620,LOF,0.036325160223870556,0.03856942489178919,0.9251054148843403
25621,LOF,0.02772896298089471,0.03485299673845132,0.937418040280654
25622,LOF,0.03453037704737973,0.0366187700434465,0.9288508529091737
25623,LOF,0.05533721649073945,0.03074586620832445,0.9139169173009362
25624,LOF,0.026979138618616696,0.0384413238650446,0.9345795375163387
25625,LOF,0.03683929027244571,0.04611552404879344,0.9170451856787609
25626,LOF,0.08056415566332883,0.0325451200947654,0.8868907242419057
25627,Neutral,0.5633558780101395,0.10989438576900427,0.3267497362208562
25628,LOF,0.21930624645270838,0.049227181494062404,0.7314665720532293
25629,LOF,0.05776898852922004,0.06046471140310163,0.8817663000676783
25630,LOF,0.18249278211557746,0.08171218864027521,0.7357950292441473
25631,Neutral,0.6097155688962647,0.055026348503885276,0.33525808259985
25632,LOF,0.01296883066813854,0.11158748502801326,0.8754436843038482
25633,LOF,0.10673768558633691,0.08398865860575888,0.8092736558079041
25634,LOF,0.031938823792511326,0.11241636455433551,0.8556448116531532
25635,LOF,0.03876057815357213,0.07984356823748533,0.8813958536089425
25636,GOF,0.004017150542810672,0.5791737114494947,0.4168091380076947
25637,GOF,0.0036240306496004774,0.6191162089272312,0.3772597604231684
25638,LOF,0.006525173869826148,0.3564703985812082,0.6370044275489656
25639,GOF,0.003641625339644683,0.5079156134101273,0.48844276125022806
25640,GOF,0.4526993174162336,0.4822862667135316,0.06501441587023488
25641,LOF,0.009186240694811694,0.300670362349466,0.6901433969557222
25642,LOF,0.2430424502800589,0.062233171831359235,0.6947243778885819
25643,LOF,0.2857762631778369,0.14462588402299853,0.5695978527991646
25644,GOF,0.015374977202304671,0.5228277654718879,0.46179725732580734
25645,LOF,0.012124000433317385,0.46445810294770534,0.5234178966189773
25646,LOF,0.01813803612298861,0.32955576269548975,0.6523062011815216
25647,LOF,0.014490006502326621,0.2732489626858961,0.7122610308117773
25648,LOF,0.01357919794352263,0.2767840265983641,0.7096367754581132
25649,LOF,0.01235913692352285,0.20054422353188595,0.7870966395445912
25650,LOF,0.02135069874983865,0.42134931954307353,0.5572999817070877
25651,LOF,0.008511354944892002,0.2749619004923633,0.7165267445627447
25652,LOF,0.01508165206473936,0.25246442274037206,0.7324539251948886
25653,LOF,0.048628619973148816,0.36051233243342223,0.590859047593429
25654,LOF,0.015391549844182758,0.14121335689351538,0.8433950932623019
25655,LOF,0.07947589908221656,0.3963935549866259,0.5241305459311576
25656,LOF,0.09537145292796638,0.06770191166649847,0.8369266354055351
25657,LOF,0.3136483536577366,0.03119900751850817,0.6551526388237553
25658,LOF,0.04449278627366353,0.09483750913992821,0.8606697045864082
25659,LOF,0.3598954136908702,0.07884206701229789,0.5612625192968319
25660,LOF,0.06234514870097357,0.08736539709981135,0.850289454199215
25661,LOF,0.04645985928973585,0.06945282088932488,0.8840873198209392
25662,LOF,0.02732136050200713,0.048516545474134164,0.9241620940238587
25663,LOF,0.037104894002898854,0.07241521358345762,0.8904798924136436
25664,LOF,0.0466412989975539,0.08724541659468832,0.8661132844077578
25665,LOF,0.05693927534366276,0.0410726757741363,0.901988048882201
25666,LOF,0.039339458422462704,0.11672392692969812,0.8439366146478392
25667,LOF,0.030587653580667166,0.05112787063929913,0.9182844757800337
25668,LOF,0.034098800962429836,0.05430234752244947,0.9115988515151207
25669,LOF,0.04010033747155211,0.07598978695011901,0.8839098755783289
25670,LOF,0.08437785490118162,0.091208635666582,0.8244135094322365
25671,LOF,0.03855795992584631,0.05102894763384419,0.9104130924403095
25672,LOF,0.06120489779776066,0.06157744557504393,0.8772176566271954
25673,LOF,0.045940685189669456,0.07004262398769964,0.8840166908226309
25674,LOF,0.04292079046910341,0.06987078240385239,0.8872084271270442
25675,LOF,0.05342253262510078,0.06335603165843803,0.8832214357164613
25676,LOF,0.033910032599977685,0.06118681343764294,0.9049031539623794
25677,LOF,0.06127206186619888,0.06503342735102516,0.8736945107827759
25678,LOF,0.2939063574741378,0.036139696234302944,0.6699539462915594
25679,LOF,0.17463146497233056,0.07157155331599488,0.7537969817116745
25680,LOF,0.057519583194094615,0.09793314044324482,0.8445472763626606
25681,LOF,0.09519048764856095,0.09141141909632382,0.8133980932551153
25682,LOF,0.04314265772517413,0.08514868280577388,0.871708659469052
25683,LOF,0.10675257841993674,0.08963802508988142,0.8036093964901819
25684,LOF,0.057262982340310534,0.08547718361270143,0.8572598340469879
25685,LOF,0.11515833795554543,0.0553189131344882,0.8295227489099664
25686,LOF,0.03622300148685859,0.11039388646723618,0.8533831120459052
25687,LOF,0.04184070121737483,0.0890742408816524,0.8690850579009727
25688,LOF,0.028978074271827612,0.08687491480357334,0.8841470109245991
25689,LOF,0.02023849406544687,0.07429541125569518,0.905466094678858
25690,LOF,0.021466430597212614,0.07469758424013088,0.9038359851626566
25691,LOF,0.24598813981188247,0.09341217918071465,0.6605996810074029
25692,LOF,0.31292345252328474,0.008892547438105858,0.6781840000386093
25693,LOF,0.10327775533918734,0.1664001132873528,0.7303221313734598
25694,LOF,0.25459224411299475,0.01468461812578539,0.7307231377612198
25695,LOF,0.15985296940628094,0.02012265842329761,0.8200243721704215
25696,LOF,0.16387153428436024,0.010156389281410431,0.8259720764342293
25697,LOF,0.139213274570089,0.035228776148282404,0.8255579492816286
25698,LOF,0.03274434582465666,0.40132154292461825,0.5659341112507251
25699,LOF,0.07096243094270845,0.08229596913269602,0.8467415999245955
25700,LOF,0.03163314452209471,0.01053167185228676,0.9578351836256185
25701,LOF,0.017420805563315676,0.07313429789656728,0.9094448965401171
25702,GOF,0.0393838674117583,0.7292901370298696,0.23132599555837216
25703,LOF,0.013284047937907937,0.1943555172894486,0.7923604347726435
25704,LOF,0.09387202054250113,0.15714080970282948,0.7489871697546694
25705,LOF,0.057023929770885926,0.24600409478154509,0.696971975447569
25706,GOF,0.055671430695384216,0.5698884914349447,0.37444007786967104
25707,GOF,0.031448665112740325,0.49358091662439324,0.4749704182628664
25708,LOF,0.009506531928920247,0.4381108975500244,0.5523825705210553
25709,LOF,0.019005749965507086,0.06529940275421761,0.9156948472802753
25710,LOF,0.009792337170656017,0.16602818569515568,0.8241794771341883
25711,LOF,0.02017095248557729,0.12065240117517756,0.8591766463392452
25712,LOF,0.01067800589130665,0.2464254212566438,0.7428965728520495
25713,LOF,0.01795459925838258,0.10128746104268294,0.8807579396989343
25714,LOF,0.01961528222070599,0.14185427963452787,0.8385304381447661
25715,LOF,0.020008419190993727,0.11562088885556765,0.8643706919534386
25716,LOF,0.011096237241311075,0.10755272602396672,0.8813510367347223
25717,LOF,0.006597375534675666,0.128808934584968,0.8645936898803563
25718,LOF,0.01786715324102363,0.07782161408970081,0.9043112326692756
25719,LOF,0.03295694081215988,0.08610210321673221,0.880940955971108
25720,LOF,0.021863349873517533,0.08879024995811745,0.889346400168365
25721,LOF,0.023390242466476637,0.09443157663360756,0.8821781808999157
25722,LOF,0.018264898352907677,0.12250945502169498,0.8592256466253972
25723,LOF,0.02066456965377508,0.07221640217517322,0.9071190281710517
25724,LOF,0.03642813421607216,0.09784859482485993,0.8657232709590679
25725,LOF,0.021200788239789745,0.0679240890720497,0.9108751226881605
25726,LOF,0.01589883608624457,0.09662533547141572,0.8874758284423397
25727,LOF,0.01942742021696979,0.08650447357660569,0.8940681062064245
25728,LOF,0.01816200801351423,0.09887058588525115,0.8829674061012346
25729,LOF,0.019176362355997373,0.09740834175942897,0.8834152958845736
25730,LOF,0.019800370052031797,0.0795077553780148,0.9006918745699534
25731,LOF,0.01297659934231975,0.15611267968847803,0.8309107209692023
25732,LOF,0.01796562830851298,0.08776300262525576,0.8942713690662313
25733,LOF,0.03014918272079936,0.07208505126031073,0.8977657660188898
25734,LOF,0.008280129791600638,0.18922084801967767,0.8024990221887216
25735,LOF,0.02243104193057763,0.06723344461595358,0.9103355134534687
25736,LOF,0.021505623352021216,0.09809943530129833,0.8803949413466805
25737,LOF,0.03703988857606049,0.08086656387506347,0.8820935475488759
25738,LOF,0.02028651478175395,0.12420304204368952,0.8555104431745565
25739,LOF,0.021066977797522875,0.11911251038368866,0.8598205118187885
25740,LOF,0.04802246311078238,0.11668984497729952,0.8352876919119181
25741,LOF,0.024818565558356463,0.09648065793632496,0.8787007765053186
25742,LOF,0.03607817950720934,0.11543392135961728,0.8484878991331735
25743,LOF,0.01164141551381299,0.053581350261126426,0.9347772342250605
25744,GOF,0.11095521489687347,0.49916320624547067,0.38988157885765573
25745,LOF,0.018259670412343772,0.0707900389870693,0.910950290600587
25746,LOF,0.010203655982800298,0.09301318155687413,0.8967831624603256
25747,LOF,0.03504459952009822,0.03979503885741273,0.9251603616224892
25748,LOF,0.19296038442792532,0.07298397912891552,0.7340556364431592
25749,LOF,0.013149058302668881,0.05753674935902881,0.9293141923383023
25750,LOF,0.01416506682279869,0.09406445094843678,0.8917704822287644
25751,LOF,0.03691095416822159,0.074134792142103,0.8889542536896754
25752,GOF,0.0817745912521856,0.6432810550419632,0.27494435370585124
25753,LOF,0.007524493529231543,0.38497570497486655,0.6074998014959019
25754,GOF,0.0051566085928409985,0.8653715936096825,0.12947179779747647
25755,LOF,0.010795081930485905,0.41964785795044457,0.5695570601190696
25756,LOF,0.04842520919884154,0.4440421869567098,0.5075326038444488
25757,GOF,0.006655998218025985,0.8810449563895555,0.1122990453924184
25758,GOF,0.007580250544627336,0.8655611891796854,0.12685856027568726
25759,GOF,0.004697625394623858,0.565322058322042,0.42998031628333416
25760,LOF,0.007022685091407231,0.31245485762085057,0.6805224572877422
25761,GOF,0.04828989648222884,0.8285959463141864,0.12311415720358478
25762,LOF,0.02860099958115167,0.3768122891851133,0.5945867112337351
25763,LOF,0.008833368344431729,0.25715845590666137,0.734008175748907
25764,GOF,0.08787895690396712,0.5583932813071453,0.35372776178888765
25765,GOF,0.0075437583230809485,0.8443198028466705,0.14813643883024852
25766,GOF,0.030268288147012053,0.8254485224967557,0.1442831893562322
25767,LOF,0.021010514405507275,0.46099525792095786,0.5179942276735349
25768,LOF,0.03720982313342702,0.07708516020424845,0.8857050166623245
25769,LOF,0.02264488090380014,0.07343272394183376,0.9039223951543661
25770,LOF,0.13964666313978433,0.06979272159001094,0.7905606152702048
25771,LOF,0.016864477498013616,0.07410903528929329,0.9090264872126931
25772,LOF,0.0227675289406912,0.03150764770845809,0.9457248233508506
25773,LOF,0.013763847783268652,0.07234647961939648,0.9138896725973348
25774,LOF,0.025552110123690974,0.09915893346073924,0.8752889564155698
25775,LOF,0.021561300851733984,0.0448697135247039,0.933568985623562
25776,LOF,0.026015792810567824,0.029122415948792092,0.9448617912406402
25777,LOF,0.17188052477748325,0.07606743586216068,0.7520520393603561
25778,LOF,0.01956965287891743,0.0537632556560015,0.9266670914650811
25779,GOF,0.03858760998509681,0.9007612137194763,0.06065117629542684
25780,GOF,0.06619743654430237,0.8789534440798691,0.05484911937582854
25781,GOF,0.027978341616338727,0.8751739002048214,0.09684775817883988
25782,GOF,0.03475204486466124,0.9030799093881835,0.06216804574715534
25783,GOF,0.01849099199331212,0.7630837914763478,0.21842521653034025
25784,GOF,0.10692088086263755,0.8460249061915323,0.04705421294583021
25785,GOF,0.06578231605275617,0.8943828245091103,0.03983485943813357
25786,GOF,0.0055524707113538884,0.8413797180902507,0.15306781119839538
25787,GOF,0.16566378726163675,0.8031881792479206,0.031148033490442588
25788,LOF,0.01633988450624207,0.1873438548846885,0.7963162606090693
25789,GOF,0.019627515005360256,0.8586201907633914,0.12175229423124835
25790,GOF,0.024458395058457094,0.885034334365034,0.09050727057650909
25791,GOF,0.01573882014320097,0.8272912790799791,0.1569699007768198
25792,GOF,0.02570329216850254,0.8419551474320913,0.1323415603994062
25793,GOF,0.07083395264373016,0.8358982077530412,0.09326783960322858
25794,GOF,0.05360787824235649,0.7847062261696605,0.16168589558798308
25795,GOF,0.04149389004162212,0.784528387140463,0.17397772281791477
25796,GOF,0.07819133752030165,0.8202540762121742,0.1015545862675243
25797,GOF,0.033771641132071886,0.6844008063765624,0.28182755249136576
25798,GOF,0.00306336199927593,0.656654002501252,0.3402826354994721
25799,GOF,0.0030277050575393243,0.5429981258617842,0.45397416908067656
25800,GOF,0.012615546379882029,0.7243595165620242,0.2630249370580938
25801,GOF,0.01418474281262209,0.8666741050301369,0.1191411521572412
25802,GOF,0.019526068945013325,0.8090765065954344,0.17139742445955225
25803,GOF,0.01171576520381333,0.7169634181080735,0.2713208166881131
25804,GOF,0.013463591988845315,0.625794845997971,0.3607415620131837
25805,GOF,0.02326146271095789,0.7294256130459235,0.24731292424311874
25806,GOF,0.019503735672465418,0.7685785935608709,0.21191767076666373
25807,GOF,0.005366183065577253,0.71844771922417,0.2761860977102529
25808,GOF,0.014606693988332255,0.7484504705712851,0.2369428354403825
25809,GOF,0.006395628943838365,0.7326365813804004,0.26096778967576123
25810,GOF,0.005463312279689786,0.7339309838378819,0.2606057038824283
25811,GOF,0.048263295207164186,0.8682090142672279,0.0835276905256081
25812,GOF,0.015336855578038317,0.7337426467078854,0.2509204977140764
25813,GOF,0.10153056647393582,0.8082678164072389,0.09020161711882528
25814,GOF,0.02472369438730546,0.8146555677113358,0.16062073790135867
25815,GOF,0.03891682111863126,0.8338068086054496,0.1272763702759191
25816,GOF,0.007622450537323241,0.8598944824626314,0.1324830670000453
25817,GOF,0.09172104209230021,0.775865996192647,0.13241296171505298
25818,GOF,0.023486663673937716,0.7899744429675215,0.18653889335854068
25819,GOF,0.06022352404418639,0.7773962775692729,0.16238019838654089
25820,GOF,0.033116983919690736,0.7655044335376088,0.20137858254270044
25821,GOF,0.018766016936083266,0.7594932751470695,0.22174070791684716
25822,GOF,0.03487631271296952,0.7808078349729519,0.1843158523140786
25823,GOF,0.01429540566659726,0.6564535126487163,0.32925108168468636
25824,GOF,0.02398474109007575,0.7685558966392345,0.2074593622706897
25825,GOF,0.014424995425081437,0.7516894958403624,0.2338855087345562
25826,GOF,0.005313554952705426,0.7186261892883211,0.2760602557589734
25827,GOF,0.008532138502015112,0.7048318842365848,0.2866359772614001
25828,GOF,0.0059566960489359265,0.6567480143924781,0.33729528955858595
25829,GOF,0.003054384156122376,0.7143502225958025,0.2825953932480751
25830,GOF,0.03818792546174702,0.5146857631874644,0.4471263113507887
25831,GOF,0.050978928089851515,0.8369492120038718,0.11207185990627659
25832,GOF,0.008609578016482553,0.7891623771740436,0.20222804480947387
25833,GOF,0.032633895293078835,0.8391868727372128,0.12817923196970835
25834,GOF,0.008378507537759285,0.8065829547997394,0.18503853766250133
25835,GOF,0.017735380208052976,0.8577958075912493,0.1244688122006977
25836,GOF,0.006452005566466831,0.8093417299816436,0.18420626445188967
25837,GOF,0.006974480289655253,0.7310248954257025,0.26200062428464216
25838,GOF,0.018603772351561822,0.8752102323779457,0.10618599527049241
25839,GOF,0.04013337686633681,0.8532259098846274,0.10664071324903576
25840,GOF,0.061314467382565005,0.8430841562984783,0.09560137631895647
25841,GOF,0.05541970494732684,0.8508925156615978,0.0936877793910754
25842,GOF,0.02717302519058792,0.899840221916809,0.07298675289260304
25843,GOF,0.028539786080629907,0.9048051445035807,0.06665506941578929
25844,GOF,0.017222019861097268,0.8439637419106683,0.13881423822823444
25845,GOF,0.006088741428108762,0.6743894160330126,0.31952184253887855
25846,GOF,0.043655917033805405,0.8659663668487808,0.09037771611741376
25847,GOF,0.019859296103072722,0.9104336969321705,0.06970700696475664
25848,GOF,0.01727269689011168,0.862853238282397,0.11987406482749137
25849,GOF,0.005060723768207822,0.7573992997912096,0.23753997644058275
25850,GOF,0.006563197164393261,0.7691879648597032,0.22424883797590361
25851,GOF,0.005604917681231687,0.6584551471805306,0.3359399351382378
25852,GOF,0.12621657210310142,0.6134488216340488,0.26033460626284965
25853,GOF,0.07020490144438792,0.851278727395893,0.07851637115971889
25854,GOF,0.005469771426687499,0.7102308351143656,0.28429939345894695
25855,GOF,0.014659352040225936,0.6506437145052907,0.3346969334544834
25856,GOF,0.03724094064122952,0.7899642642807103,0.17279479507806017
25857,GOF,0.013277768191254757,0.6553316816119253,0.33139055019682007
25858,GOF,0.007792063672264629,0.6534520145871869,0.3387559217405484
25859,GOF,0.0054827470335497685,0.6224800072142022,0.372037245752248
25860,GOF,0.0822818926323175,0.818827791746374,0.09889031562130855
25861,GOF,0.08615709704617162,0.8223708721402777,0.09147203081355057
25862,GOF,0.021335563063327075,0.8682561856492742,0.11040825128739873
25863,GOF,0.020306883658042695,0.8812948023051539,0.09839831403680332
25864,GOF,0.04919472896988981,0.8800568021973715,0.0707484688327386
25865,GOF,0.03487109869815275,0.8431557592549646,0.1219731420468827
25866,GOF,0.026107572411025702,0.8675579399686447,0.10633448762032958
25867,GOF,0.03444294087166129,0.8781305584832699,0.08742650064506867
25868,GOF,0.05356959904994182,0.8475822776614054,0.09884812328865272
25869,GOF,0.3363637844796216,0.6037040132432789,0.059932202277099576
25870,GOF,0.07304117534812563,0.7041604450975442,0.22279837955433016
25871,GOF,0.011846158523655392,0.8939926681757974,0.09416117330054732
25872,GOF,0.019762957515274588,0.8729734406888913,0.10726360179583418
25873,GOF,0.020196691645137838,0.8958311039353619,0.08397220441950018
25874,LOF,0.017983022201051715,0.2011803053623542,0.7808366724365942
25875,LOF,0.04842675376389093,0.04606379916497946,0.9055094470711296
25876,LOF,0.01870072110847564,0.033630491810249255,0.9476687870812752
25877,LOF,0.1299948024624261,0.08577412642708375,0.7842310711104902
25878,LOF,0.06954531479716387,0.11364522431148442,0.8168094608913518
25879,LOF,0.028066583741294508,0.08289982137848202,0.8890335948802234
25880,LOF,0.05720661593086947,0.013414286239716192,0.9293790978294143
25881,Neutral,0.563006098205673,0.0542496294415505,0.3827442723527764
25882,LOF,0.06485387340785974,0.024340419348520485,0.9108057072436199
25883,LOF,0.03035567649357538,0.02192694840380253,0.947717375102622
25884,LOF,0.02848410825978079,0.03537640616880749,0.9361394855714117
25885,LOF,0.22165223637730008,0.00970207855024312,0.7686456850724569
25886,LOF,0.15800160435657004,0.04742666137405461,0.7945717342693753
25887,LOF,0.20000211803984494,0.05282045332441301,0.7471774286357421
25888,LOF,0.013827537936877111,0.12815807722794548,0.8580143848351774
25889,LOF,0.03320479432232362,0.027305149587013088,0.9394900560906634
25890,LOF,0.12842100731021508,0.10740716997499714,0.7641718227147878
25891,LOF,0.09638163772806163,0.019950885127805584,0.8836674771441329
25892,LOF,0.009245557857030285,0.03151001231552393,0.9592444298274457
25893,LOF,0.40884279246275845,0.00851564725755199,0.5826415602796896
25894,LOF,0.45188345910217553,0.005446864575588555,0.5426696763222358
25895,LOF,0.34801401605652604,0.010561532382510055,0.641424451560964
25896,LOF,0.07004732179175863,0.015592127076742946,0.9143605511314984
25897,LOF,0.1858303515306535,0.009526625475993844,0.8046430229933527
25898,LOF,0.16562814313761048,0.026749912538315015,0.8076219443240745
25899,LOF,0.33838117395236983,0.01718854408698544,0.6444302819606448
25900,LOF,0.43687075937849573,0.006722952134089699,0.5564062884874145
25901,LOF,0.06548632066780966,0.007662177918943711,0.9268515014132466
25902,LOF,0.16790865443438124,0.008529650871000697,0.8235616946946179
25903,LOF,0.4178554415620595,0.023757644117844166,0.5583869143200964
25904,LOF,0.48003577212130144,0.020680881151462452,0.49928334672723595
25905,LOF,0.004052432567401363,0.4919681100859531,0.5039794573466455
25906,LOF,0.00989141345683964,0.1140285100310676,0.8760800765120927
25907,LOF,0.004424888389097137,0.35928520010844883,0.636289911502454
25908,LOF,0.0046973040896577155,0.27424100909584337,0.7210616868144989
25909,LOF,0.022916269033866173,0.1651025392800824,0.8119811916860513
25910,LOF,0.010717835521252831,0.13927353359587755,0.8500086308828697
25911,LOF,0.3197417654835771,0.05321245283115484,0.627045781685268
25912,LOF,0.062086068183766135,0.0590424540100548,0.8788714778061791
25913,LOF,0.04849826937513687,0.0673453857510599,0.8841563448738032
25914,LOF,0.03793551507862731,0.0439134173558061,0.9181510675655665
25915,LOF,0.17422360495520842,0.19368445203737678,0.6320919430074148
25916,LOF,0.03240239074922496,0.12684192402469152,0.8407556852260836
25917,LOF,0.0695183475562748,0.041073841564986044,0.8894078108787391
25918,LOF,0.04464023597335186,0.028557555261467804,0.9268022087651804
25919,LOF,0.04058800925717583,0.027809987350072726,0.9316020033927513
25920,LOF,0.1656783473459701,0.1809990690058425,0.6533225836481874
25921,LOF,0.017423908964297966,0.03926739096964227,0.9433087000660597
25922,LOF,0.018078774345193754,0.03291662018725598,0.9490046054675504
25923,LOF,0.45281793746426574,0.0378502488377329,0.5093318136980014
25924,LOF,0.025449370528171512,0.05183229869893161,0.9227183307728968
25925,LOF,0.08126943181238402,0.05423158895120343,0.8644989792364126
25926,LOF,0.05621406115450024,0.05217557659017243,0.8916103622553272
25927,LOF,0.025224946065350237,0.07513096627792662,0.8996440876567232
25928,LOF,0.011014755044936195,0.059079743321144976,0.9299055016339189
25929,Neutral,0.5378971461849753,0.036391275163572524,0.4257115786514521
25930,LOF,0.07118170750831086,0.03554832301621008,0.893269969475479
25931,LOF,0.01509331169138787,0.03587353474241005,0.9490331535662021
25932,LOF,0.062429706088123434,0.029946327831071966,0.9076239660808046
25933,LOF,0.05779109056750678,0.020911367447361297,0.9212975419851318
25934,LOF,0.05211021411169074,0.020017186328180784,0.9278725995601286
25935,LOF,0.06802549392783253,0.07064104234008464,0.8613334637320829
25936,LOF,0.08599637233955688,0.02227396184963649,0.8917296658108066
25937,LOF,0.014612788210176348,0.038278112210478776,0.9471090995793449
25938,LOF,0.06604379775549359,0.06788694558449106,0.8660692566600153
25939,LOF,0.04262763808117831,0.027221336374005395,0.9301510255448163
25940,LOF,0.009235752223919133,0.36677160480192966,0.6239926429741512
25941,Neutral,0.5139568877931786,0.033047972344675026,0.4529951398621464
25942,LOF,0.00961500229367188,0.048042759130705576,0.9423422385756226
25943,LOF,0.04709331101696068,0.17511209112756465,0.7777945978554747
25944,LOF,0.06431375919630042,0.08478646348751159,0.8508997773161879
25945,LOF,0.12296633771972058,0.018077194034207326,0.858956468246072
25946,LOF,0.0690834730217937,0.04145940320656379,0.8894571237716425
25947,Neutral,0.45036168443940927,0.10513941989739374,0.44449889566319706
25948,LOF,0.4443129148471942,0.013396458164654228,0.5422906269881516
25949,LOF,0.12018082311337129,0.07025583002759209,0.8095633468590365
25950,GOF,0.0713371894187385,0.6300964795084582,0.29856633107280334
25951,LOF,0.012301819032223604,0.4233182085598084,0.564379972407968
25952,LOF,0.30294207624905684,0.26388700938422255,0.43317091436672056
25953,LOF,0.007697108624660288,0.18899887786244635,0.8033040135128934
25954,GOF,0.08368309785336851,0.48188388952532263,0.4344330126213089
25955,LOF,0.007452664359189142,0.15860502489042883,0.833942310750382
25956,LOF,0.019774563460392827,0.2408334009781044,0.7393920355615027
25957,LOF,0.21216537409338235,0.03561890126248085,0.7522157246441368
25958,LOF,0.032787989185945846,0.03127672924889572,0.9359352815651586
25959,GOF,0.01508160862774953,0.5239694717376808,0.46094891963456963
25960,LOF,0.007549365927796612,0.050931134345999135,0.9415194997262043
25961,LOF,0.030587076142741414,0.02926080775094796,0.9401521161063107
25962,LOF,0.03833725865675379,0.0656093052190613,0.8960534361241849
25963,LOF,0.005014452629324169,0.17714720794740507,0.8178383394232707
25964,LOF,0.030560964504082834,0.09633724116705433,0.8731017943288629
25965,LOF,0.25924059527631443,0.12411449554521464,0.6166449091784709
25966,Neutral,0.47233597967038266,0.15341015090938906,0.3742538694202284
25967,LOF,0.009063839499357539,0.08995939310006154,0.9009767674005809
25968,LOF,0.04621524689580313,0.21915360176018936,0.7346311513440075
25969,LOF,0.12800090103765305,0.04541220561961947,0.8265868933427275
25970,LOF,0.023218775272746555,0.07948081967422367,0.8973004050530297
25971,LOF,0.08160479926435912,0.027208744168997684,0.8911864565666431
25972,LOF,0.06564892105045522,0.03954601434375406,0.8948050646057907
25973,LOF,0.06373647182803525,0.01002948786410324,0.9262340403078615
25974,LOF,0.0518899039342739,0.03898820752436089,0.9091218885413652
25975,LOF,0.04703223285716384,0.017803815189577826,0.9351639519532584
25976,LOF,0.1031695783330508,0.010944833294354177,0.885885588372595
25977,LOF,0.1820264833262513,0.07391634490081342,0.7440571717729353
25978,LOF,0.17996845584893345,0.12976451033889239,0.6902670338121741
25979,LOF,0.14338584136732593,0.13610161417214753,0.7205125444605265
25980,LOF,0.2534248555634907,0.18898127130051234,0.5575938731359971
25981,LOF,0.2548568855005913,0.19093774194337837,0.5542053725560303
25982,Neutral,0.47697238001176345,0.09536593112028807,0.4276616888679484
25983,Neutral,0.48139642329319615,0.11233861306566342,0.40626496364114045
25984,LOF,0.034008081423286055,0.09666446415280608,0.8693274544239078
25985,LOF,0.4098314938221388,0.14539636750530466,0.4447721386725565
25986,LOF,0.012886830761366165,0.40134968347600614,0.5857634857626276
25987,LOF,0.060609832004310256,0.1200597593396356,0.8193304086560542
25988,LOF,0.042631277514627336,0.18744846358555137,0.7699202588998213
25989,LOF,0.03811553964265331,0.22646343567198363,0.7354210246853631
25990,LOF,0.039795764455170725,0.3221516690571374,0.6380525664876919
25991,LOF,0.027404928131275184,0.4193588764980642,0.5532361953706607
25992,LOF,0.025839611274583903,0.41188385185333376,0.5622765368720823
25993,LOF,0.02794916441352752,0.07558266534223973,0.8964681702442329
25994,LOF,0.023638999075044166,0.07386044828397498,0.902500552640981
25995,LOF,0.021886220221805194,0.14821975687114236,0.8298940229070524
25996,LOF,0.3434376539158539,0.30412968846372124,0.3524326576204249
25997,LOF,0.06518247589181435,0.39310943199536136,0.5417080921128242
25998,LOF,0.2540494086379994,0.04239733183069059,0.70355325953131
25999,LOF,0.028323517763364343,0.1893285351233121,0.7823479471133234
26000,LOF,0.19305793688898595,0.0361431260238046,0.7707989370872095
26001,LOF,0.2568205152928233,0.04871507773518422,0.6944644069719924
26002,LOF,0.11144737478575849,0.06354901095827555,0.825003614255966
26003,GOF,0.005611233443391745,0.642396535958706,0.3519922305979023
26004,GOF,0.008540300276610424,0.6893994326307584,0.3020602670926312
26005,GOF,0.0038800162141327667,0.501851952271138,0.49426803151472926
26006,GOF,0.11237689010478039,0.579719835640649,0.3079032742545706
26007,GOF,0.007407284896562193,0.5498497613637157,0.4427429537397222
26008,GOF,0.006030241939311911,0.6535613028847267,0.3404084551759614
26009,GOF,0.007996329399572956,0.6789550500739144,0.31304862052651256
26010,GOF,0.009235362697443234,0.6481555299616478,0.3426091073409089
26011,LOF,0.003617280302600787,0.45885000419756344,0.5375327154998357
26012,GOF,0.004898067315178279,0.5319770473482653,0.4631248853365563
26013,GOF,0.006324876396207816,0.5840390145326834,0.4096361090711088
26014,LOF,0.05779728003940322,0.1220821839548655,0.8201205360057313
26015,LOF,0.4061120534995909,0.02718181886979979,0.5667061276306092
26016,LOF,0.3293382017629532,0.04397163360793275,0.626690164629114
26017,LOF,0.025548983763736953,0.22703890376574176,0.7474121124705212
26018,LOF,0.028004636611290462,0.06605210408100444,0.905943259307705
26019,LOF,0.02799276094710037,0.058523544830518325,0.9134836942223814
26020,LOF,0.010393840437475734,0.18959679922826897,0.8000093603342552
26021,LOF,0.07721072952373759,0.07066801907045177,0.8521212514058106
26022,LOF,0.04081843174566569,0.03225159324015817,0.9269299750141762
26023,LOF,0.029527053304209367,0.03762562358494643,0.9328473231108443
26024,LOF,0.05063658832249462,0.06930537675620506,0.8800580349213004
26025,LOF,0.06486735634490676,0.08593566883817924,0.8491969748169139
26026,LOF,0.12284802237853301,0.0663997996924563,0.8107521779290107
26027,LOF,0.024674272886598035,0.03185112399402855,0.9434746031193734
26028,LOF,0.11062341407958486,0.14531138799148216,0.7440651979289329
26029,LOF,0.017714314885341406,0.17711394072981043,0.8051717443848482
26030,LOF,0.15985056296071185,0.01951787594890171,0.8206315610903865
26031,LOF,0.009330074996854612,0.1498032336550983,0.840866691348047
26032,LOF,0.04230927271030438,0.04886341055770219,0.9088273167319935
26033,LOF,0.06930387453069323,0.044738334068248765,0.885957791401058
26034,LOF,0.01282728912089981,0.13351565297626494,0.8536570579028352
26035,LOF,0.011445896580175457,0.09906010390997659,0.889493999509848
26036,LOF,0.011657523937807628,0.11601650028614263,0.8723259757760498
26037,LOF,0.009478601954049941,0.09125161752768507,0.899269780518265
26038,LOF,0.037150456278349384,0.04379843864124058,0.91905110508041
26039,LOF,0.024083157091242167,0.11430750368628163,0.8616093392224762
26040,LOF,0.11275073118835154,0.11918718040036878,0.7680620884112798
26041,LOF,0.01246773045243239,0.0772775758630433,0.9102546936845244
26042,LOF,0.010992560551436303,0.08638320794422863,0.9026242315043351
26043,LOF,0.035870459416871954,0.05935656450586659,0.9047729760772614
26044,LOF,0.013964604515576516,0.03949640636027263,0.9465389891241508
26045,LOF,0.06999105505774729,0.09877768830946224,0.8312312566327904
26046,LOF,0.03180773650840314,0.04482542606477601,0.9233668374268209
26047,LOF,0.052645859435962186,0.04500793357529766,0.9023462069887402
26048,LOF,0.08401871041666016,0.021115709628486024,0.8948655799548539
26049,Neutral,0.9487191806065756,0.006476983706412009,0.0448038356870123
26050,Neutral,0.922749277946016,0.0070687852139738015,0.07018193684001023
26051,LOF,0.01804647865978546,0.0856830115395974,0.8962705098006172
26052,LOF,0.03300708447075362,0.10729523016530218,0.8596976853639441
26053,LOF,0.030758476198622084,0.16388405418417967,0.8053574696171982
26054,LOF,0.044167592639609364,0.03093887411611891,0.9248935332442717
26055,LOF,0.06057771840667165,0.025695060294178035,0.9137272212991502
26056,LOF,0.049747560701848735,0.03336405341841477,0.9168883858797365
26057,LOF,0.05413550349793584,0.01534372822190878,0.9305207682801554
26058,LOF,0.05662279304800553,0.012396829680159203,0.9309803772718352
26059,LOF,0.19328040668409832,0.03139656690564359,0.7753230264102581
26060,LOF,0.015295154310028905,0.19328422544601376,0.7914206202439573
26061,LOF,0.012173465943836401,0.011591205325946605,0.9762353287302171
26062,LOF,0.006886037874315077,0.01992078472287666,0.9731931774028083
26063,LOF,0.035308464216585525,0.012242591614586623,0.9524489441688277
26064,LOF,0.011632681153243842,0.027551585153205417,0.9608157336935507
26065,LOF,0.046527914321078466,0.012967157088100898,0.9405049285908207
26066,LOF,0.044978092200314256,0.011228680566690534,0.9437932272329953
26067,LOF,0.051825379825848394,0.010490199589194735,0.9376844205849569
26068,LOF,0.052286347831643834,0.051484732379011806,0.8962289197893443
26069,LOF,0.14719910727624597,0.02937824675964801,0.8234226459641061
26070,LOF,0.3371856693760865,0.024109332884447485,0.638704997739466
26071,LOF,0.041189953568812145,0.012627042317143023,0.9461830041140449
26072,LOF,0.011154824571303113,0.02215353981805332,0.9666916356106436
26073,LOF,0.03760071642504189,0.015003886238267558,0.9473953973366905
26074,Neutral,0.9166397474913751,0.009293474086539804,0.07406677842208519
26075,LOF,0.05310816366021636,0.023006156690513375,0.9238856796492703
26076,LOF,0.05348290250927972,0.01276361957463995,0.9337534779160804
26077,LOF,0.16114881505231066,0.0073665262659916245,0.8314846586816979
26078,LOF,0.008848748181241563,0.015133785963849556,0.9760174658549089
26079,LOF,0.06419162325285299,0.026616913822802506,0.9091914629243446
26080,LOF,0.06294984914572438,0.02671666219036252,0.9103334886639132
26081,LOF,0.030578077038066462,0.009244787555385228,0.9601771354065483
26082,LOF,0.007450347891430655,0.014012808565678093,0.9785368435428913
26083,LOF,0.09210323459435366,0.021048713383470113,0.8868480520221762
26084,LOF,0.0955719987462446,0.015512320906777365,0.8889156803469781
26085,LOF,0.08769554939386198,0.013607702875015691,0.8986967477311223
26086,LOF,0.04004059182671561,0.013087300703432976,0.9468721074698514
26087,LOF,0.03539898833528513,0.011180470830505995,0.9534205408342089
26088,LOF,0.009434669090934432,0.02077152713266081,0.9697938037764047
26089,LOF,0.04374139772827732,0.04027599011777414,0.9159826121539485
26090,LOF,0.04442507605872701,0.03129559645402307,0.9242793274872498
26091,LOF,0.03054098182582786,0.008744764638447084,0.9607142535357251
26092,LOF,0.03910515657997315,0.008767019118721603,0.9521278243013053
26093,LOF,0.07510214940990069,0.006505047815459917,0.9183928027746394
26094,LOF,0.03521715611138614,0.007670177530400999,0.9571126663582128
26095,LOF,0.03664771153515741,0.018154232906991308,0.9451980555578512
26096,LOF,0.2194703206939577,0.005159855446458381,0.7753698238595839
26097,LOF,0.008961885347485241,0.03241488747052115,0.9586232271819937
26098,LOF,0.0796528655229341,0.02136455928767703,0.8989825751893888
26099,LOF,0.04140905332307267,0.01601816692208596,0.9425727797548412
26100,LOF,0.04140905332307267,0.01601816692208596,0.9425727797548412
26101,LOF,0.05676502941473499,0.02967643646635855,0.9135585341189065
26102,LOF,0.03294189848653145,0.017205987036537182,0.9498521144769313
26103,Neutral,0.8778029885565561,0.02772512054952172,0.09447189089392222
26104,LOF,0.05888839351727906,0.0443715653428414,0.8967400411398796
26105,LOF,0.24105810375959744,0.181687005607276,0.5772548906331265
26106,LOF,0.32589264718899164,0.1380340345325973,0.5360733182784111
26107,LOF,0.020302661918241913,0.09540563347849845,0.8842917046032596
26108,LOF,0.2645641033681976,0.05696451711124781,0.6784713795205546
26109,LOF,0.09694258775919984,0.038562014388778196,0.8644953978520219
26110,LOF,0.47656873956877954,0.007764686234011213,0.5156665741972093
26111,LOF,0.04137467628161241,0.15605818528257437,0.8025671384358132
26112,LOF,0.04689854198629293,0.009109024305359193,0.943992433708348
26113,LOF,0.09702812067855555,0.019283704939047432,0.883688174382397
26114,LOF,0.08982163648585072,0.006387718536714361,0.903790644977435
26115,LOF,0.014019974525946543,0.0466834557824827,0.9392965696915708
26116,LOF,0.06944207245129247,0.02077546131071036,0.9097824662379972
26117,LOF,0.40870213881472056,0.03502717169335089,0.5562706894919285
26118,LOF,0.044835395004465914,0.016778294957220913,0.9383863100383132
26119,LOF,0.006558752455941145,0.03181992349223207,0.9616213240518269
26120,LOF,0.036774134126436105,0.015385721659080158,0.9478401442144837
