feature0,prediction,LoGoFunc_Neutral,LoGoFunc_GOF,LoGoFunc_LOF
25546,Neutral,0.612818214276242,0.15712188990412781,0.2300598958196303
25547,Neutral,0.4490531307025589,0.3081723285631062,0.2427745407343348
25548,Neutral,0.4291001144963828,0.24025201777942323,0.33064786772419397
25549,Neutral,0.40555733303806585,0.24945299299642756,0.34498967396550656
25550,LOF,0.2997344968946739,0.2934033374549594,0.40686216565036665
25551,LOF,0.23623241164089717,0.27277950795061046,0.49098808040849234
25552,LOF,0.13746551785924985,0.2555597705852092,0.606974711555541
25553,Neutral,0.8188925239555302,0.06053218454606836,0.12057529149840152
25554,LOF,0.1702803989790779,0.2602913680466141,0.569428232974308
25555,LOF,0.13628961324239602,0.22817053056074685,0.6355398561968572
25556,Neutral,0.4897110217873685,0.1898605185193774,0.3204284596932542
25557,LOF,0.1383531493736545,0.24675198027537062,0.6148948703509749
25558,LOF,0.1736831832442676,0.29595420964035757,0.5303626071153749
25559,Neutral,0.5103655300631625,0.01777497044065283,0.4718594994961846
25560,LOF,0.0415304088710789,0.23663734307369566,0.7218322480552255
25561,LOF,0.10425622485992449,0.26868842290594386,0.6270553522341318
25562,LOF,0.1260966602710829,0.061313154544054595,0.8125901851848625
25563,LOF,0.12668098016522605,0.08856157748436713,0.7847574423504069
25564,LOF,0.08413703088949517,0.18009329858564696,0.735769670524858
25565,LOF,0.13015713451654357,0.22118230206791561,0.6486605634155408
25566,GOF,0.019493135733948543,0.6082684061885492,0.37223845807750233
25567,LOF,0.01028847697175896,0.09262027647024372,0.8970912465579973
25568,LOF,0.05956205145701449,0.03602775523572528,0.9044101933072601
25569,LOF,0.07852394876562387,0.03487072471807032,0.8866053265163057
25570,LOF,0.0537862062403177,0.031297902008672863,0.9149158917510094
25571,LOF,0.06337966312950453,0.028077493978752803,0.9085428428917427
25572,LOF,0.03993186115184531,0.03893117863725952,0.9211369602108953
25573,LOF,0.020810532787634704,0.04423078239040581,0.9349586848219594
25574,LOF,0.009251229126900861,0.19540600359496924,0.7953427672781298
25575,LOF,0.05377710609734619,0.023574054650177725,0.9226488392524761
25576,LOF,0.01369196137993292,0.022004722325420913,0.964303316294646
25577,LOF,0.008559563050577113,0.02520996136232914,0.9662304755870937
25578,LOF,0.27725417119800805,0.04625399120864102,0.6764918375933509
25579,LOF,0.2774066163767627,0.04522767966842501,0.6773657039548123
25580,LOF,0.031069309300413156,0.020294316280340247,0.9486363744192466
25581,LOF,0.05299810880911832,0.05242898126213104,0.8945729099287507
25582,LOF,0.05349348087787186,0.04063918821835551,0.9058673309037726
25583,LOF,0.032591601438805386,0.022624561677405303,0.9447838368837893
25584,Neutral,0.5123074520720626,0.07253609895978826,0.4151564489681491
25585,LOF,0.023294368005974588,0.03619220767330953,0.9405134243207159
25586,LOF,0.032117042592672236,0.017891408700256517,0.9499915487070713
25587,LOF,0.026795012910237042,0.015020565117293914,0.9581844219724691
25588,LOF,0.02551194541707895,0.02000926476703188,0.9544787898158893
25589,Neutral,0.6655128629748701,0.07442014331097525,0.2600669937141547
25590,LOF,0.021742958568813062,0.05621650686748739,0.9220405345636996
25591,LOF,0.0776047732155165,0.03988408251397775,0.8825111442705057
25592,LOF,0.09531615946520171,0.037527599517467744,0.8671562410173305
25593,LOF,0.010850307907807256,0.4048937342075146,0.5842559578846781
25594,LOF,0.05847829433386854,0.057650430628674185,0.8838712750374572
25595,LOF,0.10060130588249662,0.08210703378864272,0.8172916603288607
25596,LOF,0.09783349196437545,0.04713818920462035,0.8550283188310042
25597,LOF,0.0809275603592461,0.01583191458737056,0.9032405250533835
25598,LOF,0.08844757474195349,0.07157290805274209,0.8399795172053044
25599,GOF,0.009613496945138392,0.6161859488069203,0.3742005542479414
25600,GOF,0.011233991418662593,0.5182568325654525,0.470509176015885
25601,LOF,0.006928882588411055,0.27893857384092563,0.7141325435706635
25602,LOF,0.01928035273164437,0.0741536376581847,0.906566009610171
25603,LOF,0.03612333652637332,0.06591410159179012,0.8979625618818365
25604,LOF,0.03553100375357625,0.0700857960783533,0.8943832001680705
25605,LOF,0.013514196291982342,0.19504157720234486,0.7914442265056728
25606,LOF,0.07075818559978093,0.4513023953697761,0.47793941903044296
25607,LOF,0.003439368787896111,0.136263815622857,0.8602968155892468
25608,LOF,0.05997793439088578,0.021913286870557047,0.9181087787385572
25609,LOF,0.08964215567190965,0.17435023726345042,0.73600760706464
25610,LOF,0.042402614274469605,0.017578366897985875,0.9400190188275446
25611,LOF,0.056343852007714704,0.011171848097799865,0.9324842998944854
25612,LOF,0.18483935424976242,0.019460468751341116,0.7957001769988965
25613,LOF,0.13540763661542804,0.0241673313136743,0.8404250320708976
25614,LOF,0.03701052327600309,0.03428366465907747,0.9287058120649194
25615,LOF,0.07537254276855697,0.029943115556000533,0.8946843416754425
25616,LOF,0.030193788526393168,0.04272784732529931,0.9270783641483076
25617,LOF,0.043509163027636286,0.027566796889327744,0.928924040083036
25618,LOF,0.22329389733135488,0.04145051455537577,0.7352555881132694
25619,LOF,0.04047909681757927,0.028678254853575984,0.9308426483288448
25620,LOF,0.0359728119091588,0.04397071551209444,0.9200564725787468
25621,LOF,0.037133997094196784,0.019050726570315018,0.9438152763354882
25622,LOF,0.028235667880257574,0.040157410665309846,0.9316069214544326
25623,LOF,0.0477137271242294,0.025343321181527337,0.9269429516942432
25624,LOF,0.03334005758444336,0.04480020238405134,0.9218597400315053
25625,LOF,0.04189059876779189,0.04047195766990875,0.9176374435622994
25626,LOF,0.11029085287645568,0.02364088631978058,0.8660682608037638
25627,Neutral,0.46896555202127294,0.08521745865156047,0.4458169893271666
25628,LOF,0.17201550444443905,0.03387524293596875,0.7941092526195923
25629,LOF,0.0643082921308499,0.07575935768770757,0.8599323501814425
25630,LOF,0.17284397363692697,0.042073202648516696,0.7850828237145563
25631,Neutral,0.5711809506246169,0.03843168985828119,0.39038735951710185
25632,LOF,0.014310231073804702,0.17199202619022758,0.8136977427359677
25633,LOF,0.19338813056185264,0.3963419138267156,0.41026995561143176
25634,LOF,0.044198202025814565,0.24601008878401887,0.7097917091901667
25635,LOF,0.036515922075227115,0.21035489459262618,0.7531291833321467
25636,LOF,0.005472719423107089,0.4184966185990967,0.5760306619777961
25637,LOF,0.004489768305358202,0.2513920239238531,0.7441182077707886
25638,LOF,0.006107774020291509,0.25474639211968925,0.7391458338600193
25639,LOF,0.004884817631644969,0.20849277601670813,0.7866224063516469
25640,GOF,0.3416843609355653,0.5925306454912207,0.06578499357321396
25641,LOF,0.0071317254797118096,0.17720640233274795,0.8156618721875402
25642,LOF,0.21419191555965172,0.069432293617608,0.7163757908227403
25643,LOF,0.22115915295055955,0.10413770725083996,0.6747031397986005
25644,GOF,0.012307414791833145,0.4955544744027914,0.49213811080537545
25645,GOF,0.009371650544273958,0.6063076086746209,0.3843207407811053
25646,LOF,0.011060542964103562,0.36727586953785035,0.6216635874980461
25647,LOF,0.010195599461771657,0.29274139630644513,0.6970630042317831
25648,LOF,0.006803567861248403,0.35310704902439416,0.6400893831143575
25649,LOF,0.007586241459553795,0.22044605406295348,0.7719677044774927
25650,GOF,0.02530826044459229,0.5105507048743948,0.46414103468101287
25651,LOF,0.007222933723243752,0.241687738654618,0.7510893276221383
25652,LOF,0.012113168088779474,0.34242742512548363,0.6454594067857369
25653,LOF,0.04148118576865678,0.4780733253539873,0.4804454888773558
25654,LOF,0.007885922478494343,0.3768356017295983,0.6152784757919073
25655,GOF,0.08649295138310101,0.4947445142976124,0.4187625343192864
25656,LOF,0.08603557169563765,0.03354984587984911,0.8804145824245132
25657,LOF,0.2697274278973541,0.019715208397272713,0.7105573637053731
25658,LOF,0.0274827786851059,0.07830646894912417,0.89421075236577
25659,LOF,0.24416435553045326,0.08359751025386138,0.6722381342156855
25660,LOF,0.09944161960026922,0.08106942139668233,0.8194889590030484
25661,LOF,0.0604161295176097,0.06545232068792793,0.8741315497944623
25662,LOF,0.040120063316226036,0.05010809570667107,0.9097718409771028
25663,LOF,0.04345046001576239,0.08109112836286128,0.8754584116213763
25664,LOF,0.025225241067404633,0.18846084435695945,0.7863139145756359
25665,LOF,0.049637560520096435,0.07188848336337268,0.8784739561165309
25666,LOF,0.033897506389357575,0.21265303128652296,0.7534494623241195
25667,LOF,0.03483963926537829,0.03641273152516952,0.9287476292094522
25668,LOF,0.0388142171177382,0.053199093330878605,0.9079866895513832
25669,LOF,0.03247358224603492,0.09247092903491404,0.8750554887190511
25670,LOF,0.06654924175393227,0.10557699130231282,0.8278737669437549
25671,LOF,0.05657026593212049,0.03163980211925411,0.9117899319486253
25672,LOF,0.06283175684838728,0.05767316595805203,0.8794950771935607
25673,LOF,0.036414002016216855,0.09673962578669891,0.8668463721970842
25674,LOF,0.024129798485746458,0.13500952777755995,0.8408606737366935
25675,LOF,0.03266094334573868,0.04598524143333932,0.9213538152209221
25676,LOF,0.04154969243015324,0.05018509114878245,0.9082652164210643
25677,LOF,0.07158711854790718,0.044661907200364684,0.8837509742517282
25678,LOF,0.14133971189815994,0.06349675083955139,0.7951635372622887
25679,LOF,0.10131436750729546,0.10219046281750038,0.7964951696752041
25680,LOF,0.1057740347259079,0.09927858303761226,0.7949473822364799
25681,LOF,0.10966142237434119,0.09794245282109136,0.7923961248045674
25682,LOF,0.042834397574502546,0.037623128951226936,0.9195424734742706
25683,LOF,0.07518915641555221,0.06521098451075585,0.8595998590736919
25684,LOF,0.05942635514990304,0.04681762282085134,0.8937560220292458
25685,LOF,0.11622156065186444,0.03043959222524743,0.8533388471228881
25686,LOF,0.028892645094936786,0.08830173106431446,0.8828056238407487
25687,LOF,0.045689946131344625,0.08746758044630025,0.8668424734223551
25688,LOF,0.026289548908591868,0.11710441471904001,0.8566060363723681
25689,LOF,0.014982389657476267,0.07369918870761481,0.911318421634909
25690,LOF,0.020253596906643898,0.10724444922655754,0.8725019538667986
25691,LOF,0.1584685904694493,0.1728862142991997,0.668645195231351
25692,LOF,0.37199640973003695,0.011779012120749718,0.6162245781492134
25693,LOF,0.03109710207204556,0.41006702343590995,0.5588358744920445
25694,LOF,0.2602802261663891,0.011670719319880753,0.7280490545137301
25695,LOF,0.20246786280786802,0.015458679035140532,0.7820734581569915
25696,LOF,0.07651689041093988,0.017201235320355113,0.906281874268705
25697,LOF,0.0849044404695025,0.01468075542936775,0.9004148041011297
25698,LOF,0.017141996687909042,0.25749062315415705,0.725367380157934
25699,LOF,0.06413469843431205,0.38370831901464975,0.5521569825510383
25700,LOF,0.04627898403495565,0.026262206276376692,0.9274588096886678
25701,LOF,0.009131697168152217,0.3490950422089287,0.6417732606229191
25702,GOF,0.031350081554113535,0.4979547303749139,0.4706951880709725
25703,LOF,0.01482123148245845,0.07108857609103984,0.9140901924265016
25704,LOF,0.0601000970831861,0.061651262561305153,0.8782486403555088
25705,LOF,0.11847059742306561,0.1765998036702105,0.704929598906724
25706,GOF,0.02147085154010696,0.6057808182558947,0.37274833020399833
25707,LOF,0.029868516471098887,0.47450245358919824,0.49562902993970276
25708,GOF,0.008574495467501518,0.5599394228513244,0.4314860816811742
25709,LOF,0.05773103605703722,0.07175091951306763,0.8705180444298951
25710,LOF,0.0075485643441046005,0.14710289039680605,0.8453485452590893
25711,LOF,0.058849854386121954,0.09854636532222309,0.842603780291655
25712,LOF,0.011680293637038932,0.17269144504603706,0.815628261316924
25713,LOF,0.051113437646639386,0.10088945829407227,0.8479971040592883
25714,LOF,0.04207522180203283,0.1915815307772075,0.7663432474207598
25715,LOF,0.0446602688695689,0.12842299940619367,0.8269167317242375
25716,LOF,0.006175271188815345,0.06696846181278507,0.9268562669983996
25717,LOF,0.0062491550405819815,0.05542462803014159,0.9383262169292764
25718,LOF,0.04311318606467426,0.05255228549955931,0.9043345284357664
25719,LOF,0.05109124140530396,0.1121189728734791,0.836789785721217
25720,LOF,0.04418485331954084,0.11661179121683522,0.839203355463624
25721,LOF,0.047141077861080544,0.10013015717238445,0.8527287649665352
25722,LOF,0.03972413381697715,0.11230357175320642,0.8479722944298164
25723,LOF,0.06615177681397806,0.11034831589380083,0.8234999072922212
25724,LOF,0.06971718531633267,0.27089750334438134,0.659385311339286
25725,LOF,0.06409356696006535,0.0970826575459892,0.8388237754939455
25726,LOF,0.055083202659675735,0.0903952107069845,0.8545215866333397
25727,LOF,0.07297773587627766,0.07545265803317122,0.8515696060905512
25728,LOF,0.04642300579167161,0.13195040819666348,0.8216265860116649
25729,LOF,0.054813283010226165,0.13458991376117108,0.8105968032286028
25730,LOF,0.06758929899699657,0.09657078834770479,0.8358399126552987
25731,LOF,0.008913644101855142,0.08686036516674261,0.9042259907314022
25732,LOF,0.02711154784003709,0.06978386009245695,0.903104592067506
25733,LOF,0.042815382455080854,0.08765420142813986,0.8695304161167793
25734,LOF,0.006537369483434559,0.229851211917088,0.7636114185994773
25735,LOF,0.04070564885148782,0.07903495391766109,0.880259397230851
25736,LOF,0.03992566541006569,0.15513629135132115,0.8049380432386132
25737,LOF,0.07577522839107438,0.0858766465077302,0.8383481251011954
25738,LOF,0.061286892806534356,0.1755671209296844,0.7631459862637814
25739,LOF,0.041347079881012175,0.12970436809671934,0.8289485520222685
25740,LOF,0.0724664501847513,0.11987980828480962,0.807653741530439
25741,LOF,0.06613927360866365,0.12882087646299348,0.8050398499283429
25742,LOF,0.07257778517425416,0.1233674454532471,0.8040547693724986
25743,LOF,0.0126990003308058,0.016357440661228885,0.9709435590079653
25744,LOF,0.1489394480356644,0.12134023222799027,0.7297203197363452
25745,LOF,0.0287537611938259,0.04598413736519842,0.9252621014409756
25746,LOF,0.015299916631664856,0.06818665246318709,0.916513430905148
25747,LOF,0.0514009341563564,0.021102032351280827,0.9274970334923628
25748,LOF,0.29084231422136436,0.0627724775804038,0.6463852081982319
25749,LOF,0.019798257324650837,0.0502419221815108,0.9299598204938383
25750,LOF,0.019137114969113873,0.059564246589840705,0.9212986384410455
25751,LOF,0.04256295823179431,0.07551413705234403,0.8819229047158617
25752,GOF,0.08327290372236469,0.642513504181396,0.27421359209623924
25753,LOF,0.0072451105427569626,0.413993298918788,0.578761590538455
25754,GOF,0.009084753424606854,0.9104587848435057,0.08045646173188738
25755,LOF,0.007879173081539957,0.41808836338624156,0.5740324635322185
25756,LOF,0.029372584465636706,0.48258458607978644,0.48804282945457683
25757,GOF,0.009030718044541497,0.8767967822193068,0.11417249973615169
25758,GOF,0.010492328713169316,0.9101356581149809,0.07937201317184966
25759,GOF,0.0069127092182815495,0.7604205113549634,0.23266677942675498
25760,LOF,0.006315220366566573,0.35544251365355467,0.6382422659798789
25761,GOF,0.05297894971166517,0.8954059428653507,0.0516151074229842
25762,LOF,0.030052501483405377,0.4417118066442056,0.5282356918723891
25763,LOF,0.006142505163739295,0.3199434861285061,0.6739140087077545
25764,GOF,0.07054490339227075,0.7436647723229173,0.18579032428481196
25765,GOF,0.010984107443007702,0.927069563323035,0.06194632923395716
25766,GOF,0.030474372623948993,0.8750975268789725,0.09442810049707842
25767,GOF,0.011978974176753563,0.6276081877430751,0.3604128380801713
25768,LOF,0.058084596521219875,0.05127378653762742,0.8906416169411527
25769,LOF,0.03166977754772961,0.15680743009847814,0.8115227923537923
25770,LOF,0.2957144584877436,0.1852755692810297,0.5190099722312267
25771,LOF,0.023305055181631697,0.07702578841256878,0.8996691564057996
25772,LOF,0.04191425434380404,0.0826124882548179,0.8754732574013782
25773,LOF,0.01798958372988922,0.13829127313293785,0.8437191431371729
25774,LOF,0.032119907154324945,0.3196115525010842,0.6482685403445907
25775,LOF,0.02365938463815735,0.05131049301528443,0.9250301223465582
25776,LOF,0.03288894159580684,0.04969672314891888,0.9174143352552743
25777,LOF,0.11577385091110881,0.24966030900124894,0.6345658400876424
25778,LOF,0.03183281706942654,0.11845292913973136,0.8497142537908421
25779,GOF,0.05670758574385695,0.7328862705121416,0.21040614374400135
25780,GOF,0.07064149008026918,0.7757786824839875,0.15357982743574328
25781,GOF,0.027220564569642742,0.6910930733131487,0.28168636211720854
25782,GOF,0.031380868354230054,0.7789387579827237,0.18968037366304621
25783,GOF,0.0623964282203427,0.8030266598673652,0.13457691191229218
25784,GOF,0.12423884749686512,0.757642106862596,0.1181190456405389
25785,GOF,0.17938338855516447,0.7112675042585191,0.10934910718631628
25786,GOF,0.013908916333823554,0.6581945307941389,0.32789655287203767
25787,GOF,0.3492845796020678,0.5511039024409706,0.09961151795696147
25788,LOF,0.0242435226232553,0.0764358234669122,0.8993206539098324
25789,GOF,0.019107834334928145,0.7373957843101575,0.2434963813549144
25790,GOF,0.03561926194960132,0.7153683239781385,0.24901241407226013
25791,GOF,0.02947054404101948,0.5651222648532155,0.405407191105765
25792,GOF,0.035453571622853605,0.6489254209284341,0.31562100744871224
25793,GOF,0.07008113573749275,0.6934337169453791,0.23648514731712814
25794,LOF,0.06266476826524617,0.4585951884287208,0.4787400433060331
25795,GOF,0.06852591269242592,0.5301557595919854,0.40131832771558873
25796,GOF,0.1784345750921315,0.5103677767298875,0.31119764817798085
25797,GOF,0.049889177549398304,0.5021490012292548,0.44796182122134687
25798,GOF,0.007449661339764577,0.7617489924991969,0.23080134616103856
25799,GOF,0.00514369390954547,0.6643280418897188,0.33052826420073567
25800,GOF,0.024570621757168974,0.8092301427114109,0.1661992355314201
25801,GOF,0.025796449303537555,0.7717687150588255,0.202434835637637
25802,GOF,0.02858778606756681,0.6939259186463675,0.2774862952860657
25803,GOF,0.02455566476199647,0.6104842711595954,0.3649600640784082
25804,GOF,0.043004556689713716,0.5988541913644353,0.35814125194585095
25805,GOF,0.030428602367581967,0.675687681722283,0.29388371591013496
25806,GOF,0.04221539054739309,0.6902940351271994,0.26749057432540735
25807,GOF,0.016989457028629154,0.580531556101908,0.402478986869463
25808,GOF,0.031393314174614405,0.7093867679909291,0.25921991783445636
25809,GOF,0.0159294123664793,0.6063932917636408,0.37767729586987986
25810,GOF,0.014133647622782668,0.6211707429719442,0.3646956094052731
25811,GOF,0.08661911371073393,0.7929498928480909,0.12043099344117508
25812,GOF,0.04246799535783151,0.5652825974101467,0.3922494072320217
25813,GOF,0.24692573213848057,0.5795037300233881,0.17357053783813134
25814,GOF,0.042015512535415876,0.6102313001734633,0.3477531872911208
25815,GOF,0.07163920371855782,0.6850331193536278,0.2433276769278144
25816,GOF,0.009710502367760943,0.7372926821221382,0.25299681551010095
25817,GOF,0.13857463937237596,0.5595091299631989,0.301916230664425
25818,GOF,0.035071006848840035,0.7139503611325406,0.2509786320186194
25819,GOF,0.05210171887195802,0.6272754484340168,0.3206228326940251
25820,GOF,0.058075571238673934,0.544304027178619,0.39762040158270706
25821,GOF,0.03926039970230176,0.5932784651578261,0.367461135139872
25822,GOF,0.08803349140811427,0.5768123503161419,0.3351541582757438
25823,GOF,0.04917485970387531,0.5374613788777409,0.41336376141838377
25824,GOF,0.03221070627554039,0.6691201293214212,0.2986691644030385
25825,GOF,0.022276255594100527,0.6814868407322082,0.2962369036736912
25826,GOF,0.011046153500073111,0.6069523638729706,0.3820014826269562
25827,GOF,0.019604377177092285,0.65951708484394,0.32087853797896776
25828,GOF,0.011396203055902407,0.6736573310318795,0.314946465912218
25829,GOF,0.004639682277204696,0.5026373699290039,0.49272294779379144
25830,LOF,0.07115550852443718,0.24041121461143433,0.6884332768641284
25831,GOF,0.08112632472176422,0.7715847398510157,0.1472889354272201
25832,GOF,0.009684475922456444,0.7064260652840122,0.2838894587935313
25833,GOF,0.03061908268603946,0.783097990158218,0.18628292715574257
25834,GOF,0.009850214481192741,0.7222465731262356,0.26790321239257164
25835,GOF,0.029539520389157237,0.8310771963772046,0.1393832832336382
25836,GOF,0.00827877713966278,0.7740867052424633,0.21763451761787406
25837,GOF,0.012583356175303893,0.7362999538331398,0.2511166899915561
25838,GOF,0.023737299124143754,0.7902725332341004,0.18599016764175602
25839,GOF,0.07865370129170673,0.7007550748020402,0.220591223906253
25840,GOF,0.10259283474313832,0.7125925821982978,0.18481458305856377
25841,GOF,0.08763720188404207,0.7661477283468552,0.14621506976910287
25842,GOF,0.028725989119904705,0.8261299999151478,0.14514401096494764
25843,GOF,0.026958588370887257,0.8257593698844009,0.1472820417447118
25844,GOF,0.024995490640433864,0.7716016191735584,0.20340289018600782
25845,GOF,0.009158426465293974,0.6559065288270506,0.3349350447076554
25846,GOF,0.07871691871325233,0.8102856781522088,0.1109974031345389
25847,GOF,0.022678337249673577,0.8164329208134897,0.1608887419368367
25848,GOF,0.02197159836244223,0.7916018346989209,0.18642656693863688
25849,GOF,0.007941369561824379,0.7661229736546887,0.22593565678348682
25850,GOF,0.00861055235766665,0.6219073466060174,0.36948210103631585
25851,GOF,0.007625456127660648,0.5527778425886624,0.43959670128367684
25852,GOF,0.18650649485455084,0.42050465016037764,0.39298885498507147
25853,GOF,0.05888528966685673,0.5618526542665502,0.3792620560665931
25854,GOF,0.0077271629724093025,0.6670157559326404,0.3252570810949504
25855,GOF,0.02383712787936676,0.5392813572190647,0.43688151490156857
25856,GOF,0.05052268994261896,0.6865145913059809,0.2629627187514
25857,GOF,0.02407827913592985,0.5275053529947946,0.4484163678692755
25858,GOF,0.00847813597889441,0.5273880611716227,0.46413380284948275
25859,GOF,0.006337860620324668,0.5079752421049725,0.48568689727470277
25860,GOF,0.0835510586335536,0.5434825979320949,0.3729663434343516
25861,GOF,0.11607783366074712,0.7101936010513235,0.1737285652879293
25862,GOF,0.021045114786678153,0.8367212761300952,0.14223360908322666
25863,GOF,0.019478527345486867,0.7991323553541765,0.18138911730033666
25864,GOF,0.030558484814152968,0.8512291602949372,0.1182123548909097
25865,GOF,0.03455657018231208,0.8208197236580982,0.1446237061595898
25866,GOF,0.017774465850663283,0.8055379698571595,0.17668756429217727
25867,GOF,0.036234439901733764,0.8312681510472887,0.13249740905097754
25868,GOF,0.07044715565258483,0.7000678860967967,0.22948495825061851
25869,GOF,0.31023692154555793,0.48095404965618554,0.20880902879825655
25870,LOF,0.07220565431050222,0.31352933456984355,0.6142650111196541
25871,GOF,0.011435631078340098,0.5341430484453421,0.4544213204763179
25872,GOF,0.028552310845140167,0.6317148951782723,0.3397327939765876
25873,GOF,0.020994817943972344,0.7198524684442891,0.2591527136117385
25874,LOF,0.03642993697179287,0.06401324438817771,0.8995568186400293
25875,LOF,0.022068453846986587,0.1696768080515319,0.8082547381014814
25876,LOF,0.021291561117958505,0.09179068406366675,0.8869177548183748
25877,LOF,0.07976829436880632,0.28727787391269843,0.6329538317184953
25878,LOF,0.053711734317783096,0.3953874166694897,0.5509008490127272
25879,LOF,0.011059369762098585,0.19160130371945874,0.7973393265184426
25880,LOF,0.04723329726700308,0.025882302823515002,0.9268843999094819
25881,Neutral,0.48018798925646683,0.2909794126341803,0.22883259810935294
25882,LOF,0.03764122781564429,0.14909923315734502,0.8132595390270108
25883,LOF,0.028448312280417973,0.1413096304356622,0.8302420572839199
25884,LOF,0.012915742035290745,0.13965728673030534,0.8474269712344038
25885,LOF,0.1325860823378063,0.02938749875424002,0.8380264189079537
25886,LOF,0.17913778017154597,0.20354528728832355,0.6173169325401305
25887,GOF,0.044892684805212794,0.49984820461247864,0.4552591105823086
25888,LOF,0.005067009328712229,0.42816531795705537,0.5667676727142323
25889,LOF,0.023387596267841267,0.09122875285031985,0.8853836508818388
25890,LOF,0.15449204597136337,0.27404685231967196,0.5714611017089647
25891,LOF,0.11272778929391207,0.06701580672472758,0.8202564039813603
25892,LOF,0.006843878405892542,0.042642346201253706,0.9505137753928539
25893,LOF,0.2397247970905346,0.014941322105037015,0.7453338808044283
25894,LOF,0.3027542466561294,0.010394314615795102,0.6868514387280755
25895,LOF,0.26997068482033565,0.013397081841474059,0.7166322333381904
25896,LOF,0.08687572069161986,0.03128057992769844,0.8818436993806816
25897,LOF,0.09388923325487877,0.02272173574758443,0.8833890309975367
25898,LOF,0.08012204173202499,0.05017051953999601,0.8697074387279791
25899,LOF,0.343195186619322,0.05287682747896461,0.6039279859017134
25900,Neutral,0.7952981751593838,0.00969969763276627,0.19500212720784993
25901,LOF,0.06088124178381953,0.016320120331919024,0.9227986378842613
25902,LOF,0.07608062341091328,0.009245409408646366,0.9146739671804404
25903,LOF,0.14818164105359186,0.038608041942313945,0.8132103170040943
25904,LOF,0.4433205280850052,0.08861949418043284,0.4680599777345618
25905,LOF,0.013937648262175478,0.26590046560134734,0.7201618861364771
25906,LOF,0.00933693051139294,0.021129411143813254,0.9695336583447938
25907,LOF,0.009573304657515396,0.13569128006149958,0.8547354152809851
25908,LOF,0.010210502880525215,0.15177010005258693,0.8380193970668878
25909,LOF,0.05360648830629217,0.07463547095649511,0.8717580407372129
25910,LOF,0.014461542167113857,0.12910570119978895,0.8564327566330973
25911,LOF,0.12578592370437316,0.06574061068345574,0.808473465612171
25912,LOF,0.13529680099778105,0.01770306100693931,0.8470001379952796
25913,LOF,0.014249911570415767,0.06379829083028049,0.9219517975993038
25914,LOF,0.04541913653606875,0.03708826775005981,0.9174925957138714
25915,GOF,0.21804566503206604,0.41496749836928026,0.3669868365986536
25916,LOF,0.019200091794575692,0.1900508333899327,0.7907490748154917
25917,LOF,0.11488306052724037,0.03233172909641735,0.8527852103763421
25918,LOF,0.04755480615313871,0.02389441444995904,0.9285507793969021
25919,LOF,0.047229027101681226,0.019006778480364427,0.9337641944179543
25920,Neutral,0.380412601189109,0.2654208444358726,0.3541665543750183
25921,LOF,0.021288205182524524,0.042083715326585606,0.9366280794908898
25922,LOF,0.01882515863684652,0.032272405923875154,0.9489024354392782
25923,LOF,0.434041579232446,0.02596243514784512,0.539995985619709
25924,LOF,0.025630580336932215,0.03700585695841025,0.9373635627046576
25925,LOF,0.1858716146152859,0.03063457225003013,0.783493813134684
25926,LOF,0.1420519223086119,0.04954329184416787,0.8084047858472202
25927,LOF,0.02382306638342086,0.07669808724695153,0.8994788463696275
25928,LOF,0.015287273343661636,0.021983422162056357,0.9627293044942821
25929,Neutral,0.6148598331224179,0.025979417118575487,0.35916074975900675
25930,LOF,0.06332017482495783,0.029601301341567347,0.9070785238334748
25931,LOF,0.015214976015188151,0.024434771118790923,0.9603502528660208
25932,LOF,0.09804734073140713,0.015940204892563044,0.8860124543760299
25933,LOF,0.08560322626348293,0.01089128191943403,0.9035054918170831
25934,LOF,0.07733097150164389,0.01390769535574243,0.9087613331426136
25935,LOF,0.17704820755291595,0.0333515269970537,0.7896002654500303
25936,LOF,0.08582275795501583,0.011954522723433149,0.9022227193215511
25937,LOF,0.016257350819672632,0.027971388775745145,0.9557712604045823
25938,LOF,0.18202792147160368,0.028270371300762584,0.7897017072276337
25939,LOF,0.06525069429801257,0.013486811481030453,0.921262494220957
25940,LOF,0.007968775336082824,0.4361559625909113,0.5558752620730059
25941,Neutral,0.49738237142693564,0.1715871670251292,0.3310304615479351
25942,LOF,0.008514075656305246,0.19905596260451724,0.7924299617391775
25943,GOF,0.025455477478579805,0.6559831259701364,0.3185613965512838
25944,LOF,0.0236977815537576,0.4283306467571147,0.5479715716891278
25945,LOF,0.09327461659751506,0.18848468937023796,0.718240694032247
25946,LOF,0.08989023132857532,0.11089497416624595,0.7992147945051786
25947,Neutral,0.4829244374016249,0.08988962595624861,0.4271859366421264
25948,Neutral,0.4988387612635382,0.008664705481284778,0.49249653325517695
25949,LOF,0.11832025129940196,0.023324046481648496,0.8583557022189496
25950,GOF,0.050092764617122566,0.8075508371908287,0.14235639819204882
25951,GOF,0.012102937227354546,0.6627045569872497,0.32519250578539577
25952,GOF,0.07974516374663003,0.5549987079673255,0.36525612828604437
25953,LOF,0.005870252767993508,0.47206863426895285,0.5220611129630536
25954,GOF,0.023453852340551848,0.5636531410739688,0.4128930065854794
25955,GOF,0.00437716421472986,0.5375650568709979,0.4580577789142723
25956,LOF,0.00990877347207225,0.4063664929023804,0.5837247336255474
25957,LOF,0.2625237551655032,0.04483893027410469,0.6926373145603921
25958,LOF,0.026060433102051146,0.16208081836261812,0.8118587485353308
25959,GOF,0.006218135967341332,0.6758755248943641,0.3179063391382945
25960,LOF,0.004742084205401006,0.1861612930123725,0.8090966227822266
25961,LOF,0.02425457092492026,0.13157063114734574,0.844174797927734
25962,LOF,0.04297799872997893,0.09212996655802673,0.8648920347119943
25963,LOF,0.01068575576702828,0.18707774830945162,0.8022364959235201
25964,LOF,0.049082833267500174,0.16001005333712154,0.7909071133953783
25965,LOF,0.16021421990565296,0.1874112116138589,0.6523745684804881
25966,LOF,0.2647150256066355,0.3618183361659566,0.3734666382274079
25967,LOF,0.007362838623520186,0.0779786378989059,0.9146585234775739
25968,LOF,0.08021940152443469,0.2455688587971568,0.6742117396784084
25969,LOF,0.14346921000004112,0.04154711901898212,0.8149836709809768
25970,LOF,0.020577251742576907,0.22977702187707386,0.7496457263803493
25971,LOF,0.07760830738967232,0.10965288461881471,0.812738807991513
25972,LOF,0.07385829622223437,0.1555629844735869,0.7705787193041788
25973,LOF,0.09603195933107456,0.006924068130252233,0.8970439725386732
25974,LOF,0.13321696776676836,0.05070835187675314,0.8160746803564785
25975,LOF,0.04174789127596996,0.010115124813820965,0.9481369839102091
25976,LOF,0.0999890233815095,0.006513053594223858,0.8934979230242667
25977,LOF,0.18539546194159304,0.10930173010845495,0.7053028079499519
25978,LOF,0.12364087212245671,0.12835089483953863,0.7480082330380047
25979,LOF,0.09770063375427969,0.13138057187485008,0.7709187943708703
25980,LOF,0.14253091574825422,0.33758259237828403,0.5198864918734617
25981,LOF,0.14402356585418077,0.3559211372374961,0.5000552969083232
25982,LOF,0.2491582556120299,0.14898092593093348,0.6018608184570367
25983,Neutral,0.488243734352913,0.12969206793846688,0.3820641977086202
25984,LOF,0.035120875744819834,0.1258152595668689,0.8390638646883113
25985,Neutral,0.4779678836875846,0.23926656612113445,0.282765550191281
25986,GOF,0.009136212576919793,0.5948479983412598,0.39601578908182056
25987,LOF,0.015540729370336757,0.1544732668640206,0.8299860037656427
25988,LOF,0.03224423043698079,0.2062908428164537,0.7614649267465656
25989,LOF,0.036042573847001526,0.16484167167630187,0.7991157544766966
25990,LOF,0.040907670359982766,0.25984644268268964,0.6992458869573275
25991,GOF,0.030824491867636812,0.6707490562970728,0.2984264518352903
25992,LOF,0.01038937234428418,0.4370383991620193,0.5525722284936966
25993,LOF,0.028897305562644842,0.08141919387889306,0.889683500558462
25994,LOF,0.030751423328230682,0.11109381067623747,0.8581547659955318
25995,LOF,0.018573956994296363,0.17796969536305823,0.8034563476426454
25996,GOF,0.24111322487973313,0.5917949120012408,0.16709186311902607
25997,GOF,0.05700479865775473,0.6927781911717122,0.25021701017053316
25998,LOF,0.28717508987752133,0.04280441563624909,0.6700204944862296
25999,LOF,0.026165247511020565,0.46131699670327775,0.5125177557857017
26000,LOF,0.11602073251031865,0.01852440047173671,0.8654548670179447
26001,LOF,0.13092860920175328,0.031210574223031324,0.8378608165752154
26002,LOF,0.07869318838601916,0.018255910237989822,0.9030509013759911
26003,LOF,0.00849715270119222,0.4952122869098646,0.4962905603889432
26004,GOF,0.019751822219407803,0.5366228066848665,0.44362537109572564
26005,LOF,0.006396912073385262,0.4794314887867621,0.5141715991398527
26006,GOF,0.150758850459143,0.4639293947089389,0.385311754831918
26007,GOF,0.012048149702676985,0.5028706532329814,0.48508119706434166
26008,LOF,0.007814617690272418,0.46009941886562405,0.5320859634441034
26009,GOF,0.01623882155579735,0.5514198958360103,0.4323412826081924
26010,GOF,0.010258645860064338,0.5509281169445795,0.4388132371953561
26011,LOF,0.008171744109849452,0.3696332119737282,0.6221950439164223
26012,LOF,0.007984036670141133,0.38012079192476184,0.6118951714050971
26013,LOF,0.012836957132407541,0.4621880750067971,0.5249749678607953
26014,LOF,0.06958707228762069,0.06564553304408091,0.8647673946682983
26015,LOF,0.4154666487153468,0.04985128397858205,0.5346820673060712
26016,LOF,0.23787661592791218,0.1393924464685386,0.6227309376035493
26017,LOF,0.01627075485356933,0.43725701284314006,0.5464722323032906
26018,LOF,0.02021288108079875,0.1717832479601649,0.8080038709590364
26019,LOF,0.020494890776537707,0.13438529353817757,0.8451198156852847
26020,LOF,0.00671005192524967,0.3212128812550686,0.6720770668196818
26021,LOF,0.08282839068484062,0.21707878094147123,0.7000928283736881
26022,LOF,0.04994081260633402,0.05610092079635813,0.8939582665973078
26023,LOF,0.03452684316385161,0.10807860525395618,0.8573945515821921
26024,LOF,0.04681831326585712,0.14939405051556542,0.8037876362185774
26025,LOF,0.10540686030714226,0.21798451511261385,0.676608624580244
26026,LOF,0.10159353019312241,0.17321563725231134,0.7251908325545663
26027,LOF,0.03276194773722143,0.07397936424259006,0.8932586880201885
26028,LOF,0.055366636046720895,0.2132429154314656,0.7313904485218137
26029,LOF,0.04262263847545694,0.0807464910678047,0.8766308704567383
26030,LOF,0.17833187362634,0.010012174266216731,0.8116559521074432
26031,LOF,0.024424348690250036,0.086393928707373,0.889181722602377
26032,LOF,0.03106943154010652,0.02138756505685873,0.9475430034030348
26033,LOF,0.05267965704842136,0.0367126856392981,0.9106076573122804
26034,LOF,0.03249327982963701,0.05880903754231311,0.9086976826280498
26035,LOF,0.017210968109145866,0.07219377456645822,0.910595257324396
26036,LOF,0.016199520196638874,0.060821558523762836,0.9229789212795982
26037,LOF,0.015741001679054307,0.057276326196030146,0.9269826721249155
26038,LOF,0.025215976908296574,0.022041057020225376,0.952742966071478
26039,LOF,0.0398442960129185,0.0769847077462217,0.8831709962408599
26040,LOF,0.07024301356098639,0.12432283312194806,0.8054341533170656
26041,LOF,0.018372728373408066,0.07342253136823482,0.9082047402583571
26042,LOF,0.017388500381686458,0.07462360740260873,0.9079878922157048
26043,LOF,0.024998034618008286,0.04479175201535408,0.9302102133666377
26044,LOF,0.009676789845456342,0.0462250752519328,0.944098134902611
26045,LOF,0.10158288116005201,0.12914767563806395,0.769269443201884
26046,LOF,0.02339874856684167,0.054929376579589455,0.9216718748535688
26047,LOF,0.06556943417924672,0.04060531372679825,0.893825252093955
26048,LOF,0.07462206816029895,0.032335467687596514,0.8930424641521044
26049,Neutral,0.9095105184747193,0.006206518352029595,0.0842829631732509
26050,Neutral,0.8303175200734718,0.007550113649678216,0.16213236627684988
26051,LOF,0.030042158177521483,0.4587070933903535,0.511250748432125
26052,LOF,0.027893954659251888,0.3630336653020418,0.6090723800387062
26053,LOF,0.037819469196789336,0.05553511572717162,0.9066454150760391
26054,LOF,0.08100345842682859,0.09088733768896844,0.828109203884203
26055,LOF,0.14326329377946362,0.09280720451850012,0.7639295017020363
26056,LOF,0.12938931928488617,0.1034545418223924,0.7671561388927215
26057,LOF,0.05031722652859643,0.02557157953527643,0.9241111939361271
26058,LOF,0.059036710499180106,0.01943918704751664,0.9215241024533033
26059,Neutral,0.5042341214864531,0.08991844444009138,0.4058474340734555
26060,LOF,0.015070113356131067,0.3172007988160089,0.6677290878278601
26061,LOF,0.011945120937394887,0.014865380528089682,0.9731894985345155
26062,LOF,0.005807772184575065,0.038864308440299165,0.9553279193751257
26063,LOF,0.049073891099888294,0.022721323938682585,0.9282047849614292
26064,LOF,0.009050145843921104,0.02141348297147532,0.9695363711846037
26065,LOF,0.044002289717009105,0.03346744200140501,0.9225302682815858
26066,LOF,0.04524960722224683,0.021005531666216323,0.9337448611115369
26067,LOF,0.0556080530353605,0.022949159418992438,0.921442787545647
26068,LOF,0.08276409253877466,0.05064028327007483,0.8665956241911505
26069,LOF,0.09943608851452869,0.04605457264548622,0.8545093388399851
26070,LOF,0.2792161678132041,0.02869222255689485,0.692091609629901
26071,LOF,0.04531772176946541,0.024060045067788166,0.9306222331627464
26072,LOF,0.008899805093744478,0.022513041927690516,0.968587152978565
26073,LOF,0.04629811300117767,0.018187485576274722,0.9355144014225476
26074,Neutral,0.7228718219040126,0.019861625828651953,0.2572665522673356
26075,LOF,0.059109811433637735,0.04431629731244499,0.8965738912539173
26076,LOF,0.05622592840929849,0.04531495409377611,0.8984591174969254
26077,LOF,0.16259259329925455,0.031352102637640884,0.8060553040631047
26078,LOF,0.007323902272686174,0.030179508013269206,0.9624965897140445
26079,LOF,0.0907398925589706,0.035413577578320865,0.8738465298627085
26080,LOF,0.08959261221315848,0.03531130677035031,0.8750960810164913
26081,LOF,0.05289571197854464,0.022993234594849445,0.9241110534266058
26082,LOF,0.007541104875001591,0.038863161980096324,0.953595733144902
26083,LOF,0.04514980331418347,0.06421552178512285,0.8906346749006937
26084,LOF,0.05256477955852364,0.03359762638557338,0.913837594055903
26085,LOF,0.04688448707213839,0.028563402430088737,0.9245521104977728
26086,LOF,0.03716776408799598,0.03223555961880335,0.9305966762932008
26087,LOF,0.04722808217236932,0.029718903155132977,0.9230530146724978
26088,LOF,0.0082086982194512,0.06907720364771908,0.9227140981328298
26089,LOF,0.04628151053020473,0.11166200489363214,0.8420564845761631
26090,LOF,0.04960772002112526,0.08570035856842416,0.8646919214104506
26091,LOF,0.05077750962019968,0.02986488540524017,0.9193576049745601
26092,LOF,0.053952254869306014,0.021267775272198725,0.9247799698584952
26093,LOF,0.07952435963406676,0.014180222717734527,0.9062954176481987
26094,LOF,0.045948194493430995,0.02025533846155233,0.9337964670450166
26095,LOF,0.011446262482867032,0.03763581963285525,0.9509179178842777
26096,LOF,0.3076226401667017,0.006262173522497479,0.6861151863108009
26097,LOF,0.00782769703296518,0.05195174158491878,0.9402205613821161
26098,LOF,0.09098261358648517,0.03408510827640156,0.8749322781371133
26099,LOF,0.04705902738972988,0.09453408141428428,0.8584068911959859
26100,LOF,0.04705902738972988,0.09453408141428428,0.8584068911959859
26101,LOF,0.03574974301124166,0.08517554421792295,0.8790747127708354
26102,LOF,0.04214394770758918,0.034290512545707405,0.9235655397467034
26103,Neutral,0.838926745145838,0.049501036300647734,0.11157221855351421
26104,LOF,0.08278301585961129,0.10577550941040648,0.8114414747299823
26105,LOF,0.25399308642135193,0.23963599111199368,0.5063709224666544
26106,LOF,0.2960209020716982,0.23028581859612476,0.4736932793321771
26107,LOF,0.009853149611846487,0.14236544194531384,0.8477814084428397
26108,LOF,0.12580478965968847,0.20689775719314607,0.6672974531471654
26109,LOF,0.04173158988887304,0.03176509189178945,0.9265033182193375
26110,Neutral,0.5587381078768541,0.03886141770764483,0.4024004744155012
26111,LOF,0.06629374693535063,0.2526618328771099,0.6810444201875394
26112,LOF,0.06653387479776345,0.03778766380863029,0.8956784613936062
26113,LOF,0.06063213084291847,0.0709353601687725,0.8684325089883089
26114,LOF,0.09374026251950555,0.02581751043225185,0.8804422270482427
26115,LOF,0.01451028812086657,0.18633283120626978,0.7991568806728636
26116,LOF,0.05207559201636595,0.054524840831251024,0.893399567152383
26117,LOF,0.24141007750056023,0.08713194163674298,0.6714579808626968
26118,LOF,0.04268927763614165,0.02591897179936708,0.9313917505644912
26119,LOF,0.00553093804793763,0.10995194740005577,0.8845171145520065
26120,LOF,0.0406037620441216,0.026692717495243053,0.9327035204606354
26121,LOF,0.004503393849050831,0.12648007859439236,0.8690165275565568
