feature0,prediction,LoGoFunc_Neutral,LoGoFunc_GOF,LoGoFunc_LOF
25546,Neutral,0.6512030049273658,0.06865047668758593,0.2801465183850483
25547,Neutral,0.5483329536212683,0.1281779769806744,0.32348906939805716
25548,Neutral,0.5168796023893978,0.09255982644754951,0.39056057116305265
25549,Neutral,0.48307291924346324,0.09167796195012996,0.42524911880640687
25550,LOF,0.3803671527601633,0.15626299651269795,0.4633698507271387
25551,LOF,0.32236766442910925,0.1495188869209965,0.5281134486498943
25552,LOF,0.1861701111800903,0.15866329466882512,0.6551665941510846
25553,Neutral,0.8146558131871369,0.04414833103756709,0.14119585577529603
25554,LOF,0.22357328205616056,0.15545932559560907,0.6209673923482304
25555,LOF,0.18279683962686816,0.14303101550410702,0.6741721448690248
25556,Neutral,0.5171292642940787,0.10967652954414546,0.37319420616177584
25557,LOF,0.17830930142761872,0.14925251767095787,0.6724381809014235
25558,LOF,0.22540398194599978,0.1691688517892944,0.6054271662647058
25559,LOF,0.4809287581753741,0.021365623575446552,0.49770561824917925
25560,LOF,0.037048925692275976,0.23057208622635897,0.7323789880813649
25561,LOF,0.09254606290675556,0.2683032619475329,0.6391506751457114
25562,LOF,0.11706735814891804,0.08976701765319162,0.7931656241978904
25563,LOF,0.11512682348548677,0.09777892149905798,0.7870942550154553
25564,LOF,0.07781419311259233,0.1304622627187737,0.7917235441686339
25565,LOF,0.135653195671982,0.2511085195761832,0.6132382847518348
25566,GOF,0.017307668530590514,0.6899365461224718,0.2927557853469378
25567,LOF,0.010594681454105165,0.21100927799001976,0.7783960405558751
25568,LOF,0.044129027798052375,0.09436954870697375,0.8615014234949739
25569,LOF,0.059023797583491175,0.09333498483043276,0.8476412175860761
25570,LOF,0.05844086941430421,0.1433217943112276,0.7982373362744682
25571,LOF,0.06690455030469998,0.14148693415884958,0.7916085155364504
25572,LOF,0.060793866824204325,0.14796085061428077,0.791245282561515
25573,LOF,0.030628070275006088,0.10859453093751445,0.8607773987874794
25574,LOF,0.015095041333967702,0.2512836466033689,0.7336213120626635
25575,LOF,0.05741753675359635,0.12754321915337996,0.8150392440930238
25576,LOF,0.018695802943303103,0.1416257358703946,0.8396784611863023
25577,LOF,0.013427478269324418,0.14245473231568326,0.8441177894149923
25578,LOF,0.2542866956226507,0.11069299381638574,0.6350203105609635
25579,LOF,0.25605439584595446,0.10939588444417815,0.6345497197098674
25580,LOF,0.034647851308863664,0.12484899790334957,0.8405031507877868
25581,LOF,0.04653189601383822,0.1013951674794285,0.8520729365067332
25582,LOF,0.04619051212181409,0.09495641853813554,0.8588530693400503
25583,LOF,0.03394507267614787,0.13048394036908326,0.835570986954769
25584,Neutral,0.48739841798191835,0.12107926469840441,0.3915223173196773
25585,LOF,0.022838540139490562,0.12429188332665789,0.8528695765338514
25586,LOF,0.03435218732384448,0.1031201036310515,0.862527709045104
25587,LOF,0.028836794458134984,0.09589018263673674,0.8752730229051283
25588,LOF,0.026799980127164873,0.12627802813971317,0.846921991733122
25589,Neutral,0.5847281130033828,0.16239662831332935,0.25287525868328786
25590,LOF,0.023532681692913317,0.1730155020479676,0.8034518162591191
25591,LOF,0.10879200350066133,0.0685193456446735,0.8226886508546651
25592,LOF,0.08253081321934624,0.1852077671036603,0.7322614196769934
25593,GOF,0.01053469967220546,0.575309242243749,0.41415605808404543
25594,LOF,0.034273630044549884,0.11021458160227023,0.8555117883531799
25595,LOF,0.0600681162694833,0.07899474214336694,0.8609371415871497
25596,LOF,0.08763665563497908,0.051626200441930045,0.8607371439230909
25597,LOF,0.07027105956166048,0.01706495669944161,0.912663983738898
25598,LOF,0.04956925801192296,0.10056838525797329,0.8498623567301038
25599,LOF,0.007831927660977164,0.4734713703606849,0.518696701978338
25600,LOF,0.010188128681417045,0.3943284093303524,0.5954834619882305
25601,LOF,0.008242169982881345,0.22979124923464672,0.7619665807824719
25602,LOF,0.01917681902990707,0.04801324912581842,0.9328099318442744
25603,LOF,0.04443338305744947,0.04852192434697295,0.9070446925955775
25604,LOF,0.03914888317279928,0.07100690225687575,0.8898442145703249
25605,LOF,0.011635470487684476,0.23094463277409363,0.7574198967382219
25606,GOF,0.04925877218020279,0.5786428247094481,0.3720984031103491
25607,LOF,0.0033502098795500004,0.12609701722901578,0.8705527728914343
25608,LOF,0.05813360862398441,0.04340526548757052,0.8984611258884451
25609,LOF,0.06850211284990167,0.2946590530666701,0.6368388340834282
25610,LOF,0.04200344757125892,0.019871774208804392,0.9381247782199366
25611,LOF,0.05707705133635345,0.012785553182688736,0.9301373954809579
25612,LOF,0.11137850757348598,0.03362364170063732,0.8549978507258766
25613,LOF,0.09251109478089647,0.027259702481836134,0.8802292027372673
25614,LOF,0.04223527718500799,0.02796047130219182,0.9298042515128003
25615,LOF,0.0843618223350331,0.03540733683773455,0.8802308408272324
25616,LOF,0.035314831025650084,0.035660176175593125,0.9290249927987568
25617,LOF,0.0508466738123652,0.023445722869523438,0.9257076033181114
25618,LOF,0.24408247504046932,0.02991072695853034,0.7260067980010003
25619,LOF,0.041116986048717656,0.031346189929538644,0.9275368240217438
25620,LOF,0.036706413166201816,0.04311485306190856,0.9201787337718895
25621,LOF,0.04480198456363661,0.02834887675998006,0.9268491386763832
25622,LOF,0.03228579703799316,0.04940360808502429,0.9183105948769824
25623,LOF,0.05283999135657169,0.03930139939034915,0.9078586092530792
25624,LOF,0.0363221700851407,0.03496786022007394,0.9287099696947854
25625,LOF,0.045267036904647055,0.04312059477819565,0.9116123683171573
25626,LOF,0.07671786300473586,0.025308741923676492,0.8979733950715876
25627,Neutral,0.5484214874818728,0.1450758594755409,0.3065026530425862
25628,LOF,0.1916549539013099,0.07406724981562401,0.7342777962830661
25629,LOF,0.057133432291756964,0.11028058412615119,0.8325859835820918
25630,LOF,0.18922410681912374,0.0945826431520788,0.7161932500287975
25631,Neutral,0.6078420472585524,0.089483247084817,0.3026747056566306
25632,LOF,0.017242293978871115,0.16436930714970552,0.8183883988714233
25633,LOF,0.2145366537415074,0.22259891555575415,0.5628644307027385
25634,LOF,0.034250589339670644,0.21042912037136366,0.7553202902889656
25635,LOF,0.033038704919916846,0.17548503269711335,0.7914762623829699
25636,GOF,0.004466110198951738,0.5649823629321403,0.43055152686890796
25637,LOF,0.0035662434622262314,0.4127706167987907,0.5836631397389831
25638,LOF,0.0044568024054134235,0.40116217574655616,0.5943810218480304
25639,LOF,0.00386017046582844,0.3225440874308001,0.6735957421033714
25640,GOF,0.3137647649457104,0.6331998408998801,0.053035394154409395
25641,LOF,0.006467915368454077,0.22278851958620008,0.7707435650453458
25642,LOF,0.22895440903628822,0.06750443225694325,0.7035411587067686
25643,LOF,0.23298335491128042,0.08574579285584895,0.6812708522328706
25644,GOF,0.015231172791468956,0.556002441280281,0.42876638592825
25645,GOF,0.011105285909948179,0.5986535900164589,0.3902411240735929
25646,LOF,0.012115065623649604,0.3719009442124552,0.6159839901638953
25647,LOF,0.010459244552454956,0.28388726292974215,0.7056534925178028
25648,LOF,0.007399626409267128,0.33754466769343494,0.655055705897298
25649,LOF,0.008576616050845183,0.19241671368073218,0.7990066702684225
25650,GOF,0.02990314870285794,0.5070946850227963,0.46300216627434587
25651,LOF,0.0072952636923293126,0.2162253000285587,0.7764794362791119
25652,LOF,0.013894601321783613,0.324832731315655,0.6612726673625614
25653,GOF,0.05732762285545396,0.496538389945269,0.44613398719927705
25654,LOF,0.008710926967726343,0.35691445939911004,0.6343746136331637
25655,GOF,0.12837538399605797,0.4819568734327689,0.38966774257117315
25656,LOF,0.07781376482051393,0.0728403708548981,0.849345864324588
25657,LOF,0.2699881212247004,0.03161737780902155,0.6983945009662781
25658,LOF,0.029696571035322264,0.12845533247921878,0.841848096485459
25659,LOF,0.23269983759634674,0.09829159379327103,0.6690085686103822
25660,LOF,0.10655795129508154,0.06964340010617234,0.8237986485987462
25661,LOF,0.06180227643534333,0.06552582303556198,0.8726719005290947
25662,LOF,0.04097260235209802,0.06032331547079775,0.8987040821771042
25663,LOF,0.04347004209589692,0.0966706487639408,0.8598593091401622
25664,LOF,0.028658827093561635,0.2147190976889014,0.7566220752175369
25665,LOF,0.04398771674782953,0.05033046182436929,0.9056818214278012
25666,LOF,0.04147976986983503,0.21434444291041987,0.7441757872197451
25667,LOF,0.04202443369571886,0.04051820138646055,0.9174573649178207
25668,LOF,0.048169630053208436,0.05558972605551287,0.8962406438912787
25669,LOF,0.03765196268987704,0.07864868119480793,0.883699356115315
25670,LOF,0.07254443154382596,0.1151606770477186,0.8122948914084553
25671,LOF,0.05515267587217915,0.046348877879027375,0.8984984462487935
25672,LOF,0.049838421291258726,0.05695157866277879,0.8932100000459624
25673,LOF,0.037334408077682076,0.0920773496484133,0.8705882422739046
25674,LOF,0.027532633663706126,0.10984919155464365,0.8626181747816503
25675,LOF,0.03465678070298155,0.06764325393817829,0.8976999653588401
25676,LOF,0.0393665200001287,0.05976969235706979,0.9008637876428015
25677,LOF,0.07106794144831832,0.054015725068689534,0.874916333482992
25678,LOF,0.17688897716875154,0.05113836454067401,0.7719726582905744
25679,LOF,0.10439167238128176,0.07177248896878566,0.8238358386499326
25680,LOF,0.1005213727276685,0.08456688162450021,0.8149117456478313
25681,LOF,0.10594505177415434,0.08164311737488178,0.8124118308509639
25682,LOF,0.04405608078081278,0.047120022251978685,0.9088238969672084
25683,LOF,0.07665557664770586,0.08131232037659529,0.842032102975699
25684,LOF,0.05456468398481222,0.05705469443651461,0.8883806215786731
25685,LOF,0.11604286824163038,0.0515683764672491,0.8323887552911204
25686,LOF,0.028474809015196362,0.097939315518995,0.8735858754658086
25687,LOF,0.04533446012696288,0.1165808488515737,0.8380846910214634
25688,LOF,0.02160725348906216,0.12636559602405562,0.8520271504868823
25689,LOF,0.013280805578545066,0.0695025717108865,0.9172166227105685
25690,LOF,0.017171445724793753,0.06595815806744665,0.9168703962077596
25691,LOF,0.14343626674136425,0.09705356814638982,0.7595101651122459
25692,LOF,0.30933241020557384,0.013035971466168061,0.6776316183282581
25693,LOF,0.030315935959878543,0.484081756548954,0.4856023074911674
25694,LOF,0.2459970313883862,0.011901788069168043,0.7421011805424458
25695,LOF,0.17390507619598075,0.018542199050829402,0.8075527247531898
25696,LOF,0.07511415466108855,0.01880332698244801,0.9060825183564635
25697,LOF,0.06933709196330855,0.014846627180275816,0.9158162808564158
25698,LOF,0.01585194259698612,0.2527672921566299,0.731380765246384
25699,LOF,0.0721908244971557,0.330334819400695,0.5974743561021493
25700,LOF,0.04692299975875697,0.026441092663197188,0.9266359075780458
25701,LOF,0.010654632459200572,0.2640707752767155,0.725274592264084
25702,GOF,0.034134473974406464,0.6174829999821749,0.3483825260434186
25703,LOF,0.015566570638424924,0.06772468391337778,0.9167087454481972
25704,LOF,0.06414597197937906,0.04303778796976278,0.8928162400508582
25705,LOF,0.07842830275616423,0.16355387189945775,0.758017825344378
25706,GOF,0.02044861836328069,0.6366710764906581,0.34288030514606116
25707,GOF,0.02593949083636785,0.5666746306589266,0.4073858785047055
25708,GOF,0.007453103174985864,0.5410987674146007,0.45144812941041335
25709,LOF,0.040145865893965904,0.06991004391021138,0.8899440901958228
25710,LOF,0.007864046566487617,0.1302438369960168,0.8618921164374955
25711,LOF,0.04146611321961192,0.10677543729840744,0.8517584494819807
25712,LOF,0.010546371674785261,0.18818323369311535,0.8012703946320994
25713,LOF,0.03321628619931976,0.10322308971149201,0.8635606240891883
25714,LOF,0.032093925770312726,0.16201499986188542,0.8058910743678019
25715,LOF,0.03749213433116336,0.11601397215243212,0.8464938935164045
25716,LOF,0.006176058250272162,0.11087793115588475,0.8829460105938431
25717,LOF,0.0063844212256461376,0.1148223221640474,0.8787932566103065
25718,LOF,0.03101759787614227,0.06895679574799864,0.900025606375859
25719,LOF,0.034727255422684046,0.11288482289764547,0.8523879216796705
25720,LOF,0.030096796152056213,0.12585852616135693,0.8440446776865869
25721,LOF,0.0357896916998786,0.1021963678579693,0.862013940442152
25722,LOF,0.026983440674167934,0.11959663916775977,0.8534199201580722
25723,LOF,0.04273864963049537,0.12071639762797175,0.836544952741533
25724,LOF,0.05445962204820664,0.2525021105210319,0.6930382674307614
25725,LOF,0.05119669146324517,0.09076715307067021,0.8580361554660846
25726,LOF,0.03211221133131767,0.10227553524695714,0.8656122534217253
25727,LOF,0.040797477240108605,0.08348646324533333,0.875716059514558
25728,LOF,0.03446652342027578,0.12290446487868262,0.8426290117010417
25729,LOF,0.03831130012842988,0.12094095169038584,0.8407477481811843
25730,LOF,0.04399995311336937,0.089361553346248,0.8666384935403826
25731,LOF,0.0082941967029635,0.09950032221280111,0.8922054810842355
25732,LOF,0.02598575750810715,0.05654620794519843,0.9174680345466943
25733,LOF,0.031703076264077625,0.07445848459949689,0.8938384391364255
25734,LOF,0.005846844263212235,0.2674777905869186,0.7266753651498693
25735,LOF,0.030122785759936675,0.07678681993096761,0.8930903943090956
25736,LOF,0.027636434754974896,0.1380239420874047,0.8343396231576204
25737,LOF,0.0517820569300578,0.09352346174576895,0.8546944813241732
25738,LOF,0.03683676422778156,0.16920882457840408,0.7939544111938144
25739,LOF,0.030159619094864323,0.1367983732666309,0.8330420076385049
25740,LOF,0.05330923687816528,0.132486173825649,0.8142045892961858
25741,LOF,0.051491196619280824,0.10691174380549573,0.8415970595752235
25742,LOF,0.054495365104668625,0.12716899016490563,0.8183356447304259
25743,LOF,0.012829595232829156,0.017510617242278613,0.9696597875248923
25744,LOF,0.2026271337411178,0.16414736388002896,0.6332255023788532
25745,LOF,0.031751815929027066,0.07336530460621501,0.894882879464758
25746,LOF,0.014305466956459728,0.10256467331802431,0.883129859725516
25747,LOF,0.05662617824646361,0.02505517865359328,0.9183186430999432
25748,LOF,0.32809804606164616,0.06613467311968822,0.6057672808186656
25749,LOF,0.01900686371038976,0.05632447253469563,0.9246686637549146
25750,LOF,0.019416378466467515,0.061410320424972624,0.9191733011085599
25751,LOF,0.04524250702969682,0.06771708952968196,0.8870404034406212
25752,GOF,0.09311286216886717,0.5825048354680724,0.3243823023630605
25753,LOF,0.006945737341922135,0.36043639135405053,0.6326178713040272
25754,GOF,0.008585505127338524,0.8648176232350233,0.1265968716376382
25755,LOF,0.0077785676396598365,0.39430733251647043,0.5979140998438697
25756,LOF,0.022221957104857706,0.42535621769546805,0.5524218251996743
25757,GOF,0.007928901873172427,0.8434360132351266,0.14863508489170094
25758,GOF,0.008331315768396987,0.8878138864413032,0.10385479779029975
25759,GOF,0.00683075760191679,0.6610905671995752,0.3320786751985079
25760,LOF,0.006406057599551289,0.27666707850795724,0.7169268638924915
25761,GOF,0.05273861655215501,0.8754336308297063,0.0718277526181388
25762,LOF,0.025184421769516588,0.35756111692701564,0.6172544613034677
25763,LOF,0.006377294739136404,0.30083663580820275,0.6927860694526607
25764,GOF,0.07110272500554714,0.6851159257878691,0.24378134920658384
25765,GOF,0.009489743903090691,0.9051659155726525,0.0853443405242569
25766,GOF,0.026407526282159463,0.8494024432523704,0.12419003046547025
25767,LOF,0.011657059767245036,0.48694517649494196,0.501397763737813
25768,LOF,0.060460189192598254,0.040297539061275,0.8992422717461267
25769,LOF,0.028441257118970244,0.10064468514131523,0.8709140577397145
25770,LOF,0.1289345259932431,0.19001435422334742,0.6810511197834094
25771,LOF,0.021595826654812005,0.0878753987841984,0.8905287745609897
25772,LOF,0.036878109080999234,0.0600810189129685,0.9030408720060323
25773,LOF,0.0152853583718582,0.11821874257059566,0.8664958990575462
25774,LOF,0.021854916164437153,0.27423746479472666,0.7039076190408362
25775,LOF,0.02032698455613562,0.04650927487346976,0.9331637405703948
25776,LOF,0.031315630719956924,0.04018051620580348,0.9285038530742395
25777,LOF,0.2531114185980559,0.19134467774658995,0.5555439036553541
25778,LOF,0.026715420537001457,0.09560312969587377,0.8776814497671248
25779,GOF,0.060884719356397436,0.8358182521520605,0.10329702849154207
25780,GOF,0.07171409082070813,0.833935500799217,0.09435040838007498
25781,GOF,0.03386230369688594,0.8249419974786927,0.14119569882442137
25782,GOF,0.03257507406631569,0.8681901167658297,0.09923480916785467
25783,GOF,0.05285816925591371,0.8796668471891926,0.06747498355489373
25784,GOF,0.09824551684230769,0.8337087100066142,0.06804577315107817
25785,GOF,0.1574119420944596,0.7880110843122332,0.05457697359330701
25786,GOF,0.012948144790054218,0.7261247729277276,0.2609270822822181
25787,GOF,0.3283925728362494,0.600689408818594,0.07091801834515661
25788,LOF,0.023901992053686157,0.12238604092829934,0.8537119670180146
25789,GOF,0.019997467577293985,0.8292711775177174,0.1507313549049887
25790,GOF,0.0287595071804924,0.8142592369207872,0.1569812558987205
25791,GOF,0.028441513938702548,0.6261267072039888,0.3454317788573086
25792,GOF,0.03544921545300139,0.6993926593982175,0.2651581251487812
25793,GOF,0.061184148433877414,0.7489962169854121,0.18981963458071044
25794,GOF,0.053629934412016814,0.6380012565564855,0.3083688090314976
25795,GOF,0.05803949247493936,0.6600507666355123,0.28190974088954834
25796,GOF,0.15895340634494598,0.6864961638197202,0.1545504298353338
25797,GOF,0.07477777073818259,0.6528926501769726,0.27232957908484484
25798,GOF,0.007437673331091307,0.785187321950812,0.20737500471809686
25799,GOF,0.005032516181989984,0.7015779143582377,0.29338956945977235
25800,GOF,0.023637115413779428,0.8391920856972636,0.13717079888895714
25801,GOF,0.026226766064419586,0.824836971393614,0.14893626254196646
25802,GOF,0.026201126211321785,0.7505863027017645,0.22321257108691356
25803,GOF,0.02374482238646318,0.6848553521328076,0.2913998254807292
25804,GOF,0.037569039025977496,0.6922850145557848,0.2701459464182377
25805,GOF,0.02788175776465903,0.749796316038432,0.22232192619690913
25806,GOF,0.03725388127922758,0.7631947552470699,0.19955136347370256
25807,GOF,0.015272206766675466,0.6648500034358897,0.3198777897974349
25808,GOF,0.029796634017628398,0.7542828112451069,0.21592055473726468
25809,GOF,0.013763269601832077,0.6754683910145274,0.31076833938364046
25810,GOF,0.012555277802616595,0.6737997391316903,0.3136449830656929
25811,GOF,0.07985474197677066,0.8276344530625055,0.09251080496072389
25812,GOF,0.04064157738282106,0.7323870591436535,0.22697136347352537
25813,GOF,0.21043177050263728,0.6696547670700801,0.11991346242728262
25814,GOF,0.037809960298310435,0.7343270533804046,0.22786298632128482
25815,GOF,0.060490793835927,0.8016984505059024,0.1378107556581707
25816,GOF,0.009685049292693645,0.8343568572470296,0.15595809346027684
25817,GOF,0.11625973876053726,0.7324833524023097,0.1512569088371532
25818,GOF,0.03041513018660988,0.7721426457188779,0.19744222409451212
25819,GOF,0.05634529457743001,0.6949345265719694,0.24872017885060055
25820,GOF,0.053182853080063104,0.629539266187964,0.31727788073197305
25821,GOF,0.03601465773988798,0.6852044832697046,0.27878085899040744
25822,GOF,0.07243481572045428,0.6694568752447347,0.258108309034811
25823,GOF,0.03565802744367945,0.6844242601929655,0.2799177123633551
25824,GOF,0.025796711982466858,0.7480238159539894,0.22617947206354383
25825,GOF,0.01913257530316043,0.742157336151914,0.23871008854492562
25826,GOF,0.00940729343735731,0.6633787057724936,0.3272140007901491
25827,GOF,0.0179297758105627,0.6948285900421461,0.2872416341472912
25828,GOF,0.010567392137868642,0.7035820919352804,0.28585051592685096
25829,GOF,0.00458742280332044,0.5652278837338799,0.4301846934627996
25830,LOF,0.06562816493673478,0.4376410426585727,0.4967307924046926
25831,GOF,0.07476015539393627,0.7818189966358426,0.143420847970221
25832,GOF,0.009352493880426669,0.7213980730625877,0.2692494330569856
25833,GOF,0.03005285795693695,0.8055070554482727,0.16444008659479042
25834,GOF,0.009643373237094523,0.7503233363191971,0.2400332904437083
25835,GOF,0.027944520647939848,0.8356678973310371,0.13638758202102325
25836,GOF,0.00832842172462972,0.7648997764863602,0.22677180178901027
25837,GOF,0.010488415106023469,0.7547957995181338,0.2347157853758427
25838,GOF,0.022290416606269327,0.8181558845717437,0.15955369882198706
25839,GOF,0.06213726429084172,0.775836289037951,0.16202644667120708
25840,GOF,0.09206362931587866,0.7404972820498703,0.167439088634251
25841,GOF,0.07718055976639733,0.7964195967369471,0.1263998434966557
25842,GOF,0.027078465065378025,0.8622436113773805,0.11067792355724128
25843,GOF,0.025798192316357348,0.8667399922279082,0.10746181545573448
25844,GOF,0.022325762399473727,0.8145443931865408,0.16312984441398545
25845,GOF,0.007568833659310311,0.7095678725334461,0.28286329380724373
25846,GOF,0.0674141557469606,0.8448047662931623,0.08778107795987705
25847,GOF,0.01761219115657129,0.8369545895462548,0.14543321929717398
25848,GOF,0.02134112256184632,0.7974932375342894,0.18116563990386425
25849,GOF,0.00737402752500083,0.7622558759267136,0.2303700965482854
25850,GOF,0.008114070208011758,0.6633288235120562,0.3285571062799319
25851,GOF,0.007228859969714476,0.6023719183673624,0.3903992216629231
25852,GOF,0.1572198614208722,0.4745188058250022,0.3682613327541256
25853,GOF,0.06981466152259043,0.7572319056951152,0.17295343278229452
25854,GOF,0.00716267262104051,0.689630911381275,0.3032064159976844
25855,GOF,0.02399655194533435,0.5814105284320142,0.3945929196226515
25856,GOF,0.04856528933405452,0.7169468803888016,0.23448783027714382
25857,GOF,0.02307514869490876,0.5685933596888083,0.4083314916162829
25858,GOF,0.008301172495345418,0.5657839162606644,0.42591491124399017
25859,GOF,0.005971761646627685,0.5418372117665698,0.45219102658680244
25860,GOF,0.07796052934057623,0.6688799984693552,0.2531594721900686
25861,GOF,0.10069404275576782,0.7849537895376002,0.11435216770663209
25862,GOF,0.023273893076209543,0.880634793892311,0.09609131303147946
25863,GOF,0.020656371996374344,0.8496621373905734,0.12968149061305229
25864,GOF,0.030845538054281096,0.8722487216984736,0.0969057402472452
25865,GOF,0.03881218658372998,0.8590215832333368,0.10216623018293328
25866,GOF,0.02119509863212003,0.8526468105872239,0.126158090780656
25867,GOF,0.03896440248828261,0.8564248808237758,0.10461071668794171
25868,GOF,0.0743841121454677,0.76104236935649,0.1645735184980423
25869,GOF,0.327292874081296,0.5420242322497751,0.13068289366892882
25870,GOF,0.0702521723214096,0.46644141673840084,0.46330641094018965
25871,GOF,0.010117406103280336,0.6998189082871649,0.29006368560955476
25872,GOF,0.024407950779015964,0.7089761175805894,0.26661593164039465
25873,GOF,0.021498553489604277,0.7770102185200473,0.20149122799034844
25874,LOF,0.0315660777506113,0.1230126261487343,0.8454212961006545
25875,LOF,0.022989518267333142,0.1591346484257275,0.8178758333069394
25876,LOF,0.023302424366089706,0.06464651059438768,0.9120510650395226
25877,LOF,0.07910069924065863,0.26129725242656376,0.6596020483327777
25878,LOF,0.055405974079231146,0.31547399308804613,0.6291200328327227
25879,LOF,0.010139544494023336,0.20391700763593162,0.785943447870045
25880,LOF,0.04628146286391557,0.02186222419201137,0.9318563129440731
25881,Neutral,0.45640106738191505,0.38064267006859503,0.16295626254948986
25882,LOF,0.039619583449898556,0.12148230793695221,0.8388981086131492
25883,LOF,0.029273533016911536,0.10840257855004658,0.8623238884330418
25884,LOF,0.012786758202967501,0.15395183179620903,0.8332614100008234
25885,LOF,0.1313969266538051,0.04540528217122934,0.8231977911749656
25886,LOF,0.23090389382074442,0.27129168952097854,0.49780441665827707
25887,GOF,0.0386868625425088,0.5476489878604955,0.4136641495969957
25888,LOF,0.0048930287200911315,0.432685841738811,0.5624211295410979
25889,LOF,0.021230412472868165,0.12000963648901138,0.8587599510381204
25890,LOF,0.19282656953399518,0.2792923578756682,0.5278810725903366
25891,LOF,0.0947260819345761,0.10946245733455771,0.7958114607308662
25892,LOF,0.006645332275999852,0.034998247056806715,0.9583564206671935
25893,LOF,0.25065144436533165,0.013167265770628208,0.7361812898640402
25894,LOF,0.3088975353521111,0.009097836268720886,0.6820046283791681
25895,LOF,0.26835999838295066,0.017202508788681403,0.714437492828368
25896,LOF,0.06670253894586846,0.04761520878846904,0.8856822522656626
25897,LOF,0.09774517877907633,0.016709658340763447,0.8855451628801602
25898,LOF,0.0912714957446179,0.045805055448005325,0.8629234488073767
25899,LOF,0.37505445871860726,0.044993384006207726,0.5799521572751849
25900,Neutral,0.763188944595709,0.01228028083847188,0.22453077456581902
25901,LOF,0.061632167442741394,0.012328396783202529,0.926039435774056
25902,LOF,0.07977519771517443,0.008944572654932906,0.9112802296298927
25903,LOF,0.14126759467154637,0.03702822004913127,0.8217041852793224
25904,Neutral,0.44869133616464296,0.10902068603007657,0.4422879778052806
25905,LOF,0.009730591102862956,0.3062086113021534,0.6840607975949837
25906,LOF,0.008837472859474062,0.02953328639542302,0.9616292407451029
25907,LOF,0.0081282286400168,0.213959332827734,0.7779124385322491
25908,LOF,0.008686276390463972,0.18677688366103765,0.8045368399484983
25909,LOF,0.04228589489706768,0.07784184294979557,0.8798722621531367
25910,LOF,0.01310515383800654,0.08697914760174286,0.8999156985602506
25911,LOF,0.16795493701102915,0.0910458381900378,0.740999224798933
25912,LOF,0.13683686279220672,0.023556282279389957,0.8396068549284033
25913,LOF,0.013006528349989657,0.08416913119468691,0.9028243404553234
25914,LOF,0.0452871875797547,0.028852076430449916,0.9258607359897953
25915,LOF,0.18550539463043236,0.4011578649637527,0.41333674040581486
25916,LOF,0.0147495361046586,0.18255007963745312,0.8027003842578883
25917,LOF,0.07026821319744325,0.03593126893037729,0.8938005178721795
25918,LOF,0.05036898466823581,0.01826245964503411,0.9313685556867302
25919,LOF,0.04487417082844091,0.017278073323509006,0.93784775584805
25920,LOF,0.3094033422617615,0.3260980617973413,0.3644985959408971
25921,LOF,0.025525677152160316,0.036325680732219486,0.9381486421156202
25922,LOF,0.022319143551663062,0.032346237896502955,0.945334618551834
25923,LOF,0.46242160245482705,0.028021173994057753,0.5095572235511152
25924,LOF,0.031126787276868545,0.033724854090793635,0.9351483586323378
25925,LOF,0.12995355932218303,0.05562406347313872,0.8144223772046781
25926,LOF,0.10835812858436383,0.037923722287075065,0.853718149128561
25927,LOF,0.02488828921420529,0.059344625385724305,0.9157670854000705
25928,LOF,0.016746055158891313,0.01883916116188078,0.9644147836792278
25929,Neutral,0.5951932611283619,0.027558546657103562,0.37724819221453465
25930,LOF,0.0651573984333123,0.025919884152747295,0.9089227174139404
25931,LOF,0.01659580670047616,0.022805365866652796,0.9605988274328711
25932,LOF,0.0881345934957244,0.015506270886374005,0.8963591356179016
25933,LOF,0.08851519643860721,0.011454598922448994,0.9000302046389439
25934,LOF,0.08660292956486397,0.013590068361163294,0.8998070020739728
25935,LOF,0.12457148294274979,0.04153154544004338,0.8338969716172069
25936,LOF,0.08819116343086905,0.012495436565649706,0.8993134000034813
25937,LOF,0.018708138466745294,0.02354856247440337,0.9577432990588514
25938,LOF,0.12531690483148697,0.03783107276974532,0.8368520223987677
25939,LOF,0.06241944479608493,0.014751975338525024,0.9228285798653901
25940,GOF,0.007671313886684218,0.5068552244314306,0.4854734616818852
25941,Neutral,0.491018961835033,0.14740268260629097,0.36157835555867585
25942,LOF,0.009555821670361857,0.19390103307047973,0.7965431452591585
25943,GOF,0.03281970065469293,0.5444608216539985,0.42271947769130874
25944,LOF,0.03290245404232331,0.479470703736853,0.48762684222082364
25945,LOF,0.11413118200717988,0.10817348621769012,0.7776953317751301
25946,LOF,0.09018129765828901,0.05978890331019636,0.8500297990315147
25947,Neutral,0.4672735331953835,0.19273667881072293,0.3399897879938935
25948,LOF,0.4890084067882761,0.018795187345083748,0.4921964058666402
25949,LOF,0.1018169861996032,0.05575776322535515,0.8424252505750417
25950,GOF,0.03920830444182627,0.7619306616315648,0.19886103392660898
25951,GOF,0.01384101760646624,0.5460705440974203,0.44008843829611344
25952,LOF,0.1008321663552092,0.4154692106225794,0.4836986230222115
25953,LOF,0.006941745352582824,0.43384362213706923,0.559214632510348
25954,GOF,0.034116312799551074,0.6368940458566094,0.32898964134383946
25955,LOF,0.005448982613131652,0.3497100028541159,0.6448410145327524
25956,LOF,0.010072956240936034,0.2528651789383134,0.7370618648207505
25957,LOF,0.2572120781908906,0.019475036353910177,0.7233128854551992
25958,LOF,0.02909515292274352,0.05618391568858893,0.9147209313886675
25959,GOF,0.005151641791838012,0.6288511435547384,0.36599721465342366
25960,LOF,0.0054348974165983445,0.10377829223175958,0.8907868103516422
25961,LOF,0.0280197641377684,0.06191968371195792,0.9100605521502737
25962,LOF,0.04380724941272705,0.14514926493183897,0.811043485655434
25963,LOF,0.009374415634534308,0.3118712408557264,0.6787543435097394
25964,LOF,0.050245945694137366,0.11006593087928121,0.8396881234265815
25965,LOF,0.16818299227594805,0.23554568268875045,0.5962713250353016
25966,LOF,0.3440090084627568,0.2303920538454343,0.42559893769180895
25967,LOF,0.008532427263368541,0.048292167749067694,0.9431754049875638
25968,LOF,0.06917898183179172,0.2544535982415877,0.6763674199266207
25969,LOF,0.12428682448546129,0.03219309478645302,0.8435200807280857
25970,LOF,0.044739002270485266,0.19008549155423438,0.7651755061752803
25971,LOF,0.06837237041661326,0.06792209641485154,0.8637055331685352
25972,LOF,0.06458524473181451,0.08798981496915108,0.8474249402990344
25973,LOF,0.08921636199153571,0.006757641886696998,0.9040259961217673
25974,LOF,0.07664218101588004,0.05500161351088115,0.8683562054732389
25975,LOF,0.03486918510892518,0.010537709207697902,0.954593105683377
25976,LOF,0.08721249916347519,0.00696684503984259,0.9058206557966823
25977,LOF,0.19889055180648807,0.0796806400620973,0.7214288081314146
25978,LOF,0.15601175087124033,0.1536827849940726,0.6903054641346871
25979,LOF,0.11990635953801121,0.1548803153059135,0.7252133251560752
25980,LOF,0.1810087733750784,0.3015739149530701,0.5174173116718516
25981,LOF,0.18409838911243198,0.3091599070451911,0.5067417038423769
25982,LOF,0.2744675401004084,0.1447993346756741,0.5807331252239174
25983,Neutral,0.4512578140712422,0.1430916142671719,0.405650571661586
25984,LOF,0.039648159051818344,0.23227361636292426,0.7280782245852574
25985,Neutral,0.4121953171959467,0.26655018499809013,0.32125449780596305
25986,GOF,0.00917386707230289,0.5358610142237109,0.45496511870398615
25987,LOF,0.02334341084788557,0.12370756651220212,0.8529490226399123
25988,LOF,0.03425138177649499,0.33197836067127334,0.6337702575522317
25989,LOF,0.03653484112600678,0.3171042785260293,0.6463608803479639
25990,LOF,0.04287985541959086,0.4227709804977438,0.5343491640826654
25991,GOF,0.03985898641977362,0.587610905050082,0.37253010853014434
25992,LOF,0.013933404882989196,0.36793045124409063,0.6181361438729202
25993,LOF,0.03337429679630205,0.08377295724624614,0.8828527459574518
25994,LOF,0.03309205465273681,0.0912155888184069,0.8756923565288562
25995,LOF,0.02124731064747813,0.16803318705328904,0.8107195022992328
25996,GOF,0.3676479506973457,0.4925366167572386,0.13981543254541573
25997,GOF,0.07688650599310952,0.6694337982394543,0.25367969576743626
25998,LOF,0.24566467669308192,0.040335454133901785,0.7139998691730163
25999,LOF,0.02684953932563435,0.4179647817729829,0.5551856789013827
26000,LOF,0.14367867004938387,0.01605193601635332,0.8402693939342627
26001,LOF,0.1480142177987263,0.04093794141822472,0.8110478407830489
26002,LOF,0.1031860773664692,0.0268118934274292,0.8700020292061016
26003,GOF,0.006948741283192808,0.5884940349015175,0.40455722381528963
26004,GOF,0.015805261771056053,0.5613778156115122,0.4228169226174318
26005,LOF,0.006182003415545805,0.4687103360664996,0.5251076605179547
26006,GOF,0.11073424914149654,0.49543702960646346,0.39382872125203994
26007,GOF,0.009662112762030895,0.5295091022475361,0.46082878499043295
26008,GOF,0.006400210958968809,0.5579768702761191,0.43562291876491216
26009,GOF,0.013212363871259406,0.5877985978746968,0.3989890382540437
26010,GOF,0.008729375421141855,0.5550327674326988,0.43623785714615926
26011,LOF,0.006475623293023181,0.4629534347834562,0.5305709419235206
26012,GOF,0.006217907870054003,0.5217194209961572,0.4720626711337887
26013,LOF,0.01082425546658041,0.4690238075575387,0.5201519369758809
26014,LOF,0.05348499330646461,0.08541956307159622,0.8610954436219391
26015,LOF,0.37930921335201484,0.055596769976287506,0.5650940166716977
26016,LOF,0.2388306805538003,0.1440233581363354,0.6171459613098643
26017,LOF,0.013682191397278836,0.42642180718443007,0.5598960014182911
26018,LOF,0.019689750989069044,0.15203665870557725,0.8282735903053536
26019,LOF,0.020164747528533037,0.11806234774290007,0.8617729047285669
26020,LOF,0.006729924173350595,0.3806446307413518,0.6126254450852975
26021,LOF,0.07862563680728005,0.2585294239411332,0.6628449392515867
26022,LOF,0.047075646579581694,0.07316279199280527,0.8797615614276131
26023,LOF,0.02875984939611737,0.11114602039648311,0.8600941302073994
26024,LOF,0.04307394244167768,0.1782414563796454,0.7786846011786769
26025,LOF,0.13148946752627655,0.12721165301858733,0.7412988794551362
26026,LOF,0.12829803680727975,0.09510084979811934,0.7766011133946009
26027,LOF,0.029295624369882246,0.06804852403346973,0.902655851596648
26028,LOF,0.07249460276805192,0.23071722344547588,0.6967881737864722
26029,LOF,0.04137735892217117,0.11419954799595707,0.8444230930818717
26030,LOF,0.1515939940225591,0.009815538629452858,0.8385904673479881
26031,LOF,0.020017829358688465,0.12138938225095186,0.8585927883903597
26032,LOF,0.030400991288215756,0.018321888684449648,0.9512771200273347
26033,LOF,0.04293125571741432,0.03267268817037312,0.9243960561122126
26034,LOF,0.025571012247763442,0.07108236891648712,0.9033466188357495
26035,LOF,0.015479541196677419,0.08836012667274315,0.8961603321305794
26036,LOF,0.014512415726269493,0.07281679401291133,0.9126707902608193
26037,LOF,0.01351026300925254,0.07319865548961456,0.9132910815011329
26038,LOF,0.02469361654366064,0.018273615744509208,0.9570327677118302
26039,LOF,0.03180127693655823,0.11007532847894247,0.8581233945844993
26040,LOF,0.06805883939910212,0.15453253435513517,0.7774086262457628
26041,LOF,0.0169367235470789,0.0897828832222148,0.8932803932307064
26042,LOF,0.015114575634812341,0.09844049187488653,0.8864449324903011
26043,LOF,0.024182926999145985,0.040421622575204146,0.9353954504256499
26044,LOF,0.009079229881122771,0.044338985051476126,0.9465817850674012
26045,LOF,0.08888564550241886,0.22313430562180755,0.6879800488757736
26046,LOF,0.02375451668715527,0.04643923902593295,0.9298062442869118
26047,LOF,0.057968139271052904,0.03698888088561639,0.9050429798433306
26048,LOF,0.07746777782324432,0.023176071432374552,0.8993561507443812
26049,Neutral,0.9324637516215505,0.005726605742178354,0.06180964263627127
26050,Neutral,0.8855873736014568,0.006968975131772638,0.10744365126677066
26051,LOF,0.031534460809079456,0.3097010061939811,0.6587645329969395
26052,LOF,0.03321895560031076,0.19955525278221514,0.7672257916174742
26053,LOF,0.03995096923209983,0.0662077878616146,0.8938412429062855
26054,LOF,0.04912474757780538,0.08436210102103531,0.8665131514011594
26055,LOF,0.05423637914246166,0.07086743934738862,0.8748961815101497
26056,LOF,0.05052524625203214,0.07381600259943819,0.8756587511485298
26057,LOF,0.05365920943915444,0.018830136203455975,0.9275106543573896
26058,LOF,0.06214221676831923,0.015417950678948003,0.9224398325527328
26059,LOF,0.22762936827578945,0.10570959782240882,0.6666610339018016
26060,LOF,0.017408333577462198,0.24728272981461322,0.7353089366079246
26061,LOF,0.013575145394126284,0.01229532949488392,0.9741295251109898
26062,LOF,0.006166256415569921,0.02324774065644549,0.9705860029279847
26063,LOF,0.05112700758175318,0.015471310897804496,0.9334016815204422
26064,LOF,0.010446817617904822,0.015121597281828918,0.9744315851002663
26065,LOF,0.04247008190549846,0.021244200546237945,0.9362857175482636
26066,LOF,0.04546609233377486,0.014479374487027866,0.9400545331791973
26067,LOF,0.05013687237911442,0.01719846645873676,0.9326646611621489
26068,LOF,0.04713674828247226,0.05654467966709419,0.8963185720504336
26069,LOF,0.15300989389555103,0.04908913071758671,0.7979009753868621
26070,LOF,0.3731396995185671,0.030322174715561992,0.5965381257658708
26071,LOF,0.04423961919220398,0.019143625021643552,0.9366167557861524
26072,LOF,0.009757483246895354,0.022348485568849757,0.9678940311842549
26073,LOF,0.0473621771359776,0.013138248309889593,0.9394995745541328
26074,Neutral,0.6841937452429705,0.02443014877476173,0.29137610598226765
26075,LOF,0.036135223523956324,0.041059769241240475,0.9228050072348032
26076,LOF,0.055374948956145816,0.023636355928934188,0.9209886951149199
26077,LOF,0.15017760803246297,0.024740308089764056,0.8250820838777729
26078,LOF,0.0071470725018415344,0.026755484192689322,0.9660974433054691
26079,LOF,0.05114093804448142,0.04270832077300609,0.9061507411825125
26080,LOF,0.05058560105886585,0.043158208678016695,0.9062561902631175
26081,LOF,0.047205258382101295,0.01696600822840152,0.9358287333894972
26082,LOF,0.007508448043825172,0.025400032493885984,0.9670915194622888
26083,LOF,0.04039017882565288,0.04271346834255629,0.9168963528317908
26084,LOF,0.05321615675511335,0.02193673937566357,0.924847103869223
26085,LOF,0.0484511278636836,0.019569743420048896,0.9319791287162675
26086,LOF,0.03640760586858465,0.021506465322220395,0.942085928809195
26087,LOF,0.044402333242979014,0.02106378418957073,0.9345338825674502
26088,LOF,0.008310765389645591,0.04357766389130339,0.9481115707190511
26089,LOF,0.033097016391149495,0.058811567318605554,0.908091416290245
26090,LOF,0.03236439319637352,0.04774862255318982,0.9198869842504367
26091,LOF,0.04586734336807051,0.015892228789222265,0.9382404278427071
26092,LOF,0.056288483368690856,0.01556035823379766,0.9281511583975115
26093,LOF,0.07229123500698072,0.011541812418563363,0.916166952574456
26094,LOF,0.039462894714129226,0.017498749323578335,0.9430383559622925
26095,LOF,0.012208533199127167,0.032376636101184415,0.9554148306996885
26096,LOF,0.2915095871083263,0.005909104904942296,0.7025813079867314
26097,LOF,0.007327015768908681,0.06061708228544296,0.9320559019456482
26098,LOF,0.05430371674522505,0.04518371773905338,0.9005125655157217
26099,LOF,0.04506777112306748,0.054372899337088755,0.9005593295398437
26100,LOF,0.04506777112306748,0.054372899337088755,0.9005593295398437
26101,LOF,0.04057643119751279,0.052490483659620356,0.9069330851428669
26102,LOF,0.045892121759734936,0.02363573635132912,0.930472141888936
26103,Neutral,0.861754428107901,0.05455775143745583,0.08368782045464304
26104,LOF,0.042276279241370986,0.1131825938109273,0.8445411269477017
26105,LOF,0.23981493331943118,0.2577017173700008,0.502483349310568
26106,LOF,0.2594615451425741,0.161262165640556,0.5792762892168699
26107,LOF,0.010157084284350332,0.2149572776793379,0.7748856380363117
26108,LOF,0.13948784870086928,0.19423287491406008,0.6662792763850707
26109,LOF,0.04688412789103786,0.030707286158676655,0.9224085859502856
26110,Neutral,0.5379168156070802,0.034441569744913525,0.4276416146480064
26111,LOF,0.04746036563069871,0.20065155501763005,0.7518880793516711
26112,LOF,0.06078480963931646,0.039473181305236825,0.8997420090554467
26113,LOF,0.07411902703151832,0.06485006798557538,0.8610309049829065
26114,LOF,0.10056571036927184,0.027926788024703154,0.8715075016060251
26115,LOF,0.017696208008469775,0.1797177885966224,0.8025860033949078
26116,LOF,0.0686895881184267,0.07969863560141593,0.8516117762801574
26117,LOF,0.29393842479984916,0.06717358642618669,0.638887988773964
26118,LOF,0.03808246251029288,0.025309212517172525,0.9366083249725345
26119,LOF,0.004998131851237244,0.0994720569586518,0.8955298111901109
26120,LOF,0.03200385492379674,0.027427911963448657,0.9405682331127547
26121,LOF,0.004127757365677924,0.12847211444975196,0.8674001281845701
26122,LOF,0.004640424071199185,0.11263817301650043,0.8827214029123004
