feature0,prediction,LoGoFunc_Neutral,LoGoFunc_GOF,LoGoFunc_LOF
25546,Neutral,0.6651598677848326,0.04327268291941004,0.2915674492957574
25547,Neutral,0.5452538516050752,0.09596898284136945,0.3587771655535553
25548,Neutral,0.5119153379573107,0.07038081424739402,0.41770384779529524
25549,Neutral,0.4814596761523983,0.07110707134447201,0.4474332525031297
25550,LOF,0.40625394297761225,0.11812687828138975,0.47561917874099807
25551,LOF,0.33727806166633334,0.11775170823676384,0.5449702300969028
25552,LOF,0.19296856525088976,0.126681312667139,0.6803501220819712
25553,Neutral,0.8166428066651672,0.03387295737097198,0.1494842359638607
25554,LOF,0.23403531316670434,0.12547731188466396,0.6404873749486317
25555,LOF,0.1894593054130931,0.11556650518385238,0.6949741894030546
25556,Neutral,0.511492295247972,0.09158950842785384,0.39691819632417413
25557,LOF,0.18560866018859282,0.12004299456844507,0.6943483452429621
25558,LOF,0.23557125534054563,0.1313515052059423,0.633077239453512
25559,Neutral,0.5761157092098749,0.07083505979670085,0.35304923099342433
25560,LOF,0.04216038114425361,0.277301080340173,0.6805385385155734
25561,LOF,0.07750046795311459,0.32891896536406795,0.5935805666828176
25562,LOF,0.10252908873694282,0.16096776845308505,0.7365031428099721
25563,LOF,0.09492597766555143,0.17502603758277005,0.7300479847516785
25564,LOF,0.06279783896488172,0.23975681324900677,0.6974453477861116
25565,LOF,0.15178563805455889,0.16713998483980516,0.681074377105636
25566,GOF,0.01562015040016411,0.7529527362034463,0.23142711339638966
25567,LOF,0.014069380600807285,0.12036986855585087,0.8655607508433417
25568,LOF,0.05053644402467324,0.07052688977982383,0.8789366661955029
25569,LOF,0.06272741127186802,0.06765304355967426,0.8696195451684576
25570,LOF,0.0694828331116031,0.11015204023480972,0.8203651266535871
25571,LOF,0.0678657706064158,0.09802082264731667,0.8341134067462674
25572,LOF,0.0696201603969863,0.1323118198374771,0.7980680197655367
25573,LOF,0.030859483574708878,0.0828193901304315,0.8863211262948596
25574,LOF,0.01703867447712892,0.13925333152800537,0.8437079939948656
25575,LOF,0.056033254195578364,0.09768631271455154,0.8462804330898701
25576,LOF,0.02109965511748314,0.09626185743288099,0.8826384874496358
25577,LOF,0.01461378470376338,0.14094753285791825,0.8444386824383184
25578,LOF,0.24461808869422938,0.08618310438253543,0.6691988069232351
25579,LOF,0.2464270379460035,0.08568601927091987,0.6678869427830767
25580,LOF,0.03855427055963348,0.08660358727219333,0.8748421421681731
25581,LOF,0.052277102278885205,0.0728390586456208,0.8748838390754939
25582,LOF,0.05192037321229832,0.07011183519004847,0.8779677915976531
25583,LOF,0.04799304981507023,0.10308761333463942,0.8489193368502904
25584,Neutral,0.48994841914994297,0.07463933049755214,0.4354122503525049
25585,LOF,0.036301429891798985,0.09681813386788128,0.8668804362403197
25586,LOF,0.03796926632607953,0.07612141455908851,0.8859093191148321
25587,LOF,0.03340707279155268,0.06725013663754896,0.8993427905708984
25588,LOF,0.03237856696663348,0.08342917715604976,0.8841922558773168
25589,Neutral,0.6239123373966562,0.09011535009431149,0.2859723125090323
25590,LOF,0.027272089963492372,0.1113529577712545,0.8613749522652532
25591,LOF,0.11775412530045459,0.05546807971214881,0.8267777949873965
25592,LOF,0.09937428156723441,0.12565288323736823,0.7749728351953973
25593,LOF,0.01533266848958689,0.2088143339715595,0.7758529975388536
25594,LOF,0.03755490612697162,0.1719498891222785,0.79049520475075
25595,LOF,0.06956041720747339,0.14015584171933493,0.7902837410731917
25596,LOF,0.08295048116887417,0.09803866877078952,0.8190108500603362
25597,LOF,0.07999106147351666,0.04436420203308173,0.8756447364934016
25598,LOF,0.04809815309627802,0.1750367384581431,0.7768651084455789
25599,GOF,0.006284346253240645,0.638304450831991,0.3554112029147682
25600,GOF,0.007528705207710909,0.5829183458018579,0.4095529489904312
25601,LOF,0.006847713514736509,0.4443071153880859,0.5488451710971777
25602,LOF,0.014977595359614853,0.07999723225066696,0.9050251723897181
25603,LOF,0.04334535761178658,0.03455968206473849,0.9220949603234749
25604,LOF,0.03626711082353935,0.08035640439580846,0.8833764847806521
25605,LOF,0.011367075690251634,0.20936126555556542,0.779271658754183
25606,GOF,0.06254198756008551,0.49447469724729853,0.4429833151926161
25607,LOF,0.003866360261942345,0.15110935700090444,0.8450242827371532
25608,LOF,0.04394232533458826,0.04744529350342794,0.9086123811619837
25609,LOF,0.05454417994896903,0.2759915787273636,0.6694642413236674
25610,LOF,0.04994185615707255,0.03587958906887657,0.9141785547740509
25611,LOF,0.061264771123419506,0.026720873104990547,0.9120143557715898
25612,LOF,0.12563336406247816,0.06381907609192139,0.8105475598456005
25613,LOF,0.11036691300962555,0.054209240663569185,0.8354238463268052
25614,LOF,0.03865813789254815,0.04458714763095985,0.9167547144764919
25615,LOF,0.07476603062518251,0.055746168944933325,0.8694878004298843
25616,LOF,0.04622891076312497,0.05998455604039941,0.8937865331964756
25617,LOF,0.05321483600123871,0.055252821215949856,0.8915323427828113
25618,LOF,0.27384430676183635,0.04557646604986052,0.6805792271883031
25619,LOF,0.046069881757094755,0.046771045841471924,0.9071590724014333
25620,LOF,0.04226149991761051,0.06050579095712875,0.8972327091252608
25621,LOF,0.04106583630180827,0.04847572405593387,0.9104584396422579
25622,LOF,0.033595893452834716,0.07052881401167321,0.895875292535492
25623,LOF,0.05149260345505364,0.042451233942535596,0.9060561626024108
25624,LOF,0.033403817161162204,0.0538105163370482,0.9127856665017896
25625,LOF,0.040010027797035344,0.06406160175348666,0.895928370449478
25626,LOF,0.08373905932520781,0.048612255101958206,0.8676486855728339
25627,Neutral,0.5657108363602898,0.11989523658535933,0.31439392705435076
25628,LOF,0.21238416970794283,0.057362564466905595,0.7302532658251515
25629,LOF,0.07253999352024187,0.14373404825378544,0.7837259582259728
25630,LOF,0.19668512181200032,0.09063914547074685,0.7126757327172528
25631,Neutral,0.5855750191771127,0.06192152468881139,0.3525034561340759
25632,LOF,0.021243412679079296,0.07594985259906721,0.9028067347218535
25633,LOF,0.23136556589337304,0.07803138091952048,0.6906030531871065
25634,LOF,0.03894192041845049,0.07588915115470508,0.8851689284268445
25635,LOF,0.03795213704322197,0.0664039256877029,0.895643937269075
25636,GOF,0.005298758005720261,0.6647259328196489,0.3299753091746311
25637,GOF,0.0038977001991402963,0.5422080089302872,0.4538942908705724
25638,GOF,0.006952231685130982,0.521190145950893,0.4718576223639761
25639,LOF,0.004499632992877921,0.4779987225516491,0.5175016444554729
25640,GOF,0.3971680290410489,0.5389695259336714,0.06386244502527964
25641,LOF,0.006675814264853709,0.2874946129185499,0.7058295728165964
25642,LOF,0.27508030162475716,0.10166014536696111,0.6232595530082816
25643,LOF,0.24918813329947762,0.2572902965035358,0.4935215701969865
25644,GOF,0.013526679146791669,0.7320525179651584,0.2544208028880499
25645,GOF,0.010913279235910997,0.6497834395373793,0.33930328122670983
25646,LOF,0.01056512892695602,0.46378824086172976,0.5256466302113142
25647,LOF,0.010301406168153388,0.3492666570299235,0.6404319368019231
25648,LOF,0.0073622651443581676,0.46780667006213067,0.5248310647935112
25649,LOF,0.007618367523359394,0.28018900918477035,0.7121926232918702
25650,GOF,0.021540015503376263,0.632172689177753,0.34628729531887065
25651,LOF,0.005899787757674427,0.32447748842553115,0.6696227238167944
25652,LOF,0.010356640843040018,0.4395969777331547,0.5500463814238052
25653,GOF,0.04410416783596831,0.6255677699404254,0.33032806222360617
25654,LOF,0.007470752716297371,0.4167691562759859,0.5757600910077167
25655,GOF,0.056121106396619554,0.5891444353875745,0.35473445821580585
25656,LOF,0.09807440850419372,0.1058833941281975,0.7960421973676087
25657,LOF,0.28273729601105435,0.04510343671726762,0.6721592672716781
25658,LOF,0.04144031526599941,0.18480173878877998,0.7737579459452207
25659,LOF,0.2275507818935561,0.10341152207881503,0.669037696027629
25660,LOF,0.09701208549810598,0.08359160409110103,0.819396310410793
25661,LOF,0.06987544645778329,0.07022484464724305,0.8598997088949737
25662,LOF,0.03986125241298247,0.05777363166664626,0.9023651159203712
25663,LOF,0.04802527644491878,0.09290081043254671,0.8590739131225346
25664,LOF,0.0330893768008255,0.12773344973312034,0.8391771734660542
25665,LOF,0.04428410857338339,0.050715302080436044,0.9050005893461807
25666,LOF,0.04248894329781238,0.14894828024748882,0.8085627764546989
25667,LOF,0.04101365966327981,0.04731964915976825,0.911666691176952
25668,LOF,0.05334018820971023,0.056222770995113566,0.8904370407951762
25669,LOF,0.053642441825482605,0.08037263808111234,0.865984920093405
25670,LOF,0.0748568497820342,0.07678342257578895,0.8483597276421769
25671,LOF,0.05215345774047626,0.04371905749305568,0.904127484766468
25672,LOF,0.05175637667359314,0.05654764472112004,0.8916959786052868
25673,LOF,0.03997645575874118,0.0658735155076052,0.8941500287336537
25674,LOF,0.02828320396293509,0.07974898453291239,0.8919678115041524
25675,LOF,0.03616789333985509,0.06816574606626273,0.8956663605938822
25676,LOF,0.03811862768046852,0.06360383226219926,0.8982775400573322
25677,LOF,0.09070219875395942,0.05578613361447811,0.8535116676315625
25678,LOF,0.19073435132810476,0.04582924015127963,0.7634364085206157
25679,LOF,0.13596821991370317,0.05049412508025294,0.8135376550060439
25680,LOF,0.09762324797401781,0.08316657843548413,0.8192101735904981
25681,LOF,0.11469681123116514,0.08024018453925917,0.8050630042295757
25682,LOF,0.051741537262159125,0.05203093853481269,0.8962275242030281
25683,LOF,0.0861973457767537,0.07253827967566331,0.841264374547583
25684,LOF,0.07108742433803994,0.06177906314034182,0.8671335125216183
25685,LOF,0.12621944721015507,0.04195152681277568,0.8318290259770692
25686,LOF,0.025939720521812818,0.10073373161675712,0.8733265478614302
25687,LOF,0.05598641391115536,0.09938699158367367,0.844626594505171
25688,LOF,0.019903081250366293,0.06263593635726868,0.917460982392365
25689,LOF,0.01859233916304126,0.03246132373212024,0.9489463371048384
25690,LOF,0.018778454089681137,0.04186871986372952,0.9393528260465893
25691,LOF,0.10057652712879572,0.06797837320550142,0.8314450996657029
25692,LOF,0.2908645279994244,0.010952755637987689,0.6981827163625879
25693,LOF,0.03643705864392414,0.2686122142917113,0.6949507270643646
25694,LOF,0.24493371401466846,0.013403481665291001,0.7416628043200405
25695,LOF,0.18319986089371856,0.02984860901665788,0.7869515300896236
25696,LOF,0.08508861870570102,0.028583124986162067,0.8863282563081369
25697,LOF,0.07666705598489088,0.05128383002621976,0.8720491139888895
25698,LOF,0.016363631463326516,0.4059402240780585,0.5776961444586148
25699,LOF,0.09371733830676496,0.10429986727227647,0.8019827944209585
25700,LOF,0.036383105149787036,0.01969197392032032,0.9439249209298926
25701,LOF,0.013882777849658037,0.11011888751076085,0.8759983346395811
25702,GOF,0.024736819321758776,0.7748041725253512,0.20045900815289008
25703,LOF,0.014448980447554197,0.27336894615707674,0.7121820733953691
25704,LOF,0.07054605045682041,0.17191419508726083,0.7575397544559187
25705,LOF,0.06349948588255673,0.16322505577657775,0.7732754583408655
25706,GOF,0.02093742913871489,0.6299519811971427,0.3491105896641425
25707,GOF,0.03377076004778793,0.4909605132385968,0.4752687267136153
25708,LOF,0.008203797081561043,0.4595299822018567,0.5322662207165823
25709,LOF,0.033836945618980006,0.061503765283804,0.904659289097216
25710,LOF,0.006303315271714731,0.12038833702404599,0.8733083477042392
25711,LOF,0.03225765892741619,0.11266572748629777,0.855076613586286
25712,LOF,0.008845314115282396,0.18575973488972383,0.8053949509949937
25713,LOF,0.0311700290954183,0.0994044385949395,0.8694255323096421
25714,LOF,0.027583692396839183,0.12655349924444106,0.8458628083587197
25715,LOF,0.0393522405759581,0.1051600956535429,0.8554876637704989
25716,LOF,0.0068710733174942576,0.128274310908387,0.8648546157741186
25717,LOF,0.006321976061981296,0.0969616982888944,0.8967163256491243
25718,LOF,0.035593868519839394,0.06776138343815162,0.8966447480420089
25719,LOF,0.04938860017735013,0.09632314293470759,0.8542882568879423
25720,LOF,0.04264682287099716,0.09984768206647507,0.8575054950625277
25721,LOF,0.030992823343914018,0.10990277871106983,0.8591043979450161
25722,LOF,0.019903888534784635,0.13988385037791495,0.8402122610873005
25723,LOF,0.03661475216527217,0.09642036821115633,0.8669648796235715
25724,LOF,0.04948004492219478,0.20275237600672985,0.7477675790710754
25725,LOF,0.03752995423283278,0.08312882094954992,0.8793412248176172
25726,LOF,0.023022918866126178,0.12250808110903948,0.8544690000248344
25727,LOF,0.033174145761692295,0.09553690274444095,0.8712889514938668
25728,LOF,0.032612942880515104,0.10707650350054836,0.8603105536189366
25729,LOF,0.03169113686149008,0.12044400238281017,0.8478648607556997
25730,LOF,0.04012607362764148,0.07338242412109895,0.8864915022512596
25731,LOF,0.011295855542814986,0.0908705112569601,0.897833633200225
25732,LOF,0.02342317817657258,0.07128171811000382,0.9052951037134236
25733,LOF,0.04409100251015602,0.0663855809697557,0.8895234165200884
25734,LOF,0.0070640217389907915,0.2135866918897075,0.7793492863713017
25735,LOF,0.03000577886691457,0.0737537028292069,0.8962405183038786
25736,LOF,0.0274184060311352,0.13165119251817048,0.8409304014506943
25737,LOF,0.04044342816445362,0.09319757811638014,0.8663589937191661
25738,LOF,0.03294985319692249,0.12895824835949093,0.8380918984435864
25739,LOF,0.03234142588108397,0.09401893773639435,0.8736396363825216
25740,LOF,0.04202797046254834,0.1182731382425646,0.839698891294887
25741,LOF,0.04659650065335044,0.09671670472328885,0.8566867946233606
25742,LOF,0.06270810722987351,0.09980368187399531,0.8374882108961312
25743,LOF,0.012271694375003521,0.019459699812581704,0.9682686058124148
25744,LOF,0.21419090750079126,0.12206036032082163,0.6637487321783871
25745,LOF,0.03749898270803082,0.04881733192206251,0.9136836853699066
25746,LOF,0.01545792963421889,0.07466496442791212,0.909877105937869
25747,LOF,0.05333350905883337,0.02422107310762007,0.9224454178335466
25748,LOF,0.32673945798426174,0.040966996009475815,0.6322935460062624
25749,LOF,0.01617585558173738,0.04573116615983957,0.938092978258423
25750,LOF,0.02361550563796428,0.0494409961777952,0.9269434981842405
25751,LOF,0.04788539572886204,0.03671129615744094,0.9154033081136971
25752,GOF,0.06520774254289531,0.6916128222574943,0.24317943519961044
25753,LOF,0.006904485145519834,0.46557349832092276,0.5275220165335575
25754,GOF,0.007348877846853609,0.9047178313716605,0.0879332907814859
25755,LOF,0.006893166264582625,0.43703859393794986,0.5560682397974676
25756,LOF,0.022752735893246313,0.47549012306407523,0.5017571410426784
25757,GOF,0.008043404312285864,0.8904090913774145,0.1015475043102996
25758,GOF,0.008267606258270086,0.9062561841360451,0.08547620960568493
25759,GOF,0.005496931245641406,0.6799437384124584,0.3145593303419002
25760,LOF,0.005606612126187782,0.34184572441560174,0.6525476634582105
25761,GOF,0.04424417604543967,0.8723260708819647,0.08342975307259576
25762,LOF,0.025857976297574352,0.402739204803747,0.5714028188986787
25763,LOF,0.005952215146952241,0.32029951136699325,0.6737482734860545
25764,GOF,0.056910912272870706,0.6876288789636752,0.25546020876345416
25765,GOF,0.008402081046401388,0.8992243053247029,0.09237361362889569
25766,GOF,0.026031190186386218,0.8623508697861743,0.1116179400274395
25767,GOF,0.017751815292222195,0.5474602986455331,0.43478788606224467
25768,LOF,0.058072560509260844,0.054070874373102054,0.8878565651176371
25769,LOF,0.024797303225015062,0.0720782285546001,0.9031244682203848
25770,LOF,0.14097763096173477,0.12345382360281044,0.7355685454354549
25771,LOF,0.019587919950515117,0.09683973823452267,0.8835723418149622
25772,LOF,0.0291604996432195,0.0383599876954227,0.9324795126613579
25773,LOF,0.014417612938129237,0.09760179949737893,0.8879805875644919
25774,LOF,0.026825130825792805,0.19344632040052367,0.7797285487736835
25775,LOF,0.019164251486391965,0.04804399683293976,0.9327917516806682
25776,LOF,0.03006530333827738,0.02390011648251577,0.9460345801792068
25777,LOF,0.3115812510065955,0.11081414776186957,0.5776046012315349
25778,LOF,0.02521902814729215,0.08042073644998222,0.8943602354027257
25779,GOF,0.061911106170789945,0.8610725092445746,0.07701638458463546
25780,GOF,0.07267333984263405,0.860645440031002,0.06668122012636388
25781,GOF,0.03190765260978155,0.8392439146798591,0.12884843271035926
25782,GOF,0.0402539665418024,0.8895503072122257,0.0701957262459719
25783,GOF,0.03847478947321201,0.9047587333664263,0.05676647716036162
25784,GOF,0.1314547980194441,0.8172874000998599,0.051257801880695966
25785,GOF,0.12000076551669848,0.8386716797938254,0.04132755468947602
25786,GOF,0.011001014850462839,0.8479417232741205,0.14105726187541662
25787,GOF,0.2637295983718034,0.6763028697453835,0.0599675318828132
25788,LOF,0.01871782784645849,0.20618156182181305,0.7751006103317285
25789,GOF,0.020560790803535522,0.8471986390618346,0.13224057013462984
25790,GOF,0.030882791944281448,0.8755069235757383,0.0936102844799802
25791,GOF,0.026005170162821906,0.7334318292896869,0.2405630005474912
25792,GOF,0.03348895062340732,0.7852242411953265,0.18128680818126613
25793,GOF,0.046148820248177326,0.7865968154302848,0.16725436432153787
25794,GOF,0.05062736293169703,0.7203157494702428,0.2290568875980603
25795,GOF,0.056926956314911924,0.7207267135852568,0.22234633009983126
25796,GOF,0.13759245726794286,0.7662088349034895,0.09619870782856757
25797,GOF,0.07281464632413434,0.7064732593299866,0.22071209434587893
25798,GOF,0.0071316163665387546,0.7790718418264119,0.21379654180704935
25799,GOF,0.004815886691272098,0.6788491515256294,0.3163349617830985
25800,GOF,0.02641286481883161,0.8372491326190415,0.13633800256212678
25801,GOF,0.026182929738107253,0.887305823037166,0.08651124722472661
25802,GOF,0.028792411034585644,0.7778329390113194,0.19337464995409512
25803,GOF,0.02173692956373898,0.7172717463060474,0.26099132413021364
25804,GOF,0.034392810135472796,0.7764753795806394,0.18913181028388787
25805,GOF,0.03116425398627477,0.8144880691429768,0.1543476768707483
25806,GOF,0.041155964514570396,0.8167525708181146,0.14209146466731515
25807,GOF,0.01608647476430275,0.779407887004745,0.20450563823095236
25808,GOF,0.025851866164429017,0.7927668249869896,0.18138130884858134
25809,GOF,0.013991960423749955,0.7312216958803951,0.25478634369585496
25810,GOF,0.01217410868415782,0.7155650873913423,0.2722608039244999
25811,GOF,0.06846159274726105,0.8583045189467577,0.07323388830598111
25812,GOF,0.03336107479679001,0.7673214368669589,0.19931748833625118
25813,GOF,0.17781642907681314,0.7377511641039874,0.08443240681919956
25814,GOF,0.0311593790627008,0.770535474892738,0.19830514604456118
25815,GOF,0.06277174213659996,0.7988031188890171,0.13842513897438288
25816,GOF,0.010354564338553304,0.8543290628002372,0.13531637286120948
25817,GOF,0.12381296278992887,0.7541891391133424,0.12199789809672869
25818,GOF,0.03044359546617116,0.7884624666874877,0.18109393784634098
25819,GOF,0.054401174721063275,0.7584684400107825,0.1871303852681543
25820,GOF,0.056297432810251645,0.7400694527789089,0.2036331144108396
25821,GOF,0.03953958455025747,0.7834893522245853,0.17697106322515724
25822,GOF,0.058918075898040885,0.7541311762293578,0.18695074787260138
25823,GOF,0.030160486372437997,0.6965235068665584,0.27331600676100365
25824,GOF,0.029968484371593107,0.7676765341575079,0.20235498147089895
25825,GOF,0.022572780564542063,0.7635362897536183,0.21389092968183956
25826,GOF,0.011867680233821384,0.7103659667721489,0.27776635299402974
25827,GOF,0.01751844423798632,0.7106928864136304,0.2717886693483833
25828,GOF,0.011335430324673658,0.7500298183497689,0.23863475132555748
25829,GOF,0.004769832508513388,0.6594918455261943,0.3357383219652923
25830,GOF,0.047843313662110976,0.5447742696056396,0.40738241673224956
25831,GOF,0.07421821734462174,0.7938215997616731,0.13196018289370517
25832,GOF,0.011766191230746065,0.7160441039647912,0.2721897048044627
25833,GOF,0.04162987381888843,0.7937831067910934,0.16458701939001835
25834,GOF,0.01210835668391227,0.7352436953149657,0.25264794800112206
25835,GOF,0.026744822615093554,0.8126710405904358,0.1605841367944706
25836,GOF,0.0077832736390511725,0.736988472765929,0.25522825359501977
25837,GOF,0.009182868554659095,0.74635128663776,0.24446584480758096
25838,GOF,0.02002600369179417,0.8216826041676842,0.1582913921405217
25839,GOF,0.048058940122839705,0.7871321493004981,0.1648089105766622
25840,GOF,0.0853626418227167,0.7648030469242155,0.14983431125306773
25841,GOF,0.07932708956205389,0.8056103738400403,0.11506253659790582
25842,GOF,0.028204111076159957,0.8680525084171952,0.10374338050664472
25843,GOF,0.026801440885498927,0.8701262959884424,0.10307226312605876
25844,GOF,0.020997330034700668,0.7937270834965309,0.1852755864687684
25845,GOF,0.007155026275440865,0.6788536382275264,0.31399133549703256
25846,GOF,0.07247589318845715,0.822602160040042,0.10492194677150089
25847,GOF,0.016573485352045027,0.8690180375516602,0.11440847709629465
25848,GOF,0.025698745580826417,0.798716346486931,0.17558490793224255
25849,GOF,0.008047271990847206,0.7627171707670213,0.22923555724213168
25850,GOF,0.007364228799425416,0.7118591855835683,0.28077658561700636
25851,GOF,0.0065356524033775565,0.643764187468213,0.3497001601284095
25852,GOF,0.1445481167855004,0.5429807350965579,0.31247114811794163
25853,GOF,0.05397255160655433,0.795412334135505,0.15061511425794075
25854,GOF,0.006801166073567231,0.7008653789220077,0.2923334550044251
25855,GOF,0.023640840680549044,0.6171530107511368,0.3592061485683142
25856,GOF,0.04570582682869157,0.7167622118547962,0.23753196131651227
25857,GOF,0.023617699913408514,0.6110443292698982,0.3653379708166933
25858,GOF,0.009777641931035206,0.5777360920747042,0.4124862659942607
25859,GOF,0.00724393498324511,0.5521469736143678,0.4406090914023871
25860,GOF,0.08652497996491858,0.7279602425144446,0.18551477752063672
25861,GOF,0.10890544862591424,0.8119459576683611,0.07914859370572462
25862,GOF,0.025419553128314693,0.8892443325572429,0.08533611431444244
25863,GOF,0.020653988509193085,0.863036339575241,0.11630967191556602
25864,GOF,0.03967232361681357,0.8816395961222262,0.07868808026096002
25865,GOF,0.03786150809892305,0.8617274150076867,0.10041107689339025
25866,GOF,0.019791751006082225,0.842909545027935,0.13729870396598284
25867,GOF,0.041732810809540374,0.8485834634102083,0.10968372578025146
25868,GOF,0.06974139891170696,0.7639768551647594,0.1662817459235337
25869,GOF,0.3116225950621046,0.5684589784667916,0.11991842647110382
25870,GOF,0.06351067323273282,0.5785277128471756,0.35796161392009157
25871,GOF,0.009592521903598633,0.7980845060389586,0.19232297205744278
25872,GOF,0.021569632547323803,0.8050835324250325,0.17334683502764375
25873,GOF,0.020856703292230713,0.8697534140407989,0.10938988266697036
25874,LOF,0.023910700296690353,0.20694024648579348,0.7691490532175161
25875,LOF,0.020258451456706437,0.14162772929937434,0.8381138192439191
25876,LOF,0.023110502782028773,0.06428131525933621,0.9126081819586351
25877,LOF,0.08536498028048436,0.22197269740579967,0.6926623223137159
25878,LOF,0.04788748735626699,0.31155694752457336,0.6405555651191597
25879,LOF,0.009376436780636705,0.20612325751560584,0.7845003057037574
25880,LOF,0.04404138593113822,0.023964038951818235,0.9319945751170436
25881,Neutral,0.5502291545736387,0.10544884387122105,0.3443220015551402
25882,LOF,0.0514938790832694,0.028852021535041707,0.9196540993816888
25883,LOF,0.03150947032993859,0.02655442304661354,0.9419361066234478
25884,LOF,0.018299619002696207,0.03834684474821535,0.9433535362490885
25885,LOF,0.17329397369003627,0.012560076173373276,0.8141459501365905
25886,LOF,0.2743023220889738,0.05200405823097172,0.6736936196800545
25887,LOF,0.08264579465685766,0.1569665126390176,0.7603876927041248
25888,LOF,0.008328641938170421,0.19201387621898766,0.799657481842842
25889,LOF,0.026484576183758653,0.03336318551297579,0.9401522383032656
25890,LOF,0.1943992327900559,0.07380501247031683,0.7317957547396272
25891,LOF,0.11393012288157608,0.04388572603213626,0.8421841510862876
25892,LOF,0.008497298182222935,0.0364157566617066,0.9550869451560705
25893,LOF,0.2858462512043498,0.013553596183303838,0.7006001526123463
25894,LOF,0.3332576718554836,0.00908776481472385,0.6576545633297926
25895,LOF,0.270243072636007,0.021621123875095027,0.7081358034888979
25896,LOF,0.08114252783889553,0.03733880523980319,0.8815186669213013
25897,LOF,0.11551728297345881,0.016300612256135865,0.8681821047704054
25898,LOF,0.1287583780135774,0.037124579315483554,0.834117042670939
25899,LOF,0.385658890992601,0.04311891239709569,0.5712221966103034
25900,Neutral,0.6655490663647176,0.014801290143081493,0.31964964349220104
25901,LOF,0.056045680032703035,0.01673294308235379,0.9272213768849432
25902,LOF,0.07013939340770903,0.012832753777625614,0.9170278528146654
25903,LOF,0.1603582308819037,0.036927601012785985,0.8027141681053103
25904,LOF,0.4457139208291726,0.08605287789901861,0.46823320127180884
25905,LOF,0.00777351167016018,0.3612723046395644,0.6309541836902754
25906,LOF,0.009393844826596413,0.06903603572290208,0.9215701194505014
25907,LOF,0.009673553553158836,0.24909913580302603,0.7412273106438152
25908,LOF,0.008594984965378355,0.22081380409915,0.7705912109354717
25909,LOF,0.03452263457466688,0.09944965012268206,0.866027715302651
25910,LOF,0.016253922370847225,0.107964095648426,0.8757819819807269
25911,LOF,0.19397843283566654,0.028029536506099573,0.777992030658234
25912,LOF,0.13756456927892563,0.02753014790893045,0.834905282812144
25913,LOF,0.01860081809472543,0.030886858358805905,0.9505123235464688
25914,LOF,0.04141299061367613,0.028357809531179567,0.9302291998551442
25915,LOF,0.19439115666869303,0.25746086391735906,0.5481479794139479
25916,LOF,0.013574764794875273,0.13479226655559762,0.8516329686495272
25917,LOF,0.06846996722728739,0.033711642688401655,0.897818390084311
25918,LOF,0.04544085740981936,0.018791175881950662,0.9357679667082299
25919,LOF,0.0387571276859341,0.01997625611412704,0.9412666161999388
25920,LOF,0.3826300955919355,0.1563506903083829,0.46101921409968166
25921,LOF,0.02029972871366334,0.019450980053848935,0.9602492912324878
25922,LOF,0.020299833845257076,0.01958840404602194,0.960111762108721
25923,LOF,0.4459931214700271,0.012054511525880288,0.5419523670040926
25924,LOF,0.028550069629468468,0.01821614738147603,0.9532337829890556
25925,LOF,0.11282222247106675,0.023231092111864683,0.8639466854170685
25926,LOF,0.09507330573657365,0.018667540957411403,0.8862591533060149
25927,LOF,0.027092199277057513,0.027037456846382316,0.9458703438765601
25928,LOF,0.014942772038996513,0.012920344902820182,0.9721368830581834
25929,Neutral,0.5857393422926734,0.011912804961806356,0.40234785274552026
25930,LOF,0.06375080951124831,0.011819034809713243,0.9244301556790384
25931,LOF,0.01650831830065875,0.012000077869008674,0.9714916038303326
25932,LOF,0.08454996449470353,0.010149447698960595,0.9053005878063359
25933,LOF,0.08600245501201531,0.0072223398213829585,0.9067752051666018
25934,LOF,0.08647574862543687,0.007616288663653492,0.9059079627109097
25935,LOF,0.10874933797962505,0.019547844467051583,0.8717028175533235
25936,LOF,0.10168848657700524,0.007606809496371431,0.8907047039266234
25937,LOF,0.01706746904369149,0.015533538956490584,0.9673989919998178
25938,LOF,0.10789620879009766,0.01793441665283745,0.8741693745570649
25939,LOF,0.06806441382051676,0.012896392345440362,0.9190391938340429
25940,LOF,0.011178994667047276,0.4640704800106969,0.5247505253222557
25941,Neutral,0.48724680117506913,0.03496005751588091,0.47779314130905004
25942,LOF,0.011938743607447838,0.05569056785145307,0.9323706885410992
25943,LOF,0.05461345292095794,0.16041489262264097,0.784971654456401
25944,LOF,0.04672800939364715,0.11374442905183645,0.8395275615545164
25945,LOF,0.18304803234909814,0.02600157863890268,0.7909503890119992
25946,LOF,0.08643440088334566,0.06217273726876132,0.8513928618478931
25947,Neutral,0.5130186737755398,0.12099082805096033,0.3659904981734999
25948,Neutral,0.5333260452063737,0.018770258232149353,0.44790369656147705
25949,LOF,0.11405323113136011,0.0451077601871755,0.8408390086814643
25950,GOF,0.08536898543908475,0.6656008487963299,0.24903016576458534
25951,GOF,0.013508368346329527,0.5031672252134409,0.48332440644022967
25952,LOF,0.14875184126175592,0.28366242636011935,0.5675857323781247
25953,LOF,0.007004602141927214,0.31236350201025675,0.680631895847816
25954,LOF,0.05012770639595626,0.4669970094621969,0.4828752841418468
25955,LOF,0.008408866651852578,0.3412826145901869,0.6503085187579605
25956,LOF,0.010136211074440927,0.34503013429261303,0.6448336546329461
25957,LOF,0.16506323806112863,0.051208617520828725,0.7837281444180427
25958,LOF,0.024875521422183737,0.06394834837440054,0.9111761302034157
25959,GOF,0.006572806444152618,0.7157069174074862,0.27772027614836126
25960,LOF,0.00534207304194308,0.11513799040976984,0.8795199365482871
25961,LOF,0.02445679131153773,0.06550731355005955,0.9100358951384028
25962,LOF,0.03748188042714984,0.10387999152546289,0.8586381280473873
25963,LOF,0.011578587936179741,0.159931919776072,0.8284894922877484
25964,LOF,0.04586748304286091,0.08984045159489375,0.8642920653622455
25965,LOF,0.18732252605756336,0.12809338659396086,0.6845840873484756
25966,LOF,0.34423902547155405,0.1353085541933058,0.5204524203351402
25967,LOF,0.007049093790991046,0.11301383735305237,0.8799370688559566
25968,LOF,0.060322926684309566,0.2810141422562914,0.6586629310593991
25969,LOF,0.14029960376600123,0.08733505927582251,0.7723653369581763
25970,LOF,0.05315615104012748,0.07322588487717369,0.8736179640826989
25971,LOF,0.07047055091361888,0.028319871159864122,0.9012095779265169
25972,LOF,0.07232263797460292,0.03204247337322197,0.8956348886521752
25973,LOF,0.080254936971542,0.012747606729115938,0.9069974562993421
25974,LOF,0.06437053447641448,0.04874801578331513,0.8868814497402704
25975,LOF,0.028111271095297742,0.01595453249279227,0.9559341964119099
25976,LOF,0.08599160135377945,0.014635133601810645,0.89937326504441
25977,LOF,0.2541923251094563,0.07422188201315195,0.6715857928773917
25978,LOF,0.1671512497473814,0.14474319073628297,0.6881055595163356
25979,LOF,0.12399830495958353,0.1433952540842717,0.7326064409561448
25980,LOF,0.19595948312667985,0.2447764232825913,0.5592640935907288
25981,LOF,0.19640689225208754,0.2481924958742574,0.555400611873655
25982,LOF,0.27553758055406774,0.12931942795799717,0.5951429914879351
25983,Neutral,0.44779383117942984,0.11580647120218752,0.43639969761838254
25984,LOF,0.05725627871444082,0.07004769559466521,0.8726960256908939
25985,Neutral,0.4705079050912382,0.12079132574373738,0.40870076916502435
25986,LOF,0.012199578128403174,0.38472269306989554,0.6030777288017012
25987,LOF,0.03244216553195656,0.0903629441594406,0.8771948903086029
25988,LOF,0.04560678566224896,0.11442563343034619,0.8399675809074049
25989,LOF,0.04360099442052988,0.13486161333352192,0.8215373922459481
25990,LOF,0.04871538541951209,0.25574139065649826,0.6955432239239897
25991,GOF,0.020159304738456358,0.5702398154620261,0.40960087979951765
25992,LOF,0.009844077012451612,0.43840279238385343,0.5517531306036949
25993,LOF,0.018733551954961306,0.08413078671243403,0.8971356613326046
25994,LOF,0.02610256269646699,0.09835862979797191,0.8755388075055611
25995,LOF,0.017223744039776088,0.1524893511679239,0.8302869047922999
25996,GOF,0.31002817640660235,0.48306061382013066,0.20691120977326694
25997,GOF,0.05150340032662498,0.6227091583062357,0.32578744136713933
25998,LOF,0.23405998285784702,0.033204108632217365,0.7327359085099356
25999,LOF,0.02506235734768932,0.28002558036450287,0.6949120622878079
26000,LOF,0.13736328060739017,0.018257090577414283,0.8443796288151955
26001,LOF,0.15526567128486174,0.021297808965626438,0.8234365197495118
26002,LOF,0.09372872237294476,0.02029815288946775,0.8859731247375875
26003,GOF,0.006308191658486451,0.5636812916860422,0.4300105166554714
26004,GOF,0.017125642913732062,0.5751568069053461,0.40771755018092176
26005,GOF,0.005787468983131372,0.49896061313243695,0.49525191788443157
26006,GOF,0.1008097149911505,0.5021343241463944,0.39705596086245515
26007,GOF,0.00997680324009003,0.5363414629625193,0.45368173379739074
26008,GOF,0.006805909372034925,0.5833839657007257,0.40981012492723945
26009,GOF,0.012281798030772745,0.6222674295167427,0.36545077245248453
26010,GOF,0.010547093940344511,0.5400821776877168,0.44937072837193864
26011,LOF,0.005943219805317574,0.39743889089684,0.5966178892978424
26012,GOF,0.005650737218258646,0.506278398928858,0.48807086385288334
26013,LOF,0.010547846097875773,0.4778004049602984,0.5116517489418259
26014,LOF,0.049236736167200416,0.08268981226752492,0.8680734515652747
26015,LOF,0.36827414123460833,0.025788577758378655,0.6059372810070129
26016,LOF,0.2628873453383647,0.04593627282120554,0.6911763818404298
26017,LOF,0.015992931534481697,0.1800034272965246,0.8040036411689938
26018,LOF,0.019250221170405025,0.0915020293824309,0.889247749447164
26019,LOF,0.0195177875799507,0.07788993001364948,0.9025922824063998
26020,LOF,0.006588344831535844,0.1558468670953372,0.837564788073127
26021,LOF,0.07243734899088157,0.08042076355206355,0.8471418874570549
26022,LOF,0.041242761123038624,0.03314158273901889,0.9256156561379425
26023,LOF,0.031253447966661324,0.06981329996150738,0.8989332520718313
26024,LOF,0.04979661496957646,0.05724248463475357,0.8929609003956699
26025,LOF,0.13658694828649412,0.07110730718962929,0.7923057445238766
26026,LOF,0.11771716583549287,0.05230707371573709,0.82997576044877
26027,LOF,0.026949694001872686,0.04135026203621915,0.9317000439619082
26028,LOF,0.08715523999916377,0.2025892506898472,0.7102555093109891
26029,LOF,0.03590267261734014,0.1760044437421134,0.7880928836405465
26030,LOF,0.13042093406636296,0.020945758931668945,0.848633307001968
26031,LOF,0.015959372753737593,0.17624265016943313,0.8077979770768293
26032,LOF,0.029100940162759017,0.030944921960236176,0.9399541378770048
26033,LOF,0.04927536391260022,0.05188559902207563,0.8988390370653242
26034,LOF,0.023074508707888415,0.1199261169518889,0.8569993743402227
26035,LOF,0.013625286526744365,0.13685233746073078,0.8495223760125249
26036,LOF,0.012723651040631695,0.11116271446148375,0.8761136344978846
26037,LOF,0.012752541212794708,0.11484353559295349,0.8724039231942518
26038,LOF,0.02581479693995745,0.030559556198269736,0.9436256468617729
26039,LOF,0.036601283738551586,0.15987421944801672,0.8035244968134317
26040,LOF,0.07522306635337564,0.18726193481314257,0.7375149988334818
26041,LOF,0.015052972615940656,0.12215735744696449,0.8627896699370948
26042,LOF,0.014273202775572579,0.12825974634354437,0.857467050880883
26043,LOF,0.025069332557727943,0.052944934474670344,0.9219857329676018
26044,LOF,0.008369560054909755,0.051270715516474455,0.9403597244286157
26045,LOF,0.0950769887602105,0.24731420279933133,0.6576088084404581
26046,LOF,0.02544659056179388,0.051310831330432655,0.9232425781077735
26047,LOF,0.07181956802224707,0.04937561175133321,0.8788048202264196
26048,LOF,0.08372434457792308,0.025927854294545024,0.8903478011275319
26049,Neutral,0.939753477226028,0.006882834982245972,0.05336368779172608
26050,Neutral,0.9004751657138068,0.008230127913878341,0.0912947063723148
26051,LOF,0.03436200260278331,0.33326475630333724,0.6323732410938794
26052,LOF,0.03594371210536965,0.24049436920368128,0.7235619186909491
26053,LOF,0.020531310373075283,0.19169690191336336,0.7877717877135614
26054,LOF,0.05900025985381431,0.06629541330285983,0.8747043268433258
26055,LOF,0.07645657896573259,0.0706647276561595,0.852878693378108
26056,LOF,0.07155160862449524,0.0732965676488341,0.8551518237266708
26057,LOF,0.04767501161969856,0.019690020842109832,0.9326349675381915
26058,LOF,0.052857508424446545,0.01597921260409175,0.9311632789714618
26059,LOF,0.2591081731083779,0.0829465535814941,0.6579452733101281
26060,LOF,0.019239459099878307,0.21659949175212975,0.764161049147992
26061,LOF,0.01367953026966511,0.012838894484871436,0.9734815752454635
26062,LOF,0.0064302370842781115,0.027683804032146438,0.9658859588835755
26063,LOF,0.04386688806242041,0.016230910086487013,0.9399022018510925
26064,LOF,0.00895670192783817,0.017536739947955505,0.9735065581242064
26065,LOF,0.0478613367176213,0.021208810950592447,0.9309298523317863
26066,LOF,0.041161328291524274,0.014918447354174521,0.9439202243543011
26067,LOF,0.04835466327075062,0.016322066975776345,0.9353232697534731
26068,LOF,0.05719000475750089,0.04966260498434238,0.8931473902581567
26069,LOF,0.21530767292880726,0.04327606692501062,0.7414162601461821
26070,LOF,0.46322943933445393,0.025665128945452108,0.5111054317200939
26071,LOF,0.05028689782667183,0.020271938118678338,0.9294411640546498
26072,LOF,0.009275353185229755,0.02279521098327241,0.9679294358314978
26073,LOF,0.05130036582520844,0.015535968902646542,0.9331636652721451
26074,Neutral,0.697801426006096,0.020209365794599494,0.28198920819930456
26075,LOF,0.0445584517957707,0.03758534416062485,0.9178562040436044
26076,LOF,0.04874002062478422,0.020028388051673632,0.9312315913235422
26077,LOF,0.18180615120673752,0.01958340003420465,0.7986104487590577
26078,LOF,0.0069146277259466826,0.029894627354721665,0.9631907449193317
26079,LOF,0.06112173419419569,0.03600860963633418,0.9028696561694702
26080,LOF,0.060139923652946674,0.03628214326476968,0.9035779330822836
26081,LOF,0.04976785264938082,0.017651110693563593,0.9325810366570556
26082,LOF,0.007185441373300943,0.027757641028640652,0.9650569175980585
26083,LOF,0.06996203901431952,0.03088843770285116,0.8991495232828294
26084,LOF,0.08039608840650794,0.01987044324511838,0.8997334683483736
26085,LOF,0.06765120212359711,0.017133253457607172,0.9152155444187958
26086,LOF,0.042146533325954444,0.022307286813512458,0.935546179860533
26087,LOF,0.04494585159203591,0.018313780517771758,0.9367403678901923
26088,LOF,0.007445243460967697,0.041539145960808196,0.951015610578224
26089,LOF,0.03945124292721053,0.05510258667923607,0.9054461703935534
26090,LOF,0.039380242379217265,0.04856499388015155,0.9120547637406311
26091,LOF,0.03526690960563724,0.01562316422807991,0.9491099261662829
26092,LOF,0.04774539863464063,0.015223111516442555,0.9370314898489169
26093,LOF,0.07769596000901291,0.0094415268127211,0.9128625131782659
26094,LOF,0.04535139041887227,0.012522289299569,0.9421263202815588
26095,LOF,0.015603683478832592,0.03182980043393025,0.9525665160872371
26096,LOF,0.2818727967197393,0.006419730577430501,0.7117074727028302
26097,LOF,0.007787859454296912,0.05836614338611637,0.9338459971595866
26098,LOF,0.06042163075504098,0.035825707891880804,0.9037526613530782
26099,LOF,0.05540255239722364,0.040202237364961375,0.9043952102378151
26100,LOF,0.05540255239722364,0.040202237364961375,0.9043952102378151
26101,LOF,0.05486847172373991,0.05066167937727195,0.8944698488989882
26102,LOF,0.04361227727972128,0.0233998920040098,0.932987830716269
26103,Neutral,0.8943948837407973,0.0404982714868796,0.06510684477232302
26104,LOF,0.05339892709190819,0.08933978636453789,0.8572612865435539
26105,LOF,0.24008544662163256,0.07385070661897078,0.6860638467593967
26106,LOF,0.2928047584852106,0.03966877121782277,0.6675264702969667
26107,LOF,0.01690924333254656,0.06064455682000916,0.9224461998474444
26108,LOF,0.17065948422162386,0.06314047683755213,0.7662000389408241
26109,LOF,0.04189578847013551,0.055682502106384424,0.9024217094234801
26110,Neutral,0.5194111115856662,0.01672852272224179,0.46386036569209205
26111,LOF,0.0543639858419418,0.12096371489852126,0.8246722992595369
26112,LOF,0.07071350998518501,0.016317522196044036,0.912968967818771
26113,LOF,0.07691141593705289,0.03012433249008021,0.892964251572867
26114,LOF,0.09988007525572053,0.010467588268729573,0.88965233647555
26115,LOF,0.02269442694922998,0.06086718870368186,0.9164383843470882
26116,LOF,0.06274609190454009,0.019282448809136175,0.9179714592863237
26117,LOF,0.38926425221524874,0.045002355244881546,0.5657333925398697
26118,LOF,0.04116857598542623,0.02277808920538988,0.936053334809184
26119,LOF,0.006287551008053103,0.09031374181325041,0.9033987071786965
26120,LOF,0.034221928132534954,0.01846029746676368,0.9473177744007013
26121,LOF,0.004575439508344204,0.11047894466523718,0.8849456158264186
