feature0,prediction,LoGoFunc_Neutral,LoGoFunc_GOF,LoGoFunc_LOF
25546,Neutral,0.6576204456843966,0.05065513323739816,0.2917244210782053
25547,Neutral,0.5388153332576143,0.10871637153232751,0.35246829521005824
25548,Neutral,0.5029085804478008,0.078610766560706,0.4184806529914932
25549,Neutral,0.47639489609821767,0.07684829980410587,0.4467568040976765
25550,LOF,0.4035094087813274,0.1406614667669616,0.45582912445171103
25551,LOF,0.3298188961409748,0.1371254388352554,0.5330556650237698
25552,LOF,0.18790773992761514,0.14920388928970205,0.6628883707826829
25553,Neutral,0.8218556950561855,0.0350463604153693,0.1430979445284453
25554,LOF,0.22967529883893376,0.15028773803191736,0.6200369631291488
25555,LOF,0.1831985252528535,0.13408138002383918,0.6827200947233073
25556,Neutral,0.5133929642513106,0.10256467883815959,0.3840423569105298
25557,LOF,0.1779979825949971,0.1388971834146437,0.6831048339903593
25558,LOF,0.2284915913621812,0.15483279206263612,0.6166756165751827
25559,Neutral,0.5825061567514043,0.06021246199198846,0.3572813812566073
25560,LOF,0.043722473458955365,0.3006486856139416,0.655628840927103
25561,LOF,0.07759487538010386,0.3418300035856219,0.5805751210342742
25562,LOF,0.09913298682411827,0.1825571474553271,0.7183098657205547
25563,LOF,0.09557436579989206,0.21031600790561325,0.6941096262944947
25564,LOF,0.06217767877468345,0.28665987960402134,0.6511624416212952
25565,LOF,0.14889367374491821,0.1567170720519943,0.6943892542030875
25566,GOF,0.01410967170689725,0.7358382091430671,0.2500521191500357
25567,LOF,0.013490545752357978,0.12750004451437308,0.8590094097332689
25568,LOF,0.04773117000182968,0.07427168628839584,0.8779971437097746
25569,LOF,0.05683986876711585,0.07252084222771468,0.8706392890051694
25570,LOF,0.06761589867478586,0.1081258387177746,0.8242582626074396
25571,LOF,0.07025220290279464,0.10060235319324577,0.8291454439039596
25572,LOF,0.06728145452139775,0.13336366455775875,0.7993548809208435
25573,LOF,0.02845761055806766,0.08669395116533979,0.8848484382765924
25574,LOF,0.01716540765251769,0.14204145266156565,0.8407931396859166
25575,LOF,0.054621970582868724,0.10631239744946086,0.8390656319676704
25576,LOF,0.020223366996999316,0.10328281390488217,0.8764938190981185
25577,LOF,0.012880052512508596,0.13300205979123483,0.8541178876962565
25578,LOF,0.23542274810147634,0.0900858182409905,0.6744914336575332
25579,LOF,0.23806613656605366,0.08914805244900012,0.6727858109849462
25580,LOF,0.03859665474002013,0.09247497239373853,0.8689283728662414
25581,LOF,0.04828951176657396,0.07897554303862125,0.8727349451948048
25582,LOF,0.04801830956426804,0.07543696782870513,0.8765447226070268
25583,LOF,0.0458197356644739,0.11102588199500332,0.8431543823405229
25584,Neutral,0.4803883492563581,0.08438468448300675,0.435226966260635
25585,LOF,0.032685982228214554,0.10221290148560949,0.865101116286176
25586,LOF,0.035594334408648856,0.08099431484444891,0.8834113507469022
25587,LOF,0.03274181860324062,0.07046823255441674,0.8967899488423426
25588,LOF,0.032626403835101674,0.08681501045085734,0.880558585714041
25589,Neutral,0.6162743111107751,0.08647226052163226,0.29725342836759255
25590,LOF,0.025615659522210447,0.12401339220398522,0.8503709482738043
25591,LOF,0.10604735669072501,0.06123043505792503,0.8327222082513499
25592,LOF,0.09963914830869715,0.13021669623038368,0.7701441554609192
25593,LOF,0.014434514264000919,0.2082950871043396,0.7772703986316596
25594,LOF,0.033959523997140105,0.2053028644223923,0.7607376115804677
25595,LOF,0.0648654063045931,0.14978362357349084,0.7853509701219161
25596,LOF,0.08802319827476321,0.11984904416257804,0.7921277575626587
25597,LOF,0.08112627115371415,0.05719838266204261,0.8616753461842432
25598,LOF,0.0439832405465707,0.20827965535712312,0.7477371040963062
25599,GOF,0.007010483273631708,0.6347989027577166,0.3581906139686517
25600,GOF,0.00774756571926573,0.5768940784608697,0.4153583558198645
25601,LOF,0.006849151148836501,0.4114848635292438,0.5816659853219197
25602,LOF,0.014922437966792192,0.09898316689193201,0.8860943951412759
25603,LOF,0.03815565950349313,0.03848078197252671,0.9233635585239801
25604,LOF,0.0348791030757328,0.0896718238546415,0.8754490730696258
25605,LOF,0.010141215650877595,0.23218491978700992,0.7576738645621125
25606,GOF,0.05766780202255454,0.5415103887049663,0.40082180927247907
25607,LOF,0.0038284442637200136,0.1711147485872068,0.8250568071490731
25608,LOF,0.04634951667163579,0.049306326710414204,0.9043441566179501
25609,LOF,0.05508546170717656,0.2807077492432952,0.6642067890495282
25610,LOF,0.05395188853406957,0.03579952103602868,0.9102485904299017
25611,LOF,0.059610561803967045,0.026226392342339457,0.9141630458536935
25612,LOF,0.1255710851043177,0.069273627988068,0.8051552869076144
25613,LOF,0.10734773749857461,0.06095056688340913,0.8317016956180163
25614,LOF,0.04099695500938614,0.04378398876285555,0.9152190562277582
25615,LOF,0.07626551518242118,0.06185073153622918,0.8618837532813497
25616,LOF,0.04403893513059502,0.060003562329042914,0.8959575025403621
25617,LOF,0.05148423752582225,0.06400152302456037,0.8845142394496174
25618,LOF,0.2748611198960917,0.04573638393581627,0.679402496168092
25619,LOF,0.04681432703775701,0.04549568025414744,0.9076899927080956
25620,LOF,0.042021606588114956,0.06568525497465855,0.8922931384372265
25621,LOF,0.04524549101873294,0.04942492377596307,0.905329585205304
25622,LOF,0.035311491925112945,0.06962960547413223,0.8950589026007548
25623,LOF,0.053901183997609244,0.04381117164023164,0.9022876443621591
25624,LOF,0.032905211248024376,0.05501067118182313,0.9120841175701524
25625,LOF,0.04211333621929909,0.06914484945731612,0.8887418143233847
25626,LOF,0.08226780109847785,0.05176290453754298,0.8659692943639792
25627,Neutral,0.5658096630635762,0.1153891180556324,0.3188012188807914
25628,LOF,0.21480659961520898,0.05350866016903888,0.7316847402157521
25629,LOF,0.07100043216310017,0.1533266205033827,0.7756729473335171
25630,LOF,0.18644654504278496,0.08137491621519209,0.7321785387420229
25631,Neutral,0.5905180233677615,0.058022153328398836,0.3514598233038397
25632,LOF,0.022136501935927713,0.08579991201156978,0.8920635860525026
25633,LOF,0.23184454748184993,0.08195804938882825,0.6861974031293219
25634,LOF,0.04028903935681308,0.07988244440170755,0.8798285162414793
25635,LOF,0.03686182461361152,0.07101484401416798,0.8921233313722204
25636,GOF,0.005431327964055232,0.6868354654620485,0.3077332065738962
25637,GOF,0.004038752803622622,0.5811753842427202,0.4147858629536571
25638,GOF,0.006941716051345189,0.551852182404147,0.4412061015445078
25639,GOF,0.004365039169455616,0.5029648925507034,0.49267006827984094
25640,GOF,0.38083045338498356,0.5584802716413655,0.06068927497365095
25641,LOF,0.006292129104840653,0.2834739607481312,0.7102339101470281
25642,LOF,0.24570262482870012,0.10293483794977944,0.6513625372215205
25643,LOF,0.2578658958369202,0.23289146380046774,0.509242640362612
25644,GOF,0.014826841719576716,0.6878657331019452,0.2973074251784781
25645,GOF,0.010681252599839994,0.5801263339074566,0.40919241349270347
25646,LOF,0.011670368347489277,0.4117942178364803,0.5765354138160305
25647,LOF,0.010964031400405614,0.29623915403856427,0.6927968145610301
25648,LOF,0.007975900800523981,0.40094414276908835,0.5910799564303877
25649,LOF,0.007886102542109492,0.2207724179563693,0.7713414795015211
25650,GOF,0.02240664363300276,0.558416899814121,0.4191764565528761
25651,LOF,0.006279775592854455,0.2795754699679871,0.7141447544391585
25652,LOF,0.011854818446124044,0.3698731594526399,0.6182720221012361
25653,GOF,0.04738328436169429,0.5514000598448161,0.4012166557934897
25654,LOF,0.008717417447507704,0.3494681908058428,0.6418143917466494
25655,GOF,0.0679490386138777,0.5021268787975952,0.4299240825885271
25656,LOF,0.09781941347247247,0.10249431859701734,0.7996862679305102
25657,LOF,0.28152445255866987,0.04537959842356801,0.6730959490177623
25658,LOF,0.03759234768324112,0.197966515600104,0.7644411367166549
25659,LOF,0.24623768816368313,0.09893675481854054,0.6548255570177763
25660,LOF,0.09572604063568198,0.07974811356394704,0.824525845800371
25661,LOF,0.06949328797202164,0.06552901010317168,0.8649777019248067
25662,LOF,0.0391594570856305,0.05628875760869059,0.9045517853056788
25663,LOF,0.047449208537649334,0.10645266682185736,0.8460981246404932
25664,LOF,0.032471548062066265,0.12898520292304175,0.838543249014892
25665,LOF,0.042931988211376094,0.059416866368798484,0.8976511454198255
25666,LOF,0.041335482942313,0.14190896786536694,0.8167555491923201
25667,LOF,0.03955309331708557,0.04720966807929835,0.913237238603616
25668,LOF,0.05389615359192453,0.058153134315302224,0.8879507120927733
25669,LOF,0.05317943808252387,0.08171823638184536,0.8651023255356307
25670,LOF,0.08000186977610198,0.08089904107235976,0.8390990891515383
25671,LOF,0.04924638136191449,0.04663005256007877,0.9041235660780066
25672,LOF,0.049825268864982716,0.06658364303307975,0.8835910881019376
25673,LOF,0.03945682512281197,0.060545421815468674,0.8999977530617193
25674,LOF,0.02845420985590548,0.07414657871052707,0.8973992114335674
25675,LOF,0.035253598434829204,0.059912313874480476,0.9048340876906903
25676,LOF,0.036808752582062246,0.06334894173380595,0.8998423056841319
25677,LOF,0.09186999410577172,0.053024751348165644,0.8551052545460627
25678,LOF,0.18757869005483496,0.042335008709819176,0.7700863012353459
25679,LOF,0.1272808809965464,0.048081291239117786,0.8246378277643359
25680,LOF,0.09336297483240505,0.0831993522297895,0.8234376729378053
25681,LOF,0.10458314721172164,0.07983215609118167,0.8155846966970968
25682,LOF,0.05030801222501222,0.052262019940628304,0.8974299678343595
25683,LOF,0.08459259054149927,0.06948010512754021,0.8459273043309604
25684,LOF,0.06823554011030836,0.058286991090227995,0.8734774687994636
25685,LOF,0.13046916761034788,0.04459870021338728,0.8249321321762647
25686,LOF,0.025228834758818635,0.10320898505349485,0.8715621801876865
25687,LOF,0.05671958254123212,0.11316239527840762,0.8301180221803602
25688,LOF,0.02219625570006382,0.06051534520224245,0.9172883990976937
25689,LOF,0.019367078166177037,0.03424908741820543,0.9463838344156176
25690,LOF,0.019799360262969093,0.04337274932024491,0.9368278904167859
25691,LOF,0.11237854984363001,0.06431806236981116,0.8233033877865588
25692,LOF,0.290979884262073,0.01307069124606633,0.6959494244918607
25693,LOF,0.03408237696904348,0.2949963935487804,0.6709212294821761
25694,LOF,0.2327084127156166,0.016650216661403303,0.7506413706229801
25695,LOF,0.18139710351260815,0.03296542361557957,0.7856374728718124
25696,LOF,0.08817450311995581,0.031659452356981976,0.8801660445230622
25697,LOF,0.08541140440370898,0.05286682551275348,0.8617217700835375
25698,LOF,0.016431571524839744,0.40487143597397135,0.578696992501189
25699,LOF,0.0860868166223243,0.10425524104989717,0.8096579423277784
25700,LOF,0.037580031830365755,0.01991101910048146,0.9425089490691527
25701,LOF,0.013258140270698004,0.09896646084656566,0.8877753988827364
25702,GOF,0.024923029894311208,0.7825753173892308,0.1925016527164581
25703,LOF,0.013892901218637411,0.2645883484823233,0.7215187502990392
25704,LOF,0.06660592684154523,0.16675521637396354,0.7666388567844913
25705,LOF,0.06637368963424059,0.1806077649227873,0.753018545442972
25706,GOF,0.0193720797099766,0.6691882529236344,0.31143966736638895
25707,GOF,0.031198126449364375,0.5406388583574949,0.42816301519314076
25708,GOF,0.008053609146282678,0.5015707674164424,0.4903756234372749
25709,LOF,0.031310318722879725,0.0716027799579398,0.8970869013191806
25710,LOF,0.006134818692389569,0.14585120446725697,0.8480139768403535
25711,LOF,0.03328435752301447,0.1397839842198921,0.8269316582570934
25712,LOF,0.008637047115674359,0.20934895587956362,0.782013997004762
25713,LOF,0.031798530514113216,0.11495919891184855,0.8532422705740382
25714,LOF,0.028118050715606295,0.14898781950074227,0.8228941297836515
25715,LOF,0.03879367346791386,0.13217954927322595,0.8290267772588602
25716,LOF,0.006675201285799452,0.14837873304868,0.8449460656655206
25717,LOF,0.005992808980553664,0.11157161659121953,0.8824355744282268
25718,LOF,0.032306182587111404,0.07780456343243848,0.8898892539804502
25719,LOF,0.04551622909393566,0.11616453676257779,0.8383192341434866
25720,LOF,0.0399166947993676,0.1251878078727121,0.8348954973279203
25721,LOF,0.031478695095661514,0.12380602908775466,0.8447152758165839
25722,LOF,0.019867123683527745,0.15776636487250642,0.8223665114439659
25723,LOF,0.03661335663697104,0.1114699218851504,0.8519167214778786
25724,LOF,0.05668267490726615,0.2531600303388437,0.6901572947538902
25725,LOF,0.037114569893042675,0.09983435260954757,0.8630510774974098
25726,LOF,0.023231124479450263,0.15069897907774257,0.8260698964428073
25727,LOF,0.03092189845968301,0.11601322262245221,0.8530648789178649
25728,LOF,0.033043583663227356,0.12688066634810502,0.8400757499886675
25729,LOF,0.030223203635311516,0.14755967967996278,0.8222171166847257
25730,LOF,0.040196368677134914,0.08508625262543187,0.8747173786974333
25731,LOF,0.010939799080217302,0.09814353280618537,0.8909166681135974
25732,LOF,0.022772974622735104,0.07803224558691078,0.899194779790354
25733,LOF,0.041439332376076346,0.08549982496103446,0.8730608426628892
25734,LOF,0.006740765287269598,0.23916203488481635,0.754097199827914
25735,LOF,0.027762537090490032,0.0919558299615345,0.8802816329479755
25736,LOF,0.02605034938333438,0.15759710358897616,0.8163525470276893
25737,LOF,0.03886241755059586,0.12053392249685599,0.8406036599525482
25738,LOF,0.03046571543963564,0.16021220390144783,0.8093220806589165
25739,LOF,0.030023394087729863,0.11626016422829605,0.853716441683974
25740,LOF,0.0412127058346145,0.1376229808952744,0.8211643132701112
25741,LOF,0.04583933618478223,0.11378943415256151,0.8403712296626563
25742,LOF,0.06298987119712592,0.11882433490575534,0.8181857938971188
25743,LOF,0.011756997210310595,0.02446308979391031,0.9637799129957791
25744,LOF,0.1913695041261924,0.14599087085647014,0.6626396250173375
25745,LOF,0.03348764360388151,0.06024530436978238,0.9062670520263361
25746,LOF,0.013514123296623581,0.09398284703796744,0.8925030296654088
25747,LOF,0.05413280732704832,0.027799344995669724,0.9180678476772819
25748,LOF,0.3127257468700265,0.05258897180575102,0.6346852813242224
25749,LOF,0.015017717269250256,0.05158015753711219,0.9334021251936375
25750,LOF,0.019272295875025124,0.054499370654477845,0.9262283334704972
25751,LOF,0.05048571009341126,0.042980941421035444,0.9065333484855533
25752,GOF,0.08029933152861507,0.6806494409583878,0.2390512275129972
25753,LOF,0.007698855171947439,0.44254152574405475,0.5497596190839978
25754,GOF,0.00765119898666507,0.8952437936837786,0.09710500732955647
25755,LOF,0.007381078764372001,0.44073066259613053,0.5518882586394974
25756,LOF,0.024962594729907073,0.445839195960559,0.529198209309534
25757,GOF,0.008454065530432096,0.8819407127526627,0.10960522171690519
25758,GOF,0.009105161908357855,0.8964890945650733,0.09440574352656884
25759,GOF,0.006093234720518511,0.6899283079392209,0.3039784573402606
25760,LOF,0.005924695028292607,0.3298461308052113,0.664229174166496
25761,GOF,0.0462871323292898,0.8619026458735382,0.09181022179717209
25762,LOF,0.027634455367585496,0.3711950063097262,0.6011705383226883
25763,LOF,0.006189121436544631,0.3055254300040998,0.6882854485593556
25764,GOF,0.06275384361117117,0.6950959138978997,0.2421502424909292
25765,GOF,0.009150899417982944,0.8905768129282567,0.10027228765376033
25766,GOF,0.026251891825044064,0.8456639114967885,0.12808419667816737
25767,GOF,0.018569195585049325,0.5350557511357549,0.4463750532791957
25768,LOF,0.05643032585444413,0.049798319114407345,0.8937713550311485
25769,LOF,0.02539738487745277,0.07475705600282144,0.8998455591197257
25770,LOF,0.13468621019335855,0.14680294502466645,0.718510844781975
25771,LOF,0.0186657830988775,0.09175461148263186,0.8895796054184906
25772,LOF,0.02845882959151642,0.037442064556199195,0.9340991058522845
25773,LOF,0.013886800883531768,0.08676146938136546,0.8993517297351027
25774,LOF,0.024444673198881935,0.2215252258186226,0.7540301009824955
25775,LOF,0.017854396921079894,0.04749364873077955,0.9346519543481405
25776,LOF,0.030613393993408868,0.024077830972533364,0.9453087750340579
25777,LOF,0.2972270265239655,0.11831396657609966,0.5844590068999349
25778,LOF,0.02474829159829007,0.08724289555359713,0.8880088128481127
25779,GOF,0.05511410631423943,0.8845815988632643,0.06030429482249619
25780,GOF,0.06852621390295426,0.8739330363706702,0.05754074972637545
25781,GOF,0.029887795399203592,0.8517549465754568,0.1183572580253396
25782,GOF,0.03877870534012381,0.9018935064012609,0.05932778825861529
25783,GOF,0.03520752840796323,0.9151616931096472,0.049630778482389414
25784,GOF,0.12126713316271413,0.8332869147940484,0.04544595204323748
25785,GOF,0.11750886668013942,0.8491102568507547,0.03338087646910604
25786,GOF,0.011134008861869282,0.8712009825410953,0.11766500859703523
25787,GOF,0.2677742123785455,0.6898325735966118,0.042393214024842765
25788,LOF,0.020293962187392538,0.19237466343755666,0.7873313743750509
25789,GOF,0.02120125560350058,0.8672205191429438,0.11157822525355555
25790,GOF,0.029077135150433548,0.8963904123380684,0.07453245251149808
25791,GOF,0.02497723266394986,0.7639489191358172,0.21107384820023303
25792,GOF,0.03077656619902651,0.8145334656886986,0.15468996811227492
25793,GOF,0.04658530333499398,0.8123552324624669,0.14105946420253918
25794,GOF,0.04946533359054542,0.7500230422670137,0.2005116241424409
25795,GOF,0.0498624840079838,0.7523969676919724,0.1977405483000438
25796,GOF,0.12739370160254912,0.7950744587970329,0.07753183960041805
25797,GOF,0.06753565418246261,0.7287463856982561,0.20371796011928126
25798,GOF,0.007169230035793555,0.7945614945096141,0.19826927545459222
25799,GOF,0.004800520619760853,0.7127060008762695,0.2824934785039698
25800,GOF,0.02427085967806873,0.8576295796360979,0.11809956068583327
25801,GOF,0.025297208139188378,0.9013748040258783,0.07332798783493343
25802,GOF,0.02855831509577132,0.8058869149893805,0.16555476991484827
25803,GOF,0.020388337345938947,0.7409249702582759,0.2386866923957851
25804,GOF,0.03192734004303119,0.8082019363993649,0.15987072355760387
25805,GOF,0.02870023436308615,0.840893184776373,0.13040658086054077
25806,GOF,0.038424586982560675,0.8446776694339659,0.1168977435834734
25807,GOF,0.015086199504994105,0.7988028301826033,0.18611097031240256
25808,GOF,0.025192532407217336,0.8172354629528764,0.15757200463990634
25809,GOF,0.013818859582528958,0.7639823549382009,0.22219878547927013
25810,GOF,0.011887069724707423,0.747746564835762,0.24036636543953052
25811,GOF,0.06826842442399847,0.8652179617440765,0.06651361383192503
25812,GOF,0.031445753994242445,0.8019464335900172,0.1666078124157404
25813,GOF,0.18137427027361205,0.7495440638480956,0.06908166587829243
25814,GOF,0.02946893545492881,0.7895337169529492,0.18099734759212202
25815,GOF,0.05935950950123235,0.8106828848820928,0.1299576056166748
25816,GOF,0.009888353143880802,0.865646721865478,0.12446492499064121
25817,GOF,0.10710069294128403,0.7829915071710535,0.10990779988766249
25818,GOF,0.029709601402107953,0.8106063594907377,0.15968403910715423
25819,GOF,0.0520767915424813,0.785814555906218,0.16210865255130075
25820,GOF,0.05216003430314225,0.7675427145570124,0.18029725113984538
25821,GOF,0.036272815440683816,0.8103374592434188,0.15338972531589734
25822,GOF,0.05886941504740226,0.7809366780933441,0.1601939068592537
25823,GOF,0.028836774519245705,0.7443614080050318,0.22680181747572237
25824,GOF,0.029796965937165458,0.8087052423617083,0.16149779170112638
25825,GOF,0.02200358619137771,0.8107730627156947,0.16722335109292744
25826,GOF,0.012091168839171934,0.7496367470542749,0.2382720841065533
25827,GOF,0.015463010930969768,0.7423274450224652,0.24220954404656517
25828,GOF,0.010413691624001497,0.772738501815869,0.21684780656012947
25829,GOF,0.00461504673231561,0.6756371529804627,0.31974780028722166
25830,GOF,0.05412882419654298,0.548603204547383,0.3972679712560741
25831,GOF,0.06784609623702781,0.8201227783152579,0.11203112544771426
25832,GOF,0.011542108365837096,0.7550529141054895,0.23340497752867334
25833,GOF,0.03798498053863356,0.8243557668958834,0.137659252565483
25834,GOF,0.011825910294463723,0.7772677438712898,0.2109063458342465
25835,GOF,0.026079716509113268,0.8409779083850999,0.13294237510578685
25836,GOF,0.007779982295208041,0.7699594474273428,0.2222605702774491
25837,GOF,0.009182063696787918,0.7741960286015102,0.21662190770170187
25838,GOF,0.02010134189514571,0.8399295263174034,0.13996913178745102
25839,GOF,0.04604412154559419,0.8258140548228919,0.1281418236315138
25840,GOF,0.0782632821112327,0.7881372829856416,0.1335994349031256
25841,GOF,0.07330921170313856,0.829044307230096,0.09764648106676535
25842,GOF,0.02607169653357377,0.8911949649060715,0.08273333856035467
25843,GOF,0.026393761409342246,0.8922856586684215,0.08132057992223612
25844,GOF,0.020677035248422838,0.834883414650078,0.14443955010149923
25845,GOF,0.007244469533650852,0.7317706383835882,0.260984892082761
25846,GOF,0.06715672992928198,0.8472378493681275,0.08560542070259035
25847,GOF,0.016641843557208685,0.8899708562956281,0.09338730014716301
25848,GOF,0.023787953714155048,0.8327489193838645,0.14346312690198043
25849,GOF,0.007870998768035563,0.804959300928553,0.1871697003034115
25850,GOF,0.006951230868990473,0.717878130806067,0.2751706383249426
25851,GOF,0.006181808250500854,0.6612994885575535,0.3325187031919457
25852,GOF,0.1439333887226781,0.5456598497900723,0.3104067614872496
25853,GOF,0.05046196521047432,0.8114760920378475,0.13806194275167807
25854,GOF,0.006811640522222045,0.7495039769777891,0.2436843824999888
25855,GOF,0.02223463783254542,0.6635018506520858,0.3142635115153688
25856,GOF,0.043257702357726455,0.7569198288060958,0.1998224688361778
25857,GOF,0.022176956383130123,0.6474325465294551,0.33039049708741475
25858,GOF,0.009322294277380164,0.6172763105206693,0.37340139520195054
25859,GOF,0.006828697306754824,0.5897196125350113,0.40345169015823396
25860,GOF,0.08324415998709497,0.75750773916019,0.15924810085271499
25861,GOF,0.09212162921288193,0.831974598272826,0.07590377251429221
25862,GOF,0.02267509080123794,0.9044040366137623,0.07292087258499974
25863,GOF,0.019791372023341264,0.8873336203804323,0.09287500759622647
25864,GOF,0.03413474257649868,0.8990258290531192,0.06683942837038204
25865,GOF,0.03656398647358135,0.8780160167991885,0.08541999672723014
25866,GOF,0.018834045832615335,0.8733324206348657,0.10783353353251895
25867,GOF,0.03917610903373336,0.8729024199097569,0.08792147105650973
25868,GOF,0.06572295361223046,0.7891589444146252,0.14511810197314437
25869,GOF,0.2905950241458878,0.6187885602532536,0.09061641560085858
25870,GOF,0.06968523807629622,0.5961980142257542,0.3341167476979496
25871,GOF,0.008603120615519513,0.8302144616011972,0.16118241778328343
25872,GOF,0.020460495039609953,0.8113310773606451,0.16820842759974497
25873,GOF,0.020071858473470226,0.8869136821214366,0.09301445940509302
25874,LOF,0.02635783802729094,0.1839563957664793,0.7896857662062299
25875,LOF,0.021438118184896753,0.13059773486032344,0.8479641469547797
25876,LOF,0.023929984770189348,0.058278696115397245,0.9177913191144135
25877,LOF,0.10131694719030576,0.20752844686789276,0.6911546059418016
25878,LOF,0.058012281135792404,0.2843944502900863,0.6575932685741214
25879,LOF,0.010496604013882232,0.19419778447891564,0.7953056115072022
25880,LOF,0.04862108997539449,0.021316205672056533,0.930062704352549
25881,Neutral,0.5398951958462332,0.1180688596160881,0.34203594453767866
25882,LOF,0.04779828801413617,0.030233416166534695,0.9219682958193293
25883,LOF,0.029814404859229243,0.03038358740852539,0.9398020077322454
25884,LOF,0.017209675705712957,0.039115934869301164,0.9436743894249859
25885,LOF,0.1621475282230986,0.013927836374601795,0.8239246354022995
25886,LOF,0.26129547582251034,0.061345332272260786,0.6773591919052288
25887,LOF,0.07741315318429276,0.17858497848935193,0.7440018683263554
25888,LOF,0.00781289461537354,0.20237767219235808,0.7898094331922684
25889,LOF,0.024832550008448202,0.03639486337734576,0.9387725866142059
25890,LOF,0.20635842172386043,0.07406917821031825,0.7195724000658213
25891,LOF,0.11893732741374448,0.04359997500661633,0.8374626975796392
25892,LOF,0.008658611193657099,0.034422966219831735,0.956918422586511
25893,LOF,0.29333760000828685,0.012995244590345326,0.6936671554013678
25894,LOF,0.33331316350725315,0.009289923187615833,0.6573969133051311
25895,LOF,0.280561740483913,0.017817450531505002,0.701620808984582
25896,LOF,0.07897778196428125,0.03793489210527974,0.883087325930439
25897,LOF,0.11514791107008669,0.015050199707050349,0.869801889222863
25898,LOF,0.10820313280187936,0.03642698563516547,0.8553698815629551
25899,LOF,0.37234818134862663,0.045676616229611756,0.5819752024217617
25900,Neutral,0.6645345621983928,0.01642681474781952,0.3190386230537878
25901,LOF,0.052941082990439016,0.01672435235544796,0.930334564654113
25902,LOF,0.07341003512507946,0.012848056401554704,0.9137419084733658
25903,LOF,0.1484408880936911,0.03323868779695694,0.8183204241093519
25904,LOF,0.4343825617179853,0.0830526126131033,0.48256482566891135
25905,LOF,0.007685365380088695,0.3605251959065951,0.6317894387133163
25906,LOF,0.009287005438783453,0.0648334128797101,0.9258795816815064
25907,LOF,0.009598891164148322,0.24653608410023795,0.7438650247356137
25908,LOF,0.008461857139991072,0.2191977505485493,0.7723403923114597
25909,LOF,0.038749477852050615,0.10753489207135435,0.853715630076595
25910,LOF,0.016187044803150936,0.10139624176824241,0.8824167134286065
25911,LOF,0.18100420508823709,0.023793048778657296,0.7952027461331057
25912,LOF,0.13347021419767333,0.02384408821459986,0.8426856975877268
25913,LOF,0.01812653070789972,0.027754912111777105,0.9541185571803231
25914,LOF,0.0450850203250812,0.027070446683636437,0.9278445329912822
25915,LOF,0.21261411899912572,0.23208111573582074,0.5553047652650535
25916,LOF,0.013796023581001885,0.12332294908949185,0.8628810273295062
25917,LOF,0.07044170280065239,0.038803488198378075,0.8907548090009695
25918,LOF,0.054134363591759244,0.01683972292783094,0.9290259134804097
25919,LOF,0.04150757439677021,0.019882553116016943,0.9386098724872128
25920,LOF,0.3537122702209348,0.21117770816853923,0.435110021610526
25921,LOF,0.018515535005859975,0.020662449656218353,0.9608220153379217
25922,LOF,0.019015367735922745,0.018746263405946675,0.9622383688581306
25923,LOF,0.45238296725556504,0.012712090130548253,0.5349049426138867
25924,LOF,0.028512971861896573,0.01688768420826133,0.9545993439298421
25925,LOF,0.11138258270389145,0.025694629829833844,0.8629227874662746
25926,LOF,0.09376707644646118,0.018745595285231332,0.8874873282683075
25927,LOF,0.028147066886916646,0.026345263641144038,0.9455076694719392
25928,LOF,0.014042318054922762,0.012330996752433356,0.9736266851926438
25929,Neutral,0.5898527027975105,0.012534404718486105,0.3976128924840034
25930,LOF,0.06039503763138177,0.0117217512845413,0.9278832110840769
25931,LOF,0.016157103370534838,0.011852811126691868,0.9719900855027732
25932,LOF,0.0752498647341346,0.010138715081098483,0.9146114201847669
25933,LOF,0.08492373190563939,0.007115760140452716,0.907960507953908
25934,LOF,0.08400377123321469,0.007368678092611296,0.908627550674174
25935,LOF,0.10744187576663732,0.021366104160092377,0.8711920200732702
25936,LOF,0.09346475199438845,0.007593363940526866,0.8989418840650848
25937,LOF,0.016363145994078645,0.015064037724048547,0.9685728162818728
25938,LOF,0.10497146969332861,0.019792174367361158,0.8752363559393102
25939,LOF,0.06295061716598309,0.012199964552205728,0.9248494182818112
25940,LOF,0.010193104114749637,0.4799904812618126,0.5098164146234377
25941,Neutral,0.5005374144788762,0.03770218060412435,0.46176040491699943
25942,LOF,0.012918662848853391,0.051265877791592966,0.9358154593595536
25943,LOF,0.0536026791795098,0.15761247322229158,0.7887848475981988
25944,LOF,0.04860145334584991,0.11167327996181216,0.8397252666923379
25945,LOF,0.19819800714118596,0.027367726281498667,0.7744342665773154
25946,LOF,0.08630031110968768,0.0535978085804801,0.8601018803098321
25947,Neutral,0.5282559834278512,0.1280975110963127,0.3436465054758362
25948,Neutral,0.5051041530942272,0.0179934468058337,0.4769024000999391
25949,LOF,0.10675286348720463,0.04331102323275775,0.8499361132800377
25950,GOF,0.09790209374911514,0.6577142596298227,0.2443836466210623
25951,GOF,0.014224830876746407,0.4944325837208762,0.49134258540237724
25952,LOF,0.14717123081232883,0.27566262555583565,0.5771661436318355
25953,LOF,0.007612623835592514,0.31542933945284996,0.6769580367115576
25954,GOF,0.05657878613723872,0.4745035512782886,0.4689176625844727
25955,LOF,0.008650435749605652,0.3441182098337521,0.6472313544166424
25956,LOF,0.010056795453240815,0.3469405619055046,0.6430026426412547
25957,LOF,0.16223057445219857,0.0464260359410577,0.7913433896067438
25958,LOF,0.025176549868597634,0.06302902844107025,0.9117944216903321
25959,GOF,0.00637760004927883,0.7153363311756301,0.27828606877509104
25960,LOF,0.0055394136116361506,0.11346320687609918,0.8809973795122648
25961,LOF,0.025303874148776943,0.06051503229810485,0.9141810935531182
25962,LOF,0.040832487630355956,0.08936087009114824,0.8698066422784958
25963,LOF,0.010689725522431153,0.14377796886746125,0.8455323056101076
25964,LOF,0.046625652873594596,0.08459408046141124,0.8687802666649942
25965,LOF,0.18094756666317663,0.14085650729095853,0.6781959260458649
25966,LOF,0.3348622130304482,0.14336325402214786,0.521774532947404
25967,LOF,0.007387771887512639,0.11747871642630933,0.8751335116861781
25968,LOF,0.06026265232506197,0.26556041800638,0.674176929668558
25969,LOF,0.1418478456453085,0.07320451026534647,0.7849476440893451
25970,LOF,0.053918143744463284,0.0660344552361451,0.8800474010193916
25971,LOF,0.06942667465512226,0.03003361996605599,0.9005397053788217
25972,LOF,0.07598899201170586,0.03307469814703446,0.8909363098412596
25973,LOF,0.07856849717693147,0.012259056666991215,0.9091724461560773
25974,LOF,0.06021766879170207,0.04469826818467637,0.8950840630236215
25975,LOF,0.026874677730952687,0.014945166377241867,0.9581801558918054
25976,LOF,0.08431952473853674,0.012996573568370638,0.9026839016930926
25977,LOF,0.24044664117122042,0.07662843870282182,0.6829249201259576
25978,LOF,0.1583272822959005,0.15924993786065195,0.6824227798434475
25979,LOF,0.11722294800459152,0.15815664796024975,0.7246204040351588
25980,LOF,0.1886137722804443,0.27934983396559315,0.5320363937539625
25981,LOF,0.1898189049749522,0.282770289330539,0.5274108056945088
25982,LOF,0.2698588906483044,0.14248582465813156,0.587655284693564
25983,Neutral,0.4486500585373006,0.12464078606543433,0.4267091553972651
25984,LOF,0.05544964995521701,0.0715199947035066,0.8730303553412764
25985,Neutral,0.48300276290823585,0.11785613263513088,0.39914110445663326
25986,LOF,0.012046321304414168,0.3884522247885109,0.599501453907075
25987,LOF,0.03340841807776306,0.09492047558264834,0.8716711063395886
25988,LOF,0.04406906364726808,0.11935057962172825,0.8365803567310036
25989,LOF,0.0431102154135571,0.14321232234089384,0.813677462245549
25990,LOF,0.04642532549351556,0.2544966047215583,0.6990780697849261
25991,GOF,0.02286079876023331,0.5535405590677008,0.423598642172066
25992,LOF,0.01124336916344162,0.4433607422328874,0.5453958886036709
25993,LOF,0.02200812782013702,0.06097983162900523,0.9170120405508577
25994,LOF,0.028773097354063724,0.07348069692366549,0.8977462057222707
25995,LOF,0.01908311001205835,0.11444522311064799,0.8664716668772937
25996,GOF,0.32860533485574517,0.4511796013028974,0.22021506384135744
25997,GOF,0.059303960221811156,0.6131833443807061,0.32751269539748273
25998,LOF,0.23738231770122215,0.028475425338627208,0.7341422569601507
25999,LOF,0.02499492353425532,0.2691987747812596,0.705806301684485
26000,LOF,0.14828521441526557,0.01582029904921467,0.8358944865355197
26001,LOF,0.15254638756230407,0.02004122939558877,0.8274123830421072
26002,LOF,0.10441648694845498,0.0185390698723831,0.8770444431791619
26003,GOF,0.00623167398805426,0.5583052993078104,0.43546302670413545
26004,GOF,0.014760646308012047,0.5567180759343522,0.42852127775763577
26005,LOF,0.0051867660246453385,0.4794814489624567,0.5153317850128979
26006,GOF,0.09346836836956031,0.48118013118467856,0.42535150044576103
26007,GOF,0.009378700511765363,0.5310469909858285,0.45957430850240605
26008,GOF,0.006382739073764345,0.5630087511318562,0.4306085097943794
26009,GOF,0.011487314776687957,0.595636477588693,0.3928762076346192
26010,GOF,0.010558737646595295,0.5150554430446227,0.474385819308782
26011,LOF,0.005513582369779472,0.38599974460928027,0.6084866730209403
26012,LOF,0.005205499109767102,0.49631693961256446,0.4984775612776685
26013,LOF,0.009739591182989078,0.46728803642902345,0.5229723723879874
26014,LOF,0.05900885675859438,0.08623935396568798,0.8547517892757177
26015,LOF,0.3733164483176569,0.025270560572127853,0.6014129911102153
26016,LOF,0.2525633103813634,0.04689409491504298,0.7005425947035936
26017,LOF,0.01509049189106868,0.1612360687841742,0.8236734393247572
26018,LOF,0.01970242679243273,0.08251719572061987,0.8977803774869474
26019,LOF,0.019956120207575676,0.07420252826644012,0.9058413515259841
26020,LOF,0.006746271498222167,0.15791225920522553,0.8353414692965523
26021,LOF,0.07543164669105201,0.08080929344752268,0.8437590598614252
26022,LOF,0.04075099483016391,0.03272445297786434,0.9265245521919716
26023,LOF,0.030244738654062638,0.06521210969101655,0.9045431516549208
26024,LOF,0.047290739503269674,0.060414619197546454,0.8922946412991839
26025,LOF,0.12253603514110781,0.06677515457658538,0.8106888102823068
26026,LOF,0.11180726846505545,0.05129802312876946,0.8368947084061752
26027,LOF,0.026612304136282575,0.04075960981765559,0.9326280860460617
26028,LOF,0.08111955322690913,0.19446878773019485,0.724411659042896
26029,LOF,0.03494206105893832,0.17922736743720621,0.7858305715038554
26030,LOF,0.12022268438481386,0.022230985347441168,0.8575463302677451
26031,LOF,0.014633875123527571,0.17917842413868115,0.8061877007377912
26032,LOF,0.028200329763215536,0.03456864555813756,0.9372310246786468
26033,LOF,0.0458447721192406,0.05701664341285903,0.8971385844679004
26034,LOF,0.02020027626448797,0.12139971139536475,0.8584000123401473
26035,LOF,0.012194823266797482,0.13723329804350684,0.8505718786896956
26036,LOF,0.011382985515921809,0.11476354652301095,0.8738534679610672
26037,LOF,0.01124981380548057,0.12454711160946645,0.864203074585053
26038,LOF,0.02554817757294471,0.03366391274570092,0.9407879096813543
26039,LOF,0.033130035390759024,0.16730849716680385,0.7995614674424372
26040,LOF,0.06886327236172532,0.18739599301274382,0.7437407346255308
26041,LOF,0.013521503575929548,0.12971026618334922,0.8567682302407211
26042,LOF,0.012421677712781232,0.1344001078702974,0.8531782144169213
26043,LOF,0.02500264607959982,0.059346815172181815,0.9156505387482183
26044,LOF,0.008007833828084381,0.059137583113215944,0.9328545830586997
26045,LOF,0.08644221654359147,0.256867958218516,0.6566898252378927
26046,LOF,0.025080592277613126,0.05762345682909304,0.9172959508932937
26047,LOF,0.07252234167915327,0.05681606056820822,0.8706615977526384
26048,LOF,0.08167497691553054,0.02731463764025033,0.8910103854442192
26049,Neutral,0.9382362195578863,0.00740540104367868,0.054358379398435026
26050,Neutral,0.8961307651346749,0.00911692925222428,0.09475230561310082
26051,LOF,0.030223926010578044,0.26981217556470505,0.699963898424717
26052,LOF,0.030530599350440536,0.18626368523511658,0.783205715414443
26053,LOF,0.02028249032708797,0.16276571668446563,0.8169517929884464
26054,LOF,0.05728209613290021,0.08202440640329021,0.8606934974638096
26055,LOF,0.07789276273527891,0.0867109966660314,0.8353962405986898
26056,LOF,0.0728339561454301,0.09137675630377404,0.8357892875507958
26057,LOF,0.04684956374794745,0.01966077849665852,0.9334896577553942
26058,LOF,0.05076929423354037,0.01567413652156198,0.9335565692448976
26059,LOF,0.2698559934473329,0.11098607274421841,0.6191579338084487
26060,LOF,0.019416456308200474,0.20235648801989775,0.7782270556719018
26061,LOF,0.013131932554537134,0.01237346485344867,0.9744946025920143
26062,LOF,0.006315723692960242,0.025462631609543557,0.9682216446974962
26063,LOF,0.043167792105123094,0.015673753610890358,0.9411584542839865
26064,LOF,0.008873119873359807,0.0164117185779451,0.9747151615486951
26065,LOF,0.04691405565633384,0.021455573778280883,0.9316303705653853
26066,LOF,0.04316507687889371,0.014389278042411071,0.9424456450786952
26067,LOF,0.048245953498164025,0.015667684513839458,0.9360863619879964
26068,LOF,0.05418574524018588,0.05989793610415937,0.8859163186556548
26069,LOF,0.20133021793558442,0.05138328734702661,0.747286494717389
26070,LOF,0.4675739993284567,0.028572714214926593,0.5038532864566168
26071,LOF,0.05123305923283134,0.01929753363955117,0.9294694071276174
26072,LOF,0.008636883130392438,0.021170127647393382,0.9701929892222142
26073,LOF,0.04880165783421604,0.01488411685196754,0.9363142253138165
26074,Neutral,0.6881663077126046,0.021897654823020248,0.28993603746437524
26075,LOF,0.0438464569028221,0.04097562582338974,0.9151779172737882
26076,LOF,0.04904393130701851,0.019507275258374267,0.9314487934346072
26077,LOF,0.18346799255772644,0.01817121868681738,0.7983607887554561
26078,LOF,0.0070949427879884105,0.025589107967019912,0.9673159492449918
26079,LOF,0.06002214956146808,0.04137468819961586,0.8986031622389161
26080,LOF,0.05889612282288904,0.04139256758807137,0.8997113095890397
26081,LOF,0.049384715255419626,0.016657483009018804,0.9339578017355616
26082,LOF,0.0073916086934248185,0.027507758470361524,0.9651006328362137
26083,LOF,0.0664351704581283,0.03303508437556328,0.9005297451663083
26084,LOF,0.07869230281736987,0.02095052704074005,0.90035717014189
26085,LOF,0.06705828055961571,0.0172035244990711,0.9157381949413133
26086,LOF,0.042149080218453254,0.02240981731275432,0.9354411024687923
26087,LOF,0.047398799200867155,0.017304491109090592,0.9352967096900422
26088,LOF,0.007693608738904443,0.04154946694344162,0.9507569243176539
26089,LOF,0.039412392628602015,0.06233526681495962,0.8982523405564383
26090,LOF,0.03927097610603457,0.053268825525436395,0.9074601983685291
26091,LOF,0.03487528231792855,0.01646282433516604,0.9486618933469054
26092,LOF,0.04617514903307121,0.01421770775360268,0.9396071432133262
26093,LOF,0.07449604386883585,0.008840132461800777,0.9166638236693635
26094,LOF,0.044519061680217124,0.012929950425120388,0.9425509878946625
26095,LOF,0.014438994561053122,0.03208271866362609,0.9534782867753209
26096,LOF,0.28099174371154595,0.005648112359085917,0.7133601439293681
26097,LOF,0.007884028183301204,0.05427132522982286,0.937844646586876
26098,LOF,0.05989032121893036,0.043487802147702266,0.8966218766333673
26099,LOF,0.05498680090624847,0.04009983383423673,0.9049133652595148
26100,LOF,0.05498680090624847,0.04009983383423673,0.9049133652595148
26101,LOF,0.059642776993852266,0.052082934159134134,0.8882742888470135
26102,LOF,0.04253218407173709,0.021833836246114336,0.9356339796821487
26103,Neutral,0.8930971043784299,0.04766787355250474,0.059235022069065425
26104,LOF,0.05021266438310379,0.11164688126000535,0.8381404543568909
26105,LOF,0.2557476119705751,0.0762134393651502,0.6680389486642747
26106,LOF,0.2848863704284455,0.04181383024280736,0.6732997993287472
26107,LOF,0.016224744252727227,0.06668305800285318,0.9170921977444196
26108,LOF,0.18082337193725687,0.067384505392307,0.7517921226704363
26109,LOF,0.04608214994336843,0.06472352809072342,0.8891943219659081
26110,Neutral,0.4992732534176236,0.01675708909434609,0.4839696574880303
26111,LOF,0.049423017158855914,0.11091928119422195,0.8396577016469221
26112,LOF,0.07262237238169618,0.016449460956456635,0.9109281666618473
26113,LOF,0.06877256778197366,0.030468316239235016,0.9007591159787914
26114,LOF,0.0994201873818015,0.009527711743654035,0.8910521008745445
26115,LOF,0.02154536111888534,0.057041944995662716,0.921412693885452
26116,LOF,0.0617133083287283,0.018084392824396178,0.9202022988468755
26117,LOF,0.34294966567091284,0.06393875903429083,0.5931115752947964
26118,LOF,0.03463497903163517,0.027101434653825533,0.9382635863145392
26119,LOF,0.005408989303994024,0.10149220615902184,0.8930988045369841
26120,LOF,0.029813361393450512,0.019475191069647985,0.9507114475369015
26121,LOF,0.0038763268214368814,0.12522244872030677,0.8709012244582564
