feature0,prediction,LoGoFunc_Neutral,LoGoFunc_GOF,LoGoFunc_LOF
25546,Neutral,0.7623337813955586,0.03175268329891161,0.2059135353055297
25547,Neutral,0.6199581409985359,0.06255295474301956,0.31748890425844467
25548,Neutral,0.6371215979400027,0.04883866283446094,0.3140397392255364
25549,Neutral,0.5578788950529665,0.04808004492550295,0.39404106002153055
25550,LOF,0.38826562633723066,0.10515599821449616,0.5065783754482732
25551,LOF,0.31275774176582105,0.11706826420066924,0.5701739940335098
25552,LOF,0.23414628530892295,0.11218867096090548,0.6536650437301716
25553,Neutral,0.8621629512378123,0.024248266918214516,0.11358878184397335
25554,LOF,0.2732719200122717,0.10589890581753274,0.6208291741701956
25555,LOF,0.22831163139734154,0.09261440065898482,0.6790739679436736
25556,Neutral,0.4746804400248784,0.08744029706819555,0.4378792629069261
25557,LOF,0.21396060274372058,0.10005284144778909,0.6859865558084904
25558,LOF,0.2568849951325876,0.10755772262729342,0.635557282240119
25559,LOF,0.3708667898311054,0.10918286217900834,0.5199503479898863
25560,LOF,0.056705142537041085,0.11671543548212572,0.8265794219808331
25561,LOF,0.12314445768039654,0.12348321862455451,0.7533723236950489
25562,LOF,0.08445997602080701,0.0654261244670207,0.8501138995121723
25563,LOF,0.10525448568413763,0.06027626037939763,0.8344692539364646
25564,LOF,0.2513252367313004,0.1132365070375853,0.6354382562311142
25565,LOF,0.13573087464369882,0.12825364907633072,0.7360154762799704
25566,GOF,0.013383880906589969,0.7662746165908453,0.2203415025025647
25567,LOF,0.022077870549631524,0.19200297812218017,0.7859191513281882
25568,LOF,0.05680383824645509,0.06921731131543127,0.8739788504381136
25569,LOF,0.06013734962146319,0.0681514742297385,0.8717111761487983
25570,LOF,0.05878340551223749,0.10517064584991619,0.8360459486378463
25571,LOF,0.05520661612768342,0.09934180524740514,0.8454515786249115
25572,LOF,0.06897970593222998,0.11970505328025616,0.8113152407875139
25573,LOF,0.03395001978244318,0.09851883549757885,0.8675311447199779
25574,LOF,0.02061414731983814,0.16044576850368344,0.8189400841764785
25575,LOF,0.043486705509919975,0.11550612087878928,0.8410071736112907
25576,LOF,0.02018083688405157,0.1460295364608959,0.8337896266550524
25577,LOF,0.01612570863527832,0.12636317041570844,0.8575111209490132
25578,LOF,0.30003721620355095,0.09022093235136294,0.6097418514450862
25579,LOF,0.12869867158808668,0.10717686967309675,0.7641244587388166
25580,LOF,0.028110855952945834,0.08417718164807335,0.8877119623989809
25581,LOF,0.051219068600448864,0.06932617806887117,0.87945475333068
25582,LOF,0.0509272019143419,0.0668389017788638,0.8822338963067944
25583,LOF,0.0357438655533047,0.09729423635571814,0.8669618980909771
25584,Neutral,0.4926870625344928,0.1125853315795342,0.39472760588597294
25585,LOF,0.021363923526134882,0.13582624979343264,0.8428098266804326
25586,LOF,0.027627458025617807,0.07793348638858426,0.8944390555857978
25587,LOF,0.028699827772063428,0.07238367468506807,0.8989164975428685
25588,LOF,0.0288044288090935,0.08989737321545963,0.8812981979754468
25589,Neutral,0.6406338358924935,0.11780962651509115,0.2415565375924154
25590,LOF,0.03519802385469092,0.13390072596635974,0.8309012501789493
25591,LOF,0.09371031717538034,0.06024968920660055,0.8460399936180192
25592,LOF,0.09512415195953225,0.13825859991356826,0.7666172481268994
25593,LOF,0.03142133913869396,0.2753299766066669,0.693248684254639
25594,LOF,0.04676260501186068,0.14402731281393513,0.8092100821742041
25595,LOF,0.05937108436545452,0.09818189527470038,0.8424470203598452
25596,LOF,0.05153644377562705,0.07360099566051277,0.8748625605638601
25597,LOF,0.038898863342037245,0.07151653387657742,0.8895846027813854
25598,LOF,0.052516687140117375,0.09552389560719457,0.8519594172526881
25599,GOF,0.006619325699720111,0.6246993411849089,0.36868133311537116
25600,GOF,0.013137661114018954,0.6000574686171558,0.3868048702688251
25601,LOF,0.009582004483681045,0.42813440494300836,0.5622835905733106
25602,LOF,0.017458192614840034,0.062082100204043214,0.9204597071811168
25603,LOF,0.05265870776182162,0.02487926974892741,0.9224620224892511
25604,LOF,0.0293458378075032,0.062069151776470245,0.9085850104160266
25605,LOF,0.008829295533697051,0.2393157192309383,0.7518549852353646
25606,LOF,0.07053478963078962,0.4056714237398851,0.5237937866293253
25607,LOF,0.005268430055007229,0.20700659633580748,0.7877249736091853
25608,LOF,0.015735011827476608,0.08766234851814578,0.8966026396543777
25609,LOF,0.05269590420586869,0.38989684798671775,0.5574072478074136
25610,LOF,0.03333995298464802,0.02322644343026852,0.9434336035850835
25611,LOF,0.04047004544601747,0.023660793450734043,0.9358691611032484
25612,LOF,0.09928227771263719,0.037681931873196996,0.8630357904141659
25613,LOF,0.08671832312200806,0.03841235366374814,0.8748693232142437
25614,LOF,0.031605698081345814,0.03041078053329532,0.9379835213853588
25615,LOF,0.0370448692162099,0.039056958615692854,0.9238981721680972
25616,LOF,0.026169075546874143,0.029691231070093423,0.9441396933830325
25617,LOF,0.026507515814320717,0.035821932656372575,0.9376705515293067
25618,LOF,0.1359852460779349,0.027358609213210105,0.8366561447088549
25619,LOF,0.028584714663276764,0.030818730510610355,0.9405965548261129
25620,LOF,0.032969204712164094,0.03784696702558021,0.9291838282622558
25621,LOF,0.027337637201865113,0.029223779734355117,0.9434385830637798
25622,LOF,0.03632687212135229,0.03241068857411498,0.9312624393045328
25623,LOF,0.056702008287732794,0.025506191461921807,0.9177918002503455
25624,LOF,0.025877573501989336,0.035294215971445164,0.9388282105265655
25625,LOF,0.03795742706711627,0.036660991737521485,0.9253815811953623
25626,LOF,0.07802628732229086,0.03353672909828083,0.8884369835794284
25627,Neutral,0.5582185656911349,0.11760830073894227,0.32417313356992283
25628,LOF,0.21462470413364093,0.05381236395748951,0.7315629319088695
25629,LOF,0.056418904225370776,0.062235777258214796,0.8813453185164145
25630,LOF,0.18561790027898292,0.08156043731803438,0.7328216624029826
25631,Neutral,0.6135147690247014,0.06097395431399056,0.3255112766613082
25632,LOF,0.013203750952907694,0.11008541202698997,0.8767108370201023
25633,LOF,0.09521945997469479,0.09083308968318254,0.8139474503421226
25634,LOF,0.03196716496249485,0.12029073029241129,0.8477421047450938
25635,LOF,0.03529035001424672,0.0860793717137796,0.8786302782719737
25636,GOF,0.003984176774495069,0.6231364993840056,0.37287932384149924
25637,GOF,0.0033007596530737725,0.6599587123413082,0.3367405280056181
25638,LOF,0.006238111383500605,0.40930829380988626,0.5844535948066132
25639,GOF,0.0033345270453201464,0.5393765817693972,0.4572888911852827
25640,GOF,0.44136222988018275,0.4868421222628314,0.07179564785698583
25641,LOF,0.00910704092494136,0.30322439211046376,0.6876685669645949
25642,LOF,0.25797840023959534,0.05686028922942284,0.6851613105309817
25643,LOF,0.3008203314423177,0.13122125483057134,0.567958413727111
25644,GOF,0.013557866607520787,0.531060748613711,0.4553813847787683
25645,LOF,0.011612837074172386,0.48446146195156836,0.5039257009742594
25646,LOF,0.017097674724590853,0.3357013473570396,0.6472009779183696
25647,LOF,0.012038401326063316,0.28509479994200143,0.7028667987319352
25648,LOF,0.012378596028464714,0.2790368685760914,0.708584535395444
25649,LOF,0.011304504916156316,0.1974670857461609,0.7912284093376828
25650,LOF,0.01953331487230656,0.43075437295461727,0.5497123121730761
25651,LOF,0.008253590933853507,0.27704882857232643,0.7146975804938202
25652,LOF,0.013932893262824113,0.25553774137532514,0.7305293653618508
25653,LOF,0.050755262854818003,0.35378128533875275,0.5954634518064292
25654,LOF,0.01377404326469076,0.15851328072601087,0.8277126760092984
25655,LOF,0.0777342087706143,0.39767916428341066,0.524586626945975
25656,LOF,0.09795895970133618,0.07222449528334632,0.8298165450153174
25657,LOF,0.3397471125240224,0.03407555875882484,0.6261773287171528
25658,LOF,0.04256718701734053,0.08675040805466594,0.8706824049279936
25659,LOF,0.36648250259838144,0.0766338508908274,0.5568836465107911
25660,LOF,0.060385294034018745,0.09329837781270896,0.8463163281532722
25661,LOF,0.043323842850332306,0.07202486506503444,0.8846512920846333
25662,LOF,0.026548968192904067,0.05006633680342109,0.9233846950036748
25663,LOF,0.03785106391528167,0.07456214218589231,0.8875867938988261
25664,LOF,0.04871112940940521,0.08302508890787767,0.8682637816827172
25665,LOF,0.056612710205918675,0.04569640453831896,0.8976908852557625
25666,LOF,0.04169123530732227,0.1177606301958408,0.840548134496837
25667,LOF,0.03090867056992733,0.05575756271376863,0.913333766716304
25668,LOF,0.03148359228405647,0.05828312801127346,0.9102332797046702
25669,LOF,0.037635937098908244,0.08214017734217244,0.8802238855589193
25670,LOF,0.07863693610356651,0.08800422547307693,0.8333588384233566
25671,LOF,0.038486338411453845,0.051201495213033306,0.9103121663755129
25672,LOF,0.059580000848932634,0.062458697714426775,0.8779613014366406
25673,LOF,0.04989927979050078,0.07291967307372067,0.8771810471357785
25674,LOF,0.04512101545559871,0.07303913969768777,0.8818398448467134
25675,LOF,0.0536435584325353,0.06410696896256736,0.8822494726048974
25676,LOF,0.03397623852535228,0.06256825948179978,0.9034555019928479
25677,LOF,0.05977091057538785,0.06555133351926462,0.8746777559053476
25678,LOF,0.2854948626530936,0.035170247004114086,0.6793348903427923
25679,LOF,0.1804975498246537,0.07413406054098301,0.7453683896343632
25680,LOF,0.057427660212271,0.1022672686896453,0.8403050710980837
25681,LOF,0.09546372553583415,0.09469762546891021,0.8098386489952556
25682,LOF,0.04397518498446087,0.08839963465703782,0.8676251803585012
25683,LOF,0.10993860819738017,0.09494014398879136,0.7951212478138284
25684,LOF,0.05557067875634722,0.08648806602333643,0.8579412552203165
25685,LOF,0.11437136758239508,0.06105560119984517,0.8245730312177597
25686,LOF,0.03875579386320658,0.11461113211342107,0.8466330740233723
25687,LOF,0.04461474513835313,0.10066177335852242,0.8547234815031244
25688,LOF,0.02880709275521833,0.08467900437281436,0.8865139028719673
25689,LOF,0.01931340751078323,0.07621509199898849,0.9044715004902283
25690,LOF,0.0208922626901964,0.07661162951266934,0.9024961077971343
25691,LOF,0.21854375379749053,0.09314432652137129,0.6883119196811381
25692,LOF,0.3044662677851774,0.00935504997613275,0.6861786822386899
25693,LOF,0.11071000250225349,0.15441926537462322,0.7348707321231234
25694,LOF,0.25844362702760115,0.013978381304041344,0.7275779916683576
25695,LOF,0.16499494229895498,0.018052280492226867,0.8169527772088181
25696,LOF,0.16304127108842406,0.008911215576881869,0.8280475133346941
25697,LOF,0.13964366087675964,0.029938537515141254,0.8304178016080992
25698,LOF,0.034044136235828255,0.42097847197633625,0.5449773917878356
25699,LOF,0.06559302358439988,0.08566131012172364,0.8487456662938765
25700,LOF,0.03501050547536834,0.01097473914301548,0.9540147553816162
25701,LOF,0.01677764750828697,0.07431325583915395,0.9089090966525591
25702,GOF,0.035797834343084346,0.7483687566851679,0.2158334089717477
25703,LOF,0.013798553078774733,0.2077097285455819,0.7784917183756433
25704,LOF,0.0952969958214999,0.16088030480586166,0.7438226993726383
25705,LOF,0.05468846800034915,0.2966756072578928,0.6486359247417579
25706,GOF,0.05385814286628295,0.5744456255358481,0.3716962315978689
25707,GOF,0.02941086365561389,0.5306412807556898,0.4399478555886962
25708,LOF,0.009154662415869392,0.4530005319520774,0.5378448056320532
25709,LOF,0.019196800539434757,0.07362370373103533,0.9071794957295298
25710,LOF,0.00902669011725706,0.17014794854950643,0.8208253613332366
25711,LOF,0.020983958317933357,0.138401783253613,0.8406142584284537
25712,LOF,0.010128251182188984,0.23247577420558527,0.7573959746122256
25713,LOF,0.018647784724653556,0.11533252178459469,0.8660196934907517
25714,LOF,0.020252912365977125,0.15023899495690035,0.8295080926771226
25715,LOF,0.019529001908008426,0.12942167301957824,0.8510493250724134
25716,LOF,0.01135711381614077,0.1313353897498245,0.8573074964340346
25717,LOF,0.006348607915467499,0.13358626532451698,0.8600651267600155
25718,LOF,0.017589677258795303,0.08687237610086829,0.8955379466403364
25719,LOF,0.032902699497899084,0.09302761708264096,0.87406968341946
25720,LOF,0.02146178431762446,0.10300644473369107,0.8755317709486844
25721,LOF,0.0228491307905825,0.11151584812174616,0.8656350210876712
25722,LOF,0.01766265980629256,0.14916035134935612,0.8331769888443512
25723,LOF,0.02150100228418054,0.07965058193837016,0.8988484157774492
25724,LOF,0.03447879297194524,0.10940736818276138,0.8561138388452935
25725,LOF,0.02199914082168231,0.0725655456885667,0.9054353134897509
25726,LOF,0.016093611563477793,0.1137080761290115,0.8701983123075108
25727,LOF,0.01996470640992804,0.09330934149253205,0.8867259520975399
25728,LOF,0.01806751143313922,0.11508640718121364,0.8668460813856472
25729,LOF,0.01896727300047692,0.11256156132316408,0.868471165676359
25730,LOF,0.019826045250287562,0.09297401591215199,0.8871999388375605
25731,LOF,0.013011727074491953,0.16684438586239347,0.8201438870631146
25732,LOF,0.01793091642547379,0.1037749148982978,0.8782941686762284
25733,LOF,0.029221207491686788,0.07729726798234483,0.8934815245259685
25734,LOF,0.007441241596201721,0.20734416305421347,0.7852145953495848
25735,LOF,0.022588603889497853,0.07566653074776625,0.901744865362736
25736,LOF,0.020970970618143125,0.12284133284791035,0.8561876965339466
25737,LOF,0.04055310686572501,0.09450987855446442,0.8649370145798105
25738,LOF,0.02014498956144632,0.13513189959147562,0.8447231108470781
25739,LOF,0.021739850094822682,0.13529280796199614,0.8429673419431811
25740,LOF,0.047282432707966275,0.12243676234351188,0.8302808049485219
25741,LOF,0.024590852393906935,0.10398774692909019,0.8714214006770029
25742,LOF,0.034042632658551966,0.121849097257104,0.8441082700843441
25743,LOF,0.011385325965847178,0.04789162469795054,0.9407230493362023
25744,GOF,0.11875667382346629,0.4629652356427131,0.41827809053382053
25745,LOF,0.02120712756142393,0.0816963512119848,0.8970965212265912
25746,LOF,0.010837171860298494,0.10572681214876595,0.8834360159909357
25747,LOF,0.035267319553347734,0.04005182706249143,0.9246808533841608
25748,LOF,0.196647882239862,0.07031809008040517,0.7330340276797328
25749,LOF,0.013336766688096975,0.06895951003496949,0.9177037232769335
25750,LOF,0.014855957228960213,0.08862643747240358,0.8965176052986362
25751,LOF,0.03798787305186248,0.07504838026683847,0.886963746681299
25752,GOF,0.09492507279709254,0.6524963710065611,0.2525785561963463
25753,LOF,0.007040954713016197,0.38086571329332186,0.6120933319936619
25754,GOF,0.005568357217272995,0.8609494185351735,0.13348222424755368
25755,LOF,0.010652194306086027,0.46305094157376475,0.5262968641201492
25756,LOF,0.04550661393773247,0.45860925751054654,0.495884128551721
25757,GOF,0.00690575735997423,0.8862553411968731,0.10683890144315261
25758,GOF,0.008429091822159816,0.8647648547246056,0.1268060534532346
25759,GOF,0.0050667970894034894,0.605134234255596,0.38979896865500063
25760,LOF,0.00671328451386475,0.3258195942700259,0.6674671212161094
25761,GOF,0.04635735188438909,0.8402169070411768,0.11342574107443416
25762,LOF,0.02738755665550956,0.39026365789714956,0.5823487854473409
25763,LOF,0.009166286269411808,0.2593989910723322,0.731434722658256
25764,GOF,0.10475315940296982,0.5879203827424994,0.30732645785453083
25765,GOF,0.007229566694553996,0.8404383973941322,0.15233203591131378
25766,GOF,0.030604932516379163,0.8273244030207193,0.14207066446290148
25767,LOF,0.016339596696826005,0.46598549113954657,0.5176749121636274
25768,LOF,0.041374683534040155,0.07393455602684194,0.884690760439118
25769,LOF,0.02402179280527664,0.07683064789391852,0.8991475593008048
25770,LOF,0.14755010742640826,0.06490039554422995,0.7875494970293618
25771,LOF,0.0183921065187684,0.0764920112329257,0.905115882248306
25772,LOF,0.024130761330981583,0.03017496112688006,0.9456942775421383
25773,LOF,0.014548853920116426,0.07264389701713621,0.9128072490627474
25774,LOF,0.02625662821905436,0.09613781825940035,0.8776055535215452
25775,LOF,0.023433165160541156,0.04344925545767786,0.933117579381781
25776,LOF,0.02711397318012116,0.02725960999168576,0.9456264168281932
25777,LOF,0.17849998479298138,0.06869885750894085,0.7528011576980778
25778,LOF,0.01978565971105224,0.053165088185057295,0.9270492521038904
25779,GOF,0.038907549701256844,0.893990244145353,0.06710220615339027
25780,GOF,0.06487744688739659,0.8801941483188905,0.05492840479371274
25781,GOF,0.028208657342216645,0.8678150533636627,0.10397628929412071
25782,GOF,0.03515406560780158,0.8942846472545688,0.07056128713762966
25783,GOF,0.018140714408619363,0.7373319543674068,0.24452733122397377
25784,GOF,0.09480308065992085,0.8574878886441992,0.047709030695879937
25785,GOF,0.06949149197164194,0.8944572844727182,0.03605122355563974
25786,GOF,0.005686142814478569,0.8572859676866325,0.137027889498889
25787,GOF,0.1567962059664328,0.8141090094789395,0.029094784554627766
25788,LOF,0.014980827734503505,0.19429484199250965,0.7907243302729868
25789,GOF,0.020140330791081507,0.8729234069221531,0.10693626228676556
25790,GOF,0.02232840512546446,0.8850189170143007,0.09265267786023478
25791,GOF,0.016515129511259316,0.8484268377044534,0.13505803278428716
25792,GOF,0.026994036516107774,0.8534040266728437,0.11960193681104855
25793,GOF,0.07609237727783981,0.8334220228193421,0.09048559990281822
25794,GOF,0.061570844657948,0.7842037903663447,0.15422536497570732
25795,GOF,0.044063837551953124,0.7729123231510043,0.18302383929704247
25796,GOF,0.06814976726658131,0.8263593219272136,0.10549091080620507
25797,GOF,0.040501630033328566,0.6951481110371363,0.26435025892953523
25798,GOF,0.003325148130184337,0.66763198710368,0.3290428647661357
25799,GOF,0.003173517082206197,0.5410001004496127,0.45582638246818113
25800,GOF,0.013249854544832174,0.7363242960248717,0.250425849430296
25801,GOF,0.015723238020573422,0.8676806589867779,0.11659610299264865
25802,GOF,0.02223932699083593,0.8117474118132008,0.1660132611959632
25803,GOF,0.012031529119077723,0.7281684659884429,0.2598000048924794
25804,GOF,0.01430352965218361,0.6331206650319238,0.3525758053158926
25805,GOF,0.02339225241729847,0.7544713232208851,0.22213642436181635
25806,GOF,0.02038626321733102,0.784004467476724,0.19560926930594505
25807,GOF,0.005549062611535766,0.7478709676274076,0.2465799697610566
25808,GOF,0.015204497078386264,0.7846252673274277,0.20017023559418604
25809,GOF,0.006394709625679418,0.7544336056643989,0.2391716847099219
25810,GOF,0.005653455874303402,0.7636274659123303,0.2307190782133662
25811,GOF,0.04994274232176074,0.8652331872300473,0.08482407044819182
25812,GOF,0.01660277811270148,0.7301139615912803,0.2532832602960183
25813,GOF,0.0934785671489085,0.8171969681443112,0.08932446470678045
25814,GOF,0.026363109965115674,0.827022793449596,0.14661409658528843
25815,GOF,0.04076045507482577,0.8281136803497343,0.1311258645754399
25816,GOF,0.008283234179768104,0.8661539060389704,0.12556285978126158
25817,GOF,0.09372812874954525,0.7756331278431724,0.13063874340728232
25818,GOF,0.025807782690740588,0.7972710210019825,0.17692119630727687
25819,GOF,0.05759682529082193,0.781610821510061,0.1607923531991171
25820,GOF,0.03402392752249161,0.7840505219102292,0.18192555056727908
25821,GOF,0.01965487361880217,0.776386417436135,0.2039587089450627
25822,GOF,0.03622769927014602,0.7947674299979921,0.1690048707318618
25823,GOF,0.014661225987802267,0.6489555508251792,0.3363832231870185
25824,GOF,0.026119741124945407,0.7589451913688746,0.21493506750617994
25825,GOF,0.01577893046350814,0.7483938968126551,0.23582717272383674
25826,GOF,0.005733108089588379,0.7221423361988583,0.27212455571155336
25827,GOF,0.008644576632259171,0.6910503598244297,0.3003050635433111
25828,GOF,0.005520141061671163,0.6360548485819969,0.3584250103563319
25829,GOF,0.0028847673260453672,0.7137429146233301,0.28337231805062446
25830,GOF,0.036284230831517314,0.5013346446662383,0.4623811245022444
25831,GOF,0.04666393315068797,0.834213033788407,0.11912303306090506
25832,GOF,0.00895106592587239,0.8076218770465864,0.18342705702754128
25833,GOF,0.030631284022759976,0.8527421239078087,0.11662659206943136
25834,GOF,0.008407341673272797,0.8211163359839251,0.17047632234280213
25835,GOF,0.016914456924510615,0.8668521047587957,0.1162334383166936
25836,GOF,0.006381782581503632,0.8228362243054745,0.170781993113022
25837,GOF,0.00708653056837036,0.7543310162686834,0.23858245316294643
25838,GOF,0.01926969477826154,0.8800060911285899,0.10072421409314855
25839,GOF,0.038408142585708016,0.8601597095303664,0.10143214788392571
25840,GOF,0.05295027787818319,0.8550638209964545,0.09198590112536248
25841,GOF,0.049486136414842355,0.8621037179317097,0.08841014565344786
25842,GOF,0.025592918573539174,0.9047984341751061,0.06960864725135475
25843,GOF,0.025067300608694432,0.9114503956621801,0.06348230372912549
25844,GOF,0.01740910665979043,0.8632934106718633,0.11929748266834626
25845,GOF,0.0058853612198793105,0.6915264668903207,0.3025881718897999
25846,GOF,0.04254824450370547,0.8683773841537433,0.08907437134255114
25847,GOF,0.02035818280497252,0.9175348971600245,0.06210692003500308
25848,GOF,0.01796074184116878,0.8690668336933978,0.11297242446543354
25849,GOF,0.0052787716858937695,0.7657097319513462,0.22901149636276022
25850,GOF,0.006493940816065395,0.778945928237013,0.21456013094692167
25851,GOF,0.005736619852493938,0.6692073463113747,0.3250560338361314
25852,GOF,0.14803453103441322,0.6216170352594289,0.2303484337061578
25853,GOF,0.07266937254470417,0.8549954488141536,0.07233517864114218
25854,GOF,0.005185268062930308,0.7241797559803977,0.27063497595667196
25855,GOF,0.015110103282341117,0.6666108813669559,0.318279015350703
25856,GOF,0.03900825433603863,0.7978392799701096,0.1631524656938518
25857,GOF,0.014122992951177653,0.6579292079882901,0.3279477990605322
25858,GOF,0.008454175038433112,0.6484659446337095,0.34307988032785725
25859,GOF,0.005966816219753128,0.6301289119733369,0.36390427180690993
25860,GOF,0.07557786492651293,0.8275950978117429,0.09682703726174419
25861,GOF,0.08077887539540263,0.8244955306782424,0.0947255939263548
25862,GOF,0.023044455915419284,0.8770331909546338,0.09992235312994684
25863,GOF,0.021939314648466757,0.8865217415500919,0.09153894380144126
25864,GOF,0.051049582073425054,0.8716770538503774,0.07727336407619738
25865,GOF,0.03702313856565082,0.8425349018343662,0.12044195959998304
25866,GOF,0.028061984292653462,0.8725247878781932,0.09941322782915331
25867,GOF,0.033761591202623974,0.8813882565017919,0.08485015229558424
25868,GOF,0.05476439754507163,0.8421770616838268,0.10305854077110174
25869,GOF,0.33592195014573384,0.6083508910155283,0.05572715883873777
25870,GOF,0.06939630938827192,0.6804432073699647,0.2501604832417633
25871,GOF,0.011663153782083482,0.8926173613144986,0.09571948490341768
25872,GOF,0.02041637977022417,0.878088807869442,0.10149481236033382
25873,GOF,0.019811515714473288,0.8977840159928858,0.08240446829264106
25874,LOF,0.016446494886801322,0.22331585633922152,0.7602376487739773
25875,LOF,0.04509161239149599,0.04956242452813947,0.9053459630803645
25876,LOF,0.01896472670962856,0.037965129172315086,0.9430701441180563
25877,LOF,0.11550130160819178,0.08860070009061309,0.7958979983011951
25878,LOF,0.06438607475431006,0.12756277318173895,0.808051152063951
25879,LOF,0.02534907268819068,0.10122268850044285,0.8734282388113666
25880,LOF,0.05886035993362475,0.012831612022772991,0.9283080280436022
25881,Neutral,0.5577610393740647,0.059607935823009446,0.38263102480292593
25882,LOF,0.058981933770286175,0.026043299295473988,0.9149747669342398
25883,LOF,0.029357910966340668,0.02309461050262872,0.9475474785310307
25884,LOF,0.027457509610438618,0.040022665879830534,0.9325198245097308
25885,LOF,0.21538076087042912,0.0106799374428873,0.7739393016866835
25886,LOF,0.14373498849091695,0.05353851839479352,0.8027264931142895
25887,LOF,0.1914303133328315,0.05825037989094908,0.7503193067762194
25888,LOF,0.012615160748943968,0.12682428275151625,0.8605605564995398
25889,LOF,0.032136398878887466,0.029073826264647735,0.9387897748564648
25890,LOF,0.12964662646878303,0.12333514280117035,0.7470182307300466
25891,LOF,0.08772096146412853,0.022613171307920746,0.8896658672279507
25892,LOF,0.009785275330364225,0.03176685031592994,0.9584478743537058
25893,LOF,0.390934383974678,0.009253985450193633,0.5998116305751283
25894,LOF,0.44944687108211007,0.005471502244518923,0.545081626673371
25895,LOF,0.34287643483283997,0.011373957940197745,0.6457496072269623
25896,LOF,0.06818020572386935,0.016327107603432117,0.9154926866726986
25897,LOF,0.18723281114330792,0.008805643833671346,0.8039615450230208
25898,LOF,0.17500392136620468,0.02669338019311416,0.7983026984406811
25899,LOF,0.3458189342270914,0.016811393235060108,0.6373696725378485
25900,LOF,0.45969822579520386,0.007671975341238765,0.5326297988635573
25901,LOF,0.06493647930635,0.007935445470864637,0.9271280752227853
25902,LOF,0.16166764025293176,0.008861503921264592,0.8294708558258037
25903,LOF,0.40682773508394954,0.024764529959189662,0.5684077349568608
25904,Neutral,0.4889871920611538,0.02335324986269496,0.4876595580761513
25905,LOF,0.0035836954364977048,0.47861127859690156,0.5178050259666007
25906,LOF,0.009003835328004745,0.1140009934324961,0.8769951712394992
25907,LOF,0.0040590984555046025,0.3669004432149748,0.6290404583295207
25908,LOF,0.004187627395612932,0.2675956116531292,0.7282167609512579
25909,LOF,0.025178204386792465,0.1578866375869079,0.8169351580262997
25910,LOF,0.010335514724956777,0.13637795710995676,0.8532865281650864
25911,LOF,0.33659361477443533,0.04257453998954227,0.6208318452360224
25912,LOF,0.06651969593514082,0.060097348172190666,0.8733829558926686
25913,LOF,0.04408789639274608,0.06805178601947907,0.887860317587775
25914,LOF,0.037721358465793046,0.04716188148313315,0.9151167600510737
25915,LOF,0.18648979373660324,0.19709662559946373,0.616413580663933
25916,LOF,0.030530357601178948,0.13736782285260785,0.8321018195462133
25917,LOF,0.07207471785410191,0.03938896771341686,0.8885363144324812
25918,LOF,0.04845135623892009,0.02944887541074657,0.9220997683503332
25919,LOF,0.04160655585944689,0.028906112071623524,0.9294873320689295
25920,LOF,0.16285596137871028,0.19151452652192485,0.6456295120993649
25921,LOF,0.016794770179098924,0.03992619202914592,0.9432790377917553
25922,LOF,0.017840985520728145,0.03659527693135462,0.9455637375479172
25923,LOF,0.465721572291478,0.03643692215237388,0.49784150555614815
25924,LOF,0.026498423931187377,0.05541425882989306,0.9180873172389196
25925,LOF,0.08283023515284449,0.05277322311480097,0.8643965417323546
25926,LOF,0.06027056257987999,0.05034294666123557,0.8893864907588844
25927,LOF,0.023100988404784372,0.09268839823112021,0.8842106133640955
25928,LOF,0.010952755370215927,0.05606006744650003,0.9329871771832842
25929,Neutral,0.5487227064144333,0.03470999717483345,0.4165672964107333
25930,LOF,0.07378131881376657,0.03289643671215015,0.8933222444740833
25931,LOF,0.01452156341691196,0.03695433161555831,0.9485241049675297
25932,LOF,0.06342688168130846,0.03074112913305268,0.9058319891856389
25933,LOF,0.0573690831230484,0.021887464218307902,0.9207434526586437
25934,LOF,0.05563410598712633,0.020197787334172632,0.924168106678701
25935,LOF,0.07508642954025672,0.0620057078495524,0.8629078626101908
25936,LOF,0.10426725363151143,0.021755949839004692,0.873976796529484
25937,LOF,0.01526856535609624,0.03811293413986675,0.946618500504037
25938,LOF,0.07272991585243192,0.060301294415632,0.8669687897319361
25939,LOF,0.041838008671431996,0.027201153250728784,0.9309608380778392
25940,LOF,0.009220264256102109,0.3610498391927378,0.62972989655116
25941,Neutral,0.4927795016199831,0.038461377065569374,0.4687591213144475
25942,LOF,0.009115831326279786,0.051964246617543314,0.9389199220561769
25943,LOF,0.044656401472519536,0.19096379455023593,0.7643798039772445
25944,LOF,0.06686711287660513,0.09449457955631188,0.838638307567083
25945,LOF,0.1078293829292316,0.02025875276690239,0.8719118643038659
25946,LOF,0.0663044114280265,0.03927373352499104,0.8944218550469826
25947,Neutral,0.4746168260351807,0.10407408158172048,0.4213090923830988
25948,LOF,0.45090060951007027,0.01305560281289568,0.536043787677034
25949,LOF,0.14229312282847761,0.06415537690076084,0.7935515002707615
25950,GOF,0.06876540670995607,0.6201609502119226,0.3110736430781213
25951,LOF,0.0129289461902526,0.4237919812850897,0.5632790725246577
25952,LOF,0.28619391303588415,0.2640801520655513,0.44972593489856455
25953,LOF,0.0070917340026769235,0.19338615024298642,0.7995221157543366
25954,GOF,0.09792730023767662,0.4614336723445781,0.4406390274177452
25955,LOF,0.0076842673107128025,0.16185661676848492,0.8304591159208022
25956,LOF,0.0174348409842411,0.2538110528356425,0.7287541061801165
25957,LOF,0.2197073244534232,0.03848290155530821,0.7418097739912686
25958,LOF,0.033317642966084936,0.036410099025493664,0.9302722580084215
25959,GOF,0.014839770016626112,0.5412799155518405,0.44388031443153336
25960,LOF,0.006933846753447454,0.0548121357185207,0.9382540175280318
25961,LOF,0.031644156557728065,0.03316292383011692,0.935192919612155
25962,LOF,0.03970700395788603,0.06673869784334413,0.8935542981987699
25963,LOF,0.005023647171008954,0.18874112991002706,0.8062352229189641
25964,LOF,0.032507431984153214,0.10737987501737856,0.8601126929984682
25965,LOF,0.25925345920234105,0.10205578482871366,0.6386907559689452
25966,Neutral,0.4741701863731067,0.1467052281291793,0.37912458549771383
25967,LOF,0.009980920830269082,0.0822436974510206,0.9077753817187103
25968,LOF,0.046484772980270865,0.24057928457877598,0.7129359424409533
25969,LOF,0.13396454577160039,0.04822409774189357,0.8178113564865059
25970,LOF,0.02087204251918682,0.08357065611681874,0.8955573013639944
25971,LOF,0.07780759356045969,0.027801089640430442,0.89439131679911
25972,LOF,0.06322980484756609,0.04208427552043595,0.894685919631998
25973,LOF,0.06794569388148065,0.009541408637370755,0.9225128974811485
25974,LOF,0.05254326073773032,0.04224216760623856,0.905214571656031
25975,LOF,0.0515210393433382,0.017775720844622915,0.930703239812039
25976,LOF,0.10274155826580389,0.010319723360933864,0.8869387183732622
25977,LOF,0.18681154243129988,0.07947835536308792,0.7337101022056122
25978,LOF,0.18457660416000746,0.124052391745201,0.6913710040947916
25979,LOF,0.14963598771567505,0.13732647792885325,0.7130375343554717
25980,LOF,0.2616850286844935,0.18659599998889523,0.5517189713266113
25981,LOF,0.26232883557225006,0.18763018346392882,0.5500409809638211
25982,Neutral,0.47466650934513266,0.09145314266941101,0.4338803479854563
25983,Neutral,0.48802977015981086,0.11213085052000933,0.3998393793201798
25984,LOF,0.03753156963802184,0.08779486659136676,0.8746735637706115
25985,LOF,0.41496460973598226,0.13355387808400662,0.45148151218001126
25986,LOF,0.013708934846102225,0.39651000216309684,0.5897810629908009
25987,LOF,0.051053107862120445,0.11722328206572069,0.8317236100721588
25988,LOF,0.040863401172225484,0.18144098931843658,0.7776956095093379
25989,LOF,0.03908031005914903,0.20607670838394074,0.7548429815569103
25990,LOF,0.041530913919884234,0.30005456137713693,0.6584145247029788
25991,LOF,0.02647882478777315,0.4225376361114763,0.5509835391007505
25992,LOF,0.022022933686014955,0.41357593167812606,0.5644011346358588
25993,LOF,0.02802462580076399,0.07801659855003994,0.893958775649196
25994,LOF,0.023974770220263588,0.0785985149090532,0.8974267148706832
25995,LOF,0.021606093491775894,0.1669714140561289,0.8114224924520952
25996,LOF,0.335871144560901,0.3244795371412005,0.3396493182978985
25997,LOF,0.06395982168247552,0.3879885421474669,0.5480516361700576
25998,LOF,0.24477064145286614,0.04241527658286074,0.7128140819642731
25999,LOF,0.02900465858533948,0.16956659889289258,0.801428742521768
26000,LOF,0.18478364451303225,0.03521414652314491,0.7800022089638229
26001,LOF,0.25282822492997276,0.04304321332884159,0.7041285617411857
26002,LOF,0.11215725456689644,0.057564409082289755,0.8302783363508138
26003,GOF,0.005687477913741341,0.6421493228739071,0.35216319921235156
26004,GOF,0.008185194963460296,0.6761204327201639,0.3156943723163758
26005,LOF,0.003924275694287275,0.4891901325985529,0.5068855917071599
26006,GOF,0.10887637027544846,0.5796521965007215,0.3114714332238301
26007,GOF,0.007457428714606663,0.544009777489061,0.4485327937963324
26008,GOF,0.006144617116999643,0.6592267929600583,0.3346285899229421
26009,GOF,0.00763128351930629,0.6792386063141792,0.3131301101665145
26010,GOF,0.009536197879093277,0.6620459348519657,0.3284178672689409
26011,LOF,0.0033635980877516716,0.45961280975669083,0.5370235921555575
26012,GOF,0.004906538198574314,0.5312624648131644,0.46383099698826125
26013,GOF,0.00662441889486942,0.6111116565884835,0.38226392451664704
26014,LOF,0.058944175216058985,0.12117208422681103,0.81988374055713
26015,LOF,0.4031921618792273,0.027192312798514428,0.5696155253222582
26016,LOF,0.3156460778732611,0.04908490226890462,0.6352690198578342
26017,LOF,0.026882201489222338,0.2311900326237805,0.7419277658869973
26018,LOF,0.02984770997820377,0.06346953389544882,0.9066827561263474
26019,LOF,0.029496961091284243,0.05736545492080304,0.9131375839879128
26020,LOF,0.009984227637357528,0.20120606724594997,0.7888097051166925
26021,LOF,0.07933756587828107,0.07519231737989508,0.8454701167418238
26022,LOF,0.04377490749709601,0.03163159010136434,0.9245935024015397
26023,LOF,0.03368168092982962,0.0368142693230281,0.9295040497471423
26024,LOF,0.05157388818193401,0.07844392438261068,0.8699821874354553
26025,LOF,0.06947014054036922,0.09438602596903575,0.8361438334905951
26026,LOF,0.12812196454369307,0.07221232957112426,0.7996657058851827
26027,LOF,0.026754105768210686,0.03005543095995873,0.9431904632718305
26028,LOF,0.11795964100158977,0.13914109249731163,0.7428992665010987
26029,LOF,0.018135437659116814,0.18983059616069797,0.7920339661801852
26030,LOF,0.15895470523998861,0.024930885794158343,0.816114408965853
26031,LOF,0.009129952712680349,0.1624500464703834,0.8284200008169363
26032,LOF,0.045479504408004655,0.05008301290958047,0.9044374826824149
26033,LOF,0.07499140915796866,0.04658008336059423,0.8784285074814371
26034,LOF,0.012964188388527536,0.1519016662735896,0.8351341453378829
26035,LOF,0.011533264517768597,0.10504016076485102,0.8834265747173804
26036,LOF,0.01163170846198983,0.13044611837864556,0.8579221731593647
26037,LOF,0.00987170214550565,0.09454200689163256,0.8955862909628617
26038,LOF,0.03891471380078976,0.04514625304426646,0.9159390331549437
26039,LOF,0.025474342558435108,0.12249233819297256,0.8520333192485924
26040,LOF,0.12360491928436576,0.11254424919770795,0.7638508315179263
26041,LOF,0.01271909231180587,0.08895506305317655,0.8983258446350176
26042,LOF,0.010974384812644372,0.09549050066858387,0.8935351145187717
26043,LOF,0.03791224188682689,0.06334839383485724,0.8987393642783158
26044,LOF,0.014412266593859111,0.04550940484021618,0.9400783285659247
26045,LOF,0.0702539203108441,0.10254385741949923,0.8272022222696568
26046,LOF,0.03258432811382233,0.0486280257854453,0.9187876461007323
26047,LOF,0.05454272798609852,0.05044493958174069,0.8950123324321607
26048,LOF,0.07833776600213514,0.024192801516930207,0.8974694324809347
26049,Neutral,0.9450794172375504,0.0069694462938229024,0.047951136468626795
26050,Neutral,0.9212401797088331,0.007630432532908208,0.07112938775825853
26051,LOF,0.016704662897731582,0.08845297651258369,0.8948423605896847
26052,LOF,0.030135727986244327,0.10529535890516943,0.8645689131085863
26053,LOF,0.030579514424355924,0.1427206141419377,0.8266998714337065
26054,LOF,0.04708358937523308,0.028407794046573683,0.9245086165781932
26055,LOF,0.06570720147010843,0.024818455864211462,0.9094743426656801
26056,LOF,0.05356502683542283,0.030655663752517087,0.9157793094120602
26057,LOF,0.060177254901106085,0.014011156788962028,0.925811588309932
26058,LOF,0.06495065480448116,0.011029359623293688,0.9240199855722252
26059,LOF,0.20783402519247204,0.030646132849207613,0.7615198419583203
26060,LOF,0.016766156911852157,0.1838044291815524,0.7994294139065956
26061,LOF,0.013016801530510437,0.009798896056842627,0.977184302412647
26062,LOF,0.006970559817241916,0.01700293910874348,0.9760265010740146
26063,LOF,0.03740016644474224,0.011061316159719841,0.951538517395538
26064,LOF,0.010566670941248411,0.023246295458842693,0.9661870335999088
26065,LOF,0.048635411361385085,0.012214869861169991,0.9391497187774449
26066,LOF,0.04718184407183135,0.01000568843135656,0.9428124674968121
26067,LOF,0.05466483167997897,0.009059576998673075,0.9362755913213479
26068,LOF,0.054400814487114105,0.04598590251962576,0.89961328299326
26069,LOF,0.16135571162853624,0.02822857515870471,0.8104157132127591
26070,LOF,0.3287581120039554,0.02306515581847179,0.6481767321775729
26071,LOF,0.04394916316332579,0.01156357598159049,0.9444872608550838
26072,LOF,0.01083189209181665,0.01912766097190986,0.9700404469362734
26073,LOF,0.03999208308991085,0.012946473099052384,0.9470614438110366
26074,Neutral,0.9239644990158039,0.009131195688457876,0.0669043052957382
26075,LOF,0.05445952078047013,0.0216027618612138,0.9239377173583161
26076,LOF,0.05771685051940883,0.011371504731450459,0.9309116447491407
26077,LOF,0.16959614621003438,0.0068097804786175775,0.8235940733113482
26078,LOF,0.009218679740955618,0.01329534896731078,0.9774859712917335
26079,LOF,0.06715892792221988,0.025268650460026097,0.907572421617754
26080,LOF,0.0658609650719183,0.025397700735036655,0.908741334193045
26081,LOF,0.03326721215688646,0.008956881150974485,0.9577759066921391
26082,LOF,0.007731763804311274,0.013835007083277822,0.9784332291124108
26083,LOF,0.09950641024982367,0.020166373758527104,0.8803272159916492
26084,LOF,0.11069084150586576,0.014100900107133543,0.8752082583870007
26085,LOF,0.10584071384349578,0.011824667711891758,0.8823346184446124
26086,LOF,0.04021592886272657,0.01132081122315448,0.948463259914119
26087,LOF,0.03647118661794126,0.009760731104576613,0.9537680822774821
26088,LOF,0.009325745891540942,0.018377377887500938,0.9722968762209581
26089,LOF,0.0445877722110996,0.03720757770215465,0.9182046500867458
26090,LOF,0.04547308632469052,0.028965558359089066,0.9255613553162203
26091,LOF,0.03330631529171163,0.0072208298870943466,0.959472854821194
26092,LOF,0.046257532687979816,0.007880530701386855,0.9458619366106333
26093,LOF,0.07743310154041996,0.005636471644456102,0.916930426815124
26094,LOF,0.03731904746630808,0.006499889754991482,0.9561810627787005
26095,LOF,0.03654821111279048,0.01697706131515155,0.946474727572058
26096,LOF,0.23211773460045584,0.004909030314029722,0.7629732350855144
26097,LOF,0.008463028514082364,0.029039885357180203,0.9624970861287373
26098,LOF,0.085172040423717,0.01917903557286506,0.8956489240034179
26099,LOF,0.04729227727474165,0.014766672378239823,0.9379410503470185
26100,LOF,0.047269002639123814,0.01476703312782828,0.937963964233048
26101,LOF,0.059979554143715315,0.028713102249177235,0.9113073436071075
26102,LOF,0.03521803078803091,0.015242459123419871,0.9495395100885492
26103,Neutral,0.8784252195805902,0.02722062260724103,0.09435415781216892
26104,LOF,0.06014669138823983,0.04229430172967384,0.8975590068820862
26105,LOF,0.2531132348434516,0.1711479156982996,0.5757388494582487
26106,LOF,0.2990247755629481,0.12143182313894992,0.579543401298102
26107,LOF,0.02103949338701933,0.09009516152638768,0.888865345086593
26108,LOF,0.27936431261037203,0.043349126106359034,0.677286561283269
26109,LOF,0.09562790936432126,0.039785986277727545,0.8645861043579512
26110,LOF,0.47345511140913443,0.007517194825390052,0.5190276937654754
26111,LOF,0.04634197332697399,0.14728177875959875,0.8063762479134272
26112,LOF,0.05391780891654003,0.008049343643902458,0.9380328474395575
26113,LOF,0.10490994710343461,0.017600293283680606,0.8774897596128848
26114,LOF,0.09911444643961353,0.006283095038672718,0.8946024585217136
26115,LOF,0.014369328014965543,0.04681478882832271,0.9388158831567117
26116,LOF,0.0714359498784931,0.020537747548383133,0.9080263025731238
26117,LOF,0.40608958399744105,0.031993934034895505,0.5619164819676635
26118,LOF,0.05020185544383188,0.014212647545112868,0.9355854970110553
26119,LOF,0.006244418608499552,0.04278199152108381,0.9509735898704167
26120,LOF,0.03822918692946771,0.013951303942935648,0.9478195091275967
26121,LOF,0.004783504882144311,0.12254694269688324,0.8726695524209725
