feature0,prediction,LoGoFunc_Neutral,LoGoFunc_GOF,LoGoFunc_LOF
25546,Neutral,0.7727730636343052,0.022241141136182738,0.20498579522951213
25547,Neutral,0.6256352882260808,0.04544873369370705,0.3289159780802121
25548,Neutral,0.6140664960254302,0.0368315141714758,0.34910198980309404
25549,Neutral,0.534033315701279,0.03826829825640348,0.4276983860423176
25550,LOF,0.35164653175328847,0.09909000459064884,0.5492634636560627
25551,LOF,0.29480061793168727,0.11196763837317548,0.5932317436951372
25552,LOF,0.18386502966815738,0.11435910947474957,0.701775860857093
25553,Neutral,0.812377522421561,0.028589470513743047,0.15903300706469592
25554,LOF,0.2297441898901527,0.1088088426806635,0.6614469674291839
25555,LOF,0.17991918748325872,0.09009948625716083,0.7299813262595806
25556,LOF,0.39363751883271614,0.0883675721856239,0.5179949089816599
25557,LOF,0.17497882023959274,0.10055226086369139,0.7244689188967158
25558,LOF,0.22322024873478263,0.11144565430045922,0.6653340969647582
25559,LOF,0.3882854680716355,0.05629318434052447,0.55542134758784
25560,LOF,0.06420546624420913,0.16769947179686273,0.7680950619589282
25561,LOF,0.12341822715945107,0.18039692206693594,0.6961848507736131
25562,LOF,0.10291209919987963,0.08428141366378193,0.8128064871363385
25563,LOF,0.10909555490068268,0.09632731900375317,0.7945771260955642
25564,LOF,0.16967073839952146,0.1809259066547262,0.6494033549457524
25565,LOF,0.11988444339220537,0.16774463874630663,0.712370917861488
25566,GOF,0.014289607166887952,0.7032102744513105,0.28250011838180156
25567,LOF,0.012573223847845198,0.12295997580384768,0.8644668003483071
25568,LOF,0.046365345598703187,0.0570593622094224,0.8965752921918744
25569,LOF,0.06388006113292151,0.05383675035969748,0.8822831885073811
25570,LOF,0.06325515956178743,0.09027703379884805,0.8464678066393645
25571,LOF,0.06083223836486516,0.08445885046907921,0.8547089111660556
25572,LOF,0.06214380008169879,0.11948954035592055,0.8183666595623807
25573,LOF,0.027697600585896695,0.08146114744341848,0.8908412519706848
25574,LOF,0.018106375615702375,0.1345218383761207,0.8473717860081769
25575,LOF,0.05450271058634764,0.09108403607673862,0.8544132533369138
25576,LOF,0.019846947681413717,0.10108341420406046,0.8790696381145258
25577,LOF,0.015128404827548665,0.12745595396000656,0.8574156412124448
25578,LOF,0.23652508904780867,0.07649537157645922,0.6869795393757321
25579,LOF,0.237711255071184,0.07577612830033284,0.6865126166284832
25580,LOF,0.03547596428877544,0.07744857997656221,0.8870754557346623
25581,LOF,0.0481615118140237,0.05971273364059374,0.8921257545453825
25582,LOF,0.047980295636645,0.05694167925724775,0.8950780251061072
25583,LOF,0.047595034846310225,0.0842076011662727,0.868197363987417
25584,LOF,0.4495091903877361,0.08092709227135357,0.4695637173409103
25585,LOF,0.03775122589981701,0.09611238357267496,0.866136390527508
25586,LOF,0.039979744632333,0.07242242112939663,0.8875978342382703
25587,LOF,0.036184306804383844,0.07101816135624903,0.8927975318393672
25588,LOF,0.03711818711040689,0.0896153554977495,0.8732664573918437
25589,Neutral,0.6026148307937076,0.09837147840829338,0.2990136907979991
25590,LOF,0.030086061787897224,0.12416240107884277,0.84575153713326
25591,LOF,0.11501936354847474,0.04592659964109989,0.8390540368104255
25592,LOF,0.10781355714661056,0.1261916158581968,0.7659948269951927
25593,LOF,0.016770110273532635,0.23765807169364572,0.7455718180328216
25594,LOF,0.03577425506885841,0.20447312797615957,0.7597526169549821
25595,LOF,0.05444319634982436,0.16566930605595323,0.7798874975942224
25596,LOF,0.06335346117897767,0.09662342284434954,0.8400231159766728
25597,LOF,0.06585879503753404,0.08266987837289697,0.851471326589569
25598,LOF,0.04398673704137125,0.2092078604968236,0.7468054024618052
25599,GOF,0.006784822447226105,0.7068047254411632,0.28641045211161054
25600,GOF,0.008574124780631106,0.5795207248887301,0.4119051503306388
25601,LOF,0.006529375889381171,0.45165631702265846,0.5418143070879603
25602,LOF,0.020442711848109873,0.0627013852316555,0.9168559029202347
25603,LOF,0.03820036796045659,0.03432942043708122,0.9274702116024622
25604,LOF,0.04723071691699041,0.06715402703429872,0.8856152560487109
25605,LOF,0.010213262996568787,0.30511616417195075,0.6846705728314804
25606,GOF,0.06283989378133839,0.48183020430479484,0.4553299019138667
25607,LOF,0.003996820219556406,0.16285968898974898,0.8331434907906947
25608,LOF,0.07010812721624729,0.05905342184552385,0.8708384509382289
25609,LOF,0.06081676521645671,0.388701748495113,0.5504814862884302
25610,LOF,0.050675564892903986,0.03503695665132835,0.9142874784557677
25611,LOF,0.06439481558116929,0.03203094758479054,0.9035742368340401
25612,LOF,0.129602583358459,0.053769709716879825,0.8166277069246611
25613,LOF,0.10713371171047736,0.04394398021614273,0.84892230807338
25614,LOF,0.044570280927055325,0.03925576634626116,0.9161739527266836
25615,LOF,0.06265870279726535,0.03869262191201566,0.898648675290719
25616,LOF,0.04300875404820077,0.04193022820437123,0.915061017747428
25617,LOF,0.04461831463444934,0.04367518501818458,0.9117065003473661
25618,LOF,0.24047667726654987,0.03984986468284321,0.719673458050607
25619,LOF,0.04198254981296275,0.039248707673863084,0.9187687425131742
25620,LOF,0.043121207689222334,0.045665496262694075,0.9112132960480837
25621,LOF,0.041503618876016724,0.03175922558767693,0.9267371555363063
25622,LOF,0.03445000101528132,0.04887037401740603,0.9166796249673127
25623,LOF,0.06954784532865138,0.03367705885599162,0.8967750958153571
25624,LOF,0.03483539289953974,0.04599620631632713,0.9191684007841331
25625,LOF,0.04196934979973653,0.05015188846944184,0.9078787617308216
25626,LOF,0.0899498818947152,0.03508818158534291,0.874961936519942
25627,Neutral,0.5927607356065744,0.09843360042775065,0.308805663965675
25628,LOF,0.21879135316134535,0.047267181838288465,0.7339414650003661
25629,LOF,0.09302976784356569,0.12608343805173317,0.7808867941047012
25630,LOF,0.2138157178017286,0.08449265385276952,0.7016916283455019
25631,Neutral,0.6139729244379662,0.05794480466182773,0.3280822709002059
25632,LOF,0.02321055808585367,0.08868315791188792,0.8881062840022584
25633,LOF,0.22485144521046527,0.09403821709369604,0.6811103376958387
25634,LOF,0.03831603337959887,0.11327559120083687,0.8484083754195642
25635,LOF,0.03422685197740715,0.08683185349687854,0.8789412945257143
25636,GOF,0.006982972451487545,0.7056040355347426,0.2874129920137699
25637,GOF,0.004907496712114206,0.5542056189659117,0.440886884321974
25638,LOF,0.010123623610363307,0.4353271321986493,0.5545492441909874
25639,LOF,0.00522110627512421,0.4467108587945748,0.548068034930301
25640,GOF,0.37493108440965395,0.5836262343780828,0.041442681212263285
25641,LOF,0.006226927962675874,0.35198729693419745,0.6417857751031266
25642,LOF,0.2589805731882888,0.1046661542312708,0.6363532725804404
25643,LOF,0.22703233868265071,0.3577858222438688,0.4151818390734805
25644,GOF,0.029929694560983888,0.6553878887368476,0.31468241670216857
25645,GOF,0.019923904590689868,0.6397601444228381,0.3403159509864719
25646,LOF,0.02293645147698051,0.442460280356567,0.5346032681664525
25647,LOF,0.019579390317564196,0.32371846460286013,0.6567021450795757
25648,LOF,0.01523805259053762,0.3838920361629168,0.6008699112465455
25649,LOF,0.014664784887130015,0.26738767403382935,0.7179475410790406
25650,GOF,0.042625538008332714,0.6602220802175177,0.29715238177414954
25651,LOF,0.012323712817112838,0.31955666476976957,0.6681196224131175
25652,LOF,0.02435623208066534,0.3445392060611793,0.6311045618581553
25653,GOF,0.09961465335623308,0.5630093278527099,0.3373760187910571
25654,LOF,0.015294569622351872,0.40266892067321475,0.5820365097044333
25655,GOF,0.13971818683581963,0.5015806169615498,0.35870119620263047
25656,LOF,0.05025672023796624,0.1017324352126123,0.8480108445494215
25657,LOF,0.2782101126589201,0.03881521743356772,0.6829746699075121
25658,LOF,0.03014733309649899,0.1793363874001095,0.7905162795033915
25659,LOF,0.21189897502301436,0.09106735698293586,0.6970336679940499
25660,LOF,0.10497181495398492,0.09772118055250775,0.7973070044935073
25661,LOF,0.08028889726711559,0.06948661273118638,0.850224490001698
25662,LOF,0.035233406879390444,0.04932240149174056,0.9154441916288689
25663,LOF,0.042624863917774085,0.08343726437457061,0.8739378717076554
25664,LOF,0.031262461019970475,0.14756685402500053,0.821170684955029
25665,LOF,0.04676198453561548,0.06305363953345462,0.8901843759309299
25666,LOF,0.04231904675811894,0.1736022866549974,0.7840786665868836
25667,LOF,0.03598203283688122,0.06889087279336736,0.8951270943697514
25668,LOF,0.05187423714677676,0.057188890973848064,0.8909368718793751
25669,LOF,0.05601658979813792,0.10250394935463582,0.8414794608472264
25670,LOF,0.11423489455111882,0.10479198401343741,0.7809731214354437
25671,LOF,0.044036188659744215,0.05582144678516517,0.9001423645550906
25672,LOF,0.04601537642911763,0.08014041105549687,0.8738442125153854
25673,LOF,0.03797234108089256,0.08396197458885898,0.8780656843302485
25674,LOF,0.027385816469533277,0.09858105575483109,0.8740331277756357
25675,LOF,0.03504893711303002,0.08430753773628245,0.8806435251506874
25676,LOF,0.033077093772808146,0.07093694031729851,0.8959859659098934
25677,LOF,0.08844043870365337,0.05636475210994643,0.8551948091864001
25678,LOF,0.1562547136048668,0.04735123466389907,0.7963940517312342
25679,LOF,0.10918172578273691,0.07036897582657106,0.8204492983906919
25680,LOF,0.08990280690922434,0.08678667162588409,0.8233105214648916
25681,LOF,0.11007656749416603,0.07747329917286495,0.812450133332969
25682,LOF,0.05489563762816091,0.06706561955475382,0.8780387428170853
25683,LOF,0.0767787434731566,0.1109120329433992,0.8123092235834442
25684,LOF,0.06361158697856066,0.08188043447977211,0.8545079785416673
25685,LOF,0.11337359274174462,0.051208249980732035,0.8354181572775234
25686,LOF,0.03680508477500038,0.11314160686625413,0.8500533083587455
25687,LOF,0.06300809496157306,0.10181152080481806,0.8351803842336089
25688,LOF,0.017028996061982313,0.07990762487000946,0.9030633790680082
25689,LOF,0.015196711027408638,0.04704869281302784,0.9377545961595636
25690,LOF,0.015435143519724455,0.0652488859417177,0.9193159705385578
25691,LOF,0.11717250555390703,0.0895430597544581,0.7932844346916349
25692,LOF,0.17503228126797,0.0123664638194118,0.8126012549126183
25693,LOF,0.04319969404384327,0.14265178783269786,0.8141485181234589
25694,LOF,0.26939999236937195,0.013532261445110275,0.7170677461855177
25695,LOF,0.2039388590405267,0.01976625993327041,0.7762948810262028
25696,LOF,0.13859278972010772,0.016565343790434988,0.8448418664894572
25697,LOF,0.13003552515861339,0.03933974122732944,0.8306247336140572
25698,LOF,0.020994912458898427,0.3429066961788991,0.6360983913622026
25699,LOF,0.09710866802952868,0.09348136484256879,0.8094099671279025
25700,LOF,0.03518709270505077,0.017413071538194776,0.9473998357567545
25701,LOF,0.015754945480948475,0.0985859826186893,0.8856590719003623
25702,GOF,0.0230306673475277,0.7545493121540033,0.2224200204984689
25703,LOF,0.017950858668036317,0.20466112338572226,0.7773880179462415
25704,LOF,0.093729500334949,0.21349923146375466,0.6927712682012963
25705,LOF,0.08392800893808168,0.2614613536377227,0.6546106374241957
25706,GOF,0.022353232491480093,0.660758419819606,0.3168883476889139
25707,GOF,0.03110807299090525,0.6224800340972562,0.3464118929118386
25708,GOF,0.010413947821391866,0.5971041539200099,0.3924818982585982
25709,LOF,0.028673889060491668,0.09317825372902709,0.8781478572104812
25710,LOF,0.005393600872715422,0.2521562722537586,0.7424501268735259
25711,LOF,0.031833447718005684,0.13964403131236527,0.8285225209696291
25712,LOF,0.007748500077960607,0.3018534393501002,0.6903980605719392
25713,LOF,0.024329096212285482,0.12369736086200334,0.8519735429257113
25714,LOF,0.027430562502649875,0.16759489295741856,0.8049745445399316
25715,LOF,0.031000790765491296,0.1391222327205435,0.8298769765139651
25716,LOF,0.008829653118969617,0.1891668526276117,0.8020034942534187
25717,LOF,0.006386413491519618,0.20401737495909744,0.789596211549383
25718,LOF,0.027740877034277613,0.11316144835666804,0.8590976746090543
25719,LOF,0.037651634955937076,0.1278795555024873,0.8344688095415757
25720,LOF,0.03898771334812432,0.12490569510005738,0.8361065915518183
25721,LOF,0.030564756757140345,0.109444369329204,0.8599908739136556
25722,LOF,0.02098012931936867,0.159884709081473,0.8191351615991582
25723,LOF,0.03160028571809678,0.11773546582484655,0.8506642484570566
25724,LOF,0.027284962255990745,0.1975226680554547,0.7751923696885545
25725,LOF,0.030264622262441837,0.10424079171345912,0.865494586024099
25726,LOF,0.020889292449022785,0.14652909766100392,0.8325816098899733
25727,LOF,0.02798926916652322,0.14888492212806773,0.8231258087054091
25728,LOF,0.028562606030089848,0.13305871198824287,0.8383786819816673
25729,LOF,0.02793934657057583,0.15465452268373595,0.8174061307456884
25730,LOF,0.03105594157407433,0.10362245916711983,0.8653215992588058
25731,LOF,0.01114374204155827,0.22405524957868667,0.7648010083797551
25732,LOF,0.023740581457125806,0.11514359697877029,0.8611158215641039
25733,LOF,0.03913830752091768,0.10767671412269653,0.8531849783563858
25734,LOF,0.007032292703467303,0.3253377441800165,0.6676299631165162
25735,LOF,0.02521602710476873,0.0952054307854009,0.8795785421098304
25736,LOF,0.024969456629783372,0.15850435664169188,0.8165261867285247
25737,LOF,0.059124891858760534,0.13859733549955522,0.8022777726416842
25738,LOF,0.027318970649148584,0.16840711567951414,0.8042739136713373
25739,LOF,0.0341782431265801,0.13521577345388797,0.8306059834195318
25740,LOF,0.03208420126246058,0.14467516834163638,0.823240630395903
25741,LOF,0.037822272081225204,0.13015690288178594,0.8320208250369889
25742,LOF,0.050578961912841204,0.13768462343221052,0.8117364146549484
25743,LOF,0.011636618526124428,0.0235185454125274,0.9648448360613481
25744,LOF,0.21573746066634572,0.24106640819535294,0.5431961311383013
25745,LOF,0.03886565302016563,0.058102763173438446,0.9030315838063959
25746,LOF,0.015166850712867523,0.07314781034419816,0.9116853389429344
25747,LOF,0.038879922778802284,0.023460053961083888,0.9376600232601138
25748,LOF,0.272458503135026,0.03768218496436426,0.6898593119006098
25749,LOF,0.015964823937281256,0.05071309203861112,0.9333220840241077
25750,LOF,0.021483591325027127,0.05098668568939287,0.92752972298558
25751,LOF,0.040890719426208554,0.03828662825282959,0.9208226523209619
25752,GOF,0.0655401921854572,0.7512867923596627,0.18317301545488013
25753,LOF,0.005859387320232078,0.46482879303711144,0.5293118196426564
25754,GOF,0.006654571401559135,0.8956862507940436,0.09765917780439735
25755,GOF,0.0061770720610847055,0.5037960551914329,0.49002687274748247
25756,LOF,0.022173185051315866,0.48026869094059715,0.4975581240080871
25757,GOF,0.0074769860140304935,0.8790342424800222,0.1134887715059474
25758,GOF,0.008233281402344762,0.9042033355938693,0.08756338300378592
25759,GOF,0.0053275267009695,0.6819086857102494,0.31276378758878115
25760,LOF,0.005423299053696699,0.3808919711814466,0.6136847297648567
25761,GOF,0.04232168044017081,0.8679305042575355,0.08974781530229382
25762,LOF,0.025681477599355424,0.4197774471294283,0.5545410752712162
25763,LOF,0.0053842866135789865,0.34427066915762555,0.6503450442287955
25764,GOF,0.04912822681267259,0.7143525932485647,0.23651917993876279
25765,GOF,0.00750530697903211,0.8998539301689721,0.09264076285199584
25766,GOF,0.042172135331652996,0.8580174785170515,0.09981038615129545
25767,GOF,0.020096922441503004,0.5364185679512294,0.44348450960726754
25768,LOF,0.04960302814803126,0.0479495770286258,0.902447394823343
25769,LOF,0.03633296034201775,0.08923881243283441,0.8744282272251479
25770,LOF,0.2013361006540559,0.07986129759734582,0.7188026017485983
25771,LOF,0.020746994267870283,0.06753720130089001,0.9117158044312398
25772,LOF,0.029323257079579564,0.02970531664715887,0.9409714262732616
25773,LOF,0.022047078091446456,0.08072783890080555,0.897225083007748
25774,LOF,0.027487653625370423,0.14278437566754834,0.8297279707070813
25775,LOF,0.023772613972441264,0.040152810077974055,0.9360745759495848
25776,LOF,0.03184555166418412,0.024235461642543626,0.9439189866932721
25777,LOF,0.2842608417134076,0.09534274133353908,0.6203964169530534
25778,LOF,0.02644011005909853,0.04872061399396377,0.9248392759469377
25779,GOF,0.08754503726315212,0.8344039131646774,0.07805104957217036
25780,GOF,0.10554380671418952,0.8364189674475012,0.05803722583830933
25781,GOF,0.04389592354256728,0.8209298856543122,0.1351741908031205
25782,GOF,0.04727422763382521,0.875383216038824,0.07734255632735078
25783,GOF,0.04603760973713865,0.8931652752940821,0.06079711496877907
25784,GOF,0.14106077814460408,0.8131557294777653,0.04578349237763074
25785,GOF,0.16402849394013116,0.7928451832826905,0.043126322777178344
25786,GOF,0.014488154020082938,0.8577140962091484,0.12779774977076863
25787,GOF,0.30726115843468804,0.6442235585820807,0.04851528298323133
25788,LOF,0.019584198960813187,0.13823437492081486,0.8421814261183719
25789,GOF,0.024763008543891858,0.8272422365775287,0.14799475487857955
25790,GOF,0.037479753783403444,0.8421926597834027,0.12032758643319384
25791,GOF,0.037343198148919586,0.6922144170083929,0.2704423848426874
25792,GOF,0.04629091989081448,0.7335275590939453,0.22018152101524027
25793,GOF,0.06548873377139984,0.77115626016037,0.16335500606823028
25794,GOF,0.07814336757049464,0.6840187449854818,0.23783788744402357
25795,GOF,0.06755535712777443,0.6699585325181213,0.2624861103541043
25796,GOF,0.1632521751988323,0.7419894497962523,0.0947583750049154
25797,GOF,0.13067156663333024,0.6674540679305588,0.2018743654361109
25798,GOF,0.008558415138860779,0.7432078678797057,0.24823371698143348
25799,GOF,0.005238880322441656,0.6448375993253236,0.34992352035223484
25800,GOF,0.03419738658242244,0.795404470027109,0.17039814339046866
25801,GOF,0.027975220062538515,0.882969179697988,0.08905560023947341
25802,GOF,0.03548627754596951,0.7573074217346677,0.20720630071936277
25803,GOF,0.024380688351433883,0.6763430128363545,0.2992762988122117
25804,GOF,0.04131360854527421,0.728357157728908,0.2303292337258178
25805,GOF,0.042609369445429014,0.7642051674153401,0.19318546313923093
25806,GOF,0.058129265422188325,0.768062055351642,0.1738086792261698
25807,GOF,0.016762601203791132,0.7177918024142396,0.2654455963819694
25808,GOF,0.032699348205661935,0.7263418286591349,0.24095882313520323
25809,GOF,0.01399523039494612,0.6662198675585175,0.3197849020465364
25810,GOF,0.011934149592937884,0.6545251540061447,0.33354069640091744
25811,GOF,0.07070783207015972,0.82381535683855,0.1054768110912901
25812,GOF,0.03552824410795431,0.7320613932930101,0.23241036259903547
25813,GOF,0.19712395372994712,0.7093668677950699,0.09350917847498313
25814,GOF,0.0383913964717092,0.7439561053469165,0.21765249818137425
25815,GOF,0.06865207125438977,0.7988398522513843,0.13250807649422586
25816,GOF,0.010768804338448295,0.8446588314835344,0.14457236417801722
25817,GOF,0.14154052353711133,0.7431599059163257,0.115299570546563
25818,GOF,0.034051255809574105,0.7462894882623331,0.21965925592809282
25819,GOF,0.06484612226893707,0.7315425103136257,0.20361136741743727
25820,GOF,0.0690639198916533,0.6855108344146077,0.245425245693739
25821,GOF,0.04426742409352731,0.7376312105351107,0.21810136537136202
25822,GOF,0.08347163904418223,0.6856719867438639,0.23085637421195387
25823,GOF,0.03515534015052307,0.6399600859125306,0.3248845739369464
25824,GOF,0.03804552727806345,0.7114885539287406,0.25046591879319596
25825,GOF,0.028672218635370412,0.703285133965713,0.26804264739891676
25826,GOF,0.012956931217145638,0.668804745671488,0.3182383231113665
25827,GOF,0.019852357490663167,0.6788848987883461,0.3012627437209907
25828,GOF,0.014613274423111286,0.7027085915253206,0.2826781340515682
25829,GOF,0.0047531096856577104,0.6179713375368355,0.37727555277750674
25830,GOF,0.043958309356355516,0.4837532094700104,0.47228848117363414
25831,GOF,0.07737346852527922,0.7735553931776706,0.1490711382970503
25832,GOF,0.013122972138571323,0.6992855959678421,0.28759143189358644
25833,GOF,0.052150838902749304,0.7614237373613639,0.18642542373588672
25834,GOF,0.013569965330902958,0.7131183330714731,0.27331170159762386
25835,GOF,0.03061258580050752,0.7898243307037837,0.17956308349570882
25836,GOF,0.009043189839261301,0.7098856729792191,0.2810711371815196
25837,GOF,0.011764546621585383,0.7282340262246983,0.26000142715371627
25838,GOF,0.030361672716209886,0.8042856148944665,0.16535271238932372
25839,GOF,0.09238605559597464,0.7350299286938563,0.17258401571016904
25840,GOF,0.11672145097820198,0.7281447056860182,0.15513384333577981
25841,GOF,0.10901334013971346,0.769532148721064,0.12145451113922266
25842,GOF,0.038406519447051764,0.8391467656030892,0.12244671494985912
25843,GOF,0.039214973384237385,0.8451901941043646,0.11559483251139806
25844,GOF,0.02822880921803331,0.7764367765368312,0.19533441424513548
25845,GOF,0.007992005221994917,0.6790345745575667,0.31297342022043845
25846,GOF,0.08375831803729453,0.804464982542567,0.11177669942013843
25847,GOF,0.01846632062289462,0.8485006123538857,0.13303306702321954
25848,GOF,0.031184889194250866,0.7858913087921353,0.1829238020136138
25849,GOF,0.008689875470774043,0.7565166346217728,0.23479348990745325
25850,GOF,0.007825680106003603,0.6673349498688048,0.3248393700251916
25851,GOF,0.007341446842515224,0.6172337540546738,0.37542479910281096
25852,GOF,0.16823129662192093,0.5142768853453527,0.3174918180327264
25853,GOF,0.07413861173392433,0.7564785525281259,0.16938283573794968
25854,GOF,0.007558297727598101,0.6492287066777963,0.3432129955946056
25855,GOF,0.030269063767925423,0.6309460894145472,0.3387848468175275
25856,GOF,0.057500233793382816,0.6908035225497253,0.25169624365689186
25857,GOF,0.030152982802434333,0.6245673895911374,0.3452796276064283
25858,GOF,0.011054528555091609,0.591737025962589,0.3972084454823193
25859,GOF,0.008215533761969457,0.5580955116745246,0.4336889545635059
25860,GOF,0.09902747297316593,0.725800445638445,0.175172081388389
25861,GOF,0.11160986006019627,0.7521933040841065,0.13619683585569728
25862,GOF,0.02965476707924415,0.8577916913400909,0.11255354158066491
25863,GOF,0.027464391163797758,0.843349539755789,0.12918606908041338
25864,GOF,0.07351012404157851,0.8319093482541016,0.09458052770432007
25865,GOF,0.05919383816493629,0.8098343974314726,0.13097176440359112
25866,GOF,0.02790931257467402,0.8047386874559704,0.16735199996935557
25867,GOF,0.04451950050419738,0.8133500047653006,0.14213049473050196
25868,GOF,0.08616446567041619,0.7086937595365639,0.20514177479302004
25869,GOF,0.42579765790660296,0.45861856698045744,0.11558377511293963
25870,GOF,0.08579007655436421,0.5178529890888184,0.3963569343568174
25871,GOF,0.012088333325852591,0.7937611253917161,0.19415054128243137
25872,GOF,0.0280848600752885,0.7887856094769355,0.18312953044777602
25873,GOF,0.024888066756248176,0.847234068535943,0.12787786470780876
25874,LOF,0.01894562597302936,0.16540994423623456,0.815644429790736
25875,LOF,0.023202609589262832,0.10704281140324115,0.8697545790074959
25876,LOF,0.020337308310371498,0.060122808413963016,0.9195398832756654
25877,LOF,0.09580751089761623,0.20126059261539878,0.702931896486985
25878,LOF,0.05930581645241854,0.24748974388327166,0.6932044396643099
25879,LOF,0.010388885551282376,0.19259439518936514,0.7970167192593526
25880,LOF,0.06088713413660421,0.019770695137607604,0.9193421707257883
25881,Neutral,0.5500655743065102,0.08601737559023484,0.363917050103255
25882,LOF,0.07588576227293609,0.024076247397352837,0.9000379903297111
25883,LOF,0.03213289341321647,0.02501869006919589,0.9428484165175878
25884,LOF,0.0221950519705037,0.03580277707455134,0.9420021709549449
25885,LOF,0.1854642332157584,0.012111905654154764,0.8024238611300869
25886,LOF,0.25690786008059896,0.049327523652248115,0.6937646162671529
25887,LOF,0.0935598617200686,0.13161581389884275,0.7748243243810886
25888,LOF,0.009178518749948609,0.1825351962658923,0.8082862849841591
25889,LOF,0.028619351523155586,0.03181737648181848,0.939563271995026
25890,LOF,0.20162177908763715,0.07218755382156491,0.726190667090798
25891,LOF,0.10595206184542702,0.03361603133927643,0.8604319068152966
25892,LOF,0.00900793667183232,0.029826770903853744,0.9611652924243139
25893,LOF,0.31503184862698,0.010207234788086425,0.6747609165849336
25894,LOF,0.350488553329436,0.007782668830288183,0.6417287778402758
25895,LOF,0.2938395356559882,0.013694636588730252,0.6924658277552815
25896,LOF,0.08989496432230605,0.03259605962410448,0.8775089760535895
25897,LOF,0.13695387176626864,0.011390227164382838,0.8516559010693486
25898,LOF,0.12383931710428775,0.029159966205879614,0.8470007166898326
25899,LOF,0.4212869071988124,0.036544718052882876,0.5421683747483047
25900,Neutral,0.6575936835136881,0.013781716503195011,0.328624599983117
25901,LOF,0.10603180393938334,0.01436714854279727,0.8796010475178194
25902,LOF,0.10933645336789297,0.015963769803035894,0.8746997768290711
25903,LOF,0.2145049671252885,0.026755884221319595,0.7587391486533919
25904,Neutral,0.5661072073209698,0.04515993318293112,0.38873285949609915
25905,LOF,0.007594724363133189,0.37564570643928613,0.6167595691975808
25906,LOF,0.009084734939469496,0.07441206603393455,0.916503199026596
25907,LOF,0.009027470473400941,0.24428285801097174,0.7466896715156274
25908,LOF,0.00917491645393226,0.23220611245547285,0.758618971090595
25909,LOF,0.031704459454308206,0.0960620990502753,0.8722334414954165
25910,LOF,0.0134553637525899,0.14178277429246908,0.8447618619549411
25911,LOF,0.18644742060023659,0.023695887256746286,0.789856692143017
25912,LOF,0.10695789350049024,0.019502322015373413,0.8735397844841364
25913,LOF,0.018692450632470617,0.030946056243785196,0.9503614931237443
25914,LOF,0.04181367197030415,0.03145637719765834,0.9267299508320375
25915,LOF,0.16944119425949425,0.20422790329901952,0.6263309024414863
25916,LOF,0.012188252672726585,0.10223707334410966,0.8855746739831638
25917,LOF,0.06919951699280534,0.03292777610639219,0.8978727069008025
25918,LOF,0.038828955940587134,0.01694763377431928,0.9442234102850937
25919,LOF,0.0323981712937994,0.01858818184677253,0.9490136468594281
25920,LOF,0.33026772663580545,0.14596533353993513,0.5237669398242595
25921,LOF,0.02203138604168807,0.017746725825211158,0.9602218881331007
25922,LOF,0.020480774398329092,0.018253773270754236,0.9612654523309165
25923,LOF,0.4422343245848003,0.012173522022070279,0.5455921533931294
25924,LOF,0.030821798188906336,0.019688865174369206,0.9494893366367243
25925,LOF,0.1096450828182881,0.026334886488003154,0.8640200306937088
25926,LOF,0.09248999852731708,0.021181908253917563,0.8863280932187654
25927,LOF,0.02850131149865756,0.036056220303706636,0.9354424681976358
25928,LOF,0.015680945301801176,0.021643888640419072,0.9626751660577798
25929,Neutral,0.5869865465420492,0.011942202504274585,0.40107125095367635
25930,LOF,0.10123045016973588,0.012266117079205625,0.8865034327510586
25931,LOF,0.01737914890470799,0.016284988292047532,0.9663358628032445
25932,LOF,0.09715036984140353,0.014689435201457145,0.8881601949571394
25933,LOF,0.09713791963122408,0.008704545828894699,0.8941575345398811
25934,LOF,0.09242817707262242,0.007957484928823389,0.8996143379985542
25935,LOF,0.11046160683405856,0.02162302306469674,0.8679153701012446
25936,LOF,0.09793483951612603,0.009405681822805895,0.892659478661068
25937,LOF,0.02841389865312068,0.015637049117800658,0.9559490522290788
25938,LOF,0.10932957038541463,0.01907274627659707,0.8715976833379883
25939,LOF,0.07203474952105944,0.012553614630478811,0.9154116358484619
25940,GOF,0.011394075540283216,0.5295095747848862,0.45909634967483054
25941,Neutral,0.4840891377375546,0.04340394591564578,0.4725069163467996
25942,LOF,0.011555802061776485,0.04666902287399075,0.9417751750642328
25943,LOF,0.04863390499527203,0.17605722771965288,0.7753088672850751
25944,LOF,0.05367118251325381,0.09392385718287881,0.8524049603038673
25945,LOF,0.18194567000790637,0.02765952142268151,0.7903948085694121
25946,LOF,0.07668700877222716,0.04493478173756132,0.8783782094902115
25947,Neutral,0.4883892505327958,0.13727099123319936,0.3743397582340047
25948,LOF,0.38959223675059196,0.011516456886591375,0.5988913063628166
25949,LOF,0.1307941289637778,0.06274904678755273,0.8064568242486695
25950,GOF,0.11930141886350314,0.6281042451648569,0.2525943359716401
25951,GOF,0.011677281009968411,0.5007256776477209,0.4875970413423107
25952,LOF,0.16128925788728862,0.3083479233590896,0.5303628187536218
25953,LOF,0.007152083434615976,0.3275399644408654,0.6653079521245187
25954,LOF,0.07411179754075835,0.43421803942807047,0.49167016303117117
25955,LOF,0.010610448647632735,0.26740447420571856,0.7219850771466487
25956,LOF,0.011110240997582163,0.36780107392172956,0.6210886850806882
25957,LOF,0.17071348945163464,0.0528127134677953,0.7764737970805701
25958,LOF,0.031651130293541545,0.06361698599457076,0.9047318837118876
25959,GOF,0.0066873024983501,0.7334991176435003,0.2598135798581497
25960,LOF,0.004817383731370955,0.12961966081900667,0.8655629554496225
25961,LOF,0.026711320775295408,0.05065807574847799,0.9226306034762266
25962,LOF,0.030186687817311025,0.09939242835686668,0.8704208838258224
25963,LOF,0.008661041547280361,0.14032638880108692,0.8510125696516329
25964,LOF,0.041242514891553096,0.11742263113709366,0.8413348539713532
25965,LOF,0.17388453677012775,0.15968167747150724,0.6664337857583651
25966,LOF,0.3149308300971448,0.10129113714841144,0.5837780327544438
25967,LOF,0.006323185950761488,0.0996160967837745,0.8940607172654641
25968,LOF,0.04614627719933287,0.2721803467236197,0.6816733760770475
25969,LOF,0.14680595099651927,0.06552625325470297,0.7876677957487778
25970,LOF,0.06615656178603721,0.054809363565632596,0.8790340746483303
25971,LOF,0.06599597237987896,0.029873227650688117,0.9041307999694329
25972,LOF,0.08083541294060537,0.04575881519554068,0.873405771863854
25973,LOF,0.05687784827076263,0.011335348556899306,0.931786803172338
25974,LOF,0.05994631623637669,0.04593252976058103,0.8941211540030423
25975,LOF,0.03562819723145571,0.014921423953150527,0.9494503788153937
25976,LOF,0.08802659750570119,0.011625921709979678,0.9003474807843191
25977,LOF,0.22627198090005965,0.051567721996705174,0.7221602971032351
25978,LOF,0.15690889644980166,0.14501297192611584,0.6980781316240825
25979,LOF,0.1269366343299245,0.15115097422109836,0.7219123914489772
25980,LOF,0.21371004793065307,0.2301533945777269,0.55613655749162
25981,LOF,0.21551214623434678,0.23394506037904272,0.5505427933866105
25982,LOF,0.3685841195440379,0.11079019287076451,0.5206256875851976
25983,LOF,0.4408531986745426,0.11164596556223771,0.4475008357632198
25984,LOF,0.06409181993976161,0.0817990395111522,0.8541091405490862
25985,Neutral,0.4495866069036206,0.12365574385790953,0.4267576492384698
25986,LOF,0.014824859241644532,0.4303765056743936,0.5547986350839618
25987,LOF,0.03922663803215676,0.09664458593788629,0.864128776029957
25988,LOF,0.06644254547098653,0.1440130176173174,0.789544436911696
25989,LOF,0.07743354137613802,0.19118536386414253,0.7313810947597195
25990,LOF,0.061864148194370805,0.35021868431885816,0.587917167486771
25991,GOF,0.025463738531120852,0.5441451928362167,0.4303910686326625
25992,LOF,0.012313867152435477,0.44812282333973297,0.5395633095078315
25993,LOF,0.018531791604930247,0.07155040926720305,0.9099177991278667
25994,LOF,0.023791570179970415,0.07563667166619678,0.9005717581538327
25995,LOF,0.017849817181090903,0.13325085951322688,0.8488993233056823
25996,GOF,0.31095474459361383,0.42426543360181845,0.26477982180456777
25997,GOF,0.054417261124263684,0.5166879062184705,0.42889483265726586
25998,LOF,0.2285656644027532,0.03746672553579507,0.7339676100614516
25999,LOF,0.026278912270918633,0.3155345749517459,0.6581865127773354
26000,LOF,0.14114630168344564,0.013192451576534418,0.84566124674002
26001,LOF,0.1543761147081576,0.02253923823218189,0.8230846470596604
26002,LOF,0.09379039730261488,0.020461009120058736,0.8857485935773263
26003,GOF,0.007009315707901698,0.6035472206928988,0.3894434635991995
26004,GOF,0.017695185794957276,0.5954394433192662,0.3868653708857765
26005,LOF,0.005677004126077393,0.4784857748629574,0.5158372210109652
26006,GOF,0.11806117217306387,0.4877935329714176,0.3941452948555184
26007,LOF,0.010249949581333464,0.4657132841407708,0.5240367662778957
26008,GOF,0.007243755122220667,0.5786605993737334,0.41409564550404593
26009,GOF,0.012984999347887998,0.627485208721498,0.3595297919306138
26010,GOF,0.010329666200124417,0.5494292359523499,0.44024109784752563
26011,LOF,0.006149922604329533,0.4121583700965349,0.5816917072991356
26012,GOF,0.005832191549716865,0.5088602332606509,0.48530757518963225
26013,GOF,0.012456111196730941,0.5572418583014419,0.43030203050182725
26014,LOF,0.045008979077360206,0.07613382489058092,0.8788571960320588
26015,LOF,0.39619327002043697,0.018972316232079234,0.5848344137474839
26016,LOF,0.248081932950352,0.027379910361331205,0.7245381566883169
26017,LOF,0.016959635256942145,0.11905999805928623,0.8639803666837715
26018,LOF,0.03400774824871274,0.058415504402121385,0.9075767473491659
26019,LOF,0.03301890690480022,0.05058212999624221,0.9163989630989575
26020,LOF,0.006699916677129292,0.11585484946278149,0.8774452338600891
26021,LOF,0.07492759002257407,0.05015869182920146,0.8749137181482244
26022,LOF,0.03948027555088032,0.023086259530364472,0.9374334649187551
26023,LOF,0.02603681932611977,0.03606387966462517,0.9378993010092551
26024,LOF,0.05023162295924551,0.03728241435525807,0.9124859626854963
26025,LOF,0.13410359500125513,0.04334377838674837,0.8225526266119966
26026,LOF,0.12710337478668857,0.030958814996732288,0.8419378102165791
26027,LOF,0.03222141774054764,0.020555554552798436,0.9472230277066539
26028,LOF,0.06726037932950824,0.1762223384895823,0.7565172821809094
26029,LOF,0.02734646219163817,0.19445953079784722,0.7781940070105146
26030,LOF,0.1056992031759876,0.025996058295920534,0.8683047385280919
26031,LOF,0.011713563141762312,0.17759008506838078,0.810696351789857
26032,LOF,0.037079224208177754,0.04440220439012204,0.9185185714017002
26033,LOF,0.03630075894304721,0.043586431583482514,0.9201128094734703
26034,LOF,0.01638003268715654,0.12435286796246156,0.8592670993503818
26035,LOF,0.011278001740208234,0.12438957933545189,0.8643324189243399
26036,LOF,0.010585885247421729,0.10248179156365636,0.886932323188922
26037,LOF,0.010279668449437968,0.10913821661499394,0.880582114935568
26038,LOF,0.03226400823607343,0.04041454946759065,0.927321442296336
26039,LOF,0.027447629403505036,0.14607958261711898,0.8264727879793758
26040,LOF,0.08212884000613989,0.14124309841611202,0.7766280615777481
26041,LOF,0.012734031915907548,0.11306458520558249,0.8742013828785099
26042,LOF,0.011756344604349257,0.12046890854194187,0.8677747468537089
26043,LOF,0.034340965346810935,0.07003839793788419,0.8956206367153048
26044,LOF,0.007037111679454797,0.05886914431056955,0.9340937440099757
26045,LOF,0.09053300508835757,0.2178807893523123,0.6915862055593303
26046,LOF,0.028811234396386224,0.047116675594746596,0.9240720900088673
26047,LOF,0.06795527744971719,0.04558244200257464,0.8864622805477081
26048,LOF,0.0836696177638938,0.02449782595158499,0.8918325562845213
26049,Neutral,0.9443018431357012,0.0067846707518887436,0.04891348611241012
26050,Neutral,0.9110487564335455,0.0076656343506783615,0.08128560921577602
26051,LOF,0.028759139665883532,0.33612443993796454,0.6351164203961519
26052,LOF,0.025620930595676376,0.24494581308412178,0.729433256320202
26053,LOF,0.01738789514010111,0.1781961868217758,0.804415918038123
26054,LOF,0.06112754307570796,0.044077578580013106,0.894794878344279
26055,LOF,0.08439238181902912,0.038618161113891485,0.8769894570670794
26056,LOF,0.06865749794860165,0.045839655741226455,0.885502846310172
26057,LOF,0.0650135601910549,0.02624148378801152,0.9087449560209336
26058,LOF,0.07231382097770436,0.02132676119762857,0.9063594178246671
26059,LOF,0.2137670372894189,0.05621579190402044,0.7300171708065607
26060,LOF,0.014950293297734072,0.2102150755759599,0.774834631126306
26061,LOF,0.011188900527181817,0.016266409516080705,0.9725446899567374
26062,LOF,0.005959242525932742,0.025447285908777182,0.9685934715652902
26063,LOF,0.053835432328600226,0.017668918833465434,0.9284956488379343
26064,LOF,0.016993815557079534,0.023497900600218224,0.9595082838427021
26065,LOF,0.0762221080651,0.024972959737830577,0.8988049321970695
26066,LOF,0.0542223673926011,0.019170636007396224,0.9266069966000027
26067,LOF,0.058071848727848645,0.016133690897981962,0.9257944603741695
26068,LOF,0.05791834871598956,0.03889761769853059,0.9031840335854797
26069,LOF,0.18856145629939486,0.03312250714007601,0.7783160365605292
26070,LOF,0.39826144586217327,0.01936453669739821,0.5823740174404286
26071,LOF,0.05465275414823439,0.01850672586209766,0.9268405199896679
26072,LOF,0.0066028770738474135,0.03055155317621839,0.9628455697499343
26073,LOF,0.04566781052733951,0.022630020836484983,0.9317021686361755
26074,Neutral,0.6604663222281538,0.013176467501075165,0.3263572102707711
26075,LOF,0.04669032583408082,0.03003010152846881,0.9232795726374503
26076,LOF,0.04432766886412827,0.02006941743584938,0.9356029137000224
26077,LOF,0.1425232912429553,0.015162782665781334,0.8423139260912634
26078,LOF,0.0059396421659699185,0.030764510255356925,0.9632958475786731
26079,LOF,0.06203211924595062,0.031516215473299476,0.9064516652807498
26080,LOF,0.060781202807443986,0.03158433111950402,0.907634466073052
26081,LOF,0.048978409643313195,0.01654320559014765,0.9344783847665392
26082,LOF,0.006622801468319858,0.029119021782169338,0.9642581767495109
26083,LOF,0.118025263491245,0.0309703229857244,0.8510044135230306
26084,LOF,0.13558642194151083,0.0262128381403946,0.8382007399180945
26085,LOF,0.12107321984987582,0.021824099954946316,0.8571026801951778
26086,LOF,0.041689117294823407,0.023228418626848452,0.9350824640783281
26087,LOF,0.04478474981710023,0.02278980629907147,0.9324254438838283
26088,LOF,0.006363460187716543,0.05720311875703085,0.9364334210552526
26089,LOF,0.043933159776716434,0.040051531178839944,0.9160153090444437
26090,LOF,0.043390853767884964,0.037212098196121916,0.919397048035993
26091,LOF,0.03294795466856936,0.015883232827511168,0.9511688125039195
26092,LOF,0.048473651709510526,0.0150639879032709,0.9364623603872186
26093,LOF,0.06804548857791475,0.010761316455975577,0.9211931949661096
26094,LOF,0.03813562351201218,0.01328154053950714,0.9485828359484807
26095,LOF,0.011897004706967284,0.03379783654486668,0.9543051587481661
26096,LOF,0.22577981086657165,0.008004597447345194,0.7662155916860832
26097,LOF,0.006422316223026702,0.06826779699479081,0.9253098867821824
26098,LOF,0.0558682637238787,0.02875095540085018,0.9153807808752711
26099,LOF,0.04505952949955945,0.031154679181548257,0.9237857913188924
26100,LOF,0.04505952949955945,0.031154679181548257,0.9237857913188924
26101,LOF,0.04512350606778194,0.05159352810048306,0.9032829658317351
26102,LOF,0.03973436749807736,0.027669265079805105,0.9325963674221175
26103,Neutral,0.8964374436473285,0.03535631987477409,0.06820623647789731
26104,LOF,0.055450279387484216,0.05967006416853462,0.8848796564439811
26105,LOF,0.253859400128137,0.09214860337766857,0.6539919964941944
26106,LOF,0.25815809230058473,0.03915098235579754,0.7026909253436177
26107,LOF,0.016768248124857568,0.05551605066599495,0.9277157012091475
26108,LOF,0.16644754537681647,0.04911269466071848,0.7844397599624651
26109,LOF,0.05261005256553668,0.04993211497693789,0.8974578324575254
26110,LOF,0.42753628610452665,0.010084503875331594,0.5623792100201417
26111,LOF,0.0653978542064646,0.061598624006739426,0.8730035217867959
26112,LOF,0.06572952190796391,0.010261478701848214,0.9240089993901879
26113,LOF,0.10411266349474825,0.02803766379152529,0.8678496727137266
26114,LOF,0.08937930683303467,0.008139864066578106,0.9024808291003872
26115,LOF,0.017706461169266264,0.06830273265561755,0.9139908061751161
26116,LOF,0.07595110700743221,0.02250978009056192,0.9015391129020058
26117,LOF,0.3660764877638552,0.035157595574405544,0.5987659166617393
26118,LOF,0.03769375789847718,0.016470950585150256,0.9458352915163726
26119,LOF,0.0065951503857448225,0.0729396744224798,0.9204651751917753
26120,LOF,0.03271047740071979,0.014342923480676013,0.9529465991186042
26121,LOF,0.004186716266946368,0.10914884862561343,0.8866644351074403
