feature0,prediction,LoGoFunc_Neutral,LoGoFunc_GOF,LoGoFunc_LOF
25546,Neutral,0.6339380744369794,0.07612182775393733,0.28994009780908325
25547,Neutral,0.5108520195733349,0.1575133869350705,0.3316345934915947
25548,Neutral,0.4889753572781223,0.1135061984172292,0.3975184443046484
25549,Neutral,0.4585288568884107,0.11109447215768,0.4303766709539092
25550,LOF,0.3501419167663402,0.19035746140718543,0.45950062182647444
25551,LOF,0.28754413463015616,0.17604454508043527,0.5364113202894085
25552,LOF,0.15954255077232352,0.18295146261721315,0.6575059866104634
25553,Neutral,0.8110551472420154,0.04989388963922559,0.13905096311875909
25554,LOF,0.20259320362902564,0.19211827256760386,0.6052885238033705
25555,LOF,0.15622644554215084,0.16727080797437213,0.676502746483477
25556,Neutral,0.49686130916000465,0.14785123098989764,0.35528745985009763
25557,LOF,0.15162801604547035,0.17233801281491606,0.6760339711396135
25558,LOF,0.20525385182320446,0.19958559442709015,0.5951605537497053
25559,Neutral,0.525801840762433,0.04993252094364548,0.42426563829392167
25560,LOF,0.04070203174449154,0.32475172076966724,0.6345462474858413
25561,LOF,0.07304539996788177,0.35028803438838935,0.576666565643729
25562,LOF,0.10519826811420403,0.18540402746434256,0.7093977044214533
25563,LOF,0.11568520700310572,0.17679145114303468,0.7075233418538597
25564,LOF,0.06337506080790845,0.26870443039345593,0.6679205087986356
25565,LOF,0.1319204893651465,0.22785120612978835,0.6402283045050652
25566,GOF,0.01644755624887223,0.7712061242910531,0.21234631946007487
25567,LOF,0.012348864374624992,0.11148517467591701,0.876165960949458
25568,LOF,0.045883316275013505,0.05856828983471428,0.8955483938902723
25569,LOF,0.058000352309690736,0.06153388312253148,0.8804657645677778
25570,LOF,0.057674397161527065,0.1012998513677432,0.8410257514707297
25571,LOF,0.05907565921668566,0.0928503699373232,0.8480739708459911
25572,LOF,0.054782956067860905,0.11412230730244372,0.8310947366296954
25573,LOF,0.028640506431954673,0.07071926760733753,0.9006402259607078
25574,LOF,0.0158083562835827,0.12180218695707436,0.862389456759343
25575,LOF,0.05198215848076901,0.09557946737152348,0.8524383741477075
25576,LOF,0.01931985971310662,0.09427234803544235,0.8864077922514509
25577,LOF,0.013050605540175965,0.11175133470291784,0.8751980597569061
25578,LOF,0.230582751711459,0.07605159082394924,0.6933656574645918
25579,LOF,0.23141452352177944,0.07554883561548704,0.6930366408627335
25580,LOF,0.03639771355546085,0.08418116088380231,0.8794211255607368
25581,LOF,0.0484202579830722,0.06230791648151233,0.8892718255354155
25582,LOF,0.048005488677212056,0.05937635361723621,0.8926181577055519
25583,LOF,0.03362072853947393,0.09402489732353829,0.8723543741369878
25584,Neutral,0.4910269887633375,0.07011178576522072,0.43886122547144185
25585,LOF,0.02851570538684908,0.08864557331428555,0.8828387212988653
25586,LOF,0.03353586735977456,0.06391159349095096,0.9025525391492746
25587,LOF,0.029898033060917616,0.05422026912380817,0.9158816978152742
25588,LOF,0.03231819823812293,0.06992137751906566,0.8977604242428113
25589,Neutral,0.6259494253681531,0.07756589361121946,0.2964846810206276
25590,LOF,0.024977681856152685,0.10828428258033727,0.86673803556351
25591,LOF,0.10753661293672902,0.0487774462360056,0.8436859408272653
25592,LOF,0.09429046616794426,0.11774797707558035,0.7879615567564753
25593,LOF,0.014210977845462384,0.24132548245363533,0.7444635397009023
25594,LOF,0.03474633167917229,0.17027014063755752,0.7949835276832703
25595,LOF,0.0629970308266565,0.12935753882174927,0.8076454303515942
25596,LOF,0.07718346662533415,0.0936140935629541,0.8292024398117118
25597,LOF,0.07291421841809113,0.04233681800504315,0.8847489635768657
25598,LOF,0.04724247207730981,0.1798331216146743,0.7729244063080158
25599,GOF,0.007077458422278432,0.6257577154698537,0.3671648261078679
25600,GOF,0.008552472776850499,0.548329987716048,0.4431175395071016
25601,LOF,0.007398175376035351,0.3707773179978399,0.6218245066261248
25602,LOF,0.013234305555442813,0.06514516925223995,0.9216205251923172
25603,LOF,0.04399713660721284,0.036167775494242195,0.919835087898545
25604,LOF,0.035343813858774456,0.06716666667770717,0.8974895194635184
25605,LOF,0.01126159798313698,0.23110520278835447,0.7576331992285086
25606,GOF,0.05614813720965235,0.5300811501335712,0.41377071265677645
25607,LOF,0.003513572760137923,0.13967403009836052,0.8568123971415016
25608,LOF,0.04661244902596666,0.05307614104511609,0.9003114099289172
25609,LOF,0.07472528404115909,0.2894764009133052,0.6357983150455357
25610,LOF,0.04360545638970893,0.037762632110560065,0.9186319114997309
25611,LOF,0.056409179783554586,0.0272470051399549,0.9163438150764905
25612,LOF,0.12119537035734818,0.0650001398293201,0.8138044898133316
25613,LOF,0.09922860552292055,0.05677059992213768,0.8440007945549417
25614,LOF,0.03911520617279531,0.05023570210380643,0.9106490917233981
25615,LOF,0.07434334547984182,0.06715304573215349,0.8585036087880047
25616,LOF,0.03263577482893342,0.06674722161214629,0.9006170035589203
25617,LOF,0.05136481728145151,0.05241733769204057,0.8962178450265079
25618,LOF,0.2700215572208379,0.053766116643586825,0.6762123261355752
25619,LOF,0.043363409336736616,0.04999705116819079,0.9066395394950725
25620,LOF,0.03926611475387236,0.07274989000151162,0.887983995244616
25621,LOF,0.04656814090832397,0.052765761789399866,0.9006660973022761
25622,LOF,0.03259733897859978,0.07007151182496132,0.8973311491964389
25623,LOF,0.05425113778300793,0.049153395237429835,0.8965954669795622
25624,LOF,0.03325508614567621,0.059076861241212836,0.9076680526131109
25625,LOF,0.04018113097240348,0.07084019471893387,0.8889786743086626
25626,LOF,0.08231043220271665,0.04811978001177047,0.8695697877855129
25627,Neutral,0.6014071889665168,0.11753413901223825,0.281058672021245
25628,LOF,0.20455336810752506,0.06571060115705775,0.7297360307354172
25629,LOF,0.06460902942286051,0.1133201857206282,0.8220707848565113
25630,LOF,0.1877227581242384,0.09589017866909913,0.7163870632066626
25631,Neutral,0.5932899740152217,0.07141401708228724,0.33529600890249106
25632,LOF,0.021521926334257032,0.06761065372044027,0.9108674199453027
25633,LOF,0.23695641888112912,0.06605703933486078,0.6969865417840102
25634,LOF,0.03919741505813188,0.06717317042028063,0.8936294145215875
25635,LOF,0.040207309150202965,0.05522359177976071,0.9045690990700364
25636,GOF,0.00525095430847158,0.6674610048436866,0.32728804084784163
25637,GOF,0.003838925149703772,0.6273597453834142,0.36880132946688216
25638,GOF,0.006945891455602905,0.5115603081041981,0.48149380044019896
25639,LOF,0.004425486335966637,0.4676527409359249,0.5279217727281085
25640,GOF,0.3157545323372591,0.6318608053757554,0.05238466228698559
25641,LOF,0.005772314867865135,0.3310724632876217,0.6631552218445131
25642,LOF,0.2584105371413836,0.10751188486396493,0.6340775779946515
25643,LOF,0.257782008910007,0.18402016643007463,0.5581978246599184
25644,GOF,0.016469623192304394,0.6102185025746237,0.3733118742330719
25645,GOF,0.013283478420967948,0.5911746560868613,0.39554186549217085
25646,LOF,0.01310557457232495,0.4041356587717504,0.5827587666559246
25647,LOF,0.012788435511785688,0.3199656168472879,0.6672459476409264
25648,LOF,0.008930851409641897,0.3912667225282024,0.5998024260621557
25649,LOF,0.00884616003777361,0.2207804712909595,0.7703733686712668
25650,GOF,0.02833573317982887,0.5041045177797928,0.4675597490403784
25651,LOF,0.007143772117516035,0.25634046467125576,0.7365157632112282
25652,LOF,0.012626952391557924,0.32999581366482506,0.657377233943617
25653,GOF,0.054305814727721446,0.477706622695141,0.4679875625771376
25654,LOF,0.009386881407945094,0.3678547672987803,0.6227583512932746
25655,GOF,0.09989677254552096,0.4981942210854273,0.40190900636905175
25656,LOF,0.09363344189871325,0.14833187161346723,0.7580346864878195
25657,LOF,0.2875353985757212,0.05921456461834279,0.653250036805936
25658,LOF,0.032910765021954926,0.22462502733585132,0.7424642076421937
25659,LOF,0.22899873468696194,0.12899752091697766,0.6420037443960603
25660,LOF,0.10816369811127759,0.06628963611977881,0.8255466657689438
25661,LOF,0.07946086304720285,0.0611202171479855,0.8594189198048117
25662,LOF,0.0443243533002791,0.05106019645755198,0.9046154502421688
25663,LOF,0.051160243441345156,0.09306378187904102,0.8557759746796139
25664,LOF,0.03209198193108436,0.1465999708417534,0.8213080472271622
25665,LOF,0.043276135638273164,0.052073372292602116,0.9046504920691246
25666,LOF,0.04473630329705737,0.1646348998198842,0.7906287968830584
25667,LOF,0.043804022167719815,0.04318507331499068,0.9130109045172896
25668,LOF,0.06276236508399048,0.053459216729266505,0.8837784181867431
25669,LOF,0.060536599650126664,0.07230199911052669,0.8671614012393467
25670,LOF,0.07524360410572345,0.0846627914377096,0.840093604456567
25671,LOF,0.05735470810718148,0.03764905737276029,0.9049962345200582
25672,LOF,0.048662515863849835,0.06075176833452871,0.8905857158016214
25673,LOF,0.03912741873551329,0.075375003027176,0.8854975782373108
25674,LOF,0.0272279002632317,0.09001717596246778,0.8827549237743005
25675,LOF,0.033022521761476666,0.06098043740893842,0.9059970408295849
25676,LOF,0.04161544328262753,0.051648818820544805,0.9067357378968276
25677,LOF,0.11876881461269094,0.04688093599739666,0.8343502493899125
25678,LOF,0.2100930834676406,0.034644889738663906,0.7552620267936955
25679,LOF,0.13366548468773914,0.05052137842524824,0.8158131368870127
25680,LOF,0.1225295420518538,0.0737535048671083,0.8037169530810379
25681,LOF,0.13327586609690445,0.0698362522678387,0.7968878816352568
25682,LOF,0.059616763091968235,0.04563528175542495,0.8947479551526069
25683,LOF,0.09141961229416473,0.07303356146883967,0.8355468262369955
25684,LOF,0.0798640633417644,0.052578243814481666,0.867557692843754
25685,LOF,0.1367586202790702,0.05792655640416466,0.8053148233167651
25686,LOF,0.024982690999656863,0.10451904274940046,0.8704982662509426
25687,LOF,0.0492861461142868,0.11469650455822313,0.8360173493274901
25688,LOF,0.020140304515307895,0.07789413528667022,0.9019655601980218
25689,LOF,0.014228761704154977,0.037689259270212966,0.9480819790256321
25690,LOF,0.017062577946498885,0.042504268843481914,0.9404331532100192
25691,LOF,0.11849080309666589,0.07673495552571515,0.804774241377619
25692,LOF,0.25980545669717486,0.01372046936091833,0.7264740739419068
25693,LOF,0.03612758961226937,0.3013246358489782,0.6625477745387526
25694,LOF,0.23692685649632886,0.012982480025447057,0.7500906634782242
25695,LOF,0.16694798571125602,0.02876531015131316,0.8042867041374309
25696,LOF,0.08102684594630748,0.024004494750533643,0.8949686593031588
25697,LOF,0.06878308373157789,0.027942075584859664,0.9032748406835626
25698,LOF,0.015670212919137144,0.377112156601175,0.6072176304796879
25699,LOF,0.09793281524081059,0.14994726143339057,0.7521199233257988
25700,LOF,0.03784715925067259,0.021964069847872202,0.9401887709014551
25701,LOF,0.013702014791635539,0.14037485561830618,0.8459231295900582
25702,GOF,0.025818199020439647,0.7681092700283836,0.2060725309511768
25703,LOF,0.01691566130065853,0.26319786978099463,0.7198864689183467
25704,LOF,0.08548447243032456,0.16265207526412614,0.7518634523055494
25705,LOF,0.06315484181535712,0.191720190675776,0.7451249675088669
25706,GOF,0.01902126249391445,0.6310446419777754,0.3499340955283101
25707,GOF,0.029806544671055743,0.5211435107952851,0.44904994453365915
25708,LOF,0.008056502014865696,0.48230036243176266,0.5096431355533716
25709,LOF,0.03243454834370785,0.06711885959942514,0.9004465920568671
25710,LOF,0.005874965132744305,0.15447055602702672,0.839654478840229
25711,LOF,0.03474379926048452,0.11759303337309183,0.8476631673664236
25712,LOF,0.0077245934365686225,0.22286145695876627,0.7694139496046651
25713,LOF,0.02831282971268704,0.11706802330258763,0.8546191469847254
25714,LOF,0.026121008100599093,0.16820929645834695,0.8056696954410539
25715,LOF,0.03458089722065671,0.13684563612316475,0.8285734666561786
25716,LOF,0.006351149435213924,0.157177284367871,0.8364715661969151
25717,LOF,0.006069209076021062,0.1264486165364869,0.867482174387492
25718,LOF,0.03110218324214799,0.07875842748954028,0.8901393892683117
25719,LOF,0.029358324633409323,0.11747724849406826,0.8531644268725225
25720,LOF,0.027850411749436425,0.13631626803782407,0.8358333202127396
25721,LOF,0.02891465031851388,0.12758232460333835,0.8435030250781479
25722,LOF,0.019099988298944402,0.15723520232393853,0.823664809377117
25723,LOF,0.03114111051374758,0.11973164168212959,0.849127247804123
25724,LOF,0.05019283616936199,0.2558993701667297,0.6939077936639083
25725,LOF,0.034008041373398905,0.10294091177581463,0.8630510468507866
25726,LOF,0.02140484687197099,0.13040865943018795,0.848186493697841
25727,LOF,0.03286192218748172,0.1045422422116639,0.8625958356008545
25728,LOF,0.031956275972957734,0.12977625049115316,0.838267473535889
25729,LOF,0.03328693807544814,0.13299982559377213,0.8337132363307797
25730,LOF,0.039974784876896395,0.08592472402301027,0.8741004911000934
25731,LOF,0.010578993510934243,0.1151310682495767,0.874289938239489
25732,LOF,0.023362909592881523,0.06654144623431997,0.9100956441727984
25733,LOF,0.03581607984597133,0.08279718013402423,0.8813867400200045
25734,LOF,0.006192018386049074,0.2803037334839497,0.7135042481300011
25735,LOF,0.029600429987181185,0.08623367466083234,0.8841658953519864
25736,LOF,0.026352257425265275,0.1438201231340348,0.8298276194406999
25737,LOF,0.04100061825885366,0.10781135998260369,0.8511880217585427
25738,LOF,0.031090922907321236,0.17380351407835018,0.7951055630143286
25739,LOF,0.029722930813442034,0.11400219254514864,0.8562748766414093
25740,LOF,0.0399256297042356,0.12598468893331455,0.83408968136245
25741,LOF,0.047107260469869836,0.1182281670402388,0.8346645724898912
25742,LOF,0.04765005696235557,0.12722144592688173,0.8251284971107626
25743,LOF,0.012944026400857222,0.02685392673601175,0.960202046863131
25744,LOF,0.2232857929496844,0.17812932938658965,0.5985848776637259
25745,LOF,0.053172259594202104,0.06771354559461337,0.8791141948111845
25746,LOF,0.016206876000704157,0.11039844942688762,0.8733946745724082
25747,LOF,0.04945859575358514,0.03571712234903082,0.9148242818973841
25748,LOF,0.2996702381992741,0.09246525286310747,0.6078645089376183
25749,LOF,0.01781539641846385,0.059433682685341986,0.9227509208961943
25750,LOF,0.02443660857524904,0.07284095845404076,0.9027224329707101
25751,LOF,0.04566047212251541,0.06061211003314513,0.8937274178443395
25752,GOF,0.07771415376259994,0.6821133655874723,0.24017248064992772
25753,LOF,0.00750492634948608,0.4775182641609699,0.514976809489544
25754,GOF,0.007409292927537495,0.8940830640018557,0.09850764307060687
25755,LOF,0.008038453057146023,0.4464866189598909,0.5454749279829632
25756,LOF,0.02134649270625472,0.458239941886449,0.5204135654072962
25757,GOF,0.007930230581072244,0.8778404463512938,0.11422932306763392
25758,GOF,0.008835500685847285,0.9053775038714419,0.08578699544271066
25759,GOF,0.006431374284247824,0.6790417605307373,0.3145268651850149
25760,LOF,0.005496945223926247,0.3559411413209111,0.6385619134551627
25761,GOF,0.04938015823937906,0.8894171782679086,0.0612026634927124
25762,LOF,0.02388121981274133,0.3927941939251854,0.5833245862620732
25763,LOF,0.00601223161950981,0.35837211671403274,0.6356156516664575
25764,GOF,0.07140334774918025,0.6999105237300516,0.2286861285207682
25765,GOF,0.009178933491231073,0.9088057390367915,0.08201532747197744
25766,GOF,0.02445020852605046,0.8648881151361764,0.1106616763377732
25767,GOF,0.016909651187562044,0.5705541049754107,0.4125362438370272
25768,LOF,0.056524773620753685,0.049243053978348765,0.8942321724008975
25769,LOF,0.02529397917311861,0.094447803447892,0.8802582173789895
25770,LOF,0.14645060469644944,0.15915825150809346,0.6943911437954571
25771,LOF,0.01827857812923415,0.1243950604107005,0.8573263614600652
25772,LOF,0.03025678743783461,0.05048220642858274,0.9192610061335826
25773,LOF,0.01314031982056772,0.12843023702175574,0.8584294431576766
25774,LOF,0.023296795008576322,0.2579531954193283,0.7187500095720954
25775,LOF,0.01703107700050047,0.04915278814950489,0.9338161348499946
25776,LOF,0.03166740576852565,0.029549227663996872,0.9387833665674774
25777,LOF,0.24234748807425235,0.13587313450244948,0.6217793774232983
25778,LOF,0.023334548745243596,0.10475718504388588,0.8719082662108706
25779,GOF,0.054033818035901654,0.8526413772427566,0.09332480472134172
25780,GOF,0.07406078278461134,0.8566734413275389,0.06926577588784977
25781,GOF,0.03226131192423609,0.8221435484195698,0.1455951396561941
25782,GOF,0.038402556111372464,0.8759860621418886,0.085611381746739
25783,GOF,0.04046351489764526,0.8949504961109851,0.06458598899136964
25784,GOF,0.10362674087188088,0.8336548240611391,0.06271843506698001
25785,GOF,0.14252634743841508,0.8126071257373706,0.04486652682421445
25786,GOF,0.012306773840773434,0.7822350232412713,0.2054582029179554
25787,GOF,0.32299159167226565,0.6186774560945997,0.05833095223313458
25788,LOF,0.01978170136149507,0.13317471366972142,0.8470435849687834
25789,GOF,0.021269849487649622,0.8436808886400787,0.1350492618722717
25790,GOF,0.031041640147849832,0.8634272622666127,0.10553109758553741
25791,GOF,0.030671950334265022,0.6843428202765671,0.2849852293891678
25792,GOF,0.03945646967056071,0.7531127146995685,0.2074308156298708
25793,GOF,0.05456923737972995,0.8100098826897097,0.13542087993056032
25794,GOF,0.05372122118183316,0.6746839849459323,0.2715947938722346
25795,GOF,0.05112492364535764,0.6996926129073491,0.24918246344729345
25796,GOF,0.13648103159015115,0.7411143343812593,0.12240463402858955
25797,GOF,0.0755898161435299,0.7167866070995224,0.20762357675694765
25798,GOF,0.007398346563927345,0.7917782645277112,0.20082338890836154
25799,GOF,0.004549054247897646,0.7037017719828429,0.29174917376925946
25800,GOF,0.024333262422938078,0.8468400275154339,0.12882671006162802
25801,GOF,0.025392066185923257,0.8618742164565045,0.11273371735757226
25802,GOF,0.029029517916749237,0.7770033129285647,0.19396716915468593
25803,GOF,0.02249181377820136,0.7668188071440191,0.2106893790777796
25804,GOF,0.03533390418731728,0.7915971670497833,0.17306892876289925
25805,GOF,0.032224099560173754,0.8036447344178562,0.1641311660219701
25806,GOF,0.042156920185753136,0.8095022500854393,0.14834082972880758
25807,GOF,0.015400377571022774,0.7474105610659744,0.23718906136300277
25808,GOF,0.028579464967479797,0.7969646346275214,0.1744559004049987
25809,GOF,0.014283769181136129,0.7196394911364518,0.2660767396824122
25810,GOF,0.013150969760134287,0.7161870526580849,0.27066197758178084
25811,GOF,0.07810088671591202,0.8432732962757286,0.07862581700835938
25812,GOF,0.03908195504937919,0.7893525364329236,0.17156550851769728
25813,GOF,0.2003032677432801,0.7088582872236616,0.09083844503305832
25814,GOF,0.037410932673762276,0.758861995625022,0.20372707170121565
25815,GOF,0.07596114760675848,0.8038675731553134,0.12017127923792811
25816,GOF,0.011509560176802113,0.8608943838812505,0.1275960559419473
25817,GOF,0.1360379320322804,0.7182574439919758,0.14570462397574388
25818,GOF,0.0328680834008878,0.7814668087326685,0.18566510786644386
25819,GOF,0.05599426462619887,0.7424123620569262,0.20159337331687505
25820,GOF,0.06019151579171895,0.6906224025330702,0.24918608167521084
25821,GOF,0.04055331956130847,0.7419889357691362,0.21745774466955547
25822,GOF,0.06585530855284859,0.7204149483735787,0.2137297430735728
25823,GOF,0.033886676969064625,0.7182826387818314,0.24783068424910398
25824,GOF,0.03355711539875032,0.776411293850943,0.19003159075030665
25825,GOF,0.023991688060010785,0.772115774421483,0.20389253751850622
25826,GOF,0.01326528973840856,0.7115742872385974,0.2751604230229941
25827,GOF,0.016599652022437204,0.7183255003293917,0.26507484764817113
25828,GOF,0.011463855766975188,0.7477497596232971,0.24078638460972757
25829,GOF,0.005003742942602091,0.6588090101592475,0.3361872468981505
25830,GOF,0.05767812741669422,0.47526259994631415,0.4670592726369917
25831,GOF,0.07491594286048626,0.7713858732675037,0.15369818387201006
25832,GOF,0.009416483226460463,0.7204439278439128,0.2701395889296267
25833,GOF,0.028991480076263124,0.8102710901914448,0.1607374297322921
25834,GOF,0.009693159762703334,0.7485062092860397,0.24180063095125692
25835,GOF,0.028443135483754656,0.8324253612282358,0.13913150328800955
25836,GOF,0.0076004418774899525,0.756925046171849,0.2354745119506612
25837,GOF,0.010813132570408779,0.7779057697978755,0.21128109763171568
25838,GOF,0.022036945615995895,0.8320070464453517,0.14595600793865227
25839,GOF,0.05500592831320806,0.7646493706320152,0.18034470105477676
25840,GOF,0.09565387602160605,0.7329101335399287,0.17143599043846525
25841,GOF,0.08433846486437484,0.7882241264908239,0.12743740864480133
25842,GOF,0.026669920590432508,0.8550821489213387,0.11824793048822885
25843,GOF,0.023904224646633023,0.8657155470697772,0.11038022828358976
25844,GOF,0.021948390841353287,0.817247837903448,0.16080377125519862
25845,GOF,0.007891695254230922,0.7090735705551494,0.2830347341906197
25846,GOF,0.07439728785004394,0.8221786492218417,0.1034240629281143
25847,GOF,0.016980265077153747,0.8496628648303705,0.13335687009247577
25848,GOF,0.01809626117705461,0.8139836000708961,0.1679201387520493
25849,GOF,0.006410845758908534,0.7811406778694827,0.21244847637160877
25850,GOF,0.007773322247370786,0.7027748466823954,0.2894518310702336
25851,GOF,0.006863665023914163,0.6360215481416641,0.35711478683442177
25852,GOF,0.15163218993623367,0.47736983205117733,0.3709979780125891
25853,GOF,0.06957177865063509,0.7681692022095493,0.1622590191398157
25854,GOF,0.006849349920710947,0.6993656289617443,0.29378502111754484
25855,GOF,0.024581304179593883,0.6163351003959842,0.35908359542442186
25856,GOF,0.05151234116003206,0.7194291703455978,0.22905848849437005
25857,GOF,0.02406287097284975,0.6169446272472624,0.3589925017798878
25858,GOF,0.011001471137940989,0.5743518610320272,0.41464666783003185
25859,GOF,0.008180459665901408,0.5441660943806794,0.4476534459534191
25860,GOF,0.10932685008831666,0.6945613233553599,0.1961118265563235
25861,GOF,0.10286715306998555,0.7812766787306824,0.11585616819933207
25862,GOF,0.022386453101453305,0.8850805424068382,0.09253300449170856
25863,GOF,0.021150781204994702,0.8560805715777581,0.12276864721724724
25864,GOF,0.0372686151136103,0.8807185430198943,0.08201284186649545
25865,GOF,0.03582458958995146,0.8628377254714291,0.10133768493861944
25866,GOF,0.018697593688193934,0.8677422866388391,0.11356011967296693
25867,GOF,0.03821056408105114,0.8691375284940607,0.09265190742488806
25868,GOF,0.0820783088064647,0.7543467864464601,0.16357490474707512
25869,GOF,0.36666069230707327,0.513786636246776,0.11955267144615073
25870,GOF,0.07760216750269507,0.5218541688720195,0.40054366362528543
25871,GOF,0.00968970030151113,0.7575713260170747,0.23273897368141416
25872,GOF,0.021333451529280876,0.7849042959299265,0.19376225254079266
25873,GOF,0.020975775110905405,0.854606232071234,0.12441799281786053
25874,LOF,0.028142075630788254,0.1450746294407313,0.8267832949284805
25875,LOF,0.02373306425724921,0.11666742150608843,0.8595995142366624
25876,LOF,0.025172708535607016,0.06694627598604114,0.9078810154783519
25877,LOF,0.10581907759906621,0.20793072004557622,0.6862502023553576
25878,LOF,0.06699579834936793,0.2926589840044596,0.6403452176461725
25879,LOF,0.010406964534988558,0.18781563299325613,0.8017774024717553
25880,LOF,0.05453159320635128,0.01805307724772848,0.9274153295459203
25881,Neutral,0.5009799985492931,0.16414070524866528,0.3348792962020416
25882,LOF,0.045198013318951104,0.047891339444450565,0.9069106472365984
25883,LOF,0.02949456139448231,0.037557493667570045,0.9329479449379477
25884,LOF,0.015890033826807443,0.061106754827406705,0.9230032113457858
25885,LOF,0.15522024748751598,0.019692911860331248,0.8250868406521529
25886,LOF,0.2585292391790919,0.06908264648382627,0.6723881143370819
25887,LOF,0.0723270786780408,0.2524845296358808,0.6751883916860782
25888,LOF,0.007000592628319186,0.25387660448593363,0.7391228028857473
25889,LOF,0.02358319538718265,0.047192794857961066,0.9292240097548563
25890,LOF,0.19599048336361133,0.06767344737526568,0.7363360692611229
25891,LOF,0.0999162088145956,0.04016654449506569,0.8599172466903388
25892,LOF,0.008975921639876424,0.02655446133756458,0.964469617022559
25893,LOF,0.2806551308348188,0.008465865104348063,0.7108790040608332
25894,LOF,0.3328114970907824,0.006053875185782785,0.6611346277234348
25895,LOF,0.27012927684695026,0.015740503947345084,0.7141302192057046
25896,LOF,0.0880686843142698,0.026915091401543703,0.8850162242841865
25897,LOF,0.11410534654658912,0.0110912288957844,0.8748034245576266
25898,LOF,0.12345906642801774,0.02809493906724365,0.8484459945047386
25899,LOF,0.39753750176976893,0.030296641836618173,0.5721658563936128
25900,Neutral,0.778035883657578,0.011671700179973994,0.21029241616244818
25901,LOF,0.06595183316239407,0.009739817727105802,0.9243083491105002
25902,LOF,0.07882916979741232,0.0085954463157755,0.9125753838868121
25903,LOF,0.16539674467802226,0.02684165706880986,0.8077615982531678
25904,Neutral,0.4796304477545323,0.053120207188812184,0.4672493450566554
25905,LOF,0.007426071511059844,0.4059101408553195,0.5866637876336206
25906,LOF,0.008809684615047008,0.06805626510875311,0.9231340502761999
25907,LOF,0.007569817130868408,0.2544209146892606,0.7380092681798709
25908,LOF,0.007929123454939164,0.24416245970023603,0.7479084168448248
25909,LOF,0.03508234682443334,0.1173677736346318,0.8475498795409349
25910,LOF,0.016532561572720636,0.10438751025260892,0.8790799281746704
25911,LOF,0.16131584510604047,0.031007001859687085,0.8076771530342726
25912,LOF,0.12125287874310943,0.01300819947672764,0.865738921780163
25913,LOF,0.015840574049092133,0.02349406769037043,0.9606653582605376
25914,LOF,0.05025644841623021,0.03589568677029033,0.9138478648134796
25915,LOF,0.2122844200461355,0.34640552388351714,0.44131005607034746
25916,LOF,0.014200504274078554,0.18659294590055947,0.799206549825362
25917,LOF,0.0723247259171719,0.05017887621561049,0.8774963978672177
25918,LOF,0.050959154432853426,0.023628026596960963,0.9254128189701856
25919,LOF,0.04265038102581284,0.024479850551795457,0.9328697684223918
25920,LOF,0.3824409736806751,0.22015623561187697,0.3974027907074479
25921,LOF,0.021613190661548078,0.02127978876051147,0.9571070205779405
25922,LOF,0.02232224457879395,0.017460452178535923,0.9602173032426701
25923,LOF,0.4178614711303822,0.011139662865079473,0.5709988660045383
25924,LOF,0.03190241416754129,0.016272146786435102,0.9518254390460237
25925,LOF,0.11896842933746021,0.024333791682663766,0.856697778979876
25926,LOF,0.09774110525321913,0.016545836206184866,0.885713058540596
25927,LOF,0.031110436854861548,0.023973494797552734,0.9449160683475857
25928,LOF,0.017091895497631227,0.010038068723772298,0.9728700357785965
25929,Neutral,0.5552580393150635,0.010648753603113832,0.4340932070818227
25930,LOF,0.06283972211804488,0.010257459942907509,0.9269028179390476
25931,LOF,0.016705815648964305,0.010818972944160267,0.9724752114068754
25932,LOF,0.08397865493936277,0.008701209268259095,0.9073201357923781
25933,LOF,0.0983510316426747,0.006481367643103371,0.895167600714222
25934,LOF,0.09126633386596093,0.006924505498677626,0.9018091606353614
25935,LOF,0.11358902307570891,0.018956562462381952,0.8674544144619092
25936,LOF,0.09182142372601061,0.006613216098421693,0.9015653601755677
25937,LOF,0.01682099825750253,0.012949047894216062,0.9702299538482815
25938,LOF,0.11563272022081203,0.01704874346963216,0.8673185363095558
25939,LOF,0.06502531207692214,0.010622716948715749,0.9243519709743622
25940,GOF,0.010959394966457965,0.5516805686002465,0.43736003643329546
25941,LOF,0.45092751067959624,0.029722032982135615,0.519350456338268
25942,LOF,0.009477666134506275,0.05242086331949366,0.9381014705460001
25943,LOF,0.041478169131953506,0.11700031340965346,0.841521517458393
25944,LOF,0.039415049819319176,0.07930393005968045,0.8812810201210005
25945,LOF,0.14438292518021656,0.02497446680684125,0.8306426080129422
25946,LOF,0.08285301195662532,0.07941845815175094,0.8377285298916238
25947,Neutral,0.4547150087486439,0.22153342340337892,0.3237515678479772
25948,Neutral,0.5393813569058094,0.01864750467106041,0.4419711384231302
25949,LOF,0.10655040272496674,0.04696417852971349,0.8464854187453197
25950,GOF,0.08237357956673401,0.6863390983801877,0.23128732205307828
25951,GOF,0.01238752706924958,0.5295331353152537,0.4580793376154967
25952,LOF,0.1456483015489897,0.341348889817471,0.5130028086335393
25953,LOF,0.007282038317483869,0.4166763866401447,0.5760415750423713
25954,GOF,0.060108942120575375,0.6003034361632618,0.3395876217161628
25955,LOF,0.00818557577147758,0.41248054101232,0.5793338832162025
25956,LOF,0.009297434732224972,0.42763459605119164,0.5630679692165833
25957,LOF,0.20122928562101408,0.04510558625293881,0.753665128126047
25958,LOF,0.02421106299180842,0.06172141764121648,0.9140675193669752
25959,GOF,0.007258049354749657,0.7007757244877826,0.29196622615746776
25960,LOF,0.005609844815722322,0.10125067765476771,0.8931394775295101
25961,LOF,0.024841788204163148,0.05955921577707087,0.915598996018766
25962,LOF,0.04299524682456572,0.09732251438405377,0.8596822387913804
25963,LOF,0.01062697063827143,0.14734871624410623,0.8420243131176223
25964,LOF,0.0509879139379579,0.10246622991331181,0.8465458561487302
25965,LOF,0.16061868294065518,0.18482347881066027,0.6545578382486845
25966,LOF,0.2910650487739027,0.2637024985850638,0.4452324526410335
25967,LOF,0.006631931700007472,0.12479588885229274,0.8685721794476998
25968,LOF,0.06150816416024894,0.21242753203974735,0.7260643038000036
25969,LOF,0.1345293267989409,0.05653700215529881,0.8089336710457603
25970,LOF,0.05419133832441522,0.07947342374773761,0.8663352379278471
25971,LOF,0.0769123097419958,0.03549984233089743,0.8875878479271067
25972,LOF,0.08520942595212505,0.037233060197773685,0.8775575138501013
25973,LOF,0.08060206024663465,0.008689617925104493,0.9107083218282609
25974,LOF,0.06931040351242711,0.0358584151625371,0.8948311813250358
25975,LOF,0.02956949322936922,0.009951560051164246,0.9604789467194664
25976,LOF,0.09606010112053166,0.011434055384842002,0.8925058434946264
25977,LOF,0.1988653853482261,0.06071082350770831,0.7404237911440655
25978,LOF,0.17411267718010945,0.11709094516735033,0.7087963776525402
25979,LOF,0.12324305374227564,0.12087180543172456,0.7558851408259999
25980,LOF,0.21438076503627362,0.21923571149542775,0.5663835234682986
25981,LOF,0.21633043354083756,0.22350445985586306,0.5601651066032994
25982,LOF,0.2979517055700285,0.10967034425929541,0.5923779501706761
25983,Neutral,0.47271992902317667,0.10401978795442972,0.4232602830223937
25984,LOF,0.06102196598090925,0.061074133077419074,0.8779039009416717
25985,Neutral,0.48803595257408844,0.09467120805368426,0.4172928393722274
25986,LOF,0.012477371613306528,0.37184502887603915,0.6156775995106543
25987,LOF,0.03494731709679898,0.06693285231782276,0.8981198305853783
25988,LOF,0.04839218585213548,0.09114365173958658,0.860464162408278
25989,LOF,0.050044605151338156,0.09838833882484357,0.8515670560238182
25990,LOF,0.04982197326480613,0.19599367495817116,0.7541843517770226
25991,GOF,0.02734222066795111,0.6479857156904799,0.324672063641569
25992,LOF,0.01251816225967216,0.4833674461441395,0.5041143915961883
25993,LOF,0.02082254094087538,0.09313409960796232,0.8860433594511622
25994,LOF,0.0247095237079301,0.09807873939591656,0.8772117368961533
25995,LOF,0.015784436444256516,0.1714161063886884,0.8127994571670552
25996,GOF,0.3211492771734331,0.5214349489918377,0.15741577383472918
25997,GOF,0.06271661765832012,0.6699717798502083,0.2673116024914717
25998,LOF,0.22843167072169954,0.030181706914315928,0.7413866223639844
25999,LOF,0.02726269105561068,0.2826800282773917,0.6900572806669977
26000,LOF,0.15685079477342045,0.012906723272092763,0.8302424819544868
26001,LOF,0.16517141248507555,0.0162181257331922,0.8186104617817322
26002,LOF,0.1146884118282665,0.014548832505599688,0.8707627556661339
26003,GOF,0.00679096487588167,0.6106446884869124,0.38256434663720595
26004,GOF,0.017070663960312843,0.606732704226742,0.37619663181294516
26005,GOF,0.005239768228720198,0.5055798402484679,0.48918039152281184
26006,GOF,0.1028968755989977,0.5724300307009057,0.3246730937000966
26007,GOF,0.00900102398537499,0.5623497175695221,0.4286492584451028
26008,GOF,0.006984519282417329,0.6114201760760561,0.3815953046415265
26009,GOF,0.012886272894067593,0.6490470127234543,0.33806671438247793
26010,GOF,0.010642066733512,0.5569917499370685,0.4323661833294196
26011,LOF,0.006010584668336169,0.4478644702288651,0.5461249451027987
26012,GOF,0.006014707588010607,0.5583932917378924,0.43559200067409704
26013,GOF,0.011372220917536995,0.5052642076841984,0.48336357139826464
26014,LOF,0.05616498002511478,0.06925452818559691,0.8745804917892883
26015,LOF,0.3417235822495399,0.03436562218022618,0.6239107955702339
26016,LOF,0.24237331719231517,0.057440632850198486,0.7001860499574865
26017,LOF,0.015815436243999916,0.18764445153034406,0.796540112225656
26018,LOF,0.021105641124460957,0.12211610300235232,0.8567782558731868
26019,LOF,0.02120620467070472,0.09352386948663073,0.8852699258426646
26020,LOF,0.00685337854932327,0.18325411241778505,0.8098925090328918
26021,LOF,0.09066598970264468,0.09157934944179605,0.8177546608555594
26022,LOF,0.049240905637742555,0.03816118414528903,0.9125979102169685
26023,LOF,0.031641018688048285,0.08491339386783406,0.8834455874441176
26024,LOF,0.05026089152133009,0.07121259741185403,0.8785265110668159
26025,LOF,0.1491554457881707,0.08872617365733473,0.7621183805544945
26026,LOF,0.14033456503868713,0.0648395045187767,0.7948259304425362
26027,LOF,0.030922697664335138,0.047603879467945455,0.9214734228677194
26028,LOF,0.07638760441629969,0.23481434894341402,0.6887980466402863
26029,LOF,0.03518719879000002,0.15400526676563395,0.810807534444366
26030,LOF,0.13297858996001916,0.0190972569678164,0.8479241530721645
26031,LOF,0.01672163931692214,0.1668129932453651,0.8164653674377127
26032,LOF,0.027501374718690574,0.03190816874324013,0.9405904565380694
26033,LOF,0.047262656006591235,0.062217769647990244,0.8905195743454185
26034,LOF,0.023708003415590824,0.09200247928157637,0.8842895173028328
26035,LOF,0.014308070257233171,0.11403416311425184,0.8716577666285149
26036,LOF,0.013565205846193468,0.09412420306823828,0.8923105910855683
26037,LOF,0.012502427756115299,0.09109720324080947,0.8964003690030753
26038,LOF,0.023860589193988025,0.029318937779202865,0.946820473026809
26039,LOF,0.03714393353645933,0.13967957825892632,0.8231764882046143
26040,LOF,0.07666593771761994,0.19577089714531423,0.7275631651370659
26041,LOF,0.01590720885057578,0.11019519173735423,0.8738975994120699
26042,LOF,0.01477090340509838,0.11795341755041075,0.8672756790444909
26043,LOF,0.024636318391621365,0.06043361881022458,0.914930062798154
26044,LOF,0.00813409302817388,0.05543121895641332,0.9364346880154127
26045,LOF,0.0992920350924884,0.25638372425324213,0.6443242406542695
26046,LOF,0.023541368606621114,0.06063182022927026,0.9158268111641087
26047,LOF,0.05967724505756165,0.05505683602310752,0.8852659189193308
26048,LOF,0.08573196756829021,0.027218363248391806,0.8870496691833181
26049,Neutral,0.9304009488399503,0.006520998611012003,0.0630780525490377
26050,Neutral,0.8827257344159164,0.008363799308252175,0.10891046627583138
26051,LOF,0.028245540802388464,0.30565808845051046,0.6660963707471012
26052,LOF,0.02945105415397541,0.20441922147526373,0.766129724370761
26053,LOF,0.024268832195511507,0.17831964779575152,0.7974115200087369
26054,LOF,0.0524321598284938,0.07483545630223327,0.8727323838692729
26055,LOF,0.05621501434456583,0.06792770940631712,0.875857276249117
26056,LOF,0.053282892138001234,0.07125665894776988,0.875460448914229
26057,LOF,0.04609604435207597,0.016571154091218045,0.9373328015567061
26058,LOF,0.05067541079909479,0.013261584682616305,0.9360630045182889
26059,LOF,0.2576353044789692,0.10142500523231618,0.6409396902887147
26060,LOF,0.020549586298500122,0.1843832287946062,0.7950671849068938
26061,LOF,0.013195441011925846,0.011342496722797779,0.9754620622652763
26062,LOF,0.006460436375813022,0.02186882900090077,0.9716707346232862
26063,LOF,0.046875357160924044,0.015069953433703202,0.9380546894053728
26064,LOF,0.008999385629760558,0.015947565072656992,0.9750530492975825
26065,LOF,0.04883464669859078,0.017361298850424485,0.9338040544509848
26066,LOF,0.04635128132155315,0.013776912833815097,0.9398718058446317
26067,LOF,0.05248966532345239,0.012657718670495215,0.9348526160060524
26068,LOF,0.05090253817544259,0.04997159752871461,0.8991258642958428
26069,LOF,0.1657394478798092,0.04264709977104056,0.7916134523491503
26070,LOF,0.3907449272045063,0.02372701591804845,0.5855280568774451
26071,LOF,0.05026055895927967,0.017547465652685043,0.9321919753880352
26072,LOF,0.008813523287173457,0.01996947338149538,0.9712170033313312
26073,LOF,0.05025089217677808,0.012744429238382675,0.9370046785848393
26074,Neutral,0.7201945095842703,0.019197642420685005,0.26060784799504466
26075,LOF,0.03802303400019262,0.03669516867386821,0.9252817973259391
26076,LOF,0.056326495456233194,0.017220120503314635,0.9264533840404523
26077,LOF,0.17771095583552088,0.01722786709014396,0.8050611770743352
26078,LOF,0.006633981787489712,0.02732221373768382,0.9660438044748264
26079,LOF,0.05443736656514201,0.03758693330907,0.9079757001257879
26080,LOF,0.05371761758030796,0.03750985405175769,0.9087725283679344
26081,LOF,0.04783406637314207,0.014767174627648316,0.9373987589992095
26082,LOF,0.0076944035155957794,0.021806564517719142,0.9704990319666851
26083,LOF,0.04886506261094908,0.030337805953686254,0.9207971314353647
26084,LOF,0.07139809406084889,0.016077143263949475,0.9125247626752017
26085,LOF,0.06476338598969465,0.013974820880772032,0.9212617931295333
26086,LOF,0.041067062827474396,0.01774809882924748,0.9411848383432782
26087,LOF,0.04592999487314768,0.016719366145418788,0.9373506389814336
26088,LOF,0.0070404686301162025,0.036583523673114224,0.9563760076967697
26089,LOF,0.03530990816954579,0.0564001500174872,0.9082899418129671
26090,LOF,0.034850769879279285,0.04788593622377258,0.9172632938969482
26091,LOF,0.03705068222509653,0.014147924514625768,0.9488013932602777
26092,LOF,0.04743513312992638,0.013468816166623468,0.93909605070345
26093,LOF,0.06918159793507726,0.008548290754329804,0.9222701113105929
26094,LOF,0.04503628989723088,0.011303881441693125,0.943659828661076
26095,LOF,0.012886785152833096,0.026920906617213552,0.9601923082299533
26096,LOF,0.3197582117328215,0.004661781755742602,0.6755800065114359
26097,LOF,0.0074130363412224995,0.051253422997041706,0.9413335406617358
26098,LOF,0.05693767799792633,0.038214799443426234,0.9048475225586474
26099,LOF,0.050654965660433815,0.035755623085811476,0.9135894112537546
26100,LOF,0.050654965660433815,0.035755623085811476,0.9135894112537546
26101,LOF,0.047464477238308884,0.052144814102474644,0.9003907086592164
26102,LOF,0.044261360667781774,0.021503079405532935,0.9342355599266853
26103,Neutral,0.8827204728581286,0.0418500303416831,0.07542949680018823
26104,LOF,0.04509809446995849,0.10528230273919174,0.8496196027908497
26105,LOF,0.26100717417556457,0.07432404769489377,0.6646687781295417
26106,LOF,0.29602139241005154,0.03024848410668548,0.673730123483263
26107,LOF,0.018007789817027144,0.06182354257548415,0.9201686676074888
26108,LOF,0.17779821519163677,0.061958057103804295,0.760243727704559
26109,LOF,0.05405679304512826,0.039881330405925695,0.906061876548946
26110,Neutral,0.523453353838649,0.027796842034654393,0.4487498041266966
26111,LOF,0.05685422400483835,0.18377651793968516,0.7593692580554764
26112,LOF,0.07197810031212387,0.019972956508784567,0.9080489431790916
26113,LOF,0.0723908987056692,0.0368885758363266,0.8907205254580042
26114,LOF,0.10551505522969912,0.013385877872317717,0.8810990668979832
26115,LOF,0.021639269916646622,0.08101440991663955,0.8973463201667139
26116,LOF,0.055974770572801036,0.027209069664929683,0.9168161597622694
26117,LOF,0.3135790916555828,0.07656489572592966,0.6098560126184877
26118,LOF,0.037456832252980875,0.024224235135292472,0.9383189326117266
26119,LOF,0.006036650168678561,0.08584838053698536,0.908114969294336
26120,LOF,0.030250415872959784,0.021515291032545424,0.9482342930944947
26121,LOF,0.003906212196275679,0.11392752566477217,0.8821662621389521
