feature0,prediction,LoGoFunc_Neutral,LoGoFunc_GOF,LoGoFunc_LOF
25546,Neutral,0.7750480476363044,0.024803368269828888,0.2001485840938667
25547,Neutral,0.6359094597693029,0.05281101500923383,0.3112795252214633
25548,Neutral,0.6107315333706556,0.041192449578919196,0.34807601705042535
25549,Neutral,0.5350931919213323,0.04216665861990478,0.422740149458763
25550,LOF,0.35163208698062,0.10575704945717712,0.5426108635622029
25551,LOF,0.29112340675702175,0.12218495807300123,0.586691635169977
25552,LOF,0.18347412669074661,0.1294873840669747,0.6870384892422787
25553,Neutral,0.8277134213370817,0.03116683007165384,0.14111974859126425
25554,LOF,0.23210769425668668,0.12185027735643451,0.6460420283868789
25555,LOF,0.18139480974006922,0.09770361302264538,0.7209015772372853
25556,LOF,0.41033994874324875,0.09918609373053326,0.490473957526218
25557,LOF,0.17629271040886824,0.11133556032483892,0.712371729266293
25558,LOF,0.2305370531091282,0.12507237803827279,0.6443905688525989
25559,LOF,0.36667366804440016,0.0633295690244949,0.5699967629311049
25560,LOF,0.06697807652657889,0.17695240992635053,0.7560695135470705
25561,LOF,0.12041966539947015,0.20559015807465053,0.6739901765258792
25562,LOF,0.10529947091702067,0.09460772438652143,0.8000928046964579
25563,LOF,0.11928768779347701,0.09871514723707503,0.781997164969448
25564,LOF,0.1557861966138642,0.18703706600590647,0.6571767373802293
25565,LOF,0.12114466090696392,0.1585705853975086,0.7202847536955275
25566,GOF,0.013959494355335335,0.7181913299442443,0.26784917570042044
25567,LOF,0.012476122655514328,0.11672264604937238,0.8708012312951133
25568,LOF,0.048206148922469994,0.055933224057149865,0.8958606270203802
25569,LOF,0.06091798577555675,0.053167093107896635,0.8859149211165467
25570,LOF,0.06887581807417144,0.09242317475844303,0.8387010071673855
25571,LOF,0.06447789719130849,0.08375948107603191,0.8517626217326596
25572,LOF,0.05931382320236138,0.1281260718119602,0.8125601049856784
25573,LOF,0.027351836188006688,0.08136886358623732,0.8912793002257561
25574,LOF,0.017083336835111432,0.13553827893791776,0.8473783842269709
25575,LOF,0.05414759481941517,0.09634558440588026,0.8495068207747045
25576,LOF,0.017764971404585328,0.10641510077544036,0.8758199278199744
25577,LOF,0.014675598839416264,0.130184107847105,0.8551402933134786
25578,LOF,0.24037314464992723,0.07462740736409512,0.6849994479859776
25579,LOF,0.24159092774171168,0.07409847963306082,0.6843105926252275
25580,LOF,0.037571978127729104,0.07777342862544699,0.8846545932468238
25581,LOF,0.050549081890375436,0.05861241155119091,0.8908385065584338
25582,LOF,0.05013637818340999,0.05585996467961357,0.8940036571369765
25583,LOF,0.045574040660083096,0.07941654056366416,0.8750094187762528
25584,LOF,0.45118854388667007,0.07872059921603891,0.4700908568972911
25585,LOF,0.03530446720856943,0.10145937732041356,0.863236155471017
25586,LOF,0.04435491868674074,0.0747428780711228,0.8809022032421364
25587,LOF,0.03794849918311368,0.07048322433596446,0.891568276480922
25588,LOF,0.03788398411676475,0.09063681733713934,0.8714791985460959
25589,Neutral,0.6114062024650767,0.09859012866523063,0.2900036688696927
25590,LOF,0.027990953169371835,0.11788527876025075,0.8541237680703774
25591,LOF,0.11446358611217775,0.044957094273272886,0.8405793196145493
25592,LOF,0.10697310575266734,0.1282842757991803,0.7647426184481525
25593,LOF,0.017077455350283464,0.23589271187152555,0.747029832778191
25594,LOF,0.036751529188282075,0.18171871382479357,0.7815297569869244
25595,LOF,0.05485568893110866,0.1478806923416166,0.7972636187272747
25596,LOF,0.06443755503423841,0.09304485221264865,0.8425175927531129
25597,LOF,0.0628581816670503,0.07517772985013028,0.8619640884828195
25598,LOF,0.047389096417299575,0.1812738232633907,0.7713370803193097
25599,GOF,0.006898498883113868,0.6966165244421538,0.2964849766747324
25600,GOF,0.008295257745560398,0.5674349461515407,0.42426979610289894
25601,LOF,0.0063050997488450925,0.44534477691123053,0.5483501233399243
25602,LOF,0.019545564202637745,0.0664749191097365,0.9139795166876257
25603,LOF,0.03808379025836696,0.03351979519798351,0.9283964145436496
25604,LOF,0.052584353909646414,0.0649408587168363,0.8824747873735173
25605,LOF,0.009487969152944689,0.2943587146340031,0.6961533162130522
25606,GOF,0.06159543805224174,0.49858047657561366,0.43982408537214457
25607,LOF,0.003977912801810835,0.17419582381483284,0.8218262633833564
25608,LOF,0.06965747094066466,0.05381207059811041,0.8765304584612249
25609,LOF,0.05690794226418294,0.3711453422005653,0.5719467155352518
25610,LOF,0.04784619876604644,0.03293640610964692,0.9192173951243066
25611,LOF,0.058170471988069544,0.02757467970118732,0.914254848310743
25612,LOF,0.1303619096969313,0.05015669438524293,0.8194813959178258
25613,LOF,0.10903616095573068,0.040724581422248225,0.8502392576220211
25614,LOF,0.0432801083641976,0.03712485919898954,0.919595032436813
25615,LOF,0.06257249430028773,0.03830852507387995,0.8991189806258324
25616,LOF,0.04212220420894496,0.03809167307485616,0.9197861227161988
25617,LOF,0.04347364771353952,0.03980243449135029,0.9167239177951102
25618,LOF,0.2595662308149726,0.03744496805755992,0.7029888011274674
25619,LOF,0.04043243011103428,0.03550725647726072,0.9240603134117049
25620,LOF,0.04517535241602165,0.04316425180872438,0.911660395775254
25621,LOF,0.04308848866087643,0.029238145764599818,0.9276733655745237
25622,LOF,0.0354603711073072,0.04494492117366383,0.919594707719029
25623,LOF,0.06474654612693183,0.0331546830172389,0.9020987708558293
25624,LOF,0.034863657668087474,0.04574648732051884,0.9193898550113938
25625,LOF,0.04319855321635146,0.04923657944105903,0.9075648673425896
25626,LOF,0.09149364732720247,0.03193464764818956,0.8765717050246079
25627,Neutral,0.5836112398603727,0.09793930526761949,0.3184494548720078
25628,LOF,0.21217410887350924,0.044617105541806645,0.7432087855846841
25629,LOF,0.09035641923244166,0.11971714273563092,0.7899264380319273
25630,LOF,0.19884444885654157,0.08092148442967337,0.7202340667137851
25631,Neutral,0.6199470384063871,0.055814327316430754,0.32423863427718225
25632,LOF,0.022594056322267134,0.0851041657343562,0.8923017779433766
25633,LOF,0.22457261792010935,0.09627811800270446,0.6791492640771861
25634,LOF,0.0389375846833388,0.10533037829119549,0.8557320370254657
25635,LOF,0.034762564116590344,0.09073813489231515,0.8744993009910945
25636,GOF,0.006974665664671805,0.6782304924380138,0.31479484189731427
25637,GOF,0.005017996526678122,0.545195140066746,0.4497868634065759
25638,LOF,0.008972850839601032,0.4511922835205066,0.5398348656398924
25639,GOF,0.004714558409088921,0.5005414100784193,0.4947440315124918
25640,GOF,0.37414601562076727,0.5846142782911575,0.041239706088075284
25641,LOF,0.0060319727462875535,0.34403304521528344,0.649934982038429
25642,LOF,0.25087901296776277,0.10656629513472866,0.6425546918975086
25643,LOF,0.20177214651046596,0.37908337238175654,0.4191444811077775
25644,GOF,0.027931309780419217,0.654062411950317,0.3180062782692637
25645,GOF,0.021859005887681308,0.6333073853248631,0.3448336087874557
25646,LOF,0.02370962838892,0.4369664061487693,0.5393239654623107
25647,LOF,0.017412962828477378,0.326757405105738,0.6558296320657847
25648,LOF,0.013746014841203675,0.39444723328610115,0.5918067518726953
25649,LOF,0.013603486533865188,0.2908917529752316,0.6955047604909033
25650,GOF,0.04163602596870193,0.6716221732640801,0.286741800767218
25651,LOF,0.011812503828625231,0.32251259255833686,0.6656749036130379
25652,LOF,0.02049303560072762,0.36939309723810504,0.6101138671611673
25653,GOF,0.10023724187732995,0.5807513187316627,0.3190114393910073
25654,LOF,0.014444335989721148,0.407029934496058,0.5785257295142209
25655,GOF,0.13659670299631593,0.5206179926464238,0.3427853043572602
25656,LOF,0.053106017438835515,0.10503997080077093,0.8418540117603934
25657,LOF,0.28799036813942186,0.04289381635652776,0.6691158155040504
25658,LOF,0.02790890535375755,0.18793087567781866,0.7841602189684237
25659,LOF,0.20219256594482257,0.10028529964906184,0.6975221344061155
25660,LOF,0.10218104803559311,0.10656057682157943,0.7912583751428274
25661,LOF,0.08614068560668918,0.0697655015869215,0.8440938128063894
25662,LOF,0.03501266647642302,0.05291172564323796,0.912075607880339
25663,LOF,0.043177368371732354,0.08838484624034312,0.8684377853879245
25664,LOF,0.03077910087864173,0.14334643702029248,0.8258744621010659
25665,LOF,0.04811346337056465,0.058073464009231614,0.8938130726202037
25666,LOF,0.04254249055218487,0.16401862724551416,0.793438882202301
25667,LOF,0.03664604905968407,0.05691864509333594,0.9064353058469801
25668,LOF,0.04937778725759179,0.05602803382005244,0.8945941789223558
25669,LOF,0.05729773856115946,0.0933470866731487,0.8493551747656918
25670,LOF,0.12763995348923166,0.10996004502639482,0.7624000014843735
25671,LOF,0.04499923766274101,0.05446833533095135,0.9005324270063078
25672,LOF,0.04666543200599382,0.07505420658869014,0.8782803614053161
25673,LOF,0.036331822869913245,0.07969435906796447,0.8839738180621222
25674,LOF,0.02596352843952514,0.09372557952992011,0.8803108920305547
25675,LOF,0.035180953869759515,0.0796260055145054,0.8851930406157351
25676,LOF,0.034136932524311256,0.07113198103975081,0.8947310864359379
25677,LOF,0.09257684377619008,0.06098609179784184,0.8464370644259681
25678,LOF,0.16026084227458873,0.049753900429128944,0.7899852572962824
25679,LOF,0.11196492301366111,0.0760961987898478,0.811938878196491
25680,LOF,0.08812357189610381,0.0978190787055802,0.8140573493983161
25681,LOF,0.10551343582502172,0.08574901364868494,0.8087375505262934
25682,LOF,0.0556317119800079,0.0723169886404754,0.8720512993795166
25683,LOF,0.07395299177824076,0.10576639991958113,0.8202806083021782
25684,LOF,0.06409255896599696,0.08068872478169961,0.8552187162523035
25685,LOF,0.1039995975376159,0.05543428939791741,0.8405661130644667
25686,LOF,0.03712741936703964,0.12027599524540943,0.842596585387551
25687,LOF,0.0606085926836081,0.11134008642862335,0.8280513208877686
25688,LOF,0.018381295848455752,0.08115329284032301,0.9004654113112213
25689,LOF,0.01641589172717373,0.050590949682492045,0.9329931585903342
25690,LOF,0.01665624934397965,0.06301060969404877,0.9203331409619715
25691,LOF,0.11264393993089608,0.08691949768483227,0.8004365623842715
25692,LOF,0.1804970675569874,0.012994578950973185,0.8065083534920394
25693,LOF,0.04978331640792571,0.14245306915909384,0.8077636144329804
25694,LOF,0.2869959447398523,0.00973982188090952,0.7032642333792382
25695,LOF,0.20857081737093863,0.01861667144379454,0.7728125111852667
25696,LOF,0.15305109897598013,0.014517311435139697,0.8324315895888802
25697,LOF,0.12545536694073828,0.03284214326914608,0.8417024897901157
25698,LOF,0.02320380339488851,0.29323902595719187,0.6835571706479195
25699,LOF,0.09499701401326736,0.09301999957605414,0.8119829864106785
25700,LOF,0.033769557860396766,0.01696462213091227,0.949265820008691
25701,LOF,0.017424617152957365,0.11218543466624593,0.8703899481807967
25702,GOF,0.021135243714421156,0.7508654641302833,0.2279992921552956
25703,LOF,0.017368623577653976,0.2196850135507965,0.7629463628715495
25704,LOF,0.10025373732449229,0.21298866681950268,0.6867575958560049
25705,LOF,0.08448878487429738,0.2961082998238498,0.6194029153018528
25706,GOF,0.021885300087160338,0.6782702727983949,0.29984442711444464
25707,GOF,0.033789482196019634,0.619096138022891,0.34711437978108944
25708,GOF,0.010567806021448826,0.6005920601392901,0.388840133839261
25709,LOF,0.028322885778480616,0.09071803620109094,0.8809590780204284
25710,LOF,0.00564397811960526,0.24756994760476989,0.7467860742756248
25711,LOF,0.02940992823419548,0.15018723423924707,0.8204028375265575
25712,LOF,0.007371750386873016,0.3007844634476913,0.6918437861654356
25713,LOF,0.025124070326336533,0.12910120357273963,0.8457747261009239
25714,LOF,0.02852887716571061,0.17710054047318444,0.7943705823611048
25715,LOF,0.030151725581892178,0.14571544313239024,0.8241328312857175
25716,LOF,0.008368839925040037,0.22223401640709048,0.7693971436678696
25717,LOF,0.006192640532636705,0.21424261707930845,0.7795647423880548
25718,LOF,0.027215008573398997,0.10519986500044695,0.8675851264261539
25719,LOF,0.03604353464897292,0.1385102404045343,0.8254462249464928
25720,LOF,0.03871052103029782,0.13357276137114824,0.827716717598554
25721,LOF,0.03086098706060998,0.11384880903862878,0.8552902039007613
25722,LOF,0.020058409105333512,0.161447046587638,0.8184945443070284
25723,LOF,0.030499960159395097,0.12032806084722028,0.8491719789933846
25724,LOF,0.028592170419209927,0.20227907441413392,0.7691287551666561
25725,LOF,0.03032452828605081,0.10738734790633125,0.8622881238076179
25726,LOF,0.021345126267264224,0.15326970445368385,0.8253851692790518
25727,LOF,0.02818471587562957,0.14648687544013625,0.8253284086842341
25728,LOF,0.027621217310612116,0.14518867761128829,0.8271901050780995
25729,LOF,0.027972671296950847,0.16575564425844821,0.806271684444601
25730,LOF,0.03294737932820247,0.10763388760754342,0.8594187330642542
25731,LOF,0.010227586582228557,0.233079653064729,0.7566927603530424
25732,LOF,0.02342002205192156,0.12725591614429957,0.849324061803779
25733,LOF,0.04155198807038308,0.11497067312330135,0.8434773388063157
25734,LOF,0.00646072294285651,0.32498149055552716,0.6685577865016163
25735,LOF,0.025368247497802553,0.10681786917391929,0.8678138833282781
25736,LOF,0.025522934873691255,0.16180224860863418,0.8126748165176746
25737,LOF,0.05988190631498082,0.15883934848394998,0.7812787452010691
25738,LOF,0.026441221186964455,0.18386489656613517,0.7896938822469003
25739,LOF,0.030973111237915393,0.13116537201370188,0.8378615167483828
25740,LOF,0.03477826777297178,0.1477834561984551,0.8174382760285732
25741,LOF,0.03839887625969651,0.13942924551171096,0.8221718782285925
25742,LOF,0.053877602682005296,0.14289866000588408,0.8032237373121106
25743,LOF,0.010702664311856437,0.021498880836294282,0.9677984548518492
25744,LOF,0.20383324055785204,0.24976626095105725,0.5464004984910907
25745,LOF,0.036992308083300174,0.054641622740170995,0.9083660691765287
25746,LOF,0.015402898504308135,0.07196907599442148,0.9126280255012704
25747,LOF,0.037240573199534985,0.02254109246166216,0.940218334338803
25748,LOF,0.26577349627968827,0.043687470025051675,0.6905390336952602
25749,LOF,0.015726516616192687,0.04630636248324248,0.9379671209005648
25750,LOF,0.021293098283467548,0.05000803896854644,0.928698862747986
25751,LOF,0.03885353456171801,0.04112345429336112,0.9200230111449209
25752,GOF,0.07090534233648604,0.7154917482875878,0.2136029093759262
25753,LOF,0.0062296294186642365,0.4799897224515696,0.5137806481297662
25754,GOF,0.007026118229855842,0.894426867988374,0.09854701378177018
25755,GOF,0.006330631690395172,0.4973714678494366,0.4962979004601683
25756,GOF,0.024025950987219578,0.5054680681199466,0.47050598089283374
25757,GOF,0.007266308866379034,0.8822800284441886,0.11045366268943231
25758,GOF,0.007953991129443783,0.9023749590526174,0.0896710498179387
25759,GOF,0.005362108246133948,0.7073638988980343,0.2872739928558317
25760,LOF,0.005678103425347333,0.382589268948438,0.6117326276262146
25761,GOF,0.046113324338212226,0.8727238776735091,0.0811627979882785
25762,LOF,0.027160340780269167,0.4400616500696214,0.5327780091501094
25763,LOF,0.0056352754964711475,0.34473451197943406,0.6496302125240948
25764,GOF,0.05437973917304137,0.6948823846437651,0.25073787618319365
25765,GOF,0.0073497115511678476,0.8987438597755675,0.09390642867326464
25766,GOF,0.04261390746327765,0.8610140522354376,0.09637204030128477
25767,GOF,0.01913827387407305,0.5271512692825785,0.4537104568433483
25768,LOF,0.05500390429687593,0.04457971384724022,0.9004163818558838
25769,LOF,0.037768086116604316,0.07322622370473128,0.8890056901786645
25770,LOF,0.19762536721530882,0.08579729280253334,0.7165773399821578
25771,LOF,0.01819888498613454,0.07937154554477811,0.9024295694690873
25772,LOF,0.0338452824350567,0.028445445591626702,0.9377092719733165
25773,LOF,0.021172853059445888,0.08280939898687142,0.8960177479536827
25774,LOF,0.02704502949044298,0.14974140138210779,0.8232135691274493
25775,LOF,0.02103552010676708,0.0501042153744985,0.9288602645187344
25776,LOF,0.030388128599611493,0.02114099470066772,0.9484708766997209
25777,LOF,0.28531724133251146,0.10303811121092354,0.611644647456565
25778,LOF,0.027203462509890135,0.055302142372604605,0.9174943951175052
25779,GOF,0.08444351859143243,0.839901762836818,0.07565471857174963
25780,GOF,0.08986079219284092,0.8570750806455506,0.05306412716160863
25781,GOF,0.03992530786731976,0.8432507968283888,0.11682389530429146
25782,GOF,0.051267288500770614,0.8790989571487138,0.0696337543505156
25783,GOF,0.04162404484979589,0.9023233198507,0.05605263529950417
25784,GOF,0.14306415594760977,0.8092967776722302,0.04763906638015996
25785,GOF,0.15792696069884002,0.8032134920453345,0.03885954725582546
25786,GOF,0.013162001064946721,0.8445561455960872,0.14228185333896615
25787,GOF,0.2835070454734748,0.6660762670469645,0.05041668747956064
25788,LOF,0.020006573399470918,0.1568898608071176,0.8231035657934116
25789,GOF,0.02263685947576392,0.8331676310651001,0.144195509459136
25790,GOF,0.03540814688890852,0.8652681050294451,0.0993237480816465
25791,GOF,0.033749257269121195,0.70086018553423,0.26539055719664884
25792,GOF,0.0398763856380388,0.7422089053386919,0.2179147090232693
25793,GOF,0.0570820258103515,0.8063980888117157,0.13651988537793283
25794,GOF,0.07131427182075717,0.7101750889285751,0.2185106392506676
25795,GOF,0.06710492570291426,0.7065769417264529,0.22631813257063285
25796,GOF,0.1416629825684544,0.7680676326617507,0.09026938476979486
25797,GOF,0.11146377679572392,0.6973790743406904,0.19115714886358576
25798,GOF,0.008566164119825383,0.7593749481579473,0.23205888772222724
25799,GOF,0.005239427851447595,0.6686703963832089,0.3260901757653435
25800,GOF,0.03346857204406682,0.8063965357527497,0.16013489220318367
25801,GOF,0.02888129102463754,0.881264177394932,0.08985453158043048
25802,GOF,0.03275457632167949,0.7754222111061881,0.19182321257213233
25803,GOF,0.02527380964386577,0.7043354751991066,0.27039071515702773
25804,GOF,0.039287123193202045,0.7614676047959441,0.1992452720108539
25805,GOF,0.037968936308165765,0.7938507153802846,0.1681803483115496
25806,GOF,0.04992354939632883,0.7997665778242804,0.1503098727793908
25807,GOF,0.016972609451649186,0.750874893061866,0.2321524974864848
25808,GOF,0.030568954584784293,0.7647524318099487,0.204678613605267
25809,GOF,0.01366433981925717,0.7017877577387178,0.284547902442025
25810,GOF,0.011976872155649633,0.684992089950082,0.3030310378942684
25811,GOF,0.06599827180913384,0.848182163930689,0.085819564260177
25812,GOF,0.03627661506170938,0.7493372017334597,0.21438618320483097
25813,GOF,0.19989431203836228,0.7144170926115773,0.0856885953500606
25814,GOF,0.03840422326260052,0.7520400619012096,0.20955571483618973
25815,GOF,0.07767649456149207,0.7900488241570105,0.13227468128149736
25816,GOF,0.01137546093246103,0.8482748849016665,0.14034965416587247
25817,GOF,0.13897760429498296,0.7369936750953333,0.12402872060968366
25818,GOF,0.03340354187807548,0.748300797359376,0.21829566076254833
25819,GOF,0.06332365426638968,0.7464127174582574,0.19026362827535284
25820,GOF,0.06055200933566552,0.7070237882451395,0.23242420241919512
25821,GOF,0.04018376178227497,0.7553267526884396,0.20448948552928542
25822,GOF,0.0800196682697115,0.7082174421425016,0.21176288958778688
25823,GOF,0.034195433753407854,0.6710235543976409,0.29478101184895117
25824,GOF,0.03453120762536571,0.7272559659221638,0.2382128264524704
25825,GOF,0.02828233300907335,0.7163233939179569,0.2553942730729699
25826,GOF,0.012862630875020974,0.6733134571465931,0.31382391197838594
25827,GOF,0.019482123319246755,0.664808919374221,0.3157089573065322
25828,GOF,0.015532495969518492,0.701217097561508,0.2832504064689736
25829,GOF,0.004892079156471523,0.6098302707265898,0.3852776501169387
25830,GOF,0.043617656420835815,0.4947725556515964,0.4616097879275679
25831,GOF,0.07427552008741127,0.7823772057504248,0.14334727416216392
25832,GOF,0.013487231414912954,0.7100421405028138,0.2764706280822732
25833,GOF,0.048073691126606276,0.7774498149857461,0.17447649388764766
25834,GOF,0.013762745606861027,0.7245673125471014,0.2616699418460374
25835,GOF,0.030853345568823177,0.792749438342602,0.17639721608857473
25836,GOF,0.009366725788189758,0.7192878253693127,0.27134544884249767
25837,GOF,0.011163461148826234,0.7301474419563047,0.25868909689486924
25838,GOF,0.027636605748245405,0.8012552503573708,0.17110814389438386
25839,GOF,0.08043057426265494,0.7521233804090781,0.1674460453282669
25840,GOF,0.11497538988096154,0.7247427077063421,0.16028190241269633
25841,GOF,0.11399344790642464,0.760969999141151,0.12503655295242413
25842,GOF,0.03463351216901674,0.845525740616533,0.11984074721445037
25843,GOF,0.03374323300781877,0.8562199413220947,0.11003682567008662
25844,GOF,0.027464521220021465,0.771939165746795,0.2005963130331836
25845,GOF,0.00813441750519632,0.6714052454696553,0.3204603370251483
25846,GOF,0.08318241876097653,0.8046924577343353,0.11212512350468824
25847,GOF,0.01964554472884348,0.8449771035973119,0.1353773516738447
25848,GOF,0.030789766071244905,0.7948546088048505,0.1743556251239045
25849,GOF,0.009291192374955397,0.7580841452504108,0.23262466237463378
25850,GOF,0.008088484396259896,0.6588631607983961,0.3330483548053439
25851,GOF,0.007534249351237869,0.6086666484126314,0.3837991022361308
25852,GOF,0.16745711372274585,0.5128369081907026,0.3197059780865516
25853,GOF,0.0791581021096616,0.7588710474584534,0.1619708504318851
25854,GOF,0.007338093092217318,0.6602501616977859,0.3324117452099967
25855,GOF,0.029176792972858478,0.6475082330429279,0.3233149739842136
25856,GOF,0.061735615685981245,0.7058626380808475,0.2324017462331711
25857,GOF,0.029496044277369005,0.6476256090801628,0.32287834664246823
25858,GOF,0.01032814731796477,0.5928153408360359,0.3968565118459993
25859,GOF,0.007525866218388313,0.5604353390004917,0.43203879478112006
25860,GOF,0.09790951428779902,0.732677564537468,0.16941292117473303
25861,GOF,0.1178615107812634,0.7715877041644861,0.11055078505425048
25862,GOF,0.028536712840186874,0.861143219628436,0.11032006753137726
25863,GOF,0.025429636395469298,0.843996005061974,0.13057435854255678
25864,GOF,0.06837155602340532,0.8368312749935164,0.0947971689830783
25865,GOF,0.05437489576607634,0.8053961280976094,0.14022897613631435
25866,GOF,0.026341549899186467,0.8201661502340224,0.15349229986679105
25867,GOF,0.044315679268087424,0.8232000639569491,0.1324842567749633
25868,GOF,0.07761544788888161,0.7485253647651072,0.17385918734601122
25869,GOF,0.39906999303440766,0.48801628295230404,0.11291372401328835
25870,GOF,0.0765383784221205,0.4864789846818198,0.4369826368960597
25871,GOF,0.010092805210412904,0.7874615604224636,0.20244563436712348
25872,GOF,0.02406737239157814,0.7923775004187495,0.18355512718967223
25873,GOF,0.025072191836302077,0.8617330134741849,0.11319479468951314
25874,LOF,0.019790537025166113,0.1939605733969963,0.7862488895778377
25875,LOF,0.024315203614936873,0.11086970396938861,0.8648150924156746
25876,LOF,0.020076035726330346,0.05979650491488742,0.9201274593587823
25877,LOF,0.0998994033511764,0.2222991553634852,0.6778014412853384
25878,LOF,0.06337237319336599,0.28728350809091496,0.6493441187157191
25879,LOF,0.011449704461346914,0.19404882082971592,0.7945014747089372
25880,LOF,0.06546475784814351,0.022443262923276246,0.9120919792285802
25881,Neutral,0.5645351926585142,0.09219735707672076,0.34326745026476496
25882,LOF,0.07190998036355299,0.025812549358408963,0.902277470278038
25883,LOF,0.03090763832147221,0.03127644639162921,0.9378159152868986
25884,LOF,0.02128565223541298,0.041760808028027334,0.9369535397365598
25885,LOF,0.19321673268117442,0.014126656728695296,0.7926566105901303
25886,LOF,0.2463792631605716,0.05965334416728983,0.6939673926721386
25887,LOF,0.10037472178304375,0.13840528413619674,0.7612199940807595
25888,LOF,0.009309247378100429,0.17396252336209397,0.8167282292598055
25889,LOF,0.028511986198422407,0.03827238314101141,0.9332156306605661
25890,LOF,0.2062923208069613,0.06528431933109187,0.7284233598619468
25891,LOF,0.1057715288826039,0.03776224561620333,0.8564662255011928
25892,LOF,0.009281285339361171,0.028397053764384776,0.962321660896254
25893,LOF,0.3158665886901137,0.009675025899664461,0.6744583854102219
25894,LOF,0.34916829643182634,0.007156345686229974,0.6436753578819436
25895,LOF,0.29205590610972426,0.012947560807271571,0.6949965330830042
25896,LOF,0.08754909726617216,0.029678535316928968,0.8827723674168988
25897,LOF,0.1326624715303484,0.009826482631298776,0.8575110458383528
25898,LOF,0.1258241276980834,0.02910872094855428,0.8450671513533623
25899,LOF,0.4192491264203509,0.03545334755637461,0.5452975260232745
25900,Neutral,0.6529227472560519,0.013714520771730968,0.3333627319722171
25901,LOF,0.10545977628672414,0.012623164527079666,0.8819170591861962
25902,LOF,0.10406607840445066,0.01362965183675908,0.8823042697587902
25903,LOF,0.2085063171362041,0.02769368418817918,0.7637999986756167
25904,Neutral,0.5702830022854364,0.040026419379256266,0.3896905783353075
25905,LOF,0.008032524332311308,0.3722318353110729,0.6197356403566159
25906,LOF,0.008636074798886204,0.06406133376391643,0.9273025914371973
25907,LOF,0.009052498487769647,0.23565959243805124,0.7552879090741791
25908,LOF,0.008997461327857944,0.23273601958094017,0.758266519091202
25909,LOF,0.031050269840677568,0.09603971317797552,0.8729100169813468
25910,LOF,0.012426157039392859,0.1437891232762834,0.8437847196843237
25911,LOF,0.1853083183842679,0.027762919547299213,0.786928762068433
25912,LOF,0.11281430472452846,0.0211032748855478,0.8660824203899238
25913,LOF,0.020157535984853085,0.03034111264119807,0.949501351373949
25914,LOF,0.04492908675948638,0.027215328274874814,0.9278555849656388
25915,LOF,0.1635552983678195,0.2004921041012731,0.6359525975309074
25916,LOF,0.012487831615486536,0.08612033668167889,0.9013918317028345
25917,LOF,0.07256032659928743,0.02806811792006624,0.8993715554806464
25918,LOF,0.04357740404904546,0.014122290344594526,0.94230030560636
25919,LOF,0.03452403597554818,0.014601168411409954,0.9508747956130418
25920,LOF,0.3469943972876714,0.18196709388552856,0.4710385088268002
25921,LOF,0.019732559026506943,0.01872902253104536,0.9615384184424477
25922,LOF,0.01868236156482221,0.020839586707543198,0.9604780517276346
25923,LOF,0.458109965160141,0.011548370603062803,0.5303416642367963
25924,LOF,0.02863648244739696,0.020528889392247646,0.9508346281603555
25925,LOF,0.11630657575313799,0.025595709338672702,0.8580977149081893
25926,LOF,0.09741783397370565,0.01917217376001914,0.8834099922662751
25927,LOF,0.026717947370932454,0.03134099933971887,0.9419410532893487
25928,LOF,0.013808565440164485,0.018346177132417284,0.9678452574274183
25929,Neutral,0.5999911053202386,0.011201114410423168,0.3888077802693383
25930,LOF,0.10638303237385162,0.011647588331100148,0.8819693792950483
25931,LOF,0.01519290388032587,0.014793226865942071,0.9700138692537321
25932,LOF,0.09722649938545308,0.01252337632879044,0.8902501242857565
25933,LOF,0.10264361681460911,0.009075965867650899,0.88828041731774
25934,LOF,0.10241254920104424,0.0077309083415551426,0.8898565424574006
25935,LOF,0.11745748739965242,0.020599802127667,0.8619427104726806
25936,LOF,0.10548846881244149,0.007589787309252142,0.8869217438783065
25937,LOF,0.024922067336344122,0.015507196479127265,0.9595707361845286
25938,LOF,0.11509019312971654,0.019154197262371143,0.8657556096079122
25939,LOF,0.07081555970696408,0.01135375366799299,0.9178306866250429
25940,GOF,0.011323633654282022,0.5455535404779398,0.44312282586777824
25941,Neutral,0.47915980823321225,0.05154209730613613,0.4692980944606515
25942,LOF,0.011453768058782038,0.053392910955972664,0.9351533209852454
25943,LOF,0.04849132457706592,0.19043946606400233,0.7610692093589317
25944,LOF,0.05377627138807885,0.09608242301800705,0.8501413055939141
25945,LOF,0.18806505785944835,0.029957205404673587,0.7819777367358781
25946,LOF,0.07458649937565852,0.04517740146047894,0.8802360991638625
25947,Neutral,0.4908016764818113,0.16423591845945676,0.34496240505873194
25948,LOF,0.37029412605683015,0.011564907215280005,0.6181409667278899
25949,LOF,0.13679829032936863,0.0654842775693163,0.797717432101315
25950,GOF,0.10267750903255553,0.6510934355128535,0.24622905545459095
25951,LOF,0.013306677127471066,0.43658928842255174,0.5501040344499771
25952,LOF,0.15250092562071177,0.29983234733450137,0.5476667270447868
25953,LOF,0.007463040618833781,0.3073099494490769,0.6852270099320893
25954,LOF,0.08364569409269343,0.4481325296772226,0.46822177623008404
25955,LOF,0.010494392608567209,0.2693936435023286,0.7201119638891043
25956,LOF,0.011165414459670429,0.38257506236371586,0.6062595231766138
25957,LOF,0.17615624168050575,0.04602402762524361,0.7778197306942506
25958,LOF,0.033316318613830456,0.06533026216561766,0.901353419220552
25959,GOF,0.00677513402982954,0.7293915124316763,0.2638333535384942
25960,LOF,0.004945564994674484,0.12704145020317079,0.8680129848021547
25961,LOF,0.02797512443285191,0.05350144504724681,0.9185234305199013
25962,LOF,0.03260873214166196,0.09097938788285923,0.8764118799754789
25963,LOF,0.009643563602224075,0.13497240160056626,0.8553840347972097
25964,LOF,0.04606369201356781,0.11778373382990345,0.8361525741565288
25965,LOF,0.1606728850955602,0.154383527590728,0.6849435873137117
25966,LOF,0.3096019416437497,0.09897495922606042,0.5914230991301899
25967,LOF,0.006062927464370474,0.09864004806410616,0.8952970244715234
25968,LOF,0.052843909159868294,0.26849627775791823,0.6786598130822135
25969,LOF,0.16394622308357826,0.07272276298972492,0.7633310139266968
25970,LOF,0.06962099188881543,0.06550156675209691,0.8648774413590876
25971,LOF,0.07072677916419551,0.027736148736175626,0.9015370720996287
25972,LOF,0.08152159828580084,0.038752184291122795,0.8797262174230764
25973,LOF,0.05703955763368841,0.009764463436070438,0.9331959789302412
25974,LOF,0.05730316300538679,0.04391485201352446,0.8987819849810889
25975,LOF,0.034449463115621005,0.014373704995528001,0.951176831888851
25976,LOF,0.09083218655454925,0.011264838357220874,0.8979029750882299
25977,LOF,0.2491888375986535,0.05197751907015873,0.6988336433311878
25978,LOF,0.15389037666224842,0.15373973747585826,0.6923698858618934
25979,LOF,0.12225579036614137,0.1637196701070961,0.7140245395267625
25980,LOF,0.20060058082467616,0.2498484453491132,0.5495509738262107
25981,LOF,0.20196098897065737,0.2525849783458521,0.5454540326834905
25982,LOF,0.3587565014307664,0.12061637621658487,0.5206271223526487
25983,LOF,0.4378539644917953,0.12399206321568589,0.4381539722925187
25984,LOF,0.07070758550717407,0.09251170257990772,0.8367807119129181
25985,Neutral,0.450488321070892,0.1312757184776758,0.41823596045143224
25986,LOF,0.0158669096091091,0.3962199228194948,0.587913167571396
25987,LOF,0.042701600673051704,0.09813162052142226,0.859166778805526
25988,LOF,0.06225133412341416,0.1728699568497657,0.7648787090268202
25989,LOF,0.07191800032682508,0.22196633954973233,0.7061156601234426
25990,LOF,0.06031580061613375,0.335419245506668,0.6042649538771981
25991,GOF,0.025422247468503578,0.5669237601608172,0.4076539923706791
25992,LOF,0.012595987120708507,0.4596717409496325,0.527732271929659
25993,LOF,0.020244155411308147,0.055919901964960744,0.9238359426237311
25994,LOF,0.024082464538487388,0.07221208881668877,0.9037054466448238
25995,LOF,0.017811681733772365,0.12665208271221912,0.8555362355540086
25996,GOF,0.32372462908086774,0.4208045666414449,0.2554708042776873
25997,GOF,0.06370022619054941,0.5247275133999355,0.4115722604095151
25998,LOF,0.24507020538930527,0.03570803855765573,0.719221756053039
25999,LOF,0.02384645113460891,0.32930594070403374,0.6468476081613573
26000,LOF,0.15215685326616926,0.014375569285867643,0.8334675774479632
26001,LOF,0.16081659653908797,0.021275765867682307,0.8179076375932296
26002,LOF,0.08853632108932082,0.023153253331155782,0.8883104255795233
26003,GOF,0.006166180051466718,0.5908253724266246,0.40300844752190873
26004,GOF,0.015737550421604435,0.5868171359951776,0.397445313583218
26005,LOF,0.004946607995670058,0.48251275333712856,0.5125406386672013
26006,GOF,0.09472612892816287,0.4934789556113919,0.4117949154604453
26007,LOF,0.010003692996751676,0.4831330016817473,0.5068633053215011
26008,GOF,0.0069456041572087185,0.5587875810220434,0.4342668148207478
26009,GOF,0.012457007159916546,0.5922620787669646,0.395280914073119
26010,GOF,0.009399055159598298,0.550985069652344,0.43961587518805784
26011,LOF,0.006024356926575187,0.41468097923505054,0.5792946638383742
26012,GOF,0.005367483447565297,0.5009585816868108,0.4936739348656239
26013,GOF,0.012575513317844423,0.5532475879243447,0.4341768987578109
26014,LOF,0.03829656837320105,0.07827026693285005,0.8834331646939488
26015,LOF,0.42546956508259126,0.022829357398787397,0.5517010775186213
26016,LOF,0.2577488277257363,0.027355648296065033,0.7148955239781986
26017,LOF,0.016678264573088866,0.11129330807704274,0.8720284273498684
26018,LOF,0.03260438838515574,0.05712777013113552,0.9102678414837088
26019,LOF,0.032129759093216824,0.05029797608637189,0.9175722648204112
26020,LOF,0.006602016457377051,0.10471928708776317,0.8886786964548599
26021,LOF,0.07329719275054147,0.04785406660193652,0.878848740647522
26022,LOF,0.03865699991909682,0.023745283919998254,0.9375977161609049
26023,LOF,0.02491292139867673,0.03707324833671508,0.9380138302646082
26024,LOF,0.051934088632043664,0.03873002920853907,0.9093358821594172
26025,LOF,0.12515687505254638,0.03791484716429733,0.8369282777831564
26026,LOF,0.11966698513041549,0.029501367325795023,0.8508316475437896
26027,LOF,0.032702212268012704,0.02172629064068485,0.9455714970913025
26028,LOF,0.06745572040756741,0.17920581930969692,0.7533384602827357
26029,LOF,0.028902356513225647,0.18079370705837375,0.7903039364284007
26030,LOF,0.11210874177439503,0.025632254034448982,0.862259004191156
26031,LOF,0.012255181116778082,0.16483414022004605,0.8229106786631759
26032,LOF,0.035811444799314675,0.048309993719999535,0.9158785614806858
26033,LOF,0.037574437964177705,0.045867439380759906,0.9165581226550624
26034,LOF,0.01752626591486809,0.1095325513476135,0.8729411827375183
26035,LOF,0.01110207040066275,0.11264191671839133,0.876256012880946
26036,LOF,0.010244532536518289,0.08995783971795966,0.899797627745522
26037,LOF,0.010291172420737009,0.0984636575670154,0.8912451700122477
26038,LOF,0.03055894995464779,0.04283848974872977,0.9266025602966225
26039,LOF,0.028688694239762762,0.12976732373387498,0.8415439820263623
26040,LOF,0.0823006105476766,0.13270481387546731,0.784994575576856
26041,LOF,0.01251537992807988,0.10044398736626377,0.8870406327056563
26042,LOF,0.01150463367172527,0.10666808609246682,0.881827280235808
26043,LOF,0.03240964470706228,0.0736949331949617,0.893895422097976
26044,LOF,0.006908146233547035,0.05604672511378661,0.9370451286526663
26045,LOF,0.09138355526340719,0.1852067368323444,0.7234097079042485
26046,LOF,0.028253967820623463,0.05052019634896961,0.9212258358304068
26047,LOF,0.06492649315330733,0.04992015058748474,0.8851533562592079
26048,LOF,0.0882472928765244,0.021541612509476622,0.890211094613999
26049,Neutral,0.9439063573645098,0.0064288163504892274,0.04966482628500099
26050,Neutral,0.9093530217025442,0.0071444839510809615,0.08350249434637498
26051,LOF,0.030995301841747352,0.35442739350434277,0.6145773046539099
26052,LOF,0.026440329334481795,0.272274732950907,0.7012849377146112
26053,LOF,0.016732091790765284,0.197037593155714,0.7862303150535208
26054,LOF,0.05879039736395578,0.048298663652289894,0.8929109389837544
26055,LOF,0.0845483934880603,0.04282729689216202,0.8726243096197777
26056,LOF,0.06949024916304936,0.05091805347156017,0.8795916973653904
26057,LOF,0.06499290055501289,0.027528053867433885,0.9074790455775532
26058,LOF,0.07238052493786466,0.022709982398151342,0.904909492663984
26059,LOF,0.2208169360066037,0.061063390975438954,0.7181196730179574
26060,LOF,0.015535084841755295,0.22924830989455872,0.755216605263686
26061,LOF,0.01148088593092145,0.01747438729840525,0.9710447267706732
26062,LOF,0.005863764911800603,0.026892511604066183,0.9672437234841331
26063,LOF,0.052382631196971056,0.01715540452865939,0.9304619642743694
26064,LOF,0.015588626067827252,0.023247505209021076,0.9611638687231517
26065,LOF,0.07223288059512509,0.025072736004216393,0.9026943834006584
26066,LOF,0.05700072369773286,0.01896607612978039,0.9240332001724868
26067,LOF,0.05907757041249197,0.015272578591350575,0.9256498509961575
26068,LOF,0.056150368697686845,0.04060765454972873,0.9032419767525844
26069,LOF,0.18299457049174897,0.0357405973556935,0.7812648321525575
26070,LOF,0.3877772965054592,0.020618164692777323,0.5916045388017634
26071,LOF,0.055024782501445976,0.0202460127288076,0.9247292047697463
26072,LOF,0.007057472748227102,0.02336337846135984,0.969579148790413
26073,LOF,0.048045230316756386,0.018915014441481595,0.9330397552417621
26074,Neutral,0.6705755432992112,0.014006179838422618,0.3154182768623662
26075,LOF,0.0473109612151152,0.03206087890231533,0.9206281598825694
26076,LOF,0.04573566269367498,0.023635245688121996,0.930629091618203
26077,LOF,0.17231130652940077,0.016445664221665355,0.8112430292489338
26078,LOF,0.0060083997878005325,0.03574618417984263,0.9582454160323568
26079,LOF,0.06137072516652669,0.03200586142060011,0.9066234134128731
26080,LOF,0.06025243086827981,0.03227563297713046,0.9074719361545898
26081,LOF,0.04626052384413758,0.01668494691060749,0.9370545292452549
26082,LOF,0.007018194488010735,0.027620818701625086,0.9653609868103642
26083,LOF,0.11321115426037122,0.03158763082996834,0.8552012149096605
26084,LOF,0.13354823161849116,0.026775034653470958,0.839676733728038
26085,LOF,0.124695314624704,0.023041807872059058,0.852262877503237
26086,LOF,0.04154822270081493,0.02502873411548352,0.9334230431837015
26087,LOF,0.044754242027793954,0.023864654238650012,0.931381103733556
26088,LOF,0.006656211982287772,0.059760773152080636,0.9335830148656317
26089,LOF,0.044051647597840554,0.04435223452527584,0.9115961178768837
26090,LOF,0.04375096514036789,0.04061798688214992,0.9156310479774823
26091,LOF,0.03316431996566056,0.016208451574706947,0.9506272284596325
26092,LOF,0.0477058918303497,0.014849055331433018,0.9374450528382173
26093,LOF,0.06128179816972681,0.009646014439846412,0.9290721873904269
26094,LOF,0.039309916831681134,0.01300957997139177,0.9476805031969272
26095,LOF,0.011156082703493867,0.035949703633539686,0.9528942136629664
26096,LOF,0.2602733609202716,0.008275659249663236,0.7314509798300652
26097,LOF,0.0062789812040402486,0.0711375836448331,0.9225834351511266
26098,LOF,0.05560285957427546,0.028502215849544425,0.9158949245761802
26099,LOF,0.04888068938571209,0.034579823012848857,0.916539487601439
26100,LOF,0.04888279592113893,0.03458131324596843,0.9165358908328928
26101,LOF,0.04769095153470592,0.06046811256929204,0.8918409358960021
26102,LOF,0.0403899142569032,0.025517662899428712,0.9340924228436681
26103,Neutral,0.8977233745833392,0.038152350067312275,0.06412427534934866
26104,LOF,0.05362102999278615,0.06632602499937829,0.8800529450078355
26105,LOF,0.23740759522035587,0.09128272611528736,0.6713096786643568
26106,LOF,0.2382190175019501,0.03369222266518421,0.7280887598328657
26107,LOF,0.015628778543817085,0.059777381432448685,0.9245938400237341
26108,LOF,0.153444375694798,0.05007191068802486,0.7964837136171772
26109,LOF,0.05835713301051904,0.05132428164711549,0.8903185853423655
26110,LOF,0.4114491666010061,0.009657684504568496,0.5788931488944253
26111,LOF,0.07206488684130277,0.057437806885742244,0.870497306272955
26112,LOF,0.07235535345731858,0.01125489024184949,0.9163897563008319
26113,LOF,0.12662404676331157,0.028102007607822044,0.8452739456288664
26114,LOF,0.09584367671183719,0.007826299823820403,0.8963300234643424
26115,LOF,0.018165063348076747,0.064016141286242,0.9178187953656812
26116,LOF,0.08033971142615134,0.02362999166251058,0.8960302969113381
26117,LOF,0.3581756053364936,0.03945683845054939,0.602367556212957
26118,LOF,0.037734296463779786,0.018094117177817844,0.9441715863584025
26119,LOF,0.0059375530214459075,0.07732647357043582,0.9167359734081183
26120,LOF,0.03581047319732964,0.014170169875924055,0.9500193569267462
26121,LOF,0.004299026226014328,0.09541542749445625,0.9002855462795295
26122,LOF,0.005844975014192332,0.08757115476388422,0.9065838702219235
