feature0,prediction,LoGoFunc_Neutral,LoGoFunc_GOF,LoGoFunc_LOF
25546,Neutral,0.725235485967183,0.031017693822913445,0.24374682020990354
25547,Neutral,0.5961685671153688,0.05995429296619616,0.34387713991843494
25548,Neutral,0.5909025132826676,0.041858042940105616,0.3672394437772268
25549,Neutral,0.5239045981200864,0.04150953007570835,0.43458587180420527
25550,LOF,0.36903446791410627,0.07706212463371448,0.5539034074521793
25551,LOF,0.3190773369748685,0.08625729806833295,0.5946653649567986
25552,LOF,0.22868822399765862,0.08152046001072472,0.6897913159916167
25553,Neutral,0.8359913968038718,0.023622892824765856,0.14038571037136227
25554,LOF,0.25802245703398174,0.07720170625247,0.6647758367135483
25555,LOF,0.2143701438421132,0.07009441434249059,0.7155354418153963
25556,LOF,0.4267721068962483,0.07108166708905139,0.5021462260147003
25557,LOF,0.20975802298011803,0.07298951896018008,0.7172524580597018
25558,LOF,0.25267624977783554,0.07825991577676773,0.6690638344453967
25559,LOF,0.3718933675558444,0.18030722274306382,0.4477994097010918
25560,LOF,0.05679760442749199,0.1275100518611955,0.8156923437113126
25561,LOF,0.1191637169733716,0.1287354174160259,0.7521008656106025
25562,LOF,0.13625470720217536,0.05629516165263459,0.8074501311451899
25563,LOF,0.10703210000311514,0.07397275607076091,0.8189951439261239
25564,LOF,0.21539383400749496,0.1125853387794936,0.6720208272130114
25565,LOF,0.1507103687316599,0.10525043060676542,0.7440392006615746
25566,GOF,0.017168218386645177,0.7752584636042883,0.2075733180090666
25567,LOF,0.014968117904275666,0.15437324519577444,0.8306586368999499
25568,LOF,0.05058549083846139,0.06112605692099558,0.888288452240543
25569,LOF,0.06230502337689054,0.05822576923202499,0.8794692073910845
25570,LOF,0.060000831723462385,0.09192859184207475,0.8480705764344629
25571,LOF,0.057114536958680656,0.08781623517926646,0.8550692278620527
25572,LOF,0.06558080461609152,0.11133818625182713,0.8230810091320813
25573,LOF,0.03513471491741484,0.09122093608118029,0.8736443490014048
25574,LOF,0.02168022100248369,0.14013777533669494,0.8381820036608214
25575,LOF,0.044811471998863685,0.09894813197942101,0.8562403960217153
25576,LOF,0.016906969445816773,0.11150257966153262,0.8715904508926506
25577,LOF,0.015127151955086475,0.10965656520358331,0.8752162828413302
25578,LOF,0.2488504502010413,0.0782169786960308,0.6729325711029279
25579,LOF,0.24931632607080023,0.07709631413514603,0.6735873597940537
25580,LOF,0.0315106236787669,0.07278575069664471,0.8957036256245885
25581,LOF,0.0531699670105773,0.058011830923089085,0.8888182020663338
25582,LOF,0.05268156878424794,0.05707730545186647,0.8902411257638856
25583,LOF,0.040841201645755255,0.08608200019643367,0.8730767981578111
25584,Neutral,0.4951526226491358,0.09864235682912074,0.40620502052174356
25585,LOF,0.02986601404588927,0.1161573892185175,0.8539765967355932
25586,LOF,0.030155308352489772,0.06909670378722527,0.900747987860285
25587,LOF,0.02942887585662473,0.06378475017787771,0.9067863739654975
25588,LOF,0.03169241884797503,0.07716620160903392,0.891141379542991
25589,Neutral,0.6275080206031831,0.11648017893598779,0.2560118004608291
25590,LOF,0.03212515392386343,0.12125968303442147,0.8466151630417151
25591,LOF,0.11510267172199433,0.050287677047632304,0.8346096512303735
25592,LOF,0.08820602901815697,0.12103055530556238,0.7907634156762806
25593,LOF,0.026317207979341912,0.2442821219130627,0.7294006701075955
25594,LOF,0.04185892751514735,0.22325512049220853,0.7348859519926441
25595,LOF,0.050183444232614595,0.15238790836571622,0.7974286474016692
25596,LOF,0.044354014507851106,0.11754795180414129,0.8380980336880075
25597,LOF,0.04018441982337657,0.12931026286890432,0.830505317307719
25598,LOF,0.046066692591943306,0.15351990826062098,0.8004133991474358
25599,GOF,0.007350369306966001,0.6801323291201042,0.3125173015729298
25600,GOF,0.021269174133699616,0.6224278724091719,0.35630295345712854
25601,LOF,0.006206447971412594,0.4193294414816242,0.5744641105469632
25602,LOF,0.02977237740444595,0.04621031742479139,0.9240173051707626
25603,LOF,0.05651298697507068,0.02731107713993889,0.9161759358849904
25604,LOF,0.04329691863595331,0.03228410764627776,0.924418973717769
25605,LOF,0.01621542730642974,0.17915075939559136,0.8046338132979789
25606,LOF,0.11661899510765665,0.4181518405655674,0.4652291643267758
25607,LOF,0.006447872714043799,0.18911503713939512,0.8044370901465611
25608,LOF,0.031410685463306345,0.06282954798723307,0.9057597665494606
25609,LOF,0.03663342683997357,0.4681447238686065,0.4952218492914198
25610,LOF,0.038324209006368196,0.027723077401490034,0.9339527135921418
25611,LOF,0.04067539165168619,0.0253975534603702,0.9339270548879436
25612,LOF,0.09255531936693442,0.04098899106867595,0.8664556895643896
25613,LOF,0.07571044152673576,0.042580423616169746,0.8817091348570946
25614,LOF,0.028963450713079077,0.0351090647711075,0.9359274845158134
25615,LOF,0.03845678094646883,0.0449352168694553,0.9166080021840759
25616,LOF,0.02990419486596175,0.03420837500649213,0.9358874301275462
25617,LOF,0.027909319701881853,0.036063814908820865,0.9360268653892972
25618,LOF,0.1587674006285628,0.03199905221777261,0.8092335471536647
25619,LOF,0.027407904112139014,0.03394339294420281,0.9386487029436582
25620,LOF,0.03359833741071325,0.043122115732524474,0.9232795468567622
25621,LOF,0.027995966373919615,0.03519863895304994,0.9368053946730304
25622,LOF,0.0305847963773661,0.04103723347025916,0.9283779701523748
25623,LOF,0.0539267143760482,0.035940442928770855,0.910132842695181
25624,LOF,0.026180119282017453,0.03755755735481022,0.9362623233631723
25625,LOF,0.03331408664371398,0.04844662784998326,0.9182392855063027
25626,LOF,0.0830269567395248,0.0358509925158988,0.8811220507445765
25627,Neutral,0.5465173043645234,0.12242103256267252,0.3310616630728042
25628,LOF,0.2149366747336302,0.05504161114697229,0.7300217141193974
25629,LOF,0.06881279712469612,0.06156371183744739,0.8696234910378564
25630,LOF,0.16149842758800523,0.08983038425445429,0.7486711881575404
25631,Neutral,0.5582967482374688,0.07359347930207547,0.36810977246045584
25632,LOF,0.01987683039744384,0.09687442780430316,0.8832487417982531
25633,LOF,0.20955677538640058,0.07832198367223243,0.712121240941367
25634,LOF,0.0326207275196821,0.10620483644252367,0.8611744360377942
25635,LOF,0.03718904728010215,0.08249503514001938,0.8803159175798784
25636,GOF,0.0047807824752298155,0.6654460640055515,0.32977315351921865
25637,GOF,0.005470381281928517,0.6725890439717253,0.32194057474634613
25638,LOF,0.007833612469064744,0.3972888844225386,0.5948775031083965
25639,GOF,0.004656420810412158,0.5211255867423377,0.4742179924472502
25640,GOF,0.44848957187542376,0.4767412738574622,0.07476915426711397
25641,LOF,0.009941451662332408,0.36700486891766926,0.6230536794199983
25642,LOF,0.3118721905751205,0.07352844383861377,0.6145993655862658
25643,LOF,0.25902919525430684,0.15111849537836644,0.5898523093673267
25644,GOF,0.013614075751222011,0.5364178206139121,0.449968103634866
25645,GOF,0.013316572675991357,0.5028381869610635,0.4838452403629452
25646,LOF,0.01879710828768314,0.3580388183428546,0.6231640733694622
25647,LOF,0.017115942713616897,0.2820419689695453,0.7008420883168378
25648,LOF,0.01525193839586485,0.3188224691925542,0.6659255924115809
25649,LOF,0.011819557614060054,0.22327430961965714,0.7649061327662828
25650,GOF,0.029552814569488446,0.49002373479012107,0.48042345064039055
25651,LOF,0.010340065525751545,0.29107258319799834,0.69858735127625
25652,LOF,0.018025753908789185,0.25106878118666354,0.7309054649045472
25653,LOF,0.06073744322387395,0.37674676225452014,0.5625157945216059
25654,LOF,0.017804546430815707,0.14933113515173999,0.8328643184174442
25655,LOF,0.08346806547615929,0.44514038397173894,0.4713915505521018
25656,LOF,0.0751754670535366,0.0822776390719494,0.842546893874514
25657,LOF,0.27132122620572074,0.03908105356216128,0.689597720232118
25658,LOF,0.049590241185310587,0.08694358350303812,0.8634661753116513
25659,LOF,0.2725118940216941,0.060991026246819645,0.6664970797314863
25660,LOF,0.07356359213463755,0.10109242084140352,0.825343987023959
25661,LOF,0.05004475722377241,0.07340468874986444,0.8765505540263631
25662,LOF,0.02971119304944364,0.04361562075678814,0.9266731861937682
25663,LOF,0.039181672608741946,0.06933408614735047,0.8914842412439076
25664,LOF,0.035010782293227405,0.09320046679382901,0.8717887509129435
25665,LOF,0.0573555045448431,0.045858217623410226,0.8967862778317467
25666,LOF,0.034025238450724686,0.14075527719951691,0.8252194843497583
25667,LOF,0.030280250706184772,0.05046466121449542,0.9192550880793198
25668,LOF,0.03524436875927444,0.0571587276144928,0.9075969036262327
25669,LOF,0.04331698849212677,0.0861918480726952,0.8704911634351781
25670,LOF,0.0860829806030664,0.09420905832688667,0.8197079610700468
25671,LOF,0.03982690443068852,0.04548959091946796,0.9146835046498436
25672,LOF,0.05731245660235243,0.06543420958678006,0.8772533338108676
25673,LOF,0.03572216768558861,0.07300932680389081,0.8912685055105205
25674,LOF,0.0281206316713767,0.08231615600710296,0.8895632123215204
25675,LOF,0.040573416069321966,0.05325269644294207,0.906173887487736
25676,LOF,0.032323096383347814,0.057922656469595074,0.909754247147057
25677,LOF,0.06471489063866072,0.06572439725260916,0.8695607121087301
25678,LOF,0.2747244652115455,0.040532867571677685,0.6847426672167768
25679,LOF,0.18338308027948305,0.07992899773947994,0.736687921981037
25680,LOF,0.06305090086948154,0.09630958799697306,0.8406395111335453
25681,LOF,0.11287171129557812,0.08866978161008755,0.7984585070943344
25682,LOF,0.04666322104092107,0.07733018833799025,0.8760065906210887
25683,LOF,0.09206417869094678,0.09045436470143514,0.8174814566076182
25684,LOF,0.05378504037193368,0.080319049439378,0.8658959101886884
25685,LOF,0.08889108627102742,0.04748082987211365,0.8636280838568589
25686,LOF,0.03068072514723838,0.09824527562088516,0.8710739992318766
25687,LOF,0.049190992858596176,0.0838270381174622,0.8669819690239416
25688,LOF,0.025081607270757617,0.07947967256555638,0.895438720163686
25689,LOF,0.018344388048021326,0.0680844343871575,0.9135711775648211
25690,LOF,0.019937726929382563,0.0784527173823696,0.901609555688248
25691,LOF,0.1761427289550038,0.12285574829812182,0.7010015227468743
25692,LOF,0.26065749986113884,0.013024352813156068,0.726318147325705
25693,LOF,0.04737691586770227,0.13989083662643756,0.8127322475058602
25694,LOF,0.23871506516256852,0.014363845997353736,0.7469210888400777
25695,LOF,0.14719634207615434,0.020502599494746518,0.8323010584290992
25696,LOF,0.16535393669245946,0.011200096056748,0.8234459672507924
25697,LOF,0.13981929655783754,0.02037920523064406,0.8398014982115185
25698,LOF,0.02700831213713874,0.37595383519055703,0.5970378526723041
25699,LOF,0.04832956490247893,0.061430082146864476,0.8902403529506566
25700,LOF,0.02947225796106038,0.00970213014845971,0.9608256118904799
25701,LOF,0.011803754875291459,0.0771443289065868,0.9110519162181219
25702,GOF,0.03193315081079349,0.7349488828507644,0.2331179663384422
25703,LOF,0.01619542762878627,0.18850484248972468,0.7952997298814891
25704,LOF,0.08668560188479191,0.14974136550049288,0.7635730326147152
25705,LOF,0.06935388898365621,0.23847272980882073,0.692173381207523
25706,GOF,0.0442735717695453,0.618893282400333,0.3368331458301217
25707,GOF,0.025126646823466384,0.527959569297228,0.44691378387930564
25708,LOF,0.006794151876301196,0.468777215727347,0.5244286323963518
25709,LOF,0.01835745903265637,0.06971803615691048,0.9119245048104332
25710,LOF,0.008444075517863206,0.17104045335196555,0.8205154711301713
25711,LOF,0.020215075869630825,0.13170381565260333,0.8480811084777659
25712,LOF,0.008697704604903768,0.2329204420860453,0.7583818533090511
25713,LOF,0.019171267838109355,0.11305766354447282,0.8677710686174179
25714,LOF,0.021486710674142824,0.15261197713408278,0.8259013121917744
25715,LOF,0.020763414049777485,0.13108866170700664,0.848147924243216
25716,LOF,0.011395719738058077,0.15994315145796142,0.8286611288039805
25717,LOF,0.005974987322657868,0.14159733223707652,0.8524276804402656
25718,LOF,0.020096913570186767,0.08403343809830638,0.8958696483315067
25719,LOF,0.034650163975137996,0.09647764620758977,0.8688721898172723
25720,LOF,0.027177996953645433,0.09088425299915981,0.8819377500471948
25721,LOF,0.023691583856495644,0.10166031831464686,0.8746480978288576
25722,LOF,0.016927389053182022,0.13286344188316807,0.85020916906365
25723,LOF,0.021377504083946165,0.07867742408139865,0.8999450718346552
25724,LOF,0.02989785234055553,0.12925817294071135,0.8408439747187331
25725,LOF,0.020742061132208788,0.06985237182840151,0.9094055670393898
25726,LOF,0.01619647216190298,0.10653701552961452,0.8772665123084826
25727,LOF,0.020163503769567225,0.09169911459827985,0.8881373816321528
25728,LOF,0.020654912318441004,0.10510477174866942,0.8742403159328896
25729,LOF,0.01933933906111581,0.11411318400937372,0.8665474769295104
25730,LOF,0.021868935277194,0.08730159156176968,0.8908294731610363
25731,LOF,0.009298053558774553,0.208086682930207,0.7826152635110185
25732,LOF,0.019218816290314165,0.0941907276116492,0.8865904560980367
25733,LOF,0.028807156433207144,0.09514507509634437,0.8760477684704484
25734,LOF,0.006868457161007241,0.22186804465020768,0.771263498188785
25735,LOF,0.02174098461092636,0.0810530611173444,0.8972059542717292
25736,LOF,0.020954537126822815,0.12904274696200074,0.8500027159111765
25737,LOF,0.040815785565421404,0.11526485907912755,0.843919355355451
25738,LOF,0.020982533947442625,0.15628165891739304,0.8227358071351643
25739,LOF,0.024464094814439914,0.14639817875789127,0.8291377264276688
25740,LOF,0.051034909895011235,0.14639216958790607,0.8025729205170826
25741,LOF,0.027679763068858238,0.12073463220907835,0.8515856047220635
25742,LOF,0.045931139181220305,0.13669415396647333,0.8173747068523063
25743,LOF,0.01231862056751952,0.03907408113734915,0.9486072982951314
25744,GOF,0.21510979690665252,0.4101290008463486,0.3747612022469988
25745,LOF,0.024225579195397463,0.06933843791750892,0.9064359828870937
25746,LOF,0.01236849735738307,0.087949640085627,0.8996818625569899
25747,LOF,0.02978939014806057,0.036873073119177924,0.9333375367327617
25748,LOF,0.2697024685050246,0.06338100884712572,0.6669165226478496
25749,LOF,0.01300933873150027,0.05828422385197888,0.9287064374165209
25750,LOF,0.01456722384009065,0.08758016198237994,0.8978526141775294
25751,LOF,0.03779727884648568,0.06623474741570662,0.8959679737378077
25752,GOF,0.09395684223842594,0.6664717883786119,0.23957136938296228
25753,LOF,0.007506831808773081,0.3700874920314992,0.6224056761597277
25754,GOF,0.006326704901977173,0.8627114929415032,0.13096180215651965
25755,LOF,0.008617243876220343,0.44602876801024466,0.5453539881135351
25756,LOF,0.046146273596203206,0.4424989450672394,0.5113547813365573
25757,GOF,0.007361456261031242,0.8728840442981817,0.11975449944078724
25758,GOF,0.01007485145839923,0.880439416210166,0.10948573233143473
25759,GOF,0.006238626020466165,0.5760233521243276,0.41773802185520614
25760,LOF,0.006683684742657394,0.2976250988033211,0.6956912164540215
25761,GOF,0.06586161945508064,0.8594671439785405,0.0746712365663788
25762,LOF,0.02839723090679403,0.3665750402098418,0.6050277288833642
25763,LOF,0.00792869609491426,0.2698945510003407,0.722176752904745
25764,GOF,0.07304216072993983,0.637370589141624,0.2895872501284361
25765,GOF,0.008016136757274884,0.8512123040615162,0.14077155918120884
25766,GOF,0.04592948817111904,0.8433574448503836,0.11071306697849742
25767,GOF,0.01036493011313939,0.524805155920415,0.46482991396644563
25768,LOF,0.03562782109304632,0.0751984234445265,0.8891737554624272
25769,LOF,0.023914378171553046,0.08604510439014948,0.8900405174382975
25770,LOF,0.1665548523715943,0.07076695647638973,0.7626781911520161
25771,LOF,0.01452757046477804,0.07512292087614997,0.910349508659072
25772,LOF,0.02328013203721326,0.03424740378634992,0.9424724641764369
25773,LOF,0.01655179066785618,0.09299916835442175,0.890449040977722
25774,LOF,0.02811454807341803,0.10078971992084158,0.8710957320057404
25775,LOF,0.01916361288791357,0.044803139484066286,0.9360332476280202
25776,LOF,0.02588713075574285,0.030478534716501027,0.9436343345277561
25777,LOF,0.25352162754402113,0.07512233284055893,0.6713560396154199
25778,LOF,0.018619166641432428,0.06415361412225239,0.9172272192363151
25779,GOF,0.03146977806461636,0.8981605559878498,0.0703696659475337
25780,GOF,0.06853280313795625,0.8835883483560557,0.047878848505988114
25781,GOF,0.03147647972680709,0.8786266792717136,0.08989684100147934
25782,GOF,0.024562165307842925,0.9036968986251896,0.07174093606696748
25783,GOF,0.01914209759562736,0.7895286915610349,0.1913292108433377
25784,GOF,0.08624522022308308,0.8753018493395165,0.03845293043740055
25785,GOF,0.05783883702864765,0.9010212995959281,0.04113986337542419
25786,GOF,0.007810540870533246,0.8626667743655053,0.12952268476396148
25787,GOF,0.16459984177990702,0.7994366258079247,0.03596353241216827
25788,LOF,0.017137101898458018,0.20089349241312024,0.7819694056884218
25789,GOF,0.016745508645803407,0.8701111566629649,0.11314333469123157
25790,GOF,0.017057448711799227,0.875249661619625,0.10769288966857554
25791,GOF,0.015351635644791665,0.843513320325987,0.1411350440292213
25792,GOF,0.018943290797705254,0.8538353977074254,0.12722131149486932
25793,GOF,0.06087410502189465,0.8334311156468595,0.10569477933124573
25794,GOF,0.04939751863645259,0.7639659637051995,0.18663651765834793
25795,GOF,0.051793129395599095,0.7864608593985937,0.16174601120580726
25796,GOF,0.07661654692868786,0.828358488256692,0.09502496481462017
25797,GOF,0.04812503409308471,0.7252999595028925,0.2265750064040228
25798,GOF,0.0032648502662376575,0.6860959577260766,0.3106391920076858
25799,GOF,0.0028624434226733014,0.5637022843545649,0.4334352722227618
25800,GOF,0.016521452384093492,0.7797695206805894,0.2037090269353172
25801,GOF,0.013135067615223235,0.8835752131437046,0.10328971924107207
25802,GOF,0.018893353016166972,0.8397957970508263,0.14131084993300677
25803,GOF,0.013051217000603226,0.7449512524027757,0.241997530596621
25804,GOF,0.015066594460938262,0.6489143122102294,0.3360190933288323
25805,GOF,0.02245029762450534,0.73704762828599,0.24050207408950455
25806,GOF,0.0186563398930028,0.8108967644188494,0.17044689568814797
25807,GOF,0.006143351837164148,0.7810197698392838,0.2128368783235522
25808,GOF,0.015073055017363605,0.7864155989555911,0.1985113460270453
25809,GOF,0.00751545812497846,0.7722970056196297,0.22018753625539192
25810,GOF,0.0063784386162666915,0.7665197452065586,0.2271018161771747
25811,GOF,0.03722444760251663,0.8845967527109052,0.07817879968657819
25812,GOF,0.01647840856686587,0.7712237933762331,0.2122977980569009
25813,GOF,0.0899751304842772,0.8114666361024453,0.09855823341327735
25814,GOF,0.020888884532625118,0.800472684706938,0.178638430760437
25815,GOF,0.03435766475898942,0.8347401400929212,0.13090219514808937
25816,GOF,0.007866693672944717,0.8800160305057778,0.11211727582127749
25817,GOF,0.10112084322224096,0.8244741089811168,0.07440504779664217
25818,GOF,0.018628134846475474,0.8346000954630749,0.14677176969044972
25819,GOF,0.054897318659603,0.782838699464504,0.16226398187589297
25820,GOF,0.0261852585649553,0.7833721358064344,0.19044260562861018
25821,GOF,0.01703403168011022,0.7859748302394932,0.19699113808039664
25822,GOF,0.03258873201110502,0.7812928019472358,0.1861184660416592
25823,GOF,0.01647017761767581,0.6836084143596423,0.2999214080226819
25824,GOF,0.016807200364441957,0.7835807656897671,0.19961203394579097
25825,GOF,0.01336356171192266,0.7739060821497283,0.212730356138349
25826,GOF,0.0056340610280068825,0.7541560238935021,0.24020991507849096
25827,GOF,0.010169589954252387,0.7228671831204915,0.26696322692525615
25828,GOF,0.008080220809036021,0.6926546105212902,0.29926516866967373
25829,GOF,0.003348984034436798,0.7292207696281512,0.267430246337412
25830,GOF,0.037451321546056425,0.5529390523346038,0.40960962611933965
25831,GOF,0.06450603728351713,0.8272931359330805,0.10820082678340233
25832,GOF,0.00904306534769227,0.8240871592535578,0.16686977539874995
25833,GOF,0.033658561757613226,0.8601246877261377,0.10621675051624907
25834,GOF,0.008875365578765624,0.8348497733278227,0.15627486109341174
25835,GOF,0.021793391842648502,0.8743041527470882,0.1039024554102633
25836,GOF,0.006556946028474502,0.8248114000163931,0.1686316539551325
25837,GOF,0.00695477762789233,0.725939692585889,0.2671055297862187
25838,GOF,0.020861626652028634,0.8720764711100767,0.10706190223789464
25839,GOF,0.04277870335443485,0.8473502648155647,0.10987103183000052
25840,GOF,0.08973797730281544,0.8129103690774808,0.09735165361970388
25841,GOF,0.07973248541547208,0.8342809183816072,0.08598659620292066
25842,GOF,0.021104564346964724,0.8962751578957932,0.082620277757242
25843,GOF,0.02349184665227151,0.9027759910652775,0.07373216228245116
25844,GOF,0.013090150648319827,0.8471372466285707,0.13977260272310943
25845,GOF,0.004652223368446943,0.6371333497814587,0.3582144268500942
25846,GOF,0.05973696608735499,0.852916026076701,0.08734700783594412
25847,GOF,0.014765939334917964,0.9111436296458483,0.07409043101923381
25848,GOF,0.014694537134350403,0.8652315536097617,0.12007390925588783
25849,GOF,0.0055380179017649545,0.7766265712680099,0.21783541083022523
25850,GOF,0.0054145872537428134,0.7911483900905155,0.2034370226557416
25851,GOF,0.004883564760770285,0.6759307136148609,0.31918572162436887
25852,GOF,0.13522258610848994,0.5898009785315318,0.2749764353599783
25853,GOF,0.06754638747545341,0.8452567671481505,0.08719684537639628
25854,GOF,0.004810447639040414,0.7277212550807534,0.26746829728020616
25855,GOF,0.016827033391837137,0.6696709743393622,0.3135019922688007
25856,GOF,0.03265360080314504,0.7864833556734602,0.18086304352339486
25857,GOF,0.019690921608728047,0.653950378360806,0.3263587000304659
25858,GOF,0.006880532038049886,0.6539281504182134,0.3391913175437367
25859,GOF,0.00604387053174686,0.6600897149464714,0.33386641452178156
25860,GOF,0.07247257556055973,0.8285530460562579,0.09897437838318227
25861,GOF,0.08430656553421552,0.8306915073492263,0.08500192711655832
25862,GOF,0.015196398816351712,0.884780302434486,0.10002329874916217
25863,GOF,0.016217697558394965,0.8857058835661572,0.09807641887544781
25864,GOF,0.048104890109040746,0.8902737533122079,0.0616213565787512
25865,GOF,0.03627770650083886,0.8751685347359177,0.08855375876324349
25866,GOF,0.01966691929176733,0.8877597205460852,0.09257336016214734
25867,GOF,0.03249624628747472,0.8979007484241003,0.06960300528842504
25868,GOF,0.04839878064783118,0.8545924273512633,0.09700879200090548
25869,GOF,0.32904290154171717,0.6046316757934861,0.06632542266479659
25870,GOF,0.06554906277037086,0.6917406086008988,0.2427103286287303
25871,GOF,0.009815349462622396,0.896141988667267,0.09404266187011058
25872,GOF,0.017564944274299193,0.8891748596505009,0.09326019607519992
25873,GOF,0.018353998698298738,0.9066424513076814,0.07500354999401994
25874,LOF,0.016257752228090776,0.234268514139142,0.7494737336327673
25875,LOF,0.046153061630234714,0.04740521895307466,0.9064417194166906
25876,LOF,0.019362278734198362,0.034479840390847775,0.9461578808749539
25877,LOF,0.13492662017729823,0.08729792771989016,0.7777754521028116
25878,LOF,0.08348768791381153,0.12910906998121086,0.7874032421049776
25879,LOF,0.025905321640346313,0.0845563125242833,0.8895383658353704
25880,LOF,0.05862490826153401,0.012798213844716976,0.9285768778937491
25881,Neutral,0.5191873870910607,0.07193008567552577,0.40888252723341356
25882,LOF,0.06259775699065008,0.027800298393597038,0.9096019446157528
25883,LOF,0.028799290584987244,0.028051445638687222,0.9431492637763256
25884,LOF,0.020927675774837742,0.05126357547844906,0.9278087487467132
25885,LOF,0.19175184904652876,0.015614684453807088,0.7926334664996642
25886,LOF,0.2806285108072286,0.0530101834584341,0.6663613057343374
25887,LOF,0.17157203684850728,0.07831837334892228,0.7501095898025705
25888,LOF,0.010620228190607107,0.144350678451575,0.8450290933578178
25889,LOF,0.026357063301143804,0.04187742597858947,0.9317655107202667
25890,LOF,0.15691011777040642,0.1017183733171724,0.7413715089124212
25891,LOF,0.11148316285877889,0.02781462509729758,0.8607022120439235
25892,LOF,0.008742982575367103,0.035748597358169716,0.9555084200664633
25893,LOF,0.3602014072012454,0.01060145518915303,0.6291971376096016
25894,LOF,0.40699985736302535,0.006278551988223689,0.586721590648751
25895,LOF,0.37284336048921174,0.01480751296860671,0.6123491265421817
25896,LOF,0.06807471528874909,0.022830696976444836,0.9090945877348061
25897,LOF,0.17366327204292528,0.009269408761446335,0.8170673191956284
25898,LOF,0.15037767436936275,0.033070463656107434,0.8165518619745297
25899,LOF,0.4422937712606235,0.021419767238344628,0.5362864615010318
25900,Neutral,0.5061664852870632,0.009285647499532111,0.48454786721340476
25901,LOF,0.06990401496387301,0.00954995077930836,0.9205460342568186
25902,LOF,0.18548678725179477,0.010306500496269305,0.8042067122519359
25903,LOF,0.38393446508384754,0.026620185363090007,0.5894453495530624
25904,Neutral,0.5247735584304098,0.03174067270986559,0.4434857688597247
25905,LOF,0.006614181959575359,0.4930383076813182,0.5003475103591064
25906,LOF,0.008584837238965248,0.11100112412714284,0.880414038633892
25907,LOF,0.005021547226374003,0.35223186441210036,0.6427465883615258
25908,LOF,0.004512404749004106,0.2719126111206276,0.7235749841303684
25909,LOF,0.02760583979709008,0.15203383844595503,0.820360321756955
25910,LOF,0.011893386742752294,0.14680617543221525,0.8413004378250324
25911,LOF,0.2500977057568307,0.04735471333617551,0.7025475809069938
25912,LOF,0.09064691823940321,0.05074028825967223,0.8586127935009246
25913,LOF,0.02337757565252961,0.07397328492255269,0.9026491394249176
25914,LOF,0.036585146602874326,0.0402206178656591,0.9231942355314666
25915,LOF,0.21110366871861963,0.1849383945029122,0.6039579367784681
25916,LOF,0.031270257022398724,0.11693325679343938,0.8517964861841619
25917,LOF,0.07439196295813455,0.035359654453004714,0.8902483825888607
25918,LOF,0.03933515104140287,0.025206315888076928,0.9354585330705202
25919,LOF,0.035415427165091974,0.023755724970465165,0.9408288478644428
25920,LOF,0.32959477027137307,0.2016407355274274,0.4687644942011996
25921,LOF,0.015711415154652148,0.045934140249092315,0.9383544445962555
25922,LOF,0.01828351788875228,0.04412377152396443,0.9375927105872833
25923,LOF,0.41933019414212297,0.044354163637503025,0.5363156422203741
25924,LOF,0.020884077151726747,0.07253783179501794,0.9065780910532554
25925,LOF,0.07677568109405752,0.060147952297551474,0.8630763666083909
25926,LOF,0.06399454822181247,0.05338087984172489,0.8826245719364627
25927,LOF,0.02094514596814119,0.07867120060030088,0.9003836534315579
25928,LOF,0.00978390023739476,0.06613608072195729,0.924080019040648
25929,Neutral,0.5479264846901859,0.04214732907284265,0.40992618623697136
25930,LOF,0.07675607094654456,0.042236879202613445,0.8810070498508421
25931,LOF,0.013318478435030133,0.047989713875758386,0.9386918076892115
25932,LOF,0.06081260906027343,0.045467059785574346,0.8937203311541523
25933,LOF,0.06397263754964554,0.026623415207589134,0.9094039472427653
25934,LOF,0.054415652240248386,0.024456192733247194,0.9211281550265045
25935,LOF,0.07184410313462117,0.0751017520292823,0.8530541448360965
25936,LOF,0.09577289081343096,0.026397111188717508,0.8778299979978516
25937,LOF,0.015065214605232809,0.05925188333834578,0.9256829020564215
25938,LOF,0.07108666370720175,0.06291046561276391,0.8660028706800343
25939,LOF,0.045715561110497065,0.034968797427054846,0.9193156414624482
25940,LOF,0.00900779172543231,0.36771076727901936,0.6232814409955483
25941,Neutral,0.5542041844006955,0.05792587856346993,0.3878699370358346
25942,LOF,0.010592475464530238,0.06957842343660481,0.919829101098865
25943,LOF,0.04711366266761246,0.2101939433747382,0.7426923939576494
25944,LOF,0.04587891560549104,0.10398570676567111,0.850135377628838
25945,LOF,0.11727710157073415,0.03280351821240137,0.8499193802168645
25946,LOF,0.06830544730749284,0.037354971405470665,0.8943395812870364
25947,Neutral,0.44693708792910103,0.11931554883523461,0.43374736323566426
25948,LOF,0.41559235814601203,0.01934602547821218,0.5650616163757759
25949,LOF,0.14573040344680907,0.07862216478808765,0.7756474317651033
25950,GOF,0.055696644593552565,0.5852937581264912,0.3590095972799563
25951,LOF,0.013266090844605595,0.4217624063258582,0.5649715028295362
25952,LOF,0.25406443786857025,0.2707198203611155,0.4752157417703143
25953,LOF,0.00833189648343869,0.17348273590040877,0.8181853676161525
25954,GOF,0.05651097074500607,0.4771966382307708,0.4662923910242232
25955,LOF,0.006837983171691131,0.17238329185576265,0.8207787249725462
25956,LOF,0.015912470213156716,0.23350265162952724,0.750584878157316
25957,LOF,0.1571403019573226,0.03473312525941448,0.8081265727832629
25958,LOF,0.03439456921273337,0.05861969207131974,0.9069857387159468
25959,GOF,0.011678277817691473,0.6871599821578581,0.30116174002445045
25960,LOF,0.0055205007444631285,0.08573921995692686,0.90874027929861
25961,LOF,0.03253095953887284,0.04614555598464617,0.921323484476481
25962,LOF,0.05122432901894744,0.05946406526433772,0.8893116057167149
25963,LOF,0.005298261334630396,0.1744342383730569,0.8202675002923128
25964,LOF,0.02767385077437259,0.11200463485291157,0.8603215143727159
25965,LOF,0.24672617599646723,0.11850361765314767,0.6347702063503851
25966,Neutral,0.43746315059108387,0.1401964738844449,0.4223403755244713
25967,LOF,0.007808171486524433,0.09531200817821779,0.8968798203352577
25968,LOF,0.04208652963396621,0.26157751459582446,0.6963359557702095
25969,LOF,0.1427039748918928,0.06363067354822376,0.7936653515598834
25970,LOF,0.055646724804727446,0.0952916507765069,0.8490616244187658
25971,LOF,0.08172642601975459,0.03646026841298744,0.881813305567258
25972,LOF,0.07696410100091632,0.05985910116309182,0.863176797835992
25973,LOF,0.06305254056264642,0.009019710816296942,0.9279277486210565
25974,LOF,0.04712080245336039,0.045255779511919246,0.9076234180347204
25975,LOF,0.041031471953732586,0.018478117813668815,0.9404904102325986
25976,LOF,0.08810506816696602,0.011182053889652597,0.9007128779433815
25977,LOF,0.22341624731119133,0.06738547149932043,0.7091982811894882
25978,LOF,0.20064537325171317,0.09996856384268983,0.6993860629055971
25979,LOF,0.16412833789440434,0.11807637996654931,0.7177952821390463
25980,LOF,0.2596868915373244,0.16936885712409977,0.5709442513385758
25981,LOF,0.2611836948147912,0.17139259689247802,0.5674237082927307
25982,Neutral,0.470067046602013,0.07258199971124187,0.4573509536867451
25983,Neutral,0.46473719582649725,0.09204900225364324,0.4432138019198594
25984,LOF,0.03927596893206755,0.09518140943831563,0.8655426216296169
25985,LOF,0.3712026304969704,0.14735459275614285,0.4814427767468866
25986,LOF,0.011564341102917597,0.42454366762610907,0.5638919912709733
25987,LOF,0.04748451642520776,0.09608426381469935,0.856431219760093
25988,LOF,0.0393195997965345,0.1566937520795788,0.8039866481238866
25989,LOF,0.042150691361954803,0.19263562031773646,0.7652136883203088
25990,LOF,0.037081710640080964,0.30670781267608915,0.6562104766838299
25991,LOF,0.022671602782979833,0.4161628756908332,0.5611655215261869
25992,LOF,0.020331049256792837,0.4225286395928565,0.5571403111503507
25993,LOF,0.0320454009243833,0.06520772101767806,0.9027468780579386
25994,LOF,0.026376124617743336,0.06281333374139568,0.910810541640861
25995,LOF,0.02278360072152084,0.11949728639170493,0.8577191128867742
25996,GOF,0.3313270937821224,0.3362186345138628,0.3324542717040148
25997,LOF,0.0542855094275034,0.39559224298913837,0.5501222475833581
25998,LOF,0.29524304602506085,0.04370882943056453,0.6610481245443746
25999,LOF,0.031320566823301095,0.1586701807191435,0.8100092524575555
26000,LOF,0.1686072283161228,0.029603640944756,0.8017891307391213
26001,LOF,0.2855745415863682,0.03774876138995199,0.6766766970236798
26002,LOF,0.10762853899771116,0.038357822518274944,0.8540136384840139
26003,GOF,0.006567988433704096,0.6382897633122306,0.35514224825406526
26004,GOF,0.013290225994205524,0.6970750586470049,0.28963471535878954
26005,LOF,0.004590657542274762,0.47517417179976745,0.5202351706579578
26006,GOF,0.11867430511567205,0.562496251406604,0.318829443477724
26007,GOF,0.00925965049837989,0.5406126527563537,0.4501276967452663
26008,GOF,0.0060050086233532475,0.5932255479819692,0.4007694433946775
26009,GOF,0.009038251447936876,0.6468993999776523,0.3440623485744107
26010,GOF,0.008376611649855745,0.6144678553166617,0.3771555330334826
26011,LOF,0.0037123547596037347,0.4275264685617381,0.5687611766786582
26012,GOF,0.0041513181620619925,0.4989838728822048,0.4968648089557332
26013,GOF,0.00856627936183995,0.57137340948663,0.42006031115153003
26014,LOF,0.07116070758743215,0.1055240904433228,0.823315201969245
26015,LOF,0.3488731596283908,0.046212486573094944,0.6049143537985142
26016,LOF,0.29164949466873313,0.057233770237342774,0.6511167350939241
26017,LOF,0.013851504823423027,0.26532937160176734,0.7208191235748097
26018,LOF,0.023677464878374455,0.09056180821486055,0.885760726906765
26019,LOF,0.024051981218439027,0.07697479532306324,0.8989732234584977
26020,LOF,0.0075191279373751805,0.2518959354162816,0.7405849366463433
26021,LOF,0.08619578576193433,0.10826672922139471,0.8055374850166709
26022,LOF,0.032062617708539826,0.04202815715010017,0.92590922514136
26023,LOF,0.020899502649461266,0.06284043566772231,0.9162600616828164
26024,LOF,0.052944986435765305,0.09167495759845606,0.8553800559657787
26025,LOF,0.07789388693018168,0.1119386208261435,0.8101674922436749
26026,LOF,0.10281658019926852,0.08930036091657559,0.8078830588841559
26027,LOF,0.02441288261659777,0.04233871028089517,0.9332484071025071
26028,LOF,0.09047526467310395,0.15693028014911958,0.7525944551777763
26029,LOF,0.028450218320997613,0.22663817046943424,0.7449116112095681
26030,LOF,0.14541990389842255,0.028502258313576088,0.8260778377880015
26031,LOF,0.011163736625536897,0.17239553736887148,0.8164407260055916
26032,LOF,0.045427189515547146,0.06353672151466198,0.8910360889697908
26033,LOF,0.051614442212133994,0.057495506251156236,0.8908900515367097
26034,LOF,0.015111580565109325,0.18052182774990128,0.8043665916849895
26035,LOF,0.012531974720404675,0.12488024383193366,0.8625877814476616
26036,LOF,0.012544983482147786,0.14148285216060835,0.8459721643572439
26037,LOF,0.010036161893123072,0.11781387111314365,0.8721499669937332
26038,LOF,0.03756048343221804,0.055783588158348565,0.9066559284094334
26039,LOF,0.032281299765977475,0.16750064460601902,0.8002180556280035
26040,LOF,0.08621127398677216,0.13924844702235603,0.7745402789908719
26041,LOF,0.013899006805449747,0.10018681830716358,0.8859141748873867
26042,LOF,0.012866549753894358,0.11525785909612161,0.8718755911499839
26043,LOF,0.03702990527621743,0.07979874504467016,0.8831713496791124
26044,LOF,0.011810528197272414,0.05975045452053017,0.9284390172821975
26045,LOF,0.07039675966435786,0.12162790171145724,0.8079753386241848
26046,LOF,0.03198085538171985,0.05917660602177746,0.9088425385965028
26047,LOF,0.05905118696918235,0.057576071489540005,0.8833727415412775
26048,LOF,0.06915130026278556,0.027719188061789385,0.903129511675425
26049,Neutral,0.9439197767413565,0.009186680039659386,0.046893543218984084
26050,Neutral,0.9140083960762939,0.00974052653765751,0.07625107738604861
26051,LOF,0.0210171552948092,0.1057129137516852,0.8732699309535056
26052,LOF,0.03487219175448514,0.11280851292285762,0.8523192953226572
26053,LOF,0.024812567003760323,0.1461100344547927,0.8290773985414469
26054,LOF,0.0464262410689302,0.03252536003985963,0.9210483988912102
26055,LOF,0.06951270032958329,0.02933295780973515,0.9011543418606816
26056,LOF,0.056844211450276294,0.036018267967010895,0.9071375205827127
26057,LOF,0.05571103035152001,0.01701119892385593,0.927277770724624
26058,LOF,0.059807823131699474,0.014228289646081521,0.925963887222219
26059,LOF,0.21356488739224827,0.03658390634771309,0.7498512062600388
26060,LOF,0.021470747165261247,0.16498024884631676,0.813549003988422
26061,LOF,0.010387759730338978,0.012383375053109024,0.9772288652165521
26062,LOF,0.006117086704782842,0.01735590896612661,0.9765270043290906
26063,LOF,0.04067251220413805,0.012640131586207023,0.9466873562096549
26064,LOF,0.010159009765841725,0.029852832501422375,0.9599881577327358
26065,LOF,0.050426784365999525,0.015899578251826803,0.9336736373821737
26066,LOF,0.042624972946963886,0.01296243610523873,0.9444125909477975
26067,LOF,0.04478426732646758,0.012698733484175452,0.9425169991893569
26068,LOF,0.055132011858508884,0.04790609330549371,0.8969618948359975
26069,LOF,0.30548068788824756,0.030706400267008212,0.6638129118447443
26070,Neutral,0.5606600243835984,0.02252982163579107,0.41681015398061055
26071,LOF,0.04478281207809458,0.01385116013728484,0.9413660277846206
26072,LOF,0.008940087591624376,0.020798415215226636,0.9702614971931491
26073,LOF,0.038378973414453725,0.014711946690764777,0.9469090798947815
26074,Neutral,0.8715968970674601,0.011805246484795431,0.11659785644774451
26075,LOF,0.05594815028862957,0.024138977666284835,0.9199128720450855
26076,LOF,0.05628746753925221,0.013066261241855127,0.9306462712188927
26077,LOF,0.14571814180122072,0.007895946218180435,0.8463859119805989
26078,LOF,0.006723345071151106,0.019255342891424033,0.9740213120374249
26079,LOF,0.06622395321903096,0.02384865517973187,0.909927391601237
26080,LOF,0.06527083137154396,0.023901704754048583,0.9108274638744074
26081,LOF,0.036563960280169394,0.011084531090064617,0.952351508629766
26082,LOF,0.006555920108709715,0.019703020577251415,0.973741059314039
26083,LOF,0.11109240657295781,0.024555934772856024,0.8643516586541863
26084,LOF,0.11631977979749646,0.016714801997760258,0.8669654182047434
26085,LOF,0.09931480966236292,0.014418458206232797,0.8862667321314043
26086,LOF,0.043511131457187144,0.01412032791903025,0.9423685406237826
26087,LOF,0.038896564524316,0.012079732216792172,0.9490237032588918
26088,LOF,0.007221109063467916,0.02667316680072744,0.9661057241358046
26089,LOF,0.0431593250944462,0.03912921826851296,0.9177114566370409
26090,LOF,0.04367770349209467,0.02983325479466731,0.9264890417132381
26091,LOF,0.028742285951594296,0.009632414032768637,0.9616253000156372
26092,LOF,0.04531183498203816,0.01006266347848937,0.9446255015394724
26093,LOF,0.0833671489042848,0.007322942809236282,0.909309908286479
26094,LOF,0.03447624987151342,0.009078141491845394,0.9564456086366413
26095,LOF,0.02928675976333873,0.019069651242300346,0.951643588994361
26096,LOF,0.1890316835134823,0.006302790567069106,0.8046655259194485
26097,LOF,0.0069235466780505905,0.04014227584979674,0.9529341774721527
26098,LOF,0.1265771981630221,0.0210649293055921,0.8523578725313857
26099,LOF,0.04041681847820517,0.020688462855355003,0.9388947186664398
26100,LOF,0.04041681847820517,0.020688462855355003,0.9388947186664398
26101,LOF,0.06805736037111439,0.03553518092168371,0.896407458707202
26102,LOF,0.03313933771521886,0.018935726086814215,0.947924936197967
26103,Neutral,0.8923416079436697,0.03013074864006612,0.07752764341626424
26104,LOF,0.058478310944799904,0.04847387605755802,0.893047812997642
26105,LOF,0.28531176185779933,0.12815229452060445,0.5865359436215962
26106,LOF,0.32413983698954896,0.06969960559094568,0.6061605574195054
26107,LOF,0.02249392717052613,0.08272755475770316,0.8947785180717707
26108,LOF,0.23833034683940435,0.03792604214126977,0.7237436110193258
26109,LOF,0.08706771913016192,0.034369411524147624,0.8785628693456904
26110,LOF,0.4302964205816339,0.010348339851914745,0.5593552395664514
26111,LOF,0.057566924551987995,0.14309179352780949,0.7993412819202025
26112,LOF,0.051731423217683294,0.009668547397324763,0.938600029384992
26113,LOF,0.10808165531075312,0.024201486226106007,0.867716858463141
26114,LOF,0.0850449736349888,0.011140705320535455,0.9038143210444758
26115,LOF,0.0193760521966025,0.05611226955334325,0.9245116782500543
26116,LOF,0.07318127056735399,0.024574982490428925,0.9022437469422171
26117,LOF,0.34285933640035826,0.04283422309763183,0.61430644050201
26118,LOF,0.05036125598184212,0.018615011660075845,0.931023732358082
26119,LOF,0.006477129161975525,0.037928181440744904,0.9555946893972795
26120,LOF,0.033206703289426126,0.018955935681911118,0.9478373610286628
26121,LOF,0.003719117287591718,0.1318171307892389,0.8644637519231694
