feature0,prediction,LoGoFunc_Neutral,LoGoFunc_GOF,LoGoFunc_LOF
25546,Neutral,0.7531299298858342,0.03164605565606343,0.21522401445810227
25547,Neutral,0.5717883468842526,0.08014145116857366,0.3480702019471738
25548,Neutral,0.548207042682446,0.05671436898178616,0.3950785883357679
25549,LOF,0.4660321001110072,0.05594035015650709,0.4780275497324858
25550,LOF,0.31785737414057585,0.1126468238218886,0.5694958020375355
25551,LOF,0.2739812719354895,0.1181867824376875,0.6078319456268231
25552,LOF,0.19631670310381213,0.10901138784286327,0.6946719090533247
25553,Neutral,0.8241147178902571,0.030778101442305503,0.14510718066743722
25554,LOF,0.2261769580586486,0.10114805307521435,0.6726749888661372
25555,LOF,0.18649910046173448,0.08681028630846616,0.7266906132297994
25556,LOF,0.37300061491797487,0.0937523230710043,0.5332470620110209
25557,LOF,0.18560035253623305,0.09265878853510337,0.7217408589286637
25558,LOF,0.2230367409316109,0.10459425941120763,0.6723689996571814
25559,LOF,0.37108032981844263,0.08539028784524126,0.5435293823363161
25560,LOF,0.05171329716273476,0.17017102896425518,0.77811567387301
25561,LOF,0.10152884902592738,0.20359895793925356,0.6948721930348192
25562,LOF,0.10976695248727597,0.07557480641283335,0.8146582410998907
25563,LOF,0.10435575821375752,0.08290310595839484,0.8127411358278477
25564,LOF,0.1764268810826466,0.1779775547491413,0.6455955641682121
25565,LOF,0.14664827103098296,0.11591046658769591,0.7374412623813211
25566,GOF,0.013943970808579162,0.7332919628665915,0.25276406632482934
25567,LOF,0.013162848598225932,0.15795189188915362,0.8288852595126205
25568,LOF,0.056326308031276404,0.06905657707160663,0.8746171148971169
25569,LOF,0.0659398554609088,0.07580879953329045,0.8582513450058007
25570,LOF,0.07193627394428898,0.10865209125402223,0.8194116348016889
25571,LOF,0.06307945974147586,0.10053232357633,0.8363882166821941
25572,LOF,0.07020621762526294,0.13557337648563625,0.7942204058891008
25573,LOF,0.02729537279966298,0.10658493173365939,0.8661196954666776
25574,LOF,0.017270453698756988,0.17407781977198897,0.8086517265292541
25575,LOF,0.05386051985357271,0.11452217862272675,0.8316173015237005
25576,LOF,0.02161668365009798,0.13269086659556223,0.8456924497543398
25577,LOF,0.015762534545840874,0.1526646460395955,0.8315728194145637
25578,LOF,0.2408410207849778,0.09769449819202149,0.6614644810230007
25579,LOF,0.24148246643345028,0.09675985205626023,0.6617576815102895
25580,LOF,0.0380687860728561,0.08452958251446037,0.8774016314126836
25581,LOF,0.05213185113772238,0.08013005428864708,0.8677380945736305
25582,LOF,0.05161099183096393,0.078790023582128,0.869598984586908
25583,LOF,0.04549152771320331,0.10212864223607547,0.8523798300507213
25584,Neutral,0.4640808580389612,0.11545908039109634,0.4204600615699424
25585,LOF,0.03810387354027031,0.11915878554359317,0.8427373409161365
25586,LOF,0.040094733209686165,0.0879266266777905,0.8719786401125234
25587,LOF,0.03659923979979175,0.08444539238700359,0.8789553678132047
25588,LOF,0.03707349114480962,0.11190351368864236,0.851022995166548
25589,Neutral,0.6078687411046297,0.14077241610577615,0.25135884278959403
25590,LOF,0.028522903288862183,0.1430805981295667,0.8283964985815713
25591,LOF,0.11419192508826556,0.0669255304403614,0.8188825444713731
25592,LOF,0.1004264655070218,0.1443817135621874,0.7551918209307908
25593,LOF,0.019203309923381,0.28459945196225706,0.696197238114362
25594,LOF,0.03190072715596751,0.2511655858584284,0.7169336869856041
25595,LOF,0.04773018042132455,0.20980530688333493,0.7424645126953405
25596,LOF,0.05552877442561937,0.1327036200412898,0.8117676055330909
25597,LOF,0.06408232898305329,0.0958549780407391,0.8400626929762077
25598,LOF,0.036740817732120394,0.2542530621753493,0.7090061200925304
25599,GOF,0.007063306131387273,0.8143025163748074,0.1786341774938053
25600,GOF,0.009202659067512761,0.5927044505026463,0.3980928904298409
25601,GOF,0.007920475422522107,0.5106308127494462,0.4814487118280318
25602,LOF,0.02184921575340141,0.05717427415297522,0.9209765100936232
25603,LOF,0.03670800685297235,0.0413081954905441,0.9219837976564835
25604,LOF,0.05127369580128372,0.04723129375535658,0.9014950104433597
25605,LOF,0.010241604366010978,0.2557742499530346,0.7339841456809544
25606,LOF,0.06316084466044457,0.4401275401185937,0.4967116152209618
25607,LOF,0.004964420784829923,0.16776982424852102,0.827265754966649
25608,LOF,0.06986849258675942,0.039608045077563735,0.8905234623356768
25609,LOF,0.05397861539952535,0.32775332266301505,0.6182680619374595
25610,LOF,0.044369867979083905,0.03636043599076055,0.9192696960301554
25611,LOF,0.047746157215676564,0.03408878404245531,0.9181650587418682
25612,LOF,0.09572048023456035,0.054721793814957044,0.8495577259504825
25613,LOF,0.08135566022534457,0.05249899192358224,0.8661453478510732
25614,LOF,0.03448077838694799,0.047366191600969824,0.918153030012082
25615,LOF,0.058311970713531704,0.04176998258137015,0.8999180467050982
25616,LOF,0.03702299961225419,0.04338173676825478,0.9195952636194911
25617,LOF,0.03688651877027496,0.047225600282473364,0.9158878809472517
25618,LOF,0.22059945475991938,0.0470530983839211,0.7323474468561596
25619,LOF,0.03438405475425914,0.04195008628156847,0.9236658589641724
25620,LOF,0.04142712991929382,0.051154853273602675,0.9074180168071035
25621,LOF,0.03267980514058916,0.035769699679195126,0.9315504951802158
25622,LOF,0.030286066647970226,0.05091161646315098,0.9188023168888788
25623,LOF,0.07055321307270024,0.03920927288183653,0.8902375140454633
25624,LOF,0.0285652162668888,0.05269877522536093,0.9187360085077502
25625,LOF,0.03461256454508636,0.05658162522882685,0.9088058102260868
25626,LOF,0.07327490473674599,0.03810630749818295,0.8886187877650711
25627,Neutral,0.5766415491830386,0.13448088083902116,0.2888775699779403
25628,LOF,0.19201936012698784,0.06740591101410162,0.7405747288589106
25629,LOF,0.06352746355933513,0.1317436062311334,0.8047289302095315
25630,LOF,0.18644716016442134,0.11543394229032158,0.698118897545257
25631,Neutral,0.607911393125491,0.10175126735817085,0.29033733951633817
25632,LOF,0.026603906123887085,0.08389457946453159,0.8895015144115813
25633,LOF,0.23880277301294603,0.08382909559390612,0.6773681313931479
25634,LOF,0.03864527264561232,0.09763853640218494,0.8637161909522028
25635,LOF,0.05134136298018303,0.09016745593321211,0.8584911810866048
25636,GOF,0.005267224302255983,0.5666653262214918,0.42806744947625225
25637,GOF,0.0045858060735841566,0.5182836836634307,0.4771305102629852
25638,LOF,0.008502291512198555,0.4254778295625927,0.5660198789252088
25639,LOF,0.00514764615487057,0.3960078660028642,0.5988444878422653
25640,GOF,0.4342706358095412,0.5234191319475189,0.04231023224293993
25641,LOF,0.00660037860215292,0.40451781033923273,0.5888818110586143
25642,LOF,0.24388976818265337,0.09401653192665915,0.6620936998906874
25643,LOF,0.1790403108251689,0.2970007274631311,0.5239589617117
25644,LOF,0.029830200928803174,0.44973674968142846,0.5204330493897684
25645,LOF,0.022766699664543102,0.38175863657135384,0.5954746637641031
25646,LOF,0.020828210924909652,0.2532896202445471,0.7258821688305432
25647,LOF,0.019906505235734853,0.21255154235586446,0.7675419524084006
25648,LOF,0.01638284905279673,0.21349187793593893,0.7701252730112643
25649,LOF,0.01580055991753206,0.15407323629226455,0.8301262037902035
25650,LOF,0.04839055928664143,0.428441376621448,0.5231680640919106
25651,LOF,0.012782470926519298,0.1944211787311587,0.792796350342322
25652,LOF,0.019706869765182957,0.19617549287531824,0.7841176373594989
25653,LOF,0.09751349034494526,0.3278482750436873,0.5746382346113674
25654,LOF,0.016506949215634018,0.1698639858769237,0.8136290649074422
25655,LOF,0.13432580318485945,0.237806663576783,0.6278675332383575
25656,LOF,0.0643136187681944,0.05922704784214258,0.8764593333896631
25657,LOF,0.28226458624458345,0.02751909351887217,0.6902163202365444
25658,LOF,0.031748354822630734,0.07606637122279584,0.8921852739545734
25659,LOF,0.23447227945292415,0.05562786895798506,0.7098998515890909
25660,LOF,0.08977686649447152,0.10974524951061829,0.8004778839949102
25661,LOF,0.07521344866894254,0.07366437698518043,0.8511221743458771
25662,LOF,0.03281228930131526,0.050770376312505104,0.9164173343861796
25663,LOF,0.042479115915352354,0.0771754499457242,0.8803454341389234
25664,LOF,0.0283961084345613,0.10699833117894661,0.8646055603864921
25665,LOF,0.05269437620558288,0.04956402810885439,0.8977415956855627
25666,LOF,0.03843890907349065,0.14933675872408764,0.8122243322024217
25667,LOF,0.032347897608653954,0.06264385289734671,0.9050082494939993
25668,LOF,0.04459781643080471,0.06362357681616808,0.8917786067530273
25669,LOF,0.049258016663985306,0.10050741756634417,0.8502345657696704
25670,LOF,0.15440937154946932,0.08146248854190834,0.7641281399086223
25671,LOF,0.040229184105189816,0.05673366907394924,0.9030371468208609
25672,LOF,0.05363565589507022,0.07854659358444485,0.8678177505204849
25673,LOF,0.035522139803008536,0.07024130401348923,0.8942365561835023
25674,LOF,0.026364813905542534,0.08353091438358241,0.890104271710875
25675,LOF,0.03777418121295066,0.0665596098913899,0.8956662088956595
25676,LOF,0.031454465900939,0.07383604717497261,0.8947094869240882
25677,LOF,0.0809456546757566,0.07080084923261155,0.8482534960916318
25678,LOF,0.1427539806026496,0.05164859941870566,0.8055974199786448
25679,LOF,0.09855142542091677,0.08015726719970999,0.8212913073793732
25680,LOF,0.08394716413717175,0.10412454167149018,0.811928294191338
25681,LOF,0.09662718908673022,0.0977481807012472,0.8056246302120226
25682,LOF,0.057558550737940944,0.07891206220921787,0.8635293870528412
25683,LOF,0.07370248172650785,0.0982068833390392,0.828090634934453
25684,LOF,0.06522660237940527,0.07469857971949233,0.8600748179011025
25685,LOF,0.13115557719040427,0.038899425458597696,0.8299449973509979
25686,LOF,0.03430168849476776,0.0856739512590339,0.8800243602461983
25687,LOF,0.06899121052721736,0.07541501314877729,0.8555937763240054
25688,LOF,0.022387228959750458,0.1482699044843632,0.8293428665558863
25689,LOF,0.017997481224615596,0.08161655596520007,0.9003859628101843
25690,LOF,0.018201513484025895,0.09967206561039746,0.8821264209055767
25691,LOF,0.13897143647832144,0.14521617433039016,0.7158123891912884
25692,LOF,0.1706946776857559,0.019002725478868884,0.8103025968353752
25693,LOF,0.03936352638824886,0.1817493440575646,0.7788871295541866
25694,LOF,0.24318491950215074,0.012652290629298995,0.7441627898685503
25695,LOF,0.18344926710523915,0.01780481887272837,0.7987459140220324
25696,LOF,0.16331518144145146,0.009977068504994382,0.8267077500535542
25697,LOF,0.12259109804585647,0.032824910633387785,0.8445839913207557
25698,LOF,0.029938141479377806,0.3476150603228551,0.622446798197767
25699,LOF,0.09236829091120023,0.08842877632285984,0.81920293276594
25700,LOF,0.03488879822774383,0.012514242025294369,0.9525969597469619
25701,LOF,0.01689337873319496,0.08692359607441225,0.8961830251923929
25702,GOF,0.028954013057876357,0.7485802261235155,0.22246576081860822
25703,LOF,0.016876995625838324,0.2219858728446789,0.7611371315294827
25704,LOF,0.1154110340296071,0.178953405925654,0.7056355600447389
25705,LOF,0.09709418875838745,0.2696162137345845,0.6332895975070282
25706,GOF,0.03140500565299791,0.5861660272848873,0.38242896706211477
25707,GOF,0.032488801878762796,0.5728746714305293,0.394636526690708
25708,GOF,0.008226490003205134,0.565098451308275,0.42667505868852
25709,LOF,0.024501093532056685,0.09616251471229566,0.8793363917556477
25710,LOF,0.005305111903477111,0.24337575312278095,0.751319134973742
25711,LOF,0.030340933640836235,0.13898731295784925,0.8306717534013145
25712,LOF,0.00621368161534205,0.3074750953095703,0.6863112230750877
25713,LOF,0.024143957949943486,0.12325868551670496,0.8525973565333516
25714,LOF,0.02857358776836291,0.15679314729649785,0.8146332649351392
25715,LOF,0.03034167458061033,0.14607921324267034,0.8235791121767193
25716,LOF,0.009263644771847657,0.16302789847589053,0.8277084567522619
25717,LOF,0.005778836959760483,0.15212019171887478,0.8421009713213649
25718,LOF,0.02651644611848103,0.10174838861392939,0.8717351652675897
25719,LOF,0.033823697596803516,0.11780612419379506,0.8483701782094014
25720,LOF,0.034864803841773616,0.1123129292880018,0.8528222668702246
25721,LOF,0.03051965658964334,0.11208037904837559,0.8573999643619811
25722,LOF,0.018612049396383078,0.15412656959855892,0.827261381005058
25723,LOF,0.030804731997171396,0.09759944973992914,0.8715958182628994
25724,LOF,0.034230696301395074,0.16851331053957386,0.7972559931590311
25725,LOF,0.03162911539145943,0.10001302128387995,0.8683578633246606
25726,LOF,0.018879693842929427,0.13157815756054345,0.8495421485965272
25727,LOF,0.0274753079037757,0.12321471125719308,0.8493099808390312
25728,LOF,0.028225724332097905,0.1238901700492753,0.8478841056186268
25729,LOF,0.026879135457897725,0.1315829967345191,0.8415378678075832
25730,LOF,0.02985875811577886,0.09471001837847937,0.8754312235057418
25731,LOF,0.010145129378620195,0.20115414411424215,0.7887007265071376
25732,LOF,0.023076429046538036,0.11389661302189885,0.8630269579315631
25733,LOF,0.03599446132655893,0.10797666248285118,0.8560288761905899
25734,LOF,0.0057577261223511235,0.2857880094399543,0.7084542644376947
25735,LOF,0.024702271254139083,0.09494484104885974,0.8803528876970012
25736,LOF,0.023462513454627375,0.14652309209962364,0.830014394445749
25737,LOF,0.05253249585536677,0.13984038936736484,0.8076271147772683
25738,LOF,0.02599443568374702,0.17901598843894356,0.7949895758773095
25739,LOF,0.03004242929694294,0.1538971330501957,0.8160604376528614
25740,LOF,0.031499292396727586,0.16466734688232876,0.8038333607209437
25741,LOF,0.03735607328133233,0.14341580345369617,0.8192281232649715
25742,LOF,0.0509638556625542,0.14294005823297082,0.806096086104475
25743,LOF,0.012062009976640805,0.029658949747398886,0.9582790402759603
25744,LOF,0.1486731844253909,0.33852941624119587,0.5127973993334132
25745,LOF,0.032396990542154176,0.11042045533350717,0.8571825541243386
25746,LOF,0.014624086335980896,0.16953366501347486,0.8158422486505442
25747,LOF,0.0407250129525819,0.030907775930598364,0.9283672111168199
25748,LOF,0.287474888675284,0.05949400428681817,0.6530311070378978
25749,LOF,0.012181706201353526,0.0935741288477215,0.8942441649509251
25750,LOF,0.01767017990115321,0.09685042928556827,0.8854793908132785
25751,LOF,0.04810307435774737,0.057051524155126675,0.894845401487126
25752,GOF,0.08392243636322512,0.7073726793102861,0.2087048843264888
25753,LOF,0.006351810169088809,0.3729005137589553,0.6207476760719559
25754,GOF,0.007252674657236905,0.8614151512218882,0.13133217412087492
25755,LOF,0.006026301852305862,0.4393690202740107,0.5546046778736835
25756,LOF,0.028021601876377877,0.43214967514381375,0.5398287229798084
25757,GOF,0.007422672909741091,0.8557671252351363,0.13681020185512263
25758,GOF,0.007910289314009878,0.8540019784719787,0.13808773221401147
25759,GOF,0.0054232580503298,0.5856386934179473,0.40893804853172283
25760,LOF,0.005305213834802201,0.3112376858723861,0.6834571002928117
25761,GOF,0.045077109208928844,0.852319817423507,0.1026030733675642
25762,LOF,0.03272369039535944,0.35714364908647844,0.6101326605181622
25763,LOF,0.0060102597531618415,0.27548831125733264,0.7185014289895055
25764,GOF,0.056082403308895086,0.6527640784829929,0.2911535182081119
25765,GOF,0.007826573801404122,0.8523216841179406,0.13985174208065537
25766,GOF,0.04584092474586854,0.8238232511696495,0.13033582408448208
25767,GOF,0.01648809172242891,0.5459794793414412,0.4375324289361299
25768,LOF,0.04978666748259991,0.0625694357427775,0.8876438967746225
25769,LOF,0.03163884347722131,0.0694895727519955,0.8988715837707831
25770,LOF,0.1294195815680817,0.06415444802462282,0.8064259704072955
25771,LOF,0.01664655246077766,0.04739472643105728,0.9359587211081651
25772,LOF,0.029476587378057553,0.02225544080118073,0.9482679718207617
25773,LOF,0.019408194306636026,0.048560492897295186,0.9320313127960687
25774,LOF,0.024962005154758805,0.0960474416203099,0.8789905532249312
25775,LOF,0.02025430114821881,0.029241514832137525,0.9505041840196438
25776,LOF,0.034679572174648815,0.018637386210234932,0.9466830416151162
25777,LOF,0.12640791719955505,0.060399200188432846,0.8131928826120121
25778,LOF,0.023674177322333508,0.04288054825647171,0.9334452744211948
25779,GOF,0.05070388463738947,0.885354884015319,0.06394123134729157
25780,GOF,0.08275608257450193,0.868767656699971,0.048476260725526965
25781,GOF,0.029702128792404445,0.8730468399185018,0.09725103128909363
25782,GOF,0.030342511364771507,0.9060620001435368,0.0635954884916919
25783,GOF,0.030662675565638252,0.9236651435302513,0.045672180904110286
25784,GOF,0.09098238965140107,0.8621034404370356,0.04691416991156345
25785,GOF,0.0935664009551712,0.8631983197211348,0.04323527932369409
25786,GOF,0.009670784423186078,0.8862361268173843,0.1040930887594297
25787,GOF,0.21287447772057602,0.7390522175707699,0.04807330470865409
25788,LOF,0.017547448626466046,0.18685261022834854,0.7955999411451855
25789,GOF,0.017907204510531332,0.85899944024267,0.12309335524679872
25790,GOF,0.02684174778892765,0.889596681105182,0.08356157110589037
25791,GOF,0.023301561049885972,0.7636051317623592,0.2130933071877548
25792,GOF,0.02772807585075819,0.7989444280869505,0.17332749606229114
25793,GOF,0.0663951468391831,0.8489651185209516,0.08463973463986527
25794,GOF,0.04000880390297511,0.7909113878787264,0.16907980821829832
25795,GOF,0.05030658317455939,0.7621610122766052,0.1875324045488355
25796,GOF,0.10165493974166853,0.8149938645409849,0.08335119571734657
25797,GOF,0.08128565966501772,0.7531533045163988,0.16556103581858347
25798,GOF,0.0076497094863611295,0.7863425898647515,0.2060077006488873
25799,GOF,0.004512592269824289,0.7245640176876167,0.27092339004255905
25800,GOF,0.027685399573844298,0.8444248331002016,0.12788976732595406
25801,GOF,0.022053185165178825,0.8947817316883165,0.08316508314650467
25802,GOF,0.03221219778602238,0.8349457352133228,0.13284206700065487
25803,GOF,0.02201720375080526,0.7200143141538231,0.25796848209537165
25804,GOF,0.03495914155900545,0.7830577463599643,0.18198311208103016
25805,GOF,0.029130719318115183,0.8053766568343921,0.16549262384749272
25806,GOF,0.04094873060103836,0.8078367108403647,0.15121455855859686
25807,GOF,0.012018671665712976,0.7811669499367453,0.2068143783975417
25808,GOF,0.02234372308107404,0.7869786744512115,0.19067760246771434
25809,GOF,0.011810628198775834,0.7649554037900033,0.22323396801122086
25810,GOF,0.00979113842864963,0.7463065436295387,0.24390231794181155
25811,GOF,0.06176348840177676,0.8622323659475759,0.07600414565064736
25812,GOF,0.02802947197495082,0.7883587699329541,0.18361175809209507
25813,GOF,0.13942003494914895,0.7846706823120394,0.07590928273881152
25814,GOF,0.030264205843038045,0.8073628090862289,0.16237298507073292
25815,GOF,0.0665339555115802,0.8351102726270739,0.0983557718613459
25816,GOF,0.009547855756412978,0.8848769948464977,0.1055751493970892
25817,GOF,0.09869090239503162,0.803937972386764,0.09737112521820454
25818,GOF,0.027396403836020686,0.8058630466211301,0.16674054954284942
25819,GOF,0.046630616718995495,0.7585662905167901,0.19480309276421431
25820,GOF,0.04027655335093119,0.7245961961820756,0.2351272504669933
25821,GOF,0.027895884822904914,0.7498146243338796,0.22228949084321553
25822,GOF,0.05128026080635202,0.7414325881858964,0.20728715100775155
25823,GOF,0.02913230473500576,0.7329635665256667,0.23790412873932745
25824,GOF,0.0294757670705599,0.7900529472671148,0.18047128566232537
25825,GOF,0.023204986506149276,0.7787399074033946,0.19805510609045598
25826,GOF,0.010874096186223708,0.7531407677255206,0.23598513608825564
25827,GOF,0.015107984523039488,0.7114605099668981,0.2734315055100623
25828,GOF,0.011466103683812555,0.7617379752822094,0.22679592103397814
25829,GOF,0.004274842788106389,0.7112991957363336,0.28442596147556004
25830,GOF,0.04400703861057929,0.5104703202517122,0.4455226411377084
25831,GOF,0.06112446089284923,0.8226894217421881,0.11618611736496263
25832,GOF,0.011251419719110627,0.7784942006010309,0.21025437967985855
25833,GOF,0.03685838975481322,0.8254732788859575,0.13766833135922932
25834,GOF,0.01171834511954993,0.7906864937532219,0.1975951611272281
25835,GOF,0.024760531908779415,0.8365379792016934,0.13870148888952713
25836,GOF,0.00780129139675582,0.7781313068767328,0.21406740172651148
25837,GOF,0.010806408396606728,0.8033877716610701,0.18580581994232326
25838,GOF,0.02811878936018545,0.8345815841601295,0.1372996264796851
25839,GOF,0.07903941195402152,0.8084231275242665,0.11253746052171205
25840,GOF,0.09798738001120265,0.8054127346751155,0.09659988531368176
25841,GOF,0.09967131632505764,0.821892045718189,0.07843663795675343
25842,GOF,0.034000455617785356,0.8779200363460375,0.08807950803617702
25843,GOF,0.03560770094471676,0.8829508842288932,0.08144141482639002
25844,GOF,0.023355759096777697,0.8333171509273639,0.14332708997585852
25845,GOF,0.007474810915422819,0.7629492476542917,0.22957594143028537
25846,GOF,0.09431990405587232,0.8128756845970381,0.09280441134708971
25847,GOF,0.020462011154932982,0.8810220572526933,0.09851593159237361
25848,GOF,0.027886290112879877,0.8448449790629817,0.12726873082413853
25849,GOF,0.008934335373114916,0.8372447479776339,0.15382091664925115
25850,GOF,0.0074734604822919055,0.7466581109587682,0.24586842855893984
25851,GOF,0.006908229047636421,0.7044245693318943,0.2886672016204692
25852,GOF,0.1572384549824134,0.5659976121235439,0.2767639328940426
25853,GOF,0.0614318263010758,0.8238481873841302,0.1147199863147939
25854,GOF,0.007056435439368482,0.7311612977233904,0.2617822668372411
25855,GOF,0.021883975910699034,0.6913747189802153,0.2867413051090856
25856,GOF,0.042595502777298885,0.7676265504034361,0.18977794681926494
25857,GOF,0.021812944803908864,0.694537035269796,0.28365001992629507
25858,GOF,0.01104239572252801,0.7213167870400735,0.2676408172373984
25859,GOF,0.007556525881618114,0.7100385324567667,0.2824049416616151
25860,GOF,0.07578757815228092,0.7965097120022229,0.1277027098454962
25861,GOF,0.09904648705534336,0.794078531346759,0.10687498159789766
25862,GOF,0.027605508695811343,0.87304585786376,0.09934863344042866
25863,GOF,0.023766472224602785,0.8746372717103712,0.101596256065026
25864,GOF,0.060999327627917765,0.8863004209018901,0.05270025147019219
25865,GOF,0.05101813330061264,0.8621914438662056,0.08679042283318196
25866,GOF,0.027522419498984187,0.877190837494603,0.095286743006413
25867,GOF,0.049409440335644664,0.8678732011908324,0.082717358473523
25868,GOF,0.07395424270485339,0.81370945207781,0.11233630521733677
25869,GOF,0.3456907593374244,0.5653836161443426,0.08892562451823299
25870,GOF,0.08773301389958779,0.5977842688889909,0.31448271721142124
25871,GOF,0.01323339953741035,0.8683371797263637,0.11842942073622595
25872,GOF,0.02488643800947926,0.8389954938574343,0.1361180681330865
25873,GOF,0.02660935912909521,0.8774731654971984,0.09591747537370635
25874,LOF,0.018281301818289897,0.2155453413524792,0.7661733568292309
25875,LOF,0.04204007540585823,0.0661193877838522,0.8918405368102896
25876,LOF,0.024048080594807404,0.04713427299753805,0.9288176464076546
25877,LOF,0.11787211428487376,0.09640561673174046,0.7857222689833857
25878,LOF,0.10062187496522511,0.14666341022698298,0.7527147148077921
25879,LOF,0.016304748949314208,0.11031727819215714,0.8733779728585287
25880,LOF,0.07658953170583144,0.017933040599867243,0.9054774276943014
25881,Neutral,0.5678949598206228,0.0728389833093673,0.3592660568700099
25882,LOF,0.0695763903790028,0.02646741656582608,0.903956193055171
25883,LOF,0.029847909813145303,0.028997155881175546,0.9411549343056791
25884,LOF,0.02055821498547429,0.043602381733427446,0.9358394032810984
25885,LOF,0.19722733857723684,0.012938499367371991,0.7898341620553913
25886,LOF,0.28325258980125473,0.060700032917242984,0.6560473772815023
25887,LOF,0.12408732566365921,0.09815533351304792,0.7777573408232928
25888,LOF,0.008018300249587298,0.13550082278490524,0.8564808769655075
25889,LOF,0.028390901211730588,0.037557524181957944,0.9340515746063114
25890,LOF,0.20915022780807868,0.05630316708552732,0.734546605106394
25891,LOF,0.12975813441519235,0.022586143698936266,0.8476557218858715
25892,LOF,0.008767851915214809,0.034969043376829996,0.9562631047079552
25893,LOF,0.42103246336751454,0.010096870960198802,0.5688706656722866
25894,LOF,0.38957653233653305,0.00704080811237766,0.6033826595510893
25895,LOF,0.324161666064947,0.016843683030919154,0.6589946509041338
25896,LOF,0.07177545079245186,0.030271914189426322,0.8979526350181218
25897,LOF,0.12439964759305934,0.012993217739200119,0.8626071346677405
25898,LOF,0.1354055018001151,0.036574593920858794,0.828019904279026
25899,LOF,0.41635803866785437,0.02938851391496195,0.5542534474171836
25900,Neutral,0.49669609885197874,0.010361494977566119,0.49294240617045515
25901,LOF,0.09450806066527477,0.011191445210588114,0.8943004941241371
25902,LOF,0.09702814202366868,0.016502429822937193,0.8864694281533942
25903,LOF,0.29268187934164286,0.02877892251419287,0.6785391981441642
25904,Neutral,0.520623763493092,0.039265197054453076,0.4401110394524548
25905,LOF,0.006446649668838653,0.3964891258437937,0.5970642244873677
25906,LOF,0.00935477852320352,0.07837747980825951,0.9122677416685371
25907,LOF,0.009406302477792049,0.26901679430619574,0.7215769032160122
25908,LOF,0.009383651618801144,0.25647091266090105,0.7341454357202978
25909,LOF,0.03391703105963346,0.10879451386483371,0.8572884550755328
25910,LOF,0.012072087180411015,0.15681027117281382,0.8311176416467752
25911,LOF,0.20231935013938934,0.025940015443070348,0.7717406344175404
25912,LOF,0.09855454924379956,0.02013617859065852,0.8813092721655419
25913,LOF,0.02450540131652949,0.03013424485520833,0.9453603538282622
25914,LOF,0.042349643530003256,0.024402728244894624,0.9332476282251021
25915,LOF,0.241808034165666,0.10315153873855529,0.6550404270957787
25916,LOF,0.027623816288035757,0.05253188226162879,0.9198443014503354
25917,LOF,0.07855449000842447,0.02348302616354588,0.8979624838280297
25918,LOF,0.04757253859524632,0.013165630711295145,0.9392618306934586
25919,LOF,0.03956572975163115,0.013176044978057539,0.9472582252703113
25920,LOF,0.32515538767410257,0.28186008515758404,0.39298452716831345
25921,LOF,0.01545060521852106,0.020872872818637596,0.9636765219628414
25922,LOF,0.014096580531023828,0.02154148519733341,0.9643619342716429
25923,LOF,0.46245272645539803,0.01543061240618808,0.5221166611384139
25924,LOF,0.027174987378049242,0.02528697987520284,0.947538032746748
25925,LOF,0.09565954014460473,0.02833790717475087,0.8760025526806444
25926,LOF,0.08250712778309137,0.02134443407507377,0.8961484381418349
25927,LOF,0.02638733091518487,0.04887145381072642,0.9247412152740888
25928,LOF,0.011958493256190082,0.027995968221808793,0.9600455385220011
25929,Neutral,0.5874212151987067,0.014915577590430358,0.39766320721086285
25930,LOF,0.09248653538301757,0.015306780466997466,0.8922066841499849
25931,LOF,0.01428144700413937,0.018056535719467668,0.9676620172763929
25932,LOF,0.08611202066418074,0.016520777996259832,0.8973672013395595
25933,LOF,0.092821061015648,0.009875863786252288,0.8973030751980996
25934,LOF,0.08809840023564966,0.008788409712527617,0.9031131900518228
25935,LOF,0.09161149567988747,0.027814642436234178,0.8805738618838783
25936,LOF,0.1044730870475649,0.010899169358296962,0.8846277435941381
25937,LOF,0.02120191319464241,0.016147325735497098,0.9626507610698605
25938,LOF,0.09457294665039877,0.024607834821397407,0.8808192185282039
25939,LOF,0.06874904321772224,0.014268520961974125,0.9169824358203037
25940,LOF,0.00923995474406831,0.48919121615781713,0.5015688290981145
25941,LOF,0.4145757182889269,0.04151635651492653,0.5439079251961466
25942,LOF,0.009856724782328624,0.047460474783103744,0.9426828004345676
25943,LOF,0.04846476627119928,0.15590946855849594,0.7956257651703047
25944,LOF,0.04297430792745612,0.07857179910223619,0.8784538929703076
25945,LOF,0.15674322126588663,0.02699522326079128,0.8162615554733221
25946,LOF,0.06613109420167437,0.037096892834158915,0.8967720129641666
25947,Neutral,0.4570030450271972,0.10588759154213842,0.4371093634306644
25948,LOF,0.3645093005575065,0.017136727979447593,0.6183539714630459
25949,LOF,0.13454554941002494,0.08673150077763281,0.7787229498123421
25950,GOF,0.12276528628439191,0.564007814063369,0.31322689965223904
25951,LOF,0.019916968700872513,0.44298987700656306,0.5370931542925644
25952,LOF,0.21635328518859817,0.22296395775630393,0.560682757055098
25953,LOF,0.009230132958074896,0.3259319697730838,0.6648378972688412
25954,LOF,0.12186553668900166,0.42961229557185776,0.4485221677391407
25955,LOF,0.010175460310962038,0.2294235704528038,0.7604009692362341
25956,LOF,0.011823831719929739,0.34179492330634365,0.6463812449737266
25957,LOF,0.14751579612006524,0.0414829261967495,0.8110012776831853
25958,LOF,0.032614642659498275,0.0636009136463506,0.9037844436941511
25959,GOF,0.0075304925640154695,0.772954165037089,0.21951534239889547
25960,LOF,0.004307816984506653,0.14819907419413053,0.8474931088213628
25961,LOF,0.03029504935033442,0.051532222406075384,0.9181727282435902
25962,LOF,0.03484576656192859,0.0922748975467105,0.8728793358913609
25963,LOF,0.007460784129718742,0.1616703402152244,0.8308688756550568
25964,LOF,0.039890804412441146,0.1589921148178138,0.8011170807697451
25965,LOF,0.26068684314516005,0.15100992509956457,0.5883032317552754
25966,LOF,0.32752479809672824,0.10782753924517718,0.5646476626580946
25967,LOF,0.006497974988850552,0.08309513073620554,0.9104068942749439
25968,LOF,0.04343360199291452,0.2356072056422434,0.7209591923648421
25969,LOF,0.14887022993325383,0.05879607438500993,0.7923336956817363
25970,LOF,0.07369491790491206,0.07762565670796567,0.8486794253871223
25971,LOF,0.06661065623168302,0.032056986519321276,0.9013323572489956
25972,LOF,0.08558184579421295,0.05569335674987274,0.8587247974559143
25973,LOF,0.05805293392074849,0.012331173780545504,0.9296158922987061
25974,LOF,0.048949350337813814,0.04158445573271603,0.9094661939294701
25975,LOF,0.03972668140434727,0.01761929494922709,0.9426540236464256
25976,LOF,0.08452751373908435,0.01318736882722731,0.9022851174336883
25977,LOF,0.25495947381903883,0.05522027744482957,0.6898202487361316
25978,LOF,0.16088553414886056,0.1439103590420182,0.6952041068091213
25979,LOF,0.13502390336271547,0.16379379415265943,0.7011823024846251
25980,LOF,0.20528938652371442,0.2156541714667256,0.5790564420095601
25981,LOF,0.20602643891207667,0.21805979480449084,0.5759137662834325
25982,LOF,0.346813018836825,0.12240398793673467,0.5307829932264403
25983,LOF,0.4249685775086233,0.12721766162209502,0.4478137608692817
25984,LOF,0.06554085214444842,0.08372694823178542,0.8507321996237661
25985,Neutral,0.4908748023309822,0.13557070776744884,0.37355448990156903
25986,LOF,0.01260669293723688,0.48714490248216197,0.5002484045806012
25987,LOF,0.040234983150731575,0.09284295347828904,0.8669220633709793
25988,LOF,0.06407670511215056,0.12854362251466628,0.8073796723731831
25989,LOF,0.07263608186257488,0.20270822792129864,0.7246556902161264
25990,LOF,0.05681590549594148,0.31126154309228843,0.6319225514117701
25991,LOF,0.027894617479972034,0.42087331732363936,0.5512320651963887
25992,LOF,0.01577047007639464,0.3892224621516637,0.5950070677719418
25993,LOF,0.020687246521879123,0.061905672982463515,0.9174070804956573
25994,LOF,0.0292204846399559,0.06700306507098187,0.9037764502890622
25995,LOF,0.01918255553319043,0.12090192911895062,0.8599155153478588
25996,GOF,0.34899288063973233,0.383450922774853,0.2675561965854146
25997,LOF,0.05530378404480147,0.445575165119257,0.49912105083594144
25998,LOF,0.23875082032166592,0.041649083030779785,0.7196000966475543
25999,LOF,0.04366992206618597,0.10555301614465147,0.8507770617891626
26000,LOF,0.13946472155527584,0.015739885905991746,0.8447953925387324
26001,LOF,0.21156112566954627,0.019406314895574112,0.7690325594348796
26002,LOF,0.0983836065749159,0.02610876882142206,0.875507624603662
26003,GOF,0.006327703909515613,0.6155722643261552,0.37810003176432916
26004,GOF,0.012413253193508882,0.5872557864773642,0.4003309603291269
26005,LOF,0.004641917231181899,0.48735316129999207,0.5080049214688259
26006,GOF,0.10090219064283257,0.5099445549854716,0.38915325437169573
26007,GOF,0.008393776549333968,0.5098088243201496,0.48179739913051634
26008,GOF,0.005944586612035427,0.5565065083517869,0.43754890503617755
26009,GOF,0.01050322079123449,0.6028207208054001,0.3866760584033655
26010,GOF,0.008434504786810845,0.5455778906626941,0.4459876045504949
26011,LOF,0.0041029725673964726,0.4013003949147717,0.5945966325178318
26012,GOF,0.004938752910454384,0.542870184304999,0.45219106278454657
26013,GOF,0.010444190025982117,0.5468051577334768,0.44275065224054094
26014,LOF,0.04131407028009998,0.0787795241767039,0.8799064055431962
26015,LOF,0.3629852115774699,0.026068472920177554,0.6109463155023525
26016,LOF,0.2845726579281154,0.03715089321684267,0.678276448855042
26017,LOF,0.015455784758120004,0.16733826630259002,0.81720594893929
26018,LOF,0.02832532932859784,0.07586305379142574,0.8958116168799765
26019,LOF,0.027271626622681924,0.06603285231772127,0.9066955210595968
26020,LOF,0.0072227207145247755,0.17352698053308618,0.8192502987523891
26021,LOF,0.06508147400348123,0.0775109696165376,0.8574075563799812
26022,LOF,0.0345218668013012,0.03437604289770499,0.9311020903009938
26023,LOF,0.022881002386287826,0.05008164994656459,0.9270373476671475
26024,LOF,0.03813349520910939,0.058646818978144534,0.903219685812746
26025,LOF,0.11089201496919412,0.06104259155887642,0.8280653934719294
26026,LOF,0.09758500188897415,0.044715870062396336,0.8576991280486295
26027,LOF,0.027801522346301406,0.03005687689969808,0.9421416007540007
26028,LOF,0.05988334046021214,0.18527020686379775,0.75484645267599
26029,LOF,0.026181461639832166,0.15216904679447152,0.8216494915656962
26030,LOF,0.12107255856363404,0.02150057586919306,0.8574268655671728
26031,LOF,0.01123250166982708,0.13707229908468457,0.8516951992454883
26032,LOF,0.0378248470196173,0.04102965562763501,0.9211454973527478
26033,LOF,0.0412782083009177,0.03763995858200623,0.921081833117076
26034,LOF,0.015767882385915675,0.10221438017973233,0.882017737434352
26035,LOF,0.011335639362583999,0.10048743516580456,0.8881769254716114
26036,LOF,0.010780162590588335,0.0846206436052344,0.9045991938041773
26037,LOF,0.010143559984140493,0.09093953904036788,0.8989169009754917
26038,LOF,0.031605031127778994,0.035832576669605126,0.9325623922026158
26039,LOF,0.029711545358970474,0.12032166610434994,0.8499667885366796
26040,LOF,0.08231400708192539,0.10616070547057913,0.8115252874474955
26041,LOF,0.0119883308996487,0.08963099694979695,0.8983806721505543
26042,LOF,0.011169804602051312,0.09361198253015736,0.8952182128677914
26043,LOF,0.03171749967253143,0.057189115407570955,0.9110933849198977
26044,LOF,0.006840777310889279,0.042697348306153196,0.9504618743829576
26045,LOF,0.06135992288573343,0.13184115848731318,0.8067989186269534
26046,LOF,0.02905610941248511,0.03800805778242839,0.9329358328050864
26047,LOF,0.0639998414341101,0.038345807100660066,0.8976543514652299
26048,LOF,0.08750087307493142,0.01603875051436319,0.8964603764107054
26049,Neutral,0.9437941595007467,0.00543100577667886,0.050774834722574484
26050,Neutral,0.9118728183251382,0.006031462048627024,0.08209571962623481
26051,LOF,0.026413566946478746,0.07301919306533311,0.9005672399881881
26052,LOF,0.03056867201089686,0.06039845795768604,0.9090328700314171
26053,LOF,0.020147134116058958,0.14775221813479938,0.8321006477491417
26054,LOF,0.047537778050791304,0.041849296121656346,0.9106129258275525
26055,LOF,0.06823974336784233,0.03417462979000892,0.8975856268421487
26056,LOF,0.05594356850825708,0.0471075735111282,0.8969488579806147
26057,LOF,0.06102577393870108,0.020031960960859598,0.9189422651004393
26058,LOF,0.0662060432154833,0.01623252945511496,0.9175614273294018
26059,LOF,0.21704089792435757,0.033366498900941434,0.7495926031747009
26060,LOF,0.01686016433435686,0.15872883930589654,0.8244109963597466
26061,LOF,0.010593770169116567,0.014991150045190704,0.9744150797856929
26062,LOF,0.00544178473634237,0.020401694276527778,0.9741565209871298
26063,LOF,0.04933987929268338,0.014118232740396093,0.9365418879669206
26064,LOF,0.015225602367840534,0.021045231138725293,0.9637291664934341
26065,LOF,0.06465347514030513,0.01929765437444231,0.9160488704852525
26066,LOF,0.047445867851122786,0.014048416499515966,0.9385057156493612
26067,LOF,0.05630292717570957,0.013642836891121455,0.9300542359331689
26068,LOF,0.05050071835265383,0.03887302204619242,0.9106262596011537
26069,LOF,0.22391248906421982,0.027985983460923677,0.7481015274748565
26070,LOF,0.42912854683185664,0.01964666760422277,0.5512247855639206
26071,LOF,0.05776486642362317,0.016522854873197067,0.9257122787031797
26072,LOF,0.006158797579477101,0.024176837825680215,0.9696643645948427
26073,LOF,0.04446774844470493,0.018590552773251928,0.9369416987820433
26074,Neutral,0.7822036279400602,0.013733937542059038,0.20406243451788075
26075,LOF,0.04521697841055058,0.031104087358015804,0.9236789342314337
26076,LOF,0.042836073544191756,0.014818010865202088,0.9423459155906061
26077,LOF,0.13469902135769152,0.009805410895469732,0.8554955677468388
26078,LOF,0.005976462899768742,0.022614921481882044,0.9714086156183492
26079,LOF,0.05659746680298488,0.026041141958358684,0.9173613912386566
26080,LOF,0.05589109742723688,0.026125392719961442,0.9179835098528017
26081,LOF,0.04388938703216947,0.012503583951826176,0.9436070290160045
26082,LOF,0.006134587117431803,0.018980009641001255,0.9748854032415669
26083,LOF,0.10561099564431863,0.02715917576601776,0.8672298285896636
26084,LOF,0.12249525520578905,0.02320610435357812,0.8542986404406329
26085,LOF,0.11320760998436005,0.01861218317417111,0.8681802068414689
26086,LOF,0.044659250369803,0.018138269652107943,0.937202479978089
26087,LOF,0.043280802788853885,0.015529463541705634,0.9411897336694405
26088,LOF,0.005872369337372813,0.033725401161195205,0.960402229501432
26089,LOF,0.03960671916614011,0.03950297455747337,0.9208903062763866
26090,LOF,0.039736406034992615,0.03137837139997381,0.9288852225650336
26091,LOF,0.030037278580100454,0.011512255502310867,0.9584504659175885
26092,LOF,0.050208998617282695,0.012471410346396358,0.9373195910363209
26093,LOF,0.06547853511632837,0.008886490880943156,0.9256349740027285
26094,LOF,0.03458990865478951,0.009999706149830001,0.9554103851953805
26095,LOF,0.018490022960470132,0.024944994224958224,0.9565649828145717
26096,LOF,0.22478751552365536,0.0062698008047256575,0.768942683671619
26097,LOF,0.0062061029164053455,0.05480554933954545,0.9389883477440493
26098,LOF,0.09147469450530714,0.0256531692521136,0.8828721362425793
26099,LOF,0.04791669977909215,0.028651634117117745,0.9234316661037901
26100,LOF,0.04791669977909215,0.028651634117117745,0.9234316661037901
26101,LOF,0.0502714876946357,0.041913321316135774,0.9078151909892286
26102,LOF,0.03829342852069661,0.02306034740979021,0.9386462240695131
26103,Neutral,0.8905395454159074,0.030768026305136056,0.07869242827895655
26104,LOF,0.054837103511539594,0.045148922221159044,0.9000139742673012
26105,LOF,0.24232250636500155,0.11643520746730064,0.6412422861676977
26106,LOF,0.35822655913479545,0.04966446292179911,0.5921089779434054
26107,LOF,0.02103244539148123,0.07362590788909434,0.9053416467194244
26108,LOF,0.23970679631055147,0.04568557163479691,0.7146076320546516
26109,LOF,0.060246447002237635,0.036842467433202276,0.9029110855645601
26110,LOF,0.38056941673987205,0.015063841603915473,0.6043667416562124
26111,LOF,0.07020947938105392,0.14618331671017692,0.783607203908769
26112,LOF,0.056239234232265053,0.014339068659673422,0.9294216971080616
26113,LOF,0.12801823544661306,0.03965025914431464,0.8323315054090723
26114,LOF,0.09438243221949129,0.006571755832833779,0.899045811947675
26115,LOF,0.020250435839896355,0.04411534530102191,0.9356342188590817
26116,LOF,0.0897206316689308,0.019063450214520383,0.8912159181165489
26117,LOF,0.34589794175538335,0.05445721348537614,0.5996448447592406
26118,LOF,0.035328602662430424,0.025595846308490846,0.9390755510290787
26119,LOF,0.005023023425761134,0.11160975063017496,0.883367225944064
26120,LOF,0.02855172561490222,0.023888116984618537,0.9475601574004792
26121,LOF,0.003696059978333551,0.1728630493875991,0.8234408906340673
