feature0,prediction,LoGoFunc_Neutral,LoGoFunc_GOF,LoGoFunc_LOF
25546,Neutral,0.7533013695934949,0.03696064642047565,0.20973798398602958
25547,Neutral,0.6146079640013297,0.07971802027185265,0.3056740157268176
25548,Neutral,0.6212361644047967,0.05275255498435886,0.3260112806108444
25549,Neutral,0.5470732814649522,0.052391286996476445,0.40053543153857146
25550,LOF,0.37127864715697195,0.09617518019934244,0.5325461726436856
25551,LOF,0.30378873306823667,0.10817938223537105,0.5880318846963922
25552,LOF,0.22774796490888455,0.10005857744551742,0.6721934576455979
25553,Neutral,0.8459536528875929,0.026554940621847493,0.12749140649055957
25554,LOF,0.2594852319579623,0.09664693975983797,0.6438678282821997
25555,LOF,0.21720488319074874,0.08583653913532817,0.6969585776739231
25556,LOF,0.44210033099814394,0.09240657179146324,0.46549309721039284
25557,LOF,0.20891010410413066,0.08862852011753727,0.702461375778332
25558,LOF,0.24623400009027996,0.09677842207923103,0.6569875778304889
25559,LOF,0.3709546274326926,0.12905756658556897,0.49998780598173853
25560,LOF,0.04794448561028055,0.1194043443085164,0.832651170081203
25561,LOF,0.11870081716194503,0.1104248288469401,0.7708743539911149
25562,LOF,0.10307282404362889,0.05371722786112062,0.8432099480952505
25563,LOF,0.11171432361432655,0.05962537289197485,0.8286603034936986
25564,LOF,0.2264220328424492,0.10288647861368438,0.6706914885438664
25565,LOF,0.146509540539067,0.12251738622037962,0.7309730732405534
25566,GOF,0.01333756116235013,0.7929346389189238,0.19372779991872618
25567,LOF,0.014012837808277397,0.1780350163642471,0.8079521458274754
25568,LOF,0.04678205903172921,0.06637755170181955,0.8868403892664511
25569,LOF,0.05894045663235978,0.06621291092878,0.8748466324388603
25570,LOF,0.05786209260035003,0.09751911002279076,0.8446187973768592
25571,LOF,0.05245626284606877,0.0929011095336896,0.8546426276202417
25572,LOF,0.05907940856432861,0.11596700420502595,0.8249535872306455
25573,LOF,0.03343300903096731,0.0977500873547017,0.868816903614331
25574,LOF,0.022121797291387787,0.14146764099146472,0.8364105617171474
25575,LOF,0.04415392702515158,0.11266781794215232,0.8431782550326961
25576,LOF,0.016669536137776133,0.13055981406693576,0.852770649795288
25577,LOF,0.015504851051360754,0.11944901111082958,0.8650461378378097
25578,LOF,0.29255293928740467,0.08436213611812363,0.6230849245944717
25579,LOF,0.15633537926095367,0.09831552801958929,0.745349092719457
25580,LOF,0.0297238032735268,0.08086276357322861,0.8894134331532446
25581,LOF,0.05118818713177701,0.0676638167942294,0.8811479960739936
25582,LOF,0.050780128978063964,0.06619809229015583,0.8830217787317801
25583,LOF,0.035417436226913165,0.09486814153994658,0.8697144222331403
25584,Neutral,0.48881094031799693,0.10626957154701931,0.4049194881349839
25585,LOF,0.024235618713148686,0.12241527641250556,0.8533491048743458
25586,LOF,0.02798736202023037,0.07373740336503783,0.8982752346147319
25587,LOF,0.02829115483231507,0.06891081293496744,0.9027980322327175
25588,LOF,0.028730536738956893,0.08343722464477657,0.8878322386162666
25589,Neutral,0.6112798035037706,0.12516824921096414,0.26355194728526526
25590,LOF,0.029987764281986934,0.13408889557772016,0.8359233401402929
25591,LOF,0.09332034365313174,0.05862667400136852,0.8480529823454996
25592,LOF,0.08954450909228875,0.12896330430359798,0.7814921866041132
25593,LOF,0.034272712105024,0.2563388317192186,0.7093884561757574
25594,LOF,0.04572322314394403,0.16586355361198218,0.7884132232440738
25595,LOF,0.05164394359921435,0.11958433485270446,0.8287717215480812
25596,LOF,0.04999995827176819,0.08698134302676429,0.8630186987014675
25597,LOF,0.03979362359411217,0.09750304818873383,0.862703328217154
25598,LOF,0.05084480176791207,0.11533124044488698,0.833823957787201
25599,GOF,0.008078323270389102,0.6417282305074565,0.3501934462221544
25600,GOF,0.01615659628951476,0.58863156685172,0.3952118368587652
25601,LOF,0.010235958430374203,0.4523152663887905,0.5374487751808353
25602,LOF,0.023141233371504238,0.04178261826739835,0.9350761483610974
25603,LOF,0.05731970580521336,0.023516099378221342,0.9191641948165653
25604,LOF,0.037862194407517515,0.034962787556507786,0.9271750180359747
25605,LOF,0.01029391941484277,0.20082574191827254,0.7888803386668847
25606,LOF,0.06597533558836398,0.36587018519218395,0.5681544792194521
25607,LOF,0.006074844679269869,0.19152849032178898,0.8023966649989411
25608,LOF,0.05060996536196558,0.06267018780649766,0.8867198468315368
25609,LOF,0.04304914176419285,0.45007591010941084,0.5068749481263963
25610,LOF,0.030484753052459138,0.0261343786865216,0.9433808682610193
25611,LOF,0.03699919907674935,0.024309994511796638,0.9386908064114541
25612,LOF,0.09152572694926094,0.038785277615369707,0.8696889954353693
25613,LOF,0.07483167385975145,0.0396220420494652,0.8855462840907833
25614,LOF,0.02527590431893598,0.03499539289128001,0.939728702789784
25615,LOF,0.04591249903924921,0.04596105212603526,0.9081264488347155
25616,LOF,0.024162369325107673,0.031020008062555237,0.9448176226123371
25617,LOF,0.024875442320659177,0.036272828667681584,0.9388517290116593
25618,LOF,0.12578544856527984,0.02941432839623229,0.8448002230384879
25619,LOF,0.02761576580827919,0.03152039984126062,0.9408638343504603
25620,LOF,0.03185721746202749,0.039315017717200675,0.9288277648207719
25621,LOF,0.025166157278088706,0.03233624378091618,0.9424975989409952
25622,LOF,0.027880486222461667,0.03876153145580226,0.9333579823217362
25623,LOF,0.052484347709980006,0.03631056376306854,0.9112050885269515
25624,LOF,0.02301442841330181,0.041706365680026676,0.9352792059066715
25625,LOF,0.029236461993795003,0.046614937712655694,0.9241486002935494
25626,LOF,0.07844903852179323,0.03397155599374114,0.8875794054844657
25627,Neutral,0.543193639377378,0.12287021058603217,0.33393615003658994
25628,LOF,0.21611741097706336,0.05118672020656588,0.7326958688163707
25629,LOF,0.06671602210951068,0.06620031445743124,0.8670836634330581
25630,LOF,0.17087954741890282,0.08567536403591867,0.7434450885451784
25631,Neutral,0.6254620526361955,0.05590489728043467,0.31863305008336973
25632,LOF,0.014724225324700949,0.11140228452702025,0.8738734901482789
25633,LOF,0.10639061391213449,0.09475197810778285,0.7988574079800826
25634,LOF,0.034316267559376126,0.11277725928613619,0.8529064731544878
25635,LOF,0.03403717838977003,0.0946636107126808,0.8712992108975491
25636,GOF,0.0037615117652803885,0.6463626235031606,0.3498758647315589
25637,GOF,0.0033682784014647995,0.6709957379285613,0.325635983669974
25638,LOF,0.007219082971794488,0.4240315344018169,0.5687493826263886
25639,GOF,0.0036405082682297338,0.5353850817740426,0.46097440995772754
25640,GOF,0.4649836260931382,0.470915447583216,0.06410092632364588
25641,LOF,0.0070503404027486795,0.3788830366660702,0.6140666229311811
25642,LOF,0.2643904086043851,0.07979818822331908,0.6558114031722959
25643,LOF,0.27437231427059416,0.18949466442418442,0.5361330213052214
25644,GOF,0.013812270520381793,0.551929589984406,0.4342581394952122
25645,LOF,0.010599178128738215,0.4833599304054992,0.5060408914657627
25646,LOF,0.01730620986840539,0.3508284034164611,0.6318653867151336
25647,LOF,0.01463650775404276,0.30158005443863684,0.6837834378073204
25648,LOF,0.01250561174708857,0.3168268999247309,0.6706674883281806
25649,LOF,0.010394265423261924,0.23665355038759264,0.7529521841891453
25650,LOF,0.02611610054252748,0.48235818949016396,0.49152570996730854
25651,LOF,0.007851030938695222,0.293710067962376,0.6984389010989288
25652,LOF,0.012727746909552513,0.2780780799159618,0.7091941731744856
25653,LOF,0.049082443702643995,0.37689008701464183,0.5740274692827141
25654,LOF,0.014162569924265308,0.16093485508692798,0.8249025749888067
25655,LOF,0.06203571120952024,0.4296622145879983,0.5083020742024815
25656,LOF,0.09081552434524948,0.07634422498927686,0.8328402506654737
25657,LOF,0.30391321556345796,0.03713778332384609,0.6589490011126959
25658,LOF,0.041383066440006444,0.10669310220618997,0.8519238313538036
25659,LOF,0.321700149176563,0.08108945246187148,0.5972103983615655
25660,LOF,0.06634924902447102,0.0945453244374254,0.8391054265381036
25661,LOF,0.04352230069049598,0.07258003565090174,0.8838976636586022
25662,LOF,0.027794030668439728,0.04730406000659689,0.9249019093249634
25663,LOF,0.0378787945278858,0.06597155673422789,0.8961496487378863
25664,LOF,0.0356155500826556,0.09035175683749215,0.8740326930798522
25665,LOF,0.06008165976391864,0.0511319444560934,0.888786395779988
25666,LOF,0.03140284546955381,0.14607442972350443,0.8225227248069418
25667,LOF,0.030128986199929132,0.05234335987404674,0.9175276539260241
25668,LOF,0.03129009176921659,0.056795924140112176,0.9119139840906713
25669,LOF,0.03847389145092171,0.08492914659639185,0.8765969619526863
25670,LOF,0.07670935872885266,0.09546282896415846,0.8278278123069889
25671,LOF,0.04095435750545973,0.046962245020845464,0.9120833974736949
25672,LOF,0.06014029229481638,0.06934621754431981,0.8705134901608638
25673,LOF,0.038210221916287514,0.07929147276146717,0.8824983053222454
25674,LOF,0.03356356705077393,0.08010139906576956,0.8863350338834566
25675,LOF,0.044461458608963576,0.06914982013176774,0.8863887212592687
25676,LOF,0.033597203660723156,0.059167036290294225,0.9072357600489827
25677,LOF,0.05932937245628696,0.06599991909724985,0.8746707084464631
25678,LOF,0.2928585545167318,0.03849233331018769,0.6686491121730804
25679,LOF,0.19118619915753127,0.07265816302380661,0.7361556378186622
25680,LOF,0.058993077419388466,0.09607205362319338,0.8449348689574181
25681,LOF,0.1081222831964808,0.09211033275526102,0.7997673840482583
25682,LOF,0.04650396391983434,0.07620032367929008,0.8772957124008756
25683,LOF,0.08578152998239004,0.10744982015271128,0.8067686498648987
25684,LOF,0.06205049331073873,0.07903271497486164,0.8589167917143996
25685,LOF,0.09597201338740745,0.05518856992586335,0.8488394166867292
25686,LOF,0.031048006576125567,0.09856298005540876,0.8703890133684656
25687,LOF,0.04832624036730019,0.07792382610823416,0.8737499335244656
25688,LOF,0.025432834430036452,0.09097231793473846,0.8835948476352251
25689,LOF,0.018462382532627185,0.08353099378252701,0.8980066236848459
25690,LOF,0.022477247623291553,0.09647006749793742,0.881052684878771
25691,LOF,0.20682885716876298,0.13118139637082804,0.661989746460409
25692,LOF,0.29626372321421224,0.012421372870596005,0.6913149039151917
25693,LOF,0.07596766662265868,0.15674619779790516,0.7672861355794363
25694,LOF,0.23809785865896885,0.012835559067101257,0.74906658227393
25695,LOF,0.15818252422328632,0.016694044677569898,0.8251234310991439
25696,LOF,0.18378083983055254,0.0097506082701737,0.8064685518992738
25697,LOF,0.13622285663779515,0.02464221862627333,0.8391349247359314
25698,LOF,0.03986637675922106,0.39450220397162306,0.5656314192691559
25699,LOF,0.06398393399647018,0.07143128276490636,0.8645847832386235
25700,LOF,0.02993423431133789,0.011769102611069818,0.9582966630775922
25701,LOF,0.014937325009585403,0.07065742641286815,0.9144052485775463
25702,GOF,0.03789551639645926,0.7532756863932744,0.2088287972102666
25703,LOF,0.02112176009608749,0.20623727917188472,0.7726409607320277
25704,LOF,0.0924449424253764,0.15833518300954902,0.7492198745650746
25705,LOF,0.059715616397321564,0.24079864565729742,0.6994857379453809
25706,GOF,0.059283539778019916,0.6033043722536028,0.33741208796837724
25707,GOF,0.03198146911811424,0.5380901653762983,0.42992836550558766
25708,LOF,0.00849502587638528,0.4635571621672493,0.5279478119563654
25709,LOF,0.018465735075491825,0.06224507748168743,0.9192891874428207
25710,LOF,0.00845535628302276,0.17227926550120873,0.8192653782157685
25711,LOF,0.019532365128440973,0.11673855793504437,0.8637290769365147
25712,LOF,0.009196576622693466,0.23091224618995476,0.7598911771873517
25713,LOF,0.0181091786074127,0.10020452241892147,0.8816862989736658
25714,LOF,0.019107828244017078,0.14293751846508226,0.8379546532909008
25715,LOF,0.017970062635655027,0.12232306416826746,0.8597068731960775
25716,LOF,0.011663894873027826,0.1427415463824253,0.8455945587445468
25717,LOF,0.005547127000211848,0.13564762446430606,0.8588052485354821
25718,LOF,0.017139466610356206,0.07334888755060086,0.9095116458390429
25719,LOF,0.03176231068877237,0.07864110598424887,0.8895965833269788
25720,LOF,0.021637375750212323,0.08702359877724565,0.8913390254725421
25721,LOF,0.022833150320778775,0.0910964878626134,0.8860703618166078
25722,LOF,0.017204869630923273,0.12142055358685162,0.8613745767822251
25723,LOF,0.02026206044659426,0.06841988214597716,0.9113180574074286
25724,LOF,0.02836945027834103,0.10657165134704537,0.8650588983746136
25725,LOF,0.020914201706822608,0.0640724797777349,0.9150133185154424
25726,LOF,0.015306397968275586,0.09914885904772408,0.8855447429840003
25727,LOF,0.019573982038084498,0.08115813218486277,0.8992678857770527
25728,LOF,0.017053549421707448,0.10032194487442453,0.882624505703868
25729,LOF,0.017861460624109784,0.09950554168724711,0.8826329976886431
25730,LOF,0.01922076791546501,0.0823916165479432,0.8983876155365917
25731,LOF,0.010183274948806418,0.1849046714198702,0.8049120536313235
25732,LOF,0.018494450043092633,0.0855629634152729,0.8959425865416345
25733,LOF,0.02733253483390292,0.0818133630628604,0.8908541021032368
25734,LOF,0.006503998692055936,0.23121540323850298,0.762280598069441
25735,LOF,0.023004142457083085,0.0712676031046788,0.9057282544382382
25736,LOF,0.021782466077186667,0.1119155947952254,0.866301939127588
25737,LOF,0.03945286085196369,0.09435074645470592,0.8661963926933304
25738,LOF,0.01931998612260124,0.1565185980035144,0.8241614158738845
25739,LOF,0.020674335627759326,0.13870156243003837,0.8406241019422023
25740,LOF,0.05121364630171354,0.1351748524302778,0.8136115012680087
25741,LOF,0.02544504226725204,0.11517709424373891,0.8593778634890091
25742,LOF,0.03403277268427623,0.13589936595156404,0.8300678613641597
25743,LOF,0.012348004936080502,0.042245591959936754,0.9454064031039828
25744,GOF,0.1673726231975776,0.41930820833292226,0.4133191684695002
25745,LOF,0.02331078432145173,0.07515282597004391,0.9015363897085044
25746,LOF,0.012803684864488348,0.09001333245119486,0.8971829826843168
25747,LOF,0.032898840517823665,0.03452108782852416,0.9325800716536522
25748,LOF,0.20246409481603989,0.05845356359190529,0.7390823415920548
25749,LOF,0.014157290159714788,0.05533081853706917,0.930511891303216
25750,LOF,0.0159697466605372,0.08614239003293099,0.8978878633065318
25751,LOF,0.03635742408779812,0.07095039513504685,0.892692180777155
25752,GOF,0.09254447766149528,0.6901338069659254,0.2173217153725795
25753,LOF,0.0068947898210891265,0.385682608063524,0.6074226021153869
25754,GOF,0.005244498917856464,0.8627789036738812,0.13197659740826234
25755,LOF,0.009124320945497689,0.44062157643950445,0.5502541026149977
25756,LOF,0.04775242385382916,0.45377221368293874,0.49847536246323215
25757,GOF,0.006502465055210941,0.8764359302497866,0.11706160469500246
25758,GOF,0.009221598333261484,0.8833186567783184,0.1074597448884201
25759,GOF,0.004757403184831194,0.5996548375977638,0.3955877592174049
25760,LOF,0.006919620641874365,0.3167925845387398,0.6762877948193858
25761,GOF,0.047320098456003816,0.8528635952684211,0.09981630627557514
25762,LOF,0.028732591633482824,0.3915460501447964,0.5797213582217209
25763,LOF,0.008288895525657402,0.2649517938983945,0.7267593105759481
25764,GOF,0.07530016066410758,0.6421992223998991,0.2825006169359933
25765,GOF,0.008673299685424856,0.8435996523194319,0.14772704799514322
25766,GOF,0.04685185206431396,0.8251207021656575,0.12802744577002864
25767,GOF,0.014291375426913914,0.5528243178854094,0.43288430668767663
25768,LOF,0.03583606358085475,0.08472889628315725,0.879435040135988
25769,LOF,0.0207118302670721,0.08542415364960554,0.8938640160833224
25770,LOF,0.149562859915045,0.07283614574746962,0.7776009943374854
25771,LOF,0.010700576794964367,0.08332415857726516,0.9059752646277703
25772,LOF,0.022109757568996802,0.03181098813307361,0.9460792542979296
25773,LOF,0.01267508409403261,0.0866381246195398,0.9006867912864275
25774,LOF,0.02838255588301191,0.09429366529623748,0.8773237788207505
25775,LOF,0.01612232448542938,0.04597909110076629,0.9378985844138044
25776,LOF,0.024624655775728026,0.02978832093531216,0.9455870232889598
25777,LOF,0.1985221448993761,0.07717207798341236,0.7243057771172114
25778,LOF,0.019545428952093935,0.06013425134781772,0.9203203197000884
25779,GOF,0.03418573615664521,0.9021078732095521,0.06370639063380276
25780,GOF,0.06841676769609963,0.8885054152265492,0.04307781707735109
25781,GOF,0.024243296777267498,0.89179108633588,0.0839656168868526
25782,GOF,0.028242567181864395,0.9118418414913948,0.05991559132674079
25783,GOF,0.016955603034828907,0.800819079817957,0.18222531714721413
25784,GOF,0.10157720759757993,0.8670707788225203,0.03135201357989974
25785,GOF,0.060656387545323015,0.8972208666170531,0.0421227458376238
25786,GOF,0.005297680003833782,0.8401927810131365,0.1545095389830295
25787,GOF,0.1633751977531792,0.8031486052384892,0.03347619700833168
25788,LOF,0.014293811362962249,0.2073950304652136,0.7783111581718242
25789,GOF,0.018987442200576153,0.8757288192610825,0.10528373853834144
25790,GOF,0.02040497059991134,0.880985384982291,0.09860964441779768
25791,GOF,0.014640454064335184,0.8458074679328701,0.13955207800279487
25792,GOF,0.022552139230568032,0.8541371476351454,0.12331071313428668
25793,GOF,0.07248867394532026,0.839544341732518,0.08796698432216175
25794,GOF,0.05593592230772966,0.7888873061125152,0.15517677157975504
25795,GOF,0.07053488983367122,0.7768911841428351,0.15257392602349373
25796,GOF,0.07621324622462658,0.8401833155783586,0.08360343819701488
25797,GOF,0.04071563990008625,0.7279599790578791,0.2313243810420347
25798,GOF,0.002939089610298389,0.6550812199423441,0.3419796904473575
25799,GOF,0.003008626316790438,0.5533578123859793,0.44363356129723025
25800,GOF,0.01525914062186754,0.755784115627246,0.2289567437508864
25801,GOF,0.0175399859141847,0.8889863520919531,0.0934736619938622
25802,GOF,0.020797698641312767,0.8379750520832844,0.1412272492754028
25803,GOF,0.011099942145284463,0.7340836657283647,0.25481639212635093
25804,GOF,0.013594416145242101,0.6580122880971707,0.3283932957575871
25805,GOF,0.024038540068241587,0.744465893799091,0.23149556613266742
25806,GOF,0.019459425394677227,0.7987046012945902,0.18183597331073248
25807,GOF,0.005197919639717405,0.7691333185112612,0.22566876184902143
25808,GOF,0.014427972361505656,0.7808394583772134,0.20473256926128103
25809,GOF,0.0066023428343511496,0.7569153732495115,0.2364822839161374
25810,GOF,0.005529206163713864,0.7499159315195209,0.24455486231676532
25811,GOF,0.05614366738073444,0.8832070325057327,0.060649300113532666
25812,GOF,0.01633159828570357,0.767023213357176,0.2166451883571204
25813,GOF,0.08362342162184917,0.8226605533823999,0.09371602499575098
25814,GOF,0.023406039603308164,0.8039520781872165,0.1726418822094753
25815,GOF,0.0546060931244008,0.8457536700188987,0.09964023685670044
25816,GOF,0.006819295308295112,0.8680842771319934,0.1250964275597115
25817,GOF,0.10587885725853757,0.8019130106567388,0.09220813208472367
25818,GOF,0.026146869948445926,0.8392464728038875,0.13460665724766638
25819,GOF,0.06205464796109941,0.7880309950115981,0.14991435702730255
25820,GOF,0.03233317472708515,0.7911691691344597,0.17649765613845506
25821,GOF,0.019918237005584788,0.7780214273707414,0.20206033562367381
25822,GOF,0.03890874956531664,0.8025361977133466,0.15855505272133677
25823,GOF,0.014830992739909194,0.6746399357671277,0.3105290714929631
25824,GOF,0.025725760738670864,0.7959178345060959,0.17835640475523326
25825,GOF,0.01577696450793389,0.7778383937133829,0.2063846417786832
25826,GOF,0.005466743022952473,0.7496396375561898,0.2448936194208578
25827,GOF,0.008089616091280146,0.725865062751523,0.2660453211571968
25828,GOF,0.006578418526910314,0.6897665841473638,0.3036549973257258
25829,GOF,0.0029212325419869377,0.7393985674129759,0.25768020004503717
25830,GOF,0.034446209350701196,0.5146572364802667,0.45089655416903207
25831,GOF,0.07836309610624605,0.813776408797443,0.10786049509631092
25832,GOF,0.009935136821260265,0.8197519776829323,0.17031288549580761
25833,GOF,0.03942084012291162,0.860486583453123,0.10009257642396527
25834,GOF,0.010237253910325992,0.8348958907067989,0.15486685538287495
25835,GOF,0.022705415971414396,0.8781735678574851,0.09912101617110038
25836,GOF,0.007166735552595369,0.836626767072322,0.1562064973750826
25837,GOF,0.007807932091533569,0.7383565758303324,0.25383549207813416
25838,GOF,0.023312419774472674,0.8764705473782178,0.10021703284730926
25839,GOF,0.044078283865052734,0.8692517550096956,0.08666996112525148
25840,GOF,0.07706125991091732,0.8465274462873521,0.07641129380173044
25841,GOF,0.07110490250227576,0.8554424038392057,0.07345269365851859
25842,GOF,0.026035144771068993,0.902340509044493,0.07162434618443805
25843,GOF,0.02487910106038568,0.9078989399347631,0.06722195900485116
25844,GOF,0.015553904041645394,0.8614183927700206,0.12302770318833398
25845,GOF,0.0060554285635377085,0.662771388567664,0.3311731828687983
25846,GOF,0.07389375716868812,0.8555022860875585,0.07060395674375325
25847,GOF,0.017847192396029284,0.9156901214840591,0.06646268611991162
25848,GOF,0.01608873878636357,0.8778663228100166,0.10604493840361973
25849,GOF,0.005040218981085331,0.7688768257728549,0.22608295524605973
25850,GOF,0.006978148412240784,0.7999668031789496,0.1930550484088097
25851,GOF,0.006035692736883202,0.6733429842484356,0.32062132301468116
25852,GOF,0.14560472789791834,0.6151021141582268,0.23929315794385486
25853,GOF,0.07365316296456566,0.847890942390933,0.0784558946445014
25854,GOF,0.005682707653121267,0.718499079846367,0.2758182125005118
25855,GOF,0.01455043974365288,0.6747546945908404,0.31069486566550675
25856,GOF,0.03656307607898969,0.8095897389424715,0.1538471849785387
25857,GOF,0.017476749752403285,0.6564400908161868,0.32608315943140986
25858,GOF,0.008451180655704039,0.6716497016106174,0.3198991177336786
25859,GOF,0.0055742170870997695,0.6341933884011828,0.3602323945117174
25860,GOF,0.09578680966115537,0.8273431262798053,0.07687006405903922
25861,GOF,0.08143808574403431,0.840096096611862,0.07846581764410372
25862,GOF,0.01978318207992832,0.8861778983576358,0.09403891956243582
25863,GOF,0.020464179417229507,0.8885609299345498,0.09097489064822076
25864,GOF,0.05332857598540954,0.8872904418026546,0.059380982211935975
25865,GOF,0.035547193057473114,0.8700221007076454,0.09443070623488163
25866,GOF,0.02290925422287528,0.8872032642717081,0.08988748150541655
25867,GOF,0.03265772012829481,0.894330243564195,0.07301203630751023
25868,GOF,0.04727067211316059,0.8612538458183183,0.09147548206852121
25869,GOF,0.3532565322084744,0.5875140425158889,0.059229425275636745
25870,GOF,0.06105871616215842,0.7042435750058725,0.23469770883196905
25871,GOF,0.009114728386516044,0.895722183700086,0.09516308791339792
25872,GOF,0.020840248947433315,0.8842473142890765,0.09491243676349018
25873,GOF,0.019376032314693595,0.907725654686252,0.07289831299905444
25874,LOF,0.016537219272745367,0.22748658936544505,0.7559761913618096
25875,LOF,0.0604237043123011,0.04398743447907172,0.8955888612086271
25876,LOF,0.01665747845167264,0.04067186893097324,0.942670652617354
25877,LOF,0.11702994161060505,0.08662450996319351,0.7963455484262013
25878,LOF,0.06653703670582828,0.1183452542042518,0.81511770908992
25879,LOF,0.032356224084615345,0.08789338128803337,0.8797503946273513
25880,LOF,0.05632001708794255,0.014230455386610249,0.9294495275254472
25881,Neutral,0.511084681761097,0.067536958402636,0.42137835983626704
25882,LOF,0.08366884842726459,0.02525904841035507,0.8910721031623804
25883,LOF,0.02735732741344637,0.023671387521398184,0.9489712850651555
25884,LOF,0.021401612998809622,0.0488718472392396,0.9297265397619507
25885,LOF,0.21774332400546204,0.011391800423911256,0.7708648755706267
25886,LOF,0.16948224128764403,0.053355820902654956,0.7771619378097011
25887,LOF,0.19129510095501545,0.061059356339006596,0.747645542705978
25888,LOF,0.012332880357089964,0.14192532487728066,0.8457417947656294
25889,LOF,0.02572037117059418,0.032704650053380184,0.9415749787760257
25890,LOF,0.14317091659604467,0.10731270697350263,0.7495163764304527
25891,LOF,0.09727090407200056,0.02796850085722418,0.8747605950707752
25892,LOF,0.0076182132123029135,0.03061178233432676,0.9617700044533705
25893,LOF,0.3696219044447101,0.007576305733675612,0.6228017898216143
25894,LOF,0.4217010871831788,0.004512251091914698,0.5737866617249064
25895,LOF,0.3252013644965264,0.0109187396518066,0.6638798958516668
25896,LOF,0.0648883815305233,0.016408955770153704,0.9187026626993229
25897,LOF,0.18578091299860863,0.007960990133871484,0.8062580968675199
25898,LOF,0.18645473561725368,0.024811141495915148,0.7887341228868313
25899,LOF,0.38122792519030335,0.01703204343808504,0.6017400313716115
25900,LOF,0.4372881937373901,0.007366582796858871,0.555345223465751
25901,LOF,0.0632295451824376,0.007610803205021705,0.9291596516125407
25902,LOF,0.18708546515550378,0.008095227398239828,0.8048193074462563
25903,LOF,0.40917658776664584,0.02167236767868883,0.5691510445546653
25904,Neutral,0.5009242048714609,0.022410614748369535,0.4766651803801696
25905,LOF,0.004698006796014066,0.452785130942458,0.5425168622615278
25906,LOF,0.00872959540063733,0.11227968864452524,0.8789907159548375
25907,LOF,0.0045271572868699735,0.3395899652886877,0.6558828774244424
25908,LOF,0.004784188397423271,0.250645679063541,0.7445701325390357
25909,LOF,0.02481581023945659,0.15435890864863674,0.8208252811119067
25910,LOF,0.011236871814810204,0.1311764461747688,0.857586682010421
25911,LOF,0.3205881795933228,0.04105652836845322,0.6383552920382239
25912,LOF,0.07994466429890267,0.043635210981594154,0.8764201247195033
25913,LOF,0.03980814786070973,0.06388501582531372,0.8963068363139765
25914,LOF,0.038670389254983444,0.04312878466795123,0.9182008260770654
25915,LOF,0.19155059597716073,0.1992115983057021,0.6092378057171371
25916,LOF,0.037970624639755216,0.13051624077162388,0.8315131345886208
25917,LOF,0.0694277102095373,0.03907640647777695,0.8914958833126858
25918,LOF,0.04088715204840673,0.027481398329958093,0.9316314496216351
25919,LOF,0.03649191682522697,0.026798955995543598,0.9367091271792294
25920,LOF,0.26101632308572575,0.22508392244863865,0.5138997544656356
25921,LOF,0.01497334465754989,0.03462005745720188,0.9504065978852482
25922,LOF,0.017760386772995015,0.029194394076333046,0.953045219150672
25923,LOF,0.470714007043204,0.02764640241672059,0.5016395905400755
25924,LOF,0.02175892120805379,0.04992068984771094,0.9283203889442352
25925,LOF,0.08440294984805351,0.040752963112543575,0.8748440870394029
25926,LOF,0.06678636030435094,0.03732185509219242,0.8958917846034565
25927,LOF,0.028401689096223266,0.06365553025680053,0.9079427806469762
25928,LOF,0.009735707694722989,0.0535860189823671,0.93667827332291
25929,Neutral,0.5563195454018459,0.026574311359578513,0.41710614323857553
25930,LOF,0.08110671162328884,0.02687693466400421,0.8920163537127069
25931,LOF,0.012926290869820984,0.035600871485059894,0.9514728376451191
25932,LOF,0.0676411642302061,0.026200418953335074,0.9061584168164589
25933,LOF,0.06406000712692128,0.01738933855607471,0.918550654317004
25934,LOF,0.058306807855199747,0.01633339656417288,0.9253597955806273
25935,LOF,0.0756915332567888,0.048316577109899346,0.8759918896333119
25936,LOF,0.09976322297615196,0.01847221249353809,0.8817645645303098
25937,LOF,0.019162254396035878,0.03435021981926896,0.9464875257846951
25938,LOF,0.07202481332337224,0.04251937985278807,0.8854558068238397
25939,LOF,0.0459861363906576,0.022198975802582475,0.9318148878067599
25940,LOF,0.008760132338500088,0.37240124423953125,0.6188386234219686
25941,Neutral,0.4940296526141827,0.045522497983487724,0.4604478494023297
25942,LOF,0.008967823899181802,0.048194124855629066,0.9428380512451892
25943,LOF,0.03590460630954531,0.18403174107796924,0.7800636526124853
25944,LOF,0.05804517916317025,0.08704744580186322,0.8549073750349664
25945,LOF,0.11967563543907149,0.022203743269108175,0.8581206212918204
25946,LOF,0.06981555738580562,0.0425183271234072,0.8876661154907872
25947,Neutral,0.45450722586713443,0.11752178427121668,0.42797098986164894
25948,LOF,0.41558040224772036,0.015334999658802763,0.5690845980934769
25949,LOF,0.1438372915788052,0.06668899885315581,0.789473709568039
25950,GOF,0.06074839666359839,0.5974999827838616,0.34175162055253994
25951,LOF,0.01230219049023241,0.44505542877109894,0.5426423807386686
25952,LOF,0.29948830133608006,0.3198020310439221,0.38070966761999786
25953,LOF,0.006959539697582043,0.19943658660607408,0.7936038736963438
25954,GOF,0.08281340841695958,0.504775295703068,0.4124112958799724
25955,LOF,0.005619693041004912,0.19574567295685058,0.7986346340021444
25956,LOF,0.02119460432098089,0.24842941810070573,0.7303759775783133
25957,LOF,0.18871112874212737,0.030798205463103127,0.7804906657947694
25958,LOF,0.03263693185091789,0.044240092109521144,0.9231229760395611
25959,GOF,0.013961146753002335,0.6845739629008821,0.30146489034611545
25960,LOF,0.00598246562712471,0.06460599887230103,0.9294115355005743
25961,LOF,0.030414891444713286,0.03781710468857399,0.9317680038667128
25962,LOF,0.04128505457903612,0.06992212323401611,0.8887928221869477
25963,LOF,0.0053025830192391194,0.19314647343429592,0.801550943546465
25964,LOF,0.027350000944679015,0.11966648755555155,0.8529835114997695
25965,LOF,0.2539039226007124,0.1159644360476718,0.6301316413516157
25966,Neutral,0.4682359228160723,0.14167413983292407,0.39008993735100356
25967,LOF,0.008331119675381037,0.08845473175098059,0.9032141485736384
25968,LOF,0.04168827667944117,0.26480077661107443,0.6935109467094843
25969,LOF,0.16650786462326309,0.053445122163844984,0.7800470132128919
25970,LOF,0.029549785340812762,0.08649037592336654,0.8839598387358206
25971,LOF,0.08631659373666623,0.030469198212455223,0.8832142080508786
25972,LOF,0.06622294318105218,0.05247716528208296,0.8812998915368648
25973,LOF,0.06640116427958073,0.008935955956111337,0.9246628797643079
25974,LOF,0.049829448718918964,0.039435256616192224,0.9107352946648889
25975,LOF,0.046177997355002644,0.01674277571689913,0.9370792269280983
25976,LOF,0.09773553666330792,0.010134359769974849,0.8921301035667173
25977,LOF,0.21291253571618354,0.07078840621357081,0.7162990580702457
25978,LOF,0.18990323291876807,0.11931307008775342,0.6907836969934784
25979,LOF,0.15429792489321065,0.13016438516998366,0.7155376899368057
25980,LOF,0.2622111845998293,0.1793797971153306,0.5584090182848401
25981,LOF,0.26439107080340457,0.18173325247179448,0.553875676724801
25982,Neutral,0.48657518479970263,0.08758198720208053,0.4258428279982169
25983,Neutral,0.4921161565459992,0.10619464953914602,0.4016891939148548
25984,LOF,0.042366721494827855,0.0937369454839393,0.8638963330212328
25985,LOF,0.41433141381874755,0.13447059862800767,0.4511979875532447
25986,LOF,0.01444927504481575,0.39131351424969146,0.5942372107054927
25987,LOF,0.04986930617488398,0.10164677247809928,0.8484839213470168
25988,LOF,0.039099785530735356,0.15758606407282902,0.8033141503964356
25989,LOF,0.03776310827878748,0.18863463755720772,0.7736022541640047
25990,LOF,0.041560228839936174,0.2925194508884776,0.6659203202715862
25991,LOF,0.02708287571221471,0.4251673451926321,0.5477497790951532
25992,LOF,0.026233376932814027,0.42696775417756344,0.5467988688896226
25993,LOF,0.028961280129069733,0.08320865454937652,0.8878300653215538
25994,LOF,0.02529838902069908,0.07925920916759192,0.895442401811709
25995,LOF,0.02193095439878748,0.14029699142692859,0.8377720541742839
25996,GOF,0.3226222213635933,0.3498585226577058,0.3275192559787009
25997,LOF,0.06965088245243271,0.4074124570596154,0.522936660487952
25998,LOF,0.3082901578713807,0.04362123880599071,0.6480886033226285
25999,LOF,0.025102960744501534,0.19240242236722413,0.7824946168882744
26000,LOF,0.18520222883079557,0.03162227827177879,0.7831754928974255
26001,LOF,0.2520625169504084,0.04787032736702741,0.7000671556825643
26002,LOF,0.11764971073871812,0.04630909530620221,0.8360411939550797
26003,GOF,0.005964872382364002,0.6685706491562285,0.3254644784614075
26004,GOF,0.00947895265399257,0.72062398073278,0.2698970666132273
26005,GOF,0.0045106439997019245,0.506133982538744,0.48935537346155406
26006,GOF,0.1311155460028687,0.5551378309015249,0.31374662309560636
26007,GOF,0.007730467969423387,0.5647040799035277,0.427565452127049
26008,GOF,0.0060076091810751615,0.6235088854327197,0.3704835053862051
26009,GOF,0.0076462013852197945,0.68398123396705,0.30837256464773016
26010,GOF,0.008066904394582176,0.6380454302167162,0.35388766538870153
26011,LOF,0.0031662931765943786,0.44715761906203294,0.5496760877613728
26012,GOF,0.0046095724197292055,0.514637952260733,0.4807524753195379
26013,GOF,0.011655290366855538,0.5792281397326565,0.4091165699004879
26014,LOF,0.057383300918996086,0.10900666234958813,0.8336100367314158
26015,LOF,0.3419790321875582,0.027617280171239753,0.630403687641202
26016,LOF,0.31808172596572976,0.03963528160573503,0.6422829924285351
26017,LOF,0.020613220379320545,0.21082451216432016,0.7685622674563592
26018,LOF,0.025992750135844404,0.05778787172059231,0.9162193781435632
26019,LOF,0.025614780954274587,0.04952393320802605,0.9248612858376993
26020,LOF,0.010600797719421805,0.1921397345319725,0.7972594677486058
26021,LOF,0.08691558466760309,0.07363181816360384,0.8394525971687931
26022,LOF,0.03799630959290061,0.031258446894969205,0.9307452435121303
26023,LOF,0.025920797686297636,0.03848773327004574,0.9355914690436566
26024,LOF,0.052131616981584895,0.07252228124253025,0.8753461017758848
26025,LOF,0.06915043877968459,0.07463804759135341,0.856211513628962
26026,LOF,0.09715501510198006,0.06320331668275933,0.8396416682152607
26027,LOF,0.025320648868067612,0.028055155612703036,0.9466241955192294
26028,LOF,0.10743937515045275,0.15359822467313,0.7389624001764172
26029,LOF,0.01944279868016066,0.21077819240956294,0.7697790089102764
26030,LOF,0.17042650652082092,0.022413306901867342,0.8071601865773117
26031,LOF,0.009814447945439092,0.1707130659541454,0.8194724861004156
26032,LOF,0.044494527450272305,0.053251112686698916,0.9022543598630288
26033,LOF,0.06357942614725554,0.047429324325687736,0.8889912495270567
26034,LOF,0.011573038113116009,0.17804596970204775,0.8103809921848363
26035,LOF,0.011921762366459565,0.11851209190376331,0.8695661457297772
26036,LOF,0.01142502020077644,0.1324210567297468,0.8561539230694768
26037,LOF,0.009789724025676969,0.10989388160295871,0.8803163943713643
26038,LOF,0.03862033794666945,0.04716574804007294,0.9142139140132576
26039,LOF,0.022827675938714306,0.15382666970880243,0.8233456543524833
26040,LOF,0.1046105586507169,0.11523599075779263,0.7801534505914904
26041,LOF,0.012694710059681737,0.09401893626694531,0.893286353673373
26042,LOF,0.011708040324055006,0.10684591860796787,0.8814460410679771
26043,LOF,0.03678338240094298,0.06674999630451978,0.8964666212945371
26044,LOF,0.012302800400140009,0.058474886328028955,0.9292223132718311
26045,LOF,0.07445143155834824,0.11709041838646796,0.8084581500551838
26046,LOF,0.03205230920520672,0.049955894249236375,0.917991796545557
26047,LOF,0.05352925528286618,0.050611132433366984,0.8958596122837669
26048,LOF,0.06705060897791848,0.02771390164115377,0.9052354893809278
26049,Neutral,0.9440246362114539,0.007593328104909102,0.04838203568363688
26050,Neutral,0.9222106460403409,0.00829476549226776,0.06949458846739151
26051,LOF,0.01865377362224882,0.10191939931849937,0.8794268270592519
26052,LOF,0.030976354777987127,0.11387782257574669,0.8551458226462662
26053,LOF,0.026991542430114646,0.17054831390673705,0.8024601436631483
26054,LOF,0.04979025085868964,0.026651995638743927,0.9235577535025664
26055,LOF,0.06984732734275957,0.02440144395047977,0.9057512287067606
26056,LOF,0.0566066325822657,0.029762446023585378,0.9136309213941489
26057,LOF,0.061051407087632355,0.01500631248853845,0.9239422804238292
26058,LOF,0.06386083286730158,0.012165740210260435,0.923973426922438
26059,LOF,0.1834240811032771,0.031354625291263094,0.7852212936054599
26060,LOF,0.01581095319246161,0.16167664756026934,0.822512399247269
26061,LOF,0.011410721651987294,0.0104247226646931,0.9781645556833196
26062,LOF,0.005912230210970719,0.01921689972994716,0.9748708700590821
26063,LOF,0.04141749530424728,0.010970895035010152,0.9476116096607425
26064,LOF,0.010405160030605723,0.02987529811406235,0.9597195418553319
26065,LOF,0.048415199097378236,0.013274206975532816,0.9383105939270889
26066,LOF,0.047138893129653095,0.010041236078108305,0.9428198707922386
26067,LOF,0.056414450421958036,0.01026887803888411,0.9333166715391578
26068,LOF,0.056982789552940116,0.04001695259130526,0.9030002578557547
26069,LOF,0.17477017504886552,0.027552826235745433,0.7976769987153891
26070,LOF,0.34809375411756577,0.02160103905665348,0.6303052068257807
26071,LOF,0.04876023349042608,0.01179561752690321,0.9394441489826707
26072,LOF,0.010471562278838015,0.02007513134790544,0.9694533063732566
26073,LOF,0.04269548900649156,0.014439156245652396,0.942865354747856
26074,Neutral,0.9202226607739754,0.008376119857888784,0.07140121936813579
26075,LOF,0.06025258669384691,0.019653210332690962,0.9200942029734622
26076,LOF,0.061880267269267444,0.012263885195828194,0.9258558475349044
26077,LOF,0.1538234917972125,0.007333755676786573,0.8388427525260008
26078,LOF,0.008280404685254542,0.015422915637022569,0.976296679677723
26079,LOF,0.07155317955026223,0.020283480444583148,0.9081633400051545
26080,LOF,0.07020135865719004,0.020393765311977678,0.9094048760308323
26081,LOF,0.03727829832319274,0.00996602939938994,0.9527556722774174
26082,LOF,0.007079313036317185,0.01576814757693868,0.9771525393867442
26083,LOF,0.11018170751709067,0.020239707743066288,0.8695785847398431
26084,LOF,0.11868617524947261,0.015630209621259022,0.8656836151292683
26085,LOF,0.11064581318031404,0.013357448303007155,0.8759967385166788
26086,LOF,0.042069460852253854,0.01224774234968939,0.9456827967980569
26087,LOF,0.039672232132722175,0.010385714437915482,0.9499420534293622
26088,LOF,0.0078000860386512084,0.022232813135578563,0.9699671008257702
26089,LOF,0.04493503208586573,0.03211403879355039,0.922950929120584
26090,LOF,0.04530572327489433,0.025190003739123765,0.9295042729859818
26091,LOF,0.03339586917926831,0.007800189328238686,0.9588039414924929
26092,LOF,0.048510122426300026,0.008406121267843574,0.9430837563058564
26093,LOF,0.09549017825419909,0.00583292170364884,0.8986769000421522
26094,LOF,0.03849231913397847,0.007442862142311584,0.95406481872371
26095,LOF,0.0374948126533835,0.016276021380581502,0.9462291659660349
26096,LOF,0.20496746374949965,0.005023284377850734,0.7900092518726497
26097,LOF,0.007424197851244249,0.030719628849334674,0.9618561732994212
26098,LOF,0.08139160213263277,0.017338035372975475,0.9012703624943917
26099,LOF,0.047248226353372905,0.01616845120288826,0.9365833224437389
26100,LOF,0.047248226353372905,0.01616845120288826,0.9365833224437389
26101,LOF,0.06329821426315758,0.028889049415558053,0.9078127363212843
26102,LOF,0.037562889867364085,0.016471894192235114,0.9459652159404007
26103,Neutral,0.8889214108621413,0.025871156559371476,0.08520743257848723
26104,LOF,0.0647263473132274,0.03963328078207458,0.8956403719046979
26105,LOF,0.2297024629394699,0.1669015789498827,0.6033959581106474
26106,LOF,0.29839951098310474,0.10445514230700428,0.597145346709891
26107,LOF,0.021981606359511675,0.08887751244014458,0.8891408812003437
26108,LOF,0.28606966425972197,0.040431600941550495,0.6734987347987275
26109,LOF,0.09307740149827197,0.04045515405009484,0.8664674444516333
26110,LOF,0.44693417605168295,0.008838070627201842,0.5442277533211153
26111,LOF,0.05110644922925804,0.15200982056177542,0.7968837302089666
26112,LOF,0.06012350374136397,0.008681873661155255,0.9311946225974809
26113,LOF,0.1098248644313402,0.02135461659925446,0.8688205189694054
26114,LOF,0.0905031005313613,0.010680073680110246,0.8988168257885285
26115,LOF,0.015768468856497856,0.05276553919458391,0.9314659919489183
26116,LOF,0.0637039849854463,0.021224778909557013,0.9150712361049967
26117,LOF,0.3903241382465479,0.030580536821511146,0.5790953249319409
26118,LOF,0.052105309370628565,0.015158383645660618,0.9327363069837108
26119,LOF,0.005953294137267228,0.03179106825208729,0.9622556376106454
26120,LOF,0.03508167935664716,0.014413705319427574,0.9505046153239254
26121,LOF,0.004213222879829392,0.10887952470952525,0.8869072524106455
