feature0,prediction,LoGoFunc_Neutral,LoGoFunc_GOF,LoGoFunc_LOF
25546,Neutral,0.6136093258848447,0.16464072676512037,0.22174994735003498
25547,Neutral,0.4469917435873685,0.3165418363312184,0.23646642008141305
25548,Neutral,0.4216710082629632,0.25335271516906194,0.32497627656797484
25549,Neutral,0.39306262751275456,0.25948954408589525,0.3474478284013502
25550,LOF,0.2952561398851524,0.30977083097037866,0.3949730291444689
25551,LOF,0.21492620941542898,0.2887416413322108,0.49633214925236024
25552,LOF,0.1279491813709595,0.27463532967081283,0.5974154889582277
25553,Neutral,0.8189329791814696,0.06339543216546638,0.11767158865306408
25554,LOF,0.1574308390482483,0.28170166592079166,0.56086749503096
25555,LOF,0.13056069424970257,0.24330049025731296,0.6261388154929844
25556,Neutral,0.4927470938901658,0.20763627833221637,0.2996166277776177
25557,LOF,0.1327205709732438,0.26156334364803807,0.6057160853787181
25558,LOF,0.16050788302992158,0.31668863948831383,0.5228034774817646
25559,Neutral,0.5078814640299513,0.019189151498988054,0.47292938447106075
25560,LOF,0.0402526800716055,0.23733186194657796,0.7224154579818165
25561,LOF,0.09990842840816122,0.28641088529560693,0.6136806862962318
25562,LOF,0.13742184359738807,0.05949022391478611,0.8030879324878257
25563,LOF,0.12655982807669544,0.09845896589753789,0.7749812060257666
25564,LOF,0.07540944320326613,0.18588376527167666,0.7387067915250572
25565,LOF,0.11656814927688455,0.24702734966375547,0.63640450105936
25566,GOF,0.018249196760589,0.6209919309968313,0.36075887224257974
25567,LOF,0.010608332944566283,0.09827109460683733,0.8911205724485964
25568,LOF,0.0592124135206285,0.0402322567950731,0.9005553296842984
25569,LOF,0.11047909367852797,0.03584312934718577,0.8536777769742863
25570,LOF,0.05598151357271495,0.03306077052979037,0.9109577158974946
25571,LOF,0.067692100290694,0.02893512718954066,0.9033727725197653
25572,LOF,0.041282066499603844,0.04180159365340585,0.9169163398469904
25573,LOF,0.0215245139612529,0.052585937146015026,0.925889548892732
25574,LOF,0.010122541459067444,0.21599105468371282,0.7738864038572197
25575,LOF,0.05202997767941499,0.024428737817981435,0.9235412845026035
25576,LOF,0.014891511909621092,0.022207147626194298,0.9629013404641845
25577,LOF,0.009310414841484461,0.026115586635262398,0.9645739985232532
25578,LOF,0.2460357010545533,0.051804358519960333,0.7021599404254864
25579,LOF,0.20307639617546006,0.05151725500347848,0.7454063488210615
25580,LOF,0.03085750771151129,0.020567795384149136,0.9485746969043396
25581,LOF,0.05087217786485356,0.0631693409690414,0.885958481166105
25582,LOF,0.05095717051359847,0.04997715104743758,0.8990656784389639
25583,LOF,0.034412486893202344,0.024585287391232013,0.9410022257155657
25584,Neutral,0.5215398152751928,0.06467755244737748,0.4137826322774298
25585,LOF,0.025877997796393073,0.02962696846946969,0.9444950337341373
25586,LOF,0.031486481254710694,0.01926153782527742,0.949251980920012
25587,LOF,0.026107855897261865,0.01646649355283496,0.9574256505499031
25588,LOF,0.025455455166082698,0.022776319892569553,0.9517682249413477
25589,Neutral,0.6799802682805742,0.06381793290487911,0.25620179881454674
25590,LOF,0.01991083702732173,0.05336641213823327,0.9267227508344451
25591,LOF,0.07018491105468541,0.0346737229894252,0.8951413659558894
25592,LOF,0.09851621507964263,0.040434783926160386,0.8610490009941969
25593,LOF,0.010763184505571594,0.3771677709925926,0.6120690445018357
25594,LOF,0.055275916563772134,0.05863689607152518,0.8860871873647026
25595,LOF,0.11062774206121909,0.07996920501253212,0.8094030529262488
25596,LOF,0.10088383447919351,0.05090666234339714,0.8482095031774094
25597,LOF,0.08139992090763092,0.016674399035618098,0.901925680056751
25598,LOF,0.14606221165815597,0.06337827556112849,0.7905595127807156
25599,GOF,0.009329211202895614,0.6582131400602995,0.33245764873680483
25600,GOF,0.010090361934148081,0.5625674589304771,0.4273421791353749
25601,LOF,0.006809446114819637,0.31156060796556306,0.6816299459196173
25602,LOF,0.021121878667132988,0.07088377301881031,0.9079943483140567
25603,LOF,0.03690957942414274,0.06383860208669113,0.8992518184891662
25604,LOF,0.038027512441128224,0.06630748502453403,0.8956650025343378
25605,LOF,0.013816215467011667,0.19492370545222196,0.7912600790807663
25606,LOF,0.06246511582271214,0.4557181370215297,0.481816747155758
25607,LOF,0.003382520006373812,0.13855883983620823,0.8580586401574178
25608,LOF,0.06447891596057757,0.021779898840845354,0.9137411851985769
25609,LOF,0.09188756565377602,0.17386873902434327,0.7342436953218807
25610,LOF,0.04199095312264308,0.01851507005931232,0.9394939768180447
25611,LOF,0.055693411719972025,0.011899734059298155,0.9324068542207298
25612,LOF,0.2973347856525674,0.015387949412035152,0.6872772649353975
25613,LOF,0.14651355258933735,0.02469781293964981,0.8287886344710128
25614,LOF,0.038467853966145674,0.03518586894651969,0.9263462770873345
25615,LOF,0.07717925265896215,0.02901939318768874,0.8938013541533492
25616,LOF,0.031845218472238125,0.04589121851984177,0.92226356300792
25617,LOF,0.04578326063778108,0.027919102770313196,0.9262976365919058
25618,LOF,0.22773594149654594,0.037572074748973124,0.734691983754481
25619,LOF,0.04236173956501833,0.029722576702079367,0.9279156837329023
25620,LOF,0.03912320194453321,0.04308052392834794,0.9177962741271188
25621,LOF,0.03711528402394714,0.02098618344862678,0.9418985325274261
25622,LOF,0.029506518342305676,0.0426765540629843,0.9278169275947101
25623,LOF,0.0516360446357548,0.026840395321822755,0.9215235600424223
25624,LOF,0.03326715117266859,0.04675134909293369,0.9199814997343978
25625,LOF,0.03986381011590068,0.0354350826406185,0.9247011072434809
25626,LOF,0.15132620797278765,0.018391883981421414,0.830281908045791
25627,Neutral,0.4656621955934244,0.08595644393516705,0.4483813604714086
25628,LOF,0.16812159419594602,0.03438524694657282,0.7974931588574811
25629,LOF,0.08658106892509712,0.06647443851034743,0.8469444925645554
25630,LOF,0.1803413106981493,0.04228770426232046,0.7773709850395303
25631,Neutral,0.5806031050367242,0.04168693049863089,0.3777099644646449
25632,LOF,0.014850913251289016,0.17375561378668922,0.8113934729620218
25633,LOF,0.2078519769240395,0.38958804820199366,0.40255997487396683
25634,LOF,0.04068400028263099,0.26107740576886107,0.698238593948508
25635,LOF,0.03287614533288801,0.20940535983083924,0.7577184948362727
25636,LOF,0.005318030637243985,0.4188733770588566,0.5758085923038995
25637,LOF,0.004409347572747411,0.2593260706269939,0.7362645818002587
25638,LOF,0.006095192986529721,0.2598367977567602,0.7340680092567101
25639,LOF,0.0048434605998870645,0.20984391518634582,0.7853126242137672
25640,GOF,0.36324922280572,0.5726728837057784,0.06407789348850168
25641,LOF,0.007179478146317167,0.1760315216326462,0.8167890002210366
25642,LOF,0.20509958487986454,0.06523815766974905,0.7296622574503864
25643,LOF,0.22549563601498432,0.09892897708930086,0.6755753868957147
25644,GOF,0.012053872808423948,0.5267536595809896,0.4611924676105866
25645,GOF,0.009694504301500283,0.629111325192038,0.3611941705064618
25646,LOF,0.010463666273822014,0.3694277118350704,0.6201086218911076
25647,LOF,0.010361612361997601,0.29616000934150843,0.693478378296494
25648,LOF,0.007123694178020875,0.3642024628408627,0.6286738429811163
25649,LOF,0.007352844772009887,0.22476537944047073,0.7678817757875194
25650,GOF,0.026573640508044345,0.5206895513562185,0.4527368081357372
25651,LOF,0.00691227175996942,0.22781472041177614,0.7652730078282544
25652,LOF,0.01220142869748651,0.35349742888934416,0.6343011424131693
25653,GOF,0.04494133143464484,0.4948769798479044,0.4601816887174508
25654,LOF,0.008087460358984604,0.3784511293815479,0.6134614102594674
25655,GOF,0.10879433954745396,0.5090645505973757,0.38214110985517036
25656,LOF,0.08862295144816874,0.032900520987818135,0.8784765275640131
25657,LOF,0.2629518298250495,0.01875897683291456,0.718289193342036
25658,LOF,0.02748102552364478,0.07764462672928359,0.8948743477470716
25659,LOF,0.2441483246785252,0.0844924559586024,0.6713592193628724
25660,LOF,0.1099852636844953,0.0798078581881949,0.8102068781273097
25661,LOF,0.06346601334972328,0.06262420131814077,0.873909785332136
25662,LOF,0.0425202234040461,0.05380388774847088,0.903675888847483
25663,LOF,0.04716183846281187,0.08154640640682134,0.8712917551303668
25664,LOF,0.026385094605130367,0.16006457912660996,0.8135503262682596
25665,LOF,0.04405836490257648,0.05731379717515045,0.8986278379222731
25666,LOF,0.03490723746870572,0.2002625010823568,0.7648302614489374
25667,LOF,0.037482308359834945,0.034635345060905945,0.9278823465792592
25668,LOF,0.03975694993046467,0.05371350339700672,0.9065295466725286
25669,LOF,0.03344922079435001,0.09264025613758053,0.8739105230680694
25670,LOF,0.06237524907765699,0.0749794309597074,0.8626453199626357
25671,LOF,0.05674067139394428,0.031793946705206265,0.9114653819008495
25672,LOF,0.05881800445317521,0.04159231642579423,0.8995896791210305
25673,LOF,0.03818086525259601,0.06590199563358891,0.8959171391138152
25674,LOF,0.02492483602099811,0.09912981744936068,0.8759453465296412
25675,LOF,0.03279867413657302,0.051220772806975394,0.9159805530564515
25676,LOF,0.04197374714144886,0.050642344276270825,0.9073839085822802
25677,LOF,0.07069594656059228,0.04347035993778789,0.8858336935016199
25678,LOF,0.1675158956509509,0.06842453596781446,0.7640595683812348
25679,LOF,0.10281347889636895,0.10392561152938297,0.7932609095742481
25680,LOF,0.11017064682318077,0.09259572136025082,0.7972336318165684
25681,LOF,0.11007204787625338,0.09233561442446545,0.7975923376992812
25682,LOF,0.04633476833515058,0.038624931608690474,0.915040300056159
25683,LOF,0.07384483040057152,0.06923458291635652,0.856920586683072
25684,LOF,0.05960933117084823,0.05658194415258441,0.8838087246765672
25685,LOF,0.10878343165278687,0.03275689229638546,0.8584596760508276
25686,LOF,0.028724194068564093,0.09226737672295518,0.8790084292084807
25687,LOF,0.04466430903496682,0.08688188535371422,0.868453805611319
25688,LOF,0.028132872269865692,0.1168166345798037,0.8550504931503305
25689,LOF,0.016331661512203645,0.06971187857981886,0.9139564599079775
25690,LOF,0.02178284177135292,0.10194318786635503,0.876273970362292
25691,LOF,0.16092165949157072,0.15999434772203058,0.6790839927863986
25692,LOF,0.3363503519423295,0.013076193415548531,0.6505734546421219
25693,LOF,0.030396129557552495,0.41583960566025563,0.553764264782192
25694,LOF,0.2622164892369772,0.010493979998213188,0.7272895307648097
25695,LOF,0.2021892898443884,0.013188852085739411,0.7846218580698722
25696,LOF,0.08880944842978043,0.015626030045892633,0.895564521524327
25697,LOF,0.08144367699441094,0.01378120951421667,0.9047751134913724
25698,LOF,0.018189885553384064,0.2723026159986114,0.7095074984480045
25699,LOF,0.06302194687034074,0.3494513149922067,0.5875267381374526
25700,LOF,0.04657419259948029,0.027785288770447936,0.9256405186300717
25701,LOF,0.008757626967743308,0.3536368801104775,0.6376054929217793
25702,GOF,0.03197964794869083,0.4869111493965731,0.48110920265473617
25703,LOF,0.015542244078300349,0.06575142284155638,0.9187063330801432
25704,LOF,0.06053034264389577,0.06250584230136762,0.8769638150547366
25705,LOF,0.11070095674857193,0.17229007867115792,0.7170089645802702
25706,GOF,0.02029530280676892,0.6114309712924858,0.36827372590074514
25707,LOF,0.02673565042244264,0.46258416197178287,0.5106801876057745
25708,GOF,0.00787514383098088,0.5483605590204611,0.44376429714855803
25709,LOF,0.0584212388648391,0.06604415075965388,0.875534610375507
25710,LOF,0.00773608095027599,0.1435963152099715,0.8486676038397525
25711,LOF,0.06219064690731937,0.0981855084297597,0.839623844662921
25712,LOF,0.01102146128439269,0.18257666794156835,0.806401870774039
25713,LOF,0.05312728928160145,0.09621569174609759,0.8506570189723008
25714,LOF,0.04455670699459588,0.17903107390683326,0.7764122190985707
25715,LOF,0.04662173195767339,0.12047357416416596,0.8329046938781607
25716,LOF,0.006470323336847319,0.0664644583378144,0.9270652183253383
25717,LOF,0.006743286100944702,0.054670324310863966,0.9385863895881914
25718,LOF,0.045175051469660665,0.0506527235625001,0.9041722249678393
25719,LOF,0.05368258035672658,0.10652161508747439,0.839795804555799
25720,LOF,0.048034872511106524,0.11677544080684514,0.8351896866820483
25721,LOF,0.05099062907111536,0.09247300069091902,0.8565363702379656
25722,LOF,0.03979086895244062,0.10439913997069299,0.8558099910768664
25723,LOF,0.0684422992935052,0.0981817080023003,0.8333759927041946
25724,LOF,0.06959339527524866,0.2661546040022372,0.6642520007225141
25725,LOF,0.06577789409481864,0.09305682512147258,0.8411652807837088
25726,LOF,0.05790118813125498,0.08616338720621303,0.855935424662532
25727,LOF,0.07344896976789378,0.06964108468200421,0.8569099455501019
25728,LOF,0.04577551949043915,0.12250257965982671,0.8317219008497341
25729,LOF,0.05317046900043568,0.12439781201282628,0.8224317189867381
25730,LOF,0.06746505895732202,0.09064418786070366,0.8418907531819743
25731,LOF,0.009859955663569208,0.09030775011771226,0.8998322942187185
25732,LOF,0.02836100322655996,0.06693802695131254,0.9047009698221274
25733,LOF,0.04164074555576891,0.08597330455511322,0.8723859498891178
25734,LOF,0.0065110514325188015,0.23163999517055592,0.7618489533969253
25735,LOF,0.04110640141713747,0.08041213507435557,0.878481463508507
25736,LOF,0.04075470982336817,0.15424477739297307,0.8050005127836587
25737,LOF,0.07461380649013905,0.08017723033435542,0.8452089631755055
25738,LOF,0.06368897820617744,0.1636021009472006,0.7727089208466219
25739,LOF,0.04430714994833575,0.12232866167855853,0.8333641883731058
25740,LOF,0.07462611562199466,0.11408902355097267,0.8112848608270326
25741,LOF,0.06680755926444218,0.12083552258304672,0.8123569181525112
25742,LOF,0.07056653554631544,0.11780012397301752,0.811633340480667
25743,LOF,0.014054407441435435,0.01567744162700478,0.9702681509315598
25744,LOF,0.14149173772053125,0.11247079249428163,0.746037469785187
25745,LOF,0.03005683643740528,0.04100260678676081,0.928940556775834
25746,LOF,0.015720121346786797,0.06584405554433789,0.9184358231088753
25747,LOF,0.054785564550597105,0.020483478663032885,0.92473095678637
25748,LOF,0.27126421271890544,0.06001965820113209,0.6687161290799625
25749,LOF,0.018720987178094808,0.04860895658325471,0.9326700562386505
25750,LOF,0.019991599373561972,0.05508279758273519,0.9249256030437027
25751,LOF,0.04440443242146491,0.07306395581719077,0.8825316117613442
25752,GOF,0.08728778091085045,0.6391880059598656,0.2735242131292839
25753,LOF,0.008000134155986844,0.41793947350444155,0.5740603923395715
25754,GOF,0.009820674387900375,0.9106565293724491,0.07952279623965061
25755,LOF,0.008326480799956395,0.43668070929376096,0.5549928099062826
25756,LOF,0.02657578990386251,0.46868056334662866,0.5047436467495089
25757,GOF,0.009028008086267858,0.877220688735323,0.11375130317840912
25758,GOF,0.0103377995891748,0.9055765905235413,0.08408560988728396
25759,GOF,0.006798437924956807,0.7478932990667642,0.24530826300827896
25760,LOF,0.006658306997922038,0.3515234468236471,0.6418182461784309
25761,GOF,0.05196889467312839,0.8949767244716011,0.05305438085527038
25762,LOF,0.027059437272799785,0.434956122827054,0.5379844399001462
25763,LOF,0.006484128146706136,0.3086659404461907,0.6848499314071032
25764,GOF,0.0773487175806029,0.7398210481826671,0.18283023423673
25765,GOF,0.011728248886926047,0.9195690962833518,0.06870265482972214
25766,GOF,0.030722476273056687,0.86994173031263,0.09933579341431327
25767,GOF,0.011125065516126893,0.6010491270939335,0.3878258073899397
25768,LOF,0.05886699011637523,0.05304843800462513,0.8880845718789997
25769,LOF,0.031186864620276863,0.14773768427614065,0.8210754511035824
25770,Neutral,0.5202006681466891,0.15899238614093714,0.3208069457123738
25771,LOF,0.02256746991778943,0.08322349150314338,0.8942090385790672
25772,LOF,0.043090380825768784,0.08391243608192399,0.8729971830923073
25773,LOF,0.018801010214357067,0.14800074282357664,0.8331982469620662
25774,LOF,0.028167290075172435,0.3251204230117565,0.646712286913071
25775,LOF,0.02346266489119313,0.05474030846961894,0.9217970266391879
25776,LOF,0.0326690923337111,0.04930986720122558,0.9180210404650634
25777,LOF,0.07612670547206506,0.28763386529954255,0.6362394292283924
25778,LOF,0.03143156281473325,0.11722151229741966,0.851346924887847
25779,GOF,0.055089880446714055,0.7439642542100762,0.20094586534320982
25780,GOF,0.07000875269407893,0.77718989313096,0.152801354174961
25781,GOF,0.028823543748531525,0.6851344109258962,0.28604204532557226
25782,GOF,0.030175001706438973,0.7749229367825079,0.19490206151105313
25783,GOF,0.0652075013734037,0.7957461632582472,0.13904633536834912
25784,GOF,0.1324770988975128,0.7486532441482021,0.11886965695428521
25785,GOF,0.1705972639693754,0.7302657022390241,0.09913703379160042
25786,GOF,0.012439349667099637,0.6536523602794981,0.3339082900534022
25787,GOF,0.3285176856991351,0.5746250430283145,0.09685727127255034
25788,LOF,0.02455196782001658,0.0801128823043148,0.8953351498756688
25789,GOF,0.018204312930105288,0.7489485958373587,0.23284709123253605
25790,GOF,0.03556904628052815,0.7370995953256801,0.22733135839379162
25791,GOF,0.02682475633480913,0.5348716709558102,0.43830357270938064
25792,GOF,0.03359204081199097,0.6342500289994903,0.33215793018851875
25793,GOF,0.07171198576721202,0.7069404570753343,0.22134755715745383
25794,LOF,0.06407266405418868,0.43475063324703533,0.501176702698776
25795,GOF,0.06746055703578883,0.5308617256059811,0.40167771735823
25796,GOF,0.18278859635033265,0.49735279884983985,0.3198586047998275
25797,GOF,0.05464425968050756,0.49278560596866167,0.45257013435083077
25798,GOF,0.007118779082988967,0.7725730145201948,0.22030820639681614
25799,GOF,0.0056446061952961715,0.6792300885733437,0.3151253052313602
25800,GOF,0.027369244320277306,0.8218808805279361,0.1507498751517867
25801,GOF,0.026331797105401983,0.7490379437137834,0.22463025918081475
25802,GOF,0.02884921016004408,0.6879733727998552,0.2831774170401008
25803,GOF,0.025941611251536448,0.6101142475967374,0.36394414115172624
25804,GOF,0.04520759980596764,0.5912014303808439,0.3635909698131884
25805,GOF,0.0316508754149586,0.6889181071239193,0.279431017461122
25806,GOF,0.043923918963362237,0.6864117271630711,0.2696643538735667
25807,GOF,0.018495491758994842,0.5737928803145587,0.40771162792644644
25808,GOF,0.032800040133664686,0.701253074525934,0.26594688534040123
25809,GOF,0.017516989583874848,0.6049923004337683,0.37749070998235684
25810,GOF,0.014827852865937591,0.6061072124592876,0.3790649346747748
25811,GOF,0.08438031214778352,0.7802971773088102,0.1353225105434063
25812,GOF,0.04417632456632707,0.6092763039094758,0.34654737152419696
25813,GOF,0.24888967062451853,0.5981635329324635,0.15294679644301787
25814,GOF,0.04412129549871196,0.6456719211968808,0.3102067833044073
25815,GOF,0.07040480819751203,0.7228950416332844,0.2067001501692035
25816,GOF,0.009649191689619035,0.7418680702025255,0.2484827381078554
25817,GOF,0.13295352343609657,0.5646500019537011,0.30239647461020247
25818,GOF,0.03202823128470396,0.7220198900937901,0.24595187862150586
25819,GOF,0.05571845129111711,0.651254001761432,0.2930275469474509
25820,GOF,0.055936095838085675,0.5504271921699597,0.3936367119919547
25821,GOF,0.03883649782618265,0.608527603279052,0.35263589889476543
25822,GOF,0.08513423886604014,0.5951863924527306,0.31967936868122926
25823,GOF,0.046102204444474715,0.5747453215307281,0.37915247402479724
25824,GOF,0.033607651859788736,0.6962886530081284,0.27010369513208277
25825,GOF,0.022551647433422525,0.707748331416303,0.2697000211502744
25826,GOF,0.011195600468956552,0.6240536977722699,0.36475070175877344
25827,GOF,0.02090735750794694,0.6768604598963599,0.3022321825956932
25828,GOF,0.012860708633976389,0.6945954118455671,0.2925438795204566
25829,GOF,0.004855094201235639,0.5205681136500122,0.4745767921487522
25830,LOF,0.07077659521403896,0.24204890000670096,0.6871745047792601
25831,GOF,0.0774885218184326,0.7689522893975214,0.153559188784046
25832,GOF,0.009683655165286156,0.7126917113088475,0.2776246335258665
25833,GOF,0.030615225811576083,0.7971128711465985,0.17227190304182557
25834,GOF,0.01000473132960173,0.7375974608496344,0.25239780782076393
25835,GOF,0.03028960165883721,0.8379633008212143,0.13174709751994843
25836,GOF,0.008453427934732026,0.7800230473332118,0.2115235247320561
25837,GOF,0.012214047618536023,0.7312141210417874,0.25657183133967665
25838,GOF,0.02381429737461384,0.80230894083513,0.17387676179025618
25839,GOF,0.07249392417154327,0.7123588088057925,0.21514726702266415
25840,GOF,0.09716592285759469,0.6997470277708058,0.20308704937159958
25841,GOF,0.08542160750554206,0.7571684926463598,0.15740989984809836
25842,GOF,0.028720710555950903,0.8337854555672823,0.13749383387676667
25843,GOF,0.02700342292993718,0.827302077720679,0.14569449934938372
25844,GOF,0.02328079638295077,0.7706485883516219,0.2060706152654275
25845,GOF,0.009460516230734666,0.6569468634665907,0.33359262030267467
25846,GOF,0.07996448587464813,0.805699333008769,0.11433618111658288
25847,GOF,0.021060839730438083,0.8271837046445715,0.1517554556249904
25848,GOF,0.021365160705209874,0.7787069290806384,0.19992791021415168
25849,GOF,0.007613391460492872,0.7553403086132292,0.2370462999262779
25850,GOF,0.007859818526193935,0.6298658600064841,0.3622743214673219
25851,GOF,0.007255739026837661,0.5520933249185431,0.4406509360546192
25852,GOF,0.18031675995617572,0.4113191965234719,0.4083640435203523
25853,GOF,0.065991823446979,0.5483665846297631,0.38564159192325786
25854,GOF,0.007593019305164379,0.6516360920405796,0.340770888654256
25855,GOF,0.026109074623854533,0.5558513720471726,0.4180395533289728
25856,GOF,0.05481618871053251,0.711608893555867,0.23357491773360053
25857,GOF,0.025762807904470275,0.5378122860444993,0.43642490605103046
25858,GOF,0.008482135257045194,0.5599279026389988,0.43158996210395595
25859,GOF,0.006667288759061136,0.5464769912421442,0.44685571999879453
25860,GOF,0.08317235301853104,0.5694471202942283,0.3473805266872406
25861,GOF,0.11066944911335783,0.7217092435105598,0.16762130737608247
25862,GOF,0.021465556959971172,0.8620032662956135,0.1165311767444154
25863,GOF,0.0204379933354519,0.8300672526631021,0.1494947540014459
25864,GOF,0.030408868692910138,0.8678681875747177,0.10172294373237213
25865,GOF,0.03377777864165328,0.8355223387490254,0.1306998826093214
25866,GOF,0.017919103344542855,0.8365381577152466,0.14554273894021041
25867,GOF,0.03855534546415632,0.8510391855799164,0.11040546895592727
25868,GOF,0.06831133056918381,0.7174670566141489,0.21422161281666724
25869,GOF,0.32202820869324295,0.5065876924317749,0.17138409887498215
25870,LOF,0.07786323591226006,0.30600970732272686,0.6161270567650131
25871,GOF,0.012098583496392337,0.5878748544064966,0.4000265620971111
25872,GOF,0.027612473786711292,0.6726870442147954,0.29970048199849336
25873,GOF,0.021247850227662696,0.7740856387468262,0.20466651102551098
25874,LOF,0.03607411820165699,0.06642025034888559,0.8975056314494574
25875,LOF,0.020152247961232266,0.16387917689930676,0.8159685751394611
25876,LOF,0.020052764204560175,0.09527455285025303,0.8846726829451869
25877,LOF,0.08330506796689005,0.2802822562267132,0.6364126758063968
25878,LOF,0.05664052744230286,0.3642895846737909,0.5790698878839062
25879,LOF,0.010730054442118286,0.1903580936757027,0.798911851882179
25880,LOF,0.04848749048627075,0.02557397076373222,0.925938538749997
25881,Neutral,0.4469961069964863,0.2912111358524635,0.2617927571510502
25882,LOF,0.03821771105096048,0.14673207606995492,0.8150502128790845
25883,LOF,0.027172722638317954,0.14517574997584723,0.8276515273858348
25884,LOF,0.01263632048985167,0.14507059103838918,0.8422930884717591
25885,LOF,0.13810542321711428,0.03025792364476674,0.831636653138119
25886,LOF,0.1236852903053632,0.20591866619180446,0.6703960435028324
25887,GOF,0.04471420403543591,0.4896228199902085,0.4656629759743556
25888,LOF,0.0054581131029503,0.43374977213284516,0.5607921147642045
25889,LOF,0.0220507472684647,0.0988898079627012,0.8790594447688341
25890,LOF,0.15432026444215222,0.2792806348315171,0.5663991007263307
25891,LOF,0.10834614107331249,0.07525361194483936,0.8164002469818482
25892,LOF,0.007023122380640982,0.04229730748906903,0.9506795701302899
25893,LOF,0.24096462871924185,0.01654621613576404,0.7424891551449941
25894,LOF,0.31037162359132775,0.010713650755401536,0.6789147256532707
25895,LOF,0.26620831387925303,0.015112507985110133,0.7186791781356368
25896,LOF,0.08608739449597055,0.035803814935917624,0.8781087905681119
25897,LOF,0.09540829703177744,0.02431416610438011,0.8802775368638425
25898,LOF,0.0797642653896807,0.05239107551475411,0.8678446590955651
25899,LOF,0.353812544420022,0.04912398318790012,0.5970634723920779
25900,Neutral,0.9361208908287331,0.007283763149139933,0.05659534602212692
25901,LOF,0.065787033198461,0.017230510835484013,0.916982455966055
25902,LOF,0.07988395960593399,0.010206476021549261,0.9099095643725167
25903,LOF,0.13770041296430566,0.04031352047669984,0.8219860665589944
25904,Neutral,0.464024639853158,0.08485201887516912,0.4511233412716728
25905,LOF,0.012262007520450681,0.252066720269361,0.7356712722101884
25906,LOF,0.009757745649490272,0.023128845029973984,0.9671134093205358
25907,LOF,0.009388682570642902,0.13862663446653178,0.8519846829628254
25908,LOF,0.010004205760392317,0.15950862323958653,0.8304871710000211
25909,LOF,0.05371289266165128,0.07248886909582372,0.873798238242525
25910,LOF,0.015087513359743935,0.12696086665029038,0.8579516199899657
25911,LOF,0.11679813713724961,0.06279077531064868,0.8204110875521018
25912,LOF,0.13572545049072732,0.01696078564141458,0.8473137638678582
25913,LOF,0.014677202587536966,0.06134658255729361,0.9239762148551695
25914,LOF,0.04755967906613369,0.03737622193793967,0.9150640989959266
25915,GOF,0.2027784364383313,0.4104304939357942,0.3867910696258744
25916,LOF,0.017069940962892122,0.17453333824111253,0.8083967207959953
25917,LOF,0.16762665912609023,0.026455382206772834,0.8059179586671369
25918,LOF,0.050440203318240256,0.023857447872904954,0.9257023488088547
25919,LOF,0.050324847997419674,0.019755436204053813,0.9299197157985264
25920,LOF,0.35121294354960464,0.2701921234333033,0.37859493301709196
25921,LOF,0.0234154026520309,0.04111001793787924,0.9354745794100899
25922,LOF,0.020573198623575005,0.03309247784651186,0.9463343235299131
25923,LOF,0.4159870213128954,0.026240247891631898,0.5577727307954726
25924,LOF,0.0271408965064945,0.03476612072635577,0.9380929827671497
25925,LOF,0.2621843249073775,0.021572912420527907,0.7162427626720946
25926,LOF,0.14535951896166446,0.047194150182156586,0.807446330856179
25927,LOF,0.023487076674981233,0.07803308360152583,0.898479839723493
25928,LOF,0.015359156152937174,0.020491156779070284,0.9641496870679925
25929,Neutral,0.5889865040485682,0.026918683190560372,0.3840948127608714
25930,LOF,0.06667490531898682,0.027600804277279217,0.905724290403734
25931,LOF,0.01618080691992782,0.025585812411436756,0.9582333806686354
25932,LOF,0.10998592632428658,0.014647708586348495,0.875366365089365
25933,LOF,0.08979746162175259,0.010633935176105969,0.8995686032021414
25934,LOF,0.08396699977353887,0.01313344652810166,0.9028995536983595
25935,LOF,0.2608281903748334,0.022891599843295394,0.7162802097818712
25936,LOF,0.08994601034374888,0.011839676746712912,0.8982143129095381
25937,LOF,0.018996063641517152,0.024533835976734628,0.9564701003817483
25938,LOF,0.26414560157933975,0.019784203580673478,0.7160701948399868
25939,LOF,0.06656759923977144,0.01335015343014112,0.9200822473300875
25940,LOF,0.007184707484656983,0.43313797519423414,0.5596773173211088
25941,Neutral,0.5055076641353037,0.17775184577813027,0.316740490086566
25942,LOF,0.00997596499049283,0.20598224014396704,0.7840417948655402
25943,GOF,0.02599507651678862,0.6553303671825714,0.31867455630064
25944,LOF,0.02180232151456787,0.4468514543175257,0.5313462241679064
25945,LOF,0.09879945023760785,0.18310507643995091,0.7180954733224413
25946,LOF,0.0922059480222319,0.12057679623547675,0.7872172557422913
25947,Neutral,0.472596482403022,0.08979431770588801,0.43760919989108993
25948,Neutral,0.5095095994447211,0.009672386581146742,0.4808180139741321
25949,LOF,0.12999047923676105,0.023177354541241944,0.846832166221997
25950,GOF,0.04938561144826898,0.8171246312143223,0.1334897573374088
25951,GOF,0.011827871023363032,0.665227263085946,0.322944865890691
25952,GOF,0.08217880497732262,0.5563139733141441,0.3615072217085332
25953,LOF,0.0057018882409304045,0.47996344140801145,0.5143346703510582
25954,GOF,0.022349331479834558,0.5705971191451183,0.407053549375047
25955,GOF,0.004172390414697918,0.5551217878844009,0.4407058217009012
25956,LOF,0.009427437681187378,0.41819766314206874,0.572374899176744
25957,LOF,0.24508027050514292,0.05384159983098504,0.7010781296638721
25958,LOF,0.025887282449205344,0.16362477368139083,0.8104879438694039
25959,GOF,0.006023656480781977,0.674419375167349,0.319556968351869
25960,LOF,0.004811184936882117,0.19566924273624658,0.7995195723268712
25961,LOF,0.02534622889244773,0.12933935621442702,0.8453144148931252
25962,LOF,0.04504733231246399,0.0835867212301484,0.8713659464573876
25963,LOF,0.01062179425531435,0.1900347983087849,0.7993434074359007
25964,LOF,0.048850051225961595,0.15470909987036163,0.7964408489036768
25965,LOF,0.1510611402242591,0.17986575425585327,0.6690731055198877
25966,LOF,0.23136025930623025,0.34611864696139655,0.42252109373237334
25967,LOF,0.007355600633349516,0.07829436670207941,0.9143500326645712
25968,LOF,0.07949652756420592,0.2626990194406709,0.6578044529951231
25969,LOF,0.14268697725147161,0.04283040569664604,0.8144826170518823
25970,LOF,0.02492065595950892,0.23869262932327062,0.7363867147172205
25971,LOF,0.07510243478415311,0.10779912352958873,0.817098441686258
25972,LOF,0.07375050482656678,0.14979700880824182,0.7764524863651914
25973,LOF,0.10058405099391485,0.006628036075613717,0.8927879129304714
25974,LOF,0.1437079407618738,0.045940964039459666,0.8103510951986665
25975,LOF,0.04374825170199128,0.010314219930977994,0.9459375283670307
25976,LOF,0.10211017332447252,0.006234736596796559,0.8916550900787309
25977,LOF,0.18826684000839228,0.11327552054051095,0.6984576394510968
25978,LOF,0.12014131131110009,0.13436459445562424,0.7454940942332757
25979,LOF,0.09473946665195768,0.13735071517263708,0.7679098181754052
25980,LOF,0.1488236266206128,0.32998047679239983,0.5211958965869874
25981,LOF,0.14935496977751445,0.3475783914506044,0.5030666387718812
25982,LOF,0.24390147245902236,0.14692839358235452,0.6091701339586231
25983,Neutral,0.4851365692738903,0.13869844777660373,0.3761649829495059
25984,LOF,0.039464932454001185,0.12738728538763386,0.833147782158365
25985,Neutral,0.4885645755628315,0.2435588133113978,0.26787661112577066
25986,GOF,0.008826723073349026,0.5909224328417529,0.40025084408489797
25987,LOF,0.016018419354648865,0.1526072542104167,0.8313743264349344
25988,LOF,0.03538147925467122,0.20174241186314093,0.7628761088821878
25989,LOF,0.039222359430557435,0.17406754754147433,0.7867100930279682
25990,LOF,0.04274201777399682,0.2556707283568749,0.7015872538691283
25991,GOF,0.02714190161461669,0.6829701868878086,0.2898879114975747
25992,LOF,0.009824308545703184,0.44714044995970514,0.5430352414945916
25993,LOF,0.027902080538545457,0.08366765780865756,0.8884302616527969
25994,LOF,0.03103319807007153,0.11418219351259608,0.8547846084173324
25995,LOF,0.01864186496274743,0.17273582708543983,0.8086223079518128
25996,GOF,0.2505716397907488,0.5704095946274254,0.17901876558182594
25997,GOF,0.05453629058930426,0.6869674567714937,0.2584962526392021
25998,LOF,0.27667519089760223,0.03829938179990697,0.6850254273024908
25999,LOF,0.029095319223640535,0.4536487722148006,0.517255908561559
26000,LOF,0.11709117299981674,0.018030093844247894,0.8648787331559354
26001,LOF,0.13144061666893228,0.030652704165632146,0.8379066791654356
26002,LOF,0.08660862152897042,0.018733500508356954,0.8946578779626725
26003,GOF,0.007127810238815648,0.5062822728270717,0.48658991693411247
26004,GOF,0.015872689072699595,0.5287153480651623,0.45541196286213803
26005,LOF,0.006207632974782715,0.4604923433291941,0.5333000236960233
26006,GOF,0.14417681871502483,0.4387120851100956,0.4171110961748795
26007,LOF,0.011256125300580289,0.49064296122097684,0.4981009134784429
26008,LOF,0.00754416632501902,0.4536200077452014,0.5388358259297795
26009,GOF,0.014768192732202902,0.5321219887610261,0.45310981850677107
26010,GOF,0.008952913875422153,0.5258525350961795,0.4651945510283984
26011,LOF,0.006820387704447564,0.3648632468387213,0.628316365456831
26012,LOF,0.007067329529105157,0.37217552197514187,0.620757148495753
26013,LOF,0.013158133242594877,0.4622391698811936,0.5246026968762115
26014,LOF,0.06838860841449614,0.06436563411448,0.8672457574710237
26015,LOF,0.3749946298922604,0.05429733847035019,0.5707080316373894
26016,LOF,0.22574534150162293,0.16115128301012224,0.6131033754882549
26017,LOF,0.014149384144070826,0.43457455754489277,0.5512760583110364
26018,LOF,0.021058012983747997,0.184771552044006,0.794170434972246
26019,LOF,0.021607007400513162,0.1468543907060592,0.8315386018934277
26020,LOF,0.00697267741230555,0.35387334777175206,0.6391539748159424
26021,LOF,0.07874504183994031,0.24847569276611742,0.6727792653939424
26022,LOF,0.05278773939012699,0.06667795906193616,0.8805343015479369
26023,LOF,0.0319153201328841,0.11951977632213637,0.8485649035449796
26024,LOF,0.04855316589164086,0.17509546847146842,0.7763513656368907
26025,LOF,0.10989062124942005,0.2184959866660777,0.6716133920845023
26026,LOF,0.10005235677278161,0.17651601165435887,0.7234316315728596
26027,LOF,0.03200524911596599,0.07303982562608323,0.8949549252579508
26028,LOF,0.05628338103609995,0.2084449174523938,0.7352717015115061
26029,LOF,0.038132818699534145,0.08091492130258146,0.8809522599978843
26030,LOF,0.18147389726375523,0.010034190878248769,0.808491911857996
26031,LOF,0.02544101304379619,0.0875437644921319,0.8870152224640719
26032,LOF,0.03279159542212695,0.020487389159282863,0.9467210154185903
26033,LOF,0.04711355404000593,0.035402168486174564,0.9174842774738196
26034,LOF,0.029479155242529392,0.06109406010261815,0.9094267846548525
26035,LOF,0.017734301251399215,0.07486182093340286,0.9074038778151979
26036,LOF,0.01640796578602373,0.06283563393468268,0.9207564002792937
26037,LOF,0.015905445509369315,0.05854993521717576,0.9255446192734549
26038,LOF,0.026068502906492114,0.020678886775504612,0.9532526103180033
26039,LOF,0.036954330621418875,0.07874064099740603,0.8843050283811751
26040,LOF,0.06487481467046013,0.12071990548861916,0.8144052798409207
26041,LOF,0.019261100517067368,0.0721080915867294,0.9086308078962033
26042,LOF,0.018381042087385818,0.07441177387054167,0.9072071840420725
26043,LOF,0.026342674817187956,0.042742302401638,0.930915022781174
26044,LOF,0.009883991650240719,0.048024271165418055,0.9420917371843412
26045,LOF,0.10340825538737301,0.12702872628290438,0.7695630183297226
26046,LOF,0.025180964382866232,0.049582398114475734,0.925236637502658
26047,LOF,0.06529367618804634,0.03680577809544596,0.8979005457165078
26048,LOF,0.07443510533542434,0.029294983179469245,0.8962699114851065
26049,Neutral,0.9133884560754315,0.006554239888531411,0.0800573040360372
26050,Neutral,0.8335941682561826,0.007791515414317774,0.15861431632949968
26051,LOF,0.028114998258174546,0.467076812629963,0.5048081891118624
26052,LOF,0.028541272881632773,0.3824988512951754,0.5889598758231919
26053,LOF,0.04106518544473595,0.055163139922324335,0.9037716746329396
26054,LOF,0.12976789215475046,0.0800954580605044,0.7901366497847452
26055,LOF,0.13421357485129073,0.08693935632602469,0.7788470688226845
26056,LOF,0.12138626389074834,0.09683423428508836,0.7817795018241633
26057,LOF,0.052762571877225946,0.02735951811387286,0.9198779100089012
26058,LOF,0.060955581280446314,0.020582281014370433,0.9184621377051833
26059,Neutral,0.7235277737275422,0.07123386920845416,0.2052383570640036
26060,LOF,0.015138750624455383,0.31590096406262774,0.6689602853129167
26061,LOF,0.012097073749530604,0.016444463104850152,0.9714584631456193
26062,LOF,0.0057739949979957374,0.03957116590191579,0.9546548391000885
26063,LOF,0.04823533797835148,0.022063990694484725,0.9297006713271637
26064,LOF,0.010482516354466929,0.020245173428924332,0.9692723102166086
26065,LOF,0.0431572801781563,0.033969693313389816,0.9228730265084539
26066,LOF,0.04468340728720505,0.02078226222906484,0.93453433048373
26067,LOF,0.05512119826900658,0.023323676457666635,0.9215551252733267
26068,LOF,0.12177882202378722,0.046188293652423745,0.832032884323789
26069,LOF,0.1061573932840208,0.04679205090043757,0.8470505558155418
26070,LOF,0.2871161235166154,0.030322043234433486,0.682561833248951
26071,LOF,0.044416087693630674,0.02595333909954232,0.9296305732068271
26072,LOF,0.009038298515714032,0.02457664347522782,0.9663850580090582
26073,LOF,0.04616374013278858,0.017931387585435898,0.9359048722817755
26074,Neutral,0.8703898737617088,0.018127071862428148,0.11148305437586296
26075,LOF,0.05872398844921561,0.04724549008253481,0.8940305214682497
26076,LOF,0.05779176890598487,0.04276609695167307,0.8994421341423421
26077,LOF,0.1639156944196604,0.03222951487200234,0.8038547907083372
26078,LOF,0.007449971681693138,0.03138749919572096,0.9611625291225859
26079,LOF,0.1456437124988846,0.0337917005722135,0.8205645869289019
26080,LOF,0.1456437124988846,0.0337917005722135,0.8205645869289019
26081,LOF,0.05157885287082787,0.024057864669045997,0.9243632824601261
26082,LOF,0.007597726609798682,0.040517288218266875,0.9518849851719344
26083,LOF,0.04913859039736045,0.06232539992079326,0.8885360096818463
26084,LOF,0.050370985918066664,0.035169597883232574,0.9144594161987007
26085,LOF,0.04690690247690585,0.030066308690441298,0.9230267888326529
26086,LOF,0.036461106968649876,0.034607109625241966,0.9289317834061082
26087,LOF,0.04687988185997077,0.030344399259250417,0.9227757188807787
26088,LOF,0.008717852042120706,0.06979863889166772,0.9214835090662116
26089,LOF,0.04413339186311775,0.10801935314573446,0.8478472549911478
26090,LOF,0.04762176532236048,0.07828410249895973,0.8740941321786798
26091,LOF,0.051398735473897894,0.027883909586527714,0.9207173549395744
26092,LOF,0.055754240091379595,0.022990114058614078,0.9212556458500063
26093,LOF,0.07715641291157095,0.014637896696590793,0.9082056903918383
26094,LOF,0.04610597255914269,0.02042833912658616,0.9334656883142712
26095,LOF,0.010953841040877052,0.03927351134265016,0.9497726476164727
26096,LOF,0.30098229628060985,0.006054377317807069,0.6929633264015831
26097,LOF,0.008047289644156344,0.05593584065356614,0.9360168697022775
26098,LOF,0.13875958358949322,0.031669535988109246,0.8295708804223976
26099,LOF,0.04938819480066036,0.09488980144578077,0.855722003753559
26100,LOF,0.04938819480066036,0.09488980144578077,0.855722003753559
26101,LOF,0.03868212633431063,0.08356285100456617,0.8777550226611233
26102,LOF,0.04422516587747458,0.03450719913353299,0.9212676349889924
26103,Neutral,0.8494947462365302,0.04815227351300726,0.10235298025046255
26104,LOF,0.13553203814541417,0.09405656855527489,0.770411393299311
26105,LOF,0.28043387337823467,0.2343842548779562,0.4851818717438093
26106,LOF,0.2921231123614819,0.22118207086765843,0.4866948167708598
26107,LOF,0.009534104564032333,0.1451458092914845,0.8453200861444831
26108,LOF,0.12533076262581536,0.2174631292293341,0.6572061081448505
26109,LOF,0.043220115561,0.035198896602297,0.9215809878367031
26110,Neutral,0.5476766366657112,0.04280281681511064,0.4095205465191782
26111,LOF,0.0545139057890167,0.26149755641646316,0.6839885377945202
26112,LOF,0.06187006232405753,0.03995386490675701,0.8981760727691853
26113,LOF,0.06080603811618974,0.07585048188859041,0.8633434799952198
26114,LOF,0.0895750695252077,0.026933800254950232,0.8834911302198419
26115,LOF,0.015631018942866427,0.16706936494719446,0.8172996161099391
26116,LOF,0.05942172396938959,0.05670047508259184,0.8838778009480186
26117,LOF,0.21856858846670474,0.08518483791287938,0.6962465736204159
26118,LOF,0.042955464958848555,0.02457019555631525,0.9324743394848363
26119,LOF,0.0057418929802216375,0.1150118233386718,0.8792462836811065
26120,LOF,0.04020084362967625,0.026269107752559275,0.9335300486177645
26121,LOF,0.004583605384806989,0.13138055999756543,0.8640358346176276
26122,LOF,0.005047168872658963,0.13068929879451968,0.8642635323328214
