feature0,prediction,LoGoFunc_Neutral,LoGoFunc_GOF,LoGoFunc_LOF
25546,Neutral,0.6604829951516497,0.07511541961818317,0.26440158523016716
25547,Neutral,0.5501144430493309,0.14299400474170815,0.306891552208961
25548,Neutral,0.5126417443136078,0.10137752001028978,0.38598073567610247
25549,Neutral,0.4760039912643928,0.09975424269703102,0.42424176603857633
25550,LOF,0.3986214609199068,0.1717211935113304,0.42965734556876284
25551,LOF,0.32852279067403023,0.1660621296771814,0.5054150796487884
25552,LOF,0.18898297111104803,0.17465820742424432,0.6363588214647076
25553,Neutral,0.8229029664936744,0.042140720096648474,0.13495631340967715
25554,LOF,0.23292672190382754,0.1696742669571892,0.5973990111389832
25555,LOF,0.18521250549633808,0.15495940082468423,0.6598280936789778
25556,Neutral,0.5169977038581061,0.11699395043421956,0.3660083457076744
25557,LOF,0.17612362789368202,0.16146731881043372,0.6624090532958842
25558,LOF,0.23189000198003673,0.18320224698781257,0.5849077510321506
25559,Neutral,0.4925106733195761,0.026468346691276533,0.4810209799891475
25560,LOF,0.04139658908653822,0.24853877479245606,0.7100646361210057
25561,LOF,0.08746030859724202,0.2914561652725682,0.6210835261301898
25562,LOF,0.11635005384225648,0.11962295160428996,0.7640269945534536
25563,LOF,0.11207377624182524,0.12054466260475573,0.7673815611534189
25564,LOF,0.08210031419377611,0.1652040903026632,0.7526955955035608
25565,LOF,0.13799531151245986,0.28210682132665893,0.5798978671608812
25566,GOF,0.023843457583460206,0.639082102472725,0.33707443994381486
25567,LOF,0.009458886649821538,0.21742873811608243,0.7731123752340959
25568,LOF,0.043124097456988794,0.09805072439762952,0.8588251781453816
25569,LOF,0.05870706808426482,0.09911583427599181,0.8421770976397434
25570,LOF,0.05675181673739618,0.15715618299702866,0.7860920002655751
25571,LOF,0.0610743042527907,0.1488198979752084,0.790105797772001
25572,LOF,0.05366902812086635,0.15288720013694118,0.7934437717421925
25573,LOF,0.02956807393550256,0.1175386936142058,0.8528932324502916
25574,LOF,0.013595033899438268,0.2630902598928863,0.7233147062076755
25575,LOF,0.05387815900179632,0.13785670117419777,0.8082651398240059
25576,LOF,0.017647657614030716,0.14667740509651275,0.8356749372894565
25577,LOF,0.012330336278348317,0.1404371058876774,0.8472325578339742
25578,LOF,0.2570590096229989,0.12701247256618467,0.6159285178108165
25579,LOF,0.258799932319295,0.12549490497516624,0.6157051627055388
25580,LOF,0.03409544212069576,0.1394030838649513,0.8265014740143529
25581,LOF,0.04759193146647582,0.10509424928608341,0.8473138192474408
25582,LOF,0.04693217709201693,0.10007537072075105,0.8529924521872321
25583,LOF,0.03415932550882721,0.14735378518663864,0.8184868893045342
25584,Neutral,0.4796504499513141,0.13844134962596716,0.3819082004227187
25585,LOF,0.02968647209257772,0.13092680243528076,0.8393867254721414
25586,LOF,0.03353844189641679,0.10278085170444247,0.8636807063991406
25587,LOF,0.029402251566290324,0.0921893557749778,0.8784083926587318
25588,LOF,0.03142289166466543,0.12495525044109936,0.8436218578942353
25589,Neutral,0.5950833391759215,0.17591750168921716,0.22899915913486135
25590,LOF,0.02443344201864529,0.18141261388941596,0.7941539440919388
25591,LOF,0.10072288817202311,0.07647511582230714,0.8228019960056697
25592,LOF,0.09259045011360006,0.19911892200657838,0.7082906278798216
25593,GOF,0.010709140288123626,0.5851775233911998,0.40411333632067653
25594,LOF,0.03090304725005961,0.15030445169318785,0.8187925010567526
25595,LOF,0.05926065326887884,0.1084636291973306,0.8322757175337905
25596,LOF,0.08099342482285232,0.06527519556899791,0.8537313796081498
25597,LOF,0.0729019218128066,0.023845157793962474,0.903252920393231
25598,LOF,0.04370365935835566,0.15433509903045278,0.8019612416111915
25599,LOF,0.008814484455899281,0.495265655548193,0.4959198599959077
25600,LOF,0.01044191531265377,0.3838830666828636,0.6056750180044826
25601,LOF,0.008617660836968074,0.244715338750383,0.746667000412649
25602,LOF,0.01354581135534264,0.05618748668268942,0.930266701961968
25603,LOF,0.042900778442715615,0.03725350875069399,0.9198457128065903
25604,LOF,0.03323652492817506,0.0589662970391048,0.9077971780327202
25605,LOF,0.012229358030481132,0.22655128498432978,0.761219356985189
25606,GOF,0.04710442967098992,0.5172535410070473,0.4356420293219627
25607,LOF,0.003521933375401393,0.12236700596635643,0.8741110606582422
25608,LOF,0.051532939398539625,0.040903111553368635,0.9075639490480918
25609,LOF,0.08576901986327964,0.27726662155367027,0.63696435858305
25610,LOF,0.04801648090517458,0.022463089225574467,0.929520429869251
25611,LOF,0.0678766060628107,0.015110470459447401,0.9170129234777419
25612,LOF,0.12145164895290193,0.04452854513866518,0.8340198059084329
25613,LOF,0.09904633433710393,0.03824922263688213,0.8627044430260139
25614,LOF,0.04189631380715758,0.030469366293315252,0.9276343198995273
25615,LOF,0.07671594061816679,0.0403604752792987,0.8829235841025345
25616,LOF,0.03668062828406846,0.04038063215544403,0.9229387395604874
25617,LOF,0.05318143436770132,0.03091548998788857,0.9159030756444101
25618,LOF,0.24291880192812812,0.032781719007637426,0.7242994790642344
25619,LOF,0.04416537726622784,0.03371797937425928,0.9221166433595128
25620,LOF,0.03977326938836013,0.052601937106692816,0.907624793504947
25621,LOF,0.045677345199657854,0.034931679873718605,0.9193909749266235
25622,LOF,0.030403708870250405,0.05013184995276909,0.9194644411769806
25623,LOF,0.05651839987734091,0.03653386350978186,0.9069477366128773
25624,LOF,0.03505058116320441,0.0368477637919167,0.928101655044879
25625,LOF,0.04038310200328515,0.04979593223939671,0.9098209657573181
25626,LOF,0.07613664698855516,0.034598345717296274,0.8892650072941486
25627,Neutral,0.5711949219710837,0.16516417683935505,0.2636409011895611
25628,LOF,0.22145697301377154,0.08020961175990565,0.6983334152263229
25629,LOF,0.0622373050654527,0.11809549925571464,0.8196671956788327
25630,LOF,0.18649604484394824,0.11789111924874315,0.6956128359073086
25631,Neutral,0.5970491158838206,0.09550682138211289,0.3074440627340665
25632,LOF,0.018880984208717005,0.1462932393417243,0.8348257764495588
25633,LOF,0.21398951072573255,0.17109204524190993,0.6149184440323575
25634,LOF,0.03432978225873868,0.17024385291818922,0.7954263648230722
25635,LOF,0.034954132615154065,0.13301683266054393,0.832029034724302
25636,GOF,0.004646031344710904,0.559036032700248,0.4363179359550411
25637,LOF,0.0038756362988428745,0.4200131961485831,0.576111167552574
25638,LOF,0.0069892961195160384,0.38210456095749645,0.6109061429229875
25639,LOF,0.004390760358784003,0.3217797917247207,0.6738294479164952
25640,GOF,0.32266986539129167,0.613755244057425,0.06357489055128346
25641,LOF,0.005777674938055432,0.2624646906889639,0.7317576343729807
25642,LOF,0.26862009587344454,0.06654801732143088,0.6648318868051246
25643,LOF,0.25726645531872516,0.11750435377176,0.6252291909095148
25644,GOF,0.014698006759384397,0.5939213143989497,0.39138067884166594
25645,GOF,0.013692700837508216,0.5701358232872806,0.4161714758752111
25646,LOF,0.013475289056378006,0.3861109053412092,0.6004138056024129
25647,LOF,0.012033961693544183,0.3064656091900453,0.6815004291164105
25648,LOF,0.008579580894995059,0.3687851109738742,0.6226353081311307
25649,LOF,0.009729741103221891,0.19390344606983181,0.7963668128269462
25650,GOF,0.02967887155175945,0.49244846690971483,0.47787266153852576
25651,LOF,0.007089590685589953,0.2310798548311543,0.7618305544832558
25652,LOF,0.01370127935927648,0.3573836330403349,0.6289150876003886
25653,GOF,0.04604713638109264,0.5186551249282068,0.43529773869070054
25654,LOF,0.008391299395053961,0.3970201033498796,0.5945885972550664
25655,GOF,0.08810064521966889,0.523815558832263,0.3880837959480681
25656,LOF,0.08996359897601548,0.09296102379153674,0.8170753772324477
25657,LOF,0.2736965284758026,0.03611496441104285,0.6901885071131546
25658,LOF,0.033336406033768716,0.14285159759876825,0.8238119963674632
25659,LOF,0.24690817814624544,0.08675394150587151,0.6663378803478831
25660,LOF,0.09652552961383172,0.0733251931308212,0.830149277255347
25661,LOF,0.07366491610801379,0.06436122781692168,0.8619738560750644
25662,LOF,0.041773478463244404,0.05663127512091199,0.9015952464158435
25663,LOF,0.04950758814891753,0.11559505598358874,0.8348973558674938
25664,LOF,0.032536406677517365,0.20668082497002968,0.760782768352453
25665,LOF,0.042090844333995237,0.053936614717731965,0.9039725409482727
25666,LOF,0.04168471843855176,0.22627825300659604,0.7320370285548523
25667,LOF,0.04140589660520989,0.04678367023892914,0.9118104331558611
25668,LOF,0.060785219781558174,0.050996220450448194,0.8882185597679936
25669,LOF,0.053666148088129646,0.07411420635331227,0.8722196455585581
25670,LOF,0.07634568975188984,0.11829187102692441,0.8053624392211857
25671,LOF,0.05617788543235609,0.04524797363958489,0.8985741409280591
25672,LOF,0.04729549589621979,0.05850903994838354,0.8941954641553967
25673,LOF,0.03856454305285517,0.09745310346115654,0.8639823534859882
25674,LOF,0.027687027726199704,0.10872861263141881,0.8635843596423814
25675,LOF,0.0348012976661848,0.07459286679236429,0.8906058355414508
25676,LOF,0.03858408155796186,0.06337069071748994,0.8980452277245482
25677,LOF,0.11015725683253721,0.049685666487957435,0.8401570766795053
25678,LOF,0.21848531039223051,0.04949833466262165,0.7320163549451479
25679,LOF,0.1314062621746893,0.07909401482207766,0.7894997230032331
25680,LOF,0.10968443194177431,0.088051098299065,0.8022644697591608
25681,LOF,0.11521602227845304,0.0839810221581062,0.8008029555634408
25682,LOF,0.0562560864346826,0.04901764732474722,0.8947262662405702
25683,LOF,0.09098070680832358,0.09678540006310923,0.8122338931285672
25684,LOF,0.07370370808213797,0.05978953685899179,0.8665067550588702
25685,LOF,0.12422581129806395,0.06110016212192396,0.8146740265800122
25686,LOF,0.02602668900106202,0.10548995031631815,0.8684833606826199
25687,LOF,0.050546066112578926,0.11490616279027482,0.8345477710971463
25688,LOF,0.02055574363947269,0.13169117603578886,0.8477530803247384
25689,LOF,0.011463476412622216,0.07106192881133683,0.9174745947760411
25690,LOF,0.018616446255729387,0.07200623905528065,0.90937731468899
25691,LOF,0.13125560254040913,0.12710041272785794,0.7416439847317328
25692,LOF,0.25236913686558016,0.016467287998808693,0.731163575135611
25693,GOF,0.026744200667568278,0.48859730272145,0.4846584966109816
25694,LOF,0.25879948604628417,0.011318989186499094,0.7298815247672167
25695,LOF,0.18547794726907046,0.022541442445733584,0.791980610285196
25696,LOF,0.08452180327792108,0.01918292935311957,0.8962952673689594
25697,LOF,0.06583673638279303,0.017928758784197477,0.9162345048330095
25698,LOF,0.015448914139624556,0.31081324533190363,0.6737378405284717
25699,LOF,0.08402759161236241,0.3389831657523614,0.5769892426352762
25700,LOF,0.046245863122703054,0.031599651514895424,0.9221544853624015
25701,LOF,0.011617513966949062,0.32150015007388777,0.6668823359591632
25702,GOF,0.032703779469577976,0.5874519862580013,0.3798442342724206
25703,LOF,0.017414052259824953,0.08259722220791604,0.899988725532259
25704,LOF,0.0821907356471106,0.04733821306131771,0.8704710512915717
25705,LOF,0.07591616687969766,0.1800939204212061,0.7439899126990962
25706,GOF,0.019276599643725956,0.5831189786617467,0.3976044216945275
25707,GOF,0.033460279544178705,0.5207346485324611,0.4458050719233603
25708,LOF,0.00773732493922161,0.47488008759196637,0.517382587468812
25709,LOF,0.03523643560682754,0.06829585651958367,0.8964677078735888
25710,LOF,0.006756044880670068,0.12952501644944017,0.8637189386698897
25711,LOF,0.03947469848679129,0.1136999216262067,0.8468253798870019
25712,LOF,0.00915152608948411,0.18222746641245405,0.8086210074980618
25713,LOF,0.035532906760510206,0.11545220626083785,0.8490148869786519
25714,LOF,0.03339761862532903,0.1489798436597432,0.8176225377149278
25715,LOF,0.042159576193007704,0.1201169293502496,0.8377234944567427
25716,LOF,0.007855169492390799,0.11151419812832336,0.8806306323792858
25717,LOF,0.00658926630425513,0.11534022239450978,0.878070511301235
25718,LOF,0.03685209696289961,0.08780990682702337,0.875337996210077
25719,LOF,0.0345339282910136,0.10337111510836687,0.8620949566006194
25720,LOF,0.032595339183682695,0.13607588034714632,0.8313287804691709
25721,LOF,0.0362369462123816,0.1092885269558737,0.8544745268317447
25722,LOF,0.02392361606121564,0.14121199438341359,0.8348643895553709
25723,LOF,0.036762409189831355,0.11123676625996777,0.8520008245502009
25724,LOF,0.05603388079958582,0.2533608936006041,0.6906052255998101
25725,LOF,0.04509308215910057,0.08944338844371444,0.8654635293971848
25726,LOF,0.026750214114999643,0.11532598314889875,0.8579238027361016
25727,LOF,0.03718283542491885,0.09517842080158141,0.8676387437734998
25728,LOF,0.03744882869971605,0.12053739287022842,0.8420137784300555
25729,LOF,0.0393729907554168,0.11916403360391536,0.8414629756406679
25730,LOF,0.04555594116786114,0.08040143010071651,0.8740426287314224
25731,LOF,0.011982268161148005,0.09464565518482145,0.8933720766540306
25732,LOF,0.02796036971363548,0.057427826660815494,0.9146118036255491
25733,LOF,0.04127581591065339,0.07532025066618159,0.883403933423165
25734,LOF,0.006995777798641914,0.2518301508966266,0.7411740713047316
25735,LOF,0.034734414830262114,0.07995158691482548,0.8853139982549124
25736,LOF,0.03067296754971833,0.14201084767196498,0.8273161847783167
25737,LOF,0.04616369925173314,0.10675991277703623,0.8470763879712306
25738,LOF,0.03423640603595858,0.18434851038825845,0.7814150835757829
25739,LOF,0.03383031077810316,0.1272758283268775,0.8388938608950193
25740,LOF,0.04298115629842813,0.12215924535980034,0.8348595983417715
25741,LOF,0.0477653227030867,0.11047981136419123,0.8417548659327221
25742,LOF,0.053472217337840175,0.12478228657667904,0.8217454960854808
25743,LOF,0.012493371623778116,0.017130325259357374,0.9703763031168646
25744,LOF,0.20936628736397322,0.1502503752594772,0.6403833373765496
25745,LOF,0.045867680261307685,0.06260410775615319,0.8915282119825392
25746,LOF,0.017122368412719902,0.09184772859667788,0.8910299029906021
25747,LOF,0.05450304829650554,0.02495033503156804,0.9205466166719265
25748,LOF,0.3110851007579799,0.06357238531172615,0.6253425139302939
25749,LOF,0.018441932714779983,0.05576116178534187,0.9257969054998781
25750,LOF,0.024959147203590444,0.06158554250906128,0.9134553102873482
25751,LOF,0.051667811905051646,0.04538919532663505,0.9029429927683132
25752,GOF,0.07322790855311746,0.6377417147136976,0.2890303767331849
25753,LOF,0.007005163570300235,0.3767887546758399,0.6162060817538598
25754,GOF,0.008314314978744056,0.8778181483643913,0.11386753665686465
25755,LOF,0.006849830258694557,0.37066592911891005,0.6224842406223954
25756,LOF,0.020769550706131394,0.41763322322950186,0.5615972260643667
25757,GOF,0.008501282087624969,0.8497149831851882,0.14178373472718686
25758,GOF,0.00889939311368317,0.9101010906981606,0.08099951618815629
25759,GOF,0.006002694025718602,0.6517299832081721,0.3422673227661093
25760,LOF,0.004874620579916568,0.2688387263902462,0.7262866530298373
25761,GOF,0.04697792826060905,0.8888892629704631,0.064132808768928
25762,LOF,0.023154113738310795,0.357924922643803,0.6189209636178862
25763,LOF,0.005434840620708301,0.2666004476853581,0.7279647116939335
25764,GOF,0.07094176880122284,0.704475974760414,0.22458225643836302
25765,GOF,0.010029352109924781,0.9068590610032436,0.08311158688683143
25766,GOF,0.030977781155103908,0.848053593580386,0.12096862526451015
25767,LOF,0.014926538364021117,0.47368135220060026,0.5113921094353786
25768,LOF,0.06057991063610252,0.031108851493444903,0.9083112378704525
25769,LOF,0.026946979039157673,0.11342655439520845,0.8596264665656338
25770,LOF,0.12649543328363488,0.1967957941122459,0.6767087726041192
25771,LOF,0.017227832930490884,0.1276457261051776,0.8551264409643314
25772,LOF,0.03399439886999772,0.05266586915349202,0.9133397319765103
25773,LOF,0.013680934755677835,0.12333994583766168,0.8629791194066606
25774,LOF,0.020979814578672613,0.2957325225232539,0.6832876628980736
25775,LOF,0.01868253479724396,0.05605813327109151,0.9252593319316645
25776,LOF,0.03401295913548795,0.0365010206301706,0.9294860202343415
25777,LOF,0.2528818557783375,0.17595487561096643,0.5711632686106961
25778,LOF,0.024642632246923146,0.13063435183135175,0.844723015921725
25779,GOF,0.05690721673834221,0.8232382077654935,0.11985457549616428
25780,GOF,0.08039659159138653,0.8233077195698524,0.09629568883876091
25781,GOF,0.03429225562173234,0.7556015216881606,0.21010622269010698
25782,GOF,0.04134780111267336,0.8474001092489228,0.11125208963840384
25783,GOF,0.051137297645257374,0.8531459551188094,0.09571674723593318
25784,GOF,0.11029797936265219,0.8082308700612644,0.08147115057608342
25785,GOF,0.14075840240289247,0.7992273786574527,0.06001421893965494
25786,GOF,0.013172357713469115,0.7584064087046817,0.22842123358184904
25787,GOF,0.3381344139222878,0.5892323613916636,0.0726332246860487
25788,LOF,0.02179379812594971,0.10766198739641665,0.8705442144776336
25789,GOF,0.020832214257329333,0.8396021729299783,0.13956561281269259
25790,GOF,0.03166720924435151,0.8272166291679378,0.14111616158771062
25791,GOF,0.034959159312408714,0.5976394135661961,0.3674014271213951
25792,GOF,0.04498714285427542,0.6859702512312796,0.26904260591444484
25793,GOF,0.06045772681797842,0.7522263902496061,0.18731588293241544
25794,GOF,0.06676965195577259,0.5874048077563182,0.34582554028790924
25795,GOF,0.061178474840533334,0.6186683212164658,0.32015320394300095
25796,GOF,0.16190262102412414,0.6607245246405951,0.17737285433528077
25797,GOF,0.0932162641833574,0.63566365123277,0.27112008458387254
25798,GOF,0.008515256851789629,0.7754154448737286,0.21606929827448185
25799,GOF,0.005269950372775072,0.6711520090490517,0.32357804057817313
25800,GOF,0.027935110442177592,0.8382016989052711,0.13386319065255126
25801,GOF,0.02818096693674444,0.8222005625625018,0.1496184705007538
25802,GOF,0.03203705819569097,0.7272974407654174,0.24066550103889167
25803,GOF,0.026591655772794903,0.7013973380872102,0.2720110061399948
25804,GOF,0.04172416543169625,0.7175220574300013,0.24075377713830232
25805,GOF,0.03586038822295273,0.7533699481329487,0.21076966364409858
25806,GOF,0.04953304174517358,0.7628918066373763,0.18757515161745014
25807,GOF,0.018117953000082777,0.6978910028373784,0.28399104416253884
25808,GOF,0.03336826509015801,0.754608196083185,0.21202353882665706
25809,GOF,0.017555055232827042,0.6540628584703205,0.3283820862968526
25810,GOF,0.015733316600429027,0.6501856599345756,0.3340810234649954
25811,GOF,0.08542890703489413,0.8004918250205273,0.1140792679445786
25812,GOF,0.04590632278987376,0.7349552710944481,0.21913840611567817
25813,GOF,0.22755960524973848,0.6503899439438625,0.122050450806399
25814,GOF,0.04282384343098323,0.7234659762098066,0.23371018035921015
25815,GOF,0.08825204925888439,0.7482973279998502,0.1634506227412655
25816,GOF,0.012684623931485173,0.8227535604899477,0.16456181557856708
25817,GOF,0.1394624937468539,0.6879753887622766,0.17256211749086953
25818,GOF,0.03248169210887877,0.7761740401587697,0.19134426773235153
25819,GOF,0.06472204069948091,0.6771407774466586,0.2581371818538604
25820,GOF,0.07009903378664221,0.6120978260658534,0.31780314014750455
25821,GOF,0.04598868903482466,0.6755149512922217,0.2784963596729536
25822,GOF,0.08264495669447049,0.638572672651974,0.27878237065355554
25823,GOF,0.03797887677564387,0.6640129855521395,0.29800813767221657
25824,GOF,0.03993012932423786,0.7432234805769723,0.21684639009878984
25825,GOF,0.02861400530424261,0.7425114563544141,0.22887453834134322
25826,GOF,0.014522583787588533,0.6903389935532055,0.295138422659206
25827,GOF,0.01916564504278753,0.6882924983986539,0.29254185655855847
25828,GOF,0.01217663792374286,0.716103199717169,0.27172016235908825
25829,GOF,0.00525791041488551,0.5959446952554994,0.39879739432961503
25830,LOF,0.05670136674425345,0.392827065096635,0.5504715681591115
25831,GOF,0.07466753022299105,0.7571513904371372,0.16818107933987175
25832,GOF,0.009615957822196094,0.7007830414747211,0.28960100070308276
25833,GOF,0.02921542079474388,0.7905361671202858,0.18024841208497025
25834,GOF,0.009910008519052254,0.7282053036051684,0.2618846878757791
25835,GOF,0.028351850639612805,0.8227852858954938,0.14886286346489347
25836,GOF,0.007943330579327952,0.7338710576016438,0.2581856118190281
25837,GOF,0.011526809918102093,0.7502792969932739,0.2381938930886239
25838,GOF,0.02350007373090137,0.811588568047278,0.16491135822182068
25839,GOF,0.06218848737432094,0.7451613559033452,0.19265015672233396
25840,GOF,0.10248313955513041,0.7190784260052336,0.17843843443963595
25841,GOF,0.08763528335846753,0.7777532853435608,0.13461143129797157
25842,GOF,0.027326351985540575,0.858349399817077,0.11432424819738236
25843,GOF,0.026293698731720598,0.8606301456514996,0.11307615561677978
25844,GOF,0.024174370635845148,0.8138740861498588,0.16195154321429617
25845,GOF,0.00825854628272822,0.7072209463256183,0.28452050739165347
25846,GOF,0.07798443643991618,0.8183393103854959,0.10367625317458802
25847,GOF,0.017959458005305556,0.8394107104999874,0.14262983149470695
25848,GOF,0.01883002949852038,0.7950170966771108,0.18615287382436865
25849,GOF,0.006641002671316374,0.7731891410543633,0.22016985627432023
25850,GOF,0.008148852374342269,0.6489777428691836,0.34287340475647415
25851,GOF,0.007324702892495667,0.5823012722452242,0.4103740248622801
25852,GOF,0.15691836080174917,0.4348663195257051,0.40821531967254576
25853,GOF,0.0753639515363775,0.7249565613071767,0.1996794871564458
25854,GOF,0.007573269803592915,0.6804561611213429,0.31197056907506426
25855,GOF,0.026964907966790956,0.5592743829341413,0.41376070909906776
25856,GOF,0.055470529824099925,0.6658393585393014,0.27869011163659874
25857,GOF,0.026972701394327343,0.5514415642830223,0.4215857343226504
25858,GOF,0.011025125914886505,0.5330613707196745,0.45591350336543907
25859,GOF,0.007992469579940015,0.5086081266118545,0.4833994038082055
25860,GOF,0.1214961819881184,0.652678452695772,0.22582536531610964
25861,GOF,0.11408286267997564,0.7527898656800678,0.13312727163995677
25862,GOF,0.02396761444658554,0.87980366843534,0.09622871711807435
25863,GOF,0.02107248615808755,0.8528744065808163,0.12605310726109614
25864,GOF,0.039642002245161095,0.876075872113964,0.08428212564087503
25865,GOF,0.038784653612238255,0.8613252801418664,0.09989006624589523
25866,GOF,0.019738002215455352,0.8588180975293391,0.12144390025520549
25867,GOF,0.045152475431331204,0.8612945397886629,0.09355298478000591
25868,GOF,0.08764081297347562,0.7310588059250467,0.18130038110147778
25869,GOF,0.36830063932756957,0.4931188241898489,0.13858053648258156
25870,LOF,0.08177430780164083,0.4493516286570182,0.468874063541341
25871,GOF,0.01061377047001464,0.7214113660857173,0.26797486344426796
25872,GOF,0.02410813751626175,0.7122812489915025,0.26361061349223575
25873,GOF,0.02391813547806958,0.8241629017862205,0.1519189627357099
25874,LOF,0.028878847025668484,0.12274006139200232,0.8483810915823292
25875,LOF,0.020769120251666624,0.17013903797910315,0.8090918417692303
25876,LOF,0.027765773956764325,0.07874168882796224,0.8934925372152734
25877,LOF,0.09949753860299189,0.26233350395610266,0.6381689574409054
25878,LOF,0.061504103983366566,0.36436456417049506,0.5741313318461384
25879,LOF,0.010178533697574555,0.22182971952454342,0.7679917467778821
25880,LOF,0.0512833976159213,0.02427177040418086,0.9244448319798979
25881,Neutral,0.40523972299961125,0.40488028886724636,0.18987998813314233
25882,LOF,0.03573373308603988,0.1271278464082487,0.8371384205057114
25883,LOF,0.027841719697481525,0.10822882715082069,0.8639294531516977
25884,LOF,0.012337318133469641,0.1727092016903365,0.814953480176194
25885,LOF,0.14416840652039717,0.04983152124650938,0.8060000722330934
25886,LOF,0.23066132932324493,0.26150318286960245,0.5078354878071526
25887,GOF,0.04168341513061525,0.5679134930097832,0.3904030918596016
25888,LOF,0.004370264500383952,0.44507200377830264,0.5505577317213135
25889,LOF,0.01991577468987645,0.14722571536538653,0.8328585099447371
25890,LOF,0.19642050293357444,0.2975104198360049,0.5060690772304206
25891,LOF,0.0847852388430435,0.11088546599385893,0.8043292951630976
25892,LOF,0.007508112569206023,0.0425056211327828,0.9499862662980113
25893,LOF,0.2672842312179471,0.015038200687339486,0.7176775680947133
25894,LOF,0.3144294836894438,0.009254464126225605,0.6763160521843306
25895,LOF,0.25977950951798284,0.023241003533919558,0.7169794869480975
25896,LOF,0.08863407090567867,0.04636898003189179,0.8649969490624296
25897,LOF,0.10080009283370328,0.02006180103317245,0.8791381061331243
25898,LOF,0.11065147920926614,0.04813751203946379,0.8412110087512701
25899,LOF,0.4257193479115147,0.04511349199575362,0.5291671600927317
25900,Neutral,0.7629175136392804,0.015581363532118024,0.22150112282860163
25901,LOF,0.0628302938328444,0.01412522249859433,0.9230444836685613
25902,LOF,0.07812114407325625,0.013086422900444422,0.9087924330262994
25903,LOF,0.162017949121048,0.04921391439135481,0.7887681364875974
25904,Neutral,0.49705829331611284,0.11313527238688352,0.3898064342970037
25905,LOF,0.008712509509539475,0.3495161969809902,0.6417712935094704
25906,LOF,0.00880404874479862,0.04224813848741791,0.9489478127677835
25907,LOF,0.007466489775160845,0.24393647786388584,0.7485970323609533
25908,LOF,0.007697137496648742,0.20787985089965832,0.784423011603693
25909,LOF,0.03834339568423237,0.07755085977095195,0.8841057445448157
25910,LOF,0.016573295553510628,0.09734565150546212,0.8860810529410272
25911,LOF,0.16257247192571908,0.07654253084270207,0.760884997231579
25912,LOF,0.12567238824261698,0.02340799923765749,0.8509196125197256
25913,LOF,0.012876723349153973,0.0820699516862304,0.9050533249646155
25914,LOF,0.04147980200882306,0.02975994916858706,0.9287602488225899
25915,LOF,0.15999334526723727,0.39440045330785717,0.44560620142490565
25916,LOF,0.012842100722590623,0.1803676766839941,0.8067902225934153
25917,LOF,0.0690915334120855,0.03752615724222251,0.8933823093456921
25918,LOF,0.04799902552980128,0.019647314415121492,0.9323536600550772
25919,LOF,0.03837931904560468,0.021234409915484396,0.940386271038911
25920,LOF,0.28922998067285044,0.35353851396396785,0.35723150536318177
25921,LOF,0.021582162805635997,0.03022119096374866,0.9481966462306154
25922,LOF,0.021438959718104528,0.02779286027428604,0.9507681800076094
25923,LOF,0.4459131708444746,0.017731452846030043,0.5363553763094954
25924,LOF,0.031126763478405952,0.026220143405693043,0.9426530931159011
25925,LOF,0.12658112552937828,0.03817294089549264,0.8352459335751291
25926,LOF,0.09823435323648876,0.02769074941492254,0.8740748973485888
25927,LOF,0.028811766575607196,0.04844762128060611,0.9227406121437868
25928,LOF,0.01626870687946952,0.015891284335872644,0.9678400087846579
25929,Neutral,0.5745551365532802,0.017387356883673332,0.40805750656304657
25930,LOF,0.06316644437820533,0.016752322694073812,0.9200812329277208
25931,LOF,0.016349668499320395,0.018693938421333798,0.9649563930793459
25932,LOF,0.0789026830021947,0.01262480869579489,0.9084725083020103
25933,LOF,0.09229426989999996,0.00812125007364397,0.8995844800263559
25934,LOF,0.08494318879572842,0.009719956416043925,0.9053368547882277
25935,LOF,0.11668768576601415,0.029318232546965514,0.8539940816870204
25936,LOF,0.09089926585883351,0.008590774282964602,0.9005099598582019
25937,LOF,0.016837613589463358,0.017237122517319032,0.9659252638932176
25938,LOF,0.11877153130613326,0.02600469980577827,0.8552237688880885
25939,LOF,0.06131938647254582,0.015275011526633499,0.9234056020008207
25940,LOF,0.008634824150489105,0.49333496195949234,0.4980302138900186
25941,Neutral,0.49974176513275737,0.14137154635373364,0.3588866885135091
25942,LOF,0.007204055970138878,0.1816422440048661,0.8111537000249951
25943,GOF,0.02762330105132103,0.5704186166785633,0.4019580822701157
25944,LOF,0.03252063464022118,0.46604693554082993,0.501432429818949
25945,LOF,0.11773953980290645,0.10724255768402463,0.775017902513069
25946,LOF,0.08887057786881283,0.0567696471748825,0.8543597749563048
25947,Neutral,0.48610699955584985,0.19436802769948258,0.3195249727446676
25948,Neutral,0.5068528220995325,0.020211492764660083,0.47293568513580736
25949,LOF,0.09188864419078224,0.05513751313769996,0.8529738426715179
25950,GOF,0.04572472329437259,0.7402590174804197,0.2140162592252078
25951,GOF,0.013131857857900865,0.5315706661094404,0.45529747603265885
25952,LOF,0.1198873597268915,0.38107516025119514,0.49903748002191334
25953,LOF,0.007021832664473015,0.42162600666165584,0.5713521606738712
25954,GOF,0.04934992242554115,0.6080000100232587,0.3426500675512002
25955,LOF,0.008319041797116712,0.350946063245233,0.6407348949576502
25956,LOF,0.010417002823357073,0.23412362472170806,0.7554593724549349
25957,LOF,0.22046709099996262,0.022036703299974366,0.757496205700063
25958,LOF,0.027593617732800436,0.05599658377667498,0.9164097984905245
25959,GOF,0.00505849083143581,0.6173060204241367,0.37763548874442737
25960,LOF,0.004756551275533393,0.11632198755673612,0.8789214611677306
25961,LOF,0.0264485230532071,0.06361149132831444,0.9099399856184784
25962,LOF,0.04429667482251247,0.12168428002878322,0.8340190451487043
25963,LOF,0.009961883068747585,0.31155870174816813,0.6784794151830843
25964,LOF,0.04724600804532884,0.1085560008758413,0.8441979910788298
25965,LOF,0.14596862113561263,0.22086134826161904,0.6331700306027683
25966,LOF,0.33624311857824907,0.18264505555278032,0.4811118258689708
25967,LOF,0.008465763590935631,0.05917402149374759,0.9323602149153167
25968,LOF,0.05800528945758066,0.2594715395248844,0.6825231710175349
25969,LOF,0.12683427707135742,0.05080274168756047,0.822362981241082
25970,LOF,0.04188705848587257,0.16997596471511045,0.7881369767990171
25971,LOF,0.05847481685476672,0.07908178650457531,0.8624433966406579
25972,LOF,0.06142430587972068,0.10471928187525024,0.833856412245029
25973,LOF,0.09438830978637047,0.008950959805308462,0.8966607304083211
25974,LOF,0.07285248461695969,0.0649769558173678,0.8621705595656725
25975,LOF,0.03367910045910555,0.012945446253177315,0.9533754532877171
25976,LOF,0.09543854201696121,0.011347370561554515,0.8932140874214843
25977,LOF,0.20616252402835683,0.06781962720441677,0.7260178487672263
25978,LOF,0.1572067088741077,0.11835953927303924,0.7244337518528531
25979,LOF,0.12193218868770778,0.12190602247017919,0.756161788842113
25980,LOF,0.1792703172913457,0.2344515033324606,0.5862781793761936
25981,LOF,0.18204965096415487,0.24020653809185682,0.5777438109439883
25982,LOF,0.2529817014298459,0.11431577587564819,0.632702522694506
25983,Neutral,0.4484580308190236,0.11772450528925701,0.4338174638917195
25984,LOF,0.04724207549115324,0.18806599609672273,0.7646919284121241
25985,Neutral,0.42607258621126837,0.24274553871408505,0.3311818750746466
25986,GOF,0.008260433418930924,0.518362930280618,0.47337663630045107
25987,LOF,0.026065418489162297,0.1287415787680432,0.8451930027427945
25988,LOF,0.03860260245490618,0.2737016837952351,0.6876957137498587
25989,LOF,0.04025095956961116,0.2985495661836946,0.6611994742466943
25990,LOF,0.042964027121848596,0.43440558173764743,0.5226303911405039
25991,GOF,0.03546331646288057,0.6252835684072083,0.339253115129911
25992,LOF,0.014734593763131689,0.3824742037069991,0.6027912025298692
25993,LOF,0.028094893783649485,0.1008291293230568,0.8710759768932937
25994,LOF,0.03472898262042552,0.11496741577277214,0.8503036016068024
25995,LOF,0.020050354564844802,0.2152939140668163,0.7646557313683388
25996,GOF,0.36108808368288914,0.5133363947907875,0.12557552152632334
25997,GOF,0.07666955185223423,0.6859464974486936,0.23738395069907217
25998,LOF,0.23936105443674563,0.04221598794207533,0.718422957621179
25999,LOF,0.028960839281267182,0.40029900288360937,0.5707401578351234
26000,LOF,0.16250821678554256,0.019405862756420155,0.8180859204580372
26001,LOF,0.14562352315148847,0.03971047577702598,0.8146660010714856
26002,LOF,0.10495130168761073,0.02862750659290908,0.8664211917194803
26003,GOF,0.007592259898404271,0.5784133120922343,0.4139944280093613
26004,GOF,0.016184871901800336,0.5448602728790931,0.43895485521910654
26005,LOF,0.005481796121659004,0.4761642444346852,0.5183539594436558
26006,GOF,0.10308355061590091,0.5704142355206689,0.3265022138634302
26007,GOF,0.00887682079654062,0.5575617153018038,0.43356146390165556
26008,GOF,0.007096104162673474,0.6018504126385817,0.39105348319874483
26009,GOF,0.013361672467049751,0.6386155372069395,0.34802279032601074
26010,GOF,0.011391951642322793,0.5196455003907837,0.4689625479668934
26011,LOF,0.006454538606008118,0.4351523917162577,0.5583930696777343
26012,GOF,0.0061935563402354555,0.5573089876102518,0.43649745604951257
26013,LOF,0.012824762813137549,0.48222757079997947,0.5049476663868829
26014,LOF,0.05923726702743466,0.07421123835262294,0.8665514946199424
26015,LOF,0.36439745067854346,0.07334354253037821,0.5622590067910784
26016,LOF,0.23634174484340179,0.17906694848589363,0.5845913066707046
26017,LOF,0.013519364403076235,0.47668691195069046,0.5097937236462333
26018,LOF,0.01874487276259817,0.20350966894872274,0.7777454582886791
26019,LOF,0.018572814050009087,0.1725008770160664,0.8089263089339246
26020,LOF,0.0060642661309781645,0.44711305538519314,0.5468226784838287
26021,LOF,0.07418078530908342,0.3130716458829088,0.6127475688080077
26022,LOF,0.04394365274863388,0.09149111845638241,0.8645652287949837
26023,LOF,0.027607939741300522,0.16248822500120952,0.8099038352574899
26024,LOF,0.045311990558700097,0.21069608289741246,0.7439919265438876
26025,LOF,0.14904732886885566,0.17623587169825358,0.6747167994328909
26026,LOF,0.13230379136889703,0.1254722219517238,0.7422239866793793
26027,LOF,0.028151766343270254,0.10028018279240619,0.8715680508643237
26028,LOF,0.06368898907409862,0.23145047132960772,0.7048605395962937
26029,LOF,0.03537913495333686,0.11819845111779102,0.8464224139288721
26030,LOF,0.14478340586680252,0.009747132886418838,0.8454694612467786
26031,LOF,0.017598587705257615,0.12473550126775726,0.8576659110269852
26032,LOF,0.02813122342500155,0.018429394989847712,0.9534393815851508
26033,LOF,0.04516031793377555,0.03597610254749206,0.9188635795187323
26034,LOF,0.02435106600534143,0.07251107326455102,0.9031378607301076
26035,LOF,0.014656501942880922,0.086879906457782,0.8984635915993371
26036,LOF,0.014156232999429518,0.06895062405406456,0.9168931429465059
26037,LOF,0.013330683283930922,0.06819882862794271,0.9184704880881264
26038,LOF,0.024184212699405128,0.018023019857284855,0.95779276744331
26039,LOF,0.03418855752635289,0.09954685937690105,0.866264583096746
26040,LOF,0.0703179091394565,0.1618882358261477,0.7677938550343958
26041,LOF,0.016486062404377937,0.08238489159349272,0.9011290460021293
26042,LOF,0.015100023966634667,0.09056752374176047,0.894332452291605
26043,LOF,0.024067839570702677,0.037826212289502205,0.9381059481397951
26044,LOF,0.00883512301530338,0.03593081884488193,0.9552340581398148
26045,LOF,0.08949803391031151,0.20587496829449958,0.7046269977951889
26046,LOF,0.023191975789536072,0.04091016231086099,0.9358978618996029
26047,LOF,0.055017564029920626,0.03616994171099888,0.9088124942590804
26048,LOF,0.08126894196951714,0.022847153018789847,0.895883905011693
26049,Neutral,0.9300586512555566,0.005640587720502299,0.06430076102394118
26050,Neutral,0.8862339729426394,0.007046178118104469,0.10671984893925616
26051,LOF,0.03205348016870568,0.25679863090229443,0.7111478889289998
26052,LOF,0.03680601186217849,0.17721025077716868,0.7859837373606529
26053,LOF,0.030243551091395086,0.06434662698949067,0.9054098219191142
26054,LOF,0.04953230736830631,0.08530666762673607,0.8651610250049576
26055,LOF,0.05350203001081686,0.0785383516513293,0.8679596183378538
26056,LOF,0.05073520017629674,0.08329843197791525,0.8659663678457881
26057,LOF,0.04239270653951929,0.019396608760311455,0.9382106847001692
26058,LOF,0.04607204655758501,0.015481782823046422,0.9384461706193685
26059,LOF,0.2431466122534201,0.11348520490710219,0.6433681828394777
26060,LOF,0.02068564987946073,0.23061812486655972,0.7486962252539796
26061,LOF,0.012868568640943009,0.013249547712309155,0.9738818836467479
26062,LOF,0.0059594942322617715,0.023074684405719515,0.9709658213620186
26063,LOF,0.03985792973286642,0.017659390538016066,0.9424826797291175
26064,LOF,0.008659405615313951,0.017331601449632077,0.9740089929350539
26065,LOF,0.041658761470942135,0.02168414442401171,0.9366570941050462
26066,LOF,0.04142692935029441,0.016517981814093412,0.9420550888356121
26067,LOF,0.04574398970461827,0.01535248751123859,0.9389035227841431
26068,LOF,0.04592507189493096,0.059247242434124235,0.8948276856709447
26069,LOF,0.15171495003154292,0.051730249875837714,0.7965548000926193
26070,LOF,0.3768486106179949,0.03168145315193906,0.591469936230066
26071,LOF,0.045254081514064674,0.020537636641264668,0.9342082818446705
26072,LOF,0.008234878639015359,0.02617660172523941,0.9655885196357451
26073,LOF,0.04619581703021993,0.01687272196225902,0.9369314610075211
26074,Neutral,0.6858152432550677,0.025947869422547475,0.2882368873223849
26075,LOF,0.03531775824421963,0.043781958721822674,0.9209002830339577
26076,LOF,0.05237325753096683,0.021489565060941084,0.9261371774080921
26077,LOF,0.16092729659811225,0.022823513921089267,0.8162491894807985
26078,LOF,0.00680057876124867,0.030010348881166167,0.9631890723575851
26079,LOF,0.05145790771687627,0.04312985050597101,0.9054122417771527
26080,LOF,0.05031071421722696,0.04312432692738379,0.9065649588553892
26081,LOF,0.04431984777289187,0.017041375599493414,0.9386387766276146
26082,LOF,0.0077546453748946875,0.023530335950566555,0.9687150186745387
26083,LOF,0.044522581501927595,0.04495009360515503,0.9105273248929173
26084,LOF,0.06612053673467622,0.019998407088220368,0.9138810561771034
26085,LOF,0.0602090930910952,0.018336152235840463,0.9214547546730644
26086,LOF,0.036016353765358264,0.02731766667959806,0.9366659795550436
26087,LOF,0.04228838700374606,0.02194823712862686,0.935763375867627
26088,LOF,0.007022109402714601,0.04725892233604279,0.9457189682612426
26089,LOF,0.03271705970187857,0.06392906534127112,0.9033538749568504
26090,LOF,0.03247960483036832,0.053651429764341056,0.9138689654052906
26091,LOF,0.0352213153967166,0.018534910354800663,0.9462437742484828
26092,LOF,0.04502272626715642,0.016134545680799382,0.9388427280520442
26093,LOF,0.0667938855446359,0.011168574275821434,0.9220375401795426
26094,LOF,0.04218196945110732,0.015982924807394834,0.9418351057414979
26095,LOF,0.011242032440630156,0.03533087277359773,0.9534270947857721
26096,LOF,0.307456467558769,0.006022048316281109,0.6865214841249498
26097,LOF,0.006412477596845941,0.06775602801256184,0.9258314943905922
26098,LOF,0.054064490445895355,0.04384538496045198,0.9020901245936526
26099,LOF,0.044400541176483704,0.0529603419520371,0.9026391168714791
26100,LOF,0.044400541176483704,0.0529603419520371,0.9026391168714791
26101,LOF,0.04608957981933665,0.06221346090109543,0.8916969592795679
26102,LOF,0.03802645036078397,0.026424346898768138,0.935549202740448
26103,Neutral,0.8596683294005165,0.05418139408859322,0.08615027651089006
26104,LOF,0.041977715861573034,0.11802160642494179,0.8400006777134852
26105,LOF,0.21767475267151865,0.28811160503681743,0.49421364229166387
26106,LOF,0.24657624473351603,0.16615282872837198,0.587270926538112
26107,LOF,0.013480428683800817,0.1885222911719773,0.7979972801442219
26108,LOF,0.1500566127439903,0.22257917949800932,0.6273642077580004
26109,LOF,0.052222148609240605,0.03150757225227265,0.9162702791384868
26110,Neutral,0.49121198111015496,0.0314392078242804,0.47734881106556454
26111,LOF,0.05611968573930024,0.232358490008912,0.7115218242517879
26112,LOF,0.06195294053536668,0.02830321224824058,0.9097438472163927
26113,LOF,0.05817502906895047,0.05074560662058158,0.891079364310468
26114,LOF,0.09969396700037933,0.021718301480632963,0.8785877315189877
26115,LOF,0.018211318918280043,0.14838930342423645,0.8333993776574834
26116,LOF,0.06045907024439446,0.05363017885518256,0.8859107509004229
26117,LOF,0.2942614015593296,0.06833284272412996,0.6374057557165403
26118,LOF,0.0411190193011785,0.02407161360011826,0.9348093670987032
26119,LOF,0.005751573880319337,0.09912534587135448,0.8951230802483262
26120,LOF,0.029603852354376896,0.022581443419313216,0.9478147042263099
26121,LOF,0.00394446237257353,0.1173732008942656,0.8786823367331608
