feature0,prediction,LoGoFunc_Neutral,LoGoFunc_GOF,LoGoFunc_LOF
25546,Neutral,0.758689927181617,0.030859839947949587,0.2104502328704334
25547,Neutral,0.5898288242726445,0.08535107631384083,0.32482009941351464
25548,Neutral,0.569976918553678,0.06250775731446472,0.3675153241318573
25549,Neutral,0.4851463246963841,0.06284289227407652,0.4520107830295393
25550,LOF,0.32855512129215664,0.1397896744433205,0.5316552042645228
25551,LOF,0.28090995595948526,0.15117554810635014,0.5679144959341647
25552,LOF,0.18880345168464477,0.15729753164169905,0.6538990166736562
25553,Neutral,0.8280187678910659,0.034622109163777295,0.13735912294515676
25554,LOF,0.22185691185757547,0.1461786000877932,0.6319644880546313
25555,LOF,0.1796487164718639,0.12044194607486314,0.699909337453273
25556,LOF,0.37675606342376255,0.12615636032530483,0.4970875762509326
25557,LOF,0.17890603993934348,0.12871038410018618,0.6923835759604704
25558,LOF,0.22329529814714585,0.14247634533176842,0.6342283565210858
25559,LOF,0.3980011016931836,0.0708331505572142,0.5311657477496022
25560,LOF,0.05169494026876367,0.1995883526466536,0.7487167070845828
25561,LOF,0.09514056029402447,0.22996926512083574,0.6748901745851399
25562,LOF,0.09910861534538394,0.10395331962620367,0.7969380650284124
25563,LOF,0.10197721633877378,0.10084870160753229,0.7971740820536939
25564,LOF,0.1577283395170803,0.19096513959576297,0.6513065208871567
25565,LOF,0.1406337457285876,0.16025859573135076,0.6991076585400615
25566,GOF,0.014965498282703476,0.7534313399475597,0.2316031617697368
25567,LOF,0.014800741787222354,0.1429244434069326,0.842274814805845
25568,LOF,0.051114138928038844,0.06295319402726322,0.885932667044698
25569,LOF,0.06152038999386108,0.06724198053916819,0.8712376294669707
25570,LOF,0.06579863343444675,0.09928195380712712,0.8349194127584262
25571,LOF,0.05972270475483964,0.09555840298064397,0.8447188922645164
25572,LOF,0.07086733567806988,0.1459675566102105,0.7831651077117197
25573,LOF,0.02906638952793554,0.09923254456964542,0.871701065902419
25574,LOF,0.016936695509123533,0.16841413882397469,0.8146491656669018
25575,LOF,0.04566233902594668,0.103342906724148,0.8509947542499052
25576,LOF,0.0211559618324949,0.12604324486945612,0.8528007932980489
25577,LOF,0.016399545078206793,0.14310357314001668,0.8404968817817765
25578,LOF,0.2311861944784901,0.0915109736837111,0.6773028318377988
25579,LOF,0.23159694032751435,0.09072530793644873,0.6776777517360371
25580,LOF,0.03274369962652138,0.08716168575161579,0.8800946146218628
25581,LOF,0.04856480651047913,0.0724635170803569,0.8789716764091641
25582,LOF,0.048173613311317816,0.06998685255680767,0.8818395341318744
25583,LOF,0.04387640380196091,0.09793363619086816,0.8581899600071708
25584,LOF,0.43134773796312337,0.09453135945265095,0.4741209025842256
25585,LOF,0.03500846551266045,0.11216148216724546,0.8528300523200941
25586,LOF,0.035426559986898525,0.07793678249137694,0.8866366575217245
25587,LOF,0.03257507533119196,0.07836733841965808,0.8890575862491501
25588,LOF,0.034428615360212717,0.09756863386589319,0.8680027507738941
25589,Neutral,0.5874156554955752,0.105374575261996,0.3072097692424289
25590,LOF,0.02878475456147994,0.14097648425238715,0.8302387611861329
25591,LOF,0.10196777720790574,0.06063395027852782,0.8373982725135664
25592,LOF,0.09700663860222136,0.1341919435749404,0.7688014178228382
25593,LOF,0.01717618000230726,0.2605348209033566,0.7222889990943362
25594,LOF,0.03483339388063354,0.22053573494669665,0.7446308711726698
25595,LOF,0.05431369610296902,0.16420454221090738,0.7814817616861235
25596,LOF,0.05666598962986201,0.11980873450245468,0.8235252758676833
25597,LOF,0.05798865464409951,0.08999026357911323,0.8520210817767873
25598,LOF,0.04201604511236446,0.20702839942403636,0.7509555554635992
25599,GOF,0.00799877845304696,0.8038968494986555,0.18810437204829755
25600,GOF,0.010647865458081567,0.5863554542462586,0.40299668029565994
25601,LOF,0.007957521338348646,0.4764709720670518,0.5155715065945995
25602,LOF,0.022574492531578,0.05677421885304178,0.9206512886153804
25603,LOF,0.03683919888406926,0.042347570014238375,0.9208132311016923
25604,LOF,0.04931055969861988,0.06229592607243012,0.88839351422895
25605,LOF,0.009835006739702704,0.27110083983548333,0.719064153424814
25606,GOF,0.06012550248662891,0.4863623248342338,0.4535121726791373
25607,LOF,0.004445450716121853,0.18418058960599346,0.8113739596778846
25608,LOF,0.06608427745553817,0.05417748655007434,0.8797382359943875
25609,LOF,0.06534279185356355,0.3692924301765242,0.5653647779699124
25610,LOF,0.048818077360710255,0.028847781997806046,0.9223341406414838
25611,LOF,0.052447079323204346,0.02598976820132537,0.9215631524754703
25612,LOF,0.10422957002519144,0.046445224546160596,0.8493252054286481
25613,LOF,0.08944327882889117,0.044338392180187286,0.8662183289909215
25614,LOF,0.037612033841613435,0.03686391605514049,0.925524050103246
25615,LOF,0.05778292363059878,0.036220873873810365,0.9059962024955908
25616,LOF,0.03861729978041445,0.03554324765625368,0.9258394525633318
25617,LOF,0.03639851644918961,0.04117678654401299,0.9224246970067974
25618,LOF,0.23412021062444752,0.03605887371039248,0.7298209156651599
25619,LOF,0.03696399796200548,0.032228208115048756,0.9308077939229458
25620,LOF,0.040935966169667576,0.04418270258523402,0.9148813312450983
25621,LOF,0.036726009815027806,0.032495717228740215,0.9307782729562321
25622,LOF,0.0323527166667253,0.043765391911993516,0.9238818914212813
25623,LOF,0.06900941534213899,0.033349283079351394,0.8976413015785096
25624,LOF,0.030769269197994522,0.042363844313427976,0.9268668864885775
25625,LOF,0.037582718438652615,0.05002678975060998,0.9123904918107375
25626,LOF,0.07836373799731632,0.03351640917224774,0.8881198528304358
25627,Neutral,0.5619357378986478,0.10520234547386821,0.33286191662748393
25628,LOF,0.1959607567197587,0.05539693811196596,0.7486423051682753
25629,LOF,0.07191021376705045,0.13075698100889704,0.7973328052240525
25630,LOF,0.1954667531685952,0.09697983539816195,0.7075534114332428
25631,Neutral,0.5810922806728706,0.06930559087628399,0.3496021284508456
25632,LOF,0.026796481513659896,0.08806312013513537,0.8851403983512046
25633,LOF,0.25530939042972833,0.10252631253891695,0.6421642970313548
25634,LOF,0.03705837323508496,0.11889140488920094,0.8440502218757141
25635,LOF,0.04609735716243632,0.10772160439236432,0.8461810384451993
25636,GOF,0.0063471796146248646,0.6256467396885143,0.36800608069686086
25637,GOF,0.005255654529642091,0.5290909357086708,0.465653409761687
25638,LOF,0.009442479263009838,0.43297920525892464,0.5575783154780655
25639,LOF,0.005323512819345997,0.4212845490487164,0.5733919381319377
25640,GOF,0.4214449353846253,0.5311001956653078,0.04745486895006693
25641,LOF,0.006240933840289481,0.3050985532633601,0.6886605128963503
25642,LOF,0.24019043941463303,0.07382887836209379,0.6859806822232732
25643,LOF,0.17630201524250688,0.25219738484616894,0.5715005999113242
25644,GOF,0.02523019075062884,0.5881288915260376,0.3866409177233336
25645,GOF,0.019598324203313196,0.5318406747559777,0.44856100104070906
25646,LOF,0.019384908723900494,0.3911827304912143,0.5894323607848851
25647,LOF,0.017604055967300625,0.2994217469676121,0.6829741970650873
25648,LOF,0.01513827658189704,0.3063676285754473,0.6784940948426557
25649,LOF,0.013161499491899861,0.23886589034007286,0.7479726101680273
25650,GOF,0.04085235121422003,0.5538469251828622,0.4053007236029179
25651,LOF,0.012121597299951327,0.27226604607948585,0.7156123566205628
25652,LOF,0.01821621856933859,0.2669891843240447,0.7147945971066166
25653,LOF,0.08027432586295673,0.455867041036537,0.4638586331005064
25654,LOF,0.014092025412164966,0.29306912913355426,0.6928388454542809
25655,LOF,0.10712687048107736,0.3763306811940402,0.5165424483248826
25656,LOF,0.05731545900776251,0.06669471040015802,0.8759898305920795
25657,LOF,0.30337391579848183,0.028454570102429654,0.6681715140990886
25658,LOF,0.028027906414796386,0.10976890660638207,0.8622031869788217
25659,LOF,0.22868391041790062,0.0736744659148542,0.6976416236672451
25660,LOF,0.10190363867984635,0.09396563771933894,0.8041307236008147
25661,LOF,0.08088807188492633,0.06916746943801833,0.8499444586770553
25662,LOF,0.03377931999582167,0.0475556905081586,0.9186649894960197
25663,LOF,0.04317369052035051,0.0810434033088542,0.8757829061707952
25664,LOF,0.029574144971478908,0.1305249527158918,0.8399009023126293
25665,LOF,0.05213757804416524,0.047717418178810984,0.9001450037770238
25666,LOF,0.03943546271389677,0.17357981364802863,0.7869847236380746
25667,LOF,0.033114579429686465,0.062360532715185796,0.9045248878551279
25668,LOF,0.041710103815908874,0.06081771977764236,0.8974721764064488
25669,LOF,0.052638463642939434,0.0986963662075684,0.8486651701494922
25670,LOF,0.1405341191220217,0.10534687453162028,0.7541190063463579
25671,LOF,0.04079547233222802,0.05402430010571873,0.9051802275620532
25672,LOF,0.050511963772293035,0.08081993674182847,0.8686680994858784
25673,LOF,0.03729215201468869,0.08924824817256695,0.8734595998127443
25674,LOF,0.027341225735431966,0.10041003370574506,0.8722487405588231
25675,LOF,0.03613088980195735,0.08692586814137675,0.876943242056666
25676,LOF,0.03557923850641235,0.06728282008223668,0.8971379414113511
25677,LOF,0.08886977158321671,0.06240708585804772,0.8487231425587356
25678,LOF,0.15875614318784084,0.05474756264268062,0.7864962941694784
25679,LOF,0.10025090589809196,0.08256981085646778,0.8171792832454402
25680,LOF,0.09106368708690271,0.0927501192669535,0.8161861936461438
25681,LOF,0.10193020666062412,0.08766513104390365,0.8104046622954721
25682,LOF,0.0551913403893226,0.07386568542622143,0.870942974184456
25683,LOF,0.07653742643663035,0.11670985228833576,0.806752721275034
25684,LOF,0.06606448170671808,0.07292424868370201,0.86101126960958
25685,LOF,0.11131159563023127,0.04375622295584203,0.8449321814139268
25686,LOF,0.03509835802876638,0.0907731830402351,0.8741284589309986
25687,LOF,0.061859912480018646,0.08220965093246452,0.8559304365875169
25688,LOF,0.01924200920946872,0.09897553866674946,0.8817824521237818
25689,LOF,0.016027968621833585,0.05835628819358171,0.9256157431845846
25690,LOF,0.017970767819614285,0.065628559626086,0.9164006725542997
25691,LOF,0.11324431027674858,0.10273385384503826,0.7840218358782133
25692,LOF,0.18485896298714224,0.015719942220946147,0.7994210947919116
25693,LOF,0.04614977220928745,0.15015074166609518,0.8036994861246174
25694,LOF,0.2767359870204722,0.01521097891635043,0.7080530340631773
25695,LOF,0.20641995707945407,0.02154593988587105,0.772034103034675
25696,LOF,0.1644533701290962,0.012754826603616322,0.8227918032672874
25697,LOF,0.10928367345677141,0.03282919268713094,0.8578871338560977
25698,LOF,0.02194235184449185,0.3299378462230942,0.648119801932414
25699,LOF,0.08196354151453421,0.08959181324191626,0.8284446452435497
25700,LOF,0.03320720175009092,0.015678510245294756,0.9511142880046142
25701,LOF,0.0171792145753515,0.08750846709568945,0.895312318328959
25702,GOF,0.023690883086886782,0.7346374005097795,0.24167171640333376
25703,LOF,0.014993975127537479,0.20285540162847912,0.7821506232439834
25704,LOF,0.08873715123459279,0.1983285498510638,0.7129342989143435
25705,LOF,0.09115323167975897,0.27649438272708976,0.6323523855931512
25706,GOF,0.023675131964310845,0.6206547282632292,0.35567013977246004
25707,GOF,0.028325665640692863,0.6199426295931282,0.3517317047661789
25708,GOF,0.008643219229110178,0.5898790033210211,0.4014777774498688
25709,LOF,0.02603864360662632,0.09662059469625824,0.8773407616971155
25710,LOF,0.005577485353814577,0.2580042632679215,0.7364182513782639
25711,LOF,0.031350080842654456,0.14871296344123427,0.8199369557161112
25712,LOF,0.007373310135784544,0.31334136749788477,0.6792853223663305
25713,LOF,0.025317884734008735,0.1323469432475741,0.8423351720184171
25714,LOF,0.028869620593528003,0.17506157290825455,0.7960688064982174
25715,LOF,0.03109043232067136,0.14362258803456107,0.8252869796447676
25716,LOF,0.009309578462232685,0.16831203158448496,0.8223783899532824
25717,LOF,0.005590341826459916,0.17834614971880497,0.8160635084547351
25718,LOF,0.02651334654190288,0.1087601173448082,0.8647265361132889
25719,LOF,0.03772360762242425,0.12486857681737938,0.8374078155601964
25720,LOF,0.03576864872459895,0.11586244638665594,0.8483689048887452
25721,LOF,0.03176222983468742,0.11109497459026503,0.8571427955750475
25722,LOF,0.02025169876205493,0.15548499293069631,0.8242633083072488
25723,LOF,0.030840528513691377,0.1023629087334661,0.8667965627528426
25724,LOF,0.03012842802949973,0.19079966732558773,0.7790719046449126
25725,LOF,0.030526658078528942,0.09940901722170722,0.8700643246997639
25726,LOF,0.020096522769453413,0.13987667612031268,0.8400268011102339
25727,LOF,0.026819174293899257,0.14198610068404005,0.8311947250220607
25728,LOF,0.02936860043748776,0.12240664002181909,0.8482247595406932
25729,LOF,0.028127084491510558,0.13533449672434358,0.8365384187841458
25730,LOF,0.030404815385448633,0.09819311247753897,0.8714020721370124
25731,LOF,0.011261821496350834,0.2240522672469308,0.7646859112567184
25732,LOF,0.022998307685010138,0.116103398133565,0.8608982941814248
25733,LOF,0.03846461767279821,0.11661513404876733,0.8449202482784345
25734,LOF,0.0065070262413950836,0.30279681679258347,0.6906961569660215
25735,LOF,0.027857750877168456,0.09539958911396097,0.8767426600088705
25736,LOF,0.025896389967322304,0.15376172008145234,0.8203418899512254
25737,LOF,0.059210780566037464,0.14952955681144284,0.7912596626225196
25738,LOF,0.028102595503401325,0.1790751808972044,0.7928222235993942
25739,LOF,0.031175490024124494,0.1516910750111138,0.8171334349647618
25740,LOF,0.03335094070999853,0.16182810961376842,0.8048209496762331
25741,LOF,0.038911875997999085,0.14538889174743688,0.8156992322545641
25742,LOF,0.052683739111667675,0.14845336425023548,0.7988628966380968
25743,LOF,0.013203857640386611,0.02498980544232561,0.9618063369172878
25744,LOF,0.23252422484370527,0.24374822082693184,0.5237275543293629
25745,LOF,0.05207154605552409,0.07328124161260255,0.8746472123318733
25746,LOF,0.019596984726214836,0.0995951446957728,0.8808078705780124
25747,LOF,0.041835728704272705,0.02503116823490977,0.9331331030608176
25748,LOF,0.2952266808391159,0.04630130429066091,0.6584720148702232
25749,LOF,0.015860413802708497,0.055163768564774174,0.9289758176325174
25750,LOF,0.02453355411316154,0.058643823923206176,0.9168226219636323
25751,LOF,0.042345599944945016,0.04346700039565465,0.9141873996594003
25752,GOF,0.08815749833464079,0.7118892992264109,0.1999532024389483
25753,LOF,0.006291026294710595,0.4286834531913438,0.5650255205139456
25754,GOF,0.007463050693972279,0.8920123720262142,0.10052457727981348
25755,LOF,0.006070686900484905,0.46002504003191147,0.5339042730676037
25756,LOF,0.02403431638717876,0.47410346080226345,0.5018622228105577
25757,GOF,0.008506948557157622,0.8783068701331573,0.11318618130968512
25758,GOF,0.009072002365990971,0.8711662331795134,0.11976176445449564
25759,GOF,0.005761863414535666,0.6781473724831139,0.31609076410235043
25760,LOF,0.00511886335880297,0.35478634284510385,0.6400947937960931
25761,GOF,0.045950488206701084,0.8530049526670278,0.10104455912627111
25762,LOF,0.02741444661472999,0.4122624953928544,0.5603230579924156
25763,LOF,0.00551259931135226,0.30968908893717606,0.6847983117514717
25764,GOF,0.05474967253038881,0.6500207202246122,0.2952296072449989
25765,GOF,0.007491081298828701,0.8835457481675576,0.10896317053361376
25766,GOF,0.0473600916156001,0.8317556781287058,0.12088423025569418
25767,GOF,0.01909788993063811,0.5082526174047366,0.4726494926646253
25768,LOF,0.056776107620892226,0.05952383542362975,0.883700056955478
25769,LOF,0.03474456185882323,0.07632349349172561,0.8889319446494511
25770,LOF,0.14868719075107278,0.06859106529385398,0.7827217439550731
25771,LOF,0.018207397790440297,0.06065299989321882,0.9211396023163408
25772,LOF,0.03396775771495253,0.024580477457914293,0.9414517648271332
25773,LOF,0.02118976840572803,0.06629943051542656,0.9125108010788453
25774,LOF,0.028032625347445078,0.09504984765159014,0.8769175270009648
25775,LOF,0.021403972535674238,0.03764626599601184,0.9409497614683139
25776,LOF,0.033689726321187524,0.019493626505130094,0.9468166471736824
25777,LOF,0.1653338731500126,0.06466363731597827,0.7700024895340092
25778,LOF,0.027469934604030292,0.043735272597495385,0.9287947927984744
25779,GOF,0.07046489437555177,0.8674570142579512,0.06207809136649686
25780,GOF,0.0961630275015625,0.8570811148862592,0.046755857612178375
25781,GOF,0.03809224654277997,0.8624343432204676,0.09947341023675227
25782,GOF,0.042998323388805416,0.904406480658617,0.0525951959525777
25783,GOF,0.042150775880614506,0.9152449179667574,0.04260430615262789
25784,GOF,0.1260187800653322,0.827500506682429,0.046480713252238876
25785,GOF,0.1211202993589261,0.8452568811568497,0.03362281948422435
25786,GOF,0.012579293954264867,0.8865227699751141,0.1008979360706209
25787,GOF,0.2716397733729901,0.6908591876098004,0.0375010390172095
25788,LOF,0.01674939993857186,0.1642315678450396,0.8190190322163885
25789,GOF,0.021716585400227723,0.83787619543669,0.14040721916308233
25790,GOF,0.032893013725378215,0.8733527131608031,0.09375427311381873
25791,GOF,0.031975757690910905,0.7599495156437714,0.20807472666531782
25792,GOF,0.037883476781795766,0.8017792872305314,0.16033723598767274
25793,GOF,0.07458576524000558,0.8242298788721691,0.10118435588782526
25794,GOF,0.05573809283123438,0.7445004415589909,0.1997614656097748
25795,GOF,0.057712395711284,0.7214430602895053,0.2208445439992107
25796,GOF,0.14931634797034238,0.7739432237456746,0.07674042828398318
25797,GOF,0.09128075366383549,0.7354194605907969,0.17329978574536764
25798,GOF,0.007175798766654308,0.7387410313674134,0.2540831698659324
25799,GOF,0.004455197634210173,0.662610787645396,0.33293401472039375
25800,GOF,0.02884249939080954,0.8192701220458771,0.1518873785633132
25801,GOF,0.0254690588477022,0.8989758055508753,0.07555513560142234
25802,GOF,0.034475398501017496,0.792390967440219,0.1731336340587635
25803,GOF,0.02269721269194752,0.6888715868707166,0.28843120043733594
25804,GOF,0.034590990567919255,0.7424235768839789,0.2229854325481019
25805,GOF,0.0340440049156983,0.7598626806485206,0.20609331443578124
25806,GOF,0.04815480207578655,0.7684625890936574,0.18338260883055613
25807,GOF,0.014205144288977836,0.7317793631868744,0.2540154925241476
25808,GOF,0.02772192844634583,0.7546096719909414,0.2176683995627127
25809,GOF,0.012474494260044712,0.6974440021484609,0.2900815035914945
25810,GOF,0.010772234737655796,0.673507708354838,0.31572005690750615
25811,GOF,0.06320269306857254,0.8681279622293235,0.06866934470210391
25812,GOF,0.032086603662023025,0.7660285607269686,0.20188483561100848
25813,GOF,0.16228652144800024,0.7611580161317968,0.07655546242020304
25814,GOF,0.033988430985446516,0.7676514504322858,0.19836011858226774
25815,GOF,0.0713094952484747,0.8201206376081749,0.10856986714335044
25816,GOF,0.010555139087779627,0.8552687079165279,0.13417615299569247
25817,GOF,0.11001122564905637,0.779102061176497,0.1108867131744467
25818,GOF,0.032061300020036244,0.7558465920536865,0.2120921079262772
25819,GOF,0.05371838580926483,0.7337610744116273,0.21252053977910781
25820,GOF,0.049123724220220544,0.6919927487858674,0.2588835269939122
25821,GOF,0.032738656244691834,0.7490676725907688,0.21819367116453947
25822,GOF,0.06813765593188402,0.6979354814194856,0.23392686264863038
25823,GOF,0.030307384128758726,0.676280566966877,0.2934120489043642
25824,GOF,0.03563458146210214,0.7515755788700383,0.21278983966785942
25825,GOF,0.027384928217862068,0.7373307135261535,0.23528435825598445
25826,GOF,0.012512816739710858,0.6875995873896008,0.2998875958706884
25827,GOF,0.01649665015884208,0.660878274195056,0.32262507564610193
25828,GOF,0.013454902913997218,0.7058272062368215,0.28071789084918125
25829,GOF,0.004409149378201906,0.6402249074411429,0.35536594318065534
25830,GOF,0.03891474165584786,0.5009890850895616,0.4600961732545905
25831,GOF,0.05998671176200829,0.7897822862158056,0.1502310020221861
25832,GOF,0.010056338650872161,0.7172724170507168,0.2726712442984113
25833,GOF,0.037905968845269235,0.78796038691419,0.17413364424054065
25834,GOF,0.010450070167533222,0.7386229200631172,0.25092700976934956
25835,GOF,0.026327723102248686,0.8006239640574437,0.1730483128403076
25836,GOF,0.0074254945188355495,0.7177271815151047,0.2748473239660596
25837,GOF,0.01028055060988793,0.7464924540185887,0.2432269953715233
25838,GOF,0.026264887053105517,0.8173125517455081,0.15642256120138634
25839,GOF,0.07482484972037161,0.7927062843322898,0.13246886594733853
25840,GOF,0.0940122844192287,0.7691208466516193,0.1368668689291521
25841,GOF,0.091823525226856,0.7999485691547714,0.10822790561837266
25842,GOF,0.031151308147039484,0.8568243127056663,0.11202437914729418
25843,GOF,0.03127191925079234,0.8608888696024259,0.10783921114678165
25844,GOF,0.02161205719818423,0.7978101368880345,0.18057780591378125
25845,GOF,0.00642486448155228,0.7048747306422579,0.28870040487618986
25846,GOF,0.06500176153275683,0.8214686770826232,0.11352956138461993
25847,GOF,0.018630753192911742,0.8635910633430997,0.11777818346398859
25848,GOF,0.029078322035706792,0.8140099878546279,0.15691169010966524
25849,GOF,0.008348021099831472,0.7928512536235011,0.19880072527666753
25850,GOF,0.0072634240443508495,0.7009525704482517,0.2917840055073975
25851,GOF,0.006790381695805611,0.6520302288011166,0.34117938950307786
25852,GOF,0.15161909126848888,0.5415962969915455,0.3067846117399656
25853,GOF,0.06868477461192578,0.7842011206458624,0.1471141047422117
25854,GOF,0.006262656942872228,0.6813838731238289,0.3123534699332989
25855,GOF,0.020750085769070014,0.6636039815755489,0.3156459326553811
25856,GOF,0.042279594027005596,0.7392901921509349,0.21843021382205943
25857,GOF,0.021235025505486543,0.676606873639502,0.3021581008550115
25858,GOF,0.010663577387354154,0.649466527471599,0.33986989514104676
25859,GOF,0.0075761202595480285,0.611274467210079,0.3811494125303728
25860,GOF,0.07845826208970141,0.7515448914918004,0.16999684641849824
25861,GOF,0.10489606310340382,0.784398765658727,0.11070517123786917
25862,GOF,0.02673426320004637,0.8627686278533352,0.11049710894661843
25863,GOF,0.023914536424642443,0.8627413874797365,0.11334407609562117
25864,GOF,0.06534307527492729,0.8621544835846282,0.07250244114044456
25865,GOF,0.054099155552801065,0.8274685308714891,0.11843231357570996
25866,GOF,0.026935857240519615,0.8519037370613931,0.12116040569808739
25867,GOF,0.04382449095980931,0.8519356829596664,0.10423982608052425
25868,GOF,0.0748466672263648,0.7817121447968122,0.14344118797682312
25869,GOF,0.3625852355259517,0.5296724892079892,0.10774227526605917
25870,GOF,0.07473100339442303,0.5207791901547035,0.4044898064508734
25871,GOF,0.00967189685432587,0.8240290210016294,0.16629908214404462
25872,GOF,0.02298730115111916,0.7862230126643232,0.19078968618455763
25873,GOF,0.021711390486996003,0.8544023749055465,0.12388623460745742
25874,LOF,0.018343279800561746,0.18540051406892977,0.7962562061305085
25875,LOF,0.028151303633751276,0.08046629235990851,0.8913824040063403
25876,LOF,0.02087343766081387,0.04862282115207788,0.9305037411871083
25877,LOF,0.10293482726343599,0.1555628080838795,0.7415023646526846
25878,LOF,0.07566844622152781,0.18055714343238818,0.7437744103460839
25879,LOF,0.011913982486498179,0.13222621254124606,0.8558598049722558
25880,LOF,0.07393626107691124,0.018854331020697758,0.907209407902391
25881,Neutral,0.5530640271887147,0.10397829338462493,0.34295767942666033
25882,LOF,0.07028201458225428,0.02989740253026956,0.8998205828874761
25883,LOF,0.031895870192707405,0.03026688772793672,0.9378372420793559
25884,LOF,0.01989677830327879,0.04799243884706652,0.9321107828496548
25885,LOF,0.20961790640372255,0.015463665850164524,0.774918427746113
25886,LOF,0.2802354717386657,0.059340544414039346,0.6604239838472948
25887,LOF,0.08956971937395809,0.129106629405383,0.781323651220659
25888,LOF,0.007906353036581085,0.16921405828103164,0.8228795886823873
25889,LOF,0.02768513110260266,0.0438949612339218,0.9284199076634755
25890,LOF,0.20168990926559852,0.05903205497397635,0.7392780357604252
25891,LOF,0.11559707599102977,0.02802661657778859,0.8563763074311816
25892,LOF,0.009227116796575318,0.034703091599229276,0.9560697916041954
25893,LOF,0.34477629628933,0.01080008364638367,0.6444236200642863
25894,LOF,0.34840985493182425,0.007826184449384578,0.6437639606187912
25895,LOF,0.27349611155109704,0.016074317383538442,0.7104295710653644
25896,LOF,0.07480494324977363,0.03133590980267782,0.8938591469475485
25897,LOF,0.11765905356635956,0.011681964444965418,0.870658981988675
25898,LOF,0.10700463520962393,0.031841113788669044,0.861154251001707
25899,LOF,0.4035034488981772,0.0364371673514782,0.5600593837503446
25900,LOF,0.49111647525202723,0.01077009929638721,0.49811342545158566
25901,LOF,0.09412599956053717,0.012824223109298344,0.8930497773301644
25902,LOF,0.09868556873207274,0.015662659175951724,0.8856517720919757
25903,LOF,0.2350270343732191,0.027802586128009107,0.7371703794987718
25904,Neutral,0.5089516688225432,0.047969914357881824,0.443078416819575
25905,LOF,0.008186172174204812,0.4174092853476236,0.5744045424781715
25906,LOF,0.010233658547916427,0.07428330471032699,0.9154830367417566
25907,LOF,0.009703339118160362,0.24823130319978967,0.74206535768205
25908,LOF,0.00983192206162042,0.25253244065108643,0.7376356372872931
25909,LOF,0.03527699909529967,0.1020326547353446,0.8626903461693557
25910,LOF,0.011185568480495976,0.12275325001391595,0.8660611815055882
25911,LOF,0.2104389831726525,0.02185143714446956,0.767709579682878
25912,LOF,0.10326085296094614,0.018269216962221082,0.8784699300768328
25913,LOF,0.018151933599647382,0.026998400053042538,0.9548496663473102
25914,LOF,0.04414841799981823,0.021668831022505334,0.9341827509776764
25915,LOF,0.1735620266307675,0.12934399945799033,0.6970939739112422
25916,LOF,0.016686262036585207,0.07350393898980737,0.9098097989736075
25917,LOF,0.07425040460456354,0.02468410135480664,0.9010654940406299
25918,LOF,0.03838562585870186,0.012540638349694964,0.9490737357916033
25919,LOF,0.03429867034727163,0.013089424239144476,0.952611905413584
25920,LOF,0.33034644155004694,0.25793311619918197,0.4117204422507712
25921,LOF,0.017526385267784474,0.016533831428439432,0.9659397833037761
25922,LOF,0.016434290320076525,0.016778879824816045,0.9667868298551073
25923,LOF,0.457018703107291,0.012276130383944981,0.5307051665087641
25924,LOF,0.026177304923963446,0.021291258108470268,0.9525314369675664
25925,LOF,0.10377532257785078,0.02347273090396734,0.8727519465181818
25926,LOF,0.08749824565114038,0.014710901986587473,0.8977908523622721
25927,LOF,0.026458157245250788,0.039006805047427706,0.9345350377073216
25928,LOF,0.013533159555069618,0.024012200038133737,0.9624546404067966
25929,Neutral,0.5836446652182538,0.011941027185330489,0.40441430759641567
25930,LOF,0.09190494506308546,0.01198858047642166,0.896106474460493
25931,LOF,0.015341490535044739,0.015105146933570157,0.969553362531385
25932,LOF,0.08806995099968802,0.014479845649433724,0.8974502033508782
25933,LOF,0.09136227032357996,0.009117723317302548,0.8995200063591174
25934,LOF,0.09005331013836776,0.006988913293446675,0.9029577765681855
25935,LOF,0.09721932387194641,0.02100291597669683,0.8817777601513567
25936,LOF,0.1231773913586442,0.007907900818363064,0.8689147078229928
25937,LOF,0.02469034188792829,0.012106502168311224,0.9632031559437605
25938,LOF,0.09957561093572002,0.019139681481905802,0.8812847075823743
25939,LOF,0.07493222728874459,0.010475051479521248,0.9145927212317342
25940,GOF,0.010816462161837207,0.5714503498593363,0.4177331879788266
25941,Neutral,0.48453416479966893,0.0409146419279287,0.47455119327240236
25942,LOF,0.010601842217484485,0.04880952189133455,0.9405886358911809
25943,LOF,0.05144784032638698,0.19438608980862054,0.7541660698649923
25944,LOF,0.0466784092313164,0.08612773124534767,0.8671938595233359
25945,LOF,0.1706839751959727,0.024971693648041436,0.8043443311559858
25946,LOF,0.08013279214600329,0.03876427116865603,0.8811029366853408
25947,Neutral,0.471637979599869,0.12834693361691826,0.4000150867832128
25948,LOF,0.39468330632958737,0.013866933861707115,0.5914497598087054
25949,LOF,0.14416062346996691,0.06916823635354137,0.7866711401764918
25950,GOF,0.11896158115355866,0.5910878575434887,0.2899505613029526
25951,LOF,0.011750423408728618,0.45453439878443225,0.5337151778068391
25952,LOF,0.2013301286800607,0.25349931904325096,0.5451705522766884
25953,LOF,0.008353248671910033,0.3653442088176435,0.6263025425104465
25954,GOF,0.08657613387525084,0.5195639455196962,0.393859920605053
25955,LOF,0.010226660519128886,0.2750454470809357,0.7147278923999355
25956,LOF,0.009066718555834689,0.3647468824617627,0.6261863989824027
25957,LOF,0.16112733515121885,0.043844818106604136,0.7950278467421771
25958,LOF,0.03353732020154355,0.06772269691863561,0.8987399828798209
25959,GOF,0.00653569786000964,0.7624028705680568,0.23106143157193362
25960,LOF,0.0044237967322404885,0.14576954100653328,0.8498066622612261
25961,LOF,0.028801952896002844,0.053157299802446656,0.9180407473015505
25962,LOF,0.03564112593719069,0.07297145166916741,0.891387422393642
25963,LOF,0.009050564579088474,0.12703737672132076,0.8639120586995906
25964,LOF,0.039637869029177916,0.12597455404104044,0.8343875769297817
25965,LOF,0.20312632715775747,0.15351396076529605,0.6433597120769464
25966,LOF,0.3474259497528136,0.1135682732277256,0.5390057770194608
25967,LOF,0.006466590837748963,0.09294981553105704,0.9005835936311941
25968,LOF,0.04987456453937865,0.27053726671355555,0.6795881687470658
25969,LOF,0.15825939297151037,0.06720635316346689,0.7745342538650227
25970,LOF,0.07096876674554904,0.05756184612920746,0.8714693871252435
25971,LOF,0.0634314232068081,0.02848607952349845,0.9080824972696935
25972,LOF,0.08341053288223267,0.056621343047875604,0.8599681240698918
25973,LOF,0.05205117752591994,0.013746030386363529,0.9342027920877165
25974,LOF,0.05492851997653947,0.052228325762736595,0.892843154260724
25975,LOF,0.03382680719566069,0.01979942589415697,0.9463737669101824
25976,LOF,0.08873420334330862,0.014468762706521806,0.8967970339501696
25977,LOF,0.2303395253635454,0.05294868375403501,0.7167117908824197
25978,LOF,0.15270710374566007,0.15119002684778546,0.6961028694065545
25979,LOF,0.12491843076140077,0.16951921343045687,0.7055623558081423
25980,LOF,0.19517745580679666,0.22785540287658645,0.5769671413166169
25981,LOF,0.19584953358346435,0.2315867101014189,0.5725637563151167
25982,LOF,0.34000180549196063,0.13152399068143833,0.528474203826601
25983,LOF,0.4129223829262043,0.13509205925249174,0.4519855578213039
25984,LOF,0.07308401074953051,0.08203338376085387,0.8448826054896157
25985,Neutral,0.4933117609576046,0.12271485560344193,0.38397338343895343
25986,LOF,0.014246089083116989,0.4352657890314172,0.5504881218854658
25987,LOF,0.04093131581128438,0.09790009869999962,0.8611685854887159
25988,LOF,0.06892847302512137,0.13614526446309858,0.79492626251178
25989,LOF,0.07328214225803344,0.20747184366761764,0.719246014074349
25990,LOF,0.05954334893095753,0.35360206549053036,0.5868545855785121
25991,GOF,0.027221604795861755,0.5571509021610903,0.4156274930430479
25992,LOF,0.012278902038520572,0.48787411965405647,0.4998469783074231
25993,LOF,0.017924942698204722,0.07134891524361298,0.9107261420581824
25994,LOF,0.026819057988661434,0.07434312381219106,0.8988378181991474
25995,LOF,0.016794281340328066,0.13891728480673732,0.8442884338529346
25996,GOF,0.35735784520716285,0.44759398157978864,0.1950481732130485
25997,GOF,0.05591822233599141,0.5303028819690992,0.4137788956949093
25998,LOF,0.226695183935364,0.041213153697996496,0.7320916623666395
25999,LOF,0.03343322712302563,0.15535312073270532,0.8112136521442691
26000,LOF,0.12725229219863668,0.015304512716489206,0.857443195084874
26001,LOF,0.14546897206117487,0.027468987716240446,0.8270620402225847
26002,LOF,0.08569367264809077,0.031226968839327133,0.883079358512582
26003,GOF,0.006519233782643827,0.6710371505275073,0.32244361568984886
26004,GOF,0.014221283900145702,0.6130799663081625,0.3726987497916917
26005,GOF,0.004603524395986807,0.5351682678268675,0.46022820777714574
26006,GOF,0.10474662275078316,0.5512548899501665,0.34399848729905036
26007,GOF,0.009511469905381362,0.5479061402533452,0.4425823898412735
26008,GOF,0.006446149221608822,0.607321328727168,0.386232522051223
26009,GOF,0.011954109148099804,0.6567286125562302,0.33131727829567004
26010,GOF,0.00891311152385298,0.6072717049810671,0.38381518349508
26011,LOF,0.004676439592580134,0.4359235039697063,0.5594000564377135
26012,GOF,0.005300059063383878,0.5706383808117449,0.42406156012487134
26013,GOF,0.01035328909541649,0.5899745278915947,0.3996721830129888
26014,LOF,0.03876577614231414,0.08042040028817898,0.8808138235695069
26015,LOF,0.3907507046284106,0.01793438980085413,0.5913149055707353
26016,LOF,0.27074119279261893,0.028227915788086977,0.7010308914192941
26017,LOF,0.017282279340240684,0.12558253612429618,0.857135184535463
26018,LOF,0.029301533638309753,0.05745255466128074,0.9132459117004095
26019,LOF,0.028921925280337372,0.053066695128898694,0.918011379590764
26020,LOF,0.0065761829965205664,0.13021843886596488,0.8632053781375145
26021,LOF,0.08004221089096919,0.06075005280015404,0.8592077363088768
26022,LOF,0.040774403173263855,0.027883066084650767,0.9313425307420854
26023,LOF,0.021948202023411734,0.036559654772478904,0.9414921432041092
26024,LOF,0.04772831712139657,0.04181211343221143,0.910459569446392
26025,LOF,0.12258661022823882,0.04451823026870021,0.832895159503061
26026,LOF,0.11769227337109146,0.03219938541203348,0.850108341216875
26027,LOF,0.030102271519570286,0.022403922903070937,0.9474938055773588
26028,LOF,0.06347432086013693,0.1581328390957331,0.77839284004413
26029,LOF,0.029067598365303062,0.17720933313647472,0.7937230684982223
26030,LOF,0.10960174822987753,0.02728999780721997,0.8631082539629026
26031,LOF,0.012733578058615984,0.1632788175214735,0.8239876044199106
26032,LOF,0.03490097288295396,0.047386970692767615,0.9177120564242786
26033,LOF,0.034840639171218046,0.04684582170948992,0.918313539119292
26034,LOF,0.017920839032631447,0.11653211656816269,0.8655470443992059
26035,LOF,0.011420509733577505,0.11917427461436422,0.8694052156520582
26036,LOF,0.01067911817516902,0.10017593787457667,0.8891449439502542
26037,LOF,0.010613078344190653,0.10696660382082938,0.88242031783498
26038,LOF,0.02976651822192094,0.04178562283333212,0.928447858944747
26039,LOF,0.03277987263857314,0.13838082540930374,0.8288393019521232
26040,LOF,0.0821717313199531,0.1211070103242515,0.7967212583557954
26041,LOF,0.012398344032170236,0.10184038771422128,0.8857612682536085
26042,LOF,0.01171585356945272,0.10602778749168117,0.882256358938866
26043,LOF,0.029748064835743385,0.06534121811849107,0.9049107170457654
26044,LOF,0.006104037984901886,0.046146169777283176,0.947749792237815
26045,LOF,0.07996788798178538,0.1806727443712824,0.7393593676469322
26046,LOF,0.026778259048096897,0.043666309507356366,0.9295554314445468
26047,LOF,0.05654732509236731,0.04360926943870699,0.8998434054689256
26048,LOF,0.07718275959174636,0.017491245126133655,0.90532599528212
26049,Neutral,0.939163407129904,0.005799827201316416,0.055036765668779596
26050,Neutral,0.9031022803908811,0.006151292363016002,0.09074642724610263
26051,LOF,0.03029761897620202,0.12008680232941277,0.8496155786943852
26052,LOF,0.027795049618762377,0.09024636591776054,0.8819585844634772
26053,LOF,0.017339739424429814,0.16115326497521176,0.8215069956003586
26054,LOF,0.04912696437267127,0.03937758529925638,0.9114954503280723
26055,LOF,0.06891883392020635,0.03618925405909814,0.8948919120206956
26056,LOF,0.0567991888798681,0.047228070945582845,0.8959727401745491
26057,LOF,0.05931953639696592,0.02169686573103689,0.9189835978719972
26058,LOF,0.06474518139551289,0.017535727150669804,0.9177190914538172
26059,LOF,0.22492940801177672,0.033314800964230486,0.7417557910239928
26060,LOF,0.014908133291712852,0.18945747670371832,0.7956343900045689
26061,LOF,0.011169114251074109,0.01590550672533793,0.9729253790235879
26062,LOF,0.005331165123716063,0.0229899744560848,0.9716788604201992
26063,LOF,0.04842808962569296,0.015857333920185193,0.9357145764541219
26064,LOF,0.014749983679842031,0.023104199911570433,0.9621458164085875
26065,LOF,0.0650503942295556,0.020828082107258644,0.9141215236631858
26066,LOF,0.04786211919635525,0.01598783139722534,0.9361500494064194
26067,LOF,0.0554544833003534,0.014369293400078038,0.9301762232995686
26068,LOF,0.05146308748243414,0.039674172010366965,0.9088627405071988
26069,LOF,0.20704513080325646,0.029583788165016226,0.7633710810317272
26070,LOF,0.4201220589210462,0.01993120417908555,0.5599467368998682
26071,LOF,0.04742711881868946,0.01692896960828933,0.9356439115730213
26072,LOF,0.006541524775779479,0.02433807991376074,0.9691203953104597
26073,LOF,0.04263827425310692,0.01817947963423942,0.9391822461126537
26074,Neutral,0.7769055365364482,0.014376264810905722,0.2087181986526461
26075,LOF,0.04543742395325819,0.030688584920389606,0.9238739911263523
26076,LOF,0.0438536231142619,0.015485042879305263,0.9406613340064328
26077,LOF,0.15255367340089115,0.01338397439896369,0.8340623522001451
26078,LOF,0.006460486897802553,0.026478377286187006,0.9670611358160105
26079,LOF,0.05808883301000322,0.026305769437441097,0.9156053975525558
26080,LOF,0.05696421803112035,0.026401649434990012,0.9166341325338896
26081,LOF,0.042074886419977725,0.013537573195704962,0.9443875403843173
26082,LOF,0.006180236101048117,0.023379683952399206,0.9704400799465526
26083,LOF,0.10465813379420066,0.027054282893488598,0.8682875833123108
26084,LOF,0.1215490871030733,0.024172493367963288,0.8542784195289633
26085,LOF,0.11179004830042263,0.01929856002971401,0.8689113916698633
26086,LOF,0.04253177068779248,0.018839471641340172,0.9386287576708674
26087,LOF,0.04360679080691134,0.015740889170182838,0.9406523200229058
26088,LOF,0.006345915438083388,0.036962137042959003,0.9566919475189576
26089,LOF,0.03909631027054672,0.039901913245865214,0.9210017764835879
26090,LOF,0.039187927895210445,0.03112935550429533,0.9296827166004942
26091,LOF,0.031009525004255734,0.011761067291776058,0.9572294077039682
26092,LOF,0.043682777742632795,0.013651554882104408,0.9426656673752628
26093,LOF,0.067602788742234,0.008934924486308051,0.9234622867714579
26094,LOF,0.036383544000635114,0.010723376367148171,0.9528930796322166
26095,LOF,0.017980972022277223,0.02507483422561795,0.9569441937521048
26096,LOF,0.2403007339965483,0.006111323192332904,0.7535879428111188
26097,LOF,0.006079409457715349,0.05557119995627942,0.9383493905860053
26098,LOF,0.091745430328422,0.024829313102849446,0.8834252565687286
26099,LOF,0.04299024633510819,0.02914204375965542,0.9278677099052364
26100,LOF,0.04297081839471555,0.029142635362705352,0.927886546242579
26101,LOF,0.04656850595726515,0.04467486720408405,0.9087566268386508
26102,LOF,0.03953804782525918,0.023204660637125812,0.937257291537615
26103,Neutral,0.8929438216270493,0.030703242049265698,0.0763529363236851
26104,LOF,0.05294787423245409,0.04481662653962604,0.9022354992279198
26105,LOF,0.21711744625564766,0.1081185134096021,0.6747640403347502
26106,LOF,0.2746319534004261,0.03668780958009969,0.6886802370194741
26107,LOF,0.015410094829427685,0.046261771420225736,0.9383281337503466
26108,LOF,0.13926509792198669,0.04362675018717753,0.8171081518908357
26109,LOF,0.05638835432177706,0.03830585224573964,0.9053057934324833
26110,LOF,0.4109974138693213,0.013497208652444014,0.5755053774782348
26111,LOF,0.059167209474935555,0.10072163004608665,0.8401111604789778
26112,LOF,0.06499515920759075,0.012605116802084234,0.922399723990325
26113,LOF,0.11393232050286553,0.034929975336836824,0.8511377041602977
26114,LOF,0.08435583023514696,0.008894514738585078,0.9067496550262679
26115,LOF,0.01634560958816153,0.06906922473024008,0.9145851656815984
26116,LOF,0.07861357904791062,0.028991811709787266,0.8923946092423021
26117,LOF,0.3842405344596663,0.03505788687311773,0.5807015786672161
26118,LOF,0.035581901444757695,0.01634602932163791,0.9480720692336044
26119,LOF,0.006046573320739294,0.09292598419631463,0.9010274424829461
26120,LOF,0.03324265897386165,0.015808885168339715,0.9509484558577987
26121,LOF,0.004223615378867316,0.12274177216126705,0.8730346124598656
