feature0,prediction,LoGoFunc_Neutral,LoGoFunc_GOF,LoGoFunc_LOF
25546,Neutral,0.7456571775688325,0.0352788708060757,0.21906395162509193
25547,Neutral,0.5820402790947192,0.07367114252242628,0.3442885783828545
25548,Neutral,0.6016201337418436,0.05259593417386531,0.34578393208429115
25549,Neutral,0.5233492297975395,0.052139743372455825,0.4245110268300046
25550,LOF,0.3636244303672161,0.10789773467801894,0.5284778349547651
25551,LOF,0.29028726028910645,0.11756384807169586,0.5921488916391977
25552,LOF,0.21765387896781976,0.10938119620508195,0.6729649248270984
25553,Neutral,0.8529752108424548,0.02603907079744131,0.12098571836010398
25554,LOF,0.24910402211142954,0.10244362330647591,0.6484523545820946
25555,LOF,0.21018574069427334,0.09224596554335182,0.6975682937623747
25556,LOF,0.45258779439312075,0.09077098627794522,0.45664121932893403
25557,LOF,0.2042698076011225,0.09800954075698859,0.697720651641889
25558,LOF,0.23562257990657268,0.10478910212754532,0.659588317965882
25559,LOF,0.3578093969445304,0.1412142986202836,0.500976304435186
25560,LOF,0.053252973477745,0.10821823788231935,0.8385287886399357
25561,LOF,0.12041843052972169,0.10881425438145721,0.7707673150888211
25562,LOF,0.08079271271157662,0.07123958759955251,0.8479676996888708
25563,LOF,0.10884794468818104,0.06235185467878173,0.8288002006330372
25564,LOF,0.2603137818750711,0.11061518371018837,0.6290710344147405
25565,LOF,0.14582269239508985,0.12358695629415602,0.7305903513107541
25566,GOF,0.013191379112160964,0.7712090270469641,0.21559959384087501
25567,LOF,0.018753033108667487,0.16798071780659474,0.8132662490847378
25568,LOF,0.053890046397450334,0.06609753030181216,0.8800124233007376
25569,LOF,0.06163366122940916,0.063955138773182,0.8744111999974089
25570,LOF,0.05589266265892648,0.09919186658547234,0.8449154707556011
25571,LOF,0.049580387543944025,0.09549953341168095,0.8549200790443751
25572,LOF,0.06877387626405666,0.11702977849754118,0.8141963452384021
25573,LOF,0.034393834859797204,0.09309088692578321,0.8725152782144195
25574,LOF,0.021634378194668992,0.14673347260732272,0.8316321491980082
25575,LOF,0.043530995785373026,0.11238224560350824,0.8440867586111188
25576,LOF,0.020071197515391416,0.13020396761344205,0.8497248348711666
25577,LOF,0.01790213408637705,0.11213953335016184,0.869958332563461
25578,LOF,0.29586053806618373,0.0835700702084815,0.6205693917253349
25579,LOF,0.15982832835184918,0.09706626096747194,0.7431054106806789
25580,LOF,0.030809736598836474,0.08159360527838558,0.887596658122778
25581,LOF,0.05269886693806421,0.06559841564508248,0.8817027174168534
25582,LOF,0.05247296081801614,0.06404966871356578,0.8834773704684181
25583,LOF,0.04022776917258601,0.0926700300357227,0.8671022007916912
25584,Neutral,0.491979777620487,0.10111621738072016,0.40690400499879276
25585,LOF,0.021959084826152744,0.13238756589684447,0.8456533492770029
25586,LOF,0.029005419239381637,0.07270133373480746,0.8982932470258108
25587,LOF,0.029507348912564027,0.06967376928935137,0.9008188817980844
25588,LOF,0.03128394433140432,0.07923652007265053,0.8894795355959451
25589,Neutral,0.6232452914169845,0.10917777262563946,0.26757693595737614
25590,LOF,0.035964879035799105,0.12684698723606522,0.8371881337281356
25591,LOF,0.09373655089847739,0.05647889849011718,0.8497845506114053
25592,LOF,0.1009593204096678,0.12872666271925357,0.7703140168710786
25593,LOF,0.03286299536564502,0.25347830031621915,0.7136587043181358
25594,LOF,0.04549973505836836,0.16661880135389637,0.7878814635877353
25595,LOF,0.05609087247465488,0.10443260310881296,0.8394765244165322
25596,LOF,0.0547652633692155,0.08776179848923342,0.857472938141551
25597,LOF,0.03885743984460202,0.08923733583684317,0.8719052243185548
25598,LOF,0.05281084299234348,0.10774529015736377,0.8394438668502928
25599,GOF,0.007411386206219288,0.5921079431920674,0.4004806706017134
25600,GOF,0.01332748057510856,0.5682006937502189,0.4184718256746725
25601,LOF,0.009660281837745605,0.45087674013751,0.5394629780247444
25602,LOF,0.02689362861210802,0.045719416454026864,0.9273869549338652
25603,LOF,0.05738907470079471,0.023450058792732757,0.9191608665064726
25604,LOF,0.03391303215083573,0.049275398672534325,0.9168115691766299
25605,LOF,0.009607636534369914,0.22090518950994528,0.7694871739556849
25606,LOF,0.08139350060834909,0.3619752897985622,0.5566312095930888
25607,LOF,0.0058613368478901235,0.18102226730610546,0.8131163958460044
25608,LOF,0.019097483147731197,0.09123856825728982,0.8896639485949789
25609,LOF,0.0502774774877501,0.4339732379059568,0.5157492846062931
25610,LOF,0.03205218521770876,0.02708508142257334,0.9408627333597178
25611,LOF,0.03900374182921826,0.026989024826520703,0.934007233344261
25612,LOF,0.10016361978621169,0.043928720596489876,0.8559076596172983
25613,LOF,0.08333851155868482,0.04380326267243259,0.8728582257688826
25614,LOF,0.026500182796892754,0.034677941300719814,0.9388218759023874
25615,LOF,0.03595256236619509,0.04846120972430823,0.9155862279094967
25616,LOF,0.025481345726496078,0.03307296629515434,0.9414456879783497
25617,LOF,0.026339999609218942,0.03852474353727854,0.9351352568535024
25618,LOF,0.13540819137419174,0.03045184999226223,0.834139958633546
25619,LOF,0.027957170945049865,0.03227544890750213,0.9397673801474481
25620,LOF,0.03155377164556208,0.041831386584326925,0.9266148417701109
25621,LOF,0.029955839456112177,0.03712452598179438,0.9329196345620934
25622,LOF,0.034260671385360285,0.037605514492977735,0.9281338141216621
25623,LOF,0.05260688590884982,0.02794991942318089,0.9194431946679692
25624,LOF,0.024737598983785605,0.04162412766981729,0.9336382733463972
25625,LOF,0.03784328263419869,0.04291106970379872,0.9192456476620027
25626,LOF,0.08331777955674553,0.03658985426478048,0.8800923661784739
25627,Neutral,0.533607255402955,0.10618899943446197,0.3602037451625832
25628,LOF,0.21131557728668246,0.04772306030923439,0.7409613624040832
25629,LOF,0.06145197065825856,0.06147976218507875,0.8770682671566626
25630,LOF,0.18763821093137434,0.08289893335184834,0.7294628557167773
25631,Neutral,0.6116866949792491,0.056582477967156826,0.33173082705359414
25632,LOF,0.012588419797430181,0.10716568820081425,0.8802458920017555
25633,LOF,0.1119605301332591,0.08837468785657705,0.7996647820101639
25634,LOF,0.03352997402204259,0.11448383840914714,0.8519861875688103
25635,LOF,0.03732695631975881,0.08811456323178053,0.8745584804484606
25636,GOF,0.004125904837074356,0.6405508053083085,0.35532328985461703
25637,GOF,0.003711880654257321,0.6735981002178635,0.3226900191278792
25638,LOF,0.006760444648176632,0.4177738229642507,0.5754657323875726
25639,GOF,0.003572827201247139,0.5307168282021593,0.4657103445965936
25640,GOF,0.46773495876118787,0.46831161534800325,0.0639534258908089
25641,LOF,0.007927008362185285,0.3657906647008764,0.6262823269369384
25642,LOF,0.2379965679109693,0.07276623411352508,0.6892371979755056
25643,LOF,0.2883950912582039,0.1839623788494841,0.527642529892312
25644,GOF,0.01481116787381138,0.5477824945410444,0.4374063375851443
25645,LOF,0.01205624360794212,0.48636531787716797,0.50157843851489
25646,LOF,0.017523852636197965,0.35585602787962917,0.6266201194841728
25647,LOF,0.01445625668279422,0.2964327115617362,0.6891110317554696
25648,LOF,0.012744863717032588,0.30575922708008235,0.681495909202885
25649,LOF,0.01123051906471521,0.23113592757592405,0.7576335533593608
25650,GOF,0.02544257236641117,0.5048947635153842,0.46966266411820456
25651,LOF,0.008251961405972532,0.29669453402238166,0.6950535045716458
25652,LOF,0.012277836675871824,0.27746780214410766,0.7102543611800205
25653,LOF,0.044725966088554774,0.376055492228452,0.5792185416829932
25654,LOF,0.014309272312681422,0.1563815287341179,0.8293091989532008
25655,LOF,0.07050748153185418,0.43013830758821736,0.4993542108799285
25656,LOF,0.09744932932621374,0.0818913432372754,0.8206593274365108
25657,LOF,0.3078630873134824,0.03392325519069592,0.6582136574958218
25658,LOF,0.04980060234090775,0.09811937482240543,0.8520800228366869
25659,LOF,0.368705653045548,0.06865595525759195,0.56263839169686
25660,LOF,0.065575842984469,0.10002197736496014,0.8344021796505708
25661,LOF,0.04549447982411755,0.07553483271786443,0.8789706874580181
25662,LOF,0.027022818320029538,0.052436090532719644,0.9205410911472508
25663,LOF,0.035424818179999665,0.07335369636933198,0.8912214854506684
25664,LOF,0.04462061216053692,0.08489425102526463,0.8704851368141984
25665,LOF,0.058168162250229055,0.04880065381867351,0.8930311839310975
25666,LOF,0.04153191311389384,0.12727891188704618,0.83118917499906
25667,LOF,0.030600932176512274,0.054527689825588345,0.9148713779978994
25668,LOF,0.03222420903139023,0.057587640666325414,0.9101881503022844
25669,LOF,0.03808753597936469,0.08438266169068687,0.8775298023299484
25670,LOF,0.07259875816689407,0.08770297005734681,0.8396982717757591
25671,LOF,0.03819075877170479,0.05069966269393233,0.9111095785343629
25672,LOF,0.06432850307136817,0.06841905314687467,0.8672524437817573
25673,LOF,0.04552638207950329,0.07451800271906575,0.8799556152014308
25674,LOF,0.040793566871541224,0.07701109762732716,0.8821953355011317
25675,LOF,0.05055315936889947,0.061519361968622996,0.8879274786624776
25676,LOF,0.03271341650905096,0.06476896403375336,0.9025176194571957
25677,LOF,0.06187392980694707,0.0696271931839375,0.8684988770091154
25678,LOF,0.28576699673475314,0.0399617294585592,0.6742712738066877
25679,LOF,0.19359313201753958,0.06312278881224935,0.743284079170211
25680,LOF,0.05892023372732014,0.09946940861178878,0.8416103576608911
25681,LOF,0.10675866501177984,0.09260501265853555,0.8006363223296845
25682,LOF,0.04365668271379482,0.0816913181620779,0.8746519991241273
25683,LOF,0.11245327639043884,0.0888819018636774,0.7986648217458838
25684,LOF,0.05372150157842444,0.08005781543881631,0.8662206829827593
25685,LOF,0.10862068965651196,0.033958285569081,0.857421024774407
25686,LOF,0.04061082016457507,0.09329383298544733,0.8660953468499776
25687,LOF,0.04794111038560834,0.0766513222139315,0.8754075674004601
25688,LOF,0.028756881194947393,0.0805731322473975,0.8906699865576552
25689,LOF,0.019995441337963712,0.06932896373682865,0.9106755949252077
25690,LOF,0.0213785679299471,0.08693744168950683,0.891683990380546
25691,LOF,0.22832018877694946,0.11347070311262494,0.6582091081104257
25692,LOF,0.2809800897028736,0.009252223047906611,0.7097676872492198
25693,LOF,0.0954136426007828,0.1450157260986886,0.7595706313005287
25694,LOF,0.2514985863089703,0.014720621186144887,0.7337807925048847
25695,LOF,0.16043245020142202,0.021306600757409287,0.8182609490411688
25696,LOF,0.16167467591888496,0.009421731019769968,0.8289035930613452
25697,LOF,0.14656763108475268,0.026590503742587875,0.8268418651726595
25698,LOF,0.030593758324112177,0.3916995584375882,0.5777066832382997
25699,LOF,0.06087828768681007,0.08412111309962982,0.85500059921356
25700,LOF,0.030278055088456077,0.010767199456223673,0.9589547454553202
25701,LOF,0.01511161588463717,0.07544341956159133,0.9094449645537714
25702,GOF,0.03510010059962438,0.7736512567597332,0.19124864264064237
25703,LOF,0.016078135677249212,0.19731853528034762,0.7866033290424032
25704,LOF,0.09124762662460219,0.14997014730808977,0.758782226067308
25705,LOF,0.05511979621951824,0.24483698783100852,0.7000432159494733
25706,GOF,0.05225144211734322,0.6082701347612729,0.3394784231213839
25707,GOF,0.025122410808964327,0.5255067124479573,0.4493708767430783
25708,LOF,0.008415413990875049,0.4462855192862049,0.5452990667229201
25709,LOF,0.018985242417028973,0.06476057066362914,0.9162541869193418
25710,LOF,0.010288912978245203,0.17010170356306165,0.8196093834586932
25711,LOF,0.01980290131387649,0.12134747186839251,0.858849626817731
25712,LOF,0.010010976978419557,0.22395651405699757,0.7660325089645829
25713,LOF,0.018229100718967113,0.10742128900154617,0.8743496102794868
25714,LOF,0.01995460295133038,0.14193849927858881,0.8381068977700807
25715,LOF,0.019024486803900804,0.12060791341948843,0.8603675997766108
25716,LOF,0.010266586393685561,0.12428946607914444,0.8654439475271699
25717,LOF,0.0063029088129074725,0.1323869820910793,0.8613101090960132
25718,LOF,0.01795577694843256,0.07577434232943739,0.90626988072213
25719,LOF,0.03182760728430179,0.08414761101436355,0.8840247817013347
25720,LOF,0.021129624828037583,0.08560187832042924,0.8932684968515332
25721,LOF,0.023573882363208905,0.09563841459565321,0.8807877030411378
25722,LOF,0.017807155855143624,0.12209176619360229,0.8601010779512541
25723,LOF,0.020567947160466123,0.07155846435150631,0.9078735884880275
25724,LOF,0.03318059333982121,0.10662146082025645,0.8601979458399224
25725,LOF,0.02168418455873095,0.06710763232006069,0.9112081831212084
25726,LOF,0.01598083265987071,0.09561932728857706,0.8883998400515523
25727,LOF,0.019493602736615528,0.08670359800492797,0.8938027992584565
25728,LOF,0.01810264300546647,0.09936493142917102,0.8825324255653625
25729,LOF,0.018551101821642393,0.10070469031999016,0.8807442078583675
25730,LOF,0.01981939334982355,0.07976213901950492,0.9004184676306716
25731,LOF,0.010472505060140075,0.1836367736859451,0.8058907212539148
25732,LOF,0.01797816224270622,0.09293114383979127,0.8890906939175025
25733,LOF,0.02891117888183708,0.08356101977103012,0.8875278013471327
25734,LOF,0.007827836072091442,0.20458438005224894,0.7875877838756596
25735,LOF,0.022407166864801754,0.0786034613486353,0.898989371786563
25736,LOF,0.02135562790602248,0.1174829359481795,0.861161436145798
25737,LOF,0.04286980161991393,0.09758512615992934,0.8595450722201566
25738,LOF,0.020264485928508838,0.15451122706183745,0.8252242870096538
25739,LOF,0.022074131863638814,0.14164613385025107,0.8362797342861101
25740,LOF,0.0508349548153486,0.13562078829313748,0.813544256891514
25741,LOF,0.025727022851557,0.11667227326115998,0.8576007038872829
25742,LOF,0.03664610392026118,0.13464456101257316,0.8287093350671657
25743,LOF,0.011868350685684537,0.0424799966060206,0.9456516527082949
25744,GOF,0.16129611798529833,0.4196712358440361,0.4190326461706655
25745,LOF,0.02095911087056237,0.06605561234051958,0.9129852767889182
25746,LOF,0.011079969054405567,0.08500979746246423,0.9039102334831302
25747,LOF,0.032890187406080705,0.03583768057885922,0.9312721320150601
25748,LOF,0.20962896043503038,0.06139383117211857,0.7289772083928511
25749,LOF,0.013371138682489549,0.05366987704306996,0.9329589842744404
25750,LOF,0.01460462353204186,0.08575899410026389,0.8996363823676943
25751,LOF,0.03701924084370914,0.06532321405775923,0.8976575450985316
25752,GOF,0.10500891227142406,0.6824053445518494,0.2125857431767265
25753,LOF,0.007438786341806422,0.39596364630705366,0.5965975673511399
25754,GOF,0.005295070355760862,0.871371210766802,0.12333371887743724
25755,LOF,0.009999391311265864,0.43719837310072485,0.5528022355880093
25756,LOF,0.04740561454843825,0.45528298854697313,0.4973113969045887
25757,GOF,0.006820238663257836,0.8809190501046772,0.11226071123206499
25758,GOF,0.009308371897265978,0.8778625419861971,0.11282908611653679
25759,GOF,0.004908970977302302,0.6060662158622456,0.389024813160452
25760,LOF,0.007856861001693338,0.3201677670569348,0.6719753719413719
25761,GOF,0.04308703948288,0.8451743152463169,0.11173864527080304
25762,LOF,0.027391529534034162,0.3991804370977216,0.5734280333682442
25763,LOF,0.008855551578035609,0.26775773892610966,0.7233867094958548
25764,GOF,0.09064718763550762,0.6057594513163365,0.303593361048156
25765,GOF,0.008546347604428801,0.8534850369424746,0.13796861545309658
25766,GOF,0.029594744068019863,0.8227971571439392,0.14760809878804096
25767,GOF,0.014869426957368957,0.5692986730684086,0.41583189997422243
25768,LOF,0.03505099964836563,0.08133322175236882,0.8836157785992655
25769,LOF,0.02256749267790775,0.07535148134513221,0.90208102597696
25770,LOF,0.1442985595494588,0.07223856365229064,0.7834628767982504
25771,LOF,0.015102632190098718,0.08058300437566038,0.9043143634342409
25772,LOF,0.023151369159463104,0.029233032426665927,0.947615598413871
25773,LOF,0.015154778256976151,0.06858946175677617,0.9162557599862476
25774,LOF,0.026883994936995403,0.09784561721072857,0.875270387852276
25775,LOF,0.02139746191549964,0.041158138396025515,0.9374443996884748
25776,LOF,0.026776101465903732,0.026388994665135106,0.9468349038689612
25777,LOF,0.1930422750550922,0.07270725058496638,0.7342504743599414
25778,LOF,0.01986111758733619,0.05866537321433771,0.921473509198326
25779,GOF,0.036682740277924675,0.8995510311211445,0.06376622860093077
25780,GOF,0.06560752327872987,0.8817297020531233,0.05266277466814682
25781,GOF,0.024498870502340803,0.8695503250607695,0.10595080443688988
25782,GOF,0.030368535003721178,0.9003300742853028,0.0693013907109759
25783,GOF,0.01761728101534502,0.762939756601361,0.21944296238329392
25784,GOF,0.10661650043465887,0.8599703114681407,0.033413188097200536
25785,GOF,0.07004984314850972,0.8913484035939313,0.03860175325755898
25786,GOF,0.005028185068286505,0.8294962736031873,0.16547554132852607
25787,GOF,0.16622230015876577,0.8009594074971155,0.03281829234411882
25788,LOF,0.014642351302497516,0.20755729714752302,0.7778003515499795
25789,GOF,0.017258445954949277,0.8754026216775808,0.10733893236746996
25790,GOF,0.02168200571099712,0.8858810892662285,0.09243690502277425
25791,GOF,0.014376454451901369,0.8394288819116297,0.14619466363646907
25792,GOF,0.02466067817878607,0.8476081418584602,0.12773117996275368
25793,GOF,0.06967284355784037,0.8410447851262987,0.089282371315861
25794,GOF,0.05691277085238485,0.7773475587404618,0.16573967040715334
25795,GOF,0.03540881724527042,0.7717894964970872,0.1928016862576424
25796,GOF,0.0721899929098921,0.8264087253163576,0.10140128177375045
25797,GOF,0.03272483925896815,0.708280707713406,0.25899445302762575
25798,GOF,0.0029290295688593625,0.657576018012187,0.33949495241895367
25799,GOF,0.003117364579891319,0.5373213210472301,0.4595613143728788
25800,GOF,0.012016598906042286,0.7472257674878399,0.24075763360611785
25801,GOF,0.016381849883899336,0.8813780471807839,0.10224010293531684
25802,GOF,0.020569326324732986,0.8207366055116095,0.15869406816365733
25803,GOF,0.010772261588225382,0.7275712302486064,0.2616565081631684
25804,GOF,0.012931867559524505,0.6469979845015891,0.3400701479388863
25805,GOF,0.021488800814177526,0.7257732890660605,0.252737910119762
25806,GOF,0.017904209135981414,0.7822947293143853,0.19980106154963334
25807,GOF,0.005080505436972362,0.7512402731268846,0.24367922143614315
25808,GOF,0.013495354807643297,0.7669603134752654,0.21954433171709145
25809,GOF,0.006035833587871618,0.743722091816094,0.25024207459603437
25810,GOF,0.00508247004787546,0.7516715276515982,0.2432460023005263
25811,GOF,0.04899465421816388,0.8789087402727084,0.07209660550912791
25812,GOF,0.017370170509158987,0.7300426719984376,0.25258715749240335
25813,GOF,0.10218406019629392,0.8142098871667578,0.08360605263694819
25814,GOF,0.02510969015721033,0.8133174491708722,0.16157286067191745
25815,GOF,0.03975624304724713,0.8431778798399302,0.11706587711282262
25816,GOF,0.00694512879412571,0.8709789838201194,0.12207588738575485
25817,GOF,0.09279932011307682,0.7965493632864926,0.11065131660043047
25818,GOF,0.026202191939243138,0.8270604000192773,0.14673740804147958
25819,GOF,0.05614732173634328,0.7732844247594167,0.17056825350424015
25820,GOF,0.030929722031160387,0.7691167429450098,0.19995353502382973
25821,GOF,0.019427462418188275,0.7528250885010772,0.2277474490807343
25822,GOF,0.03593290950176217,0.7889547104651398,0.17511238003309798
25823,GOF,0.013685501653174342,0.6455613544273845,0.34075314391944117
25824,GOF,0.025346740844146263,0.7618884196590926,0.21276483949676106
25825,GOF,0.015061910850028929,0.7467042060837995,0.2382338830661715
25826,GOF,0.005375417869815296,0.7337639894932754,0.26086059263690925
25827,GOF,0.006702947252596008,0.6952941639992591,0.2980028887481449
25828,GOF,0.004882234015276018,0.6662467730595829,0.32887099292514105
25829,GOF,0.0027174794646753066,0.7094203151945542,0.2878622053407705
25830,GOF,0.03798429875304496,0.5380942895847355,0.42392141166221947
25831,GOF,0.04129863823404095,0.8361378293293136,0.12256353243664538
25832,GOF,0.00895227118316869,0.8200945083352831,0.17095322048154823
25833,GOF,0.03404958078296369,0.8528687120335529,0.11308170718348348
25834,GOF,0.008566638124726444,0.8294855541812126,0.1619478076940609
25835,GOF,0.016999908627141035,0.86609752248517,0.11690256888768893
25836,GOF,0.006755417400065696,0.8342302950013085,0.1590142875986258
25837,GOF,0.006495154270243728,0.728801893773779,0.26470295195597726
25838,GOF,0.020134533567010365,0.8776154314670699,0.10225003496591968
25839,GOF,0.03747630951833056,0.8698397647200464,0.09268392576162315
25840,GOF,0.056936759465910626,0.8558249910125307,0.08723824952155865
25841,GOF,0.05250432662748973,0.8662640730806023,0.08123160029190805
25842,GOF,0.023467974546247754,0.9069489345878069,0.0695830908659454
25843,GOF,0.024142941821141874,0.9131363655668046,0.06272069261205354
25844,GOF,0.015733393500717292,0.8677912949830102,0.11647531151627243
25845,GOF,0.005439026145656516,0.6798620637073894,0.31469891014695417
25846,GOF,0.03611947691812352,0.8710416975988982,0.09283882548297845
25847,GOF,0.018293935512308405,0.9208019027409028,0.06090416174678885
25848,GOF,0.01632539827028452,0.8761037783701442,0.10757082335957138
25849,GOF,0.0046934111958793585,0.7618713036826754,0.2334352851214452
25850,GOF,0.006178713384139442,0.7692474702978751,0.22457381631798534
25851,GOF,0.005419682110078148,0.6457893442505637,0.3487909736393583
25852,GOF,0.12385260016897587,0.6199445046042555,0.25620289522676865
25853,GOF,0.07140378297775828,0.8493209372640647,0.07927527975817705
25854,GOF,0.00517242507214052,0.7192881639382664,0.27553941098959317
25855,GOF,0.015870327459123534,0.6549894807737636,0.32914019176711273
25856,GOF,0.0372621313400005,0.8039627060478413,0.1587751626121583
25857,GOF,0.013549478367452154,0.6483767836152223,0.3380737380173254
25858,GOF,0.00846553195159542,0.6581422164135265,0.333392251634878
25859,GOF,0.00533743627430425,0.6296163594421114,0.3650462042835844
25860,GOF,0.07180138119444805,0.8402276875819713,0.08797093122358056
25861,GOF,0.0699357946210268,0.8269772380528189,0.10308696732615431
25862,GOF,0.022134557710028455,0.8717094931318792,0.10615594915809243
25863,GOF,0.020061737984842676,0.8825123102447616,0.09742595177039559
25864,GOF,0.04257226777668638,0.8842547093136124,0.07317302290970124
25865,GOF,0.02805467196581138,0.8434454191966977,0.12849990883749107
25866,GOF,0.023832470347327297,0.8758819032230487,0.10028562642962402
25867,GOF,0.03379617511089159,0.8881993266416187,0.07800449824748976
25868,GOF,0.049756744018238264,0.8563657282097983,0.09387752777196354
25869,GOF,0.33284829992222564,0.6098226041716394,0.05732909590613507
25870,GOF,0.07037274742228547,0.7213685869514533,0.20825866562626122
25871,GOF,0.010425663323384377,0.893802057015005,0.09577227966161049
25872,GOF,0.019978609690343936,0.8784940439872747,0.10152734632238121
25873,GOF,0.019750503135773704,0.8978797268550521,0.08236977000917434
25874,LOF,0.01680311967390298,0.22669091888709017,0.756505961439007
25875,LOF,0.04526532077793269,0.04755292977190863,0.9071817494501586
25876,LOF,0.020150932202566973,0.04447002184806213,0.9353790459493708
25877,LOF,0.11428250923836071,0.08936010627787563,0.7963573844837636
25878,LOF,0.06974094394949418,0.12399986799402206,0.8062591880564839
25879,LOF,0.028217028036659493,0.08493407655622799,0.8868488954071126
25880,LOF,0.058900534711534225,0.013980392518639976,0.9271190727698257
25881,Neutral,0.5301132053858829,0.07757544986564095,0.3923113447484761
25882,LOF,0.04450662015724324,0.032884433400271494,0.9226089464424851
25883,LOF,0.02753498826687754,0.02750295394543944,0.9449620577876829
25884,LOF,0.025536346066046142,0.04727881653405165,0.9271848373999022
25885,LOF,0.19572948375800073,0.012735596045182363,0.7915349201968168
25886,LOF,0.18169512036953828,0.06148754622813753,0.7568173334023242
25887,LOF,0.18824899553271326,0.07176148540958092,0.7399895190577059
25888,LOF,0.011705305012690017,0.15700373606250864,0.8312909589248012
25889,LOF,0.030475850241553484,0.03358834887574871,0.9359358008826979
25890,LOF,0.12632700291441873,0.12037972259956342,0.7532932744860178
25891,LOF,0.09255905503215996,0.022469663237165163,0.8849712817306749
25892,LOF,0.008813736512871932,0.033514340090102936,0.9576719233970252
25893,LOF,0.4184991888106053,0.008909652340889916,0.5725911588485048
25894,LOF,0.44127233458020837,0.005250939280064304,0.5534767261397273
25895,LOF,0.33287493866728274,0.011462185034202809,0.6556628762985144
25896,LOF,0.06577030056977838,0.015037019076552213,0.9191926803536694
25897,LOF,0.17985213155970628,0.00911442924475299,0.8110334391955406
25898,LOF,0.18962919332570777,0.028620276604118516,0.7817505300701736
25899,LOF,0.37276642232386475,0.016425177899149768,0.6108083997769855
25900,LOF,0.4398383096531182,0.00800465572507989,0.5521570346218019
25901,LOF,0.06827446250384812,0.007469612342199748,0.9242559251539522
25902,LOF,0.19387119305944644,0.008161854322709775,0.7979669526178438
25903,LOF,0.3913680761324235,0.020831701424182135,0.5878002224433944
25904,Neutral,0.494103945160746,0.0224089818757205,0.4834870729635336
25905,LOF,0.004374376608923551,0.4467271521995298,0.5488984711915467
25906,LOF,0.009864356903540554,0.10410371693001762,0.8860319261664419
25907,LOF,0.00493539488381315,0.3518769954986161,0.6431876096175707
25908,LOF,0.004451567667589688,0.25047784131640416,0.7450705910160061
25909,LOF,0.02490156066574637,0.1513723297292315,0.8237261096050221
25910,LOF,0.010674002887433831,0.1340855813052491,0.8552404158073171
25911,LOF,0.3031537581867298,0.03916146059808819,0.6576847812151819
25912,LOF,0.06625116217377332,0.060591047789490385,0.8731577900367363
25913,LOF,0.043039836881234646,0.07013450490160414,0.8868256582171612
25914,LOF,0.03821041038255245,0.04233967827511339,0.9194499113423342
25915,LOF,0.17047631009873634,0.19723650722895159,0.6322871826723121
25916,LOF,0.03165620888220689,0.1280454811636694,0.8402983099541236
25917,LOF,0.0726990230280445,0.0397879095690445,0.887513067402911
25918,LOF,0.04148239369799121,0.02869151146205724,0.9298260948399515
25919,LOF,0.035932419549078345,0.027949550157812766,0.9361180302931089
25920,LOF,0.202171423433465,0.2335047060981854,0.5643238704683495
25921,LOF,0.017359702209597802,0.037244272179295344,0.9453960256111069
25922,LOF,0.02209339424524079,0.032892104224123066,0.9450145015306363
25923,LOF,0.4647474470007859,0.02994306068085938,0.5053094923183548
25924,LOF,0.026240441809186152,0.049876618947237605,0.9238829392435762
25925,LOF,0.0821290061698498,0.044734115383607775,0.8731368784465424
25926,LOF,0.06015090574843329,0.04105007176596033,0.8987990224856064
25927,LOF,0.02594921684123042,0.06471722643716553,0.909333556721604
25928,LOF,0.010757944841023848,0.0531997155642423,0.9360423395947339
25929,Neutral,0.5496817183681905,0.02889841914154589,0.4214198624902636
25930,LOF,0.08421487404542893,0.02855420613816402,0.8872309198164071
25931,LOF,0.01488791499170661,0.03668093944832655,0.9484311455599668
25932,LOF,0.07007363820501573,0.02680711131117906,0.9031192504838051
25933,LOF,0.0697555779943176,0.0187757481050539,0.9114686739006286
25934,LOF,0.06549276356585826,0.017173856370577292,0.9173333800635645
25935,LOF,0.06790223747324073,0.05581654110714672,0.8762812214196126
25936,LOF,0.10336258202540317,0.01856269321747878,0.8780747247571181
25937,LOF,0.01604477683530327,0.033810275720670954,0.9501449474440258
25938,LOF,0.068998794099904,0.04990499913338437,0.8810962067667116
25939,LOF,0.046728746617191994,0.02383186302425731,0.9294393903585507
25940,LOF,0.0084657299734109,0.3725896918370043,0.6189445781895847
25941,Neutral,0.5034700888097631,0.03689715206610477,0.45963275912413215
25942,LOF,0.008609136483856082,0.05175688628073281,0.9396339772354112
25943,LOF,0.038044789284178225,0.18218715595730645,0.7797680547585153
25944,LOF,0.06134367968318467,0.08853856662739207,0.8501177536894233
25945,LOF,0.12408198229526435,0.0219332510143461,0.8539847666903896
25946,LOF,0.07157131482147414,0.04781865478095844,0.8806100303975675
25947,Neutral,0.47320358074958613,0.10378272750852571,0.42301369174188824
25948,LOF,0.44136956495427715,0.01534089417851144,0.5432895408672113
25949,LOF,0.13979212185620715,0.07828301414778789,0.7819248639960049
25950,GOF,0.0696654598813752,0.6293991789824915,0.3009353611361334
25951,LOF,0.015115458509715036,0.4478894371078657,0.5369951043824194
25952,LOF,0.283088392888912,0.29632491977353703,0.420586687337551
25953,LOF,0.006967859336740639,0.20178890583801176,0.7912432348252475
25954,GOF,0.08992399125529293,0.5056676329478784,0.40440837579682865
25955,LOF,0.007066619121315732,0.17962800925747602,0.8133053716212083
25956,LOF,0.018840259717405692,0.2592253745957125,0.7219343656868817
25957,LOF,0.1742277654540373,0.0315978546591345,0.7941743798868283
25958,LOF,0.03348441403827202,0.040519026048137376,0.9259965599135906
25959,GOF,0.018659226392325878,0.6489764737682963,0.33236429983937776
25960,LOF,0.006966203443430288,0.05967876834199192,0.9333550282145779
25961,LOF,0.03174161211517012,0.037050037070614404,0.9312083508142154
25962,LOF,0.04178164359642746,0.06047757487816782,0.8977407815254047
25963,LOF,0.0051258195698210655,0.1881727035102106,0.8067014769199684
25964,LOF,0.02693329108160027,0.1278021222188118,0.8452645866995879
25965,LOF,0.26802666350659704,0.11548829783357381,0.6164850386598291
25966,Neutral,0.4877966986948515,0.14324028180168752,0.3689630195034609
25967,LOF,0.009625397352294852,0.0827046554107045,0.9076699472370007
25968,LOF,0.04767436076583142,0.2505128565061025,0.7018127827280662
25969,LOF,0.14019957590339266,0.056611662160577905,0.8031887619360295
25970,LOF,0.02176299652015434,0.09779496945052109,0.8804420340293246
25971,LOF,0.08214473270876163,0.029379921812596695,0.8884753454786416
25972,LOF,0.06522655319871737,0.048459990452712376,0.8863134563485703
25973,LOF,0.06320492964149933,0.009712817585170397,0.9270822527733302
25974,LOF,0.04836709469213104,0.03581006007195609,0.9158228452359127
25975,LOF,0.04486482706107294,0.01820168154198582,0.9369334913969413
25976,LOF,0.08662186661477507,0.010412145308626497,0.9029659880765983
25977,LOF,0.19592056095557353,0.06921003779859476,0.7348694012458318
25978,LOF,0.19188472280668525,0.11686148966795436,0.6912537875253604
25979,LOF,0.156990049306062,0.12523774160860704,0.717772209085331
25980,LOF,0.2821853763384112,0.17183527089784936,0.5459793527637395
25981,LOF,0.283459772828043,0.17267605478474085,0.5438641723872161
25982,Neutral,0.4893707547324504,0.08082832505421929,0.42980092021333033
25983,Neutral,0.5016655652692452,0.10024347151290894,0.39809096321784576
25984,LOF,0.041170275787710514,0.0960250704621825,0.862804653750107
25985,LOF,0.42475406417811873,0.15046648323049577,0.42477945259138544
25986,LOF,0.01338334485580029,0.4219958207101718,0.564620834434028
25987,LOF,0.054320361611337874,0.10399601752587977,0.8416836208627824
25988,LOF,0.043270191439006206,0.15509739858066557,0.8016324099803281
25989,LOF,0.03982832034667074,0.20114071832878108,0.7590309613245482
25990,LOF,0.04047541388391758,0.2994261430968047,0.6600984430192777
25991,LOF,0.029633767434528537,0.4168752664646041,0.5534909661008673
25992,LOF,0.024847626468245263,0.42347158487693687,0.551680788654818
25993,LOF,0.02922290788386701,0.07768514285397861,0.8930919492621543
25994,LOF,0.023494055428558383,0.08221032260823784,0.8942956219632038
25995,LOF,0.021953207764963144,0.1402177082194641,0.8378290840155728
25996,LOF,0.32286825663961727,0.3170336245608999,0.3600981187994829
25997,LOF,0.06581560763205552,0.39161639400826226,0.5425679983596822
25998,LOF,0.2549589243157148,0.052113020412463164,0.692928055271822
25999,LOF,0.02493355167488028,0.19707304333197562,0.7779934049931442
26000,LOF,0.19936224087891927,0.03211943852586526,0.7685183205952155
26001,LOF,0.23640881985500797,0.04613812570630035,0.7174530544386917
26002,LOF,0.1269740129210052,0.050343082147504783,0.8226829049314901
26003,GOF,0.0053019905478947785,0.6352433074059518,0.3594547020461533
26004,GOF,0.008172244868348666,0.7131044614107304,0.27872329372092103
26005,GOF,0.003925145736827083,0.5012728596434337,0.49480199461973917
26006,GOF,0.131459523122481,0.5424268614776917,0.32611361539982736
26007,GOF,0.008037928576064281,0.5526973820030896,0.4392646894208461
26008,GOF,0.005836209944752415,0.6467384112569767,0.34742537879827085
26009,GOF,0.008267672387461936,0.699131762868325,0.2926005647442131
26010,GOF,0.008961730698271756,0.6296732863820326,0.36136498291969577
26011,LOF,0.0033311184339743713,0.46051490111087284,0.5361539804551527
26012,GOF,0.004822914812083147,0.5447025203384792,0.45047456484943776
26013,GOF,0.00645553478631207,0.6102279259922335,0.38331653922145453
26014,LOF,0.05261500129616842,0.13579757851893598,0.8115874201848955
26015,LOF,0.37180947365545,0.02725576586196514,0.6009347604825848
26016,LOF,0.3113764375228722,0.049037627064521,0.6395859354126068
26017,LOF,0.023421468812577804,0.22964696996991968,0.7469315612175026
26018,LOF,0.025428198910115805,0.06144142426064092,0.9131303768292434
26019,LOF,0.02537783787427026,0.053079181776696495,0.9215429803490333
26020,LOF,0.010903556741573926,0.21434601230320363,0.7747504309552224
26021,LOF,0.08176748125231667,0.07930529453219573,0.8389272242154875
26022,LOF,0.04083624953569548,0.0316046288901349,0.9275591215741696
26023,LOF,0.029404410492486353,0.03942885574584634,0.9311667337616673
26024,LOF,0.044112396949107825,0.0759293847061083,0.8799582183447838
26025,LOF,0.06504270255553223,0.08269559124057482,0.8522617062038931
26026,LOF,0.1265957280916444,0.058171524135640564,0.815232747772715
26027,LOF,0.02398903854941374,0.031599606863671845,0.9444113545869144
26028,LOF,0.13180216826457777,0.1505437555604564,0.7176540761749658
26029,LOF,0.023256355155028285,0.1946471325810404,0.7820965122639312
26030,LOF,0.18100969388963742,0.021480052114006085,0.7975102539963564
26031,LOF,0.010943520024182246,0.16089213965288324,0.8281643403229344
26032,LOF,0.044482948812535075,0.06078572209604032,0.8947313290914245
26033,LOF,0.06443007037173953,0.05375698559887358,0.8818129440293869
26034,LOF,0.014746067719146563,0.14719151978969608,0.8380624124911573
26035,LOF,0.012900290174043625,0.1061861086353122,0.8809136011906441
26036,LOF,0.012472540442014948,0.1228824363736605,0.8646450231843246
26037,LOF,0.011304764792073653,0.09474723126403793,0.8939480039438884
26038,LOF,0.03829509396656531,0.05482029638759785,0.9068846096458368
26039,LOF,0.03219565830790316,0.12397131289441896,0.843833028797678
26040,LOF,0.10890494985825154,0.1272317661547205,0.7638632839870279
26041,LOF,0.014360865755806923,0.08429048570755913,0.901348648536634
26042,LOF,0.013336826031364877,0.09047188434647721,0.8961912896221578
26043,LOF,0.03741346927404148,0.07381107568478519,0.8887754550411733
26044,LOF,0.016691981937772927,0.046304499739947526,0.9370035183222795
26045,LOF,0.0730167300852916,0.10227768018402118,0.8247055897306872
26046,LOF,0.03156939449761817,0.056755424261700646,0.9116751812406813
26047,LOF,0.05262957496886952,0.0584788459930602,0.8888915790380704
26048,LOF,0.10002924770635264,0.0221620256102444,0.8778087266834029
26049,Neutral,0.9467672513867272,0.007537023746646383,0.04569572486662638
26050,Neutral,0.924244916997479,0.008101848327560132,0.06765323467496094
26051,LOF,0.0178810306283882,0.0963992388431583,0.8857197305284535
26052,LOF,0.03402290184611579,0.12021197554385799,0.8457651226100262
26053,LOF,0.02765543590778886,0.15951791772443935,0.8128266463677718
26054,LOF,0.04464766279157889,0.027169264169525836,0.9281830730388954
26055,LOF,0.06592017997439012,0.023454527599712754,0.9106252924258971
26056,LOF,0.055423346696044345,0.030337039969612987,0.9142396133343426
26057,LOF,0.06175936062762868,0.01467327584681845,0.9235673635255528
26058,LOF,0.06627029065776584,0.011588926193066734,0.9221407831491675
26059,LOF,0.1897182661734708,0.03177047130797462,0.7785112625185546
26060,LOF,0.01745315005729102,0.16393181749254646,0.8186150324501624
26061,LOF,0.012751747307136862,0.010077643012447285,0.9771706096804159
26062,LOF,0.00718637985244782,0.016743744930657604,0.9760698752168946
26063,LOF,0.04060786699688786,0.010865746523868314,0.9485263864792437
26064,LOF,0.010337733383429339,0.02433100073534629,0.9653312658812243
26065,LOF,0.05103381406453413,0.01178786122358602,0.9371783247118798
26066,LOF,0.04757921069949126,0.010524246033376067,0.9418965432671327
26067,LOF,0.05535374184633784,0.010170450331509444,0.9344758078221528
26068,LOF,0.05259730123857811,0.04392422153853251,0.9034784772228893
26069,LOF,0.15286690283950807,0.026640555959150727,0.8204925412013411
26070,LOF,0.33600141163582387,0.021163761029746302,0.6428348273344299
26071,LOF,0.04806946830665107,0.01109279408045707,0.9408377376128919
26072,LOF,0.011020328921651504,0.01857297060744251,0.970406700470906
26073,LOF,0.04012107888289318,0.013389411056299106,0.9464895100608076
26074,Neutral,0.9194334343635508,0.008161639391161492,0.07240492624528769
26075,LOF,0.055723983931732286,0.02135542108792183,0.922920594980346
26076,LOF,0.05961521763189295,0.01153958625851033,0.9288451961095967
26077,LOF,0.17184522071349903,0.006948224272183843,0.821206555014317
26078,LOF,0.009082426102772488,0.015153118773049411,0.9757644551241781
26079,LOF,0.06462283222321832,0.02241361574226188,0.9129635520345197
26080,LOF,0.06326529747065476,0.02251031564464405,0.9142243868847012
26081,LOF,0.03542692338918278,0.008618993547305156,0.9559540830635121
26082,LOF,0.008026884679417312,0.013365426014431482,0.9786076893061512
26083,LOF,0.11441674571494641,0.020165251974760184,0.8654180023102934
26084,LOF,0.11935003201222473,0.01526445170910986,0.8653855162786653
26085,LOF,0.11054758672066542,0.01312231295994182,0.8763301003193927
26086,LOF,0.04153555842979568,0.012082140336597217,0.9463823012336072
26087,LOF,0.03798158832454963,0.00985407713070331,0.9521643345447471
26088,LOF,0.009041437548207966,0.018813101643881894,0.9721454608079102
26089,LOF,0.04378663328042045,0.0366356953752924,0.9195776713442873
26090,LOF,0.04459255225216591,0.027974175141194362,0.9274332726066398
26091,LOF,0.03305647400757612,0.007718992639701105,0.9592245333527227
26092,LOF,0.047763166722305135,0.007736679134944953,0.9445001541427498
26093,LOF,0.0831818627438136,0.005496514442521987,0.9113216228136644
26094,LOF,0.03660094116091952,0.006953339221332012,0.9564457196177486
26095,LOF,0.03663580638749937,0.01776775979880972,0.945596433813691
26096,LOF,0.19661642435682036,0.004777139184066692,0.798606436459113
26097,LOF,0.00889530493593096,0.030363571121499996,0.9607411239425689
26098,LOF,0.08200152935325825,0.01863876010068744,0.8993597105460542
26099,LOF,0.045066272771505926,0.015372996091839137,0.939560731136655
26100,LOF,0.045066272771505926,0.015372996091839137,0.939560731136655
26101,LOF,0.05980715444113843,0.028381860871236148,0.9118109846876254
26102,LOF,0.03628138890971414,0.015497974300539372,0.9482206367897466
26103,Neutral,0.8807357028502121,0.026270736811398864,0.09299356033838913
26104,LOF,0.05892020954832851,0.039994442178517775,0.9010853482731537
26105,LOF,0.23595637277756829,0.1485225856749425,0.6155210415474892
26106,LOF,0.33963500949184194,0.10162873942330206,0.558736251084856
26107,LOF,0.02278769344063347,0.08873900585609473,0.8884733007032717
26108,LOF,0.2936250328741047,0.040066537515985434,0.66630842960991
26109,LOF,0.08173793249546125,0.03563979179884128,0.8826222757056974
26110,LOF,0.4608501377636009,0.007627965901290493,0.5315218963351086
26111,LOF,0.05750060062944551,0.1472000053058536,0.7952993940647008
26112,LOF,0.05471534069743505,0.009285540253465995,0.935999119049099
26113,LOF,0.10708999072814943,0.022091610947308597,0.8708183983245421
26114,LOF,0.09046115695096175,0.0068614245453691115,0.9026774185036691
26115,LOF,0.016262805983720402,0.04715120259085809,0.9365859914254214
26116,LOF,0.06911563254571047,0.019467590983245468,0.911416776471044
26117,LOF,0.4044580650421582,0.030646252593426303,0.5648956823644155
26118,LOF,0.050661468233677606,0.015491636895310001,0.9338468948710124
26119,LOF,0.006460238803243329,0.0304243016676389,0.9631154595291177
26120,LOF,0.0391316503908293,0.015437908795632638,0.945430440813538
26121,LOF,0.004935078496753198,0.11245914503909604,0.8826057764641507
