feature0,prediction,LoGoFunc_Neutral,LoGoFunc_GOF,LoGoFunc_LOF
25546,Neutral,0.630339668223778,0.06304321889986086,0.3066171128763611
25547,LOF,0.4383188424709111,0.11911147903784709,0.4425696784912419
25548,LOF,0.4426200905519398,0.09419885449987456,0.4631810549481856
25549,LOF,0.3824528962815586,0.09683977253142811,0.5207073311870132
25550,LOF,0.3364857899505439,0.15788670866200563,0.5056275013874504
25551,LOF,0.2649990672052984,0.18265930702097574,0.5523416257737258
25552,LOF,0.1905168957086016,0.16968837361185668,0.6397947306795416
25553,Neutral,0.787526054318139,0.05142131849764962,0.1610526271842114
25554,LOF,0.22267189754401082,0.1635077494455746,0.6138203530104146
25555,LOF,0.1898075304665381,0.14583584235132638,0.6643566271821356
25556,LOF,0.38530250974272057,0.12931491489911415,0.48538257535816515
25557,LOF,0.1775689803570383,0.15664968316808234,0.6657813364748794
25558,LOF,0.22063315496552013,0.1637943235088069,0.615572521525673
25559,LOF,0.17388286867705557,0.12621893418072175,0.6998981971422227
25560,LOF,0.075367763965103,0.13434911961706617,0.7902831164178308
25561,LOF,0.13768396907065872,0.12902919980773375,0.7332868311216075
25562,LOF,0.06555959888483777,0.08225262052762289,0.8521877805875394
25563,LOF,0.08901644884356852,0.09139897280233272,0.8195845783540988
25564,LOF,0.2200125277026864,0.1658865144634591,0.6141009578338545
25565,LOF,0.15663206987576764,0.13103474108044288,0.7123331890437895
25566,GOF,0.018404049779993967,0.7586704402735044,0.2229255099465015
25567,LOF,0.02254381207711258,0.17600672131287431,0.8014494666100132
25568,LOF,0.06134746823381511,0.08011620486531935,0.8585363269008656
25569,LOF,0.05802170553877603,0.08044744661746353,0.8615308478437605
25570,LOF,0.031753383336733276,0.11294115985220932,0.8553054568110575
25571,LOF,0.030637857478319645,0.10794266503335773,0.8614194774883227
25572,LOF,0.03533046417871747,0.13958759100833593,0.8250819448129466
25573,LOF,0.027506307667417906,0.11131503315743908,0.861178659175143
25574,LOF,0.018558605108814002,0.16051037807152388,0.8209310168196622
25575,LOF,0.026463330741292514,0.12484074876297614,0.8486959204957313
25576,LOF,0.012946713777247989,0.17501221068350778,0.8120410755392442
25577,LOF,0.010819614964765674,0.1477448893648928,0.8414354956703416
25578,LOF,0.2871125568220703,0.09096175178899966,0.62192569138893
25579,LOF,0.12390463987042516,0.09939056085822724,0.7767047992713476
25580,LOF,0.019127715004945926,0.08823120816945461,0.8926410768255995
25581,LOF,0.04606464026496956,0.08019103102795343,0.873744328707077
25582,LOF,0.04593748816155663,0.07914087726622394,0.8749216345722195
25583,LOF,0.02140365892302333,0.09947494559778867,0.879121395479188
25584,Neutral,0.522321829298643,0.10040714778519846,0.3772710229161584
25585,LOF,0.012887369751503643,0.16006903780304765,0.8270435924454488
25586,LOF,0.01832196132504501,0.08494598437485058,0.8967320543001043
25587,LOF,0.01697989607721363,0.07675647056964535,0.906263633353141
25588,LOF,0.018172312771970317,0.09385747657192564,0.887970210656104
25589,Neutral,0.6221439532352588,0.14193032223658267,0.23592572452815855
25590,LOF,0.02023758449918125,0.1404264273838637,0.839335988116955
25591,LOF,0.08148783183384244,0.06729845712941857,0.851213711036739
25592,LOF,0.05065206789448711,0.1487387445186713,0.8006091875868415
25593,LOF,0.022654518677242753,0.2454705765460448,0.7318749047767125
25594,LOF,0.036174581384430325,0.11458286523275625,0.8492425533828134
25595,LOF,0.03638960216303495,0.09043377093801926,0.8731766268989457
25596,LOF,0.05201316684409909,0.06915756514096111,0.8788292680149399
25597,LOF,0.036201289800143956,0.07229463576338517,0.891504074436471
25598,LOF,0.033405585893661875,0.09533097825092857,0.8712634358554096
25599,GOF,0.008306928042384816,0.5874608343927461,0.4042322375648691
25600,GOF,0.028222707504560685,0.6549283631867885,0.3168489293086509
25601,LOF,0.012233976441105413,0.44212098944275163,0.545645034116143
25602,LOF,0.014017316741621929,0.05047905810297246,0.9355036251554055
25603,LOF,0.04513963265712683,0.019749986838456014,0.9351103805044171
25604,LOF,0.017016740484165904,0.06206851515765233,0.9209147443581818
25605,LOF,0.007843406354569989,0.19915473377490084,0.7930018598705292
25606,LOF,0.0807071503645001,0.34089081136167,0.57840203827383
25607,LOF,0.005212533007023317,0.2143611820990384,0.7804262848939384
25608,LOF,0.012787588454898139,0.11148855843852602,0.8757238531065757
25609,LOF,0.0699949413363237,0.35750833995579323,0.572496718707883
25610,LOF,0.020365129622708113,0.024872954163985942,0.9547619162133061
25611,LOF,0.01863041252571266,0.026935574467979832,0.9544340130063075
25612,LOF,0.05624804757814544,0.03634948475478319,0.9074024676670713
25613,LOF,0.05184726057540112,0.037592188000830466,0.9105605514237685
25614,LOF,0.02794448615694315,0.03042892223643927,0.9416265916066175
25615,LOF,0.017633687563492546,0.041671362235571725,0.9406949502009357
25616,LOF,0.05514214433778784,0.028320184876166953,0.9165376707860452
25617,LOF,0.05108016015071447,0.03287511853262711,0.9160447213166585
25618,LOF,0.06358992702480365,0.03387945314700295,0.9025306198281933
25619,LOF,0.018420855619500257,0.031011819050365153,0.9505673253301345
25620,LOF,0.06886668027749386,0.03769522132893011,0.8934380983935759
25621,LOF,0.018573068278867535,0.03646302446301142,0.944963907258121
25622,LOF,0.02216748523039448,0.04033547032866343,0.9374970444409422
25623,LOF,0.03501740011492909,0.03282903989572078,0.9321535599893502
25624,LOF,0.023080436923340625,0.037835893803902246,0.9390836692727572
25625,LOF,0.02365450192098747,0.05198843470626105,0.9243570633727514
25626,LOF,0.052783285256427885,0.03646368034211894,0.9107530344014532
25627,Neutral,0.5999234817222805,0.10072432354016171,0.2993521947375578
25628,LOF,0.2016723296048359,0.05523530633062201,0.7430923640645422
25629,LOF,0.040520339550735925,0.058469858147482144,0.901009802301782
25630,LOF,0.14401324422730646,0.09404811646819515,0.7619386393044983
25631,Neutral,0.5972986370536891,0.061716148649442575,0.34098521429686846
25632,LOF,0.0071652622806408495,0.0647041491881225,0.9281305885312366
25633,LOF,0.18401239321887672,0.04060453168876099,0.7753830750923624
25634,LOF,0.02884061949297248,0.08460512879527897,0.8865542517117486
25635,LOF,0.03470308445845639,0.04421802344488539,0.9210788920966582
25636,GOF,0.0051197327415484235,0.5893910380465454,0.40548922921190617
25637,GOF,0.007195311506444879,0.5668291387450294,0.42597554974852575
25638,LOF,0.010606500031635562,0.3035963269744517,0.6857971729939126
25639,LOF,0.005147239391328671,0.4287198923158728,0.5661328682927985
25640,GOF,0.44924141320139616,0.4623245608270303,0.0884340259715735
25641,LOF,0.013521113045248901,0.2925304428913798,0.6939484440633714
25642,LOF,0.23480533193404948,0.058655500669315665,0.7065391673966349
25643,LOF,0.13370736580644058,0.14065627324167185,0.7256363609518877
25644,LOF,0.007884153708019134,0.4350009853009837,0.5571148609909973
25645,LOF,0.007129564737287575,0.42634398617256053,0.5665264490901518
25646,LOF,0.012075153068481176,0.31868130981202225,0.6692435371194965
25647,LOF,0.009060577682864125,0.27032165617761345,0.7206177661395224
25648,LOF,0.008575451989407946,0.2579702343479596,0.7334543136626325
25649,LOF,0.007190751387727801,0.21046573752378478,0.7823435110884874
25650,LOF,0.013414246648441689,0.3976642777788549,0.5889214755727035
25651,LOF,0.005283549672404675,0.26168551856580885,0.7330309317617865
25652,LOF,0.009123195357676776,0.25501145002235376,0.7358653546199695
25653,LOF,0.02599112187647413,0.385952505731045,0.5880563723924809
25654,LOF,0.009845002861445594,0.14924714280597087,0.8409078543325835
25655,LOF,0.047052901766115054,0.41025476297993274,0.5426923352539522
25656,LOF,0.18887926901046442,0.048272554667921484,0.7628481763216142
25657,LOF,0.26067603055153826,0.02669176772863302,0.7126322017198288
25658,LOF,0.07678149025754613,0.07822021890568202,0.8449982908367719
25659,LOF,0.4247253472483865,0.06608823640211395,0.5091864163494995
25660,LOF,0.029195995660783736,0.0960056340562132,0.8747983702830031
25661,LOF,0.09420311004282698,0.06644153006031207,0.8393553598968609
25662,LOF,0.0315104455715602,0.04552867551322145,0.9229608789152184
25663,LOF,0.04297435322291697,0.06436783944700179,0.8926578073300813
25664,LOF,0.042735011623350715,0.07928604689649257,0.8779789414801566
25665,LOF,0.0559214153538227,0.03493056368298161,0.9091480209631958
25666,LOF,0.03705389648963818,0.10122839454108816,0.8617177089692737
25667,LOF,0.06695627494433422,0.047575909277960376,0.8854678157777054
25668,LOF,0.03385169412918843,0.053630675308840754,0.9125176305619708
25669,LOF,0.032080910799177534,0.07451596829951829,0.8934031209013041
25670,LOF,0.05840452736636108,0.061679337395841555,0.8799161352377973
25671,LOF,0.09395281496948185,0.043460048275456645,0.8625871367550615
25672,LOF,0.0561707565191902,0.04346761360357991,0.9003616298772298
25673,LOF,0.023831634648469047,0.06188551765139232,0.9142828477001387
25674,LOF,0.020414397564588876,0.07064795358261372,0.9089376488527975
25675,LOF,0.032464795629350465,0.0681619922402329,0.8993732121304167
25676,LOF,0.018787345304259472,0.06015263804717066,0.92106001664857
25677,LOF,0.028570080995066544,0.07069483208526864,0.9007350869196649
25678,LOF,0.20000883556952698,0.05892536853111144,0.7410657958993616
25679,LOF,0.15855785725269073,0.08708094198562183,0.7543612007616873
25680,LOF,0.04705954431627755,0.11067812887940573,0.8422623268043167
25681,LOF,0.07281301486937782,0.10592481918567055,0.8212621659449517
25682,LOF,0.1438494291865779,0.07913633576663184,0.7770142350467902
25683,LOF,0.07741626430612235,0.12252548851153573,0.8000582471823419
25684,LOF,0.04517688445563578,0.07546765096853146,0.8793554645758328
25685,LOF,0.07834120104939778,0.05517493007054227,0.86648386888006
25686,LOF,0.025622610814103844,0.08191474910791602,0.8924626400779802
25687,LOF,0.04853391920228999,0.06955019539598406,0.8819158854017259
25688,LOF,0.049444266429987636,0.05445158650811779,0.8961041470618947
25689,LOF,0.029949127305158606,0.06901269886048134,0.90103817383436
25690,LOF,0.036580483748244325,0.053424570609905915,0.9099949456418498
25691,LOF,0.24307834632447073,0.0729278416295538,0.6839938120459754
25692,LOF,0.2525731413781525,0.008099566264916964,0.7393272923569305
25693,LOF,0.06940085645150358,0.24800319496822446,0.682595948580272
25694,LOF,0.2333316890193665,0.013047139685749831,0.7536211712948836
25695,LOF,0.1466572996352293,0.02094641707419382,0.8323962832905768
25696,LOF,0.11309074948589332,0.012057029599652512,0.8748522209144541
25697,LOF,0.09448996187746586,0.022152140424508988,0.8833578976980251
25698,LOF,0.05434285375611862,0.429800278077445,0.5158568681664364
25699,LOF,0.07001614222092846,0.08777509419384022,0.8422087635852313
25700,LOF,0.054857737303890076,0.009781586429213944,0.935360676266896
25701,LOF,0.015851322551010228,0.07382645150065309,0.9103222259483368
25702,GOF,0.039162451846841334,0.6792937171617807,0.2815438309913781
25703,LOF,0.007977008393060888,0.1625394994771269,0.8294834921298123
25704,LOF,0.05466304823211813,0.14189381809739832,0.8034431336704835
25705,LOF,0.06641150889437998,0.25671035451391144,0.6768781365917086
25706,GOF,0.02281133369274799,0.5268230304147552,0.45036563589249684
25707,LOF,0.01682472244841633,0.432110865825229,0.5510644117263548
25708,LOF,0.007388395595884287,0.42024309699974666,0.5723685074043691
25709,LOF,0.056098766574200355,0.0668266293739245,0.8770746040518753
25710,LOF,0.004793142399225477,0.18919522630549324,0.8060116312952813
25711,LOF,0.017135991799110645,0.1424268760306338,0.8404371321702554
25712,LOF,0.006287123051941539,0.2214007959727869,0.7723120809752716
25713,LOF,0.01834343667716484,0.12292292819703848,0.8587336351257967
25714,LOF,0.05753521515792594,0.14903632580278317,0.7934284590392909
25715,LOF,0.011577233241873769,0.17019586404394726,0.8182269027141789
25716,LOF,0.0058133885434147594,0.1305238944062406,0.8636627170503447
25717,LOF,0.005249656530366098,0.10902305251815719,0.8857272909514766
25718,LOF,0.012201918724344533,0.11575161469089613,0.8720464665847593
25719,LOF,0.01916735675204561,0.12028190271015182,0.8605507405378027
25720,LOF,0.020546625352767224,0.11254349553950505,0.8669098791077278
25721,LOF,0.01617900640879347,0.13228300775308133,0.8515379858381251
25722,LOF,0.014456925600437745,0.15732308217817584,0.8282199922213864
25723,LOF,0.01986584346143788,0.09082402214755565,0.8893101343910065
25724,LOF,0.01778237184314795,0.13587897579777367,0.8463386523590783
25725,LOF,0.011443547128808174,0.09804398021321496,0.8905124726579768
25726,LOF,0.014468262068593701,0.1491653436713114,0.8363663942600948
25727,LOF,0.012368792621389941,0.11067050796346153,0.8769606994151485
25728,LOF,0.010534106985564532,0.1367932040092335,0.8526726890052019
25729,LOF,0.010762746263118048,0.13972050266950523,0.8495167510673767
25730,LOF,0.01563933555423919,0.11429302600380675,0.870067638441954
25731,LOF,0.007479974657110068,0.1551173160802044,0.8374027092626856
25732,LOF,0.015526762474504885,0.10970491176758708,0.874768325757908
25733,LOF,0.01553549913726695,0.09900082832702882,0.8854636725357043
25734,LOF,0.005354348249032014,0.15813242275788875,0.8365132289930791
25735,LOF,0.013707819153061396,0.09544334343676827,0.8908488374101704
25736,LOF,0.014472539156349733,0.13736395820366837,0.848163502639982
25737,LOF,0.02005974058922577,0.10481706154064262,0.8751231978701316
25738,LOF,0.013297289144145822,0.15812856476975376,0.8285741460861004
25739,LOF,0.019489464233718085,0.13486239951238407,0.8456481362538978
25740,LOF,0.03175732839809233,0.1364474316780454,0.8317952399238624
25741,LOF,0.01533920491135905,0.12777154710767022,0.8568892479809707
25742,LOF,0.09098331634763415,0.1262462564216346,0.7827704272307312
25743,LOF,0.01441999276171945,0.03317791617659091,0.9524020910616896
25744,LOF,0.24199769560422738,0.3031664240989927,0.45483588029678
25745,LOF,0.028301650583721197,0.04234344587322303,0.9293549035430557
25746,LOF,0.01756201028754717,0.05283272433076519,0.9296052653816876
25747,LOF,0.02849165199283783,0.028595432394378895,0.9429129156127832
25748,LOF,0.11998003707179082,0.04963980092813702,0.8303801620000721
25749,LOF,0.015744349440877096,0.04019373285328757,0.9440619177058355
25750,LOF,0.03630711110691126,0.05737351365332509,0.9063193752397636
25751,LOF,0.11198982848827974,0.05042866015088462,0.8375815113608356
25752,GOF,0.12033728873688498,0.5862946342509695,0.2933680770121456
25753,LOF,0.007572556373030229,0.29757867321873893,0.6948487704082309
25754,GOF,0.0047218031769188885,0.7771197218956859,0.21815847492739532
25755,LOF,0.009765355892846559,0.3912491685520522,0.5989854755551012
25756,LOF,0.04235044052989664,0.3872430035891856,0.5704065558809177
25757,GOF,0.0056427322145080495,0.8340693709116468,0.1602878968738452
25758,GOF,0.007247354536988439,0.8398770363868081,0.15287560907620337
25759,GOF,0.004269616198794324,0.549321810364492,0.4464085734367136
25760,LOF,0.004801223106519022,0.2570457791979562,0.7381529976955248
25761,GOF,0.044383363168834025,0.7932979052339117,0.16231873159725413
25762,LOF,0.031177975861941425,0.29650319516640605,0.6723188289716526
25763,LOF,0.006201474259094678,0.21360155651970922,0.7801969692211962
25764,GOF,0.1858045949602026,0.4704651270046025,0.3437302780351949
25765,GOF,0.012931186088276616,0.7832708432930116,0.20379797061871183
25766,GOF,0.018048708819564187,0.7799207913309958,0.20203049984943994
25767,GOF,0.017199522121133543,0.5013248168650019,0.48147566101386463
25768,LOF,0.07516787205472657,0.06967214521772584,0.8551599827275476
25769,LOF,0.08290229139694696,0.051511547351771075,0.865586161251282
25770,LOF,0.32140360018870434,0.06501973926367059,0.613576660547625
25771,LOF,0.01387279962935754,0.053904829088849415,0.9322223712817931
25772,LOF,0.02007860952820288,0.026679732397949702,0.9532416580738473
25773,LOF,0.011292181025939952,0.10396722590341251,0.8847405930706476
25774,LOF,0.025586153951082866,0.06439485996389127,0.910018986085026
25775,LOF,0.015447278394530294,0.045995023107789475,0.9385576984976801
25776,LOF,0.08434664802793668,0.021258703744595896,0.8943946482274674
25777,LOF,0.2940158229334169,0.04041377779473515,0.6655703992718478
25778,LOF,0.07002468358756232,0.040261116487981065,0.8897141999244566
25779,GOF,0.07098495168601027,0.8679218172884064,0.061093231025583186
25780,GOF,0.05662368559687469,0.8462890884850226,0.09708722591810288
25781,GOF,0.02573163299585981,0.8434499403198871,0.13081842668425306
25782,GOF,0.029913428242302847,0.874438246023299,0.09564832573439812
25783,GOF,0.01233540680675571,0.661812962130347,0.3258516310628973
25784,GOF,0.11242819740609016,0.8261812314670952,0.06139057112681458
25785,GOF,0.0788646642139462,0.8639109038235075,0.057224431962546216
25786,GOF,0.005723098903295724,0.8076267133519904,0.18665018774471376
25787,GOF,0.20967123988623412,0.7465111064782577,0.04381765363550826
25788,LOF,0.045932205037022604,0.10832379476810652,0.845744000194871
25789,GOF,0.04251952079198144,0.8120698468821195,0.14541063232589913
25790,GOF,0.04409190005085118,0.8264403427311602,0.12946775721798856
25791,GOF,0.02907671219354657,0.7537221690865064,0.21720111871994707
25792,GOF,0.04499598228650528,0.7620802289213868,0.19292378879210778
25793,GOF,0.08033852727230105,0.7246764266437604,0.19498504608393846
25794,GOF,0.11577048157524715,0.6802440257878137,0.2039854926369392
25795,GOF,0.026195469539737407,0.7548498411296846,0.21895468933057788
25796,GOF,0.13416506163040195,0.7455918195891192,0.12024311878047877
25797,GOF,0.037546606079179784,0.5878835581263845,0.37456983579443565
25798,GOF,0.003034010004233503,0.5237004677833219,0.47326552221244467
25799,LOF,0.0029048396098044,0.41318786847371214,0.5839072919164834
25800,GOF,0.010244250599575028,0.6083871306191678,0.38136861878125716
25801,GOF,0.033529020247377604,0.810088426801066,0.15638255295155645
25802,GOF,0.019855766765053493,0.7193891798870157,0.260755053347931
25803,GOF,0.009728533917070856,0.5827984869850692,0.40747297909786
25804,LOF,0.012719058823275644,0.47106126580008756,0.5162196753766367
25805,GOF,0.02207262483910801,0.6019529427696776,0.3759744323912143
25806,GOF,0.018578066060745833,0.6220587655025827,0.3593631684366715
25807,GOF,0.005514605132386473,0.6347153992012762,0.35976999566633727
25808,GOF,0.014429099292133287,0.6429469820940305,0.3426239186138362
25809,GOF,0.006188211708706804,0.6091744822200971,0.384637306071196
25810,GOF,0.005270708495539771,0.623848997718887,0.37088029378557313
25811,GOF,0.087897010062789,0.7909276209913031,0.1211753689459079
25812,GOF,0.013663063977011499,0.620660144850808,0.3656767911721805
25813,GOF,0.11379268538988083,0.7232051215784557,0.16300219303166344
25814,GOF,0.0323594565628896,0.6842039834524026,0.28343655998470774
25815,GOF,0.047353162344805556,0.7139984524687022,0.23864838518649234
25816,GOF,0.0075280620182366954,0.7518826728584354,0.24058926512332796
25817,GOF,0.07295697133594975,0.7639084041985178,0.16313462446553237
25818,GOF,0.01891812340540942,0.7034305977948666,0.27765127879972396
25819,GOF,0.07630034853087578,0.7290973402497917,0.19460231121933252
25820,GOF,0.03239158118643421,0.7198727329272291,0.24773568588633665
25821,GOF,0.01664690593331834,0.6964558755815071,0.28689721848517463
25822,GOF,0.0382021008382848,0.7052979363217111,0.25649996284000404
25823,GOF,0.012477028025656891,0.5414203594269864,0.44610261254735667
25824,GOF,0.021769982352659065,0.6613785131017312,0.3168515045456097
25825,GOF,0.01269417483100039,0.6350093951735489,0.35229642999545063
25826,GOF,0.005093078337677666,0.6019964966017902,0.39291042506053214
25827,GOF,0.007864432779944799,0.602119802753832,0.39001576446622316
25828,GOF,0.005066956626534947,0.5236141307343127,0.4713189126391524
25829,GOF,0.0026149855566466275,0.5779376477027279,0.4194473667406253
25830,LOF,0.03985912217501077,0.33951631178501007,0.6206245660399792
25831,GOF,0.0365713284544921,0.8295081056762066,0.13392056586930134
25832,GOF,0.0075887590254969115,0.767463667360395,0.22494757361410808
25833,GOF,0.029203162820641164,0.8145188658155023,0.1562779713638568
25834,GOF,0.00809788638486253,0.7703655754417443,0.22153653817339314
25835,GOF,0.017999791345760574,0.8154886130917438,0.1665115955624955
25836,GOF,0.007208356528563077,0.7752692289128574,0.2175224145585794
25837,GOF,0.006731887791995415,0.6666961041347611,0.3265720080732435
25838,GOF,0.02107082440996752,0.8472287967339744,0.13170037885605823
25839,GOF,0.050428820652288486,0.7919372667142015,0.15763391263350993
25840,GOF,0.04135121108487527,0.8271217635207915,0.13152702539433328
25841,GOF,0.03948661546849391,0.8348261920255714,0.12568719250593466
25842,GOF,0.025235993772300014,0.866769659591458,0.10799434663624191
25843,GOF,0.02752389157919741,0.8786428678107361,0.09383324061006665
25844,GOF,0.016876564671317883,0.8117313978278068,0.17139203750087523
25845,GOF,0.004877568318887359,0.5803495786666647,0.4147728530144479
25846,GOF,0.028086243293951617,0.8606370935157479,0.1112766631903004
25847,GOF,0.019142559320328302,0.877333154984388,0.10352428569528362
25848,GOF,0.013784940238699417,0.7808840262295264,0.2053310335317741
25849,GOF,0.004446642088290907,0.6501343535017301,0.3454190044099791
25850,GOF,0.006526316825130698,0.6832601376532468,0.3102135455216224
25851,GOF,0.006018091295251766,0.551377331515157,0.4426045771895913
25852,GOF,0.15489806997823335,0.5212886072798951,0.32381332274187147
25853,GOF,0.06434255703766262,0.8302187585805977,0.10543868438173978
25854,GOF,0.009069568862250682,0.6309007655412379,0.3600296655965114
25855,GOF,0.013945279461556945,0.576829448331847,0.40922527220659605
25856,GOF,0.04170065692705167,0.7067740649247073,0.25152527814824116
25857,GOF,0.014521456861322357,0.5269717678182344,0.45850677532044315
25858,GOF,0.007646853631834912,0.5316686157116616,0.4606845306565035
25859,GOF,0.00527529443872034,0.5151361540805997,0.47958855148068
25860,GOF,0.0780223374493128,0.7862320439618665,0.13574561858882087
25861,GOF,0.12008177869541982,0.7825506771080171,0.09736754419656318
25862,GOF,0.020045805052814985,0.8422032421262846,0.13775095282090047
25863,GOF,0.018423747062564177,0.8533759011478655,0.12820035178957015
25864,GOF,0.043077849107679096,0.8755721102980697,0.08135004059425129
25865,GOF,0.030323125884447185,0.8475879321529475,0.1220889419626055
25866,GOF,0.025454941113657193,0.8290412698158682,0.14550378907047443
25867,GOF,0.026129729364294148,0.8628411851375358,0.11102908549817007
25868,GOF,0.05516625236668662,0.7835509623512881,0.16128278528202525
25869,GOF,0.31045495583489036,0.5831169558343979,0.10642808833071164
25870,GOF,0.19143870744220123,0.4978876994712926,0.3106735930865062
25871,GOF,0.027997447778968308,0.8457514383318713,0.1262511138891604
25872,GOF,0.01670661097467813,0.7575208075378405,0.2257725814874813
25873,GOF,0.019341646675389575,0.8434915959909266,0.13716675733368397
25874,LOF,0.016897989461431583,0.1144121363111816,0.8686898742273869
25875,LOF,0.025056045120497018,0.03475868565770649,0.9401852692217966
25876,LOF,0.014282631289659736,0.03284026759977176,0.9528771011105686
25877,LOF,0.12119748162163788,0.06243927952436711,0.8163632388539951
25878,LOF,0.05250741034729318,0.08161027609306495,0.865882313559642
25879,LOF,0.022160505789306877,0.061348092895921316,0.9164914013147719
25880,LOF,0.044305265749586584,0.012133408066691354,0.943561326183722
25881,Neutral,0.5405533991589081,0.04645961260314578,0.41298698823794616
25882,LOF,0.020751487000237885,0.03057336223788796,0.9486751507618743
25883,LOF,0.06452283596337445,0.024078682249313962,0.9113984817873116
25884,LOF,0.011115810541409062,0.04012316725459765,0.9487610222039932
25885,LOF,0.16223234883347395,0.00687766989394625,0.8308899812725797
25886,LOF,0.2903270130288233,0.04852361535322573,0.661149371617951
25887,LOF,0.14078909604134882,0.05189674975886359,0.8073141541997876
25888,LOF,0.011644454125413884,0.11408349179372915,0.874272054080857
25889,LOF,0.013280437652987188,0.03108964592614242,0.9556299164208704
25890,LOF,0.11227800046956474,0.08339698946581174,0.8043250100646235
25891,LOF,0.044804914557848664,0.039624384533946226,0.915570700908205
25892,LOF,0.01098710373577636,0.043014156432078135,0.9459987398321454
25893,LOF,0.3838004435069562,0.014872690349717855,0.601326866143326
25894,LOF,0.4242876193939351,0.007376987477278936,0.5683353931287859
25895,LOF,0.3489077192833618,0.01660643542001459,0.6344858452966236
25896,LOF,0.04308959031528043,0.02543411160355227,0.9314762980811673
25897,LOF,0.19072575916472873,0.01384528685447186,0.7954289539807994
25898,LOF,0.2193045213324859,0.03275641744782828,0.7479390612196858
25899,LOF,0.1769448489869728,0.028416759073032646,0.7946383919399945
25900,LOF,0.4745813826478987,0.011104220017527824,0.5143143973345735
25901,LOF,0.04519321344410718,0.012141765817156834,0.9426650207387359
25902,LOF,0.115511467307704,0.016727155182523337,0.8677613775097728
25903,LOF,0.390622909067057,0.0369226493064668,0.5724544416264762
25904,LOF,0.30386343449506337,0.0431248915914187,0.653011673913518
25905,LOF,0.006325813534489207,0.400681157463022,0.5929930290024887
25906,LOF,0.00851446675376546,0.11993995758000525,0.8715455756662293
25907,LOF,0.004238668637342109,0.38085251899240596,0.614908812370252
25908,LOF,0.003752604718806389,0.2652306299339112,0.7310167653472825
25909,LOF,0.013712992658403644,0.15495370175742518,0.8313333055841713
25910,LOF,0.01514784697031122,0.138951245620568,0.8459009074091208
25911,LOF,0.17471412715866966,0.028132771931959774,0.7971531009093706
25912,LOF,0.07244086273725299,0.03898815471551383,0.8885709825472332
25913,LOF,0.07993713161980019,0.053731918175489383,0.8663309502047104
25914,LOF,0.021684754398862666,0.05830781762309086,0.9200074279780465
25915,LOF,0.15854257486578907,0.2933006361103938,0.548156789023817
25916,LOF,0.020378830851995607,0.16944812713355145,0.810173042014453
25917,LOF,0.05400703746715899,0.043018303172938296,0.9029746593599027
25918,LOF,0.026610683496191154,0.03281123133157464,0.9405780851722342
25919,LOF,0.02303857868348625,0.0328180360009492,0.9441433853155645
25920,LOF,0.11615259007028991,0.21499812623734857,0.6688492836923615
25921,LOF,0.009792068087149337,0.03837469488042504,0.9518332370324256
25922,LOF,0.012461124044352243,0.03141056546575386,0.956128310489894
25923,Neutral,0.4915595839316681,0.03764123405065393,0.4707991820176779
25924,LOF,0.01723695032856222,0.04175911626233541,0.9410039334091024
25925,LOF,0.07580404689874519,0.04504242647781223,0.8791535266234426
25926,LOF,0.0573807526578647,0.041577352315807385,0.901041895026328
25927,LOF,0.019267438001594132,0.06374966923309504,0.916982892765311
25928,LOF,0.007466042873601764,0.0509715194293944,0.9415624376970039
25929,Neutral,0.6102035314140991,0.04052519974782708,0.34927126883807386
25930,LOF,0.06681301440425853,0.03384407244114665,0.8993429131545948
25931,LOF,0.009371691682201918,0.040548295650908533,0.9500800126668895
25932,LOF,0.03370380935871099,0.030159952619792024,0.9361362380214969
25933,LOF,0.042496216438529535,0.019041154381856475,0.938462629179614
25934,LOF,0.02997559133448333,0.020219228937013254,0.9498051797285033
25935,LOF,0.07179720628451335,0.05124065199189161,0.876962141723595
25936,LOF,0.04780206772528345,0.024481006257621372,0.9277169260170952
25937,LOF,0.00981799537706003,0.03839691924420922,0.9517850853787307
25938,LOF,0.06791861641855323,0.05987582470363217,0.8722055588778146
25939,LOF,0.040872158420992774,0.02407020419469588,0.9350576373843112
25940,LOF,0.008966693601568397,0.3004886947961568,0.6905446116022749
25941,Neutral,0.521186751284096,0.032051273024048234,0.44676197569185583
25942,LOF,0.004841145450026816,0.041158954051131263,0.9539999004988419
25943,LOF,0.034837491077549694,0.1445941445930552,0.8205683643293951
25944,LOF,0.12441932767263583,0.07890008478033765,0.7966805875470264
25945,LOF,0.0546562213916284,0.018939379048654226,0.9264043995597174
25946,LOF,0.07102418031771718,0.06482696894317039,0.8641488507391125
25947,LOF,0.435693960316876,0.07257706707415156,0.4917289726089724
25948,LOF,0.30356780997329025,0.007965231797392846,0.6884669582293169
25949,LOF,0.10533448761601706,0.04521944360549107,0.8494460687784919
25950,GOF,0.03635719633069242,0.5870817608890828,0.3765610427802248
25951,LOF,0.01646985960917434,0.41658378893889764,0.566946351451928
25952,LOF,0.26832141330849646,0.31763394316237525,0.4140446435291282
25953,LOF,0.013608039691003274,0.18889362106651136,0.7974983392424854
25954,LOF,0.050796804544968564,0.4416443892073761,0.5075588062476554
25955,LOF,0.010197646416750784,0.17689889475764817,0.8129034588256011
25956,LOF,0.028172838621215623,0.31031835459850965,0.6615088067802748
25957,LOF,0.14618060978759126,0.03214031165638215,0.8216790785560266
25958,LOF,0.052818540547151,0.02715968197185356,0.9200217774809953
25959,LOF,0.01235453466597529,0.4611280127036573,0.5265174526303674
25960,LOF,0.005922880066196431,0.05358013143512843,0.9404969884986751
25961,LOF,0.04167145614082315,0.024355047139938635,0.9339734967192381
25962,LOF,0.03526627340241121,0.07807148675529418,0.8866622398422946
25963,LOF,0.005385547082104956,0.23593091353523707,0.7586835393826581
25964,LOF,0.03265829001830619,0.10790217715413214,0.8594395328275617
25965,LOF,0.31892098321000917,0.1406680568085232,0.5404109599814676
25966,Neutral,0.5277466373734916,0.1247129695019272,0.3475403931245811
25967,LOF,0.006743043464256468,0.08343238493643332,0.9098245715993102
25968,LOF,0.055201971289005905,0.23121401835264024,0.7135840103583538
25969,LOF,0.12784573139592195,0.06452875657951085,0.8076255120245672
25970,LOF,0.01906842604925641,0.09149597700912945,0.8894355969416141
25971,LOF,0.06569749006256406,0.030362503682189297,0.9039400062552465
25972,LOF,0.06334466008129247,0.040847615720085696,0.8958077241986219
25973,LOF,0.05623560133355539,0.01094004755569285,0.9328243511107518
25974,LOF,0.031577912447342586,0.0374290892528027,0.9309929982998547
25975,LOF,0.042814969824362475,0.02236530539951029,0.9348197247761272
25976,LOF,0.10536788032922387,0.011119642993908965,0.883512476676867
25977,LOF,0.2086471364916496,0.05276625556478862,0.7385866079435618
25978,LOF,0.13953871293121298,0.13656845666569942,0.7238928304030876
25979,LOF,0.12609344092179872,0.1355889766959807,0.7383175823822206
25980,LOF,0.2464543924123254,0.15495903641997943,0.5985865711676952
25981,LOF,0.2759325447879857,0.15146347855218012,0.5726039766598342
25982,LOF,0.40139435438208027,0.11473446125780257,0.48387118436011717
25983,LOF,0.3830980628679213,0.12028478821991494,0.49661714891216363
25984,LOF,0.04169091505078039,0.06021294381885748,0.8980961411303622
25985,LOF,0.428116450091081,0.11040067905525686,0.4614828708536622
25986,LOF,0.010598724441739803,0.40988287649798705,0.5795183990602731
25987,LOF,0.033913822291853676,0.0976468390143335,0.8684393386938128
25988,LOF,0.16459181471619716,0.09748521087284859,0.7379229744109542
25989,LOF,0.037088873198409276,0.13664726750384848,0.8262638592977422
25990,LOF,0.03966244886525396,0.20703280459381262,0.7533047465409335
25991,LOF,0.017947588674458614,0.35489467023789717,0.6271577410876443
25992,LOF,0.019254985300203597,0.34807989159212205,0.6326651231076743
25993,LOF,0.020895826951297235,0.09461514981816899,0.8844890232305339
25994,LOF,0.015264152625547289,0.0845439012325103,0.9001919461419424
25995,LOF,0.020084945469885693,0.18220459276496564,0.7977104617651487
25996,LOF,0.33053887063488807,0.2963931419501413,0.37306798741497066
25997,LOF,0.07281367079573833,0.34845331833310844,0.5787330108711533
25998,LOF,0.3021599988361854,0.04462535623979359,0.653214644924021
25999,LOF,0.017654028096973803,0.2389617961659134,0.7433841757371128
26000,LOF,0.14388758037155958,0.028867571964619337,0.827244847663821
26001,LOF,0.3235471863451214,0.02274975154124793,0.6537030621136306
26002,LOF,0.07388852422121461,0.04653790763271098,0.8795735681460745
26003,GOF,0.003838896771780996,0.620098706375081,0.376062396853138
26004,GOF,0.005860602662890332,0.695813904211025,0.29832549312608475
26005,GOF,0.0028642437762273283,0.4999561597502106,0.497179596473562
26006,GOF,0.06896403242827367,0.593102346734123,0.3379336208376033
26007,GOF,0.00570426733127968,0.559860458734161,0.43443527393455933
26008,GOF,0.005157408252606944,0.6379953039950835,0.3568472877523095
26009,GOF,0.005883184971205861,0.6484518217365453,0.345664993292249
26010,GOF,0.0065333340859709335,0.6769423601774373,0.31652430573659185
26011,LOF,0.002658156488772547,0.48413253145790863,0.5132093120533188
26012,GOF,0.0038982695904402633,0.5602727247686644,0.43582900564089533
26013,GOF,0.004594691951799224,0.6238159668643353,0.37158934118386544
26014,LOF,0.04928009675744515,0.09638809874344338,0.8543318044991114
26015,LOF,0.12704790344692346,0.02213283570451901,0.8508192608485575
26016,LOF,0.2986624272569287,0.04242925529706969,0.6589083174460016
26017,LOF,0.024717198380934318,0.21762607121467722,0.7576567304043884
26018,LOF,0.0717005218735515,0.045205062338329584,0.8830944157881189
26019,LOF,0.06815822943843748,0.03573351975291439,0.8961082508086481
26020,LOF,0.008316455907197588,0.2110178564981706,0.7806656875946318
26021,LOF,0.06317151087044857,0.07491342745902108,0.8619150616705303
26022,LOF,0.025451968305486707,0.026250253252654374,0.9482977784418589
26023,LOF,0.0454336763304655,0.025761706681355506,0.9288046169881791
26024,LOF,0.04172101890714853,0.08067142801857345,0.8776075530742782
26025,LOF,0.060495511973311426,0.08856305592619702,0.8509414321004914
26026,LOF,0.11917615811292828,0.06774304867459334,0.8130807932124784
26027,LOF,0.05787078659627601,0.02016804090175492,0.921961172501969
26028,LOF,0.08134293032438557,0.114871679349868,0.8037853903257464
26029,LOF,0.02815254710669175,0.19744660422054192,0.7744008486727663
26030,LOF,0.13653710406508193,0.028607405060544655,0.8348554908743733
26031,LOF,0.014321172729904231,0.15537152299569168,0.8303073042744041
26032,LOF,0.08185145818161642,0.06960028438866263,0.848548257429721
26033,LOF,0.0848160443333231,0.06837610117108882,0.8468078544955879
26034,LOF,0.01566109935196231,0.1730409374426347,0.811297963205403
26035,LOF,0.01294517577527062,0.1332817074919274,0.8537731167328021
26036,LOF,0.016642819178090747,0.1732542967650773,0.810102884056832
26037,LOF,0.01113253033303402,0.11587670791565746,0.8729907617513085
26038,LOF,0.06999500048400885,0.06309634747004512,0.866908652045946
26039,LOF,0.023670403454053243,0.15821656129652945,0.8181130352494174
26040,LOF,0.11466848275662699,0.15639106205666817,0.7289404551867049
26041,LOF,0.013318818182912709,0.09747262853195517,0.8892085532851322
26042,LOF,0.011755340975483926,0.10396889339690941,0.8842757656276066
26043,LOF,0.06881459926221814,0.08407646663107796,0.847108934106704
26044,LOF,0.01339712243983687,0.06593559736578596,0.9206672801943772
26045,LOF,0.05034821860374773,0.10123799583118707,0.8484137855650652
26046,LOF,0.061014128353012155,0.0701556514685159,0.868830220178472
26047,LOF,0.103470072257576,0.0746019804544936,0.8219279472879304
26048,LOF,0.04559098489410051,0.04009871964118392,0.9143102954647155
26049,Neutral,0.9678979508022512,0.005639384007054674,0.026462665190694346
26050,Neutral,0.954160345439606,0.007327368397790895,0.03851228616260312
26051,LOF,0.014601743056515262,0.16129364528116283,0.8241046116623219
26052,LOF,0.02277711840120342,0.18866088380094725,0.7885619977978493
26053,LOF,0.023564765402194463,0.1417319168969028,0.8347033177009027
26054,LOF,0.04856677218853706,0.01584737016795071,0.9355858576435122
26055,LOF,0.059825544988642204,0.014631774720727441,0.9255426802906304
26056,LOF,0.05011095039580889,0.018256559974002887,0.9316324896301882
26057,LOF,0.031189578711255956,0.01130477471633114,0.9575056465724129
26058,LOF,0.032105090813292055,0.00968035504027185,0.9582145541464361
26059,LOF,0.2987446281124031,0.018792721166185578,0.6824626507214113
26060,LOF,0.008499686964984002,0.1309726069200791,0.8605277061149369
26061,LOF,0.004837491531795362,0.013470460071223031,0.9816920483969815
26062,LOF,0.003838731584895471,0.018869421111893516,0.9772918473032111
26063,LOF,0.02248166722229323,0.009640621318535035,0.9678777114591717
26064,LOF,0.006844760687109827,0.020850584753807574,0.9723046545590825
26065,LOF,0.02272469931950829,0.011575871194108163,0.9656994294863835
26066,LOF,0.021534169147689596,0.010417701062798055,0.9680481297895123
26067,LOF,0.02847895668843696,0.00873250321149467,0.9627885401000683
26068,LOF,0.04073030732792961,0.025898321339056028,0.9333713713330144
26069,LOF,0.26578897861806156,0.017015423779578258,0.7171955976023603
26070,LOF,0.4049952909260087,0.012898301081441476,0.5821064079925499
26071,LOF,0.022164386958959385,0.010270957187290927,0.9675646558537496
26072,LOF,0.005252232419078047,0.022379432215847976,0.9723683353650739
26073,LOF,0.018533327385099302,0.012990395326276416,0.9684762772886242
26074,Neutral,0.899430753509478,0.005880323437903441,0.09468892305261846
26075,LOF,0.042441318713007416,0.014135944077828236,0.9434227372091643
26076,LOF,0.03876176960279739,0.008828034993320539,0.9524101954038819
26077,LOF,0.11054291123525778,0.007658022535107161,0.8817990662296351
26078,LOF,0.005264971940695266,0.014222992644332456,0.9805120354149722
26079,LOF,0.05352962761256761,0.016095849587558785,0.9303745227998735
26080,LOF,0.05135398330813397,0.01613808972199686,0.9325079269698693
26081,LOF,0.02992580672144575,0.0073304327860460134,0.9627437604925083
26082,LOF,0.004267893013719074,0.015299064355470866,0.9804330426308101
26083,LOF,0.13321815037514495,0.014151049811268699,0.8526307998135864
26084,LOF,0.034722463970174935,0.012363449679950086,0.952914086349875
26085,LOF,0.030751225764182974,0.011185929853880465,0.9580628443819365
26086,LOF,0.0205625935163471,0.010997773474934379,0.9684396330087185
26087,LOF,0.02187802065252381,0.008760722244615347,0.9693612571028609
26088,LOF,0.005513722915583325,0.021836004544653797,0.9726502725397629
26089,LOF,0.039587888563501004,0.020588242177183413,0.9398238692593155
26090,LOF,0.03896834105601211,0.016926141093078294,0.9441055178509096
26091,LOF,0.029317103074298276,0.006984502502368872,0.9636983944233329
26092,LOF,0.02024726857062009,0.007941987621833837,0.971810743807546
26093,LOF,0.037173862530077366,0.0058956088798305705,0.956930528590092
26094,LOF,0.027212441621988926,0.006790723712511704,0.9659968346654993
26095,LOF,0.015071537759113492,0.017576483959749735,0.9673519782811367
26096,LOF,0.14929535108876466,0.0055616949960196945,0.8451429539152157
26097,LOF,0.004680283539278951,0.03719870700401633,0.9581210094567046
26098,LOF,0.06934484753081799,0.012941862198793246,0.9177132902703888
26099,LOF,0.019138389242906163,0.012870651194872023,0.9679909595622218
26100,LOF,0.02167260527048705,0.012244904054888307,0.9660824906746247
26101,LOF,0.04630279861246387,0.018642687156618053,0.9350545142309181
26102,LOF,0.021565234019466577,0.013253682224772873,0.9651810837557605
26103,Neutral,0.8650309568122703,0.01837765180826745,0.11659139137946212
26104,LOF,0.0677903917848279,0.022150233422763503,0.9100593747924086
26105,LOF,0.19925405060399695,0.16412313959443348,0.6366228098015696
26106,LOF,0.3200513686940516,0.13024354142274472,0.5497050898832037
26107,LOF,0.021496117114269696,0.10066947965561737,0.8778344032301129
26108,LOF,0.3442929656443695,0.04260077305455679,0.6131062613010736
26109,LOF,0.030403289185567024,0.07501070672001209,0.8945860040944208
26110,LOF,0.20206240701067435,0.006107954593114988,0.7918296383962106
26111,LOF,0.07702897986666016,0.07223307450719879,0.850737945626141
26112,LOF,0.03557633272187227,0.006385958498257048,0.9580377087798707
26113,LOF,0.06611832464655255,0.014115649253551375,0.919766026099896
26114,LOF,0.06506522299494381,0.013771153087749923,0.9211636239173063
26115,LOF,0.014622842166620914,0.08072401885692096,0.9046531389764582
26116,LOF,0.08284011801251401,0.04853923303043428,0.8686206489570518
26117,LOF,0.42251534510487704,0.04247885216541624,0.5350058027297068
26118,LOF,0.03442907226372242,0.023534434900960233,0.9420364928353173
26119,LOF,0.004566019335545031,0.04918550174662581,0.9462484789178293
26120,LOF,0.024672422553713946,0.02019005193634284,0.9551375255099431
26121,LOF,0.004196149163305255,0.14957664261010015,0.8462272082265947
