feature0,prediction,LoGoFunc_Neutral,LoGoFunc_GOF,LoGoFunc_LOF
25546,Neutral,0.6512902466395838,0.05026864586379175,0.29844110749662434
25547,Neutral,0.5415452708980611,0.09719557828426517,0.3612591508176738
25548,Neutral,0.515753518738331,0.0707510850658786,0.4134953961957905
25549,Neutral,0.4854469754009884,0.0694877608717453,0.44506526372726624
25550,LOF,0.39623660503417274,0.14246703831014493,0.46129635665568236
25551,LOF,0.3263354129678189,0.14388788747035053,0.5297766995618305
25552,LOF,0.18889051853672667,0.14735441824543566,0.6637550632178376
25553,Neutral,0.8194402606726707,0.0359527175746908,0.14460702175263837
25554,LOF,0.23152057275819665,0.14808635895305902,0.6203930682887443
25555,LOF,0.18330426952945827,0.13619285208590687,0.6805028783846349
25556,Neutral,0.5333205489596939,0.09400292445753107,0.37267652658277506
25557,LOF,0.17951245001836721,0.1398061478467528,0.68068140213488
25558,LOF,0.23276909417156585,0.15487081779026365,0.6123600880381704
25559,Neutral,0.5927103143515762,0.0563843221366599,0.35090536351176393
25560,LOF,0.04604063433654745,0.25753297128715347,0.696426394376299
25561,LOF,0.08175006469578006,0.2977045668510651,0.6205453684531548
25562,LOF,0.102839392242613,0.1437457308141152,0.7534148769432718
25563,LOF,0.10411354232239783,0.1594569572780839,0.7364295003995183
25564,LOF,0.06161821085466611,0.23699944699435171,0.701382342150982
25565,LOF,0.14396279584616545,0.16567613267663595,0.6903610714771986
25566,GOF,0.015854695283463848,0.7506019764444957,0.23354332827204036
25567,LOF,0.015061430972554364,0.11193165927804648,0.8730069097493991
25568,LOF,0.04922332709112193,0.06118393882537484,0.8895927340835031
25569,LOF,0.06261790854377956,0.06374596714473323,0.8736361243114873
25570,LOF,0.06502847077417047,0.10158688201812921,0.8333846472077002
25571,LOF,0.06575641169374745,0.0919501539112085,0.842293434395044
25572,LOF,0.07122166618327287,0.12493932750398595,0.8038390063127412
25573,LOF,0.03168532393815155,0.07496285051019509,0.8933518255516534
25574,LOF,0.018921700638194514,0.12608513442271085,0.8549931649390946
25575,LOF,0.05566666026376474,0.09171039268154015,0.8526229470546951
25576,LOF,0.020349321055193357,0.09345446892457752,0.8861962100202292
25577,LOF,0.013932713608340915,0.14396929803781178,0.8420979883538474
25578,LOF,0.24199332182073405,0.07916478698046238,0.6788418911988037
25579,LOF,0.24417136138085158,0.07868328624454862,0.6771453523745998
25580,LOF,0.040154375198664084,0.08365106944265793,0.876194555358678
25581,LOF,0.05100066858841765,0.0637826699173955,0.885216661494187
25582,LOF,0.050657091933463905,0.06065943606622397,0.8886834720003121
25583,LOF,0.04622917093809356,0.09576518388810591,0.8580056451738005
25584,Neutral,0.4850309063629644,0.07521541076652437,0.4397536828705112
25585,LOF,0.03099990372987839,0.09449152431937866,0.8745085719507429
25586,LOF,0.03553398073221208,0.07218246522027687,0.8922835540475109
25587,LOF,0.03290037624111802,0.06550631727095955,0.9015933064879225
25588,LOF,0.033620310370557294,0.0803913827810544,0.8859883068483883
25589,Neutral,0.6038491354037827,0.08228212096745234,0.31386874362876505
25590,LOF,0.02733138850172761,0.10806741672920575,0.8646011947690666
25591,LOF,0.11392949230200144,0.05141269018928195,0.8346578175087165
25592,LOF,0.10015961695684078,0.12105137476066793,0.7787890082824912
25593,LOF,0.01635961314935745,0.19292642966867585,0.7907139571819667
25594,LOF,0.03910423545484119,0.12923808723343444,0.8316576773117245
25595,LOF,0.0722196762131519,0.09283562514729178,0.8349446986395563
25596,LOF,0.0856016960841554,0.07286297583138493,0.8415353280844596
25597,LOF,0.07870628648289336,0.03681730869386671,0.8844764048232399
25598,LOF,0.05033371291431148,0.1304403193439905,0.819225967741698
25599,GOF,0.00648135903819476,0.6434917957983263,0.350026845163479
25600,GOF,0.007565439549013735,0.5802805945196118,0.41215396593137454
25601,LOF,0.006570307759403965,0.43642363759087194,0.5570060546497241
25602,LOF,0.015980538058078673,0.07633343181724718,0.9076860301246742
25603,LOF,0.04268815377400824,0.035613148856595396,0.9216986973693965
25604,LOF,0.037347057285029794,0.07731204988410928,0.885340892830861
25605,LOF,0.010719439093846695,0.2269802183163503,0.7623003425898031
25606,GOF,0.05823824450800222,0.5139281163154054,0.42783363917659234
25607,LOF,0.003746115019979373,0.16318657483465462,0.8330673101453661
25608,LOF,0.0455879434464795,0.04463910062844802,0.9097729559250725
25609,LOF,0.052727393240022125,0.26565632157700614,0.6816162851829718
25610,LOF,0.05087538895322765,0.032264078609180465,0.9168605324375918
25611,LOF,0.05383847329921041,0.025123071744770287,0.9210384549560194
25612,LOF,0.11962485660690815,0.0605657902952566,0.8198093530978352
25613,LOF,0.10175051676389835,0.055733301891576874,0.8425161813445248
25614,LOF,0.03923466798102402,0.03949355544175897,0.921271776577217
25615,LOF,0.0809422422401409,0.0506875232263023,0.8683702345335568
25616,LOF,0.040620480701510905,0.05360549042094644,0.9057740288775427
25617,LOF,0.04644192761163301,0.050741798268914194,0.9028162741194529
25618,LOF,0.2649730869730163,0.04064752394839717,0.6943793890785865
25619,LOF,0.04362314787269551,0.04155585578787823,0.9148209963394264
25620,LOF,0.039456015460129126,0.05397337918749352,0.9065706053523774
25621,LOF,0.04407352062908672,0.04027175284179708,0.9156547265291163
25622,LOF,0.03501988475063937,0.05738148103316341,0.9075986342161971
25623,LOF,0.05250653269582911,0.037524311516258645,0.9099691557879123
25624,LOF,0.03264494046854295,0.04660929961420691,0.9207457599172502
25625,LOF,0.044095244762984,0.05774910219730682,0.8981556530397091
25626,LOF,0.07904854242199753,0.04419549502387634,0.8767559625541261
25627,Neutral,0.5595658514447027,0.12267120489008729,0.31776294366521
25628,LOF,0.21263522264011175,0.05524409373519793,0.7321206836246903
25629,LOF,0.07548434015672256,0.125983965881508,0.7985316939617695
25630,LOF,0.1846643769910435,0.08906899399880708,0.7262666290101494
25631,Neutral,0.5897438156813662,0.06170516768801727,0.34855101663061666
25632,LOF,0.020101359231651624,0.07542239066995399,0.9044762500983945
25633,LOF,0.23003183150222936,0.08208261491412633,0.6878855535836443
25634,LOF,0.039525643754548784,0.07994006920056726,0.880534287044884
25635,LOF,0.03437134653319748,0.06395929815291314,0.9016693553138895
25636,GOF,0.005437941058184594,0.6543625035075555,0.34019955543425995
25637,GOF,0.003973458365465961,0.551902865986431,0.444123675648103
25638,GOF,0.007082315536745495,0.5111759094593321,0.4817417750039224
25639,LOF,0.004385166804416387,0.4781684463086114,0.5174463868869722
25640,GOF,0.4027629892159623,0.5401200506548003,0.05711696012923747
25641,LOF,0.006323964196418868,0.33167183826846913,0.662004197535112
25642,LOF,0.2645850371853481,0.12105413283846611,0.6143608299761859
25643,LOF,0.2437742414390758,0.2769377129121784,0.4792880456487457
25644,GOF,0.013718589659599177,0.7544868097091877,0.23179460063121335
25645,GOF,0.010621540385700838,0.6889098885376146,0.3004685710766846
25646,GOF,0.011458983847299025,0.5049704415259163,0.48357057462678465
25647,LOF,0.009758962691523192,0.38500062450290096,0.6052404128055758
25648,LOF,0.007558624199482115,0.4932752083832086,0.4991661674173094
25649,LOF,0.007547372509379089,0.30946168090084797,0.682990946589773
25650,GOF,0.020750810396835323,0.6730565315668401,0.3061926580363245
25651,LOF,0.005799192443021255,0.3604510256504451,0.6337497819065336
25652,LOF,0.011150241025527325,0.4608460327776572,0.5280037261968155
25653,GOF,0.04026578774597862,0.6482498113420139,0.3114844009120075
25654,LOF,0.00798136206159651,0.4410928487347767,0.5509257892036268
25655,GOF,0.0542692370538201,0.646875269215486,0.29885549373069403
25656,LOF,0.09091161195117818,0.0892451720943609,0.8198432159544609
25657,LOF,0.2786739800271854,0.03743323552876138,0.6838927844440532
25658,LOF,0.03693154662028124,0.15714090796048594,0.8059275454192328
25659,LOF,0.2303169640815292,0.08844384655325967,0.6812391893652111
25660,LOF,0.10152435556749254,0.08387448882884649,0.8146011556036609
25661,LOF,0.07347418068888847,0.06805283626063255,0.858472983050479
25662,LOF,0.04126400001933722,0.056221420447942205,0.9025145795327206
25663,LOF,0.04949798768264373,0.08895053338195551,0.8615514789354007
25664,LOF,0.03417161875723507,0.12546778770420897,0.8403605935385561
25665,LOF,0.04419587554712269,0.054132923033522684,0.9016712014193546
25666,LOF,0.04482774701129909,0.14181217211362404,0.8133600808750768
25667,LOF,0.042977329483764475,0.04556202380199691,0.9114606467142385
25668,LOF,0.05910795029838615,0.05674720621419726,0.8841448434874166
25669,LOF,0.05760119795052028,0.08277080551373281,0.859627996535747
25670,LOF,0.08236311873497375,0.07603103284473216,0.8416058484202942
25671,LOF,0.05484430785790189,0.04320001793597001,0.9019556742061281
25672,LOF,0.05018625546765718,0.06122692390884826,0.8885868206234946
25673,LOF,0.039199425670239235,0.06200221539412099,0.8987983589356399
25674,LOF,0.028522851330369643,0.08125137301340896,0.8902257756562214
25675,LOF,0.035140857641682705,0.06240527346645447,0.9024538688918627
25676,LOF,0.04024383323649998,0.05995269984536376,0.8998034669181362
25677,LOF,0.09615395987867337,0.056053764811010785,0.847792275310316
25678,LOF,0.18574132408148977,0.0431572189276693,0.7711014569908409
25679,LOF,0.12971161534146697,0.052446289837685574,0.8178420948208476
25680,LOF,0.10172026750843331,0.08777258243748459,0.8105071500540821
25681,LOF,0.11683237955643662,0.08239324390424715,0.8007743765393163
25682,LOF,0.054458698457045866,0.053924052575758316,0.8916172489671957
25683,LOF,0.08887849229785545,0.07026362787401601,0.8408578798281285
25684,LOF,0.07059280567414923,0.0577506520294675,0.8716565422963833
25685,LOF,0.12191503294409452,0.04343669498256853,0.8346482720733369
25686,LOF,0.026085067908596833,0.09315337588112581,0.8807615562102774
25687,LOF,0.05382458816090425,0.09922374044356203,0.8469516713955337
25688,LOF,0.019429950502105605,0.06323834916301749,0.917331700334877
25689,LOF,0.017878276641483747,0.03546859921960802,0.9466531241389082
25690,LOF,0.01823803530746939,0.040811683931110745,0.9409502807614197
25691,LOF,0.10419150600123993,0.06688997023027982,0.8289185237684803
25692,LOF,0.269234940899221,0.013000575038509876,0.7177644840622691
25693,LOF,0.03327160914020865,0.28251849197930257,0.6842098988804888
25694,LOF,0.24612671970480265,0.011875647926372246,0.7419976323688251
25695,LOF,0.1935544829529811,0.024149419735130146,0.7822960973118886
25696,LOF,0.08716451596384137,0.023800019056028802,0.8890354649801299
25697,LOF,0.07594878633701613,0.051935549990252114,0.8721156636727317
25698,LOF,0.013840447681926396,0.43003802408125186,0.5561215282368218
25699,LOF,0.08044600959734274,0.11625512393799425,0.8032988664646631
25700,LOF,0.034735297503781584,0.023024221030277188,0.9422404814659413
25701,LOF,0.013800411871608615,0.11618112934810818,0.8700184587802833
25702,GOF,0.02501353783385761,0.7644596083051636,0.2105268538609788
25703,LOF,0.013829616888642038,0.2636194616059698,0.7225509215053882
25704,LOF,0.06217057179962665,0.17547162376600722,0.7623578044343661
25705,LOF,0.06815703641552334,0.17136055674866058,0.760482406835816
25706,GOF,0.0192054730051039,0.6268404976247515,0.35395402937014464
25707,GOF,0.032713933917744784,0.5037835208702468,0.46350254521200834
25708,LOF,0.008275020401050989,0.46765765386506136,0.5240673257338876
25709,LOF,0.03317662617124944,0.061635572238540326,0.9051878015902102
25710,LOF,0.0062241915071815715,0.12740798881041257,0.8663678196824058
25711,LOF,0.03340585929026684,0.11286084580440937,0.8537332949053238
25712,LOF,0.008505360579356485,0.1892923596650298,0.8022022797556136
25713,LOF,0.03297760697114923,0.0987583121233463,0.8682640809055044
25714,LOF,0.02976433296750016,0.1252291588283629,0.8450065082041369
25715,LOF,0.04230404658707244,0.10840498465824379,0.8492909687546838
25716,LOF,0.006873790289138828,0.1323313214524379,0.8607948882584232
25717,LOF,0.006702186028510228,0.09919810434296157,0.8940997096285282
25718,LOF,0.03863657665062554,0.06334473731563907,0.8980186860337354
25719,LOF,0.04679105411583131,0.09961457270168746,0.8535943731824812
25720,LOF,0.04371269551358557,0.10027934331265619,0.8560079611737582
25721,LOF,0.031747293769215784,0.11151800902604224,0.856734697204742
25722,LOF,0.020046788113240514,0.14159140371134793,0.8383618081754116
25723,LOF,0.03725940808093755,0.09451424481399602,0.8682263471050665
25724,LOF,0.05177189479788533,0.21090522731531428,0.7373228778868003
25725,LOF,0.03704613908212232,0.08463698016180608,0.8783168807560717
25726,LOF,0.024148766847761807,0.12038022959731506,0.8554710035549232
25727,LOF,0.03216572079450422,0.09941831312306346,0.8684159660824323
25728,LOF,0.03428079570189602,0.1045207408924502,0.8611984634056538
25729,LOF,0.033399781881317446,0.11900463765994226,0.8475955804587403
25730,LOF,0.04138899028082962,0.06939034917544366,0.8892206605437268
25731,LOF,0.010456641968347561,0.09525320382558958,0.8942901542060627
25732,LOF,0.02408064630463583,0.06953688430612821,0.9063824693892361
25733,LOF,0.04413794211201722,0.06707959784386504,0.8887824600441178
25734,LOF,0.006701713202100793,0.2369084873660405,0.7563897994318587
25735,LOF,0.030621868957283582,0.07683320515916542,0.8925449258835509
25736,LOF,0.02885462671531629,0.13882856048004735,0.8323168128046363
25737,LOF,0.03960254266597254,0.09788189175416873,0.8625155655798588
25738,LOF,0.03182387342008568,0.13745955012458128,0.8307165764553331
25739,LOF,0.03320034636502012,0.09599772491952968,0.8708019287154503
25740,LOF,0.0425730364521606,0.11368615896289784,0.8437408045849415
25741,LOF,0.04682424214448482,0.10528613909353515,0.84788961876198
25742,LOF,0.06437986269408863,0.10697275786831863,0.8286473794375927
25743,LOF,0.012219582307218799,0.02341128537351721,0.964369132319264
25744,LOF,0.16842865159989098,0.1416102409967775,0.6899611074033315
25745,LOF,0.0338492644219094,0.05303840923578738,0.9131123263423032
25746,LOF,0.01436201101445787,0.08173597253118856,0.9039020164543535
25747,LOF,0.048162439420532305,0.025520728608007626,0.9263168319714601
25748,LOF,0.3076406017806276,0.047339373719634176,0.6450200244997382
25749,LOF,0.015575910577818543,0.049969008247119445,0.934455081175062
25750,LOF,0.020396925813820584,0.05557382047579988,0.9240292537103797
25751,LOF,0.044744138212254765,0.04171429317624897,0.9135415686114962
25752,GOF,0.07046875120969963,0.6930398379248114,0.23649141086548892
25753,LOF,0.007050375206617011,0.44478807003031257,0.5481615547630705
25754,GOF,0.008105915777548711,0.9003704352614288,0.0915236489610224
25755,LOF,0.006950349690297775,0.43943202292668465,0.5536176273830177
25756,LOF,0.024289503520588493,0.4724400111857546,0.5032704852936569
25757,GOF,0.008172831847859658,0.8878729146964854,0.1039542534556549
25758,GOF,0.008339324984053504,0.9009277753669933,0.09073289964895298
25759,GOF,0.005941903191130013,0.6914619260887621,0.3025961707201079
25760,LOF,0.0056759489969483296,0.33862159972710415,0.6557024512759475
25761,GOF,0.04314663449474517,0.8782564299065153,0.07859693559873969
25762,LOF,0.027182552965266466,0.3964934127683187,0.5763240342664148
25763,LOF,0.0061245951734308,0.3093367927876046,0.6845386120389646
25764,GOF,0.05800751538890534,0.7113004752216857,0.23069200938940898
25765,GOF,0.008286845856300037,0.8958492231004636,0.09586393104323625
25766,GOF,0.02529568832896058,0.8696252977143057,0.10507901395673365
25767,GOF,0.01841861382493901,0.512046730971498,0.46953465520356297
25768,LOF,0.057419498825792906,0.051112012320830506,0.8914684888533766
25769,LOF,0.025579687254736767,0.07100794786115112,0.903412364884112
25770,LOF,0.14186149035024118,0.13315358675204483,0.724984922897714
25771,LOF,0.01883311951676425,0.09894999684028823,0.8822168836429476
25772,LOF,0.03049360951139775,0.03953268850781863,0.9299737019807836
25773,LOF,0.013967470092296905,0.09880531836972592,0.8872272115379771
25774,LOF,0.02645286741936298,0.20786028656154018,0.7656868460190969
25775,LOF,0.019375649419675612,0.051509020412300384,0.929115330168024
25776,LOF,0.030488153505582368,0.026059404906164436,0.9434524415882533
25777,LOF,0.315409050861137,0.11851029885811516,0.5660806502807478
25778,LOF,0.026288813549485347,0.08343124666115778,0.8902799397893569
25779,GOF,0.061150907596186896,0.863122609637409,0.07572648276640406
25780,GOF,0.07502346110310823,0.8580329294558624,0.06694360944102945
25781,GOF,0.030988893735903352,0.8381468902461148,0.13086421601798204
25782,GOF,0.04158216686468159,0.8842062405891129,0.07421159254620552
25783,GOF,0.040588236158302995,0.9017786960065449,0.05763306783515202
25784,GOF,0.13898777071918264,0.8061688862986444,0.05484334298217307
25785,GOF,0.11963520980271493,0.8399675767348194,0.040397213462465706
25786,GOF,0.011002454970340407,0.863059851646757,0.12593769338290245
25787,GOF,0.25616754386386,0.6900513720538496,0.0537810840822904
25788,LOF,0.018514671074554206,0.20139655861821174,0.7800887703072341
25789,GOF,0.019937200752908547,0.8478559190233661,0.13220688022372534
25790,GOF,0.031544026866262724,0.8816802530345622,0.08677572009917502
25791,GOF,0.026114791760358583,0.7527662292245965,0.22111897901504496
25792,GOF,0.032675431328391576,0.8054947266895367,0.16182984198207176
25793,GOF,0.04546111300067572,0.7969715034408006,0.15756738355852376
25794,GOF,0.048563875074771605,0.715253034513936,0.2361830904112925
25795,GOF,0.05631883571814807,0.7362775300600024,0.2074036342218496
25796,GOF,0.13783112729108532,0.7658407496014619,0.09632812310745285
25797,GOF,0.07345145430235235,0.7084519476968266,0.21809659800082107
25798,GOF,0.00732919024155613,0.7843720699586328,0.2082987397998111
25799,GOF,0.004995330695337753,0.6903069001590251,0.3046977691456373
25800,GOF,0.024886045903979824,0.8325322944211714,0.14258165967484884
25801,GOF,0.025799972731601416,0.8876839874683629,0.08651603980003564
25802,GOF,0.027897443944962252,0.7773813396287222,0.19472121642631549
25803,GOF,0.021847633848119996,0.7111502633166438,0.2670021028352363
25804,GOF,0.03429295391550912,0.772333915951188,0.1933731301333029
25805,GOF,0.030607880818207606,0.8158199476065011,0.1535721715752912
25806,GOF,0.04046378313064411,0.8178256399753884,0.14171057689396746
25807,GOF,0.0166367728706325,0.7729398195260201,0.21042340760334727
25808,GOF,0.02602688524537749,0.7867490685822516,0.1872240461723709
25809,GOF,0.014603045885799476,0.7305665022893908,0.2548304518248097
25810,GOF,0.012517651800839002,0.7144397379342384,0.2730426102649225
25811,GOF,0.06898982326009268,0.8602431120532369,0.07076706468667049
25812,GOF,0.03403081925265313,0.7840584614391781,0.1819107193081687
25813,GOF,0.19548444572513435,0.724914098450991,0.07960145582387479
25814,GOF,0.032693433740580854,0.7590179618303539,0.20828860442906524
25815,GOF,0.06382944945138223,0.7998181281571614,0.1363524223914564
25816,GOF,0.010309332921503916,0.8482777794966172,0.14141288758187873
25817,GOF,0.11978798094164264,0.7537763264056678,0.12643569265268947
25818,GOF,0.03098458821094923,0.796048375463572,0.1729670363254788
25819,GOF,0.05794100421421045,0.7734495182067687,0.16860947757902084
25820,GOF,0.058248064378778684,0.730125203244692,0.21162673237652918
25821,GOF,0.03980701796207185,0.7816329342842008,0.17856004775372744
25822,GOF,0.06107109379251629,0.7542703453793331,0.1846585608281506
25823,GOF,0.02926498503883922,0.7184273485220681,0.2523076664390926
25824,GOF,0.02895560279478759,0.7796517949835844,0.1913926022216281
25825,GOF,0.022397219391947647,0.7812613850541068,0.1963413955539456
25826,GOF,0.0119150390308225,0.7230881095974194,0.26499685137175816
25827,GOF,0.016593477456209805,0.7251898104135852,0.2582167121302049
25828,GOF,0.011218690597645032,0.7678439751684303,0.22093733423392467
25829,GOF,0.004788783269913816,0.6725777814133941,0.3226334353166921
25830,GOF,0.046198088195583506,0.558503266690618,0.3952986451137986
25831,GOF,0.0703767568922162,0.8015638605169607,0.12805938259082317
25832,GOF,0.011796328910714481,0.7260650220007537,0.26213864908853174
25833,GOF,0.03960345854876739,0.7954323474872969,0.1649641939639359
25834,GOF,0.012080372769879964,0.7442149299268385,0.24370469730328154
25835,GOF,0.026166055452807913,0.8045980050827057,0.16923593946448637
25836,GOF,0.007825922638112404,0.730148902469371,0.2620251748925166
25837,GOF,0.009679718871419593,0.7492022194946746,0.24111806163390576
25838,GOF,0.02052233205951916,0.8165376501700528,0.162940017770428
25839,GOF,0.0483713772207973,0.7830805014359459,0.16854812134325683
25840,GOF,0.08631215934141584,0.7568366419647881,0.15685119869379607
25841,GOF,0.07785079864389524,0.7969503160364878,0.125198885319617
25842,GOF,0.0281282771350672,0.8683243725834454,0.10354735028148751
25843,GOF,0.026499050946120952,0.8722971357737602,0.1012038132801188
25844,GOF,0.02015847032556777,0.802662916428195,0.17717861324623724
25845,GOF,0.007335718032310204,0.7073647953880301,0.28529948657965964
25846,GOF,0.06636544067727691,0.8267457779481083,0.10688878137461463
25847,GOF,0.016523245585979285,0.8672144100707752,0.11626234434324544
25848,GOF,0.02477765607674505,0.8123081033497364,0.16291424057351866
25849,GOF,0.007879250602227631,0.7826996578418645,0.2094210915559078
25850,GOF,0.007068358096607403,0.6994860738838111,0.29344556801958144
25851,GOF,0.006313346329697328,0.6435611342405608,0.35012551942974196
25852,GOF,0.1365228750561966,0.5675741928467795,0.29590293209702395
25853,GOF,0.057587535102437554,0.7902481085248305,0.15216435637273187
25854,GOF,0.007019791243071206,0.7186267730631516,0.27435343569377707
25855,GOF,0.023089269554131178,0.6236874929963356,0.35322323744953316
25856,GOF,0.045902008683831826,0.7120693063568256,0.24202868495934254
25857,GOF,0.023298243699411844,0.6229590992939508,0.35374265700663743
25858,GOF,0.010382756308722705,0.6018361864205095,0.3877810572707678
25859,GOF,0.0077706472140528105,0.5864973824295194,0.4057319703564277
25860,GOF,0.08481731600424493,0.7340161308405058,0.18116655315524915
25861,GOF,0.10592328661502616,0.8115512084693931,0.08252550491558082
25862,GOF,0.023967944485858286,0.889668565840695,0.08636348967344672
25863,GOF,0.020065451468686178,0.8697698386230248,0.11016470990828907
25864,GOF,0.03646919370961207,0.8844658393187511,0.07906496697163673
25865,GOF,0.03754995678249879,0.8648704648081552,0.097579578409346
25866,GOF,0.01900433585329076,0.8559558654842426,0.12503979866246667
25867,GOF,0.040626288375312576,0.8553468780142288,0.10402683361045847
25868,GOF,0.06627385860159124,0.7732260339092706,0.1605001074891382
25869,GOF,0.31168296998365425,0.5821555484790787,0.10616148153726701
25870,GOF,0.06387023173550964,0.586353422244129,0.3497763460203614
25871,GOF,0.010165330308287122,0.8046233912643277,0.1852112784273852
25872,GOF,0.02190665010365799,0.7988120276795765,0.17928132221676552
25873,GOF,0.020373937262911368,0.8776264306838458,0.10199963205324285
25874,LOF,0.02355534350487095,0.20987754896145888,0.7665671075336701
25875,LOF,0.020377423981647446,0.13626663187818072,0.8433559441401719
25876,LOF,0.022402794802982864,0.06545817143801247,0.9121390337590046
25877,LOF,0.0890273667617165,0.21860021986462813,0.6923724133736555
25878,LOF,0.052263019274243705,0.30188434830658073,0.6458526324191756
25879,LOF,0.009726522884115177,0.18651175040928447,0.8037617267066004
25880,LOF,0.04205425159715961,0.023659560260425108,0.9342861881424154
25881,Neutral,0.5672608070856088,0.11227767063881011,0.32046152227558117
25882,LOF,0.05073692670055028,0.029898024734764477,0.9193650485646853
25883,LOF,0.03121383267455575,0.02833952773131082,0.9404466395941333
25884,LOF,0.017248089146976477,0.039352854877146085,0.9433990559758775
25885,LOF,0.1567083211545151,0.012940046405915786,0.8303516324395691
25886,LOF,0.26234099555585266,0.057842859811674904,0.6798161446324724
25887,LOF,0.07628518355621813,0.17046577378870986,0.7532490426550721
25888,LOF,0.008087216684394353,0.1869168704587333,0.8049959128568723
25889,LOF,0.025178451391214347,0.03414582226566668,0.9406757263431189
25890,LOF,0.2034619557678028,0.06722922164676215,0.7293088225854351
25891,LOF,0.12321146917553821,0.04127226534589361,0.8355162654785682
25892,LOF,0.008622699337554102,0.035462755771452636,0.9559145448909933
25893,LOF,0.2996678768948376,0.012426076150528972,0.6879060469546334
25894,LOF,0.3466879802707942,0.008628617738463077,0.6446834019907427
25895,LOF,0.28432773313612103,0.017873015890532556,0.6977992509733464
25896,LOF,0.0802145813503483,0.033250443020921776,0.88653497562873
25897,LOF,0.11764823402257356,0.015390462263267755,0.8669613037141587
25898,LOF,0.11936505523850749,0.03696331571976677,0.8436716290417258
25899,LOF,0.4003732710683495,0.037852497397958186,0.5617742315336923
25900,Neutral,0.6842094244363885,0.014504601908295915,0.30128597365531545
25901,LOF,0.05808302739180045,0.015592329905155527,0.926324642703044
25902,LOF,0.07025758998626427,0.012462168863419689,0.9172802411503161
25903,LOF,0.15895837332165919,0.033094216360289204,0.8079474103180517
25904,LOF,0.45891100436016136,0.07519541430818842,0.4658935813316502
25905,LOF,0.007465033855704401,0.37309039589271153,0.6194445702515841
25906,LOF,0.009552211014575372,0.07228015834543382,0.9181676306399909
25907,LOF,0.009186031105774938,0.2603106379937564,0.7305033309004687
25908,LOF,0.008429402920351008,0.2458354929073495,0.7457351041722995
25909,LOF,0.033347948996358415,0.11765526184913151,0.84899678915451
25910,LOF,0.01661267837727005,0.0972136983611375,0.8861736232615925
25911,LOF,0.19914659697172543,0.02396284156279419,0.7768905614654803
25912,LOF,0.13592219685920992,0.022579285131190518,0.8414985180095995
25913,LOF,0.02031889970716911,0.026464164141861278,0.9532169361509696
25914,LOF,0.04261079321450894,0.023289656191106796,0.9340995505943842
25915,LOF,0.22070162544676572,0.2120851847914401,0.5672131897617941
25916,LOF,0.01544958070082461,0.11317866648648243,0.8713717528126931
25917,LOF,0.07156549216916151,0.029054829128636772,0.8993796787022017
25918,LOF,0.05089657096988831,0.014922316944220977,0.9341811120858908
25919,LOF,0.04377237433058135,0.016550966334725692,0.939676659334693
25920,LOF,0.3622603932695482,0.17093866070781139,0.4668009460226405
25921,LOF,0.019175890896324016,0.018179000359818114,0.9626451087438579
25922,LOF,0.01936575108901558,0.019788038645142954,0.9608462102658415
25923,LOF,0.45768637874440493,0.011599101609236143,0.530714519646359
25924,LOF,0.027875357661632873,0.01843820793782866,0.9536864344005386
25925,LOF,0.1109833692999225,0.023684406799450643,0.8653322239006268
25926,LOF,0.09472325612796374,0.019036871946820303,0.8862398719252159
25927,LOF,0.028927713819655414,0.028015403851979388,0.9430568823283653
25928,LOF,0.014045790097701242,0.012720904279076753,0.9732333056232221
25929,Neutral,0.592127340961998,0.011272233296379717,0.39660042574162224
25930,LOF,0.06522404280301557,0.010736986652713236,0.9240389705442712
25931,LOF,0.01525937721089986,0.011865207018256232,0.9728754157708439
25932,LOF,0.07853860300628573,0.010171842390241225,0.9112895546034729
25933,LOF,0.086257277401683,0.007142094565716662,0.9066006280326003
25934,LOF,0.08419992246044841,0.007664744071929976,0.9081353334676217
25935,LOF,0.10801450700215615,0.01994724099952929,0.8720382519983146
25936,LOF,0.09760719154109455,0.007631734375172409,0.894761074083733
25937,LOF,0.015565550661791902,0.016398289039341936,0.9680361602988662
25938,LOF,0.10809877708265883,0.018263749403703074,0.8736374735136381
25939,LOF,0.0650995653553504,0.01234875705097557,0.9225516775936741
25940,LOF,0.01016850566035568,0.45891796266122764,0.5309135316784167
25941,LOF,0.48135162905146867,0.03607124340829593,0.4825771275402354
25942,LOF,0.012311247076570145,0.05415281118083262,0.9335359417425972
25943,LOF,0.04972494120395304,0.16571788952441105,0.784557169271636
25944,LOF,0.041647918882677146,0.10239803218331853,0.8559540489340044
25945,LOF,0.20149724275500566,0.025487395152881214,0.7730153620921131
25946,LOF,0.08299263698572472,0.057589787083167504,0.8594175759311078
25947,Neutral,0.5148944932238433,0.10414129719332181,0.38096420958283495
25948,Neutral,0.5156223424061528,0.01699391652849656,0.4673837410653506
25949,LOF,0.1293301527327729,0.039534019438278514,0.8311358278289485
25950,GOF,0.08460926883462706,0.667304552774195,0.2480861783911779
25951,GOF,0.014762735199108314,0.5050932663218883,0.4801439984790034
25952,LOF,0.14065862902537218,0.28783672409343225,0.5715046468811955
25953,LOF,0.007425647181837794,0.33121343994628577,0.6613609128718765
25954,GOF,0.052470025371341406,0.48661417616714003,0.46091579846151864
25955,LOF,0.008534815771921524,0.3631688022893048,0.6282963819387737
25956,LOF,0.009772778666222054,0.37219794109785875,0.6180292802359191
25957,LOF,0.1639652639501459,0.051007633813431034,0.7850271022364229
25958,LOF,0.026253512361473125,0.05783969318195294,0.915906794456574
25959,GOF,0.006551300776574584,0.7263057354673255,0.26714296375609997
25960,LOF,0.005167525738400604,0.11019271069558559,0.8846397635660137
25961,LOF,0.02620922031965287,0.059354350728853485,0.9144364289514937
25962,LOF,0.03537431402535308,0.11924604635734767,0.8453796396172993
25963,LOF,0.010797050487118445,0.17591170466460743,0.8132912448482741
25964,LOF,0.049282848921564745,0.0924127691582486,0.8583043819201867
25965,LOF,0.18995569628570105,0.14333662162222904,0.66670768209207
25966,LOF,0.3657402689598356,0.1197526261984843,0.5145071048416802
25967,LOF,0.007343578155668758,0.10218467319634389,0.8904717486479874
25968,LOF,0.05487730763231653,0.3049187113352848,0.6402039810323986
25969,LOF,0.14342119170609477,0.09472076195762628,0.761858046336279
25970,LOF,0.05317015162615714,0.07013627603429813,0.8766935723395447
25971,LOF,0.07329472417104656,0.026175942836979212,0.9005293329919742
25972,LOF,0.07238215769716227,0.03250965007050507,0.8951081922323326
25973,LOF,0.08056746114860232,0.014049613449047153,0.9053829254023505
25974,LOF,0.0710983903497984,0.05128901014927174,0.8776125995009298
25975,LOF,0.0264783661027681,0.016791901735312767,0.9567297321619191
25976,LOF,0.09063464144146595,0.016234699912124156,0.89313065864641
25977,LOF,0.24644008102894235,0.07496035735883191,0.6785995616122258
25978,LOF,0.16156578841584723,0.16422406115132837,0.6742101504328245
25979,LOF,0.12070818550483987,0.1603645456839559,0.7189272688112042
25980,LOF,0.18848284928972134,0.2830784849404222,0.5284386657698565
25981,LOF,0.1897226368532857,0.2871540325781056,0.5231233305686087
25982,LOF,0.2826904772860858,0.145801434298584,0.5715080884153301
25983,Neutral,0.4640005923212933,0.12716315532486927,0.4088362523538374
25984,LOF,0.06325268828958058,0.069745092932655,0.8670022187777643
25985,Neutral,0.46464832432942565,0.11794031882049438,0.41741135685008
25986,LOF,0.012416420369115016,0.39362460276581057,0.5939589768650744
25987,LOF,0.03262950082214689,0.09155996900591408,0.8758105301719391
25988,LOF,0.04844749926628232,0.10779784902483683,0.8437546517088809
25989,LOF,0.04482443473989658,0.13431484143067438,0.8208607238294291
25990,LOF,0.050285682416357336,0.2358638295343962,0.7138504880492466
25991,GOF,0.022794125988791387,0.5670404560875282,0.41016541792368044
25992,LOF,0.011998172567963207,0.440841285051959,0.5471605423800777
25993,LOF,0.02343008552963774,0.06738070420138303,0.9091892102689794
25994,LOF,0.030963731182099004,0.07576319916897511,0.8932730696489259
25995,LOF,0.02001215255854826,0.128196827449154,0.8517910199922978
25996,GOF,0.3315747342419702,0.42628321763346394,0.24214204812456577
25997,GOF,0.06112648729945855,0.594342267360794,0.34453124533974744
25998,LOF,0.24362762823929945,0.03160170801560075,0.7247706637450998
25999,LOF,0.0257341898082572,0.27864012270562033,0.6956256874861225
26000,LOF,0.13641090494621066,0.017773960300049272,0.8458151347537401
26001,LOF,0.15123586543867584,0.02098115403092547,0.8277829805303987
26002,LOF,0.09371038144936836,0.019427705953633925,0.8868619125969978
26003,GOF,0.006441651970195244,0.5267611872267888,0.46679716080301603
26004,GOF,0.017275915401387065,0.5408204987940259,0.4419035858045869
26005,LOF,0.005367334291905879,0.4698374513773813,0.5247952143307127
26006,GOF,0.09805806486755199,0.4939298197347808,0.40801211539766724
26007,GOF,0.009741837729035566,0.5134133401768183,0.4768448220941462
26008,GOF,0.007209076513298583,0.5647415455412743,0.42804937794542713
26009,GOF,0.012428039114201659,0.5975342136919722,0.3900377471938261
26010,GOF,0.011166875045892428,0.5251226511113114,0.46371047384279623
26011,LOF,0.005772540408800026,0.37603979608780913,0.6181876635033908
26012,LOF,0.0054218996414908795,0.4806417791657105,0.5139363211927985
26013,LOF,0.010139595697194975,0.45307272832864226,0.5367876759741628
26014,LOF,0.049493510943849336,0.08345310443712452,0.867053384619026
26015,LOF,0.3654429328889694,0.019732704204298006,0.6148243629067327
26016,LOF,0.25670426354678655,0.038998698196812544,0.7042970382564009
26017,LOF,0.0174357138937854,0.13782086466846785,0.8447434214377466
26018,LOF,0.02175772782638938,0.06276966825699971,0.9154726039166109
26019,LOF,0.021574327181761357,0.054265628040935585,0.9241600447773031
26020,LOF,0.007250476554239639,0.12714544451864454,0.8656040789271158
26021,LOF,0.07613622662125141,0.06562707358661454,0.8582366997921341
26022,LOF,0.041199877815757645,0.02443614531520767,0.9343639768690346
26023,LOF,0.03252540650837119,0.048419690066716696,0.919054903424912
26024,LOF,0.04930980178707475,0.04767577452089445,0.9030144236920309
26025,LOF,0.13493115206571238,0.05089182568048327,0.8141770222538044
26026,LOF,0.11932891756124994,0.042701213953686604,0.8379698684850635
26027,LOF,0.02932332369601019,0.03165239680627002,0.9390242794977198
26028,LOF,0.08661678514178806,0.20688871939038814,0.7064944954678238
26029,LOF,0.04244404104489307,0.18115829059300512,0.7763976683621019
26030,LOF,0.13239981854694352,0.022216770219073725,0.8453834112339829
26031,LOF,0.017167436582954776,0.1815172028675163,0.8013153605495289
26032,LOF,0.029365146006680488,0.03308201808991019,0.9375528359034093
26033,LOF,0.05133379544202968,0.05437288899216254,0.8942933155658078
26034,LOF,0.02626057288008301,0.118112403840077,0.85562702327984
26035,LOF,0.01429908571167862,0.14154692111648803,0.8441539931718334
26036,LOF,0.013613715025875035,0.10875177919473096,0.877634505779394
26037,LOF,0.013045760211530262,0.11861325166396364,0.8683409881245061
26038,LOF,0.025538328774391442,0.032284147657721536,0.9421775235678871
26039,LOF,0.03920701347569469,0.1652466124034885,0.7955463741208169
26040,LOF,0.07632907337722984,0.18808701475602585,0.7355839118667444
26041,LOF,0.016115936389289355,0.1213543298127048,0.8625297337980059
26042,LOF,0.014848167740453912,0.12647060423361417,0.8586812280259318
26043,LOF,0.025909134492575495,0.055456358214054216,0.9186345072933702
26044,LOF,0.008375128053342215,0.05489370199003016,0.9367311699566276
26045,LOF,0.09785977028803593,0.26686649858219114,0.6352737311297729
26046,LOF,0.025530532636024,0.05517578042084776,0.9192936869431283
26047,LOF,0.07387079247578142,0.052862580096148186,0.8732666274280705
26048,LOF,0.08651260168586943,0.028065681638264166,0.8854217166758666
26049,Neutral,0.9411892555682312,0.006777343978736713,0.05203340045303204
26050,Neutral,0.9004380957268443,0.008049933203343322,0.09151197106981238
26051,LOF,0.03264620645490124,0.3170657712126788,0.6502880223324199
26052,LOF,0.04074277692520515,0.2373979770658249,0.7218592460089699
26053,LOF,0.02144577995446128,0.21635403333634667,0.7622001867091921
26054,LOF,0.05540427076365986,0.06735688914997023,0.87723884008637
26055,LOF,0.07359078311960535,0.07276038131191927,0.8536488355684754
26056,LOF,0.06937926951292876,0.07592866511623032,0.8546920653708409
26057,LOF,0.04596820782855954,0.020423381251757695,0.9336084109196827
26058,LOF,0.05047439575611301,0.016402773365830632,0.9331228308780563
26059,LOF,0.2542279130393446,0.08764578890470798,0.6581262980559474
26060,LOF,0.019230716240267315,0.21797042242539577,0.7627988613343369
26061,LOF,0.012443009526559266,0.013902899789704246,0.9736540906837364
26062,LOF,0.005981445128081141,0.026675455519586628,0.9673430993523322
26063,LOF,0.04196962034125743,0.01601987297803962,0.9420105066807031
26064,LOF,0.008121358151755317,0.01822605821825107,0.9736525836299937
26065,LOF,0.046838174307085395,0.02132128432785377,0.9318405413650609
26066,LOF,0.041104738706202334,0.014738357527963531,0.9441569037658342
26067,LOF,0.045352903483793484,0.016175372166307888,0.9384717243498987
26068,LOF,0.054342324355611454,0.05089335322153981,0.8947643224228486
26069,LOF,0.20723221085201532,0.04552622422500002,0.7472415649229848
26070,LOF,0.45742306945430555,0.025312477504071177,0.5172644530416233
26071,LOF,0.054192879042974935,0.019447703503939928,0.926359417453085
26072,LOF,0.00798233516718073,0.023129974170943247,0.968887690661876
26073,LOF,0.051220728460632664,0.016175822645703622,0.9326034488936636
26074,Neutral,0.6991519158088957,0.02106029282865794,0.2797877913624464
26075,LOF,0.0431367948550386,0.03741349191178567,0.9194497132331758
26076,LOF,0.049026083937600426,0.01939150046125795,0.9315824156011416
26077,LOF,0.18345171977061125,0.01897316284323215,0.7975751173861565
26078,LOF,0.0067152144584800896,0.029276167246637105,0.9640086182948829
26079,LOF,0.05800864318764121,0.035806138811499015,0.9061852180008597
26080,LOF,0.05708657102324403,0.035848702312639195,0.9070647266641166
26081,LOF,0.046913673143614755,0.016563062418016018,0.9365232644383692
26082,LOF,0.006764707495002059,0.029458106581101283,0.9637771859238966
26083,LOF,0.06664771435680622,0.0300058219540468,0.903346463689147
26084,LOF,0.0798068134190542,0.01965444159109282,0.9005387449898529
26085,LOF,0.06983937965840704,0.016640913817676885,0.9135197065239161
26086,LOF,0.040189888807018834,0.02174379024823089,0.9380663209447503
26087,LOF,0.04314902987537808,0.018859110495576367,0.9379918596290455
26088,LOF,0.007379287273924242,0.040810689205184034,0.9518100235208917
26089,LOF,0.039511426323382656,0.056395791466640977,0.9040927822099764
26090,LOF,0.03873578000244685,0.048725143621607514,0.9125390763759457
26091,LOF,0.0337025188983868,0.01705879362444795,0.9492386874771652
26092,LOF,0.04620035235907632,0.014297423785789194,0.9395022238551344
26093,LOF,0.07218733680081153,0.010217057042483142,0.9175956061567052
26094,LOF,0.04529520132792748,0.013768811484440096,0.9409359871876324
26095,LOF,0.013998634370870138,0.03388385616896935,0.9521175094601605
26096,LOF,0.2727358849575524,0.0060960128146177765,0.7211681022278299
26097,LOF,0.007139014286824652,0.053556576996736244,0.939304408716439
26098,LOF,0.057185134026482676,0.03657929593161388,0.9062355700419035
26099,LOF,0.05607665759411587,0.041440076035698804,0.9024832663701854
26100,LOF,0.05607665759411587,0.041440076035698804,0.9024832663701854
26101,LOF,0.05796193691081305,0.048705781796733294,0.8933322812924537
26102,LOF,0.04262334659435312,0.02308748042647399,0.9342891729791729
26103,Neutral,0.8984418414374401,0.038805746545420586,0.06275241201713921
26104,LOF,0.05018730829681971,0.09185989362538433,0.8579527980777959
26105,LOF,0.25059889315342254,0.07631771855421479,0.6730833882923626
26106,LOF,0.2863815040537329,0.04079756991897549,0.6728209260272916
26107,LOF,0.01579210133022579,0.06396106232806793,0.9202468363417061
26108,LOF,0.173847898342611,0.06551149528938066,0.7606406063680082
26109,LOF,0.047058995524001127,0.0611885053013523,0.8917524991746466
26110,Neutral,0.5097677318595873,0.01589999236058201,0.47433227577983067
26111,LOF,0.05551778249400127,0.10124132861299415,0.8432408888930046
26112,LOF,0.0736983542763156,0.015288591119344417,0.91101305460434
26113,LOF,0.07453858307209962,0.026832034178301753,0.8986293827495986
26114,LOF,0.10540163062279694,0.008110005393156417,0.8864883639840466
26115,LOF,0.023826895117943527,0.0516155062264984,0.924557598655558
26116,LOF,0.07303894386441039,0.015072102987045807,0.9118889531485438
26117,LOF,0.3877687482169604,0.0420470056030831,0.5701842461799566
26118,LOF,0.03863262101865807,0.023019274774141032,0.938348104207201
26119,LOF,0.006129629847047429,0.09100001869127253,0.90287035146168
26120,LOF,0.03299047154258205,0.018590215616491348,0.9484193128409267
26121,LOF,0.0043706547594351275,0.11594737930290099,0.8796819659376638
