feature0,prediction,LoGoFunc_Neutral,LoGoFunc_GOF,LoGoFunc_LOF
25546,Neutral,0.7519405275685511,0.027813842543737196,0.22024562988771176
25547,Neutral,0.6071829139355844,0.056895827004404285,0.33592125906001113
25548,Neutral,0.6200708608539235,0.042769983616107496,0.33715915552996895
25549,Neutral,0.5330144742035875,0.04190323352270292,0.4250822922737096
25550,LOF,0.37230277183693117,0.09042734623160704,0.5372698819314617
25551,LOF,0.28739895904586965,0.0993524210779386,0.6132486198761918
25552,LOF,0.21547121810814057,0.09383845030402574,0.6906903315878337
25553,Neutral,0.850832734340306,0.020315461886762483,0.12885180377293148
25554,LOF,0.25063088401411654,0.08850656506222813,0.6608625509236552
25555,LOF,0.20955391430832226,0.07957658366337692,0.7108695020283007
25556,LOF,0.46102202437835577,0.07356575599586501,0.4654122196257792
25557,LOF,0.198977059007121,0.08278871303340575,0.7182342279594732
25558,LOF,0.23442334489558941,0.08874445654572037,0.6768321985586901
25559,LOF,0.3887135516392037,0.13113715275110083,0.48014929560969544
25560,LOF,0.04549241353239606,0.11775053557911992,0.8367570508884841
25561,LOF,0.10034044148566358,0.11712823048749145,0.782531328026845
25562,LOF,0.08514099987227002,0.07262064974430256,0.8422383503834275
25563,LOF,0.09729949655638281,0.06514716217705267,0.8375533412665644
25564,LOF,0.2470680661712501,0.11751114475959926,0.6354207890691507
25565,LOF,0.13906673363246072,0.12676491716541516,0.734168349202124
25566,GOF,0.012776441967918438,0.7778636005605335,0.20935995747154815
25567,LOF,0.022498325481985323,0.16100884097564647,0.8164928335423683
25568,LOF,0.05886722494558482,0.05922036392821831,0.8819124111261969
25569,LOF,0.062280736215049426,0.06341819350293687,0.8743010702820136
25570,LOF,0.05509316985366903,0.09506588156069672,0.8498409485856342
25571,LOF,0.05036943185834324,0.09065872670183188,0.8589718414398249
25572,LOF,0.0649318972664646,0.11482113760411651,0.8202469651294189
25573,LOF,0.03533832962367129,0.0939336746204871,0.8707279957558417
25574,LOF,0.021598491486121304,0.13959540054093078,0.838806107972948
25575,LOF,0.04467336546224493,0.11056467495337713,0.8447619595843778
25576,LOF,0.020435858465693863,0.13081935358012028,0.8487447879541858
25577,LOF,0.016455827910691723,0.1175186646389932,0.866025507450315
25578,LOF,0.30562334380612033,0.07981864044585223,0.6145580157480275
25579,LOF,0.1344909497654596,0.09656527598016085,0.7689437742543795
25580,LOF,0.030616436201185915,0.07652119033170068,0.8928623734671135
25581,LOF,0.05346298149993084,0.06439342719358855,0.8821435913064807
25582,LOF,0.05302724789652671,0.0626340611901531,0.8843386909133202
25583,LOF,0.039426680167942096,0.08695045023180384,0.873622869600254
25584,Neutral,0.5091175341953247,0.1015851043178031,0.3892973614868722
25585,LOF,0.021906083343909383,0.1278396601740355,0.8502542564820552
25586,LOF,0.030388257937559983,0.06962262160857562,0.8999891204538645
25587,LOF,0.029813545370692952,0.06434920398400307,0.905837250645304
25588,LOF,0.031017256371546526,0.07675731938587228,0.8922254242425812
25589,Neutral,0.6436132741284554,0.10840761685544273,0.24797910901610187
25590,LOF,0.03764685559130577,0.12159311334937263,0.8407600310593216
25591,LOF,0.09525500796826014,0.05677603255531726,0.8479689594764226
25592,LOF,0.10050226930380099,0.12395535846617611,0.7755423722300229
25593,LOF,0.035133220408462874,0.24671059401372564,0.7181561855778115
25594,LOF,0.04487003880030912,0.18062305544392127,0.7745069057557696
25595,LOF,0.055697481887013386,0.11425468216772867,0.830047835945258
25596,LOF,0.056782134918793296,0.09164317810034163,0.851574686980865
25597,LOF,0.035435785833524004,0.09182354067840141,0.8727406734880746
25598,LOF,0.05110437584613779,0.11927647702912679,0.8296191471247354
25599,GOF,0.006968995524020714,0.6261382890343757,0.3668927154416035
25600,GOF,0.012783165646697382,0.5879052300660609,0.3993116042872418
25601,LOF,0.009934021793500758,0.4438075044121751,0.5462584737943242
25602,LOF,0.017053372873227828,0.05661883998862563,0.9263277871381465
25603,LOF,0.05240062188337971,0.023023437412186567,0.9245759407044338
25604,LOF,0.03241201652432235,0.05662058964249593,0.9109673938331817
25605,LOF,0.008611564031155169,0.2441040955191193,0.7472843404497256
25606,LOF,0.07818701399814532,0.38313547642236945,0.5386775095794852
25607,LOF,0.00646176234459177,0.2010076274056991,0.7925306102497092
25608,LOF,0.014824470674071995,0.08628811905441448,0.8988874102715134
25609,LOF,0.05523558232465336,0.39015289057305524,0.5546115271022914
25610,LOF,0.030359830853063503,0.027023743003781558,0.942616426143155
25611,LOF,0.035572492400890804,0.026530238151108984,0.9378972694480001
25612,LOF,0.09842476613002715,0.04290846154826648,0.8586667723217063
25613,LOF,0.08399033619734593,0.04400089997551924,0.8720087638271348
25614,LOF,0.026610142557264318,0.03516774173448803,0.9382221157082478
25615,LOF,0.034310349515272905,0.04574262913771602,0.919947021347011
25616,LOF,0.02589272387990068,0.0343236877172431,0.9397835884028563
25617,LOF,0.0252406303691004,0.04015773595175599,0.9346016336791436
25618,LOF,0.1314527977712658,0.031569095490882736,0.8369781067378513
25619,LOF,0.027671258441772983,0.03240647292151586,0.9399222686367112
25620,LOF,0.032267986705192084,0.04313984562429283,0.9245921676705151
25621,LOF,0.027294145774904972,0.0378010788591181,0.9349047753659768
25622,LOF,0.03398976213123996,0.039328425492436925,0.9266818123763231
25623,LOF,0.053079988744133534,0.030556936867191936,0.9163630743886745
25624,LOF,0.024541589176973105,0.043035428842617,0.93242298198041
25625,LOF,0.03489646411300627,0.04654190202428573,0.918561633862708
25626,LOF,0.07858121297388347,0.03776844961216713,0.8836503374139495
25627,Neutral,0.5394606541616792,0.10863749045790563,0.3519018553804153
25628,LOF,0.19509405611120179,0.05445935000069339,0.7504465938881049
25629,LOF,0.058313862603483445,0.06270943309995922,0.8789767042965574
25630,LOF,0.19043242674509547,0.08370737294020136,0.7258602003147032
25631,Neutral,0.6193348725134469,0.05542246890694154,0.32524265857961165
25632,LOF,0.012730765114966553,0.12381114386511831,0.8634580910199151
25633,LOF,0.09282308750679653,0.1030500555579036,0.8041268569352998
25634,LOF,0.03169727394479365,0.13445851249090673,0.8338442135642996
25635,LOF,0.034984661971658455,0.09545999831964373,0.8695553397086978
25636,GOF,0.003907199937986387,0.6336289596523683,0.36246384040964524
25637,GOF,0.003526810047607603,0.6616955274553267,0.3347776624970657
25638,LOF,0.006092395642898942,0.3974244794285178,0.5964831249285832
25639,GOF,0.003579086683048281,0.5190128792882718,0.4774080340286798
25640,Neutral,0.46760092539738496,0.4628509569520246,0.06954811765059044
25641,LOF,0.007354645614592376,0.35737358959540066,0.6352717647900069
25642,LOF,0.2472147505284541,0.07354004132448763,0.6792452081470584
25643,LOF,0.29775698518064675,0.16536394769830057,0.5368790671210527
25644,GOF,0.01517046957235973,0.5322309515868907,0.4525985788407495
25645,LOF,0.011935827251379927,0.47758486472005296,0.5104793080285671
25646,LOF,0.01685565561638262,0.34627737866517266,0.6368669657184446
25647,LOF,0.013577438312122317,0.28629639653566635,0.7001261651522113
25648,LOF,0.012626522232698808,0.2910988169316269,0.6962746608356742
25649,LOF,0.01099203444373764,0.2237328075535071,0.7652751580027553
25650,LOF,0.02134443638828674,0.4663819627981313,0.5122736008135819
25651,LOF,0.008323120511692548,0.2803370092308749,0.7113398702574326
25652,LOF,0.01377474821305082,0.2695839380993623,0.7166413136875869
25653,LOF,0.05276594175716115,0.3772205646839506,0.5700134935588882
25654,LOF,0.013953073233909175,0.15611962625289919,0.8299273005131916
25655,LOF,0.07703133855297471,0.39858849194513196,0.5243801695018933
25656,LOF,0.10785475777858956,0.07727424924405248,0.814870992977358
25657,LOF,0.3407067442645891,0.03298579458197801,0.6263074611534329
25658,LOF,0.04101877543739454,0.10370706526591739,0.855274159296688
25659,LOF,0.3335322873494077,0.07253307247706911,0.5939346401735232
25660,LOF,0.06145822278611089,0.09833706824628131,0.8402047089676077
25661,LOF,0.04720829926481848,0.07145256271054902,0.8813391380246325
25662,LOF,0.027394133438998925,0.05062699458625292,0.9219788719747481
25663,LOF,0.03728748545333801,0.0731088137518401,0.8896037007948219
25664,LOF,0.044371917361407116,0.08174913203651132,0.8738789506020814
25665,LOF,0.05877220687527366,0.04854286359695151,0.8926849295277749
25666,LOF,0.03932774638901141,0.12595020232006277,0.8347220512909258
25667,LOF,0.0324729055906389,0.055825640829974196,0.911701453579387
25668,LOF,0.033228576826201735,0.05998922745610164,0.9067821957176966
25669,LOF,0.03938621777014141,0.08610565707417855,0.87450812515568
25670,LOF,0.08007861995019484,0.08788450240109133,0.8320368776487137
25671,LOF,0.036548529612171574,0.046476659270359086,0.9169748111174693
25672,LOF,0.06324398546844541,0.07029187322341522,0.8664641413081393
25673,LOF,0.04737795882782138,0.06825881554718528,0.8843632256249934
25674,LOF,0.043337404567967565,0.06944767963557372,0.8872149157964587
25675,LOF,0.05254853087694697,0.0624595044621452,0.8849919646609078
25676,LOF,0.032115309319953045,0.06049426182918665,0.9073904288508603
25677,LOF,0.06178647636946519,0.06730767208730186,0.870905851543233
25678,LOF,0.284914159182074,0.034737842763241114,0.6803479980546848
25679,LOF,0.16849846415124534,0.08068615927259828,0.7508153765761564
25680,LOF,0.057481661324185605,0.10064652291367682,0.8418718157621375
25681,LOF,0.1027126061463328,0.0941419057111184,0.8031454881425488
25682,LOF,0.043311354973072536,0.0816406086188062,0.8750480364081213
25683,LOF,0.1010494513166085,0.0958586871054948,0.8030918615778967
25684,LOF,0.053580674492867325,0.08135042446644297,0.8650689010406897
25685,LOF,0.1038889402639302,0.04555814600203379,0.850552913734036
25686,LOF,0.038918680661183605,0.09671512226718097,0.8643661970716353
25687,LOF,0.040527944887672654,0.07675596606442545,0.8827160890479019
25688,LOF,0.031074950513927835,0.0885977079808243,0.8803273415052479
25689,LOF,0.02005579437707204,0.07527911162741034,0.9046650939955176
25690,LOF,0.02489320975808549,0.08917046289201686,0.8859363273498977
25691,LOF,0.23438833749291604,0.11908293808187938,0.6465287244252046
25692,LOF,0.2775020366759387,0.009351917210616656,0.7131460461134447
25693,LOF,0.09448834355153891,0.13401053671878932,0.7715011197296718
25694,LOF,0.25246276498587633,0.0165641699383869,0.7309730650757368
25695,LOF,0.16567589490497706,0.02106573698433926,0.8132583681106837
25696,LOF,0.1691440505382639,0.009557880546735155,0.821298068915001
25697,LOF,0.14168523824266316,0.027949238308095325,0.8303655234492415
25698,LOF,0.03691114845452528,0.378850907908788,0.5842379436366868
25699,LOF,0.06219578980374132,0.078338327802746,0.8594658823935127
25700,LOF,0.0316134807214261,0.010413511240975466,0.9579730080375984
25701,LOF,0.016840692273756872,0.07352581087017983,0.9096334968560633
25702,GOF,0.03561437366187561,0.7285520582207453,0.23583356811737904
25703,LOF,0.012423892669644181,0.19293023980176907,0.7946458675285867
25704,LOF,0.09613634138072996,0.14161416061514945,0.7622494980041207
25705,LOF,0.05574295576253899,0.23884109647668206,0.7054159477607789
25706,GOF,0.049850566792143336,0.6132572282465184,0.33689220496133826
25707,GOF,0.029036063059061135,0.5263335607024952,0.44463037623844376
25708,LOF,0.008857284792917362,0.44633514321926043,0.5448075719878223
25709,LOF,0.019684851915000655,0.061074844133117985,0.9192403039518814
25710,LOF,0.0093115201085761,0.17346731033497056,0.8172211695564534
25711,LOF,0.020233157441544344,0.12510894932061495,0.8546578932378407
25712,LOF,0.009738975606946717,0.2507121001827498,0.7395489242103035
25713,LOF,0.01878349792812149,0.10908248941029798,0.8721340126615805
25714,LOF,0.020571042845876828,0.1450133990315512,0.834415558122572
25715,LOF,0.01911363342763422,0.1170681819853561,0.8638181845870097
25716,LOF,0.010242959597159462,0.12086149034400982,0.8688955500588307
25717,LOF,0.005947656046431158,0.13153978316209486,0.862512560791474
25718,LOF,0.01758695176791469,0.07317611370948567,0.9092369345225997
25719,LOF,0.0329052221268604,0.08107661588364155,0.8860181619894981
25720,LOF,0.0222756287866613,0.08729617087340126,0.8904282003399375
25721,LOF,0.022609454089468867,0.09369094912378582,0.8836995967867453
25722,LOF,0.017784705843430282,0.1272382042848549,0.854977089871715
25723,LOF,0.020337346586105743,0.07131983353708057,0.9083428198768136
25724,LOF,0.03437218921354559,0.10612001428180881,0.8595077965046456
25725,LOF,0.02197865892898883,0.06556890283151126,0.9124524382395
25726,LOF,0.016082616704591584,0.10153692868547787,0.8823804546099306
25727,LOF,0.01993985144553142,0.08453404079812735,0.8955261077563412
25728,LOF,0.01810938859300221,0.09920546259159928,0.8826851488153985
25729,LOF,0.018674711552427656,0.1004365664916167,0.8808887219559557
25730,LOF,0.019729754661798275,0.08203775861741196,0.8982324867207897
25731,LOF,0.01262772679408075,0.16373847915899223,0.8236337940469269
25732,LOF,0.018558732827386674,0.08806268949097662,0.8933785776816366
25733,LOF,0.02928363758766049,0.08326947295512832,0.8874468894572112
25734,LOF,0.007902254842292627,0.20050254025072856,0.7915952049069789
25735,LOF,0.023482227932278697,0.07377049245050532,0.9027472796172159
25736,LOF,0.021974157749658645,0.1123962191651396,0.8656296230852017
25737,LOF,0.04328946310334472,0.09453826488012425,0.862172272016531
25738,LOF,0.0203640968792582,0.1480442905053393,0.8315916126154026
25739,LOF,0.02158866191306681,0.15147808486002476,0.8269332532269084
25740,LOF,0.04910517658538032,0.13643971529643156,0.814455108118188
25741,LOF,0.02564392195434374,0.11439358172075874,0.8599624963248975
25742,LOF,0.03451373542587068,0.13492037378212038,0.8305658907920089
25743,LOF,0.010806347498759842,0.046282101575680794,0.9429115509255593
25744,LOF,0.11063536697750019,0.40613566121515865,0.4832289718073412
25745,LOF,0.020274964545789583,0.07796960856541124,0.9017554268887991
25746,LOF,0.010797792089851741,0.09441044067961256,0.8947917672305357
25747,LOF,0.03416618126028825,0.03981930717668516,0.9260145115630266
25748,LOF,0.17292895133948585,0.07025414872786824,0.7568168999326459
25749,LOF,0.012529928286907162,0.05975602814220615,0.9277140435708867
25750,LOF,0.014470111929669483,0.0879459010348746,0.897583987035456
25751,LOF,0.03866778741899461,0.07765521838409092,0.8836769941969145
25752,GOF,0.08244223210891234,0.6854880987367087,0.23206966915437893
25753,LOF,0.006958202584445604,0.3875398433009818,0.6055019541145726
25754,GOF,0.005584099130613095,0.8604887249099056,0.13392717595948136
25755,LOF,0.010464500678636395,0.45262482625432626,0.5369106730670374
25756,LOF,0.048274270245194956,0.45973483170509016,0.4919908980497149
25757,GOF,0.007531434453333071,0.8790201597065874,0.11344840584007942
25758,GOF,0.008568279601710685,0.8731279431000376,0.1183037772982517
25759,GOF,0.004972575578439086,0.5593252865306079,0.43570213789095313
25760,LOF,0.00681557051214281,0.3176164568959076,0.6755679725919496
25761,GOF,0.04612982829652021,0.8533582730252817,0.10051189867819815
25762,LOF,0.028559110683895786,0.3767505700514559,0.5946903192646483
25763,LOF,0.009566156347493193,0.26073652230013245,0.7296973213523744
25764,GOF,0.10667152826480304,0.599753502791744,0.29357496894345303
25765,GOF,0.007800341716053315,0.8381675158144428,0.1540321424695039
25766,GOF,0.030646155036715264,0.8295604006831703,0.1397934442801144
25767,GOF,0.014157133692127151,0.5340980867113757,0.4517447795964972
25768,LOF,0.03431200974312954,0.08124188189881291,0.8844461083580575
25769,LOF,0.0229618922986798,0.08121673299474101,0.8958213747065792
25770,LOF,0.15490596616643482,0.06640207559231312,0.7786919582412521
25771,LOF,0.017307038581808848,0.0718295249844354,0.9108634364337557
25772,LOF,0.02402143244483696,0.030225853679934786,0.9457527138752283
25773,LOF,0.01490186302636095,0.07872920490937546,0.9063689320642636
25774,LOF,0.025809407029298948,0.09822332029581055,0.8759672726748904
25775,LOF,0.021716444317200122,0.04064801552464239,0.9376355401581575
25776,LOF,0.02624139518910817,0.027187082159048585,0.9465715226518432
25777,LOF,0.19053872173818828,0.07219334909130888,0.7372679291705028
25778,LOF,0.0202928519740005,0.057447931538027484,0.922259216487972
25779,GOF,0.0402099036130095,0.9033836565407593,0.05640643984623137
25780,GOF,0.06461991578433589,0.8870795909963108,0.04830049321935332
25781,GOF,0.025519833441273378,0.8887437509591645,0.08573641559956215
25782,GOF,0.03299985073060844,0.9099379665923997,0.05706218267699198
25783,GOF,0.018100616751426383,0.790367132080163,0.19153225116841077
25784,GOF,0.11553091745644534,0.8503741528166406,0.03409492972691405
25785,GOF,0.07452466319591282,0.8939998343159826,0.0314755024881047
25786,GOF,0.005459994215294176,0.859484211439947,0.1350557943447587
25787,GOF,0.17180679007135458,0.7992335393348746,0.02895967059377091
25788,LOF,0.015476522599799791,0.200670484083008,0.7838529933171923
25789,GOF,0.02227051119464281,0.8775075197651926,0.1002219690401646
25790,GOF,0.02401619289501232,0.9016470053047327,0.07433680180025504
25791,GOF,0.015890349886050335,0.8396443673869175,0.1444652827270322
25792,GOF,0.02726788472145643,0.8539502425161278,0.11878187276241586
25793,GOF,0.08058000776741686,0.8480049078656653,0.07141508436691796
25794,GOF,0.06672662167582784,0.7886408009661713,0.1446325773580009
25795,GOF,0.046283233554512644,0.7824531215512424,0.171263644894245
25796,GOF,0.08395205651431713,0.8266836726078403,0.08936427087784274
25797,GOF,0.039579391746520864,0.7135281911128026,0.24689241714067647
25798,GOF,0.0032075790819033768,0.6717381814725628,0.3250542394455339
25799,GOF,0.0029896079822374576,0.5589636825924306,0.43804670942533186
25800,GOF,0.012138284126716133,0.7575571452607509,0.230304570612533
25801,GOF,0.01637131150062305,0.8899426664670057,0.0936860220323712
25802,GOF,0.02103000187627031,0.8334845054348715,0.14548549268885808
25803,GOF,0.011856996229956784,0.7425374829071918,0.24560552086285142
25804,GOF,0.013836874805412533,0.6652170132194124,0.32094611197517514
25805,GOF,0.023162206848767627,0.7552350824212388,0.22160271072999357
25806,GOF,0.019280300351018145,0.7985544129446985,0.18216528670428342
25807,GOF,0.005524185501137614,0.768604930025344,0.2258708844735184
25808,GOF,0.01584672382266746,0.7952618711522321,0.18889140502510046
25809,GOF,0.0064406896738050615,0.7721069698022144,0.2214523405239806
25810,GOF,0.005717078876389139,0.7759370201561901,0.21834590096742068
25811,GOF,0.046042891985923456,0.8717376674313597,0.08221944058271674
25812,GOF,0.01620116716662192,0.7381966039410743,0.2456022288923039
25813,GOF,0.1030290958870543,0.8089345727047501,0.08803633140819551
25814,GOF,0.026806510216140365,0.8186085557208015,0.15458493406305826
25815,GOF,0.03845899228119389,0.8448675978969071,0.11667340982189886
25816,GOF,0.008010450380369974,0.8748612970655253,0.11712825255410472
25817,GOF,0.11252515949472205,0.7629346170396016,0.12454022346567627
25818,GOF,0.029389693714429916,0.833858311640926,0.13675199464464416
25819,GOF,0.07131949487766083,0.7838032742111964,0.14487723091114277
25820,GOF,0.04054087189933893,0.7803749694366571,0.17908415866400393
25821,GOF,0.021015086187423728,0.7746394621317857,0.20434545168079077
25822,GOF,0.04507963080198115,0.7956211226208127,0.15929924657720612
25823,GOF,0.015177966910192811,0.6746629307189839,0.3101591023708234
25824,GOF,0.028619835673003545,0.7861243358121348,0.18525582851486166
25825,GOF,0.01626266539219151,0.7748992465002136,0.20883808810759497
25826,GOF,0.005523860006330375,0.750470706493006,0.24400543350066367
25827,GOF,0.008679950540057385,0.7203823001584087,0.27093774930153397
25828,GOF,0.005983665876272514,0.6911155347946265,0.3029007993291008
25829,GOF,0.0030777003972389306,0.7366013880528033,0.2603209115499578
25830,GOF,0.03788447891834522,0.5423852873830539,0.41973023369860085
25831,GOF,0.04996515628338637,0.851366411630993,0.09866843208562064
25832,GOF,0.009269719484820384,0.8346935595287854,0.15603672098639418
25833,GOF,0.036062581672319044,0.8670238231622086,0.09691359516547232
25834,GOF,0.009324700662270768,0.8500657311285277,0.14060956820920165
25835,GOF,0.01874659942864286,0.8764659478886906,0.10478745268266675
25836,GOF,0.0068067036089957626,0.8509863093356476,0.14220698705535684
25837,GOF,0.0073661519903506795,0.7616617663500571,0.2309720816595922
25838,GOF,0.022013223153901564,0.8858557894816709,0.0921309873644274
25839,GOF,0.048310714489618184,0.8631894963490784,0.0884997891613035
25840,GOF,0.06627145884415471,0.853557030132664,0.08017151102318128
25841,GOF,0.061842748666167416,0.8614171553700186,0.07674009596381398
25842,GOF,0.028051457262020418,0.9068450794493943,0.06510346328858517
25843,GOF,0.028788006407959435,0.9090957084329199,0.062116285159120724
25844,GOF,0.018541582412893828,0.8733676537911522,0.10809076379595396
25845,GOF,0.006108039244761678,0.6910328353507682,0.3028591254044701
25846,GOF,0.044659066819497356,0.880142079899446,0.07519885328105663
25847,GOF,0.019261590836252923,0.9209791297348353,0.05975927942891168
25848,GOF,0.018205151594741408,0.8798590063617763,0.10193584204348233
25849,GOF,0.005403913074801814,0.7871741468235498,0.2074219401016485
25850,GOF,0.006872739484727218,0.7810968001020903,0.21203046041318266
25851,GOF,0.006026044115214957,0.6737153231500121,0.3202586327347728
25852,GOF,0.13586379670761722,0.6111650591752738,0.25297114411710886
25853,GOF,0.07574171533434564,0.8581949724672838,0.06606331219837047
25854,GOF,0.005864134052985819,0.7557611261294099,0.23837473981760424
25855,GOF,0.015435688607123797,0.6724522386110207,0.3121120727818556
25856,GOF,0.03786603583304357,0.802750580184631,0.15938338398232538
25857,GOF,0.013792568263169092,0.6742253628127463,0.3119820689240847
25858,GOF,0.008935189852236168,0.6811506748666483,0.30991413528111555
25859,GOF,0.005640224545776246,0.65185819405396,0.3425015814002638
25860,GOF,0.07713369077576804,0.8387386182225856,0.08412769100164635
25861,GOF,0.08386665866884704,0.8256061015109465,0.09052723982020659
25862,GOF,0.021509806188954393,0.8805071503047684,0.09798304350627716
25863,GOF,0.021948382805839616,0.8886296918205333,0.08942192537362705
25864,GOF,0.05315770400562799,0.8843857147375126,0.06245658125685942
25865,GOF,0.03944500640898098,0.8540384456551782,0.1065165479358409
25866,GOF,0.027476788422665113,0.8827955264503936,0.08972768512694132
25867,GOF,0.03189517668912239,0.894470287770268,0.07363453554060959
25868,GOF,0.061609532312469344,0.8510143881105964,0.08737607957693432
25869,GOF,0.3564442939564665,0.5844634568511852,0.05909224919234836
25870,GOF,0.0727616330825026,0.7072096335865001,0.22002873333099737
25871,GOF,0.011259828650147092,0.9059066076303208,0.08283356371953216
25872,GOF,0.020609951660812673,0.8777120330084551,0.1016780153307322
25873,GOF,0.020462870748116695,0.902103264437758,0.07743386481412518
25874,LOF,0.01704032208776562,0.2149175364422381,0.7680421414699962
25875,LOF,0.04884570191707854,0.05316883929067418,0.8979854587922473
25876,LOF,0.01808413569713103,0.046128343825061285,0.9357875204778077
25877,LOF,0.11316929599649798,0.09499440980215892,0.791836294201343
25878,LOF,0.06589291276746971,0.12989387286403242,0.8042132143684978
25879,LOF,0.02772634399097389,0.09167345534664977,0.8806002006623764
25880,LOF,0.05586961290928664,0.014272716773563239,0.9298576703171502
25881,Neutral,0.5536534132139482,0.06516479391251609,0.38118179287353554
25882,LOF,0.0549243902641987,0.030807232652584563,0.9142683770832166
25883,LOF,0.02858934474889619,0.02645617351226062,0.9449544817388432
25884,LOF,0.028317750703777716,0.04448829032396224,0.9271939589722601
25885,LOF,0.21891422867677948,0.011356008492458852,0.7697297628307617
25886,LOF,0.13935598238686367,0.06469026702320478,0.7959537505899315
25887,LOF,0.1903265248542447,0.06400404968130798,0.7456694254644473
25888,LOF,0.012592453745140848,0.1326523127986548,0.8547552334562044
25889,LOF,0.03357191071647961,0.033439993982860655,0.9329880953006596
25890,LOF,0.12824215846611645,0.11836707954930986,0.7533907619845737
25891,LOF,0.09154455547768726,0.024507514189521747,0.883947930332791
25892,LOF,0.008951033771057455,0.03056456873924349,0.960484397489699
25893,LOF,0.40899106698254606,0.008188815465684993,0.5828201175517689
25894,LOF,0.44307697141359653,0.005261414335414191,0.5516616142509893
25895,LOF,0.329605969574884,0.01144782476659438,0.6589462056585217
25896,LOF,0.0667036350252036,0.015476139785496171,0.9178202251893003
25897,LOF,0.1971730422275409,0.009013032514581765,0.7938139252578774
25898,LOF,0.1661907797430482,0.026368995114588865,0.8074402251423629
25899,LOF,0.34304201881100577,0.018527392713000787,0.6384305884759934
25900,LOF,0.4442509271425369,0.007848685811331281,0.5479003870461319
25901,LOF,0.06780259806950822,0.0077844733428573225,0.9244129285876345
25902,LOF,0.18510058649799563,0.008761431580764442,0.80613798192124
25903,LOF,0.4089104533353191,0.021358107404830903,0.56973143925985
25904,Neutral,0.4878992143693428,0.02488534993070367,0.4872154356999535
25905,LOF,0.0042256826681733835,0.44842633934832965,0.547347977983497
25906,LOF,0.008870322741608386,0.10704959570977582,0.8840800815486157
25907,LOF,0.004436059765385631,0.3247299237754449,0.6708340164591695
25908,LOF,0.004381024585147955,0.24137470066205285,0.7542442747527992
25909,LOF,0.02369264049936203,0.15468616152688985,0.8216211979737481
25910,LOF,0.010912090996353235,0.12881551237412325,0.8602723966295235
25911,LOF,0.29413786712400214,0.041120868441990685,0.6647412644340072
25912,LOF,0.06188666348990731,0.05582876052932394,0.8822845759807688
25913,LOF,0.04547951017834595,0.07141460116669063,0.8831058886549634
25914,LOF,0.03750686289811542,0.04630767340075962,0.916185463701125
25915,LOF,0.17205239575818046,0.19501493880609944,0.63293266543572
25916,LOF,0.031742076154751137,0.13082845955669004,0.8374294642885588
25917,LOF,0.07319425023198507,0.0443015901580321,0.8825041596099827
25918,LOF,0.03795289351943061,0.03296664451355173,0.9290804619670177
25919,LOF,0.03434173638388712,0.030962292605465368,0.9346959710106475
25920,LOF,0.15686885182290958,0.21226374736339587,0.6308674008136945
25921,LOF,0.016963983624210015,0.03710239848375314,0.9459336178920368
25922,LOF,0.018494054501630417,0.03554538326302505,0.9459605622353445
25923,LOF,0.47573066285548143,0.03218831084250513,0.4920810263020133
25924,LOF,0.025144764067199173,0.05638573293782511,0.9184695029949758
25925,LOF,0.08884170794103327,0.04616822604497827,0.8649900660139885
25926,LOF,0.06221452066199695,0.046526714817798805,0.8912587645202041
25927,LOF,0.024024505245985612,0.07297100229266316,0.9030044924613512
25928,LOF,0.010776176198982015,0.05661422392405791,0.9326095998769601
25929,Neutral,0.561618936815572,0.03113050604759552,0.40725055713683256
25930,LOF,0.07983849407473245,0.031271786033344136,0.8888897198919234
25931,LOF,0.015219579169405447,0.03723214078369981,0.9475482800468947
25932,LOF,0.06925868583858188,0.03134915803515053,0.8993921561262676
25933,LOF,0.060125473702320846,0.020008642202040808,0.9198658840956383
25934,LOF,0.06183368976665834,0.0190055973222016,0.91916071291114
25935,LOF,0.07527112384892212,0.05756675284921637,0.8671621233018614
25936,LOF,0.10041972804009125,0.02109428095922242,0.8784859910006864
25937,LOF,0.014723813079146131,0.037585963928451385,0.9476902229924025
25938,LOF,0.07644240293370551,0.052878883268916,0.8706787137973784
25939,LOF,0.04568703417003966,0.025714530201478247,0.9285984356284821
25940,LOF,0.009380229532599165,0.3651915152799131,0.6254282551874877
25941,Neutral,0.5194954359320212,0.03951350611374908,0.4409910579542298
25942,LOF,0.008557351405326572,0.05534864847935386,0.9360940001153195
25943,LOF,0.04631305790505819,0.18103265556515574,0.7726542865297862
25944,LOF,0.06770314190843202,0.08468689456702926,0.8476099635245389
25945,LOF,0.12225312018869601,0.021003910179054664,0.8567429696322494
25946,LOF,0.07087139229752237,0.041525307270840896,0.8876033004316367
25947,Neutral,0.46034642428043837,0.10589429869280118,0.4337592770267606
25948,LOF,0.4393524078849902,0.017170592331592068,0.5434769997834178
25949,LOF,0.14270062707575273,0.07203127670266703,0.7852680962215803
25950,GOF,0.07286181520060601,0.6305272278505544,0.29661095694883965
25951,LOF,0.013549744165525141,0.43162980727756023,0.5548204485569145
25952,LOF,0.30074935026333527,0.298818577872661,0.4004320718640037
25953,LOF,0.007374466952241514,0.19290409289580826,0.7997214401519501
25954,GOF,0.10593739349480884,0.5060688666998555,0.38799373980533575
25955,LOF,0.007847708748775896,0.17688211877822288,0.8152701724730013
25956,LOF,0.020081450637392303,0.2603973175892046,0.7195212317734032
25957,LOF,0.22335186918663502,0.02976815683780015,0.7468799739755648
25958,LOF,0.03389821986502041,0.04357888107680302,0.9225228990581766
25959,GOF,0.015184717664091475,0.5953175679154741,0.38949771442043446
25960,LOF,0.007618730922191602,0.06722212233586236,0.925159146741946
25961,LOF,0.034129472149347306,0.04173512864754086,0.9241353992031118
25962,LOF,0.03983543710584358,0.06405416252232966,0.8961104003718268
25963,LOF,0.0052706047382437655,0.18305029195093558,0.8116791033108206
25964,LOF,0.02711515031243026,0.12575208321860706,0.8471327664689627
25965,LOF,0.2621126378316307,0.12309986967249344,0.6147874924958758
25966,Neutral,0.472438023439247,0.1443990872090537,0.38316288935169934
25967,LOF,0.009605295269407534,0.08793599313754863,0.9024587115930439
25968,LOF,0.04317211953273716,0.2382366265859125,0.7185912538813504
25969,LOF,0.11964413987728247,0.05287764691825704,0.8274782132044606
25970,LOF,0.02117307566040273,0.08629519480757732,0.8925317295320199
25971,LOF,0.08252412850298367,0.030075117391025908,0.8874007541059905
25972,LOF,0.06503033515333363,0.04807880904991668,0.8868908557967498
25973,LOF,0.06691035926632284,0.008653472931444701,0.9244361678022325
25974,LOF,0.04945132669176844,0.0336837184816949,0.9168649548265367
25975,LOF,0.04400529958687163,0.01693831744500973,0.9390563829681186
25976,LOF,0.09455036852275697,0.009892821280611797,0.8955568101966312
25977,LOF,0.18721127168636575,0.06925470764209142,0.7435340206715428
25978,LOF,0.18399315980624759,0.12280880903567042,0.693198031158082
25979,LOF,0.14934110843132695,0.13952235005875735,0.7111365415099157
25980,LOF,0.26807387131393123,0.18518319188025525,0.5467429368058134
25981,LOF,0.26913960258700714,0.1881178210190372,0.5427425763939556
25982,Neutral,0.4852075666368059,0.08891494412589962,0.42587748923729446
25983,Neutral,0.5031318795856528,0.10454850749217202,0.3923196129221752
25984,LOF,0.036316325548181386,0.09731081391571496,0.8663728605361036
25985,LOF,0.41684335765643554,0.1507325547343498,0.43242408760921475
25986,LOF,0.013220148401199412,0.40637173309324,0.5804081185055606
25987,LOF,0.05724595633087452,0.10542156526461084,0.8373324784045145
25988,LOF,0.03964377815843706,0.1660554407597077,0.7943007810818553
25989,LOF,0.036267128043306555,0.20026929793288725,0.7634635740238062
25990,LOF,0.03689475650621896,0.30466101103733534,0.6584442324564457
25991,LOF,0.02786375967918061,0.416132515751518,0.5560037245693012
25992,LOF,0.024092552121776904,0.41385664501159763,0.5620508028666255
25993,LOF,0.029158460406210233,0.07725436563158201,0.8935871739622078
25994,LOF,0.023540776621471606,0.0825458948186083,0.89391332855992
25995,LOF,0.022547164701049262,0.13636089582939423,0.8410919394695565
25996,LOF,0.32160442150243207,0.3153856768778923,0.3630099016196756
25997,LOF,0.06123754949445561,0.3812707528386818,0.5574916976668626
25998,LOF,0.23156281251484506,0.04438882613195394,0.724048361353201
25999,LOF,0.03031294833850722,0.19346479305846573,0.776222258603027
26000,LOF,0.17736966871556128,0.03224962097051212,0.7903807103139264
26001,LOF,0.2376264715279333,0.04514003538384092,0.7172334930882258
26002,LOF,0.13356160693959232,0.04849954222171626,0.8179388508386914
26003,GOF,0.005647598883839849,0.6439275854935361,0.350424815622624
26004,GOF,0.008249374637278187,0.7074114059095475,0.2843392194531742
26005,LOF,0.004116438464019663,0.4939331928720602,0.5019503686639202
26006,GOF,0.12675861604594368,0.5564554235654584,0.316785960388598
26007,GOF,0.007676673530700667,0.5279540547734408,0.46436927169585857
26008,GOF,0.00604351603343526,0.6306421056709492,0.3633143782956154
26009,GOF,0.007741094365673672,0.6678191144328078,0.3244397912015185
26010,GOF,0.008692241219349514,0.6382718890591605,0.3530358697214899
26011,LOF,0.0035343847942002535,0.45252558756514505,0.5439400276406547
26012,GOF,0.005569951550313392,0.5297360910486013,0.46469395740108527
26013,GOF,0.006802838815139905,0.6016989365006933,0.3914982246841668
26014,LOF,0.05971624193508327,0.12387184750514595,0.8164119105597708
26015,LOF,0.35855373278934105,0.02941440241484461,0.6120318647958143
26016,LOF,0.30021110022813424,0.047557027139034265,0.6522318726328314
26017,LOF,0.02221119823621807,0.22363048633261956,0.7541583154311624
26018,LOF,0.02549216034042915,0.06035501775496083,0.91415282190461
26019,LOF,0.025328193773253467,0.0523803607412392,0.9222914454855073
26020,LOF,0.010347201168898586,0.21232461453998408,0.7773281842911173
26021,LOF,0.07776125704189013,0.08163686962548201,0.8406018733326277
26022,LOF,0.0419001877829803,0.03400015560441381,0.924099656612606
26023,LOF,0.03143206110498268,0.04019754696202966,0.9283703919329878
26024,LOF,0.04735235146244441,0.07715209697182261,0.875495551565733
26025,LOF,0.06484936002826078,0.09056243893244781,0.8445882010392914
26026,LOF,0.12238203947030975,0.07582234062552044,0.8017956199041697
26027,LOF,0.025289340150625797,0.03150390371196597,0.9432067561374082
26028,LOF,0.12169290483560226,0.14709719148713282,0.7312099036772649
26029,LOF,0.01880726903803871,0.21317108218783984,0.7680216487741215
26030,LOF,0.16375068246512725,0.023976719957943787,0.812272597576929
26031,LOF,0.009119419649826804,0.1780890697788409,0.8127915105713323
26032,LOF,0.04660067018840087,0.06096473774518339,0.8924345920664158
26033,LOF,0.07366789947972753,0.05291354216215063,0.8734185583581219
26034,LOF,0.01252293334265728,0.15670719783588352,0.8307698688214592
26035,LOF,0.010863385479222118,0.11579768313332692,0.8733389313874509
26036,LOF,0.010585097637965779,0.1283439648964904,0.8610709374655439
26037,LOF,0.009697156894274809,0.10611365404285657,0.8841891890628687
26038,LOF,0.04023724364134791,0.05377815791397686,0.9059845984446752
26039,LOF,0.02472548756950818,0.1397415417911373,0.8355329706393545
26040,LOF,0.10916832560646346,0.1385331281413315,0.752298546252205
26041,LOF,0.012044027215114588,0.09531197399245617,0.8926439987924292
26042,LOF,0.010893919533177318,0.10410784335177373,0.884998237115049
26043,LOF,0.03886763978871952,0.07749256932778437,0.8836397908834961
26044,LOF,0.01379512039187819,0.04912348855050574,0.9370813910576161
26045,LOF,0.06708877018512478,0.12435189329103519,0.80855933652384
26046,LOF,0.032570713247143286,0.057217358535666105,0.9102119282171907
26047,LOF,0.05392386882290201,0.05617242217832792,0.8899037089987701
26048,LOF,0.09720526896615236,0.028460599811452963,0.8743341312223948
26049,Neutral,0.9523615269733713,0.008035728862105952,0.039602744164522814
26050,Neutral,0.9321716791338905,0.00873223811197915,0.0590960827541303
26051,LOF,0.01848442360646677,0.11577801226587549,0.8657375641276578
26052,LOF,0.03367349693179331,0.13670132097088875,0.8296251820973178
26053,LOF,0.03399346146559796,0.15235811119290588,0.8136484273414962
26054,LOF,0.046594374372751754,0.02822527462313522,0.9251803510041131
26055,LOF,0.0651682533493421,0.024854288323193342,0.9099774583274645
26056,LOF,0.0532489361011393,0.030764906346653312,0.9159861575522075
26057,LOF,0.058144095619777965,0.015240898131817648,0.9266150062484044
26058,LOF,0.06144943546300271,0.012834898516831896,0.9257156660201653
26059,LOF,0.20746226152411326,0.0318505269740382,0.7606872115018485
26060,LOF,0.018624345916848868,0.17938779141086084,0.8019878626722903
26061,LOF,0.012706706665255613,0.010897192432995905,0.9763961009017486
26062,LOF,0.0068535788778932814,0.018279958240332524,0.9748664628817741
26063,LOF,0.038713551596105296,0.011315600657526615,0.9499708477463681
26064,LOF,0.011359904528104559,0.024122992468047978,0.9645171030038475
26065,LOF,0.04726700473406993,0.013557331074827955,0.939175664191102
26066,LOF,0.04536646999775704,0.010834453261267443,0.9437990767409754
26067,LOF,0.05560963511132982,0.010075243240678336,0.9343151216479918
26068,LOF,0.05646302072667103,0.04739882298964461,0.8961381562836843
26069,LOF,0.1584136165325469,0.028818808216893317,0.8127675752505598
26070,LOF,0.3303462381653844,0.023978198160253514,0.6456755636743621
26071,LOF,0.04712568427548422,0.012122465323858932,0.9407518504006568
26072,LOF,0.011228454739831896,0.020051164705230388,0.9687203805549378
26073,LOF,0.04059657881070056,0.014276866738507308,0.945126554450792
26074,Neutral,0.9243886264450143,0.008758597810211892,0.06685277574477384
26075,LOF,0.05469017073843297,0.02236020450071807,0.9229496247608491
26076,LOF,0.06186184286881299,0.012904444131003346,0.9252337130001838
26077,LOF,0.1636982660158875,0.006537308999364379,0.8297644249847482
26078,LOF,0.008866043144737571,0.014415460432057808,0.9767184964232046
26079,LOF,0.06979062182972531,0.025007603409391087,0.9052017747608836
26080,LOF,0.06900037307889806,0.025084150419280707,0.9059154765018212
26081,LOF,0.03500545696371433,0.00892646909444305,0.9560680739418426
26082,LOF,0.007716151840218902,0.015112138758504323,0.9771717094012767
26083,LOF,0.10485164737159915,0.02122244475109925,0.8739259078773016
26084,LOF,0.10911651815409747,0.015657590851062025,0.8752258909948406
26085,LOF,0.1014675594718062,0.013290477529636663,0.8852419629985572
26086,LOF,0.04083466738839267,0.012540654695654404,0.946624677915953
26087,LOF,0.03685988812392397,0.009741677530434688,0.9533984343456414
26088,LOF,0.009680868697472518,0.019137857653848976,0.9711812736486785
26089,LOF,0.0458566312665868,0.03811009298667791,0.9160332757467353
26090,LOF,0.04680777180304896,0.02979251151733752,0.9233997166796135
26091,LOF,0.032213173950950934,0.007597161088454225,0.9601896649605948
26092,LOF,0.047538601855122535,0.008732128558250953,0.9437292695866265
26093,LOF,0.08191079909109951,0.00591687824378924,0.9121723226651112
26094,LOF,0.037110061400850936,0.007307885409752292,0.9555820531893968
26095,LOF,0.04084507240210592,0.017687477187717012,0.941467450410177
26096,LOF,0.22569950678215545,0.005001488218668029,0.7692990049991765
26097,LOF,0.008496487495586104,0.029303611264273145,0.9621999012401407
26098,LOF,0.08698397797410894,0.020177016074131273,0.8928390059517598
26099,LOF,0.04427628852097836,0.01629093965989809,0.9394327718191235
26100,LOF,0.04420907333808024,0.016292085386927425,0.9394988412749923
26101,LOF,0.06123775726558573,0.029109711161442044,0.9096525315729722
26102,LOF,0.03669387584238763,0.01653567278422283,0.9467704513733896
26103,Neutral,0.8805031112409092,0.02737632959159845,0.09212055916749229
26104,LOF,0.06287162933781801,0.042455246999740986,0.8946731236624409
26105,LOF,0.24846400508758817,0.14933662723919888,0.6021993676732129
26106,LOF,0.3144610103765728,0.11276888644071557,0.5727701031827116
26107,LOF,0.024618246571403254,0.08428163332017113,0.8911001201084257
26108,LOF,0.27514822361273,0.04633477418292167,0.6785170022043482
26109,LOF,0.08650062971941716,0.03745281932582833,0.8760465509547546
26110,LOF,0.46372028722105263,0.008289130576885875,0.5279905822020615
26111,LOF,0.04894214817589277,0.1412545814260481,0.8098032703980592
26112,LOF,0.059294124353596274,0.008738330066440885,0.9319675455799628
26113,LOF,0.10866029551667437,0.021080479709245866,0.8702592247740797
26114,LOF,0.0902763205723742,0.00633500338759798,0.9033886760400278
26115,LOF,0.01359129105429253,0.048292667484981185,0.9381160414607262
26116,LOF,0.0691953827158028,0.02033623251712972,0.9104683847670676
26117,LOF,0.3866042211547278,0.03352210477133254,0.5798736740739397
26118,LOF,0.051163096726632294,0.01586191625198317,0.9329749870213845
26119,LOF,0.006188395483698473,0.03463596798381845,0.9591756365324831
26120,LOF,0.039787116209984305,0.015521926292744303,0.9446909574972714
26121,LOF,0.004461193446821709,0.11797487435541845,0.8775639321977599
