feature0,prediction,LoGoFunc_Neutral,LoGoFunc_GOF,LoGoFunc_LOF
25546,Neutral,0.7263759267332524,0.037277207749755396,0.23634686551699227
25547,Neutral,0.5849190902997439,0.07381703650583554,0.34126387319442053
25548,Neutral,0.5871482426301645,0.05365776007470917,0.35919399729512635
25549,Neutral,0.5109872660376917,0.05345690225728632,0.43555583170502205
25550,LOF,0.3473760060154903,0.10472890347977416,0.5478950905047355
25551,LOF,0.2915142087131333,0.11376935470490969,0.5947164365819569
25552,LOF,0.2109621966699831,0.10702337205234089,0.682014431277676
25553,Neutral,0.832345594824673,0.032343487983186835,0.1353109171921402
25554,LOF,0.24468557151672587,0.10234347087386424,0.65297095760941
25555,LOF,0.19863135366767776,0.08842022661751546,0.7129484197148067
25556,LOF,0.41895766687414976,0.08772937185080712,0.4933129612750431
25557,LOF,0.19351788880220563,0.09122189258892421,0.7152602186088701
25558,LOF,0.23492896310418376,0.10502784412278694,0.6600431927730294
25559,LOF,0.3791809923557701,0.15701330309224654,0.4638057045519835
25560,LOF,0.05033025529347514,0.15733968885733546,0.7923300558491894
25561,LOF,0.10056436946240688,0.14621265353041643,0.7532229770071767
25562,LOF,0.09931880758575598,0.061087914968095895,0.8395932774461481
25563,LOF,0.09569192832957879,0.07626001396681757,0.8280480577036037
25564,LOF,0.1839000351161084,0.14152445828071247,0.6745755066031792
25565,LOF,0.1526245552916192,0.10268155612154191,0.7446938885868389
25566,GOF,0.01861249868501661,0.7365634668605313,0.24482403445445206
25567,LOF,0.014594970284997406,0.1547031411279899,0.8307018885870127
25568,LOF,0.051673754640066315,0.07064011433788424,0.8776861310220494
25569,LOF,0.059843056850107386,0.0630222978416251,0.8771346453082676
25570,LOF,0.0595572166126189,0.1026413122852373,0.8378014711021439
25571,LOF,0.05423492744940772,0.09722591566042214,0.8485391568901701
25572,LOF,0.060824440743819964,0.12925527107124968,0.8099202881849304
25573,LOF,0.02497406508943804,0.08919241464620756,0.8858335202643545
25574,LOF,0.015556545215239052,0.15405354853905837,0.8303899062457026
25575,LOF,0.04200984012726188,0.11419255821923958,0.8437976016534985
25576,LOF,0.017579820963751047,0.12061649804178819,0.8618036809944607
25577,LOF,0.014334567248945572,0.12958632627184077,0.8560791064792136
25578,LOF,0.24848445534044628,0.0864649201300869,0.6650506245294667
25579,LOF,0.2490091873507998,0.08555740534022778,0.6654334073089724
25580,LOF,0.031368310098375644,0.08100599948627067,0.8876256904153537
25581,LOF,0.05399797843774493,0.06689574226508026,0.8791062792971748
25582,LOF,0.05378569404203482,0.06488942146114837,0.8813248844968169
25583,LOF,0.045589524134970284,0.0908816804001788,0.8635287954648508
25584,Neutral,0.4823675687750526,0.09435523968719634,0.42327719153775106
25585,LOF,0.03365585416848815,0.10438697757396093,0.861957168257551
25586,LOF,0.03084151441823769,0.07717588063115026,0.8919826049506121
25587,LOF,0.029508998033655063,0.07064379363906793,0.8998472083272769
25588,LOF,0.03141008476914186,0.0937645287045431,0.8748253865263151
25589,Neutral,0.6165608757658732,0.12202698221266772,0.26141214202145907
25590,LOF,0.028169156997067405,0.12629069192668257,0.8455401510762499
25591,LOF,0.11125902169451533,0.05771749254523803,0.8310234857602468
25592,LOF,0.08608803896568555,0.13558372968698076,0.7783282313473338
25593,LOF,0.0230687381355283,0.2677283105931538,0.7092029512713179
25594,LOF,0.042098979501771855,0.23082601011564055,0.7270750103825877
25595,LOF,0.046813990584874995,0.16495104253176318,0.7882349668833618
25596,LOF,0.05743622311641459,0.0784247467369423,0.864139030146643
25597,LOF,0.047268543115378044,0.0921711857697176,0.8605602711149044
25598,LOF,0.04576382530270962,0.15719810926555342,0.797038065431737
25599,GOF,0.010361247728060312,0.774394140487882,0.21524461178405768
25600,GOF,0.014225707203843738,0.5517547160099915,0.4340195767861648
25601,LOF,0.008015072113718068,0.48477712474322077,0.5072078031430611
25602,LOF,0.027220072459934498,0.04128742386695942,0.9314925036731061
25603,LOF,0.05856293927333202,0.033224689783394046,0.9082123709432739
25604,LOF,0.058131365658453095,0.03456876772867862,0.9072998666128683
25605,LOF,0.014052002992543224,0.2339372098007892,0.7520107872066677
25606,LOF,0.10625704538816787,0.43386013966785825,0.4598828149439739
25607,LOF,0.00574382711047448,0.157961070644473,0.8362951022450524
25608,LOF,0.05629682826445746,0.05352625149742837,0.8901769202381141
25609,LOF,0.035926874460593006,0.4352535993152265,0.5288195262241805
25610,LOF,0.0396165569526794,0.03248743740831493,0.9278960056390056
25611,LOF,0.04093382359992198,0.028407344347752213,0.9306588320523259
25612,LOF,0.10026965799556577,0.038883067599120164,0.8608472744053141
25613,LOF,0.08339110005078708,0.04107882081587171,0.8755300791333414
25614,LOF,0.03129807422481958,0.041163002861474736,0.9275389229137057
25615,LOF,0.05612369027414638,0.03426544384817974,0.9096108658776739
25616,LOF,0.03223947699897206,0.035792652717799425,0.9319678702832285
25617,LOF,0.030988100648372183,0.04040420349172049,0.9286076958599073
25618,LOF,0.167533139881784,0.0385562862335835,0.7939105738846325
25619,LOF,0.03092492048637562,0.035788814301695435,0.9332862652119289
25620,LOF,0.03264565025495376,0.04761379639776104,0.9197405533472851
25621,LOF,0.030112643398740237,0.03401210716143495,0.9358752494398249
25622,LOF,0.036434425002634295,0.039806116210951,0.9237594587864147
25623,LOF,0.07208393645271038,0.031878892465140404,0.8960371710821493
25624,LOF,0.0265613398038288,0.047763095118274014,0.9256755650778972
25625,LOF,0.037000830440717926,0.045560858527257685,0.9174383110320244
25626,LOF,0.08677520984933942,0.03253931485233825,0.8806854752983223
25627,Neutral,0.5687421735755877,0.14386544136697918,0.2873923850574332
25628,LOF,0.14902080884055846,0.07411582332895013,0.7768633678304914
25629,LOF,0.07436006630440282,0.09876622955828195,0.8268737041373152
25630,LOF,0.15133324983785143,0.11386218437053996,0.7348045657916087
25631,Neutral,0.5410926528354567,0.0923467776203293,0.36656056954421395
25632,LOF,0.020134260096377286,0.06759343811815298,0.9122723017854698
25633,LOF,0.22452648831906857,0.07934063523690348,0.6961328764440279
25634,LOF,0.03239497696083202,0.10915980203838246,0.8584452210007856
25635,LOF,0.03474829360042852,0.0830204680427106,0.8822312383568608
25636,GOF,0.005686575115280075,0.5964098411285933,0.3979035837561266
25637,GOF,0.005418534341221546,0.5632723994404382,0.43130906621834036
25638,LOF,0.009531944078931289,0.44671281177987254,0.5437552441411961
25639,LOF,0.004742361687721146,0.42168295147369195,0.5735746868385868
25640,GOF,0.4626986007500622,0.47745545873457307,0.059845940515364696
25641,LOF,0.008068577438309145,0.32640052169551786,0.665530900866173
25642,LOF,0.2491050797950507,0.06583529665991929,0.68505962354503
25643,LOF,0.21538784478087716,0.18609392670724073,0.5985182285118821
25644,GOF,0.01692587907686168,0.5771920506581995,0.40588207026493894
25645,GOF,0.018045741364166364,0.5638533106412772,0.4181009479945565
25646,LOF,0.018339137448464396,0.31916698812716643,0.6624938744243691
25647,LOF,0.017331311803382956,0.2437791607775265,0.7388895274190905
25648,LOF,0.015343324265794144,0.26595215204913786,0.718704523685068
25649,LOF,0.013838944679719169,0.2095869319707793,0.7765741233495015
25650,GOF,0.036268857306722545,0.5827322749283144,0.38099886776496317
25651,LOF,0.010931446462422513,0.26544963127364063,0.7236189222639369
25652,LOF,0.017476567636365223,0.25473682593349367,0.7277866064301411
25653,LOF,0.07036849354339399,0.39619661935420425,0.5334348871024017
25654,LOF,0.016273981385807133,0.21598772288479778,0.7677382957293951
25655,LOF,0.11645704107415066,0.39534826072295054,0.48819469820289896
25656,LOF,0.0659576815079831,0.053721946322489195,0.8803203721695277
25657,LOF,0.2906347986404451,0.02158582321661554,0.6877793781429393
25658,LOF,0.045384202664431696,0.06470301681814164,0.8899127805174266
25659,LOF,0.2702054168642786,0.04654605405296968,0.6832485290827517
25660,LOF,0.08299002422964044,0.10338207012706778,0.8136279056432919
25661,LOF,0.05128025354230701,0.07413307579871,0.8745866706589831
25662,LOF,0.02923506480688385,0.044588435514036996,0.9261764996790791
25663,LOF,0.04076016748568587,0.07638804714910721,0.882851785365207
25664,LOF,0.039281450839093804,0.08706258515874207,0.873655964002164
25665,LOF,0.05491962449984815,0.04815400142657237,0.8969263740735794
25666,LOF,0.03829722556775584,0.1388128524262837,0.8228899220059605
25667,LOF,0.030498521542395126,0.054415057088206535,0.9150864213693982
25668,LOF,0.03520585395422252,0.06537424006881884,0.8994199059769586
25669,LOF,0.040439274807717036,0.09986477142545366,0.8596959537668293
25670,LOF,0.1572453158553494,0.07354281999045231,0.7692118641541983
25671,LOF,0.04100689088752505,0.04753617590163662,0.9114569332108383
25672,LOF,0.05359955850130779,0.07142573018335967,0.8749747113153327
25673,LOF,0.04091006420654232,0.06121207297702197,0.8978778628164357
25674,LOF,0.03150851042791765,0.07321926093638083,0.8952722286357016
25675,LOF,0.04193255952411868,0.05298667644613377,0.9050807640297476
25676,LOF,0.032532362587567025,0.06271791722945852,0.9047497201829744
25677,LOF,0.06297448559181396,0.06359419829000247,0.8734313161181836
25678,LOF,0.25950512858440467,0.04752801970038926,0.6929668517152061
25679,LOF,0.15901021912927857,0.07320225496477313,0.7677875259059483
25680,LOF,0.06795705234822522,0.09801075467282232,0.8340321929789524
25681,LOF,0.11410857755678475,0.09087099398516717,0.7950204284580481
25682,LOF,0.043352968739103825,0.07588095046396666,0.8807660807969294
25683,LOF,0.07645069803871685,0.10329293741957675,0.8202563645417065
25684,LOF,0.05187824207237903,0.07056319839832272,0.8775585595292983
25685,LOF,0.12497082392459925,0.03435081445151997,0.8406783616238808
25686,LOF,0.037593875906845195,0.08364506335904823,0.8787610607341065
25687,LOF,0.06144506080668878,0.07525447347059533,0.863300465722716
25688,LOF,0.024428941164557325,0.12769522828830002,0.8478758305471427
25689,LOF,0.019807222813629764,0.08278920836548255,0.8974035688208877
25690,LOF,0.01778603078811979,0.10423606358207527,0.8779779056298049
25691,LOF,0.15744214399696424,0.1547368748644709,0.6878209811385648
25692,LOF,0.24753803872383562,0.018739243274510764,0.7337227180016536
25693,LOF,0.05895030002608431,0.15375737099336992,0.7872923289805457
25694,LOF,0.2648365921411898,0.011292774169844248,0.723870633688966
25695,LOF,0.17828693473450588,0.015814010059808422,0.8058990552056857
25696,LOF,0.17332650422812307,0.008973775022422631,0.8176997207494543
25697,LOF,0.13506035230328753,0.02586482008591073,0.8390748276108018
25698,LOF,0.027865973399261456,0.3121464594264989,0.6599875671742397
25699,LOF,0.0687332270406957,0.08843996284731165,0.8428268101119927
25700,LOF,0.030286540578161852,0.012636976829170964,0.9570764825926672
25701,LOF,0.011346145633121734,0.08512353250635202,0.9035303218605263
25702,GOF,0.031224883328802907,0.7111640578523261,0.257611058818871
25703,LOF,0.019895954215173862,0.19393823655166936,0.7861658092331567
25704,LOF,0.08944645907144344,0.1781153371474236,0.7324382037811329
25705,LOF,0.06435112003785948,0.2807520652175843,0.6548968147445563
25706,GOF,0.039134452788383796,0.6125282670753629,0.34833728013625337
25707,GOF,0.03204451390159857,0.6358596814090295,0.33209580468937194
25708,GOF,0.00752697414002997,0.6162401395328428,0.3762328863271272
25709,LOF,0.018239347424477928,0.10432623062529248,0.8774344219502297
25710,LOF,0.007884116404619253,0.21031655706262103,0.7817993265327597
25711,LOF,0.02030745452676333,0.1629171864770357,0.816775358996201
25712,LOF,0.00833190775422611,0.2717260186033085,0.7199420736424654
25713,LOF,0.01806543244868548,0.14495573791350966,0.8369788296378049
25714,LOF,0.020215242680216874,0.19871014405593684,0.7810746132638463
25715,LOF,0.01869000134730265,0.17942000522964677,0.8018899934230505
25716,LOF,0.014335059385923823,0.15040850827744282,0.8352564323366334
25717,LOF,0.006515950383587842,0.1603340645342727,0.8331499850821396
25718,LOF,0.019000134582926115,0.12070441423390402,0.8602954511831697
25719,LOF,0.03502903515597072,0.13778008765602842,0.8271908771880009
25720,LOF,0.026626721925802593,0.1294090158383443,0.8439642622358532
25721,LOF,0.022309387871907144,0.13292615243089329,0.8447644596971996
25722,LOF,0.015441121912354552,0.17865373358594025,0.8059051445017053
25723,LOF,0.02180042416847279,0.11840203949103369,0.8597975363404935
25724,LOF,0.024271642402882498,0.209567805362378,0.7661605522347396
25725,LOF,0.02038498974237164,0.10964733500539349,0.8699676752522348
25726,LOF,0.015576596383857654,0.14986560761155265,0.8345577960045897
25727,LOF,0.020764239434416045,0.13442333873189533,0.8448124218336887
25728,LOF,0.020362905346545886,0.14544012741953147,0.8341969672339227
25729,LOF,0.01916358061542713,0.15514648256155106,0.8256899368230218
25730,LOF,0.02136851945794461,0.10960365797193132,0.8690278225701241
25731,LOF,0.011195026576229623,0.21685376065333056,0.7719512127704398
25732,LOF,0.017535769024060045,0.14187144392260936,0.8405927870533305
25733,LOF,0.026398542669042107,0.13726937652536675,0.8363320808055912
25734,LOF,0.006807735992015642,0.27315641960994924,0.720035844398035
25735,LOF,0.02051898234114759,0.11003639779195427,0.8694446198668982
25736,LOF,0.019070649325260158,0.17223228112356095,0.8086970695511789
25737,LOF,0.03753932016248989,0.15023351769469664,0.8122271621428135
25738,LOF,0.020149554840739343,0.20623325507527585,0.7736171900839849
25739,LOF,0.023220156321351437,0.18250904240395457,0.794270801274694
25740,LOF,0.05115485868814344,0.19602769822753835,0.7528174430843181
25741,LOF,0.026824264307439505,0.16334838018174974,0.8098273555108108
25742,LOF,0.045346969985390506,0.16634570757454173,0.7883073224400677
25743,LOF,0.012656403564098542,0.030816241954073852,0.9565273544818276
25744,LOF,0.1677613714163588,0.3407081947588072,0.49153043382483397
25745,LOF,0.032222637740278476,0.1223147421285162,0.8454626201312052
25746,LOF,0.013850099983094288,0.1672989122665398,0.8188509877503659
25747,LOF,0.034629347353621186,0.030843389190492395,0.9345272634558863
25748,LOF,0.2799382446874973,0.05831968604747039,0.6617420692650323
25749,LOF,0.013836892545412663,0.10498741707958995,0.8811756903749973
25750,LOF,0.017409948283904762,0.10467791007561682,0.8779121416404785
25751,LOF,0.04411771732928805,0.05290504089322744,0.9029772417774844
25752,GOF,0.1104806620656004,0.661561958809312,0.2279573791250876
25753,LOF,0.007700027909282864,0.3376182389233827,0.6546817331673345
25754,GOF,0.007772861462721482,0.8452083700728181,0.14701876846446033
25755,LOF,0.00882409017051044,0.3958916931800636,0.595284216649426
25756,LOF,0.05208226457136454,0.39604620666530305,0.5518715287633323
25757,GOF,0.007934492980561425,0.8411013022199777,0.15096420479946088
25758,GOF,0.009091979862032987,0.8463217104539443,0.14458630968402247
25759,GOF,0.006035775134792104,0.5562574843879918,0.43770674047721597
25760,LOF,0.005858430526633606,0.2730257352980661,0.7211158341753003
25761,GOF,0.0613705199622013,0.8459230940764221,0.0927063859613766
25762,LOF,0.02966302990326274,0.32355364189265157,0.6467833282040858
25763,LOF,0.007316249011530829,0.24325019663796468,0.7494335543505045
25764,GOF,0.07793549180713219,0.6266823990283293,0.2953821091645385
25765,GOF,0.008658853768007494,0.848117894038626,0.14322325219336648
25766,GOF,0.04315060130331944,0.8168841676655669,0.13996523103111358
25767,GOF,0.010879477215690783,0.5577042222170294,0.43141630056727975
25768,LOF,0.03721863094503926,0.06998312169780531,0.8927982473571555
25769,LOF,0.02506854659507936,0.0778455459927387,0.897085907412182
25770,LOF,0.16924365361582003,0.05829168067712791,0.772464665707052
25771,LOF,0.015760591932132195,0.0613135633676313,0.9229258447002364
25772,LOF,0.024555350303032793,0.028729998844716737,0.9467146508522505
25773,LOF,0.020118780304627642,0.05592877117652531,0.923952448518847
25774,LOF,0.030021545753262883,0.096380507862987,0.8735979463837502
25775,LOF,0.023394270454246028,0.035683677786777425,0.9409220517589765
25776,LOF,0.025835217545165285,0.0241686292455397,0.9499961532092951
25777,LOF,0.24411999158619235,0.07103986457994212,0.6848401438338656
25778,LOF,0.019366978423244887,0.06145925468388119,0.9191737668928739
25779,GOF,0.03354147027865372,0.895505199305577,0.07095333041576918
25780,GOF,0.0627368332746236,0.8898394306971085,0.04742373602826792
25781,GOF,0.030758031715488573,0.8803163964762283,0.08892557180828324
25782,GOF,0.029776247298362823,0.9109165780143497,0.05930717468728736
25783,GOF,0.025584080941077662,0.9186526797957961,0.05576323926312618
25784,GOF,0.0788630292918241,0.87800877455531,0.04312819615286598
25785,GOF,0.07523953822854225,0.8890280967490415,0.03573236502241625
25786,GOF,0.00842022748766577,0.8881588417612786,0.10342093075105555
25787,GOF,0.15966045922665006,0.7963605675921881,0.043978973181161875
25788,LOF,0.015402320370224657,0.23250903813116736,0.752088641498608
25789,GOF,0.01621471488472175,0.8800188295718359,0.10376645554344247
25790,GOF,0.0190663675287397,0.8947876545279411,0.08614597794331923
25791,GOF,0.02013095841825393,0.8304469758769579,0.1494220657047881
25792,GOF,0.023535234464958855,0.8546293491986143,0.12183541633642697
25793,GOF,0.06136595049833573,0.8543509590960195,0.08428309040564476
25794,GOF,0.049038300281133915,0.7932317604767635,0.1577299392421027
25795,GOF,0.041895602818631195,0.7704923370836665,0.18761206009770223
25796,GOF,0.07930194060929349,0.8395325551084537,0.08116550428225282
25797,GOF,0.06195717710332411,0.7895087109700425,0.14853411192663338
25798,GOF,0.005063606554302751,0.7844768865224699,0.21045950692322735
25799,GOF,0.004267097951657427,0.746738902068369,0.2489939999799735
25800,GOF,0.022011705893740602,0.8513585922688407,0.12662970183741867
25801,GOF,0.015453565727037486,0.901277888340434,0.08326854593252858
25802,GOF,0.0263940493252766,0.8602595220159055,0.11334642865881783
25803,GOF,0.018173653627849253,0.7535472989495421,0.22827904742260882
25804,GOF,0.026320565129344838,0.7873562800072605,0.18632315486339449
25805,GOF,0.0271652791967639,0.8226283306722858,0.1502063901309503
25806,GOF,0.024876863453418788,0.8250768615021544,0.15004627504442677
25807,GOF,0.008127454357591688,0.7668042369306584,0.2250683087117499
25808,GOF,0.01645288930435072,0.7994036253362802,0.18414348535936897
25809,GOF,0.009003895362934682,0.7654545640898641,0.22554154054720124
25810,GOF,0.00740786771858977,0.7554426539404645,0.23714947834094585
25811,GOF,0.03850951561321347,0.8885843488193053,0.07290613556748116
25812,GOF,0.02895251085133424,0.8196731607374128,0.15137432841125287
25813,GOF,0.10909603580258018,0.8219137275417213,0.06899023665569848
25814,GOF,0.028402240423167212,0.8315146580115197,0.14008310156531315
25815,GOF,0.04935369527424703,0.8564104029944141,0.094235901731339
25816,GOF,0.0096235193435739,0.8794662710155062,0.11091020964091983
25817,GOF,0.09068909987165716,0.8281899758986833,0.08112092422965957
25818,GOF,0.021778602317396138,0.8313097584356485,0.14691163924695555
25819,GOF,0.05966226536869014,0.791315905848988,0.14902182878232173
25820,GOF,0.028509555607631486,0.7468870707459825,0.22460337364638616
25821,GOF,0.020620193304739815,0.75998935784746,0.2193904488478001
25822,GOF,0.034569019930873496,0.7630062906510666,0.20242468941806
25823,GOF,0.0247065483016611,0.7499212313018535,0.22537222039648527
25824,GOF,0.02349729567521962,0.8067714208618948,0.16973128346288552
25825,GOF,0.0191831198886398,0.7935405891098206,0.18727629100153942
25826,GOF,0.007580679212313705,0.7438773590803622,0.24854196170732404
25827,GOF,0.01250834081027957,0.7329695215730576,0.25452213761666287
25828,GOF,0.009399426004754345,0.751819079161131,0.23878149483411473
25829,GOF,0.004263418537119988,0.7185284161611113,0.2772081653017688
25830,GOF,0.033788885649009115,0.5174589538789095,0.44875216047208133
25831,GOF,0.05097153205855175,0.7998044015839028,0.1492240663575455
25832,GOF,0.008513948977305381,0.7665334933171568,0.22495255770553785
25833,GOF,0.030012768362066282,0.8308265037752912,0.13916072786264244
25834,GOF,0.009472091816741916,0.7884688592255185,0.20205904895773974
25835,GOF,0.022996282135426413,0.8549688381424966,0.12203487972207705
25836,GOF,0.006473342611419242,0.78339170668608,0.21013495070250066
25837,GOF,0.007918375756349879,0.7922290303897643,0.19985259385388585
25838,GOF,0.019212714072883875,0.850712679506971,0.1300746064201452
25839,GOF,0.04093788936740335,0.8201231813891007,0.13893892924349596
25840,GOF,0.06264520788304036,0.8249174796020513,0.1124373125149083
25841,GOF,0.0637505323573229,0.8410320997055634,0.09521736793711365
25842,GOF,0.026306403024295197,0.8966743282510371,0.07701926872466773
25843,GOF,0.022882597910861266,0.8923764658956571,0.0847409361934816
25844,GOF,0.015967061556753582,0.8529745598920112,0.1310583785512352
25845,GOF,0.006351762845396885,0.7908918944982453,0.20275634265635775
25846,GOF,0.06072577562253814,0.8265913303681363,0.11268289400932546
25847,GOF,0.017626733202668738,0.8962580967745896,0.08611517002274165
25848,GOF,0.01972813543941224,0.8582419004945865,0.12202996406600129
25849,GOF,0.007307274201653146,0.8519135076861203,0.14077921811222652
25850,GOF,0.0062562268810290485,0.7435071493254185,0.2502366237935524
25851,GOF,0.005881796680822607,0.6961161815456253,0.29800202177355206
25852,GOF,0.13303432090521283,0.6197720226881368,0.2471936564066504
25853,GOF,0.0616359326516868,0.8346782039712719,0.10368586337704147
25854,GOF,0.006041209425119431,0.7466791737422878,0.2472796168325928
25855,GOF,0.023685372955198736,0.7153984010113972,0.2609162260334041
25856,GOF,0.0451564903388604,0.8089232677576451,0.14592024190349445
25857,GOF,0.02530639369035594,0.7365431406220431,0.23815046568760095
25858,GOF,0.01054222512777092,0.7685430199730476,0.22091475489918147
25859,GOF,0.008367577948922284,0.7664787088898495,0.2251537131612282
25860,GOF,0.07042855521533067,0.8304674518155449,0.09910399296912432
25861,GOF,0.07904746445821255,0.8303152274787422,0.09063730806304522
25862,GOF,0.019822714549829156,0.8901268768958499,0.09005040855432084
25863,GOF,0.021274306914530014,0.879789750571249,0.09893594251422108
25864,GOF,0.06120001992453705,0.8912786296030891,0.047521350472373707
25865,GOF,0.04254559943539763,0.8566026782301396,0.10085172233446271
25866,GOF,0.025756724635611232,0.8864262868880568,0.08781698847633192
25867,GOF,0.039623908714881126,0.8844665006722633,0.07590959061285575
25868,GOF,0.059627983260154165,0.8439640267879277,0.09640798995191824
25869,GOF,0.3362338995132229,0.5927766846588586,0.0709894158279186
25870,GOF,0.056990825888390224,0.6207080117052847,0.32230116240632506
25871,GOF,0.010383597502039536,0.888573029111717,0.1010433733862435
25872,GOF,0.0197726988518913,0.8483670240856388,0.13186027706246978
25873,GOF,0.018670410401586172,0.8860653443654227,0.09526424523299118
25874,LOF,0.015234329443184468,0.2594428747136578,0.7253227958431577
25875,LOF,0.0300335993691752,0.06080317460972125,0.9091632260211036
25876,LOF,0.019408571055969853,0.040664722244519794,0.9399267066995103
25877,LOF,0.10101506504320386,0.09508588541182537,0.8038990495449708
25878,LOF,0.08112870059955973,0.1439168426003119,0.7749544568001283
25879,LOF,0.017695543455782555,0.09372895045848463,0.8885755060857327
25880,LOF,0.06264985861652544,0.01782200275543501,0.9195281386280395
25881,Neutral,0.48062583394962133,0.07715386893481697,0.4422202971155617
25882,LOF,0.060573102216173215,0.028447569706407886,0.9109793280774188
25883,LOF,0.0283674224048821,0.03328282750828467,0.9383497500868332
25884,LOF,0.01694329096236047,0.06179802333458848,0.9212586857030509
25885,LOF,0.1948741470231968,0.012265450597178684,0.7928604023796244
25886,LOF,0.2672093932988605,0.06266676361540285,0.6701238430857367
25887,LOF,0.11782496981129507,0.08556228340138396,0.7966127467873211
25888,LOF,0.008568599291263376,0.12527593312250584,0.8661554675862307
25889,LOF,0.023773252002615073,0.041358337288677285,0.9348684107087077
25890,LOF,0.1849056286875682,0.08445121691479683,0.7306431543976349
25891,LOF,0.1304286920974065,0.02786119081197184,0.8417101170906217
25892,LOF,0.00975433758326488,0.03462053040350654,0.9556251320132286
25893,LOF,0.3810481115077497,0.008946044668673927,0.6100058438235765
25894,LOF,0.4122673516029761,0.006618932957848521,0.5811137154391753
25895,LOF,0.36787922808038864,0.011739237022022977,0.6203815348975884
25896,LOF,0.07354337299419869,0.029228672650368107,0.8972279543554332
25897,LOF,0.1637373998729315,0.009779309674124262,0.8264832904529442
25898,LOF,0.12831949154009772,0.03475503407349562,0.8369254743864066
25899,LOF,0.43021076547996556,0.026958188311656788,0.5428310462083776
25900,Neutral,0.5257354288633548,0.008039365936920128,0.4662252051997251
25901,LOF,0.06667073909263956,0.010420895613926605,0.9229083652934338
25902,LOF,0.1627657300673067,0.012053506250194038,0.8251807636824993
25903,LOF,0.35890042594604304,0.028329330835743897,0.6127702432182129
25904,Neutral,0.5341895417716183,0.03981853954103681,0.42599191868734504
25905,LOF,0.007300943546974247,0.4635984037953578,0.5291006526576679
25906,LOF,0.00771926308516489,0.08593068363159519,0.9063500532832398
25907,LOF,0.007354195287577972,0.2907349236884565,0.7019108810239655
25908,LOF,0.006996214794439254,0.26807102380939246,0.7249327613961684
25909,LOF,0.02954474005542659,0.11678671942742541,0.853668540517148
25910,LOF,0.011989441534980421,0.13749294589964897,0.8505176125653706
25911,LOF,0.20939781005388564,0.055410535398719186,0.7351916545473952
25912,LOF,0.10263899284894684,0.030518340870384093,0.8668426662806691
25913,LOF,0.023957284510934974,0.0613143293264804,0.9147283861625847
25914,LOF,0.03864162741733228,0.025915361357838018,0.9354430112248296
25915,LOF,0.20008608497345065,0.11402948481430294,0.6858844302122463
25916,LOF,0.02954329679478408,0.06088612157621787,0.9095705816289982
25917,LOF,0.07622615424860503,0.022548099599521382,0.9012257461518737
25918,LOF,0.04346848878061543,0.015274871623598862,0.9412566395957858
25919,LOF,0.03976874258474845,0.014741795344238442,0.945489462071013
25920,LOF,0.36406995830352995,0.2532423944464453,0.3826876472500248
25921,LOF,0.014913194267736418,0.03791981818315351,0.9471669875491101
25922,LOF,0.01752004001115148,0.03807817365995359,0.9444017863288949
25923,LOF,0.4402812841256267,0.029110428834833165,0.5306082870395401
25924,LOF,0.023576614500400574,0.04728493492124359,0.9291384505783559
25925,LOF,0.0892982116674399,0.04333280709326599,0.8673689812392942
25926,LOF,0.0699516306755772,0.043131846750298596,0.8869165225741241
25927,LOF,0.020613111993131077,0.07142406504006785,0.9079628229668011
25928,LOF,0.010233967855156704,0.04850655882870417,0.941259473316139
25929,Neutral,0.5716566777396456,0.028151996568808204,0.4001913256915463
25930,LOF,0.07861058982740492,0.027997835790293184,0.8933915743823019
25931,LOF,0.013333097771938683,0.03719698011853368,0.9494699221095276
25932,LOF,0.06436284864897437,0.03405091663045562,0.9015862347205701
25933,LOF,0.06488054500266126,0.018578460582104658,0.9165409944152342
25934,LOF,0.06162551224948745,0.019041475941778338,0.9193330118087342
25935,LOF,0.08226549372624914,0.05208853290837506,0.8656459733653759
25936,LOF,0.10716220118177677,0.01984266062425207,0.8729951381939712
25937,LOF,0.020140549609053378,0.024512017351022066,0.9553474330399245
25938,LOF,0.07656843877617019,0.04398523566529996,0.8794463255585299
25939,LOF,0.05020501229301628,0.026246701698907308,0.9235482860080765
25940,LOF,0.009264108023348976,0.45475014415723775,0.5359857478194132
25941,Neutral,0.48092837413328604,0.049845826869902625,0.4692257989968113
25942,LOF,0.010722368235946949,0.05469290643040013,0.9345847253336529
25943,LOF,0.04306455856505963,0.18856473692446002,0.7683707045104804
25944,LOF,0.03939213056449213,0.07555304823755152,0.8850548211979564
25945,LOF,0.12394808357573002,0.03278592247223294,0.843265993952037
25946,LOF,0.06750916010565185,0.04368772611143187,0.8888031137829163
25947,Neutral,0.5249857281088006,0.07178814670877247,0.40322612518242695
25948,LOF,0.3952347606146569,0.017121853915893603,0.5876433854694495
25949,LOF,0.15985810690089805,0.06203662882772501,0.7781052642713769
25950,GOF,0.06368563874243707,0.4844123158863987,0.45190204537116424
25951,LOF,0.015553558176197786,0.412572312718683,0.5718741291051191
25952,LOF,0.2707831115955208,0.2342130412806007,0.4950038471238784
25953,LOF,0.009061612035368465,0.231370851492149,0.7595675364724824
25954,LOF,0.06950314858583123,0.34492999454362194,0.5855668568705469
25955,LOF,0.007121303359396817,0.22778342579419958,0.7650952708464037
25956,LOF,0.013514317927840648,0.304380979761435,0.6821047023107243
25957,LOF,0.1630573190727606,0.02896072972206463,0.8079819512051747
25958,LOF,0.029581893914176965,0.05921788109850255,0.9112002249873205
25959,GOF,0.0065258212583189056,0.7785639766723191,0.21491020206936187
25960,LOF,0.0046443796423194786,0.10054013266314209,0.8948154876945383
25961,LOF,0.02673606840410714,0.04906419503266856,0.9241997365632243
25962,LOF,0.05030979609123633,0.08376693657607441,0.8659232673326893
25963,LOF,0.0073500470421410105,0.14895691379686643,0.8436930391609925
25964,LOF,0.02672975937508214,0.14202473145698577,0.8312455091679322
25965,LOF,0.2459926181932049,0.1360636324548405,0.6179437493519546
25966,LOF,0.3662998775047761,0.08519343163861061,0.5485066908566133
25967,LOF,0.008583854352517217,0.06683223257042883,0.9245839130770539
25968,LOF,0.04166635919001257,0.21018848705264637,0.7481451537573411
25969,LOF,0.17662998959957446,0.044191065630707696,0.7791789447697178
25970,LOF,0.06528239758418572,0.07097944376239798,0.8637381586534163
25971,LOF,0.08583584148480349,0.02906052299614573,0.8851036355190507
25972,LOF,0.07932439717533804,0.05711050194012519,0.8635651008845368
25973,LOF,0.06393699316725454,0.010050236568149596,0.9260127702645959
25974,LOF,0.04110500037152277,0.0409068446683559,0.9179881549601212
25975,LOF,0.03959044184256875,0.019576996532506843,0.9408325616249243
25976,LOF,0.08199534298375002,0.010683061138697455,0.9073215958775526
25977,LOF,0.2544457724550083,0.05506818183944922,0.6904860457055424
25978,LOF,0.16061233749395373,0.15795578235330926,0.6814318801527369
25979,LOF,0.1354524489656677,0.17788389630671084,0.6866636547276214
25980,LOF,0.2072918035099021,0.23765991945802725,0.5550482770320707
25981,LOF,0.20830319945342038,0.23907824589348858,0.5526185546530911
25982,LOF,0.4136884443866381,0.12007877418401788,0.4662327814293441
25983,LOF,0.4274507214661492,0.14420588194812795,0.4283433965857229
25984,LOF,0.04914234137881839,0.09854042157954972,0.8523172370416319
25985,Neutral,0.44403612939001014,0.12968983156135852,0.4262740390486315
25986,LOF,0.011793561678238385,0.4844611146326895,0.5037453236890722
25987,LOF,0.04450748223284161,0.0931812805599793,0.8623112372071791
25988,LOF,0.04798209553052117,0.15487178626809772,0.7971461182013811
25989,LOF,0.053448082030459455,0.2000161538956922,0.7465357640738484
25990,LOF,0.04504447529717878,0.29553956056635794,0.6594159641364633
25991,LOF,0.02393207006919577,0.42091152267322884,0.5551564072575754
25992,LOF,0.017251247813692652,0.37065857404103275,0.6120901781452747
25993,LOF,0.028891593233330477,0.04997711441638584,0.9211312923502837
25994,LOF,0.024737622458845004,0.05562118696255414,0.9196411905786008
25995,LOF,0.020840864079321217,0.099715565343808,0.8794435705768707
25996,Neutral,0.432259760218354,0.3220850717834286,0.2456551679982174
25997,LOF,0.06770893188404437,0.406966483947299,0.5253245841686567
25998,LOF,0.2544850085224858,0.03756939826788056,0.7079455932096337
25999,LOF,0.03783689134277107,0.10390487318256167,0.8582582354746672
26000,LOF,0.15099626406696323,0.012848617905147403,0.8361551180278894
26001,LOF,0.2431013197196296,0.017673138961613388,0.739225541318757
26002,LOF,0.12593701090766116,0.021839063481557983,0.8522239256107809
26003,GOF,0.007986773423973022,0.5879061267162304,0.4041070998597965
26004,GOF,0.015890566630710656,0.6087853879423356,0.37532404542695386
26005,LOF,0.00536685798663934,0.44198479784097605,0.5526483441723846
26006,GOF,0.09445494439199316,0.48776500210535295,0.4177800535026539
26007,LOF,0.010804060902505139,0.4740242767137894,0.5151716623837055
26008,GOF,0.0060126889960404615,0.5556409221353155,0.43834638886864413
26009,GOF,0.011827814455294643,0.5927964781787437,0.3953757073659615
26010,GOF,0.009825950166819966,0.5419338862246506,0.4482401636085295
26011,LOF,0.004421246234654738,0.37945866477344836,0.6161200889918969
26012,GOF,0.004979184641469595,0.5282889866318359,0.46673182872669455
26013,GOF,0.010304803877905853,0.518457666558971,0.4712375295631232
26014,LOF,0.07041754766871129,0.09016727271146835,0.8394151796198203
26015,LOF,0.37144058201896246,0.0503191615498398,0.5782402564311978
26016,LOF,0.27477500556774714,0.06136884881823323,0.6638561456140196
26017,LOF,0.013797125963376641,0.27668615598496704,0.7095167180516563
26018,LOF,0.02408021577058084,0.12154614925333435,0.8543736349760849
26019,LOF,0.02361777367321736,0.11018428380000776,0.8661979425267748
26020,LOF,0.0077343034594691195,0.24771355780543983,0.7445521387350912
26021,LOF,0.0709786449662099,0.10463172720232396,0.8243896278314661
26022,LOF,0.03724368579096005,0.048749323732329264,0.9140069904767106
26023,LOF,0.019199453571143606,0.08144950015326184,0.8993510462755946
26024,LOF,0.052523689365165924,0.08811862887604135,0.8593576817587927
26025,LOF,0.11705995676623922,0.10961636036625558,0.7733236828675052
26026,LOF,0.11530002679100103,0.09364479566956185,0.7910551775394372
26027,LOF,0.02463047311940943,0.05165189784678511,0.9237176290338055
26028,LOF,0.08520806626715467,0.1695644451540935,0.7452274885787518
26029,LOF,0.026169886937894758,0.17663314620532725,0.797196966856778
26030,LOF,0.13830087296129384,0.01975669277769085,0.8419424342610153
26031,LOF,0.010660975682615665,0.1463839376052737,0.8429550867121106
26032,LOF,0.03656552918339934,0.03715591636087853,0.9262785544557222
26033,LOF,0.03809771323543186,0.039386875996431904,0.9225154107681363
26034,LOF,0.01692797993269657,0.11824090131342067,0.8648311187538827
26035,LOF,0.014364484530426254,0.11412952458032842,0.8715059908892454
26036,LOF,0.01265693844982795,0.09750465731008741,0.8898384042400848
26037,LOF,0.011733814306199464,0.10660131169923462,0.8816648739945658
26038,LOF,0.030811917971516476,0.033680978737221715,0.9355071032912619
26039,LOF,0.04045640344095575,0.13175959204889187,0.8277840045101524
26040,LOF,0.08216792554834901,0.11939112477513877,0.7984409496765122
26041,LOF,0.015445119775942108,0.10459730393270983,0.8799575762913481
26042,LOF,0.014868043481964497,0.11076400551938954,0.874367950998646
26043,LOF,0.03064832441840549,0.05226610353448792,0.9170855720471066
26044,LOF,0.009587019123430053,0.038686656361295396,0.9517263245152746
26045,LOF,0.07750704071281084,0.13481503168733766,0.7876779275998514
26046,LOF,0.027047908847167578,0.039935955413265584,0.9330161357395669
26047,LOF,0.06025704357061936,0.038467520520695735,0.9012754359086849
26048,LOF,0.07712382635268529,0.016380047127232077,0.9064961265200827
26049,Neutral,0.9407371601240822,0.006794274290646269,0.05246856558527173
26050,Neutral,0.9099602771954063,0.007116546226887313,0.08292317657770629
26051,LOF,0.02757918936374312,0.06564631737181374,0.906774493264443
26052,LOF,0.03235785921074588,0.05887047139389372,0.9087716693953604
26053,LOF,0.022758063860271176,0.14174580867982037,0.8354961274599084
26054,LOF,0.04767510845487695,0.0374665611268772,0.9148583304182458
26055,LOF,0.07130026629290317,0.03455727375604237,0.8941424599510546
26056,LOF,0.05931606436138512,0.04342288914234142,0.8972610464962735
26057,LOF,0.0525582957966809,0.020991164201066306,0.9264505400022528
26058,LOF,0.055782165524939226,0.016721621553620166,0.9274962129214407
26059,LOF,0.20348327526239474,0.04007794227719528,0.75643878246041
26060,LOF,0.02331938092372328,0.171504903058758,0.8051757160175187
26061,LOF,0.012588620803810627,0.014173541108611565,0.9732378380875778
26062,LOF,0.0067520730878583984,0.02079610714816946,0.9724518197639722
26063,LOF,0.036673847981043534,0.016437291595799833,0.9468888604231567
26064,LOF,0.013898732034898042,0.021884727626670517,0.9642165403384314
26065,LOF,0.047628151790846396,0.02130135209413305,0.9310704961150206
26066,LOF,0.036103850609509686,0.014807829118719657,0.9490883202717706
26067,LOF,0.03945677587291004,0.015549801754592033,0.9449934223724978
26068,LOF,0.05312226294856702,0.04937281959029757,0.8975049174611354
26069,LOF,0.27077710844581315,0.03502343993766756,0.6941994516165192
26070,Neutral,0.5267262800662973,0.023592195696756232,0.4496815242369465
26071,LOF,0.04095484976444874,0.018727913503765514,0.9403172367317858
26072,LOF,0.008106925092158676,0.024352728398943233,0.9675403465088981
26073,LOF,0.035025540873179675,0.01923945397440534,0.945735005152415
26074,Neutral,0.85156305792406,0.013288412779435831,0.13514852929650412
26075,LOF,0.05497952416493402,0.027736138426593213,0.9172843374084728
26076,LOF,0.04583200781237378,0.01789308729267964,0.9362749048949466
26077,LOF,0.151476716382593,0.00867859979145908,0.8398446838259478
26078,LOF,0.007176754711871462,0.021341918323568552,0.9714813269645599
26079,LOF,0.062363996328479866,0.025914334902725357,0.9117216687687948
26080,LOF,0.0616899981183058,0.025967247528291583,0.9123427543534026
26081,LOF,0.03140022665460299,0.013312739296285462,0.9552870340491116
26082,LOF,0.005964307453781484,0.02532539441541075,0.9687102981308078
26083,LOF,0.09998218769402384,0.029854530253050873,0.8701632820529253
26084,LOF,0.09069921253662003,0.026148922863885496,0.8831518645994945
26085,LOF,0.07739851836811885,0.02143307447063252,0.9011684071612486
26086,LOF,0.03390009663530331,0.01885479843207271,0.947245104932624
26087,LOF,0.03250737012337103,0.01608501848996646,0.9514076113866626
26088,LOF,0.007257417864341574,0.030577639790692793,0.9621649423449656
26089,LOF,0.042985590609517114,0.04579471941062684,0.9112196899798561
26090,LOF,0.04348858357370467,0.034967165748970866,0.9215442506773246
26091,LOF,0.025681398175176614,0.012382217408259162,0.9619363844165643
26092,LOF,0.04071991756113336,0.01328614388859749,0.9459939385502691
26093,LOF,0.07400265707000246,0.009111290071210297,0.9168860528587873
26094,LOF,0.029508438078319075,0.01194528611996404,0.9585462758017168
26095,LOF,0.02160986373532707,0.022201543226999666,0.9561885930376733
26096,LOF,0.20180326658125827,0.005959981736465488,0.7922367516822761
26097,LOF,0.00742329041871778,0.053220758135718756,0.9393559514455635
26098,LOF,0.12271457188977526,0.022880290583283603,0.8544051375269411
26099,LOF,0.03537484753372164,0.029648775470553803,0.9349763769957246
26100,LOF,0.03537484753372164,0.029648775470553803,0.9349763769957246
26101,LOF,0.055553669596597605,0.048492484319225135,0.8959538460841773
26102,LOF,0.030602245582993962,0.025268468198158964,0.9441292862188471
26103,Neutral,0.8839225490278012,0.0327908530247593,0.08328659794743955
26104,LOF,0.05847820114102899,0.04787500747285646,0.8936467913861146
26105,LOF,0.2565405949449433,0.11816915898606606,0.6252902460689906
26106,LOF,0.30296386142812115,0.0582398037389034,0.6387963348329754
26107,LOF,0.02204194091758081,0.07152196851751066,0.9064360905649085
26108,LOF,0.2702323905906599,0.038903945219483746,0.6908636641898563
26109,LOF,0.07846086567136017,0.03050313750285792,0.8910359968257818
26110,LOF,0.41538451648673175,0.01381048699951257,0.5708049965137556
26111,LOF,0.06537377006824321,0.11971525144548005,0.8149109784862768
26112,LOF,0.05400262394352317,0.013016107800222257,0.9329812682562546
26113,LOF,0.1001008867994383,0.037865972815970976,0.8620331403845907
26114,LOF,0.09162514881828568,0.006946264959048133,0.9014285862226663
26115,LOF,0.015114441836952196,0.05207587331062802,0.9328096848524199
26116,LOF,0.07915926920370973,0.024274850657135024,0.8965658801391552
26117,LOF,0.3406971409206468,0.046112962674360124,0.6131898964049931
26118,LOF,0.05068508926434532,0.02303247168330742,0.9262824390523473
26119,LOF,0.005862223563530192,0.10198880468721422,0.8921489717492556
26120,LOF,0.035729029001374736,0.020308872151985187,0.9439620988466402
26121,LOF,0.003388672825568189,0.15762750132800693,0.838983825846425
