feature0,prediction,LoGoFunc_Neutral,LoGoFunc_GOF,LoGoFunc_LOF
25546,Neutral,0.7618861248758649,0.038552921395022324,0.1995609537291128
25547,Neutral,0.5982352585069853,0.08280269725878414,0.31896204423423064
25548,Neutral,0.6243437795861048,0.06266649554382427,0.31298972487007104
25549,Neutral,0.5414959750468706,0.060261482003757125,0.39824254294937217
25550,LOF,0.3630921848122315,0.12778776041383832,0.5091200547739301
25551,LOF,0.2918178269480745,0.14059853260272653,0.5675836404491988
25552,LOF,0.2173356222298673,0.1316805369506148,0.6509838408195179
25553,Neutral,0.86185687412669,0.027549713099729856,0.1105934127735802
25554,LOF,0.2548803340889608,0.12459507167082791,0.6205245942402112
25555,LOF,0.2096242958821842,0.10828424469533048,0.6820914594224853
25556,Neutral,0.47546070171500227,0.10138214338463984,0.4231571549003579
25557,LOF,0.2011912484073668,0.11431452758027341,0.6844942240123598
25558,LOF,0.23864344773548402,0.12402211097590192,0.6373344412886142
25559,LOF,0.35509655919664496,0.15226829183940185,0.4926351489639533
25560,LOF,0.060420061189432384,0.1519803020859775,0.7875996367245901
25561,LOF,0.1298496542257251,0.14263042365437428,0.7275199221199007
25562,LOF,0.08916620362708809,0.07753909338975477,0.8332947029831571
25563,LOF,0.10502978024295395,0.09808826243161779,0.7968819573254282
25564,LOF,0.22979251041520832,0.16154209414401463,0.6086653954407771
25565,LOF,0.1253040976151627,0.1427102791254258,0.7319856232594115
25566,GOF,0.011604321525704297,0.7582041998499206,0.2301914786243751
25567,LOF,0.01718721758355916,0.21181784178681776,0.7709949406296231
25568,LOF,0.0508162790142294,0.09128512701109057,0.85789859397468
25569,LOF,0.0552575600045531,0.08920588827203871,0.8555365517234081
25570,LOF,0.05265256144502452,0.14286490198623894,0.8044825365687366
25571,LOF,0.044808925290072396,0.13683816717175712,0.8183529075381706
25572,LOF,0.06193780568675145,0.15608892969148935,0.7819732646217592
25573,LOF,0.03241217582035554,0.12627279641103606,0.8413150277686083
25574,LOF,0.020457753166365417,0.18381255998272,0.7957296868509145
25575,LOF,0.03717132828292896,0.15153316169203285,0.8112955100250382
25576,LOF,0.017426854271607492,0.17222456605694622,0.8103485796714462
25577,LOF,0.015322868421164891,0.15412773865868115,0.830549392920154
25578,LOF,0.2866149940483623,0.11575904804509661,0.597625957906541
25579,LOF,0.12326666185733884,0.13497864378958208,0.7417546943530791
25580,LOF,0.0261784448927458,0.11691528341686416,0.85690627169039
25581,LOF,0.04927219773642603,0.09188454865263264,0.8588432536109414
25582,LOF,0.04916407675589101,0.09098734023795033,0.8598485830061587
25583,LOF,0.031283968188112944,0.13281006902816558,0.8359059627837215
25584,Neutral,0.4788070836206725,0.14853479295638358,0.37265812342294397
25585,LOF,0.01938486922891559,0.18161196627188253,0.7990031644992018
25586,LOF,0.026536608432683708,0.105691506143265,0.8677718854240511
25587,LOF,0.026888305627460286,0.10100014149256423,0.8721115528799754
25588,LOF,0.0252142318372001,0.12379413083125759,0.8509916373315423
25589,Neutral,0.5974072536056287,0.1555206363819342,0.24707211001243698
25590,LOF,0.03236400991295525,0.16772325751134315,0.7999127325757015
25591,LOF,0.09247197009662346,0.08264092151437338,0.8248871083890031
25592,LOF,0.0870062058693511,0.1809016241755009,0.732092169955148
25593,LOF,0.029624440581266544,0.3052278523485774,0.665147707070156
25594,LOF,0.044604371308548454,0.15836097776193805,0.7970346509295134
25595,LOF,0.05478701817387093,0.1249556242149466,0.8202573576111825
25596,LOF,0.04936856649775228,0.07937022753311875,0.8712612059691289
25597,LOF,0.03595989450404422,0.07575674512684928,0.8882833603691066
25598,LOF,0.04782777648984399,0.12440340652327725,0.8277688169868788
25599,GOF,0.006540167232560188,0.6079578086066827,0.38550202416075713
25600,GOF,0.013356154711637229,0.6014525722103016,0.3851912730780611
25601,LOF,0.009120350756725248,0.43204516021483713,0.5588344890284376
25602,LOF,0.018974027860981447,0.0403545567090898,0.9406714154299287
25603,LOF,0.06849789975606767,0.015959763497287737,0.9155423367466445
25604,LOF,0.03509407313741799,0.04543254886709271,0.9194733779954893
25605,LOF,0.010048129034900146,0.19416464820544393,0.795787222759656
25606,LOF,0.1007534792338846,0.34481525220348513,0.5544312685626303
25607,LOF,0.006156224586597671,0.1824115481712278,0.8114322272421746
25608,LOF,0.015782694666534182,0.07967470943907749,0.9045425958943883
25609,LOF,0.06377243700891994,0.3929417554969083,0.5432858074941718
25610,LOF,0.031509902039794466,0.022964231930578134,0.9455258660296274
25611,LOF,0.0366859225499949,0.02285091445802264,0.9404631629919825
25612,LOF,0.0948487732918267,0.03233028365546394,0.8728209430527093
25613,LOF,0.07966214346049844,0.031318596474119983,0.8890192600653816
25614,LOF,0.0318108342581337,0.027837939252430922,0.9403512264894354
25615,LOF,0.03417713583035787,0.04067410308734642,0.9251487610822956
25616,LOF,0.026120489295892002,0.02793868882340244,0.9459408218807055
25617,LOF,0.02680729397757952,0.031097817628671504,0.9420948883937491
25618,LOF,0.1408312842776527,0.026373827759263734,0.8327948879630835
25619,LOF,0.02757108468655903,0.02699804186012118,0.9454308734533198
25620,LOF,0.03267989742291619,0.03714321432630138,0.9301768882507824
25621,LOF,0.026949645099705773,0.030135986915087908,0.9429143679852062
25622,LOF,0.03586410286917092,0.031359179908772176,0.9327767172220569
25623,LOF,0.05331247450372325,0.026417013805932175,0.9202705116903446
25624,LOF,0.024691739817846163,0.03635614013529167,0.9389521200468621
25625,LOF,0.03506572681951274,0.03840092443299735,0.9265333487474899
25626,LOF,0.07052344170386148,0.028206033449103482,0.901270524847035
25627,Neutral,0.5533059142157634,0.12684322343678556,0.31985086234745114
25628,LOF,0.2118368584222168,0.055086586536825424,0.7330765550409578
25629,LOF,0.05421099465582957,0.06249355167338004,0.8832954536707904
25630,LOF,0.17989915214216118,0.08788647430590923,0.7322143735519296
25631,Neutral,0.6197646075768002,0.056936757879320433,0.3232986345438793
25632,LOF,0.012897434015491925,0.11177099059156434,0.8753315753929437
25633,LOF,0.1088144875281843,0.08209157792472345,0.8090939345470922
25634,LOF,0.03095769040629852,0.10440892471060129,0.8646333848831003
25635,LOF,0.03660235779429464,0.08667524214389025,0.876722400061815
25636,GOF,0.0038723690925325845,0.5957384018318121,0.40038922907565533
25637,GOF,0.0036307963103334485,0.6492675445008221,0.34710165918884445
25638,LOF,0.006391585685651018,0.3559246926750407,0.6376837216393083
25639,GOF,0.00378793463480282,0.5220643192742758,0.4741477460909214
25640,Neutral,0.4717101402208111,0.45203407201831186,0.07625578776087721
25641,LOF,0.009383995902012828,0.2811489165794239,0.7094670875185631
25642,LOF,0.2361934922516994,0.06229513612718503,0.7015113716211155
25643,LOF,0.29121413494645354,0.18324404653391216,0.5255418185196342
25644,GOF,0.014970595198566495,0.5276699802531228,0.45735942454831063
25645,LOF,0.012588926297117758,0.4667423784726981,0.5206686952301842
25646,LOF,0.01773469981858865,0.3265406396227544,0.655724660558657
25647,LOF,0.013693957102650459,0.26705273836169224,0.7192533045356574
25648,LOF,0.013405815271481164,0.2597444821266576,0.7268497026018612
25649,LOF,0.01132147305203023,0.1759074973405,0.8127710296074698
25650,LOF,0.02105613360676315,0.41067261015439216,0.5682712562388447
25651,LOF,0.008390842177815164,0.26164033506504625,0.7299688227571386
25652,LOF,0.013812944673798627,0.2321282256736841,0.7540588296525172
25653,LOF,0.049911399857218826,0.34247985219637234,0.6076087479464088
25654,LOF,0.014741920497818533,0.14449472606873912,0.8407633534334424
25655,LOF,0.08405149213882075,0.38349940398756643,0.5324491038736129
25656,LOF,0.1078656292221647,0.05397893750055131,0.8381554332772839
25657,LOF,0.32824268935579237,0.026538361454849998,0.6452189491893575
25658,LOF,0.059540063331695176,0.07436857861183897,0.8660913580564659
25659,LOF,0.39011339813819235,0.06455416303739692,0.5453324388244107
25660,LOF,0.06220555646120843,0.08757596003507842,0.8502184835037131
25661,LOF,0.047163209715984145,0.06897137531920675,0.8838654149648092
25662,LOF,0.028078068525087388,0.04880351246017797,0.9231184190147347
25663,LOF,0.03582450575516657,0.07232874365856905,0.8918467505862644
25664,LOF,0.043791867876904686,0.08665494259193042,0.8695531895311649
25665,LOF,0.054464335100160584,0.04399796968844218,0.9015376952113973
25666,LOF,0.04021672695267048,0.11664703586578369,0.8431362371815458
25667,LOF,0.031612012317307155,0.05185610517083914,0.9165318825118537
25668,LOF,0.0334850020269134,0.054374937648170134,0.9121400603249165
25669,LOF,0.04021230364330666,0.08051366303301706,0.8792740333236764
25670,LOF,0.08104367903032499,0.09502458469621032,0.8239317362734648
25671,LOF,0.03967193009502554,0.047980526081911126,0.9123475438230633
25672,LOF,0.06150626724485539,0.060499109204821176,0.8779946235503235
25673,LOF,0.045007428206306724,0.07181814587542795,0.8831744259182653
25674,LOF,0.039955615680381584,0.07515152522789856,0.8848928590917199
25675,LOF,0.05217812415578113,0.06534411188977307,0.8824777639544458
25676,LOF,0.03377991339660276,0.060490254801705085,0.9057298318016922
25677,LOF,0.061926758699900365,0.06593387089779527,0.8721393704023044
25678,LOF,0.2810269328411884,0.03862785102228791,0.6803452161365237
25679,LOF,0.18394879223358132,0.06879072962975241,0.7472604781366664
25680,LOF,0.06118180545271684,0.10349792791320406,0.8353202666340792
25681,LOF,0.10319516248703643,0.09673957786698782,0.8000652596459757
25682,LOF,0.044459755123819986,0.08812774219658452,0.8674125026795955
25683,LOF,0.11002464169327449,0.0954223022266708,0.7945530560800548
25684,LOF,0.05830364430490286,0.08821126335061356,0.8534850923444836
25685,LOF,0.10800016666932856,0.048036990314193305,0.8439628430164781
25686,LOF,0.03656213314551102,0.09911114588174091,0.8643267209727481
25687,LOF,0.04259919965199954,0.08525163143200684,0.8721491689159935
25688,LOF,0.027909938126974683,0.09140623374092226,0.880683828132103
25689,LOF,0.020337901821306997,0.08543422118154106,0.894227876997152
25690,LOF,0.020798463319087867,0.0817365286554884,0.8974650080254237
25691,LOF,0.2139667983401582,0.10276564561861208,0.6832675560412297
25692,LOF,0.29635559574332204,0.00992229059394438,0.6937221136627336
25693,LOF,0.09292551979424758,0.1630453621884307,0.7440291180173216
25694,LOF,0.2508092505148421,0.017231636566864914,0.731959112918293
25695,LOF,0.17085549567532451,0.020667148381696344,0.8084773559429791
25696,LOF,0.17939565210932845,0.010818689503329124,0.8097856583873424
25697,LOF,0.15395783899695753,0.02321038202380188,0.8228317789792406
25698,LOF,0.032333610550314994,0.42157729016770057,0.5460890992819843
25699,LOF,0.06422695598517576,0.08666157713399913,0.8491114668808252
25700,LOF,0.02917592216106798,0.011102833497119876,0.9597212443418122
25701,LOF,0.016769216499540322,0.07761701329581171,0.905613770204648
25702,GOF,0.03855247362506702,0.7474339980687675,0.21401352830616555
25703,LOF,0.013431785878991605,0.20122455755668017,0.7853436565643283
25704,LOF,0.09262715586349922,0.16099496438233354,0.7463778797541671
25705,LOF,0.05705143698436776,0.2586854714314895,0.6842630915841427
25706,GOF,0.056831096464769165,0.5905109789724609,0.3526579245627699
25707,GOF,0.03032852795238452,0.5087614222295164,0.4609100498180991
25708,LOF,0.009596762074610129,0.43780819050720626,0.5525950474181837
25709,LOF,0.019407315545641412,0.065506462930479,0.9150862215238796
25710,LOF,0.009217123619527782,0.17129328669271257,0.8194895896877596
25711,LOF,0.02173826720563156,0.1231662475999897,0.8550954851943786
25712,LOF,0.010047907252047171,0.23249796648978843,0.7574541262581644
25713,LOF,0.01861816165608161,0.11108426812265801,0.8702975702212603
25714,LOF,0.021020443261533663,0.1376347849796761,0.8413447717587902
25715,LOF,0.020808690898827354,0.11859534989530322,0.8605959592058694
25716,LOF,0.011213553320091284,0.12253369700986902,0.8662527496700397
25717,LOF,0.006257171727152629,0.13237582799788572,0.8613670002749617
25718,LOF,0.018245894221964896,0.08361663511627113,0.898137470661764
25719,LOF,0.034413919573580774,0.08266564809203844,0.8829204323343808
25720,LOF,0.022804202917922605,0.09259863408919351,0.8845971629928838
25721,LOF,0.024683971908931426,0.10381281687599103,0.8715032112150777
25722,LOF,0.019025872405441426,0.12846849989192152,0.852505627702637
25723,LOF,0.022005777150031845,0.06920252936326883,0.9087916934866993
25724,LOF,0.03840469886301687,0.0950714915120724,0.8665238096249108
25725,LOF,0.02283008189181884,0.07012606997950326,0.9070438481286779
25726,LOF,0.016657699710226632,0.10557176433096271,0.8777705359588107
25727,LOF,0.019993853722838704,0.08921493672328137,0.8907912095538799
25728,LOF,0.01932576793469368,0.09665724077043021,0.884016991294876
25729,LOF,0.019681531272999257,0.10080560469597642,0.8795128640310244
25730,LOF,0.020289986675573468,0.07976613195167999,0.8999438813727465
25731,LOF,0.011987155694016467,0.15625901725103025,0.8317538270549533
25732,LOF,0.018520874397279296,0.09164479315511889,0.8898343324476018
25733,LOF,0.030725360672541165,0.0739582138964791,0.8953164254309797
25734,LOF,0.007514573978183693,0.19240794869130848,0.8000774773305078
25735,LOF,0.023149072100512123,0.07620518558225747,0.9006457423172304
25736,LOF,0.021904869764252502,0.11494481562249323,0.8631503146132543
25737,LOF,0.042203401629227755,0.08207397772841761,0.8757226206423547
25738,LOF,0.020855787680490616,0.12335257764961129,0.8557916346698979
25739,LOF,0.021668661211565122,0.13156826275417574,0.8467630760342592
25740,LOF,0.04976305512243188,0.12231378931328303,0.8279231555642852
25741,LOF,0.026580452270806895,0.09888431347617509,0.874535234253018
25742,LOF,0.0380936651261268,0.11045881842132813,0.8514475164525451
25743,LOF,0.011584885384371404,0.04753580722281283,0.9408793073928158
25744,GOF,0.12593319220667556,0.4475630001645417,0.42650380762878276
25745,LOF,0.019869368613839,0.07728409906270468,0.9028465323234562
25746,LOF,0.01185388287455454,0.09186552792354027,0.8962805892019052
25747,LOF,0.034522280568602424,0.040401145337424144,0.9250765740939734
25748,LOF,0.19081238577736795,0.06310620115188957,0.7460814130707424
25749,LOF,0.014082112381962544,0.060848179272175666,0.9250697083458619
25750,LOF,0.01604202911665755,0.0859627480465721,0.8979952228367705
25751,LOF,0.036880302718704315,0.07253902640908651,0.8905806708722092
25752,GOF,0.08433965918601977,0.6432730824019934,0.2723872584119868
25753,LOF,0.00728465150127649,0.3591464092359224,0.6335689392628011
25754,GOF,0.005690768039159904,0.8334653438653107,0.16084388809552946
25755,LOF,0.011167383511601124,0.4063111088470357,0.5825215076413631
25756,LOF,0.05406397442161979,0.4075758124870789,0.5383602130913013
25757,GOF,0.007166060696801294,0.8494931730093848,0.14334076629381415
25758,GOF,0.008633613993596672,0.8308184075743598,0.16054797843204363
25759,GOF,0.0053144457967751815,0.5380396536106264,0.4566459005925982
25760,LOF,0.00723139158430148,0.2909873346868792,0.7017812737288194
25761,GOF,0.05028600420054326,0.8109959851915983,0.13871801060785832
25762,LOF,0.033746794422445235,0.34576190152671293,0.6204913040508419
25763,LOF,0.00951737831580694,0.2538251998991811,0.7366574217850118
25764,GOF,0.10868045048968614,0.5395127425302138,0.3518068069801002
25765,GOF,0.008190582423828327,0.8101690926435757,0.18164032493259602
25766,GOF,0.03137655433870388,0.7942081894149103,0.17441525624638585
25767,LOF,0.018438937003394103,0.4677682357531365,0.5137928272434693
25768,LOF,0.0435176658019262,0.07154800705152844,0.8849343271465454
25769,LOF,0.022523187975760563,0.08007225194422223,0.8974045600800172
25770,LOF,0.14416277461854374,0.06132286024450957,0.7945143651369466
25771,LOF,0.016962625612071496,0.07237604059949136,0.9106613337884372
25772,LOF,0.022618300340622777,0.028274551831790652,0.9491071478275867
25773,LOF,0.01390063290966907,0.07777704379330848,0.9083223232970226
25774,LOF,0.02533617888147874,0.08507267897861379,0.8895911421399075
25775,LOF,0.02103572562074836,0.042902171266236154,0.9360621031130154
25776,LOF,0.025016482714521355,0.026892489763097913,0.9480910275223807
25777,LOF,0.17858170715763505,0.0692524007615692,0.7521658920807958
25778,LOF,0.01945565805422987,0.05117817260197658,0.9293661693437936
25779,GOF,0.04037419103146004,0.8936385152268331,0.06598729374170682
25780,GOF,0.07055064885524087,0.8692222932239037,0.06022705792085536
25781,GOF,0.029435546979126932,0.8676891141054869,0.10287533891538604
25782,GOF,0.03856425363662689,0.894339284791215,0.06709646157215804
25783,GOF,0.021772722020028754,0.7268599550542421,0.2513673229257292
25784,GOF,0.12359723591178337,0.8259151656602128,0.050487598428003655
25785,GOF,0.07638154994640041,0.8811839212621753,0.042434528791424245
25786,GOF,0.00553302972727219,0.8229793298646307,0.17148764040809714
25787,GOF,0.17169553083712716,0.7990190532749325,0.029285415887940362
25788,LOF,0.016161592166131073,0.1484674089362757,0.8353709988975931
25789,GOF,0.018454867093547104,0.8564330634617255,0.1251120694447273
25790,GOF,0.022531053028212535,0.8856398041933501,0.0918291427784374
25791,GOF,0.01606132116183817,0.8260436068863898,0.157895071951772
25792,GOF,0.02656877725058493,0.8369938992764127,0.13643732347300241
25793,GOF,0.07924728250610621,0.8258504269134063,0.09490229058048737
25794,GOF,0.061653899729113906,0.761977178841604,0.17636892142928212
25795,GOF,0.040385309893515194,0.7685210085883971,0.19109368151808753
25796,GOF,0.08094158994142188,0.799832908741357,0.1192255013172211
25797,GOF,0.04134248858406654,0.6596063060832197,0.2990512053327139
25798,GOF,0.00317848214377688,0.6376478625108131,0.35917365534540996
25799,GOF,0.002994364244669479,0.5087280739187346,0.4882775618365958
25800,GOF,0.012677926646671625,0.7283507840912649,0.2589712892620633
25801,GOF,0.015065997261424097,0.8553608198502421,0.1295731828883337
25802,GOF,0.022350363777208015,0.7995750831199717,0.17807455310282025
25803,GOF,0.0115713674487717,0.705411228322562,0.28301740422866634
25804,GOF,0.01358485910532242,0.5875718085027385,0.39884333239193903
25805,GOF,0.027115068143751767,0.7052830716792138,0.26760186017703447
25806,GOF,0.020713270199040755,0.7416106726070926,0.23767605719386664
25807,GOF,0.005147009373086872,0.7051470680370069,0.2897059225899063
25808,GOF,0.015659463432858265,0.7334207216998527,0.2509198148672891
25809,GOF,0.006301860823196964,0.722240345770571,0.27145779340623205
25810,GOF,0.00553330497868287,0.7368742676268626,0.25759242739445465
25811,GOF,0.04666940696431039,0.8634070254092738,0.08992356762641582
25812,GOF,0.016348652532218323,0.7052476303580321,0.27840371710974954
25813,GOF,0.10502972910738205,0.7963448002097666,0.0986254706828514
25814,GOF,0.027530645599621893,0.7975202454717492,0.17494910892862903
25815,GOF,0.039727821868236,0.7983743841436052,0.16189779398815898
25816,GOF,0.008146815855965049,0.8427680987805668,0.14908508536346804
25817,GOF,0.1034921657631105,0.767546635614581,0.1289611986223084
25818,GOF,0.025455317090017724,0.7840498830113337,0.19049479989864843
25819,GOF,0.060625630405374394,0.774198413615822,0.16517595597880355
25820,GOF,0.032327103265104136,0.7687050899448774,0.19896780679001846
25821,GOF,0.01916033318647532,0.7651091762465579,0.2157304905669667
25822,GOF,0.0381307083791623,0.7749799775886658,0.18688931403217188
25823,GOF,0.015659489849208175,0.6440129686688698,0.3403275414819222
25824,GOF,0.025640844813697515,0.7549065359161394,0.21945261927016305
25825,GOF,0.015809020927018125,0.740627744351057,0.2435632347219248
25826,GOF,0.00576664998658034,0.6970685877298716,0.29716476228354816
25827,GOF,0.009709535928325606,0.6969440603113275,0.29334640376034693
25828,GOF,0.006442805312190549,0.6460909424042949,0.34746625228351474
25829,GOF,0.0029652079615725443,0.6956050812911264,0.3014297107473011
25830,LOF,0.03940991171762232,0.47064134627651766,0.4899487420058601
25831,GOF,0.047711468073981224,0.8452307614552094,0.10705777047080942
25832,GOF,0.008276621676867655,0.7976358611284841,0.19408751719464837
25833,GOF,0.03310790403244095,0.8422147194891758,0.1246773764783832
25834,GOF,0.00844963674003985,0.8131687439321934,0.17838161932776675
25835,GOF,0.017675492881365,0.8668112451209812,0.1155132619976539
25836,GOF,0.006372741544412077,0.8139001397364247,0.17972711871916316
25837,GOF,0.006923620161526305,0.7106874559108952,0.2823889239275785
25838,GOF,0.020960938760262497,0.8702558860240915,0.10878317521564598
25839,GOF,0.04213489500757058,0.8572312176989391,0.10063388729349049
25840,GOF,0.06005805633746221,0.8462605422707763,0.09368140139176151
25841,GOF,0.05614837581442617,0.8540149335913505,0.08983669059422329
25842,GOF,0.028867407773511156,0.8940755938350001,0.07705699839148858
25843,GOF,0.027585262983786298,0.9047065784019556,0.06770815861425825
25844,GOF,0.019013894765806432,0.847918500616079,0.13306760461811448
25845,GOF,0.00595683078559874,0.6463458531191514,0.34769731609524995
25846,GOF,0.04139084785841738,0.8654737192216158,0.09313543291996684
25847,GOF,0.020089042750322885,0.91772431268906,0.0621866445606173
25848,GOF,0.017753626126131378,0.8682690190515449,0.11397735482232373
25849,GOF,0.005098486415904245,0.7442446201613742,0.25065689342272157
25850,GOF,0.006164518748814557,0.7601639423182311,0.23367153893295434
25851,GOF,0.005465256301425944,0.6330369125790668,0.3614978311195073
25852,GOF,0.13001698403138992,0.6107440960221805,0.25923891994642956
25853,GOF,0.07123336355131012,0.8511993430957346,0.0775672933529553
25854,GOF,0.005257021776047173,0.694131686661282,0.3006112915626708
25855,GOF,0.014988378091245102,0.652293282095297,0.3327183398134578
25856,GOF,0.038825075852383574,0.7770393639224479,0.18413556022516867
25857,GOF,0.013427388808062816,0.6383391131197566,0.3482334980721807
25858,GOF,0.007693268698451287,0.6258976437408686,0.36640908756068025
25859,GOF,0.0053967608456145085,0.5955298547340955,0.39907338442029
25860,GOF,0.08616011371805489,0.8115809349643821,0.10225895131756298
25861,GOF,0.09250407966694218,0.8111965085343128,0.09629941179874496
25862,GOF,0.023450621250589165,0.8599423643142328,0.11660701443517786
25863,GOF,0.022227461932983122,0.8685093668758774,0.10926317119113937
25864,GOF,0.055694768977480984,0.8648121954730592,0.07949303554945972
25865,GOF,0.037456724721513304,0.8320481404593114,0.13049513481917518
25866,GOF,0.03117816853869421,0.8517420252396156,0.11707980622169024
25867,GOF,0.03558758237327489,0.8686597745596021,0.095752643067123
25868,GOF,0.05729624056062703,0.8387172220357997,0.1039865374035734
25869,GOF,0.3362404186574421,0.6020571057112198,0.06170247563133814
25870,GOF,0.0740257340330884,0.693178544191748,0.2327957217751635
25871,GOF,0.011881340490560442,0.8858983489517159,0.10222031055772365
25872,GOF,0.02113801224727397,0.8724520221792323,0.10640996557349378
25873,GOF,0.02034469534050844,0.8935293405202377,0.08612596413925404
25874,LOF,0.017321342717428127,0.17137349599018925,0.8113051612923826
25875,LOF,0.051364157027237616,0.03937155516687791,0.9092642878058845
25876,LOF,0.01921522159215455,0.031265200087763956,0.9495195783200816
25877,LOF,0.1391011284064504,0.07679363925414921,0.7841052323394003
25878,LOF,0.07548920135145466,0.10873367899851238,0.815777119650033
25879,LOF,0.02796631181084321,0.07655859941668376,0.895475088772473
25880,LOF,0.05673206981893705,0.010150141789312936,0.93311778839175
25881,Neutral,0.5618254817511965,0.05666867107111304,0.3815058471776904
25882,LOF,0.057296133595162356,0.029951787559252024,0.9127520788455856
25883,LOF,0.031678582442642274,0.025931523650915313,0.9423898939064423
25884,LOF,0.029032445658418407,0.043751960694394555,0.9272155936471871
25885,LOF,0.23036709290968774,0.012304951912584332,0.757327955177728
25886,LOF,0.1679680222030017,0.05824187314842093,0.7737901046485774
25887,LOF,0.19161171707107988,0.05789891115803034,0.7504893717708898
25888,LOF,0.012597336425528623,0.13984279347642334,0.8475598700980481
25889,LOF,0.033006356557483116,0.03042732626041405,0.9365663171821029
25890,LOF,0.12137789487887729,0.10876494213887342,0.7698571629822493
25891,LOF,0.09256141941035323,0.020466540539665807,0.886972040049981
25892,LOF,0.0090670792377027,0.032933280721781234,0.9579996400405162
25893,LOF,0.3961211612035566,0.00861012673219837,0.5952687120642449
25894,LOF,0.43668437702299134,0.005433795135192588,0.5578818278418161
25895,LOF,0.34115860878115933,0.010560790377273562,0.648280600841567
25896,LOF,0.059989968583410644,0.022294513718015926,0.9177155176985735
25897,LOF,0.19687284961612622,0.008526905352896255,0.7946002450309775
25898,LOF,0.15091918923911857,0.027413804176719604,0.8216670065841619
25899,LOF,0.3153617236646471,0.021156530864181306,0.6634817454711717
25900,LOF,0.40939613148427234,0.0077884289800949445,0.5828154395356329
25901,LOF,0.054491896632723615,0.009029865543539512,0.936478237823737
25902,LOF,0.14101561505148938,0.010999410714239438,0.8479849742342712
25903,LOF,0.4181738691580503,0.022775435827700627,0.5590506950142492
25904,LOF,0.44209000977349017,0.032416109363092714,0.5254938808634172
25905,LOF,0.004083469854570362,0.4537027328244005,0.5422137973210291
25906,LOF,0.009383444152818438,0.10869546962986108,0.8819210862173206
25907,LOF,0.004403030730007386,0.3481218552722914,0.6474751139977011
25908,LOF,0.004731784504063449,0.23581511461562382,0.7594531008803128
25909,LOF,0.024691049726462775,0.14773262431571133,0.8275763259578259
25910,LOF,0.011507902572296854,0.11444936711514563,0.8740427303125576
25911,LOF,0.33806151388070393,0.040186264740786515,0.6217522213785096
25912,LOF,0.07858324803345346,0.04593923516945956,0.8754775167970871
25913,LOF,0.04772162554091752,0.06460735349608283,0.8876710209629995
25914,LOF,0.03803317225587435,0.06561192652043744,0.8963549012236883
25915,LOF,0.15398490654248023,0.3152180665174991,0.5307970269400206
25916,LOF,0.02957214728969473,0.20408420321142665,0.7663436494988786
25917,LOF,0.07007354474899093,0.055838175825609744,0.8740882794253994
25918,LOF,0.04497723494160625,0.03974555719515451,0.9152772078632393
25919,LOF,0.041120662681473026,0.03992613080987412,0.9189532065086529
25920,LOF,0.16480059568043162,0.1723976566995842,0.6628017476199841
25921,LOF,0.016712670131111496,0.03804787804634269,0.9452394518225458
25922,LOF,0.01747104571813661,0.0337308636143013,0.9487980906675622
25923,LOF,0.4453857666312666,0.03944649289974978,0.5151677404689835
25924,LOF,0.02596447002574372,0.05101387847243317,0.9230216515018231
25925,LOF,0.07603476310832864,0.055177654095383465,0.868787582796288
25926,LOF,0.05375403694890986,0.056706797064511594,0.8895391659865785
25927,LOF,0.02571378870667482,0.06671461246436303,0.9075715988289621
25928,LOF,0.011333074427730357,0.04892340805315278,0.939743517519117
25929,Neutral,0.5383166346502033,0.03749375795332518,0.4241896073964716
25930,LOF,0.06368370679218886,0.03783657621147765,0.8984797169963334
25931,LOF,0.015074531712817531,0.03333391546044684,0.9515915528267357
25932,LOF,0.056563403073265385,0.028335302564175636,0.9151012943625589
25933,LOF,0.05193824872214943,0.020056609604993857,0.9280051416728567
25934,LOF,0.0479411345579843,0.01919680693997419,0.9328620585020416
25935,LOF,0.06585353012216683,0.06757269556268362,0.8665737743151496
25936,LOF,0.08167041614747597,0.02115635095014061,0.8971732329023834
25937,LOF,0.014851887938986506,0.03471523599059324,0.9504328760704203
25938,LOF,0.06473293657472913,0.06090964552038324,0.8743574179048877
25939,LOF,0.037667474358770166,0.02805090572182534,0.9342816199194045
25940,LOF,0.009512932302397146,0.337977500744213,0.6525095669533899
25941,Neutral,0.5149241015003331,0.045075981493222395,0.43999991700644453
25942,LOF,0.008711502171436842,0.054132145323011666,0.9371563525055515
25943,LOF,0.04184199793892976,0.1950169985733909,0.7631410034876793
25944,LOF,0.06118929500695247,0.09706815496862757,0.8417425500244201
25945,LOF,0.12362891628814242,0.020700187554663994,0.8556708961571936
25946,LOF,0.07895725113726575,0.03995962163403669,0.8810831272286975
25947,Neutral,0.45547039318410115,0.12041994553679854,0.4241096612791002
25948,LOF,0.4359008995945703,0.016215301653847363,0.5478837987515824
25949,LOF,0.13099747601961265,0.06945033718062972,0.7995521867997577
25950,GOF,0.07057125002907454,0.6052241410988737,0.32420460887205177
25951,LOF,0.012364403496074226,0.4117203846072115,0.5759152118967144
25952,LOF,0.2969026160317436,0.25314904718309716,0.4499483367851593
25953,LOF,0.007722722333516587,0.1737507838332051,0.8185264938332782
25954,LOF,0.08293309649759543,0.4512594482818762,0.46580745522052824
25955,LOF,0.007094647692072407,0.1527493514679075,0.8401560008400201
25956,LOF,0.018624515529541787,0.2552276188652592,0.726147865605199
25957,LOF,0.2284368533800252,0.03320466417124922,0.7383584824487256
25958,LOF,0.03154970183653024,0.03673806590467897,0.9317122322587907
25959,GOF,0.013045258605418218,0.5129006340043701,0.4740541073902117
25960,LOF,0.006822433843974483,0.06321900808159997,0.9299585580744255
25961,LOF,0.030472887026027334,0.03287284443816903,0.9366542685358037
25962,LOF,0.03789431877675908,0.06624469437356818,0.8958609868496727
25963,LOF,0.004890768398616137,0.20229768077413043,0.7928115508272535
25964,LOF,0.02897115488162914,0.11167427077189769,0.8593545743464731
25965,LOF,0.24602576483301078,0.13386538689694594,0.6201088482700433
25966,Neutral,0.4688298193058931,0.11895997939469669,0.41221020129941033
25967,LOF,0.009561925414489506,0.07419633160595872,0.9162417429795519
25968,LOF,0.05491032828924122,0.19484824760420708,0.7502414241065517
25969,LOF,0.1310018168941451,0.046104928047877254,0.8228932550579777
25970,LOF,0.021202149589335913,0.08641149524057462,0.8923863551700895
25971,LOF,0.08588446603495913,0.029295560458047144,0.8848199735069938
25972,LOF,0.06764543261669921,0.044228031235738256,0.8881265361475625
25973,LOF,0.06859297355555302,0.012510515043545757,0.9188965114009013
25974,LOF,0.055877303673641174,0.0406359625534837,0.9034867337728751
25975,LOF,0.0466619547299636,0.023763961900329724,0.9295740833697067
25976,LOF,0.10849991505504213,0.012997818223082292,0.8785022667218755
25977,LOF,0.1910197597011213,0.09635674741772897,0.7126234928811497
25978,LOF,0.18181597811558986,0.12112160116677635,0.6970624207176338
25979,LOF,0.14890072071524924,0.13670845533669426,0.7143908239480564
25980,LOF,0.2522523858107002,0.1804904098211695,0.5672572043681303
25981,LOF,0.25307769399785396,0.18144955283523995,0.565472753166906
25982,Neutral,0.4735290201177916,0.08557781855263573,0.4408931613295728
25983,Neutral,0.4999968164951251,0.10231343551591845,0.39768974798895623
25984,LOF,0.03778637419904537,0.08472020400018052,0.877493421800774
25985,Neutral,0.43237908401592223,0.14035195586238694,0.4272689601216909
25986,LOF,0.012420747364529739,0.41214615419698164,0.5754330984384886
25987,LOF,0.056612760196133316,0.10710064340407126,0.8362865963997954
25988,LOF,0.04632416624682402,0.1612710937946989,0.7924047399584772
25989,LOF,0.041346116819496875,0.20022388665891577,0.7584299965215875
25990,LOF,0.03993756328210233,0.30596499984288755,0.6540974368750101
25991,LOF,0.027978979307505824,0.4250910148095952,0.546930005882899
25992,LOF,0.022936163275414072,0.4227805339142337,0.5542833028103522
25993,LOF,0.03009027121850642,0.08328410419859393,0.8866256245828995
25994,LOF,0.022932807861184765,0.08038892358886268,0.8966782685499525
25995,LOF,0.02320276175243605,0.1711252203611033,0.8056720178864607
25996,Neutral,0.36447513819032146,0.32768348970913697,0.3078413721005415
25997,LOF,0.06459036885874875,0.41026940462518424,0.5251402265160671
25998,LOF,0.26785541737761004,0.05080517271128765,0.6813394099111023
25999,LOF,0.024624035928548,0.22524586996300067,0.7501300941084514
26000,LOF,0.19586086250429097,0.03461105753830344,0.7695280799574057
26001,LOF,0.263955379339091,0.03601894608006986,0.7000256745808392
26002,LOF,0.11873885935933448,0.05823362619563233,0.8230275144450332
26003,GOF,0.005201400536454861,0.6481827512080325,0.34661584825551267
26004,GOF,0.007704028104611601,0.6982298369401383,0.29406613495525014
26005,GOF,0.0034826221562406588,0.5084336697916436,0.48808370805211576
26006,GOF,0.08731212403310006,0.6094886303518668,0.30319924561503303
26007,GOF,0.006837395374583148,0.5576377080918448,0.435524896533572
26008,GOF,0.005768603677487728,0.6479569499045231,0.34627444641798905
26009,GOF,0.007344069740115792,0.6657033149287794,0.3269526153311047
26010,GOF,0.008604691805157964,0.6517290709641678,0.33966623723067435
26011,LOF,0.003104181500620369,0.47221339729869244,0.5246824212006871
26012,GOF,0.004350700296316461,0.5347518865778371,0.46089741312584637
26013,GOF,0.006266889594018873,0.58980825485156,0.40392485555442126
26014,LOF,0.06610021540855665,0.12016472297929257,0.8137350616121508
26015,LOF,0.41003206369536427,0.018161961732469242,0.5718059745721665
26016,LOF,0.33449019627682747,0.035056465943452776,0.6304533377797198
26017,LOF,0.026933214899822897,0.1768289059290035,0.7962378791711737
26018,LOF,0.031764507832866676,0.03798182007443474,0.9302536720926986
26019,LOF,0.031000915735306733,0.03242391683409488,0.9365751674305983
26020,LOF,0.010633170804657525,0.15258901065600122,0.8367778185393413
26021,LOF,0.07745887663986428,0.05654059485303731,0.8660005285070984
26022,LOF,0.043527077594255184,0.01881904638963492,0.9376538760161099
26023,LOF,0.034966379489135606,0.022522696895687415,0.942510923615177
26024,LOF,0.04949710417122679,0.05379284282565484,0.8967100530031185
26025,LOF,0.06760676872228556,0.06584307195517991,0.8665501593225347
26026,LOF,0.11729081586201635,0.051511392218866636,0.8311977919191169
26027,LOF,0.028233499464159928,0.01806192866200102,0.9537045718738391
26028,LOF,0.11261324545321148,0.13396056364280715,0.7534261909039814
26029,LOF,0.017964412725184016,0.20033652606085414,0.7816990612139619
26030,LOF,0.1654569205847832,0.030761304058068158,0.8037817753571487
26031,LOF,0.008573504152124108,0.18564187115720573,0.8057846246906702
26032,LOF,0.04157072413116617,0.07751195376191364,0.8809173221069201
26033,LOF,0.06862806934537767,0.07015115415530757,0.8612207764993147
26034,LOF,0.012544619946563357,0.16358058338692333,0.8238747966665133
26035,LOF,0.010762738150833891,0.12178036200557132,0.8674568998435949
26036,LOF,0.011533464316711348,0.1457801014628436,0.842686434220445
26037,LOF,0.009180943187683884,0.11367699632394589,0.8771420604883702
26038,LOF,0.03493374850384596,0.07115059714325164,0.8939156543529023
26039,LOF,0.024626750859647432,0.14206743925315746,0.833305809887195
26040,LOF,0.10672331533465242,0.15810894394105643,0.7351677407242911
26041,LOF,0.012109215027417573,0.10007441325111711,0.8878163717214652
26042,LOF,0.010680214212322826,0.10888140104093265,0.8804383847467445
26043,LOF,0.033668658818334966,0.09263851611217926,0.8736928250694858
26044,LOF,0.013238817021922528,0.061863361253749916,0.9248978217243274
26045,LOF,0.06636428648774692,0.1236446424547091,0.809991071057544
26046,LOF,0.029108654709531685,0.07178564766014059,0.8991056976303277
26047,LOF,0.049346951448770666,0.06984166365700811,0.8808113848942212
26048,LOF,0.08617065728233962,0.02912631949293305,0.8847030232247273
26049,Neutral,0.9510915319781083,0.008654222540850909,0.04025424548104079
26050,Neutral,0.9307071384065029,0.009694475293748821,0.059598386299748285
26051,LOF,0.014323041455129526,0.08489189515957396,0.9007850633852964
26052,LOF,0.029133576222438853,0.09953522730561822,0.8713311964719429
26053,LOF,0.03253868299258686,0.15358316961190685,0.8138781473955063
26054,LOF,0.042999854335068276,0.02574452573484246,0.9312556199300892
26055,LOF,0.06205917047122774,0.024425278241233576,0.9135155512875387
26056,LOF,0.05067851540887446,0.029843258763774194,0.9194782258273513
26057,LOF,0.05739226244006873,0.013245733920466686,0.9293620036394646
26058,LOF,0.0611996731633607,0.011091317894480555,0.9277090089421588
26059,LOF,0.19780690127598047,0.027751876248646428,0.7744412224753731
26060,LOF,0.015349613523222762,0.19409204358711363,0.7905583428896635
26061,LOF,0.012885953598588634,0.010500782818081627,0.9766132635833298
26062,LOF,0.006802378959271315,0.017912694170438184,0.9752849268702904
26063,LOF,0.03650738849604365,0.01078065689933019,0.9527119546046261
26064,LOF,0.011252561513585883,0.024839940043718516,0.9639074984426955
26065,LOF,0.04751076582797071,0.012406382453613703,0.9400828517184155
26066,LOF,0.04362152668578425,0.010569731224668028,0.9458087420895477
26067,LOF,0.05462107304969607,0.00934406423672341,0.9360348627135805
26068,LOF,0.05205638032202953,0.04129743519774057,0.9066461844802299
26069,LOF,0.1496720296264587,0.024988779186127318,0.8253391911874141
26070,LOF,0.3321800776865509,0.020616840472125905,0.6472030818413231
26071,LOF,0.04413957085422693,0.011462556032367167,0.9443978731134058
26072,LOF,0.011243437859003749,0.01930731545758748,0.9694492466834087
26073,LOF,0.03935178519387402,0.014577193267938385,0.9460710215381876
26074,Neutral,0.9272277522428052,0.008321903758202373,0.06445034399899245
26075,LOF,0.05264818068005626,0.02123096602331884,0.9261208532966249
26076,LOF,0.054410934043872594,0.010763383537974876,0.9348256824181524
26077,LOF,0.1645137907531173,0.006507757506540253,0.8289784517403425
26078,LOF,0.008920784384438276,0.014819842413780364,0.9762593732017814
26079,LOF,0.06488289613368195,0.02324152263374202,0.9118755812325761
26080,LOF,0.06373888878316226,0.02326512744723331,0.9129959837696044
26081,LOF,0.03256723585818477,0.009042314188096739,0.9583904499537185
26082,LOF,0.007140549047973097,0.015066353172774266,0.9777930977792527
26083,LOF,0.0945516957085631,0.019757942505260334,0.8856903617861764
26084,LOF,0.09653852849826727,0.013552538586364968,0.8899089329153678
26085,LOF,0.08994058289736243,0.011951494190944253,0.8981079229116933
26086,LOF,0.03719990101175907,0.011527652196837917,0.9512724467914031
26087,LOF,0.03481323799077298,0.009772929936572722,0.9554138320726544
26088,LOF,0.00943555920357383,0.018158689915900243,0.9724057508805259
26089,LOF,0.042388104599200144,0.03137240883732065,0.9262394865634792
26090,LOF,0.043227752240765194,0.02554490751624116,0.9312273402429937
26091,LOF,0.031098764423153392,0.007739261126279326,0.9611619744505672
26092,LOF,0.04068794310057051,0.008144008776510713,0.9511680481229188
26093,LOF,0.08178171356967429,0.006358634008286041,0.9118596524220397
26094,LOF,0.03620947117562344,0.0071130539131141,0.9566774749112624
26095,LOF,0.038143492870425545,0.018389878066249216,0.9434666290633252
26096,LOF,0.2309840798454486,0.005198951474282799,0.7638169686802685
26097,LOF,0.00862643736338362,0.030481853673457186,0.9608917089631592
26098,LOF,0.07933453789261849,0.01982922982745818,0.9008362322799234
26099,LOF,0.042925815122682974,0.014460076223977273,0.9426141086533397
26100,LOF,0.042925815122682974,0.014460076223977273,0.9426141086533397
26101,LOF,0.060739493443319206,0.02452779641066522,0.9147327101460154
26102,LOF,0.0339417058452913,0.01591975982526631,0.9501385343294425
26103,Neutral,0.8788092534324607,0.024507256248007994,0.09668349031953123
26104,LOF,0.059325429969449194,0.03683595766057505,0.9038386123699758
26105,LOF,0.24284488258993894,0.1803489277597247,0.5768061896503364
26106,LOF,0.31995700835263563,0.13635115558727331,0.5436918360600911
26107,LOF,0.019715657266250082,0.09706062113377761,0.8832237215999723
26108,LOF,0.26634396746426275,0.05296655573952931,0.6806894767962078
26109,LOF,0.106113405378592,0.04204860647882303,0.851837988142585
26110,LOF,0.4771578036329871,0.005492011503296885,0.517350184863716
26111,LOF,0.047864045326156734,0.10406906151050067,0.8480668931633426
26112,LOF,0.05395373631267008,0.007023403650896612,0.9390228600364333
26113,LOF,0.11139724736440684,0.013997179063887928,0.8746055735717051
26114,LOF,0.09079497040993727,0.00872047604052651,0.9004845535495363
26115,LOF,0.012876126342679681,0.05492933658621719,0.9321945370711031
26116,LOF,0.07032624891492566,0.032254053313642804,0.8974196977714316
26117,LOF,0.41187587135035847,0.030393912440563466,0.557730216209078
26118,LOF,0.0469479657093548,0.014872961966702757,0.9381790723239424
26119,LOF,0.006022289434507015,0.03832981221672787,0.9556478983487652
26120,LOF,0.03807464051403903,0.014464324166955856,0.9474610353190052
