feature0,prediction,LoGoFunc_Neutral,LoGoFunc_GOF,LoGoFunc_LOF
25546,Neutral,0.6428002507838676,0.06902720225844033,0.28817254695769207
25547,Neutral,0.5326416076732984,0.13458597801261377,0.3327724143140878
25548,Neutral,0.5010073530202878,0.09558804693954484,0.4034046000401675
25549,Neutral,0.4679523962876013,0.09451588064385254,0.4375317230685462
25550,LOF,0.3754308615690308,0.159463615035837,0.46510552339513217
25551,LOF,0.3112697528639931,0.1532153871617292,0.5355148599742776
25552,LOF,0.16732512349984915,0.15676916149085865,0.6759057150092922
25553,Neutral,0.8126779585447628,0.04665880163863621,0.1406632398166009
25554,LOF,0.21238192705859313,0.15855646125995213,0.6290616116814548
25555,LOF,0.16493091630851237,0.14099776228206057,0.6940713214094272
25556,Neutral,0.5048419939638,0.12080012389662503,0.37435788213957477
25557,LOF,0.15938408134204596,0.14734628388300824,0.6932696347749457
25558,LOF,0.21570738861068864,0.1716871469339861,0.6126054644553253
25559,Neutral,0.5248096512433723,0.054530019025171995,0.4206603297314557
25560,LOF,0.04162587744647442,0.300456770835654,0.6579173517178716
25561,LOF,0.07766928378263403,0.3368469528046699,0.585483763412696
25562,LOF,0.10844235510115645,0.18687274700836232,0.7046848978904813
25563,LOF,0.11293025815341964,0.18049881041038365,0.7065709314361966
25564,LOF,0.06742712636545371,0.2801106912494713,0.6524621823850749
25565,LOF,0.14206000075599623,0.2384828614746445,0.6194571377693594
25566,GOF,0.016089167109518805,0.7530644337149938,0.23084639917548735
25567,LOF,0.013262741885302425,0.10301639522531954,0.8837208628893781
25568,LOF,0.04495430382824197,0.058163464709596165,0.8968822314621618
25569,LOF,0.05936709700877633,0.05930297732856472,0.8813299256626589
25570,LOF,0.05995262616315079,0.09326965183832749,0.8467777219985217
25571,LOF,0.06168723082173654,0.08813040559987004,0.8501823635783934
25572,LOF,0.05561603926368604,0.1041208029344656,0.8402631578018485
25573,LOF,0.030838136610525677,0.06714813204673636,0.902013731342738
25574,LOF,0.017939831710987293,0.11979328183666221,0.8622668864523504
25575,LOF,0.05576918195160935,0.09312897830760924,0.8511018397407815
25576,LOF,0.0205593920848083,0.09293803827709358,0.8865025696380981
25577,LOF,0.013505889816812036,0.10510886262018714,0.8813852475630007
25578,LOF,0.23866273441095362,0.07509411501542826,0.6862431505736182
25579,LOF,0.24087608935080176,0.07438337259952983,0.6847405380496685
25580,LOF,0.03899848490601881,0.07904621456606695,0.8819553005279142
25581,LOF,0.04867660004844367,0.06187972256339461,0.8894436773881618
25582,LOF,0.04808219919420395,0.05871384973535211,0.8932039510704438
25583,LOF,0.03650549565330189,0.08937546436441399,0.874119039982284
25584,Neutral,0.5130647892850799,0.06737892715066095,0.4195562835642591
25585,LOF,0.028785565302637768,0.08876092351321131,0.8824535111841509
25586,LOF,0.0322090954612468,0.06220518206920898,0.9055857224695443
25587,LOF,0.02943494917997463,0.0510406792454965,0.9195243715745288
25588,LOF,0.03388902669467702,0.07269146769966858,0.8934195056056544
25589,Neutral,0.632370500110752,0.07366696089187758,0.29396253899737046
25590,LOF,0.02512953226217823,0.10274165674082011,0.8721288109970017
25591,LOF,0.10676757705807872,0.04656521870360804,0.8466672042383133
25592,LOF,0.09485255525312537,0.11443152997557039,0.7907159147713042
25593,LOF,0.01461958459360076,0.2286353927789946,0.7567450226274045
25594,LOF,0.03408864608047651,0.16449295420904766,0.8014183997104758
25595,LOF,0.0652248355563842,0.11513108876645849,0.8196440756771574
25596,LOF,0.08324987229505319,0.08403598498929221,0.8327141427156547
25597,LOF,0.0806000053976599,0.04436299174233262,0.8750370028600075
25598,LOF,0.047485679905123604,0.16942206895686096,0.7830922511380154
25599,GOF,0.007574683434795381,0.5915073829909353,0.4009179335742694
25600,GOF,0.008698638643850145,0.5467369893585146,0.4445643719976353
25601,LOF,0.007635993988077429,0.3614771993996652,0.6308868066122574
25602,LOF,0.012792418429882583,0.06827857221278939,0.918929009357328
25603,LOF,0.042436110855154474,0.03838883349658992,0.9191750556482556
25604,LOF,0.03590592435934774,0.07518720686904216,0.8889068687716101
25605,LOF,0.011769491056017241,0.22177140481687885,0.766459104127104
25606,GOF,0.05546207681211484,0.5248013135140256,0.4197366096738596
25607,LOF,0.003601331597775344,0.1634707798170098,0.8329278885852149
25608,LOF,0.04364245600956828,0.05410931339989523,0.9022482305905365
25609,LOF,0.06711250709884084,0.29260796438890274,0.6402795285122564
25610,LOF,0.044387953467664304,0.03759422998799014,0.9180178165443457
25611,LOF,0.06371101551814078,0.02622667507135815,0.9100623094105011
25612,LOF,0.12764625983304065,0.05828512291985841,0.814068617247101
25613,LOF,0.10804833678347388,0.050175112856724526,0.8417765503598015
25614,LOF,0.03815804806407575,0.04725203588184723,0.9145899160540769
25615,LOF,0.07784477191977268,0.062516019600428,0.8596392084797994
25616,LOF,0.035734060051128606,0.060554321503465236,0.9037116184454062
25617,LOF,0.04816286968011025,0.05186174904364413,0.8999753812762457
25618,LOF,0.2574877914364272,0.04771513060159198,0.6947970779619808
25619,LOF,0.042043967321019636,0.049007971132144466,0.9089480615468359
25620,LOF,0.03930992556680466,0.06841357425876606,0.8922765001744293
25621,LOF,0.04948880900693525,0.05351577479154681,0.8969954162015179
25622,LOF,0.03343880675158157,0.06956169638031831,0.8969994968681001
25623,LOF,0.05814782027922972,0.04580545923326854,0.8960467204875017
25624,LOF,0.029877361776979125,0.05596738584513406,0.9141552523778868
25625,LOF,0.043983873273265396,0.07173030631376515,0.8842858204129695
25626,LOF,0.08245501832298185,0.04208077931255573,0.8754642023644624
25627,Neutral,0.5946063313652774,0.12164468005536822,0.2837489885793543
25628,LOF,0.19725358621477782,0.06244927702639687,0.7402971367588252
25629,LOF,0.06517597855252633,0.11457553868931669,0.8202484827581571
25630,LOF,0.172060320969108,0.10477521160085207,0.7231644674300399
25631,Neutral,0.6015467763494545,0.0711923049595906,0.3272609186909549
25632,LOF,0.020147645110192527,0.0736691088733761,0.9061832460164313
25633,LOF,0.23785140720398007,0.0751921469304083,0.6869564458656117
25634,LOF,0.038891296601059146,0.07433616032130434,0.8867725430776364
25635,LOF,0.038555844723566705,0.06273053123084948,0.8987136240455839
25636,GOF,0.005227428406594201,0.6642667079853647,0.3305058636080411
25637,GOF,0.003901252273301865,0.6032772485424243,0.3928214991842739
25638,GOF,0.007211192769767024,0.5183655992258166,0.4744232080044163
25639,LOF,0.00428055399405698,0.4614896513703336,0.5342297946356094
25640,GOF,0.3220836334585088,0.625614019270355,0.052302347271136265
25641,LOF,0.006098974219231377,0.3131329969560134,0.6807680288247552
25642,LOF,0.25909323223641134,0.09052827525827328,0.6503784925053153
25643,LOF,0.26597191329800185,0.16697827835773663,0.5670498083442614
25644,GOF,0.015698967018580548,0.627969816053762,0.3563312169276576
25645,GOF,0.013558000960188782,0.5785523044172429,0.4078896946225682
25646,LOF,0.01202777754278985,0.40081380310132353,0.5871584193558865
25647,LOF,0.012608533408494986,0.30154402552355025,0.6858474410679548
25648,LOF,0.008836474859208852,0.398955898438775,0.5922076267020162
25649,LOF,0.00914036787093918,0.21806919851544593,0.7727904336136149
25650,GOF,0.028314076670768133,0.5091383175144834,0.4625476058147485
25651,LOF,0.007133024930648239,0.2705463917146198,0.7223205833547319
25652,LOF,0.013535903712673712,0.3307633708476658,0.6557007254396604
25653,GOF,0.05344569477386077,0.5000041721580247,0.44655013306811453
25654,LOF,0.009665265388906785,0.3618063497237002,0.628528384887393
25655,GOF,0.08470551628945673,0.4725304616639288,0.4427640220466144
25656,LOF,0.096510910853275,0.15759899427789284,0.7458900948688321
25657,LOF,0.2896582421677708,0.06248574919799282,0.6478560086342363
25658,LOF,0.03318773429008135,0.2385401707174847,0.7282720949924338
25659,LOF,0.21711344949551636,0.1377630875037544,0.6451234630007292
25660,LOF,0.10654465311849917,0.06491928677264736,0.8285360601088534
25661,LOF,0.07640578344608485,0.06270976510616512,0.8608844514477499
25662,LOF,0.0432451615912952,0.054518455678177286,0.9022363827305275
25663,LOF,0.05513745932640572,0.10114298519252668,0.8437195554810677
25664,LOF,0.03159577882834692,0.169605207029135,0.7987990141425181
25665,LOF,0.043679816043669224,0.05192240581220949,0.9043977781441213
25666,LOF,0.04435699613346245,0.17342069600682303,0.7822223078597145
25667,LOF,0.04380832054822226,0.0415668005426024,0.9146248789091754
25668,LOF,0.06522308224269924,0.05317763370990872,0.8815992840473922
25669,LOF,0.059501809361212805,0.07202456491272641,0.8684736257260607
25670,LOF,0.07589707467068522,0.09400009355533524,0.8301028317739796
25671,LOF,0.057766220212318344,0.03884045008647929,0.9033933297012023
25672,LOF,0.050140715141247766,0.05683283539904431,0.8930264494597079
25673,LOF,0.04067972847885208,0.07610642545948573,0.8832138460616622
25674,LOF,0.028005452603295577,0.09584796156446476,0.8761465858322396
25675,LOF,0.033838982251027605,0.06573865416890817,0.9004223635800642
25676,LOF,0.044259515500474515,0.05329921999937198,0.9024412645001535
25677,LOF,0.11074592177092016,0.04506332497363771,0.8441907532554421
25678,LOF,0.22177069225269966,0.03837494819570984,0.7398543595515905
25679,LOF,0.1384078796048423,0.05563220896800124,0.8059599114271565
25680,LOF,0.12162912282423699,0.07377102535131617,0.8045998518244468
25681,LOF,0.1367931082002781,0.06947622812527808,0.7937306636744439
25682,LOF,0.058893759067731005,0.04491587624998179,0.8961903646822871
25683,LOF,0.08753833034476631,0.07352505265541819,0.8389366169998156
25684,LOF,0.08344197065523101,0.05722980944216339,0.8593282199026057
25685,LOF,0.13101841689452537,0.05683008475064227,0.8121514983548325
25686,LOF,0.02740961692954153,0.09862943664345637,0.8739609464270021
25687,LOF,0.052140913892826386,0.11174142211365404,0.8361176639935196
25688,LOF,0.020612021947905883,0.07626781268108579,0.9031201653710083
25689,LOF,0.015175298800133904,0.035378857391496855,0.9494458438083693
25690,LOF,0.017796401338307042,0.043302219491953294,0.9389013791697397
25691,LOF,0.12496616077924273,0.07343420508898409,0.8015996341317732
25692,LOF,0.28795261126218835,0.01342992249806106,0.6986174662397505
25693,LOF,0.02911002596630215,0.32024056647799054,0.6506494075557073
25694,LOF,0.2390465336922935,0.012562384474292827,0.7483910818334137
25695,LOF,0.1722771932451285,0.027119846935445224,0.8006029598194263
25696,LOF,0.0838406500972893,0.02517537795344541,0.8909839719492653
25697,LOF,0.07075019476682128,0.026735799079210722,0.902514006153968
25698,LOF,0.015506461854746547,0.36491836693368995,0.6195751712115636
25699,LOF,0.10217881235067805,0.1382149487729889,0.759606238876333
25700,LOF,0.03825236613605206,0.02440228533198186,0.9373453485319662
25701,LOF,0.014169845149959294,0.1453544427245256,0.8404757121255152
25702,GOF,0.027153435202914564,0.7403816290709753,0.23246493572611024
25703,LOF,0.016869181286567052,0.2508399026243363,0.7322909160890967
25704,LOF,0.07744174041372905,0.16234163312513794,0.7602166264611331
25705,LOF,0.0695271137579415,0.17059418961340728,0.7598786966286513
25706,GOF,0.018224572722110133,0.6417638870081611,0.3400115402697288
25707,GOF,0.029575916096022687,0.5194878667316006,0.45093621717237664
25708,GOF,0.007941389018282228,0.4964421820372094,0.4956164289445083
25709,LOF,0.03172489791910909,0.062260350234741677,0.9060147518461493
25710,LOF,0.006095307851228178,0.13502595732052394,0.8588787348282478
25711,LOF,0.03587829852619652,0.11964016597557105,0.8444815354982325
25712,LOF,0.008246842847954986,0.20329538442130213,0.7884577727307429
25713,LOF,0.02933521174927663,0.10934932779735869,0.8613154604533646
25714,LOF,0.02699850484418814,0.15462208331066488,0.818379411845147
25715,LOF,0.03476973647679243,0.13158370028684915,0.8336465632363583
25716,LOF,0.006595840673622799,0.14143964425786237,0.8519645150685149
25717,LOF,0.006025690941111879,0.1152853795373739,0.8786889295215141
25718,LOF,0.031966787639603915,0.07459009591692446,0.8934431164434717
25719,LOF,0.033061569938137095,0.110795058504883,0.85614337155698
25720,LOF,0.030352350420121445,0.12016577546375871,0.8494818741161199
25721,LOF,0.03136613743234611,0.11328592653416247,0.8553479360334915
25722,LOF,0.019662864680151663,0.1562552888661724,0.824081846453676
25723,LOF,0.036409995384940934,0.1109891253365381,0.8526008792785209
25724,LOF,0.05195058552980417,0.24343285121266847,0.7046165632575274
25725,LOF,0.03508940885860419,0.09683702830986628,0.8680735628315295
25726,LOF,0.02252681995179187,0.13069804093596576,0.8467751391122423
25727,LOF,0.034217297650803065,0.09070713597603158,0.8750755663731654
25728,LOF,0.03352175011000467,0.11669074194938636,0.849787507940609
25729,LOF,0.03571310814593613,0.1197824108402662,0.8445044810137976
25730,LOF,0.040109587155135344,0.07773945669177465,0.88215095615309
25731,LOF,0.010730063903947923,0.10194750335018224,0.8873224327458697
25732,LOF,0.023033342406157984,0.06290504563769848,0.9140616119561435
25733,LOF,0.03323697305603151,0.07437463306601369,0.8923883938779549
25734,LOF,0.006329398046854124,0.2735696731915766,0.7201009287615693
25735,LOF,0.029810572787610262,0.08070567334071584,0.8894837538716739
25736,LOF,0.027829392031128407,0.13494578589999887,0.8372248220688727
25737,LOF,0.04419694219798046,0.10224048140944356,0.8535625763925759
25738,LOF,0.031044011843781787,0.16246946801603518,0.8064865201401831
25739,LOF,0.03150034423511474,0.10920881773869225,0.859290838026193
25740,LOF,0.0429027100913556,0.12137197739638196,0.8357253125122625
25741,LOF,0.05104462586090299,0.10158870194754974,0.8473666721915473
25742,LOF,0.050651530534275145,0.11335509984740381,0.835993369618321
25743,LOF,0.011676983266530456,0.025395613600577925,0.9629274031328916
25744,LOF,0.20798853585442736,0.180322432837275,0.6116890313082977
25745,LOF,0.04502000144441954,0.07119065617172227,0.8837893423838581
25746,LOF,0.01592170395980517,0.12194471982838948,0.8621335762118054
25747,LOF,0.04723974728796545,0.03191125132094062,0.920849001391094
25748,LOF,0.2977747800388815,0.08703293799936634,0.615192281961752
25749,LOF,0.01806289277400214,0.06021279931331352,0.9217243079126843
25750,LOF,0.023631990753911977,0.07216785651620697,0.9042001527298811
25751,LOF,0.044956583104451345,0.06223927185524156,0.8928041450403071
25752,GOF,0.0738907811020078,0.7053968381149389,0.22071238078305327
25753,LOF,0.007279880199667939,0.4718491186792513,0.5208710011210809
25754,GOF,0.007600895504429588,0.8983138584227568,0.09408524607281342
25755,LOF,0.008068327572288097,0.44848230831960756,0.5434493641081044
25756,LOF,0.021130921648637353,0.4756899189385381,0.5031791594128245
25757,GOF,0.0077428433443174115,0.8770455711249396,0.11521158553074291
25758,GOF,0.008600945193859656,0.9146581480262123,0.07674090677992794
25759,GOF,0.006324596985017784,0.6844254046312604,0.3092499983837218
25760,LOF,0.005243165006961683,0.3521192098567669,0.6426376251362713
25761,GOF,0.04831801961493167,0.8844251355878784,0.06725684479718985
25762,LOF,0.02354705426800748,0.4078300214226783,0.5686229243093142
25763,LOF,0.006036392962720298,0.34591511526382496,0.6480484917734548
25764,GOF,0.07517530796096618,0.7273762733732577,0.19744841866577623
25765,GOF,0.009333222356994214,0.9103992612636422,0.08026751637936368
25766,GOF,0.025335620725315096,0.8756608640566851,0.09900351521799987
25767,GOF,0.019141271016050353,0.5681138558259404,0.41274487315800906
25768,LOF,0.059772227882325606,0.04441826106557371,0.8958095110521006
25769,LOF,0.024740094548228925,0.09159845653529512,0.883661448916476
25770,LOF,0.13967049463363715,0.14671697224336297,0.7136125331229999
25771,LOF,0.01862389897232595,0.10805108989490501,0.8733250111327691
25772,LOF,0.030336164268158123,0.046286541263019766,0.923377294468822
25773,LOF,0.013720278664327424,0.11601326720582571,0.8702664541298468
25774,LOF,0.0233357445581233,0.24786841919912386,0.7287958362427528
25775,LOF,0.017006164505196972,0.0498638922637823,0.9331299432310207
25776,LOF,0.03169795274653956,0.027631810083962684,0.9406702371694977
25777,LOF,0.2571284038639496,0.13164326272348348,0.6112283334125669
25778,LOF,0.02401858307602925,0.10059025700359027,0.8753911599203805
25779,GOF,0.05185594976153104,0.8593405453169274,0.08880350492154168
25780,GOF,0.07700499951948847,0.8565900470857547,0.06640495339475681
25781,GOF,0.030725779395523217,0.815016573965527,0.15425764663894992
25782,GOF,0.038675261356915513,0.8842970882254345,0.07702765041765003
25783,GOF,0.04253319220053197,0.8893387184799332,0.06812808931953489
25784,GOF,0.0971958129516551,0.8439411012794433,0.0588630857689015
25785,GOF,0.1390807715331892,0.8138516424181175,0.047067586048693294
25786,GOF,0.013105916151749098,0.7966633982075452,0.1902306856407058
25787,GOF,0.3150346209220671,0.6263460572418541,0.05861932183607882
25788,LOF,0.019280904014646796,0.13811226610870522,0.842606829876648
25789,GOF,0.02087127627013137,0.8342553229940375,0.1448734007358312
25790,GOF,0.02882339909138279,0.8546071129119506,0.11656948799666664
25791,GOF,0.030367818823534763,0.6658752918768401,0.30375688929962513
25792,GOF,0.03838992788149564,0.7336091709203122,0.2280009011981921
25793,GOF,0.05024522785497151,0.7913334677187416,0.15842130442628674
25794,GOF,0.053932706076403394,0.6691648321570967,0.2769024617665
25795,GOF,0.05565640970522245,0.6822095461295897,0.2621340441651879
25796,GOF,0.14888650029604372,0.7372017177558448,0.11391178194811158
25797,GOF,0.08326385577493087,0.6956263494071999,0.22110979481786924
25798,GOF,0.0075256415132647705,0.8060266565508958,0.18644770193583943
25799,GOF,0.004707847719860057,0.7046033603614743,0.2906887919186656
25800,GOF,0.025640829732559402,0.8501714722303007,0.12418769803713985
25801,GOF,0.0257208901887511,0.8616536961436501,0.1126254136675989
25802,GOF,0.03263181981153812,0.767506698993125,0.19986148119533695
25803,GOF,0.02370700417747362,0.7499796119484489,0.22631338387407748
25804,GOF,0.03741552906391719,0.787919468780762,0.17466500215532071
25805,GOF,0.03303387661640898,0.7958052072753963,0.17116091610819473
25806,GOF,0.04258101000914486,0.7992050440068494,0.1582139459840056
25807,GOF,0.01543057794205008,0.7453042940165824,0.23926512804136765
25808,GOF,0.0296584532669167,0.7887227962918666,0.18161875044121678
25809,GOF,0.016022504553326166,0.7096685470313059,0.2743089484153678
25810,GOF,0.014464783556707522,0.7015529762124202,0.2839822402308723
25811,GOF,0.08207473844102751,0.8313013522721869,0.08662390928678561
25812,GOF,0.041874124864575785,0.777375760474311,0.18075011466111326
25813,GOF,0.21656273131129186,0.6872323953949144,0.09620487329379385
25814,GOF,0.03926594812202153,0.7557566379997658,0.20497741387821267
25815,GOF,0.07422027935872126,0.7962471532321158,0.12953256740916283
25816,GOF,0.011834168631482534,0.8585031695209133,0.12966266184760414
25817,GOF,0.13732211499464125,0.7106276996453609,0.15205018535999784
25818,GOF,0.032763510585908935,0.7790072479659913,0.18822924144809977
25819,GOF,0.05612869184399781,0.740072569898232,0.20379873825777015
25820,GOF,0.05807950082021697,0.6886841145825212,0.2532363845972619
25821,GOF,0.04166112770899118,0.7352537397383946,0.2230851325526141
25822,GOF,0.06574199719069301,0.7104354302393608,0.22382257256994628
25823,GOF,0.03592516468972954,0.7160775471183718,0.2479972881918986
25824,GOF,0.03572506785296882,0.7664723202384107,0.19780261190862047
25825,GOF,0.026248324587132634,0.770307273938504,0.2034444014743635
25826,GOF,0.014409384474408928,0.7069455506995672,0.2786450648260238
25827,GOF,0.018805370119643647,0.7174021554256921,0.26379247445466436
25828,GOF,0.01222947344822934,0.7467911765935197,0.24097934995825104
25829,GOF,0.00506807827198882,0.6528477496125413,0.3420841721154698
25830,LOF,0.06030719334145958,0.46962143552803187,0.47007137113050845
25831,GOF,0.07473068939375238,0.7640495874624554,0.16121972314379227
25832,GOF,0.009843999352119298,0.7293360104234599,0.2608199902244209
25833,GOF,0.029872565382377578,0.8140118199639371,0.15611561465368543
25834,GOF,0.010159507982176092,0.7606969399277006,0.22914355209012324
25835,GOF,0.030509589345888575,0.8349226970713989,0.13456771358271263
25836,GOF,0.008141497005055318,0.769981907967936,0.22187659502700874
25837,GOF,0.011779417067433504,0.7742349895685199,0.21398559336404654
25838,GOF,0.02348349987890538,0.8313181890990188,0.14519831102207575
25839,GOF,0.0525644873861578,0.7662752143744909,0.18116029823935145
25840,GOF,0.09512669564367514,0.7359816643889037,0.16889163996742104
25841,GOF,0.08831830254432894,0.781954571450349,0.12972712600532207
25842,GOF,0.028465610275911983,0.8577821037027668,0.11375228602132136
25843,GOF,0.02536059992950539,0.8628429730010861,0.11179642706940862
25844,GOF,0.02151877865457838,0.8172822396528371,0.16119898169258465
25845,GOF,0.007930838701606477,0.7104710432237195,0.28159811807467405
25846,GOF,0.07653513104694107,0.8234181100264599,0.10004675892659905
25847,GOF,0.01863136723047695,0.8499987329721901,0.1313698997973331
25848,GOF,0.017848204397100834,0.814242529280889,0.16790926632201023
25849,GOF,0.0065795226495031205,0.7940265787507806,0.19939389859971626
25850,GOF,0.007245847267287879,0.6880565269065875,0.3046976258261246
25851,GOF,0.006728096837869229,0.6304184897117273,0.3628534134504035
25852,GOF,0.14767061403444162,0.467785832126205,0.3845435538393535
25853,GOF,0.06090725292258107,0.7394302730198878,0.19966247405753113
25854,GOF,0.007342534550539182,0.7201014853423533,0.2725559801071076
25855,GOF,0.025819923000906447,0.5826537407716981,0.39152633622739536
25856,GOF,0.05331266266940097,0.6880875877834468,0.2585997495471522
25857,GOF,0.02673846690286697,0.5881960343747435,0.3850654987223895
25858,GOF,0.011101294817402551,0.5500227067472917,0.43887599843530584
25859,GOF,0.00806651025678111,0.5251206537308131,0.46681283601240575
25860,GOF,0.10317485812681948,0.6674697951261526,0.22935534674702793
25861,GOF,0.10644663229769105,0.7811685745940541,0.11238479310825478
25862,GOF,0.022566725571925197,0.8908511813301332,0.08658209309794157
25863,GOF,0.020510877488968016,0.8580080082421812,0.12148111426885082
25864,GOF,0.03976844098661897,0.8800149184867696,0.08021664052661129
25865,GOF,0.03846328316553996,0.8751510594556698,0.08638565737879014
25866,GOF,0.019106709247313943,0.8763759979731522,0.10451729277953378
25867,GOF,0.04128824703650885,0.875056444600414,0.0836553083630771
25868,GOF,0.07719354381897287,0.7639692560491302,0.15883720013189684
25869,GOF,0.35500058518715566,0.5178673103862835,0.12713210442656078
25870,GOF,0.07964558413276301,0.49927150913202056,0.42108290673521637
25871,GOF,0.010291186448045225,0.7758640071543559,0.2138448063975989
25872,GOF,0.022982470764750036,0.7626397820326765,0.21437774720257358
25873,GOF,0.022055967025584725,0.844936484186174,0.13300754878824128
25874,LOF,0.027839600039653755,0.14673386159341278,0.8254265383669335
25875,LOF,0.024923874933221745,0.13438332827916033,0.8406927967876179
25876,LOF,0.02627570981644314,0.06459897363791696,0.9091253165456399
25877,LOF,0.1117062329198186,0.21222476529389828,0.6760690017862832
25878,LOF,0.06411929164562122,0.2993029974095478,0.636577710944831
25879,LOF,0.010991527869556027,0.18437852025927626,0.8046299518711677
25880,LOF,0.05465762692758036,0.018533319766994343,0.9268090533054253
25881,Neutral,0.5131968617468002,0.15447674461552272,0.33232639363767713
25882,LOF,0.04512623550192311,0.04821406733822529,0.9066596971598517
25883,LOF,0.0318866109668996,0.03580134904069711,0.9323120399924034
25884,LOF,0.016381152730249815,0.05519170098996272,0.9284271462797875
25885,LOF,0.15220931731809706,0.018660898224663762,0.8291297844572393
25886,LOF,0.26276273469547906,0.06330646819848221,0.6739307971060386
25887,LOF,0.07063716636877324,0.2587638454416807,0.670598988189546
25888,LOF,0.007425240157873801,0.24428768425515474,0.7482870755869715
25889,LOF,0.025128333875338808,0.046282397137110874,0.9285892689875503
25890,LOF,0.19819060561017024,0.07105345894613602,0.7307559354436939
25891,LOF,0.09785120788065885,0.0478007411260163,0.8543480509933249
25892,LOF,0.008314982932984433,0.024560651364770744,0.9671243657022448
25893,LOF,0.2913980354911183,0.008126175141222549,0.7004757893676591
25894,LOF,0.33320439090593096,0.005782185144256214,0.6610134239498129
25895,LOF,0.2765531076994422,0.013605372987771636,0.7098415193127862
25896,LOF,0.08882945036739938,0.028037275081269616,0.883133274551331
25897,LOF,0.11773961254401906,0.011171600327388823,0.8710887871285922
25898,LOF,0.11973470422377723,0.026037747897599318,0.8542275478786233
25899,LOF,0.41644590849295526,0.030299095412606815,0.5532549960944378
25900,Neutral,0.769848956889901,0.011360850102315528,0.2187901930077835
25901,LOF,0.0679351223594839,0.009611089378512556,0.9224537882620035
25902,LOF,0.07637020205612187,0.0092336575929778,0.9143961403509003
25903,LOF,0.1630823407651275,0.026786760255897216,0.8101308989789753
25904,Neutral,0.4874239536856935,0.054652775261092246,0.4579232710532143
25905,LOF,0.007835861273153178,0.4193406328308329,0.5728235058960138
25906,LOF,0.008833649766940396,0.0732360305441461,0.9179303196889135
25907,LOF,0.007553948107284523,0.2751818262957878,0.7172642255969277
25908,LOF,0.008090759228244874,0.25542528886604254,0.7364839519057127
25909,LOF,0.03347006084283442,0.13137359131455714,0.8351563478426085
25910,LOF,0.016220998859813318,0.1104741967562043,0.8733048043839825
25911,LOF,0.16255926064373785,0.030733353092351645,0.8067073862639105
25912,LOF,0.12363136476395468,0.014255381750099615,0.8621132534859457
25913,LOF,0.01652944319558276,0.027257920182518814,0.9562126366218984
25914,LOF,0.052000870480067456,0.036358471624283704,0.9116406578956487
25915,LOF,0.23560941832917112,0.3300270370523235,0.43436354461850524
25916,LOF,0.01319966033513468,0.1853460758186431,0.8014542638462222
25917,LOF,0.07512221973802091,0.04738463146553445,0.8774931487964446
25918,LOF,0.05402716437606666,0.02247090426666862,0.9235019313572647
25919,LOF,0.044040965751329396,0.02349390064883172,0.9324651335998388
25920,LOF,0.3279825562087851,0.24965879060023702,0.422358653190978
25921,LOF,0.02231083013846086,0.02061625276289734,0.9570729170986417
25922,LOF,0.02177037793241762,0.0180534373917633,0.9601761846758191
25923,LOF,0.4157864152764594,0.010758197456723694,0.573455387266817
25924,LOF,0.0328733143182083,0.016937134541152185,0.9501895511406395
25925,LOF,0.11915400443547076,0.02358707199987782,0.8572589235646515
25926,LOF,0.09792037960167595,0.015632854977912367,0.8864467654204117
25927,LOF,0.031183584078484688,0.02432059935564777,0.9444958165658676
25928,LOF,0.01725288346438672,0.01019806106957326,0.9725490554660401
25929,Neutral,0.5517814357512724,0.010406555389103306,0.43781200885962435
25930,LOF,0.0659001513000766,0.009521807659256337,0.924578041040667
25931,LOF,0.016613645923678245,0.010678550437982987,0.9727078036383388
25932,LOF,0.08128897428005617,0.008471469937041936,0.9102395557829019
25933,LOF,0.09817538581157041,0.006526640547987254,0.8952979736404423
25934,LOF,0.09701027215994967,0.006430228988951417,0.896559498851099
25935,LOF,0.11320761224791638,0.019073298882892917,0.8677190888691906
25936,LOF,0.09239680512129908,0.006113318790312871,0.901489876088388
25937,LOF,0.01815141715873698,0.012869810799566686,0.9689787720416962
25938,LOF,0.11441968051958504,0.017542607947860514,0.8680377115325544
25939,LOF,0.06849510960730747,0.010145116086946102,0.9213597743057464
25940,GOF,0.010992513950242994,0.5579396403203432,0.4310678457294139
25941,LOF,0.45781685828434404,0.02993856271659331,0.5122445789990626
25942,LOF,0.01015317602234771,0.05362031256863683,0.9362265114090156
25943,LOF,0.040166825627800135,0.1272358159833177,0.832597358388882
25944,LOF,0.03824672053109433,0.082772866563443,0.8789804129054628
25945,LOF,0.1468955935340675,0.026179881856489805,0.8269245246094427
25946,LOF,0.08236227861050849,0.07495779075374223,0.8426799306357493
25947,Neutral,0.44713972585055783,0.22007974212579134,0.33278053202365077
25948,Neutral,0.5194501902330405,0.019552078609111054,0.4609977311578484
25949,LOF,0.1053035553368013,0.044584524331803724,0.8501119203313949
25950,GOF,0.08006353516645154,0.6958674184027503,0.2240690464307982
25951,GOF,0.012519183569156187,0.5375541046331395,0.4499267117977043
25952,LOF,0.1399609250162794,0.3292914798276949,0.5307475951560257
25953,LOF,0.00771905865141217,0.4054778866633662,0.5868030546852216
25954,GOF,0.0647892920968918,0.5917097805111744,0.3435009273919338
25955,LOF,0.007709615173849644,0.3986434149797686,0.5936469698463818
25956,LOF,0.009095270009908162,0.4282201533447164,0.5626845766453754
25957,LOF,0.1897457627169674,0.040251465206874136,0.7700027720761585
25958,LOF,0.023932859177657265,0.060813191421541485,0.9152539494008012
25959,GOF,0.006745962774812167,0.7166286396116271,0.27662539761356075
25960,LOF,0.005305361145225253,0.11479295625508458,0.8799016825996901
25961,LOF,0.024469596812770895,0.057104054649050266,0.9184263485381788
25962,LOF,0.041944623527469534,0.10236661554476108,0.8556887609277694
25963,LOF,0.010920260825449796,0.14318575676744902,0.8458939824071011
25964,LOF,0.05505836015892973,0.09227500863810137,0.8526666312029688
25965,LOF,0.15142197758435766,0.18245473616713975,0.6661232862485026
25966,LOF,0.3022146353608146,0.274682121675361,0.4231032429638244
25967,LOF,0.00684639828697574,0.1252495475646176,0.8679040541484068
25968,LOF,0.06597494837886325,0.23688465431740952,0.6971403973037272
25969,LOF,0.13287852379175963,0.05027284798624454,0.8168486282219959
25970,LOF,0.053622918816422074,0.08516955262065816,0.8612075285629197
25971,LOF,0.07856428353152294,0.037211198667398644,0.8842245178010785
25972,LOF,0.07785933992952053,0.04060411945964814,0.8815365406108313
25973,LOF,0.08306842512391552,0.009563896360515493,0.9073676785155691
25974,LOF,0.07113459665349763,0.0360936912718687,0.8927717120746337
25975,LOF,0.028955184178554468,0.010598077482826781,0.9604467383386188
25976,LOF,0.09740962669270616,0.011377115513507688,0.8912132577937862
25977,LOF,0.19890834339859054,0.06893851757827991,0.7321531390231296
25978,LOF,0.1807044546700988,0.11124644110013679,0.7080491042297644
25979,LOF,0.12769118081211597,0.11687993149327577,0.7554288876946083
25980,LOF,0.21407183023128998,0.22371753822315632,0.5622106315455536
25981,LOF,0.2150558990324543,0.22954528210305034,0.5553988188644954
25982,LOF,0.30047829423269967,0.11532200011337394,0.5841997056539263
25983,Neutral,0.4979506142331278,0.10340502688051664,0.39864435888635547
25984,LOF,0.06208994759076852,0.05907591349911258,0.8788341389101189
25985,Neutral,0.4817924209161311,0.10073179356465689,0.417475785519212
25986,LOF,0.012065999806194593,0.37967600693941733,0.608257993254388
25987,LOF,0.033122424917498026,0.06876590410399851,0.8981116709785035
25988,LOF,0.051848884132465065,0.09011621530914335,0.8580349005583916
25989,LOF,0.05590939592702426,0.10260202105479997,0.8414885830181756
25990,LOF,0.050958308001291044,0.2110298555919642,0.7380118364067447
25991,GOF,0.02684518465694485,0.6676181635620864,0.3055366517809688
25992,LOF,0.011635429437361835,0.47385964849832024,0.514504922064318
25993,LOF,0.01844117488355635,0.09699956874651008,0.8845592563699336
25994,LOF,0.02494167877668668,0.09908982816965618,0.8759684930536572
25995,LOF,0.015594638516126679,0.17571869372756918,0.808686667756304
25996,GOF,0.3096624571329617,0.5185368352465051,0.1718007076205332
25997,GOF,0.05693983239236708,0.6782107555259631,0.2648494120816698
25998,LOF,0.24092072212337187,0.03283343285228242,0.7262458450243457
25999,LOF,0.026786863535247767,0.2884431913996731,0.6847699450650792
26000,LOF,0.156619920171349,0.012484838839293185,0.8308952409893579
26001,LOF,0.1610834680313522,0.016302923011143767,0.8226136089575041
26002,LOF,0.10461665400162196,0.015634580090255253,0.8797487659081228
26003,GOF,0.0070632998136892075,0.5936566958825489,0.39928000430376204
26004,GOF,0.014872676804309681,0.5901664174119017,0.3949609057837886
26005,GOF,0.005205823616596488,0.4978926974177669,0.49690147896563647
26006,GOF,0.10216248097719154,0.5604749367163749,0.33736258230643335
26007,GOF,0.01008537836960019,0.5482796926606811,0.4416349289697187
26008,GOF,0.00717319806729434,0.6012727800614479,0.39155402187125776
26009,GOF,0.012967442233250834,0.6423191215649008,0.3447134362018485
26010,GOF,0.01015237230052818,0.557909806116264,0.4319378215832079
26011,LOF,0.006449623592729882,0.4250825952785722,0.5684677811286979
26012,GOF,0.005982179059381202,0.5576697518900368,0.4363480690505821
26013,GOF,0.012022926999033099,0.49702782929964434,0.49094924370132254
26014,LOF,0.06021587424697458,0.06930038190757393,0.8704837438454515
26015,LOF,0.3632640139924951,0.034459913563452606,0.6022760724440523
26016,LOF,0.24670738873480758,0.052507433439359125,0.7007851778258333
26017,LOF,0.01719798693070433,0.180155584775344,0.8026464282939517
26018,LOF,0.021313399193391966,0.10715080128624423,0.8715357995203639
26019,LOF,0.021260655293334516,0.09857937846888605,0.8801599662377794
26020,LOF,0.007132348116076801,0.1763648626354217,0.8165027892485016
26021,LOF,0.08661552801769198,0.08428567749069561,0.8290987944916125
26022,LOF,0.04663714211400336,0.03789004114027078,0.9154728167457259
26023,LOF,0.02954159220701231,0.08429990095450086,0.8861585068384868
26024,LOF,0.05136959265803292,0.06553905967960748,0.8830913476623595
26025,LOF,0.16356214970301072,0.08838128690944885,0.7480565633875405
26026,LOF,0.13473493353006546,0.06654113987593012,0.7987239265940045
26027,LOF,0.03241399923888056,0.046828824410301624,0.9207571763508177
26028,LOF,0.07203490066740258,0.2381822927265962,0.6897828066060012
26029,LOF,0.0350821565314629,0.1470577010572501,0.8178601424112869
26030,LOF,0.1316034936091525,0.018936320906577073,0.8494601854842705
26031,LOF,0.0159948962839243,0.1547094027745424,0.8292957009415334
26032,LOF,0.027107379719420465,0.0309931443150479,0.9418994759655316
26033,LOF,0.04505224353390101,0.05948646738278433,0.8954612890833146
26034,LOF,0.02375795073092995,0.09225576222796458,0.8839862870411055
26035,LOF,0.014325258730154614,0.10984311518642978,0.8758316260834157
26036,LOF,0.012945338065634394,0.09256074955692889,0.8944939123774368
26037,LOF,0.012885424248893195,0.10004637157937907,0.8870682041717278
26038,LOF,0.023970787867675206,0.0307739621062192,0.9452552500261057
26039,LOF,0.03368085482596813,0.13885161300706753,0.8274675321669643
26040,LOF,0.07740361962091591,0.18744000074894876,0.7351563796301354
26041,LOF,0.015791036569060456,0.11171380344873622,0.8724951599822033
26042,LOF,0.014756421305076331,0.11947007894510667,0.865773499749817
26043,LOF,0.023523920817041688,0.059553353267147426,0.9169227259158109
26044,LOF,0.00806704067952829,0.05501342065713253,0.9369195386633392
26045,LOF,0.08495188887919744,0.2523559035459938,0.6626922075748088
26046,LOF,0.023377860925928924,0.06052908324111509,0.916093055832956
26047,LOF,0.059322594796667676,0.052391949564133886,0.8882854556391985
26048,LOF,0.08364698399596981,0.027276349057345325,0.889076666946685
26049,Neutral,0.9344031420931199,0.006708693271513722,0.058888164635366204
26050,Neutral,0.888601454279751,0.008656544211750479,0.10274200150849856
26051,LOF,0.026018285931854606,0.2986391147941051,0.6753425992740403
26052,LOF,0.028308600474201754,0.2162520964342427,0.7554393030915556
26053,LOF,0.02711658328230849,0.15406085390892713,0.8188225628087644
26054,LOF,0.05304020363378336,0.07402038611356888,0.8729394102526479
26055,LOF,0.05759011369840745,0.07086881214960616,0.8715410741519865
26056,LOF,0.05368760049589036,0.07510731277934489,0.8712050867247647
26057,LOF,0.042142932303172995,0.01679123426822417,0.9410658334286028
26058,LOF,0.04668495766338842,0.013295672952924565,0.940019369383687
26059,LOF,0.25477682453416695,0.0965090358853411,0.648714139580492
26060,LOF,0.01931512024270354,0.1838722298128788,0.7968126499444176
26061,LOF,0.013402152451103136,0.011126414590762374,0.9754714329581344
26062,LOF,0.0064288387888735594,0.022317624189117896,0.9712535370220086
26063,LOF,0.04573585887099198,0.015570905247996751,0.9386932358810112
26064,LOF,0.00932725184319601,0.015830591676806473,0.9748421564799975
26065,LOF,0.04735715379921295,0.01695756142320674,0.9356852847775804
26066,LOF,0.04146527486551364,0.014772209776459414,0.943762515358027
26067,LOF,0.04907823148419723,0.01277085508107527,0.9381509134347275
26068,LOF,0.05073927170885252,0.049328253822868644,0.8999324744682788
26069,LOF,0.15889395947570217,0.043096040812803604,0.7980099997114942
26070,LOF,0.38201520820642965,0.02342448726669163,0.5945603045268787
26071,LOF,0.050742745860418825,0.018475524804012964,0.9307817293355681
26072,LOF,0.00836533067909616,0.019183665664940612,0.9724510036559632
26073,LOF,0.04698465305858056,0.0125783309703838,0.9404370159710356
26074,Neutral,0.7039185453623316,0.019423623100138333,0.2766578315375302
26075,LOF,0.03807826776352778,0.036009178124145474,0.9259125541123266
26076,LOF,0.05127051940312499,0.01707131039981759,0.9316581701970574
26077,LOF,0.17095364137493632,0.016017125311967,0.8130292333130967
26078,LOF,0.007053660223208398,0.026423651336252903,0.9665226884405387
26079,LOF,0.05456586365079428,0.035974722480838876,0.9094594138683669
26080,LOF,0.05372611359695279,0.03628609504292629,0.909987791360121
26081,LOF,0.050176783284866855,0.014828190676410972,0.9349950260387222
26082,LOF,0.007785836760508249,0.02159000984156222,0.9706241533979295
26083,LOF,0.04909064592183753,0.031074274669304285,0.9198350794088582
26084,LOF,0.06527457165476921,0.017349525910825635,0.9173759024344053
26085,LOF,0.06534912769137292,0.014873500201036427,0.9197773721075907
26086,LOF,0.03935099249000536,0.0187113621408623,0.9419376453691324
26087,LOF,0.04619003185347639,0.017132239621033076,0.9366777285254905
26088,LOF,0.0072361239441449,0.036058565795181914,0.9567053102606733
26089,LOF,0.03495253985739162,0.055092926176881524,0.9099545339657269
26090,LOF,0.03480459531213839,0.045563076612125684,0.9196323280757359
26091,LOF,0.03473015515013706,0.014655759646537932,0.950614085203325
26092,LOF,0.045969771128398874,0.013067578585303824,0.9409626502862973
26093,LOF,0.07217551526082451,0.008438749895145014,0.9193857348440304
26094,LOF,0.043524043621990575,0.011664624761004962,0.9448113316170046
26095,LOF,0.012331811559101893,0.02735961439629609,0.960308574044602
26096,LOF,0.3147604865039754,0.004374943422684396,0.6808645700733402
26097,LOF,0.007220325327003232,0.05054132759192577,0.9422383470810711
26098,LOF,0.05692218762426547,0.0368549134231126,0.906222898952622
26099,LOF,0.05223584863327708,0.036543695739746085,0.911220455626977
26100,LOF,0.05223584863327708,0.036543695739746085,0.911220455626977
26101,LOF,0.04362400686982669,0.05396803211329962,0.9024079610168738
26102,LOF,0.04153325238151007,0.021797739510273313,0.9366690081082167
26103,Neutral,0.8814630802872617,0.042986349355047526,0.07555057035769076
26104,LOF,0.046026075683630964,0.10486768514816534,0.8491062391682036
26105,LOF,0.2437186849068185,0.074009807377581,0.6822715077156006
26106,LOF,0.29682466634265775,0.032778590085415796,0.6703967435719264
26107,LOF,0.0194739717096812,0.057498829989803595,0.9230271983005153
26108,LOF,0.17658422026088422,0.0659347477298325,0.7574810320092832
26109,LOF,0.055791865370537215,0.0428514358461124,0.9013566987833503
26110,Neutral,0.5229940326425603,0.02730077812255937,0.44970518923488023
26111,LOF,0.06121424066730083,0.18349102928911054,0.7552947300435886
26112,LOF,0.07040149026701219,0.01828453264998579,0.9113139770830021
26113,LOF,0.07865615804605101,0.03746980176947499,0.883874040184474
26114,LOF,0.1109052358214691,0.013032015659939888,0.8760627485185911
26115,LOF,0.020146491416103317,0.0814451199654002,0.8984083886184966
26116,LOF,0.05709923516703903,0.029155110585241607,0.9137456542477195
26117,LOF,0.32381636024851246,0.07474268171995592,0.6014409580315315
26118,LOF,0.038459482132270344,0.022522879591266688,0.939017638276463
26119,LOF,0.005705912984951317,0.09330990782860478,0.9009841791864439
26120,LOF,0.03040136902932001,0.020305435924017276,0.9492931950466627
26121,LOF,0.0039629352038398095,0.12089055865507085,0.8751465061410894
