feature0,prediction,LoGoFunc_Neutral,LoGoFunc_GOF,LoGoFunc_LOF
25546,Neutral,0.6521295821418545,0.05161143135687113,0.2962589865012743
25547,Neutral,0.4825882244404645,0.09938837272792563,0.41802340283161
25548,Neutral,0.48819599952536896,0.07948884870272585,0.43231515177190527
25549,LOF,0.42073140771675127,0.07488383833818169,0.504384753945067
25550,LOF,0.35232963807958395,0.14363269090038502,0.504037671020031
25551,LOF,0.26182184083535326,0.16279997170975463,0.5753781874548921
25552,LOF,0.19488967011557126,0.15505482991042385,0.6500554999740048
25553,Neutral,0.8014255494171182,0.0378105712859131,0.16076387929696867
25554,LOF,0.22319991706378658,0.1469051727771708,0.6298949101590426
25555,LOF,0.18538442573121375,0.13131414126565383,0.6833014330031324
25556,LOF,0.3958344140797363,0.11999935756443687,0.4841662283558267
25557,LOF,0.17972769493769922,0.1338885336999578,0.686383771362343
25558,LOF,0.21410234506765208,0.14364934251866732,0.6422483124136806
25559,LOF,0.17694609391444435,0.14927465032773723,0.6737792557578184
25560,LOF,0.07883840106640037,0.12466692857552016,0.7964946703580795
25561,LOF,0.1540856373433484,0.11452233746711592,0.7313920251895357
25562,LOF,0.07437387484248106,0.08719854727698075,0.8384275778805382
25563,LOF,0.10399343011429375,0.07618530267659261,0.8198212672091135
25564,LOF,0.19867616660220888,0.15198142731734315,0.649342406080448
25565,LOF,0.14354029919117461,0.14848878969826249,0.7079709111105629
25566,GOF,0.01803580688857377,0.7740057999912255,0.20795839312020054
25567,LOF,0.018591359386389526,0.2257395988849034,0.7556690417287071
25568,LOF,0.049849048008050546,0.09869260336591716,0.8514583486260323
25569,LOF,0.05218316945751136,0.09773684450187803,0.8500799860406106
25570,LOF,0.030427523442280342,0.14189891416277683,0.8276735623949428
25571,LOF,0.028795745501197855,0.137858958230352,0.8333452962684501
25572,LOF,0.03362488457050222,0.16302027906247935,0.8033548363670184
25573,LOF,0.02588709565750829,0.13541893311160352,0.8386939712308883
25574,LOF,0.018296690207145996,0.20137804469838005,0.7803252650944739
25575,LOF,0.0235041711673222,0.14826109103997281,0.8282347377927051
25576,LOF,0.011686653149820515,0.19400438401022327,0.7943089628399563
25577,LOF,0.010578204765792304,0.16222343902579997,0.8271983562084076
25578,LOF,0.25604079284825726,0.13231386139537346,0.6116453457563693
25579,LOF,0.15308421803680514,0.1432054439240324,0.7037103380391625
25580,LOF,0.01782779857759099,0.11503910426077792,0.8671330971616311
25581,LOF,0.042336985601394976,0.10041149212397789,0.8572515222746271
25582,LOF,0.04227342097483277,0.09798113514337656,0.8597454438817906
25583,LOF,0.01967945562754704,0.13309457498043173,0.8472259693920213
25584,Neutral,0.5189998000493269,0.14297626689153306,0.33802393305913997
25585,LOF,0.012650195198129486,0.181448345374044,0.8059014594278265
25586,LOF,0.016010731174596515,0.11329652066297222,0.8706927481624313
25587,LOF,0.016331214593919764,0.10405278896782995,0.8796159964382502
25588,LOF,0.01632428230046882,0.13062373901598773,0.8530519786835434
25589,Neutral,0.5813150106288316,0.17371733584541826,0.24496765352575015
25590,LOF,0.01898197679092778,0.1598579985426694,0.8211600246664029
25591,LOF,0.07965424234966112,0.08480769851145527,0.8355380591388836
25592,LOF,0.04195908992611464,0.18473876054076016,0.7733021495331253
25593,LOF,0.020210004144204947,0.2993098449097412,0.6804801509460539
25594,LOF,0.03885618384544077,0.11916329299255231,0.8419805231620069
25595,LOF,0.04420094213510676,0.08920365807440624,0.8665953997904869
25596,LOF,0.05978977480299496,0.07807389511693691,0.8621363300800682
25597,LOF,0.03926344273670951,0.08072749264727455,0.880009064616016
25598,LOF,0.03523714505152347,0.10664346931406077,0.8581193856344159
25599,GOF,0.008212861581519376,0.541590122053144,0.45019701636533654
25600,GOF,0.030416317343956157,0.5905609351417163,0.3790227475143275
25601,LOF,0.015901939382282987,0.39122650797685476,0.5928715526408623
25602,LOF,0.018670499268487316,0.052137032721515694,0.929192468009997
25603,LOF,0.05617336166928709,0.01871435134528076,0.9251122869854321
25604,LOF,0.015627617596514324,0.06776414412841304,0.9166082382750727
25605,LOF,0.008955097269503694,0.20438143243651258,0.7866634702939838
25606,LOF,0.1164663615564097,0.3420551242616384,0.5414785141819519
25607,LOF,0.005599725275782148,0.21700902349307752,0.7773912512311403
25608,LOF,0.011951504034503853,0.10260040368841186,0.8854480922770843
25609,LOF,0.06347109356170517,0.4072726583078585,0.5292562481304363
25610,LOF,0.01952728579459452,0.029951500987399876,0.9505212132180055
25611,LOF,0.020568912145585736,0.030141246035347857,0.9492898418190664
25612,LOF,0.06161053883121847,0.040630809244984856,0.8977586519237967
25613,LOF,0.053063049700716354,0.042359512650765915,0.9045774376485178
25614,LOF,0.025656678242979035,0.03482063222939066,0.9395226895276304
25615,LOF,0.017621100336506455,0.0416968892424325,0.940682010421061
25616,LOF,0.05822424321869328,0.033099531948987314,0.9086762248323195
25617,LOF,0.05601599849225156,0.03536555998170353,0.908618441526045
25618,LOF,0.07319967651836946,0.03693783896548607,0.8898624845161445
25619,LOF,0.018641860382423214,0.03570248961673006,0.9456556500008467
25620,LOF,0.07096540627000432,0.041090413636761386,0.8879441800932343
25621,LOF,0.018341758807205837,0.04056753319729246,0.9410907079955017
25622,LOF,0.023782136230313698,0.038253980223976934,0.9379638835457095
25623,LOF,0.03996059173025326,0.028841346910880084,0.9311980613588667
25624,LOF,0.021070355522883694,0.043304579720642514,0.9356250647564738
25625,LOF,0.026783364526992745,0.05061203026295365,0.9226046052100537
25626,LOF,0.058277294166819794,0.03298695854641258,0.9087357472867678
25627,Neutral,0.5856475410406001,0.12882887495358436,0.28552358400581546
25628,LOF,0.20347015839553717,0.06292618749303606,0.7336036541114267
25629,LOF,0.04565268859233964,0.06476521766025468,0.8895820937474056
25630,LOF,0.1341381741268933,0.10806957506374053,0.7577922508093662
25631,Neutral,0.6137323634147781,0.07115452581425723,0.31511311077096454
25632,LOF,0.007815316299285564,0.08721160701012565,0.9049730766905888
25633,LOF,0.2672585781518242,0.06724899529050088,0.6654924265576748
25634,LOF,0.030815373722079827,0.12547805717455449,0.8437065691033657
25635,LOF,0.03100745808213946,0.07378250567373876,0.8952100362441219
25636,GOF,0.005683149448611439,0.5267468148094738,0.46757003574191475
25637,GOF,0.007596335211852479,0.5598122668359098,0.43259139795223783
25638,LOF,0.012595476527649927,0.25923014819948803,0.728174375272862
25639,LOF,0.006323607858653187,0.43188415417578324,0.5617922379655635
25640,Neutral,0.4790730093300218,0.4313637627971441,0.08956322787283406
25641,LOF,0.013318909339336084,0.35766453121346825,0.6290165594471957
25642,LOF,0.2537558645023229,0.07085448657097343,0.6753896489267036
25643,LOF,0.13683520390510118,0.19620156923327092,0.666963226861628
25644,GOF,0.011156801428145588,0.5233960093221073,0.46544718924974715
25645,LOF,0.008256413791945355,0.47788776044636605,0.5138558257616885
25646,LOF,0.013659114394517984,0.33646663259686854,0.6498742530086135
25647,LOF,0.011495564475751861,0.3029052089782042,0.6855992265460439
25648,LOF,0.00956265836089863,0.28853278796094817,0.7019045536781532
25649,LOF,0.008433730685761356,0.2103969502387397,0.7811693190754988
25650,LOF,0.014945482690087934,0.47211735927768683,0.5129371580322253
25651,LOF,0.006267334279397945,0.3169705032666199,0.6767621624539821
25652,LOF,0.010382170956505418,0.28970493966208793,0.6999128893814066
25653,LOF,0.031822726213562504,0.44550259461443475,0.5226746791720027
25654,LOF,0.011360739849523791,0.1718090265645892,0.8168302335858871
25655,LOF,0.051962589455843165,0.4628182289078302,0.48521918163632677
25656,LOF,0.18350444063149537,0.04503819779979045,0.7714573615687141
25657,LOF,0.25992534546135576,0.026773196197368666,0.7133014583412757
25658,LOF,0.06861563907626705,0.07935537267889631,0.8520289882448365
25659,LOF,0.37166627910503025,0.07479148739239085,0.5535422335025789
25660,LOF,0.03370365962469002,0.1032751739143111,0.8630211664609989
25661,LOF,0.10720770203656281,0.06588059177314609,0.8269117061902912
25662,LOF,0.025492442568631694,0.048195824444135664,0.9263117329872327
25663,LOF,0.034999851445136274,0.06682008468482314,0.8981800638700405
25664,LOF,0.03603018742126708,0.08157984113975361,0.8823899714389792
25665,LOF,0.05000221374487208,0.03973131299777858,0.9102664732573492
25666,LOF,0.041537987189926934,0.1055976770050658,0.8528643358050073
25667,LOF,0.07277027682125867,0.05239191310865256,0.8748378100700888
25668,LOF,0.028209204697062947,0.05586266371571293,0.9159281315872241
25669,LOF,0.03064230049412566,0.0774393927445099,0.8919183067613645
25670,LOF,0.05420268078719095,0.06884820443196199,0.8769491147808471
25671,LOF,0.09080132452779258,0.04740816328453141,0.8617905121876761
25672,LOF,0.0499231478536486,0.052248305431807834,0.8978285467145435
25673,LOF,0.027371734491269673,0.06546103848696477,0.9071672270217654
25674,LOF,0.02115385459579282,0.08000861591755953,0.8988375294866476
25675,LOF,0.035017033851951714,0.08178168988602044,0.8832012762620277
25676,LOF,0.020622670014828502,0.06773466032401126,0.9116426696611603
25677,LOF,0.030117810117834192,0.07534267427238484,0.894539515609781
25678,LOF,0.18251428599293348,0.05472595807508701,0.7627597559319795
25679,LOF,0.16604130831756758,0.07102056266802534,0.762938129014407
25680,LOF,0.038557416379328066,0.11102617243450093,0.850416411186171
25681,LOF,0.06092224727442168,0.1060277537344036,0.8330499989911748
25682,LOF,0.11862279963465039,0.0798072157085657,0.8015699846567839
25683,LOF,0.0926670594716035,0.10150346318999963,0.8058294773383968
25684,LOF,0.043061720103895904,0.08237422076846995,0.874564059127634
25685,LOF,0.08222762646164088,0.07333914164244577,0.8444332318959132
25686,LOF,0.03144006875406332,0.0932483367592952,0.8753115944866414
25687,LOF,0.048082555263920655,0.08129781152351376,0.8706196332125655
25688,LOF,0.046901407623473966,0.051338249831434285,0.9017603425450919
25689,LOF,0.031312392546298654,0.05866181294697765,0.9100257945067237
25690,LOF,0.03713246632449842,0.05217946228572372,0.9106880713897779
25691,LOF,0.2702698848984457,0.06256457470236139,0.667165540399193
25692,LOF,0.2541550974232548,0.006741989483751527,0.7391029130929936
25693,LOF,0.08442789998519984,0.19345217785632263,0.7221199221584775
25694,LOF,0.26008117326138724,0.013138083424745869,0.7267807433138669
25695,LOF,0.1707535125957824,0.02639016174776919,0.8028563256564485
25696,LOF,0.11521746621113038,0.01302299575961842,0.8717595380292513
25697,LOF,0.09509888961998068,0.027246117492083787,0.8776549928879355
25698,LOF,0.046878193557789244,0.47372651285042955,0.47939529359178124
25699,LOF,0.06533409409366968,0.09969642318592109,0.8349694827204093
25700,LOF,0.061697841190442824,0.008508548014727925,0.9297936107948293
25701,LOF,0.016907965530271123,0.08552584793813292,0.8975661865315959
25702,GOF,0.02975571671024848,0.6904226754318282,0.2798216078579233
25703,LOF,0.008255759218632206,0.17424411178869534,0.8175001289926725
25704,LOF,0.04428587206663442,0.15988701744871636,0.7958271104846494
25705,LOF,0.058819196331279744,0.2159854674765572,0.725195336192163
25706,GOF,0.039180055333933886,0.5356740087595302,0.4251459359065358
25707,LOF,0.02540009899150161,0.4808082514667188,0.4937916495417797
25708,LOF,0.008712804485023913,0.39048018811748353,0.6008070073974925
25709,LOF,0.05822345232735004,0.05593477107805669,0.8858417765945932
25710,LOF,0.00528359047934657,0.1534942370447761,0.8412221724758773
25711,LOF,0.02115693934326241,0.10742459069557904,0.8714184699611585
25712,LOF,0.007233447165784302,0.17149834819770385,0.8212682046365118
25713,LOF,0.018906888914242952,0.09425771293518127,0.8868353981505758
25714,LOF,0.07225506219693915,0.11909042868704069,0.8086545091160201
25715,LOF,0.01409832440380212,0.12240081714765562,0.8635008584485423
25716,LOF,0.0059166337308980245,0.10491620201572815,0.8891671642533738
25717,LOF,0.0052518354281174935,0.09757900941517182,0.8971691551567107
25718,LOF,0.014394058939911084,0.07688843650976056,0.9087175045503283
25719,LOF,0.024413333060692658,0.085482241164436,0.8901044257748714
25720,LOF,0.024651230745568367,0.07836735015753316,0.8969814190968985
25721,LOF,0.016735636550888968,0.10245543872731515,0.880808924721796
25722,LOF,0.01449200760234979,0.12335775796419524,0.862150234433455
25723,LOF,0.020897373621143977,0.06355913137686553,0.9155434950019905
25724,LOF,0.020764636917059792,0.10265063437886275,0.8765847287040774
25725,LOF,0.014351739437165898,0.07279445105126797,0.9128538095115661
25726,LOF,0.01273509179476484,0.10069591311264875,0.8865689950925864
25727,LOF,0.015711664029459223,0.0828205342780082,0.9014678016925325
25728,LOF,0.013091080087361128,0.10778178310155945,0.8791271368110793
25729,LOF,0.013711283533066875,0.11057132477488521,0.875717391692048
25730,LOF,0.014171807528496588,0.08876999079575842,0.8970582016757449
25731,LOF,0.007566018811018072,0.13507833390589796,0.857355647283084
25732,LOF,0.014202852720601924,0.09465763330945974,0.8911395139699384
25733,LOF,0.01935964448036509,0.07123039462725698,0.9094099608923779
25734,LOF,0.005288874258223531,0.1379215448419851,0.8567895808997914
25735,LOF,0.016074973343710934,0.07768571032132347,0.9062393163349656
25736,LOF,0.015527733566425192,0.11461870044935012,0.8698535659842246
25737,LOF,0.025297201180847193,0.09009138931127626,0.8846114095078766
25738,LOF,0.01527282816101106,0.13573284860790957,0.8489943232310793
25739,LOF,0.023283066849144825,0.11252730552221862,0.8641896276286366
25740,LOF,0.03206119740461517,0.1243072052326554,0.8436315973627294
25741,LOF,0.018596574903554014,0.1050890895480504,0.8763143355483957
25742,LOF,0.12378826122769006,0.0965281076649376,0.7796836311073723
25743,LOF,0.015664099702419054,0.039821306121449566,0.9445145941761315
25744,LOF,0.18714020125873376,0.37722549961335955,0.4356342991279067
25745,LOF,0.02707675247500864,0.04926992326272562,0.9236533242622658
25746,LOF,0.015014158584739276,0.0644550726255113,0.9205307687897494
25747,LOF,0.029376925513818573,0.03569214577540948,0.934930928710772
25748,LOF,0.15369997829289925,0.060842630903807475,0.7854573908032932
25749,LOF,0.015278893583229826,0.04372576353523278,0.9409953428815374
25750,LOF,0.031420544005653354,0.06625724159556984,0.9023222143987767
25751,LOF,0.11314047539827547,0.06130801732063375,0.8255515072810907
25752,GOF,0.1094082496847945,0.6534640262913571,0.23712772402384832
25753,LOF,0.007006881846644281,0.38327200866493566,0.6097211094884201
25754,GOF,0.005316401503361048,0.844752055425702,0.14993154307093703
25755,LOF,0.009429824703250808,0.4451846487336036,0.5453855265631455
25756,LOF,0.043817629440003385,0.45624282281324935,0.4999395477467472
25757,GOF,0.005905803559247772,0.8707985960672018,0.12329560037355045
25758,GOF,0.006208210535096748,0.8647153267579528,0.1290764627069504
25759,GOF,0.004343078218835802,0.5397938958250115,0.4558630259561527
25760,LOF,0.004314028471007143,0.30882976489363867,0.6868562066353542
25761,GOF,0.03602112649610219,0.85112431935801,0.11285455414588778
25762,LOF,0.027625755663471085,0.36739671169515165,0.6049775326413772
25763,LOF,0.0055753375519718915,0.2492982500645331,0.7451264123834951
25764,GOF,0.14334274419232662,0.5327985874688288,0.32385866833884464
25765,GOF,0.010679196558692029,0.7698474584238439,0.21947334501746413
25766,GOF,0.016825034303842232,0.7928197658477831,0.1903551998483746
25767,LOF,0.023323272553314862,0.4805432299363975,0.4961334975102876
25768,LOF,0.0812971885275931,0.06495526519446962,0.8537475462779373
25769,LOF,0.07883527058358918,0.05337958166054492,0.8677851477558658
25770,LOF,0.2500121776278972,0.06265826376341496,0.6873295586086878
25771,LOF,0.011870485555796019,0.06492387800409158,0.9232056364401124
25772,LOF,0.016439864798051138,0.02664660219540517,0.9569135330065437
25773,LOF,0.010352498372119186,0.1040152231722241,0.8856322784556566
25774,LOF,0.0235993049356461,0.0664467156029503,0.9099539794614036
25775,LOF,0.01435817528485085,0.04622593649166165,0.9394158882234875
25776,LOF,0.0852354075720288,0.021173610492541527,0.8935909819354296
25777,LOF,0.29026818755493405,0.04289528021881585,0.6668365322262502
25778,LOF,0.07136101765096547,0.04031382482396426,0.8883251575250702
25779,GOF,0.05049063411668562,0.8790984114259435,0.07041095445737094
25780,GOF,0.04945141780787823,0.8610870546692013,0.08946152752292051
25781,GOF,0.021688887197369968,0.8351108776792961,0.14320023512333385
25782,GOF,0.02493834592710112,0.8762461914610493,0.09881546261184954
25783,GOF,0.012036910916293707,0.6673660998227582,0.320596989260948
25784,GOF,0.10768052783530398,0.8342866993903152,0.05803277277438081
25785,GOF,0.0704845801902835,0.8799085170509184,0.04960690275879825
25786,GOF,0.004604620187287834,0.8122897940196315,0.18310558579308062
25787,GOF,0.1940695186448793,0.7695009702178394,0.03642951113728118
25788,LOF,0.04466902340402639,0.13894158062757336,0.8163893959684003
25789,GOF,0.027925316625232576,0.8178569086057409,0.1542177747690266
25790,GOF,0.031966625489098094,0.8721088231682057,0.09592455134269624
25791,GOF,0.022942665129486305,0.8097714979051628,0.16728583696535074
25792,GOF,0.03761966012045843,0.8204458177896997,0.14193452208984178
25793,GOF,0.07921415614879287,0.8191435185659276,0.1016423252852795
25794,GOF,0.08261453416836329,0.7286033206995977,0.18878214513203911
25795,GOF,0.023433199904199217,0.7562605276607621,0.22030627243503859
25796,GOF,0.12211195645830747,0.7693968321726417,0.10849121136905092
25797,GOF,0.027079703408618486,0.6083695246048332,0.3645507719865484
25798,GOF,0.002930438991303282,0.576133894638721,0.42093566636997554
25799,LOF,0.002636724355376243,0.46736503762756754,0.5299982380170563
25800,GOF,0.008956028629476377,0.6478797965779293,0.34316417479259437
25801,GOF,0.023745956141587542,0.8255073708139271,0.15074667304448539
25802,GOF,0.014839345382549949,0.7500318359446239,0.23512881867282626
25803,GOF,0.008391647013382818,0.6395867071976892,0.35202164578892803
25804,GOF,0.009384027867244443,0.5322432353279205,0.458372736804835
25805,GOF,0.016740204662643723,0.634867353975749,0.3483924413616073
25806,GOF,0.014416885040205461,0.6702223849344342,0.31536073002536025
25807,GOF,0.004563321427787238,0.6595322840065514,0.3359043945656613
25808,GOF,0.011220324526315276,0.6583626288079598,0.33041704666572486
25809,GOF,0.004878741544422322,0.6411902803510773,0.35393097810450036
25810,GOF,0.004439145770069067,0.6577149168409326,0.3378459373889984
25811,GOF,0.0805111398014068,0.8223985614442623,0.09709029875433094
25812,GOF,0.012295785127410691,0.6721841961707616,0.3155200187018277
25813,GOF,0.09365342322605201,0.7755370125980642,0.1308095641758837
25814,GOF,0.021114371249528856,0.7333045495144043,0.24558107923606695
25815,GOF,0.034027085801545315,0.7478877909388225,0.2180851232596322
25816,GOF,0.007036258531472713,0.8085839573524941,0.18437978411603323
25817,GOF,0.060453110748053714,0.7683866663294882,0.1711602229224581
25818,GOF,0.020644456979792607,0.7757325868397869,0.20362295618042053
25819,GOF,0.0633988518944517,0.7500495331090156,0.18655161499653278
25820,GOF,0.027275970001264263,0.7347873871087509,0.23793664288998478
25821,GOF,0.015275677864542097,0.7256152067587117,0.2591091153767463
25822,GOF,0.02914553354529976,0.7501347630913104,0.22071970336338975
25823,GOF,0.010821232336271271,0.5874285764922836,0.40175019117144506
25824,GOF,0.01960643367958252,0.7341939961236599,0.2461995701967576
25825,GOF,0.011392277136174828,0.7020945020956728,0.28651322076815233
25826,GOF,0.004939454913782804,0.6597357575520809,0.33532478753413625
25827,GOF,0.0069932159829148455,0.647399852948257,0.34560693106882817
25828,GOF,0.004520227553894872,0.5862888781027872,0.40919089434331796
25829,GOF,0.0026824137512627575,0.6466297749258635,0.3506878113228737
25830,LOF,0.027740518200756313,0.4320871014787679,0.5401723803204758
25831,GOF,0.031163774971295834,0.8442029674468754,0.12463325758182872
25832,GOF,0.0070378396018266195,0.778288619136893,0.21467354126128046
25833,GOF,0.02510234063758987,0.8205696759826255,0.15432798337978468
25834,GOF,0.0067261674892070775,0.7819659618325239,0.21130787067826898
25835,GOF,0.015622734290610252,0.8166372821953619,0.16773998351402777
25836,GOF,0.0056810524606878375,0.7594153352418845,0.23490361229742754
25837,GOF,0.0054286074807587984,0.6826861544245745,0.3118852380946668
25838,GOF,0.016131222480256578,0.840087665003685,0.14378111251605824
25839,GOF,0.03140137299835932,0.8133783637471925,0.15522026325444815
25840,GOF,0.03445203155796947,0.8296271660264221,0.1359208024156085
25841,GOF,0.030522807145823068,0.8424642053048766,0.12701298754930035
25842,GOF,0.02073206416574525,0.8728956385336382,0.10637229730061652
25843,GOF,0.02321943740588182,0.8880002883620697,0.0887802742320486
25844,GOF,0.01476756170129185,0.8092179249304384,0.17601451336826962
25845,GOF,0.004871668177208237,0.5994314370032177,0.39569689481957415
25846,GOF,0.02628963543713313,0.848373835257207,0.1253365293056599
25847,GOF,0.01579425192586379,0.8920118497814922,0.09219389829264413
25848,GOF,0.013689868707645726,0.8455943268012627,0.1407158044910916
25849,GOF,0.004606683418804033,0.7181088447493363,0.2772844718318597
25850,GOF,0.005966818899796733,0.7154187890023542,0.2786143920978489
25851,GOF,0.005274404405138013,0.5982920765841652,0.3964335190106967
25852,GOF,0.14227470892237068,0.5676532118877166,0.29007207918991273
25853,GOF,0.06312163763221325,0.8492715321791442,0.0876068301886425
25854,GOF,0.009144436169618214,0.6857019022362213,0.3051536615941604
25855,GOF,0.011153647383597778,0.6020993958193046,0.3867469567970976
25856,GOF,0.032228404798889054,0.7254465138422654,0.24232508135884556
25857,GOF,0.013673564651750889,0.5671614472751146,0.41916498807313457
25858,GOF,0.00699969835289984,0.5784339245350837,0.4145663771120165
25859,GOF,0.004885482596413322,0.5504473521135086,0.444667165290078
25860,GOF,0.06105835492169332,0.811184921187115,0.1277567238911916
25861,GOF,0.10345876480141414,0.7996404166817279,0.09690081851685799
25862,GOF,0.018528778766505508,0.8409623944375793,0.14050882679591534
25863,GOF,0.016462180419907282,0.8485739444958087,0.1349638750842841
25864,GOF,0.03642227362231173,0.868661018847189,0.09491670753049926
25865,GOF,0.024475859449670723,0.8306795626879504,0.14484457786237878
25866,GOF,0.019340696031860456,0.8360521854171222,0.14460711855101727
25867,GOF,0.021068200428047575,0.8630476250016512,0.11588417457030122
25868,GOF,0.042773049009811145,0.8143375257379972,0.14288942525219148
25869,GOF,0.31685092501966006,0.5893044278990063,0.09384464708133354
25870,GOF,0.17615755767730223,0.5650701412991809,0.25877230102351695
25871,GOF,0.0192079636614168,0.8677660825398842,0.11302595379869894
25872,GOF,0.016979890813671704,0.8453803274143187,0.1376397817720096
25873,GOF,0.01679922929240219,0.8672668752688784,0.11593389543871938
25874,LOF,0.01574566574782772,0.15011133611603614,0.834142998136136
25875,LOF,0.031235105099885235,0.03912346104884102,0.9296414338512736
25876,LOF,0.0142935950797355,0.03204677253189173,0.9536596323883727
25877,LOF,0.12261318353996384,0.0649228933288764,0.8124639231311598
25878,LOF,0.049079807628244786,0.08862960150434074,0.8622905908674146
25879,LOF,0.022113846783286786,0.07866161820119844,0.8992245350155147
25880,LOF,0.04662928758415665,0.009782236338637255,0.9435884760772061
25881,Neutral,0.5720601190722129,0.08105507149056143,0.3468848094372257
25882,LOF,0.022805351784184264,0.0453437759635064,0.9318508722523093
25883,LOF,0.053557383204409954,0.027183515017784373,0.9192591017778058
25884,LOF,0.012229059045559116,0.06331160296328132,0.9244593379911595
25885,LOF,0.19773094437030164,0.00984379974776958,0.7924252558819288
25886,LOF,0.1985331894043286,0.05872780608663466,0.7427390045090367
25887,LOF,0.15428228256936477,0.06940836787786372,0.7763093495527714
25888,LOF,0.013552670173302505,0.14944364528650178,0.8370036845401958
25889,LOF,0.016520754025150124,0.038870106321539685,0.9446091396533102
25890,LOF,0.11859920140259243,0.11706210777839923,0.7643386908190084
25891,LOF,0.04558210044086957,0.05564822433583909,0.8987696752232914
25892,LOF,0.010478355604054053,0.04327969187668314,0.9462419525192629
25893,LOF,0.3767345350258267,0.011408178604785829,0.6118572863693874
25894,LOF,0.4349042834788263,0.008568463107181729,0.556527253413992
25895,LOF,0.3518825494223411,0.014782182214925008,0.6333352683627339
25896,LOF,0.04473584466186616,0.03002171876615987,0.925242436571974
25897,LOF,0.18324165037025839,0.012661492245015215,0.8040968573847265
25898,LOF,0.23423654685841924,0.039964837345750744,0.72579861579583
25899,LOF,0.2361586168072672,0.03378155859724509,0.7300598245954878
25900,LOF,0.4764636378096475,0.011449875770455512,0.512086486419897
25901,LOF,0.04347295183026661,0.013040112845689223,0.9434869353240442
25902,LOF,0.08794195316235033,0.019269254525964005,0.8927887923116857
25903,LOF,0.3250626364057219,0.0338499954844197,0.6410873681098583
25904,Neutral,0.49930141552308466,0.04227487974158145,0.458423704735334
25905,LOF,0.0072004214044070185,0.41041649326973895,0.5823830853258541
25906,LOF,0.008127840598488676,0.10603898357732093,0.8858331758241904
25907,LOF,0.004221322926657347,0.3352454730172285,0.660533204056114
25908,LOF,0.004113230796351385,0.2294061916667512,0.7664805775368974
25909,LOF,0.01586522341975469,0.14845436788528013,0.8356804086949652
25910,LOF,0.018610697999514262,0.14224840537758515,0.8391408966229006
25911,LOF,0.1584600581121162,0.03058970644074135,0.8109502354471424
25912,LOF,0.06850732212476257,0.05120753103918392,0.8802851468360535
25913,LOF,0.06006082821718071,0.0574332000035276,0.8825059717792916
25914,LOF,0.02068144380207081,0.07754813975801232,0.9017704164399168
25915,LOF,0.11805627954030416,0.27782484961132214,0.6041188708483737
25916,LOF,0.020213713690969692,0.19896825161405013,0.7808180346949801
25917,LOF,0.06095139718566623,0.052945675758494556,0.8861029270558393
25918,LOF,0.02600220888138131,0.049656577113124295,0.9243412140054943
25919,LOF,0.02183928470044348,0.0508104251867416,0.9273502901128149
25920,LOF,0.11274131291572098,0.2015371598751864,0.6857215272090927
25921,LOF,0.009037985186462988,0.0357277139977173,0.9552343008158197
25922,LOF,0.011040838769371281,0.028612051666624064,0.9603471095640047
25923,LOF,0.4006285399601088,0.03645306821219804,0.5629183918276931
25924,LOF,0.016060524336358156,0.04414326084801264,0.9397962148156294
25925,LOF,0.072112248306335,0.049054657585111384,0.8788330941085536
25926,LOF,0.04920841137517334,0.04359841372073971,0.9071931749040869
25927,LOF,0.01967274823675012,0.058887949865685685,0.9214393018975642
25928,LOF,0.007107998607667439,0.04972212057809951,0.9431698808142329
25929,LOF,0.4741226135038109,0.03400477610391352,0.49187261039227553
25930,LOF,0.08557736405427133,0.028437182553693673,0.8859854533920349
25931,LOF,0.00941847194573647,0.0340710212610816,0.956510506793182
25932,LOF,0.03378255243076505,0.026234488709778427,0.9399829588594565
25933,LOF,0.0406787233546536,0.01727443170829164,0.9420468449370548
25934,LOF,0.027478959323632188,0.01798852012294838,0.9545325205534195
25935,LOF,0.07008842443295452,0.0513706334618763,0.8785409421051692
25936,LOF,0.04331575375502163,0.021075850973708725,0.9356083952712697
25937,LOF,0.009839455661570835,0.03273011855242944,0.9574304257859996
25938,LOF,0.06890109156381044,0.050696496158344755,0.8804024122778448
25939,LOF,0.03304821179004947,0.02202207684574854,0.944929711364202
25940,LOF,0.008492245337617558,0.3295232465263258,0.6619845081360566
25941,Neutral,0.5389514345232214,0.02874960386401708,0.43229896161276155
25942,LOF,0.0052642416052628175,0.04623420045839747,0.9485015579363396
25943,LOF,0.030832585724407106,0.1472139151080786,0.8219534991675141
25944,LOF,0.10857910533399857,0.07203579593017538,0.819385098735826
25945,LOF,0.05704594762618781,0.020655364435142404,0.9222986879386698
25946,LOF,0.07291925969141634,0.04619878576004638,0.8808819545485372
25947,Neutral,0.501309490216531,0.08241857732310846,0.41627193246036054
25948,LOF,0.33408236967925053,0.009889542428521563,0.6560280878922279
25949,LOF,0.09255938055295525,0.050254009337451694,0.857186610109593
25950,GOF,0.040022942993456066,0.6060849394682373,0.3538921175383066
25951,LOF,0.012321206954066436,0.4127557791354637,0.5749230139104698
25952,LOF,0.2547338540962107,0.2818539054660584,0.4634122404377309
25953,LOF,0.010857427498302725,0.19090575189972692,0.7982368206019704
25954,LOF,0.04533303412225788,0.4243622363715443,0.5303047295061978
25955,LOF,0.010215551073116972,0.1427670143930556,0.8470174345338274
25956,LOF,0.02944637569003762,0.27731450615655157,0.6932391181534108
25957,LOF,0.21433066779298232,0.04132677084386865,0.7443425613631491
25958,LOF,0.05186712054536476,0.029472697140018413,0.9186601823146169
25959,GOF,0.01314325598427271,0.49858907717762646,0.48826766683810086
25960,LOF,0.005084430219691768,0.05078055929571034,0.9441350104845979
25961,LOF,0.05028834125122027,0.0279608578027449,0.9217508009460349
25962,LOF,0.03399126466410338,0.07784570036017922,0.8881630349757174
25963,LOF,0.006417723887946343,0.2538075853186327,0.739774690793421
25964,LOF,0.030470828083390748,0.10251178891042872,0.8670173830061806
25965,LOF,0.30605451365995656,0.1431860376160831,0.5507594487239603
25966,Neutral,0.4433056773330041,0.12461148805365825,0.4320828346133375
25967,LOF,0.006619917250469653,0.06772439414314611,0.9256556886063841
25968,LOF,0.04530510979503074,0.21773786729160383,0.7369570229133653
25969,LOF,0.11982897706748698,0.06526141303278098,0.814909609899732
25970,LOF,0.01976763490455069,0.08803837487524757,0.8921939902202016
25971,LOF,0.06739846955724645,0.029345570510256005,0.9032559599324976
25972,LOF,0.0563359535474734,0.04258707170047265,0.9010769747520541
25973,LOF,0.05892070339346259,0.012015035269362916,0.9290642613371745
25974,LOF,0.04425923640671734,0.03940072814988396,0.9163400354433986
25975,LOF,0.04220150307926573,0.02476411085348911,0.9330343860672452
25976,LOF,0.12553359554131546,0.012350555158565714,0.8621158493001189
25977,LOF,0.21560426263024762,0.05382534028671105,0.7305703970830414
25978,LOF,0.14878582829517173,0.14827011146270597,0.7029440602421223
25979,LOF,0.12635671309253568,0.16627689370199097,0.7073663932054733
25980,LOF,0.23883667748009454,0.162752121043762,0.5984112014761435
25981,LOF,0.23891771829487946,0.16304650777085483,0.5980357739342658
25982,LOF,0.376810061061225,0.11024710898468568,0.5129428299540894
25983,LOF,0.3833143794807111,0.13165866547092386,0.48502695504836496
25984,LOF,0.03422189204530631,0.07870490290092157,0.8870732050537721
25985,LOF,0.4101266591236668,0.13500275196596767,0.45487058891036547
25986,LOF,0.01160641127272079,0.45039200930087253,0.5380015794264067
25987,LOF,0.040932010215937474,0.13402140330273607,0.8250465864813266
25988,LOF,0.13116435522151484,0.14325558543621547,0.7255800593422697
25989,LOF,0.03934670453440136,0.18571036751615308,0.7749429279494455
25990,LOF,0.0378557989263311,0.2709580395039948,0.6911861615696742
25991,LOF,0.024187208848998526,0.3350920682155504,0.640720722935451
25992,LOF,0.02932751623016108,0.34324584484206544,0.6274266389277736
25993,LOF,0.021675000355874934,0.08594927523206469,0.8923757244120604
25994,LOF,0.016804406949446443,0.08350613784920123,0.8996894552013524
25995,LOF,0.018120364768145342,0.15827825508408205,0.8236013801477726
25996,LOF,0.29392145725119423,0.3046876782129414,0.4013908645358643
25997,LOF,0.07640864212988892,0.33108273864169857,0.5925086192284126
25998,LOF,0.30989187279414177,0.054678437447766286,0.635429689758092
25999,LOF,0.01938978202483846,0.2675153632128826,0.713094854762279
26000,LOF,0.15943703810037838,0.03661130454499471,0.8039516573546268
26001,LOF,0.29318037589382034,0.02978425276491827,0.6770353713412615
26002,LOF,0.06744183628809777,0.05984427983740418,0.872713883874498
26003,GOF,0.00392139792618179,0.630491467814897,0.3655871342589212
26004,GOF,0.005959765325140585,0.7269966588069926,0.2670435758678669
26005,GOF,0.003086390388391608,0.5200964418237451,0.47681716778786326
26006,GOF,0.08020612399574037,0.6232580545569041,0.29653582144735546
26007,GOF,0.0060211504827737995,0.5995197768196402,0.39445907269758596
26008,GOF,0.005321303801234655,0.6903791138147923,0.304299582383973
26009,GOF,0.005805516343517599,0.6902823880506066,0.3039120956058759
26010,GOF,0.006051281769106777,0.6885220013318721,0.3054267168990211
26011,LOF,0.002903646829354258,0.48764645820264524,0.5094498949680004
26012,GOF,0.004081420725907564,0.5716420684239064,0.42427651085018603
26013,GOF,0.005267742863413736,0.6222930629221674,0.3724391942144189
26014,LOF,0.037897571527773045,0.12432116548477685,0.83778126298745
26015,LOF,0.13842686127171389,0.019292591212038634,0.8422805475162474
26016,LOF,0.2704710345300619,0.03950288810918369,0.6900260773607544
26017,LOF,0.023014485646729196,0.20071577612594685,0.7762697382273238
26018,LOF,0.04992340621131937,0.03870581670335067,0.91137077708533
26019,LOF,0.04932579287159298,0.03254279106789045,0.9181314160605165
26020,LOF,0.008976817582867546,0.2033741813011857,0.7876490011159468
26021,LOF,0.0664651898237422,0.07316478429632274,0.860370025879935
26022,LOF,0.028465505651869085,0.026586098814074897,0.944948395534056
26023,LOF,0.03954455283496305,0.022443713812932652,0.9380117333521043
26024,LOF,0.04353738166797714,0.06740508690186199,0.8890575314301609
26025,LOF,0.0527396279842431,0.0789899058886355,0.8682704661271213
26026,LOF,0.08426530795944426,0.05864468936602856,0.8570900026745272
26027,LOF,0.04386069893364706,0.018670740388317734,0.9374685606780353
26028,LOF,0.09245413508306634,0.14519622059481335,0.7623496443221203
26029,LOF,0.023371973535136228,0.21569221147201784,0.760935814992846
26030,LOF,0.15906690267911494,0.033689363083261294,0.8072437342376237
26031,LOF,0.014811794160890044,0.18041391371169024,0.8047742921274198
26032,LOF,0.06407121514944566,0.07090371299112919,0.8650250718594251
26033,LOF,0.07910301255652791,0.06361021601233738,0.8572867714311347
26034,LOF,0.0167985458139745,0.18337817033248238,0.7998232838535431
26035,LOF,0.015317211050631106,0.13441769799786946,0.8502650909514994
26036,LOF,0.01635047839671663,0.16348892282230162,0.8201605987809817
26037,LOF,0.01309922454411678,0.11987064593818565,0.8670301295176975
26038,LOF,0.05522297932625136,0.06616926687263057,0.878607753801118
26039,LOF,0.02896670557942414,0.16023670629312012,0.8107965881274557
26040,LOF,0.110434122881242,0.15546795403805475,0.7340979230807032
26041,LOF,0.015724281567623098,0.10276641399000296,0.881509304442374
26042,LOF,0.014646902566261513,0.10828209017293533,0.8770710072608031
26043,LOF,0.053837319589162436,0.08229176288694778,0.8638709175238899
26044,LOF,0.01215327480677114,0.06809081562505526,0.9197559095681735
26045,LOF,0.049017875879866724,0.11507069208110911,0.8359114320390242
26046,LOF,0.048829689490622254,0.06336395248205397,0.8878063580273238
26047,LOF,0.08130804963445323,0.061534725788278316,0.8571572245772684
26048,LOF,0.04739949469732354,0.045107701882919356,0.9074928034197571
26049,Neutral,0.9627833844811021,0.007913784395575036,0.029302831123323027
26050,Neutral,0.9479863762003569,0.008582095898660366,0.04343152790098269
26051,LOF,0.013279043765963379,0.13829416459071833,0.8484267916433182
26052,LOF,0.021002194031822734,0.18575693129060605,0.7932408746775712
26053,LOF,0.02275311908097047,0.13714968266140382,0.8400971982576257
26054,LOF,0.04458338681659436,0.0224846945645222,0.9329319186188835
26055,LOF,0.05952218279702474,0.02028023190729569,0.9201975852956796
26056,LOF,0.051804679372027096,0.02463599354125546,0.9235593270867175
26057,LOF,0.03066473846748957,0.01591708584881042,0.9534181756837
26058,LOF,0.031471409538067596,0.013465162644103952,0.9550634278178285
26059,LOF,0.3215238082162132,0.024062958325662326,0.6544132334581246
26060,LOF,0.011109211489801532,0.19613839594652527,0.7927523925636732
26061,LOF,0.004787319216736499,0.016825177860562653,0.9783875029227007
26062,LOF,0.003563068990124281,0.024775009917647292,0.9716619210922285
26063,LOF,0.021523766994093984,0.013771342492217854,0.9647048905136881
26064,LOF,0.005850766253123568,0.034644437792713964,0.9595047959541625
26065,LOF,0.02416664232325165,0.014375778803588398,0.9614575788731601
26066,LOF,0.02370116692495813,0.013113632723845784,0.963185200351196
26067,LOF,0.028201158120070624,0.011430764349321526,0.9603680775306078
26068,LOF,0.042320594282348425,0.0447844803589168,0.9128949253587347
26069,LOF,0.2873718802139986,0.026929653776387046,0.6856984660096143
26070,LOF,0.44869368395507514,0.020252583553638345,0.5310537324912865
26071,LOF,0.022923632323620904,0.01387237030016467,0.9632039973762144
26072,LOF,0.005313062254331836,0.029272364240947556,0.9654145735047206
26073,LOF,0.02146816201114457,0.017533342844010695,0.9609984951448448
26074,Neutral,0.9194982642556057,0.007272626218986688,0.07322910952540765
26075,LOF,0.03762609358151859,0.023257730834979853,0.9391161755835017
26076,LOF,0.03329862513038249,0.012447988069138504,0.954253386800479
26077,LOF,0.11665229754141149,0.010266841278049894,0.8730808611805387
26078,LOF,0.00534322722467863,0.019844994355204888,0.9748117784201165
26079,LOF,0.04983950019962423,0.025083102368531538,0.9250773974318444
26080,LOF,0.0475369098742967,0.025208451624658016,0.9272546385010453
26081,LOF,0.027677139073323274,0.009887299011743815,0.962435561914933
26082,LOF,0.0038884656501837977,0.023956830795215812,0.9721547035546004
26083,LOF,0.11433677792721525,0.021551608887631288,0.8641116131851534
26084,LOF,0.04070912410379517,0.016618289704863853,0.9426725861913411
26085,LOF,0.03630800368018034,0.014648148634962051,0.9490438476848575
26086,LOF,0.02200211730247056,0.013967233401571258,0.9640306492959582
26087,LOF,0.020831945815037525,0.01216842619290837,0.9669996279920542
26088,LOF,0.005669544476978518,0.025801581355312724,0.9685288741677087
26089,LOF,0.03865196502621581,0.02731723334066439,0.9340308016331199
26090,LOF,0.039586348876031574,0.022706527714543828,0.9377071234094245
26091,LOF,0.02774019059806961,0.00888262532978825,0.963377184072142
26092,LOF,0.022838371605189436,0.0101983420891545,0.966963286305656
26093,LOF,0.04140072496261143,0.007966481385111425,0.9506327936522772
26094,LOF,0.03198075153220735,0.008393759553499672,0.9596254889142929
26095,LOF,0.018077123353100046,0.021197383012185555,0.9607254936347144
26096,LOF,0.1762166556791646,0.007156064963575821,0.8166272793572597
26097,LOF,0.004615965189897644,0.038632756688100664,0.9567512781220016
26098,LOF,0.07686353823796414,0.018723745560681744,0.904412716201354
26099,LOF,0.021641240535938515,0.018760285921124716,0.9595984735429368
26100,LOF,0.021641240535938515,0.018760285921124716,0.9595984735429368
26101,LOF,0.05105782466937493,0.026626328489356737,0.9223158468412684
26102,LOF,0.020384092980233266,0.01816851122070076,0.9614473957990659
26103,Neutral,0.8371506147012979,0.027755640461776917,0.13509374483692502
26104,LOF,0.06068244699919223,0.02726038082446139,0.9120571721763464
26105,LOF,0.23686880253152154,0.171623818371203,0.5915073790972754
26106,LOF,0.36235658242957225,0.13513382752569733,0.5025095900447304
26107,LOF,0.02046664050721741,0.12027208033742351,0.8592612791553591
26108,LOF,0.33362535206029087,0.04733199259114463,0.6190426553485644
26109,LOF,0.04015562253591469,0.062017874240701605,0.8978265032233836
26110,LOF,0.2074001554314261,0.007259502594037729,0.7853403419745362
26111,LOF,0.07095680207581653,0.0830211878238751,0.8460220101003084
26112,LOF,0.03447576678404605,0.007717593873703373,0.9578066393422505
26113,LOF,0.05549574792957085,0.015617359823545104,0.928886892246884
26114,LOF,0.08402283283422679,0.011450432639544936,0.9045267345262283
26115,LOF,0.01674844275695464,0.06750208803039304,0.9157494692126524
26116,LOF,0.1015262573114123,0.04395442789884136,0.8545193147897464
26117,LOF,0.4019165055650805,0.03705708675239016,0.5610264076825292
26118,LOF,0.030525964002237407,0.018575128805545533,0.950898907192217
26119,LOF,0.005318294732534557,0.03551062407864824,0.9591710811888172
26120,LOF,0.02559243339483763,0.017657336966000314,0.956750229639162
26121,LOF,0.0044540391561135395,0.1267203578416299,0.8688256030022566
