feature0,prediction,LoGoFunc_Neutral,LoGoFunc_GOF,LoGoFunc_LOF
25546,Neutral,0.7579358985457525,0.033346598246474124,0.20871750320777324
25547,Neutral,0.5908580006859772,0.07731254506252759,0.33182945425149535
25548,Neutral,0.5743514107917743,0.05641323742275287,0.36923535178547273
25549,Neutral,0.49096576676053305,0.05721874988376404,0.4518154833557028
25550,LOF,0.33547870901172433,0.12330094186218837,0.5412203491260873
25551,LOF,0.28222892374304387,0.13192886108505494,0.5858422151719012
25552,LOF,0.19244607445985346,0.12983213065333546,0.6777217948868111
25553,Neutral,0.8253465448713537,0.032762538931481726,0.14189091619716454
25554,LOF,0.22629887728748058,0.12150369788424191,0.6521974248282775
25555,LOF,0.17998536183064204,0.10445236972092779,0.7155622684484302
25556,LOF,0.3935107007922887,0.11148322710907309,0.49500607209863823
25557,LOF,0.17590818789738658,0.11356718071277659,0.7105246313898368
25558,LOF,0.22079635800682826,0.1248103831842419,0.6543932588089298
25559,LOF,0.38973449886315664,0.0878313845309376,0.5224341166059058
25560,LOF,0.06019765539382905,0.1647097877904516,0.7750925568157193
25561,LOF,0.11389736023866752,0.1977562838311553,0.6883463559301772
25562,LOF,0.11106618530848744,0.08859264161230349,0.800341173079209
25563,LOF,0.11485740118781913,0.0883623178938961,0.7967802809182847
25564,LOF,0.15758038040553982,0.15010292692306645,0.6923166926713937
25565,LOF,0.14236758469579835,0.14834021675397152,0.7092921985502302
25566,GOF,0.016219247047279874,0.7674376608449738,0.2163430921077464
25567,LOF,0.015459387247770547,0.14713330660739318,0.8374073061448363
25568,LOF,0.050008727297756975,0.06830037431223775,0.8816908983900053
25569,LOF,0.06220194196129273,0.070504615081774,0.8672934429569332
25570,LOF,0.06692858577857023,0.10432719590971905,0.8287442183117107
25571,LOF,0.0615343324293002,0.09614002754523461,0.8423256400254653
25572,LOF,0.06463873428071447,0.14495801733602834,0.7904032483832573
25573,LOF,0.027013450573119272,0.10194668025754262,0.8710398691693381
25574,LOF,0.016808296104620767,0.1591494119271737,0.8240422919682056
25575,LOF,0.05161671906830905,0.11109045426327734,0.8372928266684135
25576,LOF,0.020318255200302913,0.13080474139168075,0.8488770034080164
25577,LOF,0.014769399734028885,0.15600074721666485,0.8292298530493064
25578,LOF,0.23795217467517538,0.09085712770224194,0.6711906976225827
25579,LOF,0.23815579354716906,0.08984095759457392,0.6720032488582571
25580,LOF,0.03503434164234464,0.08917827142701597,0.8757873869306394
25581,LOF,0.046769977060006726,0.07953098507848656,0.8736990378615068
25582,LOF,0.046432153959204525,0.0775748702868947,0.8759929757539008
25583,LOF,0.0466105060559308,0.10469118842128301,0.8486983055227861
25584,LOF,0.43215019808387267,0.0983233473241266,0.4695264545920006
25585,LOF,0.035526763092525074,0.11597266009449814,0.8485005768129767
25586,LOF,0.03697396564679944,0.08430095669147912,0.8787250776617214
25587,LOF,0.03583192120524492,0.08389617231231114,0.880271906482444
25588,LOF,0.03704129457012778,0.10449290769936274,0.8584657977305096
25589,Neutral,0.5825987707802275,0.12296420340361076,0.29443702581616177
25590,LOF,0.027230841097765333,0.15396749020836537,0.8188016686938693
25591,LOF,0.10044576826595172,0.06692427471488144,0.8326299570191669
25592,LOF,0.0942415974781744,0.1412243215576553,0.7645340809641704
25593,LOF,0.016178390189983616,0.2776966548906632,0.7061249549193531
25594,LOF,0.028651626493454506,0.26796053479665033,0.7033878387098951
25595,LOF,0.04481546377608972,0.20883993097912484,0.7463446052447854
25596,LOF,0.05224231609378533,0.1489624723015351,0.7987952116046797
25597,LOF,0.05366998073497262,0.09953783089928309,0.8467921883657442
25598,LOF,0.03511077145858728,0.25537528806792076,0.7095139404734919
25599,GOF,0.007250133187517829,0.7974020569241975,0.19534780988828468
25600,GOF,0.00871017865414119,0.5747178435894645,0.41657197775639426
25601,GOF,0.00701688395369148,0.5069639799025426,0.4860191361437659
25602,LOF,0.019553608822536962,0.05068249447488572,0.9297638967025773
25603,LOF,0.03698400760043887,0.038010982455022053,0.9250050099445389
25604,LOF,0.04967291650566857,0.05396206757541909,0.8963650159189124
25605,LOF,0.010075745011157131,0.24691131683197842,0.7430129381568644
25606,GOF,0.06908847188986557,0.4759297764661869,0.45498175164394744
25607,LOF,0.004786247036559745,0.16482243846548547,0.8303913144979548
25608,LOF,0.060216968260891436,0.04326327081331784,0.8965197609257907
25609,LOF,0.06116514777262833,0.3428432886047764,0.5959915636225953
25610,LOF,0.044710727744074294,0.030264212142735284,0.9250250601131904
25611,LOF,0.052241917267693984,0.027776010553081723,0.9199820721792242
25612,LOF,0.09768266278002033,0.05296172097658196,0.8493556162433977
25613,LOF,0.08495857655630977,0.050735335029659406,0.8643060884140309
25614,LOF,0.03517359709807602,0.03818328813119354,0.9266431147707305
25615,LOF,0.054169280973003615,0.03863936519728661,0.9071913538297098
25616,LOF,0.037298448038293255,0.036637713708493,0.9260638382532138
25617,LOF,0.03521992670463022,0.041193013601237186,0.9235870596941326
25618,LOF,0.2319834607725323,0.03497570787896144,0.7330408313485062
25619,LOF,0.03603012461834744,0.03389061795780291,0.9300792574238497
25620,LOF,0.04305010598819061,0.04222050507803583,0.9147293889337735
25621,LOF,0.0325753052468807,0.035298670910265936,0.9321260238428533
25622,LOF,0.03040199028133907,0.04764786450755367,0.9219501452111073
25623,LOF,0.06873045849220202,0.034598938367620784,0.8966706031401773
25624,LOF,0.029369902605218833,0.046800184037559894,0.9238299133572213
25625,LOF,0.03710459753709955,0.05160563370266607,0.9112897687602343
25626,LOF,0.07304745849795874,0.036254083875494274,0.890698457626547
25627,Neutral,0.5511635877224672,0.12690160325647282,0.32193480902105986
25628,LOF,0.18176596682650664,0.06468320091995458,0.7535508322535388
25629,LOF,0.06993547077102277,0.12499616424411826,0.805068364984859
25630,LOF,0.18290076041320566,0.11336378909653068,0.7037354504902636
25631,Neutral,0.5848208257619969,0.08404379351992519,0.3311353807180779
25632,LOF,0.023718704662277008,0.07692429711883716,0.8993569982188857
25633,LOF,0.24746312375098362,0.09332546568548958,0.6592114105635268
25634,LOF,0.03701029014426589,0.104277114237202,0.8587125956185321
25635,LOF,0.05004024311715203,0.08470923779064887,0.8652505190921992
25636,GOF,0.006382051451129452,0.5905453840480722,0.4030725645007983
25637,GOF,0.005535188750190727,0.5046923024064724,0.4897725088433368
25638,LOF,0.008778430596597834,0.4030765530038514,0.5881450163995507
25639,LOF,0.005047527099089351,0.3797321720151198,0.6152203008857908
25640,GOF,0.420476885785361,0.531861407074533,0.04766170714010607
25641,LOF,0.005989811644242805,0.378023522981232,0.6159866653745253
25642,LOF,0.25141848204770867,0.08764968196190705,0.6609318359903843
25643,LOF,0.17859058839079672,0.2876860647115271,0.5337233468976762
25644,LOF,0.034985875800418065,0.44286110691290215,0.5221530172866798
25645,LOF,0.02560945741213295,0.3607717012804701,0.613618841307397
25646,LOF,0.028627037559002547,0.2511407524797943,0.7202322099612032
25647,LOF,0.022381285731738778,0.18788971587057868,0.7897289983976825
25648,LOF,0.0205150533928766,0.20920650084396866,0.7702784457631547
25649,LOF,0.019304311312924847,0.15478495561042663,0.8259107330766486
25650,LOF,0.05541877189462334,0.39360373481146216,0.5509774932939145
25651,LOF,0.01576081585029178,0.1836166024153922,0.8006225817343161
25652,LOF,0.025553979205338227,0.18413547355799034,0.7903105472366715
25653,LOF,0.11669200652773368,0.3439421611990133,0.539365832273253
25654,LOF,0.018863959075609345,0.19305888659987275,0.7880771543245179
25655,LOF,0.1423919330899425,0.24859620849858996,0.6090118584114675
25656,LOF,0.055156822198444526,0.06256705231485574,0.8822761254866996
25657,LOF,0.2916847761197892,0.026929270130886623,0.6813859537493242
25658,LOF,0.030238023572897812,0.07686403377459358,0.8928979426525085
25659,LOF,0.22347744314783866,0.058914288004745186,0.7176082688474162
25660,LOF,0.09494830848954434,0.10466798047431768,0.800383711036138
25661,LOF,0.07068955975178985,0.07285413108122075,0.8564563091669893
25662,LOF,0.03372569801213091,0.05186777909243717,0.914406522895432
25663,LOF,0.04045675202507467,0.08964584616810921,0.8698974018068162
25664,LOF,0.028293683954876,0.1399034335391819,0.8318028825059421
25665,LOF,0.052994421277664384,0.05395398046526299,0.8930515982570727
25666,LOF,0.0373869368683781,0.1946032431283358,0.7680098200032861
25667,LOF,0.032123613649766965,0.0689284141514122,0.8989479721988208
25668,LOF,0.0402451825493457,0.06576616941717366,0.8939886480334808
25669,LOF,0.0472113080383133,0.11140179320100252,0.8413868987606841
25670,LOF,0.14416691639601173,0.11027151694979427,0.7455615666541939
25671,LOF,0.041497719579095635,0.05985977564226247,0.8986425047786419
25672,LOF,0.05240047121176411,0.09133252429049493,0.856267004497741
25673,LOF,0.036522970197337655,0.09833807989057049,0.8651389499120918
25674,LOF,0.027352065979023725,0.1117342459627795,0.8609136880581968
25675,LOF,0.03491379730824693,0.09508156529644858,0.8700046373953045
25676,LOF,0.03270689527446955,0.07578540548034546,0.891507699245185
25677,LOF,0.07834673190931654,0.06764343555078253,0.8540098325399009
25678,LOF,0.13972070518917798,0.06107093364673197,0.7992083611640901
25679,LOF,0.10241004886718405,0.0866688871117007,0.8109210640211153
25680,LOF,0.08560556274855431,0.1043195234948128,0.810074913756633
25681,LOF,0.09485924845724883,0.09909424471469071,0.8060465068280606
25682,LOF,0.04989434306928189,0.08179364160801701,0.8683120153227011
25683,LOF,0.07262198340953965,0.11641156478123538,0.8109664518092251
25684,LOF,0.06154992633322569,0.07505936641759225,0.863390707249182
25685,LOF,0.12413922450676758,0.04363183813596464,0.8322289373572679
25686,LOF,0.03698657314798335,0.07875618644473116,0.8842572404072855
25687,LOF,0.069180372310524,0.0812005336525147,0.8496190940369613
25688,LOF,0.0164616100235085,0.1582007805540793,0.8253376094224122
25689,LOF,0.015132675720131817,0.08790621689530548,0.8969611073845627
25690,LOF,0.015185791660225456,0.10669625734654103,0.8781179509932335
25691,LOF,0.09533582458930927,0.16926210836237351,0.7354020670483171
25692,LOF,0.1704923396388018,0.025744037788158827,0.8037636225730395
25693,LOF,0.04705045750805412,0.17633900998949098,0.7766105325024549
25694,LOF,0.29328855384798813,0.013082707172976386,0.6936287389790355
25695,LOF,0.21981562058239856,0.017625185096846237,0.7625591943207551
25696,LOF,0.16894692206415182,0.010805216171836758,0.8202478617640113
25697,LOF,0.10551099412600921,0.036199862398774214,0.8582891434752166
25698,LOF,0.026256541683374063,0.341345961945461,0.6323974963711648
25699,LOF,0.07710626983313686,0.06849125848203184,0.8544024716848313
25700,LOF,0.036103483717272504,0.014127357218617331,0.9497691590641101
25701,LOF,0.015389254305541777,0.07518156637304288,0.9094291793214154
25702,GOF,0.023314194517608817,0.7611824884643729,0.21550331701801825
25703,LOF,0.015339646558162032,0.23352241095676604,0.7511379424850718
25704,LOF,0.0984746726433213,0.20152824491085258,0.6999970824458261
25705,LOF,0.08919688729820413,0.26501068858610854,0.6457924241156873
25706,GOF,0.020952409296977243,0.5866771173251955,0.3923704733778273
25707,GOF,0.02201328507441554,0.5566541797817767,0.4213325351438078
25708,GOF,0.008258990535796925,0.5398591019960418,0.4518819074681613
25709,LOF,0.023956368405764827,0.09252588367096679,0.8835177479232684
25710,LOF,0.005335134119181825,0.23904083138123236,0.7556240344995858
25711,LOF,0.028470079016794665,0.14415709844816788,0.8273728225350374
25712,LOF,0.006320631308543871,0.3130644945983742,0.680614874093082
25713,LOF,0.025198012473246403,0.12701217195479195,0.8477898155719616
25714,LOF,0.027286586703474044,0.16820053845074837,0.8045128748457776
25715,LOF,0.029517967637941563,0.14797714126369932,0.8225048910983591
25716,LOF,0.009595912873629533,0.13374983699063453,0.8566542501357359
25717,LOF,0.005888662740856051,0.1592055428505339,0.83490579440861
25718,LOF,0.026690562184209336,0.10272950812885351,0.8705799296869372
25719,LOF,0.03576773775151139,0.12271619992637169,0.841516062322117
25720,LOF,0.03429050961170211,0.11258709816649692,0.853122392221801
25721,LOF,0.030336771843501954,0.10814868287014673,0.8615145452863513
25722,LOF,0.018610630754090664,0.154506966002842,0.8268824032430674
25723,LOF,0.02868604449579365,0.09816100991479251,0.8731529455894138
25724,LOF,0.026680644548086177,0.17924489844188915,0.7940744570100247
25725,LOF,0.03012183572127717,0.09811892822760891,0.8717592360511138
25726,LOF,0.01955880109378446,0.13322733362903305,0.8472138652771826
25727,LOF,0.02561504594662067,0.13193135236360162,0.8424536016897777
25728,LOF,0.026795986396529997,0.11780869910533194,0.8553953144981381
25729,LOF,0.025996302218128736,0.12832281693683273,0.8456808808450386
25730,LOF,0.028057225913129317,0.09244867135402324,0.8794941027328474
25731,LOF,0.011711002081278152,0.1816482705103592,0.8066407274083627
25732,LOF,0.02304856644629101,0.10285133242720677,0.8741001011265023
25733,LOF,0.03501146102569296,0.10434541503978996,0.860643123934517
25734,LOF,0.006305965624458679,0.2883097007684195,0.7053843336071218
25735,LOF,0.025419156064031903,0.08797953882003372,0.8866013051159344
25736,LOF,0.02331869541000261,0.1421152081315484,0.834566096458449
25737,LOF,0.05352294270523085,0.14595924794776477,0.8005178093470043
25738,LOF,0.025638713667119877,0.18450694306237794,0.7898543432705022
25739,LOF,0.02922768827581402,0.15565849694948714,0.8151138147746988
25740,LOF,0.03143165472092609,0.16169744752630827,0.8068708977527657
25741,LOF,0.03629838762314835,0.14535227565960962,0.818349336717242
25742,LOF,0.04786410037154473,0.1431850856984008,0.8089508139300544
25743,LOF,0.010692714352163131,0.035133522376409224,0.9541737632714277
25744,LOF,0.20154419927657288,0.3252257637557603,0.4732300369676668
25745,LOF,0.045798313263942125,0.11904105448527942,0.8351606322507784
25746,LOF,0.0165294298157291,0.1638162170286588,0.8196543531556122
25747,LOF,0.039038537725164135,0.03236853269373769,0.9285929295810981
25748,LOF,0.2713128570120226,0.06451350140128485,0.6641736415866926
25749,LOF,0.015280747319424113,0.08948982786407289,0.895229424816503
25750,LOF,0.022446476207302054,0.09559500542400988,0.8819585183686881
25751,LOF,0.041145755261831056,0.060049884394527,0.898804360343642
25752,GOF,0.08641986464137227,0.7285124060177549,0.18506772934087284
25753,LOF,0.006441679251653484,0.40199005576569435,0.5915682649826521
25754,GOF,0.007965666193534284,0.8804428756216578,0.11159145818480784
25755,LOF,0.0056789277603900845,0.4282267358512262,0.5660943363883837
25756,LOF,0.0280973753849836,0.4338181287432938,0.5380844958717226
25757,GOF,0.008163819555600546,0.8626400948730093,0.12919608557139006
25758,GOF,0.009758745369931737,0.8647741696694285,0.1254670849606397
25759,GOF,0.005926787295198301,0.646347594299903,0.3477256184048987
25760,LOF,0.004947833164481586,0.3363060193674589,0.6587461474680595
25761,GOF,0.051700543352451826,0.8550136626506012,0.09328579399694698
25762,LOF,0.0315271327856692,0.36927493696897584,0.599197930245355
25763,LOF,0.005439859427682196,0.28178804631625537,0.7127720942560624
25764,GOF,0.060457480687660534,0.6319568630626674,0.30758565624967205
25765,GOF,0.008097291419154882,0.8749665745953087,0.11693613398553644
25766,GOF,0.04980432753401491,0.8057121626011419,0.14448350986484318
25767,GOF,0.016259836182926438,0.5468980984402615,0.436842065376812
25768,LOF,0.04630865611377242,0.06162102843762551,0.892070315448602
25769,LOF,0.0337627423523842,0.07630954218396398,0.8899277154636518
25770,LOF,0.12414664614863008,0.06412963932760579,0.8117237145237641
25771,LOF,0.015742155065244845,0.06060798672773636,0.9236498582070187
25772,LOF,0.02999698085763619,0.02606679212714833,0.9439362270152154
25773,LOF,0.01955667228691749,0.05695163227323799,0.9234916954398444
25774,LOF,0.02503443328279929,0.10149966070423555,0.8734659060129653
25775,LOF,0.018540624062187577,0.04191912017492858,0.9395402557628838
25776,LOF,0.03365383718336121,0.02183078236893922,0.9445153804476996
25777,LOF,0.12568520061699215,0.06646802312024647,0.8078467762627614
25778,LOF,0.025397010360944067,0.05082575125437991,0.923777238384676
25779,GOF,0.06468911998169273,0.8755332889958575,0.059777591022449714
25780,GOF,0.08174886073235056,0.8705233055568233,0.047727833710825986
25781,GOF,0.040225348198514976,0.8512782694533708,0.10849638234811419
25782,GOF,0.04542693802176101,0.899188168314144,0.055384893664094895
25783,GOF,0.040119429221161296,0.9172607648120904,0.0426198059667483
25784,GOF,0.10279457143397948,0.8488515289188776,0.04835389964714283
25785,GOF,0.10466875513392745,0.8598742503666361,0.03545699449943628
25786,GOF,0.01171914345380329,0.8736076204317881,0.11467323611440865
25787,GOF,0.2294787703092422,0.7271425216727012,0.04337870801805663
25788,LOF,0.01837440947349869,0.1567873089472338,0.8248382815792675
25789,GOF,0.02055350913515388,0.8483415275002437,0.1311049633646024
25790,GOF,0.02955720324284116,0.8772954117870688,0.0931473849700899
25791,GOF,0.029900223006779678,0.7619060072552305,0.20819376973798986
25792,GOF,0.03472948096652669,0.8046813662198352,0.16058915281363811
25793,GOF,0.06624022233411742,0.8372104896768652,0.09654928798901752
25794,GOF,0.04877712456116671,0.7477325245218369,0.20349035091699644
25795,GOF,0.0632329228300981,0.7222523924466886,0.21451468472321333
25796,GOF,0.1104299745716194,0.810614756157467,0.0789552692709137
25797,GOF,0.09316063414754801,0.7351359479641172,0.17170341788833493
25798,GOF,0.007227060587143596,0.7563246313365226,0.23644830807633369
25799,GOF,0.00443445776008547,0.6726969377604696,0.32286860447944493
25800,GOF,0.03045191765994384,0.8218832345469096,0.14766484779314654
25801,GOF,0.023945492209526686,0.8982408538246728,0.07781365396580064
25802,GOF,0.03203622988143641,0.8079104866420185,0.16005328347654518
25803,GOF,0.022396758638238333,0.6891184216226995,0.28848481973906204
25804,GOF,0.03490216381475902,0.755675532403765,0.20942230378147597
25805,GOF,0.03198107132111818,0.785386200741818,0.18263272793706392
25806,GOF,0.040600386828347865,0.7975324032569546,0.16186720991469747
25807,GOF,0.013864922917715369,0.7538263714952674,0.23230870558701713
25808,GOF,0.026305057941546812,0.7717547338911968,0.20194020816725639
25809,GOF,0.012375851553670906,0.7058020037077549,0.28182214473857403
25810,GOF,0.011052271933627773,0.6829062782072617,0.30604144985911047
25811,GOF,0.06480654852617686,0.8620336585298521,0.07315979294397104
25812,GOF,0.029760336784315763,0.7805099302514626,0.1897297329642216
25813,GOF,0.15366629982019972,0.7693196464088604,0.07701405377093971
25814,GOF,0.03335439755652098,0.784303450743637,0.18234215169984194
25815,GOF,0.0618249075426345,0.8429922732412444,0.095182819216121
25816,GOF,0.010559857368391757,0.8572107395575955,0.1322294030740128
25817,GOF,0.12363037654438656,0.7765994275493224,0.09977019590629094
25818,GOF,0.030602939108775783,0.7634839544153288,0.20591310647589542
25819,GOF,0.04500107428699339,0.7301961050386659,0.2248028206743406
25820,GOF,0.045367101737676455,0.6808297072279536,0.2738031910343701
25821,GOF,0.03211878684103358,0.7201939447381779,0.24768726842078856
25822,GOF,0.055247266313800183,0.7110662068565226,0.2336865268296772
25823,GOF,0.028875076870942266,0.6874814613335067,0.28364346179555094
25824,GOF,0.032144243277164815,0.768366424344057,0.19948933237877817
25825,GOF,0.02572785499060333,0.7538761200139704,0.22039602499542627
25826,GOF,0.012326016391199278,0.7039584200810939,0.2837155635277068
25827,GOF,0.016401202701182397,0.6885169613925948,0.2950818359062228
25828,GOF,0.012804597537395004,0.7170265244886318,0.27016887797397315
25829,GOF,0.0045679135395083744,0.6411179685558638,0.35431411790462786
25830,GOF,0.04426733513803265,0.51506179661188,0.4406708682500874
25831,GOF,0.06370440792070357,0.796691962483505,0.13960362959579126
25832,GOF,0.010782770992177542,0.7250176763731649,0.2641995526346575
25833,GOF,0.03646439640532726,0.7974548685428847,0.16608073505178805
25834,GOF,0.011015929463347654,0.7431587627375784,0.24582530779907402
25835,GOF,0.024868187864481264,0.8106121363674335,0.1645196757680852
25836,GOF,0.007210992687583571,0.708302515156483,0.28448649215593336
25837,GOF,0.010071554839997705,0.7472107147295365,0.24271773043046574
25838,GOF,0.025745869417636826,0.8176708316173269,0.15658329896503617
25839,GOF,0.07923471532073431,0.7914542498761883,0.12931103480307748
25840,GOF,0.10381616510647562,0.7801506267081815,0.11603320818534292
25841,GOF,0.09998332624219873,0.8105323202756661,0.08948435348213536
25842,GOF,0.0348304200580355,0.860078296549223,0.10509128339274161
25843,GOF,0.03428536830638162,0.86935972408436,0.09635490760925836
25844,GOF,0.022922566150189852,0.8065199949313209,0.17055743891848926
25845,GOF,0.007075824172355269,0.7149436512346021,0.2779805245930426
25846,GOF,0.07188680657251892,0.8227856485821252,0.10532754484535589
25847,GOF,0.02114817038649648,0.8656279509184974,0.11322387869500602
25848,GOF,0.027995974882139993,0.823633942037948,0.14837008307991206
25849,GOF,0.008470674943954079,0.7944495961792286,0.19707972887681732
25850,GOF,0.007673200371043942,0.7050798249306518,0.2872469746983041
25851,GOF,0.006981952647624508,0.6542078456177404,0.33881020173463516
25852,GOF,0.16753330158613366,0.5364095781856814,0.2960571202281849
25853,GOF,0.056970590869059895,0.8098791022185312,0.13315030691240878
25854,GOF,0.0060527958937010296,0.6849579792584435,0.3089892248478554
25855,GOF,0.0220685586685875,0.6654693910277586,0.3124620503036539
25856,GOF,0.03925778616989548,0.7516551806077703,0.20908703322233432
25857,GOF,0.02143359370068339,0.6622526923020473,0.3163137139972694
25858,GOF,0.011416546530305053,0.6491715049542319,0.339411948515463
25859,GOF,0.008250671042696172,0.6159093245149895,0.37584000444231436
25860,GOF,0.0741224572593459,0.7596461477106438,0.16623139503001033
25861,GOF,0.11506261647935774,0.7742668878391902,0.11067049568145208
25862,GOF,0.027018411553927636,0.8726752389048928,0.10030634954117944
25863,GOF,0.02530615726792587,0.8652622651791683,0.10943157755290585
25864,GOF,0.06948630098585376,0.8615946686500574,0.06891903036408879
25865,GOF,0.05974693569695448,0.8253283649091105,0.11492469939393493
25866,GOF,0.028401595885020926,0.8519165932899413,0.11968181082503801
25867,GOF,0.04643655782121114,0.8542608111773046,0.09930263100148418
25868,GOF,0.06851307501168158,0.7912947776193339,0.14019214736898464
25869,GOF,0.3643318141345774,0.5269384308269132,0.10872975503850954
25870,GOF,0.0770820494725927,0.5407426645282055,0.38217528599920186
25871,GOF,0.010987631616042678,0.8309092067781744,0.1581031616057831
25872,GOF,0.02498807787134137,0.7998123203699047,0.17519960175875407
25873,GOF,0.02251655217402198,0.859463171597903,0.1180202762280751
25874,LOF,0.019434509462164233,0.17795218314086753,0.8026133073969682
25875,LOF,0.02957338308351499,0.051515355936917695,0.9189112609795674
25876,LOF,0.020498053140789865,0.04576948083995618,0.9337324660192539
25877,LOF,0.10462261401297414,0.09832523373218163,0.7970521522548442
25878,LOF,0.07982575706073596,0.12150883980550842,0.7986654031337557
25879,LOF,0.012945781113069366,0.09226383168342188,0.8947903872035087
25880,LOF,0.08096532240983487,0.01736442644353258,0.9016702511466326
25881,Neutral,0.5337579526695964,0.11087218262277175,0.3553698647076319
25882,LOF,0.0670651583708028,0.033291837816598835,0.8996430038125983
25883,LOF,0.02701652418763525,0.034994405947104984,0.9379890698652599
25884,LOF,0.01832086851302702,0.05414771034500948,0.9275314211419636
25885,LOF,0.19175265819811313,0.017836914602591552,0.7904104271992953
25886,LOF,0.26412292206228455,0.06992302074972406,0.6659540571879914
25887,LOF,0.0847836870760837,0.13422584310349134,0.780990469820425
25888,LOF,0.008036665090081975,0.18699357289735924,0.8049697620125589
25889,LOF,0.025240084484342173,0.04710740694390205,0.9276525085717557
25890,LOF,0.19899442418507673,0.07043528896219815,0.7305702868527251
25891,LOF,0.1138137658453791,0.03087944785740974,0.8553067862972111
25892,LOF,0.008250998327861768,0.03165046498606654,0.9600985366860717
25893,LOF,0.33799108115506965,0.009375988683985318,0.6526329301609451
25894,LOF,0.3422502657110086,0.006604549934829375,0.6511451843541621
25895,LOF,0.2853280032456482,0.015199591466477282,0.6994724052878745
25896,LOF,0.0718485553668052,0.03177171662521031,0.8963797280079845
25897,LOF,0.11188640355494449,0.010761541685854739,0.8773520547592009
25898,LOF,0.11105946773412842,0.031234422540321664,0.8577061097255498
25899,LOF,0.398038293333102,0.03278634492454775,0.5691753617423502
25900,LOF,0.48407093834183856,0.010334030680214032,0.5055950309779474
25901,LOF,0.08077102791666582,0.011907087986057378,0.9073218840972768
25902,LOF,0.08699310600220292,0.015082286345641798,0.8979246076521553
25903,LOF,0.20573207932521376,0.02698863026464821,0.767279290410138
25904,Neutral,0.49969003544955914,0.04051654817976877,0.45979341637067195
25905,LOF,0.00705308303224565,0.4390989602854481,0.5538479566823062
25906,LOF,0.008657955793324863,0.07844946041471738,0.9128925837919577
25907,LOF,0.008850976148729227,0.2790034518859895,0.7121455719652813
25908,LOF,0.008705774571882863,0.27719980252782667,0.7140944229002906
25909,LOF,0.03130774683630743,0.10549511623657988,0.8631971369271126
25910,LOF,0.012183776518115426,0.1414444271508268,0.8463717963310579
25911,LOF,0.20392979109102735,0.02695586556733705,0.7691143433416356
25912,LOF,0.10845396648307945,0.019426060503390314,0.8721199730135303
25913,LOF,0.017105253877912584,0.029769985181627615,0.9531247609404598
25914,LOF,0.046183141172827125,0.023777442969985806,0.9300394158571871
25915,LOF,0.1858524907011436,0.10279902364863419,0.7113484856502222
25916,LOF,0.017449160285845557,0.05402287484351402,0.9285279648706404
25917,LOF,0.07708683619315136,0.024825652634366296,0.8980875111724824
25918,LOF,0.046087645571402255,0.013290571400099666,0.9406217830284981
25919,LOF,0.038775457491287246,0.013639207593850766,0.9475853349148621
25920,LOF,0.36845920715270575,0.24415294169942237,0.38738785114787194
25921,LOF,0.015808591784202543,0.020239496485387847,0.9639519117304096
25922,LOF,0.014129701853076545,0.02166169391432168,0.9642086042326019
25923,LOF,0.45456615713632054,0.015364557538171895,0.5300692853255077
25924,LOF,0.024300504102430318,0.026974111085268714,0.9487253848123011
25925,LOF,0.09440943147749259,0.03071036101845023,0.8748802075040572
25926,LOF,0.08176887720153816,0.01989377364654849,0.8983373491519133
25927,LOF,0.023158777435143753,0.0536954961540846,0.9231457264107715
25928,LOF,0.012082670877686883,0.026644687187468465,0.9612726419348447
25929,Neutral,0.5808426629835739,0.014675154086323836,0.4044821829301023
25930,LOF,0.09016195271231191,0.014021574220676299,0.8958164730670117
25931,LOF,0.013701307698705463,0.017059076539097367,0.9692396157621971
25932,LOF,0.08628470965160116,0.016862272338530434,0.8968530180098685
25933,LOF,0.09117316497177702,0.010331440626742298,0.8984953944014806
25934,LOF,0.0882895237657349,0.00858467123058323,0.9031258050036819
25935,LOF,0.08988500173488996,0.027351477701604093,0.882763520563506
25936,LOF,0.11178429725397837,0.009859477387093642,0.8783562253589279
25937,LOF,0.022846536565412155,0.014892223713660804,0.9622612397209271
25938,LOF,0.09504433881718055,0.02577798345106868,0.8791776777317508
25939,LOF,0.07194450587800967,0.01342445099700756,0.9146310431249828
25940,GOF,0.011963738874174148,0.5403063997674712,0.4477298613583546
25941,LOF,0.4690499744670605,0.038156291164757765,0.4927937343681818
25942,LOF,0.009828995667801568,0.05038830589254498,0.9397826984396535
25943,LOF,0.04925855855499681,0.20041387629513255,0.7503275651498706
25944,LOF,0.05107627448004116,0.09147277884014975,0.857450946679809
25945,LOF,0.1708107763014516,0.02323634672450301,0.8059528769740454
25946,LOF,0.06669542529387554,0.04104172378682041,0.8922628509193041
25947,Neutral,0.4777483509101611,0.09005910400088511,0.4321925450889539
25948,LOF,0.37315473993493137,0.01396581631619292,0.6128794437488758
25949,LOF,0.12909033798848843,0.07863120639193925,0.7922784556195723
25950,GOF,0.14099269072106424,0.5469745275146134,0.3120327817643223
25951,LOF,0.012752670727108976,0.44970426022440596,0.5375430690484851
25952,LOF,0.18178095295710361,0.24556074080758783,0.5726583062353086
25953,LOF,0.008859638819265415,0.33474582918111245,0.656394531999622
25954,GOF,0.09835374780914286,0.46918914245517246,0.43245710973568463
25955,LOF,0.011754366362037085,0.23740738330312286,0.75083825033484
25956,LOF,0.010029946377099867,0.3361414396911432,0.6538286139317571
25957,LOF,0.16408119808032998,0.036083664730322804,0.7998351371893471
25958,LOF,0.03288602794941131,0.0572615636123817,0.9098524084382069
25959,GOF,0.0070301947864282325,0.7676650015676424,0.22530480364592934
25960,LOF,0.004865650707382272,0.13347404881373237,0.8616603004788853
25961,LOF,0.029393948578997405,0.046989186480519946,0.9236168649404826
25962,LOF,0.03342479234755774,0.07743858618448532,0.8891366214679569
25963,LOF,0.008278612361385922,0.12574251494741362,0.8659788726912006
25964,LOF,0.04187788464773649,0.1485490824602703,0.8095730328919932
25965,LOF,0.21007671960645594,0.14738296087442518,0.6425403195191188
25966,LOF,0.3528698800554102,0.10748082124112243,0.5396492987034673
25967,LOF,0.006447415457681125,0.09442521126606628,0.8991273732762526
25968,LOF,0.0465796681793404,0.2660011061213028,0.6874192256993568
25969,LOF,0.1346261261136682,0.0682135307875116,0.7971603430988202
25970,LOF,0.0775066051962893,0.07550656899732401,0.8469868258063866
25971,LOF,0.0657111592716823,0.031808133934244524,0.9024807067940731
25972,LOF,0.08215524649110434,0.056360308939536766,0.8614844445693589
25973,LOF,0.056511479521031256,0.0131839881615012,0.9303045323174675
25974,LOF,0.05781943791178568,0.04109993304316894,0.9010806290450453
25975,LOF,0.03726863184369044,0.02025822337579307,0.9424731447805165
25976,LOF,0.08951065648197915,0.01398018942598283,0.896509154092038
25977,LOF,0.24568500448743727,0.05270019096615041,0.7016148045464123
25978,LOF,0.17216814946004397,0.13278867868411232,0.6950431718558437
25979,LOF,0.13772575032502765,0.1508129118855444,0.7114613377894279
25980,LOF,0.2143060125497995,0.20881400815614776,0.5768799792940528
25981,LOF,0.21579262462531829,0.21121686178121893,0.5729905135934628
25982,LOF,0.38567347521903134,0.11586377747330519,0.49846274730766355
25983,Neutral,0.45665052260809913,0.11207735786519621,0.43127211952670463
25984,LOF,0.06031007792918453,0.09205208944796392,0.8476378326228516
25985,Neutral,0.48817728236085195,0.12449052993180662,0.38733218770734135
25986,LOF,0.013218196966748598,0.45378829621812256,0.5329935068151288
25987,LOF,0.037898056186991484,0.10779380024338302,0.8543081435696254
25988,LOF,0.06061188051259683,0.14925679204452622,0.790131327442877
25989,LOF,0.06987851081050835,0.21737251561577944,0.7127489735737123
25990,LOF,0.05353313854508537,0.3599472434194229,0.5865196180354918
25991,GOF,0.030652362469578615,0.4860731434325914,0.48327449409782997
25992,LOF,0.015918880928825173,0.41952061934667745,0.5645604997244974
25993,LOF,0.02178734914412201,0.06024096458172249,0.9179716862741554
25994,LOF,0.03076608678596257,0.06126944053498889,0.9079644726790486
25995,LOF,0.019768119481463814,0.11716267050372417,0.8630692100148121
25996,GOF,0.36948239832153584,0.395672696427178,0.2348449052512861
25997,LOF,0.06271574364393735,0.44948779112034776,0.4877964652357149
25998,LOF,0.23404561633923565,0.038300832902085934,0.7276535507586784
25999,LOF,0.042992996135038083,0.1216103662826087,0.8353966375823533
26000,LOF,0.13244280040767267,0.015784691646159133,0.8517725079461682
26001,LOF,0.16896229017941325,0.02196630205844353,0.8090714077621434
26002,LOF,0.10836915753676325,0.025514292092538124,0.8661165503706987
26003,GOF,0.006885814515215126,0.6362964293308504,0.3568177561539345
26004,GOF,0.017003046620769808,0.5895078063197742,0.393489147059456
26005,LOF,0.004958598650482189,0.48097599148991743,0.5140654098596004
26006,GOF,0.1116284520104368,0.49363637293987195,0.3947351750496912
26007,GOF,0.010073275329735995,0.503047799808064,0.4868789248622001
26008,GOF,0.00659134906041272,0.5813483185893504,0.41206033235023676
26009,GOF,0.011525298872834386,0.6322903866441645,0.3561843144830011
26010,GOF,0.010116177165951026,0.5858524200063013,0.4040314028277476
26011,LOF,0.004799088876789869,0.393537135096098,0.6016637760271122
26012,GOF,0.005234228762976561,0.5487230051331002,0.4460427661039233
26013,GOF,0.012680300961360368,0.54585754310409,0.4414621559345496
26014,LOF,0.03795721673764878,0.08826981097544392,0.8737729722869073
26015,LOF,0.3559452262360155,0.022830916446557856,0.6212238573174267
26016,LOF,0.2517565039315948,0.03739043163206506,0.7108530644363402
26017,LOF,0.01332318738189834,0.16997848144545583,0.8166983311726459
26018,LOF,0.028016270583577946,0.07248734820964775,0.8994963812067742
26019,LOF,0.027912686857880543,0.0656222722070541,0.9064650409350653
26020,LOF,0.005964384054863304,0.1816264025473841,0.8124092133977526
26021,LOF,0.07779752159023016,0.0801869494174006,0.8420155289923692
26022,LOF,0.0362751072385026,0.03715273291328624,0.9265721598482113
26023,LOF,0.02147614274380997,0.04613714125981501,0.9323867159963749
26024,LOF,0.042413071763938534,0.05830242941528324,0.8992844988207783
26025,LOF,0.11970500341980582,0.0592915335577829,0.8210034630224113
26026,LOF,0.09825044741426235,0.04112907351109111,0.8606204790746464
26027,LOF,0.028034649803694134,0.027863695984099143,0.9441016542122067
26028,LOF,0.0657532810520055,0.15221950321102087,0.7820272157369736
26029,LOF,0.02749670196769128,0.1650225968007801,0.8074807012315287
26030,LOF,0.12425655928579497,0.026614784676648715,0.8491286560375563
26031,LOF,0.013125076318026101,0.15026146736737414,0.8366134563145998
26032,LOF,0.037424328100987524,0.0522379864950628,0.9103376854039498
26033,LOF,0.037083216727129865,0.0492938493906673,0.913622933882203
26034,LOF,0.01942258725812542,0.11193737732802517,0.8686400354138494
26035,LOF,0.012098021510748225,0.11465363264485633,0.8732483458443955
26036,LOF,0.011582324967758025,0.09465261009740447,0.8937650649348375
26037,LOF,0.011283585207634282,0.099487535145276,0.8892288796470897
26038,LOF,0.0303656308997238,0.04587584525331778,0.9237585238469584
26039,LOF,0.03052717502493955,0.14067291160837414,0.8287999133666865
26040,LOF,0.07879124820213751,0.12506093050302688,0.7961478212948356
26041,LOF,0.012473043270399359,0.09680705874160131,0.8907198979879993
26042,LOF,0.01173416578232485,0.09905737251175076,0.8892084617059244
26043,LOF,0.03104195462457994,0.07400982466786646,0.8949482207075536
26044,LOF,0.006470936104911464,0.04919164341254934,0.9443374204825392
26045,LOF,0.0821889238677462,0.18467113570374857,0.7331399404285052
26046,LOF,0.02789802576212032,0.049873066569086695,0.9222289076687931
26047,LOF,0.06205091970935144,0.048590600696123316,0.8893584795945252
26048,LOF,0.08328359993420144,0.017589580548284068,0.8991268195175146
26049,Neutral,0.94386566028554,0.006153690398799067,0.04998064931566098
26050,Neutral,0.9134075774146635,0.006874446643306648,0.07971797594202988
26051,LOF,0.03224343717753708,0.09112265318485245,0.8766339096376103
26052,LOF,0.029048328497794956,0.06870662884324703,0.902245042658958
26053,LOF,0.017511120183735907,0.1680302653836586,0.8144586144326055
26054,LOF,0.0467657381684483,0.03777515982325569,0.915459102008296
26055,LOF,0.06608484692894658,0.03379758066396511,0.9001175724070882
26056,LOF,0.05462484209351648,0.04382352832473155,0.901551629581752
26057,LOF,0.0558593299075911,0.02042294980128378,0.9237177202911251
26058,LOF,0.060956637419643196,0.016224457430212853,0.922818905150144
26059,LOF,0.2032428366465125,0.031949835946292235,0.7648073274071954
26060,LOF,0.014144823859628411,0.19724731064074916,0.7886078654996224
26061,LOF,0.010604807841679647,0.016779589103106476,0.9726156030552139
26062,LOF,0.005093518896132506,0.023082142350769802,0.9718243387530976
26063,LOF,0.05028563093993663,0.01476063577687773,0.9349537332831857
26064,LOF,0.01482058525628166,0.020270938459460555,0.9649084762842578
26065,LOF,0.06074384349261552,0.019406095184238924,0.9198500613231456
26066,LOF,0.047685451614647205,0.015043617310013184,0.9372709310753395
26067,LOF,0.053461857991797604,0.013230049057962445,0.93330809295024
26068,LOF,0.04942560625973218,0.041710457612421085,0.9088639361278468
26069,LOF,0.20932917608370433,0.029744465726552784,0.760926358189743
26070,LOF,0.4228449073219759,0.01978076525821966,0.5573743274198045
26071,LOF,0.04971587876456413,0.015582766942567591,0.9347013542928683
26072,LOF,0.00616973220186234,0.024894007868371672,0.9689362599297658
26073,LOF,0.04112523469191435,0.017422960236729786,0.9414518050713558
26074,Neutral,0.7724209976922318,0.014274115673510758,0.2133048866342575
26075,LOF,0.04487320922652079,0.032934764224932,0.9221920265485473
26076,LOF,0.04199115926267803,0.014406924790487458,0.9436019159468345
26077,LOF,0.15715451704047018,0.013190757826790085,0.8296547251327396
26078,LOF,0.006068709219741943,0.029111041611281245,0.9648202491689767
26079,LOF,0.054634524182961115,0.027029807838049136,0.9183356679789898
26080,LOF,0.054010665329892384,0.027167877825521197,0.9188214568445865
26081,LOF,0.041086708948901034,0.013158686250549369,0.9457546048005496
26082,LOF,0.005884086774251011,0.02327504823053239,0.9708408649952167
26083,LOF,0.09910939551072025,0.02618142103340405,0.8747091834558757
26084,LOF,0.12100012796661885,0.023853100481163358,0.8551467715522179
26085,LOF,0.10883290376544992,0.019042070880288878,0.8721250253542613
26086,LOF,0.04109703103541222,0.01897879165112128,0.9399241773134664
26087,LOF,0.039799050713654874,0.016366601822474198,0.943834347463871
26088,LOF,0.005835137430358107,0.04215364579105088,0.9520112167785909
26089,LOF,0.039071730662330974,0.041209157605161036,0.9197191117325081
26090,LOF,0.03956548082584864,0.03228481597716145,0.92814970319699
26091,LOF,0.028983013206556173,0.012015161152343789,0.9590018256411
26092,LOF,0.04599298797292702,0.012735770570336757,0.9412712414567362
26093,LOF,0.06226619760270343,0.008868588584276225,0.9288652138130202
26094,LOF,0.03381618202134187,0.010532512687059284,0.9556513052915988
26095,LOF,0.016176293708524254,0.026182465025678652,0.9576412412657972
26096,LOF,0.24338929341930762,0.006563944551367116,0.7500467620293253
26097,LOF,0.005852143846192456,0.0626531958757903,0.9314946602780172
26098,LOF,0.09125457545421341,0.026027232339218977,0.8827181922065676
26099,LOF,0.04321044923297331,0.026858207748709433,0.9299313430183174
26100,LOF,0.043194035621448267,0.026857366055552334,0.9299485983229995
26101,LOF,0.04660651943131449,0.0450344707453533,0.9083590098233323
26102,LOF,0.03602878401505972,0.02154330933675639,0.942427906648184
26103,Neutral,0.8906403068715559,0.029337596519946003,0.08002209660849799
26104,LOF,0.05195689611907278,0.043479219787480615,0.9045638840934467
26105,LOF,0.1948868744378114,0.12938412404301447,0.6757290015191741
26106,LOF,0.2621167892290346,0.04437497399420181,0.6935082367767637
26107,LOF,0.013350484532515888,0.06063604090175826,0.9260134745657258
26108,LOF,0.14003043793181483,0.052656248436435404,0.8073133136317497
26109,LOF,0.059785988212337396,0.03529475012152131,0.9049192616661415
26110,LOF,0.4054039361111757,0.015554481168100298,0.5790415827207239
26111,LOF,0.05195247605639719,0.10278545982983958,0.8452620641137633
26112,LOF,0.057838288674420944,0.012263081513055477,0.9298986298125235
26113,LOF,0.1252836366838843,0.034321147545352974,0.8403952157707626
26114,LOF,0.0946917258351813,0.006678103530054254,0.8986301706347644
26115,LOF,0.019217229165780517,0.04656329325192944,0.9342194775822901
26116,LOF,0.0911292945163687,0.016607651682520597,0.8922630538011108
26117,LOF,0.3570310320707695,0.037175954196838557,0.6057930137323919
26118,LOF,0.03517295267527458,0.016749121985661565,0.9480779253390638
26119,LOF,0.005614684060949242,0.08470250893670597,0.9096828070023448
26120,LOF,0.03242806541545516,0.016060691092319834,0.951511243492225
26121,LOF,0.004138824537665702,0.11622519861654568,0.8796359768457885
