feature0,prediction,LoGoFunc_Neutral,LoGoFunc_GOF,LoGoFunc_LOF
25546,Neutral,0.7462451538359823,0.041364848167689164,0.2123899979963284
25547,Neutral,0.6057158394201482,0.09003345257694745,0.30425070800290444
25548,Neutral,0.6333280704144342,0.066285549429197,0.3003863801563688
25549,Neutral,0.5637181587799076,0.06501360781153871,0.37126823340855364
25550,LOF,0.3570085947319375,0.14313894900435153,0.49985245626371094
25551,LOF,0.27961044367331733,0.15513489320921767,0.565254663117465
25552,LOF,0.2100999980238048,0.14556259214747325,0.6443374098287219
25553,Neutral,0.8534532262010888,0.030318398700006136,0.11622837509890506
25554,LOF,0.24634296912769066,0.13629350690265107,0.6173635239696582
25555,LOF,0.20598576981599165,0.11971931987070616,0.6742949103133021
25556,Neutral,0.4687139943532705,0.11579227919716327,0.4154937264495663
25557,LOF,0.19284887221480718,0.1260353326609714,0.6811157951242214
25558,LOF,0.22949777006848462,0.1342662800684834,0.636235949863032
25559,LOF,0.3775567497596842,0.14343655683347042,0.4790066934068454
25560,LOF,0.059504393232797805,0.16657837433607406,0.7739172324311281
25561,LOF,0.12837241319812936,0.16152265247475583,0.7101049343271149
25562,LOF,0.08726450424289917,0.08535279360802667,0.8273827021490742
25563,LOF,0.10435946058595862,0.10114642604324542,0.794494113370796
25564,LOF,0.22884073830176796,0.16385993706100443,0.6072993246372277
25565,LOF,0.13205619396233717,0.140286422487521,0.7276573835501419
25566,GOF,0.012567151477404727,0.7556289503207347,0.2318038982018606
25567,LOF,0.017893614308549043,0.23468697369256855,0.7474194119988824
25568,LOF,0.049919705485319425,0.09732750020944232,0.8527527943052382
25569,LOF,0.05214645438210561,0.09826526555707361,0.8495882800608209
25570,LOF,0.04863784716343696,0.15034447946584859,0.8010176733707145
25571,LOF,0.04344654859642891,0.1413712891948716,0.8151821622086995
25572,LOF,0.06151103803812632,0.15707447204943034,0.7814144899124433
25573,LOF,0.03197640832044405,0.13534498795629984,0.8326786037232562
25574,LOF,0.019700800028157724,0.19768703146429473,0.7826121685075476
25575,LOF,0.03815440590703205,0.1572132482050572,0.8046323458879108
25576,LOF,0.017986417996134138,0.18000198138212248,0.8020116006217434
25577,LOF,0.015164409542931231,0.15627866467935186,0.828556925777717
25578,LOF,0.27765721503573637,0.1259555787690565,0.5963872061952071
25579,LOF,0.11442843314397422,0.14685896627030326,0.7387126005857224
25580,LOF,0.02558722538390092,0.12520012443918652,0.8492126501769125
25581,LOF,0.047206163218537385,0.101418990594907,0.8513748461865556
25582,LOF,0.04711197429400019,0.09932110540901878,0.853566920296981
25583,LOF,0.031692208462104944,0.14244092427180205,0.8258668672660929
25584,Neutral,0.47704317429821,0.1489775040058122,0.37397932169597764
25585,LOF,0.020753466974373008,0.18346853834395346,0.7957779946816735
25586,LOF,0.025340150576671033,0.11431409281437158,0.8603457566089574
25587,LOF,0.025763018852856232,0.10990975260961501,0.8643272285375287
25588,LOF,0.02500292575522308,0.13222036221907166,0.8427767120257051
25589,Neutral,0.6132414906461616,0.1529927686723875,0.2337657406814508
25590,LOF,0.03262044687991345,0.17950009816895018,0.7878794549511363
25591,LOF,0.08536211910024767,0.0903934701030014,0.8242444107967509
25592,LOF,0.08540235874607172,0.19114054924000295,0.7234570920139253
25593,LOF,0.02800853151856241,0.3011741810588319,0.6708172874226056
25594,LOF,0.043678665969257006,0.15743076397049896,0.798890570060244
25595,LOF,0.055999615443645075,0.11722078782941879,0.8267795967269361
25596,LOF,0.05099553919644157,0.09031731573842844,0.8586871450651299
25597,LOF,0.03739127989380564,0.07722417418768042,0.885384545918514
25598,LOF,0.047445390586219924,0.12363457732476343,0.8289200320890165
25599,GOF,0.007274649222952849,0.6150334171120709,0.3776919336649762
25600,GOF,0.015739481436817113,0.6184471719088526,0.36581334665433035
25601,LOF,0.009950383535299895,0.4304914430911194,0.5595581733735806
25602,LOF,0.02087585091291789,0.04036126056252201,0.93876288852456
25603,LOF,0.06306994491432462,0.01726929847595372,0.9196607566097216
25604,LOF,0.032275390164676794,0.05176199800259059,0.9159626118327326
25605,LOF,0.010311314672567582,0.20437091700368576,0.7853177683237466
25606,LOF,0.09838944625361287,0.3458079602692988,0.5558025934770884
25607,LOF,0.006352701660649687,0.19440340759879293,0.7992438907405572
25608,LOF,0.01722648137888062,0.08765184332019317,0.8951216753009263
25609,LOF,0.056151158335240196,0.4095015449869609,0.5343472966777988
25610,LOF,0.031270451276478595,0.027435240914956617,0.9412943078085648
25611,LOF,0.041046552219717605,0.025745572879965213,0.9332078749003173
25612,LOF,0.08839776275957137,0.03514943334081887,0.8764528038996098
25613,LOF,0.07932743789270123,0.0367598788774164,0.8839126832298824
25614,LOF,0.0331787264956213,0.032024587287543434,0.9347966862168353
25615,LOF,0.035194814381069736,0.04861173568747387,0.9161934499314565
25616,LOF,0.025559193584644604,0.033495269523770105,0.9409455368915853
25617,LOF,0.024864220312244688,0.038515563262386976,0.9366202164253683
25618,LOF,0.13843178720417765,0.031573861892001544,0.8299943509038209
25619,LOF,0.026855731510210555,0.032416720654410563,0.9407275478353788
25620,LOF,0.031180614252319827,0.040103768677378644,0.9287156170703016
25621,LOF,0.027627817634459432,0.03697557385869319,0.9353966085068474
25622,LOF,0.03457437915094055,0.0368187818996295,0.9286068389494299
25623,LOF,0.0491585463545571,0.02786866075069687,0.9229727928947461
25624,LOF,0.025162217775512464,0.03977403586230914,0.9350637463621785
25625,LOF,0.035735988988702824,0.04380516366027256,0.9204588473510246
25626,LOF,0.07252854557289735,0.03218018205945725,0.8952912723676455
25627,Neutral,0.5613209454030907,0.1150315523437338,0.32364750225317546
25628,LOF,0.19579302037749174,0.051198559128880314,0.7530084204936278
25629,LOF,0.051632974838596496,0.05605138400483457,0.8923156411565689
25630,LOF,0.1794446986271562,0.0828204806341232,0.7377348207387207
25631,Neutral,0.6105447520751693,0.056703678116814045,0.3327515698080166
25632,LOF,0.013875274337295455,0.10131960702267524,0.8848051186400293
25633,LOF,0.09044999317647005,0.08353900787312937,0.8260109989504005
25634,LOF,0.030316475924806924,0.11299910215747648,0.8566844219177165
25635,LOF,0.03368091019555791,0.08640792105717339,0.8799111687472687
25636,GOF,0.003944114168857479,0.6062386043975363,0.38981728143360633
25637,GOF,0.0035632006115919753,0.651136402925908,0.34530039646249994
25638,LOF,0.006770743112410558,0.35551978773274356,0.6377094691548459
25639,GOF,0.003647558694241619,0.5189251858341603,0.4774272554715981
25640,Neutral,0.47614215262545106,0.44717054450156263,0.0766873028729862
25641,LOF,0.009290147457136841,0.316350493100284,0.6743593594425791
25642,LOF,0.2397581709185547,0.06140326753615812,0.6988385615452872
25643,LOF,0.28788075943579633,0.18167579585731466,0.530443444706889
25644,GOF,0.014694273667391091,0.5062036932276543,0.47910203310495453
25645,LOF,0.013306659288132992,0.46003247160583954,0.5266608691060275
25646,LOF,0.0189656339110433,0.3143273734860167,0.66670699260294
25647,LOF,0.013990483273334523,0.2729787834482154,0.71303073327845
25648,LOF,0.014046273711641818,0.26034894042304324,0.7256047858653151
25649,LOF,0.012067752026555212,0.18939539600582433,0.7985368519676205
25650,LOF,0.022600110519441687,0.3954584862252259,0.5819414032553324
25651,LOF,0.00853409103497314,0.26655934194229,0.7249065670227369
25652,LOF,0.014714735308427396,0.24781291072390638,0.7374723539676663
25653,LOF,0.051106565372304576,0.347115669006044,0.6017777656216514
25654,LOF,0.015081676346332092,0.15798614759358462,0.8269321760600832
25655,LOF,0.0875368608527751,0.38818805251337457,0.5242750866338503
25656,LOF,0.11143458600254245,0.05435950246436114,0.8342059115330964
25657,LOF,0.32300247017788153,0.025993737943814838,0.6510037918783036
25658,LOF,0.0524666484614359,0.07945095417234893,0.8680823973662151
25659,LOF,0.37606835806555483,0.07336139786845779,0.5505702440659873
25660,LOF,0.06080274115875186,0.09453243201515797,0.8446648268260902
25661,LOF,0.043852155395325665,0.07065228928011699,0.8854955553245573
25662,LOF,0.027363440634811352,0.049783386229551654,0.9228531731356371
25663,LOF,0.03795286124867817,0.0706960578337446,0.8913510809175773
25664,LOF,0.04503260649628023,0.08433918058134254,0.8706282129223774
25665,LOF,0.05576729348387602,0.04199553595022233,0.9022371705659016
25666,LOF,0.04169306479414801,0.10923797496675378,0.8490689602390982
25667,LOF,0.031931354860430035,0.05349964593036777,0.9145689992092021
25668,LOF,0.03552542142455144,0.05554626451096152,0.908928314064487
25669,LOF,0.039150803645756134,0.08397902780864516,0.8768701685455987
25670,LOF,0.07884338504070038,0.08960295349393556,0.831553661465364
25671,LOF,0.038896947333956794,0.05120021845046983,0.9099028342155734
25672,LOF,0.06168126914623478,0.05957518710963366,0.8787435437441314
25673,LOF,0.0490432636377187,0.06677725291079102,0.8841794834514903
25674,LOF,0.04560096879484228,0.0704629797999698,0.8839360514051879
25675,LOF,0.0544373771534247,0.06307806574993614,0.8824845570966391
25676,LOF,0.036352585911441006,0.06203920919772022,0.9016082048908387
25677,LOF,0.05747367906958371,0.06732077193047055,0.8752055489999457
25678,LOF,0.2918094648783229,0.03587423798642673,0.6723162971352503
25679,LOF,0.17470502592188264,0.07344158684287252,0.7518533872352449
25680,LOF,0.058687074225438285,0.10406149692791698,0.8372514288466447
25681,LOF,0.09374402086960976,0.09889229031593907,0.8073636888144512
25682,LOF,0.04749002208392043,0.08439003808497154,0.8681199398311079
25683,LOF,0.10393503182588529,0.09628425242911592,0.7997807157449988
25684,LOF,0.056927997019502345,0.08765723056322249,0.8554147724172751
25685,LOF,0.11003113772358748,0.04663502876958954,0.843333833506823
25686,LOF,0.04106842858395476,0.10376772847422018,0.855163842941825
25687,LOF,0.0470865754904295,0.0837152045599159,0.8691982199496545
25688,LOF,0.03210648915996512,0.09066332302052514,0.8772301878195097
25689,LOF,0.019611493875000975,0.08117659868885206,0.899211907436147
25690,LOF,0.021517289584825704,0.08318920386980443,0.8952935065453699
25691,LOF,0.2425565869690727,0.10607957225872737,0.6513638407721999
25692,LOF,0.2882922050713033,0.009359909776750285,0.7023478851519465
25693,LOF,0.08828939454343591,0.17757636414585484,0.7341342413107094
25694,LOF,0.264641475765498,0.01565297180846261,0.7197055524260394
25695,LOF,0.16943745959179354,0.021373266794939574,0.8091892736132668
25696,LOF,0.1922692112289636,0.01012153219203246,0.7976092565790041
25697,LOF,0.15153632794182828,0.023073767259638472,0.8253899047985332
25698,LOF,0.03566748381918655,0.40476272530994645,0.559569790870867
25699,LOF,0.05969741466687202,0.09166081132747682,0.8486417740056511
25700,LOF,0.02969397411666235,0.010364263726243182,0.9599417621570944
25701,LOF,0.01618993480630991,0.07808574016594313,0.9057243250277469
25702,GOF,0.038172114477577124,0.7722929372486446,0.18953494827377831
25703,LOF,0.013983996665190705,0.2103651750686292,0.7756508282661801
25704,LOF,0.09189893097418951,0.16657094215970608,0.7415301268661044
25705,LOF,0.05904936516173262,0.23689997086098943,0.7040506639772779
25706,GOF,0.05160569832993936,0.5982254555863225,0.3501688460837382
25707,GOF,0.030742396092629565,0.4985352071393523,0.4707223967680183
25708,LOF,0.008976304747128119,0.43265559759120115,0.5583680976616707
25709,LOF,0.019477045088059263,0.06595244970197153,0.9145705052099692
25710,LOF,0.009644657741098121,0.16540751724677052,0.8249478250121314
25711,LOF,0.021613745711502166,0.11701176180287129,0.8613744924856265
25712,LOF,0.010075493335216948,0.22721318417099948,0.7627113224937835
25713,LOF,0.018894374880775097,0.09540936278292549,0.8856962623362995
25714,LOF,0.021422933488095614,0.12159986915700013,0.8569771973549042
25715,LOF,0.021415942827442885,0.10980105362540594,0.8687830035471512
25716,LOF,0.010766812148416478,0.12287648499990542,0.8663567028516781
25717,LOF,0.0066169728781767636,0.12672381219976356,0.8666592149220597
25718,LOF,0.018363250142857324,0.07707707742199779,0.9045596724351449
25719,LOF,0.032856314759304575,0.08712764853769461,0.8800160367030009
25720,LOF,0.02306258977412069,0.09009374737396557,0.8868436628519137
25721,LOF,0.023737276525122943,0.09253122275548986,0.8837315007193872
25722,LOF,0.018496933667990885,0.12403899859237683,0.8574640677396324
25723,LOF,0.020853136110868385,0.06985921148344103,0.9092876524056906
25724,LOF,0.03628463916205023,0.08746897639440322,0.8762463844435465
25725,LOF,0.021856158083124876,0.0657519431539844,0.9123918987628907
25726,LOF,0.01631730517335406,0.09793218386457335,0.8857505109620725
25727,LOF,0.020016236081012308,0.08493715212807247,0.8950466117909152
25728,LOF,0.018261542242432555,0.09438850705629563,0.8873499507012718
25729,LOF,0.018967977155443287,0.09796245683651454,0.8830695660080422
25730,LOF,0.01995678140505037,0.07643711713437876,0.9036061014605709
25731,LOF,0.012617389395358081,0.15862879333908456,0.8287538172655573
25732,LOF,0.01851169212132983,0.0854510724021544,0.8960372354765158
25733,LOF,0.02880315658778133,0.0712538171940612,0.8999430262181575
25734,LOF,0.007643451595663729,0.17440381986226036,0.8179527285420759
25735,LOF,0.02301765855503281,0.07005792406784163,0.9069244173771256
25736,LOF,0.021469069703875278,0.10250303147598118,0.8760278988201436
25737,LOF,0.03945116179126914,0.0812284290951647,0.8793204091135662
25738,LOF,0.02066866372991388,0.11683759856640649,0.8624937377036795
25739,LOF,0.022688851260511574,0.12195319004734526,0.8553579586921431
25740,LOF,0.05217714098739992,0.1177449858851312,0.8300778731274688
25741,LOF,0.024877373397869298,0.09303998995698666,0.8820826366451441
25742,LOF,0.036422403944448206,0.10697207210569241,0.8566055239498593
25743,LOF,0.012143342618354418,0.04792207291574917,0.9399345844658965
25744,GOF,0.11948869612093163,0.48208121627008627,0.39843008760898224
25745,LOF,0.02221152046145845,0.06769928410563984,0.9100891954329017
25746,LOF,0.011931844206071539,0.09007052546760656,0.8979976303263218
25747,LOF,0.033042078762520695,0.03992113777905713,0.9270367834584222
25748,LOF,0.18236734416058703,0.06516391998562455,0.7524687358537884
25749,LOF,0.015060236755967592,0.053337175924689936,0.9316025873193424
25750,LOF,0.016268895435016962,0.08295362454507724,0.9007774800199058
25751,LOF,0.036013438419029084,0.0744772171897075,0.8895093443912634
25752,GOF,0.090678154008756,0.644266471058182,0.2650553749330621
25753,LOF,0.007697459108880109,0.3637664360936841,0.6285361047974357
25754,GOF,0.005799987737215442,0.8357042967326522,0.15849571553013236
25755,LOF,0.010953547065910205,0.40744860846708375,0.5815978444670061
25756,LOF,0.05024742103121517,0.41524389775821074,0.5345086812105742
25757,GOF,0.007452784151927899,0.8570842597584595,0.13546295608961262
25758,GOF,0.009364035194900222,0.832596126168716,0.15803983863638388
25759,GOF,0.0052856884779862254,0.5418751199215026,0.45283919160051117
25760,LOF,0.007338338939613492,0.3033939813385449,0.6892676797218417
25761,GOF,0.052041163371179935,0.8284978979017791,0.11946093872704093
25762,LOF,0.029865576358104603,0.3577606739978877,0.6123737496440076
25763,LOF,0.009965381105086005,0.23504033198761423,0.7549942869072997
25764,GOF,0.10222511246560184,0.5681834653361579,0.3295914221982402
25765,GOF,0.00823317931660036,0.8247191126406869,0.16704770804271277
25766,GOF,0.029884347744097237,0.8002775588817542,0.16983809337414849
25767,LOF,0.018002619599916007,0.4530746907456998,0.5289226896543843
25768,LOF,0.03935432761114674,0.07236607141118516,0.8882796009776682
25769,LOF,0.0238703810903372,0.0724500263344351,0.9036795925752277
25770,LOF,0.14164422361992954,0.06015652565545263,0.798199250724618
25771,LOF,0.017117117206120455,0.06809366893814875,0.9147892138557308
25772,LOF,0.022657337096124528,0.027567511010996838,0.9497751518928786
25773,LOF,0.013631564430572979,0.07320073781810088,0.9131676977513261
25774,LOF,0.02565745378275875,0.08320563717630015,0.8911369090409411
25775,LOF,0.021505861052499273,0.042058954691610986,0.9364351842558897
25776,LOF,0.024049824391898133,0.02445297338911232,0.9514972022189896
25777,LOF,0.1790079739757241,0.06538221290576357,0.7556098131185123
25778,LOF,0.018833801356127115,0.049639794403142,0.9315264042407309
25779,GOF,0.03518963691315875,0.8954403218248393,0.06937004126200196
25780,GOF,0.0677942112726955,0.8731504239665329,0.05905536476077171
25781,GOF,0.024539249341559256,0.8619790535369334,0.1134816971215075
25782,GOF,0.031230270927748865,0.8972262706304662,0.07154345844178474
25783,GOF,0.018214547414255704,0.7374277510958666,0.24435770148987768
25784,GOF,0.10780043122814535,0.8452831832379917,0.046916385533862855
25785,GOF,0.06782792903589327,0.8884191212176312,0.04375294974647557
25786,GOF,0.005269064469651097,0.8240687149747281,0.17066222055562086
25787,GOF,0.159740454084873,0.8082144890914061,0.032045056823720816
25788,LOF,0.014789110441008956,0.1589682170749687,0.8262426724840223
25789,GOF,0.019016934352682927,0.8545254000385534,0.12645766560876376
25790,GOF,0.02178095364949977,0.8786604547624559,0.09955859158804435
25791,GOF,0.016542486304863414,0.8284249632203826,0.15503255047475403
25792,GOF,0.026622013501914482,0.8384882328559191,0.13488975364216638
25793,GOF,0.07129143140706798,0.82716910485547,0.101539463737462
25794,GOF,0.05773431095041009,0.7631398132030266,0.17912587584656314
25795,GOF,0.038894198026361654,0.7778818416562143,0.183223960317424
25796,GOF,0.07711604293434896,0.8089194096652953,0.11396454740035569
25797,GOF,0.03647218705256002,0.6694218041596183,0.29410600878782184
25798,GOF,0.0032609581520353804,0.6372465008250844,0.35949254102288036
25799,GOF,0.0031353477414917037,0.5179632983598973,0.47890135389861105
25800,GOF,0.012806904599453587,0.7259674825322818,0.26122561286826446
25801,GOF,0.014499970296165746,0.8631763513767784,0.12232367832705578
25802,GOF,0.023879675789707355,0.7949456056596581,0.18117471855063455
25803,GOF,0.011408228735864974,0.6922595328890034,0.2963322383751315
25804,GOF,0.014276677296044957,0.5812372483343016,0.40448607436965334
25805,GOF,0.026241513995114443,0.706374805415374,0.26738368058951156
25806,GOF,0.022093758197690345,0.7250099265918444,0.25289631521046524
25807,GOF,0.00544531961914083,0.6929001090465505,0.30165457133430873
25808,GOF,0.016861512558188175,0.7328419027487195,0.2502965846930924
25809,GOF,0.006585501298980162,0.7240290441524709,0.2693854545485488
25810,GOF,0.005679506419021199,0.7347438332394274,0.25957666034155136
25811,GOF,0.048053508324973404,0.8579025521513515,0.09404393952367517
25812,GOF,0.01637264730981645,0.688548983452004,0.29507836923817954
25813,GOF,0.09631782095826151,0.8092201803901296,0.09446199865160909
25814,GOF,0.02718644702831744,0.8015659726352443,0.1712475803364382
25815,GOF,0.04099264302326602,0.8200423574032071,0.13896499957352687
25816,GOF,0.008436290636476735,0.8446759845533819,0.14688772481014126
25817,GOF,0.0919587503051942,0.7806381791158373,0.1274030705789685
25818,GOF,0.025235141493377827,0.7970322451172219,0.17773261338940036
25819,GOF,0.06313447599184742,0.7783586145839707,0.15850690942418186
25820,GOF,0.03204096031917248,0.7700137383961895,0.19794530128463803
25821,GOF,0.01847952101655807,0.7589254964525877,0.22259498253085427
25822,GOF,0.03726281004017849,0.7888905275198578,0.17384666243996366
25823,GOF,0.015167011683541797,0.6338998344314589,0.3509331538849993
25824,GOF,0.025949477630054864,0.7598909304504656,0.21415959191947959
25825,GOF,0.01633430104341419,0.7451184146775585,0.23854728427902733
25826,GOF,0.00584092302571579,0.7054734081964829,0.2886856687778013
25827,GOF,0.008423986187969686,0.6846683953148699,0.3069076184971605
25828,GOF,0.005912779966814389,0.630464846097857,0.36362237393532865
25829,GOF,0.00308945771219267,0.7110922605392914,0.285818281748516
25830,LOF,0.03756203577961814,0.46163745610926116,0.5008005081111206
25831,GOF,0.04524316852973718,0.8398502975181994,0.11490653395206335
25832,GOF,0.0081235381368146,0.7990076172385181,0.19286884462466744
25833,GOF,0.032347852879040205,0.8437762384757029,0.12387590864525685
25834,GOF,0.008012495714146667,0.8140718247623209,0.17791567952353246
25835,GOF,0.017290095218602322,0.8619997551785483,0.12071014960284936
25836,GOF,0.005812601261907069,0.8161153558531808,0.17807204288491205
25837,GOF,0.007407886794088787,0.7224599485184373,0.270132164687474
25838,GOF,0.0196906767569807,0.872256679503274,0.10805264373974535
25839,GOF,0.036494228006452675,0.859807764242659,0.10369800775088821
25840,GOF,0.061469665236063224,0.8377194907930147,0.1008108439709221
25841,GOF,0.052643386779728484,0.8523147900797308,0.09504182314054076
25842,GOF,0.02950577539234737,0.8977376268212357,0.07275659778641676
25843,GOF,0.027592798151819996,0.905416347894378,0.06699085395380208
25844,GOF,0.018275037380920425,0.8459975520730528,0.13572741054602674
25845,GOF,0.006396243815959536,0.6603272156098385,0.33327654057420186
25846,GOF,0.04105487970117941,0.8647811791846649,0.0941639411141558
25847,GOF,0.0194185246097586,0.9143387635618114,0.06624271182843011
25848,GOF,0.01672908050749268,0.8698826420322032,0.1133882774603041
25849,GOF,0.005197495244193737,0.7451710427621864,0.24963146199361988
25850,GOF,0.006579882012904604,0.7549602324067842,0.2384598855803112
25851,GOF,0.005890691151627318,0.6376099442574994,0.3564993645908733
25852,GOF,0.13557402986600395,0.6067959124450786,0.25763005768891734
25853,GOF,0.0671668217384631,0.8577010103386051,0.07513216792293181
25854,GOF,0.005515228749200827,0.6907351887880391,0.30374958246276007
25855,GOF,0.014104678020949817,0.6518684859939261,0.334026835985124
25856,GOF,0.03541141191933721,0.777476125408953,0.18711246267170983
25857,GOF,0.012927683454369364,0.6347635973675237,0.3523087191781069
25858,GOF,0.008349956189257532,0.6380792225563982,0.35357082125434436
25859,GOF,0.005913497519289702,0.5959911305095918,0.3980953719711185
25860,GOF,0.08148141689954594,0.8178047661883575,0.10071381691209655
25861,GOF,0.07849518765925244,0.8207009851016934,0.10080382723905401
25862,GOF,0.021569037324804245,0.869974173370661,0.10845678930453477
25863,GOF,0.020585432025968804,0.8799639604285879,0.09945060754544327
25864,GOF,0.04621626846200739,0.8791577587341143,0.07462597280387823
25865,GOF,0.0327350485223944,0.8350267926478068,0.1322381588297989
25866,GOF,0.026784212666170263,0.8579560755322014,0.11525971180162832
25867,GOF,0.03258394091365744,0.8758157272830707,0.09160033180327193
25868,GOF,0.05317708804584922,0.8448312575903489,0.10199165436380171
25869,GOF,0.3405261618265302,0.5957521381320584,0.0637217000414114
25870,GOF,0.06785682160371603,0.674501885943739,0.25764129245254497
25871,GOF,0.010694239453860565,0.89194006029941,0.09736570024672941
25872,GOF,0.020080632495217684,0.878391146863986,0.10152822064079645
25873,GOF,0.01945941528627843,0.8969488725638675,0.0835917121498542
25874,LOF,0.016938301863843805,0.16152508498539347,0.8215366131507628
25875,LOF,0.05215335276517229,0.04052950772221762,0.9073171395126102
25876,LOF,0.020529677036095123,0.027995293985571455,0.9514750289783334
25877,LOF,0.13577694034162274,0.07903877668997207,0.7851842829684051
25878,LOF,0.073180020706355,0.11019119796930439,0.8166287813243406
25879,LOF,0.02783656907023583,0.08972168023978276,0.8824417506899813
25880,LOF,0.057758105221886576,0.009714791009908474,0.9325271037682049
25881,Neutral,0.5544022880706574,0.06085242028687795,0.3847452916424646
25882,LOF,0.054754842865444714,0.02931321058781532,0.9159319465467399
25883,LOF,0.029197370701543417,0.02535522440709039,0.9454474048913662
25884,LOF,0.028767604281603482,0.04211931365388581,0.9291130820645107
25885,LOF,0.22951337641027117,0.011027209855354261,0.7594594137343745
25886,LOF,0.1453595064057187,0.05447891114885729,0.800161582445424
25887,LOF,0.18458904929062725,0.06638257662272443,0.7490283740866484
25888,LOF,0.01231708540874953,0.1518847868622096,0.8357981277290409
25889,LOF,0.03500963559697867,0.03262004846067792,0.9323703159423433
25890,LOF,0.12029772118322453,0.1190789629060989,0.7606233159106766
25891,LOF,0.09388991334300009,0.019582290180869395,0.8865277964761304
25892,LOF,0.00972912260860164,0.031134969416668646,0.9591359079747298
25893,LOF,0.42742140782414656,0.00860474853107126,0.5639738436447821
25894,LOF,0.45666915433609234,0.005653062093726522,0.5376777835701811
25895,LOF,0.34024364496000237,0.010716272464549634,0.6490400825754481
25896,LOF,0.05916032182612011,0.021968839691008664,0.9188708384828712
25897,LOF,0.19361105086174152,0.009143314190543386,0.7972456349477152
25898,LOF,0.15904771913939675,0.029485915002594183,0.811466365858009
25899,LOF,0.31058548923888707,0.024164955960879274,0.6652495548002337
25900,LOF,0.4177279089665752,0.008051891400405853,0.5742201996330191
25901,LOF,0.060303501128153504,0.00949839105051807,0.9301981078213284
25902,LOF,0.15667908539880965,0.011623660345197835,0.8316972542559925
25903,LOF,0.4209721658465237,0.022580105412676462,0.5564477287407997
25904,LOF,0.46065099483255306,0.03485503499802325,0.5044939701694237
25905,LOF,0.004157887547682037,0.44108328182500606,0.5547588306273119
25906,LOF,0.009458821537544718,0.11477042272310277,0.8757707557393526
25907,LOF,0.004198115765583798,0.3463351560859957,0.6494667281484205
25908,LOF,0.00479759521576191,0.23149896585281982,0.7637034389314183
25909,LOF,0.022650087783644073,0.15110070920027296,0.826249203016083
25910,LOF,0.011977272823329528,0.11817833793820705,0.8698443892384634
25911,LOF,0.3372992027325234,0.0417496059803073,0.6209511912871694
25912,LOF,0.07727263794490284,0.052233952197979994,0.8704934098571172
25913,LOF,0.054753789114665885,0.06156439270687804,0.883681818178456
25914,LOF,0.03547449723740324,0.06827796548039043,0.8962475372822063
25915,LOF,0.15127698812742196,0.30075353234784236,0.5479694795247356
25916,LOF,0.029123972142502463,0.20223895755208515,0.7686370703054125
25917,LOF,0.06524795554374933,0.05448949800155372,0.8802625464546969
25918,LOF,0.044788891385060016,0.0412532799365513,0.9139578286783887
25919,LOF,0.037481085792317834,0.041188360332636585,0.9213305538750456
25920,LOF,0.1578803875184066,0.16708360941452896,0.6750360030670643
25921,LOF,0.01920756684948062,0.0429061636926,0.9378862694579193
25922,LOF,0.020389749669771164,0.03760522577379839,0.9420050245564304
25923,LOF,0.42898629804854715,0.04307302727666285,0.5279406746747899
25924,LOF,0.026409447897137006,0.05706514669522351,0.9165254054076395
25925,LOF,0.07408003356668831,0.05825555925514891,0.8676644071781628
25926,LOF,0.05617930592558769,0.057829964582856754,0.8859907294915556
25927,LOF,0.026235819497790816,0.06982541452244295,0.9039387659797662
25928,LOF,0.012179290010740135,0.06197273136480521,0.9258479786244548
25929,Neutral,0.5127846556786598,0.041355750147689024,0.4458595941736512
25930,LOF,0.06355912327202896,0.03908051788810228,0.8973603588398688
25931,LOF,0.01658466156542085,0.03955062822823001,0.9438647102063491
25932,LOF,0.05620027319407696,0.033978527697775304,0.9098211991081478
25933,LOF,0.052792977493467626,0.023369722763449504,0.9238372997430828
25934,LOF,0.05096644221002189,0.02243580829738435,0.9265977494925938
25935,LOF,0.06579239365361873,0.06938611649736227,0.8648214898490191
25936,LOF,0.08108545890207194,0.024909518219081418,0.8940050228788465
25937,LOF,0.015652710153104432,0.0400504765817148,0.9442968132651807
25938,LOF,0.06377290748414954,0.06402709344608949,0.8721999990697609
25939,LOF,0.03828846071417507,0.03088027968774604,0.9308312595980788
25940,LOF,0.00906691329613095,0.3509036705329069,0.6400294161709621
25941,Neutral,0.49881539199372366,0.040213872249337444,0.46097073575693887
25942,LOF,0.008889162256877504,0.05263929852219286,0.9384715392209295
25943,LOF,0.04538636657602481,0.2061729687849451,0.7484406646390301
25944,LOF,0.06216033554460201,0.10353844844087369,0.8343012160145243
25945,LOF,0.12161583040416536,0.021987728880959043,0.8563964407148756
25946,LOF,0.07803578262278871,0.04028784592674981,0.8816763714504615
25947,Neutral,0.4472929988118116,0.12154162152483997,0.4311653796633484
25948,LOF,0.41991921439054364,0.013982772560252911,0.5660980130492035
25949,LOF,0.13113422684236142,0.06801959417979193,0.8008461789778466
25950,GOF,0.06794058490157813,0.6277144786391622,0.30434493645925964
25951,LOF,0.011745162324099603,0.40716544668929006,0.5810893909866104
25952,LOF,0.2938523806533447,0.26805102999382135,0.4380965893528339
25953,LOF,0.0071906190578231045,0.18935346545186185,0.8034559154903151
25954,LOF,0.08500655633321151,0.447193251465334,0.4678001922014546
25955,LOF,0.00712564135343131,0.14277657775718158,0.8500977808893871
25956,LOF,0.01797397508701186,0.25303208929673876,0.7289939356162494
25957,LOF,0.2167963129721452,0.037026230186804565,0.7461774568410503
25958,LOF,0.032561416940054,0.03639075108829623,0.9310478319716498
25959,GOF,0.014213890039956639,0.5146112142088479,0.4711748957511955
25960,LOF,0.007203222084047241,0.06062790126456638,0.9321688766513864
25961,LOF,0.030668905310286623,0.033090540817751556,0.9362405538719617
25962,LOF,0.03785918333203826,0.06681076241393541,0.8953300542540262
25963,LOF,0.004822436875841276,0.19087694804006683,0.8043006150840919
25964,LOF,0.030355066775020246,0.10155190292534999,0.8680930302996298
25965,LOF,0.24833507594837617,0.12224809308623813,0.6294168309653857
25966,Neutral,0.4590727519168165,0.11826232111256965,0.4226649269706138
25967,LOF,0.009465941804184457,0.06663020771927003,0.9239038504765456
25968,LOF,0.05192927190538545,0.21020587371055297,0.7378648543840616
25969,LOF,0.12479046884004026,0.04471352161031685,0.8304960095496428
25970,LOF,0.021298405021074364,0.07939025554785102,0.8993113394310747
25971,LOF,0.08233295241107094,0.02918251693464653,0.8884845306542826
25972,LOF,0.06495567859838224,0.03941466158153483,0.895629659820083
25973,LOF,0.06676973790060149,0.012364613848646466,0.9208656482507521
25974,LOF,0.05679394522754933,0.03683173827321947,0.9063743164992312
25975,LOF,0.04981355616140013,0.026115940432997038,0.9240705034056028
25976,LOF,0.11507000734653355,0.012902423658364233,0.8720275689951021
25977,LOF,0.19592220678220848,0.0883221740569416,0.71575561916085
25978,LOF,0.17794441649319226,0.12165509249740994,0.7004004910093977
25979,LOF,0.14582898834290048,0.13665502428007556,0.7175159873770238
25980,LOF,0.24601279338734422,0.17554295368984654,0.5784442529228092
25981,LOF,0.24740231095977416,0.17731891654410628,0.5752787724961196
25982,Neutral,0.4735012422786357,0.09142333067686863,0.4350754270444956
25983,Neutral,0.49707654730399065,0.10763995475174325,0.3952834979442662
25984,LOF,0.035983354422512034,0.08548846120890169,0.8785281843685863
25985,Neutral,0.4451995752775362,0.13328883315638398,0.42151159156607976
25986,LOF,0.012872895767269157,0.41226325583182793,0.5748638484009029
25987,LOF,0.05969825954025011,0.11123149576746202,0.829070244692288
25988,LOF,0.04699770495155737,0.17248473901173347,0.7805175560367092
25989,LOF,0.04062889182605771,0.21898466533122993,0.7403864428427124
25990,LOF,0.038583519170394744,0.30542075734757806,0.6559957234820272
25991,LOF,0.03202260801297419,0.45147447007879876,0.516502921908227
25992,LOF,0.025373117512071303,0.4317272043505018,0.5428996781374269
25993,LOF,0.031807558852367614,0.08551022349119954,0.8826822176564327
25994,LOF,0.025107099384157575,0.08445886078900147,0.8904340398268411
25995,LOF,0.022599151756380432,0.16938746285611878,0.8080133853875009
25996,Neutral,0.3512609606026558,0.3345563106518148,0.31418272874552927
25997,LOF,0.07625284404841007,0.3919929060468059,0.531754249904784
25998,LOF,0.26623309816847784,0.04632305673491367,0.6874438450966084
25999,LOF,0.024536636249547113,0.2157884188702249,0.759674944880228
26000,LOF,0.2123012849535913,0.03690228851889478,0.750796426527514
26001,LOF,0.26224253763806,0.04053770232414913,0.697219760037791
26002,LOF,0.11846350679224234,0.05983614888748445,0.8217003443202732
26003,GOF,0.005155166609691223,0.6667473497358971,0.32809748365441166
26004,GOF,0.008208426946197228,0.7176665183482999,0.2741250547055029
26005,GOF,0.0036603780584855243,0.522744279438684,0.4735953425028304
26006,GOF,0.10201395555467051,0.6117816754903661,0.2862043689549633
26007,GOF,0.007201418737037319,0.5755758979123817,0.41722268335058105
26008,GOF,0.005742781157765756,0.6725591243827054,0.321698094459529
26009,GOF,0.0074475681749385444,0.6945270500125266,0.29802538181253485
26010,GOF,0.008754420709270787,0.6841001623952994,0.30714541689542985
26011,LOF,0.003236461344246158,0.48801539152661166,0.5087481471291423
26012,GOF,0.004770477363964325,0.5640170029663257,0.4312125196697099
26013,GOF,0.0062253644697649576,0.6001915654748342,0.39358307005540083
26014,LOF,0.05692462218348998,0.1166907350061257,0.8263846428103844
26015,LOF,0.40753720507022045,0.02089111662125757,0.571571678308522
26016,LOF,0.31540552748171796,0.03820544515134561,0.6463890273669365
26017,LOF,0.02757016319612251,0.20029512674024344,0.772134710063634
26018,LOF,0.030006148444539027,0.04335846568121777,0.9266353858742432
26019,LOF,0.029627368091847343,0.03743855221525533,0.9329340796928973
26020,LOF,0.010618012900316684,0.1701149722363644,0.8192670148633189
26021,LOF,0.08138436596886497,0.06184916858809179,0.8567664654430432
26022,LOF,0.0430638275935712,0.020173423182648538,0.9367627492237802
26023,LOF,0.03372633589466548,0.024835658389784198,0.9414380057155504
26024,LOF,0.04765329420743264,0.061575072162100314,0.8907716336304671
26025,LOF,0.06537769794025221,0.06984989475029839,0.8647724073094495
26026,LOF,0.11410739846481774,0.05392904354630319,0.831963557988879
26027,LOF,0.026787744691046163,0.01997856831730129,0.9532336869916526
26028,LOF,0.11404979885949705,0.1404427217449815,0.7455074793955214
26029,LOF,0.01671633348385029,0.21586613071826297,0.7674175357978867
26030,LOF,0.15987964409481742,0.031213053660004576,0.808907302245178
26031,LOF,0.00879384031650506,0.1961781989284277,0.7950279607550672
26032,LOF,0.041107280574145186,0.08156096977068461,0.8773317496551701
26033,LOF,0.06899197550743362,0.07454326455933362,0.8564647599332329
26034,LOF,0.01234257210978934,0.16972999114347045,0.8179274367467402
26035,LOF,0.010608254070571097,0.13110817134457012,0.8582835745848588
26036,LOF,0.010670715335914946,0.15361975618847623,0.8357095284756088
26037,LOF,0.009347207221076724,0.12320755982875438,0.867445232950169
26038,LOF,0.034381967741947544,0.07400284855153218,0.8916151837065203
26039,LOF,0.024888439275129678,0.15117407254763274,0.8239374881772376
26040,LOF,0.1124023160788691,0.16570382347846674,0.7218938604426641
26041,LOF,0.011765870700960695,0.10832234604630105,0.8799117832527382
26042,LOF,0.010596943745007954,0.11960319256597829,0.8697998636890136
26043,LOF,0.03256718342460494,0.09785819957388116,0.869574617001514
26044,LOF,0.013490701907472043,0.06791037999715427,0.9185989180953736
26045,LOF,0.06464831753599196,0.1369980183823999,0.7983536640816081
26046,LOF,0.02892195514119284,0.07670132000230478,0.8943767248565023
26047,LOF,0.0474351936501332,0.07515439235123797,0.8774104139986288
26048,LOF,0.0845875757251246,0.03298715483197668,0.8824252694428987
26049,Neutral,0.949953083890757,0.009143552563938218,0.040903363545304876
26050,Neutral,0.9285367039895526,0.010003777268265375,0.061459518742181966
26051,LOF,0.014545660849401383,0.09355652644638872,0.8918978127042098
26052,LOF,0.030398312668071352,0.10266947688629423,0.8669322104456344
26053,LOF,0.034425352062751,0.13873862597928682,0.8268360219579621
26054,LOF,0.043331138652597065,0.027398758415878514,0.9292701029315245
26055,LOF,0.06154869397480749,0.024462974587338135,0.9139883314378544
26056,LOF,0.04966449839177934,0.029130263898189925,0.9212052377100307
26057,LOF,0.05561394514490455,0.014121260576028895,0.9302647942790665
26058,LOF,0.059924528910750015,0.011647444352749491,0.9284280267365006
26059,LOF,0.19762550617757332,0.02924540280007579,0.773129091022351
26060,LOF,0.015266029368733365,0.22104144192607858,0.7636925287051881
26061,LOF,0.012638385155944173,0.011407137077794881,0.975954477766261
26062,LOF,0.0065990751228119275,0.01955900396824765,0.9738419209089403
26063,LOF,0.036820374249165816,0.012015645429235373,0.9511639803215989
26064,LOF,0.010774568215778614,0.024779919645762684,0.9644455121384586
26065,LOF,0.044370286378841085,0.011960756517733323,0.9436689571034256
26066,LOF,0.04419968666348499,0.011250589859739967,0.944549723476775
26067,LOF,0.051745970553191516,0.00976186545122609,0.9384921639955823
26068,LOF,0.050510524527032835,0.043733878870325135,0.9057555966026419
26069,LOF,0.14324748735455597,0.02665771073965364,0.8300948019057904
26070,LOF,0.32682209742110324,0.020856575234276177,0.6523213273446206
26071,LOF,0.041910557125994966,0.011993157834682537,0.9460962850393225
26072,LOF,0.010714984530546912,0.020688354880582148,0.968596660588871
26073,LOF,0.03808218220334226,0.014635786169692461,0.9472820316269652
26074,Neutral,0.9230620977752666,0.008549204238830876,0.06838869798590262
26075,LOF,0.05242460379302729,0.022654633523965875,0.9249207626830068
26076,LOF,0.05417350913634082,0.011035797564628927,0.9347906932990303
26077,LOF,0.15228547303227158,0.006833758815014161,0.8408807681527142
26078,LOF,0.008905602765203503,0.014209172002315577,0.976885225232481
26079,LOF,0.06395509714607762,0.02422171286414845,0.9118231899897739
26080,LOF,0.0631822199021889,0.02424299749509913,0.912574782602712
26081,LOF,0.03293934565584165,0.00925102322883486,0.9578096311153235
26082,LOF,0.00735740822102769,0.014450446347154412,0.9781921454318179
26083,LOF,0.09356591112358661,0.02124425971112393,0.8851898291652894
26084,LOF,0.10229929093745697,0.013650010904280372,0.8840506981582626
26085,LOF,0.096454582912684,0.011894149320091299,0.8916512677672247
26086,LOF,0.04196259863878756,0.01244107798926332,0.9455963233719492
26087,LOF,0.03645799345745858,0.01010630582866781,0.9534357007138735
26088,LOF,0.009045197561188493,0.019462960591175308,0.9714918418476363
26089,LOF,0.04369793209178407,0.034399468363382056,0.9219025995448338
26090,LOF,0.04448473284069655,0.02695537104558857,0.9285598961137149
26091,LOF,0.030986325811549333,0.007977277847356317,0.9610363963410943
26092,LOF,0.04180423916851488,0.00856636157960527,0.9496293992518798
26093,LOF,0.07814523409362813,0.006330021928162747,0.9155247439782092
26094,LOF,0.03509388292342658,0.007341018818512158,0.9575650982580612
26095,LOF,0.03918978598390616,0.018938075044566377,0.9418721389715274
26096,LOF,0.22411318855172804,0.005183436178905925,0.770703375269366
26097,LOF,0.008491331788010762,0.031356217360957415,0.960152450851032
26098,LOF,0.08140659600880332,0.020286795348931165,0.8983066086422655
26099,LOF,0.0419012661323099,0.015235025691936377,0.9428637081757537
26100,LOF,0.0419012661323099,0.015235025691936377,0.9428637081757537
26101,LOF,0.05626090455218874,0.026659512351098116,0.917079583096713
26102,LOF,0.032558228386088815,0.017159602696573094,0.9502821689173381
26103,Neutral,0.8782350524617811,0.02594813811563468,0.09581680942258414
26104,LOF,0.05795748842415365,0.03901203130673403,0.9030304802691123
26105,LOF,0.2314217978796365,0.18992247541685336,0.5786557267035102
26106,LOF,0.30412375245563,0.12846144013766994,0.5674148074067001
26107,LOF,0.02099308434066178,0.09370810621408683,0.8852988094452514
26108,LOF,0.279632150685715,0.05148492750630548,0.6688829218079796
26109,LOF,0.10000662106490622,0.04237883466839641,0.8576145442666975
26110,LOF,0.48208405835929113,0.005208674699300038,0.5127072669414088
26111,LOF,0.047751595438323496,0.09960510890864288,0.8526432956530335
26112,LOF,0.05183502198890042,0.007082378123864839,0.9410825998872347
26113,LOF,0.09960856293380957,0.014234476510738664,0.8861569605554518
26114,LOF,0.09138203719989192,0.009721021685250181,0.8988969411148579
26115,LOF,0.013571007015050486,0.0607118865584263,0.9257171064265233
26116,LOF,0.06880596162034462,0.033492847589632266,0.8977011907900231
26117,LOF,0.3936427556590965,0.03307750305058329,0.5732797412903201
26118,LOF,0.042343987938790684,0.0166403047836832,0.9410157072775261
26119,LOF,0.006354899513788023,0.035781822318818435,0.9578632781673935
26120,LOF,0.03686457357745909,0.014866787726707258,0.9482686386958337
