feature0,prediction,LoGoFunc_Neutral,LoGoFunc_GOF,LoGoFunc_LOF
25546,Neutral,0.6591161777749627,0.06407475246023982,0.2768090697647976
25547,Neutral,0.4603005469374416,0.11848596505290193,0.42121348800965647
25548,Neutral,0.46933099954687707,0.0923180719640212,0.4383509284891018
25549,LOF,0.38892037650869093,0.09387688984552957,0.5172027336457796
25550,LOF,0.3258707264131203,0.15290885354684275,0.5212204200400369
25551,LOF,0.2683916634014051,0.176347869425074,0.5552604671735208
25552,LOF,0.1919035341165694,0.1628651317579379,0.6452313341254927
25553,Neutral,0.7925214196415973,0.05152503923840941,0.15595354111999332
25554,LOF,0.22002057443062775,0.15675349724807464,0.6232259283212976
25555,LOF,0.18304377795234214,0.1381717542204567,0.6787844678272013
25556,LOF,0.3820738190007732,0.13020774416791098,0.4877184368313159
25557,LOF,0.17267508809013699,0.1449660779717106,0.6823588339381523
25558,LOF,0.21783883735531284,0.15420429272454564,0.6279568699201414
25559,LOF,0.17847797637840754,0.13125595587127176,0.6902660677503207
25560,LOF,0.07024039073074655,0.1290632865013569,0.8006963227678965
25561,LOF,0.13750220871455082,0.12351091853035553,0.7389868727550937
25562,LOF,0.06286388755951434,0.07780157918116723,0.8593345332593184
25563,LOF,0.08970165532683311,0.08945027976271258,0.8208480649104543
25564,LOF,0.22559265913745727,0.16255842829902897,0.6118489125635137
25565,LOF,0.1568652460886208,0.13780226641540785,0.7053324874959713
25566,GOF,0.01831330229252951,0.7337978709904853,0.2478888267169852
25567,LOF,0.021921271933875257,0.17353972856325273,0.804538999502872
25568,LOF,0.06344377644590272,0.07925385437509737,0.8573023691789998
25569,LOF,0.05958362660824336,0.08183425913433454,0.858582114257422
25570,LOF,0.03143763646042222,0.11801270505493822,0.8505496584846396
25571,LOF,0.031052197598845456,0.11663661501649332,0.8523111873846613
25572,LOF,0.03365380497407068,0.15168485450718083,0.8146613405187485
25573,LOF,0.02639528513493296,0.11167672249377712,0.8619279923712899
25574,LOF,0.020278616729331265,0.1631598100004988,0.81656157327017
25575,LOF,0.024813269372679074,0.13095988081766322,0.8442268498096577
25576,LOF,0.012744410237908859,0.1780410338008976,0.8092145559611934
25577,LOF,0.011897846088292271,0.14953244404019764,0.8385697098715101
25578,LOF,0.2878775119958926,0.08910973307717181,0.6230127549269356
25579,LOF,0.1260466735835713,0.09876752177704233,0.7751858046393865
25580,LOF,0.01879321393771872,0.09358580805940976,0.8876209780028715
25581,LOF,0.04711803155124169,0.08049340220193639,0.872388566246822
25582,LOF,0.046979909212489776,0.07887028635066401,0.8741498044368462
25583,LOF,0.020564840686768872,0.10226581545234784,0.8771693438608832
25584,Neutral,0.5154744524589862,0.1004123622969384,0.38411318524407545
25585,LOF,0.013659394898757076,0.1553693012298909,0.8309713038713521
25586,LOF,0.01827838014516456,0.0813151115716715,0.900406508283164
25587,LOF,0.017349663799667583,0.07296442138819362,0.9096859148121387
25588,LOF,0.01761279168459057,0.09166796344950558,0.8907192448659038
25589,Neutral,0.6256457150282589,0.14124833083460653,0.2331059541371345
25590,LOF,0.019586145897406163,0.1386428929107061,0.8417709611918879
25591,LOF,0.08408376828135782,0.06631986263668484,0.8495963690819575
25592,LOF,0.050778069704250556,0.142394081393029,0.8068278489027205
25593,LOF,0.02212549966570092,0.2504863000948231,0.7273882002394759
25594,LOF,0.037296193360122576,0.11651343197493581,0.8461903746649416
25595,LOF,0.03712124707679954,0.08914040634435481,0.8737383465788456
25596,LOF,0.05073328221732191,0.06908644011308,0.880180277669598
25597,LOF,0.03305047016397294,0.07146389495529012,0.895485634880737
25598,LOF,0.033714182400345745,0.09575548689897895,0.8705303307006752
25599,GOF,0.008006938366861048,0.578581113307463,0.4134119483256759
25600,GOF,0.030967937554897348,0.6446927545640755,0.32433930788102716
25601,LOF,0.012754859474505392,0.44539504762908516,0.5418500928964094
25602,LOF,0.013433438789398025,0.04512225243849687,0.941444308772105
25603,LOF,0.048088797591145774,0.017931718692194898,0.9339794837166594
25604,LOF,0.01689485613815714,0.06783053502061474,0.9152746088412282
25605,LOF,0.007805473776096571,0.20531721350141197,0.7868773127224914
25606,LOF,0.08230750461575137,0.3518881431166099,0.5658043522676388
25607,LOF,0.004937880952346666,0.24641291019276343,0.74864920885489
25608,LOF,0.011478799330398333,0.10798143024358349,0.8805397704260182
25609,LOF,0.07744863246799764,0.35378095415579647,0.5687704133762059
25610,LOF,0.019550661699055224,0.024688522085361292,0.9557608162155835
25611,LOF,0.018449470832835508,0.028253356231630902,0.9532971729355336
25612,LOF,0.06322487848608709,0.03948198955907427,0.8972931319548386
25613,LOF,0.05609153959811403,0.041748970114796044,0.9021594902870899
25614,LOF,0.027083054637129268,0.029906069424483157,0.9430108759383875
25615,LOF,0.01722477634643341,0.039162367627742875,0.9436128560258238
25616,LOF,0.052645588516129355,0.02966616855770232,0.9176882429261682
25617,LOF,0.050542680355177755,0.0350157902517669,0.9144415293930553
25618,LOF,0.06379275644437989,0.03407167557912671,0.9021355679764933
25619,LOF,0.018415019838404392,0.03114752465864638,0.9504374555029493
25620,LOF,0.06720857699152576,0.037520686116441854,0.8952707368920325
25621,LOF,0.01752314576817879,0.03820108682083927,0.9442757674109818
25622,LOF,0.02271890949185212,0.0414639595662471,0.9358171309419008
25623,LOF,0.03501333169666179,0.03682896723010235,0.9281577010732358
25624,LOF,0.022609903886259858,0.03944340343195383,0.9379466926817863
25625,LOF,0.022959453402111384,0.05579143909788991,0.9212491074999987
25626,LOF,0.0570855653314936,0.03904225312214434,0.9038721815463621
25627,Neutral,0.6050723441617206,0.10886493258481066,0.28606272325346865
25628,LOF,0.19363269261805172,0.05483059422733074,0.7515367131546176
25629,LOF,0.039880067308249036,0.06135493530937467,0.8987649973823764
25630,LOF,0.1391447006830407,0.09752798740684043,0.7633273119101189
25631,Neutral,0.6057784550062062,0.06421377865125852,0.3300077663425352
25632,LOF,0.008414456784633964,0.07387769978103638,0.9177078434343297
25633,LOF,0.21003983098453097,0.043086962412994215,0.7468732066024748
25634,LOF,0.029937141297735267,0.09187117376774871,0.8781916849345159
25635,LOF,0.03495813470716381,0.04656476133971534,0.9184771039531209
25636,GOF,0.0053328370245374,0.6000095420033709,0.39465762097209167
25637,GOF,0.007228741820638982,0.6136696263323307,0.3791016318470304
25638,LOF,0.010485637898380942,0.3021378677328838,0.6873764943687353
25639,LOF,0.004958344903905702,0.4595987946203476,0.5354428604757467
25640,Neutral,0.46994348852610446,0.4435922262162179,0.08646428525767762
25641,LOF,0.01164092149255192,0.3265747139992637,0.6617843645081845
25642,LOF,0.23417653711116265,0.05943575421333373,0.7063877086755037
25643,LOF,0.13892102350938135,0.14908495722340004,0.7119940192672186
25644,LOF,0.008850961839070562,0.4218089064604834,0.5693401317004461
25645,LOF,0.007481440389204329,0.39875227940936897,0.5937662802014267
25646,LOF,0.013138790156231627,0.30084947885520197,0.6860117309885663
25647,LOF,0.009337087099707552,0.25119738461787666,0.7394655282824156
25648,LOF,0.008979025325572768,0.2439060865659509,0.7471148881084763
25649,LOF,0.007490101167324296,0.18834880905626664,0.8041610897764091
25650,LOF,0.013680197599778036,0.3786492175070858,0.6076705848931361
25651,LOF,0.005409699202399403,0.2641392929137304,0.7304510078838702
25652,LOF,0.009049757166259172,0.2497725190275849,0.7411777238061559
25653,LOF,0.025267326094982518,0.3670851706261581,0.6076475032788594
25654,LOF,0.009593306665793217,0.15457205178310587,0.8358346415511009
25655,LOF,0.04593208191849736,0.3875020876881951,0.5665658303933075
25656,LOF,0.1766463916980439,0.05313109469804993,0.7702225136039061
25657,LOF,0.26500118386903115,0.031693317173722695,0.7033054989572461
25658,LOF,0.08392891735412429,0.08542260117499598,0.8306484814708797
25659,LOF,0.41815193471174267,0.07541850812029247,0.5064295571679649
25660,LOF,0.02896150952534059,0.10343502882451103,0.8676034616501483
25661,LOF,0.0937790943508104,0.07086648798089962,0.83535441766829
25662,LOF,0.03049402432824014,0.0501109034176379,0.9193950722541219
25663,LOF,0.03832521253301744,0.06934298207359692,0.8923318053933856
25664,LOF,0.044991701687922415,0.09136821687766955,0.8636400814344081
25665,LOF,0.05224144312681497,0.035534319664928156,0.9122242372082568
25666,LOF,0.03556827488899112,0.1259144859819968,0.8385172391290121
25667,LOF,0.06412096226604534,0.05298265029235256,0.8828963874416021
25668,LOF,0.03431511180392334,0.058082356021762246,0.9076025321743143
25669,LOF,0.031665209449089224,0.08010427006205995,0.8882305204888509
25670,LOF,0.05759513274405183,0.07137502641569173,0.8710298408402564
25671,LOF,0.08997687093180565,0.04782674450672499,0.8621963845614693
25672,LOF,0.05310963328131696,0.044843296697915216,0.9020470700207678
25673,LOF,0.024691673285267435,0.0673737560542146,0.907934570660518
25674,LOF,0.02100603008624803,0.07923410654609243,0.8997598633676595
25675,LOF,0.033211909851856805,0.07506824838726879,0.8917198417608744
25676,LOF,0.01846147524533321,0.06621566994302933,0.9153228548116374
25677,LOF,0.029018501446391884,0.07589839554055156,0.8950831030130566
25678,LOF,0.18850426482552685,0.06362936809005995,0.7478663670844132
25679,LOF,0.1577352892757705,0.08803346566007386,0.7542312450641557
25680,LOF,0.041425456355253604,0.11794855762791039,0.8406259860168361
25681,LOF,0.06581027893777963,0.11102491513498623,0.8231648059272342
25682,LOF,0.13651091450284417,0.09042830349966277,0.7730607819974931
25683,LOF,0.07655197756922173,0.12049961775380563,0.8029484046769727
25684,LOF,0.04435814830357257,0.08497313693641895,0.8706687147600084
25685,LOF,0.0747712484733895,0.06009128041611472,0.8651374711104958
25686,LOF,0.02548610664359659,0.08497360455972705,0.8895402887966763
25687,LOF,0.049614245645473176,0.07355779006227865,0.8768279642922482
25688,LOF,0.04783101623371999,0.058560175525896443,0.8936088082403836
25689,LOF,0.02907522532771459,0.07360788576570342,0.8973168889065819
25690,LOF,0.03352688624916689,0.05376068111797765,0.9127124326328554
25691,LOF,0.23334238659721424,0.07751758285811361,0.6891400305446721
25692,LOF,0.26816029621399323,0.00770538246689038,0.7241343213191164
25693,LOF,0.0712873973646256,0.24180169966566295,0.6869109029697115
25694,LOF,0.23878772968412657,0.013161760099431095,0.7480505102164423
25695,LOF,0.1415890056510761,0.022472539450973078,0.8359384548979509
25696,LOF,0.1137669007411598,0.011281496762293371,0.8749516024965469
25697,LOF,0.0923335927122211,0.0205153837344284,0.8871510235533506
25698,GOF,0.05058290248715014,0.47714831171057104,0.4722687858022787
25699,LOF,0.0722351907826247,0.10709747714299929,0.820667332074376
25700,LOF,0.056282551486565566,0.009980848495162554,0.933736600018272
25701,LOF,0.016813036256274325,0.0790749271321538,0.9041120366115718
25702,GOF,0.041229500728401355,0.6681943565688209,0.29057614270277776
25703,LOF,0.008980359885093537,0.16560931380061183,0.8254103263142946
25704,LOF,0.05734391848437404,0.13868635751897102,0.8039697239966549
25705,LOF,0.06108856964355809,0.24727687319748248,0.6916345571589594
25706,GOF,0.024724927683201055,0.5085179661485149,0.4667571061682841
25707,LOF,0.0177154388787223,0.4433244951435861,0.5389600659776915
25708,LOF,0.007701071666319146,0.4173912076652242,0.5749077206684566
25709,LOF,0.05800500654725211,0.06369000496814366,0.8783049884846043
25710,LOF,0.0050874817462897015,0.16480151769005721,0.8301110005636532
25711,LOF,0.017550309050701717,0.13499357770943185,0.8474561132398664
25712,LOF,0.006495126001151228,0.20986875584826625,0.7836361181505824
25713,LOF,0.018307949946871297,0.11588925632892798,0.8658027937242007
25714,LOF,0.05825472531319007,0.14730782022465955,0.7944374544621503
25715,LOF,0.01157371689633109,0.160847404735964,0.8275788783677049
25716,LOF,0.005581740603956438,0.13693948516282414,0.8574787742332194
25717,LOF,0.005256689664843822,0.10117402558048445,0.8935692847546718
25718,LOF,0.012113848730448157,0.10422630935853393,0.883659841911018
25719,LOF,0.018853910469781927,0.11008026838620218,0.871065821144016
25720,LOF,0.02008469938830242,0.10186709533251884,0.8780482052791787
25721,LOF,0.016005086657115832,0.12422508842149856,0.8597698249213857
25722,LOF,0.014165093920854013,0.15146319318309084,0.8343717128960553
25723,LOF,0.020334453766011493,0.08641598164146344,0.893249564592525
25724,LOF,0.017949047311093952,0.12237095904820562,0.8596799936407004
25725,LOF,0.012093699110150881,0.09166001072998244,0.8962462901598668
25726,LOF,0.014428683696429231,0.12951885437318209,0.8560524619303888
25727,LOF,0.0126556674411414,0.10068019004930026,0.8866641425095584
25728,LOF,0.010730041073535762,0.13197786027511313,0.8572920986513511
25729,LOF,0.011042338523836357,0.1322456520631425,0.8567120094130211
25730,LOF,0.015869123046727784,0.1082092184090143,0.8759216585442579
25731,LOF,0.007126356882286395,0.14950473918793242,0.8433689039297811
25732,LOF,0.016007988853418902,0.10405581578071686,0.8799361953658642
25733,LOF,0.016024519021522333,0.09760453865405064,0.886370942324427
25734,LOF,0.005238323857703424,0.14217648285196519,0.8525851932903314
25735,LOF,0.013893552984510555,0.09008311931785017,0.8960233276976393
25736,LOF,0.014622414665839275,0.13632463555862873,0.849052949775532
25737,LOF,0.01980634237656997,0.09813081303570924,0.8820628445877208
25738,LOF,0.01313499069478163,0.1537617404438686,0.8331032688613498
25739,LOF,0.019574121176307177,0.13227558944993636,0.8481502893737565
25740,LOF,0.030094641660914963,0.1368469843212959,0.833058374017789
25741,LOF,0.014947384809240391,0.12261023221074246,0.8624423829800171
25742,LOF,0.08615939278928021,0.1319506428572035,0.7818899643535162
25743,LOF,0.014593227799636435,0.027567545790657844,0.9578392264097056
25744,LOF,0.23174640022486961,0.29639008759229996,0.4718635121828305
25745,LOF,0.0289580433246536,0.04405152438531764,0.9269904322900288
25746,LOF,0.016981614914995117,0.05156435555165159,0.9314540295333533
25747,LOF,0.028993060955209305,0.023456806777486874,0.9475501322673038
25748,LOF,0.12378422628758695,0.03746395948245705,0.8387518142299559
25749,LOF,0.016572871677460813,0.041690035481956135,0.941737092840583
25750,LOF,0.036973852373722194,0.05089047739434744,0.9121356702319303
25751,LOF,0.1138314812904017,0.04452194931937243,0.8416465693902259
25752,GOF,0.1335907158299484,0.5974518272365229,0.2689574569335286
25753,LOF,0.007972407900947744,0.313261648789905,0.6787659433091473
25754,GOF,0.00497841404232996,0.7909241042932413,0.20409748166442884
25755,LOF,0.009538994868004004,0.3929340298752555,0.5975269752567405
25756,LOF,0.04246899077461131,0.4005023763572091,0.5570286328681795
25757,GOF,0.0056953765661629865,0.8698074027074272,0.12449722072640967
25758,GOF,0.007249497704301371,0.8624875281287405,0.13026297416695826
25759,GOF,0.004631079441715581,0.5503251287028628,0.4450437918554216
25760,LOF,0.005004615552895552,0.2659718254312723,0.7290235590158323
25761,GOF,0.04735852967944742,0.8242819086975605,0.12835956162299206
25762,LOF,0.030717961127929197,0.30755499225009014,0.6617270466219807
25763,LOF,0.007019539700864873,0.21073108738372281,0.7822493729154123
25764,GOF,0.20006377080824442,0.49501668092256473,0.3049195482691909
25765,GOF,0.01302073228764586,0.785350810703738,0.201628457008616
25766,GOF,0.01836257617947179,0.8196653371033198,0.16197208671720842
25767,LOF,0.019371444457242877,0.4660878248484963,0.5145407306942608
25768,LOF,0.0797923803235385,0.06889515936707812,0.8513124603093833
25769,LOF,0.08339349504542433,0.05708126005802185,0.8595252448965538
25770,LOF,0.3046969592601531,0.06561370144262307,0.6296893392972238
25771,LOF,0.013531510012393683,0.05788384298029816,0.9285846470073083
25772,LOF,0.01984272595466688,0.028419928845300358,0.9517373452000327
25773,LOF,0.011070698114453536,0.11956300829351948,0.8693662935920271
25774,LOF,0.02423870314630654,0.06850623308724803,0.9072550637664454
25775,LOF,0.015650252155553823,0.04220311565112109,0.9421466321933251
25776,LOF,0.07647424246759191,0.023652875426741958,0.8998728821056661
25777,LOF,0.2935552563921051,0.04093899317218171,0.6655057504357131
25778,LOF,0.07049646277061197,0.042852058130177735,0.8866514790992103
25779,GOF,0.06567782740627819,0.8706154147961379,0.06370675779758381
25780,GOF,0.05772443024063634,0.838007135107805,0.1042684346515586
25781,GOF,0.027218058793568832,0.836816717961729,0.13596522324470228
25782,GOF,0.031829924250756425,0.8668706883358916,0.10129938741335191
25783,GOF,0.011173918547795526,0.6522097694457912,0.33661631200641323
25784,GOF,0.11246821938396356,0.8285569507683274,0.058974829847709145
25785,GOF,0.07662380946900939,0.8660649926454131,0.05731119788557742
25786,GOF,0.005480258307313357,0.7923972231693611,0.20212251852332547
25787,GOF,0.18960907888810877,0.762720364764238,0.0476705563476532
25788,LOF,0.04474697112386986,0.10898476521414856,0.8462682636619816
25789,GOF,0.040594026690342414,0.7945631455629869,0.16484282774667067
25790,GOF,0.03854826950532658,0.8235958917541532,0.13785583874052038
25791,GOF,0.027908573525484176,0.7623566780049152,0.20973474846960063
25792,GOF,0.04550596311546942,0.7599772034245112,0.19451683346001938
25793,GOF,0.07749016143378148,0.7069484502171925,0.215561388349026
25794,GOF,0.10797590712231427,0.6833787321892825,0.20864536068840334
25795,GOF,0.024067863744720797,0.7397202711425032,0.23621186511277595
25796,GOF,0.1257043781223089,0.7513811805695545,0.12291444130813658
25797,GOF,0.0332717926720268,0.5861063478242201,0.3806218595037531
25798,GOF,0.003019418506647786,0.542265630527948,0.4547149509654043
25799,LOF,0.002849212557033593,0.424644801611591,0.5725059858313755
25800,GOF,0.00986239814950882,0.6230367447879359,0.36710085706255524
25801,GOF,0.027668744805579706,0.8012910318126718,0.17104022338174843
25802,GOF,0.018372360497967914,0.6965801888220369,0.28504745067999515
25803,GOF,0.009279070821458887,0.5768585211059302,0.413862408072611
25804,LOF,0.012014398831721045,0.4782595704950675,0.5097260306732115
25805,GOF,0.019088132103359114,0.6124445373428044,0.36846733055383657
25806,GOF,0.01729695703981647,0.6094242548403361,0.3732787881198474
25807,GOF,0.005330029289382297,0.6330012008675677,0.36166876984304996
25808,GOF,0.014423480585352802,0.6289291916328181,0.3566473277818291
25809,GOF,0.005524238000512889,0.5915794906499657,0.4028962713495214
25810,GOF,0.004693154492213392,0.6011480910594681,0.3941587544483186
25811,GOF,0.0865328658984604,0.7879752705741424,0.1254918635273972
25812,GOF,0.011916863902183569,0.5947026279092521,0.39338050818856435
25813,GOF,0.10581404885850909,0.7130927381380201,0.1810932130034708
25814,GOF,0.029687939753422134,0.6733072868461573,0.2970047734004206
25815,GOF,0.04071890493163968,0.6797255565905147,0.2795555384778456
25816,GOF,0.007163795144225087,0.7386634264250723,0.2541727784307027
25817,GOF,0.06874489515107826,0.7641827485298067,0.16707235631911518
25818,GOF,0.017283024324231178,0.6812887344322367,0.3014282412435321
25819,GOF,0.07362125768972254,0.7153425054326561,0.21103623687762138
25820,GOF,0.032096858360273005,0.6947283683878881,0.27317477325183886
25821,GOF,0.01565980022230951,0.6750027982551815,0.30933740152250894
25822,GOF,0.03750374018817922,0.6800199224584145,0.2824763373534064
25823,GOF,0.011124544682833437,0.5386052813025552,0.45027017401461145
25824,GOF,0.02016295783822759,0.6431066897593593,0.3367303524024132
25825,GOF,0.011085278088939075,0.6189138815807775,0.3700008403302834
25826,GOF,0.004523612147439148,0.6103668467818678,0.38510954107069306
25827,GOF,0.00757311892647842,0.631843389404537,0.36058349166898457
25828,GOF,0.004602194079177196,0.5424611759082296,0.45293663001259304
25829,GOF,0.0025432835128075763,0.5802808038989585,0.4171759125882338
25830,LOF,0.0381420483958787,0.3509632764458283,0.6108946751582931
25831,GOF,0.03227764897849585,0.8366348610458897,0.13108748997561448
25832,GOF,0.007088610678803469,0.7464302236879159,0.24648116563328065
25833,GOF,0.025885627558163805,0.7982001437290909,0.1759142287127453
25834,GOF,0.007714693661221992,0.7616724183236169,0.23061288801516103
25835,GOF,0.017045976804248672,0.8097689334413335,0.1731850897544177
25836,GOF,0.00630639274880331,0.7459934882857707,0.24770011896542596
25837,GOF,0.006406065136369859,0.6661885832988766,0.32740535156475353
25838,GOF,0.01938651191523951,0.8402430154704288,0.14037047261433172
25839,GOF,0.0469041705486755,0.8074892754782441,0.14560655397308034
25840,GOF,0.03706602566770115,0.8248340699180895,0.13809990441420938
25841,GOF,0.03603226807534384,0.844354017447339,0.1196137144773173
25842,GOF,0.02345023065843146,0.8568785519677509,0.11967121737381752
25843,GOF,0.025998321752865677,0.8723846173242786,0.10161706092285583
25844,GOF,0.015600855327658425,0.7971292952844014,0.18726984938794014
25845,GOF,0.004701211072205888,0.5713896714890094,0.42390911743878473
25846,GOF,0.02436248697359239,0.8572007295934162,0.1184367834329914
25847,GOF,0.0174298453883385,0.8837376194339264,0.09883253517773513
25848,GOF,0.012371923746316805,0.7667643787769928,0.22086369747669057
25849,GOF,0.004217274653573886,0.6591481145101938,0.33663461083623236
25850,GOF,0.006559936509051504,0.683375747911512,0.31006431557943653
25851,GOF,0.005948227006829611,0.5668838580295997,0.4271679149635705
25852,GOF,0.15373173886770758,0.5464756925939299,0.2997925685383626
25853,GOF,0.06190141923505651,0.8255599502859461,0.11253863047899743
25854,GOF,0.008420262925359509,0.6539777212756647,0.3376020157989758
25855,GOF,0.013626560533420424,0.5770386144995351,0.4093348249670445
25856,GOF,0.036881617889508944,0.6964722259894982,0.26664615612099296
25857,GOF,0.013069026243454379,0.5487738500195294,0.43815712373701626
25858,GOF,0.007227363073237811,0.5438079507718087,0.4489646861549535
25859,GOF,0.004909801438920892,0.5205483765429608,0.4745418220181183
25860,GOF,0.06814321239582821,0.7818364513066833,0.15002033629748832
25861,GOF,0.11046177684907788,0.7872075211307522,0.10233070202016986
25862,GOF,0.0181777981969344,0.836574980763072,0.14524722103999357
25863,GOF,0.01715082083725952,0.8450086977797451,0.13784048138299554
25864,GOF,0.03751719167558099,0.8828517000417653,0.07963110828265363
25865,GOF,0.028387101863169957,0.8433301880795162,0.1282827100573139
25866,GOF,0.021352539740949684,0.8232964066409719,0.15535105361807833
25867,GOF,0.023145017222786304,0.8609796252365814,0.11587535754063231
25868,GOF,0.0486554884062322,0.7953539872723044,0.1559905243214634
25869,GOF,0.2970305873041506,0.5993517628201709,0.10361764987567847
25870,GOF,0.16464143562386677,0.5298629652301395,0.3054955991459936
25871,GOF,0.028987429116176255,0.8508431933829936,0.12016937750083022
25872,GOF,0.015544637513838923,0.7523744076869763,0.2320809547991849
25873,GOF,0.01704684097548134,0.8310360498423438,0.15191710918217477
25874,LOF,0.016192006924364025,0.11533875706781907,0.868469236007817
25875,LOF,0.02509703150422257,0.029871583324726322,0.9450313851710511
25876,LOF,0.014990322995577114,0.029000796445081432,0.9560088805593414
25877,LOF,0.11883724841032896,0.053679177381731245,0.8274835742079398
25878,LOF,0.04514015264941366,0.0738155945149288,0.8810442528356576
25879,LOF,0.022419279872791492,0.0594333067095906,0.9181474134176179
25880,LOF,0.039872735070244844,0.01091600373170781,0.9492112611980474
25881,Neutral,0.5553309150757801,0.04666362176238798,0.39800546316183194
25882,LOF,0.022093431459035234,0.029665226547909415,0.9482413419930553
25883,LOF,0.06555523596802731,0.02178351856321068,0.912661245468762
25884,LOF,0.010674573296332247,0.03548756227328461,0.9538378644303832
25885,LOF,0.16701341954089524,0.006352769169850819,0.8266338112892538
25886,LOF,0.2791676883978296,0.050326473864196454,0.6705058377379739
25887,LOF,0.14924329006087186,0.05703637293617439,0.7937203370029537
25888,LOF,0.012281601259270322,0.1111169377713205,0.8766014609694092
25889,LOF,0.013433121802502656,0.027839031024160094,0.9587278471733373
25890,LOF,0.11596677038634914,0.07392960776062271,0.8101036218530281
25891,LOF,0.04342989092883723,0.034967619375925005,0.9216024896952377
25892,LOF,0.011301957648869519,0.04250117362364968,0.9461968687274808
25893,LOF,0.39816594336586214,0.013590564170766388,0.5882434924633715
25894,LOF,0.418352073709287,0.006447607842419488,0.5752003184482934
25895,LOF,0.351678955343524,0.016211437473430998,0.632109607183045
25896,LOF,0.0429112041689769,0.029127198911122136,0.9279615969199009
25897,LOF,0.19553338391026356,0.011590212266138955,0.7928764038235976
25898,LOF,0.1935304194855552,0.03601847356236051,0.7704511069520843
25899,LOF,0.17365843163282493,0.02837335330623186,0.7979682150609432
25900,LOF,0.48554838833080766,0.012824824090387071,0.5016267875788053
25901,LOF,0.04783063062390272,0.011464203866166978,0.9407051655099302
25902,LOF,0.10354317523509589,0.016701309940066956,0.8797555148248373
25903,LOF,0.3741806583676341,0.03555325622931034,0.5902660854030556
25904,LOF,0.3139721667200055,0.04769412542248265,0.6383337078575119
25905,LOF,0.0066943885344254135,0.41370689900657637,0.5795987124589982
25906,LOF,0.00870134783202675,0.11971967824363536,0.8715789739243378
25907,LOF,0.004071565651224721,0.3556522207704145,0.6402762135783608
25908,LOF,0.0038310830276303345,0.24654010564502,0.7496288113273497
25909,LOF,0.014156926302618306,0.15002973528451422,0.8358133384128675
25910,LOF,0.014881502746728404,0.13588549048719162,0.8492330067660799
25911,LOF,0.1853341826638375,0.02835591229390312,0.7863099050422594
25912,LOF,0.07346004193659603,0.04375700488898487,0.882782953174419
25913,LOF,0.07862845470621556,0.05192511463113119,0.8694464306626533
25914,LOF,0.0215857571419254,0.05859860048975416,0.9198156423683205
25915,LOF,0.1465935185360468,0.3005447056388714,0.5528617758250818
25916,LOF,0.020633299618365488,0.18207972214200002,0.7972869782396345
25917,LOF,0.05578610669297008,0.039991866672550565,0.9042220266344794
25918,LOF,0.027334632085094623,0.0337301696389807,0.9389351982759246
25919,LOF,0.023770586104609023,0.032472323068940843,0.9437570908264501
25920,LOF,0.10948790678901713,0.22577272069502693,0.6647393725159558
25921,LOF,0.010367065940674451,0.04314472157486652,0.946488212484459
25922,LOF,0.013564531971351502,0.0331015859485773,0.9533338820800711
25923,Neutral,0.5149333090201181,0.04382478856550525,0.4412419024143766
25924,LOF,0.0173623908356195,0.04929942825340536,0.9333381809109751
25925,LOF,0.08420088559970128,0.05161104929327095,0.8641880651070277
25926,LOF,0.059253061155050836,0.04522448031115661,0.8955224585337925
25927,LOF,0.01983619125775789,0.07736966599524667,0.9027941427469953
25928,LOF,0.007765860169722404,0.05790909195813895,0.9343250478721385
25929,Neutral,0.6248933217777356,0.0457195593215665,0.32938711890069805
25930,LOF,0.0674500215510876,0.037150895458197844,0.8953990829907145
25931,LOF,0.009896569319782798,0.04064451611757336,0.9494589145626439
25932,LOF,0.030846286060184722,0.031782513853522994,0.9373712000862923
25933,LOF,0.0397685545512199,0.01992912017175375,0.9403023252770263
25934,LOF,0.027263957147952038,0.02222796851261259,0.9505080743394353
25935,LOF,0.07910978495566212,0.058179006886427194,0.8627112081579108
25936,LOF,0.04337109684019336,0.027029831679070335,0.9295990714807363
25937,LOF,0.010802783854873725,0.041657837319625794,0.9475393788255004
25938,LOF,0.07420571191670597,0.06639104165039028,0.8594032464329038
25939,LOF,0.03735751211353147,0.026543499187663126,0.9360989886988054
25940,LOF,0.009062181728784372,0.32030178801229686,0.6706360302589187
25941,Neutral,0.5250243882466048,0.030976447882091446,0.44399916387130367
25942,LOF,0.005200720568601176,0.043323370998032545,0.9514759084333664
25943,LOF,0.03526320633575205,0.1266432477130838,0.8380935459511641
25944,LOF,0.11373291488228897,0.07618038472218086,0.8100867003955302
25945,LOF,0.056426926487904885,0.01994681367222551,0.9236262598398696
25946,LOF,0.0745978115423948,0.058046851758891446,0.8673553366987139
25947,LOF,0.44802423587924506,0.07362298128316337,0.47835278283759153
25948,LOF,0.3217971646756028,0.0090656970729205,0.6691371382514767
25949,LOF,0.09336761719268244,0.0464154831724694,0.8602168996348482
25950,GOF,0.03576387203159662,0.5723960250507418,0.3918401029176615
25951,LOF,0.015659811722471797,0.41926093830490524,0.5650792499726229
25952,LOF,0.26095106409208146,0.30174336045410316,0.4373055754538153
25953,LOF,0.013260893592421632,0.19823163189538873,0.7885074745121896
25954,LOF,0.05371310064054051,0.4659982471870604,0.48028865217239897
25955,LOF,0.010143669441972671,0.17623198535652132,0.8136243452015061
25956,LOF,0.027066653212968392,0.27725835729966014,0.6956749894873715
25957,LOF,0.1496328353374577,0.028046782989957223,0.822320381672585
25958,LOF,0.05109955342324271,0.027577987246445272,0.9213224593303121
25959,LOF,0.012674918135538673,0.46988550741061974,0.5174395744538416
25960,LOF,0.005948731214454905,0.053012143471248135,0.9410391253142969
25961,LOF,0.041574903801801455,0.024043373152483862,0.9343817230457145
25962,LOF,0.03365038913992667,0.07665690618173805,0.8896927046783354
25963,LOF,0.005533351546435737,0.23490565538363253,0.7595609930699316
25964,LOF,0.03452446333307301,0.11090148267720214,0.8545740539897249
25965,LOF,0.31658141594291944,0.13505114632174078,0.5483674377353397
25966,Neutral,0.524438467166896,0.14810286193289765,0.3274586709002064
25967,LOF,0.00742594007088628,0.0963716223208007,0.896202437608313
25968,LOF,0.04981909091525214,0.22335338998973783,0.7268275190950101
25969,LOF,0.12162180403636426,0.06058782854493234,0.8177903674187035
25970,LOF,0.019895117714925963,0.10309020760555208,0.8770146746795219
25971,LOF,0.06643233202512265,0.029742086847317505,0.90382558112756
25972,LOF,0.06372081627017628,0.03971235444779622,0.8965668292820276
25973,LOF,0.058153715975676624,0.012097731020653493,0.9297485530036699
25974,LOF,0.033991856888727995,0.036374115411524854,0.9296340276997471
25975,LOF,0.044031766776026986,0.0251823398858749,0.930785893338098
25976,LOF,0.0965391155575171,0.012359516270954588,0.8911013681715283
25977,LOF,0.19800200427424072,0.051798874721033436,0.7501991210047257
25978,LOF,0.14245836594228442,0.13456445817501209,0.7229771758827035
25979,LOF,0.1298218598979695,0.13577913959244042,0.7343990005095902
25980,LOF,0.23764336298087427,0.15558842535393827,0.6067682116651875
25981,LOF,0.2640772969680544,0.15461944263182775,0.5813032604001179
25982,LOF,0.4104360968998987,0.11053324730226267,0.47903065579783866
25983,LOF,0.39106180360958853,0.11566085573094947,0.49327734065946205
25984,LOF,0.040358647737681594,0.06039917778076877,0.8992421744815497
25985,LOF,0.38794956258999713,0.12271312045143346,0.4893373169585694
25986,LOF,0.009888820365830608,0.4261170464228033,0.5639941332113662
25987,LOF,0.031163597571874226,0.09319927847619049,0.8756371239519352
25988,LOF,0.15561904972832985,0.09842100665310032,0.7459599436185698
25989,LOF,0.035679437551979144,0.1392751673840657,0.8250453950639552
25990,LOF,0.03808154372515132,0.21535839938602705,0.7465600568888215
25991,LOF,0.01737790487670498,0.3522770519248616,0.6303450431984334
25992,LOF,0.020839684433595053,0.3453440510486992,0.6338162645177057
25993,LOF,0.020199298289153334,0.10335542241307068,0.876445279297776
25994,LOF,0.014794752450556151,0.09365782056478474,0.891547426984659
25995,LOF,0.019575612775698557,0.1942628251714776,0.7861615620528238
25996,LOF,0.3425023902321932,0.30441548795521056,0.3530821218125962
25997,LOF,0.07608592540982113,0.35652723089819094,0.5673868436919879
25998,LOF,0.2761697570791717,0.0488372038555367,0.6749930390652916
25999,LOF,0.016740371242154238,0.23655603564809155,0.7467035931097542
26000,LOF,0.144790948409542,0.029363353154993638,0.8258456984354643
26001,LOF,0.31912831628734567,0.022251971119862587,0.6586197125927917
26002,LOF,0.07207198436462592,0.04232567544218107,0.8856023401931931
26003,GOF,0.003734021251631674,0.6143424725449945,0.3819235062033737
26004,GOF,0.006362509936493548,0.694945704801309,0.2986917852621974
26005,LOF,0.0028464945245808195,0.4876245712763386,0.5095289341990805
26006,GOF,0.07418574845032877,0.5684319757648026,0.3573822757848686
26007,GOF,0.00600298539166564,0.545421517454683,0.44857549715365136
26008,GOF,0.005162575347434379,0.6226835170992576,0.37215390755330785
26009,GOF,0.00604767020661185,0.6558052391434888,0.33814709064989934
26010,GOF,0.006814221103836034,0.6690210992926285,0.32416467960353545
26011,LOF,0.0025652011746973547,0.46761078297974434,0.5298240158455584
26012,GOF,0.0038518458287813456,0.5601575145060624,0.4359906396651561
26013,GOF,0.005107246009231637,0.6296353528851489,0.3652574011056194
26014,LOF,0.04585375820312815,0.10734220704450595,0.8468040347523659
26015,LOF,0.12399506355539126,0.022290784958772222,0.8537141514858365
26016,LOF,0.2929762239313039,0.04313713161427821,0.6638866444544179
26017,LOF,0.026763295435569885,0.19981236282842713,0.7734243417360029
26018,LOF,0.07309480728577769,0.048062073174572575,0.8788431195396498
26019,LOF,0.06888077438030289,0.03862540223130926,0.8924938233883879
26020,LOF,0.007894064354004866,0.21753629167873378,0.7745696439672614
26021,LOF,0.07069651140580617,0.07530986691082506,0.8539936216833688
26022,LOF,0.02590221212964395,0.026842491582800897,0.9472552962875552
26023,LOF,0.04376874941611204,0.02764748572165835,0.9285837648622295
26024,LOF,0.042205993650942054,0.08567171893742556,0.8721222874116323
26025,LOF,0.06666921815498043,0.08214642716225788,0.8511843546827618
26026,LOF,0.12971209219825916,0.06042161743560303,0.8098662903661379
26027,LOF,0.05642832563801867,0.02156707800954989,0.9220045963524315
26028,LOF,0.08836569550300423,0.11617024929983584,0.7954640551971599
26029,LOF,0.029188545625582856,0.19632062098230635,0.7744908333921108
26030,LOF,0.13673727813450332,0.031148894662212923,0.8321138272032839
26031,LOF,0.014479244798501755,0.16337572716875526,0.822145028032743
26032,LOF,0.08195548508325545,0.0688674561032144,0.8491770588135301
26033,LOF,0.08863904218459938,0.06407765008713254,0.847283307728268
26034,LOF,0.015378115245041745,0.17753632261106353,0.8070855621438948
26035,LOF,0.01362867953514913,0.13306336505927013,0.8533079554055807
26036,LOF,0.01743080055979641,0.17698208187530207,0.8055871175649015
26037,LOF,0.011351938473990885,0.11464344152653862,0.8740046199994705
26038,LOF,0.06898138581259733,0.06263416041743128,0.8683844537699713
26039,LOF,0.024993920757819817,0.164592586949417,0.8104134922927632
26040,LOF,0.11514319438517612,0.14872942400759118,0.7361273816072328
26041,LOF,0.014257824465694303,0.09947833383058914,0.8862638417037166
26042,LOF,0.012743699792728973,0.10297538510445593,0.884280915102815
26043,LOF,0.06909117320799855,0.08051349759359432,0.8503953291984072
26044,LOF,0.014091721469096707,0.06327057245850563,0.9226377060723976
26045,LOF,0.05094034087218938,0.10121854169814773,0.8478411174296628
26046,LOF,0.06187915354620762,0.06581018121746612,0.8723106652363262
26047,LOF,0.10423932963034395,0.06941649286932206,0.8263441775003341
26048,LOF,0.046527736524482714,0.04108629517310914,0.9123859683024083
26049,Neutral,0.9687101936820549,0.00645628986453666,0.024833516453408467
26050,Neutral,0.9567632356204089,0.008289465385587764,0.034947298994003256
26051,LOF,0.014244308290047076,0.17671801629737527,0.8090376754125777
26052,LOF,0.021098131935781,0.21035076530658287,0.7685511027576362
26053,LOF,0.024401517275698496,0.15162020034618934,0.8239782823781123
26054,LOF,0.04946249182268308,0.015460723582007327,0.9350767845953095
26055,LOF,0.059163238064555396,0.014688185189333618,0.926148576746111
26056,LOF,0.04971551148284115,0.01722491753477998,0.9330595709823788
26057,LOF,0.033920332404796576,0.010803704033406955,0.9552759635617964
26058,LOF,0.03491544571985492,0.009329416529119434,0.9557551377510256
26059,LOF,0.29005293209735356,0.018710850843951594,0.6912362170586949
26060,LOF,0.008822716476203212,0.1362128482679642,0.8549644352558325
26061,LOF,0.005050850468904807,0.01334244232197896,0.9816067072091162
26062,LOF,0.004031446275587343,0.01746451580591163,0.9785040379185012
26063,LOF,0.022969249853629005,0.0091264049742801,0.9679043451720909
26064,LOF,0.0071492733481226195,0.019378725264852584,0.9734720013870249
26065,LOF,0.02366034709257723,0.010600953863460022,0.9657386990439628
26066,LOF,0.022066326170059356,0.00992084291547204,0.9680128309144685
26067,LOF,0.029186475661007412,0.00777842292076131,0.9630351014182313
26068,LOF,0.04249870825813521,0.026640709909117093,0.9308605818327477
26069,LOF,0.27504397477416864,0.017520741737315725,0.7074352834885156
26070,LOF,0.4230895104886592,0.013196681376651146,0.5637138081346896
26071,LOF,0.02151081424570968,0.009815200635748093,0.9686739851185422
26072,LOF,0.005572985584094004,0.02048266419393918,0.9739443502219668
26073,LOF,0.018993652619519623,0.012682045207768338,0.968324302172712
26074,Neutral,0.905909509795769,0.0057017590029126266,0.08838873120131831
26075,LOF,0.04298812256640383,0.014127149699329883,0.9428847277342662
26076,LOF,0.039177171732111056,0.008207629847152733,0.9526151984207362
26077,LOF,0.11967353219870541,0.007558815617537266,0.8727676521837573
26078,LOF,0.005715692126784991,0.013237501526425981,0.981046806346789
26079,LOF,0.055997132376754064,0.014909417202474623,0.9290934504207713
26080,LOF,0.05341406579849649,0.015010262474108181,0.9315756717273953
26081,LOF,0.03141793093382481,0.006833446408498681,0.9617486226576766
26082,LOF,0.004640476687843197,0.014182925592258077,0.9811765977198988
26083,LOF,0.13697037309966825,0.014416404306956841,0.848613222593375
26084,LOF,0.036055555876202405,0.011803648695755252,0.9521407954280423
26085,LOF,0.032032297802126096,0.010471289252440358,0.9574964129454336
26086,LOF,0.02059903712114386,0.009865359614003233,0.9695356032648529
26087,LOF,0.02250103157594078,0.00830652784227661,0.9691924405817827
26088,LOF,0.005922845793856756,0.020912995251579122,0.9731641589545641
26089,LOF,0.03818440195401161,0.019590039219350014,0.9422255588266383
26090,LOF,0.038023260775266764,0.016003484846315176,0.9459732543784182
26091,LOF,0.02983847603841815,0.006344490416996662,0.9638170335445851
26092,LOF,0.021784155735107252,0.007172218744371685,0.9710436255205209
26093,LOF,0.039654694551193595,0.005574314724466795,0.9547709907243397
26094,LOF,0.030011859473978685,0.006207045409487965,0.9637810951165332
26095,LOF,0.016079033868201236,0.016767115123957392,0.9671538510078413
26096,LOF,0.16551449904791926,0.005362366273753431,0.8291231346783272
26097,LOF,0.0047998423130984035,0.03651538131623478,0.9586847763706668
26098,LOF,0.07336960159005645,0.013417277992499286,0.9132131204174443
26099,LOF,0.01938788791546674,0.012762693286306226,0.967849418798227
26100,LOF,0.022195020276022465,0.012273282946654454,0.9655316967773232
26101,LOF,0.04757065459013105,0.018448832002264954,0.933980513407604
26102,LOF,0.02156644711403655,0.01268383223797738,0.9657497206479861
26103,Neutral,0.865129494272871,0.01801231835509102,0.11685818737203803
26104,LOF,0.0673202931870298,0.021578010314960525,0.9111016964980095
26105,LOF,0.21752637476673478,0.15728143436191505,0.6251921908713501
26106,LOF,0.3591509976380693,0.1239088069148904,0.5169401954470402
26107,LOF,0.020980906301163987,0.10950545474656251,0.8695136389522735
26108,LOF,0.3615246919114069,0.03919236234527316,0.59928294574332
26109,LOF,0.03025289479773686,0.07319764417013555,0.8965494610321276
26110,LOF,0.21028520104099693,0.0065164665535486785,0.7831983324054543
26111,LOF,0.07377154246387917,0.07551264692267617,0.8507158106134447
26112,LOF,0.036101919366012133,0.007074986860239417,0.9568230937737485
26113,LOF,0.06528620483951372,0.014402163523099322,0.9203116316373869
26114,LOF,0.0621304867322439,0.014314670407391424,0.9235548428603648
26115,LOF,0.01547463180480059,0.08329821231950486,0.9012271558756945
26116,LOF,0.0868769087218843,0.04860926199752514,0.8645138292805906
26117,LOF,0.42261004382282485,0.045053373282201215,0.532336582894974
26118,LOF,0.03400767023939981,0.022754616471643486,0.9432377132889568
26119,LOF,0.004378421263754578,0.05450279798268001,0.9411187807535654
26120,LOF,0.024227137842075547,0.020608660793178003,0.9551642013647464
26121,LOF,0.0042497385208084435,0.15584064060829422,0.8399096208708974
