feature0,prediction,LoGoFunc_Neutral,LoGoFunc_GOF,LoGoFunc_LOF
25546,Neutral,0.7764932758599987,0.02859192198993785,0.19491480215006343
25547,Neutral,0.6293333233457437,0.07449851485043418,0.2961681618038222
25548,Neutral,0.5911307344461644,0.05368377009324513,0.3551854954605904
25549,Neutral,0.5161443137517203,0.055295941157275534,0.42855974509100414
25550,LOF,0.35126476879557883,0.13261665628088734,0.5161185749235339
25551,LOF,0.2933633070181875,0.1523828761724616,0.5542538168093509
25552,LOF,0.19125430190317264,0.15621200066800975,0.6525336974288175
25553,Neutral,0.8439627539553718,0.03304659371951122,0.12299065232511705
25554,LOF,0.23645944315807368,0.14683334580109492,0.6167072110408314
25555,LOF,0.18025986027897156,0.12141338672027549,0.6983267530007529
25556,LOF,0.40597123274110225,0.12303734507833149,0.47099142218056617
25557,LOF,0.17192584394868576,0.13490071004258036,0.693173446008734
25558,LOF,0.2238783665066662,0.15073919146309922,0.6253824420302346
25559,LOF,0.3585060979547656,0.07901219509599866,0.5624817069492357
25560,LOF,0.057305530522659465,0.20607215632748982,0.7366223131498507
25561,LOF,0.10616570177145644,0.2535323495388859,0.6403019486896577
25562,LOF,0.11244776979230875,0.10355677217296673,0.7839954580347245
25563,LOF,0.1088312318256735,0.09608606452860738,0.7950827036457191
25564,LOF,0.18089905341583032,0.19390561132981057,0.6251953352543591
25565,LOF,0.12972148760995025,0.16239482547699427,0.7078836869130555
25566,GOF,0.014644884258399072,0.7453102168354214,0.24004489890617958
25567,LOF,0.015245992007506027,0.13999129834389934,0.8447627096485946
25568,LOF,0.05334044772973878,0.059520298877205474,0.8871392533930558
25569,LOF,0.06468679832953261,0.06652529072797746,0.8687879109424899
25570,LOF,0.06489598351098964,0.09148974169001846,0.8436142747989919
25571,LOF,0.05981841020297741,0.08868673736526568,0.8514948524317569
25572,LOF,0.06263996202092881,0.13915141438842824,0.7982086235906429
25573,LOF,0.02892811597583479,0.09758646842327771,0.8734854156008874
25574,LOF,0.017150386574678496,0.16492795548539335,0.8179216579399281
25575,LOF,0.04655320596602765,0.09903892041680841,0.854407873617164
25576,LOF,0.01905677647501126,0.11954472601027197,0.8613984975147168
25577,LOF,0.013958848405293873,0.1362472866355153,0.8497938649591908
25578,LOF,0.23726659755540558,0.08631725943130654,0.6764161430132879
25579,LOF,0.23794117788471342,0.08554799460873926,0.6765108275065472
25580,LOF,0.03252582604114719,0.08185541194545973,0.885618762013393
25581,LOF,0.04989099524293724,0.0718530848665202,0.8782559198905425
25582,LOF,0.04958655160103408,0.06969895858038398,0.8807144898185818
25583,LOF,0.04523548312632672,0.0904420157597224,0.8643225011139509
25584,LOF,0.44684202424972674,0.0858623619387007,0.4672956138115724
25585,LOF,0.032392509393686236,0.10035170933399563,0.8672557812723182
25586,LOF,0.035603084828337316,0.0737530593615168,0.8906438558101459
25587,LOF,0.03413061603107444,0.07085799234303047,0.895011391625895
25588,LOF,0.034884471693939725,0.0951434628882488,0.8699720654178114
25589,Neutral,0.6117456423612824,0.11002858455445402,0.27822577308426366
25590,LOF,0.0278562360457019,0.12573384181133238,0.8464099221429657
25591,LOF,0.10269704336619415,0.05884096331241355,0.8384619933213923
25592,LOF,0.10287652804325767,0.11967972203535791,0.7774437499213844
25593,LOF,0.017671874915174808,0.2551457295467574,0.7271823955380677
25594,LOF,0.03513892267607705,0.2016199532031405,0.7632411241207825
25595,LOF,0.05338075940443271,0.1539324723049885,0.7926867682905787
25596,LOF,0.06447041840845635,0.10697961983565078,0.8285499617558928
25597,LOF,0.056537977233583114,0.08769747760155074,0.8557645451648662
25598,LOF,0.04017500911165848,0.1892168981906349,0.7706080926977066
25599,GOF,0.007582850123701859,0.7749502538506335,0.21746689602566452
25600,GOF,0.010761768799146336,0.5613693437542944,0.4278688874465593
25601,LOF,0.007648990873322977,0.4659247135252651,0.526426295601412
25602,LOF,0.01926401114922596,0.05581081413370073,0.9249251747170734
25603,LOF,0.034679153891779876,0.037731216902070416,0.9275896292061496
25604,LOF,0.04552548325155877,0.05836898776708848,0.8961055289813527
25605,LOF,0.01023826141131093,0.24284915766062679,0.7469125809280623
25606,LOF,0.06156891749737827,0.445223184758205,0.49320789774441687
25607,LOF,0.004637932922429623,0.16240954624179857,0.8329525208357718
25608,LOF,0.06383207827884611,0.06377108113547543,0.8723968405856785
25609,LOF,0.058168542402014835,0.41912887361663814,0.522702583981347
25610,LOF,0.04545245709234274,0.029161023645775393,0.925386519261882
25611,LOF,0.049392425286977876,0.02665721429386434,0.9239503604191578
25612,LOF,0.10146410613037721,0.04898065532578184,0.8495552385438409
25613,LOF,0.08732148457133408,0.04611087582590238,0.8665676396027636
25614,LOF,0.035367844659800585,0.038026559817368,0.9266055955228314
25615,LOF,0.057057153275545044,0.03531040755061541,0.9076324391738395
25616,LOF,0.03737241988151136,0.036335476030470625,0.9262921040880181
25617,LOF,0.03527006482084685,0.03905200627233263,0.9256779289068204
25618,LOF,0.22317903566095112,0.03611034406709362,0.7407106202719552
25619,LOF,0.03547726872580909,0.03183768353839206,0.9326850477357989
25620,LOF,0.03956044134811814,0.04215133048675754,0.9182882281651243
25621,LOF,0.034848208401558556,0.0324771442642243,0.9326746473342171
25622,LOF,0.031349959697797296,0.04487677920263055,0.9237732610995723
25623,LOF,0.06304198279094528,0.033206889103271735,0.903751128105783
25624,LOF,0.029332332727309077,0.044605455768065655,0.9260622115046252
25625,LOF,0.036642075582099636,0.050913082390167556,0.9124448420277328
25626,LOF,0.0770999840701126,0.03433585418703883,0.8885641617428485
25627,Neutral,0.556448671923539,0.10157028289382318,0.3419810451826377
25628,LOF,0.18295443301452932,0.05296520034376137,0.7640803666417092
25629,LOF,0.0768898266347876,0.12038733488965667,0.8027228384755557
25630,LOF,0.17613516877057725,0.0988798517589157,0.724984979470507
25631,Neutral,0.6141815418552257,0.06870871252185304,0.3171097456229214
25632,LOF,0.023462189588836193,0.08515587385919249,0.8913819365519714
25633,LOF,0.25787862539677825,0.10227926205880762,0.6398421125444141
25634,LOF,0.038663416183992355,0.12006609680793708,0.8412704870080705
25635,LOF,0.0486056965047212,0.09758616153312076,0.853808141962158
25636,GOF,0.006242683741459905,0.6250481611165947,0.3687091551419454
25637,GOF,0.005190365136376129,0.546757457391171,0.44805217747245285
25638,LOF,0.008889647499893735,0.4495726292486616,0.5415377232514446
25639,LOF,0.004860622199097474,0.43129970640889026,0.5638396713920123
25640,GOF,0.39713831168747377,0.5637555670373481,0.039106121275178145
25641,LOF,0.006066787487459937,0.3029338178557347,0.6909993946568053
25642,LOF,0.2488748143435856,0.06427892597953173,0.6868462596768827
25643,LOF,0.20639397004467938,0.231922248351736,0.5616837816035847
25644,GOF,0.024619990769919355,0.7090368362532413,0.2663431729768394
25645,GOF,0.019684701693475727,0.6711588515225088,0.30915644678401555
25646,GOF,0.018896570673184364,0.49892387105959546,0.4821795582672202
25647,LOF,0.016732963900865205,0.363259668002065,0.6200073680970698
25648,LOF,0.01400473008884001,0.39826202824722684,0.5877332416639331
25649,LOF,0.013618141836017008,0.30768944076071186,0.6786924174032711
25650,GOF,0.04068740180269199,0.7151448891364247,0.24416770906088323
25651,LOF,0.012272769412241993,0.3407132242994014,0.6470140062883567
25652,LOF,0.018516915332843966,0.34845845221932525,0.6330246324478309
25653,GOF,0.08345740901997371,0.6053456088359486,0.3111969821440777
25654,LOF,0.01368209737237869,0.3706754363483998,0.6156424662792216
25655,GOF,0.10200754595271576,0.5256028015217672,0.37238965252551703
25656,LOF,0.057919343457875624,0.08369198181124272,0.8583886747308817
25657,LOF,0.2991370172967057,0.03464523425393216,0.6662177484493621
25658,LOF,0.030013729058049072,0.1376771543044346,0.8323091166375162
25659,LOF,0.2122037869952735,0.08173896729233575,0.7060572457123907
25660,LOF,0.1060394227759188,0.09704300346929073,0.7969175737547904
25661,LOF,0.07580203076863765,0.07318231877723652,0.8510156504541259
25662,LOF,0.03469502808111419,0.04785034412399703,0.9174546277948887
25663,LOF,0.04422383945506483,0.0844275591847271,0.8713486013602081
25664,LOF,0.02967120579425923,0.1344683469873931,0.8358604472183476
25665,LOF,0.05379880671097831,0.04601088339826416,0.9001903098907577
25666,LOF,0.03750656228507757,0.18882870737980725,0.7736647303351152
25667,LOF,0.03370530882783938,0.0619219412094507,0.9043727499627099
25668,LOF,0.042806511359340556,0.06267372353421836,0.8945197651064412
25669,LOF,0.05050908931198069,0.10328947220311106,0.8462014384849081
25670,LOF,0.12630884699189687,0.11231761023300056,0.7613735427751026
25671,LOF,0.04106139440387799,0.054680038225831985,0.9042585673702901
25672,LOF,0.05318566580448485,0.07949877145119831,0.8673155627443169
25673,LOF,0.03710227106277089,0.08999096210719666,0.8729067668300324
25674,LOF,0.027443170079781306,0.10095267314370344,0.8716041567765151
25675,LOF,0.03511505397061195,0.08767081874911581,0.8772141272802721
25676,LOF,0.03428810400928527,0.06615580345651834,0.8995560925341963
25677,LOF,0.08427805930179327,0.059885152807386655,0.8558367878908202
25678,LOF,0.1481271220710305,0.054295344917547055,0.7975775330114224
25679,LOF,0.10648006165536804,0.0755798163966532,0.8179401219479787
25680,LOF,0.09158052752866201,0.09231474054161103,0.816104731929727
25681,LOF,0.10113210958197393,0.08791153901122307,0.810956351406803
25682,LOF,0.053123591352135166,0.07073009607490183,0.876146312572963
25683,LOF,0.07765676275028599,0.11110453151634328,0.8112387057333706
25684,LOF,0.0653620558831027,0.07159416646282861,0.8630437776540688
25685,LOF,0.10632857844305872,0.04856009652706591,0.8451113250298755
25686,LOF,0.03572963728267669,0.103079708402577,0.8611906543147463
25687,LOF,0.06241390528890087,0.09641209855047579,0.8411739961606234
25688,LOF,0.018314809662818787,0.10161441016935824,0.880070780167823
25689,LOF,0.015612908342310237,0.05983192073233992,0.9245551709253498
25690,LOF,0.01843129692859941,0.07621614622759143,0.9053525568438091
25691,LOF,0.10650640901921947,0.10954677063110645,0.783946820349674
25692,LOF,0.16696387860668263,0.014862107322783072,0.8181740140705344
25693,LOF,0.047479781321695204,0.14911815092078112,0.8034020677575237
25694,LOF,0.27401112726133625,0.014720806869176421,0.7112680658694873
25695,LOF,0.21619885254552001,0.020002132163019652,0.7637990152914603
25696,LOF,0.1475047806393466,0.014742065697348214,0.8377531536633052
25697,LOF,0.11929574804952568,0.039071228124638,0.8416330238258363
25698,LOF,0.023275896239338706,0.3192554900244147,0.6574686137362465
25699,LOF,0.08629042498041636,0.12218390268214187,0.7915256723374416
25700,LOF,0.03592936347873658,0.01826483781158663,0.9458057987096768
25701,LOF,0.01580389424738307,0.12883557980072302,0.8553605259518938
25702,GOF,0.02099394023992007,0.7376048397336072,0.2414012200264726
25703,LOF,0.014462037996975919,0.20943746394051255,0.7761004980625116
25704,LOF,0.09020616202032561,0.20018059720655634,0.709613240773118
25705,LOF,0.0956684423121632,0.2848314830027898,0.619500074685047
25706,GOF,0.0228443274396491,0.6309298094655826,0.3462258630947681
25707,GOF,0.02458212634795652,0.6356537999195246,0.33976407373251893
25708,GOF,0.009016831267990499,0.5943361064632096,0.3966470622687999
25709,LOF,0.027125336537440106,0.09454817288868468,0.8783264905738751
25710,LOF,0.005336354413456792,0.2675839791930749,0.7270796663934682
25711,LOF,0.030726006528770822,0.16241112041492006,0.806862873056309
25712,LOF,0.00732024713583108,0.3193334759542596,0.6733462769099093
25713,LOF,0.025815838433163443,0.13856894353399082,0.8356152180328457
25714,LOF,0.029258215564475845,0.18156773296915096,0.7891740514663731
25715,LOF,0.032854712092000596,0.16027513325113393,0.8068701546568654
25716,LOF,0.009182359559296778,0.17153186485360097,0.8192857755871024
25717,LOF,0.005694232793255179,0.18690425911375996,0.8074015080929849
25718,LOF,0.02795970977929763,0.11539730713151324,0.8566429830891891
25719,LOF,0.03869111490147104,0.13078762272512665,0.8305212623734024
25720,LOF,0.037967801247880774,0.13003575392007213,0.831996444832047
25721,LOF,0.031792752381093414,0.11672402893008066,0.8514832186888259
25722,LOF,0.019782930273939747,0.16662436028051816,0.8135927094455422
25723,LOF,0.03079957067406659,0.11038562378239315,0.8588148055435403
25724,LOF,0.02876354058248189,0.20706079367587646,0.7641756657416416
25725,LOF,0.0310941386735859,0.10451682535972993,0.8643890359666841
25726,LOF,0.020019708857540636,0.14589531084113183,0.8340849803013275
25727,LOF,0.02654408657346457,0.14676072608712562,0.8266951873394098
25728,LOF,0.03099416585161769,0.12729414499676814,0.8417116891516141
25729,LOF,0.02933052682246138,0.14619361544636447,0.8244758577311743
25730,LOF,0.03292643042794085,0.10160324489786558,0.8654703246741935
25731,LOF,0.010381593363582228,0.24213427085615694,0.7474841357802608
25732,LOF,0.023988894112520438,0.11646600633502342,0.8595450995524562
25733,LOF,0.03988709400000785,0.12099583887173472,0.8391170671282575
25734,LOF,0.0065642359345322535,0.32620153396778834,0.6672342300976795
25735,LOF,0.026667457049839867,0.10340251983739464,0.8699300231127656
25736,LOF,0.024586006992963847,0.1666103883019152,0.8088036047051209
25737,LOF,0.061357805660163085,0.16351426167014924,0.7751279326696877
25738,LOF,0.026319583170017362,0.18721845803920983,0.7864619587907727
25739,LOF,0.03269431958179064,0.16150410541783558,0.8058015750003739
25740,LOF,0.036224910689464936,0.16332641542429135,0.8004486738862437
25741,LOF,0.04073335016277827,0.15165968610466338,0.8076069637325584
25742,LOF,0.057284239164978566,0.1511186067283945,0.7915971541066268
25743,LOF,0.012603795576503658,0.025621758451613817,0.9617744459718826
25744,LOF,0.26689961334726303,0.20736805241678877,0.5257323342359482
25745,LOF,0.04892290230478505,0.06607100987854846,0.8850060878166665
25746,LOF,0.018808660090735407,0.09772072870102119,0.8834706112082433
25747,LOF,0.03984245316496853,0.025989346400033538,0.9341682004349978
25748,LOF,0.2930975833050172,0.04545438065630379,0.661448036038679
25749,LOF,0.016087208310135125,0.05450415502487146,0.9294086366649935
25750,LOF,0.023288251924609725,0.058925367863256896,0.9177863802121333
25751,LOF,0.0441021077574987,0.04545006922838615,0.9104478230141152
25752,GOF,0.07571032097270058,0.7144165218356606,0.20987315719163885
25753,LOF,0.006398077294277896,0.435589547694488,0.5580123750112342
25754,GOF,0.007603555160265973,0.8782806802684362,0.11411576457129778
25755,LOF,0.006093694491788555,0.4586909117932095,0.535215393715002
25756,LOF,0.023661878224039735,0.4656429386249694,0.5106951831509909
25757,GOF,0.008183335966947603,0.8685213494917914,0.12329531454126105
25758,GOF,0.009157837260075437,0.8768100357830935,0.11403212695683121
25759,GOF,0.005456933147433744,0.6501031700849044,0.3444398967676618
25760,LOF,0.005037302184975682,0.360043874858889,0.6349188229561353
25761,GOF,0.04701420839278187,0.862998471325626,0.08998732028159205
25762,LOF,0.026084999402256413,0.4143347041450843,0.5595802964526593
25763,LOF,0.005513501010928607,0.31222105162274266,0.6822654473663287
25764,GOF,0.05371889934361532,0.6441718769613277,0.3021092236950569
25765,GOF,0.007520487261295535,0.8765370980785312,0.11594241466017313
25766,GOF,0.047194472152533605,0.8279470372467299,0.12485849060073644
25767,LOF,0.018836970644576928,0.48563341252841,0.4955296168270131
25768,LOF,0.05896243131967627,0.04856837542971802,0.8924691932506058
25769,LOF,0.03449133384829877,0.08610907582918803,0.8793995903225132
25770,LOF,0.15060369108277297,0.0726070032095811,0.7767893057076458
25771,LOF,0.016939203199898188,0.0670007148454566,0.9160600819546452
25772,LOF,0.0335099496553804,0.027603798631442043,0.9388862517131775
25773,LOF,0.019677585465614097,0.0675321566906709,0.912790257843715
25774,LOF,0.027816997702858167,0.09937644228884075,0.872806560008301
25775,LOF,0.02119972718622148,0.040003492623991915,0.9387967801897866
25776,LOF,0.036599631416508356,0.021841022022987402,0.9415593465605042
25777,LOF,0.14874173066711993,0.07101491748859186,0.7802433518442881
25778,LOF,0.027398255488980464,0.049252078577241995,0.9233496659337774
25779,GOF,0.07211399077388342,0.8612953640068796,0.06659064521923705
25780,GOF,0.10234604946930403,0.8411916192240786,0.05646233130661718
25781,GOF,0.03703722992729894,0.8453795838324676,0.11758318624023348
25782,GOF,0.04097994111714564,0.89715322353932,0.061866835343534425
25783,GOF,0.043223737566244085,0.9049760903944497,0.05180017203930625
25784,GOF,0.1341309890252138,0.8209262992187347,0.04494271175605153
25785,GOF,0.128602853367173,0.8337997959011509,0.03759735073167595
25786,GOF,0.0132320631788342,0.8679680452068124,0.11879989161435345
25787,GOF,0.28494305172475215,0.6758993786693782,0.039157569605869524
25788,LOF,0.017632285182269787,0.1530095044683334,0.8293582103493968
25789,GOF,0.020557688716405415,0.8338500851014442,0.1455922261821504
25790,GOF,0.03669648472546356,0.8663779102457666,0.09692560502876972
25791,GOF,0.034052256589598394,0.7405460394971644,0.22540170391323733
25792,GOF,0.0403545438791438,0.7796693441809945,0.17997611193986182
25793,GOF,0.0761800985035753,0.8101902787709251,0.1136296227254996
25794,GOF,0.05976759857437455,0.7047800260982429,0.23545237532738256
25795,GOF,0.06919316595687591,0.6971351635627577,0.23367167048036636
25796,GOF,0.14842221325972527,0.747240650703748,0.10433713603652672
25797,GOF,0.1081306773213439,0.7022204412130592,0.18964888146559694
25798,GOF,0.007402456285279659,0.7099169422443792,0.2826806014703412
25799,GOF,0.005026395360400943,0.6457906666830431,0.3491829379565559
25800,GOF,0.031240220968080656,0.8049340982384906,0.16382568079342882
25801,GOF,0.02537671666209418,0.8773026507849297,0.09732063255297621
25802,GOF,0.03468076371781886,0.7659804762577368,0.19933876002444434
25803,GOF,0.022868201199738605,0.6632614544842043,0.31387034431605726
25804,GOF,0.03766147198719495,0.7178363987966575,0.2445021292161475
25805,GOF,0.03638040519720912,0.7282961603142585,0.23532343448853243
25806,GOF,0.049177587704490544,0.7364739230375728,0.21434848925793681
25807,GOF,0.014275376372522887,0.6845515765554606,0.30117304707201653
25808,GOF,0.027929727424607656,0.7216273360610731,0.25044293651431926
25809,GOF,0.013795110144650907,0.654709715747343,0.3314951741080059
25810,GOF,0.011879539122324062,0.6416721628455653,0.3464482980321107
25811,GOF,0.06704297507107698,0.8604702167695053,0.0724868081594177
25812,GOF,0.033828601549954734,0.7574714531276782,0.20869994532236702
25813,GOF,0.18414776696805446,0.7309809880474085,0.08487124498453708
25814,GOF,0.034865578144025876,0.7597693194623315,0.20536510239364264
25815,GOF,0.06866382590489707,0.8130496137208956,0.11828656037420748
25816,GOF,0.011078780920816624,0.8564559130896269,0.13246530598955644
25817,GOF,0.12811379954039068,0.7568192894438557,0.11506691101575363
25818,GOF,0.03067789261686668,0.742934896650563,0.22638721073257023
25819,GOF,0.056280428149235354,0.7068086034387665,0.23691096841199816
25820,GOF,0.05125797999973279,0.6620720104895026,0.28667000951076455
25821,GOF,0.035514954885606305,0.7147479394717694,0.24973710564262425
25822,GOF,0.0651017274919226,0.6709389190290751,0.2639593534790024
25823,GOF,0.03146925925477433,0.67304650462305,0.2954842361221756
25824,GOF,0.03735226333108335,0.7506465500502217,0.21200118661869496
25825,GOF,0.02900179193381506,0.7367646657021937,0.23423354236399138
25826,GOF,0.014008200077076356,0.685442375770635,0.3005494241522886
25827,GOF,0.01672410846727498,0.6617664593179498,0.32150943221477524
25828,GOF,0.013180993799263428,0.6892936333695956,0.297525372831141
25829,GOF,0.004664380864530072,0.625999332208714,0.36933628692675596
25830,LOF,0.04376953400601419,0.4661272731293929,0.49010319286459286
25831,GOF,0.06668965950787835,0.7842601439981024,0.1490501964940193
25832,GOF,0.011251658064971706,0.7218797309113473,0.26686861102368103
25833,GOF,0.04118910691887403,0.791860476564307,0.16695041651681902
25834,GOF,0.011565975991477063,0.7336470129501715,0.2547870110583514
25835,GOF,0.027752236079197943,0.7985595559837162,0.17368820793708584
25836,GOF,0.008265303367609401,0.7100311051078367,0.281703591524554
25837,GOF,0.011432844812129412,0.7196934535761168,0.2688737016117537
25838,GOF,0.028634319768672794,0.8005643459508719,0.17080133428045538
25839,GOF,0.0839972662542103,0.7652346008595505,0.15076813288623908
25840,GOF,0.1065678632671528,0.7462041200259037,0.1472280167069435
25841,GOF,0.1047395439690801,0.7782400945879169,0.11702036144300303
25842,GOF,0.036665784490946596,0.851949537998081,0.11138467751097234
25843,GOF,0.03466494787160208,0.8584174502274846,0.10691760190091334
25844,GOF,0.022693112396026418,0.7899525807544265,0.18735430684954701
25845,GOF,0.007046880695289544,0.6927816887003749,0.30017143060433543
25846,GOF,0.07280105448934324,0.8126893838762869,0.11450956163436983
25847,GOF,0.020421205626115598,0.8537817893127323,0.12579700506115216
25848,GOF,0.030655120312660766,0.822588389054328,0.14675649063301138
25849,GOF,0.008935706934593404,0.7919410591292975,0.19912323393610926
25850,GOF,0.008196301770939518,0.6649936232902028,0.32681007493885755
25851,GOF,0.007404160502534715,0.6184866080787871,0.3741092314186782
25852,GOF,0.1708083894216064,0.530420803255198,0.2987708073231956
25853,GOF,0.07236149637910444,0.7710115789768803,0.1566269246440153
25854,GOF,0.006624916983577352,0.6612680822064358,0.33210700080998684
25855,GOF,0.023786116704501866,0.6613823620576996,0.3148315212377985
25856,GOF,0.047087902695660926,0.7280048709676237,0.22490722633671545
25857,GOF,0.0233417641640313,0.6536115924881096,0.32304664334785904
25858,GOF,0.011094346463890504,0.5992859372102967,0.389619716325813
25859,GOF,0.008206833620967973,0.5741915656000781,0.417601600778954
25860,GOF,0.08461641731799074,0.7224817324534496,0.1929018502285597
25861,GOF,0.11136075942929058,0.7468859509638546,0.14175328960685482
25862,GOF,0.026282920848663037,0.8647954392326793,0.10892163991865765
25863,GOF,0.023746392875535184,0.8549265402423686,0.1213270668820963
25864,GOF,0.06906877331834407,0.8529648228002839,0.07796640388137208
25865,GOF,0.05923404511598533,0.821469947236671,0.11929600764734367
25866,GOF,0.02859187232152731,0.8446904258689775,0.12671770180949513
25867,GOF,0.04638523886497108,0.8431685197712614,0.1104462413637675
25868,GOF,0.08175243723430307,0.7619383557178044,0.15630920704789247
25869,GOF,0.4143235471101799,0.47056061193366117,0.115115840956159
25870,GOF,0.07413692584333591,0.49126860597385635,0.43459446818280767
25871,GOF,0.01071374391910945,0.7982236659767277,0.191062590104163
25872,GOF,0.025116075921160847,0.7846608935794128,0.19022303049942643
25873,GOF,0.02352637132932532,0.8481825498885402,0.12829107878213428
25874,LOF,0.01905377934632422,0.1655890054259323,0.8153572152277435
25875,LOF,0.028999113241985907,0.08441963098825812,0.8865812557697559
25876,LOF,0.019293722215033383,0.05722137336904566,0.923484904415921
25877,LOF,0.10225497986706399,0.16245432296710577,0.7352906971658303
25878,LOF,0.07458363556585103,0.19317309867734372,0.7322432657568052
25879,LOF,0.01133733795794106,0.1415045924988227,0.8471580695432362
25880,LOF,0.08100235813540795,0.017975939968471286,0.9010217018961206
25881,Neutral,0.5254097961783452,0.09210702062681861,0.3824831831948362
25882,LOF,0.06459515313491325,0.02902351833982595,0.9063813285252609
25883,LOF,0.030714936701787376,0.027243357543748164,0.9420417057544644
25884,LOF,0.019236429146663972,0.041389087018232594,0.9393744838351034
25885,LOF,0.19917314344547044,0.013011237464621263,0.7878156190899083
25886,LOF,0.2619838809727791,0.05540945024358004,0.682606668783641
25887,LOF,0.08410613254893037,0.11824553362282297,0.7976483338282465
25888,LOF,0.008421959385082254,0.15351049522795776,0.83806754538696
25889,LOF,0.02447349176982707,0.03850185554356595,0.9370246526866071
25890,LOF,0.19454007422785827,0.06682098538766032,0.7386389403844815
25891,LOF,0.10349636011591445,0.02788418919995465,0.8686194506841309
25892,LOF,0.00905118524725371,0.03068894588882845,0.9602598688639179
25893,LOF,0.3473901749049004,0.009505030963206361,0.6431047941318934
25894,LOF,0.3316365702433153,0.007065234068357775,0.6612981956883268
25895,LOF,0.2633064474584097,0.013449809823659275,0.723243742717931
25896,LOF,0.07587930704862662,0.029367606001898833,0.8947530869494744
25897,LOF,0.11948171624919421,0.010965034086017353,0.8695532496647884
25898,LOF,0.10263269194138214,0.03231933063878018,0.8650479774198376
25899,LOF,0.4022960028981373,0.02759230207886084,0.5701116950230019
25900,LOF,0.49117187842864746,0.008896286108891836,0.49993183546246056
25901,LOF,0.0972682407100668,0.01188868988086843,0.8908430694090647
25902,LOF,0.09206430711412288,0.015438815946013018,0.892496876939864
25903,LOF,0.20911333071570412,0.027565113944124225,0.7633215553401717
25904,Neutral,0.4974918135447565,0.03613350044299652,0.4663746860122471
25905,LOF,0.007776327803613021,0.3904086421573582,0.6018150300390287
25906,LOF,0.0093013711172147,0.07566876310828993,0.9150298657744953
25907,LOF,0.00905858633692587,0.24427391386094716,0.7466674998021269
25908,LOF,0.009483486556868558,0.2488703422581683,0.7416461711849631
25909,LOF,0.0343809697861927,0.10033049928518764,0.8652885309286198
25910,LOF,0.011388013876618537,0.14543532763490977,0.8431766584884717
25911,LOF,0.22547396883111415,0.02661361325011926,0.7479124179187667
25912,LOF,0.10789062076892172,0.022064438380052412,0.8700449408510259
25913,LOF,0.0177050775853725,0.03569496635565224,0.9465999560589753
25914,LOF,0.0429220593611032,0.023957366541886065,0.9331205740970108
25915,LOF,0.1712756100515986,0.12380673515498278,0.7049176547934187
25916,LOF,0.016663528161318657,0.06784819259019725,0.9154882792484841
25917,LOF,0.07619246258307945,0.027531810196193576,0.896275727220727
25918,LOF,0.042716186777967305,0.013202397706404492,0.9440814155156282
25919,LOF,0.03545057107680606,0.013035262804521542,0.9515141661186723
25920,LOF,0.3311073920651044,0.23782874257036452,0.431063865364531
25921,LOF,0.01722227656161931,0.018093279510287764,0.9646844439280929
25922,LOF,0.01557878958042277,0.018247132461787174,0.9661740779577902
25923,LOF,0.4481307518754865,0.011989074232040773,0.5398801738924728
25924,LOF,0.026131604180923043,0.023298333832089714,0.9505700619869872
25925,LOF,0.10482150036717802,0.02414571302472911,0.871032786608093
25926,LOF,0.08690093844588437,0.01524860716253054,0.8978504543915851
25927,LOF,0.02515324370958286,0.04307611113925125,0.9317706451511658
25928,LOF,0.013861507503836126,0.024453776575247783,0.9616847159209161
25929,Neutral,0.5707519446666172,0.011581198556332797,0.4176668567770499
25930,LOF,0.09635320275582551,0.011804597678256085,0.8918421995659184
25931,LOF,0.015994391413500352,0.01651285005738535,0.9674927585291142
25932,LOF,0.09048986758499744,0.014199449401483558,0.8953106830135191
25933,LOF,0.0952648455865773,0.009380994668983513,0.8953541597444392
25934,LOF,0.09704413186599295,0.007458154834848065,0.895497713299159
25935,LOF,0.09846055598064171,0.020547431302416125,0.8809920127169423
25936,LOF,0.11880531194748453,0.00823201257397602,0.8729626754785396
25937,LOF,0.024124711500735866,0.013231208426250706,0.9626440800730134
25938,LOF,0.10176294502289718,0.019545631257619298,0.8786914237194836
25939,LOF,0.07874918056655146,0.01141269806946303,0.9098381213639855
25940,GOF,0.011395702535681562,0.5736772257700168,0.4149270716943017
25941,Neutral,0.487818166351467,0.043586378132938045,0.468595455515595
25942,LOF,0.010738902904867965,0.04645686238118093,0.9428042347139511
25943,LOF,0.04801024332331774,0.2082326164986383,0.743757140178044
25944,LOF,0.04595438635314784,0.09522975318657649,0.8588158604602757
25945,LOF,0.17154227238764788,0.02743573780133788,0.8010219898110142
25946,LOF,0.0722946455837868,0.03831605625997442,0.8893892981562387
25947,Neutral,0.47348804345859946,0.11479099072120855,0.41172096582019196
25948,LOF,0.3858119275907877,0.012812114448876479,0.6013759579603357
25949,LOF,0.14360161347795497,0.06956049989046237,0.7868378866315826
25950,GOF,0.1240723906872707,0.5627512252349268,0.3131763840778024
25951,LOF,0.010241673904416278,0.4557166146946542,0.5340417114009295
25952,LOF,0.18919751753202912,0.23467406700173446,0.5761284154662364
25953,LOF,0.009048199867596652,0.34808929912315323,0.64286250100925
25954,GOF,0.08032708779037241,0.49495526326834005,0.42471764894128755
25955,LOF,0.010640547184194707,0.2501719485830649,0.7391875042327404
25956,LOF,0.010122495528139049,0.3661566068914018,0.6237208975804592
25957,LOF,0.1519973300391046,0.04517682116059643,0.802825848800299
25958,LOF,0.03338428348493528,0.06520895463460719,0.9014067618804574
25959,GOF,0.006994741080230357,0.7774305155457907,0.21557474337397897
25960,LOF,0.004803246307519989,0.13718606664776317,0.8580106870447168
25961,LOF,0.029350887105558932,0.05197578035283,0.918673332541611
25962,LOF,0.034792950041815165,0.08177621750303725,0.8834308324551475
25963,LOF,0.009686127343505884,0.1398938301428257,0.8504200425136684
25964,LOF,0.04168875812039164,0.12305739377450718,0.8352538481051013
25965,LOF,0.21372831191639366,0.16245481511153456,0.6238168729720719
25966,LOF,0.32852842568631035,0.138952411422975,0.5325191628907147
25967,LOF,0.0064696776411587685,0.10914261755203096,0.8843877048068102
25968,LOF,0.049043256522493146,0.25997751316802126,0.6909792303094856
25969,LOF,0.14752838221788356,0.06900224809964109,0.7834693696824754
25970,LOF,0.06972683262433729,0.0641606712711763,0.8661124961044864
25971,LOF,0.06706373185458145,0.027340144798648325,0.9055961233467702
25972,LOF,0.08634349148578588,0.05160553098243382,0.8620509775317804
25973,LOF,0.05513549029404643,0.011701796203598338,0.9331627135023552
25974,LOF,0.05130664618661783,0.04323664398475958,0.9054567098286225
25975,LOF,0.035957988398802376,0.016761012647607983,0.9472809989535896
25976,LOF,0.0878389779905524,0.011989845311079156,0.9001711766983685
25977,LOF,0.2366673414132243,0.05672242578856094,0.7066102327982148
25978,LOF,0.15257731787216455,0.14305651772912564,0.7043661643987098
25979,LOF,0.12024018613151166,0.1641609175693171,0.7155988962991713
25980,LOF,0.19326398933702243,0.21863830402908505,0.5880977066338925
25981,LOF,0.19477058262795202,0.2228099963759478,0.5824194209961001
25982,LOF,0.3419226724055844,0.12722037559499436,0.5308569519994213
25983,LOF,0.42051102602018803,0.1356685257478888,0.4438204482319232
25984,LOF,0.07049664244421773,0.08953676950170325,0.839966588054079
25985,Neutral,0.4900401675225084,0.14299823200884162,0.36696160046865
25986,LOF,0.0139056925297333,0.45399888362774493,0.5320954238425217
25987,LOF,0.03760826392818009,0.10467797616042045,0.8577137599113995
25988,LOF,0.07043247245060454,0.1448145521800563,0.7847529753693392
25989,LOF,0.07629894332590484,0.2285138304286833,0.6951872262454118
25990,LOF,0.055561642886791406,0.3626699598130353,0.5817683973001734
25991,GOF,0.027831034345541614,0.5684818219864577,0.40368714366800074
25992,LOF,0.013140108747699952,0.4404786628486825,0.5463812284036175
25993,LOF,0.018694198401402004,0.06277113012295783,0.9185346714756402
25994,LOF,0.02936855104333643,0.064352746041605,0.9062787029150585
25995,LOF,0.017571619597166677,0.1291341266643384,0.853294253738495
25996,GOF,0.3780468629586135,0.41812172245474283,0.2038314145866436
25997,GOF,0.05766994657415963,0.4951454941839302,0.4471845592419102
25998,LOF,0.23803699417864913,0.03881797847799249,0.7231450273433584
25999,LOF,0.028713868193624908,0.20077419788201972,0.7705119339243554
26000,LOF,0.12894736620532704,0.017364650547990485,0.8536879832466826
26001,LOF,0.14743185444409476,0.028048123313180108,0.824520022242725
26002,LOF,0.09803326236862953,0.031939568792382564,0.8700271688389879
26003,GOF,0.00678945191958599,0.6452211965553748,0.34798935152503924
26004,GOF,0.01637362794082308,0.5901831675398337,0.3934432045193432
26005,GOF,0.0051831878231354545,0.5129095032016625,0.481907308975202
26006,GOF,0.11157789105325984,0.5192060766290699,0.3692160323176702
26007,GOF,0.010724016814019263,0.5416406709141772,0.4476353122718035
26008,GOF,0.0067941909252934645,0.5990792071946481,0.3941266018800583
26009,GOF,0.012125305578085202,0.6317177659129481,0.35615692850896646
26010,GOF,0.009379681492756732,0.5879990020204243,0.4026213164868188
26011,LOF,0.005105176597655806,0.4175831650241206,0.5773116583782237
26012,GOF,0.005880323985097687,0.5569281158982123,0.4371915601166899
26013,GOF,0.012368834252625303,0.5910340612600627,0.396597104487312
26014,LOF,0.04080357282196445,0.09004256193927171,0.8691538652387638
26015,LOF,0.3603928120679953,0.01758965190081811,0.6220175360311866
26016,LOF,0.26340544925513476,0.026799994637640375,0.7097945561072249
26017,LOF,0.015330549995471244,0.1278382251467199,0.8568312248578088
26018,LOF,0.029854764048255003,0.05162411370163398,0.9185211222501111
26019,LOF,0.02968478287528621,0.04556121284174817,0.9247540042829657
26020,LOF,0.006766246965023819,0.1365273380913344,0.8567064149436417
26021,LOF,0.0836930772990811,0.054785888279833064,0.8615210344210857
26022,LOF,0.040648239230620706,0.023205103098317886,0.9361466576710613
26023,LOF,0.02353415026629033,0.0348768616970824,0.9415889880366274
26024,LOF,0.048376055129685645,0.042574388848155134,0.9090495560221593
26025,LOF,0.12654608380861648,0.04795691615909699,0.8254970000322864
26026,LOF,0.10650124698844031,0.03391559366155141,0.8595831593500084
26027,LOF,0.030655357795648788,0.021925841010999845,0.9474188011933514
26028,LOF,0.059081061350452546,0.1506123900065805,0.790306548642967
26029,LOF,0.02652936352337654,0.20757360091983504,0.7658970355567883
26030,LOF,0.1124580740761067,0.026895199705385148,0.8606467262185081
26031,LOF,0.013254920166969355,0.1783721447901058,0.8083729350429247
26032,LOF,0.0366755883112756,0.050339196034360066,0.9129852156543643
26033,LOF,0.036313992309441094,0.046150048430520486,0.9175359592600385
26034,LOF,0.018398499192425786,0.13492082249575707,0.8466806783118171
26035,LOF,0.012241230989772266,0.13685210355825864,0.850906665451969
26036,LOF,0.011773859481949749,0.1116382070960698,0.8765879334219805
26037,LOF,0.011191244956081649,0.12268115185021145,0.8661276031937069
26038,LOF,0.030651688242129688,0.0442263518696931,0.9251219598881771
26039,LOF,0.03243909136774949,0.15346691717436764,0.814093991457883
26040,LOF,0.08416945394438281,0.13660338895640733,0.7792271570992099
26041,LOF,0.01264853681620416,0.1153315247661476,0.8720199384176482
26042,LOF,0.011921759223269176,0.11944713725749816,0.8686311035192327
26043,LOF,0.03016238698215379,0.07176592167458025,0.8980716913432659
26044,LOF,0.006445588462256516,0.05548264641708118,0.9380717651206623
26045,LOF,0.07681777052781368,0.21417009674361123,0.7090121327285751
26046,LOF,0.0271423201887417,0.0452175512945166,0.9276401285167417
26047,LOF,0.05984869834953111,0.04682957739331324,0.8933217242571556
26048,LOF,0.0816674858818779,0.019901272637211746,0.8984312414809102
26049,Neutral,0.9419831441077048,0.006786770112326475,0.051230085779968605
26050,Neutral,0.9042872019015428,0.007265028986701777,0.08844776911175552
26051,LOF,0.03671480350637472,0.16178837459813417,0.8014968218954912
26052,LOF,0.03316765252723617,0.11275903336161962,0.8540733141111442
26053,LOF,0.017751426963228928,0.18106970915674497,0.801178863880026
26054,LOF,0.04733296930362325,0.042183441259726784,0.91048358943665
26055,LOF,0.06766499794796582,0.038530777871994604,0.8938042241800395
26056,LOF,0.05540398189580823,0.05011402067661328,0.8944819974275785
26057,LOF,0.057489317986275476,0.023808590547917514,0.9187020914658071
26058,LOF,0.06459360366623296,0.019290718076192214,0.9161156782575748
26059,LOF,0.22399751082116853,0.03503105428056504,0.7409714348982663
26060,LOF,0.013470600982075507,0.19576463161055363,0.7907647674073709
26061,LOF,0.010562617021589475,0.01723373635064444,0.972203646627766
26062,LOF,0.005392581608870988,0.02292250717658357,0.9716849112145454
26063,LOF,0.04512658737414638,0.01793180146971566,0.9369416111561379
26064,LOF,0.014530103185618242,0.023089511901345238,0.9623803849130366
26065,LOF,0.06685719107005973,0.023235766342032785,0.9099070425879073
26066,LOF,0.04724985787141042,0.017497027262814286,0.9352531148657753
26067,LOF,0.053979205590372364,0.015127133191962374,0.9308936612176654
26068,LOF,0.05048919814294468,0.04206083910259921,0.9074499627544562
26069,LOF,0.20839641632976064,0.03279744096982269,0.7588061427004167
26070,LOF,0.4244478895676343,0.021110549613906047,0.5544415608184596
26071,LOF,0.04839247107428832,0.018303454333418123,0.9333040745922935
26072,LOF,0.006251088930191144,0.02661311301105365,0.9671357980587552
26073,LOF,0.0427856449558528,0.02065420233587481,0.9365601527082723
26074,Neutral,0.7813814827240829,0.015649436251057122,0.20296908102485992
26075,LOF,0.04501677881760011,0.03319531618957067,0.9217879049928291
26076,LOF,0.044255852159149164,0.01799039247549973,0.9377537553653511
26077,LOF,0.1569741623707057,0.013444474399462319,0.829581363229832
26078,LOF,0.006591068011433315,0.028175855502148746,0.965233076486418
26079,LOF,0.05545820123525521,0.02816800138029167,0.9163737973844532
26080,LOF,0.054394998615737274,0.028268007259797234,0.9173369941244656
26081,LOF,0.04336092800323299,0.015127440594642138,0.9415116314021248
26082,LOF,0.006020745961902877,0.02594064643611217,0.968038607601985
26083,LOF,0.10778847139067213,0.030305651716120312,0.8619058768932076
26084,LOF,0.1333767788093605,0.0261176006445433,0.8405056205460962
26085,LOF,0.1160290413618354,0.021526988780893378,0.8624439698572711
26086,LOF,0.04558494190104856,0.019913619707497568,0.9345014383914538
26087,LOF,0.04419235892415218,0.01788734913445768,0.9379202919413901
26088,LOF,0.006479233895561948,0.03972595056167581,0.9537948155427622
26089,LOF,0.03795580578876552,0.04308570463015444,0.9189584895810801
26090,LOF,0.03846975425699698,0.033083723209135676,0.9284465225338673
26091,LOF,0.03146927180511101,0.013014040057680622,0.9555166881372085
26092,LOF,0.04329749390242287,0.014747516794131908,0.9419549893034452
26093,LOF,0.0629915949711117,0.010014795987799302,0.9269936090410891
26094,LOF,0.0359249792070785,0.012004762205581387,0.9520702585873401
26095,LOF,0.016188691159874955,0.027694708716933438,0.9561166001231916
26096,LOF,0.24052309437814076,0.007278926109423745,0.7521979795124355
26097,LOF,0.006057103310605183,0.05809156014942512,0.9358513365399697
26098,LOF,0.08763895447389779,0.028198696162950006,0.8841623493631522
26099,LOF,0.04467553649770391,0.03152520860316996,0.9237992548991261
26100,LOF,0.04467553649770391,0.03152520860316996,0.9237992548991261
26101,LOF,0.047957890124515914,0.050947198402896694,0.9010949114725874
26102,LOF,0.037475348576231804,0.02442501189567142,0.9380996395280967
26103,Neutral,0.8917989090480397,0.034625895251412825,0.07357519570054753
26104,LOF,0.05219524009712678,0.049842356420629993,0.8979624034822432
26105,LOF,0.22246490874525582,0.10854227340282019,0.668992817851924
26106,LOF,0.2797283610125303,0.041112866134311685,0.679158772853158
26107,LOF,0.01532900157947287,0.05275658672007236,0.9319144117004549
26108,LOF,0.1416079347058295,0.047427310533945846,0.8109647547602246
26109,LOF,0.05591583221889717,0.04095303594725953,0.9031311318338432
26110,LOF,0.4004105689606065,0.014871358966473165,0.5847180720729204
26111,LOF,0.0580454808157753,0.09980356238141089,0.8421509568028138
26112,LOF,0.07039838319791397,0.013205034556884508,0.9163965822452015
26113,LOF,0.13124311469877425,0.03655527006663873,0.832201615234587
26114,LOF,0.09049146080393261,0.008408365309963946,0.9011001738861034
26115,LOF,0.01676039996417255,0.06093731254297983,0.9223022874928477
26116,LOF,0.07992633493202883,0.02538350808003133,0.8946901569879399
26117,LOF,0.3957534657844108,0.038107875147472534,0.5661386590681167
26118,LOF,0.035995862409794466,0.01739748361946593,0.9466066539707395
26119,LOF,0.006212824785717477,0.08404549965406889,0.9097416755602137
26120,LOF,0.03271478259007136,0.01667291473907188,0.9506123026708568
26121,LOF,0.0045271685755469415,0.1135744953733081,0.8818983360511449
26122,LOF,0.0053464087358799746,0.09576315014935559,0.8988904411147645
