feature0,prediction,LoGoFunc_Neutral,LoGoFunc_GOF,LoGoFunc_LOF
25546,Neutral,0.6553922483271304,0.052850133006002616,0.291757618666867
25547,Neutral,0.5515157710213916,0.10650923659678797,0.3419749923818205
25548,Neutral,0.5161429337075003,0.07909210406327229,0.4047649622292274
25549,Neutral,0.489914414117004,0.07904408110726206,0.43104150477573394
25550,LOF,0.42342682749272365,0.13983686312920676,0.4367363093780695
25551,LOF,0.3407740138926159,0.1404929463229956,0.5187330397843884
25552,LOF,0.18842145281183093,0.15951539746910767,0.6520631497190614
25553,Neutral,0.814130122126152,0.037473819177628785,0.14839605869621908
25554,LOF,0.2363477043799396,0.15521055297254405,0.6084417426475163
25555,LOF,0.18468519797872826,0.14192144167637383,0.673393360344898
25556,Neutral,0.5204810048862744,0.1074910589652614,0.3720279361484643
25557,LOF,0.17820388159068679,0.14860547372342392,0.6731906446858893
25558,LOF,0.23309413103222282,0.16378014295418664,0.6031257260135905
25559,Neutral,0.5884538120443629,0.0732421025615151,0.33830408539412204
25560,LOF,0.0419430579428526,0.29722675276855853,0.6608301892885888
25561,LOF,0.08401959492573283,0.3419288328710121,0.574051572203255
25562,LOF,0.09631796739012864,0.17350483763253624,0.730177194977335
25563,LOF,0.09282581028290818,0.19188681119801504,0.7152873785190768
25564,LOF,0.05354107523596941,0.2698750938540903,0.6765838309099403
25565,LOF,0.14905007218420824,0.1587958817272707,0.6921540460885212
25566,GOF,0.01444366676128519,0.7449212699679836,0.2406350632707313
25567,LOF,0.015089458135831632,0.12624530145197202,0.8586652404121964
25568,LOF,0.0511540518141708,0.07196251440537445,0.8768834337804547
25569,LOF,0.06267314910484606,0.07170963243194328,0.8656172184632106
25570,LOF,0.06460099039627507,0.10774924028502293,0.8276497693187022
25571,LOF,0.06691950349457372,0.0959359287396688,0.8371445677657575
25572,LOF,0.06905074899277512,0.13372741433334312,0.7972218366738817
25573,LOF,0.03168777233024517,0.08766356030988091,0.8806486673598739
25574,LOF,0.01738312344257288,0.14174243082082053,0.8408744457366065
25575,LOF,0.05423679649951007,0.09698422741862983,0.84877897608186
25576,LOF,0.021489014767202285,0.09653780200334487,0.8819731832294527
25577,LOF,0.013402604371854648,0.14564625043183924,0.840951145196306
25578,LOF,0.2402225985743216,0.08907749675952517,0.6706999046661533
25579,LOF,0.24204393448729192,0.08844165282211666,0.6695144126905914
25580,LOF,0.03789724106975466,0.0878645833659581,0.8742381755642873
25581,LOF,0.05043188951780896,0.07301605897685215,0.8765520515053389
25582,LOF,0.05025763902773428,0.07035454729085351,0.8793878136814123
25583,LOF,0.046058564999759376,0.10233774044524756,0.8516036945549932
25584,Neutral,0.49573655665803756,0.081990247332472,0.42227319600949037
25585,LOF,0.0317268004254409,0.09550220221919903,0.87277099735536
25586,LOF,0.03577333556537669,0.07368729754663196,0.8905393668879914
25587,LOF,0.033687506582024795,0.06431721336721292,0.9019952800507621
25588,LOF,0.032665317647981654,0.08245804296885519,0.8848766393831632
25589,Neutral,0.5976277948205301,0.09500379918304544,0.3073684059964246
25590,LOF,0.02724654415923914,0.11914577738887377,0.853607678451887
25591,LOF,0.10854632398044195,0.057815720554943696,0.8336379554646144
25592,LOF,0.0968077393561595,0.12512702943889573,0.7780652312049449
25593,LOF,0.014892632496429059,0.21439878121424233,0.7707085862893286
25594,LOF,0.03769416268693764,0.17845790157468125,0.7838479357383812
25595,LOF,0.06887292188291183,0.13628916281107117,0.794837915306017
25596,LOF,0.08527239902300034,0.09711115230147957,0.8176164486755202
25597,LOF,0.07584291739573253,0.04983370287203498,0.8743233797322325
25598,LOF,0.048040452426282854,0.17700387849244104,0.7749556690812761
25599,GOF,0.006565383315778891,0.626423369751083,0.367011246933138
25600,GOF,0.007717156294948247,0.5807455628216867,0.411537280883365
25601,LOF,0.006919394975799455,0.4231785414414236,0.5699020635827771
25602,LOF,0.015736741194965227,0.07895146605777478,0.90531179274726
25603,LOF,0.041653739500658066,0.032393212434382784,0.9259530480649591
25604,LOF,0.03746746399429559,0.07383310131233418,0.8886994346933702
25605,LOF,0.011095824189289876,0.2149584858907438,0.7739456899199663
25606,GOF,0.060897737840090185,0.515685427105921,0.42341683505398875
25607,LOF,0.0037681078211164527,0.14806770502790173,0.8481641871509819
25608,LOF,0.042710898023148446,0.047738519617828865,0.9095505823590226
25609,LOF,0.05281567809429464,0.2789399610355247,0.6682443608701807
25610,LOF,0.05553024824324543,0.03491256893809263,0.909557182818662
25611,LOF,0.0647125781478582,0.02494014887046192,0.9103472729816798
25612,LOF,0.12382286978734364,0.06692651766472153,0.8092506125479348
25613,LOF,0.10464676790582507,0.060231320602485,0.8351219114916899
25614,LOF,0.04168824129035596,0.04018736608582703,0.918124392623817
25615,LOF,0.08086376642381475,0.06317118550550195,0.8559650480706832
25616,LOF,0.04503603392171987,0.05387536179574167,0.9010886042825386
25617,LOF,0.051656571191416,0.054873738786407236,0.8934696900221768
25618,LOF,0.27642042765853353,0.04223268625125227,0.6813468860902142
25619,LOF,0.04976234679608012,0.04312908045694004,0.9071085727469799
25620,LOF,0.04465155162696774,0.06026798827862358,0.8950804600944088
25621,LOF,0.04443727876425582,0.05133303704644892,0.9042296841892952
25622,LOF,0.036361625844770394,0.0685009095856125,0.8951374645696172
25623,LOF,0.05628989433389593,0.04331225686124057,0.9003978488048636
25624,LOF,0.034684310103645775,0.05179099438736096,0.9135246955089933
25625,LOF,0.04636958669031996,0.07060598546293224,0.8830244278467477
25626,LOF,0.07958970940250715,0.047893679947825174,0.8725166106496677
25627,Neutral,0.5558820668387476,0.1078712246277828,0.33624670853346944
25628,LOF,0.2102689198439239,0.04945699778216342,0.7402740823739127
25629,LOF,0.07155244710261784,0.13762070863707684,0.7908268442603054
25630,LOF,0.19505631941717597,0.08130326393780976,0.7236404166450142
25631,Neutral,0.5893552221063797,0.05340161076892717,0.3572431671246932
25632,LOF,0.021036935485636427,0.08052214407127589,0.8984409204430877
25633,LOF,0.23633257039843208,0.08090062807842423,0.6827668015231437
25634,LOF,0.041082445766993526,0.08103336416873189,0.8778841900642745
25635,LOF,0.03910070560594853,0.07056842503121386,0.8903308693628376
25636,GOF,0.005343959004739838,0.6445538729453593,0.35010216804990096
25637,GOF,0.004141197107517517,0.5544603766930465,0.4413984261994359
25638,GOF,0.00722748576162661,0.511384445026811,0.48138806921156235
25639,LOF,0.0045264495864157615,0.48696063456879524,0.508512915844789
25640,GOF,0.39584819674632654,0.5452362554562584,0.05891554779741497
25641,LOF,0.00631639440552223,0.2862428862256412,0.7074407193688367
25642,LOF,0.25577585086346855,0.096919957472007,0.6473041916645244
25643,LOF,0.30583491790268286,0.23076145507725304,0.46340362702006416
25644,GOF,0.013864160790508912,0.7037848376723009,0.2823510015371901
25645,GOF,0.011175329231719816,0.6395368976112068,0.3492877731570734
25646,LOF,0.010676827040776955,0.4393179563592916,0.5500052165999314
25647,LOF,0.009997893590573457,0.3314947407184939,0.6585073656909327
25648,LOF,0.007715643348758821,0.4188196178011767,0.5734647388500644
25649,LOF,0.007869193814605312,0.25617573989530384,0.7359550662900908
25650,GOF,0.021553832821126377,0.5919051386655362,0.38654102851333744
25651,LOF,0.0061457986194847405,0.3104858645818332,0.683368336798682
25652,LOF,0.011533710311527171,0.4081375156449089,0.580328774043564
25653,GOF,0.045534544431979615,0.5850174916059995,0.36944796396202084
25654,LOF,0.008017399350712214,0.3847260893534777,0.6072565112958102
25655,GOF,0.07073754913695549,0.5643845590309883,0.3648778918320561
25656,LOF,0.0886135368961131,0.11222946169327112,0.7991570014106157
25657,LOF,0.2735195256248591,0.04898337837400465,0.6774970960011364
25658,LOF,0.035799962510883576,0.22144512711360398,0.7427549103755123
25659,LOF,0.2250721354471933,0.11759326445231992,0.6573346001004868
25660,LOF,0.09636319997978367,0.08300834233688274,0.8206284576833336
25661,LOF,0.07797184560925119,0.06623952354513554,0.8557886308456133
25662,LOF,0.04130882101708177,0.05562029459752959,0.9030708843853886
25663,LOF,0.05218802100596705,0.08810473576402711,0.8597072432300059
25664,LOF,0.03449687907798674,0.12477507738665054,0.8407280435353627
25665,LOF,0.0447238568394303,0.061239060358461626,0.8940370828021081
25666,LOF,0.0430218402654841,0.15184657781532168,0.8051315819191942
25667,LOF,0.042624491145436635,0.045634080696200376,0.911741428158363
25668,LOF,0.06068197255043618,0.055442515338333206,0.8838755121112305
25669,LOF,0.05621216554968738,0.08502534955187215,0.8587624848984405
25670,LOF,0.07879073576756966,0.07695221059005476,0.8442570536423756
25671,LOF,0.05114184735347617,0.04458462311149816,0.9042735295350257
25672,LOF,0.05067924879273566,0.06732653803386145,0.8819942131734029
25673,LOF,0.03976817009191926,0.06957301193996052,0.8906588179681201
25674,LOF,0.02743277088020846,0.08158195510639192,0.8909852740133996
25675,LOF,0.03657771382285989,0.06664263701499029,0.8967796491621497
25676,LOF,0.0388904355061317,0.06405620919173709,0.8970533553021313
25677,LOF,0.0943457255638981,0.053625708123896665,0.8520285663122052
25678,LOF,0.20606615319035476,0.042750169642056246,0.751183677167589
25679,LOF,0.12818199665486163,0.04922603459703611,0.8225919687481023
25680,LOF,0.1004530260152592,0.08736510142985635,0.8121818725548844
25681,LOF,0.10943235536931674,0.08524673899683191,0.8053209056338514
25682,LOF,0.05707057763060729,0.054639003843873074,0.8882904185255196
25683,LOF,0.08529131266292847,0.073324711387678,0.8413839759493935
25684,LOF,0.07872559766627603,0.057774061990131534,0.8635003403435924
25685,LOF,0.1299181289387066,0.042768340578371734,0.8273135304829218
25686,LOF,0.02754697590358632,0.09490707229444721,0.8775459518019664
25687,LOF,0.05267237509072363,0.10210407905668911,0.8452235458525872
25688,LOF,0.020761622297133412,0.06340233218330513,0.9158360455195614
25689,LOF,0.018508510946058602,0.033624167054261,0.9478673219996805
25690,LOF,0.01930342857540883,0.04212749147937045,0.9385690799452207
25691,LOF,0.11291523955769195,0.06813986409927801,0.81894489634303
25692,LOF,0.28270676970974173,0.013254553356166,0.7040386769340922
25693,LOF,0.03357415046572608,0.2851698322293253,0.6812560173049487
25694,LOF,0.23249183486646643,0.01281083862071788,0.7546973265128157
25695,LOF,0.1762074475506548,0.02744673259919154,0.7963458198501537
25696,LOF,0.0883476586153676,0.027811918776770042,0.8838404226078624
25697,LOF,0.0825329910528111,0.057161987212681856,0.8603050217345071
25698,LOF,0.015041261777737992,0.41109484911367344,0.5738638891085885
25699,LOF,0.08841106244924096,0.11145783510830058,0.8001311024424584
25700,LOF,0.03825976644416715,0.019439261845544578,0.9423009717102884
25701,LOF,0.01365474095801435,0.11775546816328314,0.8685897908787025
25702,GOF,0.020847144898683414,0.7674604546339674,0.2116924004673491
25703,LOF,0.01528385015409351,0.27932316857446016,0.7053929812714463
25704,LOF,0.06853723982275704,0.1801404600606573,0.7513223001165857
25705,LOF,0.0619916596981971,0.16450520603696353,0.7735031342648394
25706,GOF,0.018296363450023514,0.6234854324417418,0.3582182041082347
25707,LOF,0.03081825250228883,0.4799715538138735,0.4892101936838378
25708,LOF,0.00796525051294983,0.4501275275165607,0.5419072219704895
25709,LOF,0.03207695279045612,0.05627585381902006,0.9116471933905238
25710,LOF,0.006719592726005534,0.11289474286717041,0.8803856644068241
25711,LOF,0.03405688702454588,0.10799789060809382,0.8579452223673603
25712,LOF,0.008533829396085577,0.1877084509030458,0.8037577197008686
25713,LOF,0.03254421499394458,0.0958901498781698,0.8715656351278855
25714,LOF,0.02748185522807417,0.1253067672492138,0.847211377522712
25715,LOF,0.03780741860869629,0.10559901939645941,0.8565935619948444
25716,LOF,0.007008762510306378,0.12590571185023627,0.8670855256394574
25717,LOF,0.006718370908171871,0.08663494148961716,0.9066466876022109
25718,LOF,0.036275928652809465,0.0615877297905725,0.9021363415566181
25719,LOF,0.04614337055117135,0.09531774449669325,0.8585388849521354
25720,LOF,0.04059529362069413,0.10037206303775398,0.8590326433415518
25721,LOF,0.030594030783126214,0.10918034706094358,0.8602256221559302
25722,LOF,0.02023775389649553,0.1397742645494621,0.8399879815540423
25723,LOF,0.03732864622773247,0.0936444102676036,0.8690269435046639
25724,LOF,0.051599640749569214,0.2139542128445551,0.7344461464058756
25725,LOF,0.03632487670766694,0.08029570224999263,0.8833794210423406
25726,LOF,0.022915478788934948,0.12417243246921393,0.8529120887418511
25727,LOF,0.03211596048679742,0.09915924976722049,0.8687247897459821
25728,LOF,0.03186031517262867,0.1013490694356262,0.8667906153917452
25729,LOF,0.03115643995321494,0.11341237310456005,0.855431186942225
25730,LOF,0.038143311405890994,0.06688322126174595,0.8949734673323632
25731,LOF,0.011527301046260804,0.09024133892987811,0.8982313600238612
25732,LOF,0.023741783388728923,0.06800701387955796,0.908251202731713
25733,LOF,0.042373099430222674,0.06169426096563924,0.895932639604138
25734,LOF,0.007420184758663995,0.22173536898807839,0.7708444462532578
25735,LOF,0.029315757878979283,0.07219595331549644,0.8984882888055242
25736,LOF,0.027845687029759435,0.13237895615837353,0.8397753568118671
25737,LOF,0.03781766154846432,0.09009533427276653,0.8720870041787692
25738,LOF,0.03155953694707437,0.1229675058331377,0.8454729572197879
25739,LOF,0.03361855627026082,0.08742076968832782,0.8789606740414113
25740,LOF,0.0401903595713633,0.11004417803587824,0.8497654623927584
25741,LOF,0.044461823011182816,0.09533993394518737,0.8601982430436298
25742,LOF,0.06223793142889951,0.099462499422432,0.8382995691486685
25743,LOF,0.011951264000955517,0.020711782179486465,0.967336953819558
25744,LOF,0.1953138170809745,0.12844231141845308,0.6762438715005725
25745,LOF,0.0349843223882427,0.05047894832415663,0.9145367292876008
25746,LOF,0.014100009067731888,0.07525347461791608,0.910646516314352
25747,LOF,0.05351514894882755,0.021881820370534627,0.9246030306806379
25748,LOF,0.3223225538469503,0.0398607199163891,0.6378167262366605
25749,LOF,0.01674707116720004,0.04395668994083196,0.939296238891968
25750,LOF,0.02175522281047707,0.049964532911960485,0.9282802442775623
25751,LOF,0.04755149948344775,0.03382653184950208,0.9186219686670501
25752,GOF,0.07061542031173165,0.7069686737017237,0.22241590598654473
25753,LOF,0.007691867001538073,0.46468644609425025,0.5276216869042116
25754,GOF,0.0075088927596611435,0.9064663665580277,0.08602474068231128
25755,LOF,0.007705253576789318,0.451351017417579,0.5409437290056317
25756,LOF,0.023145032113440187,0.4660213119947651,0.5108336558917947
25757,GOF,0.008285165738270116,0.8913042524145055,0.10041058184722432
25758,GOF,0.008083975747523179,0.9069533396191085,0.08496268463336838
25759,GOF,0.00547714642161912,0.7094101560919585,0.2851126974864224
25760,LOF,0.006124109311318826,0.350631742215711,0.6432441484729702
25761,GOF,0.0468483508898065,0.8783345274727763,0.07481712163741734
25762,LOF,0.027228947479351628,0.4014669601718276,0.5713040923488208
25763,LOF,0.006592676071631072,0.3371129070549157,0.6562944168734532
25764,GOF,0.05365353291265501,0.721356709686056,0.2249897574012889
25765,GOF,0.008503746541011492,0.9017997143505453,0.08969653910844336
25766,GOF,0.026565460838375805,0.8763698707181725,0.09706466844345175
25767,GOF,0.01832891173474757,0.5229446909589469,0.4587263973063055
25768,LOF,0.06239051187209706,0.05363650578187665,0.8839729823460263
25769,LOF,0.025084633091892156,0.07238357053486284,0.9025317963732449
25770,LOF,0.1392519821368832,0.12517590260206818,0.7355721152610486
25771,LOF,0.020368119510900135,0.09837244771081874,0.8812594327782811
25772,LOF,0.03036906434665442,0.03821685028872604,0.9314140853646194
25773,LOF,0.015011726028549706,0.0949128212752611,0.890075452696189
25774,LOF,0.02605561354533048,0.2011784768131679,0.7727659096415016
25775,LOF,0.020286421721175386,0.048545270935302864,0.9311683073435219
25776,LOF,0.029809298156715437,0.024419946019907636,0.945770755823377
25777,LOF,0.31075376176817704,0.11535092117709855,0.5738953170547244
25778,LOF,0.02573991455961083,0.07829498414614149,0.8959651012942477
25779,GOF,0.06081385275738412,0.8759486878831572,0.06323745935945861
25780,GOF,0.06776888953500974,0.8774487171591724,0.054782393305817904
25781,GOF,0.03039688131196683,0.83779984114281,0.131803277545223
25782,GOF,0.0397492995876327,0.8954727525506316,0.06477794786173564
25783,GOF,0.034400890617399385,0.9192764756214681,0.046322633761132576
25784,GOF,0.1335307208447315,0.8231053480697329,0.043363931085535594
25785,GOF,0.11603509377150541,0.848998381362435,0.034966524866059535
25786,GOF,0.010625069801144034,0.8629125140461434,0.12646241615271248
25787,GOF,0.2558919032543195,0.6953131540857974,0.048794942659883045
25788,LOF,0.019109541885125432,0.1825688814114732,0.7983215767034014
25789,GOF,0.019076389777191335,0.8528514251319302,0.12807218509087825
25790,GOF,0.031118825793691306,0.8910992892391421,0.0777818849671666
25791,GOF,0.025039634794012295,0.750256192500875,0.2247041727051127
25792,GOF,0.0313265088079724,0.802730508347699,0.16594298284432862
25793,GOF,0.04770548249718309,0.8141575362901815,0.13813698121263537
25794,GOF,0.04898275276884596,0.7481044307631621,0.20291281646799192
25795,GOF,0.051520472715171364,0.7470653271910964,0.20141420009373223
25796,GOF,0.131835351865552,0.7864979478286517,0.08166670030579627
25797,GOF,0.0720599200456034,0.7287809306277003,0.19915914932669632
25798,GOF,0.007228327665996818,0.7973871161973574,0.19538455613664568
25799,GOF,0.00485795358126389,0.6981869041162682,0.29695514230246783
25800,GOF,0.024858476128226868,0.8480617662400781,0.12707975763169507
25801,GOF,0.025299009189523804,0.8929594956149768,0.08174149519549942
25802,GOF,0.02772983736943643,0.7816241924572421,0.19064597017332127
25803,GOF,0.020997757104521425,0.7230868533311047,0.25591538956437376
25804,GOF,0.03271661684022831,0.7801247777570315,0.1871586054027401
25805,GOF,0.029046693450731048,0.8262723529285855,0.1446809536206836
25806,GOF,0.039795093166247415,0.829125093767119,0.1310798130666337
25807,GOF,0.015719912889833706,0.7895086548035265,0.19477143230663974
25808,GOF,0.025423082498848316,0.810387020708316,0.16418989679283566
25809,GOF,0.015107365257658552,0.7592339617605803,0.2256586729817612
25810,GOF,0.012673742290588971,0.7383807572256034,0.24894550048380776
25811,GOF,0.07135746572566204,0.8679860033762123,0.060656530898125754
25812,GOF,0.03416171735412531,0.7877406979362286,0.17809758470964615
25813,GOF,0.19361987601827568,0.7346095664808034,0.07177055750092093
25814,GOF,0.0336316514907625,0.7815009308475518,0.1848674176616858
25815,GOF,0.060329127268078646,0.8194664209390211,0.12020445179290022
25816,GOF,0.01077117091133793,0.8802470650679044,0.1089817640207577
25817,GOF,0.12121918517021657,0.7687053240087995,0.11007549082098392
25818,GOF,0.031006154121926543,0.7982623438806372,0.17073150199743636
25819,GOF,0.05587277162621684,0.7689794929730677,0.17514773540071552
25820,GOF,0.05989688588251212,0.7474552504935684,0.19264786362391942
25821,GOF,0.041463569681160585,0.7891999673282835,0.16933646299055594
25822,GOF,0.06631133800913054,0.7652576606700656,0.16843100132080377
25823,GOF,0.029404776703788764,0.7099343883910881,0.26066083490512315
25824,GOF,0.029362268968016775,0.7918944153509757,0.1787433156810075
25825,GOF,0.02176710268509804,0.7902592356572248,0.18797366165767718
25826,GOF,0.011569144270087674,0.7382634813465463,0.250167374383366
25827,GOF,0.018243834084850422,0.7318176853653107,0.24993848054983903
25828,GOF,0.011205365781151593,0.765008662793038,0.22378597142581044
25829,GOF,0.004686947571985277,0.6760975393507692,0.31921551307724544
25830,GOF,0.0539555295173896,0.5567523008091904,0.38929216967342
25831,GOF,0.07025791262360953,0.8089840048981202,0.12075808247827047
25832,GOF,0.011183917115588082,0.7456552115180324,0.24316087136637968
25833,GOF,0.03858830624564411,0.8122152147689288,0.14919647898542712
25834,GOF,0.01139308531288204,0.7624169689289231,0.22618994575819476
25835,GOF,0.027059511457566635,0.8365563973104011,0.13638409123203207
25836,GOF,0.0077799168301596975,0.7585566767971846,0.23366340637265567
25837,GOF,0.009586422706174552,0.773815602249707,0.21659797504411835
25838,GOF,0.0203448309286969,0.8358493879647148,0.14380578110658826
25839,GOF,0.04779100323669315,0.8181550613721911,0.1340539353911158
25840,GOF,0.08206118483037168,0.7792620984281166,0.13867671674151189
25841,GOF,0.07552338514943904,0.8208441802571284,0.10363243459343255
25842,GOF,0.027420034159175665,0.8838458313527028,0.08873413448812154
25843,GOF,0.026981281854644868,0.887776486806481,0.08524223133887412
25844,GOF,0.02033270325116238,0.8186477704918574,0.1610195262569801
25845,GOF,0.0072062472226836335,0.7248534181174191,0.26794033465989714
25846,GOF,0.07067749649850211,0.8362399523124966,0.09308255118900137
25847,GOF,0.016564541193733122,0.8792524883601324,0.1041829704461345
25848,GOF,0.025516574185042277,0.8223528056961532,0.15213062011880446
25849,GOF,0.007913890521725378,0.798196005149917,0.1938901043283577
25850,GOF,0.007178566254493549,0.7106341485545099,0.28218728519099645
25851,GOF,0.006526635995600862,0.6520255796463592,0.34144778435803996
25852,GOF,0.15007473232968088,0.5512581830151088,0.29866708465521036
25853,GOF,0.052006305237944986,0.8116471071607669,0.136346587601288
25854,GOF,0.006527086769316012,0.7310614468896,0.2624114663410841
25855,GOF,0.022816646759010933,0.645252699484103,0.331930653756886
25856,GOF,0.044817585875890895,0.7393394750190582,0.21584293910505092
25857,GOF,0.023335699856257077,0.6452947072299362,0.3313695929138068
25858,GOF,0.00977378049843811,0.6129177119031431,0.3773085075984188
25859,GOF,0.00713304702586967,0.5874326759619986,0.4054342770121317
25860,GOF,0.08197448227060812,0.7531382950743352,0.16488722265505668
25861,GOF,0.11283174291273958,0.8115789667804668,0.0755892903067936
25862,GOF,0.02403395149457394,0.902074842571293,0.0738912059341331
25863,GOF,0.02021736539220074,0.8775494368843743,0.10223319772342514
25864,GOF,0.03806178253703514,0.8941274661362276,0.06781075132673728
25865,GOF,0.03894162134176859,0.8664698932937026,0.09458848536452891
25866,GOF,0.018151269440413637,0.8574472892101828,0.12440144134940374
25867,GOF,0.043631070473975436,0.8558273035322093,0.1005416259938155
25868,GOF,0.06520163863893039,0.774960904324082,0.15983745703698765
25869,GOF,0.3001734089848521,0.6007798736813595,0.09904671733378839
25870,GOF,0.07587479686430318,0.5891247010611212,0.33500050207457566
25871,GOF,0.009691018730415535,0.8242935193757743,0.16601546189381022
25872,GOF,0.02272016692127557,0.8202622348556099,0.1570175982231146
25873,GOF,0.020799428583508757,0.8849092598198337,0.0942913115966575
25874,LOF,0.025214444636010386,0.18517994240328495,0.7896056129607045
25875,LOF,0.020465428917913787,0.12583504103798795,0.8536995300440982
25876,LOF,0.022781359379293906,0.05928690620841486,0.9179317344122914
25877,LOF,0.09145554542283267,0.21422735178573282,0.6943171027914344
25878,LOF,0.04816633390240443,0.2881504301150161,0.6636832359825794
25879,LOF,0.010435477288413932,0.18226888960131118,0.8072956331102749
25880,LOF,0.046130432775313014,0.02418339417337152,0.9296861730513155
25881,Neutral,0.5561613707764236,0.10801733215358113,0.3358212970699953
25882,LOF,0.0497940262182464,0.02875259260828451,0.9214533811734691
25883,LOF,0.031216683048047818,0.02767154688525287,0.9411117700666992
25884,LOF,0.018304194551013567,0.037800040377073636,0.9438957650719128
25885,LOF,0.15501160425898866,0.012534137315481957,0.8324542584255293
25886,LOF,0.26956005120609944,0.05103735779934575,0.6794025909945549
25887,LOF,0.08340471975555434,0.16804440651295385,0.7485508737314919
25888,LOF,0.008023954433263642,0.19614203016621648,0.7958340154005198
25889,LOF,0.02881253211110936,0.034555670119383576,0.936631797769507
25890,LOF,0.20101770037327643,0.06895959095394653,0.730022708672777
25891,LOF,0.11187496851983643,0.04317806766960722,0.8449469638105563
25892,LOF,0.0087027091507338,0.03506527924573852,0.9562320116035278
25893,LOF,0.2933427803148017,0.01193075717198907,0.6947264625132092
25894,LOF,0.32190567958860916,0.008519031530798362,0.6695752888805925
25895,LOF,0.2743339776784187,0.0178662594341326,0.7077997628874487
25896,LOF,0.07881920247119056,0.037267396215027775,0.8839134013137816
25897,LOF,0.12281979259960585,0.01417143384709411,0.8630087735533001
25898,LOF,0.11401825372995504,0.036567172144065935,0.8494145741259791
25899,LOF,0.39101754763446644,0.04200373041900522,0.5669787219465283
25900,Neutral,0.6714292106038794,0.01442681067717638,0.3141439787189441
25901,LOF,0.05315806811542549,0.01639990555564203,0.9304420263289325
25902,LOF,0.07814912422069008,0.012037974744305287,0.9098129010350046
25903,LOF,0.15609853972847554,0.03263540582490459,0.8112660544466199
25904,LOF,0.4278584174631382,0.0860098809139225,0.4861317016229393
25905,LOF,0.008328769958807356,0.33185643607528276,0.6598147939659099
25906,LOF,0.00978525836549796,0.05386116980801808,0.9363535718264839
25907,LOF,0.009550305653241706,0.22276903136340034,0.767680662983358
25908,LOF,0.009238968408774162,0.20793002508277075,0.782831006508455
25909,LOF,0.0357557055434723,0.08742612364349459,0.8768181708130331
25910,LOF,0.016227345511339482,0.10673540184144763,0.8770372526472129
25911,LOF,0.17870373554830496,0.030328759131647863,0.7909675053200471
25912,LOF,0.1298554275603011,0.031993628679060956,0.8381509437606379
25913,LOF,0.017783202368793237,0.03090963901766346,0.9513071586135432
25914,LOF,0.04156130989176874,0.025594899132326,0.9328437909759052
25915,LOF,0.19554289199427685,0.23061420867179788,0.5738428993339253
25916,LOF,0.01407014089647649,0.11428894408988545,0.871640915013638
25917,LOF,0.06610686082476223,0.03646508536450129,0.8974280538107365
25918,LOF,0.04674319063428098,0.015522553493381277,0.9377342558723378
25919,LOF,0.039069526593880945,0.01685752608066229,0.9440729473254567
25920,LOF,0.36277788451466336,0.20469108097407357,0.43253103451126307
25921,LOF,0.019706529593322905,0.019876079202017394,0.9604173912046597
25922,LOF,0.020302556140231867,0.02046691261179287,0.9592305312479752
25923,LOF,0.45329051135443016,0.01339278317859006,0.5333167054669798
25924,LOF,0.02691084337238232,0.0202976167422431,0.9527915398853745
25925,LOF,0.11034367212538729,0.02558749463610672,0.864068833238506
25926,LOF,0.09085861771176981,0.02186605783264364,0.8872753244555865
25927,LOF,0.02698102409141277,0.02870927394427459,0.9443097019643126
25928,LOF,0.01446207023522225,0.014083606615528604,0.9714543231492492
25929,Neutral,0.5935247986156812,0.013215232954947465,0.3932599684293714
25930,LOF,0.05817573882920496,0.012892854892614438,0.9289314062781805
25931,LOF,0.015306740555308434,0.012471614782150867,0.9722216446625408
25932,LOF,0.07217426145218844,0.011644481633233684,0.916181256914578
25933,LOF,0.08219403632796556,0.0077105226423318084,0.9100954410297026
25934,LOF,0.08601135514455155,0.008656457718904496,0.905332187136544
25935,LOF,0.10440852102870793,0.022623042472357958,0.8729684364989342
25936,LOF,0.08960419872386197,0.008594248437569129,0.901801552838569
25937,LOF,0.016950062488489525,0.0176339308692524,0.965416006642258
25938,LOF,0.10521567874522984,0.020318977420562236,0.874465343834208
25939,LOF,0.06103403583280309,0.014140882927789084,0.9248250812394078
25940,LOF,0.009328605061932642,0.4653131316209418,0.5253582633171255
25941,Neutral,0.4958326683164956,0.03756457593173687,0.46660275575176746
25942,LOF,0.012570762747715004,0.05929239565493248,0.9281368415973524
25943,LOF,0.047639778443440965,0.16079464383014463,0.7915655777264143
25944,LOF,0.04426444333513466,0.10939330900748584,0.8463422476573795
25945,LOF,0.1862368500881434,0.02759021921847271,0.7861729306933838
25946,LOF,0.08629056121197115,0.05637160975411303,0.8573378290339159
25947,Neutral,0.5197559402560485,0.12640049619659727,0.3538435635473543
25948,LOF,0.47625596103417417,0.017692869239049704,0.5060511697267761
25949,LOF,0.11240374293864877,0.04253278211744461,0.8450634749439065
25950,GOF,0.08390066181978495,0.661138280801145,0.25496105737907
25951,GOF,0.013893150460418113,0.5056102991004241,0.48049655043915773
25952,LOF,0.1501083464156383,0.28945270348058855,0.5604389501037732
25953,LOF,0.007632255874998842,0.3135478231189295,0.6788199210060716
25954,LOF,0.05673976733517561,0.4658836491773562,0.47737658348746825
25955,LOF,0.008692708511713764,0.3423024688591353,0.6490048226291509
25956,LOF,0.009992895859303049,0.36271108663115964,0.6272960175095373
25957,LOF,0.15821420957124,0.05023261977676136,0.7915531706519986
25958,LOF,0.026165666999196577,0.06250400896213747,0.911330324038666
25959,GOF,0.006887853733881143,0.7117104271693305,0.2814017190967884
25960,LOF,0.005412821430107679,0.10691760009381443,0.8876695784760777
25961,LOF,0.02630245958129625,0.06097201751875894,0.9127255228999448
25962,LOF,0.043529963820431714,0.10347564358438542,0.852994392595183
25963,LOF,0.011305892223853704,0.15880396649703826,0.8298901412791081
25964,LOF,0.042739520032711226,0.0933331396068022,0.8639273403604865
25965,LOF,0.19478645511956694,0.1319843078583474,0.6732292370220857
25966,LOF,0.3533973324996073,0.11535087682098384,0.5312517906794089
25967,LOF,0.0074895949621667755,0.10481725884854182,0.8876931461892914
25968,LOF,0.06291327327994142,0.2672204861124044,0.6698662406076542
25969,LOF,0.15255969631798597,0.07647569066316326,0.7709646130188507
25970,LOF,0.05119263610709398,0.0646319484423746,0.8841754154505315
25971,LOF,0.0680439692071295,0.028182714218672317,0.9037733165741981
25972,LOF,0.067810756420127,0.035224470173427475,0.8969647734064455
25973,LOF,0.08475350646045833,0.012170227274666014,0.9030762662648756
25974,LOF,0.06143474287587088,0.04359733574707303,0.894967921377056
25975,LOF,0.027548483508835438,0.015484893043021301,0.9569666234481433
25976,LOF,0.08683934586593592,0.013295356782171497,0.8998652973518925
25977,LOF,0.2378437356608916,0.06694749599674538,0.6952087683423629
25978,LOF,0.1625068630330765,0.14534467165801918,0.6921484653089044
25979,LOF,0.12090362252768648,0.1450332300371297,0.7340631474351839
25980,LOF,0.20265629361331547,0.24897031863463834,0.5483733877520461
25981,LOF,0.20384400358303265,0.2519846610573577,0.5441713353596096
25982,LOF,0.2869647283630503,0.12809553002530502,0.5849397416116446
25983,Neutral,0.4710893621267439,0.1083167492773232,0.4205938885959328
25984,LOF,0.05894492777758491,0.0717300329198566,0.8693250393025584
25985,Neutral,0.4752879241001934,0.12019365470347153,0.40451842119633513
25986,LOF,0.01143324468852594,0.40442758214961616,0.5841391731618579
25987,LOF,0.03253122974397766,0.08965510891677242,0.87781366133925
25988,LOF,0.045377415730037014,0.11963698238643262,0.8349856018835304
25989,LOF,0.041537870798660226,0.13771159818443038,0.8207505310169094
25990,LOF,0.04624577933780241,0.2630782897691328,0.6906759308930647
25991,GOF,0.021422913551694345,0.5886834523834091,0.3898936340648965
25992,LOF,0.01093065364303395,0.44473801940046637,0.5443313269564997
25993,LOF,0.019917966003796868,0.0770310395687561,0.9030509944274471
25994,LOF,0.028546980236413513,0.08390150557602667,0.8875515141875597
25995,LOF,0.017866014184989926,0.13407539289202544,0.8480585929229846
25996,GOF,0.3163092442426147,0.4810183644570035,0.2026723913003818
25997,GOF,0.05273883678027035,0.6390731748458939,0.30818798837383565
25998,LOF,0.23623793802948154,0.030647405235673535,0.733114656734845
25999,LOF,0.02724840238996759,0.2519319062543223,0.7208196913557101
26000,LOF,0.1320015012644592,0.017490115419768183,0.8505083833157726
26001,LOF,0.15877064221347204,0.020056068719631368,0.8211732890668966
26002,LOF,0.10347437455830659,0.019533513154768718,0.8769921122869246
26003,GOF,0.006421797255493699,0.5850483544232316,0.4085298483212749
26004,GOF,0.014642595245369639,0.5928633150613911,0.3924940896932393
26005,GOF,0.005507065475549031,0.5140853713351542,0.4804075631892969
26006,GOF,0.09451209719876447,0.5227939159234819,0.38269398687775363
26007,GOF,0.009999292200186196,0.5549417494759286,0.43505895832388514
26008,GOF,0.0068347246658314945,0.6054873003304171,0.38767797500375145
26009,GOF,0.011103642849301173,0.6316011298125832,0.3572952273381157
26010,GOF,0.010479278549317675,0.563657898448109,0.4258628230025733
26011,LOF,0.005494317571561916,0.4183256638315713,0.5761800185968667
26012,GOF,0.0053425481101494355,0.5273326660726554,0.4673247858171951
26013,LOF,0.010638517627682077,0.49087049577073055,0.4984909866015874
26014,LOF,0.05665067663732111,0.0813437415629583,0.8620055817997205
26015,LOF,0.3521983980470548,0.027047537392157494,0.6207540645607877
26016,LOF,0.25280716488871185,0.04524878178471002,0.701944053326578
26017,LOF,0.014449341452391806,0.17287157466719616,0.812679083880412
26018,LOF,0.019332256176441062,0.08557806254343682,0.895089681280122
26019,LOF,0.01947493912812276,0.07790632298372849,0.9026187378881488
26020,LOF,0.006796727529869687,0.15433249463844065,0.8388707778316896
26021,LOF,0.07952441654393468,0.07587267888499812,0.8446029045710673
26022,LOF,0.04194158146151523,0.03053899076384968,0.927519427774635
26023,LOF,0.028833608091036928,0.06811049649013597,0.9030558954188271
26024,LOF,0.050284444202121435,0.05800340987947222,0.8917121459184063
26025,LOF,0.13242224869149385,0.07107560009285123,0.7965021512156549
26026,LOF,0.1078348679678019,0.05373690205418349,0.8384282299780147
26027,LOF,0.027006574576159126,0.03976567945756464,0.9332277459662762
26028,LOF,0.08859399494196779,0.19514600896597833,0.7162599960920539
26029,LOF,0.03413800941839263,0.17034950686857042,0.795512483713037
26030,LOF,0.12320387845844115,0.018846327520973462,0.8579497940205854
26031,LOF,0.015972940370314336,0.1584187837995761,0.8256082758301095
26032,LOF,0.0292485420395444,0.02962678106956765,0.941124676890888
26033,LOF,0.047179858478188744,0.04592755566308583,0.9068925858587255
26034,LOF,0.02194629674701516,0.1025666561576772,0.8754870470953078
26035,LOF,0.012535323919710049,0.12216006806977298,0.865304608010517
26036,LOF,0.011822863321447946,0.09930778643192632,0.8888693502466258
26037,LOF,0.011917796472665556,0.10661924424326785,0.8814629592840666
26038,LOF,0.02592102386196419,0.028671650013437647,0.9454073261245982
26039,LOF,0.03331337985182276,0.14299772046216755,0.8236888996860098
26040,LOF,0.07427687592526415,0.1652865549231765,0.7604365691515593
26041,LOF,0.014051415457719084,0.11022064881632217,0.8757279357259588
26042,LOF,0.013130745695494625,0.11754385502336702,0.8693253992811384
26043,LOF,0.02521428703452146,0.04800310863217704,0.9267826043333015
26044,LOF,0.007998459110524955,0.04620826112488225,0.9457932797645929
26045,LOF,0.09012544701022127,0.2128498284480987,0.69702472454168
26046,LOF,0.02541262870278103,0.04689985163061681,0.9276875196666021
26047,LOF,0.06933711968302138,0.0457467714010779,0.8849161089159008
26048,LOF,0.08156518905930374,0.02476814752837687,0.8936666634123195
26049,Neutral,0.9389906910261612,0.006300017184475477,0.0547092917893633
26050,Neutral,0.8940706847653654,0.007660068353546659,0.09826924688108794
26051,LOF,0.03051561021347286,0.29611426240450894,0.6733701273820182
26052,LOF,0.03621249370286714,0.21467103162948548,0.7491164746676473
26053,LOF,0.020550224892706442,0.17145900363796407,0.8079907714693294
26054,LOF,0.06078015044498129,0.06820115261084056,0.8710186969441781
26055,LOF,0.08338710060229783,0.07612838037428608,0.8404845190234161
26056,LOF,0.07657255335452123,0.07905703345421554,0.8443704131912632
26057,LOF,0.04342378428450067,0.021197636836818474,0.9353785788786809
26058,LOF,0.04729392899293479,0.016673702396922885,0.9360323686101424
26059,LOF,0.2647358378574654,0.09273991532984127,0.6425242468126933
26060,LOF,0.020502076398281256,0.21259203330810375,0.766905890293615
26061,LOF,0.01410585878869245,0.013873784225023921,0.9720203569862835
26062,LOF,0.00618358063396276,0.02859677161662353,0.9652196477494136
26063,LOF,0.04273832909473437,0.017359406784090158,0.9399022641211754
26064,LOF,0.009020853661783833,0.019513459765448986,0.9714656865727671
26065,LOF,0.0472150325659346,0.02416465935447515,0.9286203080795903
26066,LOF,0.041435941906244333,0.016427073928399916,0.9421369841653557
26067,LOF,0.045960960133350076,0.017029681346342567,0.9370093585203074
26068,LOF,0.05717535221518269,0.05622910881124728,0.88659553897357
26069,LOF,0.20814816229313746,0.050974458370597386,0.7408773793362651
26070,LOF,0.4787234480991673,0.02907730350256252,0.4921992483982703
26071,LOF,0.050732093807975845,0.022700362500605625,0.9265675436914186
26072,LOF,0.008004668958501524,0.024174982720011243,0.9678203483214872
26073,LOF,0.049122480957667636,0.015808604707251022,0.9350689143350813
26074,Neutral,0.7056567111829705,0.0225212776501863,0.27182201116684324
26075,LOF,0.044966148739141995,0.04424498841376153,0.9107888628470965
26076,LOF,0.04879882144931531,0.02221621234962433,0.9289849662010603
26077,LOF,0.1699935589496554,0.020819682428869116,0.8091867586214755
26078,LOF,0.006792209354673861,0.031087576032757733,0.9621202146125684
26079,LOF,0.060630603856634234,0.04166773215815232,0.8977016639852136
26080,LOF,0.05980274171414245,0.04177822718585238,0.8984190311000052
26081,LOF,0.047415745352023204,0.01893549012581283,0.933648764522164
26082,LOF,0.007042020276059094,0.029739733089009377,0.9632182466349315
26083,LOF,0.06612621273797711,0.03536017222895621,0.8985136150330667
26084,LOF,0.0763792389183754,0.022682786639608765,0.9009379744420158
26085,LOF,0.06546222484524292,0.019504991844919904,0.9150327833098372
26086,LOF,0.03948526930128333,0.024461559939228626,0.9360531707594879
26087,LOF,0.04373833140556492,0.019454924678724287,0.9368067439157107
26088,LOF,0.0073858267877027215,0.043000531212406976,0.9496136419998902
26089,LOF,0.04033989256624758,0.06304541925094857,0.8966146881828038
26090,LOF,0.03999946858476878,0.055925627722770245,0.904074903692461
26091,LOF,0.03376269723870255,0.01775481908451901,0.9484824836767785
26092,LOF,0.04514276535164636,0.015362899598097349,0.9394943350502564
26093,LOF,0.06816057014096792,0.009340808096791867,0.9224986217622402
26094,LOF,0.04392042256985739,0.01370215671027364,0.9423774207198691
26095,LOF,0.014411649665842912,0.03599243954364956,0.9495959107905074
26096,LOF,0.27776487939084876,0.006587902406529135,0.715647218202622
26097,LOF,0.007650241521441389,0.05998288211446934,0.9323668763640893
26098,LOF,0.06039899618876822,0.03991050547053318,0.8996904983406987
26099,LOF,0.05150556223784217,0.04596345140677884,0.902530986355379
26100,LOF,0.05150556223784217,0.04596345140677884,0.902530986355379
26101,LOF,0.056743238832777654,0.05541604129118142,0.887840719876041
26102,LOF,0.041318603349837585,0.024801042671429487,0.9338803539787328
26103,Neutral,0.896059504320425,0.045310333345586526,0.05863016233398845
26104,LOF,0.05265827870622856,0.09790867100288206,0.8494330502908893
26105,LOF,0.2384039377234136,0.07111559176834463,0.6904804705082418
26106,LOF,0.2863849282095163,0.038149397852943835,0.6754656739375399
26107,LOF,0.0175102348875529,0.05951980531228041,0.9229699598001667
26108,LOF,0.17575787955302447,0.05804212579335177,0.7661999946536237
26109,LOF,0.0474193211808025,0.06466820084004699,0.8879124779791505
26110,Neutral,0.5065940680582359,0.016425309979446665,0.47698062196231733
26111,LOF,0.05884100619631118,0.09936125574676277,0.841797738056926
26112,LOF,0.07204045288764412,0.01453830506571905,0.9134212420466369
26113,LOF,0.07624451380288835,0.026447542408372184,0.8973079437887395
26114,LOF,0.10463793265257407,0.00945125317120807,0.8859108141762179
26115,LOF,0.021045364159560903,0.0627064599509956,0.9162481758894435
26116,LOF,0.05736347110279461,0.019851184493123265,0.922785344404082
26117,LOF,0.39173382778388555,0.04595711506891323,0.5623090571472013
26118,LOF,0.0395908651132207,0.022307123330854578,0.9381020115559247
26119,LOF,0.005956573125949317,0.09136228342320302,0.9026811434508477
26120,LOF,0.033705755557678165,0.018025304462653532,0.9482689399796683
26121,LOF,0.004357263708815001,0.10737816359141884,0.888264572699766
26122,LOF,0.0049519944016040846,0.09261419216394687,0.9024338134344491
