feature0,prediction,LoGoFunc_Neutral,LoGoFunc_GOF,LoGoFunc_LOF
25546,Neutral,0.6730943774996987,0.04213844983930833,0.28476717266099305
25547,Neutral,0.43407029015135107,0.16747622042364696,0.398453489425002
25548,LOF,0.37422515966643305,0.10412675614705783,0.5216480841865091
25549,LOF,0.2972781943206646,0.12729417894049655,0.5754276267388388
25550,Neutral,0.629450514497526,0.0446572652469849,0.32589222025548914
25551,Neutral,0.5492732054270096,0.04654011096353692,0.4041866836094534
25552,LOF,0.19043676799845669,0.10667582075935235,0.702887411242191
25553,Neutral,0.5199877656984396,0.048249466999642956,0.4317627673019175
25554,LOF,0.25444242211231294,0.14418857163970267,0.6013690062479844
25555,LOF,0.18356565147901982,0.10160016199795016,0.7148341865230301
25556,LOF,0.26420464423228807,0.13051767174328052,0.6052776840244315
25557,LOF,0.17698864574227238,0.10327273135817379,0.7197386228995538
25558,LOF,0.26919048223871467,0.12548531606307617,0.6053242016982092
25559,Neutral,0.7350230445444499,0.04717261250879641,0.21780434294675366
25560,LOF,0.05472883090781095,0.10883210975456692,0.8364390593376221
25561,LOF,0.13012192647817916,0.10293525861493036,0.7669428149068905
25562,LOF,0.20676024298453785,0.03685159621470533,0.7563881608007569
25563,LOF,0.24781845098117494,0.060075484658961634,0.6921060643598634
25564,LOF,0.08992142179155024,0.05384167723703838,0.8562369009714114
25565,LOF,0.10515368458230659,0.32124562256861483,0.5736006928490786
25566,GOF,0.041317805007731155,0.6357416242702483,0.3229405707220206
25567,LOF,0.02095261065264652,0.08529895015083386,0.8937484391965196
25568,LOF,0.11406759208821382,0.10108268827215493,0.7848497196396313
25569,Neutral,0.7572458508989806,0.016438072654246478,0.22631607644677293
25570,LOF,0.11343864354676211,0.16319007097206023,0.7233712854811777
25571,LOF,0.11790854229049133,0.11751004008499916,0.7645814176245096
25572,LOF,0.11497599912371122,0.15551941580586753,0.7295045850704212
25573,LOF,0.022649739452987473,0.15840615253577345,0.8189441080112392
25574,LOF,0.009191115770064366,0.2992625633659328,0.6915463208640028
25575,LOF,0.1377519581549487,0.059008001527235183,0.803240040317816
25576,LOF,0.03126426883251321,0.05690811090124986,0.911827620266237
25577,LOF,0.020233791478587608,0.1022928924421825,0.87747331607923
25578,Neutral,0.5450297465798661,0.08189268491803756,0.37307756850209617
25579,Neutral,0.5450297465798661,0.08189268491803756,0.37307756850209617
25580,LOF,0.07740994375526006,0.0477815375425973,0.8748085187021425
25581,LOF,0.10104593436448636,0.12730753321347396,0.7716465324220396
25582,LOF,0.10808846539590165,0.08249538475306462,0.8094161498510337
25583,LOF,0.086146593336364,0.055326779484354965,0.858526627179281
25584,Neutral,0.5138156990272352,0.09867211399005203,0.3875121869827128
25585,LOF,0.020910465013688366,0.09563915576085487,0.8834503792254567
25586,LOF,0.10764039822071239,0.07756664158008579,0.8147929601992018
25587,LOF,0.07318445336383875,0.07339614556405237,0.8534194010721089
25588,LOF,0.08056496365448103,0.062378210745105224,0.8570568256004137
25589,Neutral,0.7019961236291665,0.13165151188458799,0.1663523644862454
25590,LOF,0.05192350281139667,0.09581233791588116,0.8522641592727221
25591,LOF,0.24175549547023237,0.040264389480950125,0.7179801150488175
25592,LOF,0.053502677763912494,0.06572739682354922,0.8807699254125382
25593,LOF,0.016496738337823606,0.4486318050441002,0.5348714566180762
25594,LOF,0.13909797256820644,0.14129433336648226,0.7196076940653113
25595,LOF,0.08139992080817204,0.15043940791458624,0.7681606712772416
25596,LOF,0.2279169934680051,0.10059429625808584,0.6714887102739091
25597,LOF,0.22675952823602386,0.08008996652977737,0.6931505052341987
25598,Neutral,0.7849000557716985,0.03551933489557137,0.17958060933273023
25599,LOF,0.012126098810055339,0.2964621641170092,0.6914117370729354
25600,LOF,0.015048495907781517,0.25186622268286524,0.7330852814093531
25601,LOF,0.009651971564621564,0.14329648087108351,0.8470515475642948
25602,LOF,0.07011959191025574,0.2079163827973416,0.7219640252924027
25603,LOF,0.06811960194800835,0.1527261692575868,0.7791542287944048
25604,LOF,0.035821335251652646,0.28853875818972413,0.6756399065586232
25605,LOF,0.021238477655128877,0.3957963399176341,0.5829651824272372
25606,GOF,0.05115372708558182,0.5716967874391498,0.3771494854752685
25607,LOF,0.004382131509704287,0.24518636505706498,0.7504315034332308
25608,LOF,0.0609448327910172,0.10860534017496454,0.8304498270340183
25609,LOF,0.1900384312133729,0.16068761870775328,0.6492739500788739
25610,LOF,0.04929298903938668,0.1371166606030172,0.8135903503575961
25611,LOF,0.06722637339032198,0.11940295703349539,0.8133706695761826
25612,Neutral,0.7470661453821588,0.12166780617973537,0.1312660484381059
25613,LOF,0.06288513322666565,0.26511040953262477,0.6720044572407097
25614,LOF,0.04908645486552995,0.22060494552458224,0.7303085996098878
25615,LOF,0.04780402732545871,0.27758526005960016,0.6746107126149411
25616,LOF,0.03977635014428188,0.29005061989750314,0.670173029958215
25617,LOF,0.0625470886104271,0.1741317602844356,0.7633211511051373
25618,LOF,0.05740771269566256,0.29392195052670905,0.6486703367776284
25619,LOF,0.06480574503696684,0.1715518584513732,0.76364239651166
25620,LOF,0.041888125379077275,0.18891284875219486,0.7691990258687279
25621,LOF,0.04527586404678359,0.16926559894854326,0.7854585370046732
25622,LOF,0.03906824737727313,0.2381054635924219,0.7228262890303049
25623,LOF,0.09689667545080931,0.2662827341106247,0.636820590438566
25624,LOF,0.04168997737004224,0.24933114192843664,0.7089788807015212
25625,LOF,0.0422016888591026,0.24444545640929524,0.7133528547316021
25626,Neutral,0.7591192315425346,0.08613892964490573,0.15474183881255985
25627,Neutral,0.44345473942651353,0.20694596765699724,0.3495992929164893
25628,LOF,0.14590418415328707,0.050352979210784674,0.8037428366359282
25629,Neutral,0.7037213155954863,0.029737094273901907,0.26654159013061185
25630,LOF,0.103657522349261,0.12080452714984141,0.7755379505008976
25631,LOF,0.37413176164672285,0.16021478130183944,0.4656534570514377
25632,LOF,0.012168358430685347,0.09529017510055103,0.8925414664687636
25633,Neutral,0.3624513196096149,0.3367196009534484,0.3008290794369367
25634,LOF,0.11940655464637899,0.23395407826593684,0.6466393670876841
25635,LOF,0.048868309739205806,0.06831391013220378,0.8828177801285904
25636,GOF,0.006398020404130915,0.5063340892755496,0.4872678903203194
25637,LOF,0.0064627384839458495,0.257529923431787,0.7360073380842672
25638,LOF,0.006945843196281673,0.44786640589323123,0.5451877509104871
25639,LOF,0.008587470668902414,0.2774400628279644,0.7139724665031332
25640,Neutral,0.43432419391016863,0.2902985845668952,0.27537722152293603
25641,LOF,0.010708015508099415,0.1718257252636796,0.8174662592282209
25642,LOF,0.30151411232109404,0.056027232003455975,0.64245865567545
25643,Neutral,0.5657502457470451,0.014085677228869949,0.420164077024085
25644,LOF,0.014497995298790216,0.440218369033996,0.5452836356672138
25645,GOF,0.008096020053651091,0.5066080587895536,0.4852959211567952
25646,LOF,0.010937499802174719,0.40166645702945114,0.5873960431683741
25647,LOF,0.011336614713397484,0.35356601205825294,0.6350973732283497
25648,LOF,0.008696116150856064,0.36128966781402416,0.6300142160351198
25649,LOF,0.008183339428115922,0.3587311414918648,0.6330855190800193
25650,GOF,0.024789811441753858,0.5611772340689295,0.41403295448931665
25651,LOF,0.00861497292183905,0.46759120340187615,0.5237938236762848
25652,LOF,0.015510078326223146,0.2669694909656835,0.7175204307080933
25653,GOF,0.08398623069564547,0.47871742892437535,0.43729634037997916
25654,LOF,0.008765472276409244,0.4495496932329806,0.5416848344906102
25655,GOF,0.0925773544100566,0.48714433027190956,0.42027831531803383
25656,LOF,0.041102024866700386,0.3798336327371996,0.5790643423960999
25657,LOF,0.46904315715744394,0.04047425633658797,0.4904825865059682
25658,LOF,0.014157059347169544,0.3225680243708759,0.6632749162819547
25659,LOF,0.1152326449949847,0.26364694026131374,0.6211204147437015
25660,LOF,0.12708164373755867,0.1340348550864395,0.7388835011760019
25661,LOF,0.1059648236916147,0.09281770252687538,0.8012174737815099
25662,LOF,0.08027791170482262,0.10047162739899239,0.8192504608961849
25663,LOF,0.07776419326329116,0.12118898651443531,0.8010468202222735
25664,LOF,0.054336528976404674,0.2515303363956995,0.6941331346278958
25665,LOF,0.10330349507465553,0.1621145896806216,0.7345819152447228
25666,LOF,0.12421249362790392,0.33776752667113447,0.5380199797009616
25667,LOF,0.05994914332614028,0.08281253258510776,0.8572383240887519
25668,LOF,0.09861370864353666,0.04844278372042019,0.8529435076360431
25669,LOF,0.05993156138414515,0.09796833251367994,0.842100106102175
25670,LOF,0.13723167755363613,0.10212972235908602,0.7606386000872779
25671,LOF,0.08929502546254024,0.12665597508595275,0.784048999451507
25672,LOF,0.137947568474692,0.12786459471170544,0.7341878368136026
25673,LOF,0.13440997293705462,0.26140597000266835,0.604184057060277
25674,LOF,0.055202134882887076,0.210066987875539,0.7347308772415739
25675,LOF,0.12835295251657697,0.1543936688870972,0.7172533785963258
25676,LOF,0.07764035848557435,0.09440000581974992,0.8279596356946758
25677,LOF,0.09794958050628089,0.09731190288448498,0.8047385166092342
25678,Neutral,0.7009340838132141,0.04976941818585082,0.2492964980009352
25679,LOF,0.36393433393702235,0.10477991539845892,0.5312857506645187
25680,LOF,0.1252202433464129,0.16996121332218211,0.704818543331405
25681,LOF,0.1412942037350899,0.1385062203339922,0.7201995759309179
25682,LOF,0.08421302824138782,0.09520702153151196,0.8205799502271002
25683,LOF,0.2698443055011224,0.09638034725179434,0.6337753472470834
25684,LOF,0.1128888385980183,0.1691810468253608,0.7179301145766208
25685,LOF,0.19549103545452157,0.05892878536824481,0.7455801791772336
25686,LOF,0.02124202321922236,0.19706781765458783,0.7816901591261898
25687,LOF,0.034175069307791205,0.21290283280914798,0.7529220978830607
25688,LOF,0.022140463996257752,0.31362226012104877,0.6642372758826934
25689,LOF,0.011070192895430464,0.20146327440916992,0.7874665326953997
25690,LOF,0.014584480293093678,0.39693107432808555,0.5884844453788207
25691,GOF,0.11691316859008705,0.48731533315736314,0.39577149825254987
25692,Neutral,0.7570146570071561,0.028046445276331246,0.21493889771651273
25693,GOF,0.028773877739796734,0.5494824241887399,0.4217436980714634
25694,LOF,0.4374829773645927,0.029596658083538962,0.5329203645518683
25695,LOF,0.31940253187056805,0.05377226300832249,0.6268252051211095
25696,Neutral,0.6805797004358803,0.048017446619180434,0.2714028529449392
25697,Neutral,0.8200099005759701,0.03570794649097057,0.14428215293305938
25698,GOF,0.014589867765873404,0.5313888082500086,0.4540213239841179
25699,LOF,0.05398469453647563,0.45809659743116304,0.4879187080323612
25700,LOF,0.08194404285125703,0.02671099912974526,0.8913449580189977
25701,LOF,0.008846878112470787,0.35523529000580484,0.6359178318817245
25702,GOF,0.035729655785195547,0.5647229011331173,0.39954744308168716
25703,LOF,0.01749095433758433,0.12766353406616063,0.854845511596255
25704,LOF,0.06745503541060678,0.14902656494894528,0.7835183996404479
25705,LOF,0.11362351557637426,0.16795257232865912,0.7184239120949667
25706,GOF,0.017094427139872914,0.7757218680034141,0.2071837048567129
25707,GOF,0.014646952600793293,0.6627904198957915,0.32256262750341524
25708,GOF,0.007097796734865889,0.6606226874259865,0.33227951583914767
25709,LOF,0.09257377080171059,0.12331769403200103,0.7841085351662883
25710,LOF,0.01706654206237364,0.2283603650416014,0.7545730928960249
25711,LOF,0.08619610325575346,0.15191044651108257,0.7618934502331639
25712,LOF,0.03667546933687363,0.19118178520031517,0.7721427454628111
25713,LOF,0.07011326174043618,0.14596689097494212,0.7839198472846217
25714,LOF,0.061575004396716225,0.286376797456159,0.6520481981471247
25715,LOF,0.06782431382806453,0.23480487446723422,0.6973708117047013
25716,LOF,0.015510681662448969,0.1410949269372943,0.8433943914002567
25717,LOF,0.012390996232468572,0.16209183932389143,0.82551716444364
25718,LOF,0.0694338728376902,0.10143315041451573,0.8291329767477941
25719,LOF,0.07941851340095328,0.1569555474588479,0.7636259391401987
25720,LOF,0.07980171030369562,0.19427578917892108,0.7259225005173833
25721,LOF,0.06060023942937228,0.12318191794746124,0.8162178426231665
25722,LOF,0.0594174692401792,0.14312605334048636,0.7974564774193345
25723,LOF,0.08978129094389437,0.12201676951128253,0.7882019395448231
25724,LOF,0.0626896645129156,0.2787480286094229,0.6585623068776616
25725,LOF,0.14858708809318097,0.11873653875779147,0.7326763731490277
25726,LOF,0.06947308288027852,0.1594880856790908,0.7710388314406307
25727,LOF,0.12067121528831683,0.07603603500795353,0.8032927497037297
25728,LOF,0.060956930752667796,0.20819702529311135,0.7308460439542209
25729,LOF,0.07086577196124487,0.18265114413610495,0.7464830839026503
25730,LOF,0.08772842670160405,0.19044668070334528,0.7218248925950508
25731,LOF,0.022594789426847346,0.14815302200521527,0.8292521885679374
25732,LOF,0.061808212421350574,0.10529952298756146,0.832892264591088
25733,LOF,0.08492499674356309,0.25146885141564207,0.6636061518407949
25734,LOF,0.012796461892061097,0.19483095019373503,0.7923725879142037
25735,LOF,0.07783567082487157,0.1527394765530901,0.7694248526220383
25736,LOF,0.071466294770461,0.19349738680425393,0.735036318425285
25737,LOF,0.09894354325801616,0.1452767511245029,0.7557797056174809
25738,LOF,0.09366886593745277,0.17144753608120916,0.7348835979813382
25739,LOF,0.06624150827590422,0.1694752753916346,0.7642832163324612
25740,LOF,0.09581889965973144,0.13295393596116606,0.7712271643791027
25741,LOF,0.09298365367253851,0.13809092488326072,0.7689254214442007
25742,LOF,0.09161190370934895,0.17924376175107049,0.7291443345395805
25743,LOF,0.014116467067449174,0.06736228188513975,0.918521251047411
25744,LOF,0.09580816540457149,0.445977198504009,0.4582146360914195
25745,GOF,0.014688842649448329,0.5335049100338933,0.4518062473166583
25746,GOF,0.010750579749308618,0.5020396077746757,0.4872098124760157
25747,LOF,0.08291563930643712,0.04625572271298011,0.8708286379805827
25748,LOF,0.3421260032912249,0.13622299949769068,0.5216509972110844
25749,LOF,0.009169579110177009,0.39575151257308644,0.5950789083167366
25750,GOF,0.012835993106977322,0.5225482727888335,0.4646157341041891
25751,LOF,0.06997682209225872,0.16605508715208486,0.7639680907556564
25752,GOF,0.12079900213527626,0.6011560859324064,0.27804491193231734
25753,LOF,0.011603635233796386,0.33345944218429546,0.654936922581908
25754,GOF,0.011133794541930291,0.8461714630828555,0.14269474237521407
25755,LOF,0.010425945957393911,0.2643140031644755,0.7252600508781306
25756,LOF,0.09921198491149413,0.23343688305465624,0.6673511320338497
25757,GOF,0.010756726122664298,0.7684915419145817,0.22075173196275394
25758,GOF,0.009842056790549865,0.8291265071520456,0.1610314360574046
25759,GOF,0.0061124335171766535,0.6524233041711505,0.34146426231167293
25760,LOF,0.008829519442434161,0.1567518855263877,0.8344185950311781
25761,GOF,0.040537680662412104,0.8424346800756437,0.11702763926194416
25762,LOF,0.132655943638983,0.2037937882203729,0.6635502681406441
25763,LOF,0.010248419081864302,0.14958169106624755,0.8401698898518882
25764,GOF,0.08837396143548332,0.6267318203876239,0.2848942181768927
25765,GOF,0.007916061953635072,0.8214469944206068,0.17063694362575818
25766,GOF,0.025336888092359518,0.8093677259298375,0.16529538597780297
25767,GOF,0.012156704370749104,0.6671510510710701,0.3206922445581808
25768,LOF,0.06233896176483451,0.15248723663832597,0.7851738015968396
25769,LOF,0.050760066089899386,0.2624977847873375,0.6867421491227632
25770,Neutral,0.7714362538602655,0.05441462391548504,0.1741491222242495
25771,LOF,0.05158989604252913,0.2084494081601226,0.7399606957973484
25772,LOF,0.08520387893056768,0.21474077972999442,0.7000553413394379
25773,LOF,0.03140871566229397,0.4195789674403564,0.5490123168973496
25774,LOF,0.1211257081783601,0.18306970286570004,0.6958045889559398
25775,LOF,0.043802094892928675,0.1722996232538893,0.783898281853182
25776,LOF,0.04651807675330976,0.2013723788245455,0.7521095444221448
25777,LOF,0.24581333326921498,0.12236037545905513,0.6318262912717298
25778,LOF,0.0636280002395721,0.20228487840770057,0.7340871213527274
25779,GOF,0.13884067515532447,0.5022857306038607,0.3588735942408147
25780,GOF,0.09614071297531486,0.6098856145299849,0.29397367249470024
25781,GOF,0.07115359548224459,0.5662002649641495,0.36264613955360586
25782,GOF,0.05261527364228252,0.48069082571346067,0.46669390064425686
25783,GOF,0.0982794771460809,0.531752607242291,0.3699679156116282
25784,GOF,0.1981187684368547,0.5796947133924987,0.22218651817064666
25785,GOF,0.26204203335934206,0.49376698143751674,0.2441909852031413
25786,LOF,0.01642651122768436,0.4471175002757872,0.5364559884965284
25787,Neutral,0.4993279845064016,0.2725933941392563,0.2280786213543421
25788,LOF,0.05662157976849037,0.08457166860135859,0.8588067516301511
25789,GOF,0.042812877096687955,0.6480231354176775,0.30916398748563456
25790,GOF,0.054075536527438586,0.606088655379501,0.3398358080930604
25791,GOF,0.03732398186965407,0.6888457234710361,0.2738302946593098
25792,GOF,0.05241262434785996,0.6622449286271528,0.2853424470249872
25793,LOF,0.0725739836445396,0.42009321035180425,0.5073328060036562
25794,LOF,0.07798472464356397,0.45059215659848045,0.47142311875795556
25795,LOF,0.0828562839043235,0.4077413978022585,0.5094023182934181
25796,LOF,0.25030198638594137,0.29322070078058715,0.4564773128334715
25797,LOF,0.09944315016068196,0.3642196160236122,0.5363372338157059
25798,GOF,0.011571129533436248,0.5686225933577365,0.41980627710882723
25799,GOF,0.0076848622066321955,0.6042596989142376,0.38805543887913024
25800,GOF,0.048713846655357745,0.6972155219645243,0.2540706313801179
25801,GOF,0.0693759031301802,0.6054815396658719,0.32514255720394786
25802,GOF,0.0818855803432732,0.6014498885867016,0.3166645310700253
25803,LOF,0.05535638225955303,0.44908280848299376,0.4955608092574532
25804,GOF,0.11249001136540804,0.4535361477023509,0.433973840932241
25805,GOF,0.05996130350635198,0.4788029784489305,0.4612357180447175
25806,GOF,0.07704629414410259,0.5202587656860682,0.40269494016982926
25807,LOF,0.0319523148701604,0.449113989763187,0.5189336953666527
25808,GOF,0.06466147231694876,0.5983081414208099,0.3370303862622414
25809,LOF,0.01671579687158167,0.4094641573174859,0.5738200458109324
25810,LOF,0.013895452478328088,0.4591412595945858,0.5269632879270861
25811,GOF,0.09071763116778513,0.5128265082860611,0.39645586054615384
25812,GOF,0.10861193330892799,0.5592469098043116,0.3321411568867603
25813,GOF,0.3390910587571678,0.4195738409999334,0.24133510024289884
25814,GOF,0.10693718618130235,0.5511308753338888,0.34193193848480885
25815,GOF,0.09252886559293862,0.5892051619867258,0.3182659724203356
25816,GOF,0.01726510889838918,0.6973994982661949,0.28533539283541615
25817,GOF,0.10563343663517577,0.4546609438188034,0.4397056195460207
25818,GOF,0.09176677912990368,0.5054863582240994,0.4027468626459969
25819,LOF,0.0933342411895292,0.4464900885940595,0.46017567021641137
25820,GOF,0.10766624739713103,0.49421399863384147,0.3981197539690274
25821,GOF,0.08608187277299628,0.5169387887719473,0.3969793384550563
25822,LOF,0.17487113189788064,0.4068941993710029,0.4182346687311164
25823,LOF,0.10092916312394658,0.35696802819327966,0.5421028086827737
25824,GOF,0.04828384953283657,0.6530811873849428,0.29863496308222076
25825,GOF,0.040859998100920863,0.6842946648192044,0.27484533707987485
25826,GOF,0.01465881343857517,0.4998333348188448,0.48550785174257993
25827,GOF,0.01184045163554442,0.6358736820177137,0.35228586634674186
25828,GOF,0.010282556906283347,0.5901913701981543,0.3995260728955624
25829,LOF,0.01097949641741928,0.09751177511415095,0.8915087284684298
25830,LOF,0.06474661257996281,0.03964300834213356,0.8956103790779038
25831,GOF,0.05397099366902221,0.5721306426545323,0.3738983636764456
25832,LOF,0.01597643432281547,0.37232530898335064,0.6116982566938338
25833,GOF,0.08800527359368311,0.5375686608411084,0.3744260655652085
25834,LOF,0.01612386770433198,0.35060948931686414,0.6332666429788039
25835,GOF,0.07342548731393989,0.6277186676081206,0.2988558450779396
25836,LOF,0.01912323203368517,0.4649788312874409,0.5158979366788738
25837,LOF,0.015305981030192864,0.39907755656539656,0.5856164624044106
25838,GOF,0.05959542407914508,0.5499550689586173,0.3904495069622375
25839,GOF,0.12069448428107092,0.45621431122540884,0.4230912044935201
25840,GOF,0.15008970142056322,0.5233304044807391,0.3265798940986977
25841,GOF,0.12353261451832495,0.4526139003425796,0.4238534851390954
25842,GOF,0.09628910548238538,0.5443495908731383,0.3593613036444762
25843,GOF,0.04792101265834323,0.5973639871471413,0.3547150001945154
25844,GOF,0.05498144736582851,0.5521271498665914,0.39289140276757994
25845,LOF,0.011752897539145669,0.3699359249927805,0.6183111774680738
25846,GOF,0.11042507342382167,0.5090751614310062,0.3804997651451722
25847,GOF,0.07087479007125333,0.6092817006301263,0.31984350929862043
25848,GOF,0.0499219428882206,0.6140388219376384,0.3360392351741411
25849,GOF,0.010844249959408811,0.5884697647592859,0.40068598528130533
25850,GOF,0.015530175990718004,0.510011161371572,0.47445866263770997
25851,LOF,0.014601245725790737,0.47123336979177016,0.5141653844824392
25852,LOF,0.19415671740985932,0.3897283076264501,0.41611497496369065
25853,GOF,0.09516157413194769,0.5316385527930546,0.37319987307499763
25854,LOF,0.008316318890892843,0.4645331298652785,0.5271505512438287
25855,GOF,0.057802738092721795,0.49860052426047496,0.4435967376468031
25856,GOF,0.10602266421624566,0.5918769289185886,0.3021004068651657
25857,GOF,0.06283585651693649,0.5433728606697694,0.3937912828132942
25858,LOF,0.014584659484551395,0.4295006703384611,0.5559146701769875
25859,LOF,0.011643320230923904,0.3945266199198283,0.5938300598492477
25860,GOF,0.13392763618256,0.5059292105810821,0.36014315323635776
25861,GOF,0.09263392481447617,0.4895155862904263,0.4178504888950975
25862,GOF,0.04057790013522873,0.734273614269433,0.22514848559533812
25863,GOF,0.04867365197711561,0.5944003555316308,0.35692599249125345
25864,GOF,0.055217989767142275,0.6815235649784637,0.263258445254394
25865,GOF,0.05560385556282633,0.7010679853008472,0.24332815913632647
25866,GOF,0.08043113012803024,0.7790018872317075,0.1405669826402624
25867,Neutral,0.5572168130936229,0.37932465980331903,0.06345852710305805
25868,GOF,0.12710049501960607,0.5457346961582656,0.3271648088221283
25869,GOF,0.42564840016581973,0.4303598350339064,0.1439917648002739
25870,LOF,0.048712011539220876,0.045281186832467776,0.9060068016283115
25871,LOF,0.01080108838461924,0.3674480465021996,0.6217508651131811
25872,LOF,0.04291882484216442,0.3664804048537367,0.5906007703040989
25873,GOF,0.0390839012795503,0.6737043248069836,0.28721177391346614
25874,LOF,0.059625140767251096,0.04382472397291383,0.8965501352598352
25875,LOF,0.016950735052221288,0.4718184924485191,0.5112307724992596
25876,LOF,0.04853052225226776,0.15380210225961657,0.7976673754881157
25877,GOF,0.08186988650780243,0.535043119049273,0.38308699444292454
25878,GOF,0.054592798892245394,0.7358529728106378,0.2095542282971168
25879,LOF,0.013021586802485708,0.4122756867530625,0.5747027264444518
25880,LOF,0.08786915971586817,0.05273378861660519,0.8593970516675266
25881,Neutral,0.41296276397219106,0.33772499046891813,0.24931224555889087
25882,LOF,0.029594553938899523,0.39156900122298766,0.5788364448381128
25883,LOF,0.039250563013893194,0.2145435842110251,0.7462058527750818
25884,LOF,0.021286079772145146,0.38068782418326164,0.5980260960445932
25885,LOF,0.4598112345460996,0.07618281352499592,0.4640059519289044
25886,Neutral,0.41777158820579013,0.2127356239446303,0.36949278784957956
25887,GOF,0.03464112859493473,0.7040607982984647,0.26129807310660047
25888,LOF,0.006471336155296212,0.4704329216712333,0.5230957421734704
25889,LOF,0.05313900841392027,0.35612712059266516,0.5907338709934146
25890,LOF,0.14345204129494177,0.35070413593503397,0.5058438227700243
25891,LOF,0.23756593744994012,0.18620568392725825,0.5762283786228016
25892,LOF,0.005534231533005604,0.21505212280813082,0.7794136456588635
25893,LOF,0.2587295284378978,0.0682234212839022,0.6730470502782
25894,LOF,0.29038322646749487,0.034648837923870954,0.6749679356086341
25895,LOF,0.24025698016650873,0.0502732328202654,0.7094697870132258
25896,LOF,0.1209971476102211,0.13417089331999055,0.7448319590697883
25897,LOF,0.0935720272040042,0.07534146380974088,0.831086508986255
25898,GOF,0.05892862674966218,0.6108415823839405,0.3302297908663974
25899,LOF,0.3584721724258234,0.1512632891559113,0.4902645384182653
25900,Neutral,0.8807772027452477,0.02680234998088115,0.09242044727387116
25901,LOF,0.09724890410888913,0.052134583716967685,0.8506165121741431
25902,Neutral,0.8074400398403756,0.01719964726477735,0.1753603128948471
25903,LOF,0.12002994140944107,0.1521891184412112,0.7277809401493477
25904,Neutral,0.5460370579290039,0.13201188293364938,0.3219510591373466
25905,LOF,0.007959016994854228,0.2928555218992326,0.6991854611059132
25906,LOF,0.013504673708929387,0.059317418104631855,0.9271779081864387
25907,LOF,0.010841302957303017,0.29809567048617847,0.6910630265565185
25908,LOF,0.011106538308003119,0.22359969214085665,0.7652937695511403
25909,LOF,0.07961971621331783,0.17156612054128262,0.7488141632453995
25910,LOF,0.02495371507456082,0.162665861307005,0.8123804236184342
25911,LOF,0.12940400919264505,0.07945409679536013,0.7911418940119949
25912,LOF,0.20167541357449237,0.028031258272811648,0.770293328152696
25913,LOF,0.011392610914891438,0.07368743043721665,0.9149199586478919
25914,LOF,0.06487972088867489,0.21933820413328578,0.7157820749780393
25915,GOF,0.04605454637211519,0.8133868314154643,0.14055862221242046
25916,GOF,0.011132514278121465,0.6131809194135112,0.37568656630836733
25917,Neutral,0.8568394175206008,0.04479620314614323,0.09836437933325595
25918,LOF,0.07193244833423945,0.12619320343672316,0.8018743482290374
25919,LOF,0.06786502707588829,0.07003345100841353,0.8621015219156982
25920,GOF,0.17097444738738543,0.4595798517177142,0.36944570089490025
25921,LOF,0.03255589827800642,0.05476311203544494,0.9126809896865488
25922,LOF,0.024707085451557125,0.0514481454117116,0.9238447691367313
25923,Neutral,0.5050979301945889,0.06587522172376989,0.42902684808164115
25924,LOF,0.051938701398329304,0.07723251543857389,0.8708287831630968
25925,Neutral,0.7272680245477123,0.015134585170160099,0.2575973902821277
25926,LOF,0.13488459739391143,0.07316323537582117,0.7919521672302675
25927,LOF,0.015297479935895487,0.08975839424035609,0.8949441258237485
25928,LOF,0.017590447606370498,0.04247527128461507,0.9399342811090144
25929,Neutral,0.5050979301945889,0.06587522172376989,0.42902684808164115
25930,LOF,0.07107808574092123,0.09226683389980259,0.8366550803592762
25931,LOF,0.017487726982925566,0.05619261074191826,0.9263196622751562
25932,LOF,0.1040312314473039,0.044870424355859105,0.8510983441968369
25933,LOF,0.10012299367018951,0.029941781793325083,0.8699352245364854
25934,LOF,0.10616955271267828,0.033913546724171434,0.8599169005631503
25935,Neutral,0.752851497142813,0.018419928111411705,0.2287285747457755
25936,LOF,0.09425242735391413,0.02868510639313275,0.8770624662529531
25937,LOF,0.019048245812284866,0.0753384588489016,0.9056132953388135
25938,Neutral,0.7508839144448286,0.015972043795549166,0.2331440417596223
25939,LOF,0.08764669248093282,0.041684369890902746,0.8706689376281644
25940,GOF,0.006427324805603555,0.598061757029923,0.39551091816447337
25941,LOF,0.43242120432631814,0.10436694620892563,0.4632118494647562
25942,LOF,0.016324461287647807,0.1707003367009595,0.8129752020113926
25943,GOF,0.02615131412910909,0.5186557770511477,0.455192908819743
25944,LOF,0.025037894899519707,0.40212476799101354,0.5728373371094668
25945,LOF,0.04784429283391825,0.059175053415426754,0.892980653750655
25946,LOF,0.11483198834535244,0.0757217440393528,0.8094462676152947
25947,LOF,0.43614928669511005,0.034762342835859605,0.5290883704690303
25948,Neutral,0.8748619725019205,0.03515675512179566,0.08998127237628376
25949,Neutral,0.7934912921177002,0.02545750643764346,0.18105120144465628
25950,GOF,0.06391923935875463,0.7747297372440118,0.16135102339723362
25951,GOF,0.008948982509994992,0.5084321779031338,0.48261883958687124
25952,LOF,0.09985551747974128,0.4118038420338458,0.48834064048641307
25953,LOF,0.009365966025717454,0.3985956236262595,0.5920384103480231
25954,GOF,0.04993101058666981,0.5808272198395507,0.3692417695737795
25955,GOF,0.004759692781246318,0.5761838693608115,0.4190564378579422
25956,GOF,0.012817651495494598,0.577732909728216,0.4094494387762893
25957,LOF,0.44682914377336447,0.09918348033877142,0.4539873758878641
25958,LOF,0.03439929133237023,0.21635854313341965,0.7492421655342101
25959,GOF,0.005847970109340018,0.5934241957170003,0.4007278341736598
25960,LOF,0.00742703518924919,0.16433797198053712,0.8282349928302136
25961,LOF,0.0334336899198872,0.2556203819955797,0.7109459280845332
25962,Neutral,0.6645298158322228,0.024982291325231193,0.31048789284254613
25963,LOF,0.014647320820607143,0.1216037676129196,0.8637489115664733
25964,LOF,0.07351078994988768,0.12443598107726798,0.8020532289728443
25965,LOF,0.12358986091636245,0.2511373371213244,0.625272801962313
25966,Neutral,0.4059149439835453,0.3803016192603103,0.21378343675614453
25967,LOF,0.010790896705229893,0.2844062701293039,0.7048028331654661
25968,LOF,0.10474287305685481,0.3098407884002625,0.5854163385428827
25969,LOF,0.2881794793080065,0.032988142693873866,0.6788323779981197
25970,LOF,0.02154661110985307,0.1745318054395668,0.8039215834505802
25971,LOF,0.12643582111591145,0.16314006421477165,0.7104241146693169
25972,LOF,0.10514591041036546,0.1373167150300857,0.7575373745595488
25973,Neutral,0.5330333478167802,0.015516650979149234,0.4514500012040706
25974,LOF,0.046393289938371274,0.2679965522130404,0.6856101578485883
25975,LOF,0.060639953939640355,0.03130664577344523,0.9080534002869143
25976,LOF,0.09219241339914312,0.023574667316860188,0.8842329192839966
25977,LOF,0.41416994384144884,0.06205467618507408,0.523775379973477
25978,LOF,0.14649704056841478,0.2667722840586097,0.5867306753729754
25979,LOF,0.10647047971840966,0.24035987919274604,0.6531696410888442
25980,LOF,0.14704286977277214,0.3927949436252002,0.4601621866020276
25981,LOF,0.15054962239072509,0.4200384641400662,0.4294119134692087
25982,LOF,0.14958159687166253,0.3372403003920796,0.5131781027362579
25983,LOF,0.12434576285379416,0.33201723262618177,0.5436370045200242
25984,LOF,0.058118929206317074,0.10338971398680556,0.8384913568068774
25985,Neutral,0.367275478567584,0.3123575072960949,0.3203670141363211
25986,GOF,0.014127238884036735,0.6133954092555663,0.37247735186039677
25987,LOF,0.0275210942968874,0.22168108010303536,0.7507978256000774
25988,LOF,0.05149555068693947,0.17667794409232224,0.7718265052207383
25989,LOF,0.0702297978866481,0.1647563545961584,0.7650138475171935
25990,LOF,0.06803890930324656,0.3061166157941629,0.6258444749025905
25991,GOF,0.05145690964555925,0.6723135266996436,0.27622956365479706
25992,LOF,0.01721080277476816,0.43295819759174897,0.5498309996334829
25993,LOF,0.049490670698126044,0.06869322988263259,0.8818160994192413
25994,LOF,0.06488129556677379,0.06506809555853378,0.8700506088746924
25995,LOF,0.04438228927396487,0.06474488084610734,0.8908728298799278
25996,GOF,0.19110122916774452,0.6291174684725834,0.17978130235967216
25997,GOF,0.04529604372312317,0.6527591184330285,0.30194483784384846
25998,LOF,0.1860378815421195,0.17178140734536032,0.6421807111125202
25999,GOF,0.01516062016729573,0.6132798602915761,0.37155951954112815
26000,LOF,0.31519494610967574,0.027349842194438437,0.6574552116958858
26001,LOF,0.11328476282254935,0.028620087295756814,0.8580951498816939
26002,Neutral,0.6705004115772506,0.008165946224480409,0.321333642198269
26003,GOF,0.008575510797586236,0.6629827546534774,0.3284417345489362
26004,GOF,0.027825956354562247,0.6148185100053623,0.35735553364007544
26005,GOF,0.005398738267428276,0.5280857832982448,0.4665154784343268
26006,GOF,0.13801156025394812,0.6408213979527945,0.2211670417932575
26007,GOF,0.016591146235578322,0.5234699847826347,0.4599388689817871
26008,GOF,0.01218204269164992,0.5831688679376058,0.40464908937074434
26009,GOF,0.024906957147003594,0.7323940956526168,0.24269894720037954
26010,GOF,0.008731698405147198,0.6402564401030505,0.3510118614918024
26011,LOF,0.006314473094100376,0.34693947631163297,0.6467460505942667
26012,GOF,0.00703545715575853,0.6070255511783326,0.385938991665909
26013,LOF,0.006853084788126801,0.38999825842551283,0.6031486567863603
26014,Neutral,0.7866035514488555,0.013576262133310249,0.19982018641783406
26015,Neutral,0.5022732144009011,0.09411216379016886,0.4036146218089301
26016,LOF,0.24421658361348575,0.13310822175872125,0.622675194627793
26017,LOF,0.039562908133932984,0.3274074397026441,0.6330296521634229
26018,LOF,0.042189270970242373,0.31975077124016377,0.6380599577895939
26019,LOF,0.04794733416664297,0.19851491190473344,0.7535377539286237
26020,LOF,0.00942050412805843,0.20807270144861126,0.7825067944233304
26021,LOF,0.0797568950743353,0.14032069663033406,0.7799224082953305
26022,LOF,0.09165957107457544,0.10682704658452867,0.8015133823408959
26023,LOF,0.04003786139711538,0.14223941901650117,0.8177227195863834
26024,LOF,0.0660063961359061,0.1341489882555881,0.7998446156085058
26025,LOF,0.10382394133155556,0.22205178083418792,0.6741242778342565
26026,LOF,0.06484943898722602,0.17212946243364582,0.7630210985791281
26027,LOF,0.06138029062555947,0.14875757552031615,0.7898621338541244
26028,LOF,0.04343515343928293,0.33681029618461233,0.6197545503761047
26029,LOF,0.0385404712705073,0.38235095088957816,0.5791085778399147
26030,LOF,0.42149351358160736,0.07625509975045898,0.5022513866679337
26031,LOF,0.012533319349362165,0.4012059843563554,0.5862606962942823
26032,LOF,0.07837606551261665,0.063012767540268,0.8586111669471154
26033,LOF,0.07450846016294647,0.07105118916347035,0.8544403506735833
26034,LOF,0.019801875725309896,0.2610361355878119,0.7191619886868782
26035,LOF,0.014469918931398018,0.29250065024693533,0.6930294308216667
26036,LOF,0.012178998594564295,0.18510380188816955,0.8027171995172661
26037,LOF,0.01174049930336847,0.2172583827757173,0.7710011179209142
26038,LOF,0.05834892999194812,0.06162946106501509,0.8800216089430368
26039,LOF,0.04215604943035232,0.260790281593524,0.6970536689761236
26040,LOF,0.04971200161726482,0.11002739876399543,0.8402605996187398
26041,LOF,0.013649926678034857,0.25148652591705306,0.7348635474049122
26042,LOF,0.01228059768505739,0.27820411468014755,0.7095152876347951
26043,LOF,0.049701463204117884,0.1541410352961371,0.7961575014997451
26044,LOF,0.013183293333242432,0.18585364592745152,0.800963060739306
26045,GOF,0.07552268710707818,0.4867573157421687,0.4377199971507532
26046,LOF,0.0466343173819728,0.1904743047857669,0.7628913778322602
26047,LOF,0.10142652576666966,0.11102708748583964,0.7875463867474907
26048,LOF,0.114086339150022,0.11104968094221133,0.7748639799077666
26049,Neutral,0.870941761407713,0.04025489775842925,0.08880334083385773
26050,Neutral,0.8599887786100343,0.035647459152634065,0.10436376223733163
26051,GOF,0.011457280208529442,0.5998132868718817,0.38872943291958895
26052,GOF,0.012934666408983463,0.5450460539684819,0.4420192796225345
26053,LOF,0.03337921953954119,0.05174573183706187,0.9148750486233971
26054,Neutral,0.7884479825860455,0.03531180815363337,0.17624020926032105
26055,LOF,0.12406870088237705,0.133008732636733,0.7429225664808898
26056,LOF,0.12624178849561626,0.13912586960265713,0.7346323419017267
26057,LOF,0.09502239589818792,0.036079008796493624,0.8688985953053183
26058,LOF,0.10441248341315697,0.03363356848769351,0.8619539480991496
26059,Neutral,0.8873243345259915,0.04217973109689386,0.07049593437711472
26060,LOF,0.021211379816481125,0.29107657884746446,0.6877120413360545
26061,LOF,0.018138711840875312,0.04074044637866276,0.9411208417804618
26062,LOF,0.01051661838534926,0.09511398598010375,0.894369395634547
26063,LOF,0.07146210827733318,0.03282295857463471,0.8957149331480321
26064,LOF,0.017707626143191896,0.055624357842836314,0.9266680160139716
26065,LOF,0.05553226813657189,0.04951572316386334,0.8949520086995647
26066,LOF,0.09790125151642479,0.03995194658477064,0.8621468018988047
26067,LOF,0.09942810094100944,0.051038936819856946,0.8495329622391335
26068,Neutral,0.7889029949655436,0.040687681029941095,0.17040932400451542
26069,LOF,0.11251011756190295,0.1262989681863626,0.7611909142517346
26070,LOF,0.1609310256742121,0.1068741723588927,0.7321948019668951
26071,LOF,0.0749960654759597,0.04914245527155058,0.8758614792524897
26072,LOF,0.01407946617005006,0.04137079028139572,0.9445497435485544
26073,LOF,0.08122294219396355,0.03517799898030903,0.8835990588257274
26074,Neutral,0.8768280148246873,0.031105342885375947,0.09206664228993679
26075,LOF,0.10427995191683166,0.13724608200649166,0.7584739660766766
26076,LOF,0.08445994187618186,0.08815576259710986,0.8273842955267082
26077,LOF,0.25101200533192,0.06016816166694545,0.6888198330011346
26078,LOF,0.01025501142786245,0.07392456922240057,0.915820419349737
26079,Neutral,0.7975838230362514,0.03926380980640567,0.16315236715734288
26080,Neutral,0.7975838230362514,0.03926380980640567,0.16315236715734288
26081,LOF,0.06385519272715019,0.0510037285030661,0.8851410787697837
26082,LOF,0.011962231521949477,0.1393170072524265,0.848720761225624
26083,LOF,0.07043734472410888,0.1240022148666572,0.8055604404092339
26084,LOF,0.07950839190274149,0.08227745665159335,0.8382141514456652
26085,LOF,0.07116355289170503,0.07396609943479687,0.8548703476734981
26086,LOF,0.05341157027896163,0.0718316187411493,0.8747568109798891
26087,LOF,0.07823072245551635,0.07117247352632042,0.8505968040181633
26088,LOF,0.013615186970402048,0.1351358219369111,0.8512489910926868
26089,LOF,0.07621887351444677,0.20605740938155254,0.7177237171040006
26090,LOF,0.0916529942848118,0.1845154673971205,0.7238315383180677
26091,LOF,0.07668950546003407,0.04586864970530932,0.8774418448346566
26092,LOF,0.0649784633149428,0.03933100823815465,0.8956905284469026
26093,LOF,0.0745580613533397,0.033437030392662215,0.892004908253998
26094,LOF,0.07709898572215883,0.05584330703328764,0.8670577072445536
26095,LOF,0.02423583116084857,0.11769976664585673,0.8580644021932947
26096,LOF,0.42341059539464887,0.01871833403538048,0.5578710705699707
26097,LOF,0.01169331607068336,0.07573455993495985,0.9125721239943567
26098,Neutral,0.7834338531578899,0.03520599081645924,0.1813601560256509
26099,LOF,0.051693018818811144,0.08627454765607838,0.8620324335251105
26100,LOF,0.051693018818811144,0.08627454765607838,0.8620324335251105
26101,LOF,0.056183730415662034,0.12134071580919932,0.8224755537751386
26102,LOF,0.06610162318390764,0.04604968473745229,0.8878486920786401
26103,Neutral,0.5248834707161976,0.11677535319183899,0.3583411760919635
26104,Neutral,0.8092097572770399,0.04127233761301251,0.1495179051099476
26105,LOF,0.28940293416689694,0.20149220008303945,0.5091048657500636
26106,LOF,0.2728407532644069,0.28955738647373547,0.4376018602618576
26107,LOF,0.008791824570496336,0.4399157660972651,0.5512924093322386
26108,LOF,0.12455110423729011,0.313010572536989,0.562438323225721
26109,LOF,0.0867299048457112,0.13488239236994568,0.7783877027843431
26110,Neutral,0.7853265535421122,0.07242699273930005,0.1422464537185877
26111,LOF,0.027589789907486856,0.2594361900195842,0.712974020072929
26112,LOF,0.08298637953605549,0.05235760302347962,0.8646560174404648
26113,LOF,0.053769857232014585,0.1190608037543036,0.8271693390136817
26114,LOF,0.12307176407220467,0.08539216206304426,0.7915360738647511
26115,LOF,0.0113204851359416,0.3971651185380455,0.591514396326013
26116,LOF,0.09942153826155817,0.1977857639318082,0.7027926978066336
26117,Neutral,0.4771221208886749,0.09700241193899867,0.4258754671723264
26118,LOF,0.06075697775681279,0.03550937707321314,0.903733645169974
26119,LOF,0.0067334441843695195,0.10558449914247424,0.8876820566731564
26120,LOF,0.07700967229116643,0.028997091091423437,0.8939932366174101
26121,LOF,0.006620043542148202,0.1721753628320539,0.821204593625798
26122,LOF,0.005718433554828626,0.2213103295611753,0.7729712368839962
