feature0,prediction,LoGoFunc_Neutral,LoGoFunc_GOF,LoGoFunc_LOF
25546,Neutral,0.6997189461976235,0.031175944183753433,0.26910510961862294
25547,Neutral,0.6145912840205108,0.06299665019009994,0.3224120657893892
25548,Neutral,0.5359181917012276,0.052428177407048686,0.41165363089172385
25549,Neutral,0.5073468903954038,0.05212457760052265,0.44052853200407355
25550,LOF,0.4244373523145361,0.08431776287761342,0.4912448848078505
25551,LOF,0.34732416434158214,0.09494655922766358,0.5577292764307542
25552,LOF,0.20416868576278024,0.11009745673401507,0.6857338575032048
25553,Neutral,0.8243966999115521,0.03233413409423836,0.1432691659942094
25554,LOF,0.2555791943643843,0.10469511681067162,0.6397256888249442
25555,LOF,0.20119393312665126,0.08567413834987109,0.7131319285234777
25556,Neutral,0.5625381141035767,0.0734990760870015,0.36396280980942197
25557,LOF,0.19494456825383055,0.10133162710666797,0.7037238046395015
25558,LOF,0.25183113460181433,0.10957288488676359,0.6385959805114222
25559,LOF,0.3762583307667611,0.06686790493670507,0.5568737642965339
25560,LOF,0.06273914039359678,0.19208257810136417,0.745178281505039
25561,LOF,0.10775195647660672,0.20067129771169986,0.6915767458116934
25562,LOF,0.11038210144632754,0.09570257872945695,0.7939153198242155
25563,LOF,0.1205201188619092,0.11484355980609612,0.7646363213319948
25564,LOF,0.13600516166887358,0.1975878466721877,0.6664069916589388
25565,LOF,0.11999157509362188,0.20491793145026155,0.6750904934561165
25566,GOF,0.015293407844040855,0.7449984847658736,0.23970810739008558
25567,LOF,0.014224640610722674,0.12632091374130594,0.8594544456479715
25568,LOF,0.048214612204617306,0.060502447667129707,0.891282940128253
25569,LOF,0.06033099532011445,0.0577550867173645,0.881913917962521
25570,LOF,0.05860568784287009,0.09390218350639279,0.8474921286507371
25571,LOF,0.05820459033039789,0.08272855148714764,0.8590668581824545
25572,LOF,0.06485171193240213,0.12391426354336786,0.81123402452423
25573,LOF,0.030817665402289793,0.08629908869107836,0.8828832459066318
25574,LOF,0.01900142763521924,0.13765652052638663,0.8433420518383942
25575,LOF,0.054622971052031885,0.08475654780453734,0.8606204811434308
25576,LOF,0.020723760927059496,0.09557494024892747,0.8837012988240129
25577,LOF,0.01625288747214843,0.1265420565276269,0.8572050560002248
25578,LOF,0.25362801828183346,0.07731494658991948,0.669057035128247
25579,LOF,0.2556098268048352,0.07659712743394005,0.6677930457612248
25580,LOF,0.03700382603961986,0.07939418071158655,0.8836019932487937
25581,LOF,0.04994238163374826,0.06025738557589623,0.8898002327903556
25582,LOF,0.04962883080961294,0.05693481419129672,0.8934363549990902
25583,LOF,0.0456371194081219,0.08110535654640995,0.8732575240454681
25584,Neutral,0.4824613471484143,0.0733478600710109,0.44419079278057466
25585,LOF,0.035018839318176266,0.09594006790382362,0.8690410927780001
25586,LOF,0.04211116817515214,0.06696407210454716,0.8909247597203007
25587,LOF,0.03733544458989115,0.06239817934225425,0.9002663760678546
25588,LOF,0.0379221088850668,0.08407534286763758,0.8780025482472956
25589,Neutral,0.6113555262394014,0.08811698825880868,0.3005274855017899
25590,LOF,0.031077138544013113,0.11113587266302921,0.8577869887929577
25591,LOF,0.12162747464414063,0.04492729265768667,0.8334452326981727
25592,LOF,0.1180680883045271,0.1153762725676146,0.7665556391278584
25593,LOF,0.01739176226777794,0.20647697602899795,0.7761312617032241
25594,LOF,0.03621637735372714,0.17660985665224632,0.7871737659940266
25595,LOF,0.06070648097627405,0.13237951740503995,0.806914001618686
25596,LOF,0.07016300496127717,0.11686266473996966,0.8129743302987532
25597,LOF,0.0662390371478986,0.059543692419902615,0.8742172704321988
25598,LOF,0.04679390362053477,0.1641125870069483,0.7890935093725169
25599,GOF,0.006975379298783111,0.6930653677413524,0.2999592529598645
25600,GOF,0.008122453671072604,0.5823499864607691,0.4095275598681583
25601,LOF,0.007034165079747812,0.4541570319970233,0.5388088029232289
25602,LOF,0.014669039374843068,0.06439493214477214,0.9209360284803849
25603,LOF,0.03954850404982526,0.03001891217939404,0.9304325837707808
25604,LOF,0.03809609774589899,0.05246098132527081,0.9094429209288302
25605,LOF,0.011181254358504405,0.20734813770131844,0.7814706079401772
25606,LOF,0.0684597354794478,0.44136874440842006,0.49017152011213216
25607,LOF,0.003949321582499722,0.1362847908202984,0.8597658875972018
25608,LOF,0.05206010822006766,0.056325650271950786,0.8916142415079816
25609,LOF,0.0598403948579296,0.36775656826571773,0.5724030368763527
25610,LOF,0.05167409264076302,0.034171035803753684,0.9141548715554834
25611,LOF,0.060292037429115874,0.028653738475296724,0.9110542240955875
25612,LOF,0.1301550712424741,0.05657205649675031,0.8132728722607755
25613,LOF,0.10660508617730338,0.04706437393102315,0.8463305398916734
25614,LOF,0.04388115756726282,0.040420979270037675,0.9156978631626995
25615,LOF,0.08091195103489462,0.03584904534579763,0.8832390036193077
25616,LOF,0.04135635107292868,0.0446519972882182,0.913991651638853
25617,LOF,0.04233520349025885,0.044576119258181904,0.9130886772515594
25618,LOF,0.27792311113643603,0.046260441685968046,0.675816447177596
25619,LOF,0.04039297878601606,0.041205757400607536,0.9184012638133764
25620,LOF,0.03918524317858202,0.048927843416575745,0.9118869134048422
25621,LOF,0.04221419375137593,0.031722542721373946,0.9260632635272502
25622,LOF,0.03463154200213542,0.05029668746529319,0.9150717705325715
25623,LOF,0.05510666949472253,0.04155567125981952,0.9033376592454581
25624,LOF,0.0316631192237431,0.053914494757816823,0.9144223860184401
25625,LOF,0.03993821050780666,0.052206535798526216,0.907855253693667
25626,LOF,0.08696412877478474,0.037871529943691105,0.8751643412815242
25627,Neutral,0.5611043170566097,0.11199998090618098,0.32689570203720936
25628,LOF,0.2106554529289223,0.052550569637459556,0.7367939774336181
25629,LOF,0.08446763527287933,0.11451924748898186,0.8010131172381388
25630,LOF,0.20319312602622597,0.08836804236312566,0.7084388316106485
25631,Neutral,0.6084961393130481,0.048729368733110644,0.3427744919538413
25632,LOF,0.020383047915229706,0.11820381117014497,0.8614131409146254
25633,LOF,0.21659858303718976,0.10204753418514492,0.6813538827776654
25634,LOF,0.034331200247428355,0.10330275439761424,0.8623660453549574
25635,LOF,0.03787064463536135,0.10115198782792542,0.8609773675367133
25636,GOF,0.006737284539382867,0.685812714186808,0.3074500012738091
25637,GOF,0.00486230493615229,0.5503481213499815,0.44478957371386624
25638,LOF,0.009025314856185624,0.49402537405750047,0.4969493110863139
25639,LOF,0.004621239209992112,0.4800076432693791,0.5153711175206288
25640,GOF,0.3520286171512076,0.6013421854517293,0.046629197397063095
25641,LOF,0.006511089477876166,0.336110894676442,0.6573780158456818
25642,LOF,0.2497684798973231,0.11164259946263828,0.6385889206400387
25643,LOF,0.262755929540873,0.2608908839484034,0.47635318651072356
25644,GOF,0.03097181444181401,0.6541394602594494,0.3148887252987365
25645,GOF,0.024262673553917306,0.5924677838239808,0.38326954262210194
25646,LOF,0.025082795469023776,0.4448791528647353,0.530038051666241
25647,LOF,0.017318446877776596,0.3079845774316558,0.6746969756905676
25648,LOF,0.015437312654122405,0.3632377360486084,0.6213249512972692
25649,LOF,0.014971948450531045,0.27025291931869605,0.7147751322307729
25650,GOF,0.046667759425520774,0.5423635179177992,0.41096872265667994
25651,LOF,0.012473529645851637,0.28649805038063386,0.7010284199735145
25652,LOF,0.021453204380740016,0.3934578631474187,0.5850889324718412
25653,GOF,0.09668212243511161,0.5356403214581,0.3676775561067884
25654,LOF,0.014581574515673759,0.35387091271820403,0.6315475127661223
25655,GOF,0.13638890818071425,0.502505902615028,0.36110518920425766
25656,LOF,0.05287251301253839,0.09888201900529461,0.8482454679821669
25657,LOF,0.28615921290786,0.04598947725557981,0.6678513098365602
25658,LOF,0.031450266138875436,0.18824250518136712,0.7803072286797574
25659,LOF,0.21301694678284924,0.09272995202196306,0.6942531011951876
25660,LOF,0.0925823228918368,0.10919823485426769,0.7982194422538955
25661,LOF,0.08052395297363567,0.07829248885216801,0.8411835581741963
25662,LOF,0.038313289953814784,0.06009134734778674,0.9015953626983985
25663,LOF,0.04381197073631275,0.1044064444115911,0.8517815848520962
25664,LOF,0.030164376211557067,0.14612900295409298,0.8237066208343499
25665,LOF,0.045203983180728755,0.06746544484364173,0.8873305719756296
25666,LOF,0.043001047484071006,0.17387480491668625,0.7831241475992428
25667,LOF,0.03875754420472851,0.06298053664281962,0.8982619191524518
25668,LOF,0.05406940737835809,0.061034014730191356,0.8848965778914505
25669,LOF,0.05198010712595746,0.09470250769271787,0.8533173851813246
25670,LOF,0.07839435252303507,0.11206160617252042,0.8095440413044445
25671,LOF,0.04581349805972752,0.049724779786938386,0.9044617221533342
25672,LOF,0.04586204827945189,0.08561026311729915,0.8685276886032489
25673,LOF,0.03792758217266543,0.09046723122995846,0.8716051865973762
25674,LOF,0.026569704532985162,0.10954014444801011,0.8638901510190047
25675,LOF,0.03573822160621721,0.0864061535646002,0.8778556248291826
25676,LOF,0.035050521479086424,0.06780065721331618,0.8971488213075974
25677,LOF,0.08519711058324875,0.06318409787206267,0.8516187915446886
25678,LOF,0.13139009554719772,0.0659417846111065,0.8026681198416957
25679,LOF,0.12771185269044558,0.0768821267508527,0.7954060205587017
25680,LOF,0.08619295957408714,0.09650430500677817,0.8173027354191348
25681,LOF,0.10370169015216102,0.09106970247306903,0.80522860737477
25682,LOF,0.05346099926115752,0.06227276691395635,0.884266233824886
25683,LOF,0.07935368920505771,0.0951052059028589,0.8255411048920834
25684,LOF,0.06296175865299791,0.0680141477045909,0.8690240936424112
25685,LOF,0.11652255851116494,0.06381113415679504,0.81966630733204
25686,LOF,0.027730406948441047,0.12413271672465126,0.8481368763269077
25687,LOF,0.05663015630755842,0.1104282954725817,0.8329415482198598
25688,LOF,0.019727585974359096,0.066272781715475,0.9139996323101659
25689,LOF,0.017630502857442106,0.0443165171992401,0.9380529799433178
25690,LOF,0.016846003815574044,0.047952323485966196,0.9352016726984599
25691,LOF,0.10541255412121832,0.06611709685658387,0.8284703490221977
25692,LOF,0.17112116281553738,0.011462071048451403,0.8174167661360113
25693,LOF,0.04371453476807514,0.17043088759146516,0.7858545776404597
25694,LOF,0.23371185013859325,0.01252994405205094,0.7537582058093558
25695,LOF,0.18136415218774568,0.02379090282649104,0.7948449449857632
25696,LOF,0.0623125438465143,0.02490434861087029,0.9127831075426154
25697,LOF,0.1741270757401353,0.03713331777738014,0.7887396064824845
25698,LOF,0.01770882318084689,0.3412061066022809,0.6410850702168722
25699,LOF,0.10883200386867369,0.09938573874863195,0.7917822573826944
25700,LOF,0.03308664293777157,0.01963429719759978,0.9472790598646288
25701,LOF,0.015776834382401055,0.11362403987797304,0.8705991257396258
25702,GOF,0.0219626746409324,0.767648309528401,0.21038901583066658
25703,LOF,0.011258584136411372,0.27758553271082415,0.7111558831527645
25704,LOF,0.07657744729292083,0.23464434697119943,0.6887782057358797
25705,LOF,0.08329208678463818,0.3051219057945484,0.6115860074208134
25706,GOF,0.017518832611170636,0.711319497937339,0.27116166945149034
25707,GOF,0.025147546433821145,0.6422242492190525,0.3326282043471262
25708,GOF,0.0073060204652710395,0.6421418346285612,0.3505521449061677
25709,LOF,0.02842229925967054,0.0927116791426037,0.8788660215977258
25710,LOF,0.0060302346461872,0.23384730870360743,0.7601224566502055
25711,LOF,0.02911814889714573,0.15624514384984328,0.8146367072530111
25712,LOF,0.007726687787309566,0.3062268725335903,0.6860464396791002
25713,LOF,0.02849207293975348,0.14418079786287186,0.8273271291973746
25714,LOF,0.026444833568615,0.1811426640048868,0.7924125024264982
25715,LOF,0.031057218431982298,0.15733812068615652,0.8116046608818612
25716,LOF,0.006239776943090707,0.2512072666289343,0.7425529564279749
25717,LOF,0.0060395363210811945,0.233774235440213,0.760186228238706
25718,LOF,0.027852969217858403,0.11373028885127902,0.8584167419308626
25719,LOF,0.03567033505788204,0.17324192095628776,0.7910877439858303
25720,LOF,0.038577976281474545,0.14452418078336793,0.8168978429351574
25721,LOF,0.027383210705255113,0.13867490878783922,0.8339418805069057
25722,LOF,0.01923936025808447,0.1890280249056622,0.7917326148362533
25723,LOF,0.03259360751838004,0.14684217037029063,0.8205642221113293
25724,LOF,0.030317517968461896,0.25192226740520984,0.7177602146263281
25725,LOF,0.031248947750568145,0.12317479993180323,0.8455762523176287
25726,LOF,0.020987058827265783,0.16539024070557565,0.8136227004671586
25727,LOF,0.02895834881274704,0.16661459109910684,0.8044270600881461
25728,LOF,0.02794502891116753,0.15555648771631578,0.8164984833725166
25729,LOF,0.027333591985777485,0.16786359070809823,0.8048028173061244
25730,LOF,0.03254351092928111,0.11230485839260486,0.8551516306781141
25731,LOF,0.010075292985348231,0.21700982347032866,0.772914883544323
25732,LOF,0.022874215693248504,0.13208512467269753,0.845040659634054
25733,LOF,0.034946337376701296,0.13161193135894136,0.8334417312643574
25734,LOF,0.006616357247130486,0.34111515613939625,0.6522684866134733
25735,LOF,0.025486686713948884,0.10971476646459193,0.8647985468214592
25736,LOF,0.023600519697829416,0.1917668438166002,0.7846326364855702
25737,LOF,0.06234476430120127,0.1648066606905727,0.7728485750082261
25738,LOF,0.026960987640954597,0.2084568966783395,0.764582115680706
25739,LOF,0.030295069510743202,0.1305742535654186,0.8391306769238381
25740,LOF,0.033849045921314415,0.16870545761352376,0.7974454964651617
25741,LOF,0.038869056905571096,0.1572881396186975,0.8038428034757314
25742,LOF,0.05189045380168162,0.16098038171914644,0.7871291644791719
25743,LOF,0.011852383255413268,0.022310023414402917,0.9658375933301838
25744,LOF,0.2318523467354418,0.1839748521471162,0.5841728011174421
25745,LOF,0.03436992152872347,0.06525302600040461,0.900377052470872
25746,LOF,0.014464333280391326,0.09207364544781317,0.8934620212717955
25747,LOF,0.039990266820074956,0.024533521552949245,0.9354762116269758
25748,LOF,0.27540821805347615,0.04439042582977719,0.6802013561167466
25749,LOF,0.0159758951066127,0.055311723277273385,0.9287123816161139
25750,LOF,0.02094255817428682,0.05955973963516685,0.9194977021905464
25751,LOF,0.044751755984261864,0.03886968672069806,0.91637855729504
25752,GOF,0.06977877878057046,0.7166515319231613,0.21356968929626832
25753,GOF,0.007177795110113633,0.5011221072499326,0.49170009763995376
25754,GOF,0.00702903075563532,0.9047175217978921,0.08825344744647265
25755,GOF,0.006769569948709798,0.5077147167303441,0.485515713320946
25756,GOF,0.023313210881958094,0.5007262199005972,0.4759605692174448
25757,GOF,0.007657015717407448,0.8877202066889603,0.10462277759363225
25758,GOF,0.008718265387411203,0.9041302768566868,0.0871514577559019
25759,GOF,0.006240506120024197,0.7126842529024363,0.2810752409775395
25760,LOF,0.0064824695711523765,0.3786097672930269,0.6149077631358207
25761,GOF,0.04910198367360537,0.8725400295679695,0.07835798675842527
25762,LOF,0.026282843040787145,0.42274677484806306,0.5509703821111498
25763,LOF,0.005902155537964657,0.34657325112490894,0.6475245933371264
25764,GOF,0.05605673853758846,0.7153810394586494,0.22856222200376228
25765,GOF,0.00793505468514991,0.898319907354209,0.09374503796064111
25766,GOF,0.02648754318055454,0.8605020947824416,0.11301036203700396
25767,GOF,0.01920093059593166,0.5789741043314911,0.4018249650725772
25768,LOF,0.05224140141130842,0.054087206454014755,0.893671392134677
25769,LOF,0.04102946536939814,0.06353466164178877,0.8954358729888132
25770,LOF,0.14298655865832946,0.10446995768330411,0.7525434836583663
25771,LOF,0.01959607494722782,0.07356487221363414,0.906839052839138
25772,LOF,0.03067744439631281,0.02908606746083677,0.9402364881428504
25773,LOF,0.014641132886498966,0.08012359522160657,0.9052352718918946
25774,LOF,0.0256953094675465,0.16900558063751084,0.8052991098949426
25775,LOF,0.01989422869838632,0.04649539326207911,0.9336103780395346
25776,LOF,0.028923341240236277,0.01979842809631191,0.9512782306634517
25777,LOF,0.3169841228904706,0.08916107906198129,0.593854798047548
25778,LOF,0.02677521194472968,0.05470703630626071,0.9185177517490096
25779,GOF,0.06692805022974069,0.8567935128051457,0.07627843696511358
25780,GOF,0.08381778654976192,0.8534664618704167,0.0627157515798213
25781,GOF,0.035560958644309186,0.8224767863332689,0.1419622550224218
25782,GOF,0.042250941772979826,0.8787503194144397,0.07899873881258038
25783,GOF,0.04086153146245244,0.8975911397379681,0.061547328799579366
25784,GOF,0.12263702049905828,0.8255001177935744,0.05186286170736739
25785,GOF,0.14945928027947766,0.8099724961213276,0.040568223599194854
25786,GOF,0.011121421078959607,0.8314273625233259,0.15745121639771445
25787,GOF,0.28970220299854155,0.6520058676711644,0.05829192933029415
25788,LOF,0.018654270697395267,0.17331766904049473,0.80802806026211
25789,GOF,0.022807210928226334,0.8228678685881411,0.15432492048363258
25790,GOF,0.034792320295776856,0.8669301998360393,0.09827747986818391
25791,GOF,0.03472068689033727,0.7213155434320163,0.24396376967764632
25792,GOF,0.041484995122894226,0.7721723809771975,0.18634262389990816
25793,GOF,0.04737929727632498,0.78744580896407,0.16517489375960512
25794,GOF,0.06280436207742472,0.7125357815780595,0.22465985634451574
25795,GOF,0.06431299091183912,0.7212268561440716,0.2144601529440893
25796,GOF,0.1437471134833848,0.7630408047371185,0.09321208177949657
25797,GOF,0.07771757638948991,0.7016970643000274,0.22058535931048273
25798,GOF,0.007805891982957588,0.7539372483690412,0.23825685964800114
25799,GOF,0.005158998155901743,0.6653286195878436,0.3295123822562546
25800,GOF,0.03102124186752543,0.8317346947710692,0.13724406336140535
25801,GOF,0.031922209119631735,0.8803677678673786,0.0877100230129896
25802,GOF,0.03594376620981299,0.7684166470046836,0.1956395867855033
25803,GOF,0.024448729332616166,0.7049780905469122,0.27057318012047177
25804,GOF,0.039601791851819765,0.7558015624393346,0.2045966457088456
25805,GOF,0.04077477646767611,0.798062591346906,0.1611626321854178
25806,GOF,0.05247683046880501,0.8011724920525582,0.14635067747863675
25807,GOF,0.017075593532398327,0.7384114005012731,0.24451300596632858
25808,GOF,0.03347029547214843,0.7582247599144769,0.20830494461337468
25809,GOF,0.014394623915617872,0.6839793719921057,0.30162600409227636
25810,GOF,0.012255277964464132,0.6758372072114844,0.31190751482405155
25811,GOF,0.08410250910561522,0.8394060561593241,0.07649143473506073
25812,GOF,0.03792591892684807,0.7591297953807558,0.2029442856923961
25813,GOF,0.2051271077116641,0.7142793155098819,0.08059357677845404
25814,GOF,0.03457781211933117,0.7440567480512443,0.22136543982942447
25815,GOF,0.06736174071067491,0.7924607501374098,0.14017750915191543
25816,GOF,0.010763985899412945,0.8353449868654682,0.15389102723511874
25817,GOF,0.12700476762378943,0.7378323886951103,0.13516284368110038
25818,GOF,0.032727111901357735,0.7817410143958525,0.18553187370278978
25819,GOF,0.05805425308301426,0.7381708694204543,0.2037748774965314
25820,GOF,0.059950632590370014,0.7047216522387317,0.23532771517089823
25821,GOF,0.042070918882286285,0.7432466600880755,0.21468242102963822
25822,GOF,0.07080469033216587,0.7440107186650575,0.18518459100277654
25823,GOF,0.03557357342576276,0.7043897647215019,0.26003666185273533
25824,GOF,0.037446369490859985,0.7482904908038951,0.21426313970524496
25825,GOF,0.0303760957888198,0.7463271052339264,0.22329679897725377
25826,GOF,0.013474999880050692,0.7095516675174208,0.2769733326025284
25827,GOF,0.01916004843636699,0.6934513871306046,0.28738856443302835
25828,GOF,0.011463582532100582,0.7303273691973287,0.2582090482705708
25829,GOF,0.00467254285455305,0.6504158552206533,0.3449116019247937
25830,GOF,0.03894163719846971,0.5298135688543323,0.43124479394719795
25831,GOF,0.08089245834272377,0.7986707196719633,0.12043682198531278
25832,GOF,0.011963898929772487,0.7069420719341876,0.2810940291360399
25833,GOF,0.0426754701592977,0.7802165970970669,0.17710793274363545
25834,GOF,0.011928310102418606,0.7171505853911601,0.2709211045064213
25835,GOF,0.032326864867301734,0.8121750117450804,0.15549812338761784
25836,GOF,0.008806486019476208,0.7189734497946482,0.2722200641858756
25837,GOF,0.009984224816519099,0.7232993861272934,0.2667163890561875
25838,GOF,0.02602930545215571,0.8097564857403591,0.16421420880748527
25839,GOF,0.057726659915449646,0.7766039265196798,0.16566941356487047
25840,GOF,0.09956114285332464,0.7413986646934426,0.1590401924532328
25841,GOF,0.0914637968540542,0.7855494687610632,0.12298673438488263
25842,GOF,0.03477926284687599,0.8544837971146452,0.11073694003847873
25843,GOF,0.032681245516507536,0.8628753230086971,0.10444343147479533
25844,GOF,0.027731384121890322,0.7975572718960654,0.17471134398204435
25845,GOF,0.007393868694779999,0.6836728659241494,0.3089332653810706
25846,GOF,0.0817792933533984,0.8221242021942073,0.09609650445239441
25847,GOF,0.01965565805048649,0.8563860130367056,0.12395832891280802
25848,GOF,0.028847467302473027,0.81087840469906,0.16027412799846685
25849,GOF,0.008559972089889878,0.759394724995948,0.23204530291416217
25850,GOF,0.007745012181330412,0.6834663055610657,0.3087886822576039
25851,GOF,0.0071514978232772195,0.6288148132871038,0.3640336888896189
25852,GOF,0.14956034047068525,0.5800991628757644,0.27034049665355037
25853,GOF,0.07334395776134552,0.7594357403355484,0.1672203019031061
25854,GOF,0.006651081672498725,0.6875607395312714,0.30578817879623
25855,GOF,0.026079402513367617,0.6629218190417514,0.3109987784448809
25856,GOF,0.04885686664653034,0.7334301132952281,0.21771302005824153
25857,GOF,0.025437258810251176,0.6451818580514025,0.32938088313834635
25858,GOF,0.010190701789685173,0.5981779006779292,0.39163139753238563
25859,GOF,0.007274082214194506,0.5772432129816307,0.4154827048041747
25860,GOF,0.10432048884772588,0.7324103358773083,0.16326917527496576
25861,GOF,0.1277258430806871,0.7885161068123472,0.08375805010696565
25862,GOF,0.028394788467296844,0.8785347470307363,0.09307046450196685
25863,GOF,0.025097158368057208,0.8570487429983745,0.11785409863356831
25864,GOF,0.04757624095851855,0.8627281674022291,0.08969559163925234
25865,GOF,0.04670679123800028,0.8370400568067542,0.11625315195524548
25866,GOF,0.026534058968858614,0.8356888788570903,0.13777706217405108
25867,GOF,0.05536905921605715,0.8350736150271317,0.10955732575681099
25868,GOF,0.07957045536073558,0.7745996765582299,0.14582986808103457
25869,GOF,0.3548913255205249,0.5419540068451432,0.10315466763433197
25870,GOF,0.058604243710842316,0.5443755160084804,0.3970202402806773
25871,GOF,0.010324416484329853,0.7694455222802372,0.2202300612354329
25872,GOF,0.028617152141036967,0.7844718259607943,0.18691102189816872
25873,GOF,0.025002722605690787,0.858319128696499,0.11667814869781025
25874,LOF,0.01849010462819746,0.18211019993125702,0.7993996954405455
25875,LOF,0.02233187466933662,0.11449391924021837,0.8631742060904449
25876,LOF,0.023310874495337214,0.06350328328435355,0.9131858422203093
25877,LOF,0.09804307043344808,0.20795041396288705,0.6940065156036649
25878,LOF,0.06310865723668346,0.27623007256126986,0.6606612702020466
25879,LOF,0.010480316589134158,0.19268135318282298,0.7968383302280428
25880,LOF,0.05915033684057482,0.022963176166477924,0.9178864869929472
25881,Neutral,0.5657792432621592,0.0998730759081842,0.3343476808296566
25882,LOF,0.057657336407954944,0.02543321104984434,0.9169094525422007
25883,LOF,0.030359164182708967,0.026823586348917176,0.9428172494683739
25884,LOF,0.019788122776061824,0.03773877974456186,0.9424730974793764
25885,LOF,0.16637625179071483,0.013685850070296626,0.8199378981389885
25886,LOF,0.2489548472080334,0.058916351808426505,0.6921288009835401
25887,LOF,0.08557731259029382,0.14718255498688676,0.7672401324228194
25888,LOF,0.008832198547607294,0.20076068418332843,0.7904071172690643
25889,LOF,0.028706887182745156,0.032437068743848545,0.9388560440734063
25890,LOF,0.19168319442266,0.058790126306346224,0.7495266792709939
25891,LOF,0.1081910828116435,0.03929264570723498,0.8525162714811215
25892,LOF,0.009072754295437623,0.03108988673518916,0.9598373589693732
25893,LOF,0.30269800174333916,0.010753101774224819,0.6865488964824361
25894,LOF,0.3485758123447602,0.007569346162246944,0.6438548414929929
25895,LOF,0.2850923131662323,0.014218854874422374,0.7006888319593454
25896,LOF,0.09235195331778762,0.02810459040045002,0.8795434562817622
25897,LOF,0.12211270111968198,0.011631711395039417,0.8662555874852785
25898,LOF,0.12866412406326422,0.029069809271515402,0.8422660666652204
25899,LOF,0.433588406972953,0.030768586343994958,0.5356430066830521
25900,Neutral,0.6774121957046971,0.013334039654124653,0.3092537646411782
25901,LOF,0.10944407983198359,0.013405100748202779,0.8771508194198135
25902,LOF,0.1157303319148397,0.014262632046176631,0.8700070360389838
25903,LOF,0.1843794242858948,0.02986340220972939,0.7857571735043758
25904,Neutral,0.560021384400623,0.03886318349300715,0.40111543210636985
25905,LOF,0.0076302366518304614,0.37449304153829094,0.6178767218098786
25906,LOF,0.008987294600450764,0.0643409951234476,0.9266717102761017
25907,LOF,0.008452368523874834,0.24355580077364106,0.7479918307024842
25908,LOF,0.008050080805020733,0.23680523091880593,0.7551446882761733
25909,LOF,0.03112166399978266,0.0963630961944467,0.8725152398057706
25910,LOF,0.012858989719854441,0.17967248053956844,0.807468529740577
25911,LOF,0.19611131818634,0.025496593864908153,0.7783920879487519
25912,LOF,0.13040037476335165,0.021718724845125225,0.8478809003915231
25913,LOF,0.01914558126938759,0.030875271491958265,0.9499791472386541
25914,LOF,0.044430772513229744,0.030250729648232486,0.9253184978385378
25915,LOF,0.1827666041055881,0.2051106437326438,0.6121227521617681
25916,LOF,0.01324355950983944,0.10652182501828289,0.8802346154718776
25917,LOF,0.0680169640443394,0.029693197077479087,0.9022898388781815
25918,LOF,0.04061383067684492,0.01653907506876613,0.9428470942543888
25919,LOF,0.03401364375968718,0.017885168969961947,0.9481011872703509
25920,LOF,0.316699540605577,0.18556822506025605,0.49773223433416697
25921,LOF,0.01972300707243029,0.01672000478990959,0.9635569881376601
25922,LOF,0.019280480224856476,0.017051810422523926,0.9636677093526196
25923,LOF,0.4702877969837875,0.011611381854174131,0.5181008211620384
25924,LOF,0.02696158630933426,0.017487362324388963,0.9555510513662768
25925,LOF,0.11393250167219068,0.0266483982191297,0.8594191001086796
25926,LOF,0.09888298370981416,0.01998017963347332,0.8811368366567125
25927,LOF,0.026666679502614345,0.02806502104134992,0.9452682994560357
25928,LOF,0.014842087664301595,0.014805601766743231,0.9703523105689552
25929,Neutral,0.6019466111582377,0.011528892491939346,0.38652449634982305
25930,LOF,0.1116961029440828,0.011795231746799322,0.876508665309118
25931,LOF,0.01657204199460457,0.013219912030102967,0.9702080459752924
25932,LOF,0.09810584066031257,0.0117621251924918,0.8901320341471957
25933,LOF,0.09687951482707653,0.008492959107710866,0.8946275260652126
25934,LOF,0.10426245467018334,0.0071664987373099365,0.8885710465925067
25935,LOF,0.11670568737030793,0.02157413420379776,0.8617201784258943
25936,LOF,0.10275636185271478,0.007499228484380741,0.8897444096629045
25937,LOF,0.016040688601258797,0.018694643752217844,0.9652646676465234
25938,LOF,0.11565417106900677,0.019871459646586733,0.8644743692844065
25939,LOF,0.06737277684977648,0.010905886683032181,0.9217213364671912
25940,GOF,0.011337778696989669,0.6309113034964052,0.35775091780660523
25941,Neutral,0.49338828560266373,0.03582001404522077,0.4707917003521155
25942,LOF,0.01231882913301788,0.05580550335276469,0.9318756675142174
25943,LOF,0.05844954015591627,0.18606235544994812,0.7554881043941356
25944,LOF,0.04595694236478085,0.1075425380400314,0.8465005195951877
25945,LOF,0.1870188623780164,0.030528219500228625,0.782452918121755
25946,LOF,0.08364909382741033,0.043192371092927874,0.8731585350796617
25947,Neutral,0.5253860400023095,0.12608190577470146,0.3485320542229891
25948,LOF,0.39045099823412227,0.01409672518498953,0.5954522765808883
25949,LOF,0.14867519235395593,0.05542300768929372,0.7959017999567504
25950,GOF,0.09780240337316608,0.6326525466417511,0.2695450499850829
25951,LOF,0.015250208087887032,0.43842533165693043,0.5463244602551826
25952,LOF,0.16227513342621058,0.26626020629624336,0.5714646602775462
25953,LOF,0.007639921613158407,0.29416451678092437,0.6981955616059172
25954,GOF,0.06909162261015415,0.48760916923712205,0.44329920815272383
25955,LOF,0.010636206087518911,0.299627446110374,0.6897363478021071
25956,LOF,0.010525556267295637,0.39943278425684736,0.5900416594758571
25957,LOF,0.16909690543946063,0.047468560059201415,0.7834345345013379
25958,LOF,0.03179811817519931,0.05504285938924164,0.913159022435559
25959,GOF,0.00680433864000262,0.7452731615446659,0.2479224998153314
25960,LOF,0.005229888288639683,0.11416078617768378,0.8806093255336764
25961,LOF,0.02717642217481302,0.049794895296872844,0.923028682528314
25962,LOF,0.03475155399007455,0.1034442866324768,0.8618041593774486
25963,LOF,0.01026862836472447,0.15908437931737585,0.8306469923178998
25964,LOF,0.0476934149539014,0.10794719601394089,0.8443593890321577
25965,LOF,0.1800966710336815,0.17370706059055752,0.646196268375761
25966,LOF,0.32583695538480134,0.09352711600290213,0.5806359286122965
25967,LOF,0.006265038770088815,0.08639958804303056,0.9073353731868805
25968,LOF,0.050168695062227556,0.26900385333553944,0.6808274516022331
25969,LOF,0.1357144609340516,0.08886347901902479,0.7754220600469235
25970,LOF,0.06559887297118949,0.08692293785407107,0.8474781891747395
25971,LOF,0.06371647324516169,0.029129630097819662,0.9071538966570186
25972,LOF,0.07223462659822752,0.03832908187235331,0.8894362915294192
25973,LOF,0.0712552736579016,0.009805431760519666,0.9189392945815787
25974,LOF,0.061041265450643464,0.03921455993957409,0.8997441746097825
25975,LOF,0.03290045028290158,0.013745928980179527,0.953353620736919
25976,LOF,0.09296833611776346,0.011264317154706134,0.8957673467275304
25977,LOF,0.23164096567846473,0.055893114510534546,0.7124659198110007
25978,LOF,0.15055225846352613,0.15361535377178692,0.6958323877646869
25979,LOF,0.11561757415149822,0.1638646388121547,0.7205177870363471
25980,LOF,0.1963601116599025,0.25934372174934717,0.5442961665907504
25981,LOF,0.19765707691199055,0.26225010242006797,0.5400928206679415
25982,LOF,0.25104228867150596,0.15192922881233895,0.597028482516155
25983,Neutral,0.4318123879246016,0.14892644401044552,0.419261168064953
25984,LOF,0.057968020737637356,0.07879299288537206,0.8632389863769907
25985,LOF,0.4350015545428129,0.12461047157985598,0.44038797387733103
25986,LOF,0.012748068546899877,0.4124111438145806,0.5748407876385196
25987,LOF,0.03878615769869266,0.08911763555984308,0.8720962067414643
25988,LOF,0.059939611705989305,0.1581895397258432,0.7818708485681675
25989,LOF,0.069686248946646,0.22730656008310843,0.7030071909702456
25990,LOF,0.06170236095683,0.34296423819863836,0.5953334008445316
25991,GOF,0.025588213085283164,0.5479131357447805,0.4264986511699364
25992,LOF,0.012518246639500755,0.4457807862538184,0.5417009671066808
25993,LOF,0.02005540242879426,0.058888198734621464,0.9210563988365843
25994,LOF,0.024874230975038884,0.0702363033747148,0.9048894656502462
25995,LOF,0.017978887969617198,0.1158322414247402,0.8661888706056426
25996,GOF,0.3524093784090518,0.4310943141559034,0.21649630743504492
25997,GOF,0.05787792945292383,0.5595585585281112,0.38256351201896494
25998,LOF,0.22953865239444615,0.03595301270765037,0.7345083348979036
25999,LOF,0.023428118388763665,0.31655788955489855,0.6600139920563378
26000,LOF,0.15386426273266987,0.014029070773945728,0.8321066664933844
26001,LOF,0.16088234296921988,0.019793279956612266,0.8193243770741678
26002,LOF,0.10615305383161591,0.021671394568897186,0.8721755515994868
26003,GOF,0.006843888925378092,0.5726860792504509,0.42047003182417103
26004,GOF,0.01857298644043339,0.605578879935424,0.3758481336241426
26005,LOF,0.0056507368090492035,0.46973698963084776,0.524612273560103
26006,GOF,0.105378961428379,0.5225574704189568,0.37206356815266417
26007,GOF,0.010895614967474643,0.4951195132018471,0.49398487183067824
26008,GOF,0.0069554186746351885,0.6086755524039832,0.38436902892138175
26009,GOF,0.012842405639592902,0.6498922685816338,0.3372653257787733
26010,GOF,0.010481667043544392,0.5613724936785741,0.4281458392778815
26011,LOF,0.006033657859178663,0.4026826467489454,0.5912836953918761
26012,GOF,0.005555824092954499,0.5200593263887012,0.47438484951834425
26013,GOF,0.009980711320305438,0.4965509831958962,0.49346830548379833
26014,LOF,0.04574214922660906,0.07497680310291337,0.8792810476704775
26015,LOF,0.31017638088038063,0.02762297171159661,0.6622006474080228
26016,LOF,0.2552972468030713,0.03070096138678602,0.7140017918101427
26017,LOF,0.018155747183176967,0.1188367118645426,0.8630075409522804
26018,LOF,0.03588291975986424,0.06093093827400017,0.9031861419661356
26019,LOF,0.03557114547928204,0.05054316782977571,0.9138856866909423
26020,LOF,0.007005227439166933,0.11280057293136905,0.8801941996294641
26021,LOF,0.07588209221601275,0.05216128106817346,0.8719566267158138
26022,LOF,0.04165364964681174,0.019471278576938318,0.9388750717762498
26023,LOF,0.024694878204746005,0.03636030138409534,0.9389448204111587
26024,LOF,0.04988378179365219,0.03879515695070748,0.9113210612556404
26025,LOF,0.13731348830518725,0.04075105736803408,0.8219354543267788
26026,LOF,0.11929298021412373,0.033849825574646795,0.8468571942112294
26027,LOF,0.03438302691405589,0.022207100599840473,0.9434098724861038
26028,LOF,0.07730008854083703,0.17059703262591763,0.7521028788332453
26029,LOF,0.02771093042780538,0.18757866474727922,0.7847104048249154
26030,LOF,0.1215577936714872,0.026673732359012728,0.8517684739695
26031,LOF,0.013548748489166335,0.18852421263921643,0.7979270388716173
26032,LOF,0.03797136564320159,0.048909933769007215,0.9131187005877911
26033,LOF,0.03770326288483702,0.05276152332438267,0.9095352137907803
26034,LOF,0.01714586117529946,0.1286270422945016,0.854227096530199
26035,LOF,0.01132664932579642,0.13938862606528546,0.8492847246089181
26036,LOF,0.010561707990624655,0.1106200523447285,0.8788182396646469
26037,LOF,0.010495683858364392,0.12287928513670988,0.8666250310049257
26038,LOF,0.03258426751573443,0.04464232457152477,0.9227734079127408
26039,LOF,0.029364384316082157,0.16616085553581883,0.8044747601480989
26040,LOF,0.08395183068059779,0.1470834756422845,0.7689646936771176
26041,LOF,0.012567488839060056,0.11980784015154518,0.8676246710093948
26042,LOF,0.01164151251242821,0.13004003566990793,0.8583184518176639
26043,LOF,0.03498961871051473,0.07742901101264978,0.8875813702768356
26044,LOF,0.007666693442884084,0.0642814299327039,0.928051876624412
26045,LOF,0.07330568418985285,0.24547786555332235,0.6812164502568249
26046,LOF,0.03047069281930322,0.05601488052693902,0.9135144266537577
26047,LOF,0.06683754131616262,0.05652779296976734,0.87663466571407
26048,LOF,0.07492750683553615,0.0327190978725222,0.8923533952919417
26049,Neutral,0.9434877307707314,0.0074043193069546565,0.04910794992231396
26050,Neutral,0.899067542073295,0.008674941337420292,0.09225751658928465
26051,LOF,0.02633359973068707,0.36844071383624355,0.6052256864330693
26052,LOF,0.027231988720585052,0.3125867272712282,0.6601812840081867
26053,LOF,0.020478947846453772,0.18580474419532644,0.7937163079582197
26054,LOF,0.05445297501969522,0.042675865001056586,0.9028711599792483
26055,LOF,0.07424111538151576,0.041051065221577636,0.8847078193969067
26056,LOF,0.06636971104361666,0.04238157785046667,0.8912487111059166
26057,LOF,0.07304759316104367,0.027781302095494755,0.8991711047434616
26058,LOF,0.0804254193476909,0.02253479525711594,0.8970397853951931
26059,LOF,0.2035975188411044,0.06975222414368804,0.7266502570152075
26060,LOF,0.017412502629451748,0.24356503886392625,0.7390224585066218
26061,LOF,0.011154252441853394,0.01813450275780197,0.9707112448003447
26062,LOF,0.005958117700046168,0.02981510551210949,0.9642267767878444
26063,LOF,0.052802027732810806,0.017366810489206845,0.9298311617779824
26064,LOF,0.007831718434219337,0.021586894608822026,0.9705813869569586
26065,LOF,0.07335602217456413,0.025408398328045298,0.9012355794973905
26066,LOF,0.06491478392885193,0.01923019812628284,0.9158550179448652
26067,LOF,0.05862311054868214,0.016902629862073127,0.9244742595892449
26068,LOF,0.05326098390435723,0.04058480397184408,0.9061542121237987
26069,LOF,0.20395363150454743,0.02853870595989849,0.7675076625355542
26070,LOF,0.4422551773414698,0.017667813547116325,0.5400770091114139
26071,LOF,0.05263993780985526,0.020043706275324587,0.9273163559148202
26072,LOF,0.006975752079152912,0.0215687997323864,0.9714554481884607
26073,LOF,0.04961697670963986,0.018407555845293497,0.9319754674450665
26074,Neutral,0.6660839099980856,0.015033056461264887,0.3188830335406494
26075,LOF,0.04230765927456416,0.027237618185573777,0.9304547225398621
26076,LOF,0.045132470838193633,0.019931070589182632,0.9349364585726239
26077,LOF,0.1539722264922753,0.015783639092196634,0.830244134415528
26078,LOF,0.006283297918921322,0.04476611992263459,0.9489505821584441
26079,LOF,0.057460420585220835,0.02831270209114816,0.9142268773236311
26080,LOF,0.05635687281493086,0.02847756202018708,0.915165565164882
26081,LOF,0.0478759950285831,0.017106418319226352,0.9350175866521906
26082,LOF,0.006469040635273271,0.023632706699496447,0.9698982526652302
26083,LOF,0.11511681090379079,0.03062221769827721,0.854260971397932
26084,LOF,0.14821806032485715,0.026852650798358794,0.8249292888767841
26085,LOF,0.13327224686446495,0.022372137237281504,0.8443556158982535
26086,LOF,0.040854785789930285,0.025736709443209094,0.9334085047668605
26087,LOF,0.04634836933558419,0.02125476761661411,0.9323968630478018
26088,LOF,0.007327627184550293,0.05116827387595862,0.9415040989394912
26089,LOF,0.041218062425026694,0.038512370318293875,0.9202695672566794
26090,LOF,0.04010879831087713,0.034589869509913794,0.9253013321792092
26091,LOF,0.033592779029071325,0.016195690101970243,0.9502115308689585
26092,LOF,0.04290059169145525,0.014665759893512301,0.9424336484150325
26093,LOF,0.0648169249114863,0.009813126997461605,0.925369948091052
26094,LOF,0.04018090220794755,0.012868537984245986,0.9469505598078064
26095,LOF,0.012092141557758918,0.029542354196043286,0.9583655042461978
26096,LOF,0.2622641093206687,0.006203237197396379,0.731532653481935
26097,LOF,0.0069569858644922674,0.051912173337273326,0.9411308407982344
26098,LOF,0.0523751750735301,0.027491487632198768,0.920133337294271
26099,LOF,0.05396058992612474,0.03489481450082154,0.9111445955730537
26100,LOF,0.05396058992612474,0.03489481450082154,0.9111445955730537
26101,LOF,0.04970569823701815,0.051579835441173304,0.8987144663218084
26102,LOF,0.04081796050790719,0.02636416346046286,0.9328178760316299
26103,Neutral,0.9005055542860935,0.03563267184194629,0.06386177387196035
26104,LOF,0.05128329429277311,0.06255109860828749,0.8861656070989393
26105,LOF,0.24787641303413258,0.07353639781341088,0.6785871891524565
26106,LOF,0.2663360797268998,0.03469851115739445,0.6989654091157057
26107,LOF,0.015861703531468138,0.06530615514701776,0.918832141321514
26108,LOF,0.18210509934869365,0.054297111526733145,0.7635977891245731
26109,LOF,0.060896376133817126,0.05341790724223302,0.8856857166239498
26110,LOF,0.4017566958030083,0.013390570858696304,0.5848527333382953
26111,LOF,0.06532229494985584,0.07276434835064317,0.8619133566995011
26112,LOF,0.067216187028489,0.012879106563130105,0.919904706408381
26113,LOF,0.12471504045960824,0.0313402429104719,0.84394471662992
26114,LOF,0.0972246807242298,0.011797647292744044,0.8909776719830261
26115,LOF,0.020228500870680483,0.07451057503248801,0.9052609240968315
26116,LOF,0.08209865009371783,0.025944537690165928,0.8919568122161161
26117,LOF,0.3624723628908638,0.0361147663303724,0.6014128707787637
26118,LOF,0.039561019823715494,0.017631548445698204,0.9428074317305862
26119,LOF,0.006175766676292245,0.07994431262507698,0.9138799206986308
26120,LOF,0.03251529769708212,0.014247799484721345,0.9532369028181966
26121,LOF,0.0044827720251473585,0.11173519831962427,0.8837820296552282
