feature0,prediction,LoGoFunc_Neutral,LoGoFunc_GOF,LoGoFunc_LOF
25546,Neutral,0.7558774814545228,0.028305373906285656,0.21581714463919158
25547,Neutral,0.6143061544325488,0.06074424910312741,0.3249495964643238
25548,Neutral,0.5996927168716636,0.044905069257410606,0.35540221387092585
25549,Neutral,0.5214822924908137,0.045098203978476206,0.4334195035307102
25550,LOF,0.3750171215068298,0.09993479381939407,0.5250480846737762
25551,LOF,0.3116186312602913,0.11570520566347155,0.5726761630762371
25552,LOF,0.19243060443281274,0.12036209755519149,0.6872072980119958
25553,Neutral,0.8329029221267129,0.02929127144244779,0.1378058064308394
25554,LOF,0.23859491321541706,0.11339611901817608,0.6480089677664068
25555,LOF,0.1910744727209454,0.09306086203278334,0.7158646652462712
25556,LOF,0.44453326211688177,0.09078536194912258,0.4646813759339957
25557,LOF,0.18883882654807133,0.10409955612505968,0.707061617326869
25558,LOF,0.2392157537084354,0.11619744354600027,0.6445868027455643
25559,LOF,0.4012472151097828,0.06198910674481917,0.5367636781453982
25560,LOF,0.0631704069334087,0.1778187205818374,0.7590108724847539
25561,LOF,0.12048098684204288,0.20868685312732363,0.6708321600306334
25562,LOF,0.10215843469601446,0.09174578267849189,0.8060957826254936
25563,LOF,0.10428383456665757,0.09862430713993103,0.7970918582934114
25564,LOF,0.15358832358734506,0.16358419533109456,0.6828274810815604
25565,LOF,0.1285764161325113,0.1715631575212013,0.6998604263462874
25566,GOF,0.015023531647285676,0.7409212391749114,0.24405522917780292
25567,LOF,0.013197174525075763,0.12831178676422364,0.8584910387107006
25568,LOF,0.0565991264288182,0.05762094855976493,0.885779925011417
25569,LOF,0.06813671725437839,0.05778349894675509,0.8740797837988665
25570,LOF,0.06344872408000281,0.096332873121278,0.8402184027987192
25571,LOF,0.057203653668173954,0.09079609646161826,0.8520002498702078
25572,LOF,0.06602449235803853,0.13037668242131137,0.80359882522065
25573,LOF,0.02925299347826579,0.08446668834994231,0.8862803181717919
25574,LOF,0.019665753285748485,0.13877659867722336,0.8415576480370281
25575,LOF,0.05006879342498492,0.10083313995150311,0.8490980666235118
25576,LOF,0.02073422512656423,0.11363666129550681,0.865629113577929
25577,LOF,0.01538255599804666,0.132439198404042,0.8521782455979113
25578,LOF,0.2315039305917569,0.08211836519225899,0.6863777042159842
25579,LOF,0.2314340758987144,0.08153219605673853,0.687033728044547
25580,LOF,0.03410395985017706,0.08037685273007962,0.8855191874197432
25581,LOF,0.055989137376399004,0.06008588717729021,0.8839249754463109
25582,LOF,0.05599393811635572,0.05714909069414114,0.8868569711895032
25583,LOF,0.04055468664370471,0.09197395298159981,0.8674713603746954
25584,Neutral,0.463228213743009,0.08588297366046771,0.45088881259652336
25585,LOF,0.03548301927333973,0.10200985076077945,0.8625071299658807
25586,LOF,0.038700901283270174,0.07861947164196406,0.8826796270747657
25587,LOF,0.03556555723721657,0.07690506913380897,0.8875293736289745
25588,LOF,0.034257557980931615,0.09396122064855938,0.8717812213705091
25589,Neutral,0.5993814552131239,0.10215083178039674,0.2984677130064793
25590,LOF,0.02855598015382182,0.1276822676238923,0.8437617522222858
25591,LOF,0.1288052828473127,0.04650196115294841,0.8246927559997389
25592,LOF,0.10354105916428645,0.1280682080726018,0.7683907327631117
25593,LOF,0.017686954305580968,0.23499814934784707,0.7473148963465719
25594,LOF,0.04018879272523312,0.1749850856697009,0.784826121605066
25595,LOF,0.0603421144660315,0.130258120817236,0.8093997647167326
25596,LOF,0.05442014587369572,0.09400837463477704,0.8515714794915273
25597,LOF,0.05693644095983546,0.08215965126240486,0.8609039077777597
25598,LOF,0.04812162014608113,0.1685874205690057,0.7832909592849132
25599,GOF,0.006896782475519613,0.7165007650162388,0.2766024525082414
25600,GOF,0.009067365101248021,0.5673263900665326,0.4236062448322194
25601,LOF,0.006760573172032865,0.44169745695607876,0.5515419698718884
25602,LOF,0.020676952598187755,0.05034443811653159,0.9289786092852806
25603,LOF,0.034856316252402667,0.03349741107564662,0.9316462726719508
25604,LOF,0.04646312729835643,0.052784722214698244,0.9007521504869453
25605,LOF,0.010393963565386974,0.2701690334655351,0.7194370029690779
25606,LOF,0.058635550143103815,0.45967561108015836,0.48168883877673774
25607,LOF,0.004214702844300055,0.14503908637347718,0.8507462107822228
25608,LOF,0.07036612334158657,0.050000754996512346,0.8796331216619011
25609,LOF,0.049893706826104965,0.3899459610446686,0.5601603321292264
25610,LOF,0.04227172942360069,0.034837713188266096,0.9228905573881332
25611,LOF,0.054720189190228384,0.029923116595094824,0.9153566942146768
25612,LOF,0.12403016005447934,0.053586078124884196,0.8223837618206364
25613,LOF,0.10547915826693335,0.04240751727626111,0.8521133244568055
25614,LOF,0.03923056704726943,0.03807876349868716,0.9226906694540434
25615,LOF,0.06548601026852087,0.03621010649695288,0.8983038832345263
25616,LOF,0.03997203252431905,0.03898607566022749,0.9210418918154535
25617,LOF,0.03820700876483671,0.042903897622552735,0.9188890936126105
25618,LOF,0.23324511198203632,0.03991877437414196,0.7268361136438217
25619,LOF,0.03886507355272248,0.03533901489755946,0.9257959115497181
25620,LOF,0.04106436498184537,0.04570358853979341,0.9132320464783612
25621,LOF,0.037313859917839476,0.030344260822536526,0.9323418792596241
25622,LOF,0.03371779499280051,0.04757530183328752,0.9187069031739119
25623,LOF,0.06031216858021178,0.03200652018028073,0.9076813112395075
25624,LOF,0.030367498954599333,0.04407655585048195,0.9255559451949187
25625,LOF,0.0413387546448352,0.05032714810217355,0.9083340972529912
25626,LOF,0.0980709672497848,0.03339654552101321,0.868532487229202
25627,Neutral,0.5925151569923294,0.08801941394571013,0.31946542906196046
25628,LOF,0.20565310068799844,0.043249989832437975,0.7510969094795636
25629,LOF,0.08721837725737568,0.11076134918270464,0.8020202735599196
25630,LOF,0.21342758634554826,0.08188039953720429,0.7046920141172475
25631,Neutral,0.6205552589673745,0.05296787528170595,0.3264768657509195
25632,LOF,0.024429086730136204,0.08231450328974982,0.8932564099801139
25633,LOF,0.2239434172861091,0.09188677646012389,0.684169806253767
25634,LOF,0.03946316181130235,0.09674685086106902,0.8637899873276287
25635,LOF,0.0350604016560048,0.08648389794898127,0.8784557003950139
25636,GOF,0.006974065561079174,0.7004991529338968,0.29252678150502404
25637,GOF,0.0052670646671406285,0.5525672592656065,0.4421656760672529
25638,LOF,0.01031522071869103,0.4203615257499444,0.5693232535313646
25639,LOF,0.005236311403660832,0.44123735779400797,0.5535263308023313
25640,GOF,0.36211787270558937,0.6001599938927362,0.03772213340167435
25641,LOF,0.006515250990613985,0.3508375007680723,0.6426472482413138
25642,LOF,0.25999693786584555,0.09009327116406213,0.6499097909700924
25643,LOF,0.21213017578911797,0.3400696248799658,0.4478001993309162
25644,GOF,0.02693235204740966,0.6523095239629153,0.32075812398967507
25645,GOF,0.021715731100083215,0.6032603495789123,0.37502391932100443
25646,LOF,0.025597666643509324,0.42882991337134246,0.5455724199851482
25647,LOF,0.019450505883619594,0.31612973691237967,0.6644197572040007
25648,LOF,0.014995201147325983,0.37464126290278565,0.6103635359498885
25649,LOF,0.014601969779280192,0.2800256277754512,0.7053724024452687
25650,GOF,0.04564458135042828,0.657406435632809,0.2969489830167627
25651,LOF,0.012226431174177453,0.3246144395819356,0.663159129243887
25652,LOF,0.0223842183338017,0.3419269441749617,0.6356888374912366
25653,GOF,0.09343224289819836,0.5414313615040426,0.3651363955977591
25654,LOF,0.014977541666217313,0.3502771936238467,0.6347452647099361
25655,GOF,0.1404902006150487,0.5091529184194094,0.3503568809655421
25656,LOF,0.05481450456420363,0.10170860151378953,0.8434768939220068
25657,LOF,0.27718581469550346,0.044671801283869356,0.6781423840206272
25658,LOF,0.028762618029617146,0.1695518141706655,0.8016855677997173
25659,LOF,0.2103787298762872,0.0848977505119599,0.7047235196117528
25660,LOF,0.09611985618974163,0.10247361715914727,0.8014065266511112
25661,LOF,0.0810024144808036,0.07902143137818528,0.839976154141011
25662,LOF,0.03615712960385285,0.0476667437131525,0.9161761266829948
25663,LOF,0.043133819863238484,0.08353273366574039,0.8733334464710212
25664,LOF,0.031264138973028835,0.1579271932555139,0.8108086677714573
25665,LOF,0.05623696109199568,0.06192959190749179,0.8818334470005126
25666,LOF,0.04257934694704459,0.18891507229404506,0.7685055807589103
25667,LOF,0.0338332779255264,0.06748270218936371,0.8986840198851099
25668,LOF,0.048066435239087546,0.058622719457753235,0.8933108453031591
25669,LOF,0.05281551056199988,0.10145511374265159,0.8457293756953487
25670,LOF,0.13010470152297893,0.1210361059919833,0.7488591924850379
25671,LOF,0.043940037578232324,0.05507844983289443,0.9009815125888734
25672,LOF,0.05672330584529696,0.0784518744647726,0.8648248196899304
25673,LOF,0.03995019147474117,0.08880270405572466,0.8712471044695342
25674,LOF,0.029790391708089458,0.10002819584373238,0.8701814124481781
25675,LOF,0.04012110236834395,0.08853174132593727,0.8713471563057188
25676,LOF,0.03322923428777827,0.07007708546619534,0.8966936802460264
25677,LOF,0.09023579088739818,0.061125785552690326,0.8486384235599115
25678,LOF,0.16707035646186594,0.049497074800460776,0.7834325687376734
25679,LOF,0.10503970891571374,0.07641811267442573,0.8185421784098605
25680,LOF,0.08463977862951504,0.09712739784389608,0.8182328235265889
25681,LOF,0.10213187518174947,0.08944399405645281,0.8084241307617976
25682,LOF,0.05204504712781691,0.07310894437727372,0.8748460084949093
25683,LOF,0.07450704352694695,0.11640896988528135,0.8090839865877716
25684,LOF,0.06589600948579073,0.08270667756890149,0.8513973129453078
25685,LOF,0.11123136324035557,0.05210947631431768,0.8366591604453268
25686,LOF,0.0349305729034001,0.1169644655071149,0.848104961589485
25687,LOF,0.062391334179147134,0.10591333890083039,0.8316953269200225
25688,LOF,0.018234669544773614,0.07563260910659696,0.9061327213486294
25689,LOF,0.015992999583481982,0.048515813010811246,0.9354911874057067
25690,LOF,0.015999559098842327,0.061505975230078044,0.9224944656710797
25691,LOF,0.11180401645626023,0.09005132565654288,0.7981446578871969
25692,LOF,0.17424259351596866,0.012188363973664131,0.8135690425103673
25693,LOF,0.04460304584038851,0.13761294217065193,0.8177840119889596
25694,LOF,0.2678538891557202,0.014799706207279197,0.7173464046370005
25695,LOF,0.20432269140761417,0.02071819588333572,0.77495911270905
25696,LOF,0.14235835394175947,0.01603860713223734,0.8416030389260032
25697,LOF,0.1345743278858198,0.03702937213843882,0.8283962999757413
25698,LOF,0.023235449137015404,0.30724987767080236,0.6695146731921823
25699,LOF,0.09296480550417188,0.09468180599439055,0.8123533885014376
25700,LOF,0.03688838399632315,0.015772406519819853,0.9473392094838569
25701,LOF,0.016708869747237006,0.09184017592382136,0.8914509543289417
25702,GOF,0.022953751488673055,0.7612360240702314,0.21581022444109552
25703,LOF,0.015804486922064463,0.21315783848018988,0.7710376745977457
25704,LOF,0.09571742980271991,0.2285988749724028,0.6756836952248773
25705,LOF,0.0825885816418915,0.2907940758093698,0.6266173425487387
25706,GOF,0.018162076101971972,0.6707419309973428,0.31109599290068524
25707,GOF,0.027465006571592027,0.6378202913527274,0.33471470207568044
25708,GOF,0.009766873499330935,0.6074666120452007,0.3827665144554683
25709,LOF,0.028190942386535325,0.0936757618598029,0.8781332957536617
25710,LOF,0.0050614454243390755,0.27404354743878073,0.7208950071368802
25711,LOF,0.028281998721586557,0.15378429733141308,0.8179337039470004
25712,LOF,0.006798527964809409,0.30126447551982305,0.6919369965153676
25713,LOF,0.023225209465358148,0.14270788877669838,0.8340669017579435
25714,LOF,0.027144312681350733,0.1812930025809134,0.7915626847377358
25715,LOF,0.02971769650613462,0.1562422911403103,0.8140400123535552
25716,LOF,0.009093094149617079,0.19385129733040354,0.7970556085199794
25717,LOF,0.0060270245782287745,0.21116842182529177,0.7828045535964795
25718,LOF,0.0256836357830332,0.12772737887615876,0.8465889853408082
25719,LOF,0.03406974705136903,0.14403871684505995,0.8218915361035711
25720,LOF,0.03527032184205023,0.1380339309701001,0.8266957471878497
25721,LOF,0.030733919071522803,0.11981203363701677,0.8494540472914603
25722,LOF,0.019042545589545254,0.16154262702175956,0.8194148273886952
25723,LOF,0.02891609194167687,0.1235559144406967,0.8475279936176264
25724,LOF,0.02692376777247546,0.21410575931868292,0.7589704729088417
25725,LOF,0.02900515518632328,0.11698388923396222,0.8540109555797145
25726,LOF,0.019899665386573562,0.1578556399053234,0.822244694708103
25727,LOF,0.026278454661909742,0.16920215900817737,0.8045193863299128
25728,LOF,0.027782024291207928,0.1442445961459409,0.8279733795628511
25729,LOF,0.027460448361801854,0.16716665361357308,0.8053728980246251
25730,LOF,0.031473140948409264,0.1163638615737078,0.8521629974778829
25731,LOF,0.011189021765453173,0.2395371512853254,0.7492738269492215
25732,LOF,0.0236575246435743,0.12499590141950798,0.8513465739369178
25733,LOF,0.03894998817304559,0.11518053549436978,0.8458694763325846
25734,LOF,0.006967725333886162,0.32646422750974496,0.6665680471563689
25735,LOF,0.026409122629848118,0.10579584697628391,0.867795030393868
25736,LOF,0.024786013353956606,0.17809688390885228,0.797117102737191
25737,LOF,0.058100490484128804,0.15273106349119833,0.7891684460246728
25738,LOF,0.025078216302132795,0.1870097825852132,0.7879120011126541
25739,LOF,0.03185879780493241,0.14308764172123475,0.8250535604738327
25740,LOF,0.03144829776677406,0.16076264938524357,0.8077890528479824
25741,LOF,0.03618113812464198,0.14669705557563556,0.8171218062997224
25742,LOF,0.046704390650451,0.15158999860986644,0.8017056107396826
25743,LOF,0.011175007260262427,0.02473749796373097,0.9640874947760065
25744,LOF,0.20248163953123058,0.27824239973845566,0.5192759607303137
25745,LOF,0.0475114086439987,0.061122645076094134,0.8913659462799072
25746,LOF,0.016839337851399745,0.08053614435314456,0.9026245177954557
25747,LOF,0.036689769401093884,0.024542188189674553,0.9387680424092316
25748,LOF,0.27608660986706735,0.04205155575458658,0.6818618343783461
25749,LOF,0.016146647814085507,0.050843473952875175,0.9330098782330393
25750,LOF,0.024281515976200135,0.051518312197486586,0.9242001718263133
25751,LOF,0.03717182022863944,0.04234631283713525,0.9204818669342253
25752,GOF,0.07036845728889206,0.7393475682610603,0.19028397445004774
25753,LOF,0.005962214021571412,0.41773954877005737,0.5762982372083711
25754,GOF,0.006992411231731459,0.8914897847232517,0.10151780404501685
25755,LOF,0.0061187592602548945,0.4750630742643683,0.5188181664753768
25756,LOF,0.02601611277026223,0.47527487251947,0.4987090147102677
25757,GOF,0.007419416343323898,0.8836172101138701,0.10896337354280611
25758,GOF,0.009318936535404993,0.8762806252938344,0.11440043817076048
25759,GOF,0.005442726129357716,0.6790774850749411,0.31547978879570115
25760,LOF,0.005347325290410499,0.3800155383374895,0.6146371363721
25761,GOF,0.0426052859150163,0.8659783419768792,0.09141637210810448
25762,LOF,0.02930017705481567,0.4186902227337116,0.5520096002114727
25763,LOF,0.0060809596618794605,0.3204075036297638,0.6735115367083568
25764,GOF,0.05072342251059753,0.6612898253403562,0.28798675214904623
25765,GOF,0.008189482414727618,0.8917648647433206,0.10004565284195165
25766,GOF,0.04396542978904516,0.8461637417461007,0.10987082846485409
25767,GOF,0.020184611288370305,0.5306956123466418,0.44911977636498795
25768,LOF,0.0511636471472889,0.050665710681474685,0.8981706421712365
25769,LOF,0.03775518865514649,0.06919803590529851,0.8930467754395551
25770,LOF,0.19350220849205457,0.07040820168849508,0.7360895898194503
25771,LOF,0.018991942808104356,0.0657917341906639,0.9152163230012318
25772,LOF,0.029772952990896915,0.02537764419927308,0.94484940280983
25773,LOF,0.019284386207346377,0.06725439157779738,0.9134612222148563
25774,LOF,0.03127734339703694,0.0963227795958306,0.8723998770071325
25775,LOF,0.02200406047388543,0.03980429208011405,0.9381916474460006
25776,LOF,0.03266003888614636,0.021147445013727003,0.9461925161001266
25777,LOF,0.3073752457385419,0.07063541871895766,0.6219893355425005
25778,LOF,0.02876924603241141,0.04388091442691789,0.9273498395406707
25779,GOF,0.08663808405320698,0.8419299288969985,0.07143198704979449
25780,GOF,0.11169160547714674,0.833244416034156,0.05506397848869719
25781,GOF,0.04547329181022052,0.8267230848459403,0.12780362334383913
25782,GOF,0.056544598666051264,0.8731293496353048,0.07032605169864378
25783,GOF,0.051533735703248464,0.8952394566784451,0.05322680761830651
25784,GOF,0.14065205280059168,0.8143622370397631,0.04498571015964519
25785,GOF,0.16981391620328073,0.7915490178314408,0.03863706596527846
25786,GOF,0.014654411020367861,0.8594395252007131,0.12590606377891905
25787,GOF,0.3136701774176635,0.6415751348299756,0.04475468775236074
25788,LOF,0.01962161268822528,0.15343064212771965,0.826947745184055
25789,GOF,0.02866868463780902,0.83827011332181,0.133061202040381
25790,GOF,0.040131614791177474,0.8467947118968302,0.11307367331199226
25791,GOF,0.03753733964566428,0.717844461580632,0.24461819877370364
25792,GOF,0.04448466330206133,0.7632679670022413,0.19224736969569733
25793,GOF,0.06865761127125126,0.801944388102524,0.12939800062622475
25794,GOF,0.06914368526891834,0.7062523554986511,0.2246039592324307
25795,GOF,0.06559865948919016,0.7010539277402841,0.23334741277052576
25796,GOF,0.14244976068700677,0.7725131579420935,0.08503708137089962
25797,GOF,0.11722661902617489,0.7041978326330997,0.17857554834072534
25798,GOF,0.009284349615738872,0.7498154256031216,0.24090022478113957
25799,GOF,0.0052698803481577286,0.646973489154138,0.34775663049770433
25800,GOF,0.03237277595655145,0.811946240404506,0.15568098363894262
25801,GOF,0.030070990127916867,0.8811026218232223,0.08882638804886073
25802,GOF,0.041396476399621636,0.7613380050488843,0.19726551855149405
25803,GOF,0.027292695320717302,0.686220589217484,0.28648671546179877
25804,GOF,0.04542115019362925,0.7414626422873278,0.21311620751904306
25805,GOF,0.040750018338711586,0.7659494593275301,0.19330052233375825
25806,GOF,0.053098709837530345,0.777005905899223,0.16989538426324657
25807,GOF,0.015903253816558268,0.7338701973362799,0.25022654884716183
25808,GOF,0.033169782800247814,0.7392956750409533,0.22753454215879892
25809,GOF,0.014553898621150368,0.6790994667785789,0.3063466346002708
25810,GOF,0.01288889255670528,0.6663468516521301,0.3207642557911647
25811,GOF,0.07632661897275403,0.8394012752673846,0.08427210575986127
25812,GOF,0.03796213234726684,0.752543576589802,0.20949429106293124
25813,GOF,0.19394934900048294,0.7246374096068064,0.08141324139271074
25814,GOF,0.042381364684573576,0.764242489366547,0.19337614594887942
25815,GOF,0.07176878003658418,0.8135133234131431,0.11471789655027276
25816,GOF,0.011761528488589763,0.851636128569094,0.13660234294231624
25817,GOF,0.13613106663736946,0.7606908469770034,0.1031780863856271
25818,GOF,0.03550907954672383,0.7579648163236887,0.2065261041295876
25819,GOF,0.06612404514467513,0.731535060928883,0.20234089392644192
25820,GOF,0.06572138029908547,0.6834297501605462,0.25084886954036845
25821,GOF,0.044522983262382895,0.7324840784661751,0.222992938271442
25822,GOF,0.08911040487571407,0.6769306591827914,0.2339589359414946
25823,GOF,0.03958338178594134,0.6404294938705618,0.3199871243434968
25824,GOF,0.04347618286333513,0.7127967800996423,0.24372703703702264
25825,GOF,0.034280030650023094,0.7037338357812988,0.26198613356867817
25826,GOF,0.015416328636754394,0.6622478710525082,0.3223358003107375
25827,GOF,0.019632534856921683,0.6637753433813972,0.3165921217616812
25828,GOF,0.01460366609269437,0.695264255178978,0.2901320787283275
25829,GOF,0.0055374323374956565,0.6421017358907648,0.35236083177173944
25830,GOF,0.043079152630923656,0.48817076641843443,0.468750080950642
25831,GOF,0.0693520625485393,0.7775761017938282,0.1530718356576326
25832,GOF,0.01346721410228122,0.6933058466824116,0.2932269392153072
25833,GOF,0.051992427634194656,0.7633290265109747,0.1846785458548307
25834,GOF,0.013885372543746598,0.7091068354233239,0.27700779203292947
25835,GOF,0.03164137337832041,0.7701528600537731,0.1982057665679064
25836,GOF,0.009497122235915497,0.6938154280518756,0.29668744971220873
25837,GOF,0.013256692944830705,0.7023438744188781,0.28439943263629125
25838,GOF,0.035172209610876456,0.7819503714170007,0.18287741897212284
25839,GOF,0.08696661806919379,0.748661058658631,0.1643723232721752
25840,GOF,0.11879246095450023,0.708444930246167,0.1727626087993327
25841,GOF,0.10669287159319514,0.7653637544592271,0.12794337394757763
25842,GOF,0.043252465846377604,0.8330881711239798,0.12365936302964264
25843,GOF,0.04172118086254534,0.8425179228439911,0.11576089629346344
25844,GOF,0.031244983881785895,0.7626591606537194,0.20609585546449474
25845,GOF,0.008332042899003049,0.665378001875089,0.32628995522590803
25846,GOF,0.08113354704697878,0.802811887583452,0.11605456536956917
25847,GOF,0.018577154380583237,0.8415602700015732,0.1398625756178436
25848,GOF,0.031009875438971466,0.7898732802645605,0.17911684429646801
25849,GOF,0.00888805567465046,0.7572391145313835,0.23387282979396612
25850,GOF,0.00892050613771822,0.6823459661835405,0.3087335276787414
25851,GOF,0.008330036383383659,0.6209896056097259,0.3706803580068905
25852,GOF,0.16956003307366033,0.529741466159276,0.3006985007670636
25853,GOF,0.08180258919445564,0.7765143823916948,0.14168302841384944
25854,GOF,0.008149606604210742,0.6710166210596857,0.32083377233610344
25855,GOF,0.027444895776621566,0.6353631977928271,0.3371919064305514
25856,GOF,0.05450585865555052,0.7106075810908995,0.23488656025355
25857,GOF,0.02753735679994869,0.6392142359930858,0.3332484072069655
25858,GOF,0.010962732745510519,0.6027495653998517,0.3862877018546378
25859,GOF,0.007972675388816304,0.5728557820117792,0.41917154259940453
25860,GOF,0.10121426779956635,0.7266589184306346,0.17212681376979913
25861,GOF,0.11816784259965615,0.7574187541643124,0.1244134032360314
25862,GOF,0.031231370233720218,0.8543250516513339,0.11444357811494577
25863,GOF,0.028138499569768986,0.841403583289371,0.13045791714086005
25864,GOF,0.06589907309505187,0.8481085462529775,0.08599238065197068
25865,GOF,0.05990715160825613,0.811769372549857,0.12832347584188675
25866,GOF,0.031137024274656467,0.8165400725540878,0.15232290317125574
25867,GOF,0.05737199727344355,0.8133615379558619,0.12926646477069453
25868,GOF,0.09251158819922599,0.7279032590375596,0.1795851527632144
25869,GOF,0.4147599022897599,0.4757349755300509,0.10950512218018908
25870,GOF,0.08045365669317422,0.5154939667941488,0.40405237651267695
25871,GOF,0.011002761399484402,0.7937818219849696,0.195215416615546
25872,GOF,0.028001741365584473,0.7853814210269738,0.1866168376074417
25873,GOF,0.026605153130926828,0.856931067455076,0.11646377941399715
25874,LOF,0.01920897347667636,0.18531659155783423,0.7954744349654893
25875,LOF,0.024878042702341768,0.10024907005750876,0.8748728872401496
25876,LOF,0.020487577287029803,0.060878259697815816,0.9186341630151543
25877,LOF,0.10065919126637025,0.20665455969339716,0.6926862490402326
25878,LOF,0.06403769356516535,0.2588945289035558,0.6770677775312789
25879,LOF,0.010975866889776212,0.17976389889630376,0.80926023421392
25880,LOF,0.08067637122271881,0.020975930350900368,0.8983476984263808
25881,Neutral,0.5676520684837919,0.09186208551268506,0.3404858460035231
25882,LOF,0.07293802323061058,0.025043818116644953,0.9020181586527444
25883,LOF,0.030157840486578276,0.023363813157941633,0.9464783463554801
25884,LOF,0.021480305667545812,0.03567255290460866,0.9428471414278455
25885,LOF,0.19305410502550982,0.010782107254657097,0.7961637877198331
25886,LOF,0.2577781678229932,0.048765735147214176,0.6934560970297926
25887,LOF,0.09290642215444965,0.11273845796910019,0.7943551198764501
25888,LOF,0.009480901177114464,0.1478123289118596,0.8427067699110259
25889,LOF,0.029277830828793455,0.03308049482188831,0.9376416743493182
25890,LOF,0.1909302144890615,0.07267616027291801,0.7363936252380205
25891,LOF,0.11051052741340923,0.03385693366255671,0.8556325389240341
25892,LOF,0.009074626293836855,0.02718088598786484,0.9637444877182983
25893,LOF,0.3204551298270025,0.008459261464602845,0.6710856087083946
25894,LOF,0.32899116331026135,0.0069285650041803456,0.6640802716855583
25895,LOF,0.2736378326652976,0.012083902801346344,0.714278264533356
25896,LOF,0.0911312469760954,0.02445137923157735,0.8844173737923272
25897,LOF,0.13552137739171394,0.00974838826951581,0.8547302343387703
25898,LOF,0.11558136685551813,0.025193374333884376,0.8592252588105975
25899,LOF,0.43241876960751463,0.029721380254557863,0.5378598501379275
25900,Neutral,0.6622209716553786,0.01117827308616881,0.32660075525845267
25901,LOF,0.10296381375752389,0.012310507936952382,0.8847256783055236
25902,LOF,0.12670915135788482,0.01346851210595892,0.8598223365361563
25903,LOF,0.209505050301918,0.025424917881320622,0.7650700318167614
25904,Neutral,0.5688564046616611,0.03766204548717167,0.39348154985116723
25905,LOF,0.006977314596520354,0.3842422417755889,0.6087804436278907
25906,LOF,0.00864700591627544,0.06746179512840844,0.9238911989553162
25907,LOF,0.008672255165695076,0.23599048239574277,0.7553372624385621
25908,LOF,0.008297662287019131,0.22586135169648056,0.7658409860165003
25909,LOF,0.029787034008504184,0.08964353714707722,0.8805694288444186
25910,LOF,0.01255737148220162,0.14691012898994987,0.8405324995278485
25911,LOF,0.18564727046225632,0.025934634464940702,0.788418095072803
25912,LOF,0.10394850733537501,0.019802992669032887,0.8762484999955922
25913,LOF,0.019856962874836227,0.03036567599366659,0.9497773611314971
25914,LOF,0.04066855239039824,0.02746836718293319,0.9318630804266685
25915,LOF,0.15112233738292902,0.20315240774934018,0.6457252548677308
25916,LOF,0.013079382659034121,0.10177605104872214,0.8851445662922438
25917,LOF,0.08098663622741918,0.0290576207521479,0.889955743020433
25918,LOF,0.038076451342809556,0.014905269173347281,0.9470182794838432
25919,LOF,0.03389081051207007,0.016584628738447675,0.9495245607494823
25920,LOF,0.3472248555016814,0.1513776618874666,0.501397482610852
25921,LOF,0.020210743695197365,0.018508196780918633,0.961281059523884
25922,LOF,0.01874689777169606,0.01904227929568513,0.9622108229326187
25923,LOF,0.45235712970778735,0.014001004061193282,0.5336418662310194
25924,LOF,0.027329801232360566,0.021319783530578153,0.9513504152370612
25925,LOF,0.11081924817774674,0.02947101987304908,0.8597097319492042
25926,LOF,0.09718667045698365,0.021259288928063693,0.8815540406149526
25927,LOF,0.02714210725464998,0.0378659167388757,0.9349919760064743
25928,LOF,0.014281877555459252,0.02259128849158576,0.9631268339529548
25929,Neutral,0.5992354009097666,0.01368064470691432,0.38708395438331916
25930,LOF,0.10128848640335557,0.013552848310533919,0.8851586652861106
25931,LOF,0.016079762918239125,0.01718915367800371,0.9667310834037572
25932,LOF,0.09862175191748111,0.015352074645485894,0.8860261734370329
25933,LOF,0.09155096807759634,0.009055648664307296,0.8993933832580965
25934,LOF,0.0964052759376661,0.008624416553627116,0.8949703075087069
25935,LOF,0.11595851323894514,0.02128372407335751,0.8627577626876973
25936,LOF,0.10155490752042694,0.009321524387335077,0.889123568092238
25937,LOF,0.02274458404634651,0.015967829645398352,0.9612875863082552
25938,LOF,0.11696979133319296,0.018388070259190082,0.864642138407617
25939,LOF,0.06796272854319631,0.013303695699794435,0.9187335757570092
25940,GOF,0.01269363305789427,0.5244104502084366,0.46289591673366914
25941,Neutral,0.48526669156915647,0.04492759853723675,0.4698057098936067
25942,LOF,0.01079629692763066,0.04700166717868344,0.9422020358936859
25943,LOF,0.04754162436227932,0.2076727615300662,0.7447856141076544
25944,LOF,0.05425388758951744,0.10375718694566236,0.8419889254648201
25945,LOF,0.1691362075226002,0.028542695242053672,0.8023210972353461
25946,LOF,0.08363233044763246,0.041900774948569613,0.8744668946037979
25947,Neutral,0.48781719958537495,0.14322238144349864,0.3689604189711263
25948,LOF,0.3729312383397262,0.011949557183922498,0.6151192044763513
25949,LOF,0.13825044348683463,0.06371007120785323,0.7980394853053121
25950,GOF,0.10671366958945575,0.6417746530969201,0.25151167731362417
25951,LOF,0.012571438899271516,0.43844820837252646,0.548980352728202
25952,LOF,0.16410645867230145,0.2769783585529285,0.55891518277477
25953,LOF,0.007305415579162312,0.3133649933869082,0.6793295910339294
25954,LOF,0.07691382784870308,0.43306677228547313,0.4900193998658237
25955,LOF,0.010214300259053653,0.2515389946825838,0.7382467050583627
25956,LOF,0.01197932870446494,0.35603882017883964,0.6319818511166955
25957,LOF,0.15931013110467418,0.044763231277729826,0.795926637617596
25958,LOF,0.03354687795036676,0.05979413172200891,0.9066589903276243
25959,GOF,0.0066300416329917265,0.7339695551595418,0.2594004032074665
25960,LOF,0.004924454420994049,0.11926595551356216,0.8758095900654439
25961,LOF,0.028514204175757285,0.045823096373938485,0.9256626994503042
25962,LOF,0.03879184610085041,0.08679292133321297,0.8744152325659366
25963,LOF,0.008674532406542463,0.13233189308178148,0.858993574511676
25964,LOF,0.043951009720076074,0.11393144201791087,0.8421175482620131
25965,LOF,0.19160179288029844,0.16009451631158916,0.6483036908081125
25966,LOF,0.30547297723369443,0.10099205233068183,0.5935349704356238
25967,LOF,0.006010083356665554,0.0991711446986478,0.8948187719446867
25968,LOF,0.05302695446330627,0.27807893756265456,0.6688941079740393
25969,LOF,0.1453332547087994,0.06502554725861623,0.7896411980325843
25970,LOF,0.06435230546331981,0.054856090368318004,0.8807916041683622
25971,LOF,0.0646390297868175,0.028749967469710334,0.9066110027434722
25972,LOF,0.07599467348214606,0.04550416031838251,0.8785011661994714
25973,LOF,0.05608514544714492,0.010184385798555228,0.9337304687542999
25974,LOF,0.05732896304992202,0.04190390505792218,0.9007671318921557
25975,LOF,0.033531906216555996,0.015272143286293628,0.9511959504971503
25976,LOF,0.08945578260380117,0.012584380961503758,0.897959836434695
25977,LOF,0.2319274949828159,0.04445134051190253,0.7236211645052816
25978,LOF,0.14893214606016328,0.15288556867967387,0.6981822852601628
25979,LOF,0.11716155720088015,0.16033986682900167,0.7224985759701181
25980,LOF,0.19508773581416922,0.25155914975326477,0.553353114432566
25981,LOF,0.1966843030412434,0.25565917211924,0.5476565248395165
25982,LOF,0.33668487266248154,0.1244139926048766,0.5389011347326419
25983,LOF,0.4253842923327845,0.12641446394572933,0.44820124372148623
25984,LOF,0.06570505278188406,0.09043603154083996,0.8438589156772759
25985,Neutral,0.47109503595523855,0.1261610245829265,0.40274393946183495
25986,LOF,0.014126903012422965,0.41723665838020985,0.5686364386073671
25987,LOF,0.037170451527413426,0.11203763181883622,0.8507919166537504
25988,LOF,0.064549912377309,0.15216641910598624,0.7832836685167048
25989,LOF,0.07751540941435027,0.20172189049685033,0.7207627000887995
25990,LOF,0.06464720757383112,0.33781147465338907,0.5975413177727797
25991,GOF,0.023853663219990696,0.5262505039122758,0.4498958328677336
25992,LOF,0.011377264311511143,0.44172508530116256,0.5468976503873263
25993,LOF,0.017635646140421297,0.06121616698432208,0.9211481868752566
25994,LOF,0.02426832664581556,0.06679215921213867,0.9089395141420457
25995,LOF,0.018316486021428074,0.11026187197209107,0.8714216420064808
25996,GOF,0.31083910387396735,0.43380285459464185,0.2553580415313908
25997,GOF,0.05671711219355014,0.5101321720357868,0.43315071577066316
25998,LOF,0.2489083256087619,0.035723370553423575,0.7153683038378145
25999,LOF,0.02477386820973029,0.3274059714606018,0.6478201603296678
26000,LOF,0.13705451223609308,0.015369501062560664,0.8475759867013463
26001,LOF,0.1649439094256409,0.021122723907658618,0.8139333666667005
26002,LOF,0.09434973231922784,0.023552569339527405,0.8820976983412449
26003,GOF,0.006936467636174634,0.574584583298243,0.41847894906558236
26004,GOF,0.01620440192601795,0.5769529993041518,0.4068425987698303
26005,LOF,0.005289308111435659,0.45584740842738314,0.5388632834611812
26006,GOF,0.11992866354718186,0.47140005563038134,0.40867128082243687
26007,LOF,0.011731978808617337,0.469770195171003,0.5184978260203796
26008,GOF,0.007203855251888705,0.5559609369568315,0.4368352077912798
26009,GOF,0.011242996941311601,0.6039475283597505,0.3848094746989379
26010,GOF,0.009572605635189682,0.5324265208722155,0.4580008734925948
26011,LOF,0.005939206205534602,0.38425635806837405,0.6098044357260913
26012,GOF,0.005634975825482305,0.5008396574059504,0.49352536676856734
26013,GOF,0.012300075325735578,0.5414329341740947,0.4462669905001697
26014,LOF,0.050265627566642004,0.07667606318719773,0.8730583092461602
26015,LOF,0.4082811207769094,0.02196063904311996,0.5697582401799707
26016,LOF,0.27053876417419825,0.027086824584246674,0.7023744112415551
26017,LOF,0.016123071373533325,0.1265744497344233,0.8573024788920435
26018,LOF,0.0330717646126164,0.06002329591787202,0.9069049394695115
26019,LOF,0.03223466543558187,0.05024731009877209,0.9175180244656461
26020,LOF,0.006649816900006845,0.11396597301332713,0.8793842100866661
26021,LOF,0.07578024704193596,0.054072153533343034,0.870147599424721
26022,LOF,0.03694864253626447,0.025141370897269266,0.9379099865664663
26023,LOF,0.024529519383748675,0.03741761855511933,0.938052862061132
26024,LOF,0.04911814255246681,0.04130079903170638,0.9095810584158268
26025,LOF,0.11485114713289843,0.0449658719650723,0.8401829809020294
26026,LOF,0.11149275068467891,0.031652666794753474,0.8568545825205676
26027,LOF,0.032388178281088476,0.022744570363686132,0.9448672513552254
26028,LOF,0.0611815346616605,0.1725607888854101,0.7662576764529295
26029,LOF,0.02904963602587529,0.18846917408838484,0.78248118988574
26030,LOF,0.10398355004123742,0.026246724454024283,0.8697697255047383
26031,LOF,0.01307062979039496,0.16539673089704518,0.8215326393125598
26032,LOF,0.035105872741218,0.0482259776186239,0.9166681496401581
26033,LOF,0.034902491692082004,0.04565224563770934,0.9194452626702087
26034,LOF,0.018515368837719204,0.11513864217412875,0.866345988988152
26035,LOF,0.011836675117322972,0.12751933105798044,0.8606439938246966
26036,LOF,0.011115266325156846,0.10461406341698166,0.8842706702578614
26037,LOF,0.01123960603569531,0.11264290590351383,0.8761174880607909
26038,LOF,0.029743517729109825,0.043306532986548366,0.9269499492843417
26039,LOF,0.030823146098926883,0.1425302921232056,0.8266465617778676
26040,LOF,0.08711543365224968,0.1430673056805418,0.7698172606672085
26041,LOF,0.012868544269228894,0.11235054103695605,0.8747809146938151
26042,LOF,0.01199124857277338,0.11796334947956982,0.8700454019476569
26043,LOF,0.031202516738821042,0.07431748168508932,0.8944800015760896
26044,LOF,0.006938950089428196,0.05623746215976528,0.9368235877508065
26045,LOF,0.09075850881078289,0.20745930563259662,0.7017821855566205
26046,LOF,0.027878370486879557,0.04939552756300495,0.9227261019501155
26047,LOF,0.06290361297573827,0.048291116295621085,0.8888052707286407
26048,LOF,0.07732632530684957,0.02324646358000887,0.8994272111131416
26049,Neutral,0.9441712150332892,0.007212225404076569,0.048616559562634304
26050,Neutral,0.9091002877812963,0.007865668620635194,0.08303404359806832
26051,LOF,0.02838475069399162,0.3447199339297445,0.626895315376264
26052,LOF,0.0327524278717135,0.28076820058545904,0.6864793715428275
26053,LOF,0.01677729679100599,0.18038775388591385,0.8028349493230802
26054,LOF,0.057832934044085016,0.0453087177853088,0.8968583481706061
26055,LOF,0.08170241290125352,0.04497017353342172,0.8733274135653248
26056,LOF,0.06528744201593648,0.057143018690960536,0.877569539293103
26057,LOF,0.0648314472959966,0.026137027673445723,0.9090315250305577
26058,LOF,0.07199756627387657,0.02104571616802783,0.9069567175580956
26059,LOF,0.20150546037425723,0.0641625149910398,0.734332024634703
26060,LOF,0.016135902189813856,0.20309207504698093,0.7807720227632052
26061,LOF,0.010685886870638936,0.017393475341356702,0.9719206377880043
26062,LOF,0.005813826464453804,0.025572283858514965,0.9686138896770313
26063,LOF,0.05369416781283819,0.017802965895659904,0.9285028662915019
26064,LOF,0.01407473269962917,0.023080837687509216,0.9628444296128617
26065,LOF,0.07042540430547387,0.025723227241106632,0.9038513684534195
26066,LOF,0.05664808220772488,0.018168830686296385,0.9251830871059787
26067,LOF,0.057478541023313186,0.015637798192075125,0.9268836607846117
26068,LOF,0.05464349086711211,0.036941735516760874,0.9084147736161271
26069,LOF,0.18053433077046807,0.03989855520422858,0.7795671140253033
26070,LOF,0.38794263526359773,0.023742342387321994,0.5883150223490804
26071,LOF,0.05475133799990411,0.01912792426596869,0.9261207377341271
26072,LOF,0.006722436588684753,0.029826591964700822,0.9634509714466145
26073,LOF,0.04522088330657241,0.02346870708142986,0.9313104096119976
26074,Neutral,0.6700492537786099,0.015529441042569675,0.3144213051788205
26075,LOF,0.045622451130253115,0.031349007383555394,0.9230285414861915
26076,LOF,0.04645306021747933,0.02002748344243316,0.9335194563400876
26077,LOF,0.1604377072854412,0.015583794818014434,0.8239784978965444
26078,LOF,0.006683941685845246,0.032835194183525505,0.9604808641306292
26079,LOF,0.05936081274100335,0.031149541348522703,0.9094896459104739
26080,LOF,0.05851933184022237,0.03127408658334161,0.9102065815764361
26081,LOF,0.045282955804721206,0.01611488258539361,0.9386021616098853
26082,LOF,0.006981618250091948,0.028400023127706946,0.9646183586222011
26083,LOF,0.11651962092750069,0.03265149697231595,0.8508288821001834
26084,LOF,0.1291179749910652,0.028181899844896167,0.8427001251640386
26085,LOF,0.12475347969403075,0.022750061059223274,0.852496459246746
26086,LOF,0.03952490943027636,0.023181375050856677,0.937293715518867
26087,LOF,0.04141949615463295,0.022062479047826426,0.9365180247975406
26088,LOF,0.006366921660026819,0.052478032484197995,0.9411550458557753
26089,LOF,0.04363200281411718,0.04884667301130577,0.9075213241745771
26090,LOF,0.04366493376269724,0.03697466829928496,0.9193603979380177
26091,LOF,0.03278103205064086,0.016464200214442355,0.9507547677349167
26092,LOF,0.05245190561042824,0.014741216920274153,0.9328068774692976
26093,LOF,0.07135553601000776,0.010522755391546694,0.9181217085984456
26094,LOF,0.03889268313092967,0.0124938596814107,0.9486134571876597
26095,LOF,0.011291516076996721,0.034295237442303554,0.9544132464806997
26096,LOF,0.21208602714360122,0.008664068579892867,0.779249904276506
26097,LOF,0.006255517228063563,0.06554000811368062,0.9282044746582558
26098,LOF,0.054357268010094745,0.027279786178709495,0.9183629458111957
26099,LOF,0.04753355802940189,0.03436032403032531,0.9181061179402729
26100,LOF,0.04742771710754352,0.03436414225237541,0.9182081406400809
26101,LOF,0.04565452928877129,0.05530185711616525,0.8990436135950636
26102,LOF,0.04210010808253508,0.025903057220479524,0.9319968346969854
26103,Neutral,0.8979183534956107,0.03757785332848309,0.06450379317590639
26104,LOF,0.05625486744005259,0.052164167874093774,0.8915809646858536
26105,LOF,0.24368427488168903,0.10237401092779852,0.6539417141905124
26106,LOF,0.2685592165010992,0.04259429018677831,0.6888464933121223
26107,LOF,0.01581895601659388,0.06441792330133506,0.9197631206820711
26108,LOF,0.16653479549200223,0.05119319666320348,0.7822720078447943
26109,LOF,0.05853411174515456,0.05600122333662538,0.8854646649182202
26110,LOF,0.42087173310492926,0.010170073095454766,0.568958193799616
26111,LOF,0.05998946330930729,0.058656916452925076,0.8813536202377678
26112,LOF,0.0673755151632574,0.010215489112290895,0.9224089957244518
26113,LOF,0.10794174680076508,0.027144019815988345,0.8649142333832467
26114,LOF,0.09572448201692642,0.007523476030783315,0.8967520419522903
26115,LOF,0.018125619547439353,0.06194279224353155,0.9199315882090291
26116,LOF,0.0756658290349598,0.022480793150795663,0.9018533778142446
26117,LOF,0.3809920659681437,0.03578661382706472,0.5832213202047916
26118,LOF,0.03877040189492668,0.018071174312291355,0.943158423792782
26119,LOF,0.006438633453825146,0.08065236786647965,0.9129089986796951
26120,LOF,0.03363360360487307,0.015638318264604305,0.9507280781305226
26121,LOF,0.004695919699489611,0.11685358650377979,0.8784504937967307
