feature0,prediction,LoGoFunc_Neutral,LoGoFunc_GOF,LoGoFunc_LOF
25546,Neutral,0.74536603069679,0.0434336247463017,0.2112003445569084
25547,Neutral,0.5831078228201424,0.09536058104872007,0.3215315961311376
25548,Neutral,0.6063575925110563,0.06683471548222984,0.32680769200671383
25549,Neutral,0.5285878428312254,0.06625120286689026,0.40516095430188437
25550,LOF,0.36734832680540125,0.1463885527724005,0.4862631204221982
25551,LOF,0.29274462058500594,0.15490035235956912,0.5523550270554249
25552,LOF,0.21674769605686484,0.1424620946163551,0.64079020932678
25553,Neutral,0.8523965655027164,0.030102649791106578,0.11750078470617699
25554,LOF,0.24673666777220804,0.13860557318622213,0.6146577590415697
25555,LOF,0.2095230134692475,0.12207471762268153,0.668402268908071
25556,Neutral,0.4656834190545984,0.11892721406718589,0.4153893668782156
25557,LOF,0.19761725711253722,0.1269772895955572,0.6754054532919056
25558,LOF,0.2366505295128904,0.1363264218551504,0.6270230486319592
25559,LOF,0.36292266866052963,0.11795539749912355,0.5191219338403468
25560,LOF,0.0633392680037274,0.13865963488997388,0.7980010971062986
25561,LOF,0.14435416166575324,0.12427273815119598,0.7313731001830508
25562,LOF,0.07742164764025616,0.08229830511135414,0.8402800472483898
25563,LOF,0.09944411635003171,0.0795750842005065,0.8209807994494617
25564,LOF,0.19725161609311678,0.138520715693273,0.6642276682136102
25565,LOF,0.14085959877941373,0.1630508014059186,0.6960895998146677
25566,GOF,0.01686615299922468,0.7955339736842639,0.18759987331651146
25567,LOF,0.018884557115909858,0.21562479810354113,0.765490644780549
25568,LOF,0.05823609724259033,0.09079156885815987,0.8509723338992499
25569,LOF,0.060959704902377135,0.08881663351414011,0.8502236615834827
25570,LOF,0.030371261261450434,0.13749477322750603,0.8321339655110435
25571,LOF,0.02814703702860685,0.1343865281493694,0.8374664348220239
25572,LOF,0.053522300850736546,0.14774604595646676,0.7987316531927967
25573,LOF,0.037934952792310885,0.11925462531667641,0.8428104218910127
25574,LOF,0.019996997809746092,0.19093279797311227,0.7890702042171416
25575,LOF,0.02360130797069053,0.14800681882351374,0.8283918732057957
25576,LOF,0.013758512310357868,0.17655854456910577,0.8096829431205362
25577,LOF,0.012823401685314787,0.13993657018469458,0.8472400281299907
25578,LOF,0.29401607707100347,0.11558026694224528,0.5904036559867513
25579,LOF,0.13671037455990356,0.13412894226528127,0.7291606831748152
25580,LOF,0.017663441988516347,0.1091632827078864,0.8731732753035972
25581,LOF,0.052201683393402636,0.09043414236866755,0.8573641742379298
25582,LOF,0.05221898218883485,0.08903635584380165,0.8587446619673634
25583,LOF,0.019051157399148606,0.1250266602746263,0.8559221823262251
25584,Neutral,0.5041907804269474,0.1291921718310351,0.36661704774201753
25585,LOF,0.0194551879404018,0.16221764256587914,0.818327169493719
25586,LOF,0.015395089360618694,0.1076263606434841,0.8769785499958973
25587,LOF,0.015609178897845162,0.10141051075352595,0.882980310348629
25588,LOF,0.01537565758654519,0.11811824462169561,0.8665060977917592
25589,Neutral,0.5835522128591851,0.16604511112991233,0.2504026760109025
25590,LOF,0.03332053175406569,0.14690027647673662,0.8197791917691977
25591,LOF,0.09572048941569175,0.07692559343341847,0.8273539171508898
25592,LOF,0.04620413310554899,0.17542174018299508,0.7783741267114559
25593,LOF,0.020071374430150016,0.3021078628689689,0.6778207627008811
25594,LOF,0.0480058643691343,0.12347380310889386,0.8285203325219718
25595,LOF,0.061713706731089994,0.09545110347242444,0.8428351897964855
25596,LOF,0.06435484296355345,0.06755901198568184,0.8680861450507646
25597,LOF,0.041652482046174576,0.07513088680816397,0.8832166311456614
25598,LOF,0.04869188923911744,0.10813596549688949,0.843172145263993
25599,GOF,0.00648381682053746,0.5455083626463435,0.4480078205331191
25600,GOF,0.025047503778942413,0.6190310554002826,0.35592144082077487
25601,LOF,0.013500751472945835,0.39945985759760316,0.587039390929451
25602,LOF,0.019085493997207655,0.04851098755794754,0.9324035184448448
25603,LOF,0.0477355774348801,0.018974253452748023,0.933290169112372
25604,LOF,0.0278641473349049,0.07738803323676118,0.8947478194283339
25605,LOF,0.008450431494084322,0.1949670334414869,0.7965825350644288
25606,LOF,0.12128146721385592,0.3295463872606604,0.5491721455254838
25607,LOF,0.004641116850490933,0.2268743612737564,0.7684845218757527
25608,LOF,0.022585801585181767,0.10774133624846946,0.8696728621663489
25609,LOF,0.07888304706340175,0.416549818757786,0.5045671341788123
25610,LOF,0.01837051158133891,0.026840390580546842,0.9547890978381143
25611,LOF,0.01986322557677938,0.026719071860244047,0.9534177025629765
25612,LOF,0.08897705272772681,0.03973266019104634,0.8712902870812268
25613,LOF,0.07645612414496461,0.03982089168658099,0.8837229841684543
25614,LOF,0.02350986953230005,0.031108542855935024,0.945381587611765
25615,LOF,0.03090485019143232,0.039240608261483186,0.9298545415470845
25616,LOF,0.05465667198155926,0.02982336473437765,0.915519963284063
25617,LOF,0.05477754159141009,0.03258335132504697,0.912639107083543
25618,LOF,0.07260509949688812,0.035453119481304536,0.8919417810218073
25619,LOF,0.015869723711846608,0.032594797890395835,0.9515354783977575
25620,LOF,0.06898818018140981,0.03864232386457154,0.8923694959540187
25621,LOF,0.028380076538074384,0.04053034855449846,0.9310895749074273
25622,LOF,0.036550085683091614,0.03567137035529083,0.9277785439616176
25623,LOF,0.0623157551997977,0.02517789273989423,0.9125063520603081
25624,LOF,0.020479543972428186,0.03750470120217031,0.9420157548254015
25625,LOF,0.04118922436803895,0.044917389358272455,0.9138933862736885
25626,LOF,0.07103343165947276,0.03448287144891409,0.8944836968916132
25627,Neutral,0.5821602627661604,0.10967220600023364,0.30816753123360596
25628,LOF,0.21675252853379698,0.052364107957665156,0.7308833635085378
25629,LOF,0.05836532927061553,0.05948544900355102,0.8821492217258335
25630,LOF,0.1564583335119314,0.08820671450603794,0.7553349519820307
25631,Neutral,0.6288057239796312,0.054558589967373755,0.3166356860529951
25632,LOF,0.010622440494035637,0.08015315973681549,0.9092243997691489
25633,LOF,0.2120275641661183,0.0727265338939127,0.7152459019399691
25634,LOF,0.03328446981023105,0.1127972160330761,0.8539183141566928
25635,LOF,0.028598089865220114,0.07189043777322593,0.8995114723615539
25636,GOF,0.006064673660958254,0.5636341994092042,0.43030112692983746
25637,GOF,0.0070809521743151185,0.5978750463010009,0.39504400152468405
25638,LOF,0.01272525318285395,0.27012541165948295,0.7171493351576631
25639,LOF,0.00602292521162402,0.4491920292397789,0.544785045548597
25640,GOF,0.4563402196782825,0.461153083293092,0.08250669702862548
25641,LOF,0.01148875050018901,0.32175882315544335,0.6667524263443676
25642,LOF,0.25482287653269786,0.06643295089092671,0.6787441725763755
25643,LOF,0.20036954376224422,0.21802010515356401,0.5816103510841918
25644,GOF,0.010247323303104912,0.49877808256437234,0.4909745941325228
25645,LOF,0.008871419143648562,0.4377568951521854,0.5533716857041661
25646,LOF,0.014178836788011417,0.3198445123138914,0.6659766508980973
25647,LOF,0.010768894571694611,0.27353722365308136,0.7156938817752241
25648,LOF,0.010589139284484588,0.2624405082565637,0.7269703524589517
25649,LOF,0.009274012617600842,0.18891906105467188,0.8018069263277272
25650,LOF,0.01535667384788517,0.39812307986075923,0.5865202462913556
25651,LOF,0.006629299768013519,0.2772096342127737,0.7161610660192127
25652,LOF,0.010727411758412112,0.24922827982367318,0.7400443084179148
25653,LOF,0.03767752992746184,0.3948413712069031,0.567481098865635
25654,LOF,0.013025325253331445,0.15072796197997437,0.8362467127666943
25655,LOF,0.06156654401469356,0.40610819476991594,0.5323252612153905
25656,LOF,0.21000321855602738,0.04737081216092928,0.7426259692830434
25657,LOF,0.30517366905355536,0.02623292673911042,0.6685934042073342
25658,LOF,0.07039081147988295,0.06756015306317881,0.8620490354569382
25659,LOF,0.4133544899987247,0.06096604404142013,0.5256794659598552
25660,LOF,0.032504576010416765,0.10164130069881867,0.8658541232907646
25661,LOF,0.10643921510143138,0.065029261701228,0.8285315231973406
25662,LOF,0.023978881352062224,0.04716622023025526,0.9288548984176824
25663,LOF,0.03189168504160178,0.06582579894678577,0.9022825160116125
25664,LOF,0.05817269097665695,0.07618876363872902,0.865638545384614
25665,LOF,0.06152027257104554,0.04120154187348377,0.8972781855554707
25666,LOF,0.0665218867410359,0.09434144853257785,0.8391366647263863
25667,LOF,0.07655298730164725,0.05025696240045168,0.873190050297901
25668,LOF,0.026083693674669277,0.05641287305220707,0.9175034332731236
25669,LOF,0.027854033438563217,0.07900364835262019,0.8931423182088165
25670,LOF,0.10333607074527164,0.06944386125816797,0.8272200679965603
25671,LOF,0.09643184094358226,0.04477123558309753,0.8587969234733203
25672,LOF,0.06770190365992118,0.05578552403737748,0.8765125723027014
25673,LOF,0.04325332978371067,0.06449631207319494,0.8922503581430944
25674,LOF,0.0351280352157149,0.08138477369973218,0.8834871910845529
25675,LOF,0.0602640422218383,0.07276835060746746,0.8669676071706943
25676,LOF,0.020738138116605204,0.06921361675692855,0.9100482451264662
25677,LOF,0.02875893576518523,0.0796514394007904,0.8915896248340245
25678,LOF,0.20907109618433187,0.046332314437253164,0.744596589378415
25679,LOF,0.1551344533058703,0.07419730066312324,0.7706682460310064
25680,LOF,0.03223929948499368,0.11481993669897395,0.8529407638160325
25681,LOF,0.05305481749811801,0.10680739486227925,0.8401377876396028
25682,LOF,0.12069669882375929,0.08028201790838188,0.7990212832678589
25683,LOF,0.1195534210374579,0.1071204257856563,0.7733261531768858
25684,LOF,0.04290342988104278,0.08454174936743644,0.8725548207515208
25685,LOF,0.11638437826413438,0.07104921912334647,0.8125664026125191
25686,LOF,0.03557604869546603,0.09652467921968483,0.8678992720848491
25687,LOF,0.041927108525174506,0.0827188358025522,0.8753540556722734
25688,LOF,0.0404981614974214,0.06099392478389301,0.8985079137186857
25689,LOF,0.026710290770094618,0.06375401472753392,0.9095356945023714
25690,LOF,0.03110942128418523,0.056891010876567435,0.9119995678392473
25691,LOF,0.2783840920979096,0.0716146193199337,0.6500012885821566
25692,LOF,0.35849440784495623,0.006898860163354187,0.6346067319916896
25693,LOF,0.10405462325859156,0.1758474096113713,0.7200979671300372
25694,LOF,0.25858708267293856,0.014976415554587438,0.7264365017724741
25695,LOF,0.17403658552172796,0.03414076319663369,0.7918226512816384
25696,LOF,0.1602155031821684,0.014758767360191894,0.8250257294576397
25697,LOF,0.17696430423918333,0.03164842192527018,0.7913872738355464
25698,LOF,0.042620390438101494,0.4498428644424849,0.5075367451194136
25699,LOF,0.05588351869465848,0.09826938601091494,0.8458470952944266
25700,LOF,0.0577230833805655,0.009312439888304153,0.9329644767311304
25701,LOF,0.015599553447734246,0.08629816810008495,0.8981022784521807
25702,GOF,0.027964890712727803,0.6941662086874583,0.2778689005998139
25703,LOF,0.012793461047357055,0.1636085409137017,0.8235979980389412
25704,LOF,0.04254577878553137,0.15382254953035354,0.8036316716841151
25705,LOF,0.04764848462083798,0.23412037433722502,0.718231141041937
25706,GOF,0.03628899447107745,0.5097450356685613,0.4539659698603613
25707,LOF,0.019069562957181752,0.4628173849190004,0.518113052123818
25708,LOF,0.006686721850274931,0.38742655472267645,0.6058867234270486
25709,LOF,0.05380528081197128,0.05965249652090926,0.8865422226671196
25710,LOF,0.006710449502215821,0.1707853225229248,0.8225042279748593
25711,LOF,0.018037224384335433,0.11413048909352132,0.8678322865221433
25712,LOF,0.010793103176476037,0.1829591159805455,0.8062477808429785
25713,LOF,0.016965290828536095,0.10182222230700061,0.8812124868644632
25714,LOF,0.06789853893100935,0.12262310924217458,0.809478351826816
25715,LOF,0.012436536332368103,0.13772191600684244,0.8498415476607895
25716,LOF,0.009309590706022337,0.1037175819916799,0.8869728273022978
25717,LOF,0.00757188633292266,0.10037913396846528,0.892048979698612
25718,LOF,0.013181811141926443,0.08398520211171155,0.902832986746362
25719,LOF,0.02089771717881009,0.09105719004499167,0.8880450927761981
25720,LOF,0.021721376631771493,0.08363325485188276,0.8946453685163457
25721,LOF,0.014872321161309886,0.10966009531567762,0.8754675835230125
25722,LOF,0.012926052726430357,0.13386284631685,0.8532111009567196
25723,LOF,0.018087476612777414,0.06870670872207937,0.9132058146651432
25724,LOF,0.024444048116190026,0.1099117544734921,0.8656441974103178
25725,LOF,0.013063284448088044,0.0769306111775646,0.9100061043743474
25726,LOF,0.01089600651286977,0.10748500255431498,0.8816189909328153
25727,LOF,0.013607805974954361,0.0906903992290576,0.8957017947959881
25728,LOF,0.011664516951181456,0.11695335516549493,0.8713821278833236
25729,LOF,0.012141411521366783,0.11952972588976901,0.8683288625888641
25730,LOF,0.01288527189247488,0.09563591660030324,0.8914788115072219
25731,LOF,0.00988043588142395,0.15577051248730503,0.834349051631271
25732,LOF,0.012658194754449442,0.10401698665043227,0.8833248185951182
25733,LOF,0.01760415445564488,0.08410597174130989,0.8982898738030451
25734,LOF,0.0061458563565915,0.15846248671659968,0.8353916569268088
25735,LOF,0.01434186147052669,0.08933005922150108,0.8963280793079723
25736,LOF,0.01340242153777138,0.12845319170649805,0.8581443867557305
25737,LOF,0.024329126407624545,0.0957419256500452,0.8799289479423301
25738,LOF,0.013493901164694358,0.13279674295628435,0.8537093558790214
25739,LOF,0.02077342199703013,0.114363841828256,0.8648627361747139
25740,LOF,0.029064605714589027,0.1278770303010385,0.8430583639843725
25741,LOF,0.014941860273145063,0.10677332579752846,0.8782848139293264
25742,LOF,0.10635806803304586,0.0969344860768144,0.7967074458901398
25743,LOF,0.023158298721141623,0.042033866098026465,0.9348078351808319
25744,GOF,0.2121113453652304,0.39781867953997013,0.39006997509479935
25745,LOF,0.02493544620922322,0.0578090547322302,0.9172554990585466
25746,LOF,0.013643493952052074,0.07181346703830284,0.9145430390096452
25747,LOF,0.024408467672859126,0.03446709576464548,0.9411244365624953
25748,LOF,0.14946819460930016,0.06257971752100447,0.7879520878696954
25749,LOF,0.014595641247385029,0.047259179178771066,0.9381451795738439
25750,LOF,0.028671475580303647,0.07153830494025523,0.8997902194794413
25751,LOF,0.09279207024192827,0.0653302139963387,0.8418777157617331
25752,GOF,0.10577747343400502,0.6266894282819987,0.2675330982839962
25753,LOF,0.008311968971529672,0.3801291923832605,0.6115588386452099
25754,GOF,0.0044745754420312854,0.8576194380935492,0.13790598646441943
25755,LOF,0.010846057680327661,0.4287271239396201,0.5604268183800521
25756,LOF,0.051725858239346306,0.4229414509933506,0.5253326907673032
25757,GOF,0.005577302289916932,0.8738551913424564,0.12056750636762675
25758,GOF,0.006537015646061538,0.8578326313821621,0.1356303529717764
25759,GOF,0.0043718930722710025,0.5445856795482937,0.45104242737943523
25760,LOF,0.005564239134602275,0.3067746392384863,0.6876611216269113
25761,GOF,0.04261643164832679,0.8417033335614444,0.11568023479022875
25762,LOF,0.03053883492557069,0.34730229790027706,0.6221588671741523
25763,LOF,0.006548068760093001,0.24179326042420618,0.7516586708157008
25764,GOF,0.12568126849107983,0.518159513487007,0.3561592180219132
25765,GOF,0.010146984538191439,0.8109558485851954,0.17889716687661314
25766,GOF,0.024433481801179914,0.8053640149603055,0.17020250323851469
25767,LOF,0.021944095899986173,0.47623799331516603,0.5018179107848478
25768,LOF,0.07310616967703856,0.06368371381440455,0.8632101165085568
25769,LOF,0.0738332950044134,0.05206509671633647,0.8741016082792501
25770,LOF,0.15257825842398626,0.06094991853143106,0.7864718230445829
25771,LOF,0.01763162340152908,0.0657027395018894,0.9166656370965816
25772,LOF,0.014995927372249189,0.025888524746817985,0.9591155478809327
25773,LOF,0.017701652339316462,0.11059804267719822,0.8717003049834854
25774,LOF,0.03189533123291814,0.07143732634583637,0.8966673424212455
25775,LOF,0.022906468516392615,0.043836295093758915,0.9332572363898484
25776,LOF,0.0773951083020876,0.02049258933820955,0.9021123023597027
25777,LOF,0.18065541311956687,0.05148677549935701,0.7678578113810761
25778,LOF,0.0637442064591202,0.04116846865883638,0.8950873248820435
25779,GOF,0.055439201382452286,0.8674153324608127,0.07714546615673498
25780,GOF,0.0568926751611363,0.8575190279736437,0.08558829686521996
25781,GOF,0.02336941945215019,0.8545497042085002,0.12208087633934973
25782,GOF,0.02721681634069112,0.8736469970489896,0.0991361866103192
25783,GOF,0.012839518991358649,0.6952938016696174,0.291866679339024
25784,GOF,0.13641723130126876,0.7988968335557644,0.06468593514296687
25785,GOF,0.06240432270781809,0.8832205058331757,0.0543751714590063
25786,GOF,0.00437775445338903,0.7954678194681134,0.2001544260784976
25787,GOF,0.16029358997815157,0.7987391613634601,0.04096724865838827
25788,LOF,0.04402439926978289,0.13058812597046443,0.8253874747597527
25789,GOF,0.029542845425292553,0.8341537705288855,0.136303384045822
25790,GOF,0.03723104934505847,0.8623221306630813,0.10044681999186032
25791,GOF,0.025677260077695482,0.8203220809722498,0.15400065895005474
25792,GOF,0.04374992040842123,0.8270689578697438,0.1291811217218349
25793,GOF,0.09231323851298237,0.7989378139664253,0.10874894752059226
25794,GOF,0.08405369472368723,0.7229238518158475,0.19302245346046532
25795,GOF,0.030460921984743122,0.7562401904946787,0.21329888752057824
25796,GOF,0.1215817591104405,0.7606504520383218,0.11776778885123756
25797,GOF,0.03488681031247472,0.6125611866898838,0.35255200299764156
25798,GOF,0.002778604607939002,0.5880930869094477,0.40912830848261317
25799,LOF,0.0026010849856992068,0.4714447362070713,0.5259541788072295
25800,GOF,0.011244545124295166,0.6464850990280692,0.34227035584763577
25801,GOF,0.024197345059799237,0.8177794159774456,0.15802323896275502
25802,GOF,0.015463828937996742,0.7674661668299811,0.21707000423202222
25803,GOF,0.009659916332392536,0.6609530357438368,0.3293870479237708
25804,GOF,0.010166438660798372,0.5489119713070612,0.4409215900321404
25805,GOF,0.017762101461295456,0.6498823370010741,0.33235556153763035
25806,GOF,0.0156488066691803,0.7059347001713723,0.27841649315944733
25807,GOF,0.004253124984792689,0.6731083803294308,0.3226384946857766
25808,GOF,0.012148834844793526,0.6817735423212715,0.30607762283393475
25809,GOF,0.005001541659435024,0.6606259444464355,0.3343725138941294
25810,GOF,0.004128755844173294,0.6702190868213235,0.3256521573345032
25811,GOF,0.08930341788846581,0.7983096530280902,0.112386929083444
25812,GOF,0.013806926585972778,0.6649278430428959,0.3212652303711314
25813,GOF,0.10403343576870357,0.7625386900642939,0.13342787416700266
25814,GOF,0.023203295562787066,0.7292881588102595,0.24750854562695332
25815,GOF,0.038447076840554185,0.7299882881725923,0.23156463498685337
25816,GOF,0.00660230188661898,0.796609886023825,0.196787812089556
25817,GOF,0.08846807363071038,0.7346025841992783,0.17692934217001133
25818,GOF,0.02009015941147362,0.7785192404477026,0.20139060014082374
25819,GOF,0.06027403793877146,0.7431893013431983,0.19653666071803022
25820,GOF,0.028633587255329985,0.7369826354962147,0.23438377724845535
25821,GOF,0.016347945433385986,0.7305711258300721,0.25308092873654187
25822,GOF,0.03141561170733676,0.744545907904764,0.22403848038789914
25823,GOF,0.012279864861795721,0.600054649394752,0.3876654857434523
25824,GOF,0.019875068047872566,0.7273583033522164,0.2527666285999109
25825,GOF,0.012370096661707913,0.7042908071286953,0.28333909620959685
25826,GOF,0.004454785580124479,0.6551269852702251,0.3404182291496505
25827,GOF,0.007710403989074253,0.6450669872272723,0.34722260878365335
25828,GOF,0.004815457809500838,0.5873019884148925,0.4078825537756068
25829,GOF,0.00255647715116106,0.674815618299981,0.322627904548858
25830,LOF,0.02800657149874583,0.38704267898610356,0.5849507495151507
25831,GOF,0.035557323177427755,0.8254502845219852,0.1389923923005871
25832,GOF,0.006471682565554754,0.758690620594752,0.23483769683969322
25833,GOF,0.02432231874483632,0.8156897021948204,0.15998797906034343
25834,GOF,0.0067067220524312625,0.7769284505741932,0.21636482737337562
25835,GOF,0.015309578681491272,0.8254163211065269,0.15927410021198182
25836,GOF,0.0054746854839418,0.7760524246406115,0.2184728898754468
25837,GOF,0.004859374275165446,0.6689931576271574,0.3261474680976773
25838,GOF,0.014744403025556957,0.8438068747778947,0.1414487221965483
25839,GOF,0.03412075742068377,0.820133138251753,0.14574610432756313
25840,GOF,0.03849382914086334,0.8298609325497195,0.1316452383094171
25841,GOF,0.035962142391081954,0.8400710567872051,0.12396680082171305
25842,GOF,0.022582740115436657,0.8769621088028644,0.1004551510816989
25843,GOF,0.022536606843598393,0.8818196180421016,0.09564377511429994
25844,GOF,0.01475665342044754,0.8167048631225473,0.1685384834570053
25845,GOF,0.00464408767962287,0.5931875214265362,0.40216839089384093
25846,GOF,0.030043816516429997,0.8470425285666625,0.12291365491690748
25847,GOF,0.01623120335202197,0.8839325756667712,0.09983622098120672
25848,GOF,0.014063479810300927,0.8410463832110708,0.14489013697862813
25849,GOF,0.004170218677093833,0.7023798963878468,0.2934498849350594
25850,GOF,0.005309337968302524,0.7129205114542612,0.28177015057743615
25851,GOF,0.0047426230727450665,0.5973368851491088,0.3979204917781462
25852,GOF,0.13764486308828158,0.5876222778106929,0.2747328591010255
25853,GOF,0.06702340415939756,0.8356855367393194,0.09729105910128293
25854,GOF,0.007960011938988069,0.668294871685417,0.323745116375595
25855,GOF,0.014782907916098608,0.6199897044106497,0.3652273876732515
25856,GOF,0.037723002086539524,0.7471726695384336,0.21510432837502688
25857,GOF,0.014164539559502042,0.5757989109755592,0.4100365494649387
25858,GOF,0.007127843673696327,0.5853278028918215,0.40754435343448225
25859,GOF,0.004690800966026366,0.5627089506025348,0.43260024843143885
25860,GOF,0.07844959120034592,0.7888520429037931,0.1326983658958611
25861,GOF,0.13139483748012573,0.7602428504032631,0.10836231211661101
25862,GOF,0.0176265573702108,0.8343624262054535,0.14801101642433567
25863,GOF,0.01741871123345117,0.8530436477723001,0.12953764099424886
25864,GOF,0.047399688587048835,0.8406886444740198,0.11191166693893137
25865,GOF,0.03319247369493647,0.8007714901856717,0.16603603611939183
25866,GOF,0.020934257736356286,0.8372030338632069,0.14186270840043683
25867,GOF,0.02700352447914414,0.8565397033722245,0.11645677214863144
25868,GOF,0.04720891919481218,0.8116351729886212,0.1411559078165667
25869,GOF,0.3476629007844211,0.5625742048032109,0.08976289441236805
25870,GOF,0.21987136409589284,0.534456145752279,0.24567249015182813
25871,GOF,0.019878179262608778,0.8644732894741345,0.11564853126325683
25872,GOF,0.017532006031398602,0.8387541627794418,0.14371383118915948
25873,GOF,0.016406871295600978,0.8611490897728659,0.12244403893153322
25874,LOF,0.01532670033994602,0.13975954250319567,0.8449137571568583
25875,LOF,0.03664766958271152,0.04115777866569546,0.9221945517515929
25876,LOF,0.01866590771742778,0.03536016729986719,0.945973924982705
25877,LOF,0.13739967979946607,0.07558029307555696,0.7870200271249771
25878,LOF,0.056214210280564905,0.10156596870724238,0.8422198210121927
25879,LOF,0.022071107712037935,0.08268511373747106,0.895243778550491
25880,LOF,0.04634311339334657,0.010970976009018555,0.942685910597635
25881,Neutral,0.561092323893275,0.07254306911028414,0.36636460699644074
25882,LOF,0.057104073652162426,0.043220251324187824,0.8996756750236498
25883,LOF,0.045292191944624395,0.023572072241059144,0.9311357358143164
25884,LOF,0.020694880783568105,0.0585450025503845,0.9207601166660475
25885,LOF,0.24607926645463346,0.008637616167312387,0.7452831173780541
25886,LOF,0.1742405879242587,0.054607117910926435,0.7711522941648148
25887,LOF,0.165347907771351,0.06656532083516543,0.7680867713934836
25888,LOF,0.011861607686975981,0.14966573903345168,0.8384726532795722
25889,LOF,0.027218305582140178,0.03371919143913933,0.9390625029787205
25890,LOF,0.11995577141046089,0.10967705021956313,0.7703671783699759
25891,LOF,0.07428425310297357,0.053387787199432934,0.8723279596975935
25892,LOF,0.009398164566812108,0.0413451420067673,0.9492566934264206
25893,LOF,0.370321132549594,0.011315713955182157,0.618363153495224
25894,LOF,0.43815576012988855,0.007184520378291598,0.5546597194918199
25895,LOF,0.37027192744809817,0.014190106586077106,0.6155379659658248
25896,LOF,0.05567415592830915,0.03161902772012647,0.9127068163515645
25897,LOF,0.17876628842824127,0.011009944220533219,0.8102237673512255
25898,LOF,0.20321282549714662,0.038536809109597885,0.7582503653932555
25899,LOF,0.24680082465150557,0.03500104711368215,0.7181981282348122
25900,LOF,0.4574777625805385,0.009856331516693038,0.5326659059027684
25901,LOF,0.04220188128130853,0.01214345418193922,0.9456546645367523
25902,LOF,0.09253584114608003,0.017823740172179848,0.88964041868174
25903,LOF,0.35553706200734736,0.031970804286871886,0.6124921337057807
25904,LOF,0.4547576853617463,0.04090083739787925,0.5043414772403745
25905,LOF,0.006876235695203097,0.420378893976151,0.5727448703286458
25906,LOF,0.012179279299220688,0.106793122767682,0.8810275979330973
25907,LOF,0.003646339683500753,0.3272558414175786,0.6690978188989207
25908,LOF,0.0038835499656057555,0.22727728402021158,0.7688391660141827
25909,LOF,0.013188151276173501,0.16360370266335592,0.8232081460604705
25910,LOF,0.017844853796708148,0.11631203509856174,0.86584311110473
25911,LOF,0.3416923888002278,0.030005029148912614,0.6283025820508595
25912,LOF,0.06383984266805923,0.04881326718630474,0.8873468901456361
25913,LOF,0.059134141790255224,0.04815133699231673,0.892714521217428
25914,LOF,0.021047763411017884,0.07255169222205164,0.9064005443669304
25915,LOF,0.14395273592532631,0.27460387755359794,0.5814433865210757
25916,LOF,0.02152369679533823,0.17852041836660912,0.7999558848380526
25917,LOF,0.06914356564317935,0.048770776452376846,0.8820856579044438
25918,LOF,0.02689314366507573,0.042063198041958794,0.9310436582929654
25919,LOF,0.022928999304278063,0.04154355498985934,0.9355274457058627
25920,LOF,0.15002185712107588,0.2276981229640146,0.6222800199149096
25921,LOF,0.011566302821166092,0.03981849608494589,0.948615201093888
25922,LOF,0.014543711329532279,0.030523723361506005,0.9549325653089618
25923,LOF,0.4557143687388598,0.03805770903035365,0.5062279222307866
25924,LOF,0.022414743855154757,0.05007921747326579,0.9275060386715795
25925,LOF,0.07800803958853592,0.05257397194108186,0.8694179884703822
25926,LOF,0.06085425196187405,0.050944939161284716,0.8882008088768412
25927,LOF,0.018506300351748738,0.06942996959001453,0.9120637300582367
25928,LOF,0.00796268091007091,0.05591917577103042,0.9361181433188986
25929,Neutral,0.537224384980588,0.03640052902779876,0.4263750859916132
25930,LOF,0.08514096539087812,0.034020157421034515,0.8808388771880873
25931,LOF,0.011460490628321635,0.033505678316002895,0.9550338310556754
25932,LOF,0.029040724838045647,0.02910410604707255,0.9418551691148818
25933,LOF,0.036536231735575034,0.019054390308660515,0.9444093779557645
25934,LOF,0.024281287285867592,0.02014475690658281,0.9555739558075497
25935,LOF,0.07367369781811679,0.06401589539528267,0.8623104067866006
25936,LOF,0.040370813129573586,0.022687247820468357,0.936941939049958
25937,LOF,0.01037012386401347,0.03440906762330766,0.9552208085126789
25938,LOF,0.07345552320915265,0.05594172992339395,0.8706027468674533
25939,LOF,0.02788029435236094,0.023619975295066795,0.9484997303525724
25940,LOF,0.009251884876575139,0.33879363917999644,0.6519544759434284
25941,Neutral,0.548070438195019,0.02984207363043158,0.4220874881745494
25942,LOF,0.0070916080073999185,0.043844368143366834,0.9490640238492332
25943,LOF,0.03477173176375191,0.14833951648265692,0.8168887517535911
25944,LOF,0.11162746410627142,0.0720590573630534,0.8163134785306752
25945,LOF,0.05935931556406031,0.01965923480492686,0.9209814496310128
25946,LOF,0.07163270251891987,0.059801758096934825,0.8685655393841453
25947,Neutral,0.48250782985515767,0.08539830892782922,0.432093861217013
25948,Neutral,0.5035856666529039,0.01151148570388143,0.4849028476432146
25949,LOF,0.09385140204832,0.05606731999516809,0.850081277956512
25950,GOF,0.04922353777101358,0.6078140616194146,0.3429624006095717
25951,LOF,0.012329812921464244,0.4149008796927506,0.5727693073857851
25952,LOF,0.26644660395357717,0.2777013013593779,0.455852094687045
25953,LOF,0.01117992116864357,0.17605482403291223,0.8127652547984443
25954,LOF,0.051297820345702135,0.44157207993293596,0.5071300997213619
25955,LOF,0.010911615491368211,0.11746666724801265,0.8716217172606191
25956,LOF,0.025143582528069145,0.295283453610675,0.6795729638612559
25957,LOF,0.24624810109782594,0.03861702980059289,0.7151348691015812
25958,LOF,0.0418061807961949,0.02826598929390621,0.9299278299098989
25959,LOF,0.012726229249765983,0.4875065498352231,0.49976722091501097
25960,LOF,0.006364994023620685,0.05223958398609321,0.941395421990286
25961,LOF,0.04040453976513206,0.027935928753581543,0.9316595314812863
25962,LOF,0.03398412822650924,0.07449668228743554,0.8915191894860551
25963,LOF,0.005929416375804011,0.26687956824763004,0.7271910153765659
25964,LOF,0.023835975716710082,0.10322007484805404,0.8729439494352358
25965,LOF,0.30257610641650173,0.14785176110503448,0.5495721324784637
25966,Neutral,0.47655368794932756,0.11686005570672592,0.4065862563439466
25967,LOF,0.0070878587787295035,0.07341581146565988,0.9194963297556107
25968,LOF,0.04540648568446641,0.1787442289813255,0.775849285334208
25969,LOF,0.12223550744595152,0.055551941785562844,0.8222125507684857
25970,LOF,0.02927657946613338,0.09400238391931685,0.8767210366145497
25971,LOF,0.059050796331425535,0.02786055838169528,0.9130886452868793
25972,LOF,0.047891108541019724,0.0398273101083787,0.9122815813506016
25973,LOF,0.053142815471026436,0.014258937797414892,0.9325982467315588
25974,LOF,0.050224683504578295,0.04309708533536248,0.9066782311600593
25975,LOF,0.03325477156205854,0.029813714337207777,0.9369315141007336
25976,LOF,0.12478056510158476,0.015546040072428303,0.8596733948259869
25977,LOF,0.21413013763186597,0.0641656535231412,0.7217042088449929
25978,LOF,0.1625539682659025,0.12433479716334495,0.7131112345707524
25979,LOF,0.14383925292502975,0.13632884843993837,0.7198318986350318
25980,LOF,0.24870777305167444,0.16768275018026105,0.5836094767680644
25981,LOF,0.25006190182553983,0.16866242756126146,0.5812756706131987
25982,LOF,0.44941539938916586,0.0842500628554397,0.4663345377553943
25983,Neutral,0.47701432267740934,0.1123680009790393,0.41061767634355145
25984,LOF,0.03309407963796062,0.06725270851670845,0.8996532118453309
25985,LOF,0.42572953755980836,0.12783882381508394,0.44643163862510776
25986,LOF,0.012323152172977329,0.4387065258862663,0.5489703219407565
25987,LOF,0.06934259964890113,0.10954151251740471,0.8211158878336943
25988,LOF,0.1317326740490844,0.13181428239538556,0.73645304355553
25989,LOF,0.03543473697373428,0.1673427706834794,0.7972224923427863
25990,LOF,0.037061214542237285,0.25609732765959925,0.7068414577981635
25991,LOF,0.023528228533473243,0.3342732615806167,0.6421985098859101
25992,LOF,0.0223090838246524,0.32379454458592066,0.6538963715894268
25993,LOF,0.019867886171556697,0.07778743013176564,0.9023446836966776
25994,LOF,0.015164199073206066,0.07391423341735448,0.9109215675094394
25995,LOF,0.01592815109818567,0.14873900516244273,0.8353328437393717
25996,LOF,0.3471918139079102,0.28385061504395276,0.36895757104813703
25997,LOF,0.07644142751038813,0.3326809442011925,0.5908776282884195
25998,LOF,0.2592763503126325,0.04994846108088075,0.6907751886064868
25999,LOF,0.026561991475217102,0.22992285651953664,0.7435151520052463
26000,LOF,0.1729629588974043,0.03885862624444033,0.7881784148581554
26001,LOF,0.28579401307194774,0.03439345110575476,0.6798125358222974
26002,LOF,0.07503752243069194,0.06052691441040196,0.864435563158906
26003,GOF,0.003917104120375837,0.6123032277912376,0.38377966808838654
26004,GOF,0.006111989195493482,0.716618174763798,0.2772698360407086
26005,GOF,0.0028897740879259117,0.5173482052250084,0.47976202068706586
26006,GOF,0.08265017234397905,0.6098114955571385,0.3075383320988823
26007,GOF,0.005852025829075831,0.5947294504776927,0.3994185236932315
26008,GOF,0.00495097821420873,0.6692050485937561,0.3258439731920352
26009,GOF,0.00623896809396676,0.687056177328229,0.3067048545778043
26010,GOF,0.006485280747097601,0.6698341956179665,0.32368052363493593
26011,GOF,0.0028135713890239675,0.49959004596630213,0.49759638264467393
26012,GOF,0.003917436176966366,0.5658238441789158,0.4302587196441179
26013,GOF,0.005514741293825384,0.6040031081902049,0.39048215051596974
26014,LOF,0.04936479072667999,0.10879941660829003,0.84183579266503
26015,LOF,0.4191142622173173,0.018591314911578512,0.5622944228711042
26016,LOF,0.31157643626001186,0.03913634216831138,0.6492872215716767
26017,LOF,0.026027520888882865,0.20684100748722123,0.7671314716238958
26018,LOF,0.04365246841801239,0.03765001528453501,0.9186975162974527
26019,LOF,0.04398694841505298,0.03149665057275793,0.9245164010121891
26020,LOF,0.010013419404526654,0.20469621567695526,0.7852903649185181
26021,LOF,0.07719592406602532,0.06589569766493764,0.8569083782690371
26022,LOF,0.035642739707361884,0.025080660355823306,0.9392765999368148
26023,LOF,0.04334392878576751,0.020846721551402755,0.9358093496628297
26024,LOF,0.049359656247244546,0.05905994026600261,0.8915804034867528
26025,LOF,0.05907663321126483,0.08413139105201126,0.8567919757367238
26026,LOF,0.10890261032269241,0.0585566961101909,0.8325406935671167
26027,LOF,0.037778901498104034,0.01773507445660344,0.9444860240452925
26028,LOF,0.10172428969356466,0.13427391842377367,0.7640017918826616
26029,LOF,0.02147579144420387,0.2339402848123617,0.7445839237434344
26030,LOF,0.18822953168627232,0.03201368059620563,0.779756787717522
26031,LOF,0.012413272301538705,0.17709469469205483,0.8104920330064064
26032,LOF,0.05941855194646274,0.0780266083569686,0.8625548396965687
26033,LOF,0.09292558553673314,0.06873188211506001,0.8383425323482068
26034,LOF,0.015413109851165101,0.18529269447712615,0.7992941956717088
26035,LOF,0.01262280584511027,0.13515699482879398,0.8522201993260957
26036,LOF,0.013670877523280507,0.16843894804285356,0.817890174433866
26037,LOF,0.01142890889672916,0.1139613667151938,0.874609724388077
26038,LOF,0.04985571873162191,0.07194448483790793,0.8781997964304702
26039,LOF,0.02804288153381349,0.16612003389461405,0.8058370845715724
26040,LOF,0.13748458055393298,0.15584528220860605,0.706670137237461
26041,LOF,0.01431111310129774,0.10035391775318231,0.88533496914552
26042,LOF,0.013022078717419817,0.10409438204099355,0.8828835392415866
26043,LOF,0.04894935684406722,0.09057915835982673,0.8604714847961059
26044,LOF,0.01274625097927068,0.06625655112351089,0.9209971978972185
26045,LOF,0.06818777575375994,0.12344108088232426,0.8083711433639159
26046,LOF,0.041948510995178115,0.07152257008553355,0.8865289189192883
26047,LOF,0.06802764289791098,0.06808912426220717,0.8638832328398818
26048,LOF,0.06089695893919609,0.0517610580610277,0.8873419829997762
26049,Neutral,0.945845936126776,0.008797883787493781,0.045356180085730224
26050,Neutral,0.9245480422864696,0.009837639316089556,0.06561431839744102
26051,LOF,0.013078242457112595,0.10868990232152631,0.8782318552213612
26052,LOF,0.019408357671801144,0.14101517266048605,0.8395764696677128
26053,LOF,0.03070599522871271,0.14719272923473398,0.8221012755365533
26054,LOF,0.03995118341854239,0.023163068637199725,0.9368857479442578
26055,LOF,0.06479510633839518,0.019906767401304603,0.9152981262603003
26056,LOF,0.05382437120747894,0.02386936390699165,0.9223062648855295
26057,LOF,0.028044288596092447,0.01456128977615703,0.9573944216277506
26058,LOF,0.028688471487141782,0.012331940549337134,0.9589795879635211
26059,LOF,0.18213404880034895,0.02175798285711461,0.7961079683425364
26060,LOF,0.010237041887562054,0.21213576210460167,0.7776271960078364
26061,LOF,0.00746932731161702,0.015957177058489348,0.9765734956298936
26062,LOF,0.004797595011754956,0.02358484290177358,0.9716175620864714
26063,LOF,0.018917454482910864,0.012411512176448758,0.9686710333406404
26064,LOF,0.007485816169494653,0.03419979663201537,0.95831438719849
26065,LOF,0.02179046549943879,0.012981676982899962,0.9652278575176613
26066,LOF,0.021011663627711223,0.01244288448239286,0.9665454518898959
26067,LOF,0.025839177940791068,0.01031795449316103,0.9638428675660478
26068,LOF,0.04646138805771188,0.04599919969986329,0.9075394122424248
26069,LOF,0.14155780192775638,0.027243137194560632,0.8311990608776829
26070,LOF,0.31297463839124484,0.02170337680138838,0.6653219848073668
26071,LOF,0.020398221687892782,0.012610456907558482,0.9669913214045488
26072,LOF,0.006724148038853164,0.026171056308061564,0.9671047956530852
26073,LOF,0.01937403990260918,0.015758033979095414,0.9648679261182954
26074,Neutral,0.9185997488733308,0.00829521563505783,0.07310503549161138
26075,LOF,0.04855918367654439,0.022555892767619982,0.9288849235558356
26076,LOF,0.030537720452554602,0.011368718420794299,0.958093561126651
26077,LOF,0.12838335438689666,0.0097766707770891,0.8618399748360142
26078,LOF,0.006417388662274744,0.017573936786901074,0.9760086745508243
26079,LOF,0.05277503418681134,0.0242333750004185,0.92299159081277
26080,LOF,0.05221330961474786,0.024246800462225993,0.9235398899230263
26081,LOF,0.023457891608806996,0.008727577615922681,0.9678145307752704
26082,LOF,0.004510356125347598,0.01874752023651926,0.9767421236381331
26083,LOF,0.10910062832406046,0.018898768363405694,0.8720006033125338
26084,LOF,0.04338395031553454,0.016201128673620276,0.9404149210108451
26085,LOF,0.03882398278958887,0.014193084280241559,0.9469829329301696
26086,LOF,0.019969071900294757,0.013219230911405228,0.9668116971883001
26087,LOF,0.019333787642970127,0.011558279289051154,0.9691079330679788
26088,LOF,0.006732053757566752,0.022311012605951686,0.9709569336364816
26089,LOF,0.04068103903730337,0.02690037607395996,0.9324185848887367
26090,LOF,0.04133420137730403,0.02221240004699505,0.936453398575701
26091,LOF,0.02383621712791575,0.008010494604738082,0.9681532882673461
26092,LOF,0.021827232467704193,0.009143453876055968,0.9690293136562398
26093,LOF,0.036015516259499156,0.0073325875028581325,0.9566518962376427
26094,LOF,0.028835454866596492,0.007512645795933393,0.9636518993374701
26095,LOF,0.04208167416793842,0.018202057417864653,0.939716268414197
26096,LOF,0.19039282122707027,0.006502721185017851,0.8031044575879118
26097,LOF,0.005705606019619778,0.03553121283985897,0.9587631811405212
26098,LOF,0.07277292673626565,0.018707611335154965,0.9085194619285795
26099,LOF,0.019458440692231484,0.016264284641088127,0.9642772746666805
26100,LOF,0.019458440692231484,0.016264284641088127,0.9642772746666805
26101,LOF,0.04328937310034918,0.023563693816557818,0.9331469330830929
26102,LOF,0.01870305602496681,0.0164391339336625,0.9648578100413706
26103,Neutral,0.8733948544588515,0.024348694222040407,0.1022564513191081
26104,LOF,0.0653200885706554,0.027431641537918664,0.9072482698914259
26105,LOF,0.23471701995187516,0.19159385610459062,0.5736891239435342
26106,LOF,0.3331779260484064,0.13456257220604642,0.5322595017455471
26107,LOF,0.021236898946316356,0.11147943592790918,0.8672836651257745
26108,LOF,0.33386753144211057,0.049651617958096486,0.6164808505997929
26109,LOF,0.0579840424172627,0.0543687139731534,0.887647243609584
26110,LOF,0.3799253002894839,0.006537913732984125,0.6135367859775319
26111,LOF,0.0648188001812086,0.08524853327648553,0.8499326665423059
26112,LOF,0.027910300868515793,0.00822269205502944,0.9638670070764548
26113,LOF,0.04342725150362068,0.016791980054539912,0.9397807684418394
26114,LOF,0.08908978378890783,0.00858961344878698,0.9023206027623052
26115,LOF,0.01441886541026894,0.05697958035742565,0.9286015542323054
26116,LOF,0.0983517034512246,0.03410897022999076,0.8675393263187846
26117,LOF,0.42430535887918425,0.03300473124012077,0.542689909880695
26118,LOF,0.02786356505303999,0.017682857562367985,0.954453577384592
26119,LOF,0.004966616774482213,0.033689469017103825,0.9613439142084139
26120,LOF,0.023890381436766653,0.017343098230611937,0.9587665203326214
26121,LOF,0.004670099421854217,0.12852333537662144,0.8668065652015243
