feature0,prediction,LoGoFunc_Neutral,LoGoFunc_GOF,LoGoFunc_LOF
25546,Neutral,0.7574328572664722,0.02917913029631971,0.2133880124372081
25547,Neutral,0.6037087339889987,0.07450347249038639,0.3217877935206148
25548,Neutral,0.575588727365651,0.05441650223593131,0.3699947703984176
25549,Neutral,0.48624202470383676,0.05544046366336606,0.4583175116327971
25550,LOF,0.3430653155691649,0.13030266658573417,0.5266320178451008
25551,LOF,0.28776594738095906,0.14914529526945172,0.5630887573495893
25552,LOF,0.182923446068094,0.15027415289977802,0.666802401032128
25553,Neutral,0.8337789330596166,0.03324526050376483,0.13297580643661866
25554,LOF,0.2202666913789252,0.1392199972425432,0.6405133113785315
25555,LOF,0.17202518460248878,0.11081960130203058,0.7171552140954807
25556,LOF,0.40596246248759915,0.11785762670670762,0.4761799108056933
25557,LOF,0.16456655484368984,0.12514898366691624,0.710284461489394
25558,LOF,0.210742383694378,0.14262085163815902,0.646636764667463
25559,LOF,0.40690700271861874,0.07267432354866155,0.5204186737327197
25560,LOF,0.0556993669900426,0.18364909658697726,0.7606515364229801
25561,LOF,0.11456331994753145,0.2073499015302618,0.6780867785222068
25562,LOF,0.09953454396457938,0.09953252118153548,0.8009329348538852
25563,LOF,0.11184929398100785,0.10177067344092386,0.7863800325780683
25564,LOF,0.16086941490645051,0.17670835990879558,0.6624222251847538
25565,LOF,0.14289178855454981,0.15917599883129102,0.697932212614159
25566,GOF,0.01813564366658073,0.7554288616815062,0.2264354946519131
25567,LOF,0.01620571189227475,0.13886556255741644,0.844928725550309
25568,LOF,0.051269107095335574,0.060489821170384976,0.8882410717342796
25569,LOF,0.0634158872532346,0.06428238492067752,0.8723017278260878
25570,LOF,0.06513789375951769,0.09427199665513547,0.8405901095853469
25571,LOF,0.06281676114407003,0.08750917701539228,0.8496740618405376
25572,LOF,0.06715089151031245,0.13496943326010083,0.7978796752295867
25573,LOF,0.02836814025773448,0.0882869518434318,0.8833449078988338
25574,LOF,0.017019460274531575,0.14976287208201727,0.8332176676434512
25575,LOF,0.051646183116999235,0.0982032904406155,0.8501505264423852
25576,LOF,0.019689394109571195,0.11985668778026047,0.8604539181101684
25577,LOF,0.014968388306523773,0.13420433414801494,0.8508272775454613
25578,LOF,0.24116700486413137,0.086302772948782,0.6725302221870867
25579,LOF,0.24275230481056068,0.085753326163789,0.6714943690256503
25580,LOF,0.034537862722364226,0.08205516363875953,0.8834069736388762
25581,LOF,0.0490188894214131,0.07034993968299705,0.8806311708955898
25582,LOF,0.048789910704675477,0.06806913272183163,0.8831409565734928
25583,LOF,0.04650911885792064,0.08794530488772427,0.865545576254355
25584,LOF,0.4424522150505023,0.08841304101021727,0.4691347439392805
25585,LOF,0.03195569994396527,0.10524828854325727,0.8627960115127775
25586,LOF,0.03722361478083969,0.07475056633475168,0.8880258188844087
25587,LOF,0.03437286305077471,0.07150958849955842,0.8941175484496668
25588,LOF,0.03530539977168468,0.09503440248803892,0.8696601977402765
25589,Neutral,0.6105167313691776,0.0975946269659776,0.29188864166484474
25590,LOF,0.026038849931774695,0.12458061896671783,0.8493805311015074
25591,LOF,0.10248331121173329,0.05792005870027013,0.8395966300879966
25592,LOF,0.09837202820833361,0.12762387997239863,0.7740040918192677
25593,LOF,0.017058848306502793,0.24614393765633877,0.7367972140371585
25594,LOF,0.034493180803946005,0.20364736842207323,0.7618594507739808
25595,LOF,0.05286994892819965,0.15404857763305646,0.793081473438744
25596,LOF,0.06384990904937798,0.10937346605790021,0.8267766248927219
25597,LOF,0.06011215624883913,0.08738278084883731,0.8525050629023236
25598,LOF,0.042633462195681614,0.1893235890971208,0.7680429487071976
25599,GOF,0.007952501755285769,0.7836060384737757,0.20844145977093856
25600,GOF,0.010669411813227838,0.5624803022678572,0.42685028591891494
25601,LOF,0.008116649093804995,0.4625464205811236,0.5293369303250713
25602,LOF,0.018704152555442097,0.05979992455988106,0.9214959228846769
25603,LOF,0.03618284259828389,0.043901550507261196,0.9199156068944551
25604,LOF,0.046043263876623254,0.06172713725486272,0.892229598868514
25605,LOF,0.010651143948194488,0.2704245309854323,0.7189243250663732
25606,GOF,0.056634625424364,0.4805257776406822,0.46283959693495397
25607,LOF,0.004657568709811885,0.18044739053391248,0.8148950407562756
25608,LOF,0.05815113872474647,0.05125908556604645,0.8905897757092069
25609,LOF,0.06829155741132913,0.366373771676908,0.5653346709117629
25610,LOF,0.046667421130441554,0.032125616806369744,0.9212069620631886
25611,LOF,0.05197318004789522,0.02984197141685472,0.9181848485352502
25612,LOF,0.10434736603880337,0.05151266756836731,0.8441399663928292
25613,LOF,0.09185853834613468,0.04634203853532914,0.8617994231185362
25614,LOF,0.037180674655293074,0.039856181483565054,0.922963143861142
25615,LOF,0.05662784993835246,0.03911984867727157,0.9042523013843761
25616,LOF,0.03700983680750907,0.03730898689342983,0.9256811762990611
25617,LOF,0.03624303297664993,0.04168153243207999,0.9220754345912702
25618,LOF,0.2321434793764086,0.039192365322610986,0.7286641553009804
25619,LOF,0.037586306111337404,0.03369905508647876,0.9287146388021839
25620,LOF,0.039498119710651154,0.045078696614054406,0.9154231836752945
25621,LOF,0.03599934968113826,0.03385898892627804,0.9301416613925838
25622,LOF,0.030803695383209668,0.04658202861180953,0.9226142760049808
25623,LOF,0.06787276892715156,0.037088106149122564,0.895039124923726
25624,LOF,0.03089734755711188,0.04643388227054551,0.9226687701723426
25625,LOF,0.03632123774925503,0.05488621431315015,0.9087925479375948
25626,LOF,0.07884268954911036,0.03666239306730817,0.8844949173835815
25627,Neutral,0.5600798622175378,0.09786338781112958,0.34205674997133256
25628,LOF,0.19813484603076836,0.050143196820179266,0.7517219571490523
25629,LOF,0.07648176903164053,0.11688653177778686,0.8066316991905725
25630,LOF,0.18708442820049598,0.09667650277390605,0.716239069025598
25631,Neutral,0.6069398912617737,0.06635645120727947,0.3267036575309469
25632,LOF,0.024622017666899237,0.09257216185415776,0.882805820478943
25633,LOF,0.2454523717666916,0.11190277935362514,0.6426448488796832
25634,LOF,0.03774691730289009,0.12572143812596506,0.8365316445711447
25635,LOF,0.04904072016853338,0.10533867328873747,0.8456206065427292
25636,GOF,0.006169973218319824,0.6044758414436918,0.3893541853379884
25637,GOF,0.00551363615855395,0.540374659538282,0.4541117043031641
25638,LOF,0.00939596116857201,0.42594964430381804,0.5646543945276099
25639,LOF,0.005567878379660897,0.4217292685606559,0.5727028530596833
25640,GOF,0.40302496901410567,0.55438657667557,0.04258845431032433
25641,LOF,0.006305727680665885,0.30818568171236804,0.685508590606966
25642,LOF,0.23949277470986358,0.07081644785722553,0.6896907774329109
25643,LOF,0.1761133104306827,0.2553417252881636,0.5685449642811536
25644,GOF,0.025070477013209885,0.6701030146293033,0.3048265083574868
25645,GOF,0.019750309310388497,0.6100350213692471,0.3702146693203644
25646,LOF,0.019624324431380544,0.449530156138996,0.5308455194296234
25647,LOF,0.017068110341737643,0.35432424899926324,0.6286076406589991
25648,LOF,0.014521410841255541,0.3598991268208381,0.6255794623379064
25649,LOF,0.013113325487774868,0.28072471656975106,0.706161957942474
25650,GOF,0.039448571730663594,0.6415505999717146,0.3190008282976219
25651,LOF,0.012327705367736223,0.3311798301121511,0.6564924645201127
25652,LOF,0.020240229918142602,0.31745439953519344,0.6623053705466639
25653,GOF,0.0786865969369501,0.5242780362298345,0.39703536683321555
25654,LOF,0.014022227324660696,0.3445267899621052,0.6414509827132341
25655,GOF,0.10429026426097346,0.4706356663045865,0.4250740694344401
25656,LOF,0.061356306777304574,0.08441153385762905,0.8542321593650664
25657,LOF,0.3195696372798046,0.03227528768771338,0.6481550750324822
25658,LOF,0.03414242194528232,0.13531465777499366,0.830542920279724
25659,LOF,0.2268162728549065,0.0868602051196478,0.6863235220254457
25660,LOF,0.09877866304316518,0.10081480318598163,0.8004065337708532
25661,LOF,0.07343133815810593,0.0718219023203109,0.8547467595215832
25662,LOF,0.03476178881046021,0.04909391458435956,0.9161442966051802
25663,LOF,0.043747504730694865,0.08393133820313534,0.8723211570661698
25664,LOF,0.02921235153903807,0.13523394864060767,0.8355536998203542
25665,LOF,0.05210305350980045,0.052491366972586766,0.8954055795176129
25666,LOF,0.0354069462815779,0.19431645856376112,0.7702765951546608
25667,LOF,0.033884359995337746,0.06285650164373874,0.9032591383609235
25668,LOF,0.04415940228464114,0.06092451387913403,0.8949160838362249
25669,LOF,0.0495396303972036,0.1015252083405208,0.8489351612622756
25670,LOF,0.13257953260202499,0.10872803787707637,0.7586924295208985
25671,LOF,0.043328442907062815,0.051314703790294354,0.9053568533026429
25672,LOF,0.05332011306362968,0.08884403305909472,0.8578358538772756
25673,LOF,0.0366045234020739,0.09423379120051503,0.869161685397411
25674,LOF,0.027008022071143497,0.10416208057430719,0.8688298973545493
25675,LOF,0.03415435470010275,0.09223185911469137,0.8736137861852058
25676,LOF,0.03582356415574604,0.0664594096350819,0.897717026209172
25677,LOF,0.08325022269646122,0.05949302410843141,0.8572567531951074
25678,LOF,0.15992760701046774,0.06070281008042003,0.7793695829091123
25679,LOF,0.10808284557812436,0.08352590153579051,0.808391252886085
25680,LOF,0.08977094122215266,0.09555523771561143,0.814673821062236
25681,LOF,0.09702473314224046,0.09119782121067604,0.8117774456470835
25682,LOF,0.052410931367467384,0.07535689296521653,0.872232175667316
25683,LOF,0.07742382752960297,0.12262688110152396,0.799949291368873
25684,LOF,0.06226030414576428,0.07223595171470332,0.8655037441395323
25685,LOF,0.11682825673747715,0.05265533661710525,0.8305164066454176
25686,LOF,0.03828406010304816,0.10314550004520939,0.8585704398517424
25687,LOF,0.06529669360152629,0.09565880424822984,0.839044502150244
25688,LOF,0.01819809926026773,0.09988853326624736,0.8819133674734849
25689,LOF,0.01481158358301702,0.05919435739933989,0.9259940590176431
25690,LOF,0.017110069330714708,0.06811413605093386,0.9147757946183515
25691,LOF,0.10638207266212833,0.10347359321793047,0.7901443341199411
25692,LOF,0.18767181383040812,0.01386674039814151,0.7984614457714503
25693,LOF,0.04481175369800462,0.16464498246803916,0.7905432638339561
25694,LOF,0.26902382888818,0.015518734998651904,0.715457436113168
25695,LOF,0.2086601431878526,0.02239301963717365,0.7689468371749737
25696,LOF,0.1569496326969526,0.014657679489643841,0.8283926878134035
25697,LOF,0.11956713764441079,0.03386213021340472,0.8465707321421845
25698,LOF,0.02213257111316604,0.349599459543139,0.628267969343695
25699,LOF,0.08941161180460948,0.11194785263878951,0.7986405355566011
25700,LOF,0.036348786889292134,0.0170149570952728,0.9466362560154351
25701,LOF,0.016897521314152415,0.1137034520720693,0.8693990266137782
25702,GOF,0.022962696837018445,0.7377678666449236,0.23926943651805802
25703,LOF,0.014612881130985378,0.21583675392448667,0.769550364944528
25704,LOF,0.08721351299350165,0.18771761156203115,0.7250688754444672
25705,LOF,0.09705093004281948,0.28211743896039887,0.6208316309967816
25706,GOF,0.023141427759384808,0.6194166661482653,0.35744190609234994
25707,GOF,0.028384522744508565,0.607575686921223,0.36403979033426836
25708,GOF,0.009137334256603406,0.5957453078637195,0.395117357879677
25709,LOF,0.027582707510799175,0.0966148632720829,0.875802429217118
25710,LOF,0.005223240314650359,0.2687711486376473,0.7260056110477024
25711,LOF,0.03106411029675024,0.1506652242008544,0.8182706655023955
25712,LOF,0.006980873078415524,0.32191642783785873,0.6711026990837258
25713,LOF,0.026001798508172847,0.13714335049373946,0.8368548509980878
25714,LOF,0.03045872417900798,0.18888180965822224,0.7806594661627698
25715,LOF,0.032670211575747454,0.15276243725732436,0.8145673511669282
25716,LOF,0.009355517620748077,0.15900981228944214,0.8316346700898098
25717,LOF,0.0057148939672764095,0.1914304140630349,0.8028546919696886
25718,LOF,0.028458826201214225,0.11048382738826133,0.8610573464105246
25719,LOF,0.03867379025364289,0.129550548530987,0.83177566121537
25720,LOF,0.0376585376144908,0.12054752102213116,0.841793941363378
25721,LOF,0.03301781474779409,0.10884630690001422,0.8581358783521916
25722,LOF,0.020385245001556127,0.1573542354462275,0.8222605195522164
25723,LOF,0.03183786596172276,0.1061179391539418,0.8620441948843355
25724,LOF,0.029481317610466358,0.19227997693110474,0.7782387054584289
25725,LOF,0.032941682756365005,0.1014625669828071,0.8655957502608279
25726,LOF,0.020386817808701906,0.13619128972659997,0.8434218924646981
25727,LOF,0.027065316525557284,0.14413070177053108,0.8288039817039117
25728,LOF,0.029488185701413837,0.12005209453343325,0.850459719765153
25729,LOF,0.028503045284569126,0.13577949924425486,0.8357174554711759
25730,LOF,0.03216628634250755,0.09891528869040447,0.868918424967088
25731,LOF,0.010981205680973324,0.23137680751158055,0.7576419868074462
25732,LOF,0.02462043955134032,0.11571521259768651,0.8596643478509731
25733,LOF,0.038301969402850355,0.11528418298890396,0.8464138476082457
25734,LOF,0.006120560244359549,0.32208060028022417,0.6717988394754163
25735,LOF,0.028874822603786692,0.09674024612369024,0.8743849312725231
25736,LOF,0.02710673884742201,0.14751228659330748,0.8253809745592704
25737,LOF,0.06347050062080811,0.1485770303044109,0.787952469074781
25738,LOF,0.027585730661693012,0.1860317476164528,0.7863825217218541
25739,LOF,0.03337249112387225,0.15624897506966395,0.8103785338064639
25740,LOF,0.0358062801927875,0.1607169686054947,0.8034767512017179
25741,LOF,0.039916231204217556,0.15261396976714472,0.8074697990286376
25742,LOF,0.05318316441264845,0.15130387656594108,0.7955129590214104
25743,LOF,0.012341312662040128,0.022478550984459583,0.9651801363535004
25744,LOF,0.23073123100484447,0.19661429756527965,0.5726544714298759
25745,LOF,0.05220184973771598,0.05915526853702505,0.888642881725259
25746,LOF,0.019631203630148315,0.08898702662592024,0.8913817697439316
25747,LOF,0.04052899778738281,0.025190084779343248,0.934280917433274
25748,LOF,0.2835843414244816,0.04787728104620083,0.6685383775293177
25749,LOF,0.016112324030251042,0.046250132876270174,0.9376375430934788
25750,LOF,0.024991739606106487,0.04944514231896061,0.9255631180749329
25751,LOF,0.04298576829591939,0.044325592824841706,0.9126886388792389
25752,GOF,0.08059815217460138,0.7286541960023112,0.19074765182308753
25753,LOF,0.006521635935548229,0.4316343541328323,0.5618440099316194
25754,GOF,0.00724398906593819,0.8909112359614954,0.10184477497256632
25755,LOF,0.005766932165522272,0.46135240863402993,0.5328806592004478
25756,LOF,0.0234634175514599,0.4741187881845264,0.5024177942640136
25757,GOF,0.008021753629260884,0.8756410756774414,0.11633717069329766
25758,GOF,0.009249844817509529,0.8720894919352743,0.11866066324721614
25759,GOF,0.005682389733128076,0.6653168745678688,0.329000735699003
25760,LOF,0.005201386059828636,0.3477219129034204,0.6470767010367511
25761,GOF,0.04766365594885381,0.8607534723363466,0.09158287171479962
25762,LOF,0.02721519810956483,0.4219341051949654,0.5508506966954697
25763,LOF,0.005570312579512549,0.31480136825622407,0.6796283191642634
25764,GOF,0.05364207355289659,0.6721395335656088,0.2742183928814946
25765,GOF,0.0074576156912921614,0.8828368006649266,0.10970558364378122
25766,GOF,0.047693194700453224,0.8304553646450462,0.12185144065450056
25767,GOF,0.017077823783089894,0.534693035762771,0.4482291404541391
25768,LOF,0.05842896940400499,0.058521961461095194,0.8830490691348998
25769,LOF,0.035115066593700096,0.08276905486525388,0.8821158785410461
25770,LOF,0.14222546731875677,0.06984486095448723,0.7879296717267559
25771,LOF,0.01680538669382232,0.06245550102186133,0.9207391122843164
25772,LOF,0.033806107053447096,0.026477018220717866,0.9397168747258351
25773,LOF,0.019645418954365577,0.06649968435748309,0.9138548966881513
25774,LOF,0.02772621432305859,0.09517489782670997,0.8770988878502315
25775,LOF,0.020436827517099965,0.04011213312805453,0.9394510393548456
25776,LOF,0.03518990278641781,0.021442022302245015,0.9433680749113372
25777,LOF,0.15222820782035398,0.06127401792800056,0.7864977742516455
25778,LOF,0.028786176171719885,0.046448154867216554,0.9247656689610636
25779,GOF,0.07294579514884762,0.8670078387830403,0.0600463660681119
25780,GOF,0.10021332943278805,0.850174362563387,0.049612308003825135
25781,GOF,0.038368516539643245,0.8599109909956189,0.10172049246473813
25782,GOF,0.04681708229581315,0.8971385174813464,0.05604440022284031
25783,GOF,0.04523108426438208,0.9109586518138358,0.04381026392178195
25784,GOF,0.12286865383486836,0.8334278334247832,0.04370351274034826
25785,GOF,0.12833795660477665,0.8365990926560907,0.03506295073913274
25786,GOF,0.013406632404528525,0.875681446253003,0.11091192134246855
25787,GOF,0.2831647163617333,0.6732597003269474,0.04357558331131937
25788,LOF,0.018702524076248075,0.145256515271166,0.8360409606525859
25789,GOF,0.022548129913445167,0.8292688324718859,0.14818303761466892
25790,GOF,0.035230279366383906,0.8663763280391177,0.09839339259449845
25791,GOF,0.033566622462990796,0.7399523859461575,0.22648099159085172
25792,GOF,0.03843255355769487,0.7817530259066412,0.1798144205356638
25793,GOF,0.07391915278051508,0.8263150516860426,0.09976579553344217
25794,GOF,0.05775618409423361,0.7416173496973354,0.20062646620843094
25795,GOF,0.07298590442078322,0.714265384810452,0.21274871076876484
25796,GOF,0.14377747335189764,0.7708153095113857,0.08540721713671663
25797,GOF,0.10258809515533145,0.7220207743846857,0.1753911304599828
25798,GOF,0.007520178872169653,0.7187041405159297,0.27377568061190066
25799,GOF,0.004813130401017162,0.6471428671587198,0.34804400244026296
25800,GOF,0.034974228710274585,0.8075868217719465,0.15743894951777884
25801,GOF,0.02701994511472772,0.898935673985419,0.07404438089985325
25802,GOF,0.03675277997469927,0.7727814404887191,0.19046577953658145
25803,GOF,0.024951524029609942,0.6667757080377673,0.3082727679326227
25804,GOF,0.041318873178024476,0.7182989658721325,0.24038216094984294
25805,GOF,0.03677653289935196,0.7421582000459529,0.22106526705469523
25806,GOF,0.04864973113806933,0.7570075458055779,0.19434272305635278
25807,GOF,0.016421594007548845,0.7176113956589684,0.2659670103334828
25808,GOF,0.030634746238617866,0.7384676704486021,0.23089758331278026
25809,GOF,0.015738058219602332,0.6721620473208337,0.31209989445956393
25810,GOF,0.013522047689647595,0.6551677755342409,0.3313101767761115
25811,GOF,0.07062843708813078,0.8575704750857703,0.07180108782609881
25812,GOF,0.032355042135226886,0.7653083865566178,0.20233657130815522
25813,GOF,0.17121112917209946,0.7512769929303993,0.07751187789750125
25814,GOF,0.03568855533642491,0.7808618218963754,0.18344962276719967
25815,GOF,0.06813365630990233,0.8317667804962008,0.10009956319389689
25816,GOF,0.010778104971580901,0.8634128514959194,0.12580904353249972
25817,GOF,0.12786130047848868,0.765593996073917,0.10654470344759441
25818,GOF,0.0344067024421695,0.7464939090618324,0.21909938849599803
25819,GOF,0.053554892249341776,0.7310786452711506,0.21536646247950758
25820,GOF,0.05113969006995404,0.6796809342820755,0.26917937564797045
25821,GOF,0.035598099239757465,0.718462033438964,0.24593986732127857
25822,GOF,0.06714355149769956,0.6851636598614541,0.24769278864084643
25823,GOF,0.03410391879822249,0.6874766177244875,0.27841946347729
25824,GOF,0.03695624825752235,0.7545516440596491,0.2084921076828284
25825,GOF,0.02949461081605579,0.7393095440811017,0.23119584510284258
25826,GOF,0.01400396136491923,0.6844934167511014,0.30150262188397936
25827,GOF,0.018066917994020184,0.6757758039920191,0.30615727801396075
25828,GOF,0.014233888612411745,0.7117684198468744,0.2739976915407139
25829,GOF,0.004825009187898731,0.6368585896795942,0.3583164011325071
25830,LOF,0.04299502421023207,0.464290568303914,0.49271440748585404
25831,GOF,0.07549560674016675,0.7830130603284322,0.14149133293140106
25832,GOF,0.010993803868011371,0.7191311988236502,0.26987499730833836
25833,GOF,0.03892477031028841,0.7915532043638194,0.1695220253258922
25834,GOF,0.011272002913405195,0.737865872179427,0.25086212490716775
25835,GOF,0.028160853389693086,0.7929475123692209,0.17889163424108603
25836,GOF,0.007720323507012776,0.7140687970876549,0.27821087940533235
25837,GOF,0.011579983518792593,0.7261772077017039,0.26224280877950346
25838,GOF,0.027600231479542308,0.7994806130945358,0.17291915542592196
25839,GOF,0.0748470962695907,0.7789085926563206,0.14624431107408886
25840,GOF,0.1031462083231819,0.7498767886358484,0.14697700304096983
25841,GOF,0.1045294575459632,0.778089007479749,0.11738153497428779
25842,GOF,0.03248135589734248,0.8530258066753871,0.11449283742727044
25843,GOF,0.031635423822442096,0.8595434449250293,0.10882113125252854
25844,GOF,0.02252855964820335,0.7982466095837225,0.17922483076807424
25845,GOF,0.007043112695848991,0.7123352896487242,0.2806215976554268
25846,GOF,0.08053647451606542,0.8124132640326128,0.10705026145132171
25847,GOF,0.02135281058319966,0.8603081684817474,0.11833902093505301
25848,GOF,0.02949225969585998,0.8270036691764657,0.14350407112767435
25849,GOF,0.008949821634349247,0.8020920707814916,0.18895810758415918
25850,GOF,0.008460133335727637,0.6898125014686708,0.30172736519560167
25851,GOF,0.0076497939163368426,0.6365782147713497,0.3557719913123136
25852,GOF,0.1764909048646228,0.5248978165260418,0.2986112786093354
25853,GOF,0.06974672452296217,0.7651076230489071,0.16514565242813076
25854,GOF,0.0067115691120175815,0.6641768143023992,0.32911161658558324
25855,GOF,0.023628458269909468,0.6518208593334501,0.3245506823966405
25856,GOF,0.04751673395663425,0.7284368486792969,0.22404641736406872
25857,GOF,0.0237619069241827,0.665953345242789,0.31028474783302823
25858,GOF,0.012040880930811257,0.6165354663557373,0.3714236527134514
25859,GOF,0.008424618892375713,0.5810942012646727,0.4104811798429516
25860,GOF,0.09254100983439119,0.7182631269432918,0.18919586322231702
25861,GOF,0.12666694116319074,0.7540035805939541,0.11932947824285507
25862,GOF,0.028289354699713814,0.8624078694057176,0.10930277589456863
25863,GOF,0.02486643919328573,0.8610246625834155,0.1141088982232988
25864,GOF,0.07411233002325214,0.8524158520888443,0.07347181788790366
25865,GOF,0.06447587516884709,0.8229590718336834,0.11256505299746952
25866,GOF,0.02719049035332534,0.8559179145295666,0.11689159511710814
25867,GOF,0.04668127303573959,0.8508883190984994,0.10243040786576098
25868,GOF,0.07790060106453764,0.776011932748942,0.1460874661865205
25869,GOF,0.401908259874345,0.4890738373442226,0.10901790278143257
25870,GOF,0.0733327781160978,0.5012341836035832,0.425433038280319
25871,GOF,0.01180689062259344,0.8182228607927731,0.16997024858463342
25872,GOF,0.026850817860995642,0.7942282590024581,0.17892092313654626
25873,GOF,0.022944884848558514,0.8503813951457142,0.12667372000572744
25874,LOF,0.019673205305444457,0.16028430481732214,0.8200424898772334
25875,LOF,0.028648408041844466,0.08108604070987441,0.890265551248281
25876,LOF,0.020639438239536484,0.05030705006950715,0.9290535116909563
25877,LOF,0.10172229021824886,0.15595831780202546,0.7423193919797257
25878,LOF,0.07446605947456438,0.17607268351922636,0.7494612570062092
25879,LOF,0.01232922509721479,0.12373502809796377,0.8639357468048214
25880,LOF,0.07626890380638578,0.019744339335642794,0.9039867568579714
25881,Neutral,0.5495943947546269,0.105013462676617,0.34539214256875617
25882,LOF,0.06005806511566043,0.03215120553943505,0.9077907293449045
25883,LOF,0.030823098911343456,0.03210381298220727,0.9370730881064494
25884,LOF,0.019016748409066114,0.05104607493545622,0.9299371766554778
25885,LOF,0.19885860298245522,0.01561220989005182,0.785529187127493
25886,LOF,0.2705742215583492,0.0678353539156056,0.6615904245260452
25887,LOF,0.08291261158812004,0.13213514896433054,0.7849522394475495
25888,LOF,0.0075102346379133066,0.17113154579320206,0.8213582195688846
25889,LOF,0.027440002197365473,0.046807567824476703,0.9257524299781579
25890,LOF,0.1980288866393291,0.06021774836193412,0.7417533649987368
25891,LOF,0.11003398231314046,0.028120739493951306,0.8618452781929082
25892,LOF,0.008957802889839323,0.030129456633289853,0.9609127404768709
25893,LOF,0.34556718357521415,0.009298701344548542,0.6451341150802373
25894,LOF,0.34318147616316463,0.006902352852041643,0.6499161709847937
25895,LOF,0.27718230080950945,0.01305839214834673,0.7097593070421438
25896,LOF,0.07433683556593879,0.02948288510937946,0.8961802793246817
25897,LOF,0.11947875267772991,0.01051459892328401,0.8700066483989861
25898,LOF,0.11148805068629694,0.030106974280138463,0.8584049750335646
25899,LOF,0.398232296662363,0.034121733174866276,0.5676459701627707
25900,LOF,0.493996252068178,0.010272775107519661,0.49573097282430223
25901,LOF,0.08845828478219751,0.011674083580190885,0.8998676316376116
25902,LOF,0.0991256799925251,0.01546792995531438,0.8854063900521605
25903,LOF,0.24111466284787872,0.025209760118097016,0.7336755770340243
25904,Neutral,0.5001500923576706,0.040408333774160116,0.4594415738681693
25905,LOF,0.008104439035374826,0.38667537726268425,0.605220183701941
25906,LOF,0.010148872719167668,0.06632016486995988,0.9235309624108725
25907,LOF,0.00992642087351884,0.24840300308709215,0.741670576039389
25908,LOF,0.01042885103102955,0.2482362718778368,0.7413348770911337
25909,LOF,0.03626330812115279,0.08791023966668068,0.8758264522121666
25910,LOF,0.012091733645980974,0.14350499371668768,0.8444032726373314
25911,LOF,0.21975938845397514,0.028617153868609534,0.7516234576774153
25912,LOF,0.106495911606841,0.02229253993368436,0.8712115484594747
25913,LOF,0.016828714094237293,0.03340841804299264,0.94976286786277
25914,LOF,0.041779261107715446,0.023638294013188562,0.934582444879096
25915,LOF,0.15797707355684265,0.14118763889543098,0.7008352875477264
25916,LOF,0.016261262490674847,0.070747586063651,0.9129911514456741
25917,LOF,0.07655591973620664,0.02735653124619304,0.8960875490176003
25918,LOF,0.03833646089766989,0.013324397417919322,0.9483391416844108
25919,LOF,0.03392971882412134,0.013624900419225613,0.9524453807566531
25920,LOF,0.30878187544711433,0.2789432138210402,0.4122749107318454
25921,LOF,0.018060728459129195,0.016574775576177175,0.9653644959646935
25922,LOF,0.01677285226184755,0.017836202471281065,0.9653909452668713
25923,LOF,0.4596335154482673,0.01091298989831274,0.5294534946534201
25924,LOF,0.025620435314980716,0.021459898860374853,0.9529196658246444
25925,LOF,0.10376176401956035,0.022991826671048342,0.8732464093093913
25926,LOF,0.08872335106316664,0.014462756987396705,0.8968138919494366
25927,LOF,0.02567818573074688,0.03463027450680828,0.9396915397624449
25928,LOF,0.013484221135658014,0.022918247535927635,0.9635975313284144
25929,Neutral,0.5822823506619307,0.010707201155389015,0.4070104481826802
25930,LOF,0.09785254003599012,0.011368504286434211,0.8907789556775757
25931,LOF,0.015663585809398993,0.014585334672132598,0.9697510795184684
25932,LOF,0.08806023093849026,0.013229160897465574,0.8987106081640442
25933,LOF,0.09524713707723292,0.00800583264658051,0.8967470302761865
25934,LOF,0.0917664122298533,0.006690179382584973,0.9015434083875616
25935,LOF,0.09847512933591086,0.019787994478991235,0.881736876185098
25936,LOF,0.11946873805729194,0.008089779333514652,0.8724414826091935
25937,LOF,0.02285676592063107,0.012790433648466316,0.9643528004309025
25938,LOF,0.09971385194678023,0.018107003477465668,0.8821791445757541
25939,LOF,0.07641138263493508,0.010618968513048558,0.9129696488520163
25940,GOF,0.011743109751519406,0.5541190249640533,0.4341378652844274
25941,LOF,0.4683005618689783,0.039771439970461904,0.49192799816055977
25942,LOF,0.01102683702124959,0.050785780599592115,0.9381873823791582
25943,LOF,0.048845599979088265,0.20884443012124143,0.7423099698996704
25944,LOF,0.04583950824912874,0.09120057215047321,0.8629599196003981
25945,LOF,0.1696956920455495,0.02719741254147568,0.8031068954129748
25946,LOF,0.07216887746922246,0.037426997704892946,0.8904041248258845
25947,Neutral,0.4629509602952606,0.11079439082428337,0.42625464888045606
25948,LOF,0.38926126804680283,0.014600320294303623,0.5961384116588935
25949,LOF,0.15197575742279318,0.06825394021891054,0.7797703023582961
25950,GOF,0.1178795977278067,0.5885423564218106,0.29357804585038266
25951,LOF,0.011388643901345405,0.45835124259632604,0.5302601135023286
25952,LOF,0.19615335304700773,0.25063363309647185,0.5532130138565204
25953,LOF,0.008375917717804902,0.3720742406030694,0.6195498416791257
25954,GOF,0.07968413751706775,0.5138713743756329,0.40644448810729933
25955,LOF,0.010249214302860972,0.26326138048934933,0.7264894052077898
25956,LOF,0.009886483480156286,0.35358611580076266,0.6365274007190811
25957,LOF,0.15492690688150437,0.04073206488018861,0.8043410282383071
25958,LOF,0.03286723593534425,0.06971384234999063,0.8974189217146651
25959,GOF,0.006353290063558622,0.7585404001415228,0.2351063097949185
25960,LOF,0.0044285517083120654,0.14183175501560116,0.8537396932760867
25961,LOF,0.02875753589015491,0.0544081076008774,0.9168343565089677
25962,LOF,0.03474028300246507,0.07898965370640514,0.8862700632911299
25963,LOF,0.008958669272538165,0.13299700281496796,0.8580443279124939
25964,LOF,0.042592048573933304,0.12187781017441517,0.8355301412516516
25965,LOF,0.1983212399417235,0.1690879015965958,0.6325908584616807
25966,LOF,0.336525134762246,0.11489071284687348,0.5485841523908805
25967,LOF,0.006239672126173854,0.08850121796414563,0.9052591099096805
25968,LOF,0.04763291483369635,0.26927737963590553,0.6830897055303982
25969,LOF,0.15572939947209838,0.0635849702431724,0.7806856302847293
25970,LOF,0.06309925960795217,0.060355973536045264,0.8765447668560025
25971,LOF,0.0701023922061127,0.030001945395476074,0.8998956623984113
25972,LOF,0.08499148648556684,0.05506006582959949,0.8599484476848337
25973,LOF,0.05728969555927347,0.011375107836879655,0.9313351966038468
25974,LOF,0.059374523036607986,0.048361574838743406,0.8922639021246486
25975,LOF,0.03669437624739244,0.01766199338913676,0.9456436303634709
25976,LOF,0.09701850868410865,0.01141653892804485,0.8915649523878466
25977,LOF,0.23108081839235492,0.047277060571479644,0.7216421210361654
25978,LOF,0.15297320268381995,0.13641409153859044,0.7106127057775895
25979,LOF,0.12171678887419496,0.15794577708513247,0.7203374340406726
25980,LOF,0.20488878471256816,0.2175663860458937,0.577544829241538
25981,LOF,0.2058379587386609,0.2225031238579086,0.5716589174034306
25982,LOF,0.3433927976833425,0.11644895788424149,0.540158244432416
25983,LOF,0.42368527196758005,0.12377824563855566,0.45253648239386435
25984,LOF,0.0710935702898446,0.08584615651175777,0.8430602731983976
25985,Neutral,0.4965664927983488,0.13615021713228515,0.36728329006936605
25986,LOF,0.014636992294873724,0.44149669739438807,0.5438663103107382
25987,LOF,0.03982190587514166,0.09990880432066725,0.8602692898041912
25988,LOF,0.06289635538863882,0.1439668778124399,0.7931367667989214
25989,LOF,0.07528388405542506,0.22615616564975952,0.6985599502948154
25990,LOF,0.059068506710941014,0.35827485195360553,0.5826566413354534
25991,GOF,0.022533601808461458,0.5580470171849015,0.41941938100663706
25992,LOF,0.01084017040823734,0.47152038186342765,0.517639447728335
25993,LOF,0.017147646510325035,0.0678952683439873,0.9149570851456876
25994,LOF,0.02765784259051295,0.0715825843904996,0.9007595730189873
25995,LOF,0.016321930055621964,0.12743532048203896,0.8562427494623391
25996,GOF,0.33609599575384963,0.45683537905479243,0.20706862519135805
25997,GOF,0.051411098655890795,0.5185068233457535,0.43008207799835574
25998,LOF,0.2425713626351157,0.03811509979306528,0.719313537571819
25999,LOF,0.031404190196693216,0.20692459542609906,0.7616712143772078
26000,LOF,0.12057921905180506,0.01832925443446302,0.8610915265137319
26001,LOF,0.1435948286317542,0.029109568910612654,0.8272956024576331
26002,LOF,0.08848670023138955,0.03152375846982082,0.8799895412987896
26003,GOF,0.006970814135638521,0.6468972869782412,0.3461318988861203
26004,GOF,0.01554205209497098,0.5914600297029444,0.39299791820208463
26005,GOF,0.004896704683969275,0.5082012563256397,0.4869020389903909
26006,GOF,0.09415822110867565,0.5346606607610658,0.37118111813025867
26007,GOF,0.00991879651668164,0.5267916889284175,0.46328951455490086
26008,GOF,0.006847237774715903,0.599375785943855,0.39377697628142916
26009,GOF,0.01220652803207111,0.625568675375749,0.3622247965921799
26010,GOF,0.00922109238532635,0.5811708158905472,0.40960809172412654
26011,LOF,0.004728716691671358,0.42676349602526414,0.5685077872830645
26012,GOF,0.005391159278640667,0.5484254790026366,0.44618336171872264
26013,GOF,0.01271038496783553,0.5751466022091436,0.41214301282302085
26014,LOF,0.042477060509214515,0.09800692979203678,0.8595160096987486
26015,LOF,0.37800803641690023,0.016907347008649754,0.6050846165744499
26016,LOF,0.2672820228392191,0.025949783564533143,0.7067681935962479
26017,LOF,0.016044482037772725,0.1332983525182041,0.8506571654440233
26018,LOF,0.030470557635914004,0.05153013683979712,0.9179993055242889
26019,LOF,0.03007046738666244,0.04668823562214306,0.9232412969911945
26020,LOF,0.006766408310547243,0.1405938729788219,0.8526397187106308
26021,LOF,0.08468698767100366,0.06192472736977871,0.8533882849592176
26022,LOF,0.04193675938602886,0.02418481169512987,0.9338784289188412
26023,LOF,0.0236249416506086,0.03329689650380396,0.9430781618455873
26024,LOF,0.04664436314006121,0.04202429314099956,0.9113313437189393
26025,LOF,0.13882145931778594,0.04594168888497192,0.8152368517972421
26026,LOF,0.11701430939566242,0.032972022056250744,0.8500136685480869
26027,LOF,0.03125819077302622,0.021068761119527733,0.947673048107446
26028,LOF,0.05993171627908557,0.15344032635268764,0.7866279573682268
26029,LOF,0.02855387494636246,0.1857899468621064,0.7856561781915312
26030,LOF,0.11685723035571406,0.027517372241381108,0.8556253974029048
26031,LOF,0.013186449886088528,0.17118865354714907,0.8156248965667624
26032,LOF,0.035227686380347484,0.04828022010467121,0.9164920935149814
26033,LOF,0.035717657911174996,0.04762535431306782,0.9166569877757571
26034,LOF,0.018193002309667607,0.12043066315192247,0.8613763345384099
26035,LOF,0.011673923632406073,0.12447814509534487,0.863847931272249
26036,LOF,0.01077946706960746,0.10386777580762172,0.8853527571227708
26037,LOF,0.01079630843814683,0.11149999816274571,0.8777036933991074
26038,LOF,0.029722940126022883,0.0427908739062586,0.9274861859677186
26039,LOF,0.03367656695003954,0.1427508642563251,0.8235725687936355
26040,LOF,0.07758540860013287,0.11847965386174805,0.8039349375381191
26041,LOF,0.012383498260752425,0.10667319314286526,0.8809433085963824
26042,LOF,0.011577429728112359,0.11080825524613963,0.8776143150257482
26043,LOF,0.03023503861036274,0.07068858854525015,0.8990763728443871
26044,LOF,0.00588057054917266,0.05647731593193442,0.9376421135188929
26045,LOF,0.07977691427339859,0.18267074774807807,0.7375523379785234
26046,LOF,0.0266993525309758,0.046134592866319976,0.9271660546027042
26047,LOF,0.059055025781758794,0.04618284280042201,0.8947621314178192
26048,LOF,0.07682782048259992,0.0168791028701629,0.9062930766472371
26049,Neutral,0.9421494214013407,0.005670307975734163,0.052180270622925004
26050,Neutral,0.9022769764254432,0.006070978403926891,0.09165204517062978
26051,LOF,0.03257096520585735,0.14749356122208465,0.819935473572058
26052,LOF,0.028082834036784445,0.10770363217965442,0.864213533783561
26053,LOF,0.017899152632781436,0.16894045342509764,0.813160393942121
26054,LOF,0.04700136111110884,0.04191965270079132,0.9110789861880998
26055,LOF,0.06701301683555395,0.03790823327128217,0.8950787498931638
26056,LOF,0.05403945890600769,0.04915308548186947,0.8968074556121228
26057,LOF,0.05860681765987293,0.023440541183436407,0.9179526411566907
26058,LOF,0.06321918493819981,0.01891090186246279,0.9178699131993373
26059,LOF,0.2234387153678298,0.035052145189099215,0.7415091394430708
26060,LOF,0.01575360874908476,0.19204388451687554,0.7922025067340396
26061,LOF,0.010353907552676705,0.016885349693990123,0.9727607427533332
26062,LOF,0.005422183337140724,0.02362927654016983,0.9709485401226894
26063,LOF,0.04831368036639001,0.016999958270084468,0.9346863613635255
26064,LOF,0.013717966332202217,0.022403623102177795,0.96387841056562
26065,LOF,0.061353904170494133,0.022844518660946875,0.915801577168559
26066,LOF,0.04772442796705231,0.01723377980641422,0.9350417922265334
26067,LOF,0.05770734764837204,0.015137390666731582,0.9271552616848964
26068,LOF,0.05133474941492853,0.04043622841489871,0.9082290221701727
26069,LOF,0.2079893774928824,0.030988718582325832,0.7610219039247917
26070,LOF,0.4316446877340254,0.021326558052553842,0.5470287542134208
26071,LOF,0.05043700518362046,0.017810761791422144,0.9317522330249574
26072,LOF,0.006101237652821836,0.027905782092060488,0.9659929802551176
26073,LOF,0.04270299622125405,0.021652740056876698,0.9356442637218693
26074,Neutral,0.7847403724941777,0.015647545120530203,0.19961208238529204
26075,LOF,0.045541218637662695,0.032930032820013756,0.9215287485423236
26076,LOF,0.047104664830587055,0.016875168441788376,0.9360201667276246
26077,LOF,0.15880288097881998,0.013930922883634901,0.827266196137545
26078,LOF,0.006371543946578959,0.031728572302924876,0.9618998837504962
26079,LOF,0.05755339249816074,0.028815698718197474,0.9136309087836418
26080,LOF,0.05703050613704769,0.028894426664330976,0.9140750671986214
26081,LOF,0.04289736760019218,0.014731524322049718,0.9423711080777581
26082,LOF,0.005994892501678608,0.024121963195692146,0.9698831443026291
26083,LOF,0.10307101222010034,0.029671189686209187,0.8672577980936904
26084,LOF,0.11846474417900761,0.02553951097804993,0.8559957448429424
26085,LOF,0.10913779507516808,0.020843447818153817,0.8700187571066781
26086,LOF,0.04514780807109631,0.02042447502242978,0.9344277169064739
26087,LOF,0.04290713180682957,0.018603348064168433,0.9384895201290019
26088,LOF,0.006259484618564194,0.04160326464382592,0.9521372507376098
26089,LOF,0.03856007664938399,0.0423671860015065,0.9190727373491095
26090,LOF,0.038883307010434,0.03332102448410981,0.9277956685054561
26091,LOF,0.03153620553347355,0.01333321657373279,0.9551305778927938
26092,LOF,0.045885572277400914,0.014158895846533952,0.9399555318760651
26093,LOF,0.06543165009989886,0.010005302228168124,0.9245630476719331
26094,LOF,0.037409046218406385,0.011489425589221048,0.9511015281923726
26095,LOF,0.016653132436340746,0.027131161646474368,0.9562157059171849
26096,LOF,0.25875090080980595,0.006011045543949675,0.7352380536462443
26097,LOF,0.0062591954584495435,0.06153118301473694,0.9322096215268134
26098,LOF,0.08993118017004023,0.02768646175629444,0.8823823580736654
26099,LOF,0.043758393363771235,0.03006393490196515,0.9261776717342636
26100,LOF,0.043729175886515405,0.03006485349024673,0.9262059706232378
26101,LOF,0.04744373992824777,0.049698588016296376,0.9028576720554558
26102,LOF,0.03846378657403513,0.025348201702974332,0.9361880117229905
26103,Neutral,0.8883134552851036,0.033245397018596155,0.07844114769630016
26104,LOF,0.054924997515140336,0.04734496579808027,0.8977300366867793
26105,LOF,0.19882989117010855,0.10703568724973461,0.6941344215801568
26106,LOF,0.2637925201606644,0.04076211762425211,0.6954453622150836
26107,LOF,0.015404444631235198,0.050466099367620094,0.9341294560011447
26108,LOF,0.14205397149093688,0.04573424619600683,0.8122117823130562
26109,LOF,0.0577282819840709,0.03792068242678653,0.9043510355891426
26110,LOF,0.41222275296589794,0.012322916387285056,0.575454330646817
26111,LOF,0.052364845885577826,0.08869752962652386,0.8589376244878983
26112,LOF,0.0654912661765697,0.011833174120768978,0.9226755597026612
26113,LOF,0.11849440564552034,0.031700531084432264,0.8498050632700475
26114,LOF,0.08438190507724624,0.008864770543081877,0.9067533243796718
26115,LOF,0.016552176999038104,0.07131773819381634,0.9121300848071454
26116,LOF,0.07803581705204125,0.027012103789902722,0.894952079158056
26117,LOF,0.3885336742621808,0.037539234769844144,0.573927090967975
26118,LOF,0.036041145673311334,0.018098876578365623,0.9458599777483231
26119,LOF,0.006146517413677492,0.0853883838855894,0.908465098700733
26120,LOF,0.03348709414944288,0.017619498469769356,0.9488934073807878
26121,LOF,0.004205986477181185,0.11953095512456316,0.8762630583982557
