feature0,prediction,LoGoFunc_Neutral,LoGoFunc_GOF,LoGoFunc_LOF
25546,Neutral,0.7712119992021168,0.025811778230468235,0.20297622256741502
25547,Neutral,0.611735502859889,0.05642480102297035,0.3318396961171406
25548,Neutral,0.6025657291977073,0.045450918631069114,0.3519833521712235
25549,Neutral,0.5088834982326135,0.04524952218718482,0.44586697958020177
25550,LOF,0.35889887604255993,0.1069204250536188,0.5341806989038212
25551,LOF,0.29526213198016393,0.12104723213358114,0.583690635886255
25552,LOF,0.18878622168269094,0.12340059470093374,0.6878131836163753
25553,Neutral,0.822144224650129,0.030762045188932694,0.14709373016093827
25554,LOF,0.2309206182075104,0.11285064598771977,0.6562287358047699
25555,LOF,0.183336205997164,0.09451450773351804,0.722149286269318
25556,LOF,0.402370698489463,0.0917541757906365,0.5058751257199005
25557,LOF,0.1757638029933347,0.10435848351485398,0.7198777134918113
25558,LOF,0.22631417246705526,0.11421498826294332,0.6594708392700014
25559,LOF,0.3912497446936531,0.0658226916642158,0.5429275636421311
25560,LOF,0.06460825877646736,0.19169854981613862,0.7436931914073941
25561,LOF,0.12254992667657573,0.19830399571105103,0.6791460776123732
25562,LOF,0.1017690166418068,0.09227800711299755,0.8059529762451957
25563,LOF,0.10891202505672255,0.10786655466156952,0.7832214202817079
25564,LOF,0.15749808641489085,0.19415687017836017,0.6483450434067489
25565,LOF,0.12176112673546492,0.173257515074153,0.7049813581903821
25566,GOF,0.014709529592620335,0.7139780925999369,0.2713123778074428
25567,LOF,0.012778817103951895,0.11960473948150033,0.8676164434145477
25568,LOF,0.05053829097702684,0.059442353566354814,0.8900193554566184
25569,LOF,0.059552921462940375,0.055293621665121334,0.8851534568719382
25570,LOF,0.06505551073592371,0.09765519121566062,0.8372892980484157
25571,LOF,0.0627595825628151,0.08509449332614212,0.8521459241110428
25572,LOF,0.06633230051851076,0.12436626271682633,0.8093014367646628
25573,LOF,0.028461314189766197,0.08396499346928901,0.8875736923409449
25574,LOF,0.01774955643782229,0.13465785085649581,0.8475925927056819
25575,LOF,0.054933983878172374,0.09620411801943086,0.8488618981023968
25576,LOF,0.020435836367457345,0.1064244998679358,0.8731396637646069
25577,LOF,0.016098074833367393,0.12991137223826854,0.853990552928364
25578,LOF,0.23867294603487424,0.07620864118949477,0.685118412775631
25579,LOF,0.23927191402562828,0.0757289594780886,0.6849991264962831
25580,LOF,0.038401178077157344,0.07750267977458702,0.8840961421482556
25581,LOF,0.0493664255241768,0.06168605305056354,0.8889475214252597
25582,LOF,0.0492168481257421,0.05922862377932604,0.8915545280949319
25583,LOF,0.04366499220796857,0.08542733519355672,0.8709076725984747
25584,LOF,0.45815939724737553,0.08049550562200662,0.4613450971306179
25585,LOF,0.03774553147420693,0.09486291480353118,0.8673915537222618
25586,LOF,0.040502048186497976,0.07625404560712379,0.8832439062063782
25587,LOF,0.03826977330770748,0.07371850505985483,0.8880117216324377
25588,LOF,0.038377129635597675,0.08774053207828744,0.8738823382861148
25589,Neutral,0.6138878671312757,0.09189519577870638,0.29421693709001784
25590,LOF,0.030054098044829926,0.11594022609162061,0.8540056758635494
25591,LOF,0.12314369505264174,0.04665162086556921,0.8302046840817892
25592,LOF,0.11002205029393781,0.1346950702738413,0.7552828794322208
25593,LOF,0.01856900397625743,0.2286603889085142,0.7527706071152284
25594,LOF,0.039158562503555934,0.17731180731700255,0.7835296301794414
25595,LOF,0.05804961518915361,0.1495451288613087,0.7924052559495378
25596,LOF,0.059403746746646606,0.08839075223051106,0.8522055010228423
25597,LOF,0.063865846381579,0.07481851929651806,0.8613156343219031
25598,LOF,0.048323459750832666,0.17623680790422197,0.7754397323449453
25599,GOF,0.006906842145074576,0.7147693650749265,0.27832379277999897
25600,GOF,0.007855180236178051,0.5776613813155421,0.41448343844827984
25601,LOF,0.006482502350070787,0.4517163068643767,0.5418011907855526
25602,LOF,0.019392788641365035,0.05694796517520028,0.9236592461834346
25603,LOF,0.0380646764089601,0.029555793680974735,0.9323795299100652
25604,LOF,0.046415031452737385,0.0617239513558772,0.8918610171913854
25605,LOF,0.01009571057697896,0.29058258827441386,0.6993217011486071
25606,GOF,0.066788066391621,0.47181044641057385,0.46140148719780516
25607,LOF,0.004183563373270049,0.1526034934140704,0.8432129432126595
25608,LOF,0.061367060727613845,0.05660714803186812,0.8820257912405179
25609,LOF,0.05445051104345315,0.38263929814401637,0.5629101908125305
25610,LOF,0.04757016413626554,0.035670043726763495,0.916759792136971
25611,LOF,0.06274898475568888,0.029701290349939055,0.907549724894372
25612,LOF,0.1266340687657009,0.05225354061429274,0.8211123906200064
25613,LOF,0.10466575831211629,0.041992010701580165,0.8533422309863036
25614,LOF,0.043481927671699915,0.04021705475912487,0.9163010175691751
25615,LOF,0.06409985113682005,0.038853032825915984,0.8970471160372641
25616,LOF,0.04061442341283298,0.0421242501565996,0.9172613264305673
25617,LOF,0.042008331629780585,0.0444309737649884,0.9135606946052309
25618,LOF,0.25268766968721207,0.03917258382206135,0.7081397464907266
25619,LOF,0.039736667938673684,0.038748488189424134,0.9215148438719023
25620,LOF,0.04281078761262195,0.04767402895527632,0.9095151834321017
25621,LOF,0.04189416848600668,0.03118435745174285,0.9269214740622503
25622,LOF,0.03472426801339765,0.04728087116546803,0.9179948608211344
25623,LOF,0.06627180438758293,0.0360025694290728,0.8977256261833444
25624,LOF,0.033592837621025017,0.050754438282208034,0.915652724096767
25625,LOF,0.042071563778680945,0.05328399779892378,0.9046444384223954
25626,LOF,0.08780708898444808,0.03395478920419632,0.8782381218113557
25627,Neutral,0.588398661144675,0.10213983451283432,0.30946150434249076
25628,LOF,0.21939124618964737,0.052155259915280756,0.728453493895072
25629,LOF,0.08651793485746519,0.11619195465560554,0.7972901104869292
25630,LOF,0.20854331339964696,0.09023591724607696,0.7012207693542761
25631,Neutral,0.6021669181426678,0.06276945055990742,0.33506363129742484
25632,LOF,0.022064556619580077,0.08387921367530339,0.8940562297051166
25633,LOF,0.2130645420571399,0.09026209949029802,0.6966733584525621
25634,LOF,0.03662672394766209,0.10148361101804368,0.8618896650342942
25635,LOF,0.03557264954075388,0.0885049331507145,0.8759224173085316
25636,GOF,0.006856635380558736,0.7073731881923998,0.2857701764270415
25637,GOF,0.004616797987799422,0.5706222819983041,0.4247609200138965
25638,LOF,0.009611664979426083,0.46214061344781815,0.5282477215727558
25639,LOF,0.00493087975966023,0.4863240331160638,0.5087450871242759
25640,GOF,0.3786360834754589,0.5805914859013429,0.040772430623198304
25641,LOF,0.006123483327803959,0.34170563692291106,0.652170879749285
25642,LOF,0.26503128913078833,0.09699243326997262,0.637976277599239
25643,LOF,0.22174736880732365,0.33035201074973936,0.44790062044293694
25644,GOF,0.027968975107442316,0.6729370558970997,0.29909396899545787
25645,GOF,0.020237200625219918,0.6225900381200283,0.3571727612547517
25646,LOF,0.02526796177208516,0.45403707419293443,0.5206949640349804
25647,LOF,0.017914442505832753,0.3167489071820224,0.6653366503121448
25648,LOF,0.014843432619630708,0.37179450377069917,0.61336206360967
25649,LOF,0.014510043684763099,0.25338043025699875,0.7321095260582382
25650,GOF,0.03914801245272059,0.6488958437631601,0.31195614378411923
25651,LOF,0.01257958626547164,0.2988652284347032,0.6885551852998252
25652,LOF,0.021895417401551837,0.3494463223234741,0.6286582602749741
25653,GOF,0.08570131477260129,0.5888329936045377,0.32546569162286104
25654,LOF,0.014778193913005163,0.4111630012661247,0.5740588048208702
25655,GOF,0.12721842782117612,0.49814715532126774,0.37463441685755616
25656,LOF,0.05557484022343851,0.09103634234690797,0.8533888174296534
25657,LOF,0.28704618382584507,0.03920498959415509,0.6737488265799999
25658,LOF,0.03211440178082143,0.16525199556750494,0.8026336026516736
25659,LOF,0.20630519061155292,0.08009782545962003,0.7135969839288271
25660,LOF,0.09761795213556235,0.10649167946976476,0.7958903683946729
25661,LOF,0.08096569331806393,0.07271277488475808,0.846321531797178
25662,LOF,0.03432234435658046,0.05316940896859344,0.912508246674826
25663,LOF,0.0427521193953425,0.08015051262742086,0.8770973679772366
25664,LOF,0.030794672410247793,0.14479299964943507,0.824412327940317
25665,LOF,0.045498214929163526,0.059902124656577245,0.8945996604142593
25666,LOF,0.043867482269617265,0.1721318258370474,0.7840006918933352
25667,LOF,0.0342617121420784,0.06736311885986168,0.89837516899806
25668,LOF,0.0450522526203604,0.05435891377624714,0.9005888336033924
25669,LOF,0.053056214448616155,0.09596060795343368,0.8509831775979501
25670,LOF,0.11851335753166763,0.10964621602567025,0.771840426442662
25671,LOF,0.04275239081208736,0.05590676952302991,0.9013408396648828
25672,LOF,0.04560119028664208,0.07604471962539443,0.8783540900879636
25673,LOF,0.03794362288286406,0.0764307434856642,0.8856256336314717
25674,LOF,0.026919035801464306,0.0857821701740367,0.887298794024499
25675,LOF,0.03799900427259372,0.07969746112127764,0.8823035346061286
25676,LOF,0.03386425905539018,0.07310333910862944,0.8930324018359804
25677,LOF,0.08581648171055481,0.06425921994843578,0.8499242983410095
25678,LOF,0.15226093733283053,0.0538034441217697,0.7939356185453998
25679,LOF,0.10724069237011592,0.07364107812394244,0.8191182295059416
25680,LOF,0.08608754357092596,0.09642787614100684,0.8174845802880673
25681,LOF,0.10398600488581221,0.08614430161473025,0.8098696934994576
25682,LOF,0.0518378693615014,0.06843520636523569,0.879726924273263
25683,LOF,0.07442301177299497,0.1031402236130704,0.8224367646139347
25684,LOF,0.06471438047322395,0.07980968592851617,0.8554759335982598
25685,LOF,0.10916422441762709,0.04764745033265596,0.843188325249717
25686,LOF,0.035877134028640914,0.11190812966861056,0.8522147363027485
25687,LOF,0.05922165120899719,0.10665267020571009,0.8341256785852927
25688,LOF,0.01854246142110986,0.08085330349866487,0.9006042350802254
25689,LOF,0.01665948357519508,0.047039852866410665,0.9363006635583941
25690,LOF,0.017179640625505713,0.05757628539090369,0.9252440739835907
25691,LOF,0.12565970855444777,0.08067967696652731,0.7936606144790249
25692,LOF,0.1876941152032397,0.01314730693712685,0.7991585778596335
25693,LOF,0.04652268722030519,0.14342235680661147,0.8100549559730833
25694,LOF,0.2882552771665031,0.012521795725735264,0.6992229271077617
25695,LOF,0.2123704208146095,0.01943425330022982,0.7681953258851607
25696,LOF,0.15314456595623788,0.016433067231605068,0.8304223668121571
25697,LOF,0.11622574725162942,0.03634711005395241,0.8474271426944182
25698,LOF,0.02147766340406422,0.34124998614831187,0.6372723504476239
25699,LOF,0.09190339294983679,0.09112831496949196,0.8169682920806712
25700,LOF,0.0344697527255822,0.017099310863676123,0.9484309364107416
25701,LOF,0.01674453653179821,0.10724264249879409,0.8760128209694078
25702,GOF,0.02383671590423185,0.7717889794122017,0.20437430468356646
25703,LOF,0.0166204212635348,0.22277064607326424,0.760608932663201
25704,LOF,0.10277039631750744,0.21777280893272774,0.6794567947497647
25705,LOF,0.09083518974477679,0.30248372472521456,0.6066810855300087
25706,GOF,0.021627941740486108,0.6808500163118877,0.29752204194762627
25707,GOF,0.027589218623862106,0.647370254556756,0.32504052681938195
25708,GOF,0.009573898900898718,0.6370058364125928,0.35342026468650867
25709,LOF,0.02773808946495925,0.09501403318179263,0.8772478773532482
25710,LOF,0.00561578727587865,0.2489923011992834,0.7453919115248381
25711,LOF,0.02919122559218746,0.16143919291274697,0.8093695814950655
25712,LOF,0.007179689592876398,0.3162939978635715,0.6765263125435521
25713,LOF,0.024284317903435236,0.1338697116493394,0.8418459704472254
25714,LOF,0.027418567051740377,0.1735401088751494,0.7990413240731101
25715,LOF,0.030212939631638718,0.15007797748364846,0.8197090828847129
25716,LOF,0.00848517180100005,0.20439382908470652,0.7871209991142933
25717,LOF,0.005785966583066411,0.20738085611757642,0.7868331772993571
25718,LOF,0.026729138691376025,0.11560583780214496,0.857665023506479
25719,LOF,0.03553273521687236,0.15053704182109415,0.8139302229620335
25720,LOF,0.038193283790746546,0.12658675420100693,0.8352199620082466
25721,LOF,0.030755213406612067,0.11795571856735779,0.8512890680260302
25722,LOF,0.020443338126269653,0.15641710121427846,0.8231395606594518
25723,LOF,0.030464052982517077,0.12834618807844725,0.8411897589390357
25724,LOF,0.026705779711877355,0.20870407024906337,0.7645901500390593
25725,LOF,0.029110029206121033,0.11144445557363358,0.8594455152202454
25726,LOF,0.021121743900367515,0.14131271430643172,0.8375655417932008
25727,LOF,0.028220304203013243,0.15054379102742177,0.821235904769565
25728,LOF,0.026238215029489226,0.14127072311329664,0.8324910618572141
25729,LOF,0.02682275180217932,0.15952784929624603,0.8136493989015747
25730,LOF,0.030687993365570446,0.11166516649782118,0.8576468401366084
25731,LOF,0.009538692972216689,0.23656056528484717,0.7539007417429361
25732,LOF,0.022272772852935302,0.12839853957486538,0.8493286875721993
25733,LOF,0.0372711576849811,0.11160085698284596,0.8511279853321728
25734,LOF,0.006397170331762538,0.34807338471066357,0.6455294449575739
25735,LOF,0.02533623428698893,0.10320125750433728,0.8714625082086739
25736,LOF,0.024565676657575627,0.1713826355704507,0.8040516877719738
25737,LOF,0.05852057847150292,0.1614532118013597,0.7800262097271374
25738,LOF,0.026210255493501738,0.18225942508324866,0.7915303194232496
25739,LOF,0.032962575612360136,0.13126115447834744,0.8357762699092924
25740,LOF,0.03406128156677454,0.15013745610170795,0.8158012623315175
25741,LOF,0.03818280251760775,0.14756198907069468,0.8142552084116976
25742,LOF,0.05192188023033804,0.14743132061111353,0.8006467991585485
25743,LOF,0.010873494778049875,0.023234508500836852,0.9658919967211134
25744,LOF,0.21253899056557002,0.23825253375383715,0.5492084756805928
25745,LOF,0.03707671279809886,0.05562315638736538,0.9073001308145356
25746,LOF,0.014492584967182996,0.07031477740638224,0.9151926376264347
25747,LOF,0.036706209496996225,0.023235153283320438,0.9400586372196833
25748,LOF,0.2856258184323374,0.045900039606571116,0.6684741419610915
25749,LOF,0.01572077336080483,0.048413607346380526,0.9358656192928146
25750,LOF,0.02187086625581215,0.04802841443491361,0.9301007193092742
25751,LOF,0.03796511385102152,0.0386605838694791,0.9233743022794995
25752,GOF,0.07078415553974768,0.7476748118778723,0.18154103258238005
25753,LOF,0.006646479495956541,0.47247650398111424,0.5208770165229292
25754,GOF,0.006611581210929866,0.8941321978270859,0.0992562209619843
25755,GOF,0.006343120593801912,0.5056430123533526,0.4880138670528455
25756,GOF,0.0239219061972402,0.4883483591875097,0.4877297346152501
25757,GOF,0.006685382327665635,0.8730106117056334,0.12030400596670086
25758,GOF,0.008216207813919256,0.8952159843900415,0.09656780779603925
25759,GOF,0.005619092425422498,0.6913181539610229,0.30306275361355456
25760,LOF,0.0057977210143808815,0.38819796710671767,0.6060043118789014
25761,GOF,0.04477006640209115,0.8716721224601506,0.08355781113775823
25762,LOF,0.02735054017542521,0.4375393041694364,0.5351101556551383
25763,LOF,0.0055160864432674366,0.34787109500902424,0.6466128185477082
25764,GOF,0.04897398831703324,0.7141787711301812,0.23684724055278553
25765,GOF,0.007127909739278863,0.8942942680462349,0.0985778222144862
25766,GOF,0.039716195503894235,0.8636034676803032,0.09668033681580264
25767,GOF,0.02140813452032892,0.5388033998039723,0.43978846567569885
25768,LOF,0.0529631761478219,0.04851045197595286,0.8985263718762252
25769,LOF,0.03998049862019886,0.0735713616952665,0.8864481396845346
25770,LOF,0.19858236457921075,0.0791857342938231,0.7222319011269661
25771,LOF,0.019556986984088774,0.0726675355913323,0.907775477424579
25772,LOF,0.030570837977495786,0.028456915698142456,0.9409722463243618
25773,LOF,0.020097769049286906,0.07718629164644064,0.9027159393042725
25774,LOF,0.027309499000430573,0.1417023856877515,0.8309881153118179
25775,LOF,0.02104422739852866,0.04237869244532814,0.9365770801561433
25776,LOF,0.02918974409557033,0.022707963360763955,0.9481022925436658
25777,LOF,0.28593407150375016,0.09761059584659136,0.6164553326496585
25778,LOF,0.027806709376481185,0.05308043300578541,0.9191128576177334
25779,GOF,0.08167119431930052,0.8437680879046813,0.07456071777601826
25780,GOF,0.1119817215997976,0.828365314303006,0.059652964097196524
25781,GOF,0.04482560484377177,0.8204763188074461,0.13469807634878214
25782,GOF,0.05069389835898894,0.868469159200819,0.08083694244019192
25783,GOF,0.043742043380348296,0.898656915555714,0.057601041063937646
25784,GOF,0.1383859679554324,0.8165467741155685,0.04506725792899909
25785,GOF,0.16377566979204242,0.7945034072300869,0.04172092297787059
25786,GOF,0.014541161462596274,0.8581307772076635,0.12732806132974017
25787,GOF,0.3076110919425314,0.6454780180743038,0.04691088998316486
25788,LOF,0.019864542046610704,0.14963394398847785,0.8305015139649115
25789,GOF,0.023535594410290874,0.8202903243470391,0.15617408124267
25790,GOF,0.03914596651748992,0.8449999065871342,0.11585412689537591
25791,GOF,0.03714852284873087,0.6919173212883803,0.2709341558628888
25792,GOF,0.0440636200901105,0.7380794039634986,0.21785697594639084
25793,GOF,0.0643883874032736,0.7943783342569533,0.14123327833977325
25794,GOF,0.0777727963850229,0.6970139810165112,0.225213222598466
25795,GOF,0.06341763610082565,0.6946580309150383,0.24192433298413604
25796,GOF,0.15192388342632826,0.7532277441688476,0.09484837240482408
25797,GOF,0.12254849760773819,0.683726687344549,0.19372481504771283
25798,GOF,0.00903018047559242,0.7494650838447412,0.24150473567966627
25799,GOF,0.005315486723847662,0.6497765351741446,0.3449079781020077
25800,GOF,0.03301807000754878,0.8028074573050923,0.164174472687359
25801,GOF,0.02969650829296401,0.8724805962184417,0.09782289548859437
25802,GOF,0.03845438825477541,0.7404295928135136,0.22111601893171098
25803,GOF,0.026107614286351118,0.6612619699511441,0.31263041576250483
25804,GOF,0.04435313804414502,0.7197719359382534,0.2358749260176016
25805,GOF,0.04193561305677457,0.7532940232322086,0.2047703637110169
25806,GOF,0.05548005572787263,0.7605185742826291,0.1840013699894982
25807,GOF,0.016848460895618096,0.7187353636543206,0.26441617545006124
25808,GOF,0.032080955587657556,0.7164347898582093,0.25148425455413315
25809,GOF,0.01402970732945771,0.6585468287999126,0.3274234638706297
25810,GOF,0.012392200556822774,0.6457211113268113,0.341886688116366
25811,GOF,0.06775756584031227,0.837280942543251,0.0949614916164367
25812,GOF,0.03871876158735057,0.7129958986813785,0.24828533973127098
25813,GOF,0.20557111788058038,0.6953339786731744,0.09909490344624518
25814,GOF,0.04137204815413929,0.722950545812977,0.2356774060328837
25815,GOF,0.07414961614220611,0.7822883821138632,0.14356200174393066
25816,GOF,0.011552624316350906,0.8406267531735597,0.14782062251008948
25817,GOF,0.1343301541393482,0.7239568752288738,0.141712970631778
25818,GOF,0.03622416877776759,0.7339872771061675,0.2297885541160649
25819,GOF,0.06529128245281547,0.7324445252317147,0.20226419231547
25820,GOF,0.06735452928434676,0.6826555003361823,0.249989970379471
25821,GOF,0.04463495212059848,0.7380517380674623,0.21731330981193925
25822,GOF,0.08174172559486532,0.6810078090245929,0.23725046538054176
25823,GOF,0.038876267042116094,0.6482964453573403,0.3128272876005435
25824,GOF,0.03935578082575788,0.7160923318353691,0.24455188733887287
25825,GOF,0.030762735626707848,0.7104416702436399,0.2587955941296522
25826,GOF,0.01405351716273365,0.6681854050916617,0.3177610777456045
25827,GOF,0.020158508767807008,0.6645463589325752,0.31529513229961775
25828,GOF,0.016474412213043667,0.7051179189115946,0.27840766887536167
25829,GOF,0.005157440130834704,0.621905963210133,0.3729365966590322
25830,GOF,0.04395454773013811,0.491824150042624,0.4642213022272379
25831,GOF,0.07147096964685438,0.7766202246236081,0.1519088057295376
25832,GOF,0.013865663958717063,0.6999814366655507,0.28615289937573235
25833,GOF,0.04906905099078631,0.7685286515193969,0.18240229748981687
25834,GOF,0.014168165346231299,0.7219600308535726,0.26387180380019626
25835,GOF,0.031837988723022334,0.7876795269145418,0.18048248436243589
25836,GOF,0.009547643055428174,0.7095474163546823,0.2809049405898894
25837,GOF,0.012436847320074615,0.7290297236553609,0.2585334290245644
25838,GOF,0.03140957916744984,0.7946392120783791,0.1739512087541712
25839,GOF,0.07855420337251948,0.7501327986456128,0.17131299798186775
25840,GOF,0.10917421092862789,0.7087309865474796,0.1820948025238925
25841,GOF,0.10798157058645429,0.7499341203465056,0.14208430906703998
25842,GOF,0.0384165321596378,0.8450583807001356,0.11652508714022654
25843,GOF,0.039275505257437775,0.8494265034686234,0.11129799127393881
25844,GOF,0.028313666064715408,0.7822453155667686,0.1894410183685161
25845,GOF,0.007954204871586063,0.6802155521815616,0.31183024294685247
25846,GOF,0.07890365219068232,0.8116553417876249,0.1094410060216928
25847,GOF,0.02046682596717338,0.8519603407075291,0.12757283332529742
25848,GOF,0.03235354509230443,0.7929946422161444,0.17465181269155133
25849,GOF,0.009563456375018245,0.7676090532199915,0.22282749040499025
25850,GOF,0.00811293544044908,0.6644539410266062,0.32743312353294474
25851,GOF,0.007805639467527736,0.6151233810544459,0.3770709794780264
25852,GOF,0.16597958167313637,0.5079936896160187,0.326026728710845
25853,GOF,0.07780000696725468,0.7428532028799728,0.17934679015277255
25854,GOF,0.007988232390813532,0.6742623093030421,0.3177494583061444
25855,GOF,0.02875922607226627,0.6379964724456949,0.3332443014820389
25856,GOF,0.058086222113719096,0.6984288398735796,0.24348493801270135
25857,GOF,0.02983258244666335,0.636232196463486,0.33393522108985063
25858,GOF,0.011196243330468366,0.5825498358271741,0.4062539208423574
25859,GOF,0.007923777613778613,0.5508164043886953,0.4412598179975261
25860,GOF,0.10551370570858667,0.7094126217736649,0.1850736725177484
25861,GOF,0.10554987286303409,0.7616711742411334,0.1327789528958325
25862,GOF,0.031373812220450825,0.861733886743623,0.10689230103592623
25863,GOF,0.027972359556767253,0.8488491117719283,0.1231785286713043
25864,GOF,0.0696682565197534,0.8426641482316405,0.08766759524860612
25865,GOF,0.05730966047027244,0.8176858425869764,0.1250044969427511
25866,GOF,0.03013437756748235,0.8242451964042388,0.14562042602827893
25867,GOF,0.04839929574932564,0.8276066505141297,0.12399405373654457
25868,GOF,0.08320573894866327,0.7164809387590085,0.2003133222923282
25869,GOF,0.42166324137557604,0.4708141750130841,0.10752258361133994
25870,GOF,0.08597015865080321,0.49428796062915725,0.41974188072003965
25871,GOF,0.011800950572271604,0.7948192475258908,0.19337980190183754
25872,GOF,0.027837422861795563,0.7909064804410165,0.1812560966971878
25873,GOF,0.02542073658439002,0.8473909403022195,0.1271883231133906
25874,LOF,0.018717601028750676,0.19626651167293485,0.7850158872983144
25875,LOF,0.02487399252023714,0.1104029061114374,0.8647231013683254
25876,LOF,0.021954019590278994,0.0635538054367009,0.9144921749730202
25877,LOF,0.10325787791571614,0.21673636128614568,0.6800057607981382
25878,LOF,0.06365842204897076,0.2758632912491838,0.6604782867018455
25879,LOF,0.011489388487681107,0.18784219830416868,0.8006684132081502
25880,LOF,0.06860375606492296,0.019015100140515533,0.9123811437945614
25881,Neutral,0.5609200815382511,0.09668390223269503,0.34239601622905386
25882,LOF,0.07370344265813171,0.024134983009758595,0.9021615743321096
25883,LOF,0.03220927162985005,0.028682491410173278,0.9391082369599767
25884,LOF,0.022516710461322625,0.040406578511232735,0.9370767110274446
25885,LOF,0.19417208145748213,0.013850280173448118,0.7919776383690699
25886,LOF,0.24618591612358512,0.05629051719509703,0.6975235666813179
25887,LOF,0.09133651533254694,0.1434155260262599,0.7652479586411931
25888,LOF,0.008876330270840817,0.19633728846490428,0.7947863812642549
25889,LOF,0.02955209759186168,0.03749445418277499,0.9329534482253632
25890,LOF,0.201239551187622,0.07846516207401892,0.7202952867383591
25891,LOF,0.10145714139322438,0.03633672924054465,0.8622061293662309
25892,LOF,0.008898913105019083,0.029732938061824827,0.961368148833156
25893,LOF,0.3186338746870345,0.009987672566118455,0.671378452746847
25894,LOF,0.3392833153999575,0.0074261323447349335,0.6532905522553076
25895,LOF,0.2799328384904428,0.014477618031409288,0.7055895434781477
25896,LOF,0.08672036683040318,0.02925126390646994,0.8840283692631269
25897,LOF,0.13374438793267154,0.011498012147818785,0.8547575999195097
25898,LOF,0.11968915783095063,0.028253054175199053,0.8520577879938505
25899,LOF,0.42023566688393116,0.03400808152710674,0.545756251588962
25900,Neutral,0.6472946451122916,0.012288428556869622,0.34041692633083864
25901,LOF,0.10007479046750214,0.013277363090860864,0.886647846441637
25902,LOF,0.11701296924196147,0.014321930013685622,0.8686651007443529
25903,LOF,0.20698151940760554,0.027784450652229505,0.7652340299401651
25904,Neutral,0.5492498310952767,0.04333328537665492,0.4074168835280683
25905,LOF,0.00800093564076431,0.38738969515455496,0.6046093692046807
25906,LOF,0.007948196920690194,0.07608008430930865,0.9159717187700013
25907,LOF,0.0088410584244837,0.2545311754806435,0.7366277660948728
25908,LOF,0.008859167378551639,0.23560943436496554,0.7555313982564829
25909,LOF,0.03220852021510058,0.09394023820473368,0.8738512415801657
25910,LOF,0.01242864715251114,0.14213481071452694,0.845436542132962
25911,LOF,0.19029282150463217,0.0251843511355604,0.7845228273598075
25912,LOF,0.10573782303413005,0.017751018746776214,0.8765111582190936
25913,LOF,0.021804941821536458,0.028084572788386396,0.9501104853900771
25914,LOF,0.04131684512055225,0.02961053813261106,0.9290726167468367
25915,LOF,0.15676379523494577,0.2004247700235099,0.6428114347415443
25916,LOF,0.012555182920998269,0.0972895875255431,0.8901552295534587
25917,LOF,0.07062434639142298,0.02959879061429211,0.8997768629942848
25918,LOF,0.04101763337691709,0.014811376878222949,0.9441709897448599
25919,LOF,0.03361620165642986,0.015335976116844365,0.9510478222267259
25920,LOF,0.32787227875254277,0.1652377784552687,0.5068899427921886
25921,LOF,0.020685035729824212,0.01799428544986303,0.9613206788203128
25922,LOF,0.019459141036752284,0.020106820407974176,0.9604340385552734
25923,LOF,0.45607968667700793,0.011889063336643847,0.5320312499863482
25924,LOF,0.02919580895946526,0.019389659764883545,0.9514145312756513
25925,LOF,0.1137178649147551,0.02714132924685548,0.8591408058383895
25926,LOF,0.09762461644913767,0.021410854267070657,0.8809645292837917
25927,LOF,0.02652554735839176,0.03336883507215256,0.9401056175694557
25928,LOF,0.014481009869035564,0.019440535158089724,0.9660784549728746
25929,Neutral,0.6007307367624198,0.011594479510975813,0.38767478372660436
25930,LOF,0.10405014361428248,0.011507571683027254,0.8844422847026902
25931,LOF,0.017137668703124564,0.015304991959026378,0.9675573393378489
25932,LOF,0.09424138894011275,0.012375002574744281,0.893383608485143
25933,LOF,0.09318528962207581,0.00845731642985474,0.8983573939480695
25934,LOF,0.09800102553758175,0.007210164642990799,0.8947888098194273
25935,LOF,0.11411124609303948,0.022618301850300594,0.86327045205666
25936,LOF,0.099102640479695,0.008093519273138377,0.8928038402471666
25937,LOF,0.024125338361530708,0.015515582208502327,0.960359079429967
25938,LOF,0.11288537295925952,0.02005406824285965,0.8670605587978808
25939,LOF,0.06883145198474429,0.01083813198299135,0.9203304160322643
25940,GOF,0.011576382514121238,0.5287255296463367,0.4596980878395422
25941,Neutral,0.47648743953834216,0.052099270093158644,0.4714132903684992
25942,LOF,0.01180358154376418,0.05236160372187619,0.9358348147343597
25943,LOF,0.05419463085092102,0.19808596616080026,0.7477194029882788
25944,LOF,0.06026341293372459,0.09977482853558255,0.8399617585306929
25945,LOF,0.1879713813927339,0.02867656258041142,0.7833520560268546
25946,LOF,0.082203253599622,0.043152378278121045,0.874644368122257
25947,Neutral,0.48384636315225765,0.15843661040011942,0.35771702644762304
25948,LOF,0.391100051766105,0.012915256557952278,0.5959846916759426
25949,LOF,0.12268581018722764,0.07033359111591583,0.8069805986968566
25950,GOF,0.10972452056596584,0.6574705214247973,0.23280495800923692
25951,LOF,0.012663679397372202,0.4614293381017965,0.5259069825008312
25952,LOF,0.14650858753670185,0.30795441624025927,0.545536996223039
25953,LOF,0.0071155764854189665,0.31569462855311253,0.6771897949614685
25954,LOF,0.09387760875869847,0.43665213504441464,0.4694702561968869
25955,LOF,0.010737772203835929,0.24433282934000025,0.7449293984561638
25956,LOF,0.010284948669938211,0.3897000484458494,0.6000150028842124
25957,LOF,0.16479297659959657,0.046109468166095936,0.7890975552343074
25958,LOF,0.03184009600257006,0.06102907773383391,0.907130826263596
25959,GOF,0.00686553253956386,0.7212678273284454,0.27186664013199074
25960,LOF,0.005134588447020425,0.12386786872747314,0.8709975428255065
25961,LOF,0.027199991848429757,0.050339299446864605,0.9224607087047055
25962,LOF,0.029940864133711057,0.10076144490946538,0.8692976909568236
25963,LOF,0.009862721497581361,0.13946752638188023,0.8506697521205384
25964,LOF,0.044841914488209386,0.1192976487549325,0.8358604367568582
25965,LOF,0.1731259800595218,0.15972979912874066,0.6671442208117374
25966,LOF,0.3045155826865948,0.11336052859046855,0.5821238887229366
25967,LOF,0.006328926592338223,0.11026018987289199,0.8834108835347698
25968,LOF,0.05927818378920554,0.2510928127863223,0.6896290034244722
25969,LOF,0.14375083767559366,0.06621705179122203,0.7900321105331843
25970,LOF,0.06287058780485906,0.06221785397274969,0.8749115582223912
25971,LOF,0.06790357105768213,0.02981305906306738,0.9022833698792504
25972,LOF,0.0828850119959672,0.04510473171645547,0.8720102562875772
25973,LOF,0.05675900690470972,0.011470494831936365,0.9317704982633539
25974,LOF,0.05866542499498861,0.0430020373221857,0.8983325376828257
25975,LOF,0.03140028242955554,0.015931968276195533,0.952667749294249
25976,LOF,0.08576341114153034,0.011882278991288762,0.902354309867181
25977,LOF,0.23003400811092098,0.04760766950790675,0.7223583223811723
25978,LOF,0.1608290957203435,0.15231126193455063,0.6868596423451058
25979,LOF,0.1291075636575711,0.15855779721557361,0.7123346391268552
25980,LOF,0.21183822414323397,0.24391299368248381,0.5442487821742822
25981,LOF,0.21254879793141343,0.2462578112723075,0.541193390796279
25982,LOF,0.35357770536394206,0.12306440068113653,0.5233578939549215
25983,Neutral,0.4405266223282751,0.12082143631560917,0.4386519413561157
25984,LOF,0.0703778953483441,0.10091419105409312,0.8287079135975628
25985,Neutral,0.45076838607370684,0.14261970750987227,0.4066119064164209
25986,LOF,0.015781904537310282,0.41368519307641394,0.5705329023862757
25987,LOF,0.042280127840055526,0.10741173618716163,0.8503081359727828
25988,LOF,0.07021308737045824,0.18149401100835644,0.7482929016211853
25989,LOF,0.07703271858776826,0.22306835911067788,0.6998989223015538
25990,LOF,0.06402550718130265,0.3607619989120306,0.5752124939066667
25991,GOF,0.02704728662880448,0.5407880640044944,0.4321646493667011
25992,LOF,0.012891793249941996,0.44444983956166667,0.5426583671883912
25993,LOF,0.01823567080412854,0.06866358552377401,0.9131007436720975
25994,LOF,0.02363893780998885,0.07066611324778266,0.9056949489422285
25995,LOF,0.01726799359067865,0.11703391989010502,0.8656980865192164
25996,GOF,0.30792066680571084,0.41506440641459286,0.2770149267796963
25997,GOF,0.05693140119425099,0.5057275234116376,0.4373410753941113
25998,LOF,0.24085666373674822,0.0421823136985636,0.7169610225646883
25999,LOF,0.025477114651159472,0.31221072272400396,0.6623121626248365
26000,LOF,0.1417328733666704,0.01371260716347289,0.8445545194698566
26001,LOF,0.14855009447420206,0.022915516682145674,0.8285343888436523
26002,LOF,0.09144043950898316,0.021700116765113662,0.8868594437259032
26003,GOF,0.006606545082379917,0.5803460795287749,0.41304737538884523
26004,GOF,0.01830261982707095,0.5790519907251108,0.40264538944781825
26005,LOF,0.005392991723852963,0.4656865330818485,0.5289204751942985
26006,GOF,0.10553920153413486,0.4670706482880379,0.42739015017782733
26007,LOF,0.011356411196853424,0.452125069778399,0.5365185190247477
26008,GOF,0.006950616277775167,0.5510104172848833,0.44203896643734153
26009,GOF,0.011769378429598815,0.6153859861454177,0.3728446354249833
26010,GOF,0.009956187090274942,0.537179516811802,0.4528642960979231
26011,LOF,0.005961916040023625,0.4016224315087218,0.5924156524512546
26012,LOF,0.005341481160666411,0.48376838575919007,0.5108901330801435
26013,GOF,0.012894942655769764,0.5541864590678598,0.43291859827637036
26014,LOF,0.04418834764989507,0.0789743006317491,0.8768373517183558
26015,LOF,0.40279938705699325,0.02337467350464301,0.5738259394383637
26016,LOF,0.2688058307120019,0.027085764960326043,0.704108404327672
26017,LOF,0.016465940723185146,0.11460451510917673,0.868929544167638
26018,LOF,0.03271618994076151,0.05991071714580519,0.9073730929134333
26019,LOF,0.03218711381674863,0.05350572592447057,0.9143071602587808
26020,LOF,0.007053610026022092,0.11182251619042409,0.8811238737835537
26021,LOF,0.07765490790483116,0.053300236711760846,0.869044855383408
26022,LOF,0.0390101987247137,0.025517014206717457,0.9354727870685688
26023,LOF,0.026036575693036138,0.03688629537739247,0.9370771289295714
26024,LOF,0.051993960204295996,0.040361322222428504,0.9076447175732755
26025,LOF,0.13107522270290659,0.039835857357326004,0.8290889199397675
26026,LOF,0.12214676803154483,0.030460086230043974,0.8473931457384112
26027,LOF,0.032436735565846406,0.022853715105990893,0.9447095493281626
26028,LOF,0.06546790890869239,0.1888477002029066,0.7456843908884011
26029,LOF,0.027795436731012042,0.17837642734289,0.793828135926098
26030,LOF,0.11053334579267084,0.024148714284235352,0.8653179399230938
26031,LOF,0.01221775681051912,0.15489926676193402,0.8328829764275468
26032,LOF,0.03756001285686978,0.047243606122684995,0.9151963810204453
26033,LOF,0.037492172907740616,0.045868444000115534,0.9166393830921439
26034,LOF,0.01780700593631473,0.10783279936283217,0.8743601947008531
26035,LOF,0.011252211814096143,0.11405817127893345,0.8746896169069704
26036,LOF,0.010332264889892645,0.09298801584767091,0.8966797192624365
26037,LOF,0.01039110462916965,0.0955510362512569,0.8940578591195734
26038,LOF,0.032500748348287985,0.04164051815382053,0.9258587334978914
26039,LOF,0.029428719014804205,0.12541962246785202,0.8451516585173438
26040,LOF,0.08460900482908676,0.1288501098883887,0.7865408852825245
26041,LOF,0.012321862941404905,0.10296794378591215,0.884710193272683
26042,LOF,0.01143070931431484,0.10767740969936057,0.8808918809863245
26043,LOF,0.034390397144171685,0.07302333994215728,0.892586262913671
26044,LOF,0.006933720736089734,0.0537078075950417,0.9393584716688685
26045,LOF,0.08940904347952779,0.19345758781236697,0.7171333687081052
26046,LOF,0.02942606324254675,0.04793541313339626,0.9226385236240571
26047,LOF,0.06865131725436571,0.04759163000195872,0.8837570527436757
26048,LOF,0.08516187852637352,0.021786638665306154,0.8930514828083204
26049,Neutral,0.945667685357257,0.006680044028086095,0.047652270614657
26050,Neutral,0.9128980140962214,0.007383037042191981,0.07971894886158669
26051,LOF,0.02667096493810706,0.3105488802850728,0.6627801547768201
26052,LOF,0.0232183462631389,0.23787487717253497,0.7389067765643262
26053,LOF,0.0178375600875609,0.196513420255162,0.7856490196572771
26054,LOF,0.05743855653212863,0.04911121347334361,0.8934502299945278
26055,LOF,0.08009803757702133,0.042807435389480286,0.8770945270334984
26056,LOF,0.06409444067876899,0.0507459086290243,0.8851596506922067
26057,LOF,0.0630423621122833,0.028629414032952327,0.9083282238547644
26058,LOF,0.07093431250100664,0.023494211811875297,0.905571475687118
26059,LOF,0.19937359310521913,0.0634599696708752,0.7371664372239057
26060,LOF,0.014736228167062174,0.2114886947587068,0.773775077074231
26061,LOF,0.01072486730288289,0.016031774445754886,0.9732433582513622
26062,LOF,0.0061182904310404405,0.02571226553275416,0.9681694440362054
26063,LOF,0.05249730174140328,0.016814054797619805,0.930688643460977
26064,LOF,0.013932061187905201,0.023279360268192877,0.9627885785439019
26065,LOF,0.0668158169725815,0.023819646580164007,0.9093645364472545
26066,LOF,0.05394499527844589,0.01750042364186758,0.9285545810796865
26067,LOF,0.05677528056141081,0.015802030120083476,0.9274226893185057
26068,LOF,0.053514269322658424,0.04117856352713947,0.9053071671502022
26069,LOF,0.18541107017423888,0.03455663507591955,0.7800322947498416
26070,LOF,0.3807686906256243,0.020482741265595444,0.5987485681087803
26071,LOF,0.05279868612943171,0.019192014663996993,0.9280092992065713
26072,LOF,0.006497888116440513,0.03087647200889666,0.9626256398746628
26073,LOF,0.04538658970473241,0.021805490536587938,0.9328079197586796
26074,Neutral,0.6534115014207483,0.013867841366175625,0.33272065721307603
26075,LOF,0.04471809803331684,0.030984456307523153,0.9242974456591599
26076,LOF,0.0450683067407406,0.02272838420161476,0.9322033090576447
26077,LOF,0.152076412109883,0.015258080685140184,0.8326655072049768
26078,LOF,0.006086314024304346,0.03383033236422601,0.9600833536114697
26079,LOF,0.05863591437008004,0.031541300989317726,0.9098227846406022
26080,LOF,0.05707620050426232,0.03160620809071819,0.9113175914050196
26081,LOF,0.044007623610097454,0.016371576978413,0.9396207994114896
26082,LOF,0.006923658210865935,0.028353142561553416,0.9647231992275807
26083,LOF,0.11232315358927077,0.03353441399247409,0.8541424324182552
26084,LOF,0.12784008011929135,0.027705938725096312,0.8444539811556124
26085,LOF,0.11261486638285069,0.023979118752222375,0.8634060148649271
26086,LOF,0.04080109346484558,0.023581747874814585,0.9356171586603398
26087,LOF,0.04345145963210443,0.024385604663908617,0.932162935703987
26088,LOF,0.006455898361729831,0.06234751565957472,0.9311965859786956
26089,LOF,0.04228751108223227,0.04312721592416967,0.9145852729935982
26090,LOF,0.041480520670615556,0.040144291788147934,0.9183751875412365
26091,LOF,0.03165139171039385,0.01619967104496032,0.9521489372446459
26092,LOF,0.044093598295301795,0.014827630113596401,0.9410787715911018
26093,LOF,0.06015105503790224,0.00982445739161181,0.930024487570486
26094,LOF,0.03687919864625511,0.013370462778530545,0.9497503385752143
26095,LOF,0.011166884287283418,0.03412693190027482,0.9547061838124418
26096,LOF,0.23701236668294884,0.00764336128265173,0.7553442720343995
26097,LOF,0.006256634805271989,0.07290898953643772,0.9208343756582903
26098,LOF,0.05418035918189299,0.02771707641285342,0.9181025644052537
26099,LOF,0.04248952844043217,0.036055974327371634,0.9214544972321961
26100,LOF,0.04248952844043217,0.036055974327371634,0.9214544972321961
26101,LOF,0.04599795425637341,0.060805655171631404,0.8931963905719952
26102,LOF,0.03746361146085272,0.027809907053171875,0.9347264814859754
26103,Neutral,0.8933800192464122,0.03919951833109323,0.06742046242249461
26104,LOF,0.05255989960749532,0.06624190580686297,0.8811981945856416
26105,LOF,0.270429195967083,0.08673159808111246,0.6428392059518045
26106,LOF,0.24774450516726543,0.03647978442754325,0.7157757104051913
26107,LOF,0.016504088524123123,0.06253544210376785,0.9209604693721091
26108,LOF,0.15942063088045613,0.05386742287809547,0.7867119462414484
26109,LOF,0.05587266702073002,0.04906401878746894,0.8950633141918011
26110,LOF,0.42010123778314246,0.010546418740200143,0.5693523434766574
26111,LOF,0.06215645336951854,0.059706661831624694,0.8781368847988567
26112,LOF,0.07185842679150121,0.011350815897188265,0.9167907573113104
26113,LOF,0.11313974997089905,0.027130017341492122,0.8597302326876087
26114,LOF,0.09475810588405051,0.007563391449747127,0.8976785026662024
26115,LOF,0.0179796908032538,0.06415016269576888,0.9178701465009773
26116,LOF,0.08377943178742019,0.02340197247898777,0.8928185957335919
26117,LOF,0.3681311067446732,0.04215349576857409,0.5897153974867526
26118,LOF,0.036710019217343945,0.01863554811505735,0.9446544326675987
26119,LOF,0.006133946759322113,0.08022157260782492,0.9136444806328529
26120,LOF,0.033493428186058036,0.014613060030813307,0.9518935117831286
26121,LOF,0.004175267634923247,0.11672464226982895,0.8791000900952478
26122,LOF,0.005097028508720908,0.0889647722757142,0.905938199215565
