feature0,prediction,LoGoFunc_Neutral,LoGoFunc_GOF,LoGoFunc_LOF
25546,Neutral,0.6442536150831264,0.05613468644670579,0.29961169847016783
25547,Neutral,0.4827768422358687,0.10506768514302195,0.41215547262110946
25548,Neutral,0.46892594634287077,0.08661980299823675,0.4444542506588924
25549,LOF,0.3933397014861976,0.08819813295917794,0.5184621655546244
25550,LOF,0.33915011476995555,0.11455359010338427,0.5462962951266601
25551,LOF,0.2795271033964409,0.12804952535665742,0.5924233712469017
25552,LOF,0.2219139141218966,0.12290859977405846,0.655177486104045
25553,Neutral,0.7944871360624441,0.04698303462259651,0.15852982931495946
25554,LOF,0.27245945595095844,0.11200584761471173,0.6155346964343298
25555,LOF,0.22329425869306085,0.10391425199813296,0.6727914893088063
25556,LOF,0.427133620408945,0.09505546011765995,0.477810919473395
25557,LOF,0.2034131818847635,0.11258706101272205,0.6839997571025144
25558,LOF,0.263309798559438,0.11162467328327626,0.6250655281572858
25559,LOF,0.1910935688781907,0.16364451113601503,0.6452619199857943
25560,LOF,0.0691390590536035,0.13942010564456747,0.791440835301829
25561,LOF,0.13168844427935011,0.12730897880707215,0.7410025769135776
25562,LOF,0.06006490875261984,0.07522924473151885,0.8647058465158612
25563,LOF,0.08600772611297736,0.07478235230911284,0.8392099215779099
25564,LOF,0.2119101963247837,0.15754163303913973,0.6305481706360766
25565,LOF,0.18869605508308313,0.1318058669212809,0.679498077995636
25566,GOF,0.02041548207125856,0.7714933385649354,0.20809117936380608
25567,LOF,0.024330868120445704,0.13323767725490612,0.8424314546246482
25568,LOF,0.05920403887561048,0.06597974323250705,0.8748162178918825
25569,LOF,0.058596763270099134,0.06302114194571448,0.8783820947841864
25570,LOF,0.032418419206073815,0.099831919009799,0.8677496617841273
25571,LOF,0.03169456299256364,0.09597196165162424,0.8723334753558121
25572,LOF,0.03591936204543653,0.12437317772725352,0.8397074602273099
25573,LOF,0.026360500790490307,0.09077862213495715,0.8828608770745525
25574,LOF,0.015689553314244833,0.1711257391221369,0.8131847075636183
25575,LOF,0.025915221863972836,0.10772520569357956,0.8663595724424475
25576,LOF,0.013352827697261708,0.14571260911899572,0.8409345631837426
25577,LOF,0.012168248846966219,0.11700643556138955,0.8708253155916442
25578,LOF,0.27743022820352137,0.07583748018052588,0.6467322916159527
25579,LOF,0.13006178248848238,0.0812402502060981,0.7886979673054195
25580,LOF,0.019613819479581057,0.07260478444550582,0.907781396074913
25581,LOF,0.0491746960538319,0.06391867138346927,0.8869066325626989
25582,LOF,0.049024989302475716,0.061526795185773676,0.8894482155117507
25583,LOF,0.021622455404445764,0.0797413576266426,0.8986361869689116
25584,Neutral,0.5215925345240208,0.10859670302215126,0.36981076245382805
25585,LOF,0.013257983553889055,0.12183654155733088,0.86490547488878
25586,LOF,0.01849605231058409,0.06667900646379608,0.9148249412256199
25587,LOF,0.017464620959492895,0.05947400837132052,0.9230613706691865
25588,LOF,0.01901254105212665,0.0720771783511213,0.908910280596752
25589,Neutral,0.6395453626681543,0.12673465553082333,0.23371998180102233
25590,LOF,0.021366651583240408,0.1165421733207472,0.8620911750960124
25591,LOF,0.07905290323504102,0.05640784823688294,0.864539248528076
25592,LOF,0.053579497838480136,0.11639489217504179,0.830025609986478
25593,LOF,0.01986173293267342,0.28098104711741295,0.6991572199499136
25594,LOF,0.039747307400856524,0.11868130400496091,0.8415713885941825
25595,LOF,0.03707326547763408,0.08419529578115344,0.8787314387412124
25596,LOF,0.05225225884049537,0.0631539307418601,0.8845938104176444
25597,LOF,0.034058472873106024,0.0802041319415495,0.8857373951853446
25598,LOF,0.03559633685728534,0.09144123752850893,0.8729624256142057
25599,GOF,0.007833881263717762,0.539401237671151,0.45276488106513124
25600,GOF,0.026882234236827493,0.5987746160520653,0.37434314971110716
25601,LOF,0.011848024836182825,0.39523592402851254,0.5929160511353047
25602,LOF,0.013007523310454589,0.05199147684233226,0.9350009998472131
25603,LOF,0.042801650449542,0.022495789934209826,0.934702559616248
25604,LOF,0.01685107444960797,0.05901484868400237,0.9241340768663897
25605,LOF,0.010119919682702962,0.16376776685930336,0.8261123134579935
25606,LOF,0.12528003518840894,0.285962759711404,0.5887572051001869
25607,LOF,0.006150163572736082,0.1840833015997616,0.8097665348275023
25608,LOF,0.010561159193950459,0.10529221057095475,0.8841466302350949
25609,LOF,0.07461127109183463,0.40927075519426465,0.5161179737139007
25610,LOF,0.019920357882541224,0.026323813439369577,0.9537558286780893
25611,LOF,0.019511192598445935,0.02826230622298101,0.9522265011785731
25612,LOF,0.05947119841837822,0.03498519787566104,0.9055436037059608
25613,LOF,0.054851837705356746,0.035833826496343146,0.9093143357983002
25614,LOF,0.026928185249445676,0.03167800987674582,0.9413938048738085
25615,LOF,0.018159940853709592,0.042173374282400665,0.9396666848638897
25616,LOF,0.05356677297208432,0.030298969509408368,0.9161342575185074
25617,LOF,0.05327391214040603,0.03275232203476608,0.9139737658248279
25618,LOF,0.06330929553378539,0.03424530610984091,0.9024453983563736
25619,LOF,0.01902657602280613,0.030615837573045285,0.9503575864041486
25620,LOF,0.07214165925504681,0.03991988530741042,0.8879384554375428
25621,LOF,0.018918522052036885,0.032564455187460296,0.9485170227605028
25622,LOF,0.023308141226524925,0.041130349937993575,0.9355615088354814
25623,LOF,0.03629849624665838,0.038368523171656184,0.9253329805816854
25624,LOF,0.02279759370177217,0.03844064039586135,0.9387617659023665
25625,LOF,0.023714471731182338,0.052111307109035755,0.9241742211597818
25626,LOF,0.055392294541001884,0.0319386525495452,0.9126690529094528
25627,Neutral,0.6295122098190286,0.09033283713363387,0.2801549530473376
25628,LOF,0.19251061576171424,0.05157811317237709,0.7559112710659087
25629,LOF,0.038905320219419316,0.0650875716173789,0.8960071081632018
25630,LOF,0.14764911324408433,0.09202325572772878,0.7603276310281868
25631,Neutral,0.598082949725383,0.057434687532875596,0.3444823627417414
25632,LOF,0.007708623046033926,0.06993532423738628,0.9223560527165797
25633,LOF,0.22024001787839878,0.045266454120775644,0.7344935280008256
25634,LOF,0.030289624077989036,0.09240421750998953,0.8773061584120214
25635,LOF,0.03756048684242231,0.04976961630740401,0.9126698968501736
25636,LOF,0.004983081071444738,0.48990976304122835,0.5051071558873269
25637,GOF,0.006714491775809911,0.5222452197993177,0.4710402884248724
25638,LOF,0.009151164899219218,0.2677060245917936,0.7231428105089871
25639,LOF,0.005499893102646929,0.4100330624091471,0.5844670444882059
25640,Neutral,0.49470146816812355,0.4205026317338136,0.08479590009806305
25641,GOF,0.008784242751370424,0.4999650547394735,0.49125070250915603
25642,LOF,0.23197320470674293,0.11296221347790979,0.6550645818153472
25643,LOF,0.1443457111329677,0.16107351622910454,0.6945807726379278
25644,GOF,0.008134401523285609,0.5105770723447349,0.48128852613197937
25645,LOF,0.006443959302099557,0.45861985860407967,0.5349361820938208
25646,LOF,0.010547412180204746,0.38157812117422557,0.6078744666455697
25647,LOF,0.008801067593273216,0.3066759288523907,0.6845230035543362
25648,LOF,0.00802279836000484,0.2886529782888087,0.7033242233511864
25649,LOF,0.006758182449231231,0.23265783633031212,0.7605839812204567
25650,LOF,0.011049523987514671,0.4519271594806869,0.5370233165317985
25651,LOF,0.004956371039674047,0.31191944154325996,0.683124187417066
25652,LOF,0.007845486824046722,0.3084960174856551,0.6836584956902981
25653,LOF,0.020606685103042973,0.4340578294722821,0.5453354854246749
25654,LOF,0.008637407439601903,0.20625500523676094,0.7851075873236373
25655,LOF,0.03424518111459166,0.46810472737763864,0.4976500915077698
25656,LOF,0.19354862628580702,0.05798449128658143,0.7484668824276115
25657,LOF,0.27789925558848083,0.02966813668516902,0.6924326077263502
25658,LOF,0.07562261148157255,0.1043967458847224,0.8199806426337051
25659,LOF,0.4274566303781323,0.08569523405388414,0.4868481355679834
25660,LOF,0.030696993461918926,0.08576726993354777,0.8835357366045334
25661,LOF,0.0953493116314367,0.05705093236648725,0.8475997560020759
25662,LOF,0.032016656504479386,0.03619543407111422,0.9317879094244064
25663,LOF,0.04108859246993886,0.05452240080400746,0.9043890067260536
25664,LOF,0.04749242390653089,0.07160002376181313,0.8809075523316559
25665,LOF,0.0534956099832259,0.027042819926143824,0.9194615700906302
25666,LOF,0.03702848175955922,0.08943237907656781,0.8735391391638729
25667,LOF,0.06659739775021484,0.04193384568981375,0.8914687565599714
25668,LOF,0.03657295653603168,0.0432934055499056,0.9201336379140627
25669,LOF,0.03217418510037134,0.06086645823470954,0.9069593566649191
25670,LOF,0.05987391444016443,0.06064153767961983,0.8794845478802157
25671,LOF,0.09762817382870222,0.036393383405821905,0.8659784427654759
25672,LOF,0.059991852107416636,0.035292470511880926,0.9047156773807025
25673,LOF,0.02617472035086659,0.05271702566170355,0.9211082539874298
25674,LOF,0.0222330020218868,0.06604624682646268,0.9117207511516506
25675,LOF,0.03492711928311937,0.05246750237645321,0.9126053783404274
25676,LOF,0.020553805610361214,0.04923277003605529,0.9302134243535836
25677,LOF,0.02956130859840018,0.06431959560831133,0.9061190957932885
25678,LOF,0.20961228071765103,0.05364152569330661,0.7367461935890424
25679,LOF,0.1622324137021257,0.08132352053817828,0.7564440657596961
25680,LOF,0.04391846855435326,0.09986080522306813,0.8562207262225785
25681,LOF,0.06600265493386637,0.09423019933269505,0.8397671457334386
25682,LOF,0.14072294784128378,0.07048773228751024,0.7887893198712059
25683,LOF,0.08099809516257557,0.11596712278595654,0.8030347820514679
25684,LOF,0.042490496277080306,0.06776696031210963,0.88974254341081
25685,LOF,0.09033815435416441,0.048145649762571865,0.8615161958832638
25686,LOF,0.026681435728663525,0.08430186429846305,0.8890166999728734
25687,LOF,0.0525544890741658,0.07065940247500481,0.8767861084508295
25688,LOF,0.05327156570165327,0.06616110014466199,0.8805673341536847
25689,LOF,0.029071201995709478,0.07031643775804866,0.9006123602462419
25690,LOF,0.03665204906933318,0.05998428715973746,0.9033636637709294
25691,LOF,0.2944178187826586,0.07531618849329402,0.6302659927240474
25692,LOF,0.24913374176324057,0.008555061231945021,0.7423111970048144
25693,LOF,0.05003898914088086,0.3579350157956632,0.5920259950634558
25694,LOF,0.23992367927658403,0.013954855100770469,0.7461214656226455
25695,LOF,0.1376789749865201,0.020787611194176485,0.8415334138193035
25696,LOF,0.10505532316097693,0.012621870342875076,0.8823228064961479
25697,LOF,0.09970482087204524,0.024461369495373062,0.8758338096325818
25698,LOF,0.06577973860352662,0.4404736321387489,0.49374662925772445
25699,LOF,0.05386436929511913,0.08717640294399062,0.8589592277608903
25700,LOF,0.05423005939865684,0.010148331697196587,0.9356216089041466
25701,LOF,0.01446886820306688,0.10060722299773969,0.8849239087991935
25702,GOF,0.038625768950488394,0.638803235335391,0.3225709957141206
25703,LOF,0.009120516808102252,0.14857395535002604,0.8423055278418716
25704,LOF,0.06084716872348125,0.10557286337196473,0.833579967904554
25705,LOF,0.07140256550757121,0.2234105114471598,0.705186923045269
25706,LOF,0.02825714552713398,0.4090251151620929,0.5627177393107732
25707,LOF,0.017741705193317494,0.33478568410548143,0.6474726107012011
25708,LOF,0.008194899963819082,0.28323383591858087,0.7085712641176001
25709,LOF,0.06197394957741644,0.04711118055297064,0.8909148698696129
25710,LOF,0.006576025970198491,0.13454186225922568,0.8588821117705758
25711,LOF,0.019826633523355706,0.09927502328326432,0.88089834319338
25712,LOF,0.008400258551596068,0.17435219668506063,0.8172475447633433
25713,LOF,0.020962592730977867,0.09098670442091997,0.8880507028481023
25714,LOF,0.06514553505604415,0.11157794339151524,0.8232765215524407
25715,LOF,0.013934965935110108,0.11584296449209447,0.8702220695727954
25716,LOF,0.006886853635473206,0.1184106339246031,0.8747025124399237
25717,LOF,0.007645407929823542,0.07969397665163708,0.9126606154185393
25718,LOF,0.014475830839495203,0.07924986235625113,0.9062743068042537
25719,LOF,0.023265170834775018,0.07728589617145905,0.899448932993766
25720,LOF,0.023413299637263088,0.07259562090885742,0.9039910794538796
25721,LOF,0.017829036881995743,0.09598138272369296,0.8861895803943114
25722,LOF,0.016442060695626724,0.1173854151149696,0.8661725241894036
25723,LOF,0.022558483097652317,0.05779506874850185,0.9196464481538459
25724,LOF,0.021267576039618593,0.08810200699500004,0.8906304169653815
25725,LOF,0.013521392534790762,0.06391269670274352,0.9225659107624657
25726,LOF,0.01714515374846022,0.09075821460534211,0.8920966316461977
25727,LOF,0.014766409550101334,0.0714155579816127,0.913818032468286
25728,LOF,0.012631172223672726,0.09264934334580682,0.8947194844305204
25729,LOF,0.012760260661393926,0.09356273719925536,0.8936770021393508
25730,LOF,0.018436563268709825,0.07809331324488002,0.9034701234864102
25731,LOF,0.008614755046548335,0.12599889746106394,0.8653863474923877
25732,LOF,0.018368379501880923,0.07521564593611549,0.9064159745620036
25733,LOF,0.01810796855572078,0.06512771913796715,0.9167643123063121
25734,LOF,0.006415426650068247,0.11587971642712111,0.8777048569228106
25735,LOF,0.015739834315273045,0.06360451019223894,0.9206556554924881
25736,LOF,0.016486380316192806,0.09193628191569748,0.8915773377681098
25737,LOF,0.02368255672803189,0.0744030600696932,0.9019143832022749
25738,LOF,0.015941159057719527,0.10958090338493275,0.8744779375573477
25739,LOF,0.02269639355809764,0.09491095681435004,0.8823926496275523
25740,LOF,0.03424180925936007,0.10399457515801465,0.8617636155826252
25741,LOF,0.017187696783249294,0.0968554374057682,0.8859568658109824
25742,LOF,0.1034924155686571,0.09937603635913207,0.7971315480722108
25743,LOF,0.01607941482169668,0.033975649870859555,0.9499449353074438
25744,LOF,0.18282788646336273,0.39697749896751666,0.42019461456912066
25745,LOF,0.02323023213598101,0.05985303599758451,0.9169167318664345
25746,LOF,0.015514902698919171,0.0683039193832462,0.9161811779178346
25747,LOF,0.028534922364578226,0.03288295050514551,0.9385821271302763
25748,LOF,0.1288756946951779,0.049130014775320655,0.8219942905295015
25749,LOF,0.013990065171448282,0.06041800818501013,0.9255919266435416
25750,LOF,0.02803764375692728,0.0795131833948914,0.8924491728481814
25751,LOF,0.11866924953835656,0.0629702103541474,0.8183605401074961
25752,GOF,0.12205571677994927,0.5987942413083966,0.27915004191165405
25753,LOF,0.008692883919761526,0.2519869578753037,0.7393201582049348
25754,GOF,0.004678508433361439,0.7745743817978152,0.22074710976882334
25755,LOF,0.01033123829890773,0.35624438542636216,0.63342437627473
25756,LOF,0.051159259349057705,0.33938777070695364,0.6094529699439887
25757,GOF,0.005645676602916806,0.841330293383392,0.15302403001369122
25758,GOF,0.007008382226940799,0.8369411785579649,0.15605043921509432
25759,GOF,0.004586179635181448,0.5325486987981923,0.4628651215666262
25760,LOF,0.005724275312524733,0.2293100839540127,0.7649656407334625
25761,GOF,0.03929691117367811,0.8040660371873265,0.15663705163899527
25762,LOF,0.03706753378226025,0.251415811450969,0.7115166547667707
25763,LOF,0.007658932958445473,0.16861440771538497,0.8237266593261695
25764,GOF,0.18798015863948606,0.47932042046541096,0.33269942089510296
25765,GOF,0.010137962673032203,0.7577625011089699,0.23209953621799784
25766,GOF,0.01546444041758648,0.7785282069169519,0.20600735266546158
25767,GOF,0.02134666462148348,0.5317840102970243,0.44686932508149235
25768,LOF,0.07444478753619113,0.08336733789845062,0.8421878745653583
25769,LOF,0.08477852472834264,0.06722881453857421,0.8479926607330831
25770,LOF,0.3616391559763808,0.08262954185832985,0.5557313021652894
25771,LOF,0.013311176056757716,0.07077776233685447,0.9159110616063878
25772,LOF,0.019712691144122586,0.030935244026610374,0.9493520648292672
25773,LOF,0.01226478832121774,0.12463682178811691,0.8630983898906653
25774,LOF,0.02835480069701657,0.08073560145105577,0.8909095978519277
25775,LOF,0.0157211238647738,0.05592133475509427,0.9283575413801319
25776,LOF,0.0797366548546991,0.02820735437962157,0.8920559907656794
25777,LOF,0.3074006472063548,0.05307221823178092,0.6395271345618644
25778,LOF,0.0690010817253781,0.051697300121348995,0.879301618153273
25779,GOF,0.08286777968027019,0.853822153145612,0.06331006717411776
25780,GOF,0.06930154223214598,0.8417984068491012,0.08890005091875276
25781,GOF,0.028332787721388076,0.8440034940610823,0.12766371821752953
25782,GOF,0.03878016371040156,0.8570111637729291,0.10420867251666929
25783,GOF,0.013215089915588155,0.6475587371691871,0.3392261729152247
25784,GOF,0.15094073933324118,0.786897228662359,0.062162032004399854
25785,GOF,0.08209651718087473,0.8563376365378346,0.061565846281290644
25786,GOF,0.0060515092782449905,0.7947646953844758,0.19918379533727915
25787,GOF,0.22418227042884048,0.725422913137589,0.050394816433570536
25788,LOF,0.04958472328800042,0.1151405425007466,0.835274734211253
25789,GOF,0.03517408213302233,0.795622054166257,0.1692038637007208
25790,GOF,0.0366042747663972,0.8321430907326972,0.13125263450090557
25791,GOF,0.02588975032515821,0.7501846083958278,0.2239256412790141
25792,GOF,0.05328651638836775,0.7348168453046849,0.21189663830694722
25793,GOF,0.06565668903424787,0.7147385254203523,0.21960478554539983
25794,GOF,0.10993686851433071,0.6573084517648947,0.23275467972077452
25795,GOF,0.023242185712323213,0.7501728674753511,0.22658494681232558
25796,GOF,0.12679370932505987,0.7408219142630881,0.13238437641185216
25797,GOF,0.03156718404733966,0.5870506709351614,0.381382145017499
25798,GOF,0.0034377600129952167,0.5434009400757683,0.45316129991123644
25799,LOF,0.0032046604666484103,0.4163573568846252,0.5804379826487264
25800,GOF,0.01085748755377401,0.6164194209903,0.37272309145592597
25801,GOF,0.03610215446006962,0.8018068190571841,0.16209102648274626
25802,GOF,0.018841774814770135,0.7125521004388228,0.2686061247464071
25803,GOF,0.010427961579759747,0.5944556414155262,0.395116397004714
25804,LOF,0.011618603060696066,0.4804932905406318,0.5078881063986722
25805,GOF,0.021716615261972747,0.5988927282981333,0.37939065643989395
25806,GOF,0.019935619846698022,0.6097586937444016,0.3703056864089003
25807,GOF,0.006071173871923214,0.6396007792459314,0.35432804688214536
25808,GOF,0.015563898763750328,0.6374317759169031,0.34700432531934655
25809,GOF,0.006493497668824853,0.5970850838990595,0.3964214184321156
25810,GOF,0.0055289640192643,0.6204671305070318,0.37400390547370377
25811,GOF,0.12226537916280457,0.741664124464649,0.13607049637254637
25812,GOF,0.013279033816543972,0.5981920487396606,0.3885289174437954
25813,GOF,0.12488425285053026,0.6939487448631388,0.18116700228633106
25814,GOF,0.030534011333885593,0.6958663003410217,0.27359968832509274
25815,GOF,0.04249833501284243,0.6908772356169061,0.2666244293702516
25816,GOF,0.007553206688661884,0.7400032715969533,0.2524435217143847
25817,GOF,0.05287453421045242,0.7786287077304328,0.16849675805911474
25818,GOF,0.01754816029325031,0.7032545963260374,0.27919724338071233
25819,GOF,0.07592558336897387,0.71565060056314,0.20842381606788613
25820,GOF,0.03440511707547624,0.7124240314369871,0.2531708514875367
25821,GOF,0.01632388106921677,0.6961657180160823,0.287510400914701
25822,GOF,0.037966059084655106,0.6820010579903898,0.28003288292495504
25823,GOF,0.011676588286622684,0.5476679214086934,0.440655490304684
25824,GOF,0.02017421571435056,0.6563069197286981,0.32351886455695134
25825,GOF,0.011337977112517283,0.6355446710902667,0.3531173517972161
25826,GOF,0.004822277027024931,0.616415243461506,0.378762479511469
25827,GOF,0.007995365335799571,0.6263380123047578,0.3656666223594426
25828,GOF,0.004921325007060952,0.549557702854895,0.4455209721380439
25829,GOF,0.0028422433518516697,0.5998533888250337,0.39730436782311446
25830,LOF,0.04488958131059634,0.33182514231917454,0.6232852763702292
25831,GOF,0.04850218497662407,0.7994936374149622,0.15200417760841378
25832,GOF,0.008626498337711688,0.7559494842548342,0.23542401740745406
25833,GOF,0.034343164086100886,0.7815584800040295,0.18409835590986964
25834,GOF,0.009276457440296855,0.7564738962133162,0.23424964634638687
25835,GOF,0.02055546482600008,0.8016269754388765,0.17781755973512345
25836,GOF,0.00790496554244653,0.7412285966756764,0.25086643778187695
25837,GOF,0.00687148722687943,0.6270881504291049,0.36604036234401566
25838,GOF,0.024043006394408005,0.8170152971838144,0.15894169642177766
25839,GOF,0.0642216429156366,0.7634954816353129,0.17228287544905058
25840,GOF,0.050090228664241496,0.7755734682253198,0.17433630311043888
25841,GOF,0.04524310452812966,0.800695700030344,0.15406119544152644
25842,GOF,0.03228183014337692,0.8418587237647425,0.12585944609188043
25843,GOF,0.03523000460191808,0.8599610552693772,0.10480894012870476
25844,GOF,0.021242306856188862,0.7739886214558781,0.204769071687933
25845,GOF,0.005944146345852907,0.5523331854915191,0.44172266816262795
25846,GOF,0.03669476489531596,0.8179029498244351,0.14540228528024898
25847,GOF,0.021177089660290565,0.8751221247606714,0.103700785579038
25848,GOF,0.013129591907038265,0.771627422626796,0.21524298546616566
25849,GOF,0.00466206973124663,0.6533439223455129,0.34199400792324053
25850,GOF,0.006478923034271595,0.6920620915138375,0.3014589854518908
25851,GOF,0.005702894745403713,0.564101389283491,0.4301957159711053
25852,GOF,0.16683417032778178,0.5055013690014135,0.3276644606708048
25853,GOF,0.07942573211967711,0.8059606843913143,0.1146135834890086
25854,GOF,0.008545034978734704,0.6431512712706418,0.3483036937506237
25855,GOF,0.013317381364743764,0.591179193677926,0.39550342495733015
25856,GOF,0.04507305550288443,0.689207584077235,0.26571936041988053
25857,GOF,0.013134428418196743,0.5408511799430116,0.4460143916387917
25858,GOF,0.00789313780546146,0.5205792363610386,0.47152762583350005
25859,GOF,0.005429196237135895,0.502954283236077,0.4916165205267871
25860,GOF,0.09079712520357028,0.7715722069236306,0.13763066787279907
25861,GOF,0.1301153392496526,0.7656819954898578,0.10420266526048957
25862,GOF,0.019697549912230595,0.8296898113199092,0.15061263876786035
25863,GOF,0.021542494724390075,0.8444028347128859,0.1340546705627239
25864,GOF,0.05152104582694217,0.8580175831264579,0.0904613710466001
25865,GOF,0.027759993431691866,0.8460632404695545,0.12617676609875372
25866,GOF,0.02205145802472658,0.8239188584127283,0.15402968356254537
25867,GOF,0.02967047581548889,0.8554637873613474,0.11486573682316353
25868,GOF,0.0621440885540945,0.7763076234239719,0.16154828802193383
25869,GOF,0.33336111793208884,0.56430399421434,0.10233488785357121
25870,GOF,0.20677450715188142,0.5010829144048405,0.29214257844327807
25871,GOF,0.03580996194878283,0.825118962832023,0.13907107521919415
25872,GOF,0.01907624527910917,0.7520288130129079,0.2288949417079828
25873,GOF,0.024461456712759896,0.8157028393012218,0.15983570398601826
25874,LOF,0.01843272623027593,0.1382245941422223,0.8433426796275018
25875,LOF,0.022704758480844273,0.04960284678177274,0.927692394737383
25876,LOF,0.014637861852674423,0.03395797709183898,0.9514041610554865
25877,LOF,0.13624384711889367,0.07776889699943387,0.7859872558816724
25878,LOF,0.04822943884689301,0.12015412897069241,0.8316164321824145
25879,LOF,0.021162999853277464,0.09047067439559611,0.8883663257511264
25880,LOF,0.0477510113158911,0.012656399278311864,0.939592589405797
25881,Neutral,0.5311722854786163,0.03791584048716323,0.4309118740342205
25882,LOF,0.019627744943537848,0.026961432885901797,0.9534108221705603
25883,LOF,0.05776626473721979,0.024548228652574854,0.9176855066102053
25884,LOF,0.00951754824199416,0.036224363686430616,0.9542580880715752
25885,LOF,0.1743218598149102,0.005768904152067697,0.819909236033022
25886,LOF,0.2500432615062635,0.05318530697068833,0.6967714315230482
25887,LOF,0.14703329238820617,0.04450094637689229,0.8084657612349015
25888,LOF,0.012994685905723839,0.10017781667276865,0.8868274974215076
25889,LOF,0.011852023522962973,0.027758975068360486,0.9603890014086766
25890,LOF,0.12867277893889867,0.09555571833566193,0.7757715027254394
25891,LOF,0.04573222654413252,0.047372145804308284,0.9068956276515592
25892,LOF,0.014427893965520074,0.04461074156488832,0.9409613644695916
25893,LOF,0.4016998506405019,0.014747836987350821,0.5835523123721473
25894,LOF,0.42851361697995344,0.007132085311516128,0.5643542977085304
25895,LOF,0.38262945307379526,0.01474942827889529,0.6026211186473094
25896,LOF,0.044943429062185083,0.02952928410906215,0.9255272868287527
25897,LOF,0.22490586176108437,0.014358166845731279,0.7607359713931844
25898,LOF,0.2539149611026511,0.03596763504666336,0.7101174038506854
25899,LOF,0.18309695655083869,0.035227018027039494,0.7816760254221219
25900,LOF,0.484329276931846,0.01422501959904336,0.5014457034691107
25901,LOF,0.04608820220609972,0.013692615533406989,0.9402191822604932
25902,LOF,0.10309048636576693,0.018268801994076787,0.8786407116401563
25903,LOF,0.4075664192967642,0.036843690714480785,0.555589889988755
25904,LOF,0.31528678460250886,0.0508537636716263,0.6338594517258649
25905,LOF,0.0059632147251641975,0.40752389975276876,0.5865128855220672
25906,LOF,0.010222050169829591,0.09183019128148069,0.8979477585486898
25907,LOF,0.0041952677159018455,0.3757923755035236,0.6200123567805745
25908,LOF,0.0035563374556482554,0.27493214314395686,0.7215115194003949
25909,LOF,0.013725816801841931,0.10838772062181973,0.8778864625763384
25910,LOF,0.015664273478295642,0.16926662321744257,0.8150691033042619
25911,LOF,0.18050475017351164,0.03106786954278221,0.7884273802837061
25912,LOF,0.06759529298485875,0.036407115966953986,0.8959975910481873
25913,LOF,0.08230848953594862,0.04945051629523743,0.8682409941688138
25914,LOF,0.02077764611533448,0.05532103871531387,0.9239013151693516
25915,LOF,0.13226909330933675,0.36919790665292246,0.4985330000377408
25916,LOF,0.018230906150239923,0.23938903086542798,0.742380062984332
25917,LOF,0.05229229903148289,0.04147689310115152,0.9062308078673655
25918,LOF,0.025725719744257646,0.033063822653384284,0.9412104576023581
25919,LOF,0.021660181283146798,0.031180628068229414,0.9471591906486239
25920,LOF,0.06551542383460764,0.43737806506403615,0.49710651110135634
25921,LOF,0.011537606906823063,0.038712197546415,0.949750195546762
25922,LOF,0.013932008433693226,0.030661190489421848,0.9554068010768849
25923,LOF,0.47941690314260754,0.03930139860974641,0.4812816982476462
25924,LOF,0.018720531064389798,0.040116252461620046,0.9411632164739901
25925,LOF,0.07718811480071316,0.044071292404680176,0.8787405927946067
25926,LOF,0.05620900782650973,0.039214015819826045,0.9045769763536642
25927,LOF,0.01613841668485306,0.1504070505452134,0.8334545327699335
25928,LOF,0.008601702060583761,0.05268570023593526,0.938712597703481
25929,Neutral,0.5995509981237432,0.041601048159221325,0.35884795371703543
25930,LOF,0.07226508876827704,0.031325168711684045,0.8964097425200389
25931,LOF,0.011111773007927261,0.033282198795835174,0.9556060281962375
25932,LOF,0.03436054971457855,0.02953101475656739,0.9361084355288541
25933,LOF,0.041170124844061774,0.019208227521825206,0.9396216476341129
25934,LOF,0.02877142651432306,0.020508698710620374,0.9507198747750565
25935,LOF,0.06731154531244009,0.05243837161534897,0.880250083072211
25936,LOF,0.047531207966826854,0.025166271883606442,0.9273025201495667
25937,LOF,0.01045436802921022,0.044493485778000476,0.9450521461927893
25938,LOF,0.06435386996713606,0.0597278733823745,0.8759182566504894
25939,LOF,0.04057632806953993,0.023384454935101422,0.9360392169953586
25940,LOF,0.006807925313484753,0.3204648625309103,0.6727272121556049
25941,Neutral,0.5100863090687714,0.04819593421782152,0.44171775671340724
25942,LOF,0.004963136920898861,0.038229113927929534,0.9568077491511715
25943,LOF,0.03216561980414141,0.1251546404098916,0.842679739785967
25944,LOF,0.09766269903040553,0.07532777758499654,0.8270095233845979
25945,LOF,0.058998203271495187,0.019423036602678016,0.9215787601258268
25946,LOF,0.06335754552689331,0.06284163129850208,0.8738008231746046
25947,LOF,0.4419019955801775,0.08427807815503643,0.47381992626478603
25948,LOF,0.30818965144954663,0.010451701682882229,0.6813586468675712
25949,LOF,0.0880107734717746,0.04656427911717375,0.8654249474110516
25950,GOF,0.03842336174912408,0.5079240394103065,0.4536525988405694
25951,LOF,0.020760899802911428,0.33449081521849394,0.6447482849785946
25952,LOF,0.2766851640534145,0.22261205855299607,0.5007027773935895
25953,LOF,0.014758698552422454,0.14365591289556157,0.8415853885520159
25954,LOF,0.06378971454467301,0.36052469759399874,0.5756855878613282
25955,LOF,0.011616437925088225,0.10496666156430717,0.8834169005106046
25956,LOF,0.03112253777514061,0.18206738698619948,0.78681007523866
25957,LOF,0.15690365441260248,0.021624095934866406,0.8214722496525311
25958,LOF,0.04813998240288718,0.030115548676062396,0.9217444689210504
25959,LOF,0.012748130266050305,0.38412702275346966,0.6031248469804801
25960,LOF,0.006337812861263939,0.05287935314734078,0.9407828339913952
25961,LOF,0.0381625357940724,0.029456952214784327,0.9323805119911432
25962,LOF,0.031447662558682636,0.0616805272445353,0.9068718101967821
25963,LOF,0.005175814820254237,0.27656661120668175,0.718257573973064
25964,LOF,0.030638323510681086,0.11750364423011904,0.8518580322591999
25965,LOF,0.34410478904382413,0.10416432195898019,0.5517308889971957
25966,Neutral,0.4904029019292195,0.17864064308555339,0.330956454985227
25967,LOF,0.00792363586705555,0.08952072535443223,0.9025556387785123
25968,LOF,0.040738485434656684,0.3592809546796289,0.5999805598857144
25969,LOF,0.12859922525566359,0.06429835349061735,0.8071024212537191
25970,LOF,0.018849886245489663,0.06796742948076083,0.9131826842737495
25971,LOF,0.06919272040219722,0.028146348844251733,0.9026609307535509
25972,LOF,0.06488784593670133,0.039057905690893194,0.8960542483724055
25973,LOF,0.05408821684215948,0.01047195288471351,0.935439830273127
25974,LOF,0.03549030193596174,0.030283803582069495,0.9342258944819687
25975,LOF,0.04629650503861993,0.022872671537321816,0.9308308234240583
25976,LOF,0.10397367332568469,0.009878551554898092,0.8861477751194172
25977,LOF,0.1904279362530994,0.0578438765377123,0.7517281872091883
25978,LOF,0.17283027768931963,0.10557082087539453,0.7215989014352859
25979,LOF,0.1454678007170086,0.1097622865132009,0.7447699127697904
25980,LOF,0.24641892462407858,0.12098941280760554,0.6325916625683159
25981,LOF,0.2765462760388457,0.12017397968633696,0.6032797442748173
25982,LOF,0.4335541432113452,0.09055427778104322,0.4758915790076116
25983,LOF,0.39460843565243503,0.09486023047991034,0.5105313338676546
25984,LOF,0.04095539254124673,0.05242049251740244,0.9066241149413509
25985,LOF,0.3485140762676849,0.13586329626753912,0.515622627464776
25986,LOF,0.008719313206423026,0.4018454062934981,0.589435280500079
25987,LOF,0.03445881349656661,0.08414052219816746,0.881400664305266
25988,LOF,0.1584003632375325,0.07996662851211869,0.7616330082503487
25989,LOF,0.03394476593410606,0.12594860443827233,0.8401066296276216
25990,LOF,0.036790993209188,0.1831917542554776,0.7800172525353344
25991,LOF,0.014445207432730462,0.33513638600433926,0.6504184065629303
25992,LOF,0.021148971165933245,0.3074941982128712,0.6713568306211956
25993,LOF,0.022149830027561147,0.08574335507115774,0.8921068149012811
25994,LOF,0.016228869064677937,0.07934167594313966,0.9044294549921824
25995,LOF,0.021376490258695497,0.1661043729931062,0.8125191367481983
25996,LOF,0.3301791259989309,0.28055410693158866,0.3892667670694804
25997,LOF,0.06602172366867592,0.31800442859699574,0.6159738477343283
25998,LOF,0.2904193996534783,0.04133142490201541,0.6682491754445062
25999,LOF,0.016952509614535767,0.20863014421735623,0.774417346168108
26000,LOF,0.1420094182995474,0.025487992744978243,0.8325025889554742
26001,LOF,0.30737086780039924,0.02100085819923942,0.6716282740003613
26002,LOF,0.0711551553095041,0.04019730885931555,0.8886475358311803
26003,GOF,0.003992906907870737,0.6277455153483821,0.3682615777437473
26004,GOF,0.005638139958432654,0.7105960454989353,0.283765814542632
26005,GOF,0.0028684923732834743,0.5035801933224989,0.4935513143042177
26006,GOF,0.08936929653252979,0.579545052191135,0.3310856512763353
26007,GOF,0.005237671872224207,0.5589723427519125,0.4357899853758633
26008,GOF,0.0049152357249959075,0.6420246424667984,0.35306012180820584
26009,GOF,0.005398466398305982,0.6791614933263594,0.31544004027533457
26010,GOF,0.006772843437015263,0.7024171294546195,0.2908100271083652
26011,LOF,0.0026116265238908874,0.48553876554635855,0.5118496079297505
26012,GOF,0.0038730913112920017,0.5835420339783063,0.4125848747104016
26013,GOF,0.00475358710888747,0.6414480207862275,0.353798392104885
26014,LOF,0.05339464008205728,0.08037829239359515,0.8662270675243475
26015,LOF,0.1518306715462764,0.02009573964644379,0.8280735888072798
26016,LOF,0.3061073436888757,0.03159361639544634,0.6622990399156778
26017,LOF,0.023812450405404705,0.1926926567026475,0.7834948928919477
26018,LOF,0.07995288306366594,0.046640670272126004,0.8734064466642081
26019,LOF,0.0745525206807876,0.0376933601439593,0.8877541191752532
26020,LOF,0.009269723406222624,0.181058541457084,0.8096717351366933
26021,LOF,0.06998555464255608,0.058513776990280986,0.8715006683671629
26022,LOF,0.028532239041656283,0.02405461418438235,0.9474131467739615
26023,LOF,0.0520180425592137,0.026643384034236807,0.9213385734065496
26024,LOF,0.044710586875641285,0.0606501566448623,0.8946392564794964
26025,LOF,0.06335896258134531,0.134076097126835,0.8025649402918197
26026,LOF,0.13316931266464724,0.04936912894565181,0.8174615583897009
26027,LOF,0.06257650437851961,0.021076216917735622,0.9163472787037448
26028,LOF,0.09546219392112489,0.1101521882675294,0.7943856178113458
26029,LOF,0.025354164484089513,0.1722383975097001,0.8024074380062104
26030,LOF,0.1415217826835716,0.0199819609000851,0.8384962564163433
26031,LOF,0.013255485141580616,0.12494100450087961,0.8618035103575397
26032,LOF,0.07925964165957047,0.044493617251673515,0.876246741088756
26033,LOF,0.08116477285804134,0.044063143480626066,0.8747720836613326
26034,LOF,0.014198619237799458,0.13327251437072007,0.8525288663914804
26035,LOF,0.012472550608087494,0.10658752376032746,0.8809399256315851
26036,LOF,0.01511439646669304,0.1379543665449293,0.8469312369883777
26037,LOF,0.010971976253491462,0.093221906690162,0.8958061170563465
26038,LOF,0.07034381428175444,0.041427749241878004,0.8882284364763675
26039,LOF,0.023450080372229152,0.12209896425717018,0.8544509553706007
26040,LOF,0.11613244996862619,0.08867368547286905,0.7951938645585047
26041,LOF,0.012635716455379002,0.08442691924274738,0.9029373643018737
26042,LOF,0.011868386144920686,0.08772809541410657,0.9004035184409728
26043,LOF,0.0694142369718624,0.0567040059385744,0.8738817570895633
26044,LOF,0.014701477420115102,0.048798523272507235,0.9364999993073777
26045,LOF,0.050749865310789226,0.08376920981912508,0.8654809248700857
26046,LOF,0.06348246417488512,0.048556727471798906,0.887960808353316
26047,LOF,0.10945034099543123,0.052488924901928476,0.8380607341026403
26048,LOF,0.05066187526468003,0.031262736721791515,0.9180753880135285
26049,Neutral,0.9680990215552551,0.005457626098592206,0.02644335234615256
26050,Neutral,0.9566865757115831,0.00689324589825715,0.03642017839015968
26051,LOF,0.013939633656491767,0.2516180382132157,0.7344423281302924
26052,LOF,0.016871972387227683,0.317679018849039,0.6654490087637333
26053,LOF,0.023052180574431265,0.14976097255296678,0.8271868468726018
26054,LOF,0.04744511199689031,0.01673977477051632,0.9358151132325935
26055,LOF,0.06066092598945043,0.017459510099075055,0.9218795639114746
26056,LOF,0.051305821727699936,0.019319269042345773,0.9293749092299542
26057,LOF,0.031836979098479525,0.012151944316106993,0.9560110765854134
26058,LOF,0.03274800044700056,0.010738654840187102,0.9565133447128124
26059,LOF,0.28023448580598953,0.02459216519209568,0.6951733490019149
26060,LOF,0.006356436795512873,0.26045206254729014,0.733191500657197
26061,LOF,0.005225385198934936,0.012867363587886368,0.9819072512131787
26062,LOF,0.0044935145206972515,0.015182000013539618,0.980324485465763
26063,LOF,0.021843977170861336,0.009766658528761482,0.9683893643003773
26064,LOF,0.006991447491516186,0.025282731155815006,0.9677258213526687
26065,LOF,0.023352601648704008,0.012353836823054925,0.9642935615282411
26066,LOF,0.02135819153257357,0.010037516960353573,0.968604291507073
26067,LOF,0.029572160267439522,0.009364556048884665,0.9610632836836757
26068,LOF,0.04261395912606012,0.02771474964160622,0.9296712912323336
26069,LOF,0.2555034627003694,0.018506367405233554,0.725990169894397
26070,LOF,0.40530018810659907,0.01431044656133547,0.5803893653320655
26071,LOF,0.021237642147264167,0.011248632458898195,0.9675137253938377
26072,LOF,0.005971874880429829,0.019731900745305373,0.9742962243742648
26073,LOF,0.018415163555641167,0.012778314199343922,0.9688065222450148
26074,Neutral,0.8919875664665998,0.005967822740946393,0.10204461079245387
26075,LOF,0.04418047724699497,0.013730506052232796,0.9420890167007723
26076,LOF,0.03940476148593782,0.010152894189868863,0.9504423443241934
26077,LOF,0.11922931413306612,0.0063422202513990535,0.8744284656155348
26078,LOF,0.006184782133453162,0.01257164784189606,0.9812435700246508
26079,LOF,0.05463422077591243,0.016603723945451,0.9287620552786366
26080,LOF,0.05263610434853219,0.01663801820936931,0.9307258774420984
26081,LOF,0.029627551588979846,0.007498441218070697,0.9628740071929496
26082,LOF,0.004575764113295851,0.0149076327991432,0.980516603087561
26083,LOF,0.14350496772284296,0.015566948281489724,0.8409280839956673
26084,LOF,0.03734949540422734,0.013451598215153718,0.949198906380619
26085,LOF,0.03347005737259101,0.012053291190409461,0.9544766514369996
26086,LOF,0.02033693707464283,0.011871090521587675,0.9677919724037696
26087,LOF,0.02078123917181432,0.009235095950503954,0.9699836648776816
26088,LOF,0.0058778771520281,0.023703255566208017,0.9704188672817637
26089,LOF,0.039475245516078464,0.022007469840920797,0.9385172846430009
26090,LOF,0.03917206414034212,0.01804075152270819,0.9427871843369497
26091,LOF,0.0277725949044371,0.007140165887390556,0.9650872392081723
26092,LOF,0.020756916265858703,0.007804452687322369,0.9714386310468188
26093,LOF,0.03884274499507513,0.006633849938589659,0.9545234050663353
26094,LOF,0.027757202743073223,0.007018398926822891,0.965224398330104
26095,LOF,0.01447398761773349,0.01703771196043056,0.9684883004218359
26096,LOF,0.14100268728854964,0.005429135723936974,0.8535681769875134
26097,LOF,0.00514439064512294,0.038192305437385825,0.9566633039174913
26098,LOF,0.07223169914931461,0.014150522515929931,0.9136177783347555
26099,LOF,0.019188172341904723,0.013931465498709597,0.9668803621593856
26100,LOF,0.02146238936548376,0.0137891757043177,0.9647484349301985
26101,LOF,0.04963329185412473,0.021493832998471626,0.9288728751474036
26102,LOF,0.02043072475916254,0.014542206116499904,0.9650270691243376
26103,Neutral,0.8708566807661421,0.021277628066282913,0.10786569116757479
26104,LOF,0.06366374940047245,0.02552646331354874,0.9108097872859788
26105,LOF,0.21461337397278993,0.18476869055961345,0.6006179354675967
26106,LOF,0.37826300219911624,0.1191197427577677,0.5026172550431162
26107,LOF,0.027367218350525763,0.12409152704731279,0.8485412546021615
26108,LOF,0.39188141317338754,0.045169800352601555,0.5629487864740109
26109,LOF,0.03207972431119879,0.06416882255572257,0.9037514531330787
26110,LOF,0.2040173379274998,0.008647750118618886,0.7873349119538812
26111,LOF,0.08454225712451037,0.08169128579452993,0.8337664570809596
26112,LOF,0.03471139675233042,0.008235678148326545,0.9570529250993431
26113,LOF,0.06495641897024733,0.016911249502785834,0.9181323315269667
26114,LOF,0.06252525564005815,0.014257277487938416,0.9232174668720033
26115,LOF,0.01587102001266095,0.08098713645501013,0.903141843532329
26116,LOF,0.07622840779733314,0.04358403619259839,0.8801875560100685
26117,LOF,0.4119743453640017,0.057242813940350204,0.5307828406956481
26118,LOF,0.036073640261640734,0.026756421794584113,0.937169937943775
26119,LOF,0.005711974052529176,0.042665396763418406,0.9516226291840524
26120,LOF,0.025126796418494957,0.02103526016903499,0.9538379434124702
26121,LOF,0.005702580795371132,0.12810113493339376,0.8661962842712352
