feature0,prediction,LoGoFunc_Neutral,LoGoFunc_GOF,LoGoFunc_LOF
25546,Neutral,0.7421375092668763,0.03353043927966286,0.224332051453461
25547,Neutral,0.5771459689214565,0.06966661629567726,0.35318741478286614
25548,Neutral,0.5836473799866231,0.052481209002775385,0.3638714110106015
25549,Neutral,0.49876047912636184,0.05220865027834103,0.4490308705952971
25550,LOF,0.36635471033621686,0.09428747006276161,0.5393578196010216
25551,LOF,0.31307563600540067,0.10452816832855662,0.5823961956660427
25552,LOF,0.22300176421250853,0.09762188622018977,0.6793763495673016
25553,Neutral,0.8400750116174396,0.02597143001142685,0.13395355837113354
25554,LOF,0.2504038756785409,0.0941873495461076,0.6554087747753516
25555,LOF,0.21059635757122902,0.08441179305346626,0.7049918493753048
25556,LOF,0.4120197347243411,0.08269341527098725,0.5052868500046717
25557,LOF,0.20591344032680178,0.08737313895615678,0.7067134207170414
25558,LOF,0.24111520654268526,0.09515778872061512,0.6637270047366995
25559,LOF,0.36578846735648307,0.18225292479471994,0.451958607848797
25560,LOF,0.053996268907590746,0.14282159999841101,0.8031821310939983
25561,LOF,0.11788332451663436,0.1422718342710443,0.7398448412123213
25562,LOF,0.1290035444922128,0.04615592597273497,0.8248405295350522
25563,LOF,0.10634998463270995,0.0682594521508559,0.8253905632164341
25564,LOF,0.2195562423432773,0.11575763323588031,0.6646861244208424
25565,LOF,0.1497462217769438,0.10128686075543793,0.7489669174676182
25566,GOF,0.017217625246891653,0.7905650655090294,0.19221730924407887
25567,LOF,0.01462159409648532,0.16663914979599975,0.8187392561075149
25568,LOF,0.05289044548605902,0.06241338170454295,0.884696172809398
25569,LOF,0.06454738603237184,0.05878347840617146,0.8766691355614568
25570,LOF,0.0636418401620732,0.0992426026045822,0.8371155572333447
25571,LOF,0.05674701098163085,0.0927356380742346,0.8505173509441345
25572,LOF,0.06518239946438675,0.11718581145053826,0.8176317890850751
25573,LOF,0.038687698025400466,0.09200093057909416,0.8693113713955053
25574,LOF,0.023462357852722493,0.14456381031505636,0.8319738318322211
25575,LOF,0.04303705434514701,0.10524772987608622,0.8517152157787667
25576,LOF,0.016485946872181075,0.1159469144078279,0.867567138719991
25577,LOF,0.014458614585119066,0.1231513790911397,0.8623900063237412
25578,LOF,0.24782338244380392,0.07975494993708938,0.6724216676191066
25579,LOF,0.24826839439214055,0.0791956003323342,0.6725360052755253
25580,LOF,0.0308795227753273,0.07542043918585305,0.8937000380388197
25581,LOF,0.055205769091732464,0.06023152208679452,0.8845627088214729
25582,LOF,0.05493650369976054,0.05888254147945241,0.8861809548207871
25583,LOF,0.0424030467076138,0.08749621374835355,0.8701007395440327
25584,Neutral,0.47653485879293644,0.11159099218990587,0.4118741490171577
25585,LOF,0.030523535257555495,0.10784272446052807,0.8616337402819164
25586,LOF,0.030838771522554202,0.07309112808047476,0.896070100396971
25587,LOF,0.029393996849686375,0.07093932855977345,0.8996666745905402
25588,LOF,0.03234993844170411,0.08352493488773707,0.8841251266705588
25589,Neutral,0.6265057648355385,0.1168513892187905,0.2566428459456709
25590,LOF,0.03199245446306914,0.12778347015403244,0.8402240753828984
25591,LOF,0.1168004897347691,0.05328075797804491,0.829918752287186
25592,LOF,0.08990738765170309,0.12707655833481094,0.7830160540134861
25593,LOF,0.027466942175166268,0.25008608228700785,0.722446975537826
25594,LOF,0.04541688968344459,0.21426926962560344,0.740313840690952
25595,LOF,0.048610099548905265,0.15806193473032248,0.7933279657207722
25596,LOF,0.04967980527428103,0.10743680699371701,0.8428833877320019
25597,LOF,0.04258378197290657,0.10798110115138108,0.8494351168757124
25598,LOF,0.05035782234152613,0.15012375818201332,0.7995184194764606
25599,GOF,0.007374599330597717,0.6816059668877774,0.3110194337816247
25600,GOF,0.019566674431821456,0.618489927869234,0.3619433976989445
25601,LOF,0.005869941338985431,0.4394410974899731,0.5546889611710414
25602,LOF,0.02617661245063964,0.04546827094644486,0.9283551166029155
25603,LOF,0.06149558229558789,0.027901174846707115,0.9106032428577049
25604,LOF,0.04651634827946907,0.03229520774533745,0.9211884439751935
25605,LOF,0.015523911162523704,0.1881045982411867,0.7963714905962895
25606,LOF,0.10421776497460179,0.4135046085679063,0.4822776264574921
25607,LOF,0.006464589076130471,0.17493647909542093,0.8185989318284486
25608,LOF,0.03305706100305074,0.05566857554326136,0.9112743634536878
25609,LOF,0.03515139252350295,0.4602695490135352,0.5045790584629619
25610,LOF,0.03612400482127561,0.024505539857762913,0.9393704553209615
25611,LOF,0.03932586580054644,0.023529073421813054,0.9371450607776405
25612,LOF,0.09633990943848228,0.033585711646261944,0.8700743789152557
25613,LOF,0.07756894850752638,0.03497213249252775,0.8874589189999458
25614,LOF,0.02714095724983202,0.0332612668766401,0.939597775873528
25615,LOF,0.040539328783232506,0.039211947694135926,0.9202487235226315
25616,LOF,0.02892640999501125,0.030502572194846655,0.9405710178101421
25617,LOF,0.02795026948891006,0.03676601544475813,0.9352837150663319
25618,LOF,0.14771117643790455,0.029519316173516046,0.8227695073885795
25619,LOF,0.025389572997886967,0.02952525978101417,0.9450851672210988
25620,LOF,0.030892900057520378,0.03885897871209816,0.9302481212303814
25621,LOF,0.02608658531199654,0.028155049523842963,0.9457583651641606
25622,LOF,0.028150804258916164,0.03487744973740714,0.9369717460036767
25623,LOF,0.05508231441875662,0.03294772192970588,0.9119699636515376
25624,LOF,0.02483529355461997,0.03617646848658074,0.9389882379587994
25625,LOF,0.0297496241158553,0.0430385621606894,0.9272118137234554
25626,LOF,0.08053747488250465,0.03147723747115974,0.8879852876463356
25627,Neutral,0.5270111251533153,0.13793869140599216,0.33505018344069254
25628,LOF,0.18819435884637933,0.06352898497868556,0.7482766561749352
25629,LOF,0.06626536027009595,0.06478456488381791,0.8689500748460861
25630,LOF,0.1564059538799799,0.09812372772284651,0.7454703183971736
25631,Neutral,0.5602089058959536,0.0802881616070193,0.35950293249702714
25632,LOF,0.017980202255301815,0.0781752858231136,0.9038445119215847
25633,LOF,0.21006583162443418,0.06038292955002523,0.7295512388255406
25634,LOF,0.033299090163605834,0.09128954582468961,0.8754113640117045
25635,LOF,0.03424409364191772,0.06602980673456978,0.8997260996235125
25636,GOF,0.00447390286531093,0.6727686178937038,0.3227574792409852
25637,GOF,0.005479514642058816,0.6581137519702129,0.33640673338772814
25638,LOF,0.00718369048184943,0.41316155259774184,0.5796547569204087
25639,GOF,0.004602707651786881,0.5339354685568227,0.4614618237913904
25640,GOF,0.4408547304231976,0.48684356778279453,0.07230170179400781
25641,LOF,0.009539656124799012,0.3571209720541617,0.6333393718210392
25642,LOF,0.30559295988438073,0.06792859188034425,0.6264784482352751
25643,LOF,0.2910419956109285,0.1447986514508266,0.5641593529382449
25644,GOF,0.01415588215538565,0.5499497137721773,0.4358944040724372
25645,GOF,0.013276383370905902,0.49976428389977684,0.48695933272931713
25646,LOF,0.017514042602014956,0.34328919856501094,0.6391967588329742
25647,LOF,0.015363547478773915,0.2752594414962539,0.7093770110249722
25648,LOF,0.013941151432883313,0.29166156769835055,0.6943972808687661
25649,LOF,0.010855761663967569,0.21925412289526325,0.7698901154407691
25650,LOF,0.02739599563323817,0.47625694661337414,0.49634705775338767
25651,LOF,0.01018588160077251,0.27739988476867455,0.7124142336305529
25652,LOF,0.017056994687106454,0.25130973336637596,0.7316332719465175
25653,LOF,0.05745051453195004,0.37380825146029456,0.5687412340077553
25654,LOF,0.015511884088616338,0.1618803098310627,0.822607806080321
25655,LOF,0.0875192892550205,0.4365103952251417,0.47597031551983765
25656,LOF,0.07099549001673203,0.07921600622737318,0.8497885037558948
25657,LOF,0.27773741647907335,0.03790267584896937,0.6843599076719573
25658,LOF,0.041399760235493924,0.0883116339929246,0.8702886057715814
25659,LOF,0.2898796027598115,0.07312191536770968,0.6369984818724788
25660,LOF,0.07280797257096847,0.09695839839753077,0.8302336290315007
25661,LOF,0.05423470420631794,0.0686385406026015,0.8771267551910805
25662,LOF,0.02987596078063389,0.04085790864257182,0.9292661305767943
25663,LOF,0.0400101511686492,0.07201689448845135,0.8879729543428995
25664,LOF,0.03379158626750238,0.08639338684026156,0.8798150268922361
25665,LOF,0.059676974116319025,0.04272427561937838,0.8975987502643027
25666,LOF,0.03400216384446766,0.14435201977208983,0.8216458163834426
25667,LOF,0.03039212675955039,0.05342505364307126,0.9161828195973784
25668,LOF,0.03694046314968459,0.0565907248165599,0.9064688120337555
25669,LOF,0.043099556792555796,0.08520739997952001,0.8716930432279242
25670,LOF,0.08550406685982889,0.09130168214443735,0.8231942509957338
25671,LOF,0.03924917361923919,0.044285031653767605,0.9164657947269932
25672,LOF,0.058848163330577366,0.06037686056107712,0.8807749761083454
25673,LOF,0.03537051510767971,0.06587007338736332,0.898759411504957
25674,LOF,0.028045023988884143,0.07110178693588437,0.9008531890752315
25675,LOF,0.0406478036232056,0.05233884299762562,0.9070133533791687
25676,LOF,0.03133172969144369,0.05693405780841794,0.9117342125001384
25677,LOF,0.06156157124053221,0.06392944663440042,0.8745089821250673
25678,LOF,0.27798867074554695,0.03892837027616917,0.683082958978284
25679,LOF,0.1859700505841625,0.07643939863292668,0.7375905507829108
25680,LOF,0.06327468498808526,0.0961292318052071,0.8405960832067076
25681,LOF,0.11273675125637168,0.08369429476309531,0.8035689539805331
25682,LOF,0.04921297423811164,0.07475245567995593,0.8760345700819324
25683,LOF,0.09100594436856843,0.09073431736684705,0.8182597382645845
25684,LOF,0.05688978522239085,0.07754078332710729,0.865569431450502
25685,LOF,0.09889789104929364,0.050752222352943535,0.8503498865977628
25686,LOF,0.032499893158366856,0.09673745528902164,0.8707626515526115
25687,LOF,0.054229369601774935,0.0769115740249714,0.8688590563732537
25688,LOF,0.022960807482865657,0.08714552639668292,0.8898936661204513
25689,LOF,0.017844480874715903,0.08110348184181342,0.9010520372834707
25690,LOF,0.018450197499403194,0.08531149261552193,0.8962383098850749
25691,LOF,0.15698928533992115,0.1309968928249838,0.7120138218350951
25692,LOF,0.25223495137481067,0.0126267372629859,0.7351383113622034
25693,LOF,0.0488857818027639,0.13103536445726,0.820078853739976
25694,LOF,0.24176277053803535,0.012283550585686219,0.7459536788762785
25695,LOF,0.14892293288239888,0.01817544287562729,0.8329016242419739
25696,LOF,0.161901395535098,0.010785523668645096,0.8273130807962569
25697,LOF,0.1442303960922875,0.02436866164389842,0.8314009422638141
25698,LOF,0.026518024804870654,0.36789635590951403,0.6055856192856153
25699,LOF,0.053283883297964726,0.05385713819160399,0.8928589785104313
25700,LOF,0.03328537033070557,0.008712440206648584,0.9580021894626459
25701,LOF,0.011513087263421888,0.06780853468878831,0.9206783780477898
25702,GOF,0.031546172932464006,0.742908591084063,0.22554523598347295
25703,LOF,0.015505953496117235,0.1832394102488619,0.8012546362550209
25704,LOF,0.08432151722389206,0.13828933755030628,0.7773891452258017
25705,LOF,0.07116145639103719,0.236815580894738,0.6920229627142248
25706,GOF,0.04682116711218881,0.6201115669186767,0.3330672659691344
25707,GOF,0.025185755906925258,0.5242557889244659,0.45055845516860893
25708,LOF,0.006826213316567826,0.46400094815043236,0.5291728385329998
25709,LOF,0.01878059055283633,0.05948200365621395,0.9217374057909496
25710,LOF,0.008352750657416782,0.16316155974316515,0.828485689599418
25711,LOF,0.021214245734567868,0.12164050962141505,0.8571452446440171
25712,LOF,0.009426160880412628,0.22917941033262187,0.7613944287869654
25713,LOF,0.018970772862582627,0.10792011836748915,0.8731091087699283
25714,LOF,0.02179023390961079,0.14331295182873388,0.8348968142616553
25715,LOF,0.02086771430738337,0.11499703900414314,0.8641352466884734
25716,LOF,0.011402342464955997,0.1540915463782701,0.8345061111567739
25717,LOF,0.005548556132675806,0.1328150408155853,0.861636403051739
25718,LOF,0.019800363758869666,0.07426407747332356,0.9059355587678067
25719,LOF,0.03468345705397724,0.08991318668768251,0.8754033562583402
25720,LOF,0.025975099316062174,0.08497536337450416,0.8890495373094336
25721,LOF,0.02428887117904867,0.09206688662973787,0.8836442421912134
25722,LOF,0.016726525523072525,0.12203018860942663,0.861243285867501
25723,LOF,0.021383388911158843,0.0744201955355327,0.9041964155533085
25724,LOF,0.028831262258919504,0.12990080751746427,0.8412679302236162
25725,LOF,0.02101162076068351,0.06701468545195768,0.9119736937873588
25726,LOF,0.016327644496997442,0.09689022089438179,0.8867821346086208
25727,LOF,0.020548391284993344,0.08103486948108661,0.8984167392339201
25728,LOF,0.01968897441538153,0.09666046643415685,0.8836505591504616
25729,LOF,0.01909601323908106,0.10294828431292628,0.8779557024479926
25730,LOF,0.021445279359103675,0.0774391607686316,0.9011155598722648
25731,LOF,0.009949187501622856,0.19975279726847847,0.7902980152298987
25732,LOF,0.019044966466462688,0.09341525248573647,0.887539781047801
25733,LOF,0.028296095114558262,0.08704296731262294,0.8846609375728188
25734,LOF,0.007086787201816287,0.21920386122709973,0.773709351571084
25735,LOF,0.022283026122659443,0.07284110092033465,0.9048758729570059
25736,LOF,0.020438050941569256,0.11957149461366132,0.8599904544447694
25737,LOF,0.043194678349854215,0.10178678517250629,0.8550185364776395
25738,LOF,0.021017270812233427,0.1445188091719919,0.8344639200157747
25739,LOF,0.023666909875742662,0.1317350297725462,0.844598060351711
25740,LOF,0.05084368116628618,0.13484023502178144,0.8143160838119323
25741,LOF,0.02705113016277968,0.11305363285218926,0.859895236985031
25742,LOF,0.044124998133040425,0.12803007482223133,0.8278449270447282
25743,LOF,0.011805757241733869,0.03614146741663771,0.9520527753416285
25744,GOF,0.18976902799565876,0.42382681672936257,0.3864041552749788
25745,LOF,0.027083036567972497,0.06636605516110099,0.9065509082709265
25746,LOF,0.012321070585402216,0.08635901306244514,0.9013199163521526
25747,LOF,0.02940290141594895,0.03704683407674038,0.9335502645073106
25748,LOF,0.2600821247631727,0.06619455293849527,0.673723322298332
25749,LOF,0.01396897482836332,0.05745845245786757,0.9285725727137691
25750,LOF,0.016886119150889518,0.08833073598554234,0.894783144863568
25751,LOF,0.03762060164888888,0.06476582968188788,0.8976135686692233
25752,GOF,0.08482536503725135,0.6921768185680391,0.22299781639470953
25753,LOF,0.007154777354620447,0.3865832106727269,0.6062620119726527
25754,GOF,0.006631815078595181,0.8773195630249824,0.11604862189642245
25755,LOF,0.00839058680256845,0.45504818036869676,0.5365612328287347
25756,LOF,0.04620221978327598,0.4394897082161137,0.5143080720006104
25757,GOF,0.007413736107369007,0.8817660746348581,0.11082018925777293
25758,GOF,0.009592430280794373,0.8811773235106246,0.10923024620858097
25759,GOF,0.00527848262264934,0.5873458070924943,0.40737571028485636
25760,LOF,0.0061503098596211855,0.3021040457545019,0.691745644385877
25761,GOF,0.060343902810071015,0.8592029346682495,0.08045316252167957
25762,LOF,0.028290286049134087,0.373140194608453,0.5985695193424128
25763,LOF,0.007216138112387248,0.2722605701154239,0.7205232917721888
25764,GOF,0.06586976971646832,0.6279631794226541,0.30616705086087753
25765,GOF,0.008004928089079759,0.8497516584658346,0.14224341344508556
25766,GOF,0.042218186681867484,0.8227212193654091,0.13506059395272335
25767,GOF,0.010212419900020092,0.5382414939933399,0.45154608610664004
25768,LOF,0.03386237875814733,0.07518119440280226,0.8909564268390504
25769,LOF,0.02482096016247789,0.08232592273301108,0.8928531171045111
25770,LOF,0.1722470947091079,0.07112926327055935,0.7566236420203327
25771,LOF,0.013575255353694967,0.06927800778260752,0.9171467368636976
25772,LOF,0.023022965990935534,0.03136831044456015,0.9456087235645043
25773,LOF,0.014613825410183927,0.08070124141918059,0.9046849331706355
25774,LOF,0.028132731562917082,0.09619136486615379,0.8756759035709293
25775,LOF,0.01930102673222304,0.043879717833336045,0.9368192554344409
25776,LOF,0.02569364088492249,0.029069099603353195,0.9452372595117243
25777,LOF,0.2476210096745375,0.07796500477247273,0.6744139855529898
25778,LOF,0.018130468461271552,0.057962906290827114,0.9239066252479013
25779,GOF,0.030982491982586083,0.904100500518357,0.06491700749905692
25780,GOF,0.06827059407525296,0.8864046777593115,0.045324728165435604
25781,GOF,0.031786852626927986,0.8895640597085713,0.0786490876645007
25782,GOF,0.02685564670311047,0.9169661222106491,0.056178231086240336
25783,GOF,0.018904126800682184,0.803366195637563,0.17772967756175484
25784,GOF,0.0807485683497576,0.8821663943040079,0.03708503734623447
25785,GOF,0.054803368928138224,0.907474777918176,0.03772185315368577
25786,GOF,0.007650748776933453,0.8622649890005027,0.13008426222256392
25787,GOF,0.16239047862191905,0.8051862660904314,0.03242325528764948
25788,LOF,0.01699365422163173,0.20635800863407763,0.7766483371442907
25789,GOF,0.016014222317829164,0.8802034508492659,0.10378232683290486
25790,GOF,0.01592506165621093,0.8878327110643125,0.0962422272794765
25791,GOF,0.017177122528424228,0.8512698190040694,0.1315530584675063
25792,GOF,0.021650686240943788,0.8610010294025582,0.11734828435649813
25793,GOF,0.05781910544011663,0.840821902046783,0.1013589925131004
25794,GOF,0.044976466295609294,0.7746473062799082,0.18037622742448248
25795,GOF,0.05448999270641851,0.7718987943726234,0.17361121292095796
25796,GOF,0.07966865985261117,0.8341045495682946,0.08622679057909421
25797,GOF,0.04562256065470155,0.7454078770112282,0.20896956233407019
25798,GOF,0.0031463203397239315,0.7078552234629961,0.28899845619728004
25799,GOF,0.002899841492054205,0.5763646948083342,0.42073546369961173
25800,GOF,0.01782102402227631,0.7932977701135835,0.1888812058641401
25801,GOF,0.014129320988234344,0.8904562541911748,0.09541442482059104
25802,GOF,0.02158131323873479,0.8484172926104036,0.13000139415086165
25803,GOF,0.014374799808634493,0.7540330586400555,0.23159214155130992
25804,GOF,0.01750263004251474,0.6643471510026805,0.3181502189548047
25805,GOF,0.025868367201603383,0.7551245498326543,0.2190070829657424
25806,GOF,0.020124531890480718,0.8216218194725757,0.15825364863694363
25807,GOF,0.006097545924008653,0.783206975787228,0.21069547828876328
25808,GOF,0.015603516163807564,0.7964678696423192,0.18792861419387322
25809,GOF,0.007416861012154789,0.7851032287931944,0.20747991019465073
25810,GOF,0.0059943943273892365,0.7730729574897123,0.2209326481828985
25811,GOF,0.03940993901373088,0.8866893485094393,0.07390071247682997
25812,GOF,0.017799981632759466,0.7900616900895483,0.19213832827769237
25813,GOF,0.09717437445277402,0.8156935058581831,0.08713211968904283
25814,GOF,0.021683221476884867,0.8160109012017914,0.16230587732132382
25815,GOF,0.042274441486398,0.8423930472996914,0.11533251121391055
25816,GOF,0.008087821508474908,0.8755228422245406,0.1163893362669846
25817,GOF,0.10531351463447461,0.8208121738889067,0.07387431147661869
25818,GOF,0.01906998491566573,0.8459190898881344,0.13501092519619995
25819,GOF,0.051111463300742656,0.7921967145713061,0.1566918221279511
25820,GOF,0.024041677562278676,0.8053312951512894,0.17062702728643206
25821,GOF,0.01677372357802875,0.8114719801532133,0.17175429626875804
25822,GOF,0.03089217181641061,0.8014506946041243,0.16765713357946516
25823,GOF,0.018726037707917878,0.7108263630551944,0.27044759923688755
25824,GOF,0.01637221515145124,0.8035782227525881,0.18004956209596087
25825,GOF,0.013849328006159307,0.799481820079081,0.18666885191475965
25826,GOF,0.005988264987456987,0.780632119458345,0.2133796155541981
25827,GOF,0.0102795411860051,0.7285138239528216,0.2612066348611732
25828,GOF,0.007266583636310569,0.6986796626322126,0.29405375373147685
25829,GOF,0.0033156516603188146,0.7339976963351337,0.2626866520045475
25830,GOF,0.03469276914761978,0.5470842886388846,0.4182229422134956
25831,GOF,0.06186572518090881,0.8334241121981684,0.10471016262092274
25832,GOF,0.008785322592044674,0.8253861974896839,0.16582847991827146
25833,GOF,0.03156874003169026,0.869147472757775,0.0992837872105348
25834,GOF,0.008721493944926459,0.8314348345876359,0.15984367146743753
25835,GOF,0.020345248607146416,0.8840206934224105,0.09563405797044303
25836,GOF,0.006040767235779728,0.8312270605830182,0.16273217218120198
25837,GOF,0.006044174340701391,0.7231843860064474,0.2707714396528511
25838,GOF,0.018883884429939386,0.8756731786770587,0.10544293689300183
25839,GOF,0.03785288366704374,0.8685037270828789,0.09364338925007733
25840,GOF,0.0782854652633605,0.819896010976355,0.10181852376028447
25841,GOF,0.07716052688952617,0.8372799301559662,0.08555954295450774
25842,GOF,0.021822969664305126,0.9037848826288185,0.07439214770687626
25843,GOF,0.021598215491793627,0.9034833124391487,0.0749184720690576
25844,GOF,0.012595216618362949,0.8583923089239162,0.12901247445772088
25845,GOF,0.004277974085739903,0.661142099297219,0.33457992661704117
25846,GOF,0.057008786488012414,0.856722433871652,0.08626877964033548
25847,GOF,0.0139131884919337,0.9144132824637586,0.07167352904430765
25848,GOF,0.015690724606381646,0.8770256502118771,0.10728362518174145
25849,GOF,0.005027249152919352,0.7696076627859278,0.2253650880611529
25850,GOF,0.005182283366498226,0.7782946062377093,0.21652311039579247
25851,GOF,0.004521975621102794,0.6523933455788785,0.34308467880001864
25852,GOF,0.13634035513897577,0.5896393167250731,0.2740203281359512
25853,GOF,0.06298611253530531,0.8490123164828102,0.08800157098188442
25854,GOF,0.004101800563023247,0.7059723082650217,0.28992589117195516
25855,GOF,0.016927977200930415,0.6955481695806492,0.2875238532184204
25856,GOF,0.03573825094057131,0.7997792169919209,0.16448253206750788
25857,GOF,0.018456176380773657,0.6588385475773485,0.3227052760418779
25858,GOF,0.006385363753842121,0.6714108106462867,0.3222038255998712
25859,GOF,0.005390546742834478,0.6668895534316688,0.3277198998254967
25860,GOF,0.08427441269920055,0.8284084369834646,0.08731715031733484
25861,GOF,0.0851664068602015,0.8320066626414464,0.08282693049835226
25862,GOF,0.01539711502391506,0.8940973081883422,0.09050557678774275
25863,GOF,0.017221521667667963,0.8939582097170509,0.08882026861528108
25864,GOF,0.049727495329537234,0.8900527168572285,0.06021978781323416
25865,GOF,0.03675661203457017,0.8622208227152565,0.10102256525017335
25866,GOF,0.020986728420351798,0.8916672991295239,0.08734597245012406
25867,GOF,0.03487662114068644,0.8927314906515184,0.0723918882077952
25868,GOF,0.05024319261461023,0.850225418277055,0.09953138910833477
25869,GOF,0.3358586024883658,0.6054610644192369,0.058680333092397306
25870,GOF,0.06195586059648701,0.7053209860980767,0.23272315330543625
25871,GOF,0.009426392298717591,0.8991115602800558,0.09146204742122666
25872,GOF,0.017947028322703448,0.8894658408696918,0.09258713080760465
25873,GOF,0.017127076922153973,0.9084034889522601,0.0744694341255858
25874,LOF,0.016511511362033958,0.241760175893721,0.741728312744245
25875,LOF,0.04240310423402284,0.05042984050475448,0.9071670552612227
25876,LOF,0.019354953511843055,0.03876105867038084,0.941883987817776
25877,LOF,0.14427738659996475,0.09281534274206248,0.7629072706579728
25878,LOF,0.08644235955833401,0.1349854035035625,0.7785722369381035
25879,LOF,0.026660407184442684,0.09815607702385179,0.8751835157917055
25880,LOF,0.06361871260760009,0.01374548601940643,0.9226358013729936
25881,Neutral,0.5446342581744915,0.06566069913090779,0.3897050426946007
25882,LOF,0.057800276589780986,0.02530654619596833,0.9168931772142506
25883,LOF,0.027935941522216356,0.027017409980689452,0.9450466484970942
25884,LOF,0.01912736269865933,0.047574590713638676,0.933298046587702
25885,LOF,0.20474318144013967,0.014783770804763742,0.7804730477550965
25886,LOF,0.26724815452088263,0.05607853024371754,0.6766733152353998
25887,LOF,0.15916146381571872,0.07385582508748839,0.766982711096793
25888,LOF,0.010949722758798516,0.13684686062020596,0.8522034166209955
25889,LOF,0.02438561499370877,0.03910050581736773,0.9365138791889235
25890,LOF,0.18978406941861686,0.09845824847404865,0.7117576821073345
25891,LOF,0.11615024276295687,0.02513345039368302,0.8587163068433601
25892,LOF,0.008823849772709197,0.03837651820238068,0.9527996320249101
25893,LOF,0.32847089597738793,0.010937865879368854,0.6605912381432433
25894,LOF,0.37872870880478193,0.0067396691553615025,0.6145316220398566
25895,LOF,0.3283908206297717,0.014857451592303148,0.6567517277779252
25896,LOF,0.06695689791084215,0.02251936516894595,0.9105237369202119
25897,LOF,0.17435152872031304,0.009739213347191921,0.8159092579324951
25898,LOF,0.16275203287766374,0.03574035406132822,0.801507613061008
25899,LOF,0.43073010534299,0.021308994881517305,0.5479608997754927
25900,LOF,0.4930626271110946,0.008496268033481824,0.49844110485542353
25901,LOF,0.06883882195758587,0.009838099505997946,0.9213230785364163
25902,LOF,0.17318336058183223,0.010554698658380062,0.8162619407597878
25903,LOF,0.37699158719569836,0.02583826407945713,0.5971701487248444
25904,Neutral,0.5092106408831434,0.034213094031873975,0.45657626508498256
25905,GOF,0.006162537700382134,0.5057777190057964,0.4880597432938214
25906,LOF,0.008040856941057847,0.11528119573663918,0.876677947322303
25907,LOF,0.005106070425021895,0.3718689689236721,0.6230249606513061
25908,LOF,0.004571675193208842,0.29290427629045357,0.7025240485163375
25909,LOF,0.026830391617128344,0.15895599545232283,0.8142136129305488
25910,LOF,0.01167228048005542,0.1582405257837332,0.8300871937362113
25911,LOF,0.23375500567122295,0.04980568383053774,0.7164393104982394
25912,LOF,0.09581570389344492,0.05124237581662223,0.8529419202899329
25913,LOF,0.023795653099632618,0.07621830336830135,0.899986043532066
25914,LOF,0.033750686097115346,0.042360743899678414,0.9238885700032061
25915,LOF,0.21204906289724887,0.18364868873372273,0.6043022483690285
25916,LOF,0.03022525855930636,0.11004349270541697,0.8597312487352767
25917,LOF,0.0729231714358316,0.0328503702862691,0.8942264582778993
25918,LOF,0.03868023730157931,0.025865723167072148,0.9354540395313486
25919,LOF,0.034295838716165254,0.024748247310079106,0.9409559139737557
25920,LOF,0.3117195003349031,0.21155985143922326,0.47672064822587373
25921,LOF,0.014636197273491832,0.03477875561173194,0.9505850471147761
25922,LOF,0.01663161041585672,0.03479905299312143,0.9485693365910218
25923,LOF,0.4227408455644537,0.033403423221751265,0.5438557312137949
25924,LOF,0.01989217425055142,0.05546733788240523,0.9246404878670434
25925,LOF,0.08485937969653685,0.04520880696119434,0.8699318133422689
25926,LOF,0.06718199061944807,0.04121047933485331,0.8916075300456985
25927,LOF,0.020147622801141914,0.06508238399926447,0.9147699931995937
25928,LOF,0.009044075012340074,0.05401616027256415,0.9369397647150958
25929,Neutral,0.5478298921786199,0.031611397910611475,0.42055870991076866
25930,LOF,0.08317291121394056,0.03210423877889965,0.8847228500071597
25931,LOF,0.012218252575272249,0.0379847860954528,0.9497969613292749
25932,LOF,0.06096295562728129,0.03426688412170266,0.904770160251016
25933,LOF,0.06521162214933103,0.020072925884459497,0.9147154519662095
25934,LOF,0.056308386217969464,0.01855409592682097,0.9251375178552095
25935,LOF,0.07663448784623648,0.05685841209638726,0.8665071000573763
25936,LOF,0.09751516981091309,0.0204724177734719,0.882012412415615
25937,LOF,0.013365946934927054,0.048936509363062486,0.9376975437020105
25938,LOF,0.07616874849140891,0.05023671174824808,0.8735945397603431
25939,LOF,0.04584822086319054,0.026738459568419266,0.9274133195683901
25940,LOF,0.008637932060432346,0.3790515268900469,0.6123105410495209
25941,Neutral,0.4940357647735547,0.05648602420447413,0.4494782110219711
25942,LOF,0.009725188147050333,0.0634482669441561,0.9268265449087935
25943,LOF,0.05197881676554973,0.22427049385713366,0.7237506893773166
25944,LOF,0.05095773001275129,0.10355221448716714,0.8454900555000815
25945,LOF,0.11565236643738575,0.03156265474551445,0.8527849788170998
25946,LOF,0.06572302780975069,0.0384442712270426,0.8958327009632067
25947,Neutral,0.4535884649575076,0.11956023875524417,0.4268512962872481
25948,LOF,0.41282324352523164,0.01925726001238673,0.5679194964623816
25949,LOF,0.1538492698512982,0.08683820826615997,0.7593125218825418
25950,GOF,0.062800845200294,0.5796931322851908,0.3575060225145152
25951,LOF,0.014289314751466288,0.4301109282986517,0.555599756949882
25952,LOF,0.2621675771403961,0.28573276411134474,0.45209965874825914
25953,LOF,0.007981422954019945,0.20284141492181973,0.7891771621241603
25954,GOF,0.0662354725967931,0.46799445692085484,0.4657700704823522
25955,LOF,0.006499259192359903,0.17977842836825803,0.8137223124393821
25956,LOF,0.016107472659101507,0.22269607635201807,0.7611964509888804
25957,LOF,0.15371462897542282,0.03530305185075054,0.8109823191738267
25958,LOF,0.03283384340854489,0.05771232643896202,0.909453830152493
25959,GOF,0.011439710734333912,0.6965204843529081,0.2920398049127579
25960,LOF,0.005692931155009779,0.08572638981718285,0.9085806790278073
25961,LOF,0.030324360574690404,0.05200936671991501,0.9176662727053946
25962,LOF,0.04815461877240644,0.06366176125682099,0.8881836199707726
25963,LOF,0.005586259785286831,0.1715453417423069,0.8228683984724062
25964,LOF,0.02826855971180231,0.10953626763552839,0.8621951726526693
25965,LOF,0.2638471833115151,0.11174887145838586,0.624403945230099
25966,LOF,0.3915433809149166,0.14499531135874427,0.4634613077263392
25967,LOF,0.007538531961080077,0.09386418810949655,0.8985972799294233
25968,LOF,0.04460067814779107,0.26520343156531156,0.6901958902868973
25969,LOF,0.1321733898433972,0.06537596440458614,0.8024506457520166
25970,LOF,0.054520518354954715,0.08839665885823625,0.857082822786809
25971,LOF,0.08339275564026298,0.029614589866426334,0.8869926544933108
25972,LOF,0.0767491701258679,0.05264244926331092,0.8706083806108211
25973,LOF,0.06446479661378046,0.009622012256802086,0.9259131911294174
25974,LOF,0.04864113529241572,0.040706100242942855,0.9106527644646415
25975,LOF,0.03904149634337961,0.01804843335644363,0.9429100703001767
25976,LOF,0.08959892193010245,0.011428887517923458,0.8989721905519742
25977,LOF,0.22367083425219594,0.06826777822248213,0.7080613875253219
25978,LOF,0.185409553573357,0.11183337529973598,0.7027570711269071
25979,LOF,0.1537288137427432,0.12956006833309938,0.7167111179241574
25980,LOF,0.25569228592366566,0.17132194333678888,0.5729857707395455
25981,LOF,0.2561960390170691,0.17400245228341,0.569801508699521
25982,Neutral,0.45855201133766693,0.08413231687075522,0.4573156717915779
25983,Neutral,0.44657967179092484,0.11145809963295537,0.44196222857611983
25984,LOF,0.03799873904945339,0.10611478369878434,0.8558864772517624
25985,LOF,0.364533736978371,0.15114867954401762,0.48431758347761145
25986,LOF,0.011937939921090913,0.43362432521328226,0.5544377348656269
25987,LOF,0.047435404029535534,0.10357964021176795,0.8489849557586966
25988,LOF,0.038164503775255085,0.17049077699488643,0.7913447192298585
25989,LOF,0.041869946532014105,0.1992142847140074,0.7589157687539785
25990,LOF,0.03698535976069081,0.3263182306272593,0.6366964096120499
25991,LOF,0.021049684641187266,0.4371111884617372,0.5418391268970756
25992,LOF,0.01875773926653693,0.44977549203835365,0.5314667686951093
25993,LOF,0.029197672900187824,0.07490559017260152,0.8958967369272106
25994,LOF,0.023085612987362045,0.07457844150474562,0.9023359455078923
25995,LOF,0.021172355515680315,0.13549499577141685,0.8433326487129028
25996,LOF,0.33485767499064084,0.32685078112829835,0.3382915438810608
25997,LOF,0.04920632886228344,0.3903054510357948,0.5604882201019218
25998,LOF,0.295882729993335,0.03989373121608898,0.664223538790576
25999,LOF,0.03840401148740601,0.18740020447184647,0.7741957840407475
26000,LOF,0.15664507022757782,0.024795838352888896,0.8185590914195333
26001,LOF,0.27661690633858904,0.032900755877045225,0.6904823377843659
26002,LOF,0.1183219163254988,0.03307540919765705,0.8486026744768441
26003,GOF,0.006551987288355128,0.6419125532666443,0.35153545944500053
26004,GOF,0.017340211343696597,0.6941681032297263,0.28849168542657705
26005,LOF,0.005124607069657933,0.47582728177970646,0.5190481111506356
26006,GOF,0.12982223211607277,0.5459095746030672,0.32426819328086
26007,GOF,0.010299571050291658,0.5471287097709872,0.4425717191787213
26008,GOF,0.006083303288045198,0.5944442547215723,0.3994724419903825
26009,GOF,0.010197359805603292,0.6595483179152212,0.33025432227917556
26010,GOF,0.010209877095392896,0.6195747671932138,0.3702153557113933
26011,LOF,0.004441919548050092,0.42604412696395505,0.5695139534879949
26012,LOF,0.004600641106694855,0.49137701027774416,0.5040223486155609
26013,GOF,0.009210121169648484,0.5601861637141794,0.4306037151161721
26014,LOF,0.06838040122183023,0.09671501096995902,0.8349045878082109
26015,LOF,0.36576725546113564,0.04163749152957737,0.592595253009287
26016,LOF,0.29094753674496,0.059794651136087985,0.6492578121189521
26017,LOF,0.016917058044999038,0.2675878224419034,0.7154951195130976
26018,LOF,0.023820237560746096,0.09039696197934129,0.8857828004599125
26019,LOF,0.023528378904204023,0.07799198365148617,0.8984796374443099
26020,LOF,0.008007957850483327,0.244781444598633,0.7472105975508837
26021,LOF,0.10080360104375105,0.10294807558076337,0.7962483233754856
26022,LOF,0.03478080444802493,0.043016915233150745,0.9222022803188243
26023,LOF,0.02183245186835203,0.060022634402065775,0.9181449137295822
26024,LOF,0.05544124532412633,0.08582818793026466,0.858730566745609
26025,LOF,0.08234279794578672,0.10470724831226469,0.8129499537419486
26026,LOF,0.09979022374036878,0.0866053821420543,0.8136043941175769
26027,LOF,0.023940168181737574,0.04053505160847426,0.9355247802097881
26028,LOF,0.09027402851077908,0.15306273654878524,0.7566632349404356
26029,LOF,0.03085245485652491,0.20485293596807466,0.7642946091754004
26030,LOF,0.15800386964916907,0.0271825890691138,0.8148135412817171
26031,LOF,0.011776577939531923,0.1676504850003925,0.8205729370600756
26032,LOF,0.047286946037959916,0.056899040393862586,0.8958140135681775
26033,LOF,0.058301194656112144,0.04951883343184436,0.8921799719120435
26034,LOF,0.016043837182817374,0.17518536079895877,0.8087708020182238
26035,LOF,0.012626737829089298,0.12073916428687176,0.866634097884039
26036,LOF,0.013577381323271739,0.138207282278368,0.8482153363983603
26037,LOF,0.011214075446268809,0.10707857438916367,0.8817073501645675
26038,LOF,0.038577550574759895,0.04973265253906938,0.9116897968861707
26039,LOF,0.037474701559356845,0.1539889217423135,0.8085363766983296
26040,LOF,0.09875150429193744,0.11940556358406892,0.7818429321239937
26041,LOF,0.014053334165256927,0.09444772500976126,0.8914989408249819
26042,LOF,0.0133113624748721,0.10920217593703511,0.8774864615880928
26043,LOF,0.038112660795154726,0.07242046445761517,0.88946687474723
26044,LOF,0.012023213560273624,0.05458349631356115,0.9333932901261652
26045,LOF,0.07198925136935935,0.1147028684646849,0.8133078801659558
26046,LOF,0.03274741996086882,0.05497756230377834,0.9122750177353528
26047,LOF,0.060915633414591705,0.05543179359570371,0.8836525729897045
26048,LOF,0.07350819942821303,0.028382516897920845,0.8981092836738661
26049,Neutral,0.9465444412299303,0.008604064768251778,0.044851494001818024
26050,Neutral,0.9199446275970936,0.009454333814128985,0.07060103858877731
26051,LOF,0.02282821931216413,0.10326395358308373,0.8739078271047522
26052,LOF,0.04147368997049363,0.11992816236004704,0.8385981476694593
26053,LOF,0.020629368598541007,0.15156609568826832,0.8278045357131907
26054,LOF,0.04743034699153303,0.03404007920779274,0.9185295738006741
26055,LOF,0.077272222236321,0.03306397727810172,0.8896638004855774
26056,LOF,0.060873155559404764,0.04028037838512175,0.8988464660554735
26057,LOF,0.0579238507857965,0.016860440337687823,0.9252157088765157
26058,LOF,0.06347053238481645,0.013607283217943364,0.9229221843972402
26059,LOF,0.21658989576369467,0.03916975662065182,0.7442403476156535
26060,LOF,0.021087158391706363,0.17082125632355216,0.8080915852847416
26061,LOF,0.009796756256772286,0.01200273884173779,0.97820050490149
26062,LOF,0.0059930076411308045,0.016977750032518064,0.9770292423263511
26063,LOF,0.04088582872970661,0.01301771936211692,0.9460964519081765
26064,LOF,0.009716533979833939,0.030450897843901256,0.9598325681762649
26065,LOF,0.04995551201572808,0.015420064083073226,0.9346244239011987
26066,LOF,0.04253491743862286,0.012930814471181168,0.9445342680901959
26067,LOF,0.04571072944223762,0.012499411560202404,0.9417898589975601
26068,LOF,0.05542599374248497,0.051850746945923856,0.8927232593115912
26069,LOF,0.3022357752984769,0.03468296892780966,0.6630812557737134
26070,Neutral,0.5595456187749511,0.02350882670468049,0.41694555452036847
26071,LOF,0.043556534751000214,0.014151660597110009,0.9422918046518898
26072,LOF,0.008672302017429962,0.02089598576989526,0.9704317122126748
26073,LOF,0.038023879873386776,0.015762037973525364,0.9462140821530879
26074,Neutral,0.8725038936214616,0.011495041751727827,0.11600106462681063
26075,LOF,0.05457219664408644,0.02575161234033418,0.9196761910155793
26076,LOF,0.05279152965139968,0.013214687996208212,0.933993782352392
26077,LOF,0.15015183734263934,0.008636600307691254,0.8412115623496693
26078,LOF,0.006493997141624543,0.018513383917285745,0.9749926189410897
26079,LOF,0.06401104106159403,0.025320914634633127,0.9106680443037729
26080,LOF,0.06345046399021763,0.025306475866182277,0.9112430601436001
26081,LOF,0.034800447318920506,0.01098671253255392,0.9542128401485255
26082,LOF,0.006121173920451459,0.019221252962174494,0.974657573117374
26083,LOF,0.11146283463420933,0.024832244314676472,0.8637049210511142
26084,LOF,0.11964739944908788,0.018068114788261827,0.8622844857626503
26085,LOF,0.10245587509601925,0.01505650399392967,0.8824876209100511
26086,LOF,0.039281388284930024,0.013722703148240182,0.9469959085668297
26087,LOF,0.03714053061052959,0.012166703789687736,0.9506927655997827
26088,LOF,0.007295003551581649,0.026622594857734296,0.9660824015906839
26089,LOF,0.042624613672815975,0.041706086531309985,0.9156692997958741
26090,LOF,0.04257653208641807,0.0308960031460642,0.9265274647675178
26091,LOF,0.029729307714650415,0.009749535221548391,0.9605211570638011
26092,LOF,0.04616624758427353,0.010456152871772227,0.9433775995439543
26093,LOF,0.08285238497951586,0.007384691685177132,0.9097629233353071
26094,LOF,0.03416602627639932,0.00880247144351809,0.9570315022800826
26095,LOF,0.02839059571647471,0.01882455255388075,0.9527848517296444
26096,LOF,0.19610025651376578,0.006996467564062652,0.7969032759221715
26097,LOF,0.006937541511804955,0.04028835077757292,0.9527741077106222
26098,LOF,0.1267605097224669,0.021598967307917376,0.8516405229696158
26099,LOF,0.03942574010722596,0.02168715758314592,0.9388871023096282
26100,LOF,0.03942574010722596,0.02168715758314592,0.9388871023096282
26101,LOF,0.06487713731888102,0.038877866268872914,0.8962449964122461
26102,LOF,0.034307262454366834,0.01952162216311389,0.9461711153825192
26103,Neutral,0.8918962888425314,0.031221107738201616,0.07688260341926714
26104,LOF,0.05831517093921239,0.050243193677860225,0.8914416353829274
26105,LOF,0.2545860241602174,0.14519183980562037,0.6002221360341622
26106,LOF,0.30545722238017325,0.07286246213400528,0.6216803154858215
26107,LOF,0.023529700618755867,0.08036076505410021,0.8961095343271439
26108,LOF,0.23337272264550776,0.037128065609626754,0.7294992117448655
26109,LOF,0.07813157275135697,0.03318198994966284,0.8886864372989802
26110,LOF,0.43576470152673563,0.009580863437670749,0.5546544350355938
26111,LOF,0.05630485570413053,0.12531143813111809,0.8183837061647513
26112,LOF,0.05561322526980874,0.010012751053631625,0.9343740236765598
26113,LOF,0.11082220774656039,0.023346996977001745,0.8658307952764379
26114,LOF,0.08986136343905514,0.011773128620235065,0.8983655079407098
26115,LOF,0.020022524482444827,0.05704928878183755,0.9229281867357175
26116,LOF,0.06985876861448533,0.02564859522990711,0.9044926361556076
26117,LOF,0.34308789506803095,0.047005191317526535,0.6099069136144426
26118,LOF,0.04797058641611684,0.021421978376870373,0.9306074352070127
26119,LOF,0.006721113833539768,0.03816788454935018,0.95511100161711
26120,LOF,0.03389620170863432,0.019923607001727836,0.9461801912896379
26121,LOF,0.0037854597331179636,0.1312463631584926,0.8649681771083894
