feature0,prediction,LoGoFunc_Neutral,LoGoFunc_GOF,LoGoFunc_LOF
25546,Neutral,0.6598402871465456,0.05994184195117497,0.2802178709022794
25547,LOF,0.3338589421117942,0.2605803107084098,0.405560747179796
25548,LOF,0.29266421824534733,0.14807392458639604,0.5592618571682566
25549,LOF,0.19610548852478996,0.18185353705515614,0.6220409744200539
25550,Neutral,0.6031802355340559,0.06341052152298449,0.33340924294295965
25551,Neutral,0.48144490623050745,0.07812929519640235,0.4404257985730902
25552,LOF,0.09592967024651382,0.1492798327020198,0.7547904970514664
25553,LOF,0.46333228368347085,0.06343574267966005,0.4732319736368692
25554,LOF,0.13383487118403892,0.21451306884711097,0.6516520599688501
25555,LOF,0.09421701320773279,0.12952932830529904,0.776253658486968
25556,LOF,0.15439231478016982,0.17617028383442218,0.669437401385408
25557,LOF,0.0814957910059687,0.1473052921467911,0.7711989168472402
25558,LOF,0.1538095965911327,0.18763938297452276,0.6585510204343445
25559,Neutral,0.5532230881036616,0.15044158836252303,0.2963353235338153
25560,LOF,0.07376262260549972,0.1394350503215081,0.7868023270729922
25561,LOF,0.14774421262103857,0.18415451079200276,0.6681012765869587
25562,LOF,0.33154568311628274,0.03605591401942795,0.6323984028642893
25563,Neutral,0.5636023954901115,0.08132773882591039,0.35506986568397814
25564,LOF,0.06598288481372906,0.07314016436653835,0.8608769508197326
25565,LOF,0.12479062176852969,0.24983099503710782,0.6253783831943625
25566,GOF,0.03582543262816844,0.5160089993814689,0.44816556799036256
25567,LOF,0.3358888116691287,0.09698199312568258,0.5671291952051887
25568,Neutral,0.7140448724889308,0.0749914885915232,0.21096363891954606
25569,Neutral,0.68393277853125,0.05102974441488996,0.26503747705386005
25570,LOF,0.06898313576683854,0.22968378020730068,0.7013330840258608
25571,LOF,0.07311962262220136,0.20625743578943387,0.7206229415883648
25572,Neutral,0.43060090845644955,0.20688031895440245,0.36251877258914805
25573,LOF,0.4029099863498061,0.07689205714767644,0.5201979565025174
25574,LOF,0.09177020127832405,0.4465135820494394,0.4617162166722366
25575,LOF,0.08577946760669239,0.057755454378188825,0.8564650780151187
25576,LOF,0.3589208160196649,0.03323341769738471,0.6078457662829503
25577,LOF,0.44148877589601054,0.11585790485109447,0.442653319252895
25578,Neutral,0.4450214916579864,0.19899714497035664,0.355981363371657
25579,Neutral,0.4450214916579864,0.19899714497035664,0.355981363371657
25580,LOF,0.04089200913829581,0.06477266513404512,0.8943353257276591
25581,Neutral,0.7076590924371644,0.05178824787850437,0.24055265968433104
25582,Neutral,0.7076590924371644,0.05178824787850437,0.24055265968433104
25583,LOF,0.05284858142170864,0.06820160306598805,0.8789498155123033
25584,LOF,0.3342399753591351,0.30892508287483594,0.35683494176602903
25585,LOF,0.3572112013191996,0.05986107258590735,0.5829277260948931
25586,LOF,0.05949932059425841,0.10600973848787629,0.8344909409178655
25587,LOF,0.04820455798130698,0.13668010699335761,0.8151153350253354
25588,LOF,0.05792885979948405,0.1342813609354607,0.8077897792650552
25589,Neutral,0.6939195535718286,0.17000421874349342,0.13607622768467806
25590,LOF,0.24314410323523794,0.19043830719088417,0.5664175895738779
25591,Neutral,0.6823187811423815,0.07083311660220228,0.24684810225541612
25592,LOF,0.04001455313330016,0.11902354722376911,0.8409618996429308
25593,GOF,0.0301043903208888,0.7335417693275338,0.23635384035157747
25594,Neutral,0.7073428697600465,0.05263587563078378,0.2400212546091697
25595,Neutral,0.6871646842290683,0.05457117165568759,0.2582641441152442
25596,Neutral,0.6107413147505464,0.05602754850159174,0.3332311367478618
25597,LOF,0.41549307266720825,0.04513996143356518,0.5393669658992266
25598,Neutral,0.7432243274532615,0.04302844892921355,0.213747223617525
25599,GOF,0.06633221616723453,0.6751803083208479,0.2584874755119176
25600,GOF,0.042181710743475764,0.48710352217241976,0.4707147670841045
25601,GOF,0.03187278552696242,0.49458259272629784,0.4735446217467397
25602,LOF,0.44006805172804925,0.1070070658200319,0.4529248824519187
25603,LOF,0.08304230377108109,0.22300329220035425,0.6939544040285647
25604,Neutral,0.49592935312314207,0.17797826338178652,0.3260923834950715
25605,LOF,0.019927623508931094,0.3499412951375164,0.6301310813535526
25606,LOF,0.0291271832303328,0.4443610430795903,0.5265117736900768
25607,LOF,0.04222280269073118,0.284822615517257,0.6729545817920117
25608,LOF,0.24056479517099233,0.26321864246355897,0.4962165623654487
25609,LOF,0.14687719150963224,0.22647366061439644,0.6266491478759713
25610,LOF,0.07146204330240531,0.06913408802947843,0.8594038686681164
25611,LOF,0.07426260949143405,0.1046995761972352,0.8210378143113308
25612,Neutral,0.6527795686608283,0.05947596875513112,0.2877444625840405
25613,Neutral,0.6234629532030878,0.05890941232160226,0.31762763447530995
25614,LOF,0.06318965741881341,0.08750617623778588,0.8493041663434007
25615,LOF,0.34595443466015086,0.03625696588211326,0.6177885994577359
25616,LOF,0.05087930683168976,0.23096065434954052,0.7181600388187698
25617,LOF,0.08304287934004954,0.05711234993636144,0.8598447707235889
25618,LOF,0.07577710747252846,0.20746898000127506,0.7167539125261965
25619,LOF,0.11286982185974723,0.10137478409750518,0.7857553940427475
25620,LOF,0.04944199135352872,0.11601263114989374,0.8345453774965775
25621,LOF,0.43720712681590473,0.024390653396300345,0.5384022197877949
25622,LOF,0.4259407019864288,0.061629095112130855,0.5124302029014404
25623,Neutral,0.5037217738351404,0.09593683569568706,0.40034139046917255
25624,LOF,0.0410473845515344,0.17733512932936604,0.7816174861190995
25625,LOF,0.4198164642783957,0.0517675318509731,0.5284160038706311
25626,Neutral,0.6525449891835464,0.053118786550384274,0.2943362242660694
25627,LOF,0.028466566632199132,0.444423994440329,0.527109438927472
25628,LOF,0.311780660156794,0.13253115189163583,0.55568818795157
25629,Neutral,0.6936925352497986,0.06378377077504363,0.24252369397515777
25630,LOF,0.05659929752274611,0.2343147872602193,0.7090859152170346
25631,Neutral,0.5216592977512965,0.24101930131341423,0.23732140093528928
25632,LOF,0.39186708783439145,0.04109927810931269,0.5670336340562958
25633,GOF,0.32781142425780246,0.354609190708556,0.3175793850336415
25634,Neutral,0.6970551292899757,0.06826992016966965,0.23467495054035462
25635,LOF,0.0658591475851959,0.09342325353351875,0.8407175988812853
25636,GOF,0.05807395982215822,0.691613510730263,0.2503125294475788
25637,LOF,0.04326501441888778,0.44229376905460926,0.514441216526503
25638,GOF,0.019581112517704433,0.7847214627422571,0.1956974247400384
25639,LOF,0.04266809104730507,0.4654178135673265,0.49191409538536834
25640,GOF,0.12449606002401592,0.7769298557877398,0.09857408418824437
25641,LOF,0.05946492150932529,0.35183833287382293,0.5886967456168518
25642,Neutral,0.6243774957142878,0.12451166021887625,0.2511108440668359
25643,LOF,0.36557196877440534,0.033835186667913145,0.6005928445576815
25644,GOF,0.10356366012514404,0.5603615196222902,0.3360748202525659
25645,GOF,0.023125099353881642,0.6388400981307032,0.3380348025154152
25646,LOF,0.028799332559726224,0.3768449949233924,0.5943556725168814
25647,GOF,0.062479370195358035,0.5275458830988813,0.40997474670576073
25648,GOF,0.043588183332359344,0.7018327261347586,0.25457909053288197
25649,GOF,0.03104304956175934,0.669836809823196,0.2991201406150445
25650,GOF,0.07063779299375629,0.6676989004635394,0.26166330654270425
25651,GOF,0.02222850360220874,0.6222720242193952,0.35549947217839606
25652,LOF,0.06847503082106919,0.19420947523088994,0.7373154939480409
25653,LOF,0.06701395299465016,0.4523965727397155,0.4805894742656343
25654,GOF,0.07876910487547312,0.6300051689015779,0.291225726222949
25655,GOF,0.05008661573292508,0.6929114177661742,0.25700196650090085
25656,GOF,0.025193515706057667,0.5221942103771776,0.45261227391676473
25657,Neutral,0.6294844663256259,0.034886852134878944,0.33562868153949516
25658,GOF,0.04387817512287832,0.5360207631673389,0.42010106170978284
25659,LOF,0.16903552450625603,0.21711405173391674,0.6138504237598272
25660,LOF,0.12980904379136948,0.16166650169982502,0.7085244545088055
25661,LOF,0.08915694169648443,0.08337151559640334,0.8274715427071123
25662,LOF,0.04873614531206801,0.09557952510260703,0.855684329585325
25663,LOF,0.06925063645934613,0.09958107763354729,0.8311682859071066
25664,LOF,0.21637267991788725,0.19072907052316942,0.5928982495589433
25665,Neutral,0.630537927967078,0.09260837533131092,0.2768536967016111
25666,LOF,0.33451004778841886,0.09038256905950692,0.5751073831520741
25667,LOF,0.042043623682498726,0.08625059142350115,0.8717057848940002
25668,LOF,0.04390933978863042,0.07373789409098594,0.8823527661203837
25669,LOF,0.03877459479811573,0.13683667013495046,0.8243887350669338
25670,LOF,0.43073373908128343,0.07788148741685524,0.4913847735018612
25671,LOF,0.059242651654144385,0.14019511510861024,0.8005622332372453
25672,Neutral,0.6309108625562838,0.07345095048415515,0.29563818695956096
25673,LOF,0.23793300279691104,0.12941780812054715,0.6326491890825418
25674,LOF,0.36180862213487797,0.10794884666375869,0.5302425312013633
25675,LOF,0.3617517317361081,0.08690446742595405,0.5513438008379379
25676,LOF,0.05165084947731704,0.10817695278185209,0.8401721977408309
25677,LOF,0.06949420088482096,0.10418859989792931,0.8263171992172497
25678,Neutral,0.5810880000927102,0.0960929640581846,0.3228190358491052
25679,Neutral,0.5869230425096398,0.08905373409152374,0.32402322339883655
25680,LOF,0.10625279542569542,0.14017873535167535,0.7535684692226291
25681,LOF,0.11198390702138553,0.13001204653767634,0.7580040464409381
25682,LOF,0.0645386441215196,0.13570507913759988,0.7997562767408805
25683,LOF,0.37807316386848655,0.10924150866380185,0.5126853274677116
25684,LOF,0.10886260156665432,0.19093316885589406,0.7002042295774515
25685,Neutral,0.5809090049241066,0.07887271944965879,0.3402182756262347
25686,LOF,0.06554404912709744,0.3224527440521152,0.6120032068207873
25687,LOF,0.10222528444442307,0.36375677954439384,0.5340179360111832
25688,LOF,0.029778026187818638,0.2833436222919808,0.6868783515202006
25689,LOF,0.03232709356918833,0.26724785000020346,0.7004250564306083
25690,LOF,0.016767043285569244,0.4799537966295512,0.5032791600848795
25691,GOF,0.04550161477081455,0.5208401335691529,0.4336582516600325
25692,Neutral,0.5345807011090069,0.086956108007945,0.37846319088304814
25693,GOF,0.10108708127085222,0.6228346039766275,0.27607831475252026
25694,LOF,0.3809627002834009,0.031745995495368134,0.5872913042212309
25695,LOF,0.1898190258393876,0.0701853955390114,0.7399955786216011
25696,Neutral,0.5992400230993584,0.05013290068672165,0.3506270762139199
25697,Neutral,0.47496008316397686,0.19355792079865167,0.33148199603737144
25698,GOF,0.053019773726644286,0.757536332794331,0.18944389347902474
25699,GOF,0.052899649620530495,0.6128003867327425,0.334299963646727
25700,LOF,0.05555595302962249,0.10482903587644136,0.8396150110939362
25701,GOF,0.03172295756745229,0.580148741298534,0.3881283011340138
25702,GOF,0.11732758774497207,0.6888276971879418,0.19384471506708612
25703,LOF,0.4425909439716561,0.07607870787412682,0.4813303481542172
25704,LOF,0.0533544937861003,0.24282544439810852,0.7038200618157912
25705,LOF,0.10914276306879774,0.16055841050680084,0.7302988264244015
25706,GOF,0.03951200338277302,0.6942738961026816,0.26621410051454536
25707,LOF,0.0245066460839933,0.41626807816467376,0.559225275751333
25708,LOF,0.031092261026689598,0.450198119496797,0.5187096194765133
25709,LOF,0.06153547386939318,0.10307242446270597,0.8353921016679008
25710,LOF,0.4036822762616967,0.14368553634018646,0.4526321873981169
25711,LOF,0.08607015434561306,0.13136993698030733,0.7825599086740797
25712,Neutral,0.6318924090553483,0.06745723125157915,0.30065035969307263
25713,LOF,0.06601363930656949,0.15533941811476487,0.7786469425786657
25714,LOF,0.056858501177608184,0.3281808482806188,0.614960650541773
25715,LOF,0.04664644372520391,0.2838958826544712,0.6694576736203249
25716,LOF,0.4184374447914915,0.05482613386745925,0.5267364213410493
25717,Neutral,0.44924948317761776,0.16016100722103954,0.39058950960134264
25718,LOF,0.04461753025423008,0.12822619386847134,0.8271562758772987
25719,LOF,0.0995679185897394,0.1216365725771221,0.7787955088331385
25720,LOF,0.05513188295701006,0.1378607075164226,0.8070074095265674
25721,LOF,0.04249988790991178,0.08485865388525105,0.8726414582048372
25722,LOF,0.052430510460160916,0.11796823322905278,0.8296012563107864
25723,LOF,0.09186814818215093,0.13415896027503862,0.7739728915428105
25724,LOF,0.06342698490103617,0.18622970857253757,0.7503433065264262
25725,LOF,0.12582752550139237,0.09435206638581005,0.7798204081127976
25726,LOF,0.051711900091550404,0.16821753846787654,0.780070561440573
25727,LOF,0.09504336512145956,0.06947558741289443,0.835481047465646
25728,LOF,0.03255233884670559,0.20533144993201832,0.762116211221276
25729,LOF,0.04340989855295518,0.17146949366412476,0.78512060778292
25730,LOF,0.03795299163024479,0.20711910849355425,0.7549278998762009
25731,LOF,0.33480654021688155,0.057133554598254935,0.6080599051848634
25732,LOF,0.05758444048017895,0.07844366034280016,0.8639718991770209
25733,LOF,0.03239618673419687,0.3650032411374471,0.602600572128356
25734,LOF,0.36095168286803303,0.06544469394887505,0.573603623183092
25735,LOF,0.04306539029050327,0.09399435792612106,0.8629402517833756
25736,LOF,0.05052608375498947,0.15533068650794707,0.7941432297370634
25737,LOF,0.10135143468913783,0.12698946365751945,0.7716591016533427
25738,LOF,0.09101161787374226,0.1716152986986441,0.7373730834276137
25739,LOF,0.04544753105322477,0.18957456948540757,0.7649778994613676
25740,LOF,0.07777327610411566,0.15349295175717242,0.768733772138712
25741,LOF,0.09608856600617177,0.12124101535170374,0.7826704186421244
25742,LOF,0.1077043585121258,0.16658354034972833,0.7257121011381459
25743,LOF,0.2788208769355901,0.0859361858257525,0.6352429372386573
25744,GOF,0.05469684917458779,0.6432713004288396,0.3020318503965726
25745,GOF,0.029957465727291698,0.7074042823918504,0.26263825188085804
25746,GOF,0.05840602645482949,0.5768283236183052,0.3647656499268655
25747,LOF,0.04789580507457337,0.11694621464721011,0.8351579802782164
25748,LOF,0.22509675411104482,0.29625985077477945,0.47864339511417564
25749,GOF,0.035219160114060816,0.5861965808051027,0.3785842590808365
25750,GOF,0.05063647355670749,0.5286331930598566,0.420730333383436
25751,LOF,0.053708189004221675,0.22462320369731875,0.7216686072984595
25752,GOF,0.24922198663801268,0.3973187661377883,0.3534592472241991
25753,LOF,0.299438172932736,0.12067283376332592,0.5798889933039381
25754,GOF,0.03624314481117619,0.7230161718123908,0.2407406833764331
25755,LOF,0.2552292779354673,0.19122469818009655,0.5535460238844361
25756,Neutral,0.6726568262748124,0.05932072285248518,0.2680224508727025
25757,GOF,0.04517965857664747,0.6451763274194259,0.3096440140039267
25758,GOF,0.032309604758672734,0.7136854097528941,0.2540049854884333
25759,GOF,0.020595130038815142,0.6511335574743186,0.3282713124868662
25760,LOF,0.2508881041383095,0.11141713904675589,0.6376947568149346
25761,GOF,0.020759157260601672,0.7376528521151446,0.2415879906242536
25762,Neutral,0.6970551292899757,0.06826992016966965,0.23467495054035462
25763,LOF,0.2995827885084102,0.10538512417025696,0.5950320873213328
25764,GOF,0.2646287189273725,0.41484930107255313,0.32052198000007437
25765,GOF,0.025664340490013978,0.6559836521421634,0.3183520073678227
25766,GOF,0.04892137538379976,0.626762525063837,0.32431609955236335
25767,GOF,0.04021703786204923,0.7500565965088634,0.20972636562908736
25768,LOF,0.041307007613553375,0.2758030356247698,0.6828899567616769
25769,LOF,0.047231160670436666,0.2385736838641712,0.7141951554653921
25770,Neutral,0.6254650688544771,0.05941060960100269,0.3151243215445202
25771,LOF,0.2272143028569537,0.09677139530340723,0.6760143018396392
25772,LOF,0.06447179674108862,0.10272091988130322,0.8328072833776081
25773,LOF,0.4316038558136495,0.08526318574896732,0.48313295843738324
25774,Neutral,0.6702662961061345,0.07729263865563787,0.2524410652382277
25775,LOF,0.26030666479417147,0.08853659870196112,0.6511567365038674
25776,LOF,0.0409399469860877,0.11536703073094193,0.8436930222829704
25777,Neutral,0.6433454341867587,0.06347179382880863,0.2931827719844326
25778,LOF,0.06649111298844453,0.1411628968491347,0.7923459901624208
25779,GOF,0.1634471977042586,0.6413881189594822,0.19516468333625922
25780,GOF,0.05532011614459878,0.7732553609019234,0.17142452295347774
25781,GOF,0.14353327915562197,0.6448985424126181,0.21156817843175996
25782,GOF,0.05722927578168377,0.612284443192349,0.33048628102596733
25783,GOF,0.2874428443990385,0.5241397765342282,0.1884173790667333
25784,GOF,0.17607313301862912,0.6810678743208397,0.1428589926605311
25785,GOF,0.09161770636747447,0.7764211910085949,0.1319611026239306
25786,GOF,0.05870579822883105,0.6337820109701399,0.3075121908010291
25787,GOF,0.0566393951467269,0.540394539253686,0.4029660655995871
25788,LOF,0.06986525808227655,0.12467642659693495,0.8054583153207885
25789,GOF,0.055783283460928236,0.7696670485086952,0.1745496680303767
25790,GOF,0.043588054317912434,0.6758751399103915,0.2805368057716961
25791,GOF,0.03122712784230483,0.6976515215495515,0.2711213506081438
25792,GOF,0.03128557131042309,0.6897259456541047,0.27898848303547225
25793,GOF,0.032061774196547536,0.6990137498636659,0.2689244759397865
25794,GOF,0.08017314486013513,0.7389579851529026,0.18086886998696244
25795,GOF,0.11982833041103436,0.5960650516306504,0.2841066179583153
25796,GOF,0.09054143053961222,0.6015590469203586,0.30789952254002934
25797,GOF,0.06336130518216532,0.614782747525891,0.3218559472919436
25798,GOF,0.08760367530481249,0.7107654523696254,0.20163087232556215
25799,GOF,0.10394204656099329,0.7731818707550517,0.12287608268395497
25800,GOF,0.09284831240936309,0.8029451136132983,0.10420657397733851
25801,GOF,0.08935638758911123,0.7715507437167047,0.13909286869418408
25802,GOF,0.08294227496611525,0.7634531363053592,0.15360458872852553
25803,GOF,0.044333999758047686,0.7273356007552042,0.22833039948674816
25804,GOF,0.08852449897378199,0.6323169818332125,0.27915851919300555
25805,GOF,0.05701768244865204,0.781725275668129,0.16125704188321893
25806,GOF,0.0538470830050107,0.7979059062371616,0.1482470107578277
25807,GOF,0.07601774768884287,0.734759342760988,0.18922290955016924
25808,GOF,0.07128910373707553,0.8099844156812899,0.11872648058163472
25809,GOF,0.07853892361378673,0.7751239997477286,0.14633707663848466
25810,GOF,0.07319262730826208,0.7868042917995345,0.1400030808922034
25811,GOF,0.06552789478269913,0.5453957582954061,0.38907634692189474
25812,GOF,0.06380556732619486,0.7249307237922952,0.21126370888151005
25813,GOF,0.060157570189344686,0.7421936576048946,0.19764877220576083
25814,GOF,0.08851212424854692,0.7359264067180415,0.1755614690334114
25815,GOF,0.04765303191631605,0.7503544062039537,0.20199256187973022
25816,GOF,0.04965492332462341,0.8330075953747023,0.11733748130067437
25817,GOF,0.04405690448459053,0.6444229508168956,0.31152014469851397
25818,GOF,0.04380585307978288,0.6214303620510695,0.33476378486914754
25819,GOF,0.07322714052925787,0.7330831374923099,0.19368972197843218
25820,GOF,0.07676222574125696,0.7328782429094383,0.1903595313493049
25821,GOF,0.08071552285061435,0.7228836441716213,0.1964008329777643
25822,GOF,0.11673063527418888,0.6903280885764554,0.1929412761493556
25823,GOF,0.18295099829959455,0.5234462871308913,0.29360271456951414
25824,GOF,0.12393438218742531,0.7188216703083955,0.15724394750417925
25825,GOF,0.11956551901508487,0.7235663826330628,0.15686809835185234
25826,GOF,0.12393438218742531,0.7188216703083955,0.15724394750417925
25827,GOF,0.06082878935444155,0.8104899755954563,0.128681235050102
25828,GOF,0.056944690771316316,0.79789922665008,0.14515608257860377
25829,LOF,0.45785939785218543,0.03927198715044646,0.5028686149973681
25830,LOF,0.058430547668576006,0.11637878401607912,0.8251906683153448
25831,GOF,0.03814077098802353,0.6713566680101712,0.2905025610018053
25832,GOF,0.09277320171553463,0.6053234982956363,0.30190329998882914
25833,GOF,0.08689549315013875,0.6155019389847907,0.29760256786507067
25834,GOF,0.08471272488491934,0.5793511481264383,0.3359361269886424
25835,GOF,0.08957652095642128,0.6462028486468002,0.2642206303967785
25836,GOF,0.08579608578622189,0.636740451719824,0.2774634624939542
25837,GOF,0.09902647657000764,0.5875103023216494,0.313463221108343
25838,GOF,0.10001062135163793,0.5818059767411692,0.31818340190719285
25839,GOF,0.13549546150654,0.596223312984237,0.2682812255092229
25840,GOF,0.08103630069326807,0.7033374775788784,0.21562622172785353
25841,GOF,0.08156833184903174,0.6976382912522971,0.2207933768986713
25842,GOF,0.05130163747883986,0.698772552458971,0.24992581006218903
25843,GOF,0.05259078712243681,0.6947791509053077,0.2526300619722555
25844,GOF,0.06193196021707004,0.612266477324588,0.32580156245834185
25845,GOF,0.06604522948298998,0.6303612791107421,0.3035934914062679
25846,GOF,0.061080901559357706,0.6119951897032232,0.32692390873741906
25847,GOF,0.07265582475861677,0.6382409416286392,0.289103233612744
25848,GOF,0.059146259386659863,0.7166628154887511,0.224190925124589
25849,GOF,0.056244737721120805,0.7167458491542457,0.2270094131246335
25850,GOF,0.13471062943469775,0.5726885929670907,0.29260077759821157
25851,GOF,0.1441066809389465,0.5510038217291622,0.30488949733189136
25852,GOF,0.11580323121822013,0.6162719329457673,0.2679248358360126
25853,GOF,0.10360399236123953,0.646950379215715,0.2494456284230454
25854,GOF,0.07499631319122407,0.7572227362978695,0.1677809505109065
25855,GOF,0.08859802920866977,0.6908190886038656,0.22058288218746444
25856,GOF,0.08647469166139204,0.7030011428542781,0.21052416548433003
25857,GOF,0.09229226610857177,0.6977099454482194,0.20999778844320882
25858,GOF,0.08567025621908764,0.6391751342763058,0.27515460950460646
25859,GOF,0.08427833243737178,0.6443857978234199,0.2713358697392083
25860,GOF,0.08957252011356863,0.5706025557183789,0.3398249241680524
25861,GOF,0.07111778359479638,0.5729266243507626,0.35595559205444105
25862,GOF,0.05354212901779014,0.7604261728248359,0.18603169815737397
25863,GOF,0.058653542664031215,0.7299920505936898,0.21135440674227893
25864,GOF,0.0586246834483083,0.7809629572884645,0.16041235926322714
25865,GOF,0.07168149637493618,0.7940381396347821,0.1342803639902819
25866,GOF,0.06548413736137713,0.7992240041193764,0.13529185851924638
25867,GOF,0.06600802465319529,0.7977521155535483,0.13623985979325645
25868,GOF,0.052711462457269355,0.6798147868712827,0.2674737506714479
25869,GOF,0.05288946156867844,0.7249772631477404,0.2221332752835813
25870,LOF,0.05841577812744006,0.1501357679582947,0.7914484539142652
25871,GOF,0.04065725574242547,0.6390739511812317,0.3202687930763429
25872,GOF,0.04484779566913966,0.573806409704416,0.38134579462644425
25873,GOF,0.05821394981789662,0.6759245927220383,0.265861457460065
25874,LOF,0.0845021007577839,0.04995855566951567,0.8655393435727006
25875,GOF,0.09101509708700825,0.5678154462515204,0.34116945666147147
25876,Neutral,0.48820839403355787,0.09479483376477758,0.4169967722016646
25877,GOF,0.06509940882354918,0.6405392423617196,0.2943613488147313
25878,GOF,0.03329591301253466,0.7419605870619924,0.2247434999254729
25879,LOF,0.04381584273401444,0.36562854549598367,0.5905556117700018
25880,LOF,0.07623848712355721,0.07580151694571702,0.8479599959307258
25881,Neutral,0.6261435700769779,0.2944760869358397,0.07938034298718244
25882,LOF,0.23482931032314855,0.1684876767392043,0.5966830129376471
25883,LOF,0.0709191873559466,0.12925506516579888,0.7998257474782545
25884,LOF,0.3484502749051229,0.11003577610721607,0.541513948987661
25885,Neutral,0.49445260505315797,0.015991401316705647,0.48955599363013635
25886,Neutral,0.4450214916579864,0.19899714497035664,0.355981363371657
25887,GOF,0.21049805779791003,0.5785898593736938,0.21091208282839613
25888,GOF,0.05547857509423649,0.5437050210028409,0.40081640390292267
25889,LOF,0.21134308630492712,0.13398565420509728,0.6546712594899755
25890,LOF,0.23200116983800537,0.3197013964725731,0.4482974336894215
25891,LOF,0.2737588193763393,0.21173284842889464,0.5145083321947661
25892,LOF,0.01375893393624399,0.3757062357664622,0.6105348302972937
25893,LOF,0.4225623888921225,0.11828099396076526,0.45915661714711226
25894,LOF,0.4157833063955757,0.04695294547044898,0.5372637481339754
25895,LOF,0.47047992362048635,0.049054389469858,0.4804656869096555
25896,Neutral,0.6290966898216257,0.059583534462244396,0.3113197757161299
25897,LOF,0.26204442826694824,0.07179088562383144,0.6661646861092204
25898,GOF,0.046685754875283536,0.5591063580388004,0.39420788708591603
25899,LOF,0.298195905602372,0.19192533349682517,0.5098787609008028
25900,Neutral,0.8145444077686521,0.04557121354029542,0.1398843786910524
25901,LOF,0.08447965982967529,0.06613285821492197,0.8493874819554028
25902,LOF,0.4657572269271739,0.06265389598576168,0.4715888770870644
25903,LOF,0.2944036568310865,0.13442997638710133,0.5711663667818122
25904,Neutral,0.4450214916579864,0.19899714497035664,0.355981363371657
25905,LOF,0.07382358502210831,0.40867625063928176,0.5175001643386099
25906,LOF,0.3455108985095457,0.08878563851103434,0.56570346297942
25907,GOF,0.03599530800932124,0.5055316215564978,0.45847307043418106
25908,GOF,0.042376719041226085,0.6080405012949813,0.3495827796637927
25909,GOF,0.06000501930538866,0.4962048846022478,0.4437900960923635
25910,LOF,0.04549665358953983,0.3126104550366633,0.6418928913737969
25911,Neutral,0.6767203153455742,0.07846238032583308,0.24481730432859264
25912,LOF,0.47757434491379075,0.027775694654487426,0.49464996043172194
25913,LOF,0.020853384003773484,0.3152967827595788,0.6638498332366476
25914,LOF,0.04531782073792534,0.2537110753743918,0.7009711038876829
25915,GOF,0.08825160400267014,0.7260123568378755,0.18573603915945447
25916,GOF,0.06647923811545328,0.6156192332212395,0.31790152866330723
25917,Neutral,0.7501628521782153,0.060651283988550166,0.18918586383323466
25918,LOF,0.04812195135159575,0.09373420780175137,0.8581438408466527
25919,LOF,0.04716947041897252,0.039136251180866916,0.9136942784001605
25920,LOF,0.3449064809754434,0.293812283069246,0.3612812359553106
25921,LOF,0.25580279757403607,0.04398751951055193,0.700209682915412
25922,LOF,0.1874001620968072,0.06504635773650524,0.7475534801666875
25923,Neutral,0.4450214916579864,0.19899714497035664,0.355981363371657
25924,LOF,0.25000890898457795,0.21019658230680444,0.5397945087086176
25925,Neutral,0.6304243051633056,0.06514236850985157,0.3044333263268427
25926,Neutral,0.6812814281431853,0.07415746268821422,0.24456110916860058
25927,LOF,0.021717699771180026,0.388784666766446,0.5894976334623739
25928,LOF,0.25289862106646366,0.035557838983416544,0.7115435399501198
25929,Neutral,0.4450214916579864,0.19899714497035664,0.355981363371657
25930,LOF,0.042363605807711785,0.19343881085977527,0.7641975833325131
25931,LOF,0.4230314368895884,0.1034092653639929,0.4735592977464186
25932,LOF,0.08375836949793278,0.07143932008476965,0.8448023104172976
25933,LOF,0.0696418143673117,0.08383145495670032,0.8465267306759879
25934,LOF,0.08635323341221483,0.08134342990804562,0.8323033366797397
25935,Neutral,0.6702662961061345,0.07729263865563787,0.2524410652382277
25936,LOF,0.07955327433313136,0.07523830970998553,0.8452084159568831
25937,LOF,0.32428070559008376,0.14695823866689256,0.5287610557430238
25938,Neutral,0.6814165609448436,0.059750174975723234,0.25883326407943325
25939,LOF,0.07521400703658959,0.08012610512347039,0.8446598878399401
25940,GOF,0.04446441291844483,0.7960694195992323,0.15946616748232295
25941,Neutral,0.5041511930525802,0.06604725357885104,0.4298015533685688
25942,LOF,0.19977956455154156,0.1283844820787595,0.6718359533696988
25943,LOF,0.03043152146379037,0.394215048356798,0.5753534301794117
25944,LOF,0.01811912097494984,0.3345704890173279,0.6473103900077223
25945,LOF,0.03892999224656608,0.07761477639932145,0.8834552313541125
25946,LOF,0.4576873037408926,0.059457731431518696,0.4828549648275886
25947,Neutral,0.6971266884083589,0.0481904125721555,0.2546828990194855
25948,Neutral,0.49770539999128005,0.22732750417291842,0.2749670958358015
25949,LOF,0.41461908005809933,0.08984031116446957,0.49554060877743106
25950,GOF,0.03762218629699525,0.8136698606590166,0.14870795304398812
25951,GOF,0.02563780043439152,0.6647469294874803,0.3096152700781282
25952,GOF,0.22384722129440088,0.4669163576564071,0.309236421049192
25953,LOF,0.03376480909016664,0.439527900490575,0.5267072904192583
25954,GOF,0.05165164776620929,0.7557861745116625,0.19256217772212814
25955,GOF,0.01766414538781053,0.5684999336981593,0.4138359209140302
25956,GOF,0.03906637892991121,0.6262711437433713,0.33466247732671744
25957,Neutral,0.6812170095641563,0.03392596764090426,0.28485702279493946
25958,LOF,0.08073516841963044,0.13699352805123846,0.782271303529131
25959,LOF,0.023759534583722923,0.39770413285138706,0.57853633256489
25960,LOF,0.21732842122845702,0.07211725433543888,0.7105543244361041
25961,LOF,0.04696421350179782,0.22220566586951232,0.7308301206286899
25962,LOF,0.38659155622154934,0.05553083937876375,0.5578776043996869
25963,LOF,0.07895893616622128,0.27884041707307383,0.6422006467607049
25964,LOF,0.08465943186151681,0.2121162174834744,0.7032243506550088
25965,GOF,0.11961945554475527,0.6301494470434844,0.2502310974117604
25966,Neutral,0.4450214916579864,0.19899714497035664,0.355981363371657
25967,LOF,0.3932969009383817,0.051703737418627264,0.554999361642991
25968,GOF,0.3243958226035127,0.4141821496182722,0.26142202777821516
25969,Neutral,0.5599431478911604,0.04658055070898422,0.39347630139985545
25970,Neutral,0.4397006391149997,0.14950837519479096,0.41079098569020944
25971,LOF,0.12629631952539713,0.12026724092839601,0.7534364395462068
25972,LOF,0.11076743072707904,0.12974066882203095,0.7594919004508901
25973,LOF,0.41002308912463226,0.023564076957435478,0.5664128339179323
25974,GOF,0.08316507240049158,0.5615027753288825,0.35533215227062587
25975,LOF,0.066090717304822,0.02713356823319183,0.9067757144619861
25976,LOF,0.3296656922128833,0.01319578701196682,0.6571385207751499
25977,Neutral,0.4851342978108955,0.07203739098059099,0.44282831120851346
25978,LOF,0.15094988613036137,0.17227578520652745,0.6767743286631112
25979,LOF,0.08682899426816204,0.17061082935765906,0.7425601763741788
25980,LOF,0.21118843781127639,0.3625084447096775,0.4263031174790461
25981,GOF,0.2184801380253707,0.4401263643724593,0.3413934976021701
25982,LOF,0.1572500908217604,0.3057991725451646,0.536950736633075
25983,LOF,0.10904678337351661,0.29905044911094936,0.591902767515534
25984,LOF,0.046086287472542065,0.22349025962177524,0.7304234529056827
25985,Neutral,0.5668270014639908,0.2877438882006658,0.1454291103353434
25986,GOF,0.03373363681002671,0.5769536277960674,0.3893127353939058
25987,LOF,0.29602698288485935,0.2648524833217709,0.43912053379336974
25988,LOF,0.03635375160151681,0.3095085977465215,0.6541376506519617
25989,LOF,0.04351345962729838,0.349371763480287,0.6071147768924147
25990,LOF,0.03876881445919412,0.3897953697428458,0.5714358157979601
25991,GOF,0.11676391166059066,0.5717580130268702,0.3114780753125392
25992,LOF,0.08835563954699978,0.33086151189484186,0.5807828485581583
25993,LOF,0.05599322053498146,0.03375816362022209,0.9102486158447963
25994,LOF,0.09279554237843463,0.03781145530434437,0.8693930023172209
25995,LOF,0.053963308128292205,0.05095522487135001,0.8950814670003577
25996,GOF,0.315581853891494,0.41006530573676087,0.274352840371745
25997,GOF,0.18427871442315902,0.5199885919147058,0.2957326936621351
25998,LOF,0.3498035765520034,0.18460041905543237,0.4655960043925644
25999,LOF,0.02232132064738886,0.3726152869123513,0.6050633924402599
26000,LOF,0.2623737428450618,0.08872785802167216,0.648898399133266
26001,LOF,0.15492310620837024,0.15787137374349336,0.6872055200481364
26002,LOF,0.3657103755053297,0.053499422626880865,0.5807902018677894
26003,GOF,0.0583037219334667,0.6854681888867904,0.25622808917974277
26004,GOF,0.08883987904031228,0.7273676856722018,0.18379243528748596
26005,GOF,0.03364619697551318,0.8167128581188087,0.14964094490567817
26006,GOF,0.04383609774665193,0.7319258394548459,0.2242380627985021
26007,GOF,0.0286039692686562,0.765979879198268,0.20541615153307569
26008,GOF,0.07599015976314502,0.7936036747367043,0.13040616550015055
26009,GOF,0.03844966152111608,0.8637714165477247,0.0977789219311592
26010,GOF,0.03426183912635396,0.7894972589477243,0.17624090192592168
26011,GOF,0.03656628614837935,0.6582906193851182,0.30514309446650245
26012,GOF,0.041835035424785325,0.7342479937369089,0.22391697083830583
26013,GOF,0.043981850739066915,0.6706383543379009,0.2853797949230322
26014,LOF,0.4608032895738111,0.024672920239394575,0.5145237901867943
26015,LOF,0.29615575180097886,0.1419581796762324,0.5618860685227887
26016,LOF,0.22056480287532126,0.13872337029222592,0.6407118268324528
26017,LOF,0.04132174658205938,0.3488789093233314,0.6097993440946092
26018,LOF,0.036802285286664786,0.31168025114817627,0.6515174635651589
26019,LOF,0.043540166967974386,0.1132199792065014,0.8432398538255241
26020,LOF,0.023791601342160112,0.4486419026920894,0.5275664959657504
26021,LOF,0.24674027017529102,0.15775754072595205,0.595502189098757
26022,LOF,0.21165680282875238,0.07505901321450162,0.7132841839567461
26023,LOF,0.04801490512407453,0.10729809803223489,0.8446869968436905
26024,LOF,0.09693578071484987,0.13087233675058174,0.7721918825345684
26025,LOF,0.0441243548270934,0.29187440148971416,0.6640012436831925
26026,LOF,0.04310334701067002,0.3418020636102347,0.6150945893790952
26027,LOF,0.06726339566219537,0.1145934693750235,0.8181431349627811
26028,GOF,0.09632223064732047,0.48347282138525377,0.42020494796742586
26029,GOF,0.05282046161282402,0.7255635736598915,0.22161596472728431
26030,Neutral,0.6051758351235352,0.06908142394166739,0.3257427409347973
26031,GOF,0.02638707868718504,0.7213255604676071,0.2522873608452079
26032,LOF,0.0701491947845697,0.16298305972621727,0.7668677454892131
26033,LOF,0.05419750220328536,0.19716091200876354,0.7486415857879511
26034,GOF,0.027087808301277234,0.6329528634069244,0.3399593282917984
26035,GOF,0.02320805052929156,0.7187983131847226,0.2579936362859858
26036,GOF,0.021277953805960138,0.6530378395941536,0.3256842065998862
26037,GOF,0.028458207555050827,0.5524821770041434,0.4190596154408057
26038,LOF,0.04935556765078743,0.14828163796681249,0.8023627943824001
26039,GOF,0.025324643825180772,0.5551413409431419,0.4195340152316774
26040,LOF,0.04432551764575285,0.16257973716212265,0.7930947451921245
26041,GOF,0.03549926309699916,0.6229394199207275,0.3415613169822733
26042,GOF,0.03151970849213523,0.6238307464202107,0.344649545087654
26043,LOF,0.03668816327206696,0.2538099365015927,0.7095019002263403
26044,LOF,0.24239160944251595,0.16543497610875493,0.5921734144487291
26045,GOF,0.03220185487184922,0.7258924531400286,0.24190569198812212
26046,LOF,0.040499926451900016,0.30299355806637424,0.6565065154817258
26047,LOF,0.14226259955542686,0.1245847562227763,0.7331526442217968
26048,Neutral,0.4671599658651358,0.06621558496786843,0.4666244491669957
26049,Neutral,0.6166192515865956,0.14357382344357467,0.23980692496982975
26050,Neutral,0.6694539563461379,0.0877141144893829,0.24283192916447932
26051,LOF,0.053537267428235294,0.40752890037504064,0.5389338321967241
26052,LOF,0.09860091188590533,0.37484009459343826,0.5265589935206565
26053,Neutral,0.47482797000148447,0.05496288050999849,0.47020914948851705
26054,Neutral,0.6814165609448436,0.059750174975723234,0.25883326407943325
26055,Neutral,0.6814165609448436,0.059750174975723234,0.25883326407943325
26056,Neutral,0.6814165609448436,0.059750174975723234,0.25883326407943325
26057,LOF,0.08402611238122257,0.056463826294106574,0.8595100613246709
26058,LOF,0.08956545095145299,0.044704973275728616,0.8657295757728183
26059,Neutral,0.8307375237259339,0.060217877405975985,0.10904459886808998
26060,GOF,0.04660291266652672,0.5518449271706347,0.40155216016283857
26061,LOF,0.3100335840670684,0.032867333366513825,0.6570990825664178
26062,LOF,0.38980361028030136,0.09540982755224268,0.514786562167456
26063,LOF,0.06871386938210458,0.040777300445682806,0.8905088301722125
26064,LOF,0.38473559587564354,0.02076054348369504,0.5945038606406614
26065,LOF,0.04343941287962453,0.07102706775190484,0.8855335193684706
26066,LOF,0.07726389090476125,0.07618511217188759,0.8465509969233512
26067,LOF,0.08439373618080975,0.122216289031166,0.7933899747880243
26068,Neutral,0.6209546948808543,0.09276414147934421,0.28628116363980144
26069,Neutral,0.6067697739928223,0.08364945926413678,0.30958076674304086
26070,Neutral,0.6067697739928223,0.08364945926413678,0.30958076674304086
26071,LOF,0.06256300362767381,0.11401081371980047,0.8234261826525257
26072,LOF,0.33295278817898183,0.06070745480818447,0.6063397570128336
26073,LOF,0.06090889256237421,0.06796675280468074,0.8711243546329451
26074,Neutral,0.8162782649124131,0.05626331597058558,0.12745841911700148
26075,Neutral,0.6202039984652341,0.08405065448814653,0.29574534704661926
26076,LOF,0.05234318354379656,0.12573330640932384,0.8219235100468796
26077,Neutral,0.657184816071504,0.02508291933336451,0.31773226459513154
26078,LOF,0.33532162022900297,0.045762403861361316,0.6189159759096358
26079,Neutral,0.6709861652050787,0.08520130996200205,0.24381252483291913
26080,Neutral,0.6709861652050787,0.08520130996200205,0.24381252483291913
26081,LOF,0.05647161397942279,0.052914878301523374,0.8906135077190539
26082,LOF,0.3637407360536499,0.08658377169060343,0.5496754922557466
26083,LOF,0.039660773282991384,0.2544361594817007,0.7059030672353079
26084,LOF,0.046418795521428996,0.14845362214719804,0.8051275823313729
26085,LOF,0.03976055982685036,0.18776499406173186,0.7724744461114177
26086,LOF,0.04685929896866876,0.17157762581409375,0.7815630752172376
26087,LOF,0.057614086728046,0.16580882742388844,0.7765770858480655
26088,LOF,0.4100289022804845,0.10155239950052218,0.48841869821899325
26089,Neutral,0.6719592263729316,0.08659356500076461,0.24144720862630376
26090,Neutral,0.6719592263729316,0.08659356500076461,0.24144720862630376
26091,LOF,0.06890440441302872,0.06449316618770594,0.8666024293992655
26092,LOF,0.052527614533171375,0.09839422675273592,0.8490781587140929
26093,LOF,0.050247866866956994,0.07300365970231758,0.8767484734307254
26094,LOF,0.07715749923733273,0.08773240243855708,0.8351100983241101
26095,LOF,0.24488734813912133,0.13749383424660885,0.6176188176142697
26096,Neutral,0.5865177628983025,0.02328326061870316,0.3901989764829944
26097,LOF,0.3341841444988076,0.04347289502681231,0.62234296047438
26098,Neutral,0.6726568262748124,0.05932072285248518,0.2680224508727025
26099,LOF,0.03826176299485484,0.17677960671973497,0.7849586302854102
26100,LOF,0.03826176299485484,0.17677960671973497,0.7849586302854102
26101,LOF,0.04322219486883942,0.22236151319931458,0.7344162919318459
26102,LOF,0.05467962097554553,0.08179956351436288,0.8635208155100915
26103,Neutral,0.4450214916579864,0.19899714497035664,0.355981363371657
26104,Neutral,0.7126910236697794,0.091428103493432,0.19588087283678857
26105,LOF,0.33093354333613856,0.09107179672252481,0.5779946599413366
26106,Neutral,0.44473581545307983,0.24296210214800149,0.3123020823989188
26107,LOF,0.018948164821706453,0.3942483790893772,0.5868034560889163
26108,LOF,0.34298519855339704,0.21121687240448767,0.44579792904211524
26109,Neutral,0.5544577661287005,0.1792342530614999,0.26630798080979967
26110,LOF,0.4799290418521975,0.03958992701359527,0.4804810311342072
26111,LOF,0.04940431812262477,0.31736416815956614,0.6332315137178091
26112,LOF,0.08152298320796543,0.0464418618879745,0.87203515490406
26113,LOF,0.06580828195468859,0.05997410004460509,0.8742176180007064
26114,LOF,0.320657219949907,0.1370420425821695,0.5423007374679235
26115,GOF,0.02759198149960002,0.5637033280819079,0.40870469041849194
26116,LOF,0.11129333543320008,0.26937322996341667,0.6193334346033832
26117,Neutral,0.4450214916579864,0.19899714497035664,0.355981363371657
26118,LOF,0.04684343943689574,0.0956748824422616,0.8574816781208426
26119,LOF,0.012842462692387618,0.28366969419543026,0.7034878431121822
26120,LOF,0.07157264316224034,0.05631446531018244,0.8721128915275772
26121,LOF,0.03721520523614195,0.1681955996699519,0.7945891950939061
26122,LOF,0.016332993972297746,0.25181928772241097,0.7318477183052913
