feature0,prediction,LoGoFunc_Neutral,LoGoFunc_GOF,LoGoFunc_LOF
25546,Neutral,0.7367373857123903,0.03402944276812519,0.22923317151948436
25547,Neutral,0.5802243252562136,0.0727812079140642,0.3469944668297223
25548,Neutral,0.5932686698790944,0.052343074503283876,0.35438825561762166
25549,Neutral,0.5066034611734169,0.05239889907256747,0.4409976397540156
25550,LOF,0.36042941013467306,0.09737401611687495,0.542196573748452
25551,LOF,0.30880123742366744,0.10503226797028443,0.5861664946060481
25552,LOF,0.22447109951876487,0.09954671565548773,0.6759821848257473
25553,Neutral,0.8444578982883321,0.027492946691388867,0.12804915502027917
25554,LOF,0.2530333354231768,0.09662750523006336,0.6503391593467598
25555,LOF,0.20664582825668323,0.08489865787529663,0.7084555138680202
25556,LOF,0.4100191350100367,0.08561723793931625,0.5043636270506471
25557,LOF,0.20351230041930032,0.08862083297035234,0.7078668666103473
25558,LOF,0.2434024071613306,0.09861992273326135,0.6579776701054081
25559,LOF,0.3643867460728243,0.16696842769441347,0.46864482623276227
25560,LOF,0.04798642548334072,0.16592104312336237,0.786092531393297
25561,LOF,0.0924486462202811,0.168910852079737,0.7386405016999819
25562,LOF,0.1030054675413366,0.055857457250972124,0.8411370752076912
25563,LOF,0.09225763301769865,0.07629241792104668,0.8314499490612547
25564,LOF,0.21585588414043302,0.12355409968497162,0.6605900161745955
25565,LOF,0.15896014437245704,0.09816155963579039,0.7428782959917525
25566,GOF,0.01699595198121066,0.7610080890536307,0.2219959589651585
25567,LOF,0.013521021144611494,0.13833632496968634,0.8481426538857021
25568,LOF,0.053083967029758455,0.059914094245139875,0.8870019387251017
25569,LOF,0.06381640492786335,0.055911511354644,0.8802720837174925
25570,LOF,0.06313312394914634,0.09511061358146959,0.8417562624693841
25571,LOF,0.058220903116529894,0.0881076853961165,0.8536714114873536
25572,LOF,0.0707949144694874,0.11185562085790207,0.8173494646726105
25573,LOF,0.027709865877123034,0.08141530857655258,0.8908748255463242
25574,LOF,0.016320323785056882,0.1489325843073198,0.8347470919076233
25575,LOF,0.042414153467664695,0.10533689288615473,0.8522489536461806
25576,LOF,0.017975030149404676,0.1102101434677516,0.8718148263828437
25577,LOF,0.015197506311859576,0.1156163891397664,0.8691861045483741
25578,LOF,0.2481080452924318,0.0741355596339408,0.6777563950736274
25579,LOF,0.2488325973752884,0.07335354010958972,0.677813862515122
25580,LOF,0.03225873356836186,0.07282799603270383,0.8949132703989343
25581,LOF,0.057347241080048246,0.057561529383509356,0.8850912295364424
25582,LOF,0.05697977313001594,0.05616707793058448,0.8868531489393995
25583,LOF,0.04503427362925674,0.08474310111988176,0.8702226252508616
25584,Neutral,0.4538990760284817,0.10364361720653234,0.4424573067649859
25585,LOF,0.03664789165324312,0.09896887954609042,0.8643832288006664
25586,LOF,0.03085935663451484,0.06974335700414554,0.8993972863613395
25587,LOF,0.029273442657028286,0.06480464068795477,0.905921916655017
25588,LOF,0.03191278731241543,0.07937186574613046,0.8887153469414542
25589,Neutral,0.6155726332187799,0.119873506483652,0.26455386029756806
25590,LOF,0.0294686034201397,0.113769120221934,0.8567622763579263
25591,LOF,0.11405805127563894,0.050308822868083435,0.8356331258562776
25592,LOF,0.08598835275644616,0.12493079623803219,0.7890808510055216
25593,LOF,0.021490091219971242,0.24803548735679876,0.73047442142323
25594,LOF,0.04456898011130663,0.21121768198207694,0.7442133379066165
25595,LOF,0.05225706948604432,0.14676768354275946,0.8009752469711963
25596,LOF,0.05672607746973281,0.07583164707048823,0.867442275459779
25597,LOF,0.046062501497968304,0.09326687846087253,0.8606706200411591
25598,LOF,0.047345218714023016,0.1433952326368446,0.8092595486491323
25599,GOF,0.00949742417200422,0.7590844272708613,0.2314181485571344
25600,GOF,0.013519273315188625,0.5518428381363809,0.4346378885484305
25601,LOF,0.007057347819367441,0.4597333053716642,0.5332093468089683
25602,LOF,0.025306610864116168,0.041377593362616046,0.9333157957732677
25603,LOF,0.05888116304036065,0.028001894468097543,0.9131169424915417
25604,LOF,0.06356414582697364,0.031030398027385282,0.9054054561456412
25605,LOF,0.016372837399984966,0.22942290040445226,0.7542042621955627
25606,LOF,0.11671833374367935,0.4260565374819115,0.4572251287744091
25607,LOF,0.006548656385585728,0.15270205445538582,0.8407492891590285
25608,LOF,0.07195062787573502,0.04588735574252008,0.882162016381745
25609,LOF,0.03811835352454327,0.4085675336990172,0.5533141127764395
25610,LOF,0.041831650883985425,0.026754980125610534,0.9314133689904041
25611,LOF,0.04179101820316576,0.025639683874770444,0.9325692979220639
25612,LOF,0.10059484550627934,0.03419057682795102,0.8652145776657696
25613,LOF,0.08285477345160146,0.03529928413286862,0.8818459424155299
25614,LOF,0.03084686796445483,0.03740795706836381,0.9317451749671813
25615,LOF,0.058312461085031714,0.03355338447787842,0.9081341544370899
25616,LOF,0.03299709470495331,0.03396596033810124,0.9330369449569454
25617,LOF,0.030945024302225323,0.03643548041753653,0.9326194952802381
25618,LOF,0.17529518468960564,0.03327820300804366,0.7914266123023506
25619,LOF,0.029574012605120846,0.03225300686599908,0.9381729805288801
25620,LOF,0.034032937197155805,0.040907542759789826,0.9250595200430544
25621,LOF,0.03191268275339101,0.029123791285376895,0.9389635259612321
25622,LOF,0.0357676121480735,0.03515324875333925,0.9290791390985873
25623,LOF,0.07567299800122579,0.029134562615582893,0.8951924393831914
25624,LOF,0.02649097452124441,0.03971256171464755,0.9337964637641082
25625,LOF,0.036749680471350056,0.04403061270472517,0.9192197068239248
25626,LOF,0.08848043677506952,0.029285121230390412,0.88223444199454
25627,Neutral,0.5734590988529095,0.1296128593236805,0.2969280418234101
25628,LOF,0.1381870066765453,0.06853191691675435,0.7932810764067003
25629,LOF,0.0729963341206329,0.08053283631745453,0.8464708295619126
25630,LOF,0.14926532020822844,0.10362790395546712,0.7471067758363044
25631,Neutral,0.5320462326300821,0.09470796299449993,0.3732458043754179
25632,LOF,0.024802081559243502,0.05115649756305793,0.9240414208776986
25633,LOF,0.2209611265650219,0.05807143600998462,0.7209674374249935
25634,LOF,0.03466792920972488,0.09268932401863307,0.872642746771642
25635,LOF,0.03829819423485526,0.0673011770353562,0.8944006287297886
25636,GOF,0.005584068565851607,0.615092186666254,0.37932374476789454
25637,GOF,0.005455163757084651,0.5666159157584866,0.42792892048442865
25638,LOF,0.009675487550173572,0.44427252946199525,0.5460519829878311
25639,LOF,0.004800842129853653,0.43075650123072046,0.5644426566394259
25640,Neutral,0.5181408539209496,0.40970297690726887,0.07215616917178151
25641,LOF,0.008211497141547565,0.32637097393056586,0.6654175289278865
25642,LOF,0.2676336240823995,0.06162798859691538,0.6707383873206852
25643,LOF,0.250132623350288,0.16790035680369428,0.5819670198460177
25644,GOF,0.01594846657331012,0.6332146458307006,0.3508368875959892
25645,GOF,0.01497645157345548,0.6040426293688499,0.3809809190576947
25646,LOF,0.017417920971299877,0.4133339891797145,0.5692480898489856
25647,LOF,0.016276090551524375,0.3215785680667394,0.6621453413817362
25648,LOF,0.014738886540344838,0.33222059605290805,0.6530405174067472
25649,LOF,0.012906893133015003,0.2842525583833654,0.7028405484836198
25650,GOF,0.032197396475620525,0.6225000750920717,0.34530252843230774
25651,LOF,0.01068459592277057,0.3449068999594475,0.6444085041177819
25652,LOF,0.018964167299866472,0.3350293400392799,0.6460064926608536
25653,LOF,0.0797446015085299,0.44383024326794596,0.47642515522352397
25654,LOF,0.015476682445682267,0.2834718698314281,0.7010514477228897
25655,GOF,0.12820391026485264,0.44405657186140984,0.42773951787373765
25656,LOF,0.060208699189313805,0.07368992199710438,0.8661013788135818
25657,LOF,0.27588769412528213,0.03200637179418252,0.6921059340805353
25658,LOF,0.04024893882428798,0.08204293544008828,0.8777081257356237
25659,LOF,0.2661411554758032,0.05527732972644953,0.6785815147977472
25660,LOF,0.07409371901330913,0.10170229895032552,0.8242039820363652
25661,LOF,0.05221517557289755,0.07310278970026492,0.8746820347268376
25662,LOF,0.031073893851758388,0.04561408678892707,0.9233120193593145
25663,LOF,0.04182530930586817,0.07326279318925442,0.8849118975048773
25664,LOF,0.039329643743777065,0.08742693778437371,0.8732434184718493
25665,LOF,0.05830348306939388,0.04521118158058134,0.8964853353500248
25666,LOF,0.03815032853452966,0.13391080487024956,0.8279388665952208
25667,LOF,0.030848174870009726,0.057632934296286534,0.9115188908337037
25668,LOF,0.036762523475525284,0.06835691820577194,0.8948805583187027
25669,LOF,0.042968574202276136,0.10366653969915704,0.8533648860985668
25670,LOF,0.15821984165864963,0.059410263866078804,0.7823698944752715
25671,LOF,0.03883282187416074,0.05298352532518849,0.9081836528006508
25672,LOF,0.05638074666372669,0.06579891212336243,0.877820341212911
25673,LOF,0.04135689646262959,0.058641588846535045,0.9000015146908353
25674,LOF,0.032567266663599916,0.06855030865511284,0.8988824246812872
25675,LOF,0.042554620199906634,0.05220759459042815,0.9052377852096651
25676,LOF,0.03319227218062434,0.06031008365260155,0.9064976441667741
25677,LOF,0.060413966463229746,0.06595044927561287,0.8736355842611574
25678,LOF,0.2595816283266934,0.04637632106711169,0.6940420506061951
25679,LOF,0.151742004641156,0.06486999854863956,0.7833879968102045
25680,LOF,0.06386355847472763,0.09735752621569528,0.8387789153095772
25681,LOF,0.1148788157559934,0.08948600830680457,0.7956351759372021
25682,LOF,0.04673716068172895,0.07570260193053895,0.877560237387732
25683,LOF,0.07501684528185909,0.09246010188807488,0.832523052830066
25684,LOF,0.05399745117072037,0.07952517314000956,0.8664773756892702
25685,LOF,0.12426004902064625,0.036589598470589825,0.8391503525087639
25686,LOF,0.03664042572697647,0.09133413934415267,0.8720254349288709
25687,LOF,0.05913532512414031,0.08324917759561576,0.857615497280244
25688,LOF,0.02476124337357561,0.09759107735071612,0.8776476792757083
25689,LOF,0.018254452621257484,0.07029060116773665,0.9114549462110058
25690,LOF,0.017632336588675915,0.08176672527160776,0.9006009381397163
25691,LOF,0.15337638217375563,0.13760704920778327,0.7090165686184611
25692,LOF,0.23190279349230894,0.017570332717602916,0.7505268737900881
25693,LOF,0.05397039866817456,0.1382497802615425,0.8077798210702829
25694,LOF,0.2700137461989187,0.015131353030439266,0.714854900770642
25695,LOF,0.1669486429046431,0.022279839521649757,0.8107715175737072
25696,LOF,0.18106115541945,0.011625998546691932,0.807312846033858
25697,LOF,0.1304722291887384,0.026719945710559054,0.8428078251007025
25698,LOF,0.0297441742022701,0.3410824529007403,0.6291733728969896
25699,LOF,0.08294727490054661,0.0678067478925163,0.8492459772069372
25700,LOF,0.031873896608268726,0.01078732750672389,0.9573387758850075
25701,LOF,0.011896966980467619,0.06175921109036444,0.926343821929168
25702,GOF,0.03575939918936444,0.6982225921728175,0.26601800863781816
25703,LOF,0.019517717349520604,0.17974208030830696,0.8007402023421724
25704,LOF,0.08278907911032918,0.16237783357345276,0.7548330873162181
25705,LOF,0.06919574620376633,0.23526576932691515,0.6955384844693187
25706,GOF,0.04105534308034493,0.575442559046849,0.38350209787280615
25707,GOF,0.03469047167389893,0.5993017435512172,0.3660077847748838
25708,GOF,0.007936196491309075,0.5533615671636077,0.43870223634508315
25709,LOF,0.018407620612569644,0.079799667202952,0.9017927121844783
25710,LOF,0.007875715605550667,0.17178031156062906,0.8203439728338203
25711,LOF,0.0200889513358645,0.1389599905267595,0.840951058137376
25712,LOF,0.008678892542344486,0.23380329818078618,0.7575178092768693
25713,LOF,0.018587119970560707,0.11795265030975058,0.8634602297196886
25714,LOF,0.021069659789642613,0.16301223313476057,0.8159181070755969
25715,LOF,0.019768069470514002,0.14039566819326466,0.8398362623362213
25716,LOF,0.013488170413189966,0.12497836826231855,0.8615334613244916
25717,LOF,0.006256977726116671,0.12709841893234317,0.8666446033415401
25718,LOF,0.02053538747709385,0.09248175047840829,0.8869828620444978
25719,LOF,0.03522410597625792,0.10701075078246422,0.8577651432412778
25720,LOF,0.027092415834453706,0.09610161068345377,0.8768059734820924
25721,LOF,0.024016307721393727,0.10654077679639577,0.8694429154822106
25722,LOF,0.016277209425012852,0.14726064905710448,0.8364621415178826
25723,LOF,0.02192319718013358,0.09525009507957082,0.8828267077402957
25724,LOF,0.02523663482592548,0.17061813298845707,0.8041452321856175
25725,LOF,0.020588986223477934,0.08841281357215162,0.8909982002043704
25726,LOF,0.01620240438718371,0.12356284206530284,0.8602347535475134
25727,LOF,0.021325761737017054,0.11175665661286334,0.8669175816501197
25728,LOF,0.020473617929986962,0.11664155082697303,0.86288483124304
25729,LOF,0.01979478620775888,0.130178054501335,0.850027159290906
25730,LOF,0.021637813448984307,0.09209900908385404,0.8862631774671618
25731,LOF,0.01077304434507002,0.18641476426578965,0.8028121913891403
25732,LOF,0.019046820746598216,0.11534353017371066,0.8656096490796912
25733,LOF,0.02812108764479813,0.10661552335940686,0.8652633889957949
25734,LOF,0.007000197526074431,0.22785127767617033,0.7651485247977553
25735,LOF,0.021891135292118245,0.0874652851821112,0.8906435795257706
25736,LOF,0.02013769753763377,0.14307181740461095,0.8367904850577552
25737,LOF,0.03630506277582593,0.12152124542798712,0.8421736917961868
25738,LOF,0.020873740209091177,0.16744436660176748,0.8116818931891413
25739,LOF,0.023509616728743497,0.14655196182437946,0.829938421446877
25740,LOF,0.04961293639245222,0.16278987004915485,0.787597193558393
25741,LOF,0.026435724308973313,0.13671516076456364,0.8368491149264631
25742,LOF,0.04259992840294935,0.14171502482204537,0.8156850467750053
25743,LOF,0.01238061333311045,0.029492902479190265,0.9581264841876993
25744,LOF,0.16791621934905687,0.3712210110595867,0.4608627695913564
25745,LOF,0.035648629058842266,0.12605921005794493,0.8382921608832129
25746,LOF,0.014571975875836581,0.17362494211567275,0.8118030820084906
25747,LOF,0.030961608524762946,0.032731876232506424,0.9363065152427307
25748,LOF,0.28418423005778354,0.060932512351690754,0.6548832575905257
25749,LOF,0.013300610876603296,0.10429189023071284,0.8824074988926839
25750,LOF,0.01826408839015649,0.11140705548269114,0.8703288561271523
25751,LOF,0.038281052228134854,0.055213586771041,0.9065053610008241
25752,GOF,0.08965179738402601,0.6929723547378831,0.21737584787809092
25753,LOF,0.00648487834946929,0.39691326885053413,0.5966018527999966
25754,GOF,0.0067276779504611625,0.8525116096672425,0.14076071238229632
25755,LOF,0.007830089505030356,0.4424465776047237,0.549723332890246
25756,LOF,0.04896408569194475,0.4402298134727399,0.5108061008353153
25757,GOF,0.007486356406924137,0.8580450025801329,0.134468641012943
25758,GOF,0.008878578263553776,0.8683221245770943,0.1227992971593519
25759,GOF,0.005380184185409915,0.595842282203011,0.3987775336115791
25760,LOF,0.005645830346397427,0.31620425795950763,0.678149911694095
25761,GOF,0.0529833010933986,0.8490125494993179,0.09800414940728354
25762,LOF,0.027381719590152297,0.3707978383636001,0.6018204420462475
25763,LOF,0.006444291977828742,0.3079372356593893,0.685618472362782
25764,GOF,0.06941324482847643,0.6271242205476618,0.30346253462386175
25765,GOF,0.007924519081386671,0.8542606478595708,0.13781483305904252
25766,GOF,0.03753988997600817,0.8174505138800452,0.14500959614394665
25767,GOF,0.01025667856759557,0.5365962933810685,0.453147028051336
25768,LOF,0.036810298954302455,0.08310131835578481,0.8800883826899127
25769,LOF,0.024146941271537235,0.10029944777481681,0.875553610953646
25770,LOF,0.17155660421176389,0.07334808676676402,0.755095309021472
25771,LOF,0.015245388385979315,0.07443448246105941,0.9103201291529612
25772,LOF,0.023635317523708285,0.03773529417291719,0.9386293883033746
25773,LOF,0.020781532870492638,0.0722372761261479,0.9069811910033594
25774,LOF,0.030491706984180317,0.10624769616585897,0.8632605968499608
25775,LOF,0.024816606378806606,0.04699601724559135,0.9281873763756021
25776,LOF,0.025699106197127793,0.0332801631551109,0.9410207306477614
25777,LOF,0.2594846391605443,0.08184420914818083,0.6586711516912749
25778,LOF,0.018997072394268056,0.0718234947422505,0.9091794328634815
25779,GOF,0.038401290612350814,0.8954700638243446,0.0661286455633046
25780,GOF,0.07202345026826712,0.8773688046391084,0.05060774509262453
25781,GOF,0.03609503173575061,0.8730991155339402,0.09080585273030915
25782,GOF,0.03170336057594427,0.9076929195650041,0.060603719859051476
25783,GOF,0.027145184625743363,0.9150635684697653,0.05779124690449141
25784,GOF,0.0831960969732569,0.8762468747030897,0.04055702832365336
25785,GOF,0.06846711022960335,0.893264733693126,0.03826815607727052
25786,GOF,0.00798741619539093,0.892242571888407,0.09977001191620188
25787,GOF,0.17341104260174917,0.7849154349369856,0.04167352246126512
25788,LOF,0.014562685973250335,0.20422326904565635,0.7812140449810934
25789,GOF,0.019724227169691022,0.866589264218174,0.1136865086121352
25790,GOF,0.01898434057573253,0.8842574501411692,0.09675820928309843
25791,GOF,0.020843494921471046,0.8193897837145133,0.15976672136401565
25792,GOF,0.02451471094554785,0.841413156332706,0.13407213272174628
25793,GOF,0.06049018838861175,0.8556227234266227,0.08388708818476556
25794,GOF,0.05067676020316824,0.8037509674409941,0.14557227235583753
25795,GOF,0.04441438471682888,0.7864154009471768,0.16917021433599436
25796,GOF,0.08406151946530296,0.8260828995045323,0.08985558103016472
25797,GOF,0.06095661980091529,0.7842462030706863,0.15479717712839836
25798,GOF,0.004413761651449894,0.7772594954426717,0.2183267429058784
25799,GOF,0.003900796111230934,0.7325233288050392,0.26357587508372976
25800,GOF,0.021421553152181493,0.8387020096875818,0.13987643716023662
25801,GOF,0.016200501386021672,0.8973381616181114,0.08646133699586697
25802,GOF,0.02666668216718922,0.8411905609428443,0.13214275688996646
25803,GOF,0.01781227763508292,0.7353920083769021,0.246795713988015
25804,GOF,0.024325516183183137,0.7759073043666753,0.19976717945014166
25805,GOF,0.027577451706745006,0.8286477462748556,0.14377480201839943
25806,GOF,0.023746472869001434,0.8266943852590674,0.14955914187193112
25807,GOF,0.00731550456911494,0.7715709719880595,0.22111352344282556
25808,GOF,0.017507921454376955,0.7990306950346959,0.18346138351092714
25809,GOF,0.008708329790801498,0.7790781276277087,0.21221354258148978
25810,GOF,0.006993941175334031,0.7594864838719936,0.23351957495267245
25811,GOF,0.04124706744273623,0.8757634393002994,0.08298949325696439
25812,GOF,0.0255790588495219,0.8086217576133883,0.16579918353708975
25813,GOF,0.1173428682210812,0.8087363914013581,0.0739207403775607
25814,GOF,0.02623826548848018,0.8112095226630555,0.16255221184846447
25815,GOF,0.05113914210792534,0.8418200533044852,0.10704080458758947
25816,GOF,0.008599962372589812,0.8751642302240782,0.11623580740333216
25817,GOF,0.09468759235593437,0.8230557646371122,0.08225664300695348
25818,GOF,0.021934369814606183,0.8213530966323895,0.1567125335530043
25819,GOF,0.07087243463998272,0.7849030675210924,0.1442244978389248
25820,GOF,0.028996872797327607,0.7646046205894295,0.20639850661324285
25821,GOF,0.020779888251932728,0.7741233455325838,0.2050967662154835
25822,GOF,0.03702254129783194,0.768148797112621,0.19482866158954706
25823,GOF,0.023031010730454087,0.7421698702987891,0.23479911897075675
25824,GOF,0.02214846712335332,0.805028700483909,0.17282283239273774
25825,GOF,0.01837477523213448,0.7934168528152163,0.18820837195264917
25826,GOF,0.0071995132213425374,0.7487938573640474,0.24400662941460996
25827,GOF,0.01127411798234626,0.7136735877206605,0.27505229429699335
25828,GOF,0.00895225542835986,0.7399328330980587,0.2511149114735814
25829,GOF,0.00393008019185368,0.7042779986115651,0.29179192119658126
25830,LOF,0.03397206786296657,0.47379233251449704,0.4922355996225363
25831,GOF,0.0512022631535178,0.8038884850056066,0.1449092518408754
25832,GOF,0.007631151107981817,0.7765088828536453,0.21585996603837276
25833,GOF,0.030458408656788595,0.8272317959075787,0.14230979543563269
25834,GOF,0.008697791242255701,0.7948343980007302,0.1964678107570141
25835,GOF,0.021795604188308542,0.8530827854515982,0.12512161036009334
25836,GOF,0.006025740280445738,0.7894373072380566,0.20453695248149756
25837,GOF,0.0077039276390772305,0.7938949152387412,0.19840115712218154
25838,GOF,0.02030004746069059,0.8503600995464429,0.1293398529928665
25839,GOF,0.047685572397095394,0.8181148949194775,0.13419953268342702
25840,GOF,0.06805664816806922,0.8198438641933207,0.11209948763861025
25841,GOF,0.07131859013328612,0.8292291704624413,0.09945223940427257
25842,GOF,0.0263602183617756,0.8963330436280658,0.07730673801015858
25843,GOF,0.023041481550777503,0.8908833295800469,0.08607518886917552
25844,GOF,0.015836597526720484,0.8533806070454226,0.1307827954278568
25845,GOF,0.005957803314460574,0.7936099638961258,0.2004322327894137
25846,GOF,0.0591115276435583,0.8405716747924123,0.10031679756402932
25847,GOF,0.016244473955709403,0.9046581786926153,0.07909734735167531
25848,GOF,0.018883008135676387,0.8532358716454171,0.12788112021890644
25849,GOF,0.006707849187576013,0.8462935460766277,0.14699860473579643
25850,GOF,0.00544878997463609,0.7712732678512105,0.22327794217415334
25851,GOF,0.00508848673404381,0.7223283654669344,0.2725831477990219
25852,GOF,0.13180842066349735,0.6260790798440814,0.24211249949242136
25853,GOF,0.05820833074284429,0.8350642305819488,0.10672743867520684
25854,GOF,0.005433639614485455,0.7449256292758353,0.24964073110967927
25855,GOF,0.021871707594341747,0.6997621517294644,0.2783661406761939
25856,GOF,0.04130688748276997,0.8012965694321117,0.15739654308511838
25857,GOF,0.024115051383510357,0.7164491798722176,0.2594357687442721
25858,GOF,0.009194550250157052,0.7689478796060673,0.2218575701437756
25859,GOF,0.007494245665750483,0.76991082463905,0.22259492969519945
25860,GOF,0.07834084386647161,0.8205298422366217,0.10112931389690667
25861,GOF,0.08104423921280472,0.8197915288814398,0.09916423190575549
25862,GOF,0.019776796684645315,0.8877520854992021,0.09247111781615241
25863,GOF,0.021325731758204066,0.8739220770506771,0.1047521911911187
25864,GOF,0.053530550437791244,0.8909257455491871,0.05554370401302158
25865,GOF,0.0400952749470472,0.8556411957953685,0.10426352925758435
25866,GOF,0.0236611968016884,0.8743904800273039,0.10194832317100777
25867,GOF,0.04161939958767835,0.8729512755204346,0.08542932489188694
25868,GOF,0.059962620309818866,0.8326600292959064,0.1073773503942746
25869,GOF,0.34177878991987226,0.585970486304111,0.07225072377601681
25870,GOF,0.057664098541199804,0.580006067219716,0.36232983423908405
25871,GOF,0.0095009098045201,0.8674772792844697,0.12302181091101026
25872,GOF,0.019733047644810372,0.863997416363497,0.11626953599169246
25873,GOF,0.019207247986334487,0.8863917893611275,0.09440096265253807
25874,LOF,0.014937645299292566,0.23003360111403773,0.7550287535866698
25875,LOF,0.02936878690887354,0.051851627132943875,0.9187795859581824
25876,LOF,0.018106853449509044,0.03103737576126925,0.9508557707892218
25877,LOF,0.0994643161967126,0.07900110567184991,0.8215345781314375
25878,LOF,0.0659962217935507,0.1104338415541424,0.8235699366523068
25879,LOF,0.016463534345485382,0.08026476873713323,0.9032716969173814
25880,LOF,0.05773495239497252,0.013523320739291524,0.928741726865736
25881,LOF,0.46038697959904046,0.06589593846325939,0.47371708193770024
25882,LOF,0.06489347330709089,0.024006600549320647,0.9110999261435884
25883,LOF,0.027353869911927446,0.026917406519908385,0.9457287235681642
25884,LOF,0.01683250137752664,0.05314759962954715,0.9300198989929263
25885,LOF,0.1838499594933138,0.012419476518091346,0.8037305639885948
25886,LOF,0.27940429479158657,0.05269186578230498,0.6679038394261085
25887,LOF,0.11431992755868028,0.07018918162104991,0.8154908908202698
25888,LOF,0.008398278475434683,0.11570566760753885,0.8758960539170264
25889,LOF,0.021698109256465026,0.0371980611119023,0.9411038296316326
25890,LOF,0.15934986930264014,0.0803913284507144,0.7602588022466454
25891,LOF,0.11704575357380835,0.028853070405245117,0.8541011760209465
25892,LOF,0.009089217443583134,0.031967642289675566,0.9589431402667413
25893,LOF,0.3690233122166542,0.009279824654224611,0.6216968631291212
25894,LOF,0.4117380043604994,0.006576574528222971,0.5816854211112776
25895,LOF,0.3549469426540031,0.012481306456225548,0.6325717508897714
25896,LOF,0.07245184520567921,0.023964472688685855,0.903583682105635
25897,LOF,0.15516657990026647,0.009104145793190443,0.8357292743065431
25898,LOF,0.14246946980044672,0.03382334694672904,0.8237071832528243
25899,LOF,0.42376418183766773,0.02928035356679972,0.5469554645955326
25900,Neutral,0.5148287495686847,0.007302846803346115,0.47786840362796906
25901,LOF,0.06612428065748373,0.01015505116056392,0.9237206681819524
25902,LOF,0.18413498946631973,0.011108392838231285,0.8047566176954489
25903,LOF,0.38143178779335074,0.022813759037818113,0.5957544531688312
25904,Neutral,0.5339162750070621,0.03434876233843232,0.43173496265450567
25905,GOF,0.006216647511986994,0.5223858535590213,0.47139749892899163
25906,LOF,0.006757457018016851,0.11653697973967396,0.8767055632423091
25907,LOF,0.006438305563099254,0.3570060512942726,0.636555643142628
25908,LOF,0.006008018044070536,0.3379346702904213,0.6560573116655082
25909,LOF,0.02547553294533952,0.17525246287059554,0.7992720041840649
25910,LOF,0.012708394102503537,0.14214772489493008,0.8451438810025664
25911,LOF,0.2364225053976551,0.06077250593284187,0.702804988669503
25912,LOF,0.1076736005635373,0.03825787655016503,0.8540685228862976
25913,LOF,0.02820798863829629,0.04951278781871259,0.9222792235429912
25914,LOF,0.036311384427160136,0.03889497277597096,0.9247936427968689
25915,LOF,0.18291437255264065,0.14578483014737856,0.6713007972999808
25916,LOF,0.025635442533708818,0.08335168649871906,0.8910128709675721
25917,LOF,0.07448932746407845,0.03184198081737096,0.8936686917185506
25918,LOF,0.04250818219326588,0.023086007135791935,0.9344058106709421
25919,LOF,0.03870440551975226,0.02237184993246272,0.938923744547785
25920,Neutral,0.34112420118906445,0.3330588301057525,0.32581696870518295
25921,LOF,0.014309812734170984,0.036662579022437004,0.9490276082433919
25922,LOF,0.016065705973887342,0.03792219994676643,0.9460120940793463
25923,LOF,0.4256875382363272,0.03374701327155824,0.5405654484921146
25924,LOF,0.023894012612991036,0.051493273583883246,0.9246127138031257
25925,LOF,0.0900869329179276,0.045455651295342174,0.8644574157867302
25926,LOF,0.07121468799985373,0.04465679165704462,0.8841285203431017
25927,LOF,0.018753524044841204,0.0761695049853342,0.9050769709698245
25928,LOF,0.010474920710438129,0.04789777087948723,0.9416273084100746
25929,Neutral,0.5533427820077561,0.03214188738962847,0.4145153306026154
25930,LOF,0.0763734163794469,0.03397946040435466,0.8896471232161984
25931,LOF,0.012988031492873583,0.035770168084918445,0.9512418004222081
25932,LOF,0.0632511631519774,0.03358136385329355,0.9031674729947291
25933,LOF,0.060338170464349236,0.019568061507047013,0.9200937680286038
25934,LOF,0.05517368748894583,0.020557851758641162,0.924268460752413
25935,LOF,0.08257357097917147,0.05704757594751151,0.860378853073317
25936,LOF,0.09861159103149016,0.020943644260825997,0.8804447647076837
25937,LOF,0.019467539507206474,0.026614982359600664,0.9539174781331928
25938,LOF,0.08000304951023395,0.04684623214451796,0.8731507183452482
25939,LOF,0.048089612812935986,0.028839039610233447,0.9230713475768305
25940,LOF,0.00947908416523112,0.4563965154496902,0.5341244003850787
25941,LOF,0.46436680819551923,0.047765961588818455,0.4878672302156623
25942,LOF,0.009641132379937668,0.06116544250174606,0.9291934251183164
25943,LOF,0.04768166704570324,0.18598511646461632,0.7663332164896806
25944,LOF,0.04834287946420563,0.08276943619950448,0.8688876843362899
25945,LOF,0.10874543815175194,0.03799609679039985,0.8532584650578482
25946,LOF,0.06551960809136217,0.04709804002932709,0.8873823518793107
25947,Neutral,0.537558109450315,0.09664513742475697,0.36579675312492804
25948,LOF,0.40683012893352555,0.020750539860648145,0.5724193312058262
25949,LOF,0.16405684037375212,0.07586602591587976,0.760077133710368
25950,GOF,0.06321205840797228,0.5141577559858576,0.42263018560617016
25951,LOF,0.016715970627303664,0.3728011931044982,0.6104828362681981
25952,LOF,0.22352202662450932,0.24757130105124014,0.5289066723242505
25953,LOF,0.007856769919342234,0.224541693726413,0.7676015363542448
25954,LOF,0.06971006435517248,0.3585455620457122,0.5717443735991153
25955,LOF,0.006768832849260603,0.23458158695085732,0.758649580199882
25956,LOF,0.013495762903325778,0.3271591730508278,0.6593450640458465
25957,LOF,0.15651580496720557,0.03504006235818292,0.8084441326746115
25958,LOF,0.03224695342791719,0.06734445079755402,0.9004085957745287
25959,GOF,0.007321470418272286,0.7981100378842626,0.1945684916974651
25960,LOF,0.004825648850877478,0.1125949682558265,0.8825793828932961
25961,LOF,0.030971965532797834,0.05402142032644783,0.9150066141407545
25962,LOF,0.0535842893685288,0.07643698728413356,0.8699787233473377
25963,LOF,0.0066352354705290564,0.15164571482660844,0.8417190497028626
25964,LOF,0.027977873577971362,0.11002746179219905,0.8619946646298295
25965,LOF,0.24102293600100558,0.12031719551805092,0.6386598684809435
25966,LOF,0.39190048022004514,0.1183982469587211,0.4897012728212339
25967,LOF,0.008186950655664492,0.08792604329511121,0.9038870060492242
25968,LOF,0.03814304418151971,0.2439414766047049,0.7179154792137754
25969,LOF,0.18204931208955144,0.051049305742789805,0.7669013821676587
25970,LOF,0.06717611067579964,0.08211968152971072,0.8507042077944896
25971,LOF,0.07548627166009858,0.034088046205623224,0.8904256821342782
25972,LOF,0.06981269578635983,0.05932791505072617,0.8708593891629139
25973,LOF,0.06412083974379135,0.010633729946122949,0.9252454303100858
25974,LOF,0.03666726440703217,0.041524073281983744,0.9218086623109841
25975,LOF,0.04025442498070552,0.021257051774621387,0.9384885232446731
25976,LOF,0.08534802670276867,0.01079575324673814,0.9038562200504933
25977,LOF,0.2395336991588743,0.06680423965999994,0.6936620611811257
25978,LOF,0.17056603049180205,0.12103909794154281,0.7083948715666553
25979,LOF,0.14372420109998535,0.13482485073373168,0.721450948166283
25980,LOF,0.2383315994919961,0.17817685936295494,0.583491541145049
25981,LOF,0.23995688992724734,0.18097131370244865,0.5790717963703039
25982,LOF,0.42824461184066503,0.09902246776984243,0.47273292038949244
25983,LOF,0.43103234028855003,0.11676219020551129,0.4522054695059386
25984,LOF,0.04171687561213459,0.09355817556832342,0.864724948819542
25985,LOF,0.428970046191965,0.12211240739256601,0.44891754641546894
25986,LOF,0.011851970497639409,0.45203684194476407,0.5361111875575966
25987,LOF,0.04128997157844237,0.10465763433492686,0.8540523940866307
25988,LOF,0.03886191432788556,0.14716220967481625,0.8139758759972981
25989,LOF,0.044368663625761515,0.17667313879173152,0.7789581975825071
25990,LOF,0.042067054644783206,0.2720981572094604,0.6858347881457564
25991,GOF,0.0228729852166925,0.4941450156340045,0.4829819991493031
25992,LOF,0.016060530567207104,0.4758612069040413,0.5080782625287515
25993,LOF,0.027672839817921152,0.08480505707397151,0.8875221031081073
25994,LOF,0.02614462727883749,0.08668908681369841,0.887166285907464
25995,LOF,0.02056017804549637,0.1461204830780343,0.8333193388764694
25996,Neutral,0.388210401958842,0.35958350267176936,0.2522060953693886
25997,LOF,0.06884189651616827,0.41740628673036817,0.5137518167534636
25998,LOF,0.26296496058124275,0.05075085860952782,0.6862841808092295
25999,LOF,0.036330529145715246,0.14549719044469842,0.8181722804095862
26000,LOF,0.14824465355190386,0.02249339613553097,0.8292619503125652
26001,LOF,0.25176280712492305,0.02592525548571926,0.7223119373893576
26002,LOF,0.11832074561520806,0.03453389170968795,0.847145362675104
26003,GOF,0.007738659275816701,0.6622727692593773,0.329988571464806
26004,GOF,0.018845859628559367,0.6774961405153731,0.30365799985606756
26005,GOF,0.005787832747713376,0.512690208356373,0.48152195889591365
26006,GOF,0.11967409656414385,0.556461588764198,0.32386431467165805
26007,GOF,0.01221647523079549,0.5390519749737601,0.4487315497954445
26008,GOF,0.006341228064567298,0.6128551527841082,0.3808036191513245
26009,GOF,0.012943105998897073,0.6490185539882827,0.33803834001282024
26010,GOF,0.009576578359741314,0.6084900865970901,0.3819333350431687
26011,LOF,0.004505353251789578,0.4387591536137934,0.556735493134417
26012,GOF,0.005016619053279268,0.5826497625373828,0.412333618409338
26013,GOF,0.010428640636747264,0.5879508975688051,0.4016204617944476
26014,LOF,0.06597775195828455,0.11990098976849141,0.814121258273224
26015,LOF,0.36208767834015915,0.03596575591396613,0.6019465657458748
26016,LOF,0.2859183635114321,0.04973501644080752,0.6643466200477604
26017,LOF,0.014114096894454609,0.21392054774548888,0.7719653553600565
26018,LOF,0.024170098633447882,0.07426782715616718,0.9015620742103849
26019,LOF,0.023771200968855793,0.06428980302033924,0.9119389960108051
26020,LOF,0.007911245549957247,0.19485538314164783,0.7972333713083949
26021,LOF,0.07422506848336813,0.09093552696751477,0.8348394045491171
26022,LOF,0.03711828509779633,0.035814167690592286,0.9270675472116113
26023,LOF,0.01894878488894283,0.05419461347037031,0.9268566016406868
26024,LOF,0.05519900388340174,0.07488370915523439,0.8699172869613638
26025,LOF,0.11143872523721364,0.08726489381223956,0.8012963809505469
26026,LOF,0.11796478499399088,0.06831918844352093,0.8137160265624882
26027,LOF,0.024459088162455404,0.032839541416116204,0.9427013704214284
26028,LOF,0.086429005256984,0.17017853589701662,0.7433924588459995
26029,LOF,0.024811417447685474,0.19152954742307443,0.7836590351292402
26030,LOF,0.13144665225602004,0.02931368070971998,0.83923966703426
26031,LOF,0.010602631231684229,0.15977567777947344,0.8296216909888423
26032,LOF,0.03615774086831182,0.05360643820215783,0.9102358209295304
26033,LOF,0.03744896421770503,0.05657608840342709,0.905974947378868
26034,LOF,0.016846877415950548,0.1300627105833623,0.8530904120006871
26035,LOF,0.012673093856528119,0.12132389544402485,0.8660030106994471
26036,LOF,0.011643898961751322,0.10342546834102338,0.8849306326972253
26037,LOF,0.010950612053759821,0.11399363019969289,0.8750557577465473
26038,LOF,0.03062815781444667,0.04885045552991494,0.9205213866556383
26039,LOF,0.03465770290136576,0.1468813885648195,0.8184609085338147
26040,LOF,0.07580309922367835,0.1244742247709939,0.7997226760053278
26041,LOF,0.013680355953516942,0.11016733928566375,0.8761523047608193
26042,LOF,0.013380476956165404,0.11741644156223914,0.8692030814815955
26043,LOF,0.02990248211778732,0.07160015832910176,0.8984973595531108
26044,LOF,0.008826172984830216,0.05194414372943289,0.9392296832857369
26045,LOF,0.07766122568588738,0.1490601619787311,0.7732786123353815
26046,LOF,0.026908382391070077,0.053815130106000995,0.9192764875029288
26047,LOF,0.05465185527538564,0.05234406273175803,0.8930040819928563
26048,LOF,0.0762745602670266,0.020668402053658868,0.9030570376793144
26049,Neutral,0.9412117090299154,0.008502504841969998,0.05028578612811472
26050,Neutral,0.910862829468822,0.009230365693232621,0.07990680483794547
26051,LOF,0.024770107375104593,0.09476510811763587,0.8804647845072595
26052,LOF,0.03313693623578161,0.08262011027980762,0.8842429534844108
26053,LOF,0.022282042813808908,0.13822147637387025,0.8394964808123208
26054,LOF,0.048709268906133266,0.03564588166628362,0.9156448494275831
26055,LOF,0.07326563762162681,0.03341575672355388,0.8933186056548192
26056,LOF,0.060745882914853264,0.0426714899909629,0.8965826270941838
26057,LOF,0.059458933052695506,0.018908146770656255,0.9216329201766482
26058,LOF,0.0622436444205563,0.01490977810134663,0.9228465774780971
26059,LOF,0.21128249007554145,0.037334975764998744,0.7513825341594599
26060,LOF,0.030210212575655673,0.1465455098300137,0.8232442775943307
26061,LOF,0.012046869624600335,0.011026950455335374,0.9769261799200643
26062,LOF,0.006832860910992806,0.017264227764434516,0.9759029113245726
26063,LOF,0.0447401777323457,0.014585793848220162,0.940674028419434
26064,LOF,0.015633447195067852,0.019264093173795512,0.9651024596311367
26065,LOF,0.05201279998614005,0.017393557051912777,0.9305936429619472
26066,LOF,0.042651936882861834,0.014505682016870643,0.9428423811002675
26067,LOF,0.04688251795240666,0.013845609005025192,0.9392718730425682
26068,LOF,0.05582782237842125,0.04852618513197828,0.8956459924896005
26069,LOF,0.2981258110071619,0.03214047555743936,0.6697337134353988
26070,Neutral,0.5527396095031667,0.023567655521147944,0.4236927349756854
26071,LOF,0.050606488362543715,0.01605969656787783,0.9333338150695785
26072,LOF,0.008063377549166402,0.02240135540813054,0.9695352670427031
26073,LOF,0.0405685690166096,0.01802865438047518,0.9414027766029152
26074,Neutral,0.8640063265098179,0.012127160774534983,0.12386651271564712
26075,LOF,0.06062552919416559,0.026855561432610912,0.9125189093732234
26076,LOF,0.05309660774065641,0.014917768495058858,0.9319856237642847
26077,LOF,0.1583862093615859,0.008060688212999252,0.8335531024254149
26078,LOF,0.007458284610797061,0.017780385946077178,0.9747613294431257
26079,LOF,0.06693791219801944,0.02516703728189895,0.9078950505200816
26080,LOF,0.06594904399052308,0.0252051903426413,0.9088457656668357
26081,LOF,0.03660726598908134,0.011806472417608281,0.9515862615933103
26082,LOF,0.0061123541879291934,0.021218662215181667,0.9726689835968891
26083,LOF,0.10594040995055462,0.028145819109704068,0.8659137709397413
26084,LOF,0.1142665495757683,0.021957284246898485,0.8637761661773332
26085,LOF,0.09670632773642703,0.017721190466202363,0.8855724817973705
26086,LOF,0.04028921604498964,0.015177717095303168,0.9445330668597072
26087,LOF,0.039162777701410904,0.013948767909480292,0.9468884543891088
26088,LOF,0.0072933338196425005,0.026150285672628903,0.9665563805077285
26089,LOF,0.04511501517781131,0.04276361961862214,0.9121213652035666
26090,LOF,0.04552886305447853,0.03234857585585526,0.9221225610896663
26091,LOF,0.029604793883052972,0.0110573861524302,0.9593378199645168
26092,LOF,0.04966220507677567,0.010865686915916294,0.939472108007308
26093,LOF,0.09060156993423162,0.007737195931802208,0.9016612341339663
26094,LOF,0.03625781862051346,0.010702788494559903,0.9530393928849267
26095,LOF,0.020873126127813335,0.020209253335700783,0.9589176205364858
26096,LOF,0.21106668006942816,0.005601943926331795,0.78333137600424
26097,LOF,0.007762314615552318,0.04126787291240163,0.9509698124720461
26098,LOF,0.12210622160332014,0.020946887611047574,0.8569468907856321
26099,LOF,0.04150133523918973,0.026174134611311087,0.9323245301494991
26100,LOF,0.04150133523918973,0.026174134611311087,0.9323245301494991
26101,LOF,0.06715331770540162,0.043624681691766164,0.8892220006028322
26102,LOF,0.0354427421975789,0.022966990767492913,0.9415902670349281
26103,Neutral,0.8926858946389444,0.030440603754344993,0.07687350160671057
26104,LOF,0.060608600316247166,0.04616991975013373,0.8932214799336191
26105,LOF,0.27503390574115144,0.12036260013550508,0.6046034941233434
26106,LOF,0.3227938028127164,0.05824511169302077,0.6189610854942629
26107,LOF,0.022184679007473253,0.06934964139878004,0.9084656795937467
26108,LOF,0.2700670068821723,0.03792545718255395,0.6920075359352738
26109,LOF,0.07105135483026269,0.027764013594934488,0.9011846315748029
26110,LOF,0.4428834694297765,0.01215724419268107,0.5449592863775424
26111,LOF,0.06100625010822064,0.1099734833578562,0.8290202665339232
26112,LOF,0.05413590755662336,0.010863967751302534,0.9350001246920742
26113,LOF,0.12911473351969596,0.02333636511178354,0.8475489013685205
26114,LOF,0.08964426336186243,0.009033050275691987,0.9013226863624455
26115,LOF,0.015209624828264679,0.06208499420640962,0.9227053809653257
26116,LOF,0.0768386370745357,0.02450667632141581,0.8986546866040485
26117,LOF,0.3465016318454386,0.04155963863619057,0.6119387295183708
26118,LOF,0.05148141083007973,0.020548284336525464,0.9279703048333948
26119,LOF,0.006127280687102891,0.11235159432257573,0.8815211249903214
26120,LOF,0.033880262015000946,0.020016037721607736,0.9461037002633912
26121,LOF,0.0034276126257683543,0.17342658297530533,0.8231458043989264
