feature0,prediction,LoGoFunc_Neutral,LoGoFunc_GOF,LoGoFunc_LOF
25546,Neutral,0.7546177914806966,0.03165828196458805,0.2137239265547153
25547,Neutral,0.5934409509313101,0.07632348527787494,0.3302355637908149
25548,Neutral,0.5758437974409676,0.05598697275683522,0.36816922980219713
25549,Neutral,0.48702366979109035,0.057210485432479044,0.4557658447764307
25550,LOF,0.32653692811595714,0.12629460562036243,0.5471684662636804
25551,LOF,0.2809782786458631,0.13966925900536942,0.5793524623487675
25552,LOF,0.197751035005296,0.1276542029669927,0.6745947620277113
25553,Neutral,0.8294911837624201,0.031769665727588735,0.138739150509991
25554,LOF,0.22639777804210606,0.11855341862146844,0.6550488033364255
25555,LOF,0.18707959574239938,0.10185541905035304,0.7110649852072477
25556,LOF,0.3828926527331375,0.10314770043518565,0.5139596468316768
25557,LOF,0.18218207346207366,0.10853603132690709,0.7092818952110194
25558,LOF,0.21967512270862735,0.1212250210710337,0.6590998562203391
25559,LOF,0.4223566976417833,0.07643517539365811,0.5012081269645586
25560,LOF,0.0523011109095698,0.17408959462279952,0.7736092944676306
25561,LOF,0.1048377962014716,0.21379252610760516,0.6813696776909233
25562,LOF,0.10893150828111618,0.08053446465307018,0.8105340270658137
25563,LOF,0.10903856958885312,0.08695087640181137,0.8040105540093354
25564,LOF,0.1589670179964876,0.16005052931325678,0.6809824526902557
25565,LOF,0.14523379879809353,0.1399874897399465,0.7147787114619599
25566,GOF,0.013367211363454022,0.7735544773063918,0.21307831133015415
25567,LOF,0.014413393322657075,0.15571473712764014,0.8298718695497028
25568,LOF,0.051465292510839304,0.06897151123779736,0.8795631962513633
25569,LOF,0.06231605538578932,0.07515302770033393,0.8625309169138767
25570,LOF,0.06452590877521713,0.10531521040096929,0.8301588808238135
25571,LOF,0.059298007685770364,0.10447734685600693,0.8362246454582228
25572,LOF,0.07066459372233641,0.1480083602834884,0.7813270459941751
25573,LOF,0.030179532129850816,0.10338628535199075,0.8664341825181584
25574,LOF,0.0168814949535415,0.1817103881629591,0.8014081168834993
25575,LOF,0.04962005956902493,0.11788851586991797,0.8324914245610572
25576,LOF,0.02039982900823394,0.13417173716079384,0.8454284338309723
25577,LOF,0.015968294511084336,0.1569629378206786,0.8270687676682371
25578,LOF,0.24172888642826246,0.0976941935653259,0.6605769200064117
25579,LOF,0.24194123884697713,0.09704017877955894,0.6610185823734639
25580,LOF,0.03615548475021222,0.09407399085469241,0.8697705243950954
25581,LOF,0.049546652627768153,0.07890745119302038,0.8715458961792114
25582,LOF,0.049403228616308074,0.07647797928026964,0.8741187921034222
25583,LOF,0.04448511040135459,0.10699544101113334,0.848519448587512
25584,Neutral,0.4572832155445188,0.10062994856726179,0.4420868358882194
25585,LOF,0.03308939251958368,0.1230830873045222,0.8438275201758941
25586,LOF,0.036259634262966134,0.088350156034881,0.8753902097021529
25587,LOF,0.03552837257329543,0.08504526840695449,0.87942635901975
25588,LOF,0.03924316237183352,0.11291058548030315,0.8478462521478634
25589,Neutral,0.6029390532770439,0.12512843833689505,0.271932508386061
25590,LOF,0.0286317950855926,0.14089034831148703,0.8304778566029205
25591,LOF,0.10301985401902085,0.06910560236016422,0.8278745436208149
25592,LOF,0.09758755149314251,0.14467990155846924,0.7577325469483882
25593,LOF,0.019189424642735774,0.27501196743179196,0.7057986079254723
25594,LOF,0.03101554631058498,0.23444847104944105,0.734535982639974
25595,LOF,0.04739316266598863,0.1813173820566042,0.7712894552774071
25596,LOF,0.06097729055908215,0.12305591930771786,0.8159667901332001
25597,LOF,0.05888533032774996,0.09172537699026084,0.8493892926819891
25598,LOF,0.03690243176803257,0.21789490536717399,0.7452026628647934
25599,GOF,0.006609142534398432,0.7807798496490995,0.2126110078165021
25600,GOF,0.009588980782383544,0.5559007148797145,0.434510304337902
25601,LOF,0.007737633232159702,0.47693497812764535,0.515327388640195
25602,LOF,0.024448090119579595,0.05664211239559739,0.918909797484823
25603,LOF,0.03433712984460193,0.04223072977956782,0.9234321403758302
25604,LOF,0.050425569196454856,0.04990227469392465,0.8996721561096204
25605,LOF,0.009785498153409442,0.23271019877005045,0.7575043030765402
25606,LOF,0.0687289606413162,0.4090938867700607,0.5221771525886231
25607,LOF,0.004803486289412488,0.15100974544184237,0.8441867682687451
25608,LOF,0.06844911599971565,0.05031574559397891,0.8812351384063054
25609,LOF,0.051930305493114566,0.3229577136414135,0.6251119808654719
25610,LOF,0.04499041706406073,0.0322950107014498,0.9227145722344895
25611,LOF,0.04964416925513691,0.03227622834570358,0.9180796023991594
25612,LOF,0.09729392739835259,0.050008192786557375,0.85269787981509
25613,LOF,0.08473514553294378,0.04899300920812744,0.8662718452589289
25614,LOF,0.03617114408077323,0.04372151382181778,0.920107342097409
25615,LOF,0.05808686274815507,0.039284969766147336,0.9026281674856976
25616,LOF,0.03650595157479613,0.042400444236927945,0.9210936041882758
25617,LOF,0.03542663262634261,0.04670054068957253,0.917872826684085
25618,LOF,0.22147125469208945,0.04118928623827908,0.7373394590696314
25619,LOF,0.03596070526092154,0.03956011632677707,0.9244791784123013
25620,LOF,0.04080853693321074,0.04935077401803834,0.9098406890487509
25621,LOF,0.03376004454297941,0.03671872948048356,0.9295212259765371
25622,LOF,0.03049344169351688,0.04583955788217783,0.9236670004243053
25623,LOF,0.0705998266814992,0.03689398709804909,0.8925061862204516
25624,LOF,0.029261549829277887,0.051405702475402486,0.9193327476953197
25625,LOF,0.03652648094477256,0.05150354084667334,0.911969978208554
25626,LOF,0.07285176575992214,0.03557516857503894,0.8915730656650388
25627,Neutral,0.5686495260392479,0.1312457836853455,0.3001046902754067
25628,LOF,0.17963540661292254,0.07065829629430968,0.7497062970927677
25629,LOF,0.06311514462123594,0.1385180137842855,0.7983668415944786
25630,LOF,0.17557478135268728,0.12113820410920174,0.7032870145381109
25631,Neutral,0.606676460616011,0.0957955334001486,0.2975280059838404
25632,LOF,0.025919629424605923,0.08136897847904073,0.8927113920963533
25633,LOF,0.2572735525956362,0.08589549966853015,0.6568309477358336
25634,LOF,0.03886840866944545,0.10132797667069732,0.8598036146598571
25635,LOF,0.04724963235011281,0.08554840976409865,0.8672019578857886
25636,GOF,0.005775422332343863,0.5346623923548097,0.45956218531284637
25637,LOF,0.004937623610144282,0.4922281407941676,0.5028342355956882
25638,LOF,0.008826149315282939,0.3831142101974413,0.6080596404872758
25639,LOF,0.00517966033989101,0.3775124021411112,0.6173079375189978
25640,GOF,0.43469432863219115,0.5220757957473466,0.04322987562046229
25641,LOF,0.0071863225077114425,0.38549798823758147,0.6073156892547071
25642,LOF,0.2475535020050501,0.09125991392927307,0.6611865840656768
25643,LOF,0.18743796401644366,0.32250830221821886,0.49005373376533756
25644,LOF,0.029809951346669115,0.4559527614345271,0.5142372872188037
25645,LOF,0.02332200443559654,0.3926490793155298,0.5840289162488737
25646,LOF,0.021902855653773444,0.2508109190638484,0.7272862252823781
25647,LOF,0.02194001106253289,0.2047521756794592,0.7733078132580079
25648,LOF,0.01791227380901692,0.2240109615925848,0.7580767645983982
25649,LOF,0.016239702426090522,0.16430161870443435,0.8194586788694751
25650,LOF,0.045892192024035314,0.44664994025209626,0.5074578677238685
25651,LOF,0.01475887703311056,0.19775431188003725,0.787486811086852
25652,LOF,0.021088940366012984,0.19741276793034152,0.7814982917036455
25653,LOF,0.09677939008791615,0.3485854378017528,0.5546351721103311
25654,LOF,0.016993251870204545,0.20058580064075215,0.7824209474890432
25655,LOF,0.110368214494561,0.25727641448965605,0.632355371015783
25656,LOF,0.060913232104600645,0.06013740873422332,0.8789493591611761
25657,LOF,0.3016132963343748,0.027164858100650502,0.6712218455649748
25658,LOF,0.0328914557144279,0.07387111818207401,0.8932374261034981
25659,LOF,0.23872287189832295,0.054486872693172435,0.7067902554085046
25660,LOF,0.09242428304125543,0.11119511134382809,0.7963806056149165
25661,LOF,0.0743987487387472,0.07675975169082565,0.8488414995704271
25662,LOF,0.03262485825938214,0.04960819125280885,0.917766950487809
25663,LOF,0.04138253391033652,0.07957492027467773,0.8790425458149858
25664,LOF,0.031836250831362566,0.12108324258357468,0.8470805065850628
25665,LOF,0.05221287628736719,0.049881667584885055,0.8979054561277477
25666,LOF,0.04010153697083617,0.17238675449599827,0.7875117085331655
25667,LOF,0.032603197682858735,0.061724288950041076,0.9056725133671001
25668,LOF,0.044352192375111045,0.0638225678358156,0.8918252397890735
25669,LOF,0.05337705560837335,0.1050727201351721,0.8415502242564545
25670,LOF,0.13893953306193918,0.09940298283923085,0.7616574840988299
25671,LOF,0.0420145546303716,0.0566744758324549,0.9013109695371735
25672,LOF,0.05211183284331288,0.08486838762646468,0.8630197795302224
25673,LOF,0.03728498047453243,0.08222426301022474,0.8804907565152428
25674,LOF,0.02766868621019667,0.09796991929919441,0.874361394490609
25675,LOF,0.036579050508340094,0.08010164892442027,0.8833193005672395
25676,LOF,0.03259647262675334,0.07228538044256348,0.8951181469306831
25677,LOF,0.08397871488413416,0.07170614692365301,0.8443151381922128
25678,LOF,0.1553186817695957,0.05444035383769538,0.7902409643927089
25679,LOF,0.10166964180965167,0.08255787442723755,0.8157724837631108
25680,LOF,0.08536836727638052,0.10567387675212186,0.8089577559714975
25681,LOF,0.0965957807022789,0.09919676650631468,0.8042074527914065
25682,LOF,0.052277708067620846,0.08770096804661447,0.8600213238857648
25683,LOF,0.07493655701797125,0.12341986997280112,0.8016435730092276
25684,LOF,0.062287940489960905,0.07975866321285227,0.8579533962971868
25685,LOF,0.11770041462347694,0.03664877572501613,0.845650809651507
25686,LOF,0.034893326184776766,0.08319829538453238,0.8819083784306908
25687,LOF,0.06492203573399408,0.08454166367982265,0.8505363005861832
25688,LOF,0.02166014493387099,0.15155794728701094,0.826781907779118
25689,LOF,0.015130573305081399,0.07846922543957681,0.9064002012553417
25690,LOF,0.017058491712218665,0.1070213949874138,0.8759201133003676
25691,LOF,0.14791447838751334,0.16327682638643295,0.6888086952260537
25692,LOF,0.19865546701322934,0.021490273343414225,0.7798542596433563
25693,LOF,0.03948520135911231,0.17484406742158268,0.7856707312193051
25694,LOF,0.24879206143656196,0.013286601418294975,0.7379213371451431
25695,LOF,0.18676541427241383,0.016507051019555248,0.7967275347080309
25696,LOF,0.16747671329383562,0.010271908828096133,0.8222513778780682
25697,LOF,0.1064100247759004,0.03234533551593431,0.8612446397081653
25698,LOF,0.027169020048803255,0.3604458294415254,0.6123851505096712
25699,LOF,0.08843214433650717,0.07865000823038762,0.8329178474331053
25700,LOF,0.03395569423648406,0.013702210033940902,0.9523420957295752
25701,LOF,0.016538838453662018,0.07706958376530897,0.9063915777810291
25702,GOF,0.02688018838530868,0.7650697431542992,0.20805006846039203
25703,LOF,0.019436139541730756,0.20621333970152492,0.7743505207567443
25704,LOF,0.10943281711602282,0.1864599417659459,0.7041072411180314
25705,LOF,0.09036070790185453,0.2747363362648533,0.6349029558332921
25706,GOF,0.031599822681084265,0.6220028856297997,0.346397291689116
25707,GOF,0.03463870221771228,0.6254724397193911,0.3398888580628965
25708,GOF,0.007698942887953297,0.5936000614256793,0.39870099568636735
25709,LOF,0.023658058818039396,0.09809737894060606,0.8782445622413545
25710,LOF,0.005435364323280586,0.24958727289706806,0.7449773627796514
25711,LOF,0.027102820965711823,0.15654753251484668,0.8163496465194415
25712,LOF,0.006511264572606322,0.3020749636664564,0.6914137717609372
25713,LOF,0.0238801377262103,0.13224748703002004,0.8438723752437697
25714,LOF,0.025925364843867305,0.17868217302593695,0.7953924621301958
25715,LOF,0.02851997743623618,0.15740362762465035,0.8140763949391134
25716,LOF,0.009095000249843223,0.15918723374122956,0.8317177660089273
25717,LOF,0.00597755151996021,0.16983229283420856,0.8241901556458313
25718,LOF,0.02469784493096792,0.10906158283111289,0.8662405722379192
25719,LOF,0.03418838050731961,0.12545376069936662,0.8403578587933137
25720,LOF,0.033032487904533975,0.1161800190431469,0.850787493052319
25721,LOF,0.02805702577841984,0.11562358586810265,0.8563193883534775
25722,LOF,0.018544891622979745,0.16005831043779356,0.8213967979392267
25723,LOF,0.02779570100748062,0.10477869361602113,0.8674256053764982
25724,LOF,0.02830083326033103,0.1819827293212513,0.7897164374184177
25725,LOF,0.029831289768652923,0.10151660722980597,0.8686521030015412
25726,LOF,0.01862942042504678,0.13672575886621732,0.8446448207087358
25727,LOF,0.025051550787465144,0.13307141809408993,0.841877031118445
25728,LOF,0.02643463601954499,0.13297510016060313,0.8405902638198519
25729,LOF,0.02530348262121308,0.14170899124606812,0.8329875261327189
25730,LOF,0.028781991915080705,0.09944608585138806,0.8717719222335312
25731,LOF,0.010876679590994014,0.20590795252911107,0.783215367879895
25732,LOF,0.02229698231726347,0.11779706528484939,0.8599059523978873
25733,LOF,0.03581648708813578,0.11253764506355582,0.8516458678483083
25734,LOF,0.00601423472672252,0.2940935928544238,0.6998921724188537
25735,LOF,0.02411570925120257,0.09739381561233108,0.8784904751364664
25736,LOF,0.02298460123692489,0.15047725654020108,0.826538142222874
25737,LOF,0.050750488424158746,0.1525033117481313,0.79674619982771
25738,LOF,0.023170039301563014,0.19614228843045028,0.7806876722679866
25739,LOF,0.027862523739822943,0.16811759234351684,0.8040198839166602
25740,LOF,0.03003246716948819,0.17023387289581882,0.799733659934693
25741,LOF,0.03530645810883643,0.1522901429549569,0.8124033989362066
25742,LOF,0.047060209892927016,0.15781443066845716,0.7951253594386157
25743,LOF,0.012334754417293304,0.02971235473597618,0.9579528908467306
25744,LOF,0.16859116373255897,0.3072064585505506,0.5242023777168904
25745,LOF,0.03479563109143004,0.0908136786889272,0.8743906902196427
25746,LOF,0.01525569707213025,0.13668033779626423,0.8480639651316055
25747,LOF,0.039218096663993784,0.033285672479295175,0.927496230856711
25748,LOF,0.26609658461497737,0.05818601113728899,0.6757174042477336
25749,LOF,0.012638530730455323,0.07146933037937449,0.9158921388901702
25750,LOF,0.018310912073333935,0.07544268308325337,0.9062464048434128
25751,LOF,0.04329607186078054,0.05302155550812862,0.9036823726310909
25752,GOF,0.07446703969083963,0.7015946893269794,0.2239382709821808
25753,LOF,0.007381633449841496,0.3934989923774904,0.5991193741726681
25754,GOF,0.007239446944615975,0.8697527140535831,0.12300783900180108
25755,LOF,0.006671320734782299,0.43402467375247034,0.5593040055127474
25756,LOF,0.02860425402355801,0.418810436363359,0.552585309613083
25757,GOF,0.00831671400033514,0.855616457721765,0.1360668282779
25758,GOF,0.00939591235888269,0.8540425618996368,0.13656152574148056
25759,GOF,0.005977487321878948,0.6131149022666379,0.380907610411483
25760,LOF,0.005969148338495677,0.33523413565602556,0.6587967160054787
25761,GOF,0.05085930549396466,0.8336796709386046,0.11546102356743071
25762,LOF,0.032854883072378264,0.3465155565712714,0.6206295603563503
25763,LOF,0.0064252185601190006,0.27303803706245966,0.7205367443774213
25764,GOF,0.05076861463466428,0.6148797150211838,0.334351670344152
25765,GOF,0.00748770015612981,0.8488481692565562,0.14366413058731392
25766,GOF,0.048753891756601914,0.8019331690059532,0.14931293923744485
25767,GOF,0.014617201188930722,0.5420170003383755,0.44336579847269386
25768,LOF,0.049150732644927767,0.06752428712563248,0.8833249802294398
25769,LOF,0.033286701502049786,0.07386527965215332,0.8928480188457969
25770,LOF,0.12900925550821318,0.0607454836894396,0.8102452608023472
25771,LOF,0.016813798530128054,0.053581467957891586,0.9296047335119805
25772,LOF,0.03232420290226234,0.023962781774366844,0.9437130153233708
25773,LOF,0.021946003569433426,0.05334629972999372,0.9247076967005728
25774,LOF,0.024816353788981296,0.09328504166613073,0.881898604544888
25775,LOF,0.01974862676272352,0.03269352144185286,0.9475578517954236
25776,LOF,0.03559716534788909,0.02005103917049709,0.9443517954816139
25777,LOF,0.12240098387906365,0.05957324524121186,0.8180257708797244
25778,LOF,0.0235112307999898,0.048876492447846545,0.9276122767521636
25779,GOF,0.04440550862571955,0.8861509382226952,0.06944355315158532
25780,GOF,0.07298692972485829,0.8761736710208641,0.05083939925427759
25781,GOF,0.027363219310482148,0.8660597098020879,0.10657707088743006
25782,GOF,0.030652926938123843,0.9019505082024392,0.06739656485943693
25783,GOF,0.03162238280923197,0.917977478244923,0.050400138945844886
25784,GOF,0.08817503155427112,0.8630161948506896,0.04880877359503928
25785,GOF,0.09100408808181845,0.8722034043678661,0.03679250755031538
25786,GOF,0.010694450285236808,0.8748923467498545,0.11441320296490892
25787,GOF,0.21319771446225352,0.7414312193533737,0.04537106618437268
25788,LOF,0.01772249441293286,0.17572412275925114,0.8065533828278161
25789,GOF,0.016607675096583535,0.8628334218525981,0.12055890305081847
25790,GOF,0.025815074306672896,0.8915070587571837,0.08267786693614347
25791,GOF,0.02399235473752578,0.7763725022993377,0.19963514296313656
25792,GOF,0.029866001585664603,0.8167322749250646,0.1534017234892707
25793,GOF,0.0596506467579549,0.8518994071535897,0.08844994608845537
25794,GOF,0.03699526068989893,0.7863997041281677,0.1766050351819334
25795,GOF,0.04997684855852445,0.7377771024262114,0.21224604901526423
25796,GOF,0.10603846784883618,0.8069311356544973,0.08703039649666656
25797,GOF,0.08017087645633365,0.7412949822884156,0.17853414125525066
25798,GOF,0.007379636986924395,0.7669246504961559,0.22569571251691975
25799,GOF,0.004430784759441799,0.7119261767073444,0.2836430385332137
25800,GOF,0.027836828940683837,0.8480586995523788,0.12410447150693747
25801,GOF,0.02046025584195403,0.9096364800799698,0.06990326407807627
25802,GOF,0.03152590638165256,0.820357280811291,0.14811681280705644
25803,GOF,0.021314028868490004,0.7265004654823985,0.25218550564911163
25804,GOF,0.03272297310465551,0.7813836204719151,0.18589340642342925
25805,GOF,0.028019968409885253,0.8058041671340496,0.16617586445606522
25806,GOF,0.037642822772100924,0.8038455983168828,0.15851157891101633
25807,GOF,0.011621682388110567,0.7610852236812377,0.22729309393065172
25808,GOF,0.021686725555847438,0.7809865022658278,0.1973267721783248
25809,GOF,0.010520325329573383,0.7277034948489418,0.26177617982148477
25810,GOF,0.008927864583789927,0.712281697881996,0.27879043753421395
25811,GOF,0.05620691177281272,0.8697238551590245,0.07406923306816288
25812,GOF,0.030297318926733433,0.7930483719566795,0.17665430911658703
25813,GOF,0.13633508833989494,0.7944449424479851,0.06921996921212
25814,GOF,0.029568737104350266,0.8231987471833191,0.14723251571233065
25815,GOF,0.060349727751204556,0.847208051767452,0.09244222048134354
25816,GOF,0.008753249181730106,0.8744948446336364,0.11675190618463352
25817,GOF,0.10442676287847037,0.8022237014368059,0.09334953568472387
25818,GOF,0.027590112508112215,0.8018724437793623,0.17053744371252555
25819,GOF,0.04472630976767201,0.7648662400042933,0.19040745022803465
25820,GOF,0.038294760130234924,0.7044469231840026,0.2572583166857625
25821,GOF,0.02706889308262002,0.7405839937893968,0.23234711312798315
25822,GOF,0.04623217890707852,0.7423112426646681,0.21145657842825344
25823,GOF,0.028087060477786696,0.7190286406780481,0.25288429884416525
25824,GOF,0.02765660109453164,0.7916241124114194,0.18071928649404898
25825,GOF,0.02295800138348859,0.7867635670621532,0.1902784315543582
25826,GOF,0.010937158825796277,0.7365839321859582,0.2524789089882456
25827,GOF,0.014716045470799794,0.6879850568758396,0.29729889765336065
25828,GOF,0.012407352041223042,0.7367100835352162,0.25088256442356077
25829,GOF,0.004780227382441272,0.6868390693828638,0.30838070323469496
25830,GOF,0.04306035944853302,0.49765829550258606,0.45928134504888096
25831,GOF,0.06260250683414029,0.8083293763570253,0.1290681168088345
25832,GOF,0.010989128918562017,0.7476363420321009,0.24137452904933707
25833,GOF,0.037279984421205774,0.8169087523693654,0.1458112632094286
25834,GOF,0.011297836704537668,0.7557510430571559,0.23295112023830641
25835,GOF,0.024809943818059742,0.8325291377166201,0.1426609184653202
25836,GOF,0.007413236801292228,0.7533213878859234,0.2392653753127843
25837,GOF,0.010267108246495158,0.7763353002617442,0.21339759149176055
25838,GOF,0.026946513035799785,0.8385921553840215,0.1344613315801787
25839,GOF,0.0916454166489829,0.7860075957732209,0.12234698757779627
25840,GOF,0.11184225519751248,0.7580065257792291,0.13015121902325844
25841,GOF,0.11117223631488213,0.7928916553116645,0.09593610837345341
25842,GOF,0.03324196623843831,0.8778774642496853,0.08888056951187642
25843,GOF,0.03234185019386793,0.8801554458666924,0.08750270393943974
25844,GOF,0.02299262613292469,0.8368406470491008,0.14016672681797437
25845,GOF,0.007946760294052021,0.7365166622212309,0.255536577484717
25846,GOF,0.09272655538758291,0.8095109894670378,0.09776245514537929
25847,GOF,0.021785345661090447,0.8856211923898466,0.09259346194906297
25848,GOF,0.027452031888492986,0.8484437545515365,0.12410421355997044
25849,GOF,0.008529326993696545,0.8219856122628316,0.16948506074347183
25850,GOF,0.007438317999993998,0.7464313018193802,0.24613038018062572
25851,GOF,0.006903026268814935,0.6841996939390474,0.3088972797921376
25852,GOF,0.1566399558735499,0.5704527251315914,0.2729073189948586
25853,GOF,0.06113547904243063,0.8290260143186022,0.10983850663896723
25854,GOF,0.006754341524474617,0.7152850343462663,0.27796062412925904
25855,GOF,0.021862620952418546,0.6782155229792094,0.299921856068372
25856,GOF,0.04206863195446573,0.7576903020545562,0.20024106599097802
25857,GOF,0.020977246428928044,0.6870690628303864,0.29195369074068545
25858,GOF,0.011645211543541076,0.6683179444951809,0.3200368439612779
25859,GOF,0.008289634165906399,0.6664091002133539,0.3253012656207398
25860,GOF,0.07682127998878822,0.7773168938439143,0.14586182616729743
25861,GOF,0.10717344031050441,0.79641000351186,0.09641655617763575
25862,GOF,0.028094827728446566,0.8902437715933927,0.08166140067816066
25863,GOF,0.024428976880511488,0.889449984212456,0.08612103890703234
25864,GOF,0.06606457288455388,0.8740942862675243,0.059841140847921796
25865,GOF,0.05281747890130267,0.85119155681542,0.0959909642832773
25866,GOF,0.026651655132224804,0.8688184985190879,0.10452984634868745
25867,GOF,0.04526340069200158,0.8681169386598899,0.08661966064810847
25868,GOF,0.07154968056084489,0.8077177507520832,0.12073256868707188
25869,GOF,0.36360031517534736,0.544364922519667,0.09203476230498585
25870,GOF,0.07593783295892581,0.5334733663117446,0.3905888007293296
25871,GOF,0.01250451663988838,0.8485798041631256,0.13891567919698597
25872,GOF,0.024597897618399683,0.8446762822054352,0.13072582017616502
25873,GOF,0.025950011113690805,0.8793877979143919,0.09466219097191726
25874,LOF,0.018833292860677926,0.19561022230426764,0.7855564848350545
25875,LOF,0.03475693057164181,0.05810359386472911,0.9071394755636291
25876,LOF,0.02282920680581472,0.04208838105038807,0.9350824121437972
25877,LOF,0.1235285090798688,0.11395499169149108,0.7625164992286401
25878,LOF,0.08676080804402238,0.13816094166803605,0.7750782502879416
25879,LOF,0.015249591156478627,0.1099912810964662,0.8747591277470551
25880,LOF,0.06879276087710343,0.01780679667582876,0.9134004424470678
25881,Neutral,0.5413588400093886,0.08665139747805752,0.37198976251255383
25882,LOF,0.07322492622747659,0.024961830282419138,0.9018132434901043
25883,LOF,0.028019340648093614,0.028728020412862106,0.9432526389390442
25884,LOF,0.020752201060141043,0.04353717709896497,0.935710621840894
25885,LOF,0.18187844311365617,0.013129155442859594,0.8049924014434843
25886,LOF,0.2723676489707873,0.06023332671093544,0.6673990243182772
25887,LOF,0.11624490867716895,0.10763196986026094,0.77612312146257
25888,LOF,0.0077440255690512695,0.1460820309439506,0.846173943486998
25889,LOF,0.02771907471862027,0.0404527287281692,0.9318281965532106
25890,LOF,0.19712295460422613,0.05668269062553786,0.746194354770236
25891,LOF,0.1284922977970402,0.024392446522570395,0.8471152556803894
25892,LOF,0.008331760849242894,0.03550120960205654,0.9561670295487005
25893,LOF,0.39798444249599113,0.009515885615393675,0.5924996718886152
25894,LOF,0.379936366941406,0.00696856108775816,0.6130950719708358
25895,LOF,0.3233634316486504,0.014203474792662273,0.6624330935586873
25896,LOF,0.07189762662614979,0.030689694199633907,0.8974126791742163
25897,LOF,0.13284627197908405,0.011265374838835426,0.8558883531820805
25898,LOF,0.12480998806090354,0.034204371583544974,0.8409856403555516
25899,LOF,0.39763907512073865,0.034029767633234356,0.568331157246027
25900,LOF,0.4748299509034604,0.010675319915554593,0.5144947291809849
25901,LOF,0.08943301299860874,0.011594861998214906,0.8989721250031764
25902,LOF,0.08796789562312664,0.014536890568203351,0.8974952138086701
25903,LOF,0.2898492378678545,0.026561129409306997,0.6835896327228386
25904,Neutral,0.4954282907215043,0.04320635682633309,0.46136535245216265
25905,LOF,0.007034747826883843,0.4530444537647508,0.5399207984083654
25906,LOF,0.010119731600834013,0.08452147281186682,0.905358795587299
25907,LOF,0.009761276543850787,0.30113156896795856,0.6891071544881906
25908,LOF,0.009399704226284963,0.2987619433049943,0.6918383524687207
25909,LOF,0.03328771441787048,0.10622355285027918,0.8604887327318503
25910,LOF,0.012037749064558192,0.14720011170316213,0.8407621392322797
25911,LOF,0.19120784218562933,0.027335215059633242,0.7814569427547374
25912,LOF,0.10256642462241913,0.019702016952827466,0.8777315584247534
25913,LOF,0.025595777437179213,0.03197177110627096,0.9424324514565497
25914,LOF,0.04552051259551222,0.023367785749320878,0.9311117016551669
25915,LOF,0.2394003574980805,0.10527762566053,0.6553220168413896
25916,LOF,0.026160434393810973,0.05257089210757394,0.9212686734986152
25917,LOF,0.08104220923932869,0.022436045562423016,0.8965217451982483
25918,LOF,0.04553703173133334,0.012872517744689452,0.9415904505239773
25919,LOF,0.03826703666029933,0.013116962778261507,0.9486160005614392
25920,LOF,0.3177535985944058,0.2994280997983802,0.382818301607214
25921,LOF,0.016449077915698423,0.020624584970065637,0.9629263371142359
25922,LOF,0.015501461634372311,0.02354646906704891,0.9609520692985788
25923,LOF,0.4533569470068243,0.01572499027570623,0.5309180627174696
25924,LOF,0.028661497282265323,0.028038829990215793,0.9432996727275188
25925,LOF,0.09912236428404193,0.03136151193101102,0.869516123784947
25926,LOF,0.08239570204526313,0.02032990378525716,0.8972743941694797
25927,LOF,0.02635799481998894,0.05257359324885059,0.9210684119311604
25928,LOF,0.013079306019917096,0.027264406872289086,0.9596562871077937
25929,Neutral,0.5773791927706402,0.015054024782862984,0.4075667824464968
25930,LOF,0.08868831390597562,0.014152911939655443,0.897158774154369
25931,LOF,0.014828433882867155,0.017693259121217116,0.9674783069959157
25932,LOF,0.08078041943631846,0.01882324168616083,0.9003963388775208
25933,LOF,0.08755503259832942,0.011039394318933178,0.9014055730827373
25934,LOF,0.08243233161044888,0.009437577064178113,0.908130091325373
25935,LOF,0.0916441919516753,0.02676724900893413,0.8815885590393905
25936,LOF,0.10559977224255399,0.011251568179090773,0.8831486595783553
25937,LOF,0.023142265077990252,0.016471049527695854,0.9603866853943138
25938,LOF,0.09786426753134518,0.024575867568339682,0.8775598649003151
25939,LOF,0.06887695404726929,0.01445636865474477,0.9166666772979859
25940,GOF,0.009674996178834784,0.5409620908872558,0.44936291293390945
25941,LOF,0.43483990016209323,0.04720491819697716,0.5179551816409296
25942,LOF,0.010295146248466794,0.051884457523804016,0.9378203962277291
25943,LOF,0.04597085411827438,0.17781098931655534,0.7762181565651702
25944,LOF,0.04139701562228033,0.08569708707392165,0.8729058973037981
25945,LOF,0.18073552802294104,0.025134937810847278,0.7941295341662117
25946,LOF,0.06848204518507668,0.039596456058226565,0.8919214987566967
25947,Neutral,0.4909272628441931,0.09640651443807585,0.41266622271773107
25948,LOF,0.3915689768491565,0.015321974079396863,0.5931090490714466
25949,LOF,0.12865533859330952,0.08669893057330577,0.7846457308333847
25950,GOF,0.11512711432046535,0.5667998651803887,0.31807302049914576
25951,LOF,0.01690755274600911,0.4351090265492339,0.547983420704757
25952,LOF,0.20033418906588146,0.23309694396403394,0.5665688669700846
25953,LOF,0.009528387245504068,0.34820737686990505,0.6422642358845909
25954,GOF,0.1061479699327158,0.45319671709824383,0.4406553129690405
25955,LOF,0.009396398502342708,0.2583754710316296,0.7322281304660277
25956,LOF,0.01299625989730192,0.3697794702016719,0.6172242699010261
25957,LOF,0.1502275367439531,0.03806316124198696,0.81170930201406
25958,LOF,0.031934929142635224,0.05778761549739893,0.9102774553599658
25959,GOF,0.007930897530519983,0.7753883433454081,0.21668075912407206
25960,LOF,0.0047047824585805574,0.1352166389636835,0.860078578577736
25961,LOF,0.029320953644612107,0.045294706070028404,0.9253843402853595
25962,LOF,0.0313707514231443,0.07346880376086944,0.8951604448159863
25963,LOF,0.0076681290559560905,0.1225027931701972,0.8698290777738468
25964,LOF,0.03778532174137476,0.1493034397860119,0.8129112384726134
25965,LOF,0.23990661642975944,0.16117863547902442,0.5989147480912161
25966,LOF,0.35036024516313785,0.1120878281933812,0.5375519266434808
25967,LOF,0.0064746428607616886,0.08733006871866414,0.9061952884205742
25968,LOF,0.04051268181510625,0.2602757887194095,0.6992115294654843
25969,LOF,0.14663371084215054,0.05905983434987599,0.7943064548079735
25970,LOF,0.06941769198596892,0.06474353274619093,0.8658387752678401
25971,LOF,0.06431305462615558,0.029502606147019682,0.9061843392268246
25972,LOF,0.08480505074984097,0.060096698603971155,0.8550982506461877
25973,LOF,0.05319169792225057,0.014221450458196923,0.9325868516195526
25974,LOF,0.04976045858012478,0.049019980774175985,0.9012195606456992
25975,LOF,0.03559111010697048,0.019448868480847863,0.9449600214121816
25976,LOF,0.08485634861079887,0.01455632620289309,0.9005873251863079
25977,LOF,0.2583602212065784,0.05268670268660783,0.6889530761068138
25978,LOF,0.15917895424395387,0.13175065625406496,0.7090703895019811
25979,LOF,0.13504158371718056,0.15355539238832336,0.711403023894496
25980,LOF,0.2045999487525255,0.2172706954506009,0.5781293557968735
25981,LOF,0.20619987949662175,0.22142337941213455,0.5723767410912437
25982,LOF,0.35384565330011813,0.10794522241400065,0.5382091242858812
25983,LOF,0.43608320863857386,0.11200058002039727,0.45191621134102883
25984,LOF,0.0679007382693773,0.08313054182094964,0.848968719909673
25985,Neutral,0.4946682907511555,0.11983015142719676,0.38550155782164786
25986,LOF,0.012889760561928438,0.464159698651015,0.5229505407870566
25987,LOF,0.04227101959069467,0.09818661636784365,0.8595423640414618
25988,LOF,0.06377702106063618,0.1370027362133004,0.7992202427260633
25989,LOF,0.07038157434616764,0.20121413335740426,0.7284042922964281
25990,LOF,0.058124808341919375,0.3358019312318387,0.6060732604262419
25991,GOF,0.02588373572735434,0.49089876160563906,0.48321750266700664
25992,LOF,0.01811170999545117,0.44594576065583186,0.535942529348717
25993,LOF,0.019554713027186962,0.06262404443819085,0.917821242534622
25994,LOF,0.02823848218191836,0.06932836700339219,0.9024331508146896
25995,LOF,0.018520674117699913,0.13280368349211322,0.8486756423901869
25996,GOF,0.34246254258200826,0.4233597975468135,0.23417765987117817
25997,LOF,0.05310399005650915,0.45613056391220125,0.49076544603128947
25998,LOF,0.23602448497029782,0.04654093236268816,0.717434582667014
25999,LOF,0.04438483757839928,0.1328460069315225,0.8227691554900782
26000,LOF,0.14160001608619327,0.01635786992925035,0.8420421139845564
26001,LOF,0.20738465148170387,0.020360961608473848,0.7722543869098222
26002,LOF,0.09592556143291459,0.026925283119766934,0.8771491554473185
26003,GOF,0.0059315353735582286,0.6148482678929114,0.3792201967335305
26004,GOF,0.010659448693604972,0.5893763189621237,0.39996423234427136
26005,LOF,0.004304743372889731,0.4849113488692516,0.5107839077578588
26006,GOF,0.08515340421916458,0.5223159877291773,0.3925306080516581
26007,GOF,0.007562414326544632,0.5237575109103347,0.4686800747631205
26008,GOF,0.005972361900742638,0.5712717912784198,0.42275584682083756
26009,GOF,0.010336679515648095,0.6241970567671212,0.3654662637172305
26010,GOF,0.007631421520865774,0.5703938331690049,0.4219747453101292
26011,LOF,0.004407791996570062,0.41403887719565735,0.5815533308077726
26012,GOF,0.004858245760844328,0.5426056131503861,0.45253614108876955
26013,GOF,0.010801220183670428,0.5652447684596295,0.42395401135669997
26014,LOF,0.04182912787739714,0.08029922281917215,0.8778716493034306
26015,LOF,0.3818768913002564,0.022188916452712093,0.5959341922470315
26016,LOF,0.2890851952065113,0.038288108305416214,0.6726266964880725
26017,LOF,0.013440440681077956,0.17931933621670573,0.8072402231022163
26018,LOF,0.02822639004617455,0.0710157825340758,0.9007578274197497
26019,LOF,0.027849678198163162,0.0677755217290237,0.9043748000728131
26020,LOF,0.007220009889860501,0.20703318509549992,0.7857468050146396
26021,LOF,0.06999985966591203,0.08657310162327783,0.8434270387108102
26022,LOF,0.03589109612969445,0.038788116603066136,0.9253207872672394
26023,LOF,0.023123585445686216,0.050156979074471864,0.9267194354798419
26024,LOF,0.042021550964219126,0.06049726029508093,0.8974811887407
26025,LOF,0.11426288443871505,0.06576636034454127,0.8199707552167438
26026,LOF,0.10133903113222843,0.04829053469710895,0.8503704341706626
26027,LOF,0.028599146185267856,0.03031461211831685,0.9410862416964153
26028,LOF,0.06298267595819994,0.16747662587255419,0.7695406981692459
26029,LOF,0.023801962597303685,0.16291617025121974,0.8132818671514767
26030,LOF,0.1275271737010324,0.023947020151477434,0.8485258061474901
26031,LOF,0.0111804474141151,0.15591587666967388,0.832903675916211
26032,LOF,0.036496992096193025,0.04445836158277988,0.9190446463210271
26033,LOF,0.04045949571980703,0.04397894659704359,0.9155615576831493
26034,LOF,0.015607786019262201,0.11633579107804642,0.8680564229026915
26035,LOF,0.010679270660398548,0.1112821706935188,0.8780385586460826
26036,LOF,0.010575465580834515,0.09602827354791256,0.8933962608712528
26037,LOF,0.010167974529034498,0.10119651122501601,0.8886355142459496
26038,LOF,0.030595538139700312,0.039972378593232175,0.9294320832670676
26039,LOF,0.029097419749246126,0.1338056104059918,0.8370969698447621
26040,LOF,0.0748952511352303,0.12002895488949623,0.8050757939752734
26041,LOF,0.01146061403087133,0.09969537636932083,0.8888440095998078
26042,LOF,0.01046649120724361,0.10477924541507831,0.8847542633776779
26043,LOF,0.030964019669582125,0.06417225794311603,0.9048637223873018
26044,LOF,0.007272307033093051,0.046730319943703975,0.945997373023203
26045,LOF,0.06255947541204636,0.145981450286941,0.7914590743010127
26046,LOF,0.028002012022068954,0.044785044316080005,0.927212943661851
26047,LOF,0.0609113408222036,0.04580987690786223,0.8932787822699342
26048,LOF,0.0912138421346873,0.017105219088784537,0.8916809387765282
26049,Neutral,0.939844088854254,0.00579848375435135,0.054357427391394646
26050,Neutral,0.9044490012271182,0.006398705370772042,0.08915229340210964
26051,LOF,0.027652582618821465,0.08728401812065541,0.8850633992605231
26052,LOF,0.030496340819435395,0.06872473066516893,0.9007789285153956
26053,LOF,0.0204967283233635,0.1380841600440105,0.8414191116326261
26054,LOF,0.048752047529429514,0.03928340261742646,0.911964549853144
26055,LOF,0.07146896788414019,0.036630456666289314,0.8919005754495706
26056,LOF,0.05919572346241512,0.04648107280807526,0.8943232037295096
26057,LOF,0.06172795616262039,0.021007650535266098,0.9172643933021135
26058,LOF,0.06650401118715217,0.016919760926276447,0.9165762278865713
26059,LOF,0.23257170525448645,0.033112597382180205,0.7343156973633334
26060,LOF,0.01563982023573758,0.19698456928076727,0.7873756104834951
26061,LOF,0.011254425134520093,0.01573296756474965,0.9730126073007304
26062,LOF,0.0056896237327943005,0.022054173101591964,0.9722562031656138
26063,LOF,0.05207692414994184,0.015958683328893573,0.9319643925211646
26064,LOF,0.015422201974971591,0.022010587523571913,0.9625672105014565
26065,LOF,0.06711250140534386,0.02122956943478513,0.911657929159871
26066,LOF,0.04699942400150012,0.01498285227616783,0.9380177237223322
26067,LOF,0.05833549124884446,0.014275183778820972,0.9273893249723345
26068,LOF,0.053490682560653986,0.04066559942464325,0.9058437180147026
26069,LOF,0.21972398917835753,0.029853111151135297,0.7504228996705071
26070,LOF,0.44016860854193834,0.021889514936607395,0.5379418765214543
26071,LOF,0.05323980293218107,0.01690170122246581,0.9298584958453532
26072,LOF,0.006448296617747578,0.023390475761019748,0.9701612276212327
26073,LOF,0.04243629167124886,0.018649790358119967,0.9389139179706312
26074,Neutral,0.7968743508988873,0.013707468072638644,0.1894181810284742
26075,LOF,0.047443699946107504,0.03299465571236795,0.9195616443415247
26076,LOF,0.045084752792692015,0.016244382176221196,0.9386708650310869
26077,LOF,0.15615541451392187,0.012207608207932897,0.8316369772781452
26078,LOF,0.006336711409296791,0.02532166805064943,0.9683416205400539
26079,LOF,0.05744682621316943,0.026697142125599673,0.9158560316612309
26080,LOF,0.05671082851078787,0.026776958873175005,0.916512212616037
26081,LOF,0.04218201479555119,0.014128773676447519,0.9436892115280013
26082,LOF,0.006428571250650445,0.022704753550806273,0.9708666751985432
26083,LOF,0.11038939958465127,0.027065876910223965,0.8625447235051248
26084,LOF,0.12208078423335264,0.025036621751637567,0.8528825940150099
26085,LOF,0.11265907703324084,0.020549507845644348,0.8667914151211148
26086,LOF,0.04237203812741114,0.019532053287973514,0.9380959085846153
26087,LOF,0.0422068450743028,0.016476603031885646,0.9413165518938115
26088,LOF,0.006647215272789068,0.035879683039956,0.9574731016872549
26089,LOF,0.04100844659909887,0.04297416419858923,0.9160173892023118
26090,LOF,0.04127723841876369,0.03303078493764707,0.9256919766435894
26091,LOF,0.0311218058308554,0.012364054270692286,0.9565141398984525
26092,LOF,0.05022601402083289,0.013992219732322167,0.935781766246845
26093,LOF,0.06514906625994069,0.009580907949258605,0.9252700257908008
26094,LOF,0.03573216418573963,0.011195424040537595,0.9530724117737227
26095,LOF,0.01900257474291397,0.023998361814161494,0.9569990634429245
26096,LOF,0.22741221651557497,0.00705745108671702,0.765530332397708
26097,LOF,0.006190430900686073,0.05742778406401416,0.9363817850352998
26098,LOF,0.09449529980417068,0.026389362536879575,0.8791153376589498
26099,LOF,0.04682266069648641,0.028875232383248232,0.9243021069202654
26100,LOF,0.04682178201540085,0.02887469050629893,0.9243035274783001
26101,LOF,0.05070684966380242,0.04891228171690937,0.9003808686192882
26102,LOF,0.03808619638681208,0.023529651680056836,0.9383841519331311
26103,Neutral,0.8961937071331995,0.032043644137208865,0.07176264872959162
26104,LOF,0.053104960806694905,0.045125072208988086,0.901769966984317
26105,LOF,0.2280898765724728,0.13015414366206352,0.6417559797654637
26106,LOF,0.3544538728558568,0.048313681055229325,0.597232446088914
26107,LOF,0.02049310438681894,0.06712675852311828,0.9123801370900627
26108,LOF,0.20211894563814453,0.05398339098744746,0.7438976633744079
26109,LOF,0.05470197632822671,0.03547331210714581,0.9098247115646275
26110,LOF,0.4280359899803687,0.013929669985950697,0.5580343400336807
26111,LOF,0.0638413822328518,0.10378508299305822,0.83237353477409
26112,LOF,0.05829354582385217,0.011871899513873067,0.9298345546622748
26113,LOF,0.11528332202429697,0.033885848560161816,0.8508308294155411
26114,LOF,0.09313328291597828,0.00613347734297403,0.9007332397410476
26115,LOF,0.01949590520812881,0.04318603464728688,0.9373180601445843
26116,LOF,0.08650704382169207,0.01847855615821306,0.8950144000200949
26117,LOF,0.33785244035264744,0.05582248614333798,0.6063250735040145
26118,LOF,0.03573182536376543,0.02699150197522778,0.9372766726610067
26119,LOF,0.005343679041188261,0.12620236577695373,0.8684539551818581
26120,LOF,0.031200100728203485,0.023234348598428104,0.9455655506733683
26121,LOF,0.003937423473478798,0.16575854292024858,0.8303040336062726
