feature0,prediction,LoGoFunc_Neutral,LoGoFunc_GOF,LoGoFunc_LOF
25546,Neutral,0.7447393687405638,0.03699127179163989,0.21826935946779624
25547,Neutral,0.5965050812466391,0.07224036849114865,0.33125455026221223
25548,Neutral,0.5997465980783823,0.050314045853328576,0.3499393560682892
25549,Neutral,0.5219071587966708,0.050355781170799634,0.4277370600325294
25550,LOF,0.3635685345150518,0.09474293120127818,0.54168853428367
25551,LOF,0.30184589159757264,0.10564241432934841,0.5925116940730789
25552,LOF,0.21777885330430594,0.09907961062660263,0.6831415360690914
25553,Neutral,0.8499753193859316,0.02636587790230097,0.1236588027117674
25554,LOF,0.25154799137272277,0.09371688301076422,0.6547351256165129
25555,LOF,0.2110386722612908,0.08362118378924083,0.7053401439494684
25556,LOF,0.42100537008021577,0.08766855131621057,0.4913260786035737
25557,LOF,0.20360596079864715,0.08775670590280717,0.7086373332985457
25558,LOF,0.2363279835421184,0.09352749143371716,0.6701445250241644
25559,LOF,0.3707343963834329,0.1360177605266976,0.4932478430898695
25560,LOF,0.04919266498721394,0.1214738367454605,0.8293334982673256
25561,LOF,0.11269688455875923,0.11477709537859718,0.7725260200626436
25562,LOF,0.09741955806429156,0.05419282662356229,0.8483876153121461
25563,LOF,0.10999824432256182,0.05921090691613072,0.8307908487613075
25564,LOF,0.23367134744887075,0.11035795837194187,0.6559706941791874
25565,LOF,0.14140803625711046,0.13024265939625787,0.7283493043466317
25566,GOF,0.015284559149299494,0.7875760411671285,0.19713939968357186
25567,LOF,0.015241471937069921,0.17465845655618553,0.8101000715067446
25568,LOF,0.049910326916616315,0.06834979467124654,0.8817398784121372
25569,LOF,0.059092975288474466,0.06515962380181232,0.8757474009097133
25570,LOF,0.05854141738868882,0.09973489692099541,0.8417236856903159
25571,LOF,0.05052849050943895,0.09486993836492713,0.854601571125634
25572,LOF,0.06065722886951723,0.12430286454233752,0.8150399065881452
25573,LOF,0.03460316704575265,0.09941451074456353,0.8659823222096839
25574,LOF,0.0225021165887138,0.1475025580368997,0.8299953253743864
25575,LOF,0.04397580434026975,0.1127529091012024,0.8432712865585278
25576,LOF,0.017220147948653643,0.13068514805732712,0.8520947039940193
25577,LOF,0.016798675450099283,0.12003505478053121,0.8631662697693695
25578,LOF,0.30093018566090884,0.08386981270546337,0.6152000016336278
25579,LOF,0.15165714840926744,0.09911807080019619,0.7492247807905363
25580,LOF,0.031243350014464703,0.07919238749988594,0.8895642624856493
25581,LOF,0.05201261074542492,0.06816984561168309,0.879817543642892
25582,LOF,0.05142084127673586,0.06708727098517707,0.8814918877380871
25583,LOF,0.03871197502767646,0.09335959528662552,0.867928429685698
25584,Neutral,0.48645319963617994,0.10395097793438303,0.409595822429437
25585,LOF,0.023765789307385963,0.12210799368502974,0.8541262170075843
25586,LOF,0.030737722369845764,0.07713986462920962,0.8921224130009446
25587,LOF,0.030406557577231624,0.07126768318835634,0.898325759234412
25588,LOF,0.029345634688406,0.08515033684127571,0.8855040284703183
25589,Neutral,0.6110353988915802,0.12789749242774992,0.26106710868066996
25590,LOF,0.030708472459728194,0.13461177783653447,0.8346797497037373
25591,LOF,0.09743137458796655,0.059181946455864776,0.8433866789561687
25592,LOF,0.0929971207436205,0.13227416641807238,0.7747287128383071
25593,LOF,0.03405397810918328,0.2708067901617484,0.6951392317290683
25594,LOF,0.048624335354286535,0.16792548987048864,0.7834501747752248
25595,LOF,0.05201832080531887,0.11355499626830623,0.8344266829263749
25596,LOF,0.04920635340669676,0.09291950766612478,0.8578741389271783
25597,LOF,0.036279727740486135,0.09931086334535179,0.864409408914162
25598,LOF,0.05064472863409623,0.11220644474200675,0.8371488266238969
25599,GOF,0.0077733601662840065,0.62354980143368,0.368676838400036
25600,GOF,0.014275924855549496,0.5866913410682296,0.39903273407622075
25601,LOF,0.010588099911205663,0.4492853338579246,0.5401265662308697
25602,LOF,0.023406517867062052,0.04411937891567027,0.9324741032172676
25603,LOF,0.053235830156227015,0.02404745314584999,0.922716716697923
25604,LOF,0.041947775381466476,0.034618091836541624,0.9234341327819919
25605,LOF,0.010152584665864765,0.19683612352456653,0.7930112918095688
25606,LOF,0.07311345971542424,0.3733102627819978,0.553576277502578
25607,LOF,0.006030969641414925,0.18283278075541337,0.8111362496031717
25608,LOF,0.051309514328789246,0.0681591522122021,0.8805313334590086
25609,LOF,0.04439577706463425,0.4154729998082047,0.5401312231271612
25610,LOF,0.03458750754503371,0.027075030549805704,0.9383374619051605
25611,LOF,0.040839489511622154,0.02611889005471432,0.9330416204336635
25612,LOF,0.09596528627889102,0.04002992189023189,0.8640047918308771
25613,LOF,0.07870390260272589,0.03948629616397581,0.8818098012332982
25614,LOF,0.027281308282870904,0.035566864224849,0.9371518274922801
25615,LOF,0.04805780633486064,0.04191574973512422,0.9100264439300152
25616,LOF,0.026032792843300068,0.03627171814678926,0.9376954890099106
25617,LOF,0.026575273698782525,0.041400737067356544,0.9320239892338609
25618,LOF,0.14089595875757324,0.032066985538984405,0.8270370557034423
25619,LOF,0.028168553246060407,0.03345833456598103,0.9383731121879585
25620,LOF,0.032297952009937014,0.043395244770750824,0.9243068032193121
25621,LOF,0.026011401795560767,0.03646125563808892,0.9375273425663503
25622,LOF,0.030345138702745595,0.0397585732873801,0.9298962880098743
25623,LOF,0.04879145017950397,0.03989200601815551,0.9113165438023405
25624,LOF,0.024847860693844783,0.04430197058826964,0.9308501687178855
25625,LOF,0.031914698943373614,0.049080249612233375,0.9190050514443929
25626,LOF,0.08425758340233144,0.035126661830061565,0.880615754767607
25627,Neutral,0.5384590025875452,0.11989467409603614,0.34164632331641864
25628,LOF,0.21975930830043441,0.05113387064160696,0.7291068210579585
25629,LOF,0.0639535257252636,0.059924030563712705,0.8761224437110238
25630,LOF,0.17353741891623,0.08182541438520217,0.7446371666985678
25631,Neutral,0.6063835545243337,0.05371906512594606,0.33989738034972033
25632,LOF,0.014852605694830573,0.09809112654447247,0.8870562677606969
25633,LOF,0.11772285494658843,0.08936632230974993,0.7929108227436618
25634,LOF,0.03296871902725542,0.10915556960832919,0.8578757113644154
25635,LOF,0.037390753663482455,0.09520465121886554,0.867404595117652
25636,GOF,0.0037155843659583444,0.6636443486480824,0.3326400669859592
25637,GOF,0.0033499550536492573,0.6943143300538877,0.302335714892463
25638,LOF,0.0071659266645959585,0.43406325661968576,0.5587708167157183
25639,GOF,0.0036490622156906023,0.5538837559280867,0.44246718185622264
25640,Neutral,0.47298607618298283,0.4550086959654931,0.07200522785152408
25641,LOF,0.007400576041239161,0.3623396316972084,0.6302597922615524
25642,LOF,0.2503370415998634,0.08079127599877303,0.6688716824013636
25643,LOF,0.23648333701503277,0.17541366756440582,0.5881029954205614
25644,GOF,0.014614596070170495,0.5109142897221702,0.47447111420765925
25645,LOF,0.011466848950728616,0.4517319349694708,0.5368012160798006
25646,LOF,0.01874625725744623,0.32057824120281037,0.6606755015397434
25647,LOF,0.015310914261828871,0.27879430802711375,0.7058947777110575
25648,LOF,0.013947146911562526,0.29662259834509974,0.6894302547433377
25649,LOF,0.010780478593755029,0.21489828539059938,0.7743212360156455
25650,LOF,0.027710406687615607,0.45143209879196394,0.5208574945204205
25651,LOF,0.008458123661846903,0.28609387519482693,0.7054480011433262
25652,LOF,0.013408160071030718,0.24928740018195042,0.7373044397470188
25653,LOF,0.053309776957321545,0.3556643802674895,0.591025842775189
25654,LOF,0.014907877604431505,0.1625253642444417,0.8225667581511268
25655,LOF,0.06558892766991772,0.4227655532847342,0.5116455190453482
25656,LOF,0.09479598911817691,0.0796590730588596,0.8255449378229635
25657,LOF,0.3249397426260032,0.03758307850293783,0.637477178871059
25658,LOF,0.04362746884801165,0.10776720834349549,0.8486053228084929
25659,LOF,0.3309515801472872,0.07625388473778048,0.5927945351149324
25660,LOF,0.06905088236012585,0.09518500269857993,0.8357641149412942
25661,LOF,0.048889116558899944,0.07368648692996872,0.8774243965111314
25662,LOF,0.027931114798982325,0.04941755336660546,0.9226513318344122
25663,LOF,0.03727899806333617,0.06836375828334045,0.8943572436533233
25664,LOF,0.03807229091881842,0.09015932495007123,0.8717683841311102
25665,LOF,0.05878652575588284,0.0467943755710948,0.8944190986730223
25666,LOF,0.033079226396071,0.13442312369769263,0.8324976499062364
25667,LOF,0.031826446598424867,0.05416676772123386,0.9140067856803412
25668,LOF,0.03199468390889899,0.060762298063232294,0.9072430180278687
25669,LOF,0.040101632538173004,0.0886514956610278,0.8712468718007992
25670,LOF,0.08208020009513593,0.08713478453454258,0.8307850153703215
25671,LOF,0.040409262527921756,0.04864240899151397,0.9109483284805643
25672,LOF,0.05974661167978321,0.06859206184119696,0.8716613264790197
25673,LOF,0.03892762453615858,0.07277225305184694,0.8883001224119945
25674,LOF,0.035689469287174785,0.07717125659590399,0.8871392741169213
25675,LOF,0.043463684843245,0.06302627315915085,0.8935100419976042
25676,LOF,0.03379037322248959,0.058531347326162955,0.9076782794513475
25677,LOF,0.06455113433726355,0.06743912927833175,0.8680097363844046
25678,LOF,0.3023180110858288,0.03722239577080164,0.6604595931433695
25679,LOF,0.17604418731681173,0.07145241784538242,0.7525033948378058
25680,LOF,0.05880911013497144,0.10047425434530034,0.8407166355197282
25681,LOF,0.1069969818910405,0.09369788549331472,0.7993051326156447
25682,LOF,0.04474518791682296,0.07997816091901232,0.8752766511641648
25683,LOF,0.08564503562310744,0.10668838786529189,0.8076665765116008
25684,LOF,0.06050367883979308,0.07640763967003725,0.8630886814901697
25685,LOF,0.0974153672842437,0.055453452936826096,0.8471311797789302
25686,LOF,0.027054174052352165,0.10255796625699917,0.8703878596906487
25687,LOF,0.04865898827059153,0.07987367491677944,0.871467336812629
25688,LOF,0.024481353169832035,0.08544775842935148,0.8900708884008165
25689,LOF,0.0172426539578067,0.07850943252257644,0.9042479135196168
25690,LOF,0.021396345498525583,0.08855029130666714,0.8900533631948073
25691,LOF,0.16891678134233223,0.11822320966869299,0.7128600089889747
25692,LOF,0.2920095505771718,0.01128025971514107,0.6967101897076872
25693,LOF,0.07597316208109962,0.1490239205025764,0.775002917416324
25694,LOF,0.2486707048669036,0.015368062359285978,0.7359612327738104
25695,LOF,0.1646247770081796,0.018446148979867252,0.8169290740119531
25696,LOF,0.17710383223547033,0.010150767073789509,0.8127454006907402
25697,LOF,0.1357076144315738,0.023382989233629095,0.8409093963347971
25698,LOF,0.042206293628253615,0.4091613875867244,0.548632318785022
25699,LOF,0.06611400911634285,0.07144592819977114,0.8624400626838861
25700,LOF,0.031378249748422675,0.010511135896444132,0.9581106143551331
25701,LOF,0.014826973796110624,0.072400817907618,0.9127722082962714
25702,GOF,0.037337831311413834,0.7446360965190393,0.21802607216954684
25703,LOF,0.020779500617012028,0.1987053768922806,0.7805151224907073
25704,LOF,0.09034258256390838,0.1571955448979819,0.7524618725381097
25705,LOF,0.060284146138822124,0.23166451829172588,0.708051335569452
25706,GOF,0.05738951172913602,0.6080589231872467,0.33455156508361716
25707,GOF,0.02978624239103871,0.5218310306539189,0.4483827269550424
25708,LOF,0.009208843726040923,0.46017244999044,0.530618706283519
25709,LOF,0.019314680316537772,0.06704918742527662,0.9136361322581857
25710,LOF,0.00826511789577312,0.18208922017934567,0.8096456619248812
25711,LOF,0.021793020483125067,0.12634380613138205,0.8518631733854929
25712,LOF,0.009477839155736014,0.23243767093081266,0.7580844899134513
25713,LOF,0.01934228966657996,0.10764510389583036,0.8730126064375897
25714,LOF,0.020914133010353896,0.142585745137464,0.836500121852182
25715,LOF,0.020160545027311946,0.11785933382920409,0.8619801211434839
25716,LOF,0.011821569054091015,0.1576076069156279,0.8305708240302812
25717,LOF,0.005297250364331552,0.14697893617244223,0.8477238134632263
25718,LOF,0.017598966394254477,0.08022128983545505,0.9021797437702904
25719,LOF,0.033813581787335026,0.08715870280023985,0.8790277154124252
25720,LOF,0.023159358418041023,0.08857938364931561,0.8882612579326433
25721,LOF,0.024825436883376874,0.09386550212159063,0.8813090609950325
25722,LOF,0.018394133147518487,0.12356389167426665,0.8580419751782149
25723,LOF,0.021506792005073456,0.07141836484978378,0.9070748431451428
25724,LOF,0.030019681259669497,0.10697953027650027,0.8630007884638301
25725,LOF,0.02251737716925342,0.06751796166433707,0.9099646611664096
25726,LOF,0.016257187544189734,0.10294528648868095,0.8807975259671293
25727,LOF,0.02033389765994739,0.08735365783393019,0.8923124445061223
25728,LOF,0.01834945884335205,0.10222205961779611,0.8794284815388519
25729,LOF,0.019045218699096925,0.10542472097909915,0.8755300603218038
25730,LOF,0.020452536864771394,0.08708678222461386,0.8924606809106148
25731,LOF,0.010070997478268215,0.17649011177389431,0.8134388907478375
25732,LOF,0.019400875643678556,0.09002539437201254,0.890573729984309
25733,LOF,0.030076001737424696,0.08746746701098813,0.8824565312515872
25734,LOF,0.006742098269520325,0.21698046809617144,0.7762774336343082
25735,LOF,0.024058319413488318,0.07457863539316707,0.9013630451933446
25736,LOF,0.022471136820048407,0.11347957352213091,0.8640492896578207
25737,LOF,0.04306007300430517,0.09601338513620536,0.8609265418594895
25738,LOF,0.020701009336209573,0.14291841787740242,0.8363805727863881
25739,LOF,0.021521176792393255,0.14781165185720035,0.8306671713504064
25740,LOF,0.0499085339819918,0.13892384006862937,0.8111676259493789
25741,LOF,0.027402228714074824,0.11772288068498403,0.8548748906009411
25742,LOF,0.03845851719940748,0.1344852630637704,0.8270562197368222
25743,LOF,0.012342175281696779,0.044999062575735764,0.9426587621425674
25744,GOF,0.1507867919296241,0.4263096075490729,0.422903600521303
25745,LOF,0.024397607498110426,0.07044225416811378,0.9051601383337758
25746,LOF,0.013180374165674481,0.09041439962255499,0.8964052262117705
25747,LOF,0.03523297877106647,0.03329578756915841,0.9314712336597752
25748,LOF,0.20380911373297142,0.05842661455432676,0.7377642717127018
25749,LOF,0.013473232730180503,0.05789638004530057,0.9286303872245188
25750,LOF,0.015604276638755105,0.08317016611954874,0.9012255572416962
25751,LOF,0.036896050986464375,0.06927884234288843,0.8938251066706472
25752,GOF,0.09212964421275101,0.6907878903154366,0.21708246547181248
25753,LOF,0.006460548021724476,0.39235061290882023,0.6011888390694552
25754,GOF,0.004945733813799166,0.8670172775314132,0.12803698865478763
25755,LOF,0.008912542812739834,0.44835493366793006,0.5427325235193301
25756,LOF,0.04912135009289502,0.4549971675982049,0.4958814823089001
25757,GOF,0.006529290436310768,0.876044145124931,0.1174265644387582
25758,GOF,0.009185529894511355,0.8821394365875191,0.10867503351796948
25759,GOF,0.004677411745911731,0.6073875856038597,0.38793500265022846
25760,LOF,0.00709178799054513,0.3049843581532787,0.6879238538561763
25761,GOF,0.04844112778323841,0.8597235190262471,0.09183535319051445
25762,LOF,0.02789444337546263,0.3951724015675144,0.576933155057023
25763,LOF,0.007685052886520094,0.267928102754198,0.724386844359282
25764,GOF,0.07328616897627943,0.6434701386610036,0.28324369236271696
25765,GOF,0.007911503419269031,0.8503297848794102,0.14175871170132057
25766,GOF,0.04833965438186102,0.8082796357609223,0.14338070985721652
25767,GOF,0.01452219649775616,0.5544616165572887,0.43101618694495514
25768,LOF,0.033882931656155496,0.08699659323663016,0.8791204751072144
25769,LOF,0.021681261193957295,0.08346934746674245,0.8948493913393003
25770,LOF,0.1452466270659318,0.07024840078328494,0.7845049721507832
25771,LOF,0.011068466369227219,0.08112253361989907,0.9078090000108736
25772,LOF,0.022497654102822118,0.03165422629517047,0.9458481196020075
25773,LOF,0.013211690253668314,0.08150701838016616,0.9052812913661656
25774,LOF,0.028272457841225156,0.08899043682235791,0.8827371053364169
25775,LOF,0.017089816758379197,0.03924150531058963,0.9436686779310312
25776,LOF,0.024860024198223817,0.02856099903479705,0.9465789767669792
25777,LOF,0.1915525042123115,0.07241201110959518,0.7360354846780932
25778,LOF,0.019540434727996832,0.05999911785818715,0.9204604474138159
25779,GOF,0.03766898005486649,0.9047319803911179,0.05759903955401565
25780,GOF,0.07145698737011244,0.8840307326177039,0.044512280012183776
25781,GOF,0.024444865752623116,0.882171429031,0.09338370521637676
25782,GOF,0.03269787496335565,0.9110057464594334,0.05629637857721086
25783,GOF,0.0179736280384866,0.799343953022674,0.18268241893883946
25784,GOF,0.11565107593503235,0.8542365901737218,0.030112333891245912
25785,GOF,0.06797509020048374,0.8926870486483157,0.03933786115120053
25786,GOF,0.006271243350216824,0.8491672900277888,0.14456146662199437
25787,GOF,0.19475911963833928,0.7711882700406407,0.03405261032102001
25788,LOF,0.015485382130557572,0.21544391340602725,0.7690707044634152
25789,GOF,0.020172703997095556,0.8742733297797316,0.10555396622317285
25790,GOF,0.023061745502254382,0.8720504164939816,0.10488783800376411
25791,GOF,0.01630037877392647,0.8392514354320005,0.1444481857940729
25792,GOF,0.026247039973238014,0.8479114902931068,0.12584146973365526
25793,GOF,0.08084829451376883,0.8336976455137506,0.08545405997248051
25794,GOF,0.07450684060038379,0.7535735565830951,0.17191960281652122
25795,GOF,0.07530645311192266,0.7778381208401937,0.14685542604788368
25796,GOF,0.08478369468649877,0.8254988454769328,0.08971745983656865
25797,GOF,0.0385077675060681,0.7182399765698755,0.2432522559240565
25798,GOF,0.0029428054049912716,0.6701897174675606,0.32686747712744807
25799,GOF,0.0031933889941792126,0.550797679871844,0.44600893113397677
25800,GOF,0.014589370246680347,0.757902305366849,0.2275083243864707
25801,GOF,0.01927593320628329,0.8902479595144496,0.09047610727926708
25802,GOF,0.022374504358999816,0.8251072844204917,0.15251821122050843
25803,GOF,0.01159139089583814,0.7326685535677746,0.25574005553638723
25804,GOF,0.014449745018447766,0.6580700765944503,0.3274801783871019
25805,GOF,0.025518411282904763,0.7381237640177948,0.2363578246993004
25806,GOF,0.02006234454934013,0.7872886020858633,0.19264905336479657
25807,GOF,0.005696105794972459,0.7681519878996433,0.22615190630538404
25808,GOF,0.015181079624170646,0.7730310462951255,0.2117878740807037
25809,GOF,0.007089547894190424,0.7581225197053388,0.2347879324004708
25810,GOF,0.006041037562698953,0.7595478077978951,0.23441115463940598
25811,GOF,0.060345057281153795,0.8712119435129745,0.06844299920587171
25812,GOF,0.017753192306718298,0.7592648290500147,0.222981978643267
25813,GOF,0.10034661468790942,0.8093294776301589,0.09032390768193162
25814,GOF,0.02802682672256885,0.814591251225605,0.15738192205182613
25815,GOF,0.05937720304312572,0.8442475545190271,0.09637524243784708
25816,GOF,0.007564730220297447,0.87699778348806,0.11543748629164244
25817,GOF,0.10970869974937494,0.7995200899488505,0.09077121030177455
25818,GOF,0.029952623264348364,0.8311610645997731,0.1388863121358786
25819,GOF,0.06928257990912894,0.7741314418453287,0.15658597824554232
25820,GOF,0.03449233761322989,0.7784708574872911,0.18703680489947905
25821,GOF,0.021451315009715678,0.7739364373149203,0.20461224767536393
25822,GOF,0.04065180128451858,0.7859956953820183,0.17335250333346297
25823,GOF,0.015128645369271054,0.659746615758167,0.32512473887256194
25824,GOF,0.02632284667664946,0.7808158507245138,0.1928613025988369
25825,GOF,0.01514832320849482,0.7665756757154769,0.2182760010760282
25826,GOF,0.005608931350774582,0.7468123456524253,0.24757872299680014
25827,GOF,0.008192514479374201,0.7191261325698739,0.2726813529507519
25828,GOF,0.006543032189135314,0.6937566250311449,0.2997003427797199
25829,GOF,0.003114127420613035,0.7313366351534641,0.2655492374259228
25830,GOF,0.039461200826200415,0.5185889354601388,0.4419498637136607
25831,GOF,0.08860661409729355,0.8097249184462818,0.10166846745642472
25832,GOF,0.010915685531362613,0.8228358043599425,0.16624851010869482
25833,GOF,0.04184488789625243,0.855976674417715,0.10217843768603278
25834,GOF,0.0114977955939066,0.8373371217118949,0.15116508269419857
25835,GOF,0.023176049523613455,0.8729525306883161,0.10387141978807042
25836,GOF,0.007824684102091268,0.8437545241793521,0.14842079171855663
25837,GOF,0.00704413807106715,0.7351603326716067,0.25779552925732613
25838,GOF,0.023243831034138917,0.8793447971154693,0.09741137185039173
25839,GOF,0.04770333868007591,0.8658947656349767,0.08640189568494733
25840,GOF,0.08541403380680819,0.8451823118604896,0.06940365433270218
25841,GOF,0.07871042309538877,0.8545964421160303,0.06669313478858084
25842,GOF,0.029571016128096064,0.8999164462672221,0.07051253760468182
25843,GOF,0.02972858284216045,0.9026126691480627,0.06765874800977674
25844,GOF,0.01632624640949472,0.8538159981759974,0.12985775541450786
25845,GOF,0.006534135268400592,0.6607806021291308,0.33268526260246845
25846,GOF,0.08078396360136661,0.8483073835516658,0.07090865284696782
25847,GOF,0.01967297585171869,0.9096070697632189,0.07071995438506248
25848,GOF,0.01795210316930402,0.8752256537840606,0.1068222430466353
25849,GOF,0.005540162758298519,0.7700298565305383,0.22442998071116319
25850,GOF,0.007487617630848719,0.7961089388369416,0.19640344353220968
25851,GOF,0.006455441333520825,0.6695865338182388,0.3239580248482404
25852,GOF,0.13977616726171133,0.6011173173496995,0.25910651538858914
25853,GOF,0.07868345959617663,0.839681618532958,0.08163492187086527
25854,GOF,0.006143296274329813,0.7085673315672966,0.28528937215837363
25855,GOF,0.015872869986144653,0.6561730269663808,0.32795410304747447
25856,GOF,0.03955769335654198,0.7996791749400737,0.1607631317033842
25857,GOF,0.018536633413316773,0.6540403748266556,0.32742299176002776
25858,GOF,0.009039944050259012,0.6731044591935171,0.317855596756224
25859,GOF,0.005640585074646291,0.6407991236987255,0.3535602912266282
25860,GOF,0.0978633802339522,0.8210291911434702,0.08110742862257765
25861,GOF,0.08366010212325536,0.8304509444197817,0.08588895345696285
25862,GOF,0.021745933905984137,0.8700869903969156,0.10816707569710023
25863,GOF,0.021715407664227214,0.8806533657478023,0.09763122658797062
25864,GOF,0.053906693460687806,0.8788720961750159,0.06722121036429624
25865,GOF,0.03712668598579848,0.8504508070453162,0.11242250696888538
25866,GOF,0.025622387637990338,0.8746992169913995,0.09967839537061016
25867,GOF,0.035565824028342734,0.8874196923493031,0.07701448362235415
25868,GOF,0.047695916047154764,0.8579007158470621,0.0944033681057832
25869,GOF,0.3662305401082725,0.5687918013263371,0.06497765856539046
25870,GOF,0.07046709891711984,0.6966359940458032,0.232896907037077
25871,GOF,0.009818407836025582,0.8963041404390762,0.09387745172489816
25872,GOF,0.022301884489025314,0.884158160400986,0.09353995510998876
25873,GOF,0.021576354496539503,0.9007837392438204,0.07763990625964011
25874,LOF,0.017368975696223102,0.22896874691525912,0.7536622773885178
25875,LOF,0.06334530880940555,0.049035671482905434,0.8876190197076891
25876,LOF,0.016507556630526502,0.04145466492249596,0.9420377784469776
25877,LOF,0.11875285882726382,0.09474749467398973,0.7864996464987466
25878,LOF,0.0704869866240361,0.1320102939812328,0.7975027193947312
25879,LOF,0.03245811353078777,0.09532600067289096,0.8722158857963213
25880,LOF,0.056863093793212596,0.013900399898254766,0.9292365063085326
25881,Neutral,0.5142334662902047,0.0718525248889072,0.413914008820888
25882,LOF,0.08521156162784886,0.025551439071133407,0.8892369993010177
25883,LOF,0.02843548918345369,0.026153645192257272,0.945410865624289
25884,LOF,0.02195102517432201,0.04998216032955952,0.9280668144961186
25885,LOF,0.22762051420198393,0.011734846582223912,0.7606446392157922
25886,LOF,0.1658547720946347,0.056418102024212276,0.7777271258811529
25887,LOF,0.19056023914908246,0.06644264702556521,0.7429971138253523
25888,LOF,0.012250669530835747,0.14749478624452045,0.8402545442246439
25889,LOF,0.026326338045652046,0.03426765411814289,0.939406007836205
25890,LOF,0.13522892725196275,0.12463638333803276,0.7401346894100045
25891,LOF,0.09990744171156636,0.028718487796837378,0.8713740704915962
25892,LOF,0.008420570225025823,0.03178462374685892,0.9597948060281153
25893,LOF,0.3931897821081777,0.007948360677027791,0.5988618572147946
25894,LOF,0.42128990101143066,0.004457731282185634,0.5742523677063838
25895,LOF,0.32279391680490616,0.010501714915945601,0.6667043682791483
25896,LOF,0.06632657570987802,0.017379069983327215,0.9162943543067948
25897,LOF,0.18155420052267657,0.008333841132077123,0.8101119583452463
25898,LOF,0.17284307146501612,0.02485288915384279,0.8023040393811411
25899,LOF,0.3650312294947792,0.018032660122772954,0.6169361103824479
25900,LOF,0.4529171228940979,0.008214008840021303,0.5388688682658808
25901,LOF,0.0675248576673555,0.007695294525600061,0.9247798478070444
25902,LOF,0.18959681331660927,0.00894093520174733,0.8014622514816433
25903,LOF,0.4015108332093344,0.021669569136541503,0.576819597654124
25904,Neutral,0.508416422682378,0.024334097735273123,0.46724947958234897
25905,LOF,0.004877074116398601,0.4693707344180203,0.5257521914655812
25906,LOF,0.008936538678057927,0.11613449196419083,0.8749289693577512
25907,LOF,0.004678601219225006,0.3460473817113494,0.6492740170694256
25908,LOF,0.004741227156570503,0.25241270959583245,0.742846063247597
25909,LOF,0.026234857963954274,0.15716950799815707,0.8165956340378887
25910,LOF,0.011839063997079801,0.1225612662816114,0.8655996697213088
25911,LOF,0.3244410373654085,0.03721600498131616,0.6383429576532753
25912,LOF,0.07923870714507047,0.041370723274573806,0.8793905695803558
25913,LOF,0.042673442124360715,0.06830385129076355,0.8890227065848758
25914,LOF,0.03864291544593609,0.042648417363014404,0.9187086671910494
25915,LOF,0.19047226592751706,0.21033782239587662,0.5991899116766064
25916,LOF,0.03517384441641437,0.12106143634814184,0.8437647192354438
25917,LOF,0.07327281516107344,0.038173836466751175,0.8885533483721753
25918,LOF,0.04442951623637686,0.027604227074878092,0.927966256688745
25919,LOF,0.04062225101235599,0.026437786665126493,0.9329399623225175
25920,LOF,0.23122849358184996,0.23842635378202948,0.5303451526361205
25921,LOF,0.01619094703886964,0.03782930152284973,0.9459797514382806
25922,LOF,0.020103016530373042,0.03357086133403426,0.9463261221355928
25923,LOF,0.48050305755836603,0.029870589631054534,0.4896263528105793
25924,LOF,0.02165517327774343,0.053033815219775904,0.9253110115024806
25925,LOF,0.08477289794711307,0.0450527435342493,0.8701743585186376
25926,LOF,0.06688998005563704,0.042202394068505844,0.8909076258758571
25927,LOF,0.02765197592864246,0.06404369828001062,0.908304325791347
25928,LOF,0.010028074502933705,0.052408594146164486,0.9375633313509018
25929,Neutral,0.568189692608971,0.02871674528386825,0.40309356210716074
25930,LOF,0.08013505817588402,0.029452904108023183,0.8904120377160928
25931,LOF,0.013423620807973232,0.03539522926293249,0.9511811499290944
25932,LOF,0.06855847755830964,0.02956319810617119,0.9018783243355192
25933,LOF,0.062186015578532795,0.0188732424057288,0.9189407420157384
25934,LOF,0.05745720930662284,0.018050830079194693,0.9244919606141825
25935,LOF,0.07591471846407394,0.05583215700143077,0.8682531245344953
25936,LOF,0.09959082275377945,0.019435956659831232,0.8809732205863894
25937,LOF,0.01982669466480624,0.0390776161879995,0.9410956891471943
25938,LOF,0.07466057721207031,0.04724377078614374,0.878095652001786
25939,LOF,0.043021988550490754,0.0242373446267747,0.9327406668227346
25940,LOF,0.008603260996367589,0.36377163422532865,0.6276251047783037
25941,Neutral,0.49362433841614817,0.03877889500894642,0.46759676657490545
25942,LOF,0.008885896117538683,0.05014279085587996,0.9409713130265813
25943,LOF,0.03783194639749573,0.16777874539902274,0.7943893082034815
25944,LOF,0.059178928759753155,0.07848787122693236,0.8623332000133144
25945,LOF,0.1238178645192475,0.021862145138428404,0.8543199903423241
25946,LOF,0.06856354797282319,0.04630757981695065,0.8851288722102262
25947,Neutral,0.47169615591020897,0.11134891637603204,0.416954927713759
25948,LOF,0.42416046327468127,0.016768948007324747,0.5590705887179941
25949,LOF,0.14157612837672065,0.07013198556045706,0.7882918860628222
25950,GOF,0.0647297188261163,0.6032513014701878,0.3320189797036959
25951,LOF,0.01389815350036382,0.4368933242234697,0.5492085222761665
25952,LOF,0.2937015360894792,0.3221335681534808,0.3841648957570401
25953,LOF,0.006904567438812286,0.195002182719577,0.7980932498416108
25954,GOF,0.0864779462812815,0.5086555289722804,0.40486652474643814
25955,LOF,0.005999344257036081,0.1830541124346323,0.8109465433083316
25956,LOF,0.01998516816308379,0.25790957946407095,0.7221052523728452
25957,LOF,0.18274018656380087,0.03198295529185088,0.7852768581443483
25958,LOF,0.031025388137505012,0.04334444253819385,0.9256301693243011
25959,GOF,0.015276432184573816,0.6677518866519544,0.31697168116347174
25960,LOF,0.006373071050218223,0.0669326151309851,0.9266943138187967
25961,LOF,0.030696658636602543,0.03645877592344916,0.9328445654399483
25962,LOF,0.041949075383237694,0.06680518784706589,0.8912457367696964
25963,LOF,0.005114739277020246,0.18339603612501224,0.8114892245979676
25964,LOF,0.027937216753882707,0.1269345380149764,0.8451282452311409
25965,LOF,0.24720037188588312,0.12057058646117373,0.632229041652943
25966,Neutral,0.4606604216674655,0.1527252191094407,0.38661435922309373
25967,LOF,0.008401676673937129,0.09495862388174539,0.8966396994443175
25968,LOF,0.041679735469411686,0.25816883120046735,0.7001514333301209
25969,LOF,0.16215338042428512,0.05643361023830245,0.7814130093374124
25970,LOF,0.029902759478130616,0.09291159995850992,0.8771856405633593
25971,LOF,0.0834912446700324,0.02695812685705757,0.88955062847291
25972,LOF,0.06744303258178277,0.04825104142782203,0.8843059259903951
25973,LOF,0.06334373950904698,0.007919228352046039,0.9287370321389069
25974,LOF,0.04849327455766937,0.04076973597401246,0.910736989468318
25975,LOF,0.04459016790712471,0.016576558846564643,0.9388332732463106
25976,LOF,0.09689259268038045,0.009357735933323692,0.8937496713862959
25977,LOF,0.21117598952223082,0.06709855844771323,0.7217254520300559
25978,LOF,0.19291064110328732,0.11131561404861286,0.6957737448480998
25979,LOF,0.1582388851821058,0.12404445894804675,0.7177166558698475
25980,LOF,0.2636199703545729,0.17889250748584545,0.5574875221595816
25981,LOF,0.26552260776452,0.1811270770494287,0.5533503151860512
25982,Neutral,0.4834762192454923,0.08465468140672583,0.43186909934778184
25983,Neutral,0.48393589999378017,0.10820477082449104,0.40785932918172896
25984,LOF,0.04066573092853403,0.09227450517948527,0.8670597638919807
25985,LOF,0.41930230442140964,0.13370443380822802,0.4469932617703622
25986,LOF,0.015032614638023993,0.3955214922573734,0.5894458931046027
25987,LOF,0.049364755588677436,0.09941423540915297,0.8512210090021697
25988,LOF,0.03897897417845875,0.15436501418414192,0.8066560116373993
25989,LOF,0.036768603326013484,0.1859358824024227,0.7772955142715638
25990,LOF,0.0411342509411725,0.2775378185022878,0.6813279305565398
25991,LOF,0.028398315443755078,0.41972657224071436,0.5518751123155305
25992,LOF,0.02811944274904485,0.45133911871779087,0.5205414385331644
25993,LOF,0.02943515529779755,0.07753707750738921,0.8930277671948132
25994,LOF,0.02511950344070234,0.0817796436970474,0.8931008528622504
25995,LOF,0.022818133055743938,0.13292469907228985,0.8442571678719663
25996,GOF,0.32003609784177905,0.3679000270803814,0.3120638750778394
25997,LOF,0.0708141322039978,0.39096729695567894,0.5382185708403233
25998,LOF,0.28829253046498476,0.040387610812907045,0.6713198587221081
25999,LOF,0.024671796127150317,0.20736550053419434,0.7679627033386555
26000,LOF,0.1801120196430761,0.03175334205409232,0.7881346383028315
26001,LOF,0.23400250398059416,0.047964532663643755,0.7180329633557619
26002,LOF,0.13824109693699,0.04402682049501622,0.8177320825679938
26003,GOF,0.0062361090431984475,0.6503466647865416,0.3434172261702598
26004,GOF,0.010201519291316343,0.7045910589201588,0.2852074217885248
26005,LOF,0.004345095241127985,0.4919050364127851,0.5037498683460869
26006,GOF,0.12240030323542177,0.5437567131485003,0.33384298361607784
26007,GOF,0.008323059921560863,0.5574894431376589,0.43418749694078007
26008,GOF,0.00605047265798087,0.6178430861490186,0.3761064411930005
26009,GOF,0.007904464683602454,0.6767079636937929,0.31538757162260456
26010,GOF,0.008155149139346677,0.6224942267148735,0.36935062414577985
26011,LOF,0.0033795330970247473,0.43945223615016293,0.5571682307528123
26012,GOF,0.00468339323780257,0.5188130410446741,0.4765035657175233
26013,GOF,0.011001225498546218,0.5948778324322053,0.3941209420692485
26014,LOF,0.05964544190671677,0.11329049679943229,0.8270640612938509
26015,LOF,0.3529396284012935,0.026728754616467582,0.6203316169822389
26016,LOF,0.3027988823577346,0.040354378437071584,0.6568467392051938
26017,LOF,0.021426823934349335,0.20163446551915454,0.7769387105464962
26018,LOF,0.02550769822578638,0.055468128567208175,0.9190241732070054
26019,LOF,0.025232806790554615,0.04866284776063363,0.9261043454488117
26020,LOF,0.010566181909261028,0.18287064585154156,0.8065631722391974
26021,LOF,0.085075489245692,0.0737545547665435,0.8411699559877646
26022,LOF,0.035878549119089165,0.029807914377753607,0.9343135365031572
26023,LOF,0.026034897699236233,0.037509527908958375,0.9364555743918055
26024,LOF,0.0526847966795556,0.07208470241266979,0.8752305009077747
26025,LOF,0.06623179695086763,0.07924434481946811,0.8545238582296643
26026,LOF,0.10483569011065055,0.06366540834851997,0.8314989015408294
26027,LOF,0.024903363820860395,0.027548798757459206,0.9475478374216804
26028,LOF,0.11002063315850306,0.15331108826011597,0.736668278581381
26029,LOF,0.019786332063286883,0.21798337095207376,0.7622302969846394
26030,LOF,0.16994099410364003,0.021677022019361305,0.8083819838769987
26031,LOF,0.010003923575046836,0.16614001159160965,0.8238560648333434
26032,LOF,0.042615760801978785,0.052749500418100274,0.904634738779921
26033,LOF,0.06298282312734794,0.0458877042324532,0.8911294726401988
26034,LOF,0.013081418372043916,0.17917414514690588,0.8077444364810501
26035,LOF,0.012849678907129652,0.1136082967112405,0.8735420243816299
26036,LOF,0.012086723776238642,0.1327773937676498,0.8551358824561115
26037,LOF,0.010123317010203789,0.11109300265129939,0.8787836803384967
26038,LOF,0.036692042382697694,0.04791089488253688,0.9153970627347655
26039,LOF,0.024218507061080804,0.1525039299050331,0.8232775630338862
26040,LOF,0.09970229563704774,0.11878484898390565,0.7815128553790465
26041,LOF,0.013787930453465491,0.09142814940043444,0.8947839201461
26042,LOF,0.012764295097082708,0.10354523761926632,0.8836904672836509
26043,LOF,0.03592206112656616,0.06731669529738037,0.8967612435760534
26044,LOF,0.011664875814673662,0.04912419983501112,0.9392109243503152
26045,LOF,0.07630785601464642,0.11405610628761136,0.8096360376977423
26046,LOF,0.031343055621498465,0.048323696638227866,0.9203332477402737
26047,LOF,0.05232352577341301,0.05071581110284436,0.8969606631237426
26048,LOF,0.061681544987730035,0.02684835972683956,0.9114700952854303
26049,Neutral,0.9442613569528326,0.007920476466563124,0.047818166580604074
26050,Neutral,0.9186694479663464,0.008539586672616626,0.0727909653610369
26051,LOF,0.018041345904636817,0.10823800862744778,0.8737206454679154
26052,LOF,0.028208780790107673,0.12998320726161325,0.841808011948279
26053,LOF,0.02829863727352444,0.1689494514590425,0.8027519112674331
26054,LOF,0.04880481891214528,0.02667839989002046,0.9245167811978343
26055,LOF,0.06809637710357375,0.02423874571782846,0.9076648771785978
26056,LOF,0.055941814372332345,0.029506647705740997,0.9145515379219266
26057,LOF,0.06072240055969763,0.015498536027256492,0.9237790634130457
26058,LOF,0.06491478252982198,0.012646425843368964,0.9224387916268091
26059,LOF,0.18652193286799296,0.0320965443832798,0.7813815227487272
26060,LOF,0.017388999059768852,0.15063969327433518,0.8319713076658961
26061,LOF,0.011504873824754616,0.010058953405929478,0.9784361727693159
26062,LOF,0.005902874745698259,0.017943103657260717,0.976154021597041
26063,LOF,0.040043223082978745,0.011604331002321023,0.9483524459147001
26064,LOF,0.010380942830114101,0.03262702893702473,0.9569920282328612
26065,LOF,0.04696390043258443,0.01328580426873859,0.9397502952986769
26066,LOF,0.04871000600216913,0.010841137544852384,0.9404488564529784
26067,LOF,0.05838085809957089,0.010319939089270026,0.9312992028111591
26068,LOF,0.0557731024412539,0.04061954675015833,0.9036073508085877
26069,LOF,0.17173583084202612,0.027440424433701354,0.8008237447242724
26070,LOF,0.34225062113002397,0.022291340973649834,0.6354580378963262
26071,LOF,0.046166581464562706,0.012535121129051027,0.9412982974063862
26072,LOF,0.009518838889468749,0.020951089747442794,0.9695300713630884
26073,LOF,0.04095613339109182,0.01497347370031421,0.9440703929085941
26074,Neutral,0.9090416585435313,0.008740829092968949,0.0822175123635
26075,LOF,0.06025397015250535,0.01970261579620261,0.920043414051292
26076,LOF,0.05418834284202551,0.012934017470048945,0.9328776396879256
26077,LOF,0.1469297492482159,0.007249850531556238,0.8458204002202278
26078,LOF,0.00806949239780634,0.015412702055291126,0.9765178055469026
26079,LOF,0.0695571899777773,0.020742049472056955,0.9097007605501658
26080,LOF,0.06865882651537532,0.02078323274902429,0.9105579407356004
26081,LOF,0.03326522596276787,0.00943970041000449,0.9572950736272275
26082,LOF,0.0069534352012664445,0.016986444356552246,0.9760601204421813
26083,LOF,0.10447122760997628,0.020968780915942266,0.8745599914740815
26084,LOF,0.11152497905576254,0.016157111680119622,0.8723179092641179
26085,LOF,0.10179024820508763,0.013573314129261613,0.8846364376656507
26086,LOF,0.04060453279907922,0.013101316719398421,0.9462941504815224
26087,LOF,0.03697296684395044,0.010680196161913067,0.9523468369941365
26088,LOF,0.007501998749458122,0.022556466006754154,0.9699415352437877
26089,LOF,0.04386069463095898,0.03312384844539599,0.9230154569236451
26090,LOF,0.04444817299338176,0.025653463372842657,0.9298983636337755
26091,LOF,0.03248868394546815,0.00811073423419571,0.9594005818203362
26092,LOF,0.04455388759795092,0.008680187493094049,0.946765924908955
26093,LOF,0.08014869346189406,0.0059319619254019,0.913919344612704
26094,LOF,0.03665727095717272,0.007492522953005158,0.9558502060898222
26095,LOF,0.03805139161817348,0.016119266302659193,0.9458293420791674
26096,LOF,0.1991405033740999,0.005335015060507556,0.7955244815653926
26097,LOF,0.007282875300469524,0.03341445036916503,0.9593026743303654
26098,LOF,0.07852966585827657,0.01693016814982815,0.9045401659918954
26099,LOF,0.045133059740529405,0.01652369258633245,0.9383432476731381
26100,LOF,0.045133059740529405,0.01652369258633245,0.9383432476731381
26101,LOF,0.059944361348738456,0.03135196422884964,0.9087036744224118
26102,LOF,0.037067276695833,0.016902185789447362,0.9460305375147197
26103,Neutral,0.8847563294903731,0.02662621322971241,0.08861745727991441
26104,LOF,0.061126206174845224,0.040515091367802014,0.8983587024573527
26105,LOF,0.24184940859442852,0.1695737926904761,0.5885767987150954
26106,LOF,0.2881321715479025,0.11540356253198421,0.5964642659201134
26107,LOF,0.0235587197328322,0.09662477838593478,0.8798165018812331
26108,LOF,0.2967887057747496,0.04276670935268434,0.6604445848725661
26109,LOF,0.07847274902921285,0.0419519085660256,0.8795753424047617
26110,LOF,0.46680437388075324,0.009485623899577729,0.5237100022196691
26111,LOF,0.052580516443743175,0.13907810524303,0.8083413783132268
26112,LOF,0.05830389567128503,0.008962370984195523,0.9327337333445195
26113,LOF,0.11183011817456616,0.024322155766958356,0.8638477260584756
26114,LOF,0.08958981730072402,0.010228116606746574,0.9001820660925295
26115,LOF,0.016408725231183852,0.049528577900008953,0.934062696868807
26116,LOF,0.06595963923962252,0.01955883200768735,0.9144815287526901
26117,LOF,0.3958602980823702,0.029119624551373006,0.5750200773662567
26118,LOF,0.04946526954737563,0.014293340185713769,0.9362413902669106
26119,LOF,0.006348347587620212,0.03292236178154218,0.9607292906308377
26120,LOF,0.03468546192120784,0.014603959292100552,0.9507105787866917
