feature0,prediction,LoGoFunc_Neutral,LoGoFunc_GOF,LoGoFunc_LOF
25546,Neutral,0.6685862570403214,0.08018221474715748,0.25123152821252104
25547,Neutral,0.562728182356105,0.15419071197548934,0.2830811056684058
25548,Neutral,0.5281255008236144,0.10722838450606038,0.36464611467032515
25549,Neutral,0.4886544831547071,0.10925829528395337,0.4020872215613394
25550,LOF,0.3900932621673756,0.1779714179689752,0.4319353198636492
25551,LOF,0.32541712910445975,0.17072723356482858,0.5038556373307117
25552,LOF,0.18826969679793454,0.17768356719222822,0.6340467360098372
25553,Neutral,0.8225831621118334,0.04777713754603297,0.12963970034213357
25554,LOF,0.2242547235163302,0.17989026296633556,0.5958550135173343
25555,LOF,0.18289521767980854,0.16076024145485832,0.6563445408653332
25556,Neutral,0.5215687341190532,0.13210171827156475,0.3463295476093819
25557,LOF,0.17603411169694902,0.16793513569540697,0.656030752607644
25558,LOF,0.22917247330437093,0.19404482747086726,0.5767826992247618
25559,LOF,0.486908826224863,0.0238133859518775,0.4892777878232595
25560,LOF,0.036385146048391354,0.2298455897911709,0.7337692641604378
25561,LOF,0.09360386330508258,0.27273795839907305,0.6336581782958445
25562,LOF,0.11292847162338292,0.0871415614927419,0.7999299668838753
25563,LOF,0.11172410421300422,0.10924831927683903,0.7790275765101567
25564,LOF,0.07827570388915824,0.1347621478865681,0.7869621482242737
25565,LOF,0.13360959167855685,0.23970972100949178,0.6266806873119515
25566,GOF,0.018506086519629178,0.7155914268936824,0.2659024865866884
25567,LOF,0.010870404033836604,0.19598705877102698,0.7931425371951364
25568,LOF,0.04296147612493943,0.07982536412163817,0.8772131597534223
25569,LOF,0.05798125476329497,0.07694155167641796,0.8650771935602871
25570,LOF,0.0480738661327041,0.11560407395083575,0.8363220599164601
25571,LOF,0.054255327320221466,0.10878627730546835,0.8369583953743102
25572,LOF,0.0521049702001725,0.11752087574518046,0.8303741540546471
25573,LOF,0.028609164702219747,0.08838592379380643,0.8830049115039738
25574,LOF,0.01593027086588587,0.2329074781677268,0.7511622509663873
25575,LOF,0.045867243964909085,0.10155913634756805,0.8525736196875228
25576,LOF,0.016912667988000604,0.10344255325720188,0.8796447787547975
25577,LOF,0.011957974642944335,0.10233256027143306,0.8857094650856225
25578,LOF,0.2564488177690854,0.09084929050789095,0.6527018917230236
25579,LOF,0.25721852878436424,0.0899910415735668,0.652790429642069
25580,LOF,0.028656147377392128,0.09066716653753643,0.8806766860850714
25581,LOF,0.047044581225278374,0.08492754601739104,0.8680278727573305
25582,LOF,0.046503541138123945,0.07736097596354964,0.8761354828983264
25583,LOF,0.02791512338256371,0.09835467258210834,0.8737302040353279
25584,Neutral,0.47913177190235956,0.11121982863860999,0.4096483994590306
25585,LOF,0.023689872661243755,0.08505726366346994,0.8912528636752862
25586,LOF,0.02809759988604677,0.07378962707082615,0.8981127730431272
25587,LOF,0.024872655809990023,0.0671391946360191,0.9079881495539909
25588,LOF,0.02364354133233073,0.0901984353702459,0.8861580232974234
25589,Neutral,0.6136041896904222,0.14093639613474118,0.24545941417483658
25590,LOF,0.0210945195268071,0.13178261007653058,0.8471228703966623
25591,LOF,0.10576082110098091,0.053408236524031504,0.8408309423749876
25592,LOF,0.07468922426424421,0.12801297703094996,0.7972977987048058
25593,GOF,0.010612335194421374,0.526329770513468,0.4630578942921106
25594,LOF,0.03360033509733286,0.10290980573058178,0.8634898591720853
25595,LOF,0.057346116704755395,0.07938003695815299,0.8632738463370916
25596,LOF,0.08599034534225727,0.05007511478107482,0.8639345398766679
25597,LOF,0.07385327924866188,0.01796054671050123,0.9081861740408369
25598,LOF,0.045858434142958614,0.09750941246984095,0.8566321533872004
25599,GOF,0.008170341160020675,0.501621041662204,0.4902086171777753
25600,LOF,0.009743821576118646,0.41417346100028185,0.5760827174235994
25601,LOF,0.007899900275175219,0.2529113185488546,0.7391887811759701
25602,LOF,0.0198336595053784,0.046993793507843454,0.9331725469867781
25603,LOF,0.04420716543652135,0.04899499933402615,0.9067978352294526
25604,LOF,0.03915237950383249,0.05987078409296662,0.9009768364032009
25605,LOF,0.01310446857800275,0.2311568976276047,0.7557386337943925
25606,GOF,0.05433128535672758,0.549222054901757,0.39644665974151533
25607,LOF,0.0035694354371008604,0.13069388918590166,0.8657366753769976
25608,LOF,0.05518773038643653,0.04983083601600258,0.8949814335975609
25609,LOF,0.061713566473109056,0.3081347056167965,0.6301517279100943
25610,LOF,0.04616595877478528,0.01654990263016262,0.9372841385950522
25611,LOF,0.055063563478393425,0.010728404088327075,0.9342080324332794
25612,LOF,0.11401577626025508,0.031223168895441474,0.8547610548443034
25613,LOF,0.09448576990295271,0.02594181179507182,0.8795724183019754
25614,LOF,0.04208009907139364,0.023909404676155946,0.9340104962524505
25615,LOF,0.0853146403158012,0.029363576032131907,0.8853217836520669
25616,LOF,0.03632953883097328,0.02991446846247163,0.933755992706555
25617,LOF,0.05182967746222204,0.019569911379006502,0.9286004111587713
25618,LOF,0.23482055288797515,0.02567608904327181,0.739503358068753
25619,LOF,0.043097272782310646,0.026119972714589223,0.9307827545031
25620,LOF,0.040452302440871946,0.03561063873443932,0.9239370588246887
25621,LOF,0.0433384143353736,0.025784894327562608,0.9308766913370639
25622,LOF,0.030824528505276953,0.04285223958755778,0.9263232319071653
25623,LOF,0.051165204675315865,0.031237258796899172,0.9175975365277849
25624,LOF,0.036203813251363834,0.02980093888672879,0.9339952478619074
25625,LOF,0.04906298812476488,0.037392628215653256,0.9135443836595819
25626,LOF,0.07436357467561876,0.02266751088332036,0.9029689144410608
25627,Neutral,0.5570261237151825,0.11750014692035451,0.325473729364463
25628,LOF,0.18814456752197992,0.06528483172641844,0.7465706007516016
25629,LOF,0.05939711773698069,0.08447642327818365,0.8561264589848357
25630,LOF,0.18705173615295498,0.08309058502879679,0.7298576788182483
25631,Neutral,0.5988271067155185,0.07353716314752785,0.3276357301369535
25632,LOF,0.016893991819383274,0.15384879819942218,0.8292572099811945
25633,LOF,0.20716446933865307,0.2477750675469933,0.5450604631143536
25634,LOF,0.034256062304085955,0.21503462771193915,0.7507093099839749
25635,LOF,0.036047799371499066,0.19879420972634,0.7651579909021611
25636,GOF,0.004151643295627492,0.613032438153107,0.38281591855126545
25637,LOF,0.0036566225839525426,0.4627758056798816,0.5335675717361659
25638,LOF,0.0046116267335354535,0.45634420183036684,0.5390441714360977
25639,LOF,0.003994171934377894,0.3613632102179612,0.634642617847661
25640,GOF,0.3148970637210087,0.6211006237635702,0.06400231251542109
25641,LOF,0.006647540650165912,0.19264690192837042,0.8007055574214637
25642,LOF,0.218150482966397,0.05843832085231571,0.7234111961812872
25643,LOF,0.25174582688217984,0.07167634264336555,0.6765778304744547
25644,GOF,0.014428161276581952,0.5556433826442572,0.429928456079161
25645,GOF,0.010325359234201047,0.6018007657154862,0.3878738750503128
25646,LOF,0.010953074661381117,0.4109944557868189,0.5780524695517999
25647,LOF,0.00959098906565863,0.30848439101824676,0.6819246199160945
25648,LOF,0.006977803382864661,0.383569181431056,0.6094530151860793
25649,LOF,0.007830410074201589,0.20339317027898307,0.7887764196468153
25650,GOF,0.025935732152856356,0.5271931782519369,0.4468710895952068
25651,LOF,0.007170191651551307,0.21710079838356028,0.7757290099648884
25652,LOF,0.013104747243097115,0.3366453992603278,0.6502498534965749
25653,GOF,0.05123922113692963,0.5120517868312217,0.4367089920318487
25654,LOF,0.008777060450671332,0.38658473356686524,0.6046382059824634
25655,GOF,0.11255055938269701,0.5003514974913097,0.3870979431259932
25656,LOF,0.08177041816509392,0.07226053052561622,0.8459690513092898
25657,LOF,0.24845291364483368,0.03200431830553246,0.7195427680496339
25658,LOF,0.029602868490189217,0.1255930423233208,0.84480408918649
25659,LOF,0.23072837524990863,0.08839821252490146,0.6808734122251898
25660,LOF,0.10272484527133006,0.06298696825133335,0.8342881864773366
25661,LOF,0.06818226741776535,0.061094822808896124,0.8707229097733384
25662,LOF,0.045750842880066575,0.05366658360778504,0.9005825735121483
25663,LOF,0.04680584595712008,0.08940846571653539,0.8637856883263446
25664,LOF,0.03053835234448511,0.20335974682481134,0.7661019008307036
25665,LOF,0.044597393825478664,0.046992382348612055,0.9084102238259093
25666,LOF,0.042292066690645495,0.2041214105136293,0.7535865227957251
25667,LOF,0.04727756341789645,0.033975112675468,0.9187473239066355
25668,LOF,0.05057674528769738,0.045658523606988084,0.9037647311053146
25669,LOF,0.04161139796198951,0.06596488131517127,0.8924237207228392
25670,LOF,0.07858794803157534,0.11186735356711408,0.8095446984013105
25671,LOF,0.05768246882999268,0.04137819794225628,0.900939333227751
25672,LOF,0.05022906068613258,0.05160482646940683,0.8981661128444606
25673,LOF,0.03885406204456122,0.08755916580470248,0.8735867721507363
25674,LOF,0.026486975895308414,0.10904703402349716,0.8644659900811944
25675,LOF,0.032824528804250595,0.06584099448220326,0.901334476713546
25676,LOF,0.041307702910218895,0.053730319855412816,0.9049619772343683
25677,LOF,0.0796980009209337,0.044271125307656256,0.8760308737714101
25678,LOF,0.2125040621145398,0.049083767871438984,0.7384121700140212
25679,LOF,0.11002011840234323,0.07514912706697521,0.8148307545306815
25680,LOF,0.1077743511039663,0.07364732133253996,0.8185783275634938
25681,LOF,0.11368239760623873,0.0698023843057732,0.8165152180879881
25682,LOF,0.04713702378498289,0.045050925578670124,0.907812050636347
25683,LOF,0.08132966109782445,0.08275683673963503,0.8359135021625405
25684,LOF,0.06049474592227045,0.0516747316897854,0.8878305223879442
25685,LOF,0.12480384933625586,0.055760295385206084,0.819435855278538
25686,LOF,0.026174667211174375,0.10881678907049605,0.8650085437183295
25687,LOF,0.041358026103817766,0.12603818281980372,0.8326037910763785
25688,LOF,0.020126886935070983,0.132211674956138,0.8476614381087911
25689,LOF,0.012332062446441002,0.07602476231759442,0.9116431752359645
25690,LOF,0.01740899810405017,0.0726472508318344,0.9099437510641154
25691,LOF,0.1412322167246355,0.09988463272147811,0.7588831505538863
25692,LOF,0.28525773730063964,0.011952400181283223,0.7027898625180771
25693,GOF,0.028251058821882478,0.49926167355191964,0.47248726762619786
25694,LOF,0.24720357957290595,0.010427976062015324,0.7423684443650788
25695,LOF,0.17198909714782465,0.01604889924689787,0.8119620036052775
25696,LOF,0.07736964776121366,0.016965648928780913,0.9056647033100055
25697,LOF,0.07343100754694644,0.015809063810877433,0.9107599286421761
25698,LOF,0.017177184317777157,0.21897162316568988,0.7638511925165329
25699,LOF,0.07755540164298728,0.3550215514748877,0.5674230468821251
25700,LOF,0.04183169670305734,0.025847408819523743,0.9323208944774188
25701,LOF,0.010223346419561383,0.31055817349794396,0.6792184800824947
25702,GOF,0.033147262468745234,0.6192563448681153,0.3475963926631394
25703,LOF,0.015116722434893457,0.08070938552242504,0.9041738920426815
25704,LOF,0.06505363839495361,0.04809897915442987,0.8868473824506166
25705,LOF,0.08186838244937163,0.17896960001145432,0.7391620175391741
25706,GOF,0.02091388168076015,0.6327522360952966,0.34633388222394323
25707,GOF,0.029899755885962772,0.5559338991141228,0.41416634499991445
25708,GOF,0.007620499754981956,0.5263000601179371,0.46607944012708097
25709,LOF,0.044817064865778265,0.06618891411151195,0.8889940210227097
25710,LOF,0.00787056225253312,0.11746527929514515,0.8746641584523217
25711,LOF,0.04341785551784798,0.09588097672000628,0.8607011677621457
25712,LOF,0.010624622667762793,0.17761081318830696,0.8117645641439303
25713,LOF,0.03421212735911333,0.10068426061752846,0.8651036120233582
25714,LOF,0.03425636097738826,0.15534934789002094,0.8103942911325909
25715,LOF,0.039818223178569416,0.11809430872727614,0.8420874680941545
25716,LOF,0.006293575437396148,0.10642018243401392,0.88728624212859
25717,LOF,0.006487276536239088,0.10048190827048714,0.8930308151932738
25718,LOF,0.034011216132537166,0.06531133895523815,0.9006774449122247
25719,LOF,0.0388047975657099,0.10001283961126363,0.8611823628230265
25720,LOF,0.03304883842140791,0.12330926198169453,0.8436418995968975
25721,LOF,0.0360764758246857,0.10147766022039412,0.8624458639549202
25722,LOF,0.027322910778666335,0.11957940191812791,0.8530976873032058
25723,LOF,0.048886273038493355,0.11096925629143825,0.8401444706700685
25724,LOF,0.06137413876791014,0.2529054146396245,0.6857204465924653
25725,LOF,0.052382562426452,0.08694942681690426,0.8606680107566437
25726,LOF,0.033591055016207905,0.0976890581062154,0.8687198868775767
25727,LOF,0.04567845317236275,0.07607229815944475,0.8782492486681925
25728,LOF,0.038808142598350845,0.11241705314331293,0.8487748042583363
25729,LOF,0.04353540110848443,0.11302627840636023,0.8434383204851553
25730,LOF,0.05152532086180593,0.08283482318000193,0.8656398559581922
25731,LOF,0.008472258389562367,0.08277262926277569,0.908755112347662
25732,LOF,0.02748112200915453,0.05078538306234213,0.9217334949285033
25733,LOF,0.035122316956021506,0.0715643657746035,0.893313317269375
25734,LOF,0.00603170325875312,0.2662617286049368,0.7277065681363102
25735,LOF,0.03172933784506025,0.07013332618221452,0.8981373359727252
25736,LOF,0.03004095349425456,0.13096761840054297,0.8389914281052026
25737,LOF,0.05242006557059615,0.0936955766501218,0.853884357779282
25738,LOF,0.04170777950951358,0.16638724340577676,0.7919049770847097
25739,LOF,0.03205367810237036,0.1296810100275,0.8382653118701298
25740,LOF,0.056217358101027924,0.13065926471613304,0.813123377182839
25741,LOF,0.054841964458100925,0.10802071301808763,0.8371373225238113
25742,LOF,0.059198470506619236,0.1263416200166762,0.8144599094767045
25743,LOF,0.013542705349649848,0.018188918962117665,0.9682683756882325
25744,LOF,0.19481072104160338,0.16663713325808824,0.6385521457003084
25745,LOF,0.03133237204726215,0.06862912982477981,0.900038498127958
25746,LOF,0.014778467792735497,0.1012663214143103,0.8839552107929541
25747,LOF,0.05698715222674778,0.025271772233579386,0.9177410755396728
25748,LOF,0.32920094509569875,0.07138566839335671,0.5994133865109444
25749,LOF,0.01873207673402706,0.056333812588524684,0.9249341106774482
25750,LOF,0.01944713627347576,0.06547204748776332,0.915080816238761
25751,LOF,0.04586511913554373,0.06323769476630316,0.8908971860981532
25752,GOF,0.087363387419348,0.5394537377192058,0.3731828748614463
25753,LOF,0.006050021169216536,0.3117990726580265,0.682150906172757
25754,GOF,0.008117163781886271,0.862773688796309,0.12910914742180474
25755,LOF,0.006804464288844169,0.3492971729800278,0.643898362731128
25756,LOF,0.021355376045122502,0.37490592191156336,0.6037387020433141
25757,GOF,0.007542913608589102,0.8162584486408094,0.17619863775060135
25758,GOF,0.008289911548821334,0.8788706249486314,0.11283946350254727
25759,GOF,0.006693918239285339,0.622594033636547,0.3707120481241678
25760,LOF,0.005712437160679446,0.2435235164346204,0.7507640464047001
25761,GOF,0.04348808945042271,0.8716488389228136,0.08486307162676372
25762,LOF,0.02430292084094445,0.2991911726368839,0.6765059065221717
25763,LOF,0.005651830411416027,0.24967236567484746,0.7446758039137364
25764,GOF,0.06727833436448613,0.6505598088785198,0.28216185675699396
25765,GOF,0.00935876665727143,0.8975222388355703,0.09311899450715844
25766,GOF,0.02636537232985134,0.8334281125228166,0.1402065151473321
25767,GOF,0.011209581729435463,0.5165929307445436,0.472197487526021
25768,LOF,0.0568425169237755,0.053887841378607894,0.8892696416976167
25769,LOF,0.029037389550164112,0.1061169352959882,0.8648456751538478
25770,LOF,0.12745483047570147,0.175028972564629,0.6975161969596696
25771,LOF,0.02022021351046948,0.08598126258437558,0.8937985239051548
25772,LOF,0.04289956368256313,0.06298215716824088,0.894118279149196
25773,LOF,0.015633610412407205,0.12629924754718772,0.858067142040405
25774,LOF,0.022352294437584016,0.25024169497436394,0.7274060105880521
25775,LOF,0.017944499515043576,0.043422144458702364,0.9386333560262541
25776,LOF,0.03281242252091047,0.03981576869079842,0.9273718087882911
25777,LOF,0.2535837831517859,0.16525942010079026,0.5811567967474238
25778,LOF,0.02770350317730575,0.09741837093902708,0.8748781258836672
25779,GOF,0.05865503649879978,0.8256851177087423,0.11565984579245794
25780,GOF,0.07807248533338708,0.818958598254062,0.10296891641255083
25781,GOF,0.03282281388957266,0.8061790071159121,0.16099817899451518
25782,GOF,0.03396454774867395,0.8670577884099823,0.0989776638413439
25783,GOF,0.05491694222025393,0.8693070219242088,0.07577603585553738
25784,GOF,0.09894845206050226,0.827508654595407,0.07354289334409064
25785,GOF,0.14440807825431712,0.7936688985620344,0.061923023183648424
25786,GOF,0.01316937831357951,0.7020783389823503,0.28475228270407027
25787,GOF,0.31794166423103476,0.6011252298233616,0.08093310594560367
25788,LOF,0.024459988337445004,0.09780127475292896,0.877738736909626
25789,GOF,0.019989459692316348,0.8275859342166383,0.15242460609104527
25790,GOF,0.03086389073629745,0.7963138845259993,0.1728222247377033
25791,GOF,0.024899539025974006,0.6073963479836434,0.3677041129903826
25792,GOF,0.03206673909761855,0.6995014791904771,0.2684317817119043
25793,GOF,0.055013888582996114,0.7519299077193013,0.19305620369770254
25794,GOF,0.04790831165854976,0.5981798707475329,0.35391181759391727
25795,GOF,0.059299030349279414,0.6279522640399405,0.31274870561078016
25796,GOF,0.16140671037887477,0.6606656964350001,0.1779275931861251
25797,GOF,0.07797270298183052,0.6160394233363747,0.3059878736817948
25798,GOF,0.0076368237761349,0.7780410360325865,0.21432214019127863
25799,GOF,0.0052956557998237435,0.6744082271795142,0.3202961170206621
25800,GOF,0.02524815562720793,0.8239356096283881,0.15081623474440403
25801,GOF,0.026290556662068948,0.8235292901527119,0.1501801531852191
25802,GOF,0.026695717377965875,0.7372291617406631,0.23607512088137103
25803,GOF,0.02459291034626965,0.6594531921820356,0.3159538974716947
25804,GOF,0.03859909906908076,0.6928287055079246,0.26857219542299476
25805,GOF,0.029512511724739916,0.7309105869486939,0.23957690132656628
25806,GOF,0.03958348085752079,0.7459785238153114,0.21443799532716776
25807,GOF,0.016699583528377863,0.6641285258619986,0.3191718906096237
25808,GOF,0.030374055712738456,0.7423728481154915,0.22725309617176984
25809,GOF,0.015175003770731915,0.6701216466752548,0.31470334955401325
25810,GOF,0.013082721054449267,0.6584642193034921,0.32845305964205873
25811,GOF,0.07223644726335825,0.8239843451193773,0.10377920761726449
25812,GOF,0.039565920316461584,0.7146937960877101,0.24574028359582828
25813,GOF,0.1956966987380175,0.6845359347440226,0.11976736651796001
25814,GOF,0.035140270020150195,0.7195390855920182,0.24532064438783163
25815,GOF,0.05834635833966216,0.7800672629599237,0.16158637870041417
25816,GOF,0.009771417939393874,0.8110488619737799,0.17917972008682626
25817,GOF,0.10431007186642717,0.7078163256204907,0.1878736025130821
25818,GOF,0.029985006546118877,0.7615048216000941,0.208510171853787
25819,GOF,0.051200041255526775,0.6902701134733112,0.258529845271162
25820,GOF,0.047547533021557904,0.6079189210128878,0.34453354596555436
25821,GOF,0.03405886941988407,0.6692728572828218,0.2966682732972941
25822,GOF,0.06768990537132982,0.6745398036926978,0.2577702909359722
25823,GOF,0.03382521671940867,0.664060737154627,0.30211404612596443
25824,GOF,0.025955009949119444,0.7302421781042049,0.24380281194667558
25825,GOF,0.01929598194596573,0.7177500367389086,0.2629539813151257
25826,GOF,0.009381317973458843,0.6370197473384672,0.35359893468807385
25827,GOF,0.01954214142836271,0.6773001174409007,0.3031577411307366
25828,GOF,0.01211858066316249,0.7002803949032695,0.2876010244335679
25829,GOF,0.004747060570833136,0.5548170000900953,0.4404359393390717
25830,LOF,0.06983174164026841,0.3905740266567472,0.5395942317029844
25831,GOF,0.07665875388117814,0.771390918418002,0.15195032770081987
25832,GOF,0.009348559643129127,0.690787021260356,0.2998644190965149
25833,GOF,0.028980515548882133,0.7816848226481637,0.18933466180295414
25834,GOF,0.009807651456558333,0.7222059109575965,0.26798643758584506
25835,GOF,0.02847288458748765,0.8155633747317222,0.15596374068079016
25836,GOF,0.00844065311570038,0.7333691781782048,0.2581901687060947
25837,GOF,0.011842429239108835,0.7400139658750354,0.24814360488585588
25838,GOF,0.023047703314366848,0.8027627132412708,0.17418958344436242
25839,GOF,0.06330652442985923,0.7544943972327813,0.18219907833735943
25840,GOF,0.0875736511085962,0.7052147230996296,0.2072116257917742
25841,GOF,0.07312440116823501,0.7702183400336842,0.15665725879808073
25842,GOF,0.026870123888420094,0.8388179034537429,0.13431197265783715
25843,GOF,0.0258288662313329,0.8476995872643963,0.12647154650427073
25844,GOF,0.02265477148262751,0.7906563061037367,0.18668892241363577
25845,GOF,0.007951813999932953,0.6934920829707242,0.29855610302934277
25846,GOF,0.07072207992710619,0.8269825387020563,0.10229538137083757
25847,GOF,0.01901576650825234,0.8164874476184638,0.16449678587328365
25848,GOF,0.020652738529180148,0.7690627846161185,0.21028447685470125
25849,GOF,0.007613333729740658,0.7447350149521701,0.2476516513180891
25850,GOF,0.008242557075745546,0.6484201853422281,0.3433372575820263
25851,GOF,0.007400401764973172,0.5864464938271974,0.4061531044078293
25852,GOF,0.1572855264904584,0.43446046437759395,0.4082540091319476
25853,GOF,0.06168401401052093,0.7449735507636237,0.19334243522585526
25854,GOF,0.007300736939616284,0.666932419843768,0.3257668432166157
25855,GOF,0.02453266817946232,0.5320775483732868,0.44338978344725094
25856,GOF,0.05063642909846846,0.6815057215636979,0.26785784933783363
25857,GOF,0.025345741474371422,0.5285146079317873,0.4461396505938413
25858,GOF,0.008633161612517969,0.529787342805728,0.461579495581754
25859,GOF,0.0062014382168435874,0.5070085285167405,0.4867900332664159
25860,GOF,0.07824017774992056,0.6280963513463755,0.293663470903704
25861,GOF,0.09890341340882655,0.7785839678797819,0.12251261871139173
25862,GOF,0.022870683088704463,0.8675954756397039,0.10953384127159158
25863,GOF,0.020617978471367,0.83713401579772,0.14224800573091306
25864,GOF,0.03294090707909923,0.8703081415956427,0.09675095132525813
25865,GOF,0.03632566853580799,0.8465448928184289,0.11712943864576313
25866,GOF,0.02127249640167964,0.8336377275110578,0.14508977608726248
25867,GOF,0.050092515237417604,0.8312994279163037,0.11860805684627868
25868,GOF,0.07284859380801467,0.7401300290266852,0.18702137716530007
25869,GOF,0.3287281485164775,0.5255454239032967,0.14572642758022578
25870,LOF,0.07305333026014847,0.4207897521171273,0.5061569176227242
25871,GOF,0.010399752409367538,0.671569715420128,0.3180305321705044
25872,GOF,0.02528363761264014,0.6747731927366837,0.2999431696506762
25873,GOF,0.02138713601149805,0.768733721793054,0.20987914219544812
25874,LOF,0.029435641716312612,0.09667499667120465,0.8738893616124828
25875,LOF,0.022130939528715417,0.17748016512322057,0.800388895348064
25876,LOF,0.027396300551603428,0.06438148243492621,0.9082222170134703
25877,LOF,0.08195153239040485,0.2961335982957251,0.6219148693138701
25878,LOF,0.06113670960824317,0.37688553134085434,0.5619777590509025
25879,LOF,0.009999697656240434,0.2236477037952644,0.7663525985484951
25880,LOF,0.050329745772795295,0.02292014714788859,0.926750107079316
25881,Neutral,0.44991689743337127,0.3201565336397477,0.22992656892688104
25882,LOF,0.03626641674251451,0.1024671478728831,0.8612664353846023
25883,LOF,0.032411137532842464,0.08802574766382801,0.8795631148033295
25884,LOF,0.013026281785052442,0.12805607056833276,0.8589176476466148
25885,LOF,0.14106146033114023,0.04550284307801548,0.8134356965908442
25886,LOF,0.23426225149135865,0.1934448500766815,0.57229289843196
25887,GOF,0.04743636955359577,0.5299759032950425,0.42258772715136167
25888,LOF,0.004911743217514342,0.4058183497338393,0.5892699070486463
25889,LOF,0.02124027857949867,0.09935344223412126,0.87940627918638
25890,LOF,0.18254075642887335,0.26184199423843924,0.5556172493326874
25891,LOF,0.09398371883177443,0.10740903737708446,0.7986072437911411
25892,LOF,0.006843580947258034,0.03787251931815178,0.9552838997345903
25893,LOF,0.26243428400079516,0.012221706307298541,0.7253440096919063
25894,LOF,0.29906559310049685,0.008428315598353373,0.6925060913011497
25895,LOF,0.2746104126111896,0.015101972977192964,0.7102876144116175
25896,LOF,0.07493515558097052,0.04216133802193906,0.8829035063970904
25897,LOF,0.09491925216738052,0.01715658548346069,0.8879241623491588
25898,LOF,0.09723865781428317,0.04956853904067262,0.8531928031450441
25899,LOF,0.38713431616450966,0.047377830200960994,0.5654878536345294
25900,Neutral,0.7668687944809378,0.012486084257450642,0.22064512126161162
25901,LOF,0.06184361578617136,0.011575337357889615,0.9265810468559391
25902,LOF,0.08413645386539255,0.00846625293082277,0.9073972932037847
25903,LOF,0.1429239770732939,0.03869553515176802,0.8183804877749381
25904,Neutral,0.48700936029433006,0.10307787347742595,0.40991276622824396
25905,LOF,0.009992476601570056,0.26226609681372576,0.7277414265847041
25906,LOF,0.008319653519044356,0.022648391819634132,0.9690319546613214
25907,LOF,0.007929009456673793,0.1520878636549549,0.8399831268883713
25908,LOF,0.00857131534017855,0.13241080171432962,0.8590178829454919
25909,LOF,0.04261150215274807,0.06129981364721849,0.8960886842000335
25910,LOF,0.012704188734491908,0.09787154101570004,0.8894242702498081
25911,LOF,0.16711374418471,0.09852969330729493,0.734356562507995
25912,LOF,0.1336835642539074,0.029757342739899075,0.8365590930061935
25913,LOF,0.013680108196496501,0.09506387969145046,0.8912560121120531
25914,LOF,0.04485023819058528,0.02828875436729086,0.9268610074421239
25915,LOF,0.1969312527385511,0.35062555802156803,0.45244318923988086
25916,LOF,0.014873653117796166,0.18556671764124877,0.799559629240955
25917,LOF,0.06745115506787167,0.03151053634284109,0.9010383085892871
25918,LOF,0.0463100077953782,0.017943912054573446,0.9357460801500483
25919,LOF,0.04207267380052387,0.017157272579811624,0.9407700536196646
25920,LOF,0.2651271236983351,0.3507457455051445,0.3841271307965205
25921,LOF,0.024590117225690367,0.030729577509263892,0.9446803052650458
25922,LOF,0.022187504933626943,0.02758152229545607,0.9502309727709171
25923,LOF,0.47266923557914975,0.02422612211018585,0.5031046423106644
25924,LOF,0.03209210562382455,0.030654487378830066,0.9372534069973453
25925,LOF,0.12930013730570758,0.04485510167020257,0.8258447610240899
25926,LOF,0.10257400291524299,0.03158163124090452,0.8658443658438524
25927,LOF,0.027838412335277226,0.0574946693050462,0.9146669183596766
25928,LOF,0.01788231797731013,0.0174239120836237,0.9646937699390662
25929,Neutral,0.6011591704926885,0.023867192792575032,0.3749736367147364
25930,LOF,0.06615844419092817,0.023539129060433962,0.9103024267486378
25931,LOF,0.01650647121240134,0.01821763381009651,0.9652758949775022
25932,LOF,0.09874647398527545,0.013049601346709584,0.888203924668015
25933,LOF,0.09580190754708133,0.009990946531916836,0.8942071459210019
25934,LOF,0.08870944920857558,0.01202888660251728,0.8992616641889072
25935,LOF,0.12130341837470407,0.032296930777259994,0.846399650848036
25936,LOF,0.0970060062064857,0.010765713845909014,0.8922282799476053
25937,LOF,0.01995805282368177,0.021031583359182347,0.959010363817136
25938,LOF,0.12196027508856411,0.03009261546498074,0.8479471094464551
25939,LOF,0.06536620399121681,0.013140549872801935,0.9214932461359814
25940,LOF,0.008655586066874449,0.3765572238427119,0.6147871900904137
25941,Neutral,0.49474644088623254,0.17178474566599045,0.33346881344777707
25942,LOF,0.00907633851109556,0.2059654576238505,0.784958203865054
25943,GOF,0.028780665746918677,0.5620955809260308,0.40912375332705053
25944,GOF,0.028233451618670025,0.5408149303528201,0.43095161802850995
25945,LOF,0.11143371249082583,0.12077317607518147,0.7677931114339928
25946,LOF,0.09690224333117185,0.0588522220430496,0.8442455346257786
25947,Neutral,0.5090610126278782,0.13755502339398862,0.35338396397813326
25948,LOF,0.4634896777282714,0.014333939604503894,0.5221763826672248
25949,LOF,0.1146284366218108,0.042382245345695665,0.8429893180324934
25950,GOF,0.03417158305776483,0.8106620395189005,0.15516637742333483
25951,GOF,0.014171972864465771,0.6174333252671924,0.3683947018683417
25952,LOF,0.1072832755702707,0.43683782243008096,0.4558789019996483
25953,GOF,0.007502450147790871,0.5762129732908452,0.41628457656136386
25954,GOF,0.03245133150191069,0.7391211205762226,0.22842754792186679
25955,LOF,0.006026577189596341,0.48096876157415525,0.5130046612362484
25956,LOF,0.010040471463388023,0.2745613882910684,0.7153981402455437
25957,LOF,0.2375073906362562,0.025015769945626605,0.7374768394181171
25958,LOF,0.026492059234604678,0.0769006360062382,0.8966073047591571
25959,GOF,0.004841832990230871,0.6249475727016822,0.37021059430808695
25960,LOF,0.0048868414404898775,0.12405184938312884,0.8710613091763812
25961,LOF,0.02672735156940815,0.08148026545228533,0.8917923829783067
25962,LOF,0.04170085622552205,0.13121064106555028,0.8270885027089276
25963,LOF,0.009745022135276301,0.32153957506442826,0.6687154028002954
25964,LOF,0.04757642547414221,0.11832844775345841,0.8340951267723995
25965,LOF,0.1636368677113825,0.21174461356768484,0.6246185187209327
25966,LOF,0.34827927801955827,0.21731607090756108,0.43440465107288073
25967,LOF,0.00871525710959617,0.052686663660145336,0.9385980792302585
25968,LOF,0.08133485527664984,0.24091849844053856,0.6777466462828116
25969,LOF,0.13191964911604614,0.03430741019692469,0.8337729406870291
25970,LOF,0.04228279698633462,0.19804272756217411,0.7596744754514914
25971,LOF,0.06895750356861566,0.07419314186554593,0.8568493545658384
25972,LOF,0.06719138143725882,0.0932225138593411,0.8395861047034
25973,LOF,0.09401989368200543,0.006358553918816133,0.8996215523991784
25974,LOF,0.07905689031805448,0.061807280305007574,0.859135829376938
25975,LOF,0.03582102244235746,0.009524741497572764,0.9546542360600698
25976,LOF,0.09389588721388527,0.006663569456860198,0.8994405433292545
25977,LOF,0.2173869034473129,0.07572474977992628,0.7068883467727609
25978,LOF,0.15532444103002171,0.129143115561017,0.7155324434089614
25979,LOF,0.11910285744555352,0.13361118794130059,0.7472859546131458
25980,LOF,0.1839667225104953,0.24798125928337575,0.5680520182061289
25981,LOF,0.18759590921037028,0.25600864169319465,0.5563954490964351
25982,LOF,0.2635556634698326,0.1306630725965365,0.6057812639336309
25983,Neutral,0.44918207994505877,0.1386970200468561,0.41212090000808504
25984,LOF,0.04262304676847676,0.20032503836056145,0.7570519148709618
25985,Neutral,0.40316997404918303,0.21445727936947007,0.3823727465813469
25986,GOF,0.009362665225832786,0.5084188415775474,0.4822184931966199
25987,LOF,0.02078281007678299,0.10748838062721007,0.8717288092960068
25988,LOF,0.03480826850124577,0.2852961894826564,0.6798955420160978
25989,LOF,0.03704871778709778,0.2659484807914952,0.697002801421407
25990,LOF,0.042240543666886635,0.3641298086800237,0.5936296476530896
25991,GOF,0.03665634862206595,0.5920838835297366,0.37125976784819753
25992,LOF,0.014796470839586894,0.35166076596573614,0.6335427631946768
25993,LOF,0.03250316470624543,0.08181397169485535,0.8856828635988993
25994,LOF,0.03332316445155161,0.08814050514565647,0.878536330402792
25995,LOF,0.02056098973348181,0.16955329571418132,0.8098857145523368
25996,GOF,0.3542529935290062,0.4931651773273764,0.1525818291436174
25997,GOF,0.07323078131560944,0.6513756251360395,0.2753935935483509
25998,LOF,0.253165982823639,0.04307262270574217,0.7037613944706188
25999,LOF,0.02745544451614506,0.408801870511424,0.5637426849724309
26000,LOF,0.1441984461289517,0.017747731254334997,0.8380538226167134
26001,LOF,0.14551399534907355,0.044389476621915336,0.8100965280290111
26002,LOF,0.10923765751430876,0.02648572591538939,0.8642766165703019
26003,GOF,0.0065444408864111046,0.6060788388788969,0.38737672023469194
26004,GOF,0.01489188087514582,0.5962683379851966,0.38883978113965767
26005,LOF,0.00567135245119181,0.47059109489208156,0.5237375526567266
26006,GOF,0.10952257411514134,0.5237277741285403,0.3667496517563183
26007,GOF,0.0087644793529879,0.5308853501722082,0.460350170474804
26008,GOF,0.006294194660487908,0.5551957713228612,0.43851003401665084
26009,GOF,0.01263701309725231,0.5846039842500684,0.4027590026526793
26010,GOF,0.008720384053640643,0.5821197271845733,0.409159888761786
26011,LOF,0.0062016057953513185,0.42051537084523316,0.5732830233594156
26012,GOF,0.005762948891740029,0.49831962209503433,0.49591742901322566
26013,LOF,0.011566862717852596,0.4519373315749834,0.536495805707164
26014,LOF,0.057063861260165535,0.08682357448570403,0.8561125642541305
26015,LOF,0.3853294749371469,0.0676743560680656,0.5469961689947874
26016,LOF,0.24936876748090508,0.15037382521739545,0.6002574073016995
26017,LOF,0.015593745456547826,0.46750799692760614,0.5168982576158461
26018,LOF,0.02065464172636578,0.16106215192503678,0.8182832063485974
26019,LOF,0.02057836527276537,0.13024815099821405,0.8491734837290206
26020,LOF,0.0066432193418584215,0.4137735713189932,0.5795832093391484
26021,LOF,0.08694625221180476,0.2774391530418294,0.635614594746366
26022,LOF,0.05319470747711047,0.07117312740991903,0.8756321651129704
26023,LOF,0.03005260186299459,0.12566037785992024,0.8442870202770851
26024,LOF,0.04638525202806059,0.17625872355947042,0.7773560244124691
26025,LOF,0.1388445736296831,0.15308438823804518,0.7080710381322717
26026,LOF,0.1317267489915713,0.11314047622192816,0.7551327747865005
26027,LOF,0.029043755021761663,0.07789383816022395,0.8930624068180143
26028,LOF,0.06881630082035886,0.22994638533992115,0.70123731383972
26029,LOF,0.042067101809410416,0.10117009304870866,0.8567628051418809
26030,LOF,0.15551920687438328,0.009046565653503686,0.835434227472113
26031,LOF,0.020641025985050153,0.10167831078232561,0.8776806632326242
26032,LOF,0.03071540296242221,0.018058687892340556,0.9512259091452372
26033,LOF,0.04527657083887033,0.032490289947072766,0.9222331392140568
26034,LOF,0.028570178484355547,0.0628899185652105,0.9085399029504339
26035,LOF,0.01630473010140762,0.07763234639119997,0.9060629235073925
26036,LOF,0.015497450796988225,0.06454080843171849,0.9199617407712932
26037,LOF,0.01446677587469721,0.06335000929438933,0.9221832148309134
26038,LOF,0.025317301313074567,0.017986053819311374,0.9566966448676141
26039,LOF,0.03506032892411754,0.09557555389117528,0.8693641171847071
26040,LOF,0.06634598807064464,0.15556398411908015,0.7780900278102753
26041,LOF,0.017960846040577617,0.08161155417558139,0.900427599783841
26042,LOF,0.01638978773717331,0.08925781251608308,0.8943523997467436
26043,LOF,0.02506625450026158,0.04194568401576953,0.932988061483969
26044,LOF,0.00963748090177495,0.03606032569265203,0.954302193405573
26045,LOF,0.09075976769735096,0.19308249087994805,0.7161577414227009
26046,LOF,0.024405100857471385,0.04495719989598864,0.93063769924654
26047,LOF,0.05912796073338763,0.03657606101917605,0.9042959782474363
26048,LOF,0.08344130402839067,0.02174185155239446,0.8948168444192148
26049,Neutral,0.9270085178653186,0.005657677671954399,0.06733380446272716
26050,Neutral,0.8772975449539914,0.007090185956314461,0.11561226908969426
26051,LOF,0.03470938502265223,0.3140092723808503,0.6512813425964975
26052,LOF,0.036084411204673573,0.21138530675615289,0.7525302820391735
26053,LOF,0.04099699019815756,0.052428905502081576,0.9065741042997609
26054,LOF,0.05006005456209273,0.09559207193719736,0.85434787350071
26055,LOF,0.054447757464727534,0.08072651424593351,0.8648257282893389
26056,LOF,0.051664925546355225,0.084412065400744,0.8639230090529008
26057,LOF,0.05323359243093056,0.0198209121888901,0.9269454953801795
26058,LOF,0.06198713580513384,0.015706821549957933,0.9223060426449082
26059,LOF,0.24818182539711744,0.1194413630513704,0.6323768115515123
26060,LOF,0.018060809302581454,0.24245379533335087,0.7394853953640678
26061,LOF,0.012820446927396704,0.011996565269412928,0.9751829878031903
26062,LOF,0.006087879935060974,0.022801635743039384,0.9711104843218997
26063,LOF,0.052934155055856504,0.016016999187884517,0.9310488457562591
26064,LOF,0.010613622141363105,0.014746754514987,0.9746396233436498
26065,LOF,0.04716662341846444,0.021997649669140185,0.9308357269123954
26066,LOF,0.04966431682900937,0.01495546211660108,0.9353802210543897
26067,LOF,0.05587668324853691,0.017431143830187828,0.9266921729212753
26068,LOF,0.04817201385312987,0.05650190487872626,0.8953260812681437
26069,LOF,0.16157096834826232,0.050938761026740546,0.7874902706249972
26070,LOF,0.3830328438659429,0.03271200535772379,0.5842551507763334
26071,LOF,0.04950463621007116,0.019394455602022295,0.9311009081879066
26072,LOF,0.008949638604466417,0.02060718232677903,0.9704431790687545
26073,LOF,0.05244165625685808,0.013576135859055545,0.9339822078840864
26074,Neutral,0.7237545154848619,0.027219263766468858,0.24902622074866915
26075,LOF,0.0373671594755914,0.043737452778726614,0.918895387745682
26076,LOF,0.061714443505875904,0.02342913305949571,0.9148564234346285
26077,LOF,0.15808814580174918,0.023640049809850787,0.8182718043884001
26078,LOF,0.007180825001962638,0.025854547544550646,0.9669646274534868
26079,LOF,0.053604772168408525,0.044357452510441986,0.9020377753211495
26080,LOF,0.05259609641890577,0.04463276626147151,0.9027711373196227
26081,LOF,0.049671593844958076,0.01712403388784379,0.9332043722671981
26082,LOF,0.00758046886588373,0.024347347181423507,0.9680721839526927
26083,LOF,0.04472121007681307,0.04603821260591543,0.9092405773172716
26084,LOF,0.061530332200953775,0.020347392496584814,0.9181222753024614
26085,LOF,0.05387964008629174,0.01799861708183846,0.9281217428318699
26086,LOF,0.03888549462928385,0.021259615395131274,0.939854889975585
26087,LOF,0.04837780064740283,0.021670494773871583,0.9299517045787257
26088,LOF,0.008243377853223247,0.045324776789828505,0.9464318453569481
26089,LOF,0.03330965723565099,0.06636598159772969,0.9003243611666193
26090,LOF,0.033252015828863966,0.05488508734350302,0.911862896827633
26091,LOF,0.04879157910022119,0.017050343626097534,0.9341580772736814
26092,LOF,0.06361253250097072,0.015251420720902319,0.9211360467781269
26093,LOF,0.08216170565396393,0.01139090323973383,0.9064473911063022
26094,LOF,0.04203182183102017,0.018208410398975094,0.9397597677700047
26095,LOF,0.01191462273296699,0.03581590910987748,0.9522694681571556
26096,LOF,0.3002802169659393,0.005620324287709485,0.6940994587463513
26097,LOF,0.007260143028653828,0.05882208750668632,0.9339177694646598
26098,LOF,0.05808100702152004,0.04653779793018983,0.8953811950482902
26099,LOF,0.04788948153461843,0.053068693773419384,0.8990418246919621
26100,LOF,0.04788948153461843,0.053068693773419384,0.8990418246919621
26101,LOF,0.04301723924328684,0.055515209427768476,0.9014675513289446
26102,LOF,0.05020890498337571,0.024014860017713198,0.925776234998911
26103,Neutral,0.8575611680696499,0.05795934504651651,0.08447948688383343
26104,LOF,0.042842849965633624,0.12390152795121938,0.8332556220831471
26105,LOF,0.253898093000806,0.2049245169128069,0.5411773900863871
26106,LOF,0.2701650761064894,0.11637495385670067,0.61345997003681
26107,LOF,0.009651058404253194,0.1618853980983759,0.828463543497371
26108,LOF,0.1498837230951299,0.14950553363487235,0.7006107432699976
26109,LOF,0.04727726174890154,0.023481606258306555,0.929241131992792
26110,Neutral,0.5297140718842427,0.03791191813520751,0.43237400998054976
26111,LOF,0.04755101373051971,0.2503905210020114,0.7020584652674688
26112,LOF,0.05418883903388391,0.040172263615255714,0.9056388973508605
26113,LOF,0.062354908160391076,0.06709988722219168,0.8705452046174171
26114,LOF,0.10575772058713481,0.029421985455731763,0.8648202939571334
26115,LOF,0.018963990386107174,0.22293056865332403,0.7581054409605689
26116,LOF,0.0728581740939528,0.0840949492034773,0.8430468767025698
26117,LOF,0.28792028644771167,0.05378222104278986,0.6582974925094984
26118,LOF,0.038840456335084476,0.021883115310491183,0.9392764283544243
26119,LOF,0.005179201197557865,0.08693005279536854,0.9078907460070736
26120,LOF,0.034156039078897076,0.020884951641485433,0.9449590092796175
26121,LOF,0.004415369061810935,0.10483438932041025,0.8907502416177788
26122,LOF,0.004823005056232473,0.09353966059132957,0.9016373343524381
