feature0,prediction,LoGoFunc_Neutral,LoGoFunc_GOF,LoGoFunc_LOF
25546,Neutral,0.6327247105945706,0.06496705786511123,0.3023082315403182
25547,Neutral,0.4486702131061226,0.12211900150958122,0.4292107853842961
25548,LOF,0.45154320538398074,0.0889894723272898,0.45946732228872944
25549,LOF,0.3916344599884413,0.08938090382189454,0.5189846361896641
25550,LOF,0.3259271611023074,0.15370427694484892,0.5203685619528436
25551,LOF,0.26732992986989995,0.17127398322484685,0.5613960869052531
25552,LOF,0.1930114935696685,0.15915334687695185,0.6478351595533797
25553,Neutral,0.7802216846649486,0.05568549386617344,0.16409282146887819
25554,LOF,0.22545055457966967,0.15185884030630536,0.6226906051140249
25555,LOF,0.18877851630803302,0.1362408208863251,0.6749806628056417
25556,LOF,0.38443401497666324,0.12582693181248425,0.48973905321085265
25557,LOF,0.17672620344644008,0.1412476598467827,0.6820261367067771
25558,LOF,0.22228268651305397,0.147879312166826,0.62983800132012
25559,LOF,0.18363191617618502,0.12018938694786252,0.6961786968759525
25560,LOF,0.06803397344145211,0.14981669096521985,0.7821493355933281
25561,LOF,0.12792199735203533,0.15149176671301512,0.7205862359349496
25562,LOF,0.058805138021528154,0.10073111683146922,0.8404637451470026
25563,LOF,0.0913017846218798,0.09755727100239067,0.8111409443757296
25564,LOF,0.2284385817162694,0.17896646239829392,0.5925949558854366
25565,LOF,0.1640603011700532,0.13203557825080867,0.7039041205791381
25566,GOF,0.01937550499240069,0.7564652432146435,0.22415925179295584
25567,LOF,0.02057963483372204,0.18891984799959374,0.7905005171666841
25568,LOF,0.06318561427020879,0.08280099828576934,0.8540133874440218
25569,LOF,0.0609137379289842,0.0797904552445518,0.859295806826464
25570,LOF,0.03077709333400864,0.11517613271858913,0.8540467739474022
25571,LOF,0.03074026998018102,0.10735046587121456,0.8619092641486044
25572,LOF,0.032864283028818,0.13424031183739382,0.8328954051337882
25573,LOF,0.027072787573486724,0.10777362219605909,0.8651535902304541
25574,LOF,0.017033912376320133,0.1603712844255388,0.822594803198141
25575,LOF,0.024909809656147405,0.12177003666890264,0.8533201536749501
25576,LOF,0.012095423694834967,0.15908753969250294,0.828817036612662
25577,LOF,0.011292669721676236,0.13148278244622694,0.8572245478320968
25578,LOF,0.2840022097805019,0.09308199344494938,0.6229157967745487
25579,LOF,0.11856416419706337,0.10153995436829766,0.779895881434639
25580,LOF,0.01929772806088839,0.08800049125797343,0.8927017806811381
25581,LOF,0.047080205466657865,0.08043874884780255,0.8724810456855395
25582,LOF,0.046917132518240444,0.07868170882752998,0.8744011586542295
25583,LOF,0.02056820486921365,0.10133394105120339,0.878097854079583
25584,Neutral,0.5123363204603453,0.10240684726697315,0.3852568322726816
25585,LOF,0.011869070091538212,0.1597348127856364,0.8283961171228253
25586,LOF,0.01833758462983061,0.08298789885655139,0.8986745165136181
25587,LOF,0.017238469242709536,0.07654654412444195,0.9062149866328486
25588,LOF,0.01761226800113321,0.08988645158200667,0.89250128041686
25589,Neutral,0.6356945189403277,0.13481396821716884,0.2294915128425035
25590,LOF,0.018883095218450538,0.13593516834649497,0.8451817364350546
25591,LOF,0.07659695074725674,0.06971263937518937,0.8536904098775538
25592,LOF,0.05025426048371075,0.14032959814334198,0.8094161413729474
25593,LOF,0.02299598292342019,0.250694385874835,0.7263096312017447
25594,LOF,0.03908919488293866,0.11651826135263647,0.844392543764425
25595,LOF,0.038302149642841773,0.09052650551530278,0.8711713448418554
25596,LOF,0.0516060578682789,0.07227735604387339,0.8761165860878477
25597,LOF,0.03479383823257819,0.07569025884247176,0.8895159029249501
25598,LOF,0.037673203622082825,0.09820159488408065,0.8641252014938364
25599,GOF,0.008300190876941877,0.5539539132768816,0.4377458958461766
25600,GOF,0.032001586233921346,0.6151114304041446,0.35288698336193414
25601,LOF,0.012616675257124232,0.42211242170243873,0.565270903040437
25602,LOF,0.01289581351364595,0.04555048304712519,0.941553703439229
25603,LOF,0.04731215132015165,0.017674046671828987,0.9350138020080194
25604,LOF,0.016240784369552574,0.07253878472955122,0.9112204309008962
25605,LOF,0.007373285803109958,0.194158372509077,0.7984683416878131
25606,LOF,0.08716838351229048,0.3312397648833015,0.581591851604408
25607,LOF,0.004889145663300451,0.2147127529558318,0.7803981013808678
25608,LOF,0.010964895265948255,0.12476796187142748,0.8642671428626242
25609,LOF,0.07949502494032303,0.38361803484623785,0.5368869402134391
25610,LOF,0.019744071076358363,0.026881490589966146,0.9533744383336756
25611,LOF,0.018592982512305768,0.028960286807423248,0.952446730680271
25612,LOF,0.059601216773092186,0.037028236810146026,0.9033705464167617
25613,LOF,0.055943333314781477,0.0361821930391983,0.9078744736460203
25614,LOF,0.027363575025896147,0.032185971091333886,0.94045045388277
25615,LOF,0.017005297791777278,0.04475239776645734,0.9382423044417654
25616,LOF,0.051568941985154985,0.030435967108786693,0.9179950909060584
25617,LOF,0.04821451352832549,0.03340420907596944,0.9183812773957051
25618,LOF,0.058161115736605005,0.0363832230602439,0.905455661203151
25619,LOF,0.018273661921971066,0.03185597103618158,0.9498703670418474
25620,LOF,0.06907383436297922,0.038972252764190515,0.8919539128728303
25621,LOF,0.018132831508687774,0.03647134803178015,0.9453958204595321
25622,LOF,0.022830775444146745,0.04254599311748929,0.934623231438364
25623,LOF,0.036745768239787195,0.03574847077640138,0.9275057609838114
25624,LOF,0.022686972086957472,0.04087054377418495,0.9364424841388576
25625,LOF,0.02330297998516507,0.051313620237642146,0.9253833997771929
25626,LOF,0.05458750413732307,0.036315660859985235,0.9090968350026918
25627,Neutral,0.621287634876603,0.10698541234714853,0.27172695277624836
25628,LOF,0.19002610792321925,0.05245346407961842,0.7575204279971623
25629,LOF,0.03971348435820943,0.06195610770084938,0.8983304079409412
25630,LOF,0.13943273548605598,0.09497461596723153,0.7655926485467125
25631,Neutral,0.5972874718490092,0.06578083057216891,0.3369316975788219
25632,LOF,0.007370316951328379,0.060183796306608486,0.9324458867420632
25633,LOF,0.20433195918482522,0.0447420150208859,0.7509260257942889
25634,LOF,0.02877505462041692,0.10000929278790925,0.8712156525916739
25635,LOF,0.03610653528033701,0.04772488331109646,0.9161685814085665
25636,GOF,0.004898193706483487,0.5827056507435245,0.4123961555499919
25637,GOF,0.0069007198777246625,0.5748748131415318,0.4182244669807435
25638,LOF,0.010316965955987243,0.303449076844355,0.6862339571996577
25639,LOF,0.0046763743784494225,0.44058463697335004,0.5547389886482006
25640,GOF,0.4372830635463381,0.47644455968878463,0.08627237676487733
25641,LOF,0.013100563913554698,0.28917548903102824,0.6977239470554171
25642,LOF,0.2443278974190064,0.051276610474791325,0.7043954921062023
25643,LOF,0.12959461094157043,0.14481743795647628,0.7255879511019534
25644,LOF,0.008182914797893385,0.4540021125898777,0.537814972612229
25645,LOF,0.006982611661904501,0.42399490894876174,0.5690224793893337
25646,LOF,0.012315426180458356,0.31520785597978024,0.6724767178397614
25647,LOF,0.009828727174314397,0.2563725787867998,0.7337986940388858
25648,LOF,0.008937978661268865,0.24392589306598136,0.7471361282727498
25649,LOF,0.0075808220322031595,0.20007241340989013,0.7923467645579068
25650,LOF,0.012925513872996031,0.4090784622359373,0.5779960238910667
25651,LOF,0.0054877536421175255,0.2679022347845775,0.726610011573305
25652,LOF,0.009622406956091133,0.2463148893916189,0.74406270365229
25653,LOF,0.024832360575048087,0.37350821053093647,0.6016594288940155
25654,LOF,0.009744749547525395,0.1450437632624314,0.8452114871900432
25655,LOF,0.047597598341932355,0.40519953164054184,0.5472028700175257
25656,LOF,0.19168698733081796,0.05050341736370812,0.7578095953054739
25657,LOF,0.2657526721652479,0.029081466055487868,0.7051658617792642
25658,LOF,0.08473867730617642,0.08247507672202167,0.8327862459718018
25659,LOF,0.452523314856158,0.06991723749050029,0.47755944765334185
25660,LOF,0.028760212279415966,0.09998710754157362,0.8712526801790104
25661,LOF,0.09004169588520945,0.07038015918243683,0.8395781449323537
25662,LOF,0.030012106001366997,0.04502966148565021,0.9249582325129828
25663,LOF,0.0390108002977108,0.06820827127161949,0.8927809284306697
25664,LOF,0.04848446364325413,0.07992336957373652,0.8715921667830094
25665,LOF,0.0571551795566938,0.034654156706143496,0.9081906637371626
25666,LOF,0.03698496197819493,0.1086056852741714,0.8544093527476337
25667,LOF,0.06658257059813016,0.050173849312391716,0.883243580089478
25668,LOF,0.03599322604367972,0.05781051663359917,0.9061962573227211
25669,LOF,0.03192737145205293,0.08200820830070524,0.8860644202472419
25670,LOF,0.06600179284667287,0.05616827805166275,0.8778299291016645
25671,LOF,0.09281896223272645,0.043366631088402205,0.8638144066788713
25672,LOF,0.060908329805365174,0.04411230584998773,0.8949793643446472
25673,LOF,0.023789509716025916,0.06163712345659765,0.9145733668273763
25674,LOF,0.020816631851572936,0.07339072508557964,0.9057926430628475
25675,LOF,0.034544203732581207,0.06463168596905312,0.9008241102983657
25676,LOF,0.018698717041236525,0.0595602113620802,0.9217410715966832
25677,LOF,0.029764448750057605,0.0702850373331839,0.8999505139167584
25678,LOF,0.1964184544800684,0.06047406719158748,0.7431074783283441
25679,LOF,0.16242090843599472,0.07914064645782895,0.7584384451061763
25680,LOF,0.04411908885306605,0.11093727647609584,0.8449436346708381
25681,LOF,0.069283610906151,0.10430298532499029,0.8264134037688586
25682,LOF,0.1413953724687088,0.08159654041266988,0.7770080871186213
25683,LOF,0.07941281108377415,0.11689536083221264,0.8036918280840132
25684,LOF,0.04409163257836018,0.08141743536476431,0.8744909320568754
25685,LOF,0.0844609284353213,0.05524126691296789,0.8602978046517108
25686,LOF,0.028355474682069604,0.0821910972516041,0.8894534280663262
25687,LOF,0.05109487326404646,0.07139893000125688,0.8775061967346967
25688,LOF,0.04779375293305852,0.06772736939537818,0.8844788776715633
25689,LOF,0.02591504614935816,0.07320431892490133,0.9008806349257406
25690,LOF,0.037808101294380954,0.060180361330097784,0.9020115373755213
25691,LOF,0.24137806173381512,0.08039996440866817,0.6782219738575167
25692,LOF,0.26395824731366524,0.007405215632686158,0.7286365370536486
25693,LOF,0.079860302876119,0.23836176924833213,0.6817779278755488
25694,LOF,0.23823643388683216,0.0140404596259778,0.7477231064871901
25695,LOF,0.15097715469295178,0.02467353582670677,0.8243493094803415
25696,LOF,0.1107877039459542,0.011588738042360687,0.8776235580116851
25697,LOF,0.09177425208763199,0.023069380999809798,0.8851563669125583
25698,LOF,0.0602338262346156,0.4524013593404577,0.4873648144249267
25699,LOF,0.06955727383817169,0.10127520293797992,0.8291675232238483
25700,LOF,0.05558688544104325,0.009402632283775027,0.9350104822751817
25701,LOF,0.01697155158769888,0.07232736799226286,0.9107010804200383
25702,GOF,0.03899878972809494,0.6701933655017052,0.29080784477019994
25703,LOF,0.008198568388312982,0.15536414332556348,0.8364372882861236
25704,LOF,0.05571874704370926,0.13105475996411406,0.8132264929921768
25705,LOF,0.06415222041709275,0.2667705144251508,0.6690772651577565
25706,GOF,0.023820095204190102,0.5271054386868769,0.44907446610893303
25707,LOF,0.01656010387008888,0.44289722185814806,0.5405426742717631
25708,LOF,0.007144577668691387,0.40792087288629975,0.5849345494450088
25709,LOF,0.054787160480007764,0.06389655297410367,0.8813162865458884
25710,LOF,0.0054435129758453665,0.17799120107970773,0.8165652859444469
25711,LOF,0.016260440241633034,0.14139129406174084,0.8423482656966262
25712,LOF,0.00667273127985015,0.22734132452996536,0.7659859441901845
25713,LOF,0.017208310122882816,0.12463542464310855,0.8581562652340087
25714,LOF,0.05679296391087116,0.1521236809659971,0.7910833551231318
25715,LOF,0.011161474664212937,0.1663229067537909,0.8225156185819962
25716,LOF,0.005969987374747935,0.1364347065676984,0.8575953060575536
25717,LOF,0.005962984218994563,0.10998931077996303,0.8840477050010423
25718,LOF,0.012019988618101071,0.11671064545204103,0.8712693659298579
25719,LOF,0.018626896122802442,0.11743901284249997,0.8639340910346976
25720,LOF,0.019639246928659163,0.10959833428623021,0.8707624187851106
25721,LOF,0.01572157007625917,0.13148149797355546,0.8527969319501854
25722,LOF,0.014306027045551869,0.16023571514389648,0.8254582578105516
25723,LOF,0.018816088093902075,0.08911882784463354,0.8920650840614645
25724,LOF,0.0172291146938326,0.13345839312801605,0.8493124921781513
25725,LOF,0.011373903660232184,0.09498470456875034,0.8936413917710174
25726,LOF,0.013909655418827969,0.14150937454615148,0.8445809700350204
25727,LOF,0.01198618289318175,0.10697037283416438,0.8810434442726539
25728,LOF,0.010609008941712744,0.13308367910577443,0.8563073119525128
25729,LOF,0.010838130483402849,0.13804899861981434,0.8511128708967829
25730,LOF,0.015508695748250995,0.1118342855072851,0.8726570187444639
25731,LOF,0.008119168072491929,0.15874712137158953,0.8331337105559186
25732,LOF,0.01513851660916599,0.10617176622683783,0.8786897171639961
25733,LOF,0.01507287531556102,0.10174000331618625,0.8831871213682527
25734,LOF,0.005441460189903567,0.1577825507080093,0.8367759891020871
25735,LOF,0.013735669041548458,0.0928334043995876,0.8934309265588639
25736,LOF,0.01426857259194675,0.12336460778969521,0.862366819618358
25737,LOF,0.018751981172139394,0.10558024886510883,0.8756677699627519
25738,LOF,0.013057972609484608,0.15180240083477375,0.8351396265557416
25739,LOF,0.019358674887665683,0.1363878897286754,0.8442534353836588
25740,LOF,0.029443057402890223,0.1310465661656314,0.8395103764314783
25741,LOF,0.01459078187202645,0.12427017907558834,0.8611390390523852
25742,LOF,0.08966058462365135,0.1219834181573088,0.7883559972190399
25743,LOF,0.015572291403586583,0.02885898889769417,0.9555687196987191
25744,LOF,0.25117441395514534,0.305181170468748,0.4436444155761067
25745,LOF,0.026883222426401884,0.040871092204343665,0.9322456853692545
25746,LOF,0.018419122594373442,0.04842125136507757,0.933159626040549
25747,LOF,0.02876258545700845,0.024268245457261795,0.9469691690857298
25748,LOF,0.12255843728057705,0.041618617068661885,0.835822945650761
25749,LOF,0.01604440247022802,0.04055209441010369,0.9434035031196684
25750,LOF,0.03628024949568975,0.05672950340639927,0.906990247097911
25751,LOF,0.11413491573580258,0.04904103886977515,0.8368240453944222
25752,GOF,0.140965948482984,0.57820028028547,0.280833771231546
25753,LOF,0.00840990217808994,0.2936094866204646,0.6979806112014454
25754,GOF,0.004743081048519842,0.7824192871596022,0.2128376317918779
25755,LOF,0.009631435550953235,0.3965075872888864,0.5938609771601604
25756,LOF,0.045925795558857056,0.39240861254577114,0.5616655918953718
25757,GOF,0.005747885406163115,0.8439943102777322,0.1502578043161046
25758,GOF,0.007401079155381291,0.850586528014251,0.14201239283036762
25759,GOF,0.004448466020063962,0.529421830568128,0.466129703411808
25760,LOF,0.005529579532313766,0.2597263052526284,0.7347441152150578
25761,GOF,0.0434711575557297,0.7938414798634894,0.16268736258078095
25762,LOF,0.0343944161664065,0.28826430365953054,0.6773412801740629
25763,LOF,0.00637531119143249,0.20378142693041246,0.7898432618781551
25764,GOF,0.18458462145567298,0.47478497664049435,0.3406304019038326
25765,GOF,0.011365117576352769,0.7771871322252694,0.21144775019837783
25766,GOF,0.017280331043512,0.8105976723219208,0.1721219966345672
25767,GOF,0.020543221223208008,0.5353289805318275,0.44412779824496446
25768,LOF,0.08017649280300398,0.08911677098271477,0.8307067362142813
25769,LOF,0.08013612834704632,0.05262024922883718,0.8672436224241166
25770,LOF,0.33482295768784925,0.06063418675949673,0.6045428555526541
25771,LOF,0.013618925737619018,0.05568112432743365,0.9306999499349473
25772,LOF,0.019525871459092937,0.02636616059806106,0.9541079679428459
25773,LOF,0.0111866266514971,0.10298025881768066,0.8858331145308223
25774,LOF,0.025668993415826014,0.061097239459909844,0.9132337671242642
25775,LOF,0.01549413155223461,0.046588998779631095,0.9379168696681344
25776,LOF,0.08012561171809504,0.020456211345564003,0.8994181769363409
25777,LOF,0.27584903844508524,0.03874936924390189,0.6854015923110129
25778,LOF,0.07187635844931417,0.03903137764933037,0.8890922639013554
25779,GOF,0.06851251333810582,0.8610959837862,0.07039150287569405
25780,GOF,0.06346807051630042,0.837631466904337,0.09890046257936252
25781,GOF,0.02703935865752426,0.8347395603404507,0.13822108100202493
25782,GOF,0.035510515011106705,0.8690061682676478,0.09548331672124558
25783,GOF,0.012734720116513066,0.660783830703797,0.32648144917969
25784,GOF,0.11809328604933851,0.8198243740041452,0.06208233994651626
25785,GOF,0.08283699452460326,0.8559006252182334,0.06126238025716327
25786,GOF,0.005631544856232152,0.7662026910159933,0.22816576412777467
25787,GOF,0.19187823369787585,0.7536108937585284,0.05451087254359572
25788,LOF,0.04660163591631779,0.1152216215619131,0.8381767425217691
25789,GOF,0.04065454117437325,0.7987597109965795,0.1605857478290472
25790,GOF,0.04124125773150682,0.8250850679715095,0.13367367429698362
25791,GOF,0.0303568280163014,0.7636678334956145,0.20597533848808414
25792,GOF,0.04690231563736228,0.7674178598424334,0.18567982452020432
25793,GOF,0.08491258690009888,0.6998539760995481,0.21523343700035288
25794,GOF,0.12356412287300257,0.663032568444361,0.21340330868263643
25795,GOF,0.029840955900404437,0.7332976804721226,0.236861363627473
25796,GOF,0.13499255508453872,0.746826583624249,0.11818086129121229
25797,GOF,0.04026409161390291,0.5897510386058626,0.3699848697802343
25798,GOF,0.0033397204716317623,0.5374064554290772,0.4592538240992911
25799,LOF,0.0030593828034456687,0.43439300195365105,0.5625476152429033
25800,GOF,0.011778970249288695,0.6148081830046269,0.3734128467460843
25801,GOF,0.0320202569151239,0.814153222793237,0.15382652029163918
25802,GOF,0.02127926619180475,0.6951476559462492,0.28357307786194613
25803,GOF,0.010602352125892117,0.5782462979073637,0.41115134996674413
25804,LOF,0.012921190059633342,0.46884771516197943,0.5182310947783871
25805,GOF,0.02282871786372969,0.5833301769379131,0.3938411051983573
25806,GOF,0.02059536436144289,0.6004825418195118,0.3789220938190453
25807,GOF,0.006185646592732412,0.6336445212048669,0.36016983220240073
25808,GOF,0.015587647921477106,0.6299913118563887,0.3544210402221342
25809,GOF,0.006251046420315526,0.5871671776887,0.40658177589098465
25810,GOF,0.00511231961190517,0.6014206534797173,0.39346702690837754
25811,GOF,0.11300694445614874,0.7695613239047209,0.11743173163913026
25812,GOF,0.013152002611217522,0.6144708711664149,0.37237712622236757
25813,GOF,0.11381008664723191,0.720009678211206,0.16618023514156216
25814,GOF,0.03225701896583166,0.6937308050028183,0.27401217603135
25815,GOF,0.04448685845874137,0.7178789989268115,0.23763414261444704
25816,GOF,0.007822063103326294,0.7480381240675308,0.24413981282914288
25817,GOF,0.07440609530235448,0.7640759612113155,0.1615179434863301
25818,GOF,0.020151205909770785,0.6912591133530609,0.28858968073716834
25819,GOF,0.08120191976753559,0.7037864410670103,0.21501163916545404
25820,GOF,0.03659878557948142,0.7104509744668193,0.2529502399536994
25821,GOF,0.01916821431089192,0.6878273802700711,0.293004405419037
25822,GOF,0.04228129582574778,0.6779729875810193,0.279745716593233
25823,GOF,0.012679826933931305,0.5412888754987281,0.4460312975673407
25824,GOF,0.02225036929630406,0.6501121304506012,0.3276375002530947
25825,GOF,0.01244065802093179,0.629215916804769,0.35834342517429923
25826,GOF,0.005060932083523452,0.613570173876516,0.38136889403996044
25827,GOF,0.007523446620444698,0.6471666529172738,0.34530990046228144
25828,GOF,0.004830447050177025,0.549041144105564,0.44612840884425886
25829,GOF,0.0028303622334983933,0.5901529009125506,0.40701673685395107
25830,LOF,0.03747511029572081,0.3373183703502533,0.6252065193540259
25831,GOF,0.034938991326575734,0.8125503642792571,0.15251064439416712
25832,GOF,0.007829533571548385,0.7461916723120151,0.24597879411643644
25833,GOF,0.02943541512329845,0.7906939826173517,0.17987060225934967
25834,GOF,0.008272334742027768,0.7454014915806096,0.24632617367736256
25835,GOF,0.017396218346076846,0.7991959728627691,0.1834078087911542
25836,GOF,0.006823826303937448,0.7429535375885851,0.2502226361074774
25837,GOF,0.006536527773372438,0.6529870853460844,0.34047638688054305
25838,GOF,0.020928661598257722,0.8292208582092819,0.14985048019246025
25839,GOF,0.04780357766039789,0.7838384481212108,0.16835797421839127
25840,GOF,0.0396419138043712,0.8060937361188114,0.15426435007681727
25841,GOF,0.038424733853488525,0.8216390187522593,0.13993624739425217
25842,GOF,0.024401615703696235,0.8490715958287653,0.12652678846753843
25843,GOF,0.02697014014091428,0.8659314524804447,0.10709840737864111
25844,GOF,0.01753133860801005,0.7739296161805856,0.20853904521140437
25845,GOF,0.00522846787913345,0.5719121539567941,0.42285937816407243
25846,GOF,0.026667983233470163,0.8321451852879581,0.14118683147857164
25847,GOF,0.018696839958058747,0.8743531863758034,0.10694997366613787
25848,GOF,0.014268807010441103,0.7673208260579474,0.2184103669316115
25849,GOF,0.00436435833236001,0.6529715888203275,0.34266405284731255
25850,GOF,0.00699131910220743,0.6817753561584377,0.31123332473935483
25851,GOF,0.006352764277014201,0.5527688284354441,0.44087840728754174
25852,GOF,0.1587176142126204,0.5202327792064665,0.32104960658091325
25853,GOF,0.06623650016033167,0.8225038788989478,0.11125962094072062
25854,GOF,0.009322056128800124,0.6377114411293721,0.3529665027418279
25855,GOF,0.015286182768200143,0.5774683284827021,0.40724548874909783
25856,GOF,0.039845682871232045,0.700295097289616,0.25985921983915194
25857,GOF,0.0151253490398014,0.5353468895820429,0.4495277613781557
25858,GOF,0.007719034380687398,0.5317167769914551,0.4605641886278575
25859,GOF,0.005281845794906861,0.5159098349107739,0.47880831929431916
25860,GOF,0.08428264313941027,0.7697327271275631,0.1459846297330265
25861,GOF,0.12597323081981684,0.7659178761828934,0.1081088929972897
25862,GOF,0.019938575966544848,0.8378298499859002,0.14223157404755501
25863,GOF,0.019132625760092278,0.8439896404983569,0.13687773374155093
25864,GOF,0.0460276775541076,0.8678318498790496,0.0861404725668429
25865,GOF,0.032170412905887104,0.8421273095779019,0.12570227751621085
25866,GOF,0.025564385864456963,0.8111226333918359,0.16331298074370706
25867,GOF,0.02602181125893112,0.852348943933344,0.12162924480772486
25868,GOF,0.05559728025897228,0.7674972845833773,0.17690543515765056
25869,GOF,0.30195451258361694,0.5861474945139395,0.1118979929024435
25870,GOF,0.17185218679181644,0.5076634823384416,0.320484330869742
25871,GOF,0.029276080228265205,0.8258228655118174,0.14490105425991748
25872,GOF,0.01680828586200607,0.7495658048636267,0.23362590927436716
25873,GOF,0.01858968983810219,0.8207684176961191,0.1606418924657788
25874,LOF,0.017191735536089173,0.11912137694937772,0.8636868875145332
25875,LOF,0.023215081491857466,0.0339313392817081,0.9428535792264343
25876,LOF,0.014689939297916716,0.031117983475498306,0.9541920772265851
25877,LOF,0.12229727243147936,0.05903737586351155,0.8186653517050091
25878,LOF,0.0522516031431265,0.08425369704111851,0.8634946998157551
25879,LOF,0.022227811791756962,0.06644600469799077,0.9113261835102522
25880,LOF,0.042314167511843484,0.011577542090534477,0.946108290397622
25881,Neutral,0.5414037530366659,0.04101500799979285,0.4175812389635414
25882,LOF,0.021933804965394186,0.031070836825747534,0.9469953582088583
25883,LOF,0.06732335873452795,0.019199512650198546,0.9134771286152735
25884,LOF,0.01021171187871473,0.03585411698093883,0.9539341711403465
25885,LOF,0.18819596584919826,0.005611941708655314,0.8061920924421464
25886,LOF,0.26898513122270706,0.039582127287707124,0.6914327414895859
25887,LOF,0.15561191259218218,0.05017300658347011,0.7942150808243477
25888,LOF,0.011730344823049972,0.10308221110584731,0.8851874440711027
25889,LOF,0.012843204857487361,0.025207962409668078,0.9619488327328446
25890,LOF,0.10649901341391482,0.08522379602807434,0.8082771905580107
25891,LOF,0.046307571974706765,0.039535054754397204,0.914157373270896
25892,LOF,0.011727259298811514,0.04713511637421052,0.941137624326978
25893,LOF,0.39129691760027374,0.01403399578772228,0.5946690866120039
25894,LOF,0.4209194416266106,0.007535450050953606,0.5715451083224358
25895,LOF,0.34980547336155365,0.015277446265731935,0.6349170803727145
25896,LOF,0.042122721794105256,0.0273833204848896,0.9304939577210052
25897,LOF,0.19215534829679395,0.014976564737079309,0.7928680869661268
25898,LOF,0.21770657569162638,0.03907959878995399,0.7432138255184197
25899,LOF,0.1856248240255456,0.030188733450369053,0.7841864425240853
25900,LOF,0.47764735239977146,0.01294734317871482,0.5094053044215137
25901,LOF,0.04528423401729398,0.01222889241654575,0.9424868735661603
25902,LOF,0.09953861625834279,0.016582911645553786,0.8838784720961035
25903,LOF,0.3910253431488029,0.03288960696990602,0.5760850498812912
25904,LOF,0.29971481518956317,0.04997457475166798,0.6503106100587689
25905,LOF,0.00666001549737843,0.4346461282086695,0.5586938562939522
25906,LOF,0.009024642751786391,0.12284480045596939,0.8681305567922442
25907,LOF,0.0043573921843710955,0.375162780029195,0.620479827786434
25908,LOF,0.0038895682385103104,0.26946044505019473,0.7266499867112949
25909,LOF,0.013117156646971637,0.15786593111096012,0.8290169122420682
25910,LOF,0.016266044260176492,0.15339261336315635,0.8303413423766671
25911,LOF,0.17948450698758908,0.025720541152830914,0.7947949518595799
25912,LOF,0.07127129215144622,0.039255140323575424,0.8894735675249784
25913,LOF,0.07387486598720712,0.04368146246802661,0.8824436715447662
25914,LOF,0.020759952111026016,0.05471180601233893,0.9245282418766351
25915,LOF,0.1449226887107003,0.2881218364985785,0.5669554747907213
25916,LOF,0.02036243588870408,0.17654658595435074,0.8030909781569452
25917,LOF,0.05843767045424457,0.037463017692807334,0.9040993118529481
25918,LOF,0.02614667122114406,0.030648350957210167,0.9432049778216457
25919,LOF,0.02245980745622625,0.029681370162106865,0.947858822381667
25920,LOF,0.09965928082898695,0.2836431074647436,0.6166976117062695
25921,LOF,0.010540328469488665,0.039603540628206035,0.9498561309023051
25922,LOF,0.012856670797099404,0.03260386236679347,0.954539466836107
25923,Neutral,0.4990522750315287,0.04361582043968677,0.45733190452878447
25924,LOF,0.017062745810913816,0.044994155433833394,0.9379430987552528
25925,LOF,0.07985195137183844,0.04737244994158158,0.8727755986865798
25926,LOF,0.05627546101118852,0.044982939267123274,0.8987415997216882
25927,LOF,0.01930258552605841,0.07720620157629192,0.9034912128976497
25928,LOF,0.007353886993191259,0.05840918844134477,0.934236924565464
25929,Neutral,0.6126202167402977,0.04582586201010665,0.34155392124959566
25930,LOF,0.06812321326521208,0.039393304123793126,0.8924834826109949
25931,LOF,0.009706703450790683,0.037494160846928165,0.9527991357022813
25932,LOF,0.03140256091915595,0.032110196884713824,0.9364872421961302
25933,LOF,0.03951895262738178,0.020769673210245043,0.9397113741623732
25934,LOF,0.027806901410381075,0.022427807340681442,0.9497652912489374
25935,LOF,0.07161532574378252,0.05989451040085515,0.8684901638553624
25936,LOF,0.04520025695175131,0.026791142642313644,0.928008600405935
25937,LOF,0.009519114592094837,0.03828299347160462,0.9521978919363006
25938,LOF,0.06778346324386608,0.06987023404502653,0.8623463027111075
25939,LOF,0.037259094905309716,0.02737441047217643,0.9353664946225139
25940,LOF,0.009226513927175316,0.32537286538633775,0.6654006206864871
25941,Neutral,0.5160577154240928,0.03212213580265209,0.4518201487732551
25942,LOF,0.0045356833875744,0.04001191588676143,0.9554524007256642
25943,LOF,0.035352169657048155,0.15524532990634116,0.8094025004366108
25944,LOF,0.12666138710462072,0.08091415798039957,0.7924244549149798
25945,LOF,0.05738203533055374,0.019494917627875977,0.9231230470415703
25946,LOF,0.06585603832141852,0.06504279362508768,0.8691011680534937
25947,LOF,0.45625380319402087,0.07180646838588571,0.4719397284200934
25948,LOF,0.31542869982002564,0.008757745414606895,0.6758135547653675
25949,LOF,0.08610405651237334,0.0480148802875688,0.8658810632000578
25950,GOF,0.04407161146798259,0.5917037818880218,0.36422460664399564
25951,LOF,0.01944307007040329,0.416330511869707,0.5642264180598897
25952,LOF,0.27594470822811396,0.314875582464761,0.409179709307125
25953,LOF,0.013789458566477283,0.2065440272193307,0.779666514214192
25954,LOF,0.05754587233016029,0.45775311558825693,0.4847010120815827
25955,LOF,0.011290264124352233,0.1672795596806928,0.821430176194955
25956,LOF,0.02865142339904117,0.3103281278170352,0.6610204487839236
25957,LOF,0.149781068936215,0.02816574897877282,0.8220531820850121
25958,LOF,0.05142543315592558,0.02756074682690135,0.9210138200171731
25959,LOF,0.012394624343178087,0.486766660589417,0.500838715067405
25960,LOF,0.00615848525518573,0.04994594582114876,0.9438955689236654
25961,LOF,0.041511959946236916,0.02468898160134811,0.9337990584524148
25962,LOF,0.0350296691915271,0.07193792299288976,0.8930324078155831
25963,LOF,0.005668590400455032,0.23310328245849832,0.7612281271410466
25964,LOF,0.03385741810582641,0.10756223628444227,0.8585803456097313
25965,LOF,0.3252612861101232,0.12968707450942107,0.5450516393804556
25966,Neutral,0.516672602409287,0.15398002104069364,0.3293473765500194
25967,LOF,0.00710597198936465,0.10224275512553463,0.8906512728851008
25968,LOF,0.051184828187047886,0.21722033237706628,0.7315948394358859
25969,LOF,0.1364438772452691,0.054349848415534696,0.8092062743391961
25970,LOF,0.01745273718063087,0.09693691702560006,0.8856103457937691
25971,LOF,0.06577333590801314,0.031304634057555514,0.9029220300344314
25972,LOF,0.06570164470594632,0.04264866692269647,0.8916496883713573
25973,LOF,0.0513446048058913,0.012658403558079777,0.9359969916360288
25974,LOF,0.034548265114164124,0.04090385926672144,0.9245478756191143
25975,LOF,0.042491135739804516,0.023823163593443452,0.9336857006667519
25976,LOF,0.09785647597146041,0.012243334801432618,0.8899001892271069
25977,LOF,0.18573730617836495,0.05710820705222109,0.7571544867694139
25978,LOF,0.13222333108860937,0.14358077671687686,0.7241958921945137
25979,LOF,0.12028729825387575,0.14399167798101703,0.7357210237651072
25980,LOF,0.22764150188640758,0.15140759472981502,0.6209509033837775
25981,LOF,0.25287288381025447,0.14863855241977575,0.5984885637699697
25982,LOF,0.3917618742372171,0.11976039510299011,0.4884777306597928
25983,LOF,0.37625193332716517,0.125956238987224,0.4977918276856107
25984,LOF,0.04203010119271616,0.05997251530557842,0.8979973835017054
25985,LOF,0.4092012453403478,0.1187458654766978,0.4720528891829543
25986,LOF,0.011617373729851534,0.37943290323428513,0.6089497230358633
25987,LOF,0.03852226913348846,0.08359595326222885,0.8778817776042827
25988,LOF,0.1582997676588034,0.09506826551853433,0.7466319668226623
25989,LOF,0.03532909460326474,0.13832416078751802,0.8263467446092173
25990,LOF,0.03638106537224121,0.20606367583882626,0.7575552587889326
25991,LOF,0.016568807469653335,0.353198176438619,0.6302330160917277
25992,LOF,0.022516340225073896,0.3298157595309954,0.6476679002439306
25993,LOF,0.02070620049144043,0.0854920991311198,0.8938017003774399
25994,LOF,0.01503429140125808,0.08715451952667166,0.8978111890720702
25995,LOF,0.01928768309243667,0.18637236597973877,0.7943399509278245
25996,LOF,0.3612918244854717,0.2579252105346558,0.38078296497987246
25997,LOF,0.07167423868796036,0.3290421909862058,0.5992835703258338
25998,LOF,0.2856392177776404,0.047471747165078806,0.6668890350572808
25999,LOF,0.015536837147394072,0.2433128880865861,0.7411502747660198
26000,LOF,0.15003260831484583,0.031223970937469134,0.8187434207476851
26001,LOF,0.31236428064399546,0.024612545256007406,0.6630231740999971
26002,LOF,0.06675369124290895,0.04743129100973652,0.8858150177473545
26003,GOF,0.004036164163571916,0.6220956724641995,0.3738681633722286
26004,GOF,0.006223329535836863,0.7029817407242878,0.29079492973987553
26005,LOF,0.0029245314946312793,0.4917205235327067,0.5053549449726621
26006,GOF,0.07622801367843433,0.5639304944833075,0.3598414918382582
26007,GOF,0.006261945234850032,0.5579285217496902,0.4358095330154598
26008,GOF,0.005408303422950906,0.6335479535204199,0.3610437430566291
26009,GOF,0.00643347499613015,0.6833099425513155,0.3102565824525545
26010,GOF,0.006942033888786468,0.6852235388329765,0.30783442727823707
26011,LOF,0.0027062673584278348,0.47654890680823303,0.520744825833339
26012,GOF,0.00418535374825161,0.5545564541233721,0.4412581921283763
26013,GOF,0.004886890309276145,0.6068079159724936,0.38830519371823025
26014,LOF,0.041481010847888335,0.10618189100021107,0.8523370981519005
26015,LOF,0.14131755573249014,0.022005505822415432,0.8366769384450944
26016,LOF,0.2915180542127803,0.04652623189763605,0.6619557138895836
26017,LOF,0.023109381934357513,0.22633853916824867,0.7505520788973937
26018,LOF,0.06949577333955073,0.04483435462853631,0.8856698720319128
26019,LOF,0.06616417406318383,0.03690178565531067,0.8969340402815055
26020,LOF,0.007100283925005545,0.23542902002832578,0.7574706960466687
26021,LOF,0.06396409384478573,0.07674588182874177,0.8592900243264724
26022,LOF,0.024818258638302726,0.027664254969114076,0.9475174863925833
26023,LOF,0.04342972637504881,0.026701075070726138,0.9298691985542251
26024,LOF,0.038559381012987455,0.08002995186550713,0.8814106671215054
26025,LOF,0.06133591814404368,0.07924653745470614,0.8594175444012502
26026,LOF,0.12938525400034692,0.06268577986237987,0.807928966137273
26027,LOF,0.05701747623564811,0.020530211640760937,0.922452312123591
26028,LOF,0.08223425830777113,0.129213551994733,0.7885521896974959
26029,LOF,0.027622252241204185,0.1832798262945929,0.7890979214642029
26030,LOF,0.1443746559280224,0.030206243157408337,0.8254191009145693
26031,LOF,0.014265997434956972,0.13894530035969366,0.8467887022053493
26032,LOF,0.08351471993719761,0.06858140906538915,0.8479038709974133
26033,LOF,0.08447165596086748,0.06764184073652628,0.8478865033026063
26034,LOF,0.015781339152008137,0.15293705123221843,0.8312816096157735
26035,LOF,0.013295254034884253,0.124035388029519,0.8626693579355966
26036,LOF,0.016893007094007744,0.16081340071449085,0.8222935921915013
26037,LOF,0.011324090788545222,0.11255444872635297,0.8761214604851018
26038,LOF,0.07127639063891847,0.06437431079431921,0.8643492985667623
26039,LOF,0.026156919353671454,0.15231148651653764,0.8215315941297909
26040,LOF,0.12385159156178169,0.14872932368892608,0.7274190847492922
26041,LOF,0.013354487533335693,0.09903833511287571,0.8876071773537885
26042,LOF,0.011887066913021207,0.10176595327342632,0.8863469798135525
26043,LOF,0.0704424539079532,0.08842038552504877,0.8411371605669979
26044,LOF,0.01408133576406298,0.06860372634762268,0.9173149378883143
26045,LOF,0.05174132399366889,0.10049000077983528,0.8477686752264959
26046,LOF,0.061465781637786154,0.07018576268207466,0.8683484556801392
26047,LOF,0.10909469657003168,0.07169468429021197,0.8192106191397562
26048,LOF,0.04788600622317618,0.038895527924401985,0.9132184658524218
26049,Neutral,0.9705719901717805,0.005880331952416589,0.023547677875802888
26050,Neutral,0.9569489796224202,0.007745618935569594,0.03530540144201029
26051,LOF,0.015240604944727088,0.18277138724119174,0.8019880078140811
26052,LOF,0.0235648039307755,0.20642191635497034,0.7700132797142543
26053,LOF,0.023583370945423975,0.12986020046657584,0.8465564285880002
26054,LOF,0.048738927087584566,0.016196939777814903,0.9350641331346006
26055,LOF,0.06345515019096827,0.015055338392876316,0.9214895114161553
26056,LOF,0.052728164616828395,0.01775193291788155,0.92951990246529
26057,LOF,0.03329538234758156,0.011336770355624148,0.9553678472967944
26058,LOF,0.03403181185486517,0.009883025692511156,0.9560851624526238
26059,LOF,0.29134707369552887,0.017874234996527755,0.6907786913079434
26060,LOF,0.009155652279309808,0.13914067251353093,0.8517036752071592
26061,LOF,0.005125863149675404,0.013401235275836478,0.9814729015744882
26062,LOF,0.004229485868292761,0.017288239387865115,0.9784822747438422
26063,LOF,0.023007629948356083,0.010214271733312809,0.9667780983183311
26064,LOF,0.006839603538150545,0.023849855712927356,0.9693105407489222
26065,LOF,0.023291217628457164,0.011894029018870097,0.9648147533526726
26066,LOF,0.02138663556184718,0.0105446437557163,0.9680687206824365
26067,LOF,0.030038404689692228,0.0091092109672739,0.9608523843430338
26068,LOF,0.041745298161094506,0.029012311663072544,0.929242390175833
26069,LOF,0.2577791707293607,0.018096878904064057,0.7241239503665753
26070,LOF,0.42601797865463487,0.013158614375165485,0.5608234069701997
26071,LOF,0.0218624228125667,0.011159682776696208,0.966977894410737
26072,LOF,0.005786451295095655,0.022156405587593905,0.9720571431173105
26073,LOF,0.018880205545929455,0.01359989391024964,0.9675199005438209
26074,Neutral,0.8977489810664606,0.005390436612969124,0.0968605823205702
26075,LOF,0.044180704539445066,0.014490808826775496,0.9413284866337793
26076,LOF,0.04021475172464478,0.009339357375764187,0.9504458908995911
26077,LOF,0.10698085358286845,0.007085300270357836,0.8859338461467737
26078,LOF,0.005909748416514492,0.01273649570327828,0.9813537558802073
26079,LOF,0.05278061446493157,0.016667913213350188,0.9305514723217183
26080,LOF,0.050746095107421396,0.016713839251554674,0.932540065641024
26081,LOF,0.030779571279116943,0.007430970061925435,0.9617894586589575
26082,LOF,0.004696868688566136,0.014897403186619099,0.9804057281248147
26083,LOF,0.14269692688009028,0.015478928321135111,0.8418241447987745
26084,LOF,0.03504248605283584,0.012256152567913545,0.9527013613792505
26085,LOF,0.03152773934953076,0.011071086845848505,0.9574011738046206
26086,LOF,0.020483144045119545,0.011682203860450237,0.9678346520944303
26087,LOF,0.02195938946869324,0.009479583009489671,0.968561027521817
26088,LOF,0.005512817737259425,0.021697156342954278,0.9727900259197862
26089,LOF,0.037478907934092594,0.021196915564382298,0.941324176501525
26090,LOF,0.03705114293883026,0.017053082638819675,0.94589577442235
26091,LOF,0.02909065113312577,0.006940386609639516,0.9639689622572347
26092,LOF,0.021316154140888274,0.007890479288718267,0.9707933665703935
26093,LOF,0.03955647935086352,0.005922669078368732,0.9545208515707676
26094,LOF,0.029543347862977604,0.006665747246786149,0.9637909048902363
26095,LOF,0.014126052384571167,0.016909989215068977,0.96896395840036
26096,LOF,0.14160791550572147,0.005897908173673891,0.8524941763206046
26097,LOF,0.004788604107667939,0.033985173922000365,0.9612262219703318
26098,LOF,0.07503905588102935,0.013306390713155536,0.9116545534058151
26099,LOF,0.019642326958879557,0.013457536783372548,0.966900136257748
26100,LOF,0.022395944034191526,0.012978519303506065,0.9646255366623023
26101,LOF,0.04842817393651008,0.021815749417110446,0.9297560766463795
26102,LOF,0.021419257512368107,0.014714417780686261,0.9638663247069456
26103,Neutral,0.8676786133631916,0.019451141780895447,0.11287024485591289
26104,LOF,0.06669250433357826,0.02187693126823116,0.9114305643981907
26105,LOF,0.17992635946400193,0.17273773076330037,0.6473359097726978
26106,LOF,0.32315483418695345,0.11148646499729205,0.5653587008157546
26107,LOF,0.02066667481041527,0.10792147018577328,0.8714118550038115
26108,LOF,0.35629051551091157,0.04030620175066862,0.6034032827384198
26109,LOF,0.02914872162019065,0.06852602386382146,0.902325254515988
26110,LOF,0.20762662522683226,0.006253133197425479,0.7861202415757421
26111,LOF,0.07985367719050256,0.07115874572694687,0.8489875770825506
26112,LOF,0.03579553754090136,0.007100611557381216,0.9571038509017176
26113,LOF,0.05890385795022118,0.014118277346504835,0.926977864703274
26114,LOF,0.06423293930186405,0.01486850278482265,0.9208985579133132
26115,LOF,0.014885164170945644,0.0927767945463586,0.8923380412826957
26116,LOF,0.08224378419319009,0.054021763565755186,0.8637344522410547
26117,LOF,0.4093994293891124,0.04095922660020882,0.5496413440106788
26118,LOF,0.032940280528483405,0.022204438724743623,0.9448552807467729
26119,LOF,0.004403748887717814,0.04598385172944616,0.9496123993828359
26120,LOF,0.022924655246959805,0.018153373551657997,0.9589219712013821
26121,LOF,0.0040141027161332945,0.15199240104015033,0.8439934962437163
