feature0,prediction,LoGoFunc_Neutral,LoGoFunc_GOF,LoGoFunc_LOF
25546,Neutral,0.7950420082639914,0.026667946527032412,0.17829004520897615
25547,Neutral,0.6573884576159357,0.055537138057336434,0.2870744043267278
25548,Neutral,0.6356318629149215,0.04162498745814308,0.3227431496269354
25549,Neutral,0.5564595252311926,0.042719881032067704,0.4008205937367397
25550,LOF,0.37441755658890935,0.10432182842675086,0.5212606149843398
25551,LOF,0.30668372016720485,0.11610506421555777,0.5772112156172374
25552,LOF,0.19551701766409751,0.11607549922902463,0.6884074831068778
25553,Neutral,0.8356020983768006,0.02968359085542347,0.1347143107677761
25554,LOF,0.24107093200462326,0.11224088266118167,0.646688185334195
25555,LOF,0.19110381782969554,0.09170757373388383,0.7171886084364206
25556,LOF,0.426186635320098,0.09306405907804312,0.48074930560185886
25557,LOF,0.1850815806627528,0.1050980885993821,0.7098203307378652
25558,LOF,0.23817577873081397,0.11663129216236594,0.64519292910682
25559,LOF,0.41335024628063266,0.05726818659981491,0.5293815671195525
25560,LOF,0.06479357879794058,0.19068660331770707,0.7445198178843524
25561,LOF,0.11432678767368319,0.20235446496795392,0.6833187473583628
25562,LOF,0.11009505297548954,0.08996569210663796,0.7999392549178725
25563,LOF,0.11330091488617561,0.11288026555413323,0.7738188195596911
25564,LOF,0.149006825146313,0.21147067664130414,0.6395224982123828
25565,LOF,0.12765520717155693,0.18438384555298207,0.687960947275461
25566,GOF,0.013871464031640579,0.7103992553465968,0.27572928062176266
25567,LOF,0.013562476885668879,0.12470209187687668,0.8617354312374543
25568,LOF,0.04836982175235304,0.060045653858176146,0.8915845243894708
25569,LOF,0.06352355175180383,0.05845878283579404,0.8780176654124021
25570,LOF,0.05938795211220591,0.09540767074867235,0.8452043771391217
25571,LOF,0.06093349665893477,0.0818167722950806,0.8572497310459847
25572,LOF,0.06784989320241755,0.1227529954999389,0.8093971112976435
25573,LOF,0.030886327033158828,0.08415055932123497,0.8849631136456061
25574,LOF,0.020028312955534797,0.13768571780897865,0.8422859692354866
25575,LOF,0.05106444994305339,0.08818094836263042,0.8607546016943163
25576,LOF,0.020523883862537697,0.10431660067932469,0.8751595154581376
25577,LOF,0.015483269928781664,0.13345875473968966,0.8510579753315287
25578,LOF,0.24793314886180748,0.07778809422733518,0.6742787569108574
25579,LOF,0.2496685049876174,0.07732234682990645,0.6730091481824761
25580,LOF,0.0351721698105139,0.07818635482302813,0.886641475366458
25581,LOF,0.05094533955269169,0.06186591951035361,0.8871887409369548
25582,LOF,0.050704717787876774,0.0592705863092011,0.8900246959029222
25583,LOF,0.04245406644547303,0.0775628049596917,0.8799831285948352
25584,Neutral,0.46886212719978604,0.07336257582081705,0.45777529697939706
25585,LOF,0.03859971832757009,0.09833783548421525,0.8630624461882146
25586,LOF,0.04161349197261142,0.0695032873248577,0.888883220702531
25587,LOF,0.036899408483147975,0.06399157402123855,0.8991090174956134
25588,LOF,0.03633998997990138,0.0790819138463938,0.8845780961737049
25589,Neutral,0.6149065798019945,0.08559350407948026,0.2994999161185252
25590,LOF,0.029572867717361548,0.10770030207460228,0.8627268302080362
25591,LOF,0.12330515587915923,0.04607546508225915,0.8306193790385815
25592,LOF,0.10755080427420623,0.10640768515434437,0.7860415105714493
25593,LOF,0.019972442962773656,0.21336852743265278,0.7666590296045737
25594,LOF,0.037372030713946104,0.18303519272886215,0.7795927765571916
25595,LOF,0.05929509849537549,0.14593849890902894,0.7947664025955956
25596,LOF,0.05851777429712979,0.10152850839724731,0.839953717305623
25597,LOF,0.058742386117745585,0.07055413923431612,0.8707034746479383
25598,LOF,0.048059728219304244,0.18686711638663472,0.765073155394061
25599,GOF,0.00711284390374114,0.689409181552709,0.30347797454354986
25600,GOF,0.008534447640299045,0.5944971872497368,0.3969683651099642
25601,LOF,0.006543422889284911,0.4646993576715872,0.5287572194391279
25602,LOF,0.01709630818576339,0.07126582746546459,0.9116378643487721
25603,LOF,0.038897803540438314,0.03070919795872423,0.9303929985008375
25604,LOF,0.05167013916358034,0.04799135817336926,0.9003385026630504
25605,LOF,0.01009570074525971,0.2173176628119736,0.7725866364427667
25606,LOF,0.06469268886350098,0.44132163980890493,0.49398567132759413
25607,LOF,0.004307087460450798,0.1442585782334065,0.8514343343061427
25608,LOF,0.06966082525013344,0.052263482830688074,0.8780756919191786
25609,LOF,0.0563121392060433,0.3787280574605298,0.5649598033334269
25610,LOF,0.050725948877235603,0.037824360298535524,0.9114496908242288
25611,LOF,0.06088490073767566,0.029277232438340274,0.909837866823984
25612,LOF,0.12668457427720198,0.05556974335088469,0.8177456823719135
25613,LOF,0.10874801310635378,0.0418658073173827,0.8493861795762636
25614,LOF,0.046989503264563824,0.04203788844861179,0.9109726082868244
25615,LOF,0.05914617568425695,0.04115780776250664,0.8996960165532364
25616,LOF,0.03889878595667889,0.04425930076014747,0.9168419132831737
25617,LOF,0.04538610198386085,0.04334312317591557,0.9112707748402236
25618,LOF,0.28159417213512455,0.04342113950760768,0.6749846883572678
25619,LOF,0.04141540679066196,0.03994811737819881,0.9186364758311392
25620,LOF,0.03846124119433373,0.049022781137252336,0.9125159776684141
25621,LOF,0.039739210483772366,0.03656331321009878,0.923697476306129
25622,LOF,0.032925211468875074,0.053605246441113384,0.9134695420900115
25623,LOF,0.0690406815144698,0.03525166919624696,0.8957076492892833
25624,LOF,0.03393229930306748,0.049164013753898235,0.9169036869430343
25625,LOF,0.04005764722920377,0.05739057614849717,0.902551776622299
25626,LOF,0.09196453865760956,0.035732573369571016,0.8723028879728195
25627,Neutral,0.5771532675124387,0.09621293327672618,0.32663379921083513
25628,LOF,0.21406499872458787,0.04810558152073892,0.7378294197546732
25629,LOF,0.08707966385001482,0.12669343520739312,0.7862269009425921
25630,LOF,0.2085592124071581,0.09040274588961615,0.7010380417032258
25631,Neutral,0.6014063318565714,0.052818426242727506,0.3457752419007011
25632,LOF,0.020002350324108475,0.09540798160182026,0.8845896680740712
25633,LOF,0.2300868137079979,0.10502947679878678,0.6648837094932153
25634,LOF,0.0367739285666743,0.10568889953725809,0.8575371718960676
25635,LOF,0.03563530967018,0.10670108520303528,0.8576636051267849
25636,GOF,0.006681655881189836,0.7096869391600467,0.2836314049587636
25637,GOF,0.005194182956936673,0.540120469617788,0.4546853474252752
25638,GOF,0.009519871784820395,0.5088597879772404,0.48162034023793926
25639,LOF,0.0048943637441748985,0.4695678435416276,0.5255377927141974
25640,GOF,0.3746069995617494,0.5804164554633369,0.044976544974913615
25641,LOF,0.006289008270653992,0.3285126920508968,0.6651982996784493
25642,LOF,0.24029058078528265,0.1096896645539485,0.6500197546607689
25643,LOF,0.238329820386603,0.2822047280745701,0.4794654515388269
25644,GOF,0.027656439714248648,0.653915735146548,0.3184278251392033
25645,GOF,0.022184292338121383,0.5782045398581898,0.39961116780368877
25646,LOF,0.021847426222900528,0.41697526429497556,0.5611773094821239
25647,LOF,0.01707331010045794,0.3115688554058552,0.6713578344936869
25648,LOF,0.01472762432931501,0.34964066568389374,0.6356317099867912
25649,LOF,0.015331457876866496,0.254025822992996,0.7306427191301376
25650,GOF,0.050110526815033946,0.5717602066705428,0.37812926651442336
25651,LOF,0.012928797116833098,0.28085895123455334,0.7062122516486136
25652,LOF,0.01947502087369419,0.40169038652757744,0.5788345925987283
25653,GOF,0.09240448953330903,0.562572384836939,0.345023125629752
25654,LOF,0.015847554787063206,0.3394267177095832,0.6447257275033536
25655,GOF,0.13166624913877115,0.5174279690292539,0.35090578183197507
25656,LOF,0.05612695270433753,0.09270708912196128,0.8511659581737012
25657,LOF,0.291302129573902,0.04257399840442218,0.6661238720216759
25658,LOF,0.03190569900696022,0.20090967203381374,0.767184628959226
25659,LOF,0.21820482593226062,0.0919645414213196,0.6898306326464199
25660,LOF,0.1013054156748664,0.11346810307618278,0.7852264812489508
25661,LOF,0.07336277793775171,0.07522916965478323,0.8514080524074651
25662,LOF,0.03518083102926562,0.055370615708094525,0.9094485532626398
25663,LOF,0.044287456543467295,0.09687872109743376,0.8588338223590989
25664,LOF,0.0300367068525976,0.13916766721433366,0.8307956259330688
25665,LOF,0.04810097895626634,0.05829213075201357,0.8936068902917201
25666,LOF,0.04253045281453801,0.19289708689092927,0.7645724602945327
25667,LOF,0.03489299463101845,0.05840433943950997,0.9067026659294715
25668,LOF,0.04845953628115535,0.054899803818696004,0.8966406599001487
25669,LOF,0.05184264822073146,0.08855127010076923,0.8596060816784993
25670,LOF,0.12901100092585652,0.10143556909620306,0.7695534299779404
25671,LOF,0.04449277075087319,0.05141758013773444,0.9040896491113924
25672,LOF,0.04586185935611286,0.07578116076731285,0.8783569798765744
25673,LOF,0.036235095080937696,0.09431968840979396,0.8694452165092683
25674,LOF,0.025544327435101554,0.10923561199278019,0.8652200605721183
25675,LOF,0.033203177012707766,0.08901413747274184,0.8777826855145503
25676,LOF,0.03270115232945994,0.07304650797342205,0.894252339697118
25677,LOF,0.0776656156934476,0.06437139907524285,0.8579629852313095
25678,LOF,0.1527069541727806,0.05404451630826973,0.7932485295189495
25679,LOF,0.10280772509965022,0.0877624910291221,0.8094297838712277
25680,LOF,0.08884637303164297,0.09941850365785439,0.8117351233105026
25681,LOF,0.10360782373832647,0.09079029638382431,0.8056018798778493
25682,LOF,0.050131119350996574,0.06968868817468107,0.8801801924743223
25683,LOF,0.07257498800068798,0.11593134678138765,0.8114936652179243
25684,LOF,0.059318246308371195,0.07331468992475904,0.8673670637668698
25685,LOF,0.11322656126601652,0.0562282776552242,0.8305451610787593
25686,LOF,0.03416152872005362,0.12718680683793054,0.8386516644420158
25687,LOF,0.05629134068252503,0.11550402974102182,0.8282046295764531
25688,LOF,0.01976183904336971,0.06406981389786867,0.9161683470587615
25689,LOF,0.01807654312771452,0.04454877455848215,0.9373746823138034
25690,LOF,0.016061624367764142,0.05106051153140099,0.932877864100835
25691,LOF,0.11280037631271654,0.06820870385942922,0.8189909198278542
25692,LOF,0.1871687313814659,0.010014119288773634,0.8028171493297603
25693,LOF,0.045327738750226235,0.1576631475977151,0.7970091136520586
25694,LOF,0.2667725199225931,0.012570929612579166,0.7206565504648278
25695,LOF,0.20535047896557884,0.022819150784409714,0.7718303702500114
25696,LOF,0.14711895133210917,0.017720994045454207,0.8351600546224366
25697,LOF,0.1139357280396108,0.03995955274856794,0.8461047192118213
25698,LOF,0.020862715876920988,0.3438683344391826,0.6352689496838965
25699,LOF,0.08792187285157199,0.08892534466863979,0.8231527824797881
25700,LOF,0.03316393451674843,0.017708729939150257,0.9491273355441013
25701,LOF,0.01617495342478172,0.09711992869468691,0.8867051178805315
25702,GOF,0.023033940190878205,0.7601956665992424,0.2167703932098794
25703,LOF,0.018900155943655152,0.23994809716763582,0.741151746888709
25704,LOF,0.09653374069258565,0.22374922731085106,0.6797170319965633
25705,LOF,0.0873642199503575,0.3092317702166176,0.6034040098330249
25706,GOF,0.01969012952184172,0.7070349088959426,0.2732749615822158
25707,GOF,0.026604104835163515,0.6525261953363791,0.32086969982845737
25708,GOF,0.008377739488605537,0.6476294521268984,0.34399280838449603
25709,LOF,0.02608403626874802,0.09785922141711523,0.8760567423141368
25710,LOF,0.005380528456364249,0.2508729030838111,0.7437465684598246
25711,LOF,0.02967999632201378,0.16779788005724536,0.8025221236207409
25712,LOF,0.0067870527049551065,0.3142267942224291,0.6789861530726158
25713,LOF,0.025410779608033923,0.13618450621464687,0.8384047141773192
25714,LOF,0.026747704653942186,0.17491772939601916,0.7983345659500387
25715,LOF,0.028542529649532095,0.16566017889420454,0.8057972914562634
25716,LOF,0.007674237608482398,0.225058341768748,0.7672674206227696
25717,LOF,0.0060154932519206885,0.2377514766097294,0.7562330301383499
25718,LOF,0.026696621288980028,0.10300989899726544,0.8702934797137545
25719,LOF,0.03400969406282715,0.15821890984212233,0.8077713960950504
25720,LOF,0.03530518619430022,0.14076778772693957,0.8239270260787602
25721,LOF,0.027393277787476297,0.12440766513200299,0.8481990570805207
25722,LOF,0.019583132629178854,0.16939516391382498,0.8110217034569962
25723,LOF,0.02954289915168587,0.1293004411924921,0.8411566596558221
25724,LOF,0.02760566337551985,0.23036940186733768,0.7420249347571425
25725,LOF,0.030091570510314834,0.11919847938487366,0.8507099501048114
25726,LOF,0.02060890876365227,0.16060016995829987,0.818790921278048
25727,LOF,0.027696229584575346,0.14669047763221793,0.8256132927832067
25728,LOF,0.0252235842512018,0.1534395901380919,0.8213368256107063
25729,LOF,0.025574750278904344,0.17444471881781645,0.7999805309032793
25730,LOF,0.030111590327582653,0.11955655846892992,0.8503318512034873
25731,LOF,0.009405869689890725,0.2556941116813204,0.7349000186287888
25732,LOF,0.022148343011926627,0.140347456623615,0.8375042003644584
25733,LOF,0.034378045490159354,0.1425307220127036,0.823091232497137
25734,LOF,0.005845332775319985,0.34953498041427755,0.6446196868104024
25735,LOF,0.024572313460792642,0.11440508269660854,0.8610226038425987
25736,LOF,0.023446494402643552,0.19197192295034785,0.7845815826470086
25737,LOF,0.05592708242587336,0.17363452593222772,0.7704383916418988
25738,LOF,0.025789121820823598,0.20560193988155007,0.7686089382976263
25739,LOF,0.029745305139126037,0.13264745883856446,0.8376072360223095
25740,LOF,0.03236162071705388,0.1699368603732449,0.7977015189097013
25741,LOF,0.03563765636369101,0.15737142487672437,0.8069909187595846
25742,LOF,0.04979454642678381,0.15772256885792307,0.7924828847152932
25743,LOF,0.011097785709379564,0.022503136244426927,0.9663990780461935
25744,LOF,0.2001330029174662,0.19968844799961805,0.6001785490829157
25745,LOF,0.035999219801747306,0.06123536633893956,0.9027654138593131
25746,LOF,0.013978233857757861,0.08760877780184549,0.8984129883403967
25747,LOF,0.040168973557076826,0.023987063761841187,0.9358439626810819
25748,LOF,0.2798039569879083,0.04583487771189034,0.6743611653002013
25749,LOF,0.015259412589294507,0.05512137640682896,0.9296192110038766
25750,LOF,0.02066796314799132,0.056697793793784985,0.9226342430582236
25751,LOF,0.038498716965159656,0.03395391849152291,0.9275473645433175
25752,GOF,0.07066703356430662,0.7172604385297323,0.2120725279059611
25753,GOF,0.0065302675178125465,0.5193219138808265,0.4741478186013609
25754,GOF,0.006886704108998626,0.8952461650475237,0.0978671308434778
25755,GOF,0.006369174693762439,0.5001359227387832,0.49349490256745443
25756,GOF,0.023875211573865372,0.510894560906653,0.4652302275194817
25757,GOF,0.007487848894285342,0.8775482051956536,0.11496394591006115
25758,GOF,0.008561372062998137,0.9060266614092838,0.08541196652771806
25759,GOF,0.005786774724630205,0.6921668048875727,0.30204642038779717
25760,LOF,0.0059103923925155,0.38025289703627313,0.6138367105712114
25761,GOF,0.04496454840654762,0.877281347328615,0.07775410426483738
25762,LOF,0.02806146118958381,0.4393931227653715,0.5325454160450448
25763,LOF,0.00558605992762002,0.3569774284223083,0.6374365116500716
25764,GOF,0.054191909368584215,0.7067749542067676,0.23903313642464818
25765,GOF,0.007568530377912621,0.892053470803742,0.10037799881834544
25766,GOF,0.041202706757435766,0.8608633814344546,0.09793391180810974
25767,GOF,0.017768436120347016,0.5651550643463209,0.417076499533332
25768,LOF,0.05320666778150221,0.0613756031685715,0.8854177290499262
25769,LOF,0.04407694261642689,0.06570398343125257,0.8902190739523206
25770,LOF,0.20465909125754675,0.08708436788137242,0.7082565408610808
25771,LOF,0.019796482489115395,0.06547991005704826,0.9147236074538364
25772,LOF,0.03477879964888388,0.02813523861556028,0.9370859617355558
25773,LOF,0.021427665014116436,0.07681450120794478,0.9017578337779387
25774,LOF,0.028526555977536776,0.15363133551597521,0.8178421085064881
25775,LOF,0.02051080857963243,0.04747750646722671,0.9320116849531409
25776,LOF,0.03233801405207082,0.02018818579383717,0.947473800154092
25777,LOF,0.29749038464432465,0.09444847060571289,0.6080611447499624
25778,LOF,0.029392942353241906,0.05175634114993809,0.9188507164968199
25779,GOF,0.07209185318902066,0.8510588654125498,0.07684928139842961
25780,GOF,0.0886559784532946,0.8477287237591098,0.06361529778759559
25781,GOF,0.03871323074726599,0.8212324195929924,0.1400543496597415
25782,GOF,0.048837056567032064,0.874530507054567,0.07663243637840071
25783,GOF,0.04243529858404719,0.8952026000787449,0.06236210133720787
25784,GOF,0.12760636270384418,0.824642397381472,0.047751239914683705
25785,GOF,0.14186849730389667,0.816004389967541,0.0421271127285622
25786,GOF,0.012261450711163163,0.8504586676079614,0.13727988168087543
25787,GOF,0.2754639549113961,0.6745095454744071,0.05002649961419689
25788,LOF,0.019320228415510416,0.17487196631817636,0.8058078052663132
25789,GOF,0.02295583880698399,0.8296483531435626,0.14739580804945351
25790,GOF,0.03308158139591667,0.873253017879146,0.09366540072493743
25791,GOF,0.03500518043304221,0.6947786623594154,0.27021615720754244
25792,GOF,0.04092554851845945,0.7429627166698861,0.2161117348116545
25793,GOF,0.05389644035427351,0.8065698597704353,0.1395336998752912
25794,GOF,0.06535638203564462,0.7142217513650785,0.2204218665992769
25795,GOF,0.0662828257994248,0.7325775193674685,0.20113965483310656
25796,GOF,0.13093266973974366,0.7626243840807451,0.10644294617951136
25797,GOF,0.10212747631301851,0.6995049916562214,0.1983675320307601
25798,GOF,0.007721074012760326,0.7516838129417517,0.24059511304548806
25799,GOF,0.005167186429539583,0.6450643030820662,0.3497685104883941
25800,GOF,0.03233621328351469,0.80966173994389,0.1580020467725955
25801,GOF,0.03003397041904146,0.8779955595660973,0.09197047001486126
25802,GOF,0.031179662829569438,0.7550011069786866,0.21381923019174384
25803,GOF,0.02373667919617081,0.6842945121872903,0.29196880861653884
25804,GOF,0.038156575639756586,0.7392070074608633,0.22263641689937996
25805,GOF,0.035006382375666785,0.7731854615019038,0.1918081561224294
25806,GOF,0.04435375924901317,0.7862133024131852,0.16943293833780151
25807,GOF,0.01678527081770271,0.7216078597450156,0.26160686943728173
25808,GOF,0.02901461254575258,0.7393098538069153,0.23167553364733207
25809,GOF,0.01314384906776966,0.6603661740050127,0.3264899769272177
25810,GOF,0.011481602660089517,0.6458820364316431,0.3426363609082674
25811,GOF,0.06020261365615672,0.8518391138568512,0.08795827248699208
25812,GOF,0.03551026067562909,0.7224859169775459,0.2420038223468251
25813,GOF,0.18500718455153387,0.718453429257872,0.09653938619059417
25814,GOF,0.03302727256506455,0.7355303719324962,0.23144235550243922
25815,GOF,0.06439889059518296,0.7847653865382056,0.1508357228666114
25816,GOF,0.011142650240673986,0.8379177955567398,0.15093955420258606
25817,GOF,0.12220488030865106,0.7437093217425309,0.13408579794881811
25818,GOF,0.030936176402109734,0.7505754809606182,0.21848834263727196
25819,GOF,0.06142905376268264,0.7413807782820048,0.19719016795531275
25820,GOF,0.06523681456563461,0.7020238069265555,0.23273937850780987
25821,GOF,0.0438898707242907,0.7505863803210606,0.20552374895464876
25822,GOF,0.073429546251869,0.7295567781961221,0.19701367555200902
25823,GOF,0.03521584930592182,0.6912554948288699,0.27352865586520825
25824,GOF,0.035932430538102675,0.7482771958130581,0.2157903736488392
25825,GOF,0.028724707009853426,0.7384187345308929,0.23285655845925374
25826,GOF,0.012983262879578811,0.6959434876326807,0.29107324948774066
25827,GOF,0.019299711417439563,0.674401406997812,0.3062988815847485
25828,GOF,0.014737727972519423,0.7135117070632171,0.2717505649642636
25829,GOF,0.0049261183144412085,0.6358970182211288,0.35917686346443006
25830,GOF,0.0415239065196448,0.5109417989103092,0.447534294570046
25831,GOF,0.0833271644834995,0.7765841240772601,0.14008871143924043
25832,GOF,0.012185922631254894,0.6822940800722891,0.30551999729645607
25833,GOF,0.04368298024511683,0.7602296219655751,0.19608739778930795
25834,GOF,0.012412179483568124,0.6922745050959126,0.2953133154205193
25835,GOF,0.029384806673512016,0.7806614384790005,0.18995375484748758
25836,GOF,0.00872772927782071,0.6939798676618469,0.2972924030603323
25837,GOF,0.00912535162502096,0.680330607578747,0.31054404079623216
25838,GOF,0.023062787231747726,0.7743074703946786,0.2026297423735736
25839,GOF,0.06858189923210077,0.7224840412131852,0.20893405955471392
25840,GOF,0.09262519812753657,0.7231354107031355,0.18423939116932786
25841,GOF,0.08643868145727288,0.7681236661995925,0.14543765234313458
25842,GOF,0.03016442575814436,0.8467350701640276,0.12310050407782787
25843,GOF,0.028407292318598072,0.8537847644563207,0.11780794322508113
25844,GOF,0.0260082183051197,0.7823375200010846,0.1916542616937957
25845,GOF,0.007266792141001077,0.6721785962615983,0.3205546115974006
25846,GOF,0.08657561769563821,0.8128764618208445,0.10054792048351732
25847,GOF,0.016996797572007387,0.8551407026518001,0.1278624997761925
25848,GOF,0.027631968594140837,0.790527172926056,0.1818408584798032
25849,GOF,0.008490500331513525,0.743128634109312,0.2483808655591744
25850,GOF,0.007469364165946471,0.655926950785816,0.33660368504823757
25851,GOF,0.00689829191437739,0.5964242289409122,0.3966774791447104
25852,GOF,0.1480819784794798,0.5329088110537978,0.3190092104667224
25853,GOF,0.06789961497990994,0.7451085065726692,0.1869918784474209
25854,GOF,0.006454939682026293,0.6549174612748583,0.3386275990431154
25855,GOF,0.024246123588593155,0.6307710684484906,0.34498280796291614
25856,GOF,0.050209762096194585,0.7112292842382494,0.23856095366555602
25857,GOF,0.0248093693858914,0.6301433432606963,0.3450472873534123
25858,GOF,0.01023707548507141,0.5976945960893889,0.39206832842553974
25859,GOF,0.007198546301109853,0.5769541069644067,0.4158473467344833
25860,GOF,0.09459608129574994,0.7347984061196877,0.17060551258456233
25861,GOF,0.1242104111231124,0.7756355833414199,0.10015400553546755
25862,GOF,0.026840231949274616,0.8639415382173875,0.1092182298333379
25863,GOF,0.02427351705483915,0.8387887818329038,0.13693770111225706
25864,GOF,0.058803284179322006,0.8544250381569227,0.08677167766375525
25865,GOF,0.049745791514610456,0.8311843377745617,0.11906987071082788
25866,GOF,0.022860551196059117,0.8177270588196361,0.1594123899843047
25867,GOF,0.03855739236271964,0.8248766664621514,0.136565941175129
25868,GOF,0.07601733050796983,0.7522938448605677,0.17168882463146237
25869,GOF,0.3568970123451325,0.5318285426407047,0.1112744450141629
25870,GOF,0.0659911208290572,0.524265332431687,0.40974354673925584
25871,GOF,0.010532335269281158,0.7630822633265696,0.2263854014041492
25872,GOF,0.027346300816268612,0.777759654971894,0.19489404421183745
25873,GOF,0.025122950153941677,0.8635273022080318,0.11134974763802655
25874,LOF,0.0183771665070768,0.1948650525266594,0.7867577809662638
25875,LOF,0.024678063461065484,0.11968110564492897,0.8556408308940056
25876,LOF,0.02089151444664136,0.06338885480033969,0.915719630753019
25877,LOF,0.09992240800322821,0.21132244156169028,0.6887551504350815
25878,LOF,0.06818759950642983,0.28556367962991364,0.6462487208636565
25879,LOF,0.011821233171206523,0.19160277673131004,0.7965759900974834
25880,LOF,0.06572907995497294,0.021880100557311735,0.9123908194877153
25881,Neutral,0.5724775709876604,0.08630944962060826,0.34121297939173123
25882,LOF,0.06724424945632174,0.025213319916815635,0.9075424306268626
25883,LOF,0.030806498372867135,0.027261846498157164,0.9419316551289757
25884,LOF,0.02023641346899692,0.0388079277503936,0.9409556587806095
25885,LOF,0.186538286363541,0.014533707876378737,0.7989280057600803
25886,LOF,0.237650971140409,0.05977063247419786,0.702578396385393
25887,LOF,0.09017433646564543,0.14284584054448513,0.7669798229898696
25888,LOF,0.008146017427518979,0.19590742193433106,0.7959465606381501
25889,LOF,0.02740202323566952,0.03387824317514502,0.9387197335891855
25890,LOF,0.17895234541343846,0.05881385235369581,0.7622338022328657
25891,LOF,0.10399541411762003,0.03460173313935966,0.8614028527430203
25892,LOF,0.008823902118941625,0.03568951105490157,0.9554865868261567
25893,LOF,0.3124558359112055,0.011364650781045016,0.6761795133077495
25894,LOF,0.34944978484374806,0.007771402635916205,0.6427788125203356
25895,LOF,0.2895993130522409,0.014995778350159934,0.6954049085975991
25896,LOF,0.09423243212657659,0.03375026930511521,0.8720172985683081
25897,LOF,0.12387628872677944,0.012056846035811057,0.8640668652374095
25898,LOF,0.13638421650073046,0.031007045338862213,0.8326087381604074
25899,LOF,0.4329501503636817,0.0389072738300944,0.5281425758062239
25900,Neutral,0.6656418755377687,0.013902879141406038,0.3204552453208252
25901,LOF,0.1074755761430241,0.01471001679444312,0.8778144070625328
25902,LOF,0.09307656717273134,0.01750273170621398,0.8894207011210548
25903,LOF,0.19562950978313443,0.033459174301626586,0.7709113159152389
25904,Neutral,0.5717934505711485,0.04294861994667802,0.3852579294821735
25905,LOF,0.00773743902354327,0.4067808864734632,0.5854816745029935
25906,LOF,0.009003390545902767,0.06734059579571035,0.9236560136583869
25907,LOF,0.008864486689954343,0.2542332980706699,0.7369022152393758
25908,LOF,0.008550215818180943,0.2613947276108155,0.7300550565710036
25909,LOF,0.03568035487334815,0.09547209666430513,0.8688475484623468
25910,LOF,0.012454693286405853,0.17776237222797547,0.8097829344856187
25911,LOF,0.17557286821427376,0.028118564010741382,0.7963085677749848
25912,LOF,0.10728763204418323,0.018444238810177534,0.8742681291456392
25913,LOF,0.019365552345102195,0.03022048600337077,0.950413961651527
25914,LOF,0.041943967590317176,0.02933253924030731,0.9287234931693755
25915,LOF,0.1817687850356818,0.23370414350406477,0.5845270714602534
25916,LOF,0.012704044261326486,0.10018964764872301,0.8871063080899505
25917,LOF,0.07131841851698768,0.031085991126131217,0.8975955903568811
25918,LOF,0.04048601434356386,0.015893617454124362,0.9436203682023118
25919,LOF,0.03208742014334244,0.017603031516957083,0.9503095483397005
25920,LOF,0.318425229122186,0.18111897401431218,0.5004557968635017
25921,LOF,0.018271419287242196,0.019669943092624775,0.962058637620133
25922,LOF,0.018580404798013695,0.019820137578231777,0.9615994576237546
25923,LOF,0.45732451827567305,0.013980056354468647,0.5286954253698584
25924,LOF,0.02686404185270307,0.022087996892332578,0.9510479612549643
25925,LOF,0.11172569594242468,0.031018301660564927,0.8572560023970103
25926,LOF,0.09326065373862345,0.02450446386754116,0.8822348823938353
25927,LOF,0.02831778856857102,0.029663357280553932,0.9420188541508749
25928,LOF,0.013824885531040606,0.01716366686568864,0.9690114476032707
25929,Neutral,0.5994956337487894,0.013632370654971722,0.38687199559623897
25930,LOF,0.1051674254583003,0.013175540400779168,0.8816570341409204
25931,LOF,0.015647751330344593,0.014516885482857962,0.9698353631867974
25932,LOF,0.09350894888750663,0.01265946250298029,0.8938315886095131
25933,LOF,0.09691760812082732,0.00915351392003396,0.8939288779591388
25934,LOF,0.09669075512519015,0.008373589365808305,0.8949356555090016
25935,LOF,0.11134637955058761,0.025341639159228307,0.863311981290184
25936,LOF,0.10591736591841842,0.008274579893086657,0.885808054188495
25937,LOF,0.022476785657841,0.015178749607639977,0.962344464734519
25938,LOF,0.11001918244880261,0.02312889149316828,0.8668519260580291
25939,LOF,0.06470855555634261,0.012470676026364431,0.922820768417293
25940,GOF,0.010503677762817968,0.6121558722227644,0.3773404500144178
25941,Neutral,0.5034016592840587,0.03767019852265225,0.45892814219328903
25942,LOF,0.01226317569689235,0.05175134554903497,0.9359854787540727
25943,LOF,0.06259638782332559,0.1735001295283805,0.7639034826482938
25944,LOF,0.056157817513662625,0.11052576042364484,0.8333164220626925
25945,LOF,0.19308317590550905,0.02498976936114356,0.7819270547333474
25946,LOF,0.07933068204002705,0.03905753890449924,0.8816117790554736
25947,Neutral,0.513910285055917,0.1406740415637226,0.3454156733803605
25948,LOF,0.3988337128152805,0.011989757184125167,0.5891765300005943
25949,LOF,0.14479365492169566,0.07040670130817825,0.7847996437701261
25950,GOF,0.10221252337300765,0.6333970526561328,0.26439042397085966
25951,LOF,0.015414412943172674,0.4374828961288535,0.5471026909279738
25952,LOF,0.16876700779700965,0.26680480071678314,0.5644281914862073
25953,LOF,0.007542567484398378,0.29746177025645826,0.6949956622591434
25954,GOF,0.0675449523223156,0.4876639859135963,0.44479106176408806
25955,LOF,0.01022687392828723,0.31268061289961374,0.6770925131720991
25956,LOF,0.01148912541383688,0.39452980968990964,0.5939810648962535
25957,LOF,0.17184530758034663,0.0517492460291019,0.7764054463905514
25958,LOF,0.031082896389279902,0.06278089675602508,0.9061362068546951
25959,GOF,0.006817262437260948,0.7345583598718961,0.258624377690843
25960,LOF,0.005159343459887386,0.12203471690636429,0.8728059396337484
25961,LOF,0.025721695012218465,0.0532763293445229,0.9210019756432587
25962,LOF,0.031135523051597246,0.10163316012422129,0.8672313168241814
25963,LOF,0.009872343019752462,0.18203581272039576,0.8080918442598517
25964,LOF,0.050732812759636994,0.1053887430987576,0.8438784441416054
25965,LOF,0.16432680330589483,0.18300751511402139,0.6526656815800839
25966,LOF,0.31894635288553363,0.099016487793963,0.5820371593205034
25967,LOF,0.0061667804742026175,0.10512403153469736,0.8887091879911001
25968,LOF,0.04702504564245861,0.24855643425124438,0.7044185201062971
25969,LOF,0.14608721749888012,0.07289782806329792,0.7810149544378219
25970,LOF,0.05772185684818402,0.06438785715567416,0.8778902859961418
25971,LOF,0.07270629439051923,0.03210512155163096,0.8951885840578498
25972,LOF,0.08134475007612632,0.04058838777659489,0.8780668621472788
25973,LOF,0.059999907849971224,0.010936305260752236,0.9290637868892765
25974,LOF,0.06003357862816278,0.041055976364451345,0.8989104450073859
25975,LOF,0.03175285208040662,0.01556478153637896,0.9526823663832146
25976,LOF,0.08655709147705469,0.012560208723540278,0.900882699799405
25977,LOF,0.23471571218469123,0.05498391385659249,0.7103003739587163
25978,LOF,0.1468743168682336,0.15971868958342703,0.6934069935483393
25979,LOF,0.11336295424085444,0.16017073563377693,0.7264663101253687
25980,LOF,0.1944547836963825,0.2487640527375816,0.5567811635660359
25981,LOF,0.19558067592723954,0.25199581705328666,0.5524235070194737
25982,LOF,0.3466997713137024,0.11504058623188952,0.5382596424544082
25983,Neutral,0.45727061360674776,0.1255197930394853,0.417209593353767
25984,LOF,0.06233449650585596,0.08033181281246424,0.8573336906816799
25985,Neutral,0.44996168651682417,0.12287368356422411,0.4271646299189518
25986,LOF,0.014712442960641357,0.3855417871071521,0.5997457699322065
25987,LOF,0.03855800422217149,0.0904830882249534,0.8709589075528751
25988,LOF,0.061792821764257023,0.16361911574313046,0.7745880624926126
25989,LOF,0.07452812334257523,0.24289563958005123,0.6825762370773735
25990,LOF,0.07002449763920059,0.35715201276540304,0.5728234895953963
25991,GOF,0.023150879550501637,0.5911930063873491,0.3856561140621493
25992,LOF,0.010830706869062914,0.45461828898241563,0.5345510041485215
25993,LOF,0.018703313144245153,0.06090115015570303,0.9203955367000519
25994,LOF,0.02294763644626032,0.07956501888373486,0.8974873446700048
25995,LOF,0.016879713869444143,0.12563780044009745,0.8574824856904584
25996,GOF,0.3244586706825536,0.4132524020988353,0.2622889272186112
25997,GOF,0.05305666121411788,0.5504563196683966,0.3964870191174855
25998,LOF,0.2410814596858371,0.03581724244835684,0.7231012978658061
25999,LOF,0.026350573563231883,0.3006789695469933,0.6729704568897747
26000,LOF,0.1508855143575814,0.015537986682695083,0.8335764989597235
26001,LOF,0.16018715802980588,0.01762996950454597,0.8221828724656481
26002,LOF,0.09375908620996085,0.022617085048568002,0.8836238287414712
26003,GOF,0.0070855514547135505,0.5825680550246711,0.41034639352061525
26004,GOF,0.018495363441395296,0.5897099367464976,0.39179469981210713
26005,LOF,0.00546973855688087,0.46132418841401984,0.5332060730290992
26006,GOF,0.1064440107244004,0.48727117849311374,0.4062848107824858
26007,LOF,0.011021428039916223,0.4757276922521982,0.5132508797078855
26008,GOF,0.007150890687177148,0.561620573971348,0.43122853534147476
26009,GOF,0.012695023253784476,0.6235017606744984,0.3638032160717171
26010,GOF,0.01050107143713571,0.5346180350937803,0.45488089346908406
26011,LOF,0.006102368633056042,0.390197819798459,0.6036998115684848
26012,GOF,0.005611362036411301,0.5040888370412571,0.4902998009223316
26013,GOF,0.013562135858385886,0.5452570308804661,0.4411808332611481
26014,LOF,0.037917122629531376,0.0803262510712346,0.881756626299234
26015,LOF,0.40922968984066543,0.02019124549436719,0.5705790646649674
26016,LOF,0.2628566124004581,0.02730567831980512,0.7098377092797369
26017,LOF,0.017349553436340794,0.10776152749301876,0.8748889190706406
26018,LOF,0.03540027039121144,0.05983833339260791,0.9047613962161806
26019,LOF,0.03537574997496454,0.04999416972799088,0.9146300802970446
26020,LOF,0.007333039643749104,0.10168123633268868,0.8909857240235621
26021,LOF,0.07908440476404689,0.05181312683915836,0.8691024683967947
26022,LOF,0.040054175189874676,0.022236229260111647,0.9377095955500137
26023,LOF,0.025075816360138493,0.03617831012915086,0.9387458735107106
26024,LOF,0.05406350439400876,0.038423872348248886,0.9075126232577425
26025,LOF,0.13177259298677288,0.03901376309523231,0.8292136439179947
26026,LOF,0.1235981037937519,0.03143927688988188,0.8449626193163663
26027,LOF,0.03270444681242109,0.02213323076658474,0.9451623224209941
26028,LOF,0.07318415187095156,0.17978276484884242,0.7470330832802061
26029,LOF,0.03071605300223388,0.19274751508105786,0.7765364319167083
26030,LOF,0.12257885322705371,0.02835993383414944,0.8490612129387969
26031,LOF,0.012556504571897609,0.18226232009835386,0.8051811753297485
26032,LOF,0.03789854175030828,0.05031655289067836,0.9117849053590132
26033,LOF,0.03723822837798409,0.04878207731672488,0.9139796943052909
26034,LOF,0.017567291583070414,0.12217316887919223,0.8602595395377374
26035,LOF,0.010963684368949931,0.13572296207438014,0.8533133535566699
26036,LOF,0.010240722136134642,0.10772381270392738,0.882035465159938
26037,LOF,0.010508256713800505,0.11647669148251391,0.8730150518036855
26038,LOF,0.03202858299237015,0.044639647027366176,0.9233317699802638
26039,LOF,0.027322394667199355,0.1541236843985538,0.8185539209342468
26040,LOF,0.08046663051019715,0.13369019745190844,0.7858431720378943
26041,LOF,0.012611007342519322,0.11729100396764293,0.8700979886898378
26042,LOF,0.011717926838517764,0.12521201170625793,0.8630700614552242
26043,LOF,0.03344612808907367,0.07622987747704828,0.8903239944338781
26044,LOF,0.006896868302476796,0.06302029645525892,0.9300828352422643
26045,LOF,0.0902277611527384,0.23820431139352716,0.6715679274537344
26046,LOF,0.028656065629226814,0.05185449990582218,0.919489434464951
26047,LOF,0.06648598202603419,0.0519401531987647,0.881573864775201
26048,LOF,0.0908588153154349,0.02745739151556594,0.8816837931689991
26049,Neutral,0.9422148443899268,0.007736901533648541,0.05004825407642474
26050,Neutral,0.9073866552008598,0.008476371623034322,0.08413697317610595
26051,LOF,0.02468858895884595,0.3516342808530924,0.6236771301880617
26052,LOF,0.02484000202446782,0.29378540984735335,0.6813745881281789
26053,LOF,0.01814350888655326,0.17200755448790236,0.8098489366255442
26054,LOF,0.05879419731749358,0.04510172898958482,0.8961040736929217
26055,LOF,0.08584560094983616,0.03802686671324082,0.8761275323369231
26056,LOF,0.07280664229412107,0.04557284441001336,0.8816205132958657
26057,LOF,0.08356170402493372,0.027321904460446373,0.88911639151462
26058,LOF,0.09165940395784132,0.022197458570513303,0.8861431374716454
26059,LOF,0.2138545898611023,0.05544981867713564,0.7306955914617621
26060,LOF,0.016905637678895247,0.24194034375827622,0.7411540185628286
26061,LOF,0.012021689235190236,0.01733253004720485,0.9706457807176049
26062,LOF,0.005890116631276073,0.03099254812935393,0.96311733523937
26063,LOF,0.05366678858736255,0.016364918541151664,0.9299682928714857
26064,LOF,0.01546796930514009,0.023100900111611356,0.9614311305832486
26065,LOF,0.07431620689261473,0.02792178559096615,0.8977620075164192
26066,LOF,0.06327790619969256,0.019394939922653176,0.9173271538776542
26067,LOF,0.060075374931826096,0.016403136249628143,0.9235214888185458
26068,LOF,0.056609138761324895,0.037792598119780765,0.9055982631188945
26069,LOF,0.19613608926076592,0.03189919553353901,0.7719647152056951
26070,LOF,0.3993443138954954,0.018761074822117235,0.5818946112823874
26071,LOF,0.05359530681139479,0.01992710070444237,0.926477592484163
26072,LOF,0.006982007018615788,0.022319173430667798,0.9706988195507164
26073,LOF,0.04755915227001885,0.016353821199455717,0.9360870265305254
26074,Neutral,0.6799111770016666,0.013183661016384117,0.30690516198194917
26075,LOF,0.04602225540204331,0.030368985571260443,0.9236087590266963
26076,LOF,0.04464225661478249,0.020154281251570854,0.9352034621336467
26077,LOF,0.15248567018090836,0.016115165709878438,0.8313991641092131
26078,LOF,0.006178735585059564,0.042543801533620175,0.9512774628813203
26079,LOF,0.0643770211650086,0.029931902299527993,0.9056910765354634
26080,LOF,0.06271907734590787,0.03002493707528741,0.9072559855788048
26081,LOF,0.048661818188261374,0.01616099442287729,0.9351771873888614
26082,LOF,0.006593980544796819,0.025403993865783993,0.9680020255894192
26083,LOF,0.11013998227762119,0.029294455611916334,0.8605655621104625
26084,LOF,0.14310207670349226,0.026228056783642723,0.830669866512865
26085,LOF,0.12610419475333504,0.022092496214971696,0.8518033090316932
26086,LOF,0.04254129727162741,0.024244150345190715,0.9332145523831817
26087,LOF,0.04597046798886007,0.019647661331146395,0.9343818706799935
26088,LOF,0.007300244278810131,0.04679399691348501,0.9459057588077049
26089,LOF,0.04251663388133929,0.04054639155610448,0.9169369745625563
26090,LOF,0.042274009952658495,0.03707862363091491,0.9206473664164266
26091,LOF,0.034402837753137426,0.01524719885647249,0.9503499633903901
26092,LOF,0.04666470255538554,0.013949031761861809,0.9393862656827526
26093,LOF,0.06687537058466907,0.009617808228261795,0.9235068211870692
26094,LOF,0.04027101448296406,0.012714989819549622,0.9470139956974863
26095,LOF,0.011979848341644167,0.031517175702609423,0.9565029759557465
26096,LOF,0.26318137974272615,0.00654323295721708,0.7302753873000568
26097,LOF,0.006411756134628316,0.06203521866741196,0.9315530251979598
26098,LOF,0.05676760739985522,0.026537398880806265,0.9166949937193385
26099,LOF,0.05011384382164343,0.03146097015660044,0.918425186021756
26100,LOF,0.05011384382164343,0.03146097015660044,0.918425186021756
26101,LOF,0.0492784870173734,0.05584160151374095,0.8948799114688857
26102,LOF,0.04235889305853138,0.024193541388607066,0.9334475655528617
26103,Neutral,0.8995713332729832,0.03494081069548513,0.06548785603153166
26104,LOF,0.05392600073514994,0.06082860338761475,0.8852453958772354
26105,LOF,0.2849237228317108,0.06810707156454486,0.6469692056037443
26106,LOF,0.2659790394197449,0.03415798671322628,0.6998629738670288
26107,LOF,0.015359113275988547,0.06707511963744207,0.9175657670865695
26108,LOF,0.15994930719940514,0.05449906249370743,0.7855516303068873
26109,LOF,0.05803202850330994,0.06373504213064168,0.8782329293660484
26110,LOF,0.43626515650543835,0.012664988050084517,0.5510698554444772
26111,LOF,0.07229061947423718,0.07089673322651513,0.8568126472992478
26112,LOF,0.07204163849486768,0.013477167174275839,0.9144811943308565
26113,LOF,0.11329919430856182,0.030734102987606066,0.8559667027038321
26114,LOF,0.09672796257370739,0.00920808826277659,0.8940639491635161
26115,LOF,0.020313620575704197,0.07097803761374429,0.9087083418105515
26116,LOF,0.08391121048409367,0.02649558044310887,0.8895932090727975
26117,LOF,0.36074636292454026,0.03575419151944616,0.6034994455560134
26118,LOF,0.039660183153545275,0.017154370273199174,0.9431854465732554
26119,LOF,0.0059452620374285114,0.08111409172218763,0.9129406462403838
26120,LOF,0.03396579791180768,0.01389026774093854,0.9521439343472539
26121,LOF,0.004411521842175164,0.11166168532062155,0.8839267928372033
26122,LOF,0.005556302734479848,0.09454911907859116,0.899894578186929
