feature0,prediction,LoGoFunc_Neutral,LoGoFunc_GOF,LoGoFunc_LOF
25546,Neutral,0.6478372378780247,0.07009341270799534,0.28206934941397993
25547,Neutral,0.47418698137458587,0.13199811506920014,0.39381490355621396
25548,Neutral,0.4676558770894708,0.1014051737735944,0.4309389491369348
25549,LOF,0.40799214911910214,0.09982163816223769,0.49218621271866003
25550,LOF,0.3421332564589716,0.1595785142412797,0.49828822929974875
25551,LOF,0.2746949027879139,0.19282348444893646,0.5324816127631496
25552,LOF,0.19333314591224737,0.17341969186804213,0.6332471622197106
25553,Neutral,0.7924277998552159,0.060937204473701136,0.1466349956710828
25554,LOF,0.22632021515380163,0.16867481783331292,0.6050049670128854
25555,LOF,0.18892794142695946,0.14541091862051653,0.6656611399525241
25556,LOF,0.3863471632636022,0.13743188873499274,0.4762209480014051
25557,LOF,0.17958746445277374,0.15639824016636453,0.6640142953808617
25558,LOF,0.2192230636136669,0.16830562138026475,0.6124713150060683
25559,LOF,0.16570597357635453,0.13093475826889864,0.7033592681547469
25560,LOF,0.07035761163656636,0.13148875241301863,0.7981536359504151
25561,LOF,0.14291350107192421,0.1249089666482542,0.7321775322798215
25562,LOF,0.06438236923925576,0.08083129207921001,0.8547863386815343
25563,LOF,0.0883976879879941,0.095770638434979,0.8158316735770268
25564,LOF,0.2141653367838281,0.1837552117324686,0.6020794514837033
25565,LOF,0.16298390192613763,0.1252772102350091,0.7117388878388532
25566,GOF,0.019798399093707567,0.7750621153816488,0.20513948552464373
25567,LOF,0.01981490079635473,0.18008730647965285,0.8000977927239925
25568,LOF,0.061196834999749275,0.08001617996494408,0.8587869850353066
25569,LOF,0.05814353242578501,0.08019167927656058,0.8616647882976545
25570,LOF,0.03086659254179593,0.1182072402315478,0.8509261672266563
25571,LOF,0.029673035186123443,0.11084860196461299,0.8594783628492636
25572,LOF,0.03186393074172411,0.13843856421603043,0.8296975050422455
25573,LOF,0.026970361625379188,0.11139306520977335,0.8616365731648475
25574,LOF,0.017342672694377073,0.1670068536583516,0.8156504736472714
25575,LOF,0.025290666942231765,0.12563244795233247,0.8490768851054357
25576,LOF,0.011825364525869981,0.16350953529512455,0.8246651001790055
25577,LOF,0.010483031370373019,0.13553579767656407,0.8539811709530629
25578,LOF,0.2925334629915945,0.09171077564690319,0.6157557613615022
25579,LOF,0.1336464935134254,0.09699520809167661,0.7693582983948979
25580,LOF,0.018535635091295136,0.08723197578214112,0.8942323891265637
25581,LOF,0.045996287434824326,0.07921154680874555,0.8747921657564302
25582,LOF,0.04584234060363035,0.0780627229608743,0.8760949364354954
25583,LOF,0.0207610384540392,0.09931203344926533,0.8799269280966954
25584,Neutral,0.5432744663185679,0.10995021803439711,0.346775315647035
25585,LOF,0.011653306867335575,0.16670248711638377,0.8216442060162806
25586,LOF,0.018423656109160243,0.08273046853506656,0.8988458753557732
25587,LOF,0.01721501314637234,0.07678887333705087,0.9059961135165767
25588,LOF,0.018084359391399418,0.0900813924809628,0.8918342481276378
25589,Neutral,0.6340090765668366,0.13353527652078462,0.23245564691237874
25590,LOF,0.01969528551395673,0.13740329182756386,0.8429014226584794
25591,LOF,0.07980341812843207,0.06632701400203335,0.8538695678695346
25592,LOF,0.04859042667272445,0.14862113890126852,0.802788434426007
25593,LOF,0.02129301775053289,0.24816424224579156,0.7305427400036756
25594,LOF,0.037593091084995416,0.11182888309073379,0.8505780258242709
25595,LOF,0.036671685968383584,0.08724617101792048,0.8760821430136959
25596,LOF,0.05070197066751428,0.06992660905284931,0.8793714202796364
25597,LOF,0.03357299419868025,0.07406744741732989,0.89235955838399
25598,LOF,0.033754314914310496,0.09180104448290362,0.8744446406027858
25599,GOF,0.008316342150637005,0.5730890270400711,0.41859463080929177
25600,GOF,0.02905310494928442,0.6288100814361334,0.3421368136145822
25601,LOF,0.012108136841598593,0.42627749488756905,0.5616143682708324
25602,LOF,0.014972283238881372,0.04845550621246039,0.9365722105486584
25603,LOF,0.04480749726089959,0.0208894173842416,0.9343030853548587
25604,LOF,0.01620886351486167,0.07402395825528171,0.9097671782298566
25605,LOF,0.00702529470264455,0.21296532881795208,0.7800093764794034
25606,LOF,0.07748533262238062,0.3454511534924449,0.5770635138851745
25607,LOF,0.005065736728926595,0.23676969635550416,0.7581645669155692
25608,LOF,0.012781540042688012,0.11358985907572049,0.8736286008815914
25609,LOF,0.07597721371640034,0.35798117632238047,0.5660416099612191
25610,LOF,0.019742823339857014,0.02549646373033422,0.9547607129298088
25611,LOF,0.019216487146295966,0.028377102527266933,0.9524064103264371
25612,LOF,0.062191957267937505,0.0361811599803873,0.9016268827516752
25613,LOF,0.0556430443982916,0.03834683817834767,0.9060101174233607
25614,LOF,0.028013757965666377,0.029329156869504394,0.9426570851648294
25615,LOF,0.017674254112718352,0.03615098233765546,0.9461747635496262
25616,LOF,0.05491211314447727,0.029800486939954244,0.9152873999155684
25617,LOF,0.05336610792223738,0.033483504371035935,0.9131503877067267
25618,LOF,0.0626532771068856,0.034293550969491916,0.9030531719236224
25619,LOF,0.018928541583490728,0.032690110178575954,0.9483813482379334
25620,LOF,0.0700258765833486,0.038309430102313934,0.8916646933143374
25621,LOF,0.01874686159190232,0.03650302586101797,0.9447501125470797
25622,LOF,0.023470324778450954,0.04035489897097956,0.9361747762505694
25623,LOF,0.03684726726644569,0.03380750908458323,0.9293452236489711
25624,LOF,0.022874384374603332,0.038827366911561224,0.9382982487138355
25625,LOF,0.02410075105334961,0.050689728780562014,0.9252095201660885
25626,LOF,0.056463824743893685,0.03736472274669,0.9061714525094164
25627,Neutral,0.5853894254618847,0.10433705011934408,0.3102735244187714
25628,LOF,0.19436290425364872,0.05369268045240343,0.7519444152939478
25629,LOF,0.03905503487356641,0.05615602650381599,0.9047889386226176
25630,LOF,0.13928620940675976,0.09115751628637055,0.7695562743068698
25631,Neutral,0.5841614111006816,0.06159270671596741,0.35424588218335085
25632,LOF,0.007290963039803494,0.06890414329174098,0.9238048936684556
25633,LOF,0.20891998482210225,0.0468231867862354,0.7442568283916623
25634,LOF,0.02806691258499822,0.10479622919459851,0.8671368582204032
25635,LOF,0.03611851588598847,0.0518920185333688,0.9119894655806428
25636,GOF,0.004797118680267009,0.5942252641372572,0.40097761718247577
25637,GOF,0.007420957041329323,0.5985143927389214,0.39406465021974946
25638,LOF,0.01012008376747014,0.30599099621257747,0.6838889200199524
25639,LOF,0.004678028997162557,0.46148690934533426,0.5338350616575032
25640,Neutral,0.45761940651084143,0.4479409931911043,0.09443960029805432
25641,LOF,0.014163164533095157,0.3114783398529204,0.6743584956139845
25642,LOF,0.23361523855645724,0.056915866287604845,0.7094688951559379
25643,LOF,0.14210284404250897,0.1577193923680961,0.700177763589395
25644,LOF,0.008152951314935425,0.4323334216556288,0.5595136270294357
25645,LOF,0.007165154121644507,0.4106143043898577,0.5822205414884978
25646,LOF,0.01182614485484389,0.30628197234192733,0.6818918828032288
25647,LOF,0.008942045864733588,0.25965506304627956,0.7314028910889868
25648,LOF,0.008642568831561913,0.25103074434622613,0.7403266868222119
25649,LOF,0.007090874547034015,0.19748886037105493,0.7954202650819111
25650,LOF,0.013539851777763453,0.38280738310062634,0.6036527651216103
25651,LOF,0.00535925410833124,0.2629787404952109,0.7316620053964579
25652,LOF,0.009245121110669954,0.24883815074749494,0.7419167281418351
25653,LOF,0.025509996296875708,0.3638109361406013,0.6106790675625231
25654,LOF,0.00989382821559312,0.1408101289000627,0.8492960428843442
25655,LOF,0.05062834396321666,0.3869740158012585,0.5623976402355249
25656,LOF,0.1969247600938517,0.04341685869953295,0.7596583812066153
25657,LOF,0.24600071255219674,0.027520101870549825,0.7264791855772533
25658,LOF,0.08047780714051511,0.0767822096845823,0.8427399831749026
25659,LOF,0.4108863250858378,0.06512310848469374,0.5239905664294685
25660,LOF,0.02916300379005655,0.10055425854418953,0.8702827376657539
25661,LOF,0.09464717989946018,0.06990582195700878,0.835446998143531
25662,LOF,0.029924302804276603,0.04653578723104627,0.9235399099646772
25663,LOF,0.03835847001544211,0.06751615917004221,0.8941253708145157
25664,LOF,0.04444397086144018,0.08377742936604639,0.8717785997725135
25665,LOF,0.05134382379397589,0.035016875688502376,0.9136393005175218
25666,LOF,0.035790090579247716,0.10849531102358774,0.8557145983971645
25667,LOF,0.06564336085104318,0.05064992867779109,0.8837067104711657
25668,LOF,0.035106937176756704,0.056159874762096024,0.9087331880611473
25669,LOF,0.031110619815464216,0.0753438585744266,0.8935455216101091
25670,LOF,0.05398285210388856,0.06677232436235582,0.8792448235337555
25671,LOF,0.09278149958864941,0.04378500133087086,0.8634334990804797
25672,LOF,0.05389411791752131,0.043947595907741645,0.902158286174737
25673,LOF,0.022247393562057547,0.06336351647975626,0.9143890899581862
25674,LOF,0.019167425536728608,0.07570666313118046,0.9051259113320909
25675,LOF,0.03307501827383439,0.06979775930426625,0.8971272224218992
25676,LOF,0.019087413169438988,0.061274630077949664,0.9196379567526113
25677,LOF,0.028753408850519965,0.07203675733242973,0.8992098338170502
25678,LOF,0.1811734496688122,0.06356020821205367,0.7552663421191341
25679,LOF,0.1639384799397935,0.08642028174521994,0.7496412383149865
25680,LOF,0.04460326705387643,0.11546028887548873,0.8399364440706348
25681,LOF,0.06573296186458251,0.11062304632750009,0.8236439918079174
25682,LOF,0.14944615015700477,0.08406503792294975,0.7664888119200455
25683,LOF,0.08152788839681638,0.12864221609284154,0.789829895510342
25684,LOF,0.04279739254098553,0.08232890892019576,0.8748736985388188
25685,LOF,0.07663347853854273,0.05719158828512848,0.8661749331763288
25686,LOF,0.027205614110897485,0.08277941801729216,0.8900149678718104
25687,LOF,0.052618530869083524,0.07147705798722148,0.875904411143695
25688,LOF,0.04911097835668518,0.055881396739661,0.8950076249036538
25689,LOF,0.02949847670614002,0.06557221264510738,0.9049293106487527
25690,LOF,0.03701986824143898,0.05307744293133459,0.9099026888272265
25691,LOF,0.2513810438243323,0.07417206298600335,0.6744468931896643
25692,LOF,0.27781696819198504,0.007255598085843888,0.714927433722171
25693,LOF,0.07283763907275102,0.2503037276312314,0.6768586332960177
25694,LOF,0.22916414438295146,0.012245934412816713,0.7585899212042319
25695,LOF,0.14174270880932552,0.020267423868818437,0.8379898673218561
25696,LOF,0.10861588179989269,0.01146903318903847,0.8799150850110689
25697,LOF,0.09293955201330782,0.019946325439647732,0.8871141225470445
25698,LOF,0.05706310753549763,0.45187250493847414,0.4910643875260281
25699,LOF,0.07381832577752567,0.08986954207470982,0.8363121321477645
25700,LOF,0.05212971804487977,0.00947164894251722,0.938398633012603
25701,LOF,0.016208540837815182,0.07780383641268931,0.9059876227494956
25702,GOF,0.036452247368992774,0.7127598817721807,0.2507878708588265
25703,LOF,0.008289755106904918,0.172205328783876,0.8195049161092189
25704,LOF,0.05288571577919651,0.14254588539328394,0.8045683988275195
25705,LOF,0.06917134199846171,0.26071813996471876,0.6701105180368195
25706,GOF,0.02673871080526508,0.5266587482204667,0.4466025409742682
25707,LOF,0.018984802204769897,0.47747950049846777,0.5035356972967624
25708,LOF,0.008255482546270025,0.4465184194048301,0.5452260980488998
25709,LOF,0.05788012242438732,0.06615540976527813,0.8759644678103345
25710,LOF,0.005258574646220897,0.17154146620531951,0.8231999591484596
25711,LOF,0.017381000479132033,0.13977769594181824,0.8428413035790497
25712,LOF,0.006645858650786503,0.22397376582118322,0.7693803755280303
25713,LOF,0.019183896657182703,0.1267227240091379,0.8540933793336795
25714,LOF,0.060236401240680165,0.15348942441222826,0.7862741743470915
25715,LOF,0.012079850660820799,0.16656030371635544,0.8213598456228238
25716,LOF,0.0059031488200678,0.13922009339855984,0.8548767577813724
25717,LOF,0.005453833043160749,0.11347849094004195,0.8810676760167974
25718,LOF,0.01310350840458351,0.11293795311582554,0.873958538479591
25719,LOF,0.019800408523848533,0.1195665380947985,0.8606330533813529
25720,LOF,0.021021544336699057,0.10356705066727848,0.8754114049960224
25721,LOF,0.017369811891692642,0.1283773659082479,0.8542528222000594
25722,LOF,0.014874829608193986,0.1586155248653572,0.8265096455264488
25723,LOF,0.02058896910909265,0.08461420044184735,0.8947968304490599
25724,LOF,0.018405061760408254,0.12642564264764153,0.8551692955919503
25725,LOF,0.012221910560731738,0.09244021206925053,0.8953378773700178
25726,LOF,0.015171299444754899,0.1416893931584561,0.843139307396789
25727,LOF,0.013086661323964573,0.10511493304338164,0.8817984056326538
25728,LOF,0.011074781422862036,0.13491855460169513,0.8540066639754428
25729,LOF,0.011334360748821746,0.14018028428095844,0.8484853549702199
25730,LOF,0.01662317834265421,0.10769393585478843,0.8756828858025574
25731,LOF,0.007073984407173605,0.16512829903454587,0.8277977165582805
25732,LOF,0.01662171755211305,0.11351971384617303,0.8698585686017138
25733,LOF,0.016501875933117256,0.09625484724658342,0.8872432768202994
25734,LOF,0.0054436446211404655,0.15090722258346512,0.8436491327953944
25735,LOF,0.01444983753726997,0.09439121595017218,0.8911589465125579
25736,LOF,0.014776550768164483,0.13999818436477016,0.8452252648670655
25737,LOF,0.021099898146850316,0.10160576197535225,0.8772943398777974
25738,LOF,0.013366602377215207,0.16119513142986064,0.8254382661929242
25739,LOF,0.020706927263914543,0.13223386882872068,0.8470592039073648
25740,LOF,0.031054582265226248,0.1418269988858189,0.8271184188489549
25741,LOF,0.015369870502549732,0.12738874974350098,0.8572413797539493
25742,LOF,0.09097569135173306,0.12621472260946898,0.7828095860387979
25743,LOF,0.014467006193029189,0.030620891253319547,0.9549121025536512
25744,LOF,0.2229190902188133,0.2858707570808193,0.49121015270036744
25745,LOF,0.025588095116178666,0.039336227351816445,0.9350756775320049
25746,LOF,0.016181680251169228,0.04990514657345665,0.9339131731753741
25747,LOF,0.028023457911875882,0.024889745052511285,0.9470867970356128
25748,LOF,0.1264915784069337,0.04117988744098004,0.8323285341520862
25749,LOF,0.014650168510848294,0.03727824545379346,0.9480715860353581
25750,LOF,0.03395175541174665,0.05558216563799216,0.9104660789502613
25751,LOF,0.11468521130075493,0.04651919706585868,0.8387955916333864
25752,GOF,0.13434191311855712,0.5782687017070945,0.28738938517434853
25753,LOF,0.008069081833613215,0.30446151225159923,0.6874694059147874
25754,GOF,0.0047580008260473304,0.7808345736035737,0.21440742557037903
25755,LOF,0.00901080709693663,0.40422544015776585,0.5867637527452976
25756,LOF,0.04299452604457173,0.4026127092206825,0.5543927647347459
25757,GOF,0.005543364831644437,0.8409833317063647,0.15347330346199087
25758,GOF,0.0070857623552261825,0.8534170746968783,0.1394971629478956
25759,GOF,0.004567516537274337,0.5414925982992731,0.4539398851634525
25760,LOF,0.004813071290146482,0.27729690589668027,0.7178900228131733
25761,GOF,0.046512363334432434,0.813644118123254,0.13984351854231367
25762,LOF,0.030285079337111456,0.3005373041598493,0.6691776165030392
25763,LOF,0.006104246796485767,0.21955938071455774,0.7743363724889566
25764,GOF,0.18255981041268848,0.4911840088189536,0.3262561807683579
25765,GOF,0.011969633982265667,0.7734544538141065,0.2145759122036278
25766,GOF,0.018098948880180578,0.810028016237465,0.17187303488235442
25767,LOF,0.02168932334921777,0.48710980813280813,0.4912008685179741
25768,LOF,0.07517066500631885,0.07193283779917606,0.8528964971945051
25769,LOF,0.08293035951061609,0.049820905524737724,0.8672487349646463
25770,LOF,0.3395653555594611,0.06706570661018615,0.5933689378303528
25771,LOF,0.014455508068765057,0.049942659754478876,0.9356018321767561
25772,LOF,0.02056445538331227,0.025908908487294952,0.9535266361293928
25773,LOF,0.01034613482873434,0.10775664966890822,0.8818972155023574
25774,LOF,0.024308680996064234,0.06588006561881368,0.9098112533851221
25775,LOF,0.015068763667720721,0.043444939248455654,0.9414862970838236
25776,LOF,0.08400035152826084,0.02077989575710127,0.8952197527146378
25777,LOF,0.27479745786002946,0.03956525604061902,0.6856372860993516
25778,LOF,0.07149063379089783,0.03922422365051927,0.8892851425585829
25779,GOF,0.06838532291514034,0.870417706680716,0.06119697040414364
25780,GOF,0.06547220256281894,0.8470831657847081,0.08744463165247286
25781,GOF,0.027120724761828086,0.836524692688743,0.1363545825494288
25782,GOF,0.034027224553954426,0.8724492307716389,0.09352354467440657
25783,GOF,0.013416851366277557,0.6774492914342053,0.309133857199517
25784,GOF,0.12176990424490262,0.8227721439382274,0.05545795181687004
25785,GOF,0.07853973586307315,0.8630577257053157,0.05840253843161102
25786,GOF,0.005430806511740452,0.7962517587267501,0.19831743476150943
25787,GOF,0.19217435789208262,0.760101844338619,0.04772379776929831
25788,LOF,0.04649002677190826,0.10836411453543249,0.8451458586926592
25789,GOF,0.04355160720666888,0.7982278559659655,0.15822053682736575
25790,GOF,0.0440809928181484,0.8253944874944048,0.1305245196874468
25791,GOF,0.029400437528413835,0.7669941020697257,0.20360546040186034
25792,GOF,0.05060764865454354,0.7705054264151178,0.17888692493033878
25793,GOF,0.0794343792195835,0.7218300782899119,0.19873554249050454
25794,GOF,0.1250945413292022,0.6567040362006276,0.21820142247017027
25795,GOF,0.027308634106975392,0.7553758110528103,0.2173155548402144
25796,GOF,0.14927338834230103,0.7338224133826771,0.11690419827502206
25797,GOF,0.036255309680496936,0.584930311251436,0.378814379068067
25798,GOF,0.003126680442806554,0.5243650656774297,0.4725082538797638
25799,LOF,0.002981024928953513,0.41763990325473194,0.5793790718163144
25800,GOF,0.01054524191344444,0.6140846691214392,0.37537008896511626
25801,GOF,0.03478470543791017,0.8079505710386,0.1572647235234898
25802,GOF,0.020014964177018913,0.7040944110232118,0.27589062479976934
25803,GOF,0.009377814894246349,0.5893970971738461,0.40122508793190753
25804,LOF,0.011642645302754202,0.46640216763318293,0.5219551870640629
25805,GOF,0.021769593780479952,0.5922587215677777,0.38597168465174236
25806,GOF,0.019085454612398047,0.6263063942094668,0.35460815117813527
25807,GOF,0.005528493401082467,0.6321968934352088,0.3622746131637088
25808,GOF,0.014212917883896902,0.6317276506826599,0.35405943143344326
25809,GOF,0.005657241666669186,0.6030412134050213,0.3913015449283096
25810,GOF,0.004888371111925546,0.6132173758296703,0.3818942530584042
25811,GOF,0.09525475687414388,0.7897446947528217,0.11500054837303429
25812,GOF,0.012496734291822667,0.6246401766612033,0.36286308904697406
25813,GOF,0.11036675644840663,0.733950418042963,0.15568282550863038
25814,GOF,0.03261387232864015,0.6936550803219804,0.2737310473493794
25815,GOF,0.045537335435883605,0.7096471178239455,0.2448155467401709
25816,GOF,0.007752104704391789,0.7420685026702929,0.2501793926253153
25817,GOF,0.07255530891192957,0.7682348082574635,0.15920988283060683
25818,GOF,0.019269654695558656,0.7001909829634388,0.2805393623410025
25819,GOF,0.07511969738752226,0.7240295384141238,0.20085076419835393
25820,GOF,0.03449528497642839,0.7227753434365557,0.2427293715870159
25821,GOF,0.01724651856472026,0.6958006463826321,0.2869528350526477
25822,GOF,0.039865613296627654,0.6997680724771131,0.260366314226259
25823,GOF,0.01144548504134476,0.5497302956952895,0.4388242192633657
25824,GOF,0.022578045883366985,0.6657759441062899,0.311646010010343
25825,GOF,0.011976132006547591,0.6376673887231623,0.3503564792702901
25826,GOF,0.004638241167152203,0.6095669709596446,0.38579478787320304
25827,GOF,0.008112401835113074,0.6039181143138819,0.38796948385100505
25828,GOF,0.004947057623177263,0.5239817787795494,0.4710711635972734
25829,GOF,0.002710675173754308,0.575684965036392,0.42160435978985367
25830,LOF,0.03668593003526616,0.3523976946452287,0.6109163753195052
25831,GOF,0.03788625664831652,0.8350148738408845,0.12709886951079893
25832,GOF,0.007096484386277514,0.7547770043097306,0.23812651130399187
25833,GOF,0.026905333072358133,0.7968960765908408,0.17619859033680116
25834,GOF,0.007667313485846623,0.7572626002165973,0.2350700862975561
25835,GOF,0.017039781484978034,0.8212083594548371,0.16175185906018488
25836,GOF,0.006642043733520368,0.7580508469606577,0.23530710930582183
25837,GOF,0.006458975826667421,0.66580070031615,0.32774032385718255
25838,GOF,0.020396218510613046,0.8284988650395532,0.15110491644983384
25839,GOF,0.04815540090895423,0.7963295606735932,0.15551503841745262
25840,GOF,0.03949328416888281,0.8264594860878447,0.13404722974327238
25841,GOF,0.03835024942664303,0.8405446461820029,0.12110510439135404
25842,GOF,0.025874450003939842,0.849046190024598,0.1250793599714621
25843,GOF,0.026320442548908692,0.867481865497236,0.1061976919538552
25844,GOF,0.015947731514059215,0.7878240200808659,0.19622824840507475
25845,GOF,0.004852400156947466,0.5638207035785294,0.4313268962645231
25846,GOF,0.027245209909991325,0.8424849361660219,0.13026985392398693
25847,GOF,0.018428481984751038,0.87283544001367,0.10873607800157892
25848,GOF,0.012837833760745867,0.7655034103633273,0.221658755875927
25849,GOF,0.004078529373231823,0.644788676801275,0.3511327938254932
25850,GOF,0.006562317526309614,0.6846163638379386,0.30882131863575185
25851,GOF,0.005896079707283889,0.5587238149096156,0.43538010538310035
25852,GOF,0.15939374752558755,0.5297933589056985,0.31081289356871394
25853,GOF,0.06675843416604184,0.8323119461574459,0.10092961967651234
25854,GOF,0.00980222620337871,0.6270306912529393,0.3631670825436819
25855,GOF,0.013849014231078366,0.5916836495516744,0.39446733621724717
25856,GOF,0.03798601393035621,0.7168432036211372,0.24517078244850665
25857,GOF,0.013551933117677916,0.5404800439829158,0.44596802289940624
25858,GOF,0.007483886111949322,0.5389787653274907,0.45353734856056
25859,GOF,0.0049982469427017956,0.5268663594384962,0.46813539361880196
25860,GOF,0.0762907332994748,0.79272441194848,0.13098485475204533
25861,GOF,0.1179209125293506,0.7772365925550699,0.10484249491557933
25862,GOF,0.020524001189977947,0.8474228171366007,0.13205318167342153
25863,GOF,0.019489567427567425,0.8600906441327674,0.12041978843966517
25864,GOF,0.04876745801618283,0.8776813555223543,0.07355118646146298
25865,GOF,0.03236776950507749,0.8419022595305643,0.12572997096435823
25866,GOF,0.024978408013518832,0.8373068017409391,0.13771479024554215
25867,GOF,0.025633406874545246,0.8620788380461514,0.11228775507930343
25868,GOF,0.05366252630622053,0.8010580222801187,0.1452794514136608
25869,GOF,0.30531560326318913,0.5909365680662878,0.10374782867052304
25870,GOF,0.17648570350812523,0.5102201034338086,0.31329419305806616
25871,GOF,0.03004129385316056,0.8387707507414668,0.13118795540537273
25872,GOF,0.017378665746632268,0.7701585569562358,0.2124627772971319
25873,GOF,0.018539976512282872,0.8400109221262084,0.14144910136150865
25874,LOF,0.01691537324050467,0.11372887164696711,0.8693557551125283
25875,LOF,0.023802213414879675,0.03499147628902576,0.9412063102960947
25876,LOF,0.014777781377374052,0.030723904825230314,0.9544983137973957
25877,LOF,0.11927666545765357,0.06404769368615411,0.8166756408561923
25878,LOF,0.04809016757133439,0.08305692758188005,0.8688529048467855
25879,LOF,0.02137580328447846,0.06584357555443442,0.912780621161087
25880,LOF,0.04280921301078787,0.01239596226517364,0.9447948247240385
25881,Neutral,0.5561342366750852,0.04746885700879525,0.39639690631611957
25882,LOF,0.020159432661045862,0.032335623326575434,0.9475049440123788
25883,LOF,0.0661964803152826,0.02429584963166389,0.9095076700530536
25884,LOF,0.010616349983979345,0.04038803042338227,0.9489956195926383
25885,LOF,0.1587203204817255,0.007434496384263473,0.833845183134011
25886,LOF,0.2860269281343998,0.05179841255363777,0.6621746593119625
25887,LOF,0.1574673533242069,0.05579243486823686,0.7867402118075564
25888,LOF,0.012529095328026638,0.11246792085930078,0.8750029838126726
25889,LOF,0.012607865782845921,0.03073664895064073,0.9566554852665135
25890,LOF,0.1091591994068462,0.08109083983631138,0.8097499607568424
25891,LOF,0.044952096940108884,0.04112815807880859,0.9139197449810825
25892,LOF,0.01116853097328533,0.04500410238477932,0.9438273666419355
25893,LOF,0.384575876236911,0.014000096613220523,0.6014240271498685
25894,LOF,0.4298017208057843,0.007062456181066208,0.5631358230131495
25895,LOF,0.35293243157635656,0.014826112844057871,0.6322414555795856
25896,LOF,0.042875580126626296,0.026026778014178957,0.9310976418591947
25897,LOF,0.20291306113176036,0.012863931401505276,0.7842230074667343
25898,LOF,0.22170500879306135,0.03689537058808898,0.7413996206188497
25899,LOF,0.17527496356747185,0.02803556134507672,0.7966894750874515
25900,LOF,0.46510538856717165,0.012575746268894822,0.5223188651639336
25901,LOF,0.04724098826677727,0.0118300832890695,0.9409289284441533
25902,LOF,0.09804829749671598,0.016638736180236726,0.8853129663230472
25903,LOF,0.39841024095759,0.03194396327217063,0.5696457957702393
25904,LOF,0.3117723625570789,0.04334239997329733,0.6448852374696238
25905,LOF,0.006670374228130074,0.4185066139460124,0.5748230118258576
25906,LOF,0.00848639875847663,0.11952178825368921,0.8719918129878342
25907,LOF,0.003881657821804934,0.3660107129721419,0.6301076292060531
25908,LOF,0.0037583087545882345,0.26107686069724945,0.7351648305481623
25909,LOF,0.013850485286158221,0.15991514888110545,0.8262343658327364
25910,LOF,0.015472348199588997,0.13801849067810287,0.8465091611223082
25911,LOF,0.18299118603184564,0.025822646387550306,0.791186167580604
25912,LOF,0.08017676708021398,0.037870884282572785,0.8819523486372132
25913,LOF,0.07413981767652195,0.044985767001834605,0.8808744153216435
25914,LOF,0.02242125550137739,0.05744853743969337,0.9201302070589292
25915,LOF,0.13645315133325103,0.2714708257810808,0.5920760228856682
25916,LOF,0.021261551363241284,0.1675578454459364,0.8111806031908223
25917,LOF,0.056847694059824136,0.03790155079009704,0.9052507551500789
25918,LOF,0.027733155083439973,0.03252285421300209,0.939743990703558
25919,LOF,0.02412464840777125,0.0315172511762938,0.9443581004159348
25920,LOF,0.11244360326374672,0.2177398369732517,0.6698165597630016
25921,LOF,0.010154196186724775,0.03938406026992635,0.9504617435433489
25922,LOF,0.012693090328736195,0.03226382905925502,0.9550430806120087
25923,Neutral,0.5036816885851083,0.038041283614997916,0.4582770277998938
25924,LOF,0.016463569017661283,0.04455663302212099,0.9389797979602177
25925,LOF,0.08245903345690275,0.04486313045217279,0.8726778360909244
25926,LOF,0.05671270161058105,0.04253846458151226,0.9007488338079066
25927,LOF,0.019820572814031975,0.06624339737671468,0.9139360298092534
25928,LOF,0.007419426023216881,0.05484802445117769,0.9377325495256054
25929,Neutral,0.6167565606414596,0.04009871518729601,0.34314472417124436
25930,LOF,0.06950498673227068,0.03432510910655531,0.896169904161174
25931,LOF,0.00938942740505633,0.036705225936571974,0.9539053466583717
25932,LOF,0.0336065399470514,0.02862881366106896,0.9377646463918796
25933,LOF,0.043992864521086306,0.018539270825882435,0.9374678646530313
25934,LOF,0.03045171472483856,0.01998398480353183,0.9495643004716297
25935,LOF,0.07442142499190409,0.05357333357931109,0.8720052414287848
25936,LOF,0.05003981965949356,0.02488423494791739,0.925075945392589
25937,LOF,0.009312937746039439,0.041346837315391155,0.9493402249385694
25938,LOF,0.07069593607457719,0.06393241743759756,0.8653716464878253
25939,LOF,0.040725858342717206,0.024556477868785506,0.9347176637884973
25940,LOF,0.008886770776748164,0.3176945829283963,0.6734186462948556
25941,Neutral,0.5198887580005852,0.030623733821855473,0.4494875081775594
25942,LOF,0.004832485074693566,0.049079570696542826,0.9460879442287635
25943,LOF,0.0336090838329556,0.1409715463985529,0.8254193697684915
25944,LOF,0.11993182471797867,0.07878113564048439,0.801287039641537
25945,LOF,0.05696001328303185,0.01961934338826756,0.9234206433287004
25946,LOF,0.07351025615489758,0.06805973071225137,0.8584300131328512
25947,LOF,0.4421757985395564,0.07748681325666562,0.48033738820377786
25948,LOF,0.3058177763072265,0.00854764311095795,0.6856345805818155
25949,LOF,0.0902257582971785,0.04844623929805397,0.8613280024047675
25950,GOF,0.03502087529308981,0.6047523045156029,0.36022682019130714
25951,LOF,0.015479839865211887,0.44227745385781825,0.5422427062769698
25952,LOF,0.24508580477523453,0.29426170308589844,0.460652492138867
25953,LOF,0.013162731454700637,0.20376064669511834,0.783076621850181
25954,GOF,0.054151986113450436,0.47550627095354253,0.4703417429330069
25955,LOF,0.009962238848582347,0.18377730102006798,0.8062604601313497
25956,LOF,0.02842297261253805,0.28929482998986905,0.6822821973975929
25957,LOF,0.1524261409220652,0.03121605213452018,0.8163578069434146
25958,LOF,0.053231232807507925,0.027822202267890974,0.9189465649246011
25959,LOF,0.013663431500359435,0.472487062187733,0.5138495063119076
25960,LOF,0.005788079555814339,0.05305540505378335,0.9411565153904023
25961,LOF,0.04112454495158847,0.024276227242677827,0.9345992278057337
25962,LOF,0.034702511995941876,0.08139391795027352,0.8839035700537845
25963,LOF,0.005832155047153228,0.23184395111608105,0.7623238938367657
25964,LOF,0.03555922205977429,0.10991744308971114,0.8545233348505146
25965,LOF,0.3275439651458112,0.127125715390605,0.5453303194635839
25966,Neutral,0.5076959298909266,0.1461713836110666,0.34613268649800677
25967,LOF,0.006881174300771861,0.09005624578764447,0.9030625799115837
25968,LOF,0.05240516401637622,0.2276401849738649,0.7199546510097589
25969,LOF,0.11920124616357834,0.05856845580474615,0.8222302980316755
25970,LOF,0.018101512317630908,0.10267359458818491,0.8792248930941841
25971,LOF,0.06345414651042534,0.03279577681798711,0.9037500766715876
25972,LOF,0.06323707681260254,0.04360617812182164,0.8931567450655757
25973,LOF,0.05289939168019065,0.011616256592672045,0.9354843517271373
25974,LOF,0.03419155707479823,0.04050679957436151,0.9253016433508402
25975,LOF,0.04308524821638315,0.021941789840132366,0.9349729619434844
25976,LOF,0.10306777879828406,0.011547380979991882,0.885384840221724
25977,LOF,0.2030981618687085,0.050138926580289365,0.7467629115510022
25978,LOF,0.14085988663091562,0.12522385650126733,0.733916256867817
25979,LOF,0.126009614441105,0.1274872115314631,0.7465031740274318
25980,LOF,0.2502719570137557,0.13741663324265915,0.6123114097435851
25981,LOF,0.2780119431489628,0.13521516210501822,0.586772894746019
25982,LOF,0.4164805091298008,0.10333288942531534,0.4801866014448839
25983,LOF,0.3941971682682113,0.1120007182009185,0.4938021135308701
25984,LOF,0.042715756814464295,0.060980453949029775,0.896303789236506
25985,LOF,0.417691389146657,0.11516446660181501,0.46714414425152806
25986,LOF,0.009923569957136561,0.4087135717393919,0.5813628583034716
25987,LOF,0.032007740981026545,0.0995131656519718,0.8684790933670016
25988,LOF,0.17307002561896895,0.09387048731027758,0.7330594870707534
25989,LOF,0.036405903951472564,0.14161450731537964,0.8219795887331479
25990,LOF,0.0374096488198805,0.2179024828408539,0.7446878683392656
25991,LOF,0.01841567678959709,0.3534276495107508,0.6281566736996522
25992,LOF,0.019887905342160214,0.3472299725544825,0.6328821221033573
25993,LOF,0.02050718371958743,0.0929060514254373,0.8865867648549751
25994,LOF,0.015260918533646342,0.08442293193651079,0.9003161495298427
25995,LOF,0.01972163848157617,0.17245128729582498,0.8078270742225988
25996,Neutral,0.3590766957136755,0.2965557982162179,0.34436750607010647
25997,LOF,0.07472821086300462,0.35266670024518326,0.5726050888918122
25998,LOF,0.29899402452942686,0.047192713394865,0.6538132620757082
25999,LOF,0.016776022216376973,0.24604648750364533,0.7371774902799777
26000,LOF,0.1490273135445045,0.029921512122205694,0.8210511743332899
26001,LOF,0.31112673023342013,0.02497971285534925,0.6638935569112306
26002,LOF,0.06951562251611552,0.042979441623717377,0.8875049358601672
26003,GOF,0.003818071954765139,0.6000660441871234,0.3961158838581115
26004,GOF,0.006303248064985982,0.6962857147200145,0.29741103721499934
26005,LOF,0.002984194962797685,0.47329675239532343,0.5237190526418788
26006,GOF,0.07149243258045476,0.5547221931534558,0.37378537426608943
26007,GOF,0.006295748545468865,0.5512064264536536,0.4424978250008776
26008,GOF,0.005661930756842412,0.6427635377365021,0.35157453150665563
26009,GOF,0.0061562586301528,0.6518824860719393,0.3419612552979079
26010,GOF,0.007236676036894569,0.6787457212735075,0.31401760268959794
26011,LOF,0.0028074555303520816,0.4787345324770699,0.518458011992578
26012,GOF,0.00404903495463698,0.5630874814842146,0.4328634835611484
26013,GOF,0.005054492842202903,0.6225451391641919,0.3724003679936052
26014,LOF,0.045239784349652236,0.1082971679215452,0.8464630477288025
26015,LOF,0.1281472306547737,0.02235671038625343,0.8494960589589727
26016,LOF,0.288209385773525,0.04371914444510797,0.668071469781367
26017,LOF,0.02368967983973799,0.2083123134892424,0.7679980066710196
26018,LOF,0.06997948044257546,0.045661526539568606,0.8843589930178558
26019,LOF,0.06748058114100909,0.03831562667968899,0.894203792179302
26020,LOF,0.008260554719996928,0.20749715660595716,0.7842422886740459
26021,LOF,0.06966826587782006,0.07863335481459938,0.8516983793075805
26022,LOF,0.026858077713403643,0.030351624302228104,0.9427902979843682
26023,LOF,0.04345427418473049,0.028684033584354816,0.9278616922309146
26024,LOF,0.04246975501394032,0.08555390475504517,0.8719763402310147
26025,LOF,0.05990243202586271,0.08591636010801477,0.8541812078661225
26026,LOF,0.11951036993363988,0.06993179497230384,0.8105578350940563
26027,LOF,0.05640575970432715,0.022713623286478454,0.9208806170091944
26028,LOF,0.08596911477088062,0.12163944437378613,0.7923914408553332
26029,LOF,0.028080128388714348,0.1949879643481085,0.7769319072631772
26030,LOF,0.1419920698430183,0.031241091712158806,0.8267668384448229
26031,LOF,0.013947943194723832,0.15193276798655486,0.8341192888187212
26032,LOF,0.08066994096544829,0.060889608292328444,0.8584404507422233
26033,LOF,0.08354348131517504,0.05740287269113393,0.859053645993691
26034,LOF,0.014400811425794387,0.16875669624966388,0.8168424923245419
26035,LOF,0.013259183997256485,0.13463905711756674,0.8521017588851769
26036,LOF,0.01727031026149418,0.1717454236231925,0.8109842661153133
26037,LOF,0.011229430272474254,0.11523730789958596,0.8735332618279398
26038,LOF,0.06860617161834463,0.056806562649534924,0.8745872657321204
26039,LOF,0.02516899733775229,0.16126371323671487,0.8135672894255329
26040,LOF,0.10872035946754083,0.13769955430964614,0.7535800862228129
26041,LOF,0.013307634191400255,0.10188973059252455,0.8848026352160753
26042,LOF,0.011945505462057972,0.10118463568020906,0.8868698588577331
26043,LOF,0.06825022477184443,0.07250249684778401,0.8592472783803715
26044,LOF,0.013038380003302727,0.06806432144039774,0.9188972985562995
26045,LOF,0.05012301593182583,0.10507391830905828,0.8448030657591159
26046,LOF,0.0629500644279627,0.058981071796584,0.8780688637754532
26047,LOF,0.10709740611112936,0.06052988180626784,0.8323727120826028
26048,LOF,0.04530459018606404,0.04146175840538053,0.9132336514085554
26049,Neutral,0.966403605856629,0.005690988790940203,0.02790540535243081
26050,Neutral,0.9535541264128568,0.007360579753459422,0.03908529383368388
26051,LOF,0.014088022986988701,0.18698334161425142,0.79892863539876
26052,LOF,0.023381822115246035,0.21587242869390985,0.7607457491908441
26053,LOF,0.02227097803910777,0.1410612313514612,0.836667790609431
26054,LOF,0.05040663174175514,0.015367293956356304,0.9342260743018885
26055,LOF,0.06379471121371723,0.014594406900814807,0.9216108818854679
26056,LOF,0.05310074599497235,0.016909252759683642,0.929990001245344
26057,LOF,0.03262055708615574,0.011034587433294645,0.9563448554805496
26058,LOF,0.03315858889613931,0.00970340518261552,0.9571380059212451
26059,LOF,0.2903294748148868,0.01727208153000336,0.6923984436551098
26060,LOF,0.009580524221032645,0.12892906141271776,0.8614904143662495
26061,LOF,0.004893423032462076,0.012837553569040299,0.9822690233984976
26062,LOF,0.003930727662729164,0.01670434095640225,0.9793649313808686
26063,LOF,0.0229743467511639,0.009715631107312077,0.9673100221415242
26064,LOF,0.0066853699423740365,0.019899792608177952,0.9734148374494479
26065,LOF,0.024600438174834958,0.011122417496435064,0.96427714432873
26066,LOF,0.02152436086392248,0.010290763478926646,0.968184875657151
26067,LOF,0.030558375406176497,0.00874137670596922,0.9607002478878544
26068,LOF,0.042780555289115826,0.025672981162719013,0.9315464635481652
26069,LOF,0.25469484276983256,0.016013692303796987,0.7292914649263704
26070,LOF,0.3990761167530359,0.011638902276308037,0.5892849809706562
26071,LOF,0.021105325919177638,0.010413202637970137,0.9684814714428523
26072,LOF,0.005427878135811605,0.020574495350288574,0.9739976265138998
26073,LOF,0.01925794516164447,0.012386797614290202,0.9683552572240655
26074,Neutral,0.9022740660422176,0.005553598028175541,0.09217233592960682
26075,LOF,0.042980731797164294,0.014239889748448151,0.9427793784543875
26076,LOF,0.039445927902294765,0.008732726682952677,0.9518213454147525
26077,LOF,0.11038982412715684,0.007334429059920562,0.8822757468129226
26078,LOF,0.00527452456886457,0.012902588733349613,0.9818228866977858
26079,LOF,0.0548316540199851,0.015068249356087386,0.9301000966239276
26080,LOF,0.05238662230357338,0.015102181460821793,0.9325111962356047
26081,LOF,0.03169995643513466,0.0074650120759458954,0.9608350314889195
26082,LOF,0.0043839036760769815,0.014773173721429627,0.9808429226024934
26083,LOF,0.14065735770514304,0.014043286321002777,0.8452993559738541
26084,LOF,0.03602668231679605,0.011841170098482299,0.9521321475847216
26085,LOF,0.031961647694826165,0.010923650920380569,0.9571147013847932
26086,LOF,0.020154716064231425,0.011006780177947961,0.9688385037578208
26087,LOF,0.022275539068135744,0.008822376397397583,0.9689020845344668
26088,LOF,0.005654898508169524,0.01906194154199391,0.9752831599498366
26089,LOF,0.03979143148737436,0.02005174821138891,0.9401568203012367
26090,LOF,0.03899781192450909,0.015883136618392746,0.9451190514570982
26091,LOF,0.028940024373201343,0.006790140428569948,0.9642698351982287
26092,LOF,0.020933802431693987,0.008144469313730779,0.9709217282545752
26093,LOF,0.038092692113944726,0.006175445565106098,0.9557318623209492
26094,LOF,0.028090218223676116,0.006893858374385531,0.9650159234019384
26095,LOF,0.015220789893290797,0.016052690893246846,0.9687265192134623
26096,LOF,0.1562891040207964,0.005449279388671181,0.8382616165905326
26097,LOF,0.004771066575228226,0.033294567222877394,0.9619343662018944
26098,LOF,0.07401009442061844,0.011662571772719562,0.914327333806662
26099,LOF,0.01900982000995669,0.013013188741270908,0.9679769912487725
26100,LOF,0.021730405069001917,0.012674324367941157,0.9655952705630568
26101,LOF,0.048084708333814785,0.018757532354038025,0.9331577593121472
26102,LOF,0.021505961289808254,0.01333532724033076,0.965158711469861
26103,Neutral,0.8651718328583577,0.018379107848197955,0.11644905929344435
26104,LOF,0.06591753413532918,0.020645436303646895,0.913437029561024
26105,LOF,0.19946116492184157,0.15517695573581403,0.6453618793423443
26106,LOF,0.3202129275719908,0.1188484983913487,0.5609385740366606
26107,LOF,0.021275493868599858,0.10022951928931101,0.8784949868420892
26108,LOF,0.34332889408955564,0.04473015364764485,0.6119409522627994
26109,LOF,0.03154900047998819,0.06911497898179332,0.8993360205382185
26110,LOF,0.20196975814059595,0.0061109153816646744,0.7919193264777394
26111,LOF,0.079309178759111,0.06583499297593134,0.8548558282649577
26112,LOF,0.037397172041801825,0.006582519727272417,0.9560203082309257
26113,LOF,0.06940265796078887,0.014254676963516172,0.916342665075695
26114,LOF,0.06779182906948525,0.016771918386984937,0.9154362525435298
26115,LOF,0.01565239086846915,0.09097002261714683,0.893377586514384
26116,LOF,0.0855693090207009,0.05313945735706229,0.8612912336222369
26117,LOF,0.412223062920249,0.04295411288181846,0.5448228241979325
26118,LOF,0.03368733904689858,0.023233133668519097,0.9430795272845823
26119,LOF,0.004542020262199875,0.041361310318265024,0.9540966694195352
26120,LOF,0.02428599539611557,0.018505159854506934,0.9572088447493775
26121,LOF,0.0038674419780529564,0.15405381394795872,0.8420787440739884
