feature0,prediction,LoGoFunc_Neutral,LoGoFunc_GOF,LoGoFunc_LOF
25546,Neutral,0.6367895107661448,0.14273537618819476,0.22047511304566042
25547,Neutral,0.44607069084517387,0.3037152098082973,0.2502140993465287
25548,Neutral,0.42180819511765744,0.2474591873207096,0.3307326175616329
25549,Neutral,0.3999112322939288,0.25556978076751913,0.34451898693855215
25550,LOF,0.3456431966195833,0.3031463923596339,0.3512104110207827
25551,LOF,0.2816165232849749,0.29028050616475604,0.4281029705502691
25552,LOF,0.14902370621638047,0.28242528954994706,0.5685510042336724
25553,Neutral,0.8181367648467602,0.061015078597305955,0.12084815655593392
25554,LOF,0.18289397344748587,0.28502079046557516,0.532085236086939
25555,LOF,0.14780994799456967,0.24475285207317796,0.6074371999322523
25556,Neutral,0.4794628957992098,0.19556866403688647,0.32496844016390375
25557,LOF,0.1488501743932518,0.2568313638163659,0.5943184617903823
25558,LOF,0.18337404841782268,0.3147692235119558,0.5018567280702214
25559,Neutral,0.5007768489575032,0.018491312821212542,0.48073183822128424
25560,LOF,0.036720555192997335,0.22034513267064926,0.7429343121363535
25561,LOF,0.09103439933665086,0.2892156028492303,0.6197499978141189
25562,LOF,0.12199881920359747,0.06315787035047148,0.8148433104459311
25563,LOF,0.11061330265307422,0.11545633356654608,0.7739303637803798
25564,LOF,0.06958917514819028,0.13946452368335943,0.7909463011684503
25565,LOF,0.14349213996616422,0.22317062660221076,0.6333372334316251
25566,GOF,0.02008900571600903,0.6942809632344157,0.2856300310495753
25567,LOF,0.011673113743868575,0.1601830461793785,0.8281438400767529
25568,LOF,0.04658801683065132,0.06891852309120157,0.8844934600781471
25569,LOF,0.05114235925583881,0.06218096833182559,0.8866766724123356
25570,LOF,0.04678863000724485,0.08240728051183543,0.8708040894809197
25571,LOF,0.05313528376823808,0.0776395111221145,0.8692252051096473
25572,LOF,0.03860741415809381,0.08993227170611993,0.8714603141357863
25573,LOF,0.02053923476188085,0.08898629352606037,0.8904744717120587
25574,LOF,0.010297709328653636,0.2427296666536221,0.7469726240177242
25575,LOF,0.0460348848177407,0.06657780496350556,0.8873873102187537
25576,LOF,0.013150232926714899,0.07416875395408151,0.9126810131192037
25577,LOF,0.008815604414943876,0.0656223879568093,0.9255620076282468
25578,LOF,0.2849022831693605,0.07571852715351496,0.6393791896771246
25579,LOF,0.2867054571461103,0.07500958107782678,0.6382849617760629
25580,LOF,0.028426026604054837,0.06180884655646127,0.9097651268394839
25581,LOF,0.04382859119170631,0.07535674220379193,0.8808146666045017
25582,LOF,0.043237171840122206,0.07036366287278106,0.8863991652870967
25583,LOF,0.02920574590997259,0.06110773449890584,0.9096865195911216
25584,Neutral,0.5298517407719185,0.11013801710934315,0.3600102421187383
25585,LOF,0.023324870110433795,0.07781196695744622,0.8988631629321201
25586,LOF,0.029190691140921723,0.052298868098866975,0.9185104407602114
25587,LOF,0.025267817444103755,0.04722783360241901,0.9275043489534772
25588,LOF,0.024135599582059988,0.05996420167203822,0.9159001987459019
25589,Neutral,0.666541526620172,0.1240289044891522,0.20942956889067588
25590,LOF,0.0206100771915419,0.10633582651044571,0.8730540962980123
25591,LOF,0.093213837814254,0.05209875130212065,0.8546874108836253
25592,LOF,0.08445686167379156,0.09211565378500156,0.823427484541207
25593,LOF,0.01037781098832415,0.4731936741092765,0.5164285149023993
25594,LOF,0.03743590208159272,0.07818185193338152,0.8843822459850257
25595,LOF,0.06226891750593825,0.061182258418225506,0.8765488240758362
25596,LOF,0.09896459353245728,0.043011364736029706,0.8580240417315129
25597,LOF,0.08010278773515599,0.015684334977509574,0.9042128772873345
25598,LOF,0.05094671381881284,0.07376115718459092,0.8752921289965961
25599,LOF,0.008738286750142746,0.48958071405018555,0.5016809991996717
25600,LOF,0.01005004052807571,0.36549025402510105,0.6244597054468233
25601,LOF,0.0064445677046683246,0.196741856844989,0.7968135754503428
25602,LOF,0.021566042766435686,0.07504932415090498,0.9033846330826594
25603,LOF,0.04128314290317486,0.08113730340580409,0.8775795536910211
25604,LOF,0.038131188217955476,0.07114054249128228,0.8907282692907622
25605,LOF,0.01240667982992632,0.20209417794616644,0.7854991422239073
25606,GOF,0.06384337247565834,0.5238620031847672,0.4122946243395745
25607,LOF,0.0034255756828756065,0.10779499188209997,0.8887794324350244
25608,LOF,0.05581428198304375,0.02607656373823492,0.9181091542787213
25609,LOF,0.08447320698924957,0.20019609067044064,0.7153307023403098
25610,LOF,0.04211181189378625,0.019667475212496545,0.9382207128937172
25611,LOF,0.054937589568322474,0.011996799404428264,0.9330656110272494
25612,LOF,0.11617680779479608,0.029183658446563825,0.8546395337586401
25613,LOF,0.0914422817042304,0.034560651054123454,0.8739970672416462
25614,LOF,0.038124047915644464,0.033886412257066706,0.9279895398272889
25615,LOF,0.07453058097194167,0.037855679652652664,0.8876137393754057
25616,LOF,0.029276854494863874,0.04330765275470166,0.9274154927504343
25617,LOF,0.04641091456159098,0.02513897770476713,0.9284501077336418
25618,LOF,0.21470625877045224,0.04019558153508971,0.7450981596944581
25619,LOF,0.038763945461329996,0.03287853820995975,0.9283575163287102
25620,LOF,0.033028321025565154,0.04995763412241467,0.9170140448520202
25621,LOF,0.04202766923141366,0.02068331873670963,0.9372890120318768
25622,LOF,0.027438394306707713,0.05985615364868504,0.9127054520446073
25623,LOF,0.04720322951705783,0.04090520925787504,0.9118915612250672
25624,LOF,0.03473994434399926,0.0403706457347457,0.9248894099212551
25625,LOF,0.043555532137003104,0.046917971055294494,0.9095264968077024
25626,LOF,0.07495267258998967,0.028877490987662534,0.8961698364223478
25627,Neutral,0.4883598730467186,0.12816876350604295,0.3834713634472385
25628,LOF,0.17605972436352077,0.0592153337618226,0.7647249418746567
25629,LOF,0.04462541639179519,0.09110973015768674,0.8642648534505181
25630,LOF,0.17885852496461407,0.08244525473478358,0.7386962203006023
25631,Neutral,0.5755368768743864,0.08348270264953066,0.34098042047608296
25632,LOF,0.014309887594367096,0.17627867512400283,0.80941143728163
25633,LOF,0.20773994770972148,0.3304788796852157,0.46178117260506274
25634,LOF,0.03357574376322605,0.25230995539775936,0.7141143008390146
25635,LOF,0.03820494993126899,0.19311161836262572,0.7686834317061053
25636,GOF,0.005404068511318903,0.5621512159115025,0.4324447155771786
25637,LOF,0.004890594266113773,0.36155577893340946,0.6335536268004767
25638,LOF,0.00634202322904773,0.3590847221449816,0.6345732546259707
25639,LOF,0.005081306799446493,0.2908728428668525,0.7040458503337009
25640,GOF,0.3198918335329842,0.6186604512029961,0.06144771526401981
25641,LOF,0.00784803062375644,0.17575464281395295,0.8163973265622907
25642,LOF,0.23172504502246175,0.07019756819412083,0.6980773867834175
25643,LOF,0.27984615610868047,0.08363897073357024,0.6365148731577494
25644,GOF,0.012648844254921233,0.5065762072936789,0.4807749484513999
25645,GOF,0.00913232558124778,0.5984912582343157,0.39237641618443664
25646,LOF,0.010345611922694169,0.3324706526184472,0.6571837354588587
25647,LOF,0.008959717210011021,0.28172379460265623,0.7093164881873326
25648,LOF,0.006215767314891966,0.34238531150753376,0.6513989211775743
25649,LOF,0.0070620115351444366,0.19176692340101006,0.8011710650638454
25650,GOF,0.02194641303241127,0.49573964194787296,0.4823139450197159
25651,LOF,0.006503592834564727,0.22628565109088739,0.7672107560745478
25652,LOF,0.010326980614669294,0.35670762869770545,0.6329653906876254
25653,GOF,0.03437635434657506,0.507961666820428,0.4576619788329971
25654,LOF,0.006909415360900468,0.37555949856349286,0.6175310860756067
25655,GOF,0.07563551316933964,0.5198835915989201,0.40448089523174025
25656,LOF,0.09012731692537831,0.029476687079574043,0.8803959959950477
25657,LOF,0.2627591895220697,0.01832856002792242,0.7189122504500078
25658,LOF,0.027682232380853763,0.08016795461098795,0.8921498130081583
25659,LOF,0.2502925354943879,0.0900431984980127,0.6596642660075994
25660,LOF,0.10915868986515605,0.06795362468065305,0.8228876854541909
25661,LOF,0.06574975161565114,0.05972996591269716,0.8745202824716517
25662,LOF,0.04089811616854231,0.05220223148496349,0.9068996523464942
25663,LOF,0.04338719231693595,0.09505387669586432,0.8615589309871997
25664,LOF,0.025364980087679734,0.20129996336279243,0.7733350565495277
25665,LOF,0.041997530468315385,0.05835022872856755,0.899652240803117
25666,LOF,0.03871182570225767,0.17403606229136345,0.7872521120063788
25667,LOF,0.04169126579605325,0.03118448501492176,0.927124249189025
25668,LOF,0.04412424680313834,0.04409889530517452,0.9117768578916872
25669,LOF,0.03603644057978345,0.06917378352650222,0.8947897758937143
25670,LOF,0.06453696682471205,0.09036925556556527,0.8450937776097227
25671,LOF,0.051530037382925074,0.03800151650968167,0.9104684461073932
25672,LOF,0.048964392517813,0.06105296913096557,0.8899826383512214
25673,LOF,0.038527717262341714,0.06636269384386151,0.8951095888937969
25674,LOF,0.026043404147903095,0.09753335078314758,0.8764232450689493
25675,LOF,0.032518878237787194,0.04040362960481397,0.9270774921573988
25676,LOF,0.038057661150620044,0.05595894240725695,0.905983396442123
25677,LOF,0.07103707089601952,0.04196395585351817,0.8869989732504624
25678,LOF,0.1551984994704842,0.05512082078445082,0.789680679745065
25679,LOF,0.10111571229797994,0.08554365052511884,0.8133406371769012
25680,LOF,0.1076672521425383,0.07906231981237685,0.813270428045085
25681,LOF,0.11169585126825173,0.07586614508963227,0.812438003642116
25682,LOF,0.04500662613440268,0.03576910055885298,0.9192242733067444
25683,LOF,0.07742305856489033,0.06359435954641939,0.8589825818886904
25684,LOF,0.06047742860465586,0.04927691003371475,0.8902456613616294
25685,LOF,0.12101881484524908,0.03883308432389245,0.8401481008308583
25686,LOF,0.030341546634783355,0.07902803018310861,0.8906304231821082
25687,LOF,0.046307242172640734,0.1026878255703975,0.8510049322569618
25688,LOF,0.022477821888657202,0.1574019421627902,0.8201202359485527
25689,LOF,0.013551227392302358,0.08593002972468831,0.9005187428830094
25690,LOF,0.019994845853691087,0.1167307785389347,0.8632743756073742
25691,LOF,0.14467362322835992,0.17724171955584447,0.6780846572157957
25692,LOF,0.3379808625972568,0.015303353357315495,0.6467157840454277
25693,LOF,0.028708155178984594,0.4834063755599102,0.48788546926110515
25694,LOF,0.24328355368832966,0.01177144094732699,0.7449450053643435
25695,LOF,0.1829271305452037,0.01588666637188918,0.8011862030829072
25696,LOF,0.07871462813559299,0.013698532672854946,0.907586839191552
25697,LOF,0.08269634508775087,0.010237055684236012,0.9070665992280131
25698,LOF,0.016258496860057828,0.2303451566078256,0.7533963465321165
25699,LOF,0.07420323784860879,0.2819804310817959,0.6438163310695952
25700,LOF,0.04856900912200467,0.02095977897126689,0.9304712119067283
25701,LOF,0.01021219890360222,0.30795600775168064,0.6818317933447171
25702,GOF,0.03321101899750731,0.5829981200052782,0.38379086099721443
25703,LOF,0.018796297586165567,0.05504451874626078,0.9261591836675738
25704,LOF,0.0711176763050202,0.04514138956282542,0.8837409341321544
25705,LOF,0.09421367720977213,0.15461938409464496,0.7511669386955828
25706,GOF,0.022733753634455896,0.6256904481305977,0.3515757982349464
25707,GOF,0.028738059105022827,0.5293650146691385,0.44189692622583865
25708,GOF,0.009350434817432394,0.5850636513903523,0.40558591379221526
25709,LOF,0.05093534818092414,0.06357525611194641,0.8854893957071294
25710,LOF,0.0077785742182016684,0.14222622956699066,0.8499951962148077
25711,LOF,0.047468284038793676,0.09545858585201125,0.8570731301091951
25712,LOF,0.011127479130053335,0.2003487681496751,0.7885237527202716
25713,LOF,0.03884732794820156,0.09619453623795296,0.8649581358138455
25714,LOF,0.03614836412296603,0.1732022459303999,0.790649389946634
25715,LOF,0.04328094527674202,0.10451878994006038,0.8522002647831975
25716,LOF,0.006214562166575722,0.0824547585878388,0.9113306792455854
25717,LOF,0.006531753922224576,0.09081729084957865,0.9026509552281967
25718,LOF,0.03758032941720382,0.07126986574485462,0.8911498048379416
25719,LOF,0.0423725145158925,0.11475798349306499,0.8428695019910425
25720,LOF,0.03601676235253076,0.11333891285925288,0.8506443247882164
25721,LOF,0.03715167048901189,0.11317452743869226,0.8496738020722959
25722,LOF,0.03181280927437759,0.1252072794116142,0.8429799113140082
25723,LOF,0.051544948072286205,0.112029009756944,0.8364260421707698
25724,LOF,0.07244056108452845,0.26152249528216687,0.6660369436333048
25725,LOF,0.05792480254459726,0.09271213213527818,0.8493630653201245
25726,LOF,0.03847994280888043,0.09987234760568241,0.861647709585437
25727,LOF,0.05043536807334709,0.0845097641498775,0.8650548677767754
25728,LOF,0.043464446143271364,0.11335888227684025,0.8431766715798884
25729,LOF,0.04708283094674545,0.11439771112863331,0.8385194579246212
25730,LOF,0.05530596870448152,0.08320967792971544,0.8614843533658031
25731,LOF,0.009110826554118063,0.0856648750133818,0.9052242984325001
25732,LOF,0.030052306767531758,0.054371972152249017,0.9155757210802193
25733,LOF,0.03849680809305157,0.08067215661326964,0.8808310352936788
25734,LOF,0.005999382008631067,0.2801271425147897,0.7138734754765793
25735,LOF,0.03319301136830526,0.08194561770675585,0.8848613709249389
25736,LOF,0.0331252138398326,0.15265811978746774,0.8142166663726996
25737,LOF,0.058908142131425714,0.08560657710770174,0.8554852807608725
25738,LOF,0.046543859134062414,0.1830992491704938,0.7703568916954437
25739,LOF,0.035028660505738045,0.12996335047035637,0.8350079890239057
25740,LOF,0.06395266314470006,0.10665518228070668,0.8293921545745933
25741,LOF,0.06331640338868431,0.0990911209555248,0.8375924756557909
25742,LOF,0.06789501283271969,0.10985987902909741,0.8222451081381829
25743,LOF,0.012379932282432424,0.016639206878573978,0.9709808608389937
25744,LOF,0.1394864289110093,0.1344312665995267,0.726082304489464
25745,LOF,0.02890889574881489,0.06173575250226061,0.9093553517489245
25746,LOF,0.014123112877396978,0.08756681301659154,0.8983100741060114
25747,LOF,0.0476217455413688,0.03012475491724635,0.9222534995413848
25748,LOF,0.30032250668659594,0.0848586356427139,0.6148188576706901
25749,LOF,0.01879954463296046,0.055232340199482546,0.925968115167557
25750,LOF,0.018708592777402527,0.06545841984230752,0.9158329873802898
25751,LOF,0.038557600429722505,0.07522903076831783,0.8862133688019598
25752,GOF,0.10416781098063008,0.5457882834898325,0.3500439055295374
25753,LOF,0.007576920620052024,0.3538473306285944,0.6385757487513536
25754,GOF,0.009329212649850779,0.8932993521699524,0.09737143518019703
25755,LOF,0.00874768636620062,0.357059456943546,0.6341928566902533
25756,LOF,0.024565812171305226,0.403111241613146,0.5723229462155487
25757,GOF,0.009593819108260408,0.8493074203129374,0.14109876057880222
25758,GOF,0.010954785619405497,0.8825974492813675,0.10644776509922699
25759,GOF,0.007582412817258085,0.6866707340565126,0.3057468531262293
25760,LOF,0.007230702376620952,0.26096273167992656,0.7318065659434525
25761,GOF,0.05743185826541741,0.8745293941992675,0.06803874753531533
25762,LOF,0.025123111198587116,0.37128612591384563,0.6035907628875672
25763,LOF,0.006918098573761943,0.2659532468249168,0.7271286546013213
25764,GOF,0.07560902030867059,0.6548850877597022,0.2695058919316273
25765,GOF,0.010836803845564853,0.9021822438601679,0.08698095229426721
25766,GOF,0.034504648258030526,0.8418000429852139,0.12369530875675563
25767,GOF,0.012734599018712803,0.5371662331135718,0.45009916786771537
25768,LOF,0.05743080216936918,0.06462224449800892,0.877946953332622
25769,LOF,0.03454980242317579,0.09668438529226227,0.8687658122845621
25770,LOF,0.16019398690234316,0.15956969204554108,0.6802363210521158
25771,LOF,0.024256401397607204,0.08533799641662022,0.8904056021857726
25772,LOF,0.052404442754121636,0.05290549718920067,0.8946900600566777
25773,LOF,0.01925068349869585,0.12226289662076428,0.8584864198805399
25774,LOF,0.026032626301498673,0.25394508804052285,0.7200222856579784
25775,LOF,0.02418387999334258,0.05097859976197024,0.9248375202446871
25776,LOF,0.04093309945380138,0.03631365887246262,0.9227532416737361
25777,LOF,0.22060240889106872,0.1679254464918536,0.6114721446170777
25778,LOF,0.031785083913092364,0.08915488271666772,0.87906003337024
25779,GOF,0.06197178412927689,0.7487144597691192,0.18931375610160403
25780,GOF,0.07414142958638006,0.7641450018675253,0.16171356854609478
25781,GOF,0.032149541689376275,0.7237892257508219,0.24406123255980186
25782,GOF,0.032410256591342515,0.8131729777185507,0.15441676569010682
25783,GOF,0.06176392068548575,0.8095399547207968,0.12869612459371746
25784,GOF,0.11536167519324458,0.7631837739865698,0.12145455082018572
25785,GOF,0.16096758078937629,0.7470180713872886,0.09201434782333515
25786,GOF,0.014821211516986075,0.6480561482860396,0.33712264019697424
25787,GOF,0.3559189481956344,0.5299055910460336,0.11417546075833197
25788,LOF,0.025153155139356564,0.0655556204765321,0.9092912243841115
25789,GOF,0.019321504676716623,0.719516014995034,0.2611624803282494
25790,GOF,0.03435053659606989,0.7142912507253821,0.2513582126785479
25791,LOF,0.0322333198295904,0.4814829072900856,0.48628377288032415
25792,GOF,0.04083605717999068,0.5770035934305752,0.38216034938943405
25793,GOF,0.06520356517206097,0.6320134894972321,0.30278294533070693
25794,LOF,0.05860492807724195,0.4380397409249801,0.503355330997778
25795,GOF,0.060269792483138775,0.5303991015996502,0.40933110591721106
25796,GOF,0.17699822165293733,0.527281369094593,0.29572040925246973
25797,GOF,0.08783567014603541,0.4836755160135099,0.4284888138404546
25798,GOF,0.008099397710526994,0.7371127905804771,0.25478781170899606
25799,GOF,0.005603849684117758,0.6321520057092714,0.3622441446066108
25800,GOF,0.025330037177460747,0.7889801751764505,0.18568978764608882
25801,GOF,0.028068060480075596,0.761679794510919,0.2102521450090054
25802,GOF,0.02851636857819392,0.662658547063224,0.30882508435858214
25803,GOF,0.025948495758584548,0.5879252396888274,0.386126264552588
25804,GOF,0.04269775655350357,0.5645670788318167,0.3927351646146798
25805,GOF,0.02857174848488559,0.6560286338723427,0.3153996176427718
25806,GOF,0.03966015048001383,0.6625411539775714,0.2977986955424147
25807,GOF,0.018026545766619273,0.5363135285125282,0.4456599257208524
25808,GOF,0.03082573934705961,0.6620636514335785,0.30711060921936195
25809,GOF,0.015996625900748646,0.5685562990715145,0.41544707502773687
25810,GOF,0.013814797940543796,0.5745406489285436,0.4116445531309124
25811,GOF,0.08854120291146572,0.7673142678351865,0.14414452925334784
25812,GOF,0.045842881204988035,0.5305311549525259,0.42362596384248596
25813,GOF,0.25541216133886135,0.5450802716052269,0.19950756705591177
25814,GOF,0.0443655431748337,0.5844305833778264,0.37120387344733985
25815,GOF,0.07020639769781314,0.6672884396949429,0.2625051626072439
25816,GOF,0.011674686675359553,0.7377777255205794,0.2505475878040611
25817,GOF,0.13104047044369818,0.5580866761445119,0.3108728534117899
25818,GOF,0.030764618510901405,0.7307056694715672,0.23852971201753143
25819,GOF,0.054365752475109066,0.625402464013227,0.320231783511664
25820,GOF,0.05589132177670353,0.5384123775755942,0.4056963006477023
25821,GOF,0.04004050893573839,0.595282557378796,0.3646769336854656
25822,GOF,0.07869159346897696,0.5549457714066185,0.36636263512440453
25823,GOF,0.03804828397984386,0.5405835861722034,0.42136812984795274
25824,GOF,0.02945569136721284,0.6628862623793222,0.307658046253465
25825,GOF,0.021994063620573087,0.665853365328933,0.312152571050494
25826,GOF,0.010686328999579572,0.5591404555124794,0.430173215487941
25827,GOF,0.020235399989858394,0.6378157472318654,0.34194885277827625
25828,GOF,0.012546450901882642,0.6408866945038725,0.346566854594245
25829,LOF,0.005393898327765352,0.45827884528111584,0.5363272563911189
25830,LOF,0.07771840226477503,0.25403874855683284,0.6682428491783922
25831,GOF,0.08119436433773368,0.7397548164451067,0.1790508192171597
25832,GOF,0.010400188116552269,0.6544028406652752,0.3351969712181726
25833,GOF,0.03251012947981364,0.7558541280276615,0.2116357424925249
25834,GOF,0.01072690168595186,0.6744330822466281,0.31484001606741996
25835,GOF,0.03120767246328294,0.796032873613338,0.17275945392337896
25836,GOF,0.009068967694305295,0.7022324867216072,0.28869854558408753
25837,GOF,0.012585584518517419,0.682546982015541,0.3048674334659416
25838,GOF,0.02442292210041698,0.763268064071056,0.2123090138285271
25839,GOF,0.07745356042720057,0.6802379333681965,0.24230850620460287
25840,GOF,0.09881641297117745,0.664307922124381,0.2368756649044417
25841,GOF,0.08361881991484349,0.7213565844348778,0.1950245956502787
25842,GOF,0.029040866320171718,0.8122298620426135,0.15872927163721476
25843,GOF,0.027691534207523405,0.8075619818288043,0.16474648396367234
25844,GOF,0.02422795237200931,0.7428027434104615,0.23296930421752923
25845,GOF,0.008921723090724408,0.5900059669508124,0.40107230995846327
25846,GOF,0.07702945232124662,0.7948391975497209,0.12813135012903257
25847,GOF,0.020436696594544883,0.7961335144162373,0.1834297889892179
25848,GOF,0.023753418973926414,0.7470487308202016,0.22919785020587205
25849,GOF,0.008407703271080534,0.7073670512369997,0.28422524549191974
25850,GOF,0.009374659887624908,0.5694764354950025,0.42114890461737264
25851,GOF,0.008303293773254576,0.503945753036972,0.4877509531897734
25852,LOF,0.18474421200484292,0.4062466808485152,0.40900910714664196
25853,GOF,0.06578761714049727,0.5769776594185104,0.3572347234409922
25854,GOF,0.00816814064576114,0.5733832993360531,0.41844856001818576
25855,LOF,0.026998677529896174,0.471155123963328,0.5018461985067758
25856,GOF,0.05742968627217581,0.6139329959499176,0.3286373177779065
25857,LOF,0.027036456373937853,0.45932688432923047,0.5136366592968317
25858,LOF,0.008902385713680743,0.4633651600728207,0.5277324542134986
25859,LOF,0.006692634216417375,0.4505152640738537,0.5427921017097289
25860,GOF,0.08551458237683482,0.5203865981601015,0.39409881946306363
25861,GOF,0.11262223946821967,0.7250482734910796,0.16232948704070077
25862,GOF,0.02217525899788605,0.827680091194445,0.1501446498076689
25863,GOF,0.020277500549348102,0.7728552747801474,0.2068672246705045
25864,GOF,0.030805412106062673,0.8326811432619081,0.13651344463202925
25865,GOF,0.03547717771473037,0.8124440540630882,0.15207876822218142
25866,GOF,0.019268950366787253,0.7798589837124197,0.200872065920793
25867,GOF,0.043318406341061544,0.798314507861657,0.15836708579728145
25868,GOF,0.07615574784746032,0.6328166050365137,0.29102764711602597
25869,GOF,0.3314086780840366,0.44966859192753267,0.21892272998843063
25870,LOF,0.08815933727990756,0.29937774977342135,0.6124629129466711
25871,GOF,0.011662449824157508,0.559961973745272,0.42837557643057056
25872,GOF,0.027111458608142267,0.5837884847847947,0.38910005660706304
25873,GOF,0.023086266097832476,0.6586778421936688,0.3182358917084988
25874,LOF,0.03181439255571154,0.06724087210707838,0.9009447353372101
25875,LOF,0.024427643367382672,0.1583954935826057,0.8171768630500117
25876,LOF,0.021774014312086903,0.07281931280568511,0.905406672882228
25877,LOF,0.07739963714955096,0.2963498377686987,0.6262505250817504
25878,LOF,0.046295698418981616,0.3879162615525882,0.5657880400284302
25879,LOF,0.010561829489637218,0.19096422575754507,0.7984739447528177
25880,LOF,0.042480387587757774,0.022219375013710636,0.9353002373985315
25881,Neutral,0.47767441337872346,0.25811706304278836,0.26420852357848795
25882,LOF,0.036655389207394355,0.11165529277068335,0.8516893180219223
25883,LOF,0.026023842328711615,0.12289388008239013,0.8510822775888982
25884,LOF,0.012954508963387474,0.11368521318316344,0.8733602778534492
25885,LOF,0.13404190793308152,0.029730188829332992,0.8362279032375856
25886,LOF,0.19956854421272957,0.22800724803093794,0.5724242077563325
25887,LOF,0.05054421968484414,0.45918388075694905,0.49027189955820677
25888,LOF,0.005275458542440104,0.3955525308509987,0.5991720106065612
25889,LOF,0.022011081568922314,0.09193778808805687,0.8860511303430207
25890,LOF,0.1988006145011379,0.2822113694843562,0.518988016014506
25891,LOF,0.1010962607461622,0.0842087808106029,0.8146949584432348
25892,LOF,0.006743820122881667,0.040547638034830094,0.9527085418422884
25893,LOF,0.24712273515011163,0.014313510841268695,0.7385637540086197
25894,LOF,0.30112132469020814,0.009015480682869637,0.6898631946269224
25895,LOF,0.2754106629063201,0.012519215835243125,0.7120701212584367
25896,LOF,0.060521978832459584,0.039095294193357125,0.9003827269741832
25897,LOF,0.09897434723138289,0.01747731202115556,0.8835483407474617
25898,LOF,0.08360569658341599,0.041856790947523384,0.8745375124690606
25899,LOF,0.36873072565223536,0.04276315312359907,0.5885061212241657
25900,Neutral,0.7068075552398632,0.0212053806351835,0.27198706412495327
25901,LOF,0.05370050484780993,0.012693681140459889,0.9336058140117303
25902,LOF,0.07533761481324322,0.008582164251784413,0.9160802209349723
25903,LOF,0.13921566787606515,0.037931937955240136,0.8228523941686946
25904,LOF,0.41651257673776004,0.08376600625437627,0.49972141700786377
25905,LOF,0.014098236748949977,0.24504779723172632,0.7408539660193237
25906,LOF,0.010045005746409097,0.01582378500856298,0.974131209245028
25907,LOF,0.008933646595396307,0.13820104221995425,0.8528653111846495
25908,LOF,0.009943543224300364,0.14245531507472287,0.8476011417009768
25909,LOF,0.05150081821156306,0.05397869006766801,0.894520491720769
25910,LOF,0.01617198747276925,0.10678837269692018,0.8770396398303106
25911,LOF,0.1997091021500125,0.0838255415138578,0.7164653563361296
25912,LOF,0.13022294544096588,0.03150294667713254,0.8382741078819015
25913,LOF,0.01433093182994638,0.09070573936674088,0.8949633288033126
25914,LOF,0.04340648203710225,0.03283652885018487,0.9237569891127129
25915,GOF,0.21177612122640477,0.4336449762385599,0.3545789025350352
25916,LOF,0.018630476555061552,0.21822782426758783,0.7631416991773505
25917,LOF,0.07694390944619342,0.0338951162298955,0.8891609743239112
25918,LOF,0.04866589829246511,0.021470371123816747,0.9298637305837182
25919,LOF,0.04444352841164275,0.019475580206747202,0.9360808913816101
25920,LOF,0.30136236685158535,0.28425287396086113,0.41438475918755346
25921,LOF,0.021692749275726064,0.028176086233790934,0.9501311644904831
25922,LOF,0.018833324570891086,0.023100035077074553,0.9580666403520344
25923,LOF,0.44994229410482117,0.0169692239331192,0.5330884819620596
25924,LOF,0.026989188614066222,0.02574524558851176,0.947265565797422
25925,LOF,0.11531157115007278,0.03262734442073448,0.8520610844291927
25926,LOF,0.0971520935012453,0.03086954707746517,0.8719783594212895
25927,LOF,0.022071524811041614,0.06037649765494941,0.9175519775340091
25928,LOF,0.015069301452823388,0.015362108229711987,0.9695685903174647
25929,Neutral,0.5703972520757898,0.017092662515881166,0.412510085408329
25930,LOF,0.05859581223567826,0.019396635034973807,0.9220075527293479
25931,LOF,0.015601418490789621,0.0191998381548105,0.9651987433543999
25932,LOF,0.08817243813914075,0.010978474695557613,0.9008490871653015
25933,LOF,0.08653449160574762,0.007714489441782728,0.9057510189524696
25934,LOF,0.07734166653236448,0.009375211908835612,0.9132831215587999
25935,LOF,0.11042841834895434,0.03261797259310379,0.8569536090579418
25936,LOF,0.08709753764070524,0.008104059629762213,0.9047984027295326
25937,LOF,0.01643591722389167,0.01895672027667928,0.9646073624994291
25938,LOF,0.11458198620479246,0.029601802479913435,0.8558162113152942
25939,LOF,0.05873163570179442,0.010314051385353318,0.9309543129128524
25940,LOF,0.007933513270600238,0.39247414486301657,0.5995923418663831
25941,Neutral,0.522080395771387,0.17431921818607507,0.30360038604253803
25942,LOF,0.00861869662408115,0.2438610614197775,0.7475202419561414
25943,GOF,0.026628356671623298,0.6529383389922627,0.3204333043361139
25944,GOF,0.026863770870143716,0.49737464273456566,0.4757615863952906
25945,LOF,0.11350491599951563,0.16117735299238492,0.7253177310080994
25946,LOF,0.08810078549282584,0.09591033023818925,0.815988884268985
25947,Neutral,0.4820306184656534,0.12142833202208557,0.396541049512261
25948,Neutral,0.5082006778145617,0.013820118549814782,0.47797920363562363
25949,LOF,0.12649209843422957,0.03197004074664054,0.84153786081913
25950,GOF,0.04149930061655662,0.8238162575000209,0.13468444188342232
25951,GOF,0.01611412904970864,0.5925522012693387,0.3913336696809527
25952,LOF,0.10118788902794602,0.40259689362005857,0.4962152173519953
25953,GOF,0.007676424068426849,0.53314034265444,0.4591832332771332
25954,GOF,0.03362032833095194,0.6243266556730406,0.34205301599600746
25955,GOF,0.005617006861931778,0.5891193813617646,0.40526361177630366
25956,LOF,0.01058981077129637,0.38633845390164356,0.6030717353270599
25957,LOF,0.25263680095370544,0.03395724070260564,0.7134059583436889
25958,LOF,0.02861558370716899,0.09029003235573545,0.8810943839370956
25959,GOF,0.005976517277460078,0.6467659739931442,0.34725750872939565
25960,LOF,0.004897414427551886,0.17138297428059146,0.8237196112918568
25961,LOF,0.027663640938031673,0.09585664339010211,0.8764797156718661
25962,LOF,0.05490175993698455,0.062426931644645835,0.8826713084183696
25963,LOF,0.010020369786094373,0.19564494142876668,0.7943346887851389
25964,LOF,0.048172862121955616,0.1323557182493164,0.819471419628728
25965,LOF,0.15123390343129253,0.21657702137697046,0.6321890751917371
25966,LOF,0.3272857932356869,0.32508746293921703,0.34762674382509606
25967,LOF,0.007395961578866294,0.06956986969915355,0.9230341687219802
25968,LOF,0.08115738567082109,0.3183227530038584,0.6005198613253204
25969,LOF,0.15497358705177952,0.06491782233143391,0.7801085906167865
25970,LOF,0.042969973889001596,0.24749120611355307,0.7095388199974454
25971,LOF,0.06950305497174684,0.08424317183565264,0.8462537731926005
25972,LOF,0.0650460065929784,0.11060811988471382,0.8243458735223077
25973,LOF,0.09848279968457783,0.006634410434481915,0.8948827898809402
25974,LOF,0.10634473454993518,0.04911387263987941,0.8445413928101854
25975,LOF,0.04215628630898119,0.008883476598728391,0.9489602370922905
25976,LOF,0.10035829905253457,0.00609535202264603,0.8935463489248194
25977,LOF,0.2097025917835904,0.10532090733500782,0.6849765008814018
25978,LOF,0.1331527609325071,0.11080675372704074,0.7560404853404521
25979,LOF,0.10524203126803273,0.10966967349057528,0.785088295241392
25980,LOF,0.14835851123566957,0.25647300198218764,0.5951684867821428
25981,LOF,0.15103543739069245,0.2637948516405818,0.5851697109687257
25982,LOF,0.22942327801454832,0.11194434853568612,0.6586323734497654
25983,LOF,0.44012493524198604,0.1129697961397243,0.44690526861828955
25984,LOF,0.036193768032774166,0.1894958472955681,0.7743103846716578
25985,Neutral,0.438172902382601,0.1831284862877251,0.378698611329674
25986,GOF,0.00912011750589208,0.5332656032159148,0.45761427927819315
25987,LOF,0.01930659819545781,0.11388506905245184,0.8668083327520903
25988,LOF,0.02729984652194314,0.30707131948403754,0.6656288339940193
25989,LOF,0.030535204171771357,0.2564792129601665,0.7129855828680621
25990,LOF,0.03621957766912831,0.3370882500289136,0.6266921723019581
25991,GOF,0.03301326044392142,0.6304916438458606,0.3364950957102179
25992,LOF,0.011015786369958033,0.39591624650703694,0.593067967123005
25993,LOF,0.030695792797145207,0.07254816145522623,0.8967560457476286
25994,LOF,0.032620602338070924,0.09453027743531328,0.8728491202266159
25995,LOF,0.021015327903164963,0.16166842151779404,0.817316250579041
25996,GOF,0.25351291873860166,0.6026055704412572,0.14388151082014108
25997,GOF,0.05968150679586516,0.703788090433307,0.23653040277082774
25998,LOF,0.28191699726935715,0.04179101312445827,0.6762919896061846
25999,LOF,0.02543841694648719,0.4555487637867815,0.5190128192667313
26000,LOF,0.11858913371970349,0.01689645175125787,0.8645144145290387
26001,LOF,0.13109910428307686,0.026371057252849547,0.8425298384640737
26002,LOF,0.08286011806009895,0.01780545628496044,0.8993344256549406
26003,LOF,0.00871032698762539,0.4777622120671334,0.5135274609452413
26004,LOF,0.021942387809616114,0.4629066904132176,0.5151509217771663
26005,LOF,0.00707736008866783,0.4262591397957754,0.5666635001155568
26006,LOF,0.14439575354157433,0.4223613961663835,0.4332428502920421
26007,LOF,0.012793937825225294,0.4741368067961317,0.513069255378643
26008,LOF,0.008908451851919378,0.4515283293089621,0.5395632188391186
26009,GOF,0.017284499820119016,0.5350946746841525,0.44762082549572857
26010,GOF,0.01140892940415697,0.5041309669539145,0.48446010364192854
26011,LOF,0.007663932562391153,0.38907339413128955,0.6032626733063193
26012,LOF,0.007718865132311568,0.3989672681161292,0.5933138667515592
26013,LOF,0.013527082039546659,0.41895515267139305,0.5675177652890603
26014,LOF,0.06049106206163737,0.08106407044056621,0.8584448674977965
26015,LOF,0.39420472858055355,0.047257039557823996,0.5585382318616225
26016,LOF,0.24602240836861372,0.13932360942892488,0.6146539822024615
26017,LOF,0.015578994073549074,0.43240561644061437,0.5520153894858365
26018,LOF,0.020758934690250176,0.16103842486527123,0.8182026404444787
26019,LOF,0.020709056197377555,0.12753112153054985,0.8517598222720726
26020,LOF,0.006377590503209414,0.3591819972962611,0.6344404122005296
26021,LOF,0.08101412282175378,0.24919641798718978,0.6697894591910564
26022,LOF,0.04929737343585605,0.06197300975139,0.8887296168127539
26023,LOF,0.033468258757408866,0.10343900963648099,0.8630927316061101
26024,LOF,0.04606522881886527,0.16878649958949063,0.7851482715916441
26025,LOF,0.10087875509350334,0.21132628694849473,0.6877949579580019
26026,LOF,0.0973055091298046,0.17545965082791568,0.7272348400422797
26027,LOF,0.03200373022016778,0.06276012121839739,0.9052361485614349
26028,LOF,0.07086042586034734,0.1810120566307868,0.7481275175088659
26029,LOF,0.04405704793093407,0.08790599511539178,0.8680369569536741
26030,LOF,0.16980910248155087,0.008714824606124513,0.8214760729123247
26031,LOF,0.02408119972272702,0.11009543109709252,0.8658233691801805
26032,LOF,0.030924581302801832,0.01914705916633605,0.9499283595308622
26033,LOF,0.04921552108260173,0.03597967450970725,0.914804804407691
26034,LOF,0.031455299495301105,0.06869666341132363,0.8998480370933751
26035,LOF,0.01755369286866378,0.08381384766935683,0.8986324594619793
26036,LOF,0.01639570999511127,0.06897987227684589,0.9146244177280428
26037,LOF,0.015478162373943663,0.06480317338780234,0.9197186642382541
26038,LOF,0.02525738656221832,0.019817015179207843,0.9549255982585739
26039,LOF,0.03477493082152365,0.09838190347921662,0.8668431656992598
26040,LOF,0.07024994908286053,0.12663643699906804,0.8031136139180716
26041,LOF,0.018120906854132625,0.08014659173541727,0.9017325014104501
26042,LOF,0.016712863656145577,0.08469414233478062,0.8985929940090738
26043,LOF,0.02468568119393314,0.047361377183732734,0.9279529416223342
26044,LOF,0.009243380072945317,0.04186585851928352,0.9488907614077712
26045,LOF,0.08588810359864003,0.17330101229104145,0.7408108841103186
26046,LOF,0.02397351202174693,0.04846611672967131,0.9275603712485818
26047,LOF,0.06032787058541846,0.03582066054042837,0.9038514688741532
26048,LOF,0.06450571926281846,0.02780954196873599,0.9076847387684456
26049,Neutral,0.9154970627640518,0.006072122029321476,0.0784308152066268
26050,Neutral,0.8400470831957385,0.007333590626136666,0.15261932617812488
26051,GOF,0.028729424012038682,0.5008649324168927,0.47040564357106873
26052,LOF,0.02859819621245631,0.3620916947085487,0.6093101090789951
26053,LOF,0.0381576415805074,0.056210517473562184,0.9056318409459303
26054,LOF,0.05797237792146654,0.06474006120818923,0.8772875608703441
26055,LOF,0.06372325611493616,0.06562547682621026,0.8706512670588537
26056,LOF,0.06041577801692833,0.07070803160356026,0.8688761903795114
26057,LOF,0.05714671716280881,0.020756595484236372,0.9220966873529548
26058,LOF,0.06437565714517499,0.016562377954845265,0.9190619648999797
26059,LOF,0.2785492983433228,0.11281697444274026,0.6086337272139368
26060,LOF,0.014507138024162232,0.3142060829402112,0.6712867790356265
26061,LOF,0.012773468098080366,0.013417798122316242,0.9738087337796034
26062,LOF,0.005744249018189857,0.03232473793086568,0.9619310130509444
26063,LOF,0.04887936430764424,0.017971104566019462,0.9331495311263363
26064,LOF,0.009304254942375826,0.017292383436462087,0.973403361621162
26065,LOF,0.04466073942363895,0.025263522917741456,0.9300757376586195
26066,LOF,0.045941586186235416,0.01683785739416397,0.9372205564196006
26067,LOF,0.05559582280309113,0.019671703294118468,0.9247324739027905
26068,LOF,0.05264295685592086,0.06073810471658462,0.8866189384274945
26069,LOF,0.1716911030077241,0.03751662217473084,0.7907922748175451
26070,LOF,0.4042049343470855,0.021762454794240032,0.5740326108586744
26071,LOF,0.04913806773452147,0.018827316918790683,0.932034615346688
26072,LOF,0.008597391381265633,0.022498547237711233,0.9689040613810231
26073,LOF,0.049969605522296824,0.015958689388396945,0.9340717050893063
26074,Neutral,0.749319247758045,0.01814698983365727,0.23253376240829762
26075,LOF,0.043630750283100865,0.031565330420728524,0.9248039192961707
26076,LOF,0.05736145175394682,0.031040128412690632,0.9115984198333624
26077,LOF,0.167271278053013,0.027333695007271997,0.805395026939715
26078,LOF,0.006994600051889437,0.02607237925930503,0.9669330206888054
26079,LOF,0.06399058440331559,0.033044614329565875,0.9029648012671184
26080,LOF,0.06247864333350834,0.032921226056292274,0.9046001306101994
26081,LOF,0.046671755760324146,0.018040269056911355,0.9352879751827646
26082,LOF,0.007315662442983236,0.0313027761689173,0.9613815613880995
26083,LOF,0.045494013513877975,0.050567019884659524,0.9039389666014626
26084,LOF,0.05271536844617225,0.027703342981397244,0.9195812885724306
26085,LOF,0.046985404331100565,0.023627638207014894,0.9293869574618846
26086,LOF,0.03706887341860319,0.025056923112333797,0.937874203469063
26087,LOF,0.044559706083357645,0.027250030001051393,0.928190263915591
26088,LOF,0.008182559138001349,0.05852529163939535,0.9332921492226034
26089,LOF,0.038567922286888774,0.06575192355467877,0.8956801541584325
26090,LOF,0.03809407772453054,0.05016006848075028,0.9117458537947191
26091,LOF,0.04881612511079175,0.02130934243821435,0.9298745324509938
26092,LOF,0.05758737086392706,0.017295145805025273,0.9251174833310477
26093,LOF,0.07241010998646465,0.013294033940691818,0.9142958560728435
26094,LOF,0.04380760588276868,0.01946917866888161,0.9367232154483498
26095,LOF,0.013137673302637168,0.034139933553018226,0.9527223931443447
26096,LOF,0.2970791814321669,0.005216195257765971,0.6977046233100671
26097,LOF,0.007270770950720012,0.052842115465722296,0.9398871135835577
26098,LOF,0.06350399092341585,0.03270342969539486,0.9037925793811893
26099,LOF,0.04300995189231613,0.06854234206176678,0.888447706045917
26100,LOF,0.04300995189231613,0.06854234206176678,0.888447706045917
26101,LOF,0.036949343931193854,0.06585893892308586,0.8971917171457203
26102,LOF,0.048888720536780984,0.02673825658605935,0.9243730228771597
26103,Neutral,0.8665709781793225,0.04436701437992914,0.08906200744074835
26104,LOF,0.05279026561266059,0.10815993270700512,0.8390498016803344
26105,LOF,0.266795757216514,0.24309695826748395,0.49010728451600205
26106,LOF,0.28842807828540545,0.15875444455647342,0.5528174771581211
26107,LOF,0.010174381620476035,0.14662509381329303,0.843200524566231
26108,LOF,0.1438746732368174,0.1843296687906949,0.6717956579724877
26109,LOF,0.04327838746966681,0.032739029020845765,0.9239825835094875
26110,Neutral,0.5212310340268573,0.027941368911697507,0.4508275970614451
26111,LOF,0.06769653470524095,0.2054051717153229,0.726898293579436
26112,LOF,0.06046542214757184,0.03407198442000574,0.9054625934324224
26113,LOF,0.06959643165204658,0.059986045559479784,0.8704175227884737
26114,LOF,0.09134369615311383,0.026136555498100497,0.8825197483487857
26115,LOF,0.015885755254186083,0.1809528226512949,0.803161422094519
26116,LOF,0.05358132037381988,0.05102084892808524,0.8953978306980949
26117,LOF,0.2780252139310456,0.06053604959292148,0.6614387364760328
26118,LOF,0.04097979874242954,0.021592516779754004,0.9374276844778165
26119,LOF,0.0055666862724953374,0.09855053599067122,0.8958827777368334
26120,LOF,0.03619775150837499,0.0251866429273252,0.9386156055642999
26121,LOF,0.004738567782313868,0.10652229949000591,0.8887391327276802
