feature0,prediction,LoGoFunc_Neutral,LoGoFunc_GOF,LoGoFunc_LOF
25546,Neutral,0.729001626449288,0.03536854387774103,0.23562982967297091
25547,Neutral,0.5874715244338952,0.07783737234440018,0.33469110322170464
25548,Neutral,0.551425477379069,0.06089451617863872,0.3876800064422922
25549,Neutral,0.47542561599012706,0.061744812384874545,0.4628295716249984
25550,LOF,0.3205064168182733,0.1162462338718512,0.5632473493098755
25551,LOF,0.27380962978306356,0.1232952581489358,0.6028951120680006
25552,LOF,0.19915091212041314,0.11699885936619693,0.6838502285133901
25553,Neutral,0.8243068236597882,0.032924239457688645,0.14276893688252318
25554,LOF,0.22696802910044758,0.10767415803399585,0.6653578128655566
25555,LOF,0.19165273869040417,0.0942207616424013,0.7141264996671945
25556,LOF,0.3978734073946091,0.09638841634425277,0.5057381762611382
25557,LOF,0.18849714101583612,0.09774645516147538,0.7137564038226885
25558,LOF,0.2194898895589057,0.10955968133414722,0.6709504291069471
25559,LOF,0.39011077257683174,0.08407632348889214,0.525812903934276
25560,LOF,0.049545395711764674,0.17091318911628306,0.7795414151719523
25561,LOF,0.1112345044962173,0.1910289400733985,0.6977365554303842
25562,LOF,0.10729961971324228,0.08212546132516654,0.8105749189615911
25563,LOF,0.09922714562367453,0.08733507910202241,0.8134377752743032
25564,LOF,0.1861387708205914,0.15906789998556659,0.6547933291938419
25565,LOF,0.16327668117190675,0.1178194339781293,0.7189038848499639
25566,GOF,0.015985953405938773,0.7353084908369606,0.24870555575710063
25567,LOF,0.01234888519976087,0.1500974226295189,0.8375536921707203
25568,LOF,0.053205165791779564,0.06899062629958924,0.8778042079086311
25569,LOF,0.06557007424191862,0.07322232214387388,0.8612076036142075
25570,LOF,0.05454408975173873,0.11027516307792284,0.8351807471703385
25571,LOF,0.05090186795882842,0.10383751479112524,0.8452606172500464
25572,LOF,0.06667739112363541,0.13540842206714282,0.7979141868092218
25573,LOF,0.025742554060822175,0.10373362530480862,0.8705238206343692
25574,LOF,0.014203091546753064,0.17380985176231112,0.8119870566909358
25575,LOF,0.041609375136013656,0.12385818140918514,0.8345324434548013
25576,LOF,0.017971840666068686,0.1314219459675966,0.8506062133663348
25577,LOF,0.01387211828997682,0.1496077304296199,0.8365201512804032
25578,LOF,0.24891621995699326,0.09469570647161199,0.6563880735713947
25579,LOF,0.24931879400088297,0.09401235982261164,0.6566688461765053
25580,LOF,0.031112338570240605,0.08914831963566504,0.8797393417940944
25581,LOF,0.054687532529419276,0.07773303324476838,0.8675794342258124
25582,LOF,0.0544993716841319,0.07507508006950173,0.8704255482463664
25583,LOF,0.04339475613745552,0.10246207021945793,0.8541431736430866
25584,Neutral,0.47759126720066775,0.10784684924279118,0.414561883556541
25585,LOF,0.03016353032882889,0.11165155545902167,0.8581849142121494
25586,LOF,0.02966321371136296,0.0957398119794015,0.8745969743092356
25587,LOF,0.02822856197134441,0.08871126989726386,0.8830601681313918
25588,LOF,0.029838837162654827,0.10970429754530557,0.8604568652920396
25589,Neutral,0.6072460552048258,0.13805742496576864,0.2546965198294055
25590,LOF,0.028266670360028362,0.1407121052553886,0.831021224384583
25591,LOF,0.1081147230436548,0.06619191093051512,0.8256933660258301
25592,LOF,0.08308724320861961,0.15242122238352157,0.7644915344078588
25593,LOF,0.02051046429238284,0.26999483432669646,0.7094947013809206
25594,LOF,0.03752426175284632,0.23018575192449928,0.7322899863226544
25595,LOF,0.05221155729437289,0.1964787552927771,0.7513096874128501
25596,LOF,0.06134060756831646,0.09494007477995747,0.843719317651726
25597,LOF,0.048342635431761816,0.09467339253350106,0.8569839720347371
25598,LOF,0.0469753506884218,0.2150362657625781,0.7379883835490002
25599,GOF,0.009610476011713493,0.8015084608160149,0.18888106317227166
25600,GOF,0.013001205778307556,0.5931485410609619,0.3938502531607304
25601,GOF,0.007536540570556327,0.5126306946103362,0.4798327648191075
25602,LOF,0.0225927835118663,0.052300603347038364,0.9251066131410953
25603,LOF,0.058702966551725015,0.039231645623352455,0.9020653878249225
25604,LOF,0.05378002559777477,0.045988160913179726,0.9002318134890455
25605,LOF,0.012950852336709506,0.23319826266519939,0.753850884998091
25606,LOF,0.09127592348895407,0.44844763760058987,0.46027643891045616
25607,LOF,0.005386291622936011,0.16717870847483404,0.8274349999022299
25608,LOF,0.059684176023541195,0.0499513931308028,0.890364430845656
25609,LOF,0.033365656018205854,0.36007126377054244,0.6065630802112516
25610,LOF,0.03889283072956288,0.03231768314813119,0.9287894861223058
25611,LOF,0.040325966413351774,0.030448602761541047,0.9292254308251071
25612,LOF,0.10396784131927232,0.0566611355519673,0.8393710231287604
25613,LOF,0.08785010454753978,0.05290518322331011,0.8592447122291501
25614,LOF,0.028180325177415064,0.04894261244559803,0.9228770623769869
25615,LOF,0.05134292240269771,0.039243391789794975,0.9094136858075073
25616,LOF,0.030477735608643638,0.040769413299922,0.9287528510914342
25617,LOF,0.027366835609747033,0.0499589517153463,0.9226742126749068
25618,LOF,0.18696100088220016,0.04361658908159618,0.7694224100362037
25619,LOF,0.02845814556041838,0.03927660604668361,0.9322652483928979
25620,LOF,0.03245949613401188,0.04965515096815802,0.91788535289783
25621,LOF,0.03114181896727093,0.035537703794985255,0.9333204772377437
25622,LOF,0.03353332786396187,0.053500567452442964,0.9129661046835952
25623,LOF,0.07600765160115788,0.03419056227499406,0.8898017861238482
25624,LOF,0.025866386691356883,0.05055934994315081,0.9235742633654924
25625,LOF,0.034949218339348186,0.0559347325072135,0.9091160491534384
25626,LOF,0.07235170707461314,0.03752435039921153,0.8901239425261753
25627,Neutral,0.5528520505441057,0.16119996911591725,0.285947980339977
25628,LOF,0.18164772019589417,0.08252132421946974,0.735830955584636
25629,LOF,0.07668176836933993,0.13474624206032734,0.7885719895703328
25630,LOF,0.16527505341168813,0.1318138506433538,0.702911095944958
25631,Neutral,0.5805492780806886,0.10629029358563824,0.31316042833367325
25632,LOF,0.020397370367004224,0.0742949619790341,0.9053076676539615
25633,LOF,0.22637755832245252,0.08579247598623538,0.687829965691312
25634,LOF,0.03641282078555557,0.10231055550251222,0.8612766237119323
25635,LOF,0.031165594193303097,0.08104229904566024,0.8877921067610366
25636,GOF,0.005610768944161539,0.5914610226036477,0.4029282084521908
25637,LOF,0.004329470478959368,0.4944788643734006,0.5011916651476399
25638,LOF,0.009105017489411208,0.39945940133097024,0.5914355811796185
25639,LOF,0.005102220959695816,0.37152522561423773,0.6233725534260663
25640,GOF,0.4488226089951441,0.5083739291950501,0.042803461809805904
25641,LOF,0.006952125992668696,0.3965976142043122,0.5964502598030191
25642,LOF,0.25451990133453745,0.08941845389008524,0.6560616447753773
25643,LOF,0.2528622804288498,0.2635189439354523,0.48361877563569805
25644,LOF,0.020588722182720905,0.45055571185658033,0.5288555659606988
25645,LOF,0.020317830508439973,0.405341934433077,0.5743402350584831
25646,LOF,0.021297538690639765,0.25875372241468864,0.7199487388946716
25647,LOF,0.019171825224946426,0.2122011468450877,0.7686270279299658
25648,LOF,0.016613846346951573,0.22648632971159743,0.7568998239414509
25649,LOF,0.015562071074057143,0.1672418611500871,0.8171960677758557
25650,LOF,0.03821824842405645,0.46262544841733255,0.4991563031586109
25651,LOF,0.012793637483313393,0.20871447930198853,0.7784918832146981
25652,LOF,0.02070694995812534,0.20187532356681534,0.7774177264750594
25653,LOF,0.09093224190322369,0.3416109276320001,0.5674568304647761
25654,LOF,0.015383704611047419,0.17049043844822748,0.814125856940725
25655,LOF,0.10976397645919703,0.24335814285251842,0.6468778806882846
25656,LOF,0.058667229528198916,0.05216623436960328,0.8891665361021978
25657,LOF,0.27513560070534127,0.023899638345340337,0.7009647609493184
25658,LOF,0.03914708467670072,0.06473229191936568,0.8961206234039335
25659,LOF,0.24893636562238403,0.04651478569206802,0.704548848685548
25660,LOF,0.07841554473060497,0.10611725670358098,0.8154671985658141
25661,LOF,0.04995091146986567,0.07639152503262514,0.8736575634975092
25662,LOF,0.02866008857928858,0.04707016998055879,0.9242697414401526
25663,LOF,0.039015415372143085,0.07634112904256024,0.8846434555852967
25664,LOF,0.0364046817672706,0.10427983643796106,0.8593154817947684
25665,LOF,0.051094171161036255,0.051623727908068066,0.8972821009308957
25666,LOF,0.03582492687219624,0.1458203658420411,0.8183547072857627
25667,LOF,0.02801726732177772,0.06196579862293132,0.9100169340552908
25668,LOF,0.03396513062493684,0.06410507135758892,0.9019297980174742
25669,LOF,0.03941163675453711,0.09698398306498877,0.863604380180474
25670,LOF,0.1411847993031054,0.08068762557487599,0.7781275751220187
25671,LOF,0.03823756693316805,0.0528396832924159,0.9089227497744159
25672,LOF,0.05821929368888272,0.07993330616892835,0.8618474001421889
25673,LOF,0.04070201564920081,0.07223865579061091,0.8870593285601883
25674,LOF,0.031354997607541006,0.08277164751864684,0.8858733548738121
25675,LOF,0.03893006905342433,0.06503306368606813,0.8960368672605076
25676,LOF,0.03091292069161589,0.0678118724641785,0.9012752068442057
25677,LOF,0.05899657110672605,0.06813964344551758,0.8728637854477563
25678,LOF,0.2301629173404987,0.05420294571172165,0.7156341369477797
25679,LOF,0.15020428274158748,0.07618015141637996,0.7736155658420325
25680,LOF,0.06647581760787469,0.10218994661735548,0.8313342357747698
25681,LOF,0.12318232353281679,0.09137780800644002,0.7854398684607431
25682,LOF,0.04088247074544316,0.07749343483188996,0.8816240944226669
25683,LOF,0.06802306184498795,0.10801233916084099,0.8239645989941711
25684,LOF,0.04848881694387769,0.07541235413528295,0.8760988289208392
25685,LOF,0.10946814981750637,0.03753546689868502,0.8529963832838086
25686,LOF,0.0325345473461485,0.08540880791282693,0.8820566447410246
25687,LOF,0.06143060095432056,0.0753846784245803,0.8631847206210992
25688,LOF,0.02632246987984707,0.12830216950023407,0.8453753606199188
25689,LOF,0.01939868431002042,0.08017894858636898,0.9004223671036106
25690,LOF,0.017951190281045783,0.09984189372444971,0.8822069159945044
25691,LOF,0.19427072620880373,0.1470123469108214,0.6587169268803749
25692,LOF,0.25414363368596055,0.02000787200255294,0.7258484943114866
25693,LOF,0.048968159261413756,0.15853569026122835,0.792496150477358
25694,LOF,0.26408739181210167,0.012375413423445203,0.7235371947644532
25695,LOF,0.1838460052314437,0.01861602678831318,0.7975379679802431
25696,LOF,0.16121243021686613,0.009658915479467796,0.8291286543036661
25697,LOF,0.1261723211570034,0.02808660216359494,0.8457410766794016
25698,LOF,0.030691966287952798,0.3140768402239928,0.6552311934880545
25699,LOF,0.07013847691000424,0.08475063406638761,0.8451108890236082
25700,LOF,0.028644506903670187,0.012188375836744076,0.9591671172595857
25701,LOF,0.011854451356376219,0.09097719760137715,0.8971683510422466
25702,GOF,0.022032588005629034,0.7425771978763382,0.23539021411803265
25703,LOF,0.01510549650213013,0.221989541233542,0.7629049622643279
25704,LOF,0.07552356566542602,0.1875705622246544,0.7369058721099195
25705,LOF,0.06779106505727098,0.2846298829879504,0.6475790519547787
25706,GOF,0.032276934760300115,0.5856609254274089,0.382062139812291
25707,GOF,0.029113402063962835,0.5861825134153794,0.38470408452065774
25708,GOF,0.007281875224090097,0.5897076436624838,0.40301048111342613
25709,LOF,0.01960435993239323,0.09394471391251231,0.8864509261550945
25710,LOF,0.006267838447849954,0.2115338771018147,0.7821982844503353
25711,LOF,0.021616802986862263,0.1486886375499984,0.8296945594631394
25712,LOF,0.006905539204439573,0.2939236038035399,0.6991708569920205
25713,LOF,0.019611918279269832,0.1425420536605855,0.8378460280601447
25714,LOF,0.021778763601067095,0.1771588822446549,0.801062354154278
25715,LOF,0.020606047903198803,0.1655577882038642,0.813836163892937
25716,LOF,0.010866814659329831,0.14277523829993502,0.8463579470407351
25717,LOF,0.004987402143093164,0.15195274160965083,0.843059856247256
25718,LOF,0.0196368535794367,0.09869130576394901,0.8816718406566143
25719,LOF,0.03773793714366001,0.12152068379845975,0.8407413790578802
25720,LOF,0.02866963873267171,0.11864431503281687,0.8526860462345114
25721,LOF,0.023013566182346804,0.12733292390237771,0.8496535099152756
25722,LOF,0.015844315095183754,0.16588956469161314,0.8182661202132031
25723,LOF,0.022891422970747737,0.10454964716500521,0.8725589298642471
25724,LOF,0.026194564282811608,0.17959854275654602,0.7942068929606425
25725,LOF,0.021989264958027162,0.1013645957456397,0.8766461392963331
25726,LOF,0.016058813115175805,0.13574088913281135,0.8482002977520128
25727,LOF,0.022077848464126904,0.12079067489123224,0.8571314766446408
25728,LOF,0.021162003745573997,0.13409338487019953,0.8447446113842265
25729,LOF,0.02027912110111318,0.1424756832881865,0.8372451956107003
25730,LOF,0.022923157647656914,0.10253575286307623,0.8745410894892669
25731,LOF,0.008825851685057076,0.21588266738660125,0.7752914809283417
25732,LOF,0.018840065924324564,0.11182418926265973,0.8693357448130158
25733,LOF,0.028363545869477758,0.11418655430961235,0.8574498998209099
25734,LOF,0.006934129703360243,0.2618758255857154,0.7311900447109243
25735,LOF,0.02165294844789823,0.10026251931609655,0.8780845322360051
25736,LOF,0.020007168899885755,0.15430165605882448,0.8256911750412899
25737,LOF,0.03929325179178469,0.15373771520301913,0.8069690330051962
25738,LOF,0.020999774057877178,0.17654760419092183,0.802452621751201
25739,LOF,0.02279527311749188,0.1625601577875822,0.8146445690949259
25740,LOF,0.05300212805055282,0.17513253890774114,0.771865333041706
25741,LOF,0.026175951111701592,0.14760856163210867,0.8262154872561899
25742,LOF,0.0453797115815119,0.1488378404883026,0.8057824479301856
25743,LOF,0.009886806850076632,0.029597763775238255,0.9605154293746851
25744,LOF,0.14863215593579138,0.348702250120954,0.5026655939432546
25745,LOF,0.026467313272903505,0.12763131986463377,0.8459013668624628
25746,LOF,0.012293019311551457,0.18909234393059576,0.7986146367578528
25747,LOF,0.03239521750873738,0.03126976434591387,0.9363350181453487
25748,LOF,0.2649359505789921,0.05893641055363332,0.6761276388673746
25749,LOF,0.01092804195038126,0.10637635256237941,0.8826956054872394
25750,LOF,0.016010207237333516,0.10313137670500581,0.8808584160576606
25751,LOF,0.04529785883573388,0.051879692674022475,0.9028224484902436
25752,GOF,0.07933851055046438,0.712918355982243,0.2077431334672928
25753,LOF,0.006882690151874881,0.3474747787192334,0.6456425311288916
25754,GOF,0.006915552862844893,0.8688771414553117,0.12420730568184339
25755,LOF,0.0070456207534312495,0.42399906671378346,0.5689553125327852
25756,LOF,0.030759447919546875,0.44468432165869914,0.524556230421754
25757,GOF,0.006585122899676615,0.8638687392158388,0.1295461378844846
25758,GOF,0.008906789097333426,0.8680718545889392,0.12302135631372726
25759,GOF,0.005580060949107005,0.597514330531823,0.39690560851907
25760,LOF,0.005604306356252984,0.2997662706722216,0.6946294229715253
25761,GOF,0.05985774991400233,0.8494699001805774,0.09067234990542013
25762,LOF,0.02910826088720779,0.36936138227538917,0.6015303568374031
25763,LOF,0.0062843893442477445,0.2602407649046411,0.7334748457511111
25764,GOF,0.062062594015380376,0.6308476701229108,0.30708973586170885
25765,GOF,0.008380016923355436,0.8549001244135738,0.13671985866307068
25766,GOF,0.03557963610606413,0.8251023571442525,0.13931800674968317
25767,GOF,0.015202908534047592,0.5469654015891904,0.4378316898767619
25768,LOF,0.04387926674169266,0.06405323475923447,0.892067498499073
25769,LOF,0.025346491620399446,0.06825512419510861,0.9063983841844919
25770,LOF,0.146242660528371,0.05359947759992764,0.8001578618717012
25771,LOF,0.015318294105746599,0.05106432637298946,0.933617379521264
25772,LOF,0.025413299777044672,0.021935743077054246,0.9526509571459011
25773,LOF,0.021133460946148295,0.041107755819349764,0.937758783234502
25774,LOF,0.03103316251289659,0.088477923188448,0.8804889142986555
25775,LOF,0.0248209370308676,0.02972058727024556,0.9454584756988869
25776,LOF,0.02720035883672405,0.019504009691763226,0.9532956314715127
25777,LOF,0.15762447701511376,0.052619729241212866,0.7897557937436734
25778,LOF,0.020251516868309512,0.04498238697603699,0.9347660961556534
25779,GOF,0.03426316311228013,0.8918235699326842,0.07391326695503561
25780,GOF,0.06725339465391658,0.8809312608356297,0.051815344510453915
25781,GOF,0.03212652750443362,0.864091693842367,0.10378177865319944
25782,GOF,0.027083354602935088,0.9020806966575786,0.07083594873948636
25783,GOF,0.027842582155839513,0.9214100355866028,0.050747382257557705
25784,GOF,0.07694074382535286,0.8657426453794718,0.057316610795175235
25785,GOF,0.0915238829009502,0.8654745840742075,0.043001533024842276
25786,GOF,0.00902817688185038,0.8730266231615142,0.11794519995663538
25787,GOF,0.1841514438357428,0.7651023737485216,0.050746182415735634
25788,LOF,0.016750177178536597,0.18142917855744634,0.801820644264017
25789,GOF,0.016242440472104595,0.8486814222093949,0.13507613731850054
25790,GOF,0.020503371707991026,0.8886000533709666,0.09089657492104233
25791,GOF,0.02235702873550333,0.7802196568596527,0.19742331440484404
25792,GOF,0.025923462729041474,0.815729258623905,0.1583472786470536
25793,GOF,0.06741078141377246,0.8474596802897852,0.08512953829644228
25794,GOF,0.06726968852088004,0.7760638823942552,0.15666642908486478
25795,GOF,0.051391586007252445,0.7439150904370159,0.2046933235557318
25796,GOF,0.09384413605131586,0.8223337692488711,0.08382209469981297
25797,GOF,0.08270473060504337,0.7481282897208791,0.1691669796740775
25798,GOF,0.005741907039408005,0.7517462855177656,0.24251180744282638
25799,GOF,0.004313494193007891,0.7066600028995527,0.28902650290743936
25800,GOF,0.028934390966762896,0.8418482301873773,0.12921737884585988
25801,GOF,0.02023153032445842,0.8913744950094239,0.08839397466611769
25802,GOF,0.028140122037686677,0.8410674426047795,0.13079243535753382
25803,GOF,0.020990043016799926,0.7392134622353926,0.23979649474780737
25804,GOF,0.03054667938167226,0.7917873585648177,0.17766596205350985
25805,GOF,0.02676985779778367,0.8090084201364772,0.16422172206573912
25806,GOF,0.031570810758361795,0.806667892178233,0.16176129706340517
25807,GOF,0.00900419684932697,0.7633896132036009,0.22760618994707224
25808,GOF,0.01710620261432521,0.7776479100663937,0.20524588731928112
25809,GOF,0.011745190332469112,0.7471512999267778,0.24110350974075306
25810,GOF,0.009902361807399998,0.7325555258862152,0.25754211230638474
25811,GOF,0.047239082857960524,0.8883490655587262,0.06441185158331332
25812,GOF,0.03204217933386531,0.8020018791444612,0.1659559415216735
25813,GOF,0.13186706587095756,0.7967865996314677,0.07134633449757469
25814,GOF,0.03609800613666688,0.8110468123082467,0.15285518155508634
25815,GOF,0.06922530418539788,0.8314747981323946,0.09929989768220762
25816,GOF,0.009943750735250905,0.8776106731547865,0.11244557610996266
25817,GOF,0.11333162410513467,0.7924531637404466,0.09421521215441868
25818,GOF,0.025517105665515967,0.8104554619766527,0.16402743235783124
25819,GOF,0.0559457387610956,0.7551272025328288,0.18892705870607554
25820,GOF,0.03503305184770693,0.721672669120547,0.2432942790317461
25821,GOF,0.024798421880820834,0.74856863268652,0.22663294543265922
25822,GOF,0.049469574260200655,0.7446422949577307,0.20588813078206858
25823,GOF,0.026964964816191785,0.7312041984986254,0.24183083668518285
25824,GOF,0.027334134037049738,0.7795864235354477,0.19307944242750277
25825,GOF,0.022113326766718677,0.7744821815257106,0.20340449170757088
25826,GOF,0.008534614537607397,0.7340564012252138,0.25740898423717884
25827,GOF,0.01388029222207337,0.6983720920332283,0.2877476157446983
25828,GOF,0.011515354293627874,0.7400726206522139,0.24841202505415827
25829,GOF,0.004572078117618731,0.6926775169660566,0.30275040491632454
25830,GOF,0.03452697257041547,0.5133845043386303,0.45208852309095426
25831,GOF,0.05939875920579182,0.8120790036718362,0.12852223712237199
25832,GOF,0.009332176811198644,0.7712843776178705,0.21938344557093079
25833,GOF,0.035626509960715,0.821170143510561,0.14320334652872405
25834,GOF,0.01113882712986193,0.7773038194711471,0.2115573533989909
25835,GOF,0.0259375832452577,0.8375308201589541,0.1365315965957882
25836,GOF,0.006773284462295633,0.7698592534157707,0.22336746212193362
25837,GOF,0.008549918403094353,0.7922964423350035,0.19915363926190213
25838,GOF,0.0217649037090237,0.8459296113259582,0.13230548496501804
25839,GOF,0.056543128549558126,0.7996170069258117,0.14383986452463013
25840,GOF,0.08641655406103502,0.8047638991272779,0.10881954681168712
25841,GOF,0.08445176583709905,0.8254734585173191,0.09007477564558185
25842,GOF,0.029640984188352478,0.8842367751282674,0.08612224068338015
25843,GOF,0.025635525909513675,0.8874325868324008,0.0869318872580855
25844,GOF,0.019555296264653594,0.8418473162338909,0.1385973875014555
25845,GOF,0.006396426686850118,0.7598637200855864,0.23373985322756335
25846,GOF,0.08187177819439759,0.823179885691431,0.09494833611417147
25847,GOF,0.015351707992283034,0.8858745760881953,0.09877371591952148
25848,GOF,0.022791279157771207,0.8480666485559017,0.12914207228632718
25849,GOF,0.007302946324194299,0.8314922639509877,0.161204789724818
25850,GOF,0.006253548390459677,0.7501560766897589,0.24359037491978144
25851,GOF,0.005999743938917325,0.7041776458452291,0.2898226102158535
25852,GOF,0.1520844320190699,0.5846008096816162,0.26331475829931394
25853,GOF,0.06945277626377007,0.8138351266144177,0.11671209712181223
25854,GOF,0.005612035402914123,0.7416882191331919,0.25269974546389407
25855,GOF,0.027820840068962124,0.7080943494495066,0.26408481048153143
25856,GOF,0.04920199005235885,0.7693364129113759,0.1814615970362652
25857,GOF,0.0275044468177892,0.7103924454524789,0.26210310772973183
25858,GOF,0.010564962022336637,0.7105593717056734,0.27887566627198995
25859,GOF,0.007715523278977717,0.7060633038569223,0.2862211728640999
25860,GOF,0.07695137282474414,0.7967485296972195,0.12630009747803642
25861,GOF,0.09948954451396932,0.8098799396559868,0.0906305158300439
25862,GOF,0.026584967009027793,0.8917993743325807,0.08161565865839143
25863,GOF,0.029852957756930677,0.8783600995211954,0.09178694272187381
25864,GOF,0.0827520280717883,0.8622012745287859,0.055046697399425755
25865,GOF,0.056984702540672894,0.8529957492265098,0.09001954823281737
25866,GOF,0.0312729835516945,0.8763118541607186,0.09241516228758694
25867,GOF,0.04996078296120285,0.8684733000321344,0.08156591700666278
25868,GOF,0.07203339822644976,0.8229230005798961,0.10504360119365427
25869,GOF,0.3664866701414815,0.5495712146956994,0.08394211516281921
25870,GOF,0.06734720992213639,0.6099801813728146,0.32267260870504905
25871,GOF,0.011099002508449087,0.8649526350478034,0.12394836244374764
25872,GOF,0.02373193322461937,0.8470695186964774,0.12919854807890338
25873,GOF,0.024047834918308794,0.8802945793358543,0.09565758574583685
25874,LOF,0.017151266084739644,0.20988385985921854,0.7729648740560418
25875,LOF,0.03406571905516117,0.06168666176524127,0.9042476191795976
25876,LOF,0.019651095407143708,0.03921995047127928,0.9411289541215769
25877,LOF,0.11623002782710018,0.08164305285815623,0.8021269193147436
25878,LOF,0.09383952614114946,0.13582189311040252,0.770338580748448
25879,LOF,0.01707013485448873,0.09796954789855253,0.8849603172469588
25880,LOF,0.05837678099105371,0.016345080735491978,0.9252781382734542
25881,Neutral,0.5070256088552842,0.0702330906217167,0.4227413005229991
25882,LOF,0.05838124571366473,0.028659115888501636,0.9129596383978337
25883,LOF,0.027127364412917746,0.028164677961261944,0.9447079576258202
25884,LOF,0.017590534805719954,0.04513989583473986,0.9372695693595402
25885,LOF,0.17095436836936342,0.013336513743726077,0.8157091178869105
25886,LOF,0.2671160549849829,0.05543449773561836,0.6774494472793987
25887,LOF,0.11714923127427014,0.09293981819618523,0.7899109505295446
25888,LOF,0.007972591311755196,0.12916935605857988,0.8628580526296649
25889,LOF,0.022818055261044554,0.03832902925522733,0.9388529154837281
25890,LOF,0.18439402530863766,0.06163219081533483,0.7539737838760274
25891,LOF,0.12356955578421061,0.02232812118993657,0.8541023230258529
25892,LOF,0.010253395613899326,0.040382590439706566,0.9493640139463941
25893,LOF,0.38500491616690286,0.011449508552858687,0.6035455752802386
25894,LOF,0.3918999922967185,0.007854826312106834,0.6002451813911748
25895,LOF,0.3606887495136222,0.015118486617496008,0.6241927638688818
25896,LOF,0.07158034026886433,0.03574963220871929,0.8926700275224165
25897,LOF,0.15410002347782045,0.012809692202122023,0.8330902843200575
25898,LOF,0.12348590154185775,0.04092660134021457,0.8355874971179277
25899,LOF,0.41312705561514307,0.0365126193484835,0.5503603250363734
25900,LOF,0.4931279449918455,0.010437149433582944,0.4964349055745715
25901,LOF,0.058430068855317804,0.013454208468976242,0.928115722675706
25902,LOF,0.16811547138114644,0.014649730273256636,0.817234798345597
25903,LOF,0.341951769958819,0.02899611993735655,0.6290521101038246
25904,Neutral,0.4902548846745144,0.05438284343848935,0.45536227188699613
25905,LOF,0.00673859922614874,0.41574149185191134,0.5775199089219399
25906,LOF,0.008145856174340474,0.07537411854270262,0.916480025282957
25907,LOF,0.007333819337694562,0.27262730658727075,0.7200388740750346
25908,LOF,0.007161866327024727,0.2778718797580985,0.7149662539148767
25909,LOF,0.028775998782217156,0.10603973463189624,0.8651842665858867
25910,LOF,0.011850467809365951,0.1401406150534006,0.8480089171372335
25911,LOF,0.21933356364578782,0.02539187272613572,0.7552745636280764
25912,LOF,0.11259108906762193,0.020548795588639684,0.8668601153437383
25913,LOF,0.022064618944088968,0.029490116218477986,0.9484452648374331
25914,LOF,0.039333581918873844,0.025642159194725823,0.9350242588864002
25915,LOF,0.21647492743977625,0.11810139160533828,0.6654236809548855
25916,LOF,0.023625536984303527,0.06517696096821568,0.9111975020474808
25917,LOF,0.0722858633078124,0.026338662342431787,0.9013754743497558
25918,LOF,0.042681035159886575,0.013695535715086938,0.9436234291250265
25919,LOF,0.037517536601530996,0.013676942851819824,0.9488055205466492
25920,Neutral,0.3777190253917425,0.2558824348954841,0.3663985397127734
25921,LOF,0.01537717123546389,0.021767633308162383,0.9628551954563737
25922,LOF,0.01688592610642076,0.02280957220381859,0.9603045016897607
25923,LOF,0.44593939578845415,0.016641887924302923,0.5374187162872429
25924,LOF,0.027066477100071155,0.028773858682511613,0.9441596642174174
25925,LOF,0.10123535800561374,0.03161057985983411,0.8671540621345523
25926,LOF,0.08455800559738592,0.02343778376901139,0.8920042106336027
25927,LOF,0.023061942567481612,0.05058113115252906,0.9263569262799892
25928,LOF,0.010902204741733543,0.03176112177060472,0.9573366734876617
25929,Neutral,0.5675342026166886,0.016122396753828573,0.4163434006294828
25930,LOF,0.08737090499629661,0.01606728319882967,0.8965618118048738
25931,LOF,0.013531703576589836,0.0191159396697402,0.9673523567536699
25932,LOF,0.06760242079298313,0.018664804347962242,0.9137327748590546
25933,LOF,0.06801550866906347,0.011307992783794546,0.9206764985471421
25934,LOF,0.06905178114527392,0.009739836239933937,0.9212083826147921
25935,LOF,0.09364654091704332,0.029038145661865473,0.8773153134210913
25936,LOF,0.11727165695291011,0.011203547843467825,0.8715247952036221
25937,LOF,0.021727091730144064,0.015528375508168097,0.9627445327616878
25938,LOF,0.09415899000600275,0.0282735672223243,0.8775674427716729
25939,LOF,0.0563906574956473,0.013861631668791787,0.929747710835561
25940,LOF,0.008347038587943103,0.4505875703139381,0.5410653910981188
25941,LOF,0.43208133466289067,0.035327097203389925,0.5325915681337193
25942,LOF,0.01168525239550749,0.046709607260750276,0.9416051403437422
25943,LOF,0.04076833421106742,0.1509454983241879,0.8082861674647447
25944,LOF,0.03880259196180209,0.06715110507158215,0.8940463029666157
25945,LOF,0.12140693602176104,0.026320795971766602,0.8522722680064724
25946,LOF,0.07195196893554727,0.04052058859352532,0.8875274424709275
25947,Neutral,0.5145182300468248,0.08776400191811305,0.39771776803506204
25948,LOF,0.4120094913134798,0.01628337164315217,0.571707137043368
25949,LOF,0.17780620948319417,0.08033015573595084,0.7418636347808549
25950,GOF,0.08735435656752301,0.5548935655898951,0.35775207784258195
25951,LOF,0.014889954035514696,0.44788569815494067,0.5372243478095446
25952,LOF,0.23997163674082192,0.21282058027342732,0.5472077829857507
25953,LOF,0.00920036405709271,0.2863650871786532,0.704434548764254
25954,LOF,0.08915154813673849,0.36835923465874587,0.5424892172045156
25955,LOF,0.007883598909269204,0.2268919435805387,0.7652244575101921
25956,LOF,0.016620464562551736,0.3209688459870207,0.6624106894504277
25957,LOF,0.171049650655422,0.035331680817045845,0.7936186685275322
25958,LOF,0.029581810596519643,0.06060523697584628,0.909812952427634
25959,GOF,0.006431880090287322,0.7461181916685424,0.2474499282411704
25960,LOF,0.005076213898655626,0.11474887556078453,0.8801749105405599
25961,LOF,0.02752632288612593,0.04933628670733906,0.923137390406535
25962,LOF,0.05256386687050434,0.07759328334791407,0.8698428497815816
25963,LOF,0.006799594871723468,0.14619369020068732,0.8470067149275893
25964,LOF,0.029019266371135558,0.143699869815614,0.8272808638132504
25965,LOF,0.2765752098938015,0.13899953957406408,0.5844252505321345
25966,LOF,0.3443573446077043,0.11047915805943034,0.5451634973328653
25967,LOF,0.007571721556453688,0.07926067009755494,0.9131676083459913
25968,LOF,0.042669561644164064,0.25598463749271355,0.7013458008631224
25969,LOF,0.1653295477265999,0.05497286313157827,0.7796975891418217
25970,LOF,0.06496785048332934,0.07753484206491379,0.857497307451757
25971,LOF,0.08772490914319062,0.030184965112288006,0.8820901257445213
25972,LOF,0.07697854880374863,0.06004576715920509,0.8629756840370463
25973,LOF,0.06943160748885126,0.011535225262509411,0.9190331672486393
25974,LOF,0.043942288875369634,0.04023902171588983,0.9158186894087404
25975,LOF,0.038951618958381756,0.022713339063358085,0.9383350419782601
25976,LOF,0.09044195531877851,0.012781286218045492,0.896776758463176
25977,LOF,0.25447826782255584,0.06121607055502013,0.684305661622424
25978,LOF,0.1582233876853435,0.13306279137929775,0.7087138209353588
25979,LOF,0.1352237953619474,0.15428410744496227,0.7104920971930903
25980,LOF,0.20158352709610208,0.21268946888292117,0.5857270040209768
25981,LOF,0.20256590382098655,0.2157052143803074,0.5817288817987061
25982,LOF,0.39685305244435204,0.10093928812250562,0.5022076594331423
25983,LOF,0.40806630434906166,0.12919213862912657,0.4627415570218118
25984,LOF,0.051938484148315624,0.09160634770821756,0.8564551681434668
25985,Neutral,0.5114645666028893,0.12193870325235034,0.36659673014476035
25986,LOF,0.012202336281093669,0.45835658762368314,0.5294410760952232
25987,LOF,0.03832390071316984,0.10412374326169868,0.8575523560251316
25988,LOF,0.04578785783902219,0.14634510923093344,0.8078670329300444
25989,LOF,0.0542853738658563,0.1960713996027945,0.7496432265313492
25990,LOF,0.04414093810953673,0.30945398427274634,0.646405077617717
25991,LOF,0.02504113178447565,0.45982184240466495,0.5151370258108594
25992,LOF,0.01801886523484849,0.4012479705827817,0.5807331641823699
25993,LOF,0.02654155954845092,0.062286904305443834,0.9111715361461054
25994,LOF,0.023439600540615467,0.06874888006223898,0.9078115193971457
25995,LOF,0.02019278936619617,0.11895021802471552,0.8608569926090882
25996,GOF,0.34991901332264747,0.3857694353321839,0.2643115513451687
25997,LOF,0.06320211704312724,0.43416425564259614,0.5026336273142766
25998,LOF,0.2671684722185417,0.04496675711699718,0.6878647706644612
25999,LOF,0.03793896896088331,0.11864533627830641,0.8434156947608102
26000,LOF,0.14740088468239107,0.014907020971525011,0.8376920943460839
26001,LOF,0.2326348852944761,0.019879094836818698,0.7474860198687052
26002,LOF,0.13016945077887765,0.026471032351724332,0.843359516869398
26003,GOF,0.006505247729544199,0.6351822647686153,0.35831248750184047
26004,GOF,0.011778510484041244,0.6154236040957837,0.3727978854201751
26005,LOF,0.004307420895250092,0.4967973861001867,0.49889519300456325
26006,GOF,0.07640766519879948,0.5362615883404045,0.3873307464607959
26007,GOF,0.007581792229716084,0.5221262979102774,0.4702919098600065
26008,GOF,0.005109223722387953,0.5893450918158124,0.4055456844617996
26009,GOF,0.009571011866422357,0.629403559525796,0.36102542860778175
26010,GOF,0.006730717036007344,0.5721332952776425,0.4211359876863501
26011,LOF,0.0038214568598723725,0.42343613517787604,0.5727424079622516
26012,GOF,0.004093444784693592,0.5714239884326051,0.42448256678270124
26013,GOF,0.008927618800086943,0.5645633850415545,0.4265089961583586
26014,LOF,0.06485575742724127,0.0716966770387364,0.8634475655340222
26015,LOF,0.3067512248616754,0.02653129080971674,0.6667174843286078
26016,LOF,0.2614681973412508,0.0362750745116905,0.7022567281470586
26017,LOF,0.012185900912669573,0.16495912927339415,0.8228549698139362
26018,LOF,0.024034649466629268,0.08227816615335762,0.8936871843800132
26019,LOF,0.023642797872895346,0.07150887917695664,0.904848322950148
26020,LOF,0.007914565492166228,0.1537618397085984,0.8383235947992355
26021,LOF,0.08457567454202188,0.06001865850193663,0.8554056669560416
26022,LOF,0.04086205291674768,0.033494455636606385,0.9256434914466458
26023,LOF,0.01991335077863651,0.050337111228600726,0.9297495379927628
26024,LOF,0.05323028900499098,0.045198927801221714,0.9015707831937873
26025,LOF,0.11279830392234956,0.05676927636826372,0.8304324197093867
26026,LOF,0.12092945653554518,0.041647212956873514,0.8374233305075813
26027,LOF,0.025755892164640692,0.03146852623392866,0.9427755816014306
26028,LOF,0.07917300810688375,0.16397383127995305,0.7568531606131632
26029,LOF,0.023180288559077996,0.150108741242082,0.82671097019884
26030,LOF,0.12870975147376346,0.021833030300233217,0.8494572182260033
26031,LOF,0.010916530168346967,0.1394573293373537,0.8496261404942993
26032,LOF,0.034234677183013686,0.04414720962733234,0.9216181131896539
26033,LOF,0.03768171375095514,0.04377954707563064,0.9185387391734142
26034,LOF,0.014066388792802694,0.1020934479570205,0.8838401632501768
26035,LOF,0.010607020538227934,0.09795090424650103,0.8914420752152711
26036,LOF,0.010287072369342646,0.0830423963349633,0.906670531295694
26037,LOF,0.010279470396206367,0.09148904285752278,0.8982314867462708
26038,LOF,0.02922807011113821,0.03887416879868623,0.9318977610901756
26039,LOF,0.03383258384005221,0.11973579666885095,0.8464316194910969
26040,LOF,0.07988455061599242,0.1286472629071475,0.79146818647686
26041,LOF,0.013473136489752593,0.08774348883105573,0.8987833746791917
26042,LOF,0.012628294500851523,0.09338455525741673,0.8939871502417317
26043,LOF,0.02865450598051988,0.061738375130423656,0.9096071188890564
26044,LOF,0.008498262838294475,0.04141388454822735,0.9500878526134782
26045,LOF,0.0738977885232935,0.13511096012449889,0.7909912513522077
26046,LOF,0.025530059396215624,0.044080174311614075,0.9303897662921703
26047,LOF,0.05202649300573434,0.04450360461536765,0.9034699023788979
26048,LOF,0.08798641466743902,0.01778828854340471,0.8942252967891564
26049,Neutral,0.9364775132575973,0.0067897012060537075,0.056732785536349084
26050,Neutral,0.9065787567269872,0.007232593027116543,0.08618865024589639
26051,LOF,0.025349434470901162,0.06983411094902557,0.9048164545800733
26052,LOF,0.029903242317231602,0.05651397385162019,0.9135827838311483
26053,LOF,0.022353926433513537,0.15662578790733347,0.821020285659153
26054,LOF,0.05013024732462588,0.03717029193547951,0.9126994607398945
26055,LOF,0.07648195017360326,0.03100847732596626,0.8925095725004304
26056,LOF,0.06392891633788421,0.04088812322567033,0.8951829604364455
26057,LOF,0.053597298521918066,0.01827943544971228,0.9281232660283696
26058,LOF,0.05788922367800675,0.01521686793105466,0.9268939083909385
26059,LOF,0.21439725051243946,0.031129101124955302,0.7544736483626051
26060,LOF,0.017274506551266836,0.15463858348095735,0.8280869099677758
26061,LOF,0.011754194558658906,0.012373154870676847,0.9758726505706642
26062,LOF,0.006235116531764974,0.017410014877887573,0.9763548685903475
26063,LOF,0.03641614591759483,0.013654898072925454,0.9499289560094797
26064,LOF,0.013000761266329727,0.019713269672868166,0.9672859690608022
26065,LOF,0.04616113823023073,0.019479695766441665,0.9343591660033277
26066,LOF,0.03446503099109837,0.01312044756800109,0.9524145214409006
26067,LOF,0.03873941598089214,0.013306517785809064,0.9479540662332987
26068,LOF,0.04806883483360868,0.040586051897782575,0.9113451132686087
26069,LOF,0.23205881673481363,0.025863172516710404,0.742078010748476
26070,LOF,0.4606982514101522,0.018480925895859698,0.5208208226939882
26071,LOF,0.04145322357907667,0.01573110357708133,0.942815672843842
26072,LOF,0.007755245487590763,0.019182955807057797,0.9730617987053514
26073,LOF,0.03386046134890794,0.018740942207762446,0.9473985964433296
26074,Neutral,0.8400377007800344,0.0106505665627936,0.14931173265717193
26075,LOF,0.048867438273084866,0.03021212994883701,0.9209204317780781
26076,LOF,0.047495874174527,0.015035131259053897,0.9374689945664191
26077,LOF,0.14800597149480468,0.009354086817769008,0.8426399416874264
26078,LOF,0.006814187556189685,0.01886524225792821,0.974320570185882
26079,LOF,0.05718166465027998,0.02371111684618565,0.9191072185035344
26080,LOF,0.05642956270956855,0.02383489431891479,0.9197355429715166
26081,LOF,0.03107225392600821,0.012373612473041416,0.9565541336009503
26082,LOF,0.006030729229828442,0.02042350430288591,0.9735457664672856
26083,LOF,0.09488900411595036,0.027411842878169262,0.8776991530058804
26084,LOF,0.0899385139365092,0.023670904829817364,0.8863905812336734
26085,LOF,0.07973702921736527,0.018850206956669537,0.9014127638259652
26086,LOF,0.0360796684655107,0.017340437552817188,0.9465798939816721
26087,LOF,0.03434414334588942,0.01586941839132816,0.9497864382627824
26088,LOF,0.007148494218639216,0.028693641018836754,0.964157864762524
26089,LOF,0.04308838262353476,0.03671682970823603,0.9201947876682293
26090,LOF,0.04322914046399965,0.029277130808575125,0.9274937287274252
26091,LOF,0.02497706792237607,0.011260465082709278,0.9637624669949146
26092,LOF,0.04084539045128076,0.01191723601560516,0.9472373735331141
26093,LOF,0.072909640807962,0.008565030513120363,0.9185253286789178
26094,LOF,0.029663171161308705,0.009623526143402684,0.9607133026952887
26095,LOF,0.018609496366467325,0.021236124108876802,0.960154379524656
26096,LOF,0.21366842868725083,0.005921159094515085,0.7804104122182342
26097,LOF,0.006981896282630704,0.04621365469900893,0.9468044490183604
26098,LOF,0.10591038064010641,0.02184967559194679,0.8722399437679469
26099,LOF,0.034425951981413024,0.026294665930675913,0.9392793820879112
26100,LOF,0.0343989561153879,0.026295401086389857,0.9393056427982223
26101,LOF,0.054557473360764386,0.0422664153962971,0.9031761112429386
26102,LOF,0.02833080179760753,0.023106246201406173,0.9485629520009864
26103,Neutral,0.8903769846099856,0.030138146106745204,0.07948486928326937
26104,LOF,0.05448910670976316,0.04104473610674014,0.9044661571834967
26105,LOF,0.27102479268481827,0.10874485021412181,0.6202303571010599
26106,LOF,0.3023989021140289,0.057502813379799386,0.6400982845061716
26107,LOF,0.020116885008503282,0.07695953426853425,0.9029235807229624
26108,LOF,0.24963567038990372,0.04154009659673542,0.7088242330133608
26109,LOF,0.08254062978777563,0.038344777228214375,0.8791145929840098
26110,LOF,0.38780816864656803,0.013590655614841827,0.5986011757385901
26111,LOF,0.05748868133356322,0.12970389008208785,0.8128074285843488
26112,LOF,0.045268068031399905,0.014225673482125197,0.940506258486475
26113,LOF,0.08907899217144492,0.040344351736144146,0.870576656092411
26114,LOF,0.09543816770191274,0.006795750832775033,0.8977660814653122
26115,LOF,0.016741875364543333,0.04487844774297098,0.9383796768924857
26116,LOF,0.07768866662709005,0.021403418960313576,0.9009079144125964
26117,LOF,0.3580819592135108,0.04983604986952142,0.5920819909169677
26118,LOF,0.05439447731610081,0.02022219013037677,0.9253833325535225
26119,LOF,0.005806140266513152,0.10249857920328576,0.8916952805302011
26120,LOF,0.036698979578561955,0.019937914968838576,0.9433631054525994
26121,LOF,0.003786401310169104,0.157224561645001,0.8389890370448299
