feature0,prediction,LoGoFunc_Neutral,LoGoFunc_GOF,LoGoFunc_LOF
25546,Neutral,0.6641238061732617,0.05916907881819488,0.2767071150085434
25547,Neutral,0.49139307133611804,0.10920654096475323,0.3994003876991288
25548,Neutral,0.4815066112409543,0.0851927519690839,0.4333006367899619
25549,LOF,0.4220359326578777,0.08773201834937416,0.4902320489927481
25550,LOF,0.3591165682342176,0.14596515132725726,0.49491828043852515
25551,LOF,0.2616154024430928,0.17242557933253563,0.5659590182243716
25552,LOF,0.19391200882739884,0.16017068427926553,0.6459173068933356
25553,Neutral,0.7811740445656714,0.051344686523268124,0.16748126891106052
25554,LOF,0.22389023211931836,0.15785083226513794,0.6182589356155437
25555,LOF,0.18718495383820696,0.13923351947850063,0.6735815266832924
25556,LOF,0.3859936314373609,0.1284900248578911,0.485516343704748
25557,LOF,0.17877130440217637,0.14632804471040264,0.6749006508874211
25558,LOF,0.21242970175418813,0.15286968371508336,0.6347006145307286
25559,LOF,0.1907229207663617,0.129313722231602,0.6799633570020364
25560,LOF,0.07540892281236072,0.14716585228251028,0.777425224905129
25561,LOF,0.14798630185900566,0.1445287070121021,0.7074849911288923
25562,LOF,0.06718366988734746,0.09519563050438155,0.837620699608271
25563,LOF,0.09779220606764341,0.09693600193980043,0.8052717919925563
25564,LOF,0.20078930236843454,0.18298959520078825,0.6162211024307772
25565,LOF,0.14364738131723875,0.11517678125047169,0.7411758374322895
25566,GOF,0.01839001752114127,0.7748213057676652,0.20678867671119358
25567,LOF,0.01638776677189551,0.20447182945537629,0.7791404037727282
25568,LOF,0.05166611183075064,0.08832011822772637,0.8600137699415231
25569,LOF,0.052035601976748364,0.09038819067364973,0.8575762073496019
25570,LOF,0.03139078933437315,0.12908173406039605,0.8395274766052309
25571,LOF,0.031377476878216855,0.12875272377389407,0.8398697993478892
25572,LOF,0.031850180228357415,0.16222321418849314,0.8059266055831494
25573,LOF,0.022659840118939293,0.12387089910608981,0.8534692607749709
25574,LOF,0.01695424282600085,0.17934060949560318,0.803705147678396
25575,LOF,0.02468745627210471,0.13716095638748835,0.838151587340407
25576,LOF,0.010638307513513433,0.18940643289955938,0.7999552595869273
25577,LOF,0.010685284060080093,0.1570716366192071,0.8322430793207128
25578,LOF,0.25387869852464756,0.10898596330245894,0.6371353381728935
25579,LOF,0.1526010038980147,0.11511403626383138,0.7322849598381539
25580,LOF,0.01837597627876975,0.10058956484141629,0.881034458879814
25581,LOF,0.03858233461999127,0.08964830988657367,0.871769355493435
25582,LOF,0.03840896592073398,0.08844941984938816,0.8731416142298778
25583,LOF,0.020489654512389772,0.11479877223336843,0.8647115732542417
25584,Neutral,0.5387939724796946,0.1239988136407132,0.3372072138795921
25585,LOF,0.01274298578061388,0.17416240002119604,0.8130946141981902
25586,LOF,0.016616501923353347,0.09282279192660804,0.8905607061500386
25587,LOF,0.016797108678393305,0.08584532664894888,0.8973575646726578
25588,LOF,0.017577208254487674,0.10423903031283895,0.8781837614326734
25589,Neutral,0.5977450513527972,0.14488379114566446,0.25737115750153833
25590,LOF,0.018448046281895298,0.15249553546521374,0.829056418252891
25591,LOF,0.0757126830952752,0.07387813020018394,0.850409186704541
25592,LOF,0.045504017562745136,0.16046484672504352,0.7940311357122113
25593,LOF,0.021707228662269675,0.27925795609948506,0.6990348152382453
25594,LOF,0.03604874864808024,0.1021556041504832,0.8617956472014365
25595,LOF,0.03937061912235197,0.07545861158967003,0.885170769287978
25596,LOF,0.04829066182765346,0.06328388173901943,0.888425456433327
25597,LOF,0.0363556132076739,0.07550114949300206,0.8881432372993241
25598,LOF,0.03358107474491063,0.08814264718775859,0.8782762780673308
25599,GOF,0.00777357793444674,0.5661903042568898,0.4260361178086634
25600,GOF,0.026905152854557992,0.6145716695923903,0.35852317755305185
25601,LOF,0.013603506500614973,0.451899490532293,0.534497002967092
25602,LOF,0.013202434735570416,0.05665290296864617,0.9301446622957835
25603,LOF,0.05304552675418272,0.019055890778635436,0.9278985824671818
25604,LOF,0.015709359969590858,0.071656231813772,0.9126344082166372
25605,LOF,0.007898082528681693,0.21754274389270134,0.774559173578617
25606,LOF,0.09657226888744042,0.34810466879870244,0.5553230623138571
25607,LOF,0.00485823138157178,0.23472181178688986,0.7604199568315384
25608,LOF,0.011393714968087007,0.10973967423802568,0.8788666107938874
25609,LOF,0.06913427468220469,0.4082527073657299,0.5226130179520654
25610,LOF,0.020965384209298655,0.026414610912497957,0.9526200048782034
25611,LOF,0.02087812361076223,0.026274315229116028,0.9528475611601216
25612,LOF,0.06581570424351989,0.03654281388985048,0.8976414818666297
25613,LOF,0.05874196004391018,0.03856918494696063,0.9026888550091292
25614,LOF,0.026910411362268384,0.030197974358414585,0.9428916142793171
25615,LOF,0.01905422477853672,0.042767200876572244,0.938178574344891
25616,LOF,0.06170523566802193,0.028571029234147557,0.9097237350978306
25617,LOF,0.056548563254002246,0.032437047686995124,0.9110143890590026
25618,LOF,0.07542345771431931,0.03249272637327753,0.8920838159124033
25619,LOF,0.018806570016269793,0.03298098287933323,0.9482124471043969
25620,LOF,0.07249970970952177,0.03550730936203873,0.8919929809284396
25621,LOF,0.018995022042425196,0.036673377455438395,0.9443316005021365
25622,LOF,0.02270223188391942,0.039211861461687994,0.9380859066543925
25623,LOF,0.03934447693908686,0.034292485381537674,0.9263630376793756
25624,LOF,0.022173605087298664,0.03994816341235907,0.9378782315003423
25625,LOF,0.024521049278924945,0.05222327837746434,0.9232556723436107
25626,LOF,0.052775332491174436,0.03612650338250965,0.911098164126316
25627,Neutral,0.5974420421135939,0.1133457333954442,0.28921222449096196
25628,LOF,0.20702333699706466,0.05053656468766098,0.7424400983152744
25629,LOF,0.04047763220637095,0.05684779844579616,0.902674569347833
25630,LOF,0.13743332611753903,0.08558788886105882,0.7769787850214022
25631,Neutral,0.6016462406622995,0.05989546572442514,0.3384582936132753
25632,LOF,0.007695049396494886,0.07386386249399077,0.9184410881095144
25633,LOF,0.2728581071644213,0.045609727517299144,0.6815321653182794
25634,LOF,0.02934749656611593,0.0893853370861553,0.8812671663477288
25635,LOF,0.03333720120107484,0.05420964575136787,0.9124531530475571
25636,GOF,0.005449010702981097,0.5954499895868985,0.39910099971012036
25637,GOF,0.006787729715236719,0.6039568785869882,0.38925539169777496
25638,LOF,0.010810511716946653,0.31171209806061717,0.6774773902224361
25639,LOF,0.005375078948163051,0.46859882297218014,0.5260260980796568
25640,Neutral,0.45747862685710566,0.45481882082869907,0.08770255231419512
25641,LOF,0.011652048078896393,0.2913576066606006,0.696990345260503
25642,LOF,0.24141293543440814,0.06272497603043162,0.6958620885351602
25643,LOF,0.11648401639692232,0.14524367793616016,0.7382723056669176
25644,LOF,0.00956862776975936,0.48281442899141025,0.5076169432388303
25645,LOF,0.007275231329734039,0.43823286012792717,0.5544919085423388
25646,LOF,0.013079671942912546,0.32588261047405026,0.6610377175830372
25647,LOF,0.010239372146929842,0.2754514144573176,0.7143092133957525
25648,LOF,0.008632155531403696,0.26104661328852347,0.7303212311800729
25649,LOF,0.007724399867647739,0.19964931012872894,0.7926262900036234
25650,LOF,0.014033969529187049,0.41864338967336023,0.5673226407974526
25651,LOF,0.005994437619677915,0.2840558132145509,0.7099497491657711
25652,LOF,0.010338604458941915,0.2465304566700668,0.7431309388709914
25653,LOF,0.028313205144689525,0.38504308356585903,0.5866437112894515
25654,LOF,0.010620891094918053,0.14845838399865405,0.8409207249064279
25655,LOF,0.04614244944455033,0.4176767794704373,0.5361807710850124
25656,LOF,0.1925013773308044,0.0530571936587984,0.7544414290103972
25657,LOF,0.2707078295305107,0.026315563653856008,0.7029766068156332
25658,LOF,0.07148154232353034,0.07220056596464187,0.8563178917118278
25659,LOF,0.3940880759917359,0.06254569933288003,0.5433662246753841
25660,LOF,0.0346941611685183,0.09240974564851508,0.8728960931829666
25661,LOF,0.10227885754463749,0.06265762937967916,0.8350635130756833
25662,LOF,0.02511340776603128,0.04362347870137232,0.9312631135325965
25663,LOF,0.032778912202931054,0.06515273442801646,0.9020683533690526
25664,LOF,0.035786699404567635,0.0734669285952392,0.8907463720001931
25665,LOF,0.05295760259950512,0.035063806367171116,0.9119785910333238
25666,LOF,0.04144229208855943,0.09893894629549278,0.8596187616159476
25667,LOF,0.07103631720202344,0.04723019190701261,0.8817334908909639
25668,LOF,0.027031930480191056,0.05081158700392157,0.9221564825158874
25669,LOF,0.029511772546810047,0.07194795850043242,0.8985402689527575
25670,LOF,0.06011875532347212,0.06580790207907497,0.874073342597453
25671,LOF,0.08915597728101061,0.03949535855278323,0.8713486641662062
25672,LOF,0.05429145078182625,0.04678096276765329,0.8989275864505205
25673,LOF,0.026651029449168237,0.05738326079614335,0.9159657097546884
25674,LOF,0.020464009329993083,0.06953966468325402,0.909996325986753
25675,LOF,0.03548702369823279,0.06453815737117266,0.8999748189305946
25676,LOF,0.021041897011437903,0.06147444194814156,0.9174836610404206
25677,LOF,0.031015504186782953,0.06922877162857027,0.8997557241846469
25678,LOF,0.18563533241009805,0.0654695191061297,0.7488951484837723
25679,LOF,0.17137809476603047,0.08545656083559408,0.7431653443983753
25680,LOF,0.038871759374119075,0.11047301468111974,0.8506552259447612
25681,LOF,0.06345842497364453,0.10301928547967816,0.8335222895466774
25682,LOF,0.11702907276710087,0.07508022512709167,0.8078907021058075
25683,LOF,0.07388527945022384,0.12123450609458455,0.8048802144551915
25684,LOF,0.044579846081567405,0.08036838108331652,0.8750517728351161
25685,LOF,0.07902635475386581,0.058137635936022614,0.8628360093101115
25686,LOF,0.0248442918909924,0.08393543538887681,0.8912202727201308
25687,LOF,0.04428318639726999,0.06770772905412026,0.8880090845486097
25688,LOF,0.04707513915420187,0.04760101806887332,0.9053238427769248
25689,LOF,0.026567210242925538,0.05982326581465414,0.9136095239424202
25690,LOF,0.029901678810679545,0.04635306077011349,0.923745260419207
25691,LOF,0.2475853424134976,0.06650875107137769,0.6859059065151246
25692,LOF,0.25646943503909236,0.006296399127751607,0.737234165833156
25693,LOF,0.09097096949920254,0.26516031160006154,0.6438687189007359
25694,LOF,0.25661224818074013,0.013530535088494743,0.7298572167307651
25695,LOF,0.16241353096268357,0.02259266305955965,0.8149938059777567
25696,LOF,0.12860109584296864,0.012522009446856459,0.8588768947101748
25697,LOF,0.07706243244391608,0.02206353477028955,0.9008740327857944
25698,LOF,0.05209137133042217,0.4447598163156346,0.5031488123539433
25699,LOF,0.06309991120531465,0.08880520909039151,0.8480948797042939
25700,LOF,0.07051837828158963,0.009066412472322719,0.9204152092460877
25701,LOF,0.01659594038932788,0.07536197888512607,0.908042080725546
25702,GOF,0.03648035243444226,0.6900835486276227,0.27343609893793513
25703,LOF,0.008546650295536647,0.16455362002142437,0.826899729683039
25704,LOF,0.049600736889806575,0.13324947957862834,0.8171497835315651
25705,LOF,0.06117277511448629,0.23411871364919987,0.7047085112363138
25706,GOF,0.03236133709122211,0.5766821227818822,0.39095654012689574
25707,GOF,0.0250393709310717,0.4980058633377752,0.4769547657311531
25708,LOF,0.0076258219236341376,0.4123405740343121,0.5800336040420537
25709,LOF,0.05616502774973015,0.06491151434182818,0.8789234579084417
25710,LOF,0.005718129644910234,0.1630705046058268,0.831211365749263
25711,LOF,0.020179188179338378,0.12270573193817168,0.85711507988249
25712,LOF,0.007209981126890645,0.20354992228771407,0.7892400965853952
25713,LOF,0.018457289183168628,0.11474744046560129,0.86679527035123
25714,LOF,0.06575830439740693,0.14571405971162266,0.7885276358909704
25715,LOF,0.013502387028720147,0.15116087811655313,0.8353367348547268
25716,LOF,0.006046633087242075,0.11996570480589167,0.8739876621068664
25717,LOF,0.005781000759111129,0.097643509914588,0.8965754893263008
25718,LOF,0.01429918790047466,0.09846950021132876,0.8872313118881967
25719,LOF,0.023592920087940006,0.10360237002929418,0.8728047098827659
25720,LOF,0.024260488392688195,0.09225587649395112,0.8834836351133606
25721,LOF,0.016952614646779864,0.11949820534264245,0.8635491800105777
25722,LOF,0.014202912580085913,0.14966225956806709,0.836134827851847
25723,LOF,0.01998038188851342,0.07988041692272696,0.9001392011887596
25724,LOF,0.021955309047354706,0.11528757833394751,0.8627571126186978
25725,LOF,0.013977264627317746,0.08419970412363595,0.9018230312490463
25726,LOF,0.01223826367086738,0.11257071909909239,0.8751910172300402
25727,LOF,0.015378210851649315,0.09768199397101096,0.8869397951773397
25728,LOF,0.012960436564541104,0.11874957636857121,0.8682899870668876
25729,LOF,0.013500076559093108,0.12707449116764205,0.8594254322732647
25730,LOF,0.014536308879261446,0.10259805092178549,0.8828656401989531
25731,LOF,0.008167423760187335,0.1334256793611432,0.8584068968786694
25732,LOF,0.014006627766588186,0.09709637098511448,0.8888970012482974
25733,LOF,0.01901616958825879,0.08474669753618966,0.8962371328755515
25734,LOF,0.005275743816312864,0.13999461267114993,0.8547296435125373
25735,LOF,0.017051710667082148,0.07876870883980686,0.904179580493111
25736,LOF,0.015557651714665185,0.11733279143179177,0.867109556853543
25737,LOF,0.02466616372019244,0.09670458253474785,0.8786292537450597
25738,LOF,0.01601132346329806,0.14051124722979386,0.8434774293069082
25739,LOF,0.02266520487176214,0.1160212923429998,0.861313502785238
25740,LOF,0.03221145781410452,0.1258631077480382,0.8419254344378573
25741,LOF,0.01803176099560797,0.12027833886638169,0.8616899001380104
25742,LOF,0.11295138766344483,0.10928410576334016,0.777764506573215
25743,LOF,0.01593930439247425,0.0296019100174679,0.9544587855900578
25744,LOF,0.2089432171617135,0.2859002633172633,0.5051565195210231
25745,LOF,0.02759029206958974,0.0391370756847453,0.933272632245665
25746,LOF,0.015601797267385026,0.050405087969552405,0.9339931147630627
25747,LOF,0.030004088551254332,0.026794690503835802,0.9432012209449099
25748,LOF,0.15679702293306505,0.041431395588619205,0.8017715814783157
25749,LOF,0.0161782255073403,0.036875474579489836,0.9469462999131698
25750,LOF,0.030106227306924246,0.05773989776480825,0.9121538749282676
25751,LOF,0.11515799018135349,0.046481186934872624,0.8383608228837739
25752,GOF,0.11702517697957932,0.6228970593047133,0.2600777637157074
25753,LOF,0.007993677862536103,0.3338014900346063,0.6582048321028575
25754,GOF,0.005605253174610955,0.8377312904411388,0.1566634563842503
25755,LOF,0.008967910878582756,0.412436538542146,0.5785955505792711
25756,LOF,0.04214543889011697,0.4198586421620336,0.5379959189478494
25757,GOF,0.005748547231104579,0.865748456079036,0.12850299668985926
25758,GOF,0.006997888387650818,0.8518954972625179,0.1411066143498313
25759,GOF,0.004442610117778787,0.5427411242993634,0.45281626558285787
25760,LOF,0.004599741279214404,0.28749050675367827,0.7079097519671074
25761,GOF,0.042125482093968374,0.8075341306456643,0.15034038726036747
25762,LOF,0.030172839866131253,0.31415546003346684,0.6556717001004019
25763,LOF,0.006194322291781145,0.23789203661937505,0.7559136410888437
25764,GOF,0.15959392729155736,0.5055772237467628,0.3348288489616799
25765,GOF,0.010190362436539745,0.7705236819007635,0.21928595566269676
25766,GOF,0.016908458445964374,0.8181433782690294,0.16494816328500642
25767,LOF,0.018638227351767032,0.48852891378957675,0.49283285885865624
25768,LOF,0.07458276676344085,0.07582113047978956,0.8495961027567694
25769,LOF,0.08328974836601408,0.05929884657560531,0.8574114050583805
25770,LOF,0.2693589657980363,0.06864428147832288,0.6619967527236409
25771,LOF,0.013527971864844446,0.05503910871276181,0.9314329194223937
25772,LOF,0.017196689958655757,0.030288257993162447,0.9525150520481819
25773,LOF,0.011157795531301393,0.12077209364533179,0.8680701108233667
25774,LOF,0.024898901452002502,0.06716145893607632,0.9079396396119211
25775,LOF,0.016551398007653928,0.04478720125887102,0.9386614007334751
25776,LOF,0.08537932110975004,0.02354979615653721,0.8910708827337128
25777,LOF,0.3448111889542496,0.039478811919323266,0.6157099991264271
25778,LOF,0.06797896904263298,0.04409006867874117,0.8879309622786258
25779,GOF,0.06326346125173091,0.8728046884925543,0.06393185025571463
25780,GOF,0.05842237865720002,0.8530898492894574,0.08848777205334261
25781,GOF,0.0237947019112564,0.8487901603897294,0.12741513769901422
25782,GOF,0.028198864407536127,0.8870345330197827,0.08476660257268112
25783,GOF,0.013859104324444283,0.6789482159172484,0.3071926797583073
25784,GOF,0.11190020160824932,0.8322387207198132,0.05586107767193741
25785,GOF,0.07287381549159076,0.87345360769678,0.05367257681162922
25786,GOF,0.005883248265678033,0.8177515812661584,0.17636517046816338
25787,GOF,0.218888991444431,0.7402992086055374,0.040811799950031584
25788,LOF,0.04793169755854813,0.1159604026597755,0.8361078997816764
25789,GOF,0.036578593223306886,0.8121517889381326,0.15126961783856052
25790,GOF,0.043791151477867996,0.8513484942914559,0.1048603542306762
25791,GOF,0.02487748478495577,0.783846396714536,0.19127611850050805
25792,GOF,0.04147435529798792,0.7995768743342991,0.15894877036771293
25793,GOF,0.10285170207254966,0.7570517432900626,0.1400965546373877
25794,GOF,0.10734037684612097,0.6834941216090096,0.20916550154486951
25795,GOF,0.026753842505178024,0.7571044771430837,0.2161416803517383
25796,GOF,0.12784500967741136,0.753496782908055,0.11865820741453376
25797,GOF,0.030841783657455563,0.5930017998222377,0.37615641652030674
25798,GOF,0.0033711317128808363,0.5605978859225356,0.43603098236458365
25799,LOF,0.002955209345029667,0.4322937043726132,0.5647510862823572
25800,GOF,0.009755208649356868,0.6169596234487795,0.3732851679018636
25801,GOF,0.026748998255947627,0.7999214593776297,0.17332954236642248
25802,GOF,0.01782795979561559,0.7142027896062892,0.26796925059809534
25803,GOF,0.010266032697397785,0.6111499088290656,0.37858405847353666
25804,GOF,0.011586633157561671,0.49962785693351475,0.48878550990892367
25805,GOF,0.02253243093436773,0.6266968151797003,0.35077075388593193
25806,GOF,0.01908855685540085,0.6424225077216359,0.33848893542296327
25807,GOF,0.005399334760705341,0.6469528054318858,0.3476478598074088
25808,GOF,0.01550133734700888,0.6492916317310709,0.3352070309219203
25809,GOF,0.006295599765990647,0.6367218297297335,0.35698257050427584
25810,GOF,0.0054109249460628965,0.6428494216598339,0.3517396533941031
25811,GOF,0.07983047736355212,0.8156917168590381,0.10447780577740977
25812,GOF,0.014448916213785584,0.6456143754302595,0.33993670835595496
25813,GOF,0.09887813978814573,0.7549820538619769,0.1461398063498774
25814,GOF,0.02679510242373623,0.7098394974897988,0.26336540008646503
25815,GOF,0.04080167368372688,0.7282975109030445,0.23090081541322854
25816,GOF,0.008437337911953727,0.8022225406704531,0.18934012141759327
25817,GOF,0.06500598689850995,0.7510898155523716,0.18390419754911855
25818,GOF,0.02237975038006821,0.7478772284022843,0.22974302121764748
25819,GOF,0.07393713637359164,0.7433831222769428,0.18267974134946555
25820,GOF,0.03340878870456506,0.7367784970274979,0.22981271426793712
25821,GOF,0.017400507145654377,0.7225199528627126,0.260079539991633
25822,GOF,0.0373414482180681,0.7282492350442199,0.234409316737712
25823,GOF,0.011853894914988894,0.5727615757840548,0.41538452930095626
25824,GOF,0.024412749979500166,0.7030570504136128,0.2725301996068871
25825,GOF,0.012771659061138814,0.6819821064749512,0.3052462344639101
25826,GOF,0.005469900485387158,0.6445902206275407,0.3499398788870722
25827,GOF,0.007939152947755317,0.6376949384764616,0.35436590857578304
25828,GOF,0.004750080488066187,0.5700397012006572,0.4252102183112767
25829,GOF,0.002877335681694786,0.628240662453735,0.3688820018645703
25830,LOF,0.029599346997260533,0.3728614179490505,0.5975392350536889
25831,GOF,0.03706969423656528,0.833990593587457,0.12893971217597777
25832,GOF,0.00848271225044622,0.7617106409474053,0.22980664680214855
25833,GOF,0.026421482968757043,0.8051208350705567,0.16845768196068622
25834,GOF,0.007795225774696734,0.7694531220228951,0.22275165220240822
25835,GOF,0.01771188364677434,0.8211792357794615,0.16110888057376407
25836,GOF,0.0066353197116946865,0.7652174184477136,0.22814726184059167
25837,GOF,0.006216394433185817,0.6776826957362083,0.3161009098306058
25838,GOF,0.020274504000594447,0.8335666425479091,0.14615885345149654
25839,GOF,0.04055584529280373,0.7966594224235121,0.1627847322836842
25840,GOF,0.037813120790004706,0.8133584895012562,0.148828389708739
25841,GOF,0.03453616036411502,0.8412766517197099,0.1241871879161751
25842,GOF,0.02488625478343486,0.8658898369432337,0.10922390827333145
25843,GOF,0.026871428479853347,0.8746564756491241,0.0984720958710225
25844,GOF,0.016767236147216476,0.7943907361066543,0.1888420277461292
25845,GOF,0.005628439794651482,0.5810528937192773,0.4133186664860713
25846,GOF,0.027984407096985218,0.8460261106615988,0.12598948224141598
25847,GOF,0.017888363340143543,0.889215669615684,0.09289596704417241
25848,GOF,0.01608406406610612,0.8396064451486848,0.1443094907852091
25849,GOF,0.004968831459132908,0.7242435690404136,0.2707875995004535
25850,GOF,0.006967009984232754,0.7096922582391725,0.2833407317765947
25851,GOF,0.005782080125994449,0.5961617741095292,0.39805614576447634
25852,GOF,0.16124608224981868,0.549288468283359,0.28946544946682234
25853,GOF,0.08037461337579384,0.8266935713177175,0.0929318153064886
25854,GOF,0.01054973024198547,0.6681917906707788,0.32125847908723576
25855,GOF,0.012886714118978942,0.5881314815507099,0.39898180433031105
25856,GOF,0.03744752198971551,0.7093332659375863,0.2532192120726982
25857,GOF,0.015900164203333542,0.5545116415666227,0.4295881942300438
25858,GOF,0.00864814336463398,0.5617812286729511,0.42957062796241496
25859,GOF,0.005253937618950656,0.5406713348708887,0.4540747275101607
25860,GOF,0.06820119697485093,0.7898803553205174,0.14191844770463158
25861,GOF,0.10545591881796999,0.7927417112643911,0.10180236991763901
25862,GOF,0.021198859226483555,0.8481983016532919,0.1306028391202245
25863,GOF,0.019740908395939567,0.8479638298536626,0.1322952617503979
25864,GOF,0.03866068085797523,0.872189733525025,0.08914958561699972
25865,GOF,0.028834811711024477,0.8324279312143932,0.1387372570745822
25866,GOF,0.023226644020527893,0.8361679895060259,0.14060536647344624
25867,GOF,0.024358519033458505,0.8592319052993254,0.11640957566721616
25868,GOF,0.05384095852858892,0.8039249994621153,0.14223404200929587
25869,GOF,0.3098868029535039,0.5946519583420362,0.09546123870445992
25870,GOF,0.1837124454025079,0.5231396931580071,0.29314786143948496
25871,GOF,0.021177902984740392,0.8448002624784029,0.13402183453685673
25872,GOF,0.01959775981096132,0.8261418830523296,0.1542603571367092
25873,GOF,0.019280316572043193,0.8508120143344865,0.12990766909347018
25874,LOF,0.016266508323527256,0.12956332475941745,0.8541701669170553
25875,LOF,0.031747120080392786,0.030294184909615163,0.937958695009992
25876,LOF,0.01393761662921678,0.027956750521811558,0.9581056328489717
25877,LOF,0.12874635588754957,0.05456613198699315,0.8166875121254572
25878,LOF,0.053811908436973206,0.07264835527938432,0.8735397362836425
25879,LOF,0.02276082608179002,0.05590023321004101,0.921338940708169
25880,LOF,0.046175335425200276,0.008312845976557803,0.945511818598242
25881,Neutral,0.5709486141609311,0.04402534840147693,0.385026037437592
25882,LOF,0.026594779021793108,0.03192013020989758,0.9414850907683094
25883,LOF,0.06056928700871568,0.018542403806978344,0.9208883091843059
25884,LOF,0.013063660091229034,0.04216767282347531,0.9447686670852956
25885,LOF,0.21653824235502955,0.006657119241173763,0.7768046384037967
25886,LOF,0.20497990556677703,0.030944263788970496,0.7640758306442524
25887,LOF,0.15224766826654562,0.052736001779702224,0.7950163299537523
25888,LOF,0.014428272748677964,0.11100074615233221,0.8745709810989897
25889,LOF,0.017442801938567745,0.028760191430496487,0.9537970066309359
25890,LOF,0.1201132191450577,0.07784071290629961,0.8020460679486427
25891,LOF,0.0455494100937769,0.034495345929830064,0.9199552439763932
25892,LOF,0.009746075786962452,0.04947109029988895,0.9407828339131485
25893,LOF,0.39648419839383664,0.015888534967246917,0.5876272666389164
25894,LOF,0.42906255094425166,0.007536165440885469,0.5634012836148627
25895,LOF,0.35938971426276767,0.016630898875937297,0.6239793868612951
25896,LOF,0.04555273455197593,0.027207670993405136,0.9272395944546189
25897,LOF,0.19298450014705804,0.014775696605757706,0.7922398032471842
25898,LOF,0.2057634579810117,0.03942028304380863,0.7548162589751797
25899,LOF,0.2410559893889571,0.027368078999138762,0.7315759316119042
25900,LOF,0.4380466300645289,0.012614498507614706,0.5493388714278564
25901,LOF,0.048297362424171486,0.011727163214507081,0.9399754743613215
25902,LOF,0.09458036738964544,0.018607215048843665,0.8868124175615109
25903,LOF,0.3430239390442047,0.03714573161909346,0.6198303293367018
25904,LOF,0.4763596647558493,0.03857199342612337,0.4850683418180272
25905,LOF,0.007479985287726516,0.4390368158782942,0.5534831988339792
25906,LOF,0.008068112135167262,0.12447892155265643,0.8674529663121763
25907,LOF,0.004117942983264639,0.39208573659194007,0.6037963204247953
25908,LOF,0.003586415370493848,0.27035781315180724,0.726055771477699
25909,LOF,0.014873843228233994,0.17671675938441164,0.8084093973873544
25910,LOF,0.014857969839534538,0.13804771646174277,0.8470943136987227
25911,LOF,0.1755166658495565,0.026264859403695065,0.7982184747467485
25912,LOF,0.06846068700327322,0.04367867840405907,0.8878606345926676
25913,LOF,0.0656706687861915,0.056864148178693195,0.8774651830351153
25914,LOF,0.022020929677496873,0.05960438061511902,0.9183746897073841
25915,LOF,0.12702280703661484,0.25095146666632306,0.622025726297062
25916,LOF,0.019881566463507586,0.169932661520179,0.8101857720163135
25917,LOF,0.05226628095157194,0.044006515303394195,0.9037272037450339
25918,LOF,0.027004040864975844,0.03434660389920734,0.9386493552358168
25919,LOF,0.022413332243597546,0.032556869285249826,0.9450297984711526
25920,LOF,0.11266874408318181,0.1997091593263527,0.6876220965904656
25921,LOF,0.010180967382152163,0.03519822141084915,0.9546208112069986
25922,LOF,0.012481298091012056,0.027860566331638876,0.9596581355773491
25923,LOF,0.42281219720355856,0.037039382487436,0.5401484203090055
25924,LOF,0.017419342853239286,0.043147267150901954,0.9394333899958587
25925,LOF,0.07937935814652719,0.04212459224735362,0.8784960496061192
25926,LOF,0.05564895406332104,0.03530954805605046,0.9090414978806286
25927,LOF,0.021030618977209842,0.06297738329281598,0.9159919977299742
25928,LOF,0.0076074813630956925,0.05143022711876979,0.9409622915181345
25929,Neutral,0.49626648265706896,0.034370652959254844,0.46936286438367614
25930,LOF,0.08040204864574563,0.03050970818126341,0.889088243172991
25931,LOF,0.009416122692708147,0.036952462894308605,0.9536314144129834
25932,LOF,0.033824415758781284,0.02846708883858908,0.9377084954026296
25933,LOF,0.040255757194719646,0.01825490672766152,0.9414893360776189
25934,LOF,0.028183158619225795,0.019057872721682603,0.9527589686590915
25935,LOF,0.07231890733445079,0.047804627721905225,0.879876464943644
25936,LOF,0.041235733682438165,0.020780930096329878,0.9379833362212321
25937,LOF,0.009476697877825662,0.03752592064408688,0.9529973814780874
25938,LOF,0.06701931119147166,0.05508919760265674,0.8778914912058715
25939,LOF,0.03274112322618468,0.022721765490119204,0.944537111283696
25940,LOF,0.009437198717991731,0.31681609272724087,0.6737467085547674
25941,Neutral,0.542969913825543,0.02597172385704814,0.4310583623174088
25942,LOF,0.00502179532938036,0.041319528008315363,0.9536586766623044
25943,LOF,0.03229368098167178,0.12647170511010983,0.8412346139082184
25944,LOF,0.10736036690820228,0.06757711701468924,0.8250625160771086
25945,LOF,0.05971225739186816,0.017070145695404663,0.9232175969127272
25946,LOF,0.07564177270845258,0.06241822620569302,0.8619400010858544
25947,Neutral,0.5020925557280445,0.07284613952492203,0.4250613047470336
25948,LOF,0.35814751819817203,0.009344501581531925,0.6325079802202961
25949,LOF,0.09576375579324316,0.05081051958805355,0.8534257246187033
25950,GOF,0.05180831939690437,0.6190760927902886,0.3291155878128069
25951,LOF,0.015051492643894524,0.405900155785304,0.5790483515708015
25952,LOF,0.2779545456281694,0.30522828948393016,0.4168171648879004
25953,LOF,0.01197751071881891,0.18280053875012545,0.8052219505310556
25954,LOF,0.048922083101071025,0.43691422142536535,0.5141636954735637
25955,LOF,0.010418652713256593,0.16371200474612554,0.825869342540618
25956,LOF,0.02577383043116602,0.30037793146986874,0.6738482380989652
25957,LOF,0.1961693743697037,0.031312175841897154,0.7725184497883991
25958,LOF,0.05556835948440903,0.030993266350728337,0.9134383741648627
25959,LOF,0.013529769074814846,0.4867371991044105,0.4997330318207745
25960,LOF,0.005946731625271259,0.05482351207601403,0.9392297562987146
25961,LOF,0.053873725232397356,0.027115860774552764,0.9190104139930498
25962,LOF,0.03058340547279867,0.08468672714934046,0.8847298673778609
25963,LOF,0.005281217818432723,0.2638554082241308,0.7308633739574365
25964,LOF,0.03075486681681291,0.09685930539822896,0.8723858277849582
25965,LOF,0.302749128882705,0.13860071658718984,0.5586501545301051
25966,Neutral,0.45359709395497544,0.132728561452223,0.41367434459280145
25967,LOF,0.006209203228714869,0.07225351725144917,0.9215372795198359
25968,LOF,0.04806016395086222,0.27634410588734387,0.6755957301617939
25969,LOF,0.13617523435924136,0.06832727289101298,0.7954974927497456
25970,LOF,0.019290543816541224,0.08585688042753414,0.8948525757559246
25971,LOF,0.06583012660637494,0.026135642927384534,0.9080342304662405
25972,LOF,0.05858991455637322,0.03680617498234249,0.9046039104612842
25973,LOF,0.05290646114463885,0.013074292546087706,0.9340192463092734
25974,LOF,0.03938036951880235,0.04308790259901937,0.9175317278821782
25975,LOF,0.04312239186227785,0.027398543817877898,0.9294790643198443
25976,LOF,0.11238999086402292,0.013535017919560664,0.8740749912164164
25977,LOF,0.20489535832894423,0.059473490615836996,0.7356311510552188
25978,LOF,0.13433972290906213,0.13210876628359616,0.7335515108073417
25979,LOF,0.12366374673790764,0.12912254150511634,0.7472137117569759
25980,LOF,0.23516087025043306,0.15827011593033705,0.6065690138192299
25981,LOF,0.23619725505565947,0.15969024485538066,0.6041125000889599
25982,LOF,0.36513680315729413,0.10440897283698133,0.5304542240057245
25983,LOF,0.3687938916334356,0.12798632010360475,0.5032197882629597
25984,LOF,0.0343902649135361,0.054265840990446505,0.9113438940960173
25985,LOF,0.4076510570363135,0.11361362051976052,0.47873532244392597
25986,LOF,0.01186330075567542,0.38249906197434036,0.6056376372699842
25987,LOF,0.03758193834706976,0.08760668153449935,0.8748113801184308
25988,LOF,0.13515288326717903,0.09416632072522631,0.7706807960075948
25989,LOF,0.04218468576238743,0.12916581904868338,0.8286494951889292
25990,LOF,0.04455782515054244,0.21215969197676365,0.7432824828726938
25991,LOF,0.0236571973971337,0.3673874890225268,0.6089553135803394
25992,LOF,0.028197145844014955,0.37009786272871437,0.6017049914272705
25993,LOF,0.02127789010963351,0.09404849788842026,0.8846736120019462
25994,LOF,0.017669759720768417,0.08884341083015837,0.8934868294490731
25995,LOF,0.01873921574896932,0.18258380795348164,0.798676976297549
25996,LOF,0.32285448896944857,0.3009142478541533,0.3762312631763981
25997,LOF,0.08670122456871338,0.3423627221419198,0.5709360532893669
25998,LOF,0.2879296086605802,0.05572329137478915,0.6563470999646307
25999,LOF,0.017501588473943515,0.2564550580530577,0.7260433534729988
26000,LOF,0.15287738335760678,0.039960801224442004,0.8071618154179512
26001,LOF,0.2983424223139214,0.028305080539736696,0.6733524971463419
26002,LOF,0.06827203647962307,0.060889014117803716,0.8708389494025731
26003,GOF,0.003805847259079597,0.6309722545854033,0.3652218981555171
26004,GOF,0.006133481198562544,0.723752922362288,0.27011359643914934
26005,GOF,0.003002466064710248,0.522899792443636,0.4740977414916537
26006,GOF,0.0815029634909084,0.6137800763292668,0.3047169601798248
26007,GOF,0.006398758831852091,0.5915795146880591,0.40202172648008877
26008,GOF,0.005549044296204701,0.6673921763088141,0.3270587793949814
26009,GOF,0.006441499139771608,0.6834581527860626,0.3101003480741659
26010,GOF,0.006757148942136155,0.6963951524230164,0.29684769863484733
26011,GOF,0.0030399499296339754,0.5161604454996171,0.48079960457074894
26012,GOF,0.0038897041346285578,0.5855520629373732,0.41055823292799826
26013,GOF,0.0053888892252639395,0.6372163097959532,0.35739480097878285
26014,LOF,0.04006191117092885,0.09824521417626152,0.8616928746528096
26015,LOF,0.13460582316006164,0.01786980693504179,0.8475243699048965
26016,LOF,0.2594444368500276,0.03257449242477191,0.7079810707252004
26017,LOF,0.022142747875855427,0.16744299014590405,0.8104142619782404
26018,LOF,0.04998477531435055,0.03542118020783255,0.914594044477817
26019,LOF,0.047649603003855824,0.030681534757149295,0.9216688622389949
26020,LOF,0.0089004286069777,0.17687577311805405,0.8142237982749682
26021,LOF,0.06904020416669945,0.05653806177964518,0.8744217340536553
26022,LOF,0.028026986062899082,0.023357622281478953,0.948615391655622
26023,LOF,0.03934486075008832,0.021599921466465565,0.939055217783446
26024,LOF,0.04329186859673849,0.06067508024792209,0.8960330511553395
26025,LOF,0.0522025885729595,0.06656606723287513,0.8812313441941653
26026,LOF,0.10105565376161559,0.05344670501678181,0.8454976412216025
26027,LOF,0.04353773558427862,0.016977539102170487,0.939484725313551
26028,LOF,0.0851118954933556,0.11792463282137194,0.7969634716852725
26029,LOF,0.028662914432484816,0.19678806320231285,0.7745490223652024
26030,LOF,0.16227081246251832,0.029456644472272683,0.808272543065209
26031,LOF,0.01606779613426886,0.15992524986198156,0.8240069540037496
26032,LOF,0.07003529887873727,0.06843837780276249,0.8615263233185003
26033,LOF,0.08517357474159501,0.06639393748464387,0.8484324877737611
26034,LOF,0.014740397709665523,0.18089415135582518,0.8043654509345093
26035,LOF,0.014152382198317453,0.1372923351396022,0.8485552826620804
26036,LOF,0.015524488440454547,0.16655353064463105,0.8179219809149143
26037,LOF,0.012813054806792876,0.11528618647346711,0.87190075871974
26038,LOF,0.059949332865304565,0.06421231047951377,0.8758383566551817
26039,LOF,0.02590512872019585,0.16855446077961544,0.8055404105001887
26040,LOF,0.11842908355550727,0.15549700802113278,0.72607390842336
26041,LOF,0.014461703218548321,0.10323619998249581,0.8823020967989559
26042,LOF,0.013255795894220464,0.10380534300568181,0.8829388611000978
26043,LOF,0.0579939776764823,0.0819523875270772,0.8600536347964405
26044,LOF,0.011511777979886098,0.0689794042320078,0.9195088177881061
26045,LOF,0.059971153475832525,0.1021393708956605,0.837889475628507
26046,LOF,0.05223651629747832,0.06673282927525606,0.8810306544272656
26047,LOF,0.08376527299800185,0.06585581784327278,0.8503789091587254
26048,LOF,0.04635317943255453,0.039908937039359826,0.9137378835280856
26049,Neutral,0.9627681448534818,0.005686477235449534,0.03154537791106848
26050,Neutral,0.9455860354064851,0.007909157067566785,0.046504807525948114
26051,LOF,0.013121092586446706,0.1733454420047538,0.8135334654087996
26052,LOF,0.018480689459942808,0.22163151817076793,0.7598877923692894
26053,LOF,0.021943741882300322,0.1520590695024198,0.8259971886152798
26054,LOF,0.05310429496682243,0.015422382160905043,0.9314733228722725
26055,LOF,0.06801684628751895,0.016562996438376755,0.9154201572741043
26056,LOF,0.05042625164221284,0.017834608615950508,0.9317391397418366
26057,LOF,0.03405950725716469,0.012006016554366965,0.9539344761884683
26058,LOF,0.03508800980742682,0.010080117086708053,0.954831873105865
26059,LOF,0.3565243921004955,0.020988144228838698,0.6224874636706658
26060,LOF,0.011468366256663125,0.1563742852752407,0.8321573484680961
26061,LOF,0.005209497235140454,0.012978637098683117,0.9818118656661765
26062,LOF,0.003980309808506063,0.01887395141367013,0.9771457387778238
26063,LOF,0.02413056423436524,0.009991344409113395,0.9658780913565215
26064,LOF,0.006578194098909705,0.026046172266407226,0.9673756336346832
26065,LOF,0.027309204900156283,0.010722587214868339,0.9619682078849755
26066,LOF,0.025241043537783753,0.009967663792942356,0.9647912926692739
26067,LOF,0.031012724684420106,0.008920152742657094,0.9600671225729229
26068,LOF,0.04518445512967132,0.027985044436212077,0.9268305004341166
26069,LOF,0.32645132641325114,0.0161592928496956,0.6573893807370532
26070,Neutral,0.5206956674027932,0.013645447250616904,0.46565888534659
26071,LOF,0.025885505016974626,0.010286131146821361,0.9638283638362041
26072,LOF,0.005498832484098309,0.02403179172768955,0.9704693757882121
26073,LOF,0.023169626655579877,0.012497732000324805,0.9643326413440954
26074,Neutral,0.9289875764110292,0.006094738663550972,0.06491768492541967
26075,LOF,0.04179774130339642,0.01429196934308492,0.9439102893535186
26076,LOF,0.03746125318543377,0.009501812696189596,0.9530369341183766
26077,LOF,0.12181390235671216,0.008452707914285344,0.8697333897290025
26078,LOF,0.005519264007516235,0.0140604883126623,0.9804202476798215
26079,LOF,0.05786553664638407,0.015543731297639325,0.9265907320559766
26080,LOF,0.05532933696003759,0.015593767822049284,0.929076895217913
26081,LOF,0.031230393835474782,0.007551728512422231,0.9612178776521031
26082,LOF,0.004545397947258952,0.016001959767826666,0.9794526422849144
26083,LOF,0.10885609955808144,0.015662411981899986,0.8754814884600185
26084,LOF,0.04346236086658293,0.012909685379876409,0.9436279537535406
26085,LOF,0.0382131162985407,0.011717946778927535,0.9500689369225318
26086,LOF,0.02411839846541476,0.011069360909296942,0.9648122406252883
26087,LOF,0.023083775392548144,0.009439860478664575,0.9674763641287872
26088,LOF,0.005484738117000083,0.022946665311221866,0.9715685965717781
26089,LOF,0.042306399915309024,0.01989063443111673,0.9378029656535741
26090,LOF,0.04103361738043059,0.015907342446779566,0.9430590401727899
26091,LOF,0.029441051670738766,0.0071931947305440055,0.9633657535987173
26092,LOF,0.02551578921572977,0.00776543556567602,0.9667187752185943
26093,LOF,0.04201357164740204,0.006242910370662513,0.9517435179819355
26094,LOF,0.033860724137310935,0.006605582660041524,0.9595336932026476
26095,LOF,0.017118091412530557,0.01712957367843046,0.9657523349090389
26096,LOF,0.19125817190778654,0.0060021874893771525,0.8027396406028362
26097,LOF,0.004903476213934223,0.04122400948594642,0.9538725143001193
26098,LOF,0.07546365647273721,0.014646396417587712,0.9098899471096751
26099,LOF,0.023284040141775153,0.013022684402049019,0.9636932754561759
26100,LOF,0.023138811396714847,0.013024524405894399,0.9638366641973907
26101,LOF,0.0562733766084404,0.018303347080162534,0.925423276311397
26102,LOF,0.0213047444852397,0.014084504348707427,0.964610751166053
26103,Neutral,0.8387001420505753,0.01876551232855018,0.14253434562087441
26104,LOF,0.07181394051496737,0.022627137531418193,0.9055589219536143
26105,LOF,0.24132896257173161,0.17607525155125697,0.5825957858770114
26106,LOF,0.360040493571384,0.11627594354394306,0.5236835628846729
26107,LOF,0.021980879193651045,0.11090807050647707,0.8671110502998718
26108,LOF,0.3219881625176471,0.04423976852477747,0.6337720689575754
26109,LOF,0.03450340379644528,0.07216337696854304,0.8933332192350116
26110,LOF,0.22099916783706608,0.006239139954338403,0.7727616922085956
26111,LOF,0.06613388487423634,0.07359538740967562,0.860270727716088
26112,LOF,0.03532177085040502,0.007064991332637179,0.9576132378169578
26113,LOF,0.06861623594245668,0.014863294858328404,0.9165204691992149
26114,LOF,0.07061871504746645,0.013524045951817528,0.9158572390007159
26115,LOF,0.015593261539100322,0.07897667743065764,0.905430061030242
26116,LOF,0.09853611224754846,0.04612036172429361,0.8553435260281579
26117,LOF,0.38608277149390585,0.039722685797880755,0.5741945427082135
26118,LOF,0.03128598264749339,0.019902325760203357,0.9488116915923033
26119,LOF,0.004855134056326153,0.04128555493837166,0.9538593110053023
26120,LOF,0.02544716624279439,0.01814066806456816,0.9564121656926374
