feature0,prediction,LoGoFunc_Neutral,LoGoFunc_GOF,LoGoFunc_LOF
25546,Neutral,0.7764414326893171,0.026833761951241427,0.19672480535944148
25547,Neutral,0.6159388699627044,0.06130799284947078,0.32275313718782483
25548,Neutral,0.6064902364583535,0.047900669778419294,0.34560909376322724
25549,Neutral,0.5121777689356622,0.04883573345877941,0.4389864976055583
25550,LOF,0.3536272224771123,0.10176028708608106,0.5446124904368066
25551,LOF,0.2988528738428668,0.11785899432816746,0.5832881318289657
25552,LOF,0.18654671724920782,0.12216666138596324,0.691286621364829
25553,Neutral,0.8276303317575091,0.030004336817824957,0.14236533142466604
25554,LOF,0.22994566042083522,0.11914360700411834,0.6509107325750465
25555,LOF,0.18192571880990963,0.09713061614579642,0.720943665044294
25556,LOF,0.4138345566674825,0.0986915699150086,0.4874738734175089
25557,LOF,0.17775277976361775,0.10945697092323574,0.7127902493131465
25558,LOF,0.22985274636588385,0.12245594399206673,0.6476913096420495
25559,LOF,0.3874204100897022,0.05847142477393284,0.554108165136365
25560,LOF,0.06142075532166877,0.19389762932021382,0.7446816153581174
25561,LOF,0.10857527442049922,0.2177298732453618,0.673694852334139
25562,LOF,0.10595647969695701,0.10149160083632441,0.7925519194667185
25563,LOF,0.1076563992336753,0.12392537191333654,0.7684182288529882
25564,LOF,0.12258778515466408,0.23093639758986312,0.6464758172554728
25565,LOF,0.12304221781571154,0.1802166800180738,0.6967411021662147
25566,GOF,0.012669712865993344,0.7065923302207225,0.2807379569132841
25567,LOF,0.013823657741334459,0.1255581094714167,0.8606182327872489
25568,LOF,0.04860764801016335,0.05786813269767791,0.8935242192921586
25569,LOF,0.06332931933658327,0.05747031868248502,0.8792003619809317
25570,LOF,0.06540841893602316,0.09857525232132773,0.8360163287426491
25571,LOF,0.06493509632086748,0.08589878697858513,0.8491661167005473
25572,LOF,0.0674856381881743,0.12831252757417771,0.804201834237648
25573,LOF,0.02989371639958419,0.08407459945352153,0.8860316841468944
25574,LOF,0.019114882336724585,0.13523572130715725,0.8456493963561181
25575,LOF,0.05325879106038495,0.09295719806268551,0.8537840108769295
25576,LOF,0.02025305867488274,0.10116769914908867,0.8785792421760286
25577,LOF,0.015030101164934334,0.13712733405476055,0.8478425647803051
25578,LOF,0.24036178978746142,0.07684275391589061,0.682795456296648
25579,LOF,0.24186998734730722,0.076173865376041,0.6819561472766519
25580,LOF,0.03658555236816757,0.07944368169946672,0.8839707659323658
25581,LOF,0.05144478928689206,0.05849438734334401,0.890060823369764
25582,LOF,0.051218673818331686,0.05595068532543531,0.892830640856233
25583,LOF,0.045944237769855505,0.07789432182916997,0.8761614404009745
25584,Neutral,0.48314398062016783,0.07160500087127492,0.44525101850855725
25585,LOF,0.03610525829659402,0.09643465029470806,0.8674600914086978
25586,LOF,0.04114787931302532,0.07039080192363273,0.8884613187633419
25587,LOF,0.03707075101308936,0.06399228559143538,0.8989369633954752
25588,LOF,0.03922804662413273,0.08091050801948216,0.879861445356385
25589,Neutral,0.6186995978552476,0.08812290182588017,0.29317750031887224
25590,LOF,0.03056643611755564,0.11381548894850482,0.8556180749339395
25591,LOF,0.1255839007957908,0.042963813132173734,0.8314522860720355
25592,LOF,0.1067250241341679,0.11016657708306536,0.7831083987827667
25593,LOF,0.018127335927356315,0.21438093998422317,0.7674917240884205
25594,LOF,0.037273777202124055,0.19327156786702293,0.769454654930853
25595,LOF,0.058482592406918464,0.15483658767462946,0.786680819918452
25596,LOF,0.061935334380536625,0.10931853996931948,0.8287461256501439
25597,LOF,0.06084913836868479,0.06818237341268582,0.8709684882186295
25598,LOF,0.04694855564408504,0.19132815061276312,0.7617232937431518
25599,GOF,0.007234919965975855,0.6872145608576888,0.30555051917633536
25600,GOF,0.00800694094428552,0.57381644108831,0.4181766179674045
25601,LOF,0.0066710372580464925,0.4582859560574439,0.5350430066845097
25602,LOF,0.01757139286639722,0.0703164096203754,0.9121121975132274
25603,LOF,0.038025516493952714,0.028934397151068672,0.9330400863549786
25604,LOF,0.047801720929398474,0.049317999220887115,0.9028802798497145
25605,LOF,0.010206993076876815,0.21421429665701713,0.775578710266106
25606,LOF,0.06468269540831671,0.4394757012690929,0.4958416033225904
25607,LOF,0.004132189072310141,0.13310041353653415,0.8627673973911557
25608,LOF,0.07042511839572384,0.058288731104181354,0.8712861505000948
25609,LOF,0.0627676468835124,0.35817830384043914,0.5790540492760484
25610,LOF,0.049319965418664326,0.03599856187796164,0.914681472703374
25611,LOF,0.06186415528907085,0.029064555172284602,0.9090712895386446
25612,LOF,0.12027343155349564,0.060564727307130285,0.8191618411393741
25613,LOF,0.10645489118122622,0.04538517770613489,0.848159931112639
25614,LOF,0.041944724636884145,0.04251005823294226,0.9155452171301736
25615,LOF,0.05714714070358778,0.037560164777279935,0.9052926945191324
25616,LOF,0.041614846356719463,0.04354212327699337,0.9148430303662871
25617,LOF,0.04535436531616733,0.04374568418622848,0.9108999504976042
25618,LOF,0.2829954864937477,0.04481117644752902,0.6721933370587232
25619,LOF,0.04193266894548281,0.035057749603883304,0.9230095814506339
25620,LOF,0.043948613886150914,0.04831144478849854,0.9077399413253505
25621,LOF,0.04302556534593416,0.03140305286488914,0.9255713817891768
25622,LOF,0.03454688623217615,0.05054353861881952,0.9149095751490044
25623,LOF,0.06675241057833017,0.03720867427961249,0.8960389151420574
25624,LOF,0.03406145538749071,0.04825196843862168,0.9176865761738875
25625,LOF,0.041120250483623576,0.05175720504656791,0.9071225444698086
25626,LOF,0.09261752573692353,0.037882459098038834,0.8695000151650377
25627,Neutral,0.5743585683359599,0.10357730909636159,0.3220641225676785
25628,LOF,0.20421297314084813,0.05359540375340291,0.7421916231057489
25629,LOF,0.0912273347027269,0.1363680735243754,0.7724045917728978
25630,LOF,0.20182837292978964,0.09228927148647348,0.7058823555837369
25631,Neutral,0.5984255856592386,0.05740598528212154,0.34416842905863976
25632,LOF,0.021728929282534393,0.09810714938577868,0.8801639213316869
25633,LOF,0.2144464002344863,0.10350254010927842,0.6820510596562352
25634,LOF,0.03610592931835959,0.1115468500396634,0.8523472206419771
25635,LOF,0.03469649630383861,0.10311082482382143,0.86219267887234
25636,GOF,0.0063188915256959036,0.6943038885436577,0.2993772199306464
25637,GOF,0.004932381954319406,0.5553740720432974,0.4396935460023832
25638,GOF,0.008998094761681041,0.5026029572594938,0.48839894797882516
25639,LOF,0.004824991461215581,0.4900917899181672,0.5050832186206173
25640,GOF,0.38295187810636294,0.5767172658342429,0.04033085605939413
25641,LOF,0.0065916601857418135,0.31899935082949094,0.6744089889847672
25642,LOF,0.27114791531389065,0.11731578051286193,0.6115363041732473
25643,LOF,0.22469509182874234,0.33738398928197905,0.4379209188892786
25644,GOF,0.02992540344449964,0.6659549125806128,0.3041196839748874
25645,GOF,0.024661449166130885,0.6456380766252008,0.3297004742086685
25646,LOF,0.023201613626080097,0.4699051874365088,0.5068931989374111
25647,LOF,0.018285938468382786,0.33367329670156787,0.6480407648300492
25648,LOF,0.016048026204676373,0.38246901919874426,0.6014829545965794
25649,LOF,0.015829549262086615,0.2763635631121409,0.7078068876257725
25650,GOF,0.0493368390890048,0.6077330470048612,0.34293011390613404
25651,LOF,0.012701980414608826,0.29516953802092005,0.6921284815644712
25652,LOF,0.02147067955241576,0.4166411120170754,0.5618882084305089
25653,GOF,0.09670928699854113,0.5805216193399666,0.32276909366149215
25654,LOF,0.01607944858344406,0.3842319238302668,0.5996886275862892
25655,GOF,0.1416447291436207,0.5409597035315618,0.31739556732481755
25656,LOF,0.05364779092679538,0.10705803879757211,0.8392941702756325
25657,LOF,0.2863498666744442,0.050539297360214994,0.6631108359653408
25658,LOF,0.03106338098006563,0.1848093288395051,0.7841272901804294
25659,LOF,0.20534820348868377,0.09777694437853858,0.6968748521327776
25660,LOF,0.10083210539401967,0.1051652016169499,0.7940026929890304
25661,LOF,0.0825140282917226,0.06977876512092471,0.8477072065873528
25662,LOF,0.036468929206777356,0.05447035977735108,0.9090607110158716
25663,LOF,0.042167297074015564,0.10030930763637397,0.8575233952896104
25664,LOF,0.030038887030332265,0.13716823510208243,0.8327928778675854
25665,LOF,0.048404273137430814,0.06136652184611004,0.8902292050164591
25666,LOF,0.042764381543624004,0.18119922331988447,0.7760363951364916
25667,LOF,0.03661948673390202,0.05564983383633349,0.9077306794297645
25668,LOF,0.05139023799464333,0.05461432294110622,0.8939954390642504
25669,LOF,0.05555716858965876,0.08530096153060222,0.859141869879739
25670,LOF,0.12554569749217512,0.11128412592998475,0.7631701765778401
25671,LOF,0.04603615638131596,0.052535902381413,0.901427941237271
25672,LOF,0.04716842241599506,0.08121166276672863,0.8716199148172763
25673,LOF,0.03673220963791219,0.08569279342923256,0.8775749969328552
25674,LOF,0.02654924653739002,0.1009347591163407,0.8725159943462693
25675,LOF,0.034752858179342545,0.08750287281706737,0.87774426900359
25676,LOF,0.034162715779674904,0.07084057238713536,0.8949967118331896
25677,LOF,0.08993890676621759,0.06288028633347739,0.8471808069003051
25678,LOF,0.1547033137438149,0.05544721229457541,0.7898494739616098
25679,LOF,0.10699077704631733,0.08580971459111932,0.8071995083625634
25680,LOF,0.08912243671383398,0.09828938576578848,0.8125881775203776
25681,LOF,0.10597269914133793,0.08904307618517518,0.804984224673487
25682,LOF,0.05350518700884047,0.07052140702704209,0.8759734059641175
25683,LOF,0.07566178295763022,0.1074735633339702,0.8168646537083996
25684,LOF,0.06898495247185416,0.07260322915929415,0.8584118183688517
25685,LOF,0.11149230382887847,0.05175135356012566,0.8367563426109959
25686,LOF,0.0374043104665162,0.1155743062565541,0.8470213832769298
25687,LOF,0.060186855720910884,0.11537543866437772,0.8244377056147114
25688,LOF,0.018911359300748175,0.0682166288623576,0.9128720118368941
25689,LOF,0.01617070380986576,0.047198460218727326,0.9366308359714068
25690,LOF,0.01582532601248938,0.05409523091305529,0.9300794430744554
25691,LOF,0.11846697926203367,0.0685898059219781,0.8129432148159881
25692,LOF,0.18002100243311986,0.011602114337717675,0.8083768832291623
25693,LOF,0.04271083103964247,0.1501317746820078,0.8071573942783496
25694,LOF,0.26910865817978913,0.011823987091273783,0.719067354728937
25695,LOF,0.211114308957411,0.02007228508702367,0.7688134059555652
25696,LOF,0.14945949825553115,0.016185950910399396,0.8343545508340695
25697,LOF,0.1321831710385542,0.03730075879475657,0.8305160701666893
25698,LOF,0.020602857332808384,0.3288031875182125,0.6505939551489791
25699,LOF,0.08806363081571636,0.09730695417558423,0.8146294150086995
25700,LOF,0.033240830867359544,0.018164328907303177,0.9485948402253372
25701,LOF,0.016813306456212516,0.10593200461196495,0.8772546889318226
25702,GOF,0.01966920842289778,0.7662872320107302,0.21404355956637194
25703,LOF,0.01871815426982848,0.24704930630717092,0.7342325394230005
25704,LOF,0.09533570063939405,0.24247303308170712,0.6621912662788988
25705,LOF,0.08873252797740312,0.30337374816110246,0.6078937238614944
25706,GOF,0.019101045243697216,0.6973033124918692,0.2835956422644335
25707,GOF,0.028645222882689437,0.6418099453094795,0.32954483180783095
25708,GOF,0.008740029425893369,0.63301977638629,0.35824019418781655
25709,LOF,0.026389111264410348,0.09131966511855971,0.88229122361703
25710,LOF,0.005464183433011667,0.24746525855850596,0.7470705580084824
25711,LOF,0.02924625152025774,0.15325789110839538,0.8174958573713469
25712,LOF,0.00703489937373882,0.30686279980038844,0.6861023008258728
25713,LOF,0.022960620054280654,0.1319609262491477,0.8450784536965716
25714,LOF,0.02568785596745604,0.16948720679240523,0.8048249372401387
25715,LOF,0.028400899323135456,0.1471215640521608,0.8244775366247037
25716,LOF,0.008157481572962033,0.2125037996087037,0.7793387188183343
25717,LOF,0.006022939566062177,0.23223150310524754,0.7617455573286903
25718,LOF,0.025847867913850565,0.10855897949615298,0.8655931525899965
25719,LOF,0.03470342951010569,0.14664948052022936,0.818647089969665
25720,LOF,0.0350853938705192,0.1320246690666442,0.8328899370628365
25721,LOF,0.030565734218860156,0.12557417952655023,0.8438600862545895
25722,LOF,0.01932097565108908,0.17103023268733453,0.8096487916615764
25723,LOF,0.029161263343942083,0.12913301381215891,0.841705722843899
25724,LOF,0.027376458135901022,0.22005378629681333,0.7525697555672858
25725,LOF,0.02958267791918644,0.11140366883306266,0.8590136532477509
25726,LOF,0.020503573636542077,0.15128484818740054,0.8282115781760574
25727,LOF,0.027596031927802328,0.15156238345422346,0.8208415846179742
25728,LOF,0.02583829193020176,0.14489971588663558,0.8292619921831627
25729,LOF,0.025492865620569474,0.16734195356465076,0.8071651808147798
25730,LOF,0.029761651826029842,0.11287427597283972,0.8573640722011305
25731,LOF,0.009586070843490812,0.24495928226174682,0.7454546468947624
25732,LOF,0.021456945163795593,0.13964913652940822,0.8388939183067962
25733,LOF,0.03737726740721024,0.13691447650402844,0.8257082560887614
25734,LOF,0.0063418531057595675,0.3296925124727898,0.6639656344214507
25735,LOF,0.024434911579776085,0.11205785155788626,0.8635072368623375
25736,LOF,0.02336289027189877,0.19416677359171522,0.782470336136386
25737,LOF,0.058545677952935186,0.16183489417929542,0.7796194278677695
25738,LOF,0.02536719645649816,0.2018985998845613,0.7727342036589405
25739,LOF,0.029468595438855254,0.13089414388301981,0.839637260678125
25740,LOF,0.032047249516172424,0.15872162038274312,0.8092311301010844
25741,LOF,0.034358402887761465,0.14780516618239906,0.8178364309298395
25742,LOF,0.04904019551209388,0.15525814974273933,0.7957016547451669
25743,LOF,0.011338284076108002,0.021707935694259085,0.966953780229633
25744,LOF,0.22107411580187772,0.21120836806989848,0.5677175161282237
25745,LOF,0.035991302132788366,0.06087023709436579,0.9031384607728459
25746,LOF,0.014965482634877255,0.08360790620562777,0.9014266111594951
25747,LOF,0.03641274973216524,0.025097351452338854,0.9384898988154959
25748,LOF,0.2709795450423254,0.04548737833924665,0.6835330766184279
25749,LOF,0.01670277091992461,0.052911109431056175,0.9303861196490193
25750,LOF,0.022098425463665344,0.0558142090180107,0.9220873655183238
25751,LOF,0.036940472089818294,0.035486008307101434,0.9275735196030803
25752,GOF,0.07877973020494348,0.7118336418296193,0.20938662796543717
25753,GOF,0.007026754656959393,0.5025430271582608,0.4904302181847797
25754,GOF,0.007215616092769601,0.8960797612192078,0.09670462268802246
25755,GOF,0.006506396591750376,0.5253256603368944,0.4681679430713552
25756,GOF,0.02481581857417443,0.5081995831673637,0.46698459825846195
25757,GOF,0.007612326047283291,0.8807893717051142,0.11159830224760256
25758,GOF,0.008373822201770647,0.9050423154150222,0.08658386238320705
25759,GOF,0.005612374350999132,0.695907584154287,0.2984800414947138
25760,LOF,0.006204934176033268,0.38493030266342687,0.60886476316054
25761,GOF,0.046638809314269926,0.8757607390806639,0.07760045160506622
25762,LOF,0.029544243942040346,0.4315830659323859,0.5388726901255737
25763,LOF,0.005780462916491888,0.37139630851073985,0.6228232285727682
25764,GOF,0.057335273124865326,0.6974903908446061,0.24517433603052866
25765,GOF,0.00757084466559859,0.8854402740906073,0.10698888124379399
25766,GOF,0.04226193640465019,0.8654529110859435,0.0922851525094063
25767,GOF,0.0182914439872361,0.5762464906970747,0.4054620653156894
25768,LOF,0.05104083268843267,0.05834062485763463,0.8906185424539327
25769,LOF,0.04208783081413784,0.06831980237465117,0.889592366811211
25770,LOF,0.20310565587759496,0.08584261197073163,0.7110517321516735
25771,LOF,0.0192975578503478,0.07017832460068749,0.9105241175489647
25772,LOF,0.03294318734417827,0.027853658968466314,0.9392031536873553
25773,LOF,0.02158524376068829,0.08456158786077234,0.8938531683785392
25774,LOF,0.02922031972724174,0.14787191753488205,0.8229077627378762
25775,LOF,0.020849333501821173,0.05106001705840592,0.9280906494397729
25776,LOF,0.030578047643128412,0.02072931046398071,0.9486926418928909
25777,LOF,0.3161197247356268,0.09712275192965118,0.5867575233347221
25778,LOF,0.028128489780515364,0.051501381456132145,0.9203701287633526
25779,GOF,0.06455920483745982,0.858593060943708,0.07684773421883206
25780,GOF,0.08386262555335322,0.8534038720088071,0.06273350243783987
25781,GOF,0.040424388635519046,0.8198272822143444,0.13974832915013669
25782,GOF,0.04400213325312208,0.8806605124454231,0.07533735430145475
25783,GOF,0.04310689863923133,0.8933905042877093,0.0635025970730594
25784,GOF,0.1337155096559017,0.818447364251536,0.04783712609256223
25785,GOF,0.1434393197866971,0.8154435235160381,0.0411171566972648
25786,GOF,0.011886943033604843,0.8435553446439749,0.14455771232242043
25787,GOF,0.2788883334409219,0.6656138754887789,0.05549779107029911
25788,LOF,0.018870060542219593,0.16612654943930785,0.8150033900184726
25789,GOF,0.02251148279381479,0.8364553934490258,0.14103312375715937
25790,GOF,0.03327833335089307,0.8763348671125354,0.09038679953657137
25791,GOF,0.03838537697026673,0.6633708979805918,0.2982437250491415
25792,GOF,0.04830911749782547,0.7244051865153753,0.22728569598679926
25793,GOF,0.05248122914635928,0.810394712050372,0.13712405880326872
25794,GOF,0.06448701007301023,0.6988159268702959,0.23669706305669394
25795,GOF,0.06317994545846035,0.7165158635166983,0.22030419102484136
25796,GOF,0.13501592731026127,0.7564624707653635,0.10852160192437506
25797,GOF,0.10908615556203834,0.6983979254255023,0.19251591901245935
25798,GOF,0.007929496265467191,0.7570892348128045,0.23498126892172824
25799,GOF,0.005066928617333101,0.6436413851619709,0.351291686220696
25800,GOF,0.03227096844552407,0.7967668493063307,0.17096218224814513
25801,GOF,0.02848435209325435,0.8712694054597544,0.1002462424469913
25802,GOF,0.03397505266724828,0.755853532461798,0.21017141487095367
25803,GOF,0.02421846629069714,0.6877037305626019,0.2880778031467009
25804,GOF,0.040492551723603484,0.7368581386186615,0.2226493096577351
25805,GOF,0.03747923892366133,0.7662742298225822,0.19624653125375663
25806,GOF,0.049311228861516385,0.7881403721205225,0.16254839901796106
25807,GOF,0.017772055702925126,0.7214439382352261,0.26078400606184865
25808,GOF,0.029865193581446667,0.7483495455742842,0.22178526084426892
25809,GOF,0.013951839926001677,0.65968797450662,0.3263601855673782
25810,GOF,0.011764525105270606,0.6431974193481196,0.3450380555466099
25811,GOF,0.06558950668543836,0.8587431097573464,0.07566738355721507
25812,GOF,0.038744480138402204,0.7249762397503746,0.23627928011122307
25813,GOF,0.2072953545402587,0.6962934946537761,0.09641115080596518
25814,GOF,0.03678069594259208,0.7154999547795751,0.24771934927783293
25815,GOF,0.06455442458619841,0.7873390047458515,0.14810657066794994
25816,GOF,0.010190315393096155,0.8284903494345268,0.161319335172377
25817,GOF,0.12548042688713146,0.7396999221338993,0.1348196509789693
25818,GOF,0.03525569842474317,0.7477667753585561,0.21697752621670074
25819,GOF,0.06228235148765121,0.7214715547619899,0.2162460937503589
25820,GOF,0.06822864362886759,0.6848768200100834,0.2468945363610491
25821,GOF,0.04500658366435112,0.7328415836253315,0.2221518327103174
25822,GOF,0.07927658346451086,0.7162655867040881,0.20445782983140098
25823,GOF,0.03876499004949084,0.680154574055587,0.2810804358949222
25824,GOF,0.04234422075381214,0.7387535404591138,0.218902238787074
25825,GOF,0.030136434086030176,0.7225424197813499,0.24732114613261996
25826,GOF,0.01398687112143789,0.6802407598572978,0.30577236902126426
25827,GOF,0.018628438792784703,0.6584141627338288,0.3229573984733866
25828,GOF,0.014955898531006007,0.706636124229072,0.278407977239922
25829,GOF,0.004763419189899367,0.6182472652610442,0.3769893155490564
25830,GOF,0.04541979038632222,0.49131103531173065,0.4632691743019471
25831,GOF,0.08676336846881741,0.7802759173900445,0.13296071414113791
25832,GOF,0.011689476996528574,0.6767630059057778,0.3115475170976935
25833,GOF,0.04256840362685038,0.7559708470660351,0.2014607493071146
25834,GOF,0.011984874757104387,0.6951184482857571,0.2928966769571385
25835,GOF,0.030120426364842714,0.7720212418866159,0.1978583317485414
25836,GOF,0.008490023365236972,0.6893518626120732,0.3021581140226899
25837,GOF,0.009421655359206586,0.7030364149104048,0.28754192973038856
25838,GOF,0.022160524052118886,0.7844761065943542,0.19336336935352708
25839,GOF,0.06554317590387793,0.7553975287461092,0.17905929535001291
25840,GOF,0.100887071165492,0.7297159375080591,0.16939699132644892
25841,GOF,0.09093276564828716,0.7714428705473237,0.13762436380438894
25842,GOF,0.0329053672994728,0.8441492500283797,0.12294538267214743
25843,GOF,0.031156470742841013,0.8583168824617027,0.11052664679545625
25844,GOF,0.024564507150779104,0.7769981263740002,0.1984373664752206
25845,GOF,0.0074404782079551335,0.6686776222360252,0.3238818995560196
25846,GOF,0.08576909189900327,0.8124987906504404,0.1017321174505565
25847,GOF,0.018682815023780604,0.8363609074784836,0.144956277497736
25848,GOF,0.027153819562367697,0.7821583162595878,0.19068786417804454
25849,GOF,0.008417751628180373,0.7382452852766448,0.2533369630951749
25850,GOF,0.00752879930112713,0.6491165367881127,0.3433546639107603
25851,GOF,0.006892183041349518,0.5998680754371053,0.3932397415215452
25852,GOF,0.14666035108312583,0.5222619005061937,0.33107774841068044
25853,GOF,0.07761221506880556,0.7327971305984698,0.18959065433272457
25854,GOF,0.007189372729800643,0.6563187866562659,0.3364918406139335
25855,GOF,0.02521540964556999,0.6364085655312101,0.33837602482322005
25856,GOF,0.05084255663906631,0.7117389210587711,0.23741852230216257
25857,GOF,0.02546644336117717,0.6281579804419373,0.3463755761968856
25858,GOF,0.011136814215554559,0.5832413117538121,0.4056218740306334
25859,GOF,0.008179575165775011,0.5609272522505455,0.4308931725836795
25860,GOF,0.11092925777857994,0.7253589094952454,0.16371183272617465
25861,GOF,0.13097247370845483,0.7780597724401207,0.0909677538514245
25862,GOF,0.02629429688752523,0.8679562367570616,0.10574946635541323
25863,GOF,0.024485135094543968,0.8477846713845186,0.12773019352093745
25864,GOF,0.061967906312487664,0.8525699906059655,0.0854621030815468
25865,GOF,0.050089366181102726,0.8284532986319486,0.12145733518694864
25866,GOF,0.022544705767402636,0.8076429164805254,0.16981237775207197
25867,GOF,0.03655540760162261,0.8261850228735165,0.13725956952486104
25868,GOF,0.08472857200406249,0.7624766349987391,0.15279479299719861
25869,GOF,0.38763283867038734,0.5084555617959986,0.10391159953361398
25870,GOF,0.06934443838077825,0.5096069843632528,0.4210485772559689
25871,GOF,0.010926429930183014,0.7740682093861858,0.21500536068363116
25872,GOF,0.026616155117788795,0.7825263756569064,0.19085746922530467
25873,GOF,0.02428009793353513,0.8559229151126095,0.11979698695385536
25874,LOF,0.019320744565570674,0.1800530247819496,0.8006262306524797
25875,LOF,0.023006611303597893,0.11986807516913055,0.8571253135272715
25876,LOF,0.020904490641651976,0.05763519924952604,0.921460310108822
25877,LOF,0.10792595405755603,0.20997759973300667,0.6820964462094373
25878,LOF,0.0703659033458061,0.2743132755921892,0.6553208210620047
25879,LOF,0.01124992826673257,0.1842739429764358,0.8044761287568316
25880,LOF,0.06178651549953464,0.021265924054827162,0.9169475604456381
25881,Neutral,0.5823913803947525,0.09127956607071992,0.3263290535345276
25882,LOF,0.06834902521001733,0.026018230736255265,0.9056327440537274
25883,LOF,0.030310640286824838,0.02808737158942852,0.9416019881237466
25884,LOF,0.022518765145598377,0.04304482805710841,0.9344364067972931
25885,LOF,0.18950730764130597,0.014745648639777197,0.7957470437189168
25886,LOF,0.2457708069680304,0.058978162342461594,0.695251030689508
25887,LOF,0.09921698610411786,0.14279278441391757,0.7579902294819646
25888,LOF,0.008724076009752594,0.20239017676409038,0.7888857472261571
25889,LOF,0.031370356903757744,0.039290307855144195,0.9293393352410981
25890,LOF,0.17342333410351451,0.05756001072963814,0.7690166551668474
25891,LOF,0.1062365151489977,0.036584888098756055,0.8571785967522463
25892,LOF,0.008734547385893887,0.03639706580947822,0.9548683868046279
25893,LOF,0.3072541387812564,0.011845117825733794,0.6809007433930099
25894,LOF,0.35395898368339973,0.007332540791990962,0.6387084755246093
25895,LOF,0.30010627607806084,0.016122452982295022,0.6837712709396441
25896,LOF,0.09680669107520114,0.033109170343568715,0.87008413858123
25897,LOF,0.1297028337753603,0.01166689104911339,0.8586302751755264
25898,LOF,0.14023703277246602,0.03079420656048952,0.8289687606670445
25899,LOF,0.4336394314334541,0.04027928258822151,0.5260812859783244
25900,Neutral,0.6742980069599436,0.014060008931534342,0.31164198410852195
25901,LOF,0.10970546289880494,0.015053490981246524,0.8752410461199486
25902,LOF,0.10199058334183482,0.01686958142921582,0.8811398352289493
25903,LOF,0.1925940901461605,0.03110106743738945,0.77630484241645
25904,Neutral,0.5665644227224668,0.045217486953258605,0.38821809032427457
25905,LOF,0.007327992447533432,0.42195618081794967,0.5707158267345168
25906,LOF,0.009300855272866393,0.06836441369734761,0.922334731029786
25907,LOF,0.008250275445097967,0.26733330088571305,0.7244164236691889
25908,LOF,0.008371446581766615,0.2750113512460755,0.7166172021721579
25909,LOF,0.03210152741742702,0.1007668816414764,0.8671315909410966
25910,LOF,0.012904220738484498,0.1732733832001943,0.8138223960613212
25911,LOF,0.18702338528858722,0.02721274377568218,0.7857638709357306
25912,LOF,0.11185152464895728,0.02022525024987816,0.8679232251011646
25913,LOF,0.02120326703025367,0.028888965532631095,0.9499077674371152
25914,LOF,0.043418279666794145,0.027783260356980047,0.9287984599762259
25915,LOF,0.1816065834295314,0.21711526012419835,0.6012781564462703
25916,LOF,0.013711769130646027,0.09925592270856107,0.887032308160793
25917,LOF,0.07374700299789268,0.028906749243788124,0.8973462477583193
25918,LOF,0.0438178298389692,0.015582857712675176,0.9405993124483556
25919,LOF,0.0358878126252897,0.017273465060531845,0.9468387223141784
25920,LOF,0.306113332806255,0.1861887678659443,0.5076978993278007
25921,LOF,0.0192504512855613,0.01995001226205916,0.9607995364523796
25922,LOF,0.018710095351490166,0.0218910095571864,0.9593988950913234
25923,LOF,0.46337330335714294,0.013533704722649195,0.5230929919202079
25924,LOF,0.030044354905042498,0.0238725285139987,0.9460831165809588
25925,LOF,0.12307700589284505,0.031118874260051145,0.8458041198471038
25926,LOF,0.10054645510123505,0.02374455844238145,0.8757089864563834
25927,LOF,0.03018792183537604,0.028550048940421773,0.9412620292242022
25928,LOF,0.014886763593894231,0.018448449342383114,0.9666647870637226
25929,Neutral,0.6011716092780947,0.013324618606408078,0.3855037721154973
25930,LOF,0.1104043651778213,0.012936221721559012,0.8766594131006197
25931,LOF,0.016454302685235435,0.016529150371796076,0.9670165469429685
25932,LOF,0.09685791388880553,0.013205330656048868,0.8899367554551456
25933,LOF,0.09948634838813074,0.009014589043316338,0.8914990625685529
25934,LOF,0.09740420050879431,0.008357981969763364,0.8942378175214423
25935,LOF,0.11849112475792836,0.02541057599461476,0.8560982992474567
25936,LOF,0.10207472879654092,0.008232220756007068,0.8896930504474521
25937,LOF,0.02466905613158297,0.017723451528203357,0.9576074923402138
25938,LOF,0.11825538073257212,0.02326187005776192,0.8584827492096659
25939,LOF,0.06687997145751355,0.011505617794320978,0.9216144107481654
25940,GOF,0.010999263897844322,0.6174316851877162,0.3715690509144394
25941,Neutral,0.5082516947762062,0.037777392269126915,0.45397091295466685
25942,LOF,0.012344646503820948,0.05241112150805159,0.9352442319881275
25943,LOF,0.05702125198519848,0.18115437262928263,0.761824375385519
25944,LOF,0.05113703913471321,0.10060017921660183,0.8482627816486851
25945,LOF,0.18795712615193286,0.02673363261573022,0.785309241232337
25946,LOF,0.07927710543413849,0.038974708040400326,0.881748186525461
25947,Neutral,0.4912661849597801,0.1398207355549549,0.36891307948526497
25948,LOF,0.3852191402194484,0.011064840455557964,0.6037160193249936
25949,LOF,0.14134929041800218,0.056636368331808094,0.8020143412501898
25950,GOF,0.1033301822951165,0.6333656062107943,0.26330421149408917
25951,LOF,0.014939303681257003,0.423138334781202,0.561922361537541
25952,LOF,0.15236806144403817,0.2678286181544316,0.5798033204015303
25953,LOF,0.007312193675904695,0.2910020200154063,0.701685786308689
25954,LOF,0.06991538479027769,0.45122153577251817,0.478863079437204
25955,LOF,0.010006958946899189,0.32589059957260463,0.6641024414804961
25956,LOF,0.011268673860607589,0.3809531729282207,0.6077781532111718
25957,LOF,0.15861622503193756,0.04540295110513253,0.7959808238629299
25958,LOF,0.030379990789046914,0.057732098006950075,0.911887911204003
25959,GOF,0.007180264285105093,0.733247316031661,0.25957241968323386
25960,LOF,0.005470228612042835,0.11698139384361703,0.8775483775443401
25961,LOF,0.02772717965286603,0.04946755294231239,0.9228052674048216
25962,LOF,0.03462749703943287,0.10206580030557688,0.8633067026549901
25963,LOF,0.010141330549151732,0.16968879650927554,0.8201698729415727
25964,LOF,0.0506063739080766,0.11118074583655156,0.8382128802553718
25965,LOF,0.1625087183171873,0.18319609389447833,0.6542951877883344
25966,LOF,0.3070060401674833,0.10288169245988044,0.5901122673726362
25967,LOF,0.006306260576225447,0.11385252940446082,0.8798412100193138
25968,LOF,0.0472914008880588,0.250722852920263,0.7019857461916782
25969,LOF,0.15171551868631497,0.07180870032102939,0.7764757809926557
25970,LOF,0.06217964648053233,0.07399219094868129,0.8638281625707863
25971,LOF,0.06831116035326709,0.03712422195343157,0.8945646176933013
25972,LOF,0.07852486619166267,0.04281793917142611,0.8786571946369113
25973,LOF,0.05368827046600919,0.01069485955806604,0.9356168699759249
25974,LOF,0.058916482903955104,0.043355564526091815,0.8977279525699531
25975,LOF,0.031067305221403045,0.015133679756015483,0.9537990150225816
25976,LOF,0.08899441179928227,0.013642782999059666,0.897362805201658
25977,LOF,0.2311942707650302,0.04833727085343239,0.7204684583815375
25978,LOF,0.14945950738860658,0.15317201681325998,0.6973684757981334
25979,LOF,0.11648492102714764,0.1601313334701754,0.7233837455026768
25980,LOF,0.20861056707344391,0.2474594613819177,0.5439299715446384
25981,LOF,0.2093341534820993,0.2505913590128891,0.5400744875050116
25982,LOF,0.3418547280158678,0.12080882338916199,0.5373364485949702
25983,Neutral,0.43945210860598516,0.12475582069995213,0.43579207069406267
25984,LOF,0.06222988944618046,0.08321369127276071,0.8545564192810589
25985,Neutral,0.4386005561210616,0.12594278211047502,0.4354566617684633
25986,LOF,0.01430578265339645,0.40730672604043494,0.5783874913061686
25987,LOF,0.04081644559593414,0.09545678457277498,0.8637267698312909
25988,LOF,0.06500207185487566,0.1506765560806146,0.7843213720645097
25989,LOF,0.07434792278510846,0.21955601578857792,0.7060960614263136
25990,LOF,0.06225886786715242,0.3244671313653848,0.6132740007674629
25991,GOF,0.02467357985739422,0.569516812018828,0.40580960812377787
25992,LOF,0.011715297977839698,0.4455359224419604,0.5427487795802
25993,LOF,0.01975856663081847,0.05716807275216011,0.9230733606170214
25994,LOF,0.02337269029946277,0.06986651633007085,0.9067607933704663
25995,LOF,0.017209675393245152,0.127010882082286,0.8557794425244688
25996,GOF,0.30188932465288104,0.4512073309058639,0.2469033444412551
25997,GOF,0.05557094677037052,0.5675041971550225,0.376924856074607
25998,LOF,0.23004053838637936,0.03696038086024983,0.732999080753371
25999,LOF,0.0269092019751563,0.3070153645363355,0.6660754334885083
26000,LOF,0.1460962708484138,0.016686680507443576,0.8372170486441425
26001,LOF,0.16116456880285387,0.021133280951819194,0.817702150245327
26002,LOF,0.09884717466610711,0.02571655060011255,0.8754362747337803
26003,GOF,0.00714501527947364,0.5592616683741225,0.4335933163464038
26004,GOF,0.017124958553141317,0.5673037295201163,0.41557131192674235
26005,LOF,0.005442169416340861,0.46436015042413425,0.530197680159525
26006,GOF,0.0967792873967089,0.5039635127003179,0.3992571999029732
26007,LOF,0.010072542518373827,0.477084496258717,0.5128429612229092
26008,GOF,0.007362900390347461,0.5701483642667883,0.42248873534286435
26009,GOF,0.01230568655550922,0.6151074423951313,0.3725868710493596
26010,GOF,0.009771761473948457,0.5257081086540942,0.46452012987195734
26011,LOF,0.0059610124175536365,0.39644661617767296,0.5975923714047735
26012,GOF,0.005704109267159374,0.5088252577132071,0.48547063301963356
26013,GOF,0.013143363003097513,0.5315392094891099,0.4553174275077926
26014,LOF,0.038529933841025155,0.08732279847956961,0.8741472676794052
26015,LOF,0.4188000420732096,0.023970354373448147,0.5572296035533424
26016,LOF,0.2698308145181662,0.026852053843887357,0.7033171316379464
26017,LOF,0.01734882088721823,0.11240136413389311,0.8702498149788888
26018,LOF,0.03453782237616789,0.06630435944297287,0.8991578181808592
26019,LOF,0.03457604967006316,0.05506359549454831,0.9103603548353885
26020,LOF,0.007219130246602445,0.10902881069702244,0.8837520590563752
26021,LOF,0.0793487433829666,0.051959474388042805,0.8686917822289906
26022,LOF,0.039798091725322914,0.024994431424993725,0.9352074768496834
26023,LOF,0.02491556065130266,0.03996790200801038,0.9351165373406869
26024,LOF,0.05634178486485091,0.03898668146354373,0.9046715336716052
26025,LOF,0.13561636256329665,0.044061883323244226,0.8203217541134592
26026,LOF,0.11975026074372229,0.035755283794530315,0.8444944554617474
26027,LOF,0.03259418686319623,0.02349618163667083,0.9439096315001329
26028,LOF,0.07230492866870694,0.1632600419984905,0.7644350293328026
26029,LOF,0.030956966457521426,0.1970197231333922,0.7720233104090863
26030,LOF,0.12199464508590956,0.029946727270249187,0.8480586276438412
26031,LOF,0.013487022027691063,0.17629166314646685,0.810221314825842
26032,LOF,0.03812792772480209,0.05347785802062175,0.9083942142545762
26033,LOF,0.03946310754701128,0.05755052627349364,0.9029863661794951
26034,LOF,0.018936161720495434,0.12313036102989623,0.8579334772496083
26035,LOF,0.012233971296125152,0.13084755686081512,0.8569184718430597
26036,LOF,0.011208886999063907,0.10675388536090784,0.8820372276400282
26037,LOF,0.011128732460165531,0.11202517054889288,0.8768460969909415
26038,LOF,0.03224570356097316,0.046947913930345926,0.9208063825086809
26039,LOF,0.030589454234026175,0.15309226972196835,0.8163182760440054
26040,LOF,0.08711414508707636,0.1451054859653116,0.767780368947612
26041,LOF,0.01333593888525677,0.11597124737943865,0.8706928137353045
26042,LOF,0.012226394234109808,0.12314697650940366,0.8646266292564866
26043,LOF,0.03350432817155114,0.08379752605685005,0.8826981457715988
26044,LOF,0.0073584408131062515,0.06833968077909562,0.924301878407798
26045,LOF,0.10153939376741188,0.2349959161571428,0.6634646900754452
26046,LOF,0.02959519051541461,0.0558644112923003,0.914540398192285
26047,LOF,0.06994805362099844,0.055983099690755773,0.8740688466882457
26048,LOF,0.0986446387966388,0.025546200798953592,0.8758091604044077
26049,Neutral,0.9443394784776082,0.007198359204642634,0.04846216231774896
26050,Neutral,0.9082888158132132,0.008032652973834079,0.08367853121295285
26051,LOF,0.027784738387465157,0.38909386932323053,0.5831213922893044
26052,LOF,0.029478213849716127,0.31192548802289394,0.6585962981273901
26053,LOF,0.019324738479780876,0.1827564721912529,0.7979187893289661
26054,LOF,0.059306042206433915,0.047031860420814024,0.893662097372752
26055,LOF,0.08784996735144979,0.038478825205094436,0.8736712074434557
26056,LOF,0.07245059565517241,0.046937326224862956,0.8806120781199647
26057,LOF,0.0665679132400794,0.028334571617004856,0.9050975151429158
26058,LOF,0.07167003772722927,0.022763992620556887,0.9055659696522139
26059,LOF,0.2112270283679986,0.05916505292099816,0.7296079187110033
26060,LOF,0.015817575187749226,0.22872299835734594,0.7554594264549048
26061,LOF,0.011698128384257966,0.01910063533522938,0.9692012362805126
26062,LOF,0.006274931128574994,0.030486969057072044,0.963238099814353
26063,LOF,0.049317365454025944,0.016253770665120067,0.9344288638808539
26064,LOF,0.016829944942426907,0.024850532817138286,0.9583195222404348
26065,LOF,0.06729204203033722,0.02959009216136788,0.9031178658082948
26066,LOF,0.06237768949607662,0.019446713972489732,0.9181755965314337
26067,LOF,0.058948270204209285,0.01604284207635842,0.9250088877194322
26068,LOF,0.056468469747570665,0.039443909349667475,0.904087620902762
26069,LOF,0.19983104044630415,0.03204462751191249,0.7681243320417833
26070,LOF,0.4001855543765912,0.01829323110190128,0.5815212145215075
26071,LOF,0.0521712104869472,0.01990160282103982,0.927927186692013
26072,LOF,0.00719506784313021,0.023951208183422983,0.9688537239734468
26073,LOF,0.04959889663860423,0.017138697410726333,0.9332624059506694
26074,Neutral,0.6882356981568652,0.013317804908814186,0.2984464969343205
26075,LOF,0.04715075283707266,0.029944378701252185,0.9229048684616751
26076,LOF,0.044937948233146174,0.02140510382111205,0.9336569479457417
26077,LOF,0.14888776925338645,0.018792351911224827,0.8323198788353888
26078,LOF,0.006527295559421072,0.045032812884578804,0.9484398915560001
26079,LOF,0.06284953228256436,0.03071263698946668,0.906437830727969
26080,LOF,0.06171638077948454,0.030851692834078598,0.9074319263864368
26081,LOF,0.04724587284553293,0.017288887591885994,0.9354652395625812
26082,LOF,0.00680657457979268,0.02689563571632817,0.9662977897038791
26083,LOF,0.114101487790721,0.02944553307391006,0.8564529791353689
26084,LOF,0.12612444524912572,0.028752103523812546,0.8451234512270617
26085,LOF,0.11387343133984315,0.023883578458783788,0.8622429902013731
26086,LOF,0.04173168965742248,0.025624064092864517,0.932644246249713
26087,LOF,0.044992666740171466,0.020516865234810347,0.9344904680250181
26088,LOF,0.007374025283564096,0.055056585624862694,0.9375693890915732
26089,LOF,0.04421326931005139,0.04138912533848604,0.9143976053514625
26090,LOF,0.04328466615766109,0.037277079568708064,0.9194382542736309
26091,LOF,0.03351253135924977,0.015322813766679879,0.9511646548740704
26092,LOF,0.043804994830111195,0.013831781663549935,0.9423632235063388
26093,LOF,0.0646929607918098,0.009120506548238356,0.9261865326599518
26094,LOF,0.04046328097018295,0.012452270474172604,0.9470844485556444
26095,LOF,0.012356137404660761,0.03258058163279414,0.9550632809625451
26096,LOF,0.25208318236585825,0.007360392411172407,0.7405564252229694
26097,LOF,0.006643103352111556,0.06700659104431679,0.9263503056035717
26098,LOF,0.056495563777363866,0.028063716685108965,0.9154407195375273
26099,LOF,0.049624609982281666,0.032045834615252275,0.9183295554024661
26100,LOF,0.04954947003527,0.03204836826915391,0.9184021616955762
26101,LOF,0.04792327900782088,0.0574039241975288,0.8946727967946504
26102,LOF,0.04216580747130475,0.02380174035750455,0.9340324521711908
26103,Neutral,0.9012354998201992,0.0350008725068017,0.06376362767299917
26104,LOF,0.05431484730021215,0.05990546026551468,0.8857796924342732
26105,LOF,0.26620934440747335,0.07449482533861328,0.6592958302539134
26106,LOF,0.2787196367247796,0.03393875952833116,0.6873416037468892
26107,LOF,0.01640469816170149,0.07114029509127441,0.9124550067470241
26108,LOF,0.1653348452619176,0.05351087452295732,0.781154280215125
26109,LOF,0.05288123720617388,0.06305556802972329,0.8840631947641029
26110,LOF,0.42426478105768844,0.012126929094112253,0.5636082898481993
26111,LOF,0.07111085546730024,0.0690946587339334,0.8597944857987664
26112,LOF,0.06668422514726319,0.012826872959363035,0.9204889018933737
26113,LOF,0.12017345681993911,0.031158989302422457,0.8486675538776385
26114,LOF,0.08929808635084036,0.009775784611056994,0.9009261290381028
26115,LOF,0.0191454055430375,0.08158252553983437,0.8992720689171281
26116,LOF,0.07829666562987743,0.028583174795878463,0.8931201595742441
26117,LOF,0.3648659220294224,0.03482882109442622,0.6003052568761513
26118,LOF,0.037872089195181036,0.019201765212001697,0.9429261455928172
26119,LOF,0.00594666338888034,0.08428550102548342,0.9097678355856362
26120,LOF,0.03382209478814246,0.013212971706400723,0.9529649335054567
26121,LOF,0.004302355556628667,0.1077534017724843,0.8879442426708871
26122,LOF,0.005302509404160198,0.09726172877619961,0.8974357618196401
