feature0,prediction,LoGoFunc_Neutral,LoGoFunc_GOF,LoGoFunc_LOF
25546,Neutral,0.7639802827204228,0.030502493036986357,0.20551722424259083
25547,Neutral,0.6009997156452099,0.0660060513714048,0.3329942329833853
25548,Neutral,0.6238616588888938,0.048572312339636256,0.32756602877146995
25549,Neutral,0.5362515825546904,0.047688109043689,0.41606030840162067
25550,LOF,0.3653469916920054,0.10491294328081116,0.5297400650271834
25551,LOF,0.28917373791779427,0.11172018801693667,0.5991060740652692
25552,LOF,0.21283649378762395,0.10393788019838364,0.6832256260139925
25553,Neutral,0.8648022776776131,0.023571174909255272,0.11162654741313158
25554,LOF,0.2495960461053359,0.09833268778175683,0.6520712661129072
25555,LOF,0.20643918396926006,0.08639483649596141,0.7071659795347787
25556,Neutral,0.4683920595556278,0.08618517025028653,0.44542277019408566
25557,LOF,0.19690251285652466,0.09204174956754103,0.7110557375759343
25558,LOF,0.23553750086957578,0.0977654127267591,0.6666970864036651
25559,LOF,0.3709798761245135,0.09337418565896238,0.5356459382165241
25560,LOF,0.05612765428975129,0.13094483317398734,0.8129275125362614
25561,LOF,0.13192146323222836,0.13540918563698662,0.732669351130785
25562,LOF,0.07962162136520401,0.07105658236469369,0.8493217962701023
25563,LOF,0.10525567661924404,0.06861980274603367,0.8261245206347223
25564,LOF,0.2584150878913076,0.1224401784541501,0.6191447336545423
25565,LOF,0.13979521786173946,0.13379816600200517,0.7264066161362553
25566,GOF,0.01221229314446187,0.7703473089372421,0.217440397918296
25567,LOF,0.021996714841567053,0.1952103107332947,0.7827929744251382
25568,LOF,0.05657464590959079,0.07315464477669918,0.87027070931371
25569,LOF,0.062124679472961374,0.07208330708333595,0.8657920134437026
25570,LOF,0.05816582386400064,0.12105020689609285,0.8207839692399065
25571,LOF,0.0487647812094485,0.11325503054646631,0.8379801882440852
25572,LOF,0.06417047643307879,0.1278385256976123,0.807990997869309
25573,LOF,0.037744215276983385,0.10476980181212624,0.8574859829108903
25574,LOF,0.020930239151510373,0.16099808680783367,0.818071674040656
25575,LOF,0.039987826222646405,0.12513621274138623,0.8348759610359674
25576,LOF,0.01936479521555226,0.14740977127401106,0.8332254335104367
25577,LOF,0.016102299917530306,0.13457603893374914,0.8493216611487204
25578,LOF,0.3009842722108151,0.09180083280092574,0.6072148949882592
25579,LOF,0.13225485092082095,0.10821819964950764,0.7595269494296715
25580,LOF,0.029140103522608565,0.09690716460287857,0.873952731874513
25581,LOF,0.05409980365391321,0.07580928345381485,0.870090912892272
25582,LOF,0.05366139467324415,0.07410432492406682,0.872234280402689
25583,LOF,0.037709481871299,0.10962679052532825,0.8526637276033727
25584,Neutral,0.4830784413233916,0.12309771637199818,0.39382384230461026
25585,LOF,0.022209337297864912,0.15867538779168772,0.8191152749104473
25586,LOF,0.027654761616101208,0.09282386267901381,0.879521375704885
25587,LOF,0.028568956959854275,0.08207187932880686,0.8893591637113388
25588,LOF,0.02906156885326523,0.09940396067577809,0.8715344704709568
25589,Neutral,0.6212447495297843,0.12909207619298405,0.24966317427723173
25590,LOF,0.03420167570672144,0.14384219871270165,0.8219561255805768
25591,LOF,0.09482809370053999,0.06420359048205072,0.8409683158174094
25592,LOF,0.09323136463688823,0.1542842309280842,0.7524844044350276
25593,LOF,0.03296922763210282,0.29946392018497425,0.6675668521829229
25594,LOF,0.047111354752983066,0.14719767482006232,0.8056909704269547
25595,LOF,0.05843280225400063,0.10469692120037935,0.8368702765456201
25596,LOF,0.05318408355358427,0.07143836862151029,0.8753775478249054
25597,LOF,0.03781212938100584,0.06815563841642218,0.8940322322025721
25598,LOF,0.05394376280289071,0.10521344849395192,0.8408427887031573
25599,GOF,0.006135343138712212,0.6039028618643018,0.38996179499698613
25600,GOF,0.012562754444952619,0.6111681904460734,0.3762690551089739
25601,LOF,0.008548196119022137,0.4570314744553622,0.5344203294256158
25602,LOF,0.018940133874983958,0.04372359179044897,0.937336274334567
25603,LOF,0.06507361029501786,0.018416890525051615,0.9165094991799305
25604,LOF,0.035749846146401386,0.044219892187825016,0.9200302616657735
25605,LOF,0.009659191014556886,0.20106332353469164,0.7892774854507516
25606,LOF,0.09354562353456579,0.3533001980271931,0.5531541784382411
25607,LOF,0.006708430588311829,0.17747854741869323,0.8158130219929949
25608,LOF,0.01530430385944317,0.09568608531492749,0.8890096108256293
25609,LOF,0.05857899598885222,0.42996654643056953,0.5114544575805783
25610,LOF,0.03284431606063373,0.023159409307141963,0.9439962746322242
25611,LOF,0.040519819028255404,0.02336637208858439,0.9361138088831602
25612,LOF,0.0991401106667357,0.03415051398634382,0.8667093753469204
25613,LOF,0.08601763557010997,0.03543956403279229,0.8785428003970978
25614,LOF,0.0325905250856022,0.030085354735636158,0.9373241201787617
25615,LOF,0.037835574457421306,0.039855559843436764,0.9223088656991418
25616,LOF,0.027341094210808155,0.02955196023787246,0.9431069455513195
25617,LOF,0.027484948318897896,0.03285940981708686,0.9396556418640152
25618,LOF,0.1457650538927505,0.025710943778373137,0.8285240023288764
25619,LOF,0.029423508856534327,0.029634874406614407,0.9409416167368513
25620,LOF,0.03617058179571724,0.03855214750581569,0.9252772706984671
25621,LOF,0.027271635147523853,0.032789169049585835,0.9399391958028903
25622,LOF,0.03565198503478918,0.03237691207541097,0.9319711028897999
25623,LOF,0.05116768835690044,0.025285237644158822,0.9235470739989408
25624,LOF,0.025596509343276074,0.03658074162492612,0.9378227490317977
25625,LOF,0.03710518236440207,0.037733096217663416,0.9251617214179345
25626,LOF,0.07839541549397593,0.03044211030078335,0.8911624742052408
25627,Neutral,0.5641076045688788,0.10761033794471997,0.32828205748640127
25628,LOF,0.2206644574234741,0.054680717016256306,0.7246548255602695
25629,LOF,0.056739729739667066,0.057853790766283955,0.885406479494049
25630,LOF,0.18487905567297436,0.08515895798715128,0.7299619863398744
25631,Neutral,0.6117223414194982,0.058007705494492315,0.3302699530860094
25632,LOF,0.01353227237137237,0.11468528085430557,0.8717824467743219
25633,LOF,0.10237883228650244,0.08230710531400284,0.8153140623994947
25634,LOF,0.032523342046627476,0.10845741485946557,0.859019243093907
25635,LOF,0.036138284583284705,0.08173829996482226,0.882123415451893
25636,GOF,0.004126696787641345,0.6183110543168139,0.3775622488955448
25637,GOF,0.003802890449725462,0.652966048167657,0.34323106138261755
25638,LOF,0.00636472271591961,0.39057746526497766,0.6030578120191028
25639,GOF,0.003786800131752655,0.5172971744834836,0.47891602538476385
25640,GOF,0.43732914246732335,0.49708709525205724,0.06558376228061935
25641,LOF,0.008603984690771395,0.3158357753263585,0.6755602399828702
25642,LOF,0.24696346735042268,0.06361593261506729,0.68942060003451
25643,LOF,0.3012326003421961,0.148804099379777,0.5499633002780268
25644,GOF,0.014991951357986045,0.5239827878934336,0.46102526074858036
25645,LOF,0.01163571336655793,0.4527189512831748,0.5356453353502673
25646,LOF,0.016480156054612158,0.31269101494957363,0.6708288289958142
25647,LOF,0.01285551551731254,0.2653834671342566,0.7217610173484308
25648,LOF,0.012838698791482145,0.2782720798666551,0.7088892213418627
25649,LOF,0.011326331964943166,0.18892257194721498,0.7997510960878418
25650,LOF,0.019889458952266993,0.4130820380943911,0.567028502953342
25651,LOF,0.007991421199599833,0.2729175244615665,0.7190910543388337
25652,LOF,0.013595753440703379,0.24629893533041927,0.7401053112288772
25653,LOF,0.04829817640920971,0.3503746610435687,0.6013271625472216
25654,LOF,0.015427041715195423,0.1287851333889359,0.8557878248958687
25655,LOF,0.07041248583335563,0.3802519298689147,0.5493355842977298
25656,LOF,0.09639969651852996,0.06277242789758979,0.8408278755838803
25657,LOF,0.30489250494151765,0.03276578257225757,0.6623417124862248
25658,LOF,0.04547552303900461,0.09563792264453978,0.8588865543164557
25659,LOF,0.379074345903445,0.07668677817288597,0.544238875923669
25660,LOF,0.06374125928769275,0.08463622147596427,0.851622519236343
25661,LOF,0.044662494156974805,0.06771581542484943,0.8876216904181757
25662,LOF,0.026958427742300582,0.04738622411347488,0.9256553481442246
25663,LOF,0.038069792284755856,0.06769376949230067,0.8942364382229435
25664,LOF,0.04819103456318019,0.08289625402675498,0.8689127114100648
25665,LOF,0.05645002952027893,0.042762359720826704,0.9007876107588945
25666,LOF,0.04249141371685237,0.11425953955884259,0.8432490467243051
25667,LOF,0.031148732798997894,0.05190911533921261,0.9169421518617895
25668,LOF,0.03522490101512356,0.05256344718603908,0.9122116517988373
25669,LOF,0.04045089906579483,0.07701960398695293,0.8825294969472522
25670,LOF,0.08377227843191618,0.09166216367342271,0.824565557894661
25671,LOF,0.03830529067797393,0.046449283640075494,0.9152454256819507
25672,LOF,0.06447312460310757,0.05922052672323773,0.8763063486736546
25673,LOF,0.04971186416222782,0.06881766571990366,0.8814704701178684
25674,LOF,0.04622530196028834,0.06961593530182457,0.8841587627378872
25675,LOF,0.053187459672374156,0.05757516963800556,0.8892373706896202
25676,LOF,0.034080581869794443,0.05809178676128204,0.9078276313689235
25677,LOF,0.061370118912499466,0.06389998026004516,0.8747299008274553
25678,LOF,0.2807076091418419,0.0341284054886693,0.6851639853694887
25679,LOF,0.17231880822036905,0.0666468055462496,0.7610343862333814
25680,LOF,0.06048243302958028,0.09752535991888596,0.8419922070515338
25681,LOF,0.10857854073327548,0.090780870499816,0.8006405887669086
25682,LOF,0.04514665656776673,0.0807039831533453,0.874149360278888
25683,LOF,0.10190350884626236,0.08766702998143067,0.8104294611723071
25684,LOF,0.055901502123125425,0.08120599950463252,0.862892498372242
25685,LOF,0.10613753208348455,0.05568479489137635,0.8381776730251391
25686,LOF,0.03984959955209468,0.12039938402886954,0.8397510164190357
25687,LOF,0.0459423642144278,0.09201134200866941,0.8620462937769028
25688,LOF,0.027965440578816454,0.09358377067295794,0.8784507887482256
25689,LOF,0.02086693585206132,0.07325366218985818,0.9058794019580806
25690,LOF,0.01949540787847964,0.08040967034501087,0.9000949217765095
25691,LOF,0.23333543769324414,0.10296837629331754,0.6636961860134384
25692,LOF,0.29095682693956276,0.009115647299483472,0.6999275257609537
25693,LOF,0.10163964185634732,0.16677071913702077,0.731589639006632
25694,LOF,0.2486891286907059,0.017959270542821246,0.7333516007664728
25695,LOF,0.1588694226416391,0.024146556294822444,0.8169840210635384
25696,LOF,0.17044005986130278,0.010705823695677257,0.8188541164430199
25697,LOF,0.12565381483251234,0.03066315078625518,0.8436830343812325
25698,LOF,0.03375159234607713,0.4285491624389072,0.5376992452150158
25699,LOF,0.05678840109586076,0.08238573693625938,0.8608258619678799
25700,LOF,0.03216354480024459,0.010049543382408278,0.9577869118173471
25701,LOF,0.016460216254074893,0.06401882430700562,0.9195209594389195
25702,GOF,0.03833183646246952,0.7247612146706289,0.23690694886690172
25703,LOF,0.01334858754673026,0.19806684853421705,0.7885845639190527
25704,LOF,0.10014718570538875,0.15703747235204168,0.7428153419425696
25705,LOF,0.05987663520058068,0.25608381052052787,0.6840395542788915
25706,GOF,0.05511098160965886,0.5944820704358644,0.35040694795447663
25707,GOF,0.028361568267376496,0.5019474531778274,0.46969097855479613
25708,LOF,0.009090584344974296,0.43704220664899246,0.5538672090060333
25709,LOF,0.01895822567949247,0.06470590023924845,0.916335874081259
25710,LOF,0.008757674725156898,0.16709768031816163,0.8241446449566815
25711,LOF,0.019740386470286555,0.1320292779680916,0.848230335561622
25712,LOF,0.0098619119559647,0.220337143871849,0.7698009441721863
25713,LOF,0.01793609673310652,0.0994291608414986,0.8826347424253949
25714,LOF,0.019184277971934116,0.1459564006711185,0.8348593213569473
25715,LOF,0.019899901889144096,0.11158670080421326,0.8685133973066427
25716,LOF,0.010667237023240482,0.11201101862024221,0.8773217443565173
25717,LOF,0.006341970832164385,0.12983954413335996,0.8638184850344757
25718,LOF,0.018083667970985588,0.07905068355929497,0.9028656484697194
25719,LOF,0.03273388514238038,0.08805607638651795,0.8792100384711016
25720,LOF,0.02250906265304016,0.09465956423883362,0.8828313731081262
25721,LOF,0.023255797959867444,0.10296499992747195,0.8737792021126607
25722,LOF,0.0178496509641338,0.13452728825236318,0.847623060783503
25723,LOF,0.020575730937471417,0.07373160658548292,0.9056926624770456
25724,LOF,0.03353076098554654,0.10371907328860386,0.8627501657258495
25725,LOF,0.021165674022007235,0.06653832157882711,0.9122960043991657
25726,LOF,0.015947385676480765,0.10245607672096689,0.8815965376025524
25727,LOF,0.019379488075638305,0.08416718291405029,0.8964533290103115
25728,LOF,0.017769443749040152,0.10936419785404013,0.8728663583969198
25729,LOF,0.01865104293989237,0.10817559356365401,0.8731733634964536
25730,LOF,0.019252508838241224,0.08824027285958462,0.8925072183021742
25731,LOF,0.012042705260582489,0.15139436681518545,0.8365629279242321
25732,LOF,0.017318833653985278,0.09528790204823266,0.8873932642977821
25733,LOF,0.02915734231049587,0.076460345944972,0.8943823117445322
25734,LOF,0.007682466222210848,0.19334657053273477,0.7989709632450543
25735,LOF,0.0222510312158175,0.06865079670091538,0.909098172083267
25736,LOF,0.020642516608662956,0.10270326637771678,0.8766542170136202
25737,LOF,0.04123084646502072,0.08058710423544699,0.8781820492995324
25738,LOF,0.01997867820292369,0.12865831567991917,0.8513630061171571
25739,LOF,0.021439809677582678,0.1250342970755518,0.8535258932468655
25740,LOF,0.049750645721966524,0.11787263892159798,0.8323767153564354
25741,LOF,0.025539560260065753,0.09892949333673945,0.8755309464031948
25742,LOF,0.03535001331334799,0.11684821249572605,0.8478017741909258
25743,LOF,0.011732723446074317,0.050096516412207776,0.938170760141718
25744,GOF,0.125709350120513,0.4818975472818657,0.3923931025976213
25745,LOF,0.01971656805410366,0.07292259386372267,0.9073608380821737
25746,LOF,0.010605149987350007,0.09560555883551598,0.8937892911771341
25747,LOF,0.03297725137610382,0.04124730870593009,0.925775439917966
25748,LOF,0.19091544581947092,0.07800540008501,0.7310791540955192
25749,LOF,0.013057464632313484,0.06507713463570851,0.921865400731978
25750,LOF,0.014949381110078399,0.09659048876729304,0.8884601301226286
25751,LOF,0.03727502165820592,0.08334257781608412,0.8793824005257098
25752,GOF,0.08447674474133503,0.6599167697642985,0.2556064854943665
25753,LOF,0.007156599136733049,0.36933413149230804,0.6235092693709587
25754,GOF,0.005242770791316465,0.8565036537135318,0.13825357549515188
25755,LOF,0.010768927569870987,0.43481874333694387,0.5544123290931852
25756,LOF,0.045740300616349164,0.45066776590814045,0.5035919334755103
25757,GOF,0.0070903500031561685,0.8749793936175193,0.1179302563793245
25758,GOF,0.007948221543155418,0.8665122444917699,0.1255395339650747
25759,GOF,0.004753582107027884,0.5738526330987029,0.4213937847942691
25760,LOF,0.006605699416884888,0.30433678951498955,0.6890575110681255
25761,GOF,0.04794599632784208,0.8368617151447248,0.11519228852743293
25762,LOF,0.02707742897072211,0.3697450996301856,0.6031774713990923
25763,LOF,0.00924893991403945,0.24708069632812002,0.7436703637578405
25764,GOF,0.10497448207901648,0.5472561078995025,0.347769410021481
25765,GOF,0.007588246628857866,0.833965810569666,0.15844594280147611
25766,GOF,0.02854404524923007,0.8114045311152946,0.16005142363547536
25767,LOF,0.01924044764315551,0.4597709944050347,0.5209885579518098
25768,LOF,0.03801658972087254,0.07735432566872102,0.8846290846104066
25769,LOF,0.023839833981245225,0.07872876430921669,0.8974314017095381
25770,LOF,0.14438715616225545,0.06837116266133361,0.787241681176411
25771,LOF,0.01716445792830787,0.07899848700086931,0.9038370550708228
25772,LOF,0.022856840438741297,0.03192989968461846,0.9452132598766402
25773,LOF,0.013846208626222375,0.0760900744334106,0.910063716940367
25774,LOF,0.025553334563758526,0.09803604009748058,0.8764106253387608
25775,LOF,0.02267166953929269,0.04116596298745313,0.9361623674732543
25776,LOF,0.025008114454518143,0.029112883006697187,0.9458790025387847
25777,LOF,0.16834787045358876,0.07350970662944468,0.7581424229169664
25778,LOF,0.019212081176319937,0.05511895261264831,0.9256689662110318
25779,GOF,0.042472642951292106,0.8935019482425544,0.06402540880615357
25780,GOF,0.06701318525529941,0.8704879984160565,0.06249881632864413
25781,GOF,0.026326299647265225,0.862206654143532,0.1114670462092028
25782,GOF,0.03515998015149867,0.892524976015123,0.07231504383337846
25783,GOF,0.018423062375639968,0.7395063129325914,0.24207062469176852
25784,GOF,0.11690220751977984,0.8366464092188625,0.046451383261357684
25785,GOF,0.06394944723722176,0.8947911342989147,0.041259418463863565
25786,GOF,0.005550517164324339,0.8284729163143046,0.16597656652137094
25787,GOF,0.1648666360394766,0.8037145739500884,0.03141879001043506
25788,LOF,0.016257370845508372,0.1855899007732512,0.7981527283812404
25789,GOF,0.01968134986169174,0.8655549535894214,0.11476369654888686
25790,GOF,0.025150592451793925,0.8811745811746711,0.09367482637353522
25791,GOF,0.01618202063651673,0.8374325154961118,0.14638546386737153
25792,GOF,0.025733689393636686,0.8416062996776412,0.13266001092872207
25793,GOF,0.08202991817099821,0.8176384369592481,0.10033164486975366
25794,GOF,0.05990134140117085,0.7777364878737139,0.1623621707251153
25795,GOF,0.038933503541419154,0.7750297700612958,0.18603672639728508
25796,GOF,0.07533672900065212,0.8166087149775391,0.10805455602180881
25797,GOF,0.038825503308675215,0.6890283389970289,0.27214615769429595
25798,GOF,0.0030939781681529254,0.6597163763475841,0.33718964548426317
25799,GOF,0.003114497605656709,0.5331829217586125,0.4637025806357308
25800,GOF,0.013150403410003723,0.7307558826177937,0.25609371397220254
25801,GOF,0.015174576702324204,0.8587329100234989,0.12609251327417692
25802,GOF,0.021061411598809265,0.8129383647432572,0.16600022365793352
25803,GOF,0.011211276437851615,0.7068487092059336,0.2819400143562148
25804,GOF,0.012740741006143832,0.6086518180707281,0.3786074409231279
25805,GOF,0.023491564375218956,0.7126435403902355,0.26386489523454554
25806,GOF,0.018813352842808957,0.7562026336777677,0.22498401347942326
25807,GOF,0.005387310409794,0.7280192020770255,0.2665934875131806
25808,GOF,0.014872326846178481,0.7636297097737447,0.22149796338007674
25809,GOF,0.006613719421428646,0.7460132776113755,0.2473730029671959
25810,GOF,0.005573817241630663,0.756374563365153,0.23805161939321642
25811,GOF,0.05164403871358741,0.859648430009531,0.08870753127688165
25812,GOF,0.01632092289962783,0.7313424577532607,0.25233661934711155
25813,GOF,0.10781764162816515,0.8026899381797628,0.08949242019207206
25814,GOF,0.027228773776282113,0.811869763400616,0.1609014628231018
25815,GOF,0.04386594064931482,0.8205044995838208,0.13562955976686453
25816,GOF,0.008187387093585307,0.8570196117576575,0.13479300114875725
25817,GOF,0.10679476153036638,0.7579144808266483,0.13529075764298543
25818,GOF,0.02533769262789589,0.8040476616340816,0.17061464573802249
25819,GOF,0.06659147046955942,0.7754858548529365,0.15792267467750395
25820,GOF,0.03598988309678303,0.7715721351599918,0.19243798174322524
25821,GOF,0.02008182974570618,0.770323345114166,0.2095948251401277
25822,GOF,0.03855498314906779,0.7900117331874648,0.17143328366346744
25823,GOF,0.014907032804146863,0.6595142635057126,0.3255787036901405
25824,GOF,0.0244583383032991,0.7816573526786222,0.1938843090180786
25825,GOF,0.015394183239210713,0.7660531510333327,0.21855266572745646
25826,GOF,0.005405118346120804,0.7342684263396816,0.26032645531419757
25827,GOF,0.009497473140057272,0.7007647331919894,0.2897377936679533
25828,GOF,0.0061316096795323545,0.6617073672589485,0.33216102306151907
25829,GOF,0.002999887980952698,0.7173678346238113,0.27963227739523605
25830,GOF,0.03599370289397816,0.4900194658842593,0.4739868312217625
25831,GOF,0.050239394792754556,0.8355125489932215,0.11424805621402405
25832,GOF,0.009066246091392683,0.8152237876052701,0.17570996630333727
25833,GOF,0.03219422768944881,0.8495416979987307,0.11826407431182048
25834,GOF,0.008576257880915301,0.8231104948303107,0.16831324728877403
25835,GOF,0.018376496054543102,0.8638209070385922,0.11780259690686491
25836,GOF,0.006384543732501286,0.8221849928487656,0.17143046341873333
25837,GOF,0.0070924711215841745,0.7333269348874488,0.25958059399096695
25838,GOF,0.019459646201144428,0.8741865723826818,0.10635378141617374
25839,GOF,0.03761601952357321,0.8531527445897024,0.10923123588672443
25840,GOF,0.06806553063766563,0.8347262140912365,0.09720825527109804
25841,GOF,0.05905325544694113,0.8486266745462223,0.09232007000683651
25842,GOF,0.026675391848671997,0.8971069354289658,0.07621767272236228
25843,GOF,0.027759756073588007,0.9032020434576365,0.06903820046877548
25844,GOF,0.017866123930223143,0.854255241525057,0.12787863454471993
25845,GOF,0.006363115345525937,0.6612213417590989,0.3324155428953752
25846,GOF,0.0404211089196598,0.8666170534886944,0.09296183759164577
25847,GOF,0.02053178525863119,0.912148456625342,0.06731975811602683
25848,GOF,0.018261645145980485,0.869630219453031,0.11210813540098855
25849,GOF,0.005341557447896263,0.7466852700330411,0.24797317251906262
25850,GOF,0.0065993659150059645,0.7747031508065583,0.21869748327843558
25851,GOF,0.005750412142430589,0.6565013965191283,0.3377481913384411
25852,GOF,0.1405143797682673,0.6152486973545827,0.24423692287715004
25853,GOF,0.0739871986053958,0.8483806472919965,0.07763215410260776
25854,GOF,0.005667643266103487,0.7111893542053821,0.2831430025285144
25855,GOF,0.016965469009428778,0.6498656580242823,0.333168872966289
25856,GOF,0.04460581734654822,0.7699142511898511,0.18547993146360064
25857,GOF,0.013909409892030001,0.6363098060460962,0.34978078406187385
25858,GOF,0.008349305385153829,0.6326866727214709,0.3589640218933751
25859,GOF,0.00566731423739195,0.6054852592997285,0.38884742646287945
25860,GOF,0.08428469442337007,0.8129612954828661,0.10275401009376389
25861,GOF,0.09289875445702436,0.816591987629333,0.09050925791364252
25862,GOF,0.02285044767892934,0.8667517247970087,0.11039782752406198
25863,GOF,0.021271241591654194,0.8785169282747587,0.10021183013358705
25864,GOF,0.05364034771888382,0.8698247819209193,0.07653487036019706
25865,GOF,0.037226046038117765,0.8484607273326713,0.11431322662921085
25866,GOF,0.027633891258822988,0.8721074355862367,0.1002586731549402
25867,GOF,0.0331075737358705,0.8809960605172696,0.08589636574685991
25868,GOF,0.0589694288466588,0.8340457455474072,0.10698482560593404
25869,GOF,0.346367044182137,0.5940120143115869,0.05962094150627616
25870,GOF,0.07452157898504885,0.6907014679786069,0.23477695303634422
25871,GOF,0.01202296374008715,0.892884072970976,0.09509296328893681
25872,GOF,0.021301743281188598,0.8714378630658606,0.10726039365295077
25873,GOF,0.019859100633108574,0.8889011452427168,0.09123975412417455
25874,LOF,0.017360234949841378,0.197866410465537,0.7847733545846216
25875,LOF,0.05003646737940384,0.04340316740742664,0.9065603652131695
25876,LOF,0.019895877665936985,0.032297555684926905,0.9478065666491361
25877,LOF,0.1270089173672779,0.07758082333795219,0.7954102592947699
25878,LOF,0.06970011884570447,0.11274208602788494,0.8175577951264105
25879,LOF,0.027215060776403663,0.07447972232369453,0.8983052168999018
25880,LOF,0.05616073772433908,0.012779384469149826,0.9310598778065111
25881,Neutral,0.5491605050543076,0.05580198302947949,0.39503751191621295
25882,LOF,0.05883263491100382,0.024707335918292057,0.916460029170704
25883,LOF,0.029889756972286817,0.0222226410377238,0.9478876019899892
25884,LOF,0.029122825394947413,0.036082366392529965,0.9347948082125227
25885,LOF,0.22581218553071733,0.009814290395079929,0.7643735240742029
25886,LOF,0.1553077220895995,0.05131657007780967,0.7933757078325909
25887,LOF,0.18757831286316667,0.05494723572699502,0.7574744514098383
25888,LOF,0.012983474422154058,0.13633746597168508,0.8506790596061609
25889,LOF,0.035223503155725464,0.02586289787167462,0.9389135989726
25890,LOF,0.12606838772470905,0.11192593580334102,0.7620056764719499
25891,LOF,0.0916729617876707,0.019797731271472097,0.8885293069408572
25892,LOF,0.009136139450804284,0.031832639554853485,0.9590312209943422
25893,LOF,0.4035212570011201,0.00873446443965551,0.5877442785592244
25894,LOF,0.46091280632537723,0.0051051153428284006,0.5339820783317942
25895,LOF,0.354455722803309,0.010573109526812507,0.6349711676698785
25896,LOF,0.0702284801334302,0.015731267056202064,0.9140402528103677
25897,LOF,0.18126952741749736,0.009320570793142613,0.8094099017893601
25898,LOF,0.16096054217416633,0.026613111353225038,0.8124263464726086
25899,LOF,0.33615959035483706,0.016847116423825657,0.6469932932213373
25900,LOF,0.4486686836464953,0.007336244514463966,0.5439950718390408
25901,LOF,0.07005362114442532,0.006941233146927272,0.9230051457086474
25902,LOF,0.18457357285662027,0.008999109410372687,0.806427317733007
25903,LOF,0.4136155080783728,0.023355550450474945,0.5630289414711522
25904,LOF,0.48769602144803664,0.02207464463848335,0.49022933391347984
25905,LOF,0.003995724586761311,0.47093056273263506,0.5250737126806037
25906,LOF,0.009009299306004295,0.1250545023865526,0.8659361983074432
25907,LOF,0.004192457953674947,0.35034139409885123,0.6454661479474738
25908,LOF,0.004455869328349472,0.2556226247167172,0.7399215059549332
25909,LOF,0.021055387108126565,0.17164395652418366,0.8073006563676899
25910,LOF,0.010620407041015812,0.1365332775037848,0.8528463154551994
25911,LOF,0.3145943979572677,0.048184897772779525,0.6372207042699527
25912,LOF,0.06397991965327354,0.06108124941474712,0.8749388309319793
25913,LOF,0.049839787802859116,0.06823644190418741,0.8819237702929535
25914,LOF,0.03888630128052542,0.04412012523847057,0.916993573481004
25915,LOF,0.18451082142629785,0.19523842069911732,0.6202507578745848
25916,LOF,0.030840045826413923,0.1296881157576521,0.8394718384159341
25917,LOF,0.0705581829401894,0.041893995499517424,0.8875478215602932
25918,LOF,0.04530122077107201,0.0287573502154381,0.9259414290134899
25919,LOF,0.03974297539558479,0.029080755405742113,0.9311762691986731
25920,LOF,0.1573312683356384,0.18366983635795336,0.6589988953064082
25921,LOF,0.01773566067178714,0.03939648990666413,0.9428678494215488
25922,LOF,0.018645253727455027,0.03611585831643535,0.9452388879561096
25923,LOF,0.46956211217799515,0.037712185694745645,0.4927257021272592
25924,LOF,0.02567099490668452,0.052698497356165865,0.9216305077371495
25925,LOF,0.08535677810513019,0.05235771693629945,0.8622855049585703
25926,LOF,0.059637244346514906,0.05106458228389462,0.8892981733695905
25927,LOF,0.023899472586762914,0.07518333827736368,0.9009171891358735
25928,LOF,0.011148332433878368,0.058352786966177676,0.930498880599944
25929,Neutral,0.5534471349711019,0.03596276477975445,0.41059010024914366
25930,LOF,0.07006991451529652,0.03596404570553271,0.8939660397791708
25931,LOF,0.015251646946439646,0.0370035258857626,0.9477448271677977
25932,LOF,0.0614353437432191,0.029858584830343694,0.9087060714264372
25933,LOF,0.056295759520777325,0.020051341296347527,0.9236528991828751
25934,LOF,0.05291007871465514,0.019631613138943835,0.927458308146401
25935,LOF,0.07140866329087305,0.0640106994476374,0.8645806372614895
25936,LOF,0.08824634276288591,0.021542059708790924,0.8902115975283232
25937,LOF,0.014714254453246972,0.037996744495385884,0.9472890010513672
25938,LOF,0.06870883429944175,0.061060497204199295,0.8702306684963589
25939,LOF,0.042686362762511795,0.027688846387104206,0.929624790850384
25940,LOF,0.009698851147749753,0.3491903181434792,0.6411108307087712
25941,Neutral,0.4980069862030918,0.030162618714591655,0.47183039508231644
25942,LOF,0.009505331923982773,0.04562536655925922,0.9448693015167581
25943,LOF,0.05096432401183814,0.1786184009995495,0.7704172749886125
25944,LOF,0.07483414967162827,0.08604135797749396,0.8391244923508778
25945,LOF,0.11566672494509289,0.018211147496763242,0.8661221275581439
25946,LOF,0.07229028722069798,0.03999801767142277,0.8877116951078792
25947,Neutral,0.46679400317744657,0.09296716429304978,0.44023883252950363
25948,LOF,0.4210421307682243,0.011923865933272841,0.5670340032985028
25949,LOF,0.1246722819608628,0.06387423153513372,0.8114534865040034
25950,GOF,0.0684735046162205,0.6296646456438647,0.30186184973991476
25951,LOF,0.012753355340909182,0.41316641832672457,0.5740802263323662
25952,LOF,0.31458889693672026,0.24259427583682053,0.4428168272264593
25953,LOF,0.007667258826143374,0.18089638281888443,0.8114363583549722
25954,GOF,0.08717047308025216,0.47592586651526064,0.4369036604044872
25955,LOF,0.006792030278455035,0.15589283175008348,0.8373151379714614
25956,LOF,0.020308629905752305,0.2405892919585277,0.7391020781357199
25957,LOF,0.23284428943831287,0.03545817805075926,0.7316975325109278
25958,LOF,0.03252296466981134,0.0322392805778906,0.935237754752298
25959,GOF,0.016265265811604077,0.529001740066814,0.454732994121582
25960,LOF,0.00802064835358911,0.051039641285480886,0.94093971036093
25961,LOF,0.030396350260739627,0.030961286544394458,0.9386423631948659
25962,LOF,0.037519829818865126,0.06300421430551964,0.8994759558756152
25963,LOF,0.004957879947195851,0.17232876649257603,0.8227133535602281
25964,LOF,0.030897754668596886,0.09373255690743282,0.8753696884239703
25965,LOF,0.2696248377481362,0.11171916191403501,0.6186560003378287
25966,Neutral,0.46946068789499784,0.1508392843184621,0.37970002778653994
25967,LOF,0.009508888404330125,0.08431023052687014,0.9061808810687998
25968,LOF,0.04476434243293114,0.22887215663478047,0.7263635009322884
25969,LOF,0.12137482651217325,0.04898308529922666,0.8296420881886001
25970,LOF,0.021494940591327717,0.07880050186258904,0.8997045575460834
25971,LOF,0.08343044275409175,0.026501599501022745,0.8900679577448855
25972,LOF,0.062369537283159894,0.03836430354629944,0.8992661591705408
25973,LOF,0.06623194592954701,0.008462721045412583,0.9253053330250404
25974,LOF,0.04913639567441856,0.039279298891046595,0.9115843054345348
25975,LOF,0.04804572245888079,0.016634069138956157,0.9353202084021631
25976,LOF,0.10737766797042134,0.009516164646461302,0.8831061673831173
25977,LOF,0.19044749536890335,0.08037718478904796,0.7291753198420486
25978,LOF,0.18010338899719613,0.1284047435545827,0.6914918674482212
25979,LOF,0.14852402106329826,0.1425731057323722,0.7089028732043295
25980,LOF,0.2538852180881226,0.18277140881370244,0.5633433730981751
25981,LOF,0.2544242719338398,0.18461266573077056,0.5609630623353896
25982,Neutral,0.49705277555581173,0.09719794821276911,0.40574927623141904
25983,Neutral,0.49237349554964244,0.11802089534122755,0.3896056091091301
25984,LOF,0.03625860856502471,0.08835062721657432,0.8753907642184009
25985,Neutral,0.43916958001725825,0.1414814808558489,0.41934893912689275
25986,LOF,0.013455256891627439,0.4002534993703276,0.5862912437380449
25987,LOF,0.0608429264430429,0.11309594917439764,0.8260611243825595
25988,LOF,0.04056815174443412,0.18329458021972905,0.7761372680358368
25989,LOF,0.03727831209754853,0.2145367599880581,0.7481849279143933
25990,LOF,0.04016655487590417,0.297637922450221,0.6621955226738747
25991,LOF,0.025903705300170624,0.4414568851191057,0.5326394095807238
25992,LOF,0.02586078169843907,0.44971647554693783,0.5244227427546231
25993,LOF,0.027398497874327576,0.0811376922563552,0.8914638098693172
25994,LOF,0.022114313703792993,0.07792623896934013,0.8999594473268668
25995,LOF,0.020432373158317287,0.1561692384412816,0.823398388400401
25996,GOF,0.33910752308704784,0.34315929953216234,0.3177331773807898
25997,LOF,0.06264862992621907,0.3999129327067436,0.5374384373670373
25998,LOF,0.2451096995253614,0.04166978587958011,0.7132205145950585
25999,LOF,0.02619948226065551,0.17069058927745984,0.8031099284618847
26000,LOF,0.19882420894938888,0.03597580942838082,0.7651999816222304
26001,LOF,0.2651577666211507,0.04872957330235475,0.6861126600764945
26002,LOF,0.12093355648683014,0.058605894748402686,0.8204605487647672
26003,GOF,0.005470654914528748,0.6426972532307216,0.3518320918547497
26004,GOF,0.008876127017394764,0.7043236993723404,0.2868001736102649
26005,GOF,0.004082610707461796,0.5005002496421392,0.495417139650399
26006,GOF,0.1252256865951725,0.5921118843486607,0.2826624290561667
26007,GOF,0.008041381252636082,0.5410308208439849,0.45092779790337906
26008,GOF,0.006279989394039433,0.662475281641196,0.33124472896476453
26009,GOF,0.0077563159518187555,0.697551109549626,0.2946925744985553
26010,GOF,0.0096991231388201,0.670326517275214,0.3199743595859658
26011,LOF,0.0034620600113718964,0.4499326083954661,0.5466053315931619
26012,GOF,0.004763296286671456,0.5301726812521473,0.4650640224611812
26013,GOF,0.006514689613938066,0.6061515123520732,0.38733379803398876
26014,LOF,0.053930297087994135,0.13113155457616513,0.8149381483358408
26015,LOF,0.40718944253688,0.02593284551695666,0.5668777119461633
26016,LOF,0.3183293944408876,0.04987408338972784,0.6317965221693846
26017,LOF,0.025547547100171764,0.23402387771374478,0.7404285751860834
26018,LOF,0.028258963046380536,0.06442135246092023,0.9073196844926992
26019,LOF,0.027927924783766406,0.05663830363667269,0.915433771579561
26020,LOF,0.010278205050213563,0.1979878329266957,0.7917339620230907
26021,LOF,0.08238512463559013,0.07102380131523346,0.8465910740491764
26022,LOF,0.04372411013005849,0.030381869763890297,0.9258940201060512
26023,LOF,0.03230958095647984,0.035241209539589605,0.9324492095039305
26024,LOF,0.050387809024352866,0.07273037790190004,0.876881813073747
26025,LOF,0.06374091141423845,0.08313155076611708,0.8531275378196446
26026,LOF,0.12599602272290472,0.06667310369838587,0.8073308735787095
26027,LOF,0.026487793037404457,0.028173820095183974,0.9453383868674116
26028,LOF,0.11934092518328196,0.14618950096620928,0.7344695738505088
26029,LOF,0.019877633395492464,0.17177834402696165,0.8083440225775459
26030,LOF,0.1627453557440242,0.02061528327873004,0.8166393609772459
26031,LOF,0.00978715679584167,0.15324479266056487,0.8369680505435935
26032,LOF,0.04236660483541958,0.0470198846134897,0.9106135105510907
26033,LOF,0.07246390726959566,0.041774863179832665,0.8857612295505716
26034,LOF,0.012813030327871715,0.1354811232759097,0.8517058463962185
26035,LOF,0.01178040311570969,0.09511305065158222,0.893106546232708
26036,LOF,0.012087862504071924,0.11559747544576056,0.8723146620501675
26037,LOF,0.009939238991447705,0.0876451308706302,0.9024156301379221
26038,LOF,0.037335737604089016,0.041018977111137084,0.9216452852847739
26039,LOF,0.025528427468383155,0.1116264525851125,0.8628451199465043
26040,LOF,0.11714593629482362,0.1178570554451473,0.764997008260029
26041,LOF,0.013309517273664943,0.07847902734901689,0.9082114553773182
26042,LOF,0.011824786486164493,0.08569008962409588,0.9024851238897397
26043,LOF,0.0361996270732714,0.05513115965911364,0.908669213267615
26044,LOF,0.015179969433488592,0.04050265703077426,0.9443173735357372
26045,LOF,0.06703185969435259,0.09343978585814071,0.8395283544475067
26046,LOF,0.030950342018920805,0.04309408301243461,0.9259555749686446
26047,LOF,0.0503969972205154,0.04367102418981841,0.9059319785896662
26048,LOF,0.0858982575731428,0.020198248899276853,0.8939034935275803
26049,Neutral,0.9469867749287967,0.0061296966979429044,0.04688352837326028
26050,Neutral,0.9246962399985829,0.006704055330959687,0.06859970467045756
26051,LOF,0.01579869964388992,0.08415899457260217,0.900042305783508
26052,LOF,0.02901945177420531,0.10569432130557295,0.8652862269202218
26053,LOF,0.033528837085232556,0.16397859459361422,0.8024925683211531
26054,LOF,0.04467232784482084,0.028818745669865555,0.9265089264853136
26055,LOF,0.0657747249334755,0.026400733408922943,0.9078245416576016
26056,LOF,0.052659257494640316,0.032403899518726596,0.914936842986633
26057,LOF,0.056047650200560996,0.013702982620902329,0.9302493671785366
26058,LOF,0.060792447758755586,0.011689880777557553,0.9275176714636868
26059,LOF,0.21098342859177802,0.031278973217345164,0.7577375981908768
26060,LOF,0.015908010386485403,0.1881970068824534,0.7958949827310613
26061,LOF,0.012503028610465348,0.01158302008468128,0.9759139513048535
26062,LOF,0.007285411952106517,0.01866859641638142,0.9740459916315121
26063,LOF,0.03651787151446078,0.011546611406120635,0.9519355170794186
26064,LOF,0.011444969690309802,0.02783178877086913,0.960723241538821
26065,LOF,0.046312300064701724,0.013041759053677802,0.9406459408816205
26066,LOF,0.04639951303797903,0.010226426628460709,0.9433740603335602
26067,LOF,0.05365717761575958,0.009645353640909134,0.9366974687433313
26068,LOF,0.051908994229469235,0.04792024701619795,0.9001707587543327
26069,LOF,0.15527732143808576,0.02919909274597356,0.8155235858159406
26070,LOF,0.32996884545700994,0.023017118489177493,0.6470140360538127
26071,LOF,0.04128226603906448,0.01268553577371774,0.9460321981872177
26072,LOF,0.01154416498743062,0.02212908879128506,0.9663267462212842
26073,LOF,0.038340859334436116,0.01372263856147608,0.9479365021040878
26074,Neutral,0.9205569336569118,0.009007052015457043,0.07043601432763107
26075,LOF,0.053804747685040843,0.02332014980291442,0.9228751025120447
26076,LOF,0.060553684195792795,0.012492127806004904,0.9269541879982024
26077,LOF,0.17272266305379502,0.008160067356790934,0.819117269589414
26078,LOF,0.009145092164324681,0.017169541289966617,0.9736853665457088
26079,LOF,0.06552277287712685,0.026811258513206322,0.9076659686096669
26080,LOF,0.06461124508023883,0.026826970368577594,0.9085617845511835
26081,LOF,0.031189943243627435,0.009264678358958806,0.9595453783974137
26082,LOF,0.007437463441545229,0.014771952077493484,0.9777905844809612
26083,LOF,0.09982065896930717,0.021074816610983767,0.879104524419709
26084,LOF,0.10237073540528524,0.014747074978350502,0.8828821896163643
26085,LOF,0.09343341888336197,0.012374179346300947,0.8941924017703371
26086,LOF,0.03866292688635082,0.012415583975211029,0.9489214891384381
26087,LOF,0.03635117321395206,0.01078345292002926,0.9528653738660187
26088,LOF,0.009285959292476395,0.020629207354197515,0.9700848333533262
26089,LOF,0.04423057059796417,0.04058899255235518,0.9151804368496806
26090,LOF,0.04530501349722996,0.03093242165028298,0.9237625648524872
26091,LOF,0.03139503137022666,0.00792578727158958,0.9606791813581839
26092,LOF,0.04361889190643449,0.008863530246259334,0.9475175778473062
26093,LOF,0.07963835858020221,0.006328004577427471,0.9140336368423703
26094,LOF,0.03647924923169013,0.0075596630188876105,0.9559610877494223
26095,LOF,0.04080997317129293,0.018101188486721834,0.9410888383419853
26096,LOF,0.22180473968251546,0.005309178712584498,0.7728860816049
26097,LOF,0.009108548020002652,0.03156225575353576,0.9593291962264615
26098,LOF,0.08550796928247292,0.019799256209444425,0.8946927745080827
26099,LOF,0.04320934487223617,0.015667406102426427,0.9411232490253374
26100,LOF,0.04320934487223617,0.015667406102426427,0.9411232490253374
26101,LOF,0.060254395178826484,0.028594445729640254,0.9111511590915332
26102,LOF,0.033834438376613415,0.015616257853469666,0.950549303769917
26103,Neutral,0.878272154164265,0.027555068301514427,0.09417277753422053
26104,LOF,0.05906789377250823,0.04329569574334266,0.8976364104841491
26105,LOF,0.24093859190809344,0.17971763493358603,0.5793437731583205
26106,LOF,0.28877024152960173,0.11858148880793987,0.5926482696624584
26107,LOF,0.019999328894497615,0.09418744577338485,0.8858132253321175
26108,LOF,0.2685042578343848,0.049136053661869426,0.6823596885037457
26109,LOF,0.10127111493367884,0.03569050405819176,0.8630383810081294
26110,LOF,0.4721036430914797,0.007603506264439943,0.5202928506440804
26111,LOF,0.045871972428928785,0.15675183883465799,0.7973761887364132
26112,LOF,0.05139869059120395,0.008730662259621654,0.9398706471491745
26113,LOF,0.11822928262148234,0.01825462810309601,0.8635160892754217
26114,LOF,0.09304360746264813,0.007290806768303019,0.8996655857690489
26115,LOF,0.014411777546536907,0.050128604087471974,0.935459618365991
26116,LOF,0.074404588510484,0.026493704639796,0.89910170684972
26117,LOF,0.4029395257931239,0.03495288555701583,0.5621075886498603
26118,LOF,0.04656123629492608,0.01616895128600365,0.9372698124190701
26119,LOF,0.005937693169547218,0.03133714798266388,0.9627251588477889
26120,LOF,0.03723687219365621,0.01561185177354988,0.9471512760327939
26121,LOF,0.004271069799134899,0.12486885664448982,0.8708600735563753
