feature0,prediction,LoGoFunc_Neutral,LoGoFunc_GOF,LoGoFunc_LOF
25546,Neutral,0.6448745554235186,0.053921198091625024,0.30120424648485633
25547,Neutral,0.49719813309931377,0.09072287127974595,0.41207899562094036
25548,Neutral,0.4918263969015876,0.07162242840064019,0.43655117469777227
25549,LOF,0.4173979437853781,0.0703464937476266,0.5122555624669953
25550,LOF,0.33727754845821983,0.11335249215578783,0.5493699593859924
25551,LOF,0.2876283481445337,0.12496083813090968,0.5874108137245566
25552,LOF,0.22674188663043615,0.12237977056595063,0.6508783428036133
25553,Neutral,0.793266813652467,0.03998879845412183,0.1667443878934112
25554,LOF,0.27263684460514503,0.11446346862151764,0.6128996867733374
25555,LOF,0.22015682505364703,0.10827472805147616,0.6715684468948768
25556,LOF,0.4398769478626648,0.08885463347818995,0.47126841865914537
25557,LOF,0.20852617073573718,0.11436265989054653,0.6771111693737163
25558,LOF,0.2702699015563067,0.11351131705072798,0.6162187813929654
25559,LOF,0.20066196168209482,0.15984963971247237,0.6394883986054327
25560,LOF,0.06820838956244941,0.1276884026461097,0.8041032077914408
25561,LOF,0.14069092083694867,0.10957963920405721,0.7497294399589941
25562,LOF,0.06004525248520814,0.0713860094217553,0.8685687380930367
25563,LOF,0.08535462149727373,0.06380949522552509,0.850835883277201
25564,LOF,0.2134430806142729,0.1367665500526636,0.6497903693330634
25565,LOF,0.18630034263466347,0.1296550165669098,0.6840446407984268
25566,GOF,0.02026503038496809,0.7570187350640134,0.22271623455101852
25567,LOF,0.02497623625382099,0.1421517994348454,0.8328719643113336
25568,LOF,0.06078755140393396,0.07155453975052692,0.8676579088455391
25569,LOF,0.057714113137254476,0.06957413149694883,0.8727117553657967
25570,LOF,0.030569927668996483,0.09789570185387035,0.8715343704771331
25571,LOF,0.030338299502924135,0.09821562432653197,0.8714460761705438
25572,LOF,0.03424083646561143,0.12051115665528271,0.8452480068791058
25573,LOF,0.02689261245764588,0.09231029196648723,0.8807970955758668
25574,LOF,0.01634528096574162,0.18285770140755636,0.800797017626702
25575,LOF,0.026422050522344,0.10539146746675468,0.8681864820109013
25576,LOF,0.013448854605477454,0.14029641356930606,0.8462547318252164
25577,LOF,0.011677826152256212,0.11202574170826604,0.8762964321394778
25578,LOF,0.2782574935891421,0.08124625641569937,0.6404962499951585
25579,LOF,0.12670116723694513,0.08713693980298735,0.7861618929600676
25580,LOF,0.019522563843842867,0.07258306285140671,0.9078943733047504
25581,LOF,0.051661388130373916,0.06890459409786513,0.8794340177717609
25582,LOF,0.05141848623835438,0.06796313481257804,0.8806183789490675
25583,LOF,0.021027715359879528,0.07829301551298914,0.9006792691271313
25584,Neutral,0.5192222208532979,0.11469903307269459,0.36607874607400753
25585,LOF,0.01250154390448798,0.12212700509492204,0.86537145100059
25586,LOF,0.018621240559402497,0.06760618687860576,0.9137725725619918
25587,LOF,0.017562293809933106,0.05942440561119117,0.9230133005788758
25588,LOF,0.018131801362343845,0.07475815061511194,0.9071100480225442
25589,Neutral,0.6339775892644436,0.1360466220775434,0.22997578865801302
25590,LOF,0.021787307081152087,0.11344901065480958,0.8647636822640384
25591,LOF,0.07975567513254707,0.06277357730558879,0.8574707475618643
25592,LOF,0.055143665679950125,0.12022726115838243,0.8246290731616673
25593,LOF,0.017611595934810778,0.27815030185254314,0.704238102212646
25594,LOF,0.03868895860216327,0.12610715633093045,0.8352038850669062
25595,LOF,0.036669070142031246,0.09357926851047123,0.8697516613474975
25596,LOF,0.052953450206339535,0.06807121829073878,0.8789753315029216
25597,LOF,0.034489041261485616,0.08477022769029799,0.8807407310482163
25598,LOF,0.036506590855173694,0.10157182905238675,0.8619215800924395
25599,GOF,0.007706225593949703,0.5396920191233375,0.4526017552827128
25600,GOF,0.023953237795089892,0.6037828762828787,0.3722638859220314
25601,LOF,0.011377962042020757,0.42075581975653303,0.5678662182014461
25602,LOF,0.01465330295782456,0.05399077737994096,0.9313559196622344
25603,LOF,0.0407658056910938,0.022703131093285433,0.9365310632156207
25604,LOF,0.01651067366576218,0.052825324965008594,0.9306640013692291
25605,LOF,0.009623500664826163,0.17459297713126834,0.8157835222039055
25606,LOF,0.11318669347275499,0.26158690103343313,0.6252264054938119
25607,LOF,0.005833821237073033,0.1888628394945502,0.8053033392683768
25608,LOF,0.01214280345176785,0.0975066476348919,0.8903505489133402
25609,LOF,0.08053814241464445,0.3875488882364952,0.5319129693488602
25610,LOF,0.019304737595712083,0.02764922241573834,0.9530460399885496
25611,LOF,0.019272264641728563,0.030098981732418605,0.9506287536258529
25612,LOF,0.06082236369580378,0.03780556108985647,0.9013720752143397
25613,LOF,0.056838463457534225,0.03725218067340281,0.905909355869063
25614,LOF,0.0278494220586002,0.036367282497659935,0.9357832954437398
25615,LOF,0.016648351129198477,0.045303141648979584,0.938048507221822
25616,LOF,0.05284507957497846,0.03225687074634987,0.9148980496786717
25617,LOF,0.05113916404078394,0.033586068807707925,0.9152747671515081
25618,LOF,0.0670216080864796,0.03854975953329601,0.8944286323802245
25619,LOF,0.019221073709286877,0.03559402402080483,0.9451849022699084
25620,LOF,0.07264848974719104,0.0439633677596966,0.8833881424931123
25621,LOF,0.020184984706884363,0.03716593401562816,0.9426490812774874
25622,LOF,0.025038345483007422,0.04691684633756885,0.9280448081794238
25623,LOF,0.03523129565526333,0.04396006303983474,0.920808641304902
25624,LOF,0.022890236254028088,0.04187197093484895,0.935237792811123
25625,LOF,0.024801270826184385,0.05887726784888401,0.9163214613249316
25626,LOF,0.057925840732807585,0.034609194588779056,0.9074649646784133
25627,Neutral,0.6563161040148815,0.08270322527944167,0.260980670705677
25628,LOF,0.18708465405904212,0.0438243323932489,0.7690910135477089
25629,LOF,0.03999541829052419,0.06250600357557248,0.8974985781339033
25630,LOF,0.15595586975314785,0.08730740321971796,0.7567367270271341
25631,Neutral,0.6249096638838505,0.047893207568123757,0.3271971285480257
25632,LOF,0.008063178703642747,0.07332175052830246,0.9186150707680547
25633,LOF,0.22395873834619562,0.04329322844219281,0.7327480332116116
25634,LOF,0.029402554503253634,0.09385835442445258,0.8767390910722939
25635,LOF,0.037276859993325834,0.046556312800006404,0.9161668272066678
25636,LOF,0.005518712280024593,0.473149960239702,0.5213313274802733
25637,LOF,0.008373411158825431,0.49519985628188135,0.49642673255929337
25638,LOF,0.009624967152933038,0.25781564203156004,0.732559390815507
25639,LOF,0.005586654266489642,0.3987012755759652,0.5957120701575452
25640,Neutral,0.5175952294921777,0.4012443057444697,0.08116046476335273
25641,GOF,0.007825450332573484,0.503091086450879,0.48908346321654755
25642,LOF,0.23480952655681112,0.10776872173551581,0.6574217517076731
25643,LOF,0.14834804671770938,0.15984142320472847,0.6918105300775621
25644,GOF,0.007284084377776561,0.5077316047076034,0.48498431091462013
25645,LOF,0.006052149402830323,0.46691175708952054,0.5270360935076491
25646,LOF,0.009658084309284908,0.3759969811955037,0.6143449344952113
25647,LOF,0.008056656894580693,0.30354979175874963,0.6883935513466696
25648,LOF,0.0075889560375188864,0.30420833131183317,0.6882027126506479
25649,LOF,0.006562559344823427,0.2503225035574507,0.7431149370977259
25650,LOF,0.011423133050469233,0.4531111482759857,0.5354657186735451
25651,LOF,0.004856819160589185,0.3144579512853457,0.6806852295540651
25652,LOF,0.008022977546978378,0.31091490939598365,0.681062113057038
25653,LOF,0.02006551613451688,0.4392185301627534,0.5407159537027297
25654,LOF,0.008858591510160147,0.21944807200858987,0.7716933364812499
25655,LOF,0.03134639161605378,0.45392723811747954,0.5147263702664666
25656,LOF,0.18259071835828036,0.0576595560418011,0.7597497255999185
25657,LOF,0.2574947980992557,0.030885661049300548,0.7116195408514437
25658,LOF,0.07557816732355326,0.10555920713337917,0.8188626255430677
25659,LOF,0.41306683098304925,0.0831070410306733,0.5038261279862775
25660,LOF,0.03015670772803037,0.08472547483093205,0.8851178174410377
25661,LOF,0.09868093829258635,0.05927234417536818,0.8420467175320454
25662,LOF,0.03176896978566506,0.03705890301692747,0.9311721271974074
25663,LOF,0.041896924362833196,0.05690648276846849,0.9011965928686982
25664,LOF,0.053055930315054,0.06384176204952378,0.8831023076354222
25665,LOF,0.05254510919348425,0.028776551374234557,0.918678339432281
25666,LOF,0.03950988029093449,0.08449748103810381,0.8759926386709617
25667,LOF,0.06734468717471308,0.0430022667234514,0.8896530461018356
25668,LOF,0.0362813240102926,0.04534969643411811,0.9183689795555893
25669,LOF,0.03446230879827005,0.06211781294800122,0.9034198782537287
25670,LOF,0.06418181559041918,0.05727623726897039,0.8785419471406104
25671,LOF,0.09715953986616137,0.0343498588097818,0.8684906013240568
25672,LOF,0.05498764670952739,0.03710115658068587,0.9079111967097867
25673,LOF,0.027506328480107364,0.04615867459587048,0.9263349969240222
25674,LOF,0.023031354697161586,0.05660775189990932,0.920360893402929
25675,LOF,0.039105502433654266,0.054361306247633384,0.9065331913187124
25676,LOF,0.01975860011237508,0.04916853944782123,0.9310728604398036
25677,LOF,0.02846754532945704,0.06768802427119772,0.9038444303993451
25678,LOF,0.1986837081973827,0.05632581115108507,0.7449904806515321
25679,LOF,0.15972826498755496,0.07998323983561033,0.7602884951768346
25680,LOF,0.045632543968522066,0.09999634471256111,0.8543711113189169
25681,LOF,0.06946524640073776,0.0921011602469971,0.8384335933522652
25682,LOF,0.15556984882223407,0.07299840271577918,0.7714317484619867
25683,LOF,0.0778763836815031,0.11112928432902876,0.8109943319894681
25684,LOF,0.04525026353857402,0.072463895973329,0.882285840488097
25685,LOF,0.08367633654532172,0.05001757810263404,0.8663060853520441
25686,LOF,0.02845281417828317,0.08241628815978097,0.8891308976619359
25687,LOF,0.054301449840358146,0.07296423599001756,0.8727343141696243
25688,LOF,0.05131996311837939,0.07763475199319136,0.8710452848884292
25689,LOF,0.02915812673149729,0.07553192881371083,0.895309944454792
25690,LOF,0.04284786066928605,0.0688425757109783,0.8883095636197357
25691,LOF,0.27947349791755266,0.07687123453807988,0.6436552675443674
25692,LOF,0.26052171702004984,0.008152816568788511,0.7313254664111617
25693,LOF,0.04873688577591162,0.31608523928129845,0.63517787494279
25694,LOF,0.23606523209178817,0.015995894313050422,0.7479388735951613
25695,LOF,0.1455070281354018,0.02076726186902574,0.8337257099955725
25696,LOF,0.10984648505952063,0.012066334148125624,0.8780871807923537
25697,LOF,0.10285763084950073,0.023241125863444463,0.8739012432870549
25698,LOF,0.07945282247760226,0.42531411266032476,0.49523306486207286
25699,LOF,0.05605617653461223,0.07800603859370013,0.8659377848716875
25700,LOF,0.05477834520357349,0.010748749530779428,0.934472905265647
25701,LOF,0.01675470881599604,0.09104010805161944,0.8922051831323845
25702,GOF,0.0370268100294485,0.6331352677042534,0.3298379222662981
25703,LOF,0.009587999000176458,0.14728297945372568,0.8431290215460978
25704,LOF,0.05768205062130092,0.10868496271091838,0.8336329866677807
25705,LOF,0.07735386345712203,0.23057999838747745,0.6920661381554005
25706,LOF,0.027818976786539055,0.3887837207657921,0.5833973024476689
25707,LOF,0.019410742735183572,0.3170764403099226,0.6635128169548938
25708,LOF,0.00849874190976274,0.30452689468981325,0.6869743634004241
25709,LOF,0.06468789864622565,0.05078641907095257,0.8845256822828217
25710,LOF,0.00618235429038131,0.14723502163314367,0.846582624076475
25711,LOF,0.020754399799311873,0.11127970876263464,0.8679658914380535
25712,LOF,0.008166674079764054,0.17445821974845052,0.8173751061717855
25713,LOF,0.022205629488164628,0.09652680153325383,0.8812675689785816
25714,LOF,0.07176047405434376,0.1185789074857654,0.8096606184598908
25715,LOF,0.013845297981587299,0.12706557579927982,0.8590891262191328
25716,LOF,0.006701497523466455,0.10726347967014827,0.8860350228063854
25717,LOF,0.007220663396328732,0.07602157813072792,0.9167577584729434
25718,LOF,0.01476284137212151,0.08497970153462425,0.9002574570932542
25719,LOF,0.022403360809996282,0.09335068453602076,0.884245954653983
25720,LOF,0.023843775231841825,0.07927107263071514,0.896885152137443
25721,LOF,0.018851604885884183,0.10127561397894207,0.8798727811351738
25722,LOF,0.017778033339210762,0.11880353409640723,0.8634184325643821
25723,LOF,0.02354125928052199,0.06205953137573925,0.9143992093437389
25724,LOF,0.020329165381379667,0.10881456287598686,0.8708562717426336
25725,LOF,0.013979717657570102,0.07579658093304835,0.9102237014093816
25726,LOF,0.01764150498887094,0.09711012921761121,0.8852483657935177
25727,LOF,0.015038470952424105,0.0790866559471045,0.9058748731004714
25728,LOF,0.012904707629756007,0.10033781777452074,0.8867574745957232
25729,LOF,0.013177766032535192,0.10148885014597753,0.8853333838214873
25730,LOF,0.019145732931683333,0.08087407845499803,0.8999801886133186
25731,LOF,0.008604616760158796,0.12115947200571199,0.8702359112341291
25732,LOF,0.019478506960084286,0.07816165363474882,0.902359839405167
25733,LOF,0.018333564157351524,0.07696386280672628,0.9047025730359223
25734,LOF,0.006182798055054924,0.13135934243373276,0.8624578595112123
25735,LOF,0.01590925542097354,0.0692502433676335,0.914840501211393
25736,LOF,0.01644671984419088,0.09629872994900583,0.8872545502068033
25737,LOF,0.024928752468342526,0.08205650311518049,0.893014744416477
25738,LOF,0.015545961202737496,0.1267792822985604,0.857674756498702
25739,LOF,0.023633077949681756,0.10459452935365807,0.8717723926966601
25740,LOF,0.03385527106717182,0.11709790296180093,0.8490468259710273
25741,LOF,0.01687578767252372,0.10672595052438673,0.8763982618030896
25742,LOF,0.10156866506073477,0.1093867774833164,0.7890445574559489
25743,LOF,0.01719795233576913,0.030215070213868274,0.9525869774503626
25744,GOF,0.18855382179914804,0.41208912707702844,0.3993570511238235
25745,LOF,0.023434114859336393,0.056625397173852156,0.9199404879668114
25746,LOF,0.016760204556548152,0.06807660382252198,0.9151631916209299
25747,LOF,0.028698538021328917,0.027531475583367673,0.9437699863953034
25748,LOF,0.138330761572893,0.0472409233686371,0.8144283150584698
25749,LOF,0.014729901619698369,0.062429326095149916,0.9228407722851517
25750,LOF,0.029922502869043906,0.07233185282255321,0.8977456443084029
25751,LOF,0.12139228857630731,0.056406337712501274,0.8222013737111915
25752,GOF,0.14128411003377575,0.5980661341019505,0.2606497558642738
25753,LOF,0.008723305717159308,0.2731070252055453,0.7181696690772953
25754,GOF,0.005216277103462648,0.781566458160149,0.21321726473638833
25755,LOF,0.010448300066328096,0.3902891448340641,0.5992625550996079
25756,LOF,0.049319718236067275,0.36407134724081935,0.5866089345231134
25757,GOF,0.005535553310323416,0.847701691049518,0.14676275564015867
25758,GOF,0.007092233381879026,0.8247231239838544,0.16818464263426658
25759,GOF,0.004593032127534561,0.5291867954932498,0.4662201723792156
25760,LOF,0.005844870993329138,0.2568399904071157,0.7373151385995551
25761,GOF,0.0439199932782467,0.7983069745619362,0.15777303215981703
25762,LOF,0.037337141645344456,0.2718557920305047,0.6908070663241508
25763,LOF,0.006866053252421813,0.17982720152802936,0.8133067452195488
25764,GOF,0.15410949970153354,0.4932459865389762,0.35264451375949013
25765,GOF,0.011252388954904765,0.7739950094749412,0.21475260157015413
25766,GOF,0.015627653722313596,0.8046595449521152,0.17971280132557121
25767,GOF,0.02205448243152144,0.5186898459694701,0.45925567159900854
25768,LOF,0.08018326718347754,0.08662226397396613,0.8331944688425563
25769,LOF,0.08867124512209697,0.06061405546327192,0.8507146994146312
25770,LOF,0.34732657289133395,0.07968748036892068,0.5729859467397453
25771,LOF,0.015676471476481272,0.056725421860461415,0.9275981066630572
25772,LOF,0.02076033925298656,0.029915650926916306,0.9493240098200971
25773,LOF,0.013652747880529763,0.10813183137339896,0.8782154207460713
25774,LOF,0.02863417442585045,0.07222008724924205,0.8991457383249074
25775,LOF,0.015977824376014835,0.050616054634014765,0.9334061209899704
25776,LOF,0.0859868324933725,0.024842118613215253,0.8891710488934123
25777,LOF,0.31998108001615566,0.05077278753467936,0.6292461324491649
25778,LOF,0.0733270130379523,0.048330165255703474,0.8783428217063443
25779,GOF,0.0896361536881275,0.845877685445277,0.06448616086659559
25780,GOF,0.07496490386017118,0.8354290078848953,0.08960608825493348
25781,GOF,0.024798893208347647,0.8546727361181501,0.12052837067350217
25782,GOF,0.03620012444138403,0.8783993579680267,0.08540051759058927
25783,GOF,0.012760976527179441,0.6654761894345771,0.32176283403824335
25784,GOF,0.14962340080188394,0.7958815842035306,0.05449501499458558
25785,GOF,0.07346459027434914,0.8741932597563632,0.052342149969287675
25786,GOF,0.006179580729722818,0.8122657973754047,0.1815546218948725
25787,GOF,0.21951763547086958,0.7336771366005735,0.046805227928556854
25788,LOF,0.047258651580433506,0.11926621671846342,0.8334751317011031
25789,GOF,0.032684699483881516,0.8004211110664745,0.16689418944964401
25790,GOF,0.03307946920169987,0.8360883696373016,0.13083216116099866
25791,GOF,0.02566254585733378,0.7763438098558959,0.1979936442867703
25792,GOF,0.05002874608023159,0.7710046307596101,0.1789666231601582
25793,GOF,0.07539666817071985,0.7185101865567001,0.20609314527258007
25794,GOF,0.10036996011265695,0.6797533127564539,0.21987672713088918
25795,GOF,0.02797326955299858,0.7578035267616711,0.21422320368533046
25796,GOF,0.14308827565798,0.7383572078870689,0.11855451645495112
25797,GOF,0.03865404089522695,0.593770391560334,0.3675755675444391
25798,GOF,0.0032269888546474657,0.5424892682795714,0.45428374286578105
25799,LOF,0.0032091940247428196,0.4241522071451539,0.5726385988301033
25800,GOF,0.011350325041531044,0.6252093735169456,0.36344030144152334
25801,GOF,0.039249846503340895,0.8108343395299801,0.14991581396667905
25802,GOF,0.016718175682952478,0.7334228465989698,0.24985897771807755
25803,GOF,0.009751480752797524,0.5832270562140628,0.4070214630331396
25804,LOF,0.010870731718778025,0.4847633331523242,0.5043659351288977
25805,GOF,0.01861853777183747,0.6112069578101997,0.3701745044179629
25806,GOF,0.017855884190592454,0.6194241043820452,0.3627200114273623
25807,GOF,0.00573900270898882,0.646949259246584,0.3473117380444271
25808,GOF,0.013172075043769469,0.6561268742630698,0.3307010506931608
25809,GOF,0.006124220535643224,0.6017308029085111,0.3921449765558456
25810,GOF,0.004828663754837143,0.620462298970996,0.3747090372741669
25811,GOF,0.11993878287697259,0.7624420742273014,0.11761914289572606
25812,GOF,0.012112009341064834,0.6266138152716442,0.3612741753872911
25813,GOF,0.12407917979338987,0.7110904495706022,0.16483037063600792
25814,GOF,0.027648304889851656,0.7161167091522899,0.25623498595785854
25815,GOF,0.04221478935706743,0.7170288581061086,0.240756352536824
25816,GOF,0.007639430707569007,0.7665871537832226,0.2257734155092083
25817,GOF,0.06248198466368186,0.7699135226312983,0.16760449270501984
25818,GOF,0.015426133971525903,0.7112445879795354,0.2733292780489386
25819,GOF,0.0777567286302263,0.7179738150024699,0.20426945636730384
25820,GOF,0.030659196439361304,0.7211828947131222,0.24815790884751635
25821,GOF,0.015447848522997392,0.7039457009008636,0.2806064505761391
25822,GOF,0.03751531212106537,0.7269786117285645,0.23550607615037025
25823,GOF,0.010589075353011212,0.5538299595780896,0.43558096506889915
25824,GOF,0.018215153294712527,0.6802740082219736,0.3015108384833138
25825,GOF,0.010827339167551618,0.6494831275267883,0.3396895333056601
25826,GOF,0.004796295857699397,0.6323294978973425,0.3628742062449581
25827,GOF,0.007331956271389545,0.6446410874833769,0.34802695624523355
25828,GOF,0.004843762184261324,0.571217696354817,0.42393854146092164
25829,GOF,0.0026099122391865233,0.5975586014694907,0.3998314862913227
25830,LOF,0.04453075555150865,0.2982420307490062,0.6572272136994852
25831,GOF,0.05266340289835426,0.8037022319980831,0.14363436510356264
25832,GOF,0.007814114490541474,0.7604447262873926,0.2317411592220659
25833,GOF,0.030168683082154587,0.7976634667714787,0.17216785014636668
25834,GOF,0.008775037279842236,0.7659218466833668,0.22530311603679104
25835,GOF,0.019625353394095657,0.810026957352203,0.17034768925370133
25836,GOF,0.007494763890322065,0.7350079373695018,0.2574972987401763
25837,GOF,0.007189109645382858,0.6564043688724358,0.3364065214821814
25838,GOF,0.023276609334481682,0.8322366916777447,0.1444866989877735
25839,GOF,0.05419585331436401,0.7649958635915975,0.18080828309403854
25840,GOF,0.05281687073973363,0.7746835071211124,0.17249962213915399
25841,GOF,0.04939088822964274,0.7992180761924069,0.1513910355779503
25842,GOF,0.026449622190516612,0.8479081407857035,0.12564223702377975
25843,GOF,0.030784359159475107,0.8662106057092657,0.10300503513125919
25844,GOF,0.018336900405821588,0.7781389421900862,0.2035241574040921
25845,GOF,0.005437174727246823,0.5619461255059058,0.43261669976684747
25846,GOF,0.038200246055132725,0.8085943868218239,0.15320536712304317
25847,GOF,0.01891173301487129,0.8815604267874174,0.09952784019771131
25848,GOF,0.011432731458668488,0.7873877604845942,0.20117950805673734
25849,GOF,0.00417236407479518,0.6699330505576989,0.32589458536750593
25850,GOF,0.005625140604016858,0.7007318845825437,0.29364297481343943
25851,GOF,0.005497986320589216,0.5754750304124837,0.41902698326692717
25852,GOF,0.1692032436173561,0.5193970946761514,0.3113996617064925
25853,GOF,0.07396026260469879,0.8144570001016534,0.11158273729364793
25854,GOF,0.008199024966300773,0.6581617097714328,0.33363926526226634
25855,GOF,0.01288205182410891,0.5895388043933538,0.39757914378253717
25856,GOF,0.04933732509418286,0.6906679279338432,0.25999474697197383
25857,GOF,0.012790190819805178,0.5392660828415361,0.4479437263386587
25858,GOF,0.006997042737412118,0.5397456569306368,0.453257300331951
25859,GOF,0.005029464813527391,0.5173552752578204,0.4776152599286522
25860,GOF,0.08856027369068432,0.7860736177923273,0.12536610851698843
25861,GOF,0.13294356367670665,0.7646475929636117,0.10240884335968164
25862,GOF,0.020139131966497047,0.8335419719589886,0.1463188960745142
25863,GOF,0.021122044354465,0.8396309819629914,0.13924697368254366
25864,GOF,0.04842850031478687,0.8701022669549153,0.0814692327302977
25865,GOF,0.02884757098592226,0.8483626058491177,0.12278982316495997
25866,GOF,0.02175958227052001,0.8248247791754625,0.1534156385540175
25867,GOF,0.030485905528726497,0.8591945233408926,0.11031957113038086
25868,GOF,0.06260836635030163,0.7949710568266688,0.14242057682302967
25869,GOF,0.3331873370689725,0.568049260197388,0.09876340273363961
25870,GOF,0.19842918076069796,0.48554807867890815,0.3160227405603938
25871,GOF,0.034437359236948,0.8208309289450135,0.14473171181803857
25872,GOF,0.017705623269245303,0.7421788690269864,0.2401155077037684
25873,GOF,0.023584512718136573,0.7971609988765929,0.17925448840527053
25874,LOF,0.017501482903613533,0.12652416044879208,0.8559743566475945
25875,LOF,0.0223367738997222,0.04538857902395839,0.9322746470763194
25876,LOF,0.016117534902886796,0.03267326682524482,0.9512091982718685
25877,LOF,0.14207513719203643,0.0723892822399114,0.7855355805680522
25878,LOF,0.05777059551263248,0.10977766770037503,0.8324517367869926
25879,LOF,0.02104362842926874,0.07948982227521446,0.8994665492955168
25880,LOF,0.04729171021472313,0.01246230507695848,0.9402459847083184
25881,Neutral,0.5195652794061681,0.03944949427782358,0.4409852263160083
25882,LOF,0.019796634074610343,0.0256385862459399,0.9545647796794499
25883,LOF,0.05611886390386452,0.023664574289823083,0.9202165618063123
25884,LOF,0.009354181920116318,0.04004451146451959,0.9506013066153641
25885,LOF,0.177679757040311,0.0068158880670164184,0.8155043548926727
25886,LOF,0.27072182955988433,0.054513189339372325,0.6747649811007433
25887,LOF,0.15988197456052367,0.04982936331247212,0.7902886621270041
25888,LOF,0.013078216093408288,0.10513194249308258,0.8817898414135091
25889,LOF,0.010993869693160931,0.03095500671184353,0.9580511235949954
25890,LOF,0.1275625209555909,0.09191768103459799,0.7805197980098111
25891,LOF,0.043498294382409305,0.0552595059893481,0.9012421996282426
25892,LOF,0.01368154135300023,0.04605698697453276,0.9402614716724671
25893,LOF,0.4079153485772585,0.014590226047710257,0.5774944253750314
25894,LOF,0.4350626662920059,0.008218317981966209,0.5567190157260279
25895,LOF,0.3558140788480003,0.015603874724462329,0.6285820464275372
25896,LOF,0.04268792526316129,0.030742380163325565,0.9265696945735131
25897,LOF,0.21386854871079447,0.015530129436062464,0.7706013218531431
25898,LOF,0.2625013553777406,0.038198548814041756,0.6993000958082176
25899,LOF,0.17761456596098937,0.03600938664160555,0.786376047397405
25900,Neutral,0.5093781477154045,0.016357782791142247,0.4742640694934533
25901,LOF,0.047107748333958005,0.014650115939100334,0.9382421357269416
25902,LOF,0.11062646884013634,0.018122208119281696,0.8712513230405818
25903,LOF,0.4258176907754391,0.03351076912356774,0.5406715401009933
25904,LOF,0.3074180631426641,0.05912369833298363,0.6334582385243522
25905,LOF,0.0059818609775238035,0.40795999446122316,0.586058144561253
25906,LOF,0.010322236505906947,0.10023286048419346,0.8894449030098995
25907,LOF,0.004151965631962237,0.3824061159094131,0.6134419184586246
25908,LOF,0.0035614263341536257,0.2797956499307477,0.7166429237350987
25909,LOF,0.01461305374061521,0.12579641977562192,0.8595905264837629
25910,LOF,0.016319058774390494,0.16462873024211633,0.8190522109834932
25911,LOF,0.18828181347637318,0.03156402436429015,0.7801541621593368
25912,LOF,0.06727243700927184,0.03480643935324893,0.8979211236374793
25913,LOF,0.08582666817938371,0.05072669570394176,0.8634466361166745
25914,LOF,0.022025168146341142,0.05153584300759436,0.9264389888460645
25915,LOF,0.1520508076423585,0.35019321731610337,0.49775597504153823
25916,LOF,0.018443131233848553,0.2267988168801934,0.754758051885958
25917,LOF,0.05634436912973516,0.03842089694015991,0.9052347339301049
25918,LOF,0.026713875383718947,0.030722711435986868,0.9425634131802942
25919,LOF,0.022588911149801674,0.028742410671184944,0.9486686781790135
25920,LOF,0.060115732306513694,0.4090032734971867,0.5308809941962995
25921,LOF,0.010810063904103547,0.038920738729119574,0.9502691973667768
25922,LOF,0.013333759855505297,0.030685381500300556,0.9559808586441942
25923,Neutral,0.49736273891490684,0.04002725014248284,0.4626100109426103
25924,LOF,0.018143158581097423,0.04270395115331275,0.9391528902655899
25925,LOF,0.07806812676637122,0.04568983791171899,0.8762420353219098
25926,LOF,0.055101031680523216,0.041844122303003745,0.903054846016473
25927,LOF,0.015830037615008802,0.16844337551487878,0.8157265868701123
25928,LOF,0.008143567984341099,0.052429669098648865,0.93942676291701
25929,Neutral,0.6101222165404357,0.04337529958706284,0.3465024838725014
25930,LOF,0.07043164130361619,0.034377514417124444,0.8951908442792594
25931,LOF,0.010438742810931202,0.036390707022420914,0.9531705501666479
25932,LOF,0.031302129157051474,0.02727391948558136,0.9414239513573671
25933,LOF,0.039120868044425834,0.01849736913836683,0.9423817628172073
25934,LOF,0.02719696880659709,0.01942809522867845,0.9533749359647246
25935,LOF,0.06954616698787972,0.05725581753465817,0.8731980154774621
25936,LOF,0.04598240832990057,0.023412876291327732,0.9306047153787718
25937,LOF,0.010501845596733055,0.044195684428134915,0.945302469975132
25938,LOF,0.06944190317158602,0.06133135446911713,0.8692267423592968
25939,LOF,0.038693579808356325,0.022942438688060552,0.938363981503583
25940,LOF,0.007114022465194378,0.3189752201955157,0.67391075733929
25941,Neutral,0.520169980361981,0.04455462656466202,0.4352753930733569
25942,LOF,0.004943538173689103,0.04596677567088656,0.9490896861554243
25943,LOF,0.03208645088672446,0.13345393363620933,0.8344596154770662
25944,LOF,0.08393848782616915,0.08194781129823965,0.8341137008755912
25945,LOF,0.05468755078504505,0.020924547406634245,0.9243879018083208
25946,LOF,0.06381428056922346,0.06009033771200937,0.8760953817187672
25947,LOF,0.4642285383964583,0.06947033650714217,0.46630112509639965
25948,LOF,0.31906896190089507,0.010288081471803028,0.6706429566273019
25949,LOF,0.09251433273495427,0.046426880541784045,0.8610587867232616
25950,GOF,0.049203134863328515,0.4980796836700031,0.45271718146666856
25951,LOF,0.024429301852103444,0.33956467462883,0.6360060235190665
25952,LOF,0.26797805122689305,0.2436629233311718,0.48835902544193527
25953,LOF,0.014176187898128313,0.1461852410024843,0.8396385710993874
25954,LOF,0.06247892696013472,0.34164105605381134,0.595880016986054
25955,LOF,0.011591280142337044,0.09787236337899176,0.8905363564786711
25956,LOF,0.027267008425982443,0.17161489671380303,0.8011180948602146
25957,LOF,0.14318598397133597,0.01956421863095659,0.8372497973977074
25958,LOF,0.04896981333018296,0.033350080719894946,0.9176801059499222
25959,LOF,0.012693645545287712,0.40260289140846583,0.5847034630462464
25960,LOF,0.00616203354457967,0.057791724886005716,0.9360462415694145
25961,LOF,0.038646445628637074,0.030254474335965877,0.931099080035397
25962,LOF,0.03489534575986048,0.06009292634496524,0.9050117278951743
25963,LOF,0.005119562496645819,0.2724034666129881,0.722476970890366
25964,LOF,0.0329556208607105,0.11279677043355407,0.8542476087057354
25965,LOF,0.3615191554605759,0.09859573355731424,0.5398851109821099
25966,Neutral,0.49068400069889934,0.1804389615214912,0.3288770377796094
25967,LOF,0.007038762839593999,0.1011151124374546,0.8918461247229513
25968,LOF,0.03427120874339355,0.3601253161718031,0.6056034750848034
25969,LOF,0.12243974123341989,0.06040256767395583,0.8171576910926243
25970,LOF,0.01974623523411635,0.08347356995595719,0.8967801948099264
25971,LOF,0.06526856012640844,0.026585178740223113,0.9081462611333684
25972,LOF,0.06313139453812942,0.038182596068047955,0.8986860093938227
25973,LOF,0.05258622331016067,0.010683255424223468,0.936730521265616
25974,LOF,0.03242112043290875,0.03552827850614723,0.9320506010609441
25975,LOF,0.0450115033424591,0.02208397607843161,0.9329045205791092
25976,LOF,0.1003521880197269,0.010092293386871206,0.889555518593402
25977,LOF,0.18159231537737047,0.05119777359572496,0.7672099110269045
25978,LOF,0.16669260239999792,0.10171941970749519,0.7315879778925068
25979,LOF,0.1457793972991963,0.10487152288065547,0.7493490798201483
25980,LOF,0.24162288136784124,0.1287092310869956,0.6296678875451631
25981,LOF,0.2701215788863759,0.12777306744997455,0.6021053536636496
25982,LOF,0.42861145259492434,0.08112478987864047,0.4902637575264351
25983,LOF,0.41120644650359867,0.08324406615845345,0.5055494873379479
25984,LOF,0.044090572591744856,0.052303841692459684,0.9036055857157954
25985,LOF,0.38847902516765537,0.12553572165490934,0.4859852531774353
25986,LOF,0.00904063040825225,0.3865370581330042,0.6044223114587435
25987,LOF,0.038275812084181716,0.07705668297557079,0.8846675049402475
25988,LOF,0.18155036483741627,0.07518010914935813,0.7432695260132257
25989,LOF,0.03551639373068103,0.11785075630026504,0.8466328499690539
25990,LOF,0.03853810135194173,0.1724145101462681,0.7890473885017901
25991,LOF,0.015076109352266531,0.3421533992709238,0.6427704913768095
25992,LOF,0.02305070678262271,0.3135858189291933,0.6633634742881841
25993,LOF,0.022734741664817603,0.07340513553412903,0.9038601228010533
25994,LOF,0.016344851661807724,0.07563245038277758,0.9080226979554146
25995,LOF,0.02154167317017971,0.16183994514294558,0.8166183816868747
25996,LOF,0.31898600944772065,0.28062993262920266,0.40038405792307674
25997,LOF,0.06241507878603114,0.3379212279978884,0.5996636932160805
25998,LOF,0.27242293496072095,0.03696012154676503,0.6906169434925141
25999,LOF,0.015638564672033124,0.19407789557134986,0.7902835397566171
26000,LOF,0.13056734442802473,0.030408196502001904,0.8390244590699734
26001,LOF,0.29361789027879326,0.02276563332898502,0.6836164763922217
26002,LOF,0.07056774612384396,0.04379253025379434,0.8856397236223617
26003,GOF,0.00381135877288372,0.6366939920371905,0.35949464918992563
26004,GOF,0.005763528513403384,0.7211656674772177,0.27307080400937894
26005,LOF,0.00274005338835111,0.47903379754799763,0.5182261490636513
26006,GOF,0.08989540334553292,0.5533811055930642,0.3567234910614029
26007,GOF,0.005749498090618391,0.5452573695956433,0.4489931323137383
26008,GOF,0.005233172291126818,0.6296376895108632,0.36512913819800996
26009,GOF,0.005860233959225111,0.6642617521599941,0.32987801388078086
26010,GOF,0.006366923664474166,0.7065421208553521,0.2870909554801737
26011,LOF,0.002534342868176126,0.46540702401775774,0.5320586331140661
26012,GOF,0.0036813306741110925,0.5494579168738807,0.4468607524520083
26013,GOF,0.004793771242242739,0.6351500051081314,0.360056223649626
26014,LOF,0.04944996849285089,0.08312504039118315,0.8674249911159658
26015,LOF,0.15221943470266777,0.020010426953416968,0.8277701383439153
26016,LOF,0.3138538922917705,0.02708091514950006,0.6590651925587294
26017,LOF,0.023252016018937085,0.1789602969186658,0.7977876870623971
26018,LOF,0.08033066481769717,0.04845440380014706,0.8712149313821558
26019,LOF,0.07521893552418114,0.03922948463567802,0.8855515798401408
26020,LOF,0.0101841455551117,0.18682416164168308,0.8029916928032051
26021,LOF,0.07051233124367406,0.054834840441212604,0.8746528283151134
26022,LOF,0.028856427976034285,0.025792389186074245,0.9453511828378915
26023,LOF,0.048822428623363216,0.028361452832277877,0.9228161185443589
26024,LOF,0.04911419450433352,0.05578787013182226,0.8950979353638443
26025,LOF,0.06470782925947424,0.13166792790645312,0.8036242428340727
26026,LOF,0.13845908484547204,0.054587018048621004,0.806953897105907
26027,LOF,0.05967044351301912,0.020878444213364173,0.9194511122736168
26028,LOF,0.09780910217999914,0.1211944741994058,0.7809964236205951
26029,LOF,0.027438050126066392,0.17487421432206363,0.79768773555187
26030,LOF,0.14537185645847983,0.01970176300582444,0.8349263805356957
26031,LOF,0.01372366153763821,0.1268257536138387,0.8594505848485231
26032,LOF,0.08101847299857222,0.04674475123905388,0.8722367757623738
26033,LOF,0.08375781752533934,0.04636138088690686,0.8698808015877538
26034,LOF,0.01492053951822311,0.13934864253023924,0.8457308179515376
26035,LOF,0.012913582953779673,0.11124628237747591,0.8758401346687443
26036,LOF,0.01614960623163311,0.13665384948701398,0.8471965442813528
26037,LOF,0.010901145461442706,0.09792549941179986,0.8911733551267573
26038,LOF,0.07223993814560098,0.04357975874944054,0.8841803031049584
26039,LOF,0.02341290805241961,0.1281679956542579,0.8484190962933226
26040,LOF,0.11807988469639007,0.09793412755189838,0.7839859877517116
26041,LOF,0.013174830942255241,0.08719758168313169,0.899627587374613
26042,LOF,0.011791936141155389,0.08806259799487527,0.9001454658639693
26043,LOF,0.07166470541295668,0.059614538153150654,0.8687207564338928
26044,LOF,0.014124233372025457,0.04776871555338118,0.9381070510745934
26045,LOF,0.05076702797067445,0.09200983313150274,0.8572231388978229
26046,LOF,0.06531982830251803,0.04983282873079662,0.8848473429666853
26047,LOF,0.1077258402348888,0.05270486234229723,0.839569297422814
26048,LOF,0.05499450948426251,0.03258057153087411,0.9124249189848634
26049,Neutral,0.970414232802029,0.005301094326027861,0.024284672871943094
26050,Neutral,0.9580442159045767,0.006517544732296131,0.03543823936312714
26051,LOF,0.012413192198607708,0.2473749307293584,0.7402118770720338
26052,LOF,0.01626343132170518,0.2889239308808585,0.6948126377974363
26053,LOF,0.025768357675294572,0.15631187019037798,0.8179197721343275
26054,LOF,0.042822334275210004,0.01844816015092089,0.9387295055738691
26055,LOF,0.05591906613064329,0.017895860860272932,0.9261850730090838
26056,LOF,0.047730984294539716,0.01965492124713802,0.9326140944583223
26057,LOF,0.031071879435886875,0.012603879151384991,0.9563242414127281
26058,LOF,0.03176450040124108,0.010584061416477808,0.957651438182281
26059,LOF,0.2685324827907241,0.023168615197222495,0.7082989020120534
26060,LOF,0.006666917711518627,0.2254661449673087,0.7678669373211726
26061,LOF,0.005167875651308173,0.013331232645733524,0.9815008917029583
26062,LOF,0.004375776355329561,0.01832807809299367,0.9772961455516768
26063,LOF,0.02149447358274314,0.01044424692213706,0.9680612794951197
26064,LOF,0.006687828337657962,0.02659178220176444,0.9667203894605776
26065,LOF,0.022643504758495133,0.011635374499589726,0.9657211207419151
26066,LOF,0.020380582733402503,0.010606252502083502,0.9690131647645139
26067,LOF,0.027705281274094738,0.009293997360257043,0.9630007213656483
26068,LOF,0.04225016597452901,0.02885387116479534,0.9288959628606757
26069,LOF,0.25480841425942263,0.019406287915836675,0.7257852978247408
26070,LOF,0.4089909461483391,0.01558450662389722,0.5754245472277638
26071,LOF,0.01992808730031141,0.011500022878183939,0.9685718898215047
26072,LOF,0.005373266396766856,0.022766493644940253,0.9718602399582928
26073,LOF,0.017108147199525053,0.013433663064082797,0.9694581897363922
26074,Neutral,0.9046845049171965,0.0067886345830065935,0.08852686049979695
26075,LOF,0.04682179091670518,0.014650937156178654,0.9385272719271162
26076,LOF,0.036497295681874646,0.009666263459161576,0.9538364408589638
26077,LOF,0.11504503846966303,0.007556216417415894,0.877398745112921
26078,LOF,0.0062948477063924846,0.014548690473315747,0.9791564618202918
26079,LOF,0.05446430379920401,0.018429460732373844,0.9271062354684221
26080,LOF,0.05280449815361518,0.01846711431663597,0.928728387529749
26081,LOF,0.02843813973888794,0.007989262326309768,0.9635725979348023
26082,LOF,0.004558047127885628,0.01790240794503841,0.9775395449270758
26083,LOF,0.13441021435372147,0.01666832463137234,0.8489214610149062
26084,LOF,0.03381319627595504,0.013647452181945581,0.9525393515420993
26085,LOF,0.03077812753932567,0.012395911353153342,0.9568259611075209
26086,LOF,0.01856691479548709,0.01173866996292031,0.9696944152415926
26087,LOF,0.020020764949016556,0.00963889498783433,0.9703403400631492
26088,LOF,0.005777426035118612,0.028456972966223466,0.965765600998658
26089,LOF,0.03769443099285115,0.02356976692188644,0.9387358020852623
26090,LOF,0.03767571973275731,0.01928899406240846,0.9430352862048343
26091,LOF,0.02624209061220048,0.007149512692949517,0.9666083966948501
26092,LOF,0.019688875889155036,0.008592150592020934,0.971718973518824
26093,LOF,0.03553957875730705,0.006348074834893443,0.9581123464077995
26094,LOF,0.026345120259881567,0.007099107780846669,0.9665557719592717
26095,LOF,0.015122570096339185,0.020209151246518113,0.9646682786571427
26096,LOF,0.1379580158087469,0.006449152733044345,0.8555928314582087
26097,LOF,0.004872601888528296,0.04087889833935251,0.9542484997721193
26098,LOF,0.06680619587676231,0.014962908074354698,0.918230896048883
26099,LOF,0.017742761891405633,0.014429419320857648,0.9678278187877367
26100,LOF,0.020036576937645465,0.014124124347769645,0.9658392987145848
26101,LOF,0.0426386352733179,0.022961746839132942,0.9343996178875492
26102,LOF,0.019066003793180845,0.015621832751756392,0.9653121634550628
26103,Neutral,0.8665146796641312,0.021645593858316384,0.11183972647755248
26104,LOF,0.06668788024890394,0.02527451428010511,0.908037605470991
26105,LOF,0.22663274586358384,0.15887098375072925,0.6144962703856869
26106,LOF,0.3800367462988091,0.10124790091919558,0.5187153527819953
26107,LOF,0.025229238183050815,0.12540176565059818,0.849368996166351
26108,LOF,0.39679876651169577,0.04523691373906082,0.5579643197492433
26109,LOF,0.030917392986820377,0.06447354506852454,0.9046090619446552
26110,LOF,0.20300359434710796,0.007979676972840721,0.7890167286800513
26111,LOF,0.09101909787366469,0.07213126282610655,0.8368496393002287
26112,LOF,0.03485921274163893,0.0077334853344464966,0.9574073019239147
26113,LOF,0.05918795006240868,0.017361820313225276,0.9234502296243661
26114,LOF,0.06698825221823773,0.013592340586275772,0.9194194071954865
26115,LOF,0.01799915391416227,0.06878065012873119,0.9132201959571067
26116,LOF,0.07741360147468469,0.03945799054567701,0.8831284079796383
26117,LOF,0.4127291668344006,0.054519554511685,0.5327512786539144
26118,LOF,0.03454201577943396,0.0253315836051625,0.9401264006154035
26119,LOF,0.005770950556839431,0.0432481509820305,0.9509808984611301
26120,LOF,0.0235161410998587,0.02088202115972376,0.9556018377404175
