feature0,prediction,LoGoFunc_Neutral,LoGoFunc_GOF,LoGoFunc_LOF
25546,Neutral,0.6661101047208288,0.044510787378070404,0.2893791079011008
25547,Neutral,0.5556699201070376,0.09730871013786191,0.34702136975510034
25548,Neutral,0.5178079145033669,0.07421912239721519,0.40797296309941794
25549,Neutral,0.48840984576216473,0.07409770367002115,0.4374924505678142
25550,LOF,0.4029656817043317,0.12382490763983289,0.47320941065583544
25551,LOF,0.3293008781229219,0.12392375996160945,0.5467753619154685
25552,LOF,0.18500950037014852,0.13367035708040856,0.681320142549443
25553,Neutral,0.8221810949871108,0.03530008112898031,0.1425188238839088
25554,LOF,0.228517779644668,0.1273917063398244,0.6440905140155077
25555,LOF,0.18035213001829575,0.11820936974700491,0.7014385002346993
25556,Neutral,0.5294140543374277,0.09375274594298477,0.3768331997195874
25557,LOF,0.18141683023182156,0.1211783892426584,0.69740478052552
25558,LOF,0.2363272652089107,0.1324082509826376,0.6312644838084518
25559,LOF,0.37393262042000397,0.061718847444081515,0.5643485321359145
25560,LOF,0.04481753594364766,0.27795682653166615,0.6772256375246861
25561,LOF,0.08480155692605076,0.3127807408227591,0.6024177022511902
25562,LOF,0.10268019225117388,0.13795659075826203,0.7593632169905641
25563,LOF,0.09356831498816749,0.15643670716116861,0.7499949778506639
25564,LOF,0.08786547227048695,0.30137937609738674,0.6107551516321262
25565,LOF,0.11889828388131521,0.21634244382660067,0.6647592722920841
25566,GOF,0.0154901042953368,0.7322380997767067,0.2522717959279565
25567,LOF,0.014430368986082036,0.1157548358359677,0.8698147951779502
25568,LOF,0.05283471599594038,0.0617883970631825,0.8853768869408771
25569,LOF,0.06347492545366543,0.06257770863438651,0.8739473659119481
25570,LOF,0.06485393541205209,0.09108338992084605,0.8440626746671019
25571,LOF,0.06097287872793515,0.08303459142309955,0.8559925298489655
25572,LOF,0.06378133918597305,0.12858302284893477,0.8076356379650923
25573,LOF,0.031513434395148594,0.0780427269703087,0.8904438386345426
25574,LOF,0.018770037800939755,0.1329436991058534,0.8482862630932069
25575,LOF,0.05181927848791369,0.08769349131867979,0.8604872301934064
25576,LOF,0.019641769891600915,0.09747828469371604,0.882879945414683
25577,LOF,0.01472198168801309,0.13762852995690197,0.8476494883550849
25578,LOF,0.24383802495445744,0.07142037462806321,0.6847416004174792
25579,LOF,0.24447456874346793,0.070936158590739,0.684589272665793
25580,LOF,0.037783964536476485,0.07837844476263549,0.883837590700888
25581,LOF,0.053902352077437043,0.06527746659940993,0.880820181323153
25582,LOF,0.053447818498891506,0.061187589420272595,0.885364592080836
25583,LOF,0.04635382750224639,0.08147621100869895,0.8721699614890547
25584,Neutral,0.4791594632681486,0.07535840080240279,0.4454821359294486
25585,LOF,0.03407394212728279,0.09799023567043237,0.8679358222022847
25586,LOF,0.04487035800844188,0.06498158971030049,0.8901480522812576
25587,LOF,0.0387505033425148,0.06036811557116994,0.9008813810863153
25588,LOF,0.03922650525076273,0.07821570981857986,0.8825577849306574
25589,Neutral,0.6038023822489934,0.09076581825399035,0.3054317994970162
25590,LOF,0.029046756090938833,0.11416766709612794,0.8567855768129332
25591,LOF,0.1180804372776803,0.051052031708904225,0.8308675310134155
25592,LOF,0.10460072956329973,0.10646951815882268,0.7889297522778776
25593,LOF,0.016582754933756997,0.20563082281540626,0.7777864222508368
25594,LOF,0.03937327072685346,0.12631674225235207,0.8343099870207944
25595,LOF,0.0732286157339568,0.08613442374117614,0.840636960524867
25596,LOF,0.08886847212164715,0.07415483189619616,0.8369766959821567
25597,LOF,0.07974404112724273,0.04080799016858827,0.8794479687041689
25598,LOF,0.05257072431439692,0.116360175937561,0.8310690997480421
25599,GOF,0.006596098105600825,0.6829011094378348,0.31050279245656437
25600,GOF,0.007036976975368533,0.5714459284247675,0.421517094599864
25601,LOF,0.006414890663482034,0.44125284871146186,0.5523322606250562
25602,LOF,0.015659513218794836,0.06640730193323317,0.917933184847972
25603,LOF,0.04139127150625529,0.031050378377262718,0.9275583501164819
25604,LOF,0.037952975417466235,0.06475079437183384,0.8972962302106999
25605,LOF,0.010781378444155222,0.22447682760114068,0.7647417939547041
25606,GOF,0.05715839236299162,0.5295010858232653,0.41334052181374314
25607,LOF,0.003795439847921607,0.1485014346236265,0.8477031255284518
25608,LOF,0.048667144740572564,0.03850734042967027,0.912825514829757
25609,LOF,0.05618441189455274,0.278243763570967,0.6655718245344803
25610,LOF,0.04788364646851861,0.042254862951364554,0.9098614905801169
25611,LOF,0.06038021926022706,0.036024513533473065,0.9035952672063
25612,LOF,0.1286833566827744,0.07972525249776126,0.7915913908194644
25613,LOF,0.11097617539416503,0.06891989759916249,0.8201039270066725
25614,LOF,0.03938631760581494,0.05362562328438696,0.9069880591097981
25615,LOF,0.08038240574927658,0.05738319836171321,0.8622343958890103
25616,LOF,0.03860596341981157,0.06166143013019179,0.8997326064499966
25617,LOF,0.04392992520225227,0.06139473452966239,0.8946753402680853
25618,LOF,0.2702365553512697,0.05620476489457189,0.6735586797541584
25619,LOF,0.042153298438153165,0.05018405173163546,0.9076626498302115
25620,LOF,0.03852381696269243,0.061307966774536024,0.9001682162627714
25621,LOF,0.04349290092265553,0.04990074677237425,0.9066063523049702
25622,LOF,0.03473002481589,0.0809155889822302,0.8843543862018798
25623,LOF,0.05734184310607215,0.0576109004196924,0.8850472564742354
25624,LOF,0.03362301257882725,0.06602732075207457,0.9003496666690981
25625,LOF,0.042873319805872286,0.07909720803305215,0.8780294721610756
25626,LOF,0.08271512971272374,0.05884964294274003,0.8584352273445361
25627,Neutral,0.5381668279314965,0.13266627568951617,0.3291668963789872
25628,LOF,0.22004015366117666,0.05894316618050793,0.7210166801583154
25629,LOF,0.07741926596900768,0.13827287627278007,0.7843078577582122
25630,LOF,0.18769535501711385,0.09740459005221394,0.7149000549306722
25631,Neutral,0.5923006154286644,0.06585633875453005,0.3418430458168054
25632,LOF,0.022116418212298317,0.07987946079772597,0.8980041209899756
25633,LOF,0.22851344459274442,0.09560519516794966,0.6758813602393059
25634,LOF,0.037780842221295345,0.10230651443173482,0.8599126433469699
25635,LOF,0.043130592537483775,0.08905063632982155,0.8678187711326946
25636,GOF,0.005864345048166448,0.6558945232164469,0.33824113173538645
25637,GOF,0.00447080006792343,0.5382806429414784,0.4572485569905983
25638,LOF,0.007635741701088084,0.4777777870573219,0.5145864712415901
25639,LOF,0.004814819461195032,0.45236490913016647,0.5428202714086384
25640,GOF,0.40635337621369005,0.5380743872458381,0.05557223654047193
25641,LOF,0.005473939960398668,0.3806841332177791,0.6138419268218223
25642,LOF,0.265875517833861,0.13673772388649594,0.597386758279643
25643,LOF,0.28263912914334893,0.2739740856798973,0.44338678517675373
25644,GOF,0.013091396871388543,0.7505397495818706,0.23636885354674084
25645,GOF,0.010077588378695464,0.7034572968190951,0.28646511480220954
25646,LOF,0.010819496358854208,0.4908867006303956,0.49829380301075016
25647,LOF,0.009253084668319237,0.36993923759549263,0.6208076777361882
25648,LOF,0.006975782017859785,0.4460588206951617,0.5469653972869787
25649,LOF,0.007219164586139486,0.2902076122076999,0.7025732232061607
25650,GOF,0.021982867392514687,0.6760803295678244,0.3019368030396609
25651,LOF,0.0059336469014136225,0.33776280279227827,0.656303550306308
25652,LOF,0.01023645385122645,0.44867897126011425,0.5410845748886594
25653,GOF,0.039763762848849346,0.6348556759785972,0.3253805611725535
25654,LOF,0.007203436679524309,0.43293424900177646,0.5598623143186993
25655,GOF,0.054090295872438854,0.6192610329643037,0.32664867116325746
25656,LOF,0.06266151813868538,0.08629807971648779,0.8510404021448268
25657,LOF,0.30655210079674283,0.03658576408390908,0.6568621351193481
25658,LOF,0.03987605023052343,0.135911555815438,0.8242123939540384
25659,LOF,0.21989678279429897,0.07730775591026783,0.7027954612954331
25660,LOF,0.09453015294063319,0.10850671863824772,0.796963128421119
25661,LOF,0.07568293890016373,0.07466809634714386,0.8496489647526924
25662,LOF,0.036749604378322816,0.061687684336249285,0.9015627112854279
25663,LOF,0.043539871457870076,0.11192970545719536,0.8445304230849346
25664,LOF,0.030891186572644936,0.14236276735613876,0.8267460460712163
25665,LOF,0.04247599704539842,0.06827849452898656,0.889245508425615
25666,LOF,0.0423586200084455,0.1779067358083462,0.7797346441832084
25667,LOF,0.03785568121061409,0.060726288202012535,0.9014180305873732
25668,LOF,0.050264497535971564,0.0618451304740166,0.8878903719900119
25669,LOF,0.050264140485131455,0.0982570561488886,0.85147880336598
25670,LOF,0.07437528656981597,0.0923215072748342,0.8333032061553498
25671,LOF,0.044824124965948654,0.0523882395927153,0.9027876354413361
25672,LOF,0.048181444929652144,0.08115072336020449,0.8706678317101434
25673,LOF,0.035098498242531175,0.08367065776531472,0.881230843992154
25674,LOF,0.025676299345318707,0.09694479014738251,0.8773789105072988
25675,LOF,0.03358169638479347,0.07716731664885548,0.889250986966351
25676,LOF,0.03322573093333263,0.06949602389582181,0.8972782451708455
25677,LOF,0.07725202246776938,0.05954496386252206,0.8632030136697085
25678,LOF,0.12855818616453896,0.05179208572535237,0.8196497281101086
25679,LOF,0.132923545530421,0.06461860517722717,0.8024578492923519
25680,LOF,0.08299188117992062,0.09826553783630121,0.8187425809837782
25681,LOF,0.09613955986101907,0.09009637996296674,0.8137640601760141
25682,LOF,0.05000650157441961,0.062044422909344185,0.8879490755162363
25683,LOF,0.08236608983394235,0.08135921840710478,0.8362746917589527
25684,LOF,0.0594742457145947,0.06775618894845582,0.8727695653369495
25685,LOF,0.1192097031913475,0.046452575882155865,0.8343377209264966
25686,LOF,0.026057040304662077,0.10065009079140627,0.8732928689039317
25687,LOF,0.057328213358097777,0.08700810028293257,0.8556636863589695
25688,LOF,0.020807133557023533,0.06839984216531625,0.9107930242776603
25689,LOF,0.017500462604171006,0.045194907004204206,0.9373046303916248
25690,LOF,0.017972544203404387,0.04722770060771883,0.9347997551888768
25691,LOF,0.11429517476751341,0.07033200520106156,0.8153728200314251
25692,LOF,0.19325249892132862,0.014018412632592967,0.7927290884460784
25693,LOF,0.03435746611234919,0.28686592173930714,0.6787766121483437
25694,LOF,0.24911108556796924,0.013188523981479088,0.7377003904505516
25695,LOF,0.18757073647196917,0.028241202924358843,0.784188060603672
25696,LOF,0.0813028309892996,0.024567820433614836,0.8941293485770855
25697,LOF,0.12437422674897657,0.05089731363706331,0.8247284596139602
25698,LOF,0.015856734548610852,0.40603520208050536,0.5781080633708837
25699,LOF,0.08391406639799213,0.11664084090509942,0.7994450926969084
25700,LOF,0.03260123157060834,0.0226321097967062,0.9447666586326854
25701,LOF,0.01460412534152378,0.14893868649161843,0.8364571881668578
25702,GOF,0.021645078674755444,0.7929752065473046,0.18537971477794002
25703,LOF,0.014578650553260523,0.3165196494295599,0.6689017000171796
25704,LOF,0.08899008434865327,0.24006084000448427,0.6709490756468625
25705,LOF,0.08354855258572676,0.300512130082563,0.6159393173317101
25706,GOF,0.0174818871731124,0.6759760781295023,0.3065420346973854
25707,GOF,0.023571950474538216,0.5754981296674818,0.40092991985797993
25708,GOF,0.007531877102541669,0.5701557370055146,0.4223123858919437
25709,LOF,0.027641477812515365,0.08761939964193202,0.8847391225455525
25710,LOF,0.005694338245400823,0.1968691261144026,0.7974365356401965
25711,LOF,0.027119541189210998,0.15686042385383006,0.816020034956959
25712,LOF,0.007698496423047321,0.26143950327597426,0.7308620003009785
25713,LOF,0.027688377356626985,0.135044684930528,0.8372669377128451
25714,LOF,0.024864301155171808,0.18767376472071512,0.787461934124113
25715,LOF,0.03063132536765468,0.15614185492420216,0.8132268197081431
25716,LOF,0.005732144120878442,0.20522217874141127,0.7890456771377101
25717,LOF,0.005478714858919516,0.1893546744059204,0.8051666107351602
25718,LOF,0.0272654983413005,0.10921838877951212,0.8635161128791874
25719,LOF,0.03663842472131718,0.17004351663804387,0.7933180586406389
25720,LOF,0.03840692578408104,0.14462238903722474,0.8169706851786943
25721,LOF,0.026666795545084537,0.12548576852187407,0.8478474359330415
25722,LOF,0.019957060126566784,0.18220933018675478,0.7978336096866784
25723,LOF,0.03049369111827875,0.1447975205871432,0.824708788294578
25724,LOF,0.028335611311826433,0.270547046246816,0.7011173424413577
25725,LOF,0.031469836664061765,0.12453910489741374,0.8439910584385245
25726,LOF,0.02168451342786998,0.16219620467918983,0.8161192818929401
25727,LOF,0.028232597207436653,0.15441890376132436,0.817348499031239
25728,LOF,0.02573763699062558,0.1526945561298104,0.8215678068795641
25729,LOF,0.02530508445130839,0.16823672687853145,0.8064581886701602
25730,LOF,0.03025469154319806,0.11054927991416803,0.859196028542634
25731,LOF,0.009745158051039404,0.1772738859501256,0.812980955998835
25732,LOF,0.022036690527309173,0.12390240288067775,0.8540609065920132
25733,LOF,0.035221856978215144,0.1197597455150924,0.8450183975066925
25734,LOF,0.0061483018777552835,0.3116087269132379,0.6822429712090069
25735,LOF,0.025511197938907534,0.10549959893800516,0.8689892031230874
25736,LOF,0.02408333189481916,0.19103412053388752,0.7848825475712934
25737,LOF,0.060754829536031923,0.16172165731633248,0.7775235131476357
25738,LOF,0.02555592582709553,0.2074774514325038,0.7669666227404007
25739,LOF,0.028392217345617393,0.1303960035528016,0.841211779101581
25740,LOF,0.031432904770103194,0.16398078446353823,0.8045863107663584
25741,LOF,0.03825697041447568,0.15099547756437737,0.810747552021147
25742,LOF,0.048040212266643095,0.15132033236977785,0.8006394553635791
25743,LOF,0.012040806875617175,0.020186017691874232,0.9677731754325085
25744,LOF,0.20539085655904682,0.18325320401214934,0.6113559394288038
25745,LOF,0.034514688180979206,0.0533792328292513,0.9121060789897694
25746,LOF,0.013657470775218788,0.07943264216487246,0.9069098870599088
25747,LOF,0.04572464011789044,0.02342750809894852,0.9308478517831612
25748,LOF,0.29012660673412616,0.043382060531209916,0.6664913327346639
25749,LOF,0.016157048988335636,0.04769074202294376,0.9361522089887206
25750,LOF,0.01941455527072275,0.05650448593329261,0.9240809587959846
25751,LOF,0.04269796019953486,0.03637163109768356,0.9209304087027815
25752,GOF,0.07284164810668958,0.717728150464374,0.20943020142893637
25753,LOF,0.007451797439960349,0.4603499650451869,0.5321982375148527
25754,GOF,0.007642185504184001,0.9064828057805854,0.08587500871523066
25755,LOF,0.006720655027763751,0.4594514319400268,0.5338279130322093
25756,GOF,0.022936769707548512,0.4987489822615848,0.4783142480308667
25757,GOF,0.00781818032094382,0.8868298122924428,0.10535200738661324
25758,GOF,0.008703259683988697,0.9079599480939353,0.08333679222207595
25759,GOF,0.00577990222797422,0.713886810900114,0.2803332868719117
25760,LOF,0.006371755218496475,0.36038671962396523,0.6332415251575382
25761,GOF,0.04321308249484351,0.8745011736656907,0.0822857438394658
25762,LOF,0.026175072529431676,0.44403230665524485,0.5297926208153235
25763,LOF,0.0060677640369791825,0.34084906427726575,0.653083171685755
25764,GOF,0.05784174783256475,0.7168889700360517,0.22526928213138372
25765,GOF,0.008523428390627402,0.8980580208010585,0.09341855080831417
25766,GOF,0.024991386044422165,0.8722576088768021,0.10275100507877565
25767,GOF,0.01872082934306756,0.5260162559145628,0.4552629147423697
25768,LOF,0.052795582924251634,0.05041274115367639,0.8967916759220721
25769,LOF,0.03979052930901892,0.07432080384179944,0.8858886668491818
25770,LOF,0.14112581619649608,0.09186754645403987,0.7670066373494641
25771,LOF,0.019305938228700813,0.07941124579389465,0.9012828159774046
25772,LOF,0.02978684899189044,0.029794989458112126,0.9404181615499975
25773,LOF,0.015325867051384926,0.07514468799105047,0.9095294449575646
25774,LOF,0.028032515430922868,0.13794965433859868,0.8340178302304784
25775,LOF,0.018651806087151047,0.043404670049841415,0.9379435238630075
25776,LOF,0.02903374714157174,0.020492959657878167,0.9504732932005502
25777,LOF,0.3038946711920386,0.07070050730209462,0.6254048215058668
25778,LOF,0.02723740963466216,0.06521400939669475,0.9075485809686431
25779,GOF,0.05866888296145257,0.8613514995238336,0.07997961751471382
25780,GOF,0.07076875387819179,0.8591551700738679,0.07007607604794024
25781,GOF,0.03013107979184781,0.8249618557182623,0.14490706448988996
25782,GOF,0.03908688278221402,0.883947571322423,0.07696554589536303
25783,GOF,0.037421209599835706,0.8931821455002152,0.06939664489994911
25784,GOF,0.12163987222527121,0.8215872214822824,0.05677290629244639
25785,GOF,0.10800011787884412,0.8500743512368062,0.041925530884349756
25786,GOF,0.009666680419045864,0.8509987671704307,0.1393345524105237
25787,GOF,0.2505940008783108,0.6883144114012081,0.06109158772048101
25788,LOF,0.019262163179194856,0.18877581032042934,0.7919620265003757
25789,GOF,0.019698714189525072,0.8362719082056439,0.14402937760483092
25790,GOF,0.028984455453012075,0.8767608960158582,0.09425464853112976
25791,GOF,0.025635479079775165,0.7254141745282995,0.24895034639192531
25792,GOF,0.031140672293741886,0.7792617607797198,0.1895975669265384
25793,GOF,0.04021606041948588,0.7901455279092063,0.1696384116713078
25794,GOF,0.047674833401722926,0.7172846174412971,0.23504054915697994
25795,GOF,0.056297384586719325,0.7408906208256583,0.20281199458762242
25796,GOF,0.12901625406918624,0.7762487122088804,0.09473503372193334
25797,GOF,0.0673110974382616,0.7148850927348983,0.2178038098268402
25798,GOF,0.007182076018627059,0.7657324126668329,0.22708551131453997
25799,GOF,0.004971630854715849,0.6789221184485424,0.31610625069674164
25800,GOF,0.026446945637800503,0.8353216425692793,0.1382314117929202
25801,GOF,0.02622057435829503,0.8865764504786855,0.08720297516301947
25802,GOF,0.027635627301382703,0.7766473029237175,0.1957170697748997
25803,GOF,0.020841411530006085,0.6978778696098314,0.2812807188601624
25804,GOF,0.03254020884166825,0.7595821845104765,0.2078776066478554
25805,GOF,0.029844637223616473,0.8004690648429807,0.16968629793340276
25806,GOF,0.03903436650340093,0.8097862990382795,0.1511793344583195
25807,GOF,0.015831258770407263,0.740785112525015,0.24338362870457783
25808,GOF,0.026811234378795623,0.778603930440754,0.19458483518045025
25809,GOF,0.013964393533231674,0.7089284601430822,0.2771071463236862
25810,GOF,0.011805121883582249,0.6901194610180291,0.29807541709838875
25811,GOF,0.0663756264503559,0.8550187486534155,0.07860562489622865
25812,GOF,0.028965092398109897,0.7542928693994717,0.21674203820241836
25813,GOF,0.1713786813340835,0.7374781346040442,0.09114318406187231
25814,GOF,0.028157615972481884,0.7569972577148827,0.2148451263126355
25815,GOF,0.05461113559074796,0.8095710709932546,0.13581779341599748
25816,GOF,0.009305863162605161,0.8484241823283744,0.1422699545090204
25817,GOF,0.11474477330396775,0.759718364760233,0.1255368619357992
25818,GOF,0.028777229081368916,0.7827636433717199,0.1884591275469111
25819,GOF,0.05069122651384993,0.7720065295296555,0.17730224395649458
25820,GOF,0.05446040617641341,0.7264932941304091,0.21904629969317743
25821,GOF,0.039430341338177036,0.7715219317334349,0.18904772692838803
25822,GOF,0.06000701504454823,0.7607726073614431,0.17922037759400875
25823,GOF,0.029056687545458072,0.712899853412367,0.25804345904217496
25824,GOF,0.03119512596030863,0.7647101648820405,0.20409470915765102
25825,GOF,0.024432862028380752,0.7540663186258968,0.22150081934572244
25826,GOF,0.011333837265909256,0.7158052336944334,0.27286092903965736
25827,GOF,0.018961253639016316,0.7032090920002367,0.2778296543607471
25828,GOF,0.010579378560390833,0.745762858108734,0.24365776333087513
25829,GOF,0.004748187463166378,0.656895441174613,0.3383563713622206
25830,GOF,0.04156856512564742,0.538258195748968,0.4201732391253845
25831,GOF,0.07109252730830902,0.8011822255146713,0.1277252471770198
25832,GOF,0.010216797399571983,0.7252101823037058,0.26457302029672225
25833,GOF,0.0338787582783592,0.8007183763762239,0.16540286534541698
25834,GOF,0.01038275405491044,0.7371456879233378,0.2524715580217518
25835,GOF,0.02545549886559808,0.8180426685131098,0.15650183262129203
25836,GOF,0.0074387785660495155,0.7435419970396157,0.2490192243943348
25837,GOF,0.008542537991990411,0.7516042965044126,0.239853165503597
25838,GOF,0.02057906413902361,0.8216538235237553,0.15776711233722118
25839,GOF,0.04691069299727728,0.7845691449048657,0.16852016209785692
25840,GOF,0.0783616437576779,0.7668544844472694,0.15478387179505268
25841,GOF,0.0714534248531714,0.8101634387122417,0.11838313643458687
25842,GOF,0.02752310416022326,0.8691459774269443,0.10333091841283239
25843,GOF,0.0262662814366553,0.8733706159720013,0.10036310259134351
25844,GOF,0.021344057874107317,0.7983765412343324,0.1802794008915603
25845,GOF,0.006660659644390477,0.6876578341080058,0.30568150624760365
25846,GOF,0.07398610496793905,0.835256910698873,0.09075698433318795
25847,GOF,0.016201613652778446,0.8573616031324,0.12643678321482157
25848,GOF,0.02244074468042523,0.8107291901853365,0.16683006513423834
25849,GOF,0.00737208876120611,0.7672121630353139,0.22541574820347993
25850,GOF,0.006952360002452472,0.6819434580772911,0.3111041819202566
25851,GOF,0.006388516258929412,0.6260425329609328,0.36756895078013774
25852,GOF,0.13848465849428218,0.5556064106015711,0.30590893090414667
25853,GOF,0.05650441635063895,0.7849094410874626,0.15858614256189846
25854,GOF,0.006080503868745367,0.683943298620112,0.30997619751114247
25855,GOF,0.02292279799705255,0.6356656787932619,0.3414115232096857
25856,GOF,0.042842451240630845,0.7193624255192946,0.23779512324007446
25857,GOF,0.022799147602112053,0.6326202968669974,0.3445805555308906
25858,GOF,0.008566334250939275,0.5945618252609544,0.39687184048810636
25859,GOF,0.006374821476053908,0.5719341302097952,0.42169104831415094
25860,GOF,0.0779998425249312,0.7469387588263012,0.17506139864876757
25861,GOF,0.11402866918714381,0.8031663512179497,0.08280497959490643
25862,GOF,0.023099287525559082,0.8853223100988225,0.09157840237561835
25863,GOF,0.019999343966246735,0.864397227007604,0.11560342902614927
25864,GOF,0.03628493068759426,0.8788724701760364,0.0848425991363694
25865,GOF,0.038849683380196176,0.8582373125178506,0.10291300410195314
25866,GOF,0.019576907811791635,0.8478854158917476,0.1325376762964607
25867,GOF,0.041772389290625885,0.8473034615954661,0.11092414911390802
25868,GOF,0.061921348250954675,0.7741755119230161,0.1639031398260292
25869,GOF,0.29330920748959666,0.5909606624964668,0.11573013001393655
25870,GOF,0.06266867734603178,0.5801119946597227,0.3572193279942455
25871,GOF,0.008964473911224494,0.7794084129203853,0.2116271131683902
25872,GOF,0.02055963718823663,0.7788330481184577,0.20060731469330575
25873,GOF,0.02073978628352009,0.8618378747391898,0.11742233897729025
25874,LOF,0.019168662402006226,0.201985793621401,0.7788455439765927
25875,LOF,0.019140001340257028,0.12670574659544248,0.8541542520643005
25876,LOF,0.02207894866368826,0.06302905105555207,0.9148920002807597
25877,LOF,0.08966032700872728,0.23475023625904728,0.6755894367322254
25878,LOF,0.05197804195653207,0.30094466382643337,0.6470772942170346
25879,LOF,0.009133503728449613,0.19023507044809718,0.8006314258234531
25880,LOF,0.06416317400878445,0.021896507650511973,0.9139403183407037
25881,Neutral,0.5540711112116536,0.11396681710082493,0.33196207168752145
25882,LOF,0.05088616055515231,0.029810351852762696,0.9193034875920849
25883,LOF,0.030067127322799255,0.025775967058552035,0.9441569056186486
25884,LOF,0.018073564297616723,0.03926193641449835,0.942664499287885
25885,LOF,0.16099222913088734,0.014691069726178832,0.8243167011429338
25886,LOF,0.2713139898868774,0.04862498805640544,0.6800610220567171
25887,LOF,0.08697454764148131,0.16901178436417852,0.7440136679943401
25888,LOF,0.00841650860606313,0.20364628489982867,0.7879372064941083
25889,LOF,0.026435050388365255,0.03374218053397472,0.93982276907766
25890,LOF,0.184625072632598,0.0660252837009751,0.7493496436664269
25891,LOF,0.10791246882538977,0.04208481387559715,0.8500027172990131
25892,LOF,0.008921544205878111,0.036253111352506,0.9548253444416158
25893,LOF,0.3018619247149062,0.011626278593689077,0.6865117966914047
25894,LOF,0.3389137806049555,0.007951410606741378,0.6531348087883032
25895,LOF,0.26653662405260015,0.016218780081090647,0.7172445958663092
25896,LOF,0.08040971556464564,0.032282499963665105,0.8873077844716892
25897,LOF,0.1230494907450418,0.012749402724737655,0.8642011065302206
25898,LOF,0.12290309126523728,0.0314928288407474,0.8456040798940152
25899,LOF,0.3954282304104944,0.03755285471723587,0.5670189148722697
25900,Neutral,0.6701935556140273,0.01281793327993996,0.3169885111060329
25901,LOF,0.07775438245140542,0.015497025674882613,0.906748591873712
25902,LOF,0.08555946738105438,0.015616744906504793,0.8988237877124409
25903,LOF,0.1680898636102923,0.03430954680484034,0.7976005895848673
25904,Neutral,0.48563212964201935,0.06560219397850721,0.44876567637947334
25905,LOF,0.007356889255435723,0.3899912574970071,0.6026518532475572
25906,LOF,0.009068955478721564,0.06599339236057652,0.9249376521607019
25907,LOF,0.008763896160382154,0.27891206523238044,0.7123240386072374
25908,LOF,0.008668063955971615,0.25367881246752144,0.7376531235765069
25909,LOF,0.03748383542441693,0.09980722002526138,0.8627089445503218
25910,LOF,0.015926915244515963,0.10064370551155584,0.8834293792439282
25911,LOF,0.1872114131865965,0.019249161107089907,0.7935394257063136
25912,LOF,0.13894908633378023,0.019764691723583083,0.8412862219426367
25913,LOF,0.020905138362212007,0.023048383924818408,0.9560464777129695
25914,LOF,0.05467914206870253,0.024239581807824595,0.9210812761234729
25915,LOF,0.2276072474885286,0.23334651453051106,0.5390462379809603
25916,LOF,0.014959336232031772,0.10842536373612394,0.8766153000318443
25917,LOF,0.0743053809669034,0.029293180375426685,0.89640143865767
25918,LOF,0.045407289040365256,0.014797275783517388,0.9397954351761173
25919,LOF,0.03882926274554087,0.015695586899384696,0.9454751503550745
25920,LOF,0.3186613377622455,0.17989934337437352,0.501439318863381
25921,LOF,0.021098482387060698,0.01811811227942633,0.960783405333513
25922,LOF,0.02058900452998439,0.018966456645022844,0.9604445388249928
25923,LOF,0.4548988265041103,0.013036892353812857,0.5320642811420768
25924,LOF,0.029876064069560507,0.01989339840326343,0.950230537527176
25925,LOF,0.10648080074754523,0.027746286082371598,0.8657729131700833
25926,LOF,0.09334788245207065,0.02076154606635713,0.8858905714815722
25927,LOF,0.028059919140045176,0.02702366955389827,0.9449164113060565
25928,LOF,0.014410909237037316,0.013949623115635629,0.971639467647327
25929,Neutral,0.5970735987887699,0.012729363697796744,0.3901970375134333
25930,LOF,0.09766627466890901,0.013017509209877903,0.8893162161212131
25931,LOF,0.01580567238108357,0.013052186249834712,0.9711421413690816
25932,LOF,0.09638768914504411,0.012735011790012908,0.890877299064943
25933,LOF,0.09728584298988623,0.00997525080724723,0.8927389062028664
25934,LOF,0.09647559245195683,0.008684683891262554,0.8948397236567806
25935,LOF,0.10407921861447113,0.024567127654762957,0.8713536537307659
25936,LOF,0.09981531072884267,0.008372867808678111,0.8918118214624792
25937,LOF,0.017575980850662316,0.018069572190793085,0.9643544469585446
25938,LOF,0.10232616701189846,0.02289076386586506,0.8747830691222365
25939,LOF,0.061493187679099455,0.012496599450042604,0.9260102128708579
25940,GOF,0.00858104801861981,0.5692544851951471,0.4221644667862331
25941,Neutral,0.5088819919533095,0.03575255771455694,0.45536545033213355
25942,LOF,0.012355357803107056,0.05233344056102723,0.9353112016358658
25943,LOF,0.05413743022777183,0.16349859237232056,0.7823639773999075
25944,LOF,0.04348336183326251,0.09304120390242018,0.8634754342643173
25945,LOF,0.1880524904147803,0.02790705031794334,0.7840404592672763
25946,LOF,0.08129547794303119,0.04596223581120259,0.8727422862457662
25947,Neutral,0.48182565262991284,0.13177031307898837,0.3864040342910988
25948,LOF,0.3869804320883712,0.01960648711420561,0.5934130807974232
25949,LOF,0.14083297176502105,0.07813875131806867,0.7810282769169103
25950,GOF,0.10054213024206252,0.6385576438797942,0.2609002258781433
25951,LOF,0.016540865388229825,0.45657892498264313,0.5268802096291271
25952,LOF,0.16074158816668502,0.27745137320639124,0.5618070386269238
25953,LOF,0.0075568666278668,0.31984620733683833,0.6725969260352949
25954,GOF,0.06732562768408289,0.4883894231465885,0.4442849491693287
25955,LOF,0.008923555209165754,0.33362397985825853,0.6574524649325757
25956,LOF,0.010178304087303174,0.40871382004033363,0.5811078758723632
25957,LOF,0.1645858649530409,0.04437403334253886,0.7910401017044203
25958,LOF,0.02921490343744095,0.06137195096637809,0.9094131455961809
25959,GOF,0.006774701458047695,0.7079503996772585,0.2852748988646938
25960,LOF,0.005251056337896313,0.10797734698437671,0.886771596677727
25961,LOF,0.023661972585867858,0.05485042963254016,0.921487597781592
25962,LOF,0.03352410175847655,0.09124594535406576,0.8752299528874576
25963,LOF,0.010500891049179582,0.14708415006916775,0.8424149588816527
25964,LOF,0.045106183515480285,0.09034270110779045,0.8645511153767294
25965,LOF,0.1734474213276296,0.1826320932131571,0.6439204854592132
25966,LOF,0.3574507824165705,0.08625559851702623,0.5562936190664033
25967,LOF,0.00776445918012803,0.08838462483355221,0.9038509159863198
25968,LOF,0.054506142501722234,0.2854268376710756,0.6600670198272021
25969,LOF,0.1353225277923055,0.09306856833690609,0.7716089038707884
25970,LOF,0.061053474946545595,0.06807598146139579,0.8708705435920586
25971,LOF,0.06484298866995604,0.0277175242112641,0.90743948711878
25972,LOF,0.07293412028809708,0.03565803601325919,0.8914078436986438
25973,LOF,0.06538840230466014,0.013831222243778541,0.9207803754515612
25974,LOF,0.061347891551122344,0.055571261571137544,0.8830808468777401
25975,LOF,0.030756815721898402,0.01748721516134574,0.951755969116756
25976,LOF,0.0871383505344948,0.016048611736799997,0.8968130377287052
25977,LOF,0.23740531846998042,0.06800285375517721,0.6945918277748423
25978,LOF,0.16217469425453868,0.15439736225233466,0.6834279434931266
25979,LOF,0.12172301317300022,0.1588384240254808,0.719438562801519
25980,LOF,0.1974358888295178,0.2814156047348932,0.521148506435589
25981,LOF,0.19824360451329018,0.2854875295398631,0.5162688659468466
25982,LOF,0.2926972071326878,0.14345144176198424,0.563851351105328
25983,Neutral,0.482848595837084,0.13333701526763836,0.3838143888952777
25984,LOF,0.058648870674802345,0.06734911252656492,0.8740020167986328
25985,Neutral,0.46158960390430603,0.1399138760554752,0.3984965200402188
25986,LOF,0.012831281926501485,0.41051584550318626,0.5766528725703123
25987,LOF,0.03160413820105091,0.0795863571822588,0.8888095046166903
25988,LOF,0.06695394341807688,0.11012786229108501,0.8229181942908381
25989,LOF,0.07742803097014095,0.19130185653588846,0.7312701124939707
25990,LOF,0.06910520168230869,0.326718843959477,0.6041759543582144
25991,GOF,0.026796884152881305,0.5539004702562134,0.41930264559090535
25992,LOF,0.014102793886018188,0.45326484563435854,0.5326323604796234
25993,LOF,0.022629840766074768,0.060318191774126256,0.9170519674597989
25994,LOF,0.028714068716842744,0.06815963271547493,0.9031262985676823
25995,LOF,0.020683230826049556,0.10459800668237737,0.8747187624915731
25996,GOF,0.34576151225098334,0.43504418324692157,0.219194304502095
25997,GOF,0.061321690091566995,0.5829624560523511,0.35571585385608206
25998,LOF,0.24481467645922778,0.03575714774566524,0.719428175795107
25999,LOF,0.02471215809632558,0.2913780628406434,0.683909779063031
26000,LOF,0.13870244237891302,0.013534211390990782,0.8477633462300963
26001,LOF,0.15430865807114508,0.01795328937816771,0.8277380525506872
26002,LOF,0.10789506604180477,0.019381474539769045,0.8727234594184262
26003,GOF,0.0070736664542963386,0.5660937618508668,0.42683257169483685
26004,GOF,0.016463583264984125,0.5865894353051652,0.3969469814298506
26005,LOF,0.005895206626273257,0.4955448663460445,0.49855992702768215
26006,GOF,0.09717589863776938,0.5131209131696505,0.3897031881925802
26007,GOF,0.009751721138461216,0.5342418480768839,0.4560064307846549
26008,GOF,0.007041401433061494,0.5961800215450027,0.39677857702193575
26009,GOF,0.012039375057143078,0.6172758635156829,0.370684761427174
26010,GOF,0.010352358246804777,0.546275130679352,0.4433725110738432
26011,LOF,0.0059562667342328195,0.4095723136632129,0.5844714196025542
26012,GOF,0.005611574170403378,0.5065241400355037,0.48786428579409297
26013,LOF,0.011450989218048747,0.478131699720173,0.5104173110617782
26014,LOF,0.043171179648427524,0.07461167384440996,0.8822171465071627
26015,LOF,0.2976892427785732,0.027857947336604273,0.6744528098848225
26016,LOF,0.245378055117555,0.0342714936422544,0.7203504512401905
26017,LOF,0.016300586211677646,0.12283981745820025,0.8608595963301221
26018,LOF,0.026944828208505994,0.07197902860054671,0.9010761431909472
26019,LOF,0.027086984302741757,0.06304268870067299,0.9098703269965853
26020,LOF,0.0069201670617334895,0.1183974949195181,0.8746823380187485
26021,LOF,0.0802947455386691,0.057878986638736675,0.8618262678225942
26022,LOF,0.04087710359915146,0.02281523647686306,0.9363076599239856
26023,LOF,0.02140009229008525,0.03918161863180039,0.9394182890781143
26024,LOF,0.048633945973248605,0.04406418336884144,0.9073018706579099
26025,LOF,0.13087017698597334,0.04846240516322842,0.8206674178507982
26026,LOF,0.1266571156382329,0.03835205037147241,0.8349908339902947
26027,LOF,0.02639669258500849,0.023076537820971237,0.9505267695940204
26028,LOF,0.08489701037781536,0.19861926300423535,0.7164837266179493
26029,LOF,0.03363414908176566,0.19383604925805759,0.7725298016601768
26030,LOF,0.119706566876699,0.022271991362675644,0.8580214417606253
26031,LOF,0.016021212814889274,0.20070494719452348,0.7832738399905873
26032,LOF,0.0408866434016934,0.06161446801815519,0.8974988885801515
26033,LOF,0.039096222320215764,0.06621895754809708,0.8946848201316872
26034,LOF,0.021902116444569752,0.13089547872398763,0.8472024048314427
26035,LOF,0.01334416828203308,0.151580849367272,0.8350749823506949
26036,LOF,0.012559356631243484,0.11921271870043013,0.8682279246683263
26037,LOF,0.012464458062406763,0.12823106764016404,0.8593044742974291
26038,LOF,0.03458385197847785,0.05645431121161369,0.9089618368099085
26039,LOF,0.039188120524964704,0.17672445810770568,0.7840874213673296
26040,LOF,0.08814654967646814,0.21618450528639688,0.6956689450371351
26041,LOF,0.01533667978924916,0.13119961930290452,0.8534637009078463
26042,LOF,0.014330035549157873,0.1424995189069213,0.8431704455439207
26043,LOF,0.0370822902972092,0.10498877962836752,0.8579289300744233
26044,LOF,0.00843726498502458,0.06098289683501168,0.9305798381799637
26045,LOF,0.10591541031718395,0.26466402869599776,0.6294205609868183
26046,LOF,0.031001154116764334,0.07192437155462976,0.8970744743286059
26047,LOF,0.07441427831960952,0.06570955803634065,0.85987616364405
26048,LOF,0.090876912873111,0.027596530319303387,0.8815265568075856
26049,Neutral,0.9416117054619241,0.007857035480884584,0.05053125905719135
26050,Neutral,0.8960406489091685,0.009250027088411349,0.09470932400242006
26051,LOF,0.0313357595656989,0.2855698873967746,0.6830943530375265
26052,LOF,0.037815906772365036,0.23375058349097122,0.7284335097366637
26053,LOF,0.021731699048880514,0.21234052367572626,0.7659277772753932
26054,LOF,0.05444397792523239,0.051736210275273836,0.8938198117994937
26055,LOF,0.0772197322365575,0.052883529382596085,0.8698967383808465
26056,LOF,0.07145099804446288,0.055741053855442334,0.8728079481000947
26057,LOF,0.0730206873539094,0.026159228074805436,0.9008200845712852
26058,LOF,0.07971830853553043,0.021000458675695565,0.899281232788774
26059,LOF,0.2590382525923555,0.06988522190153547,0.6710765255061091
26060,LOF,0.0180290117670683,0.20494173004864344,0.7770292581842883
26061,LOF,0.012873011162348545,0.015167603992534898,0.9719593848451165
26062,LOF,0.0059391908162116525,0.02723715134995082,0.9668236578338375
26063,LOF,0.05242080860690106,0.015343287145943225,0.9322359042471557
26064,LOF,0.008682764563411001,0.021268417472048873,0.9700488179645401
26065,LOF,0.07217031347588752,0.0241614359514532,0.9036682505726593
26066,LOF,0.06324131234603436,0.01687616374979267,0.919882523904173
26067,LOF,0.05726374451642711,0.014946793860310694,0.9277894616232621
26068,LOF,0.053021359418066516,0.043459662219186665,0.9035189783627467
26069,LOF,0.20556711607818937,0.03306490602064873,0.761367977901162
26070,LOF,0.4559587087510696,0.021084998737125715,0.5229562925118048
26071,LOF,0.05156450953358827,0.018869253618338574,0.9295662368480733
26072,LOF,0.008071747037949911,0.021392437069853512,0.9705358158921966
26073,LOF,0.051311822965788075,0.01463569213158935,0.9340524849026225
26074,Neutral,0.6894327495687848,0.017317296753465144,0.29324995367775025
26075,LOF,0.044120102913945386,0.030262927841216886,0.9256169692448378
26076,LOF,0.047905491336338236,0.01874883527298273,0.933345673390679
26077,LOF,0.16705949867616698,0.016549627607517953,0.816390873716315
26078,LOF,0.0066871501210101335,0.03585619239768354,0.9574566574813063
26079,LOF,0.058027626501713093,0.03138394596167505,0.910588427536612
26080,LOF,0.057091506125800634,0.031356236020039785,0.9115522578541595
26081,LOF,0.047371228513585044,0.0161751939216138,0.9364535775648012
26082,LOF,0.006913566921606341,0.02420920948516733,0.9688772235932264
26083,LOF,0.11339690560521924,0.028365789268427304,0.8582373051263535
26084,LOF,0.1416994760473322,0.02434431206192362,0.8339562118907441
26085,LOF,0.12636433474152714,0.02037994707481278,0.85325571818366
26086,LOF,0.04215689936993737,0.022494214874528958,0.9353488857555338
26087,LOF,0.044825602555597005,0.01868813221659462,0.9364862652278083
26088,LOF,0.007908808023335386,0.04932309480320738,0.9427680971734573
26089,LOF,0.039307488243810584,0.040737549287805645,0.9199549624683837
26090,LOF,0.03895982304497303,0.03786825364291222,0.9231719233121148
26091,LOF,0.032890210585006546,0.014847566826477327,0.9522622225885161
26092,LOF,0.04326654888175297,0.013193024127987554,0.9435404269902594
26093,LOF,0.06725572796162829,0.008642478636521908,0.9241017934018497
26094,LOF,0.04174261059017886,0.011260795940099527,0.9469965934697216
26095,LOF,0.013273428491402313,0.026821375911485503,0.9599051955971122
26096,LOF,0.2816091825959174,0.005569012861280817,0.7128218045428019
26097,LOF,0.00698913876792733,0.062487044044610446,0.9305238171874624
26098,LOF,0.05708736675407827,0.03145085808334548,0.9114617751625762
26099,LOF,0.052970873444021044,0.03259806279191028,0.9144310637640687
26100,LOF,0.052967835749640625,0.032596193406987634,0.9144359708433718
26101,LOF,0.050303217378123745,0.04792570192466043,0.9017710806972158
26102,LOF,0.03961449688696631,0.02081585344142128,0.9395696496716124
26103,Neutral,0.899385242400623,0.03421455468103662,0.06640020291834048
26104,LOF,0.05091148947413156,0.07353224013434566,0.8755562703915227
26105,LOF,0.2593594424610723,0.07229179936765273,0.6683487581712749
26106,LOF,0.26215281166407206,0.03778399347300688,0.7000631948629211
26107,LOF,0.01643236323258517,0.062434970093187575,0.9211326666742273
26108,LOF,0.17212440586185276,0.059252332419721436,0.7686232617184259
26109,LOF,0.04955114099950302,0.06080705205169441,0.8896418069488025
26110,LOF,0.39047103782253995,0.01423587545472091,0.5952930867227392
26111,LOF,0.05726797507522311,0.08494738407715367,0.8577846408476232
26112,LOF,0.0703659581732003,0.014831896608232902,0.9148021452185667
26113,LOF,0.11636666794497934,0.033232736308969626,0.850400595746051
26114,LOF,0.10600747776082325,0.009613982290230048,0.8843785399489467
26115,LOF,0.022486503478688954,0.06343777941332207,0.914075717107989
26116,LOF,0.08749937960222798,0.02184702933388966,0.8906535910638824
26117,LOF,0.38019140452141736,0.03241532266763918,0.5873932728109434
26118,LOF,0.03965455071808349,0.01900128479173127,0.9413441644901852
26119,LOF,0.006150919875712222,0.08096333490136035,0.9128857452229273
26120,LOF,0.03139615009418054,0.015029505164561195,0.9535743447412582
26121,LOF,0.004500676202404774,0.09873213333658921,0.896767190461006
