feature0,prediction,LoGoFunc_Neutral,LoGoFunc_GOF,LoGoFunc_LOF
25546,Neutral,0.7570684078045924,0.030541648382994974,0.2123899438124126
25547,Neutral,0.5970641775593799,0.07152383096441209,0.33141199147620815
25548,Neutral,0.587133205869887,0.05317783752874368,0.3596889566013692
25549,Neutral,0.5013379469642935,0.054946427355120675,0.44371562568058587
25550,LOF,0.32467938421992165,0.10901370842445025,0.566306907355628
25551,LOF,0.2768998813550132,0.11763960309826467,0.6054605155467221
25552,LOF,0.19583884345720232,0.11126731751807944,0.6928938390247181
25553,Neutral,0.8233895700842029,0.03342169944154729,0.14318873047424968
25554,LOF,0.22509343466243634,0.10304155830146879,0.6718650070360949
25555,LOF,0.18662751385024837,0.0865313159660453,0.7268411701837063
25556,LOF,0.38899820435903043,0.09333705679258712,0.5176647388483825
25557,LOF,0.18161621111223225,0.09418082753907814,0.7242029613486896
25558,LOF,0.2179630309942252,0.10587567576416684,0.6761612932416079
25559,LOF,0.38158953190335265,0.09553360608293353,0.5228768620137139
25560,LOF,0.05097053961735131,0.17223946032161,0.7767900000610387
25561,LOF,0.09937297561680247,0.1898205950401031,0.7108064293430943
25562,LOF,0.10889288071180307,0.07966859411404723,0.8114385251741498
25563,LOF,0.0923714458829397,0.08865088795621846,0.8189776661608418
25564,LOF,0.183121120496584,0.15949888302635526,0.6573799964770607
25565,LOF,0.15593093506088163,0.11393200103244032,0.7301370639066781
25566,GOF,0.015019806841260199,0.7322171251064548,0.25276306805228516
25567,LOF,0.012408672973275631,0.15547362807185985,0.8321176989548646
25568,LOF,0.049135631002454515,0.07405138134708812,0.8768129876504573
25569,LOF,0.06462424380263865,0.07662203029318562,0.8587537259041758
25570,LOF,0.059971832287242115,0.11093645858779871,0.8290917091249592
25571,LOF,0.05506835422445481,0.10174272411396813,0.8431889216615771
25572,LOF,0.06458650772440593,0.1324945177550379,0.8029189745205562
25573,LOF,0.027026020122783677,0.1053162394440115,0.8676577404332048
25574,LOF,0.015237332083329828,0.17340070738718083,0.8113619605294893
25575,LOF,0.046078128294320335,0.1165428288314099,0.8373790428742698
25576,LOF,0.017732418565494002,0.1282267121304194,0.8540408693040866
25577,LOF,0.01349269560862249,0.1455128585715136,0.8409944458198638
25578,LOF,0.23135645323429804,0.101445221438888,0.667198325326814
25579,LOF,0.23248378062140743,0.10021442800653596,0.6673017913720566
25580,LOF,0.03153268240373026,0.09145431716513287,0.8770130004311368
25581,LOF,0.056279206723454434,0.0793668551843506,0.8643539380921949
25582,LOF,0.05602597888836903,0.07785502052587538,0.8661190005857555
25583,LOF,0.04310506287799685,0.10453432057677647,0.8523606165452268
25584,Neutral,0.4772232605923268,0.11366213586138683,0.4091146035462865
25585,LOF,0.03476443317445367,0.11423473165717633,0.85100083516837
25586,LOF,0.03183933406174718,0.0961585597884797,0.872002106149773
25587,LOF,0.03060628473697015,0.09163014400492944,0.8777635712581005
25588,LOF,0.03018687164795244,0.11726875059390728,0.8525443777581404
25589,Neutral,0.6057577084434251,0.13590327505320038,0.25833901650337443
25590,LOF,0.026399654957499116,0.14384767807062493,0.829752666971876
25591,LOF,0.11486980202738019,0.06704254032278291,0.8180876576498368
25592,LOF,0.08485770091792717,0.15167157186031463,0.7634707272217583
25593,LOF,0.019552310107725176,0.27962624484346205,0.7008214450488127
25594,LOF,0.03525694889751652,0.22166591609696748,0.743077135005516
25595,LOF,0.0500761404595057,0.19088500779243203,0.7590388517480622
25596,LOF,0.058013323256673174,0.1025204499294885,0.8394662268138383
25597,LOF,0.04585075746611701,0.1061029347756338,0.8480463077582492
25598,LOF,0.04598042393207926,0.21360922235484037,0.7404103537130803
25599,GOF,0.009198741939882266,0.7965222159183255,0.19427904214179223
25600,GOF,0.011880688202213873,0.5542414938887821,0.43387781790900404
25601,LOF,0.007175676393272085,0.49544541468482856,0.49737890892189945
25602,LOF,0.02256781241808364,0.05039848814587522,0.9270336994360412
25603,LOF,0.05186080106834427,0.0381752821852584,0.9099639167463973
25604,LOF,0.04662369371045191,0.04547510932169955,0.9079011969678484
25605,LOF,0.011500230337317181,0.25289679267966914,0.7356029769830137
25606,LOF,0.1132392824474324,0.43364819062808085,0.4531125269244867
25607,LOF,0.0060048566692951985,0.17280440627342752,0.8211907370572773
25608,LOF,0.06911523167614343,0.05052413147705585,0.8803606368468007
25609,LOF,0.050209989105897114,0.3423449513371204,0.6074450595569824
25610,LOF,0.04006396079702689,0.03337812601262109,0.9265579131903521
25611,LOF,0.04195410467551352,0.02989475622479925,0.9281511390996872
25612,LOF,0.1117002138974682,0.04957721595707201,0.8387225701454597
25613,LOF,0.09354659858917759,0.04874396190988083,0.8577094395009417
25614,LOF,0.030306712966667298,0.044410163554771565,0.9252831234785612
25615,LOF,0.05092468774513451,0.04168814151985213,0.9073871707350133
25616,LOF,0.032217301779337605,0.038540136330796344,0.929242561889866
25617,LOF,0.030121680863807555,0.04684112558943904,0.9230371935467534
25618,LOF,0.19090598382434054,0.04262861692625826,0.7664653992494012
25619,LOF,0.030444890022376193,0.03871872180761314,0.9308363881700108
25620,LOF,0.03259671183286568,0.050715310591987015,0.9166879775751473
25621,LOF,0.030927780298040792,0.03525126322778551,0.9338209564741736
25622,LOF,0.034603289362613,0.05034437917951863,0.9150523314578685
25623,LOF,0.07440566193838698,0.03387871922290848,0.8917156188387046
25624,LOF,0.026538347610873644,0.04947952682542165,0.9239821255637048
25625,LOF,0.03303568495454369,0.05689863609093133,0.910065678954525
25626,LOF,0.08052942587415506,0.038194371806628685,0.8812762023192162
25627,Neutral,0.5361023359216167,0.16360010578142947,0.30029755829695376
25628,LOF,0.1728384907833908,0.07725865773692886,0.7499028514796804
25629,LOF,0.0729076191143608,0.13796369425230595,0.7891286866333332
25630,LOF,0.16107050256610328,0.12892921682632127,0.7100002806075755
25631,Neutral,0.5904429679333661,0.1109687940029706,0.29858823806366314
25632,LOF,0.023457975742937308,0.06982718969658228,0.9067148345604803
25633,LOF,0.2221857006661519,0.0829591338685639,0.6948551654652843
25634,LOF,0.03497609576897293,0.10073110524356599,0.8642927989874611
25635,LOF,0.03163151359501057,0.0834149450633416,0.8849535413416478
25636,GOF,0.004635290204469913,0.5755049565452715,0.41985975325025865
25637,GOF,0.005119301819220979,0.5071760238561415,0.4877046743246376
25638,LOF,0.009259997051557353,0.4241321005813443,0.5666079023670985
25639,LOF,0.0047906681730834075,0.389955664450856,0.6052536673760606
25640,GOF,0.45863844073399984,0.4967242729252357,0.04463728634076452
25641,LOF,0.00584238444811297,0.40097136521781823,0.5931862503340688
25642,LOF,0.23511772083065005,0.0876060271255655,0.6772762520437844
25643,LOF,0.22950560372391557,0.2724694624033122,0.49802493387277225
25644,LOF,0.021656657003741902,0.4651984298847224,0.5131449131115358
25645,LOF,0.023813659179569784,0.3786567533467454,0.5975295874736848
25646,LOF,0.018435406752576034,0.24683976040395803,0.7347248328434659
25647,LOF,0.018282522340797247,0.20053879636504895,0.7811786812941538
25648,LOF,0.014903547250027283,0.209844222807363,0.7752522299426097
25649,LOF,0.013101125237310675,0.1563428735405628,0.8305560012221266
25650,LOF,0.03425885949151887,0.44023446780576236,0.5255066727027188
25651,LOF,0.010956653325778222,0.20245160178491226,0.7865917448893096
25652,LOF,0.01849003875640645,0.1989550602868858,0.7825549009567077
25653,LOF,0.08334078595726714,0.34175137881821127,0.5749078352245216
25654,LOF,0.014539800262401802,0.16545199164214364,0.8200082080954546
25655,LOF,0.09773454097938723,0.24814091815962558,0.6541245408609873
25656,LOF,0.0583366436377191,0.05258610502364264,0.8890772513386384
25657,LOF,0.2627138417903776,0.027508732337642214,0.7097774258719802
25658,LOF,0.03472776566867084,0.07149892641523113,0.893773307916098
25659,LOF,0.2492724457764551,0.047150063487542006,0.7035774907360028
25660,LOF,0.07071390893752862,0.10960342685907482,0.8196826642033966
25661,LOF,0.050863593978398264,0.07442131170704361,0.8747150943145582
25662,LOF,0.027193821790210314,0.045990427335203754,0.926815750874586
25663,LOF,0.03741210306271171,0.07596878329180132,0.8866191136454868
25664,LOF,0.03597138010439944,0.10198363844317639,0.8620449814524243
25665,LOF,0.04899171760873257,0.04976660576103919,0.9012416766302284
25666,LOF,0.035354158994781185,0.14834761528211113,0.8162982257231076
25667,LOF,0.027559878311540602,0.06420202694618736,0.908238094742272
25668,LOF,0.033206227159297476,0.06291999534157183,0.9038737774991307
25669,LOF,0.04019753696643723,0.09483850866750877,0.864963954366054
25670,LOF,0.14927035714041517,0.0810236116538362,0.7697060312057488
25671,LOF,0.03759752754663357,0.05264723282275133,0.9097552396306151
25672,LOF,0.05921834314140132,0.07735933687860114,0.8634223199799975
25673,LOF,0.041505211867472976,0.06976330159597786,0.8887314865365492
25674,LOF,0.031068995288377987,0.07971902516335426,0.8892119795482678
25675,LOF,0.038556546731257614,0.06247662850147076,0.8989668247672717
25676,LOF,0.029883682601456036,0.06570958666535624,0.9044067307331878
25677,LOF,0.05623109221400782,0.0663303428998315,0.8774385648861607
25678,LOF,0.2396378149669693,0.049775496936313286,0.7105866880967174
25679,LOF,0.14455524950361456,0.07378019368083463,0.7816645568155508
25680,LOF,0.05733251170708819,0.0982769242953866,0.8443905639975252
25681,LOF,0.09967383950283686,0.0904883008982629,0.8098378595989003
25682,LOF,0.03881545701922276,0.08059669524941068,0.8805878477313664
25683,LOF,0.061797153857634145,0.10778056369661883,0.8304222824457471
25684,LOF,0.0478090516359094,0.07630095457691538,0.8758899937871752
25685,LOF,0.1170563591890343,0.036605063132968005,0.8463385776779977
25686,LOF,0.03209915825965537,0.07960286809187872,0.888297973648466
25687,LOF,0.06261325946671796,0.0698097863057713,0.8675769542275107
25688,LOF,0.02612171655139702,0.14817843214515375,0.8256998513034493
25689,LOF,0.018591595368494435,0.08670160575539533,0.8947067988761103
25690,LOF,0.019282976571650814,0.1031510077829934,0.8775660156453559
25691,LOF,0.17858090361202947,0.17157233283383427,0.6498467635541363
25692,LOF,0.21543262801583896,0.021281983474590954,0.7632853885095701
25693,LOF,0.045460041495924516,0.1673739206541389,0.7871660378499366
25694,LOF,0.27174810841160646,0.013760459547395323,0.7144914320409983
25695,LOF,0.18973399702177202,0.01944940657686744,0.7908165964013606
25696,LOF,0.16187290336114518,0.009732271387623547,0.8283948252512312
25697,LOF,0.12583781402518773,0.032506023067872,0.8416561629069403
25698,LOF,0.03019179062657339,0.3204855379870927,0.649322671386334
25699,LOF,0.07604198503794712,0.0875317212437257,0.8364262937183272
25700,LOF,0.0300984824288245,0.014759179809876604,0.955142337761299
25701,LOF,0.01440586449643016,0.08975833159087399,0.8958358039126958
25702,GOF,0.026912574062550838,0.7512043932345375,0.22188303270291174
25703,LOF,0.01524630788850358,0.20047984089507523,0.7842738512164211
25704,LOF,0.0827661779138466,0.1798631667086252,0.7373706553775281
25705,LOF,0.06468852677454583,0.2920677459553636,0.6432437272700905
25706,GOF,0.03353214154721777,0.6001110204052219,0.36635683804756025
25707,GOF,0.026866390453613952,0.6035962573853667,0.36953735216101935
25708,GOF,0.00657122586742298,0.5802182077571123,0.4132105663754647
25709,LOF,0.018951415640875643,0.0971617986317466,0.8838867857273778
25710,LOF,0.006185309462754152,0.22842307776928777,0.7653916127679581
25711,LOF,0.022106341297108978,0.14682137112384283,0.8310722875790482
25712,LOF,0.007081926930212278,0.28581070592849867,0.7071073671412891
25713,LOF,0.0198943136702331,0.13694252211490002,0.8431631642148668
25714,LOF,0.021831315242972424,0.1697781523145942,0.8083905324424333
25715,LOF,0.021589163640381655,0.1561671607202287,0.8222436756393896
25716,LOF,0.011812930839676643,0.1393307322334713,0.848856336926852
25717,LOF,0.005049595204611569,0.15757918929827652,0.837371215497112
25718,LOF,0.021114120849933953,0.10847056408476084,0.8704153150653053
25719,LOF,0.03710416463196823,0.12770136903313803,0.8351944663348937
25720,LOF,0.030263092332911287,0.1191524697618338,0.850584437905255
25721,LOF,0.024823279307169217,0.11940114788726718,0.8557755728055637
25722,LOF,0.0164992009981286,0.16654608791377906,0.8169547110880923
25723,LOF,0.023927104300020645,0.10563750168756239,0.8704353940124171
25724,LOF,0.028573898235159163,0.17444589879285868,0.7969802029719821
25725,LOF,0.022078135210294086,0.10641688019207798,0.871504984597628
25726,LOF,0.016253483780813646,0.1360271960328268,0.8477193201863595
25727,LOF,0.02258082047319594,0.13304168153515053,0.8443774979916535
25728,LOF,0.02128325579203784,0.13405876979377532,0.8446579744141868
25729,LOF,0.02036304508610332,0.1436843343073162,0.8359526206065806
25730,LOF,0.023373663993529428,0.10317228944741819,0.8734540465590523
25731,LOF,0.00838054221731793,0.20539499068691852,0.7862244670957635
25732,LOF,0.019858041508963028,0.11214020537637796,0.8680017531146589
25733,LOF,0.028909802120820654,0.11427776840186762,0.8568124294773117
25734,LOF,0.0065462594838712794,0.2603731483104211,0.7330805922057076
25735,LOF,0.02182362916305614,0.0972746933091606,0.8809016775277831
25736,LOF,0.02026289513915456,0.14955836691115018,0.8301787379496953
25737,LOF,0.03882806501482189,0.14969986868796772,0.8114720662972104
25738,LOF,0.021530620664284916,0.17573998211331923,0.8027293972223958
25739,LOF,0.0243478557943339,0.16133359040045744,0.8143185538052087
25740,LOF,0.05039840987317046,0.184078390557603,0.7655231995692265
25741,LOF,0.026289112342674913,0.14742911275219606,0.826281774905129
25742,LOF,0.0452217633674547,0.15143718050329472,0.8033410561292506
25743,LOF,0.009855751092047569,0.03262674890061325,0.9575175000073393
25744,LOF,0.14400711146179387,0.3299184329688883,0.5260744555693179
25745,LOF,0.026583919940501653,0.11765323864586384,0.8557628414136346
25746,LOF,0.012185529853568945,0.17274601038494294,0.815068459761488
25747,LOF,0.033095781373050775,0.032711809733061745,0.9341924088938874
25748,LOF,0.26588090699288636,0.058749183601273,0.6753699094058406
25749,LOF,0.011359030241099194,0.09432183435938547,0.8943191353995154
25750,LOF,0.016009785929951146,0.09757608596489749,0.8864141281051513
25751,LOF,0.04525683686992509,0.05317814779365656,0.9015650153364182
25752,GOF,0.07290729012624647,0.7351002939357357,0.19199241593801786
25753,LOF,0.006298949588558951,0.343713052638533,0.6499879977729079
25754,GOF,0.006990731550826252,0.8678999463499313,0.1251093220992426
25755,LOF,0.006325534211530742,0.424006516189133,0.5696679495993362
25756,LOF,0.02948527706212666,0.44116680389310675,0.5293479190447666
25757,GOF,0.0067366994131278285,0.8656609496345069,0.12760235095236516
25758,GOF,0.007777850597727161,0.8709838817513555,0.12123826765091718
25759,GOF,0.005496460319725836,0.6240437706111756,0.37045976906909855
25760,LOF,0.005357254634105519,0.30271907450458274,0.6919236708613118
25761,GOF,0.048894094248663096,0.856468779932593,0.09463712581874395
25762,LOF,0.02759308481702573,0.36815347769752044,0.6042534374854538
25763,LOF,0.0057112325837335035,0.25681249076711643,0.73747627664915
25764,GOF,0.05941614417259042,0.6455776962323274,0.2950061595950823
25765,GOF,0.008549933812342527,0.8699183391448722,0.12153172704278539
25766,GOF,0.038960415676914155,0.8321991717532902,0.12884041256979556
25767,GOF,0.01449466926399031,0.5537538784557164,0.43175145228029316
25768,LOF,0.044659811526527426,0.06303042856000066,0.8923097599134718
25769,LOF,0.025254419302666836,0.07224753478671046,0.9024980459106228
25770,LOF,0.1521663670538508,0.05321890208872306,0.7946147308574261
25771,LOF,0.013528804620369844,0.050397513787806894,0.9360736815918234
25772,LOF,0.02549738659213127,0.023268117377289437,0.9512344960305793
25773,LOF,0.021411833642958986,0.044792983946500504,0.9337951824105405
25774,LOF,0.02968951113570308,0.0871762752791,0.883134213585197
25775,LOF,0.022248799225928307,0.03196528410480653,0.945785916669265
25776,LOF,0.02606649640257715,0.020378659760232804,0.95355484383719
25777,LOF,0.17166362106678343,0.05358677275679162,0.774749606176425
25778,LOF,0.019291288264083176,0.04708454843944554,0.9336241632964714
25779,GOF,0.034546448456678196,0.8997027974347421,0.06575075410857979
25780,GOF,0.06783534933369542,0.885476477191213,0.046688173475091625
25781,GOF,0.029236283569221443,0.874085599885414,0.09667811654536435
25782,GOF,0.0324186489842047,0.9077894807419,0.059791870273895285
25783,GOF,0.027376993915715544,0.9240344339000265,0.04858857218425806
25784,GOF,0.07543144839539662,0.8782494782816288,0.04631907332297454
25785,GOF,0.09386399104201971,0.8672491320309925,0.038886876926987765
25786,GOF,0.008011205576335329,0.8848460708010691,0.10714272362259555
25787,GOF,0.1735079435863244,0.7775329154133346,0.048959141000341135
25788,LOF,0.016153492964797216,0.17724304450912892,0.8066034625260738
25789,GOF,0.013974726968866534,0.8522073401113929,0.1338179329197406
25790,GOF,0.021241839947274205,0.8865926233363721,0.09216553671635357
25791,GOF,0.020734013995783392,0.7883084927229556,0.1909574932812609
25792,GOF,0.023732118343788397,0.8234426574863558,0.15282522416985583
25793,GOF,0.06422347232566977,0.8616656772793726,0.07411085039495773
25794,GOF,0.05359459359430905,0.7747833271646133,0.1716220792410777
25795,GOF,0.04468052521582134,0.7560909324087866,0.199228542375392
25796,GOF,0.0934731928246765,0.8237116297293466,0.08281517744597684
25797,GOF,0.06965220612048222,0.7448335048790341,0.18551428900048358
25798,GOF,0.006207091566803127,0.7716562103425288,0.22213669809066808
25799,GOF,0.004086334701726583,0.7179076927374405,0.2780059725608328
25800,GOF,0.023621528207946003,0.8364640568442222,0.13991441494783174
25801,GOF,0.018225569655744213,0.9019498472506648,0.07982458309359099
25802,GOF,0.026134097815038563,0.8441242014766995,0.1297417007082619
25803,GOF,0.01824893459267243,0.7477794734359764,0.23397159197135134
25804,GOF,0.02602585332991927,0.8030851508974524,0.17088899577262845
25805,GOF,0.021280192854037358,0.8125720370461735,0.16614777009978915
25806,GOF,0.027564413836451942,0.8093193915611593,0.16311619460238894
25807,GOF,0.010016536314457238,0.7750487156914087,0.2149347479941343
25808,GOF,0.017714825381457383,0.7862352677576651,0.19604990686087767
25809,GOF,0.009893495682676418,0.7604011049317924,0.22970539938553117
25810,GOF,0.008129224705858475,0.7424755102012186,0.24939526509292295
25811,GOF,0.04718704827445706,0.879418429953774,0.07339452177176911
25812,GOF,0.03151534767569636,0.7982330502114227,0.17025160211288087
25813,GOF,0.13137513565991749,0.7946981962525435,0.07392666808753916
25814,GOF,0.031140233947329923,0.8108722766273925,0.15798748942527754
25815,GOF,0.0571206035487979,0.8396558739214288,0.10322352252977328
25816,GOF,0.01012110312971279,0.8808617134209628,0.10901718344932448
25817,GOF,0.10267564409318998,0.802707880516879,0.09461647538993113
25818,GOF,0.025506020133423058,0.8134740530413678,0.16101992682520924
25819,GOF,0.05369222748784488,0.7641334711417143,0.18217430137044083
25820,GOF,0.039292060878848095,0.7238127315682973,0.23689520755285465
25821,GOF,0.027706903561805527,0.7574840819376272,0.21480901450056727
25822,GOF,0.04513263729701352,0.7517868884955294,0.203080474207457
25823,GOF,0.023425792664589922,0.7325257659502976,0.24404844138511242
25824,GOF,0.02459924187906784,0.7933859272857855,0.18201483083514677
25825,GOF,0.019589437273299138,0.789083176617807,0.191327386108894
25826,GOF,0.00930383723689522,0.7401728705764253,0.2505232921866796
25827,GOF,0.01383350952680811,0.6869738583209416,0.2991926321522502
25828,GOF,0.010805157620702553,0.7391327729117888,0.25006206946750875
25829,GOF,0.004328522123295884,0.7046641627173443,0.29100731515935985
25830,LOF,0.037737144608581324,0.4793876574801842,0.48287519791123446
25831,GOF,0.05355091644527345,0.8089766958720892,0.13747238768263734
25832,GOF,0.009415976696749795,0.774643744537561,0.21594027876568922
25833,GOF,0.029837307149444398,0.831771236109683,0.13839145674087255
25834,GOF,0.009738462973609571,0.7856262186090605,0.20463531841732996
25835,GOF,0.022038871750381158,0.8456223744559885,0.13233875379363036
25836,GOF,0.007378195276929463,0.7821777260912997,0.21044407863177078
25837,GOF,0.009537813189573039,0.8026277061074684,0.18783448070295852
25838,GOF,0.0219800928072515,0.840008702703855,0.13801120448889345
25839,GOF,0.06022331652304351,0.8210153389377428,0.11876134453921366
25840,GOF,0.08093501629672624,0.8165583414096894,0.10250664229358442
25841,GOF,0.07641882860791804,0.8436236924850812,0.07995747890700072
25842,GOF,0.026636643114388542,0.8913783362688431,0.08198502061676848
25843,GOF,0.02753498724707692,0.8900395153386869,0.08242549741423624
25844,GOF,0.019728696504395404,0.8461581150111936,0.1341131884844109
25845,GOF,0.006890974463248805,0.7738674592384709,0.2192415662982803
25846,GOF,0.07308281973746977,0.8270712053826169,0.09984597487991331
25847,GOF,0.017333533900991908,0.8892687361451984,0.09339772995380972
25848,GOF,0.022909587782113758,0.8471331325941182,0.12995727962376813
25849,GOF,0.007457449458678387,0.8304048290465811,0.16213772149474062
25850,GOF,0.00641415479690665,0.7505044342430292,0.2430814109600642
25851,GOF,0.006154256860232856,0.7088074866994226,0.2850382564403446
25852,GOF,0.14446907709482817,0.5719396060322287,0.28359131687294303
25853,GOF,0.07334777008271834,0.8191286043340862,0.10752362558319546
25854,GOF,0.006313085638734613,0.7472524791270568,0.2464344352342086
25855,GOF,0.02386190456281799,0.7039513932361454,0.2721867022010367
25856,GOF,0.04399403405139501,0.7747898310938768,0.1812161348547283
25857,GOF,0.02405578967343409,0.7030699171495328,0.2728742931770331
25858,GOF,0.011326727383044577,0.7335397026390198,0.2551335699779356
25859,GOF,0.00815555643119579,0.7209921487867615,0.2708522947820427
25860,GOF,0.0656097144387359,0.8077974929400632,0.12659279262120093
25861,GOF,0.10280533107429743,0.8032421578339972,0.09395251109170538
25862,GOF,0.028463902190380915,0.879277770485593,0.09225832732402625
25863,GOF,0.0257982626996964,0.8787920067957946,0.09540973050450886
25864,GOF,0.06502629154182776,0.8724594824274261,0.06251422603074627
25865,GOF,0.05434472041619767,0.8487290242768746,0.09692625530692775
25866,GOF,0.027527944145413524,0.8725619828286981,0.09991007302588838
25867,GOF,0.04460139877343966,0.8691964641989668,0.08620213702759356
25868,GOF,0.0652016437973965,0.8238698647066118,0.11092849149599156
25869,GOF,0.3337738613355555,0.5792857183908532,0.08694042027359139
25870,GOF,0.0612919223495531,0.5950625158713538,0.343645561779093
25871,GOF,0.012301586123756206,0.8708730465724964,0.11682536730374736
25872,GOF,0.020385970626200314,0.8623602249535001,0.11725380442029963
25873,GOF,0.019672221825998,0.8896492222663421,0.09067855590765989
25874,LOF,0.01608844638415814,0.20338225692963446,0.7805292966862074
25875,LOF,0.032088024582213076,0.060144344025188506,0.9077676313925983
25876,LOF,0.018115671786527007,0.04308023203002308,0.9388040961834498
25877,LOF,0.11680895756849669,0.08260022120978715,0.8005908212217162
25878,LOF,0.09333406439890854,0.13198485788763353,0.774681077713458
25879,LOF,0.017075318128273138,0.09825991106122539,0.8846647708105014
25880,LOF,0.06226259469083295,0.015665854350860264,0.9220715509583067
25881,Neutral,0.5352323862315992,0.07626386258462531,0.3885037511837756
25882,LOF,0.06394275411892786,0.025631080769585715,0.9104261651114864
25883,LOF,0.028094044649184042,0.028895606769760933,0.943010348581055
25884,LOF,0.017203256205302015,0.04549292357865415,0.9373038202160439
25885,LOF,0.1725648416701266,0.01349361269573667,0.8139415456341367
25886,LOF,0.26917475084953,0.05847177533305488,0.6723534738174152
25887,LOF,0.12166685585581027,0.10145958744161017,0.7768735567025795
25888,LOF,0.007866844524037336,0.13710082267277907,0.8550323328031837
25889,LOF,0.023126740749254766,0.03664085716564761,0.9402324020850977
25890,LOF,0.18329941325888696,0.06770698195388043,0.7489936047872325
25891,LOF,0.10900384437060606,0.028976727874790373,0.8620194277546035
25892,LOF,0.011492196030117606,0.036339768716815976,0.9521680352530665
25893,LOF,0.4266996985080802,0.009874042120043254,0.5634262593718766
25894,LOF,0.41508531727444653,0.006960565744809287,0.5779541169807442
25895,LOF,0.35450529517819546,0.013471773391276424,0.632022931430528
25896,LOF,0.07714327689365903,0.02963195829955303,0.893224764806788
25897,LOF,0.14009011125768223,0.011594008704610193,0.8483158800377075
25898,LOF,0.16437020336414826,0.0342613465249874,0.8013684501108643
25899,LOF,0.4300633008938238,0.031168793936822484,0.5387679051693538
25900,LOF,0.4606872470805348,0.009841380442270965,0.5294713724771942
25901,LOF,0.07334615993515542,0.013413082373171884,0.9132407576916728
25902,LOF,0.17867335362651324,0.015032427861207691,0.8062942185122792
25903,LOF,0.3394514181878497,0.025708314385590795,0.6348402674265595
25904,Neutral,0.5109350844637673,0.04937046623107084,0.43969444930516177
25905,LOF,0.005906086451666165,0.43399527842792357,0.5600986351204102
25906,LOF,0.007922107198317293,0.08099051148419958,0.9110873813174831
25907,LOF,0.007706000507703209,0.2894414026070663,0.7028525968852304
25908,LOF,0.007946205347107545,0.2869168526959573,0.7051369419569351
25909,LOF,0.029354541627004578,0.1096791439868356,0.8609663143861598
25910,LOF,0.013131803421954844,0.15563427501404578,0.8312339215639994
25911,LOF,0.2155775848795668,0.02478260873899895,0.7596398063814344
25912,LOF,0.10732790169830866,0.019932134678415477,0.8727399636232759
25913,LOF,0.02500683548665986,0.027188398680548048,0.947804765832792
25914,LOF,0.036047960518103314,0.025298414345780625,0.938653625136116
25915,LOF,0.20336433911414203,0.11619607037876854,0.6804395905070895
25916,LOF,0.023738691141237583,0.05827997141539806,0.9179813374433644
25917,LOF,0.07411761293972251,0.026464841154811743,0.8994175459054657
25918,LOF,0.039762715283466886,0.014347417160023752,0.9458898675565095
25919,LOF,0.035780895129053567,0.013337425384745293,0.9508816794862011
25920,Neutral,0.3892001749156138,0.2540680266109988,0.35673179847338743
25921,LOF,0.014598954556830102,0.020965935862582934,0.9644351095805869
25922,LOF,0.016096105103777736,0.021079488953935705,0.9628244059422866
25923,LOF,0.4502673447597436,0.015772679940794468,0.5339599752994618
25924,LOF,0.026302574560682475,0.0285939298997656,0.945103495539552
25925,LOF,0.09961450560431448,0.028338085361251132,0.8720474090344343
25926,LOF,0.08207951342215258,0.02120694825060022,0.8967135383272472
25927,LOF,0.022470740297875862,0.05293809105894239,0.9245911686431817
25928,LOF,0.010696868121508657,0.031958360291674925,0.9573447715868165
25929,Neutral,0.5881674046133554,0.015057572833794336,0.3967750225528503
25930,LOF,0.08210350213187621,0.015571060649013526,0.9023254372191103
25931,LOF,0.01338601384936661,0.019082438710552513,0.9675315474400809
25932,LOF,0.06819806981158784,0.019319750369616775,0.9124821798187954
25933,LOF,0.06619118150084892,0.011815066534021295,0.9219937519651297
25934,LOF,0.06329575560088192,0.010050921327684623,0.9266533230714334
25935,LOF,0.09404831410610803,0.02657420192140842,0.8793774839724836
25936,LOF,0.11191000474496608,0.010998925436902245,0.8770910698181316
25937,LOF,0.021462705866086732,0.016436915861151206,0.9621003782727621
25938,LOF,0.0949130740772719,0.025796558083965967,0.8792903678387621
25939,LOF,0.05171538944531497,0.014857582701553006,0.9334270278531319
25940,LOF,0.007876651480181046,0.45319633933241343,0.5389270091874055
25941,LOF,0.4152913470080941,0.044153799411256904,0.5405548535806489
25942,LOF,0.010490481406401856,0.04692426072087281,0.9425852578727253
25943,LOF,0.03566957461618745,0.1530118682391485,0.811318557144664
25944,LOF,0.035402299007111775,0.0668234022084439,0.8977742987844443
25945,LOF,0.12457288923759265,0.026632942733109996,0.8487941680292973
25946,LOF,0.06512038621325866,0.03692875425923606,0.8979508595275053
25947,Neutral,0.4991746736172918,0.09166783594050112,0.4091574904422072
25948,LOF,0.40639869677455936,0.018686355294970012,0.5749149479304707
25949,LOF,0.1764682427771289,0.08523430932814634,0.7382974478947248
25950,GOF,0.08317819278356288,0.5434082543246399,0.3734135528917971
25951,LOF,0.018313546488942792,0.4330133346560089,0.5486731188550483
25952,LOF,0.23682180950195586,0.2190338590955071,0.544144331402537
25953,LOF,0.00944993208454026,0.26519574281779196,0.7253543250976678
25954,LOF,0.09839644037321509,0.4064247435020328,0.4951788161247521
25955,LOF,0.0078907514142984,0.2280613373725343,0.7640479112131672
25956,LOF,0.019573472630176707,0.34016572386884664,0.6402608035009767
25957,LOF,0.16883015119669584,0.031289843703936074,0.7998800050993681
25958,LOF,0.029636445267579706,0.059273145424081096,0.9110904093083392
25959,GOF,0.006436258722241932,0.7391553033566891,0.2544084379210688
25960,LOF,0.0049728005001877075,0.12502325512759663,0.8700039443722156
25961,LOF,0.026427109741898065,0.04542008663960976,0.9281528036184922
25962,LOF,0.046500454861490285,0.07871445484292043,0.8747850902955893
25963,LOF,0.006757325277791875,0.15157043264695275,0.8416722420752555
25964,LOF,0.025954058676126313,0.15746881118119882,0.8165771301426747
25965,LOF,0.2498632919533693,0.14161706920426886,0.6085196388423618
25966,LOF,0.3304690911949649,0.11587808429275538,0.5536528245122796
25967,LOF,0.006842687388891959,0.08415889075180721,0.9089984218593007
25968,LOF,0.04100097248550038,0.24311324227474934,0.7158857852397503
25969,LOF,0.16818105383734394,0.057714365437212485,0.7741045807254435
25970,LOF,0.06726276154376666,0.06756188250377981,0.8651753559524535
25971,LOF,0.07652993367036418,0.0342942059136662,0.8891758604159696
25972,LOF,0.07197437758439422,0.06105522845842359,0.8669703939571822
25973,LOF,0.06670922667396778,0.01061544265214,0.9226753306738922
25974,LOF,0.04318300960633584,0.039642490829517894,0.9171744995641463
25975,LOF,0.03916471105072342,0.02067023276965589,0.9401650561796207
25976,LOF,0.08326747433090755,0.012023964762411004,0.9047085609066815
25977,LOF,0.2526979172613697,0.05629917688162046,0.6910029058570099
25978,LOF,0.16681225404149963,0.12621416108158723,0.7069735848769131
25979,LOF,0.1393579187096968,0.14524517448802243,0.7153969068022807
25980,LOF,0.20166693684666395,0.21774561616636806,0.580587446986968
25981,LOF,0.20267996540354,0.22231604489069823,0.5750039897057617
25982,LOF,0.3854031971983853,0.11654772747581485,0.4980490753257999
25983,Neutral,0.44665547723363364,0.12060217937127093,0.4327423433950954
25984,LOF,0.053841284629869215,0.0904672249205364,0.8556914904495945
25985,Neutral,0.5255383825267932,0.12925980221291516,0.34520181526029176
25986,LOF,0.01060866742389869,0.48639935118921857,0.5029919813868827
25987,LOF,0.03657057790844718,0.10017147091189457,0.8632579511796583
25988,LOF,0.047172895773304885,0.14529144382774348,0.8075356603989516
25989,LOF,0.058820399218093636,0.21125825422424205,0.7299213465576644
25990,LOF,0.04911555659885722,0.3173480833463334,0.6335363600548094
25991,LOF,0.024586515455575157,0.4481150112741771,0.5272984732702477
25992,LOF,0.01763745951574687,0.38885202775523825,0.5935105127290149
25993,LOF,0.028339684985131536,0.05608336610048039,0.915576948914388
25994,LOF,0.024570875322974802,0.06037240292841704,0.9150567217486082
25995,LOF,0.019919887600915346,0.10656343860441143,0.8735166737946731
25996,Neutral,0.41979653600036076,0.3315076027899091,0.24869586120973014
25997,LOF,0.05596857852274052,0.43142249852929854,0.512608922947961
25998,LOF,0.23230281564311278,0.04393784160193459,0.7237593427549526
25999,LOF,0.039263081038830173,0.11588611898144162,0.8448507999797282
26000,LOF,0.12736607181337065,0.017309019566776693,0.8553249086198527
26001,LOF,0.22388830876534743,0.021107888453050644,0.755003802781602
26002,LOF,0.1124480527039292,0.030777351966055903,0.8567745953300149
26003,GOF,0.006098723157872271,0.6339438837439114,0.3599573930982162
26004,GOF,0.009796428943131465,0.5984167881165661,0.3917867829403025
26005,GOF,0.0039041984501122975,0.4980706019930738,0.4980251995568138
26006,GOF,0.08415081198800758,0.5458964829962488,0.3699527050157436
26007,GOF,0.007761323940256169,0.5185364657459203,0.47370221031382365
26008,GOF,0.005705869171818543,0.5838123211045231,0.41048180972365844
26009,GOF,0.010605424258691452,0.6324936739923444,0.3569009017489642
26010,GOF,0.007037032544441629,0.5753828211407838,0.4175801463147747
26011,LOF,0.004186835773223927,0.4232686007199511,0.572544563506825
26012,GOF,0.0045682129516103325,0.5582989412552049,0.4371328457931848
26013,GOF,0.009023062054033287,0.5579165288076635,0.4330604091383032
26014,LOF,0.05889165645154856,0.072413693080625,0.8686946504678263
26015,LOF,0.33105820180565365,0.026878440058044042,0.6420633581363022
26016,LOF,0.2678025293971938,0.03738606985397392,0.6948114007488323
26017,LOF,0.011741162579822748,0.1640915810662796,0.8241672563538976
26018,LOF,0.026126245335963513,0.08256178737965811,0.8913119672843784
26019,LOF,0.025413414414974404,0.0746385667946407,0.8999480187903849
26020,LOF,0.007880600939824376,0.15421793638991318,0.8379014626702624
26021,LOF,0.0790456876088187,0.06659737949456151,0.8543569328966198
26022,LOF,0.03802845671074905,0.035030577387723145,0.9269409659015277
26023,LOF,0.02156588291077945,0.053396807016609676,0.9250373100726109
26024,LOF,0.049037878959717694,0.0534714725286381,0.8974906485116442
26025,LOF,0.12026188469575262,0.057274950035824314,0.822463165268423
26026,LOF,0.11519388931551289,0.04302427348247465,0.8417818372020125
26027,LOF,0.026358727723633072,0.03336272579150924,0.9402785464848576
26028,LOF,0.07707184640116296,0.15740601870430887,0.7655221348945281
26029,LOF,0.022366816942663806,0.15733670866324512,0.8202964743940911
26030,LOF,0.11431410203454509,0.025230124545441542,0.8604557734200134
26031,LOF,0.009487484852347763,0.14714147574271352,0.8433710394049388
26032,LOF,0.03325675883665089,0.0456806542368407,0.9210625869265084
26033,LOF,0.03796558881011311,0.04380569718276635,0.9182287140071206
26034,LOF,0.013556563673743057,0.10322218716496954,0.8832212491612873
26035,LOF,0.010426741245084322,0.10469253919798906,0.8848807195569267
26036,LOF,0.010014904355067435,0.08495790512270256,0.90502719052223
26037,LOF,0.01001105529195969,0.09144258450467885,0.8985463602033614
26038,LOF,0.02893581425648104,0.04144096285292095,0.9296232228905981
26039,LOF,0.028960221125033502,0.12527862456180086,0.8457611543131656
26040,LOF,0.07571636430619956,0.10804945491415362,0.8162341807796468
26041,LOF,0.012656147672786104,0.0891992391055834,0.8981446132216304
26042,LOF,0.011643974232083838,0.09386192166999235,0.8944941040979237
26043,LOF,0.02908642716623677,0.06625986269803841,0.9046537101357248
26044,LOF,0.007977032776915008,0.04514647223768426,0.9468764949854008
26045,LOF,0.07323750066577826,0.13156468039786443,0.7951978189363573
26046,LOF,0.026500482451794084,0.044997324684355536,0.9285021928638503
26047,LOF,0.05034458953172537,0.046676885611581176,0.9029785248566934
26048,LOF,0.08343746005701932,0.01708907489896219,0.8994734650440185
26049,Neutral,0.9400709675194832,0.005622530982261162,0.054306501498255805
26050,Neutral,0.9046575802884607,0.006349911830378437,0.08899250788116088
26051,LOF,0.02765263632711797,0.07034577053962375,0.9020015931332582
26052,LOF,0.030509633079211628,0.053979793465897326,0.9155105734548912
26053,LOF,0.01948446688996692,0.15029687391116112,0.830218659198872
26054,LOF,0.05081702675198908,0.038757405941855255,0.9104255673061555
26055,LOF,0.07968739008809786,0.034638210397584634,0.8856743995143176
26056,LOF,0.06616511137554383,0.044643216840487845,0.8891916717839683
26057,LOF,0.050885999542373495,0.02004762677308372,0.9290663736845428
26058,LOF,0.054730099292992364,0.016207424909776776,0.9290624757972308
26059,LOF,0.24283342528171345,0.030024744074002345,0.7271418306442842
26060,LOF,0.015567761660815102,0.1591778797874133,0.8252543585517715
26061,LOF,0.010849144440100917,0.013641185814048568,0.9755096697458505
26062,LOF,0.005997809809135333,0.01984050674600854,0.9741616834448561
26063,LOF,0.03804176903611764,0.015617093803542986,0.9463411371603394
26064,LOF,0.014602364879730092,0.02075970833068887,0.9646379267895809
26065,LOF,0.04828876327168511,0.020510745843790798,0.9312004908845241
26066,LOF,0.03507187594842425,0.015087377245212974,0.9498407468063629
26067,LOF,0.0404160871891704,0.01421843177955416,0.9453654810312754
26068,LOF,0.04973298740776167,0.04203159859590151,0.9082354139963369
26069,LOF,0.2436878145636648,0.027899112476277157,0.728413072960058
26070,LOF,0.46842204642106405,0.019493577380427972,0.5120843761985079
26071,LOF,0.042396678436403615,0.015801881943866596,0.9418014396197297
26072,LOF,0.00712018234973619,0.022453917723501093,0.9704258999267628
26073,LOF,0.03294717375690532,0.01950600200270508,0.9475468242403897
26074,Neutral,0.8175982958395351,0.013257611098930502,0.16914409306153433
26075,LOF,0.049831418708658155,0.031134177155255283,0.9190344041360865
26076,LOF,0.045565255405381935,0.014909976184547454,0.9395247684100705
26077,LOF,0.14970713706703148,0.010576089745888773,0.8397167731870798
26078,LOF,0.006584551043405018,0.020730673447163624,0.9726847755094313
26079,LOF,0.06261664390025441,0.025301555203902107,0.9120818008958435
26080,LOF,0.06165261755119862,0.02535868309673356,0.9129886993520678
26081,LOF,0.03190826193976826,0.012664442347316193,0.9554272957129156
26082,LOF,0.005266438829925253,0.02415736498109181,0.9705761961889829
26083,LOF,0.09188955555083549,0.028900739050568964,0.8792097053985956
26084,LOF,0.09577642651962827,0.02351483950449981,0.8807087339758719
26085,LOF,0.08566983719445412,0.019142761827391417,0.8951874009781545
26086,LOF,0.03606713554745614,0.017508566877101315,0.9464242975754424
26087,LOF,0.034517176911700226,0.015479973688504619,0.9500028493997951
26088,LOF,0.006969481800512163,0.030483026604796938,0.962547491594691
26089,LOF,0.04250447387743446,0.03844482113401992,0.9190507049885456
26090,LOF,0.04320337640949654,0.030783204371670838,0.9260134192188326
26091,LOF,0.02444265923006526,0.01172221676745427,0.9638351240024804
26092,LOF,0.04235355941370366,0.012300851280838751,0.9453455893054576
26093,LOF,0.07614225781499072,0.008858426665663496,0.9149993155193458
26094,LOF,0.029298443002851456,0.010734065202063955,0.9599674917950846
26095,LOF,0.020263421197552565,0.02353711969548311,0.9561994591069644
26096,LOF,0.19291517429407412,0.006387826882220012,0.8006969988237059
26097,LOF,0.006759519826971947,0.051091186485295384,0.9421492936877328
26098,LOF,0.10809538694999633,0.023739615141805052,0.8681649979081986
26099,LOF,0.032990221101539895,0.028217329637753828,0.9387924492607064
26100,LOF,0.032990221101539895,0.028217329637753828,0.9387924492607064
26101,LOF,0.054177496727859174,0.04524643313948964,0.9005760701326512
26102,LOF,0.029200268223679823,0.026714669444315203,0.944085062332005
26103,Neutral,0.8922662829779694,0.03294218128145271,0.0747915357405781
26104,LOF,0.05824807219873696,0.04161753444681713,0.9001343933544458
26105,LOF,0.2513802673122951,0.09607282741118571,0.6525469052765192
26106,LOF,0.3327823491893944,0.04763219831991809,0.6195854524906874
26107,LOF,0.018011612312899675,0.06812585969875475,0.9138625279883457
26108,LOF,0.24138888695664065,0.03782924043084367,0.7207818726125157
26109,LOF,0.06393420535382588,0.03679630139348682,0.8992694932526872
26110,LOF,0.398652982022083,0.015704730483732745,0.5856422874941843
26111,LOF,0.054077214838635465,0.13393242029871327,0.8119903648626512
26112,LOF,0.047744450855888396,0.014400492835338972,0.9378550563087725
26113,LOF,0.10444598255802347,0.041916897786108125,0.8536371196558684
26114,LOF,0.09190708085163153,0.006203165093112735,0.9018897540552557
26115,LOF,0.017609861068608276,0.041892802318999445,0.9404973366123922
26116,LOF,0.07802999557725372,0.02138495151145803,0.9005850529112882
26117,LOF,0.3449345465498004,0.05316520274432748,0.6019002507058722
26118,LOF,0.05546923829408159,0.02375703889697318,0.9207737228089452
26119,LOF,0.00580885388840098,0.11693940045276428,0.8772517456588348
26120,LOF,0.03629387561484498,0.02238391550200644,0.9413222088831487
26121,LOF,0.003490688808220263,0.17397457428394533,0.8225347369078344
