feature0,prediction,LoGoFunc_Neutral,LoGoFunc_GOF,LoGoFunc_LOF
25546,Neutral,0.7659814645753922,0.030509696745808074,0.20350883867879976
25547,Neutral,0.5819903546609945,0.08098036607618538,0.33702927926282017
25548,Neutral,0.5655735827434222,0.05889301281561968,0.3755334044409581
25549,Neutral,0.47918356256787453,0.0579983940815698,0.4628180433505556
25550,LOF,0.32843974965923795,0.1276789662851359,0.5438812840556262
25551,LOF,0.2774900110248527,0.13853247511124372,0.5839775138639035
25552,LOF,0.19620752804304195,0.13686187783222326,0.6669305941247348
25553,Neutral,0.8316020976139398,0.03314730144307903,0.1352506009429812
25554,LOF,0.23288501960923602,0.12837112424650024,0.6387438561442638
25555,LOF,0.18597094378605944,0.10543519796898966,0.7085938582449509
25556,LOF,0.392098442105785,0.11089365784077,0.49700790005344514
25557,LOF,0.17966051591576318,0.11403506612116486,0.7063044179630721
25558,LOF,0.22329393161432928,0.12797454199767397,0.6487315263879968
25559,LOF,0.4262561200510875,0.06642658851585018,0.5073172914330624
25560,LOF,0.060553239790612626,0.1950851940661493,0.7443615661432381
25561,LOF,0.11438486264860813,0.22870298570245862,0.6569121516489332
25562,LOF,0.11252227893206387,0.10098174756143466,0.7864959735065016
25563,LOF,0.10979662878402642,0.10769480680827075,0.7825085644077029
25564,LOF,0.16727037078700865,0.1860688802156337,0.6466607489973577
25565,LOF,0.14412148693051288,0.16528296111423754,0.6905955519552496
25566,GOF,0.015794138666883718,0.731270495131151,0.25293536620196516
25567,LOF,0.0147484280841336,0.13620258635154742,0.849048985564319
25568,LOF,0.052510415950187184,0.061541674916691616,0.8859479091331213
25569,LOF,0.0651653564686449,0.06596998473130457,0.8688646588000506
25570,LOF,0.07206934329193448,0.0945119808203818,0.8334186758876837
25571,LOF,0.06494531276463096,0.08835629916047714,0.8466983880748918
25572,LOF,0.07132698848033643,0.1310810265244321,0.7975919849952314
25573,LOF,0.028219783599338376,0.09062918594640405,0.8811510304542576
25574,LOF,0.017327993717286966,0.14823987454798537,0.8344321317347276
25575,LOF,0.04920318948625156,0.10567650515493254,0.8451203053588159
25576,LOF,0.022758469193882143,0.12353418500531578,0.8537073458008021
25577,LOF,0.01585935929451261,0.1385946045388026,0.8455460361666849
25578,LOF,0.2363698214914431,0.08747072739678621,0.6761594511117707
25579,LOF,0.23680503010090412,0.08661446752671512,0.6765805023723807
25580,LOF,0.03459997223822666,0.08575804060335833,0.8796419871584151
25581,LOF,0.049808989809757655,0.0708699759944712,0.879321034195771
25582,LOF,0.04935129714062122,0.06879689203794682,0.8818518108214319
25583,LOF,0.048712891334190746,0.09865057548231648,0.8526365331834929
25584,LOF,0.4552263758956004,0.08684466254627653,0.4579289615581231
25585,LOF,0.037167153093890425,0.10832300290085646,0.8545098440052531
25586,LOF,0.03730429915583451,0.08036867637772026,0.8823270244664453
25587,LOF,0.03602280384311153,0.07672953787594561,0.8872476582809429
25588,LOF,0.03787772235479119,0.0980695438373187,0.8640527338078902
25589,Neutral,0.604511582010528,0.1049814959983996,0.2905069219910723
25590,LOF,0.028410064690058464,0.13059185164115644,0.840998083668785
25591,LOF,0.10913745476870407,0.0588849597765823,0.8319775854547137
25592,LOF,0.09965563542314117,0.13739737703047863,0.7629469875463802
25593,LOF,0.01688019891547262,0.2522701587675829,0.7308496423169445
25594,LOF,0.03557114374330217,0.215765127988388,0.7486637282683097
25595,LOF,0.05261640552251382,0.16973331585138082,0.7776502786261053
25596,LOF,0.06171119190091953,0.12402243202307515,0.8142663760760053
25597,LOF,0.05816835073932718,0.09361326568572595,0.8482183835749469
25598,LOF,0.0430820207449062,0.2015337169563568,0.7553842622987371
25599,GOF,0.007437416853550909,0.7796443782541042,0.212918204892345
25600,GOF,0.010563589068882861,0.5806021830272375,0.40883422790387963
25601,LOF,0.00794760050227783,0.48760858833915144,0.5044438111585707
25602,LOF,0.02127197324704028,0.05882687349377264,0.919901153259187
25603,LOF,0.03420534281311203,0.044864010141655856,0.9209306470452321
25604,LOF,0.05020649924046037,0.06749227575741268,0.8823012250021269
25605,LOF,0.009957051375502459,0.27657362519597384,0.7134693234285238
25606,GOF,0.061342321478977856,0.4801930471067186,0.4584646314143035
25607,LOF,0.0044354848004746275,0.18290090338161138,0.8126636118179139
25608,LOF,0.060453167541745366,0.052265923065094776,0.8872809093931598
25609,LOF,0.06256868956577911,0.3770499487788002,0.5603813616554206
25610,LOF,0.04707641375749405,0.0323087579161791,0.9206148283263269
25611,LOF,0.05329524847334126,0.031237278813399463,0.9154674727132592
25612,LOF,0.1004643875244975,0.05083284507913931,0.8487027673963632
25613,LOF,0.08765893389946824,0.04749839889101795,0.8648426672095139
25614,LOF,0.03680154017283465,0.03952549312724645,0.9236729666999189
25615,LOF,0.055307192103750125,0.035468774168550814,0.9092240337276991
25616,LOF,0.037765264326220224,0.03711153983909006,0.9251231958346898
25617,LOF,0.03597210704896204,0.04288571924205357,0.9211421737089845
25618,LOF,0.2350024960190278,0.03664358932484484,0.7283539146561273
25619,LOF,0.03707940363626633,0.035386770957933376,0.9275338254058002
25620,LOF,0.041059484047537696,0.04664452611637906,0.9122959898360832
25621,LOF,0.03636575006039046,0.034288033321015765,0.9293462166185937
25622,LOF,0.032074022790307265,0.04607019160991057,0.9218557855997822
25623,LOF,0.06769001145816075,0.03852797910116855,0.8937820094406707
25624,LOF,0.030392965750800204,0.04808249261763816,0.9215245416315617
25625,LOF,0.03778287797632828,0.054505765361660935,0.9077113566620107
25626,LOF,0.07380972798086911,0.03480261599147928,0.8913876560276516
25627,Neutral,0.5718310383350304,0.10881725508111585,0.3193517065838537
25628,LOF,0.2023092549638535,0.05806815120661844,0.7396225938295281
25629,LOF,0.07454366834454268,0.11817645398604606,0.8072798776694113
25630,LOF,0.19564438708540385,0.09818422949199389,0.7061713834226022
25631,Neutral,0.60525970839404,0.06883219718311737,0.3259080944228427
25632,LOF,0.023032552011604687,0.09767825558581184,0.8792891924025834
25633,LOF,0.2642480390060396,0.10330624610987632,0.6324457148840842
25634,LOF,0.03630468367023904,0.12119510640810478,0.8425002099216563
25635,LOF,0.046488590717904385,0.10242799446630044,0.8510834148157951
25636,GOF,0.0060504934688957205,0.604420836090953,0.3895286704401514
25637,GOF,0.005513617749786466,0.5371670405146939,0.45731934173551947
25638,LOF,0.009066050685818932,0.426382163271529,0.5645517860426521
25639,LOF,0.005408459034261352,0.4001686989365489,0.5944228420291897
25640,GOF,0.4145772081004402,0.5409225869191735,0.04450020498038631
25641,LOF,0.006310548264615618,0.29509440563793304,0.6985950460974514
25642,LOF,0.23597012992079608,0.06895618974138222,0.6950736803378217
25643,LOF,0.16740761934033216,0.24266788328304684,0.589924497376621
25644,GOF,0.02772646476303758,0.5581279576942533,0.41414557754270914
25645,GOF,0.019672867834925133,0.5135648030248611,0.4667623291402138
25646,LOF,0.019461433365306237,0.37255882875030133,0.6079797378843923
25647,LOF,0.01715861280745114,0.29438198147455863,0.6884594057179902
25648,LOF,0.014596640173828963,0.2988319213368515,0.6865714384893196
25649,LOF,0.014129022603033482,0.22362301226372397,0.7622479651332426
25650,GOF,0.040566871117531475,0.5587121192852998,0.40072100959716855
25651,LOF,0.012749981322164728,0.26741682558933616,0.7198331930884992
25652,LOF,0.01963405954309767,0.2612758968190984,0.7190900436378038
25653,GOF,0.09062255543397721,0.4733253352765189,0.436052109289504
25654,LOF,0.01512146371886987,0.27876456245800957,0.7061139738231206
25655,LOF,0.10164376438071687,0.4060579985379414,0.49229823708134185
25656,LOF,0.057143405056717694,0.06804176625796958,0.8748148286853127
25657,LOF,0.29913818357374017,0.02899045355824441,0.6718713628680155
25658,LOF,0.030466507887077023,0.09917974532350414,0.8703537467894188
25659,LOF,0.2270024813058302,0.06595566001945595,0.7070418586747138
25660,LOF,0.10198853270249121,0.09526262241736418,0.8027488448801446
25661,LOF,0.07566272907880839,0.0709313677868699,0.8534059031343216
25662,LOF,0.03455361011765759,0.04118553102723227,0.9242608588551101
25663,LOF,0.044045275994593895,0.0789346751182752,0.8770200488871308
25664,LOF,0.0286571947487158,0.13666695633071113,0.834675848920573
25665,LOF,0.0524240013979098,0.04528305365360819,0.902292944948482
25666,LOF,0.03622530234275195,0.18727370915179498,0.776500988505453
25667,LOF,0.033673282255312874,0.0578467596768528,0.9084799580678344
25668,LOF,0.04366489372163173,0.05874873244409266,0.8975863738342755
25669,LOF,0.0501523690685808,0.09515142540614129,0.8546962055252779
25670,LOF,0.15421433455045158,0.09968654635524161,0.7460991190943067
25671,LOF,0.04314697470061117,0.0486406784558573,0.9082123468435315
25672,LOF,0.05385891556765059,0.0780585966081914,0.868082487824158
25673,LOF,0.0395562066417742,0.0865093505277166,0.8739344428305091
25674,LOF,0.028426113592521753,0.098690006749195,0.8728838796582833
25675,LOF,0.03689618350262306,0.08332121248506659,0.8797826040123105
25676,LOF,0.0346445641767764,0.062261186896967725,0.9030942489262559
25677,LOF,0.08682447384147138,0.05822274334046471,0.8549527828180639
25678,LOF,0.16262363690090478,0.05302354987724156,0.7843528132218536
25679,LOF,0.11139633096820156,0.07883403847634236,0.8097696305554561
25680,LOF,0.08760693964294339,0.09314142485650793,0.8192516355005486
25681,LOF,0.10290952892001314,0.08595562064696324,0.8111348504330237
25682,LOF,0.05302508391847529,0.07232804367919256,0.8746468724023321
25683,LOF,0.07819576524567809,0.11171235350833963,0.8100918812459823
25684,LOF,0.06230691069302329,0.06711874253536768,0.870574346771609
25685,LOF,0.11051314663645684,0.04213505924700883,0.8473517941165344
25686,LOF,0.0341446221791261,0.09214821972216497,0.8737071580987089
25687,LOF,0.059986510559588986,0.0831919321761528,0.8568215572642582
25688,LOF,0.017077219709419507,0.09650466306307526,0.8864181172275052
25689,LOF,0.015159421208176411,0.05613125407595994,0.9287093247158636
25690,LOF,0.01630620901661112,0.06816834937757237,0.9155254416058165
25691,LOF,0.10546181156676411,0.10255053675809271,0.7919876516751432
25692,LOF,0.18559960557150973,0.01611290660324005,0.7982874878252503
25693,LOF,0.048039615702370246,0.16930952498644802,0.7826508593111816
25694,LOF,0.276307430048314,0.01567647594189656,0.7080160940097894
25695,LOF,0.20498006958890444,0.02080923557011916,0.7742106948409764
25696,LOF,0.15266644995305184,0.012823041690942859,0.8345105083560053
25697,LOF,0.10803549122189467,0.038503288264611225,0.853461220513494
25698,LOF,0.022790414838589554,0.3388208904259201,0.6383886947354903
25699,LOF,0.08546412052635931,0.09047974650332484,0.8240561329703159
25700,LOF,0.03507308471725463,0.015556627185533266,0.9493702880972121
25701,LOF,0.01626079395031801,0.08946104841476882,0.8942781576349131
25702,GOF,0.021454967586890347,0.7196370968297698,0.2589079355833398
25703,LOF,0.014783133668952246,0.21765538246228255,0.7675614838687651
25704,LOF,0.09435898077568564,0.19333174772541456,0.7123092714988998
25705,LOF,0.08928464482300842,0.2737272226410328,0.6369881325359589
25706,GOF,0.02018140438333202,0.611563939970026,0.368254655646642
25707,GOF,0.02581042669824536,0.6285316645669814,0.3456579087347732
25708,GOF,0.008780772653463111,0.5993332670549255,0.3918859602916113
25709,LOF,0.026169877986621348,0.09909717436663414,0.8747329476467445
25710,LOF,0.005261298027480369,0.26797886637564533,0.7267598355968742
25711,LOF,0.029474001363473234,0.15455455282377092,0.8159714458127558
25712,LOF,0.006914597601034779,0.32375883796622046,0.6693265644327447
25713,LOF,0.026618982010151733,0.1391372596124192,0.834243758377429
25714,LOF,0.029219569242001933,0.18444331015341112,0.7863371206045869
25715,LOF,0.03126285154152846,0.15729083159822901,0.8114463168602426
25716,LOF,0.009399142106322499,0.1686045440003976,0.8219963138932798
25717,LOF,0.005778716512061418,0.18320329894992296,0.8110179845380155
25718,LOF,0.02731425492001332,0.1111245515521331,0.8615611935278537
25719,LOF,0.03849475070870951,0.12425852272469894,0.8372467265665916
25720,LOF,0.03775579420477703,0.12453412081220494,0.8377100849830181
25721,LOF,0.031755578907317984,0.11082582244414181,0.8574185986485402
25722,LOF,0.020141745851696317,0.1613784800610484,0.8184797740872554
25723,LOF,0.03161363540178489,0.10395859184729508,0.86442777275092
25724,LOF,0.028643885610585063,0.19802262993704284,0.7733334844523722
25725,LOF,0.031942709701666905,0.10126177450726329,0.8667955157910698
25726,LOF,0.020690455121498023,0.13684159546522592,0.8424679494132761
25727,LOF,0.02792533275310805,0.13952630484536457,0.8325483624015274
25728,LOF,0.029290477194312582,0.1200596255458613,0.850649897259826
25729,LOF,0.027917111938017294,0.13622574953280642,0.8358571385291762
25730,LOF,0.030385866742908777,0.1016293702256685,0.8679847630314227
25731,LOF,0.010775013468472901,0.21119214854385226,0.7780328379876749
25732,LOF,0.02480700553438268,0.11675436445220198,0.8584386300134154
25733,LOF,0.0376961540844493,0.12065059505511419,0.8416532508604364
25734,LOF,0.006224472892869998,0.31818587976732815,0.6755896473398019
25735,LOF,0.027190573405904223,0.09628677033909708,0.8765226562549986
25736,LOF,0.0256152053559907,0.15672172346987895,0.8176630711741304
25737,LOF,0.0548915293575793,0.15584302010562268,0.7892654505367981
25738,LOF,0.026785587999263807,0.18407626085595755,0.7891381511447788
25739,LOF,0.03274274741625179,0.16232273384105794,0.8049345187426902
25740,LOF,0.033086305515960056,0.17028263487330111,0.7966310596107388
25741,LOF,0.03887727070184497,0.15195474290817026,0.8091679863899848
25742,LOF,0.0522193147802389,0.1538626505461889,0.7939180346735721
25743,LOF,0.012973638238145103,0.023668076176114508,0.9633582855857403
25744,LOF,0.22421533394134144,0.2434006497926269,0.5323840162660316
25745,LOF,0.04865861313592474,0.08094091436160558,0.8704004725024697
25746,LOF,0.018157681336239594,0.11752891500698613,0.8643134036567743
25747,LOF,0.038343725174224554,0.025064568179249205,0.9365917066465262
25748,LOF,0.2900757049703446,0.04590746093114535,0.6640168340985101
25749,LOF,0.015174988694275252,0.06504289270560745,0.9197821186001173
25750,LOF,0.02366550497340511,0.06705763868579984,0.909276856340795
25751,LOF,0.04344676190204391,0.04324108611532081,0.9133121519826353
25752,GOF,0.08910454976361652,0.7287811658051321,0.18211428443125144
25753,LOF,0.0064774101357294245,0.44694777162085214,0.5465748182434184
25754,GOF,0.007385728452025593,0.8844158501582057,0.10819842138976876
25755,LOF,0.005962158018584085,0.4708116751769731,0.5232261668044429
25756,LOF,0.024653183394197545,0.4735703328730254,0.5017764837327771
25757,GOF,0.007874574090705968,0.8737913790412029,0.11833404686809126
25758,GOF,0.008943556582128732,0.8759359551102502,0.1151204883076211
25759,GOF,0.005907447400598119,0.6771713020210821,0.3169212505783197
25760,LOF,0.005128181609856282,0.36674045239289005,0.6281313659972537
25761,GOF,0.04978260476168391,0.859703017320233,0.090514377918083
25762,LOF,0.02817415292137513,0.4073503625218135,0.5644754845568114
25763,LOF,0.0055400519561961,0.32154654246763137,0.6729134055761725
25764,GOF,0.058204231221125745,0.6516410530879714,0.2901547156909028
25765,GOF,0.007721111543142709,0.8787279307182448,0.11355095773861244
25766,GOF,0.053253873381742915,0.8122329297560537,0.1345131968622033
25767,GOF,0.01796606806763529,0.5264881145606344,0.4555458173717304
25768,LOF,0.05523715028953213,0.0563341052069972,0.8884287445034706
25769,LOF,0.03568149865396219,0.07270305518046033,0.8916154461655775
25770,LOF,0.14562528172928146,0.06077776624844497,0.7935969520222735
25771,LOF,0.01833277099138981,0.05705322864043017,0.9246140003681801
25772,LOF,0.034818997191601773,0.02496722267090724,0.940213780137491
25773,LOF,0.022093373117003653,0.06221848686938238,0.9156881400136141
25774,LOF,0.02781431706050853,0.09241202228244053,0.8797736606570509
25775,LOF,0.021164537426452967,0.038326527429112134,0.9405089351444349
25776,LOF,0.03740049864503564,0.020891855371923115,0.9417076459830411
25777,LOF,0.16420043477433602,0.05994822049566511,0.7758513447299987
25778,LOF,0.02867232429218036,0.04608837326075715,0.9252393024470624
25779,GOF,0.07137582468126284,0.8714550532673787,0.05716912205135852
25780,GOF,0.0993148183749403,0.8565869697347057,0.04409821189035403
25781,GOF,0.0372151844827144,0.8674370188843867,0.09534779663289883
25782,GOF,0.0433896541662952,0.9022138899468461,0.054396455886858645
25783,GOF,0.04430299490059102,0.912628124199949,0.043068880899459885
25784,GOF,0.12012616605895535,0.8383018730596425,0.04157196088140227
25785,GOF,0.12036621420300261,0.850173541007832,0.02946024478916531
25786,GOF,0.01204979297136032,0.8925839439590814,0.09536626306955838
25787,GOF,0.25899824121663195,0.7055806660930084,0.035421092690359604
25788,LOF,0.01775765952934487,0.15860196344851388,0.8236403770221411
25789,GOF,0.021780808856316402,0.8565365373980693,0.12168265374561424
25790,GOF,0.034071779245346115,0.8712366027379183,0.09469161801673551
25791,GOF,0.032079271077894184,0.7776778973877594,0.1902428315343464
25792,GOF,0.03792575334822477,0.8139630963709794,0.14811115028079586
25793,GOF,0.07269901190458902,0.8302659140456772,0.09703507404973376
25794,GOF,0.055516677122488624,0.7592875209261831,0.18519580195132834
25795,GOF,0.06362635922144996,0.7301688802417464,0.20620476053680362
25796,GOF,0.1304504847369281,0.7949185652654911,0.07463094999758076
25797,GOF,0.10044768141533432,0.7270360162485835,0.1725163023360822
25798,GOF,0.0074962723661185695,0.7361946687255372,0.25630905890834427
25799,GOF,0.004597211635922712,0.6616412214994709,0.3337615668646064
25800,GOF,0.030860773091269163,0.8138747251928543,0.15526450171587647
25801,GOF,0.02552706808937524,0.9022932542196292,0.07217967769099552
25802,GOF,0.033433578447087914,0.8024091950824627,0.1641572264704495
25803,GOF,0.02231913416054614,0.6922238291768635,0.2854570366625903
25804,GOF,0.03612593668006814,0.7483310437826747,0.21554301953725707
25805,GOF,0.03379573450384431,0.7757791420082656,0.19042512348789004
25806,GOF,0.04406273352865959,0.7878421690052406,0.16809509746609985
25807,GOF,0.014464545361301664,0.7409075768371733,0.24462787780152512
25808,GOF,0.02738434676970627,0.7638982574136106,0.20871739581668317
25809,GOF,0.01257975552477592,0.6885775722351505,0.2988426722400736
25810,GOF,0.010944585992468158,0.6707631355949979,0.318292278412534
25811,GOF,0.06489844750167365,0.8652529401326163,0.06984861236571005
25812,GOF,0.030724393177519713,0.780738080602848,0.18853752621963224
25813,GOF,0.1705797263046753,0.7627498158194699,0.06667045787585482
25814,GOF,0.03609301201065124,0.7987375857507423,0.16516940223860638
25815,GOF,0.06473758561053906,0.8417844308396153,0.09347798354984563
25816,GOF,0.01003722098981364,0.8712387112911635,0.11872406771902295
25817,GOF,0.13272802395141536,0.7688033729667598,0.09846860308182481
25818,GOF,0.030715587908144708,0.773813237358599,0.19547117473325623
25819,GOF,0.052794085872168155,0.7492263014911776,0.19797961263665415
25820,GOF,0.048545013414619385,0.6901093785998321,0.26134560798554846
25821,GOF,0.03467288484459929,0.7419642720701914,0.22336284308520937
25822,GOF,0.06368391412302575,0.7167377190598448,0.2195783668171295
25823,GOF,0.031817416468740554,0.694373087296962,0.27380949623429734
25824,GOF,0.034519635151237564,0.7697749118637028,0.19570545298505973
25825,GOF,0.027909971222448652,0.7563665195526809,0.21572350922487063
25826,GOF,0.012941747038655027,0.7001509020612465,0.28690735090009845
25827,GOF,0.01612500967852721,0.6792362520947489,0.3046387382267237
25828,GOF,0.01302331529455115,0.7189876999140142,0.26798898479143474
25829,GOF,0.0046965700206178665,0.6432374108860959,0.35206601909328633
25830,GOF,0.041998222249226815,0.4807879135595093,0.4772138641912638
25831,GOF,0.0669487690986619,0.793386824688951,0.13966440621238693
25832,GOF,0.010644234276015161,0.73343894754295,0.2559168181810347
25833,GOF,0.04007500596561015,0.8017698642295245,0.15815512980486532
25834,GOF,0.010863674943960493,0.7531017238516677,0.2360346012043718
25835,GOF,0.02805331714439434,0.8150827189672395,0.15686396388836604
25836,GOF,0.007441931245274575,0.7366154644942723,0.2559426042604531
25837,GOF,0.01006605183053678,0.7467677527326516,0.24316619543681162
25838,GOF,0.026765828899908015,0.8210158759189041,0.15221829518118782
25839,GOF,0.08283981510909953,0.7940729651777322,0.12308721971316826
25840,GOF,0.10586551921550744,0.7687685416604926,0.1253659391239999
25841,GOF,0.10306413114983343,0.7975023534678289,0.09943351538233763
25842,GOF,0.0323172661129111,0.8619425476742353,0.10574018621285354
25843,GOF,0.03085871155072155,0.8712085618734021,0.0979327265758763
25844,GOF,0.02291084042252234,0.80756037150988,0.16952878806759758
25845,GOF,0.006950496476924345,0.7207575116970021,0.27229199182607344
25846,GOF,0.07038017582609037,0.8211501416516531,0.1084696825222567
25847,GOF,0.020669779244881916,0.860642576447288,0.11868764430783006
25848,GOF,0.029487173503069602,0.8298372155400555,0.14067561095687484
25849,GOF,0.008632040154910214,0.8049545383242207,0.18641342152086926
25850,GOF,0.007457029842187276,0.7086391831989645,0.28390378695884827
25851,GOF,0.007003803717169498,0.6627406148189211,0.3302555814639093
25852,GOF,0.16348822126655657,0.554458486707247,0.2820532920261964
25853,GOF,0.06579445901428456,0.7899562113802319,0.14424932960548345
25854,GOF,0.006229360352591591,0.6871943326542319,0.3065763069931766
25855,GOF,0.02218765085329751,0.657584413445515,0.3202279357011875
25856,GOF,0.04310149746796255,0.7241539247649296,0.23274457776710797
25857,GOF,0.02195997300758948,0.6646463654020587,0.3133936615903519
25858,GOF,0.011581215489779617,0.6435703843317948,0.3448484001784255
25859,GOF,0.008334638657254763,0.6084610897772875,0.3832042715654577
25860,GOF,0.08140264323621689,0.7510471744015397,0.1675501823622433
25861,GOF,0.10987378785194508,0.7752330383510606,0.11489317379699435
25862,GOF,0.026645912334463097,0.8669789986494366,0.10637508901610038
25863,GOF,0.02406371545067982,0.864791392583801,0.1111448919655192
25864,GOF,0.06884881560191013,0.8574448450272807,0.07370633937080923
25865,GOF,0.05882366652830933,0.8253337577863683,0.11584257568532243
25866,GOF,0.026606851098539733,0.854346810758888,0.11904633814257218
25867,GOF,0.04505321745750799,0.8511935392390008,0.10375324330349114
25868,GOF,0.0752651235060894,0.7878308567118669,0.1369040197820436
25869,GOF,0.3848150933068448,0.5170709195794165,0.09811398711373866
25870,GOF,0.07284615275715248,0.51903623212824,0.40811761511460753
25871,GOF,0.01024467093726236,0.8323420606680523,0.15741326839468547
25872,GOF,0.024599356022173415,0.7996151845142911,0.17578545946353547
25873,GOF,0.02294124540295699,0.8646098212264174,0.11244893337062568
25874,LOF,0.01886896095986657,0.17863131229259221,0.8024997267475412
25875,LOF,0.02616452814681907,0.07856071644833258,0.8952747554048484
25876,LOF,0.017830255829164716,0.04894440996624974,0.9332253342045854
25877,LOF,0.09173571906813317,0.15160741400055142,0.7566568669313153
25878,LOF,0.06974909055164061,0.1860170227611678,0.7442338866871917
25879,LOF,0.010965452893743332,0.13020676460604613,0.8588277825002105
25880,LOF,0.06983128039311723,0.01734942265359624,0.9128192969532866
25881,Neutral,0.5572881237956633,0.09371519354549057,0.3489966826588462
25882,LOF,0.07196205261785457,0.030265850420603757,0.8977720969615417
25883,LOF,0.030428832592319436,0.027075658247464753,0.9424955091602157
25884,LOF,0.01926614425810324,0.04586879399855764,0.9348650617433392
25885,LOF,0.19274335814149227,0.015549539175466216,0.7917071026830415
25886,LOF,0.27438050551960685,0.05888652291589048,0.6667329715645026
25887,LOF,0.08745523065960827,0.12811567841743587,0.7844290909229559
25888,LOF,0.00793562598692799,0.1621892831447794,0.8298750908682926
25889,LOF,0.02619702783208286,0.04083871971636794,0.9329642524515492
25890,LOF,0.2083915369330197,0.06002918780510812,0.7315792752618722
25891,LOF,0.11541188134135295,0.027850732966947456,0.8567373856916995
25892,LOF,0.008959251909017238,0.03274279904819916,0.9582979490427836
25893,LOF,0.34714890683062577,0.010362236151108553,0.6424888570182656
25894,LOF,0.3468543897255999,0.007555376916715677,0.6455902333576845
25895,LOF,0.27684084719083735,0.013788776690500475,0.7093703761186622
25896,LOF,0.0781167277350396,0.031340330245784025,0.8905429420191763
25897,LOF,0.12577474180874262,0.011691061363058804,0.8625341968281984
25898,LOF,0.1179206548368433,0.03363480591818309,0.8484445392449737
25899,LOF,0.41076007905116363,0.0312089035399922,0.5580310174088442
25900,Neutral,0.5136696546868568,0.009107038033294107,0.477223307279849
25901,LOF,0.0862812345134657,0.012741504787005664,0.9009772606995285
25902,LOF,0.09363409342592922,0.01585909552009539,0.8905068110539754
25903,LOF,0.23424520870171078,0.028044556536106397,0.7377102347621829
25904,Neutral,0.5139190017577838,0.04216682704970808,0.44391417119250803
25905,LOF,0.007506653132012876,0.4085215458213925,0.5839718010465946
25906,LOF,0.010012771097649129,0.0788864405613527,0.9111007883409982
25907,LOF,0.009709426769494182,0.25196072170669903,0.7383298515238068
25908,LOF,0.009570036805054914,0.2594844648419165,0.7309454983530287
25909,LOF,0.03221395635559992,0.10012983297828265,0.8676562106661174
25910,LOF,0.013364990290372431,0.1030919471604197,0.8835430625492078
25911,LOF,0.2242328776585756,0.022282654148116032,0.7534844681933084
25912,LOF,0.11000002852879419,0.01789612381480911,0.8721038476563967
25913,LOF,0.016687269772080855,0.02736367870890015,0.9559490515190191
25914,LOF,0.041611542287833835,0.023932844957628936,0.9344556127545373
25915,LOF,0.15728934740876932,0.13563090777832987,0.7070797448129008
25916,LOF,0.015338662349090648,0.07688614174581292,0.9077751959050964
25917,LOF,0.07482016058708907,0.026689438756414104,0.8984904006564969
25918,LOF,0.03976628148609848,0.013121500196835244,0.9471122183170664
25919,LOF,0.03543531874751262,0.01337480448248821,0.9511898767699992
25920,LOF,0.3450836800295418,0.25372396384579915,0.40119235612465903
25921,LOF,0.017029825509879564,0.017026298412280653,0.9659438760778399
25922,LOF,0.01567684291376148,0.017944102046951092,0.9663790550392874
25923,LOF,0.44575140053586904,0.011739169696866204,0.5425094297672648
25924,LOF,0.025342923144442923,0.020771138113929832,0.9538859387416273
25925,LOF,0.10393863485276192,0.022930544053783173,0.8731308210934549
25926,LOF,0.08761569887709415,0.014029104060318166,0.8983551970625876
25927,LOF,0.024200819533400583,0.037638312079592895,0.9381608683870065
25928,LOF,0.013397427138709476,0.024093284752974543,0.9625092881083159
25929,Neutral,0.5683959012102063,0.011389659779502858,0.4202144390102907
25930,LOF,0.08900423535769832,0.012040114801729174,0.8989556498405725
25931,LOF,0.015182411939373449,0.015658780704836256,0.9691588073557902
25932,LOF,0.09018739727996737,0.014027246199593751,0.8957853565204389
25933,LOF,0.09449402404658505,0.008446178378297397,0.8970597975751177
25934,LOF,0.08952555508761821,0.006888090805797553,0.9035863541065842
25935,LOF,0.09819611631527848,0.02004487840662329,0.8817590052780981
25936,LOF,0.11474187551077301,0.007884265457521664,0.8773738590317053
25937,LOF,0.022047584363856006,0.014038665136138965,0.963913750500005
25938,LOF,0.10441373475164323,0.01884896213284389,0.8767373031155128
25939,LOF,0.06992840612312146,0.01064454328405574,0.9194270505928228
25940,GOF,0.011713405688303575,0.5703770689977656,0.4179095253139308
25941,Neutral,0.4813241419499463,0.04311162254085916,0.4755642355091945
25942,LOF,0.010478736987039513,0.04912687942262423,0.9403943835903363
25943,LOF,0.052483931650118346,0.19754392113342098,0.7499721472164608
25944,LOF,0.04868221654712723,0.08673798683612487,0.8645797966167479
25945,LOF,0.17546980377899163,0.02568842396341255,0.7988417722575957
25946,LOF,0.07622018734894538,0.04129914315888671,0.882480669492168
25947,Neutral,0.46994189074392434,0.13030248911041523,0.39975562014566046
25948,LOF,0.3919455039900266,0.016287372096066937,0.5917671239139065
25949,LOF,0.13793870287016496,0.07628130607836986,0.7857799910514652
25950,GOF,0.11571573120821327,0.5697874990508056,0.314496769740981
25951,LOF,0.010540944889122402,0.46434614443337674,0.5251129106775009
25952,LOF,0.19571029339601193,0.25659404781108514,0.5476956587929029
25953,LOF,0.008635370050755611,0.3641460882923473,0.627218541656897
25954,GOF,0.084127704021354,0.4994584921826673,0.4164138037959787
25955,LOF,0.010517199762933901,0.2850244619301645,0.7044583383069015
25956,LOF,0.009821489839044014,0.3564989436754581,0.633679566485498
25957,LOF,0.15554820947800418,0.041598548886869646,0.8028532416351263
25958,LOF,0.031745353459552726,0.06494724112864733,0.9033074054117999
25959,GOF,0.006307517046444906,0.7614931044113815,0.23219937854217348
25960,LOF,0.004686134048496366,0.14745171509314495,0.8478621508583586
25961,LOF,0.027964062843156882,0.05306486604319256,0.9189710711136505
25962,LOF,0.031168247773865475,0.07710001681040245,0.8917317354157321
25963,LOF,0.008780459950942898,0.12478789566912214,0.866431644379935
25964,LOF,0.04371417592044492,0.1276440485879064,0.8286417754916486
25965,LOF,0.20261590731052007,0.1651300699503921,0.6322540227390879
25966,LOF,0.33342308295167444,0.11474194669014837,0.5518349703581772
25967,LOF,0.006392495870244241,0.09797031781892396,0.8956371863108317
25968,LOF,0.05304184680851447,0.2669942765329268,0.6799638766585587
25969,LOF,0.1497440411655206,0.07182407492867834,0.7784318839058011
25970,LOF,0.06739693183508032,0.06496077034771429,0.8676422978172054
25971,LOF,0.06740446834568128,0.031092950068188324,0.9015025815861304
25972,LOF,0.07513862663572912,0.060128920995588635,0.8647324523686823
25973,LOF,0.059027916110069044,0.012652230638082806,0.9283198532518482
25974,LOF,0.05446208165604103,0.0496263295084754,0.8959115888354836
25975,LOF,0.036875548507423646,0.01941833243434303,0.9437061190582332
25976,LOF,0.09551521891216179,0.013785911720446522,0.8906988693673917
25977,LOF,0.23868364818355758,0.055363977315663025,0.7059523745007795
25978,LOF,0.15737808398707878,0.14699645609062828,0.6956254599222931
25979,LOF,0.12861453488797026,0.1698488822136953,0.7015365828983344
25980,LOF,0.1981964692466275,0.22096883278316992,0.5808346979702025
25981,LOF,0.20037247323788668,0.2244896223742845,0.5751379043878289
25982,LOF,0.3498558482367124,0.1357858196824671,0.5143583320808205
25983,Neutral,0.432675728576889,0.13705183490612677,0.43027243651698405
25984,LOF,0.07341263311544173,0.07421141572583281,0.8523759511587254
25985,Neutral,0.5000979487489497,0.12255560623892696,0.3773464450121233
25986,LOF,0.014770121806252264,0.4499770662879997,0.535252811905748
25987,LOF,0.04076032566272309,0.09737282367981395,0.8618668506574629
25988,LOF,0.06457934733017134,0.1251306962371615,0.8102899564326672
25989,LOF,0.07353233481011855,0.2167307150948199,0.7097369500950617
25990,LOF,0.05367305637600838,0.3583867810165857,0.5879401626074059
25991,GOF,0.027307021705931484,0.5790422751043344,0.3936507031897342
25992,LOF,0.012233448603946975,0.4778069911549233,0.5099595602411298
25993,LOF,0.01912130462315452,0.06586641362073997,0.9150122817561054
25994,LOF,0.027929772374719615,0.07288856313050233,0.8991816644947781
25995,LOF,0.017488994106941592,0.12502955472293398,0.8574814511701243
25996,GOF,0.34625969571049287,0.44616945138932784,0.2075708529001792
25997,GOF,0.05301415631734915,0.5197052698550337,0.4272805738276171
25998,LOF,0.23087119049653398,0.042228634802502496,0.7269001747009636
25999,LOF,0.03315123597059934,0.17842662631077583,0.7884221377186249
26000,LOF,0.12838612087345228,0.01791632558544394,0.8536975535411039
26001,LOF,0.14864012911716287,0.027064666737604874,0.8242952041452323
26002,LOF,0.09688338842804085,0.03108626470872971,0.8720303468632293
26003,GOF,0.006501811064960187,0.6683402766598596,0.3251579122751802
26004,GOF,0.01459870758466956,0.620009390501656,0.3653919019136744
26005,GOF,0.004705932228139192,0.5257280353122139,0.4695660324596468
26006,GOF,0.0921664432608389,0.541956711453621,0.36587684528554
26007,GOF,0.009246417318403817,0.5421568478829987,0.4485967347985976
26008,GOF,0.006212469612830756,0.5974828937779735,0.39630463660919574
26009,GOF,0.011139438501233419,0.6523587017078842,0.3365018597908822
26010,GOF,0.008783627616331906,0.5877631715976478,0.4034532007860202
26011,LOF,0.004918058405053992,0.42696158965346903,0.568120351941477
26012,GOF,0.005128921742713462,0.5797360654212902,0.41513501283599624
26013,GOF,0.01131718130200455,0.6148768471759449,0.37380597152205064
26014,LOF,0.03583633748176442,0.08604077060655095,0.8781228919116846
26015,LOF,0.39203356276422785,0.017657335908029145,0.5903091013277431
26016,LOF,0.267445233406771,0.025457956501919312,0.7070968100913096
26017,LOF,0.016666331433254605,0.11961556386503232,0.8637181047017131
26018,LOF,0.029465832990531866,0.058153128692341884,0.9123810383171262
26019,LOF,0.02930568720165107,0.05384038453414126,0.9168539282642078
26020,LOF,0.006853198255846543,0.12967099835269386,0.8634758033914597
26021,LOF,0.08438137315324618,0.05827156759274528,0.8573470592540084
26022,LOF,0.042372748750623454,0.027386728161985677,0.9302405230873909
26023,LOF,0.023051026346482074,0.038504521505797966,0.9384444521477199
26024,LOF,0.04642539845470052,0.04094128259329497,0.9126333189520046
26025,LOF,0.1369110704522136,0.044187732869776855,0.8189011966780095
26026,LOF,0.11477800451067088,0.033866612613485454,0.8513553828758437
26027,LOF,0.029300386903418147,0.023993873096533235,0.9467057400000486
26028,LOF,0.0616272959579188,0.15520329474190894,0.7831694093001722
26029,LOF,0.026273868378119767,0.18383262759258331,0.7898935040292969
26030,LOF,0.11287622132755518,0.026022288562833736,0.8611014901096111
26031,LOF,0.011733726873910551,0.16324590946600195,0.8250203636600875
26032,LOF,0.034721671383807585,0.04530218856981698,0.9199761400463754
26033,LOF,0.03489540740537017,0.04317998283326281,0.9219246097613669
26034,LOF,0.017224832514051748,0.11543887680506712,0.8673362906808813
26035,LOF,0.01123802495949725,0.1197337015534869,0.8690282734870158
26036,LOF,0.010649174037103417,0.09828051384285122,0.8910703121200453
26037,LOF,0.01032366521674744,0.10704845997954311,0.8826278748037093
26038,LOF,0.028871290199631423,0.0390191808809627,0.9321095289194059
26039,LOF,0.029516539353312856,0.1363858202651267,0.8340976403815604
26040,LOF,0.0787846393887378,0.12023443605259558,0.8009809245586667
26041,LOF,0.011747167197974629,0.1011555601563805,0.887097272645645
26042,LOF,0.010932920972710388,0.10482547826313617,0.8842416007641535
26043,LOF,0.02947857584088698,0.06053502726579177,0.9099863968933212
26044,LOF,0.005904117240686814,0.047257033053754914,0.9468388497055583
26045,LOF,0.07707968760358541,0.17836418958863456,0.74455612280778
26046,LOF,0.026566760137327363,0.04124626127937459,0.9321869785832979
26047,LOF,0.06089776060903259,0.04229279926644199,0.8968094401245255
26048,LOF,0.08242846234675383,0.018060577631325708,0.8995109600219204
26049,Neutral,0.9443963397607796,0.006232575290422105,0.049371084948798265
26050,Neutral,0.9085546985055162,0.006644234785693591,0.08480106670879015
26051,LOF,0.029603107932092126,0.11699760331219404,0.8533992887557138
26052,LOF,0.027253681606870552,0.08423402363362587,0.8885122947595037
26053,LOF,0.015339935224101207,0.15337837568239407,0.8312816890935047
26054,LOF,0.04715113540370173,0.03878509785691567,0.9140637667393825
26055,LOF,0.06809642686843698,0.03527141474697155,0.8966321583845914
26056,LOF,0.055647351547850346,0.04541833334825233,0.8989343151038972
26057,LOF,0.0588568075406099,0.021757170037285795,0.9193860224221043
26058,LOF,0.06530201665602507,0.01739276398605113,0.9173052193579239
26059,LOF,0.21910262739867925,0.03150421121330365,0.749393161388017
26060,LOF,0.014008884526418684,0.18537593383499415,0.8006151816385871
26061,LOF,0.010500498012926449,0.017073689670243215,0.9724258123168303
26062,LOF,0.005343448400137945,0.02265108265600833,0.9720054689438536
26063,LOF,0.04672856800294801,0.016341201390909388,0.9369302306061427
26064,LOF,0.01481709132352781,0.02346787715493811,0.961715031521534
26065,LOF,0.060362495842869714,0.02141371972993346,0.9182237844271968
26066,LOF,0.04712579965535392,0.015292508241295216,0.937581692103351
26067,LOF,0.056535086033361916,0.01430309743893188,0.9291618165277062
26068,LOF,0.05062131619729768,0.038455388022383984,0.9109232957803183
26069,LOF,0.20971017567363884,0.028329015429205386,0.7619608088971559
26070,LOF,0.4323687389989374,0.01876411496775997,0.5488671460333026
26071,LOF,0.04995122827825337,0.016891012834999098,0.9331577588867476
26072,LOF,0.006368522032592956,0.02693658467444004,0.966694893292967
26073,LOF,0.041766853701871505,0.01896594766882278,0.9392671986293057
26074,Neutral,0.7885651952781052,0.014065132608014926,0.19736967211387985
26075,LOF,0.0452673012676864,0.030327064953078908,0.9244056337792347
26076,LOF,0.043162377524411356,0.015154630183457135,0.9416829922921316
26077,LOF,0.15776753325023074,0.012455754683054742,0.8297767120667144
26078,LOF,0.006617348635209326,0.027254539014412858,0.9661281123503779
26079,LOF,0.05529610595635793,0.025976372620259227,0.918727521423383
26080,LOF,0.05474913972765408,0.02602190945616452,0.9192289508161815
26081,LOF,0.04081121577393157,0.01388799380128355,0.945300790424785
26082,LOF,0.006181704294436172,0.024166647143702296,0.9696516485618615
26083,LOF,0.10088196388329547,0.026548763686031873,0.8725692724306726
26084,LOF,0.12997433981333276,0.021381961846439767,0.8486436983402276
26085,LOF,0.11221980358414768,0.017867837651975752,0.8699123587638764
26086,LOF,0.04496268426251391,0.01848363809153324,0.9365536776459529
26087,LOF,0.04456562831866105,0.01693629305377213,0.9384980786275668
26088,LOF,0.006253125666533061,0.038395147376655454,0.9553517269568114
26089,LOF,0.03908667487757366,0.03931845750095043,0.9215948676214758
26090,LOF,0.039082532234102886,0.030989714457129492,0.9299277533087675
26091,LOF,0.030278991134807115,0.011990029902014171,0.9577309789631786
26092,LOF,0.044953576175874754,0.013812580739079913,0.9412338430850453
26093,LOF,0.062020143025258906,0.009492310512528562,0.9284875464622125
26094,LOF,0.03586563633218509,0.010654736092626143,0.9534796275751889
26095,LOF,0.01611706489529143,0.026369711499875964,0.9575132236048327
26096,LOF,0.2408862614760331,0.006449525334448916,0.752664213189518
26097,LOF,0.005912236299618159,0.053572918458948404,0.9405148452414335
26098,LOF,0.08612110819350248,0.025307217238660803,0.8885716745678368
26099,LOF,0.04414064987514825,0.02738026310680819,0.9284790870180435
26100,LOF,0.04414064987514825,0.02738026310680819,0.9284790870180435
26101,LOF,0.04889406736240809,0.04334409670802315,0.9077618359295688
26102,LOF,0.03768236942439334,0.022876411354491602,0.9394412192211151
26103,Neutral,0.8936656103976918,0.02910214102394974,0.07723224857835839
26104,LOF,0.05280573096767678,0.0434451797552051,0.9037490892771181
26105,LOF,0.2013139666468172,0.10259466571002393,0.6960913676431588
26106,LOF,0.26598284572369296,0.036047688329175875,0.6979694659471312
26107,LOF,0.015800517272115164,0.04775053593812951,0.9364489467897554
26108,LOF,0.14594146360458815,0.03897870723881323,0.8150798291565986
26109,LOF,0.05720144909288052,0.04268542824608475,0.9001131226610348
26110,LOF,0.41473198983816784,0.013589679309750701,0.5716783308520814
26111,LOF,0.05627133955331084,0.1087828183642244,0.8349458420824648
26112,LOF,0.06601440716863488,0.012774490330582302,0.9212111025007828
26113,LOF,0.11233343985711808,0.03686163407161445,0.8508049260712676
26114,LOF,0.09017928734253147,0.009978717595237194,0.8998419950622313
26115,LOF,0.017183095051110615,0.06928856738284513,0.9135283375660441
26116,LOF,0.0752878227535801,0.027424081400692718,0.8972880958457271
26117,LOF,0.38795195785950154,0.032237317442719085,0.5798107246977794
26118,LOF,0.03691705585441804,0.015142866372638702,0.9479400777729432
26119,LOF,0.00579435707391254,0.08577404894296858,0.9084315939831188
26120,LOF,0.032528445352038186,0.014800293335098122,0.9526712613128638
26121,LOF,0.004270709316076839,0.11840742364471878,0.8773218670392043
