feature0,prediction,LoGoFunc_Neutral,LoGoFunc_GOF,LoGoFunc_LOF
25546,Neutral,0.7360843850919349,0.03701537456069178,0.22690024034737338
25547,Neutral,0.5920752245399433,0.07456592417040266,0.3333588512896541
25548,Neutral,0.5484963576849073,0.057053370990301173,0.39445027132479143
25549,LOF,0.4681635476158817,0.05710888888525494,0.4747275634988634
25550,LOF,0.3411387637820024,0.10201137872743897,0.5568498574905587
25551,LOF,0.29502273789345584,0.1123367047878499,0.5926405573186942
25552,LOF,0.2141563473134724,0.10509427422479309,0.6807493784617344
25553,Neutral,0.8206653722753113,0.03147458097785216,0.1478600467468366
25554,LOF,0.23874052732078402,0.09999850050198482,0.6612609721772312
25555,LOF,0.19586504798848053,0.08736728257476375,0.7167676694367557
25556,LOF,0.37236754387142185,0.08435670791888286,0.5432757482096954
25557,LOF,0.1936115927524162,0.09087378464251725,0.7155146226050666
25558,LOF,0.2280227712410236,0.10210124815599703,0.6698759806029795
25559,LOF,0.38135236219787194,0.16424789830046616,0.4543997395016618
25560,LOF,0.05060196669336164,0.16365090469121313,0.7857471286154253
25561,LOF,0.12161853182389556,0.178515326591822,0.6998661415842825
25562,LOF,0.1073705516653474,0.0693684438145372,0.8232610045201155
25563,LOF,0.0988821065537045,0.07987885968510466,0.8212390337611909
25564,LOF,0.1890602348713591,0.14861669386277865,0.6623230712658622
25565,LOF,0.15644480861584673,0.11414405152837442,0.7294111398557788
25566,GOF,0.017552078838591313,0.7441568205524417,0.23829110060896705
25567,LOF,0.013458668325495296,0.15664594389976172,0.8298953877747429
25568,LOF,0.056358937995883665,0.06866763512804955,0.8749734268760667
25569,LOF,0.06692545815243105,0.06798500907847246,0.8650895327690964
25570,LOF,0.06036368796786232,0.11016607674660807,0.8294702352855297
25571,LOF,0.055932054585641995,0.10268426144901678,0.8413836839653412
25572,LOF,0.07282151297615722,0.1332195893953061,0.7939588976285367
25573,LOF,0.027089517546354563,0.09972238826393816,0.8731880941897073
25574,LOF,0.015827379993442907,0.17386476834458156,0.8103078516619756
25575,LOF,0.04297968343232508,0.12041865622615472,0.8366016603415202
25576,LOF,0.01821080587676728,0.12951204843997474,0.8522771456832581
25577,LOF,0.014142430878767716,0.13727947263983062,0.8485780964814017
25578,LOF,0.2455838785147985,0.09916089310953795,0.6552552283756635
25579,LOF,0.24641226992746262,0.09749247590903018,0.6560952541635072
25580,LOF,0.031166781843529046,0.08613302922191529,0.8827001889345557
25581,LOF,0.056760197439397274,0.07111051700113295,0.8721292855594698
25582,LOF,0.056232616468188584,0.06895647847037889,0.8748109050614324
25583,LOF,0.043828126401960495,0.10319399522255131,0.8529778783754883
25584,Neutral,0.4837731338275482,0.1028846309861222,0.4133422351863295
25585,LOF,0.030161179056955503,0.10240956073776249,0.867429260205282
25586,LOF,0.030852863994132205,0.08271591894435923,0.8864312170615086
25587,LOF,0.029831687398788307,0.07539682854103116,0.8947714840601806
25588,LOF,0.03214676214172645,0.09797138478644923,0.8698818530718244
25589,Neutral,0.5964306348675615,0.12839127373997394,0.2751780913924645
25590,LOF,0.027235011483574878,0.1353713326698945,0.8373936558465306
25591,LOF,0.11612704381872836,0.05920618000293178,0.8246667761783399
25592,LOF,0.08559844601728488,0.1444547197717334,0.7699468342109816
25593,LOF,0.020132612848102145,0.2785309139999354,0.7013364731519625
25594,LOF,0.03662179290027919,0.2046453716182192,0.7587328354815016
25595,LOF,0.04796152998311606,0.17387918311403505,0.7781592869028487
25596,LOF,0.06042572764092993,0.08597742391107452,0.8535968484479957
25597,LOF,0.04679301523308909,0.08667881386995052,0.8665281708969603
25598,LOF,0.04723970410950939,0.16957808575336353,0.7831822101371271
25599,GOF,0.009580537484199108,0.7614083804515296,0.22901108206427126
25600,GOF,0.013504695435434347,0.5509434284265413,0.4355518761380244
25601,LOF,0.008062623458152078,0.4887704201442188,0.5031669563976292
25602,LOF,0.027546702472493013,0.05000489170087968,0.9224484058266272
25603,LOF,0.04992282417669858,0.034476683371764766,0.9156004924515366
25604,LOF,0.051687888356439664,0.03863100343946011,0.9096811082041002
25605,LOF,0.013477599643349379,0.22993179430467242,0.7565906060519781
25606,LOF,0.09587745278774382,0.4013556376903577,0.5027669095218985
25607,LOF,0.0053445228364483325,0.16297876466428535,0.8316767124992663
25608,LOF,0.05614583211974192,0.05116457373402534,0.8926895941462326
25609,LOF,0.03601426554807931,0.40752881035676775,0.5564569240951529
25610,LOF,0.04053470818342464,0.03216297123434427,0.9273023205822312
25611,LOF,0.041713734748336014,0.027958619266039684,0.9303276459856242
25612,LOF,0.10936818913709068,0.04115487824536013,0.8494769326175493
25613,LOF,0.08863216267316261,0.042810968447074375,0.8685568688797631
25614,LOF,0.0296478075585109,0.03860487791910139,0.9317473145223878
25615,LOF,0.05672744838561755,0.03866792950791026,0.9046046221064721
25616,LOF,0.033328521498249615,0.03862845234157737,0.928043026160173
25617,LOF,0.029463087750790026,0.042914796832366944,0.9276221154168429
25618,LOF,0.17907290375827567,0.03584167978527916,0.7850854164564451
25619,LOF,0.02805442546015761,0.03573307378885125,0.9362125007509913
25620,LOF,0.03236587153840603,0.048737145542122905,0.9188969829194711
25621,LOF,0.035014840673121425,0.03506858354519297,0.9299165757816856
25622,LOF,0.0380380375398339,0.04016511135058447,0.9217968511095816
25623,LOF,0.07345572594677793,0.02944389204015666,0.8971003820130654
25624,LOF,0.02598651128276805,0.04698329781086172,0.9270301909063702
25625,LOF,0.04042517406719322,0.04742160036823161,0.9121532255645752
25626,LOF,0.08015211727308645,0.03250885853287974,0.8873390241940339
25627,Neutral,0.5509827635624722,0.14640115052629554,0.3026160859112322
25628,LOF,0.18801849367663825,0.0693907663643214,0.7425907399590405
25629,LOF,0.07443716086073393,0.10309142591685376,0.8224714132224122
25630,LOF,0.15761920619417227,0.12402600053128328,0.7183547932745445
25631,Neutral,0.5788151788109694,0.1049863930408705,0.31619842814816
25632,LOF,0.022055217369387745,0.07403023481167495,0.9039145478189374
25633,LOF,0.21666189677456274,0.08423220229067072,0.6991059009347665
25634,LOF,0.03759826574767234,0.11500664389320245,0.8473950903591253
25635,LOF,0.03166830116485068,0.0886718999657631,0.8796597988693862
25636,GOF,0.005711689383053479,0.6036464442478073,0.39064186636913917
25637,GOF,0.0045446791417479435,0.5252922644574362,0.470163056400816
25638,LOF,0.009639852305398298,0.44232862229365455,0.5480315254009472
25639,LOF,0.004854753079567458,0.4275492479678265,0.567595998952606
25640,GOF,0.4666570263003029,0.49059830161351664,0.04274467208618051
25641,LOF,0.007407618553892989,0.35811141655741113,0.6344809648886958
25642,LOF,0.23755476060322256,0.08021039526623536,0.6822348441305421
25643,LOF,0.27250151092992314,0.2598812424993384,0.46761724657073833
25644,GOF,0.018658360679406526,0.563011512349016,0.4183301269715775
25645,GOF,0.019106018322781533,0.5272093567212155,0.453684624956003
25646,LOF,0.01857998747514867,0.32779022685130466,0.6536297856735468
25647,LOF,0.01800371065885671,0.2663327318427371,0.7156635574984062
25648,LOF,0.015586961797682134,0.2668884380529931,0.7175246001493247
25649,LOF,0.014177239875461935,0.217810055399519,0.7680127047250191
25650,GOF,0.036218326844505905,0.548161439999818,0.4156202331556761
25651,LOF,0.010346382310952206,0.2645874374770671,0.7250661802119807
25652,LOF,0.019839054590822892,0.27794421156929566,0.7022167338398814
25653,LOF,0.07644860295287523,0.3982538743996997,0.525297522647425
25654,LOF,0.01495269750334732,0.23958573199909264,0.74546157049756
25655,LOF,0.0970508566230738,0.32069556227496776,0.5822535811019585
25656,LOF,0.07211868702775637,0.05233754305257441,0.8755437699196693
25657,LOF,0.27599507208845525,0.022165033035982107,0.7018398948755626
25658,LOF,0.04460489131043004,0.06288982609347656,0.8925052825960933
25659,LOF,0.27813277858480906,0.04056443832207223,0.6813027830931188
25660,LOF,0.07344633195143381,0.10096170241625602,0.8255919656323102
25661,LOF,0.05064400715793519,0.07097354059401262,0.8783824522480521
25662,LOF,0.027387999518257895,0.04439004873753165,0.9282219517442104
25663,LOF,0.036258015936709284,0.06994574508704456,0.893796238976246
25664,LOF,0.03764279952388481,0.08278365751838154,0.8795735429577336
25665,LOF,0.050317161879617704,0.051215659794363044,0.8984671783260192
25666,LOF,0.03763061578936995,0.13761012233534167,0.8247592618752883
25667,LOF,0.0287532823037721,0.05415255280035595,0.917094164895872
25668,LOF,0.03447964438398621,0.06276211730977121,0.9027582383062427
25669,LOF,0.03970105063284383,0.09094220279621773,0.8693567465709385
25670,LOF,0.13931844522179634,0.07472445984280345,0.7859570949354001
25671,LOF,0.037037171256632036,0.04546237610496936,0.9175004526383986
25672,LOF,0.05706145300627533,0.0725805177439872,0.8703580292497375
25673,LOF,0.041711868649330394,0.062115840190029366,0.8961722911606401
25674,LOF,0.03312622164648309,0.07244897515627341,0.8944248031972434
25675,LOF,0.04009375544917353,0.05439436745513492,0.9055118770956916
25676,LOF,0.03075683018751802,0.05956542882222116,0.9096777409902609
25677,LOF,0.06195749709271766,0.06442395261025116,0.8736185502970311
25678,LOF,0.2622437617923526,0.047765458224704994,0.6899907799829423
25679,LOF,0.1656895236138341,0.06463965847803657,0.7696708179081293
25680,LOF,0.06783708018158435,0.09565263811324057,0.836510281705175
25681,LOF,0.1128505201971474,0.08649211355664979,0.8006573662462028
25682,LOF,0.044240724954673294,0.07472194063354715,0.8810373344117797
25683,LOF,0.07832404983041497,0.09586276061284484,0.8258131895567402
25684,LOF,0.051887786607702276,0.07012217505507667,0.8779900383372211
25685,LOF,0.12320515768373619,0.03231680502044919,0.8444780372958147
25686,LOF,0.032641695229508744,0.0727435189257109,0.8946147858447804
25687,LOF,0.05988124629864006,0.07425897776490246,0.8658597759364576
25688,LOF,0.02425849346349617,0.13187237569565394,0.8438691308408498
25689,LOF,0.020298715783269083,0.07570894021473581,0.9039923440019951
25690,LOF,0.016791294463860584,0.10300670077850274,0.8802020047576368
25691,LOF,0.18733935366992766,0.17206690798174806,0.6405937383483243
25692,LOF,0.2653844037228465,0.01862377523322311,0.7159918210439303
25693,LOF,0.05446015013197876,0.1674789940692622,0.778060855798759
25694,LOF,0.2606850585921204,0.012065137616120157,0.7272498037917594
25695,LOF,0.18470470473311076,0.01812801783437625,0.7971672774325129
25696,LOF,0.1766186369044603,0.009544241377682576,0.813837121717857
25697,LOF,0.13310069490954557,0.02828294016586605,0.8386163649245884
25698,LOF,0.02912093479320237,0.32860212793146953,0.6422769372753281
25699,LOF,0.06736046361672503,0.08548326441649358,0.8471562719667814
25700,LOF,0.02908375678147409,0.01300007304990567,0.9579161701686202
25701,LOF,0.011685816988467584,0.0865945433996539,0.9017196396118785
25702,GOF,0.02497089911060498,0.7383694945536822,0.23665960633571284
25703,LOF,0.01667998986167595,0.2015112025421173,0.7818088075962066
25704,LOF,0.09620824062656178,0.18307261219862328,0.7207191471748149
25705,LOF,0.06772588565233555,0.29389590046755704,0.6383782138801074
25706,GOF,0.03334768643981029,0.614363642072249,0.35228867148794074
25707,GOF,0.025868954848481913,0.6447785432834351,0.3293525018680831
25708,GOF,0.006600757901029802,0.5972439305513565,0.39615531154761374
25709,LOF,0.019087134097944342,0.1036237573362313,0.8772891085658244
25710,LOF,0.00703267534067718,0.21327407388816394,0.7796932507711589
25711,LOF,0.02017344530413097,0.16920612236207225,0.8106204323337968
25712,LOF,0.007224612109819604,0.2775839020763569,0.7151914858138234
25713,LOF,0.018336681127850106,0.15266598027153896,0.828997338600611
25714,LOF,0.02100102549174972,0.20857783181755143,0.7704211426906988
25715,LOF,0.019718674080078217,0.18003151253316946,0.8002498133867524
25716,LOF,0.011027156853266638,0.14204554118615156,0.8469273019605819
25717,LOF,0.0050691246665741565,0.15844678689048042,0.8364840884429455
25718,LOF,0.019106655394860245,0.11875286615405035,0.8621404784510893
25719,LOF,0.03556617216962928,0.1307423057997416,0.8336915220306291
25720,LOF,0.02968419191128715,0.11991400981042143,0.8504017982782914
25721,LOF,0.02238662962212549,0.13387380439310256,0.843739565984772
25722,LOF,0.015138555289310266,0.18580470769872304,0.7990567370119667
25723,LOF,0.022768936686477594,0.11322926676431967,0.8640017965492026
25724,LOF,0.025869537669352613,0.20038560542662381,0.7737448569040236
25725,LOF,0.02043047107065115,0.11092149029835585,0.868648038630993
25726,LOF,0.015894268588081586,0.15192093207656673,0.8321847993353517
25727,LOF,0.02138160889889686,0.14101583726948677,0.8376025538316163
25728,LOF,0.020300080530617496,0.14686772400506234,0.8328321954643202
25729,LOF,0.01906831937827216,0.1539425368987428,0.826989143722985
25730,LOF,0.02168043668178708,0.11630115011311858,0.8620184132050943
25731,LOF,0.008650373276479223,0.214411626141373,0.7769380005821478
25732,LOF,0.017985442469897063,0.13980556245302397,0.842208995077079
25733,LOF,0.02901987960075341,0.1326802602335759,0.8382998601656707
25734,LOF,0.00649909141118483,0.25044992958774037,0.7430509790010749
25735,LOF,0.020654491091460888,0.11042666098272513,0.868918847925814
25736,LOF,0.019079325565794898,0.17418966830670288,0.8067310061275021
25737,LOF,0.03807449375026913,0.1548545274731393,0.8070709787765916
25738,LOF,0.020183933934141102,0.21884789766616028,0.7609681683996987
25739,LOF,0.023583411755485152,0.1867135203050677,0.7897030679394471
25740,LOF,0.04993472143441663,0.20416344161169092,0.7459018369538926
25741,LOF,0.03048332136124075,0.15578555168257435,0.8137311269561849
25742,LOF,0.04947203173108901,0.16363390984136536,0.7868940584275456
25743,LOF,0.009807318933031123,0.02922128685732085,0.960971394209648
25744,LOF,0.15011474437427444,0.3019625089877131,0.5479227466380124
25745,LOF,0.030634064995277054,0.12081427486347786,0.8485516601412452
25746,LOF,0.011749983878858705,0.16950666473771234,0.8187433513834289
25747,LOF,0.03164216139251889,0.03221086937394099,0.9361469692335401
25748,LOF,0.26604647672429077,0.06411712327319892,0.6698364000025102
25749,LOF,0.011128973257199292,0.09811976744034126,0.8907512593024594
25750,LOF,0.016052264944988806,0.09951645416421336,0.8844312808907978
25751,LOF,0.046166576041913654,0.05492865346857577,0.8989047704895105
25752,GOF,0.07744752619956902,0.7092891789004339,0.2132632948999971
25753,LOF,0.007414357557334207,0.3330370585637511,0.6595485838789146
25754,GOF,0.007389773234402605,0.8551980326039489,0.13741219416164846
25755,LOF,0.006880503635869967,0.409851600913793,0.5832678954503371
25756,LOF,0.03157363877452399,0.42451652775392307,0.5439098334715529
25757,GOF,0.006657864287543146,0.8600355996687652,0.13330653604369175
25758,GOF,0.008939384135393148,0.870865522381093,0.120195093483514
25759,GOF,0.00580769472484539,0.5875780197705256,0.40661428550462914
25760,LOF,0.005902816025815298,0.2566366195802223,0.7374605643939622
25761,GOF,0.05329949695601953,0.847199923843671,0.0995005792003095
25762,LOF,0.03171429341199652,0.3371317355870876,0.6311539710009157
25763,LOF,0.006427507102273158,0.24708359910120226,0.7464888937965246
25764,GOF,0.064219004684636,0.6140489085657517,0.32173208674961234
25765,GOF,0.009256340455975075,0.8545940299303562,0.13614962961366864
25766,GOF,0.033774288184920856,0.8220108998947967,0.14421481192028227
25767,GOF,0.012257025654378258,0.5673387620707134,0.4204042122749083
25768,LOF,0.03882894931912178,0.06533513905983894,0.8958359116210393
25769,LOF,0.026769486521550003,0.07757562218216195,0.895654891296288
25770,LOF,0.15083491582144834,0.05588132151432805,0.7932837626642236
25771,LOF,0.016132702579811906,0.052917986879935076,0.9309493105402531
25772,LOF,0.02530927376184342,0.02704235697863678,0.9476483692595198
25773,LOF,0.020273074208935232,0.05182578666000481,0.9279011391310599
25774,LOF,0.031257202420681744,0.09165823118022635,0.8770845663990919
25775,LOF,0.023287222402738134,0.0363792933602781,0.9403334842369838
25776,LOF,0.026858988786296664,0.023339279610555857,0.9498017316031474
25777,LOF,0.17152637716091904,0.05738944909719669,0.7710841737418842
25778,LOF,0.020739344747459292,0.05917096229801576,0.9200896929545248
25779,GOF,0.03446792725101576,0.8938532079924227,0.0716788647565615
25780,GOF,0.06568665970107564,0.885945107605438,0.048368232693486335
25781,GOF,0.029175182026480256,0.8822384252363251,0.08858639273719462
25782,GOF,0.028342952714143534,0.9175206902397534,0.05413635704610312
25783,GOF,0.025209207572962654,0.9292283321545182,0.04556246027251902
25784,GOF,0.07815748878684387,0.8748795048029977,0.04696300641015852
25785,GOF,0.08746477720244365,0.8741661677480266,0.038369055049529775
25786,GOF,0.008183273263763237,0.874819486629152,0.11699724010708469
25787,GOF,0.16661268918671698,0.7901239444467705,0.043263366366512616
25788,LOF,0.015307788034281393,0.21612367216574763,0.7685685397999709
25789,GOF,0.016101231749894356,0.8739609506063567,0.10993781764374912
25790,GOF,0.019523242151804183,0.8906007603373282,0.08987599751086757
25791,GOF,0.02046320214437947,0.8224990555376297,0.15703774231799092
25792,GOF,0.023747323001333184,0.852427127902213,0.1238255490964537
25793,GOF,0.06937399923213938,0.8576371461246778,0.07298885464318271
25794,GOF,0.05030328728566237,0.8262024378909322,0.12349427482340547
25795,GOF,0.044449542798684974,0.7908266663687525,0.16472379083256244
25796,GOF,0.08227033447425289,0.8280640184544273,0.08966564707131972
25797,GOF,0.06802424740119863,0.7933183635809609,0.13865738901784047
25798,GOF,0.005413217707067239,0.8145363206718595,0.18005046162107316
25799,GOF,0.004410471654306456,0.7567298504828858,0.23885967786280787
25800,GOF,0.023499987550007404,0.8708791554932388,0.1056208569567539
25801,GOF,0.017014382239326328,0.9019903545493787,0.08099526321129512
25802,GOF,0.02658304225470562,0.8519695649701531,0.1214473927751413
25803,GOF,0.019864945293426733,0.7478925642065254,0.23224249050004783
25804,GOF,0.029031882398681805,0.8012251037741231,0.16974301382719514
25805,GOF,0.023688334071404683,0.8305634717438947,0.1457481941847005
25806,GOF,0.025191393778132017,0.8270238042195199,0.14778480200234811
25807,GOF,0.008797165008157599,0.7820255924150891,0.20917724257675338
25808,GOF,0.015897814966762278,0.8015711106989565,0.18253107433428126
25809,GOF,0.011085948138350673,0.7835271937191151,0.20538685814253427
25810,GOF,0.009040911386480806,0.7746743999588124,0.21628468865470682
25811,GOF,0.04226040739796647,0.8842728100904641,0.07346678251156938
25812,GOF,0.03093126021448275,0.8326770064822702,0.1363917333032471
25813,GOF,0.12254064311285753,0.8153463622967227,0.06211299459041977
25814,GOF,0.030104269876279652,0.8442005420321179,0.12569518809160238
25815,GOF,0.06249485017865242,0.8513659145517798,0.08613923526956764
25816,GOF,0.00942879369618314,0.8838459948397824,0.10672521146403434
25817,GOF,0.08488646679706356,0.8421382889674063,0.07297524423553015
25818,GOF,0.024176081243004296,0.8232212575171757,0.15260266123981994
25819,GOF,0.06014151002881474,0.7737856661510655,0.16607282382011979
25820,GOF,0.03229923578898662,0.7385307220524672,0.22917004215854614
25821,GOF,0.02282820843731774,0.768920028239361,0.20825176332332132
25822,GOF,0.04402518640029694,0.7755169116888985,0.1804579019108046
25823,GOF,0.025627312510334555,0.7451144944053607,0.22925819308430465
25824,GOF,0.025720352151308343,0.7993174497808953,0.17496219806779642
25825,GOF,0.020474520806256252,0.7938055787977062,0.18571990039603764
25826,GOF,0.007965362364743094,0.742511604118747,0.2495230335165099
25827,GOF,0.013105127147455093,0.7295267021620357,0.25736817069050916
25828,GOF,0.010390963488562442,0.7619522121798658,0.22765682433157178
25829,GOF,0.004509465017793729,0.7227848381041887,0.27270569687801766
25830,GOF,0.03378715293898528,0.5574508902757398,0.40876195678527494
25831,GOF,0.052877119419934726,0.8284015377724638,0.11872134280760153
25832,GOF,0.009147494341799534,0.7858532096227979,0.20499929603540265
25833,GOF,0.033900511769411244,0.8425326382729591,0.12356684995762958
25834,GOF,0.010178905597364807,0.8073752660277423,0.18244582837489282
25835,GOF,0.02351277425022508,0.862593791495981,0.11389343425379397
25836,GOF,0.006684441241145789,0.78704448234126,0.20627107641759423
25837,GOF,0.008448226927601284,0.8173685011582753,0.17418327191412342
25838,GOF,0.021485205209410947,0.8665039315930236,0.1120108631975655
25839,GOF,0.046380751792071094,0.8429534800304304,0.11066576817749853
25840,GOF,0.07022076436658299,0.8355925239619068,0.09418671167151017
25841,GOF,0.07302878976223233,0.8525888279760863,0.07438238226168133
25842,GOF,0.026258397410509896,0.8975427500155436,0.07619885257394651
25843,GOF,0.02506641915582623,0.9004397390420807,0.07449384180209315
25844,GOF,0.017524038801262267,0.8599076710784198,0.12256829012031793
25845,GOF,0.006357735882319512,0.7876755881633367,0.2059666759543438
25846,GOF,0.06837645950020954,0.8406489858291764,0.09097455467061423
25847,GOF,0.014893673056561836,0.894334378680895,0.09077194826254305
25848,GOF,0.02245493010444056,0.8644182063433226,0.11312686355223692
25849,GOF,0.007471003598013958,0.8546334817285223,0.13789551467346386
25850,GOF,0.006193969817214793,0.7769540820659413,0.21685194811684388
25851,GOF,0.005853161239781806,0.7347886507261321,0.259358188034086
25852,GOF,0.13651860831782586,0.6132591240236545,0.25022226765851957
25853,GOF,0.0752153126829067,0.8282354515175872,0.09654923579950625
25854,GOF,0.0059994682057114765,0.7592028890994184,0.23479764269487022
25855,GOF,0.024184052445947006,0.7554159872343224,0.22039996031973055
25856,GOF,0.04207082428026594,0.8153850448760153,0.1425441308437187
25857,GOF,0.0248338891162861,0.7602692930755043,0.21489681780820957
25858,GOF,0.009857060911051398,0.7660143705155754,0.22412856857337324
25859,GOF,0.007596929301102734,0.7548174675804814,0.23758560311841595
25860,GOF,0.06353608649604968,0.8379103614622799,0.09855355204167023
25861,GOF,0.0838030809831355,0.8238768504935269,0.09232006852333771
25862,GOF,0.02132305226467437,0.903069829303957,0.07560711843136866
25863,GOF,0.02463964745262297,0.8985487141737182,0.07681163837365884
25864,GOF,0.06290996723673087,0.8928624104392622,0.044227622324006996
25865,GOF,0.047420167104624496,0.8746653280565645,0.07791450483881097
25866,GOF,0.028772322292735932,0.8911486355374939,0.08007904216977009
25867,GOF,0.04364135664276081,0.8842724278897863,0.07208621546745284
25868,GOF,0.061425213046255075,0.8509991194032326,0.08757566755051244
25869,GOF,0.33870088242301527,0.5926852926630897,0.06861382491389514
25870,GOF,0.058437584857199826,0.6501189229372569,0.2914434922055432
25871,GOF,0.010725000001400833,0.876431813546038,0.11284318645256125
25872,GOF,0.01997917284990867,0.8759481770677093,0.10407265008238188
25873,GOF,0.020796686885261557,0.9007848957508724,0.07841841736386596
25874,LOF,0.015179084335198871,0.24917807515297447,0.7356428405118267
25875,LOF,0.032541005735108666,0.051865109534313635,0.9155938847305778
25876,LOF,0.01970874141364398,0.0369403948358025,0.9433508637505535
25877,LOF,0.11671763406679576,0.07957304887919399,0.8037093170540102
25878,LOF,0.08931595367792833,0.1351347084403534,0.7755493378817182
25879,LOF,0.016659031828536532,0.08644807900697815,0.8968928891644853
25880,LOF,0.062428264955482995,0.014918182612605788,0.9226535524319113
25881,Neutral,0.4787277602198497,0.07891641286531471,0.4423558269148356
25882,LOF,0.05556766635550204,0.02906308204878492,0.9153692515957131
25883,LOF,0.02612510226500736,0.03363738188271658,0.9402375158522761
25884,LOF,0.01622604694193525,0.0570544392655516,0.9267195137925132
25885,LOF,0.17899589069206498,0.014065661955466125,0.8069384473524688
25886,LOF,0.26609435721674707,0.06491727510884825,0.6689883676744047
25887,LOF,0.12378040797135577,0.09751605806748259,0.7787035339611617
25888,LOF,0.008238625044985157,0.12953485070109444,0.8622265242539203
25889,LOF,0.02378874189360828,0.041439019072890916,0.9347722390335008
25890,LOF,0.18991992467998603,0.07057080880510483,0.7395092665149091
25891,LOF,0.12191604198992183,0.02690250227744601,0.851181455732632
25892,LOF,0.010118328667263728,0.03513087926874795,0.9547507920639883
25893,LOF,0.3695976422743631,0.00980732276419286,0.6205950349614441
25894,LOF,0.39570516328165894,0.00688388541847075,0.5974109512998703
25895,LOF,0.36122379254329323,0.013369733802437512,0.6254064736542692
25896,LOF,0.07051667424119712,0.02887054246136836,0.9006127832974344
25897,LOF,0.15085347676808966,0.010179801350319404,0.838966721881591
25898,LOF,0.13356038564945386,0.03429199887480778,0.8321476154757383
25899,LOF,0.4281757273891498,0.030538170628594503,0.5412861019822557
25900,LOF,0.48018836197661413,0.009054710514880968,0.5107569275085049
25901,LOF,0.06474178788608374,0.011595449686360589,0.9236627624275557
25902,LOF,0.16357495691781102,0.012769804477289605,0.8236552386048994
25903,LOF,0.3223997068636364,0.025172366622134158,0.6524279265142294
25904,Neutral,0.5127176875691793,0.03964722383499912,0.44763508859582146
25905,LOF,0.007072031503254733,0.4359447403087715,0.5569832281879739
25906,LOF,0.008555588938574102,0.07734071618105301,0.9141036948803728
25907,LOF,0.007666909396573152,0.2894478187345188,0.7028852718689079
25908,LOF,0.0071028658135379435,0.2790353374642965,0.7138617967221655
25909,LOF,0.029673139823188466,0.11932450820019497,0.8510023519766167
25910,LOF,0.011450809423335746,0.14893911475502658,0.8396100758216377
25911,LOF,0.2061471667203787,0.060959615225197515,0.7328932180544238
25912,LOF,0.0991367364259887,0.033256791748863535,0.8676064718251477
25913,LOF,0.02385006271540512,0.06108834581257569,0.9150615914720192
25914,LOF,0.03763578507211713,0.02325397434465228,0.9391102405832307
25915,LOF,0.21389227307661535,0.10860207431651878,0.6775056526068659
25916,LOF,0.02700502062231847,0.052594078985594345,0.9204009003920871
25917,LOF,0.07986813140999369,0.02124476063288272,0.8988871079571236
25918,LOF,0.04068177534273897,0.013385722490824896,0.9459325021664361
25919,LOF,0.036463339270549,0.012952374402001629,0.9505842863274493
25920,LOF,0.36058053463794143,0.27026858789219055,0.369150877469868
25921,LOF,0.014093275578244609,0.03348021611571591,0.9524265083060396
25922,LOF,0.01586066306511024,0.03348400667253168,0.950655330262358
25923,LOF,0.43326165666190203,0.03141264363409438,0.5353256997040036
25924,LOF,0.02515735730113092,0.046389207849669524,0.9284534348491995
25925,LOF,0.09428040476885435,0.047141407753106275,0.8585781874780395
25926,LOF,0.0783233832048042,0.04436129589739702,0.8773153208977988
25927,LOF,0.02142586688238619,0.08422430917933212,0.8943498239382818
25928,LOF,0.010060109496334266,0.04924273476962467,0.9406971557340411
25929,Neutral,0.5741129986918627,0.029217155195445547,0.3966698461126917
25930,LOF,0.07840329344527568,0.029435168129039572,0.8921615384256848
25931,LOF,0.012669845188366927,0.034355470764844125,0.952974684046789
25932,LOF,0.06673188946957052,0.033770779748134284,0.8994973307822952
25933,LOF,0.06735028303326043,0.018223861619741447,0.9144258553469982
25934,LOF,0.05950069594240728,0.0185529171019878,0.9219463869556049
25935,LOF,0.0868979835440939,0.05230885729930822,0.8607931591565978
25936,LOF,0.1192389169838984,0.019127390132824194,0.8616336928832774
25937,LOF,0.020173327957920706,0.02588480285190704,0.9539418691901722
25938,LOF,0.08936980354669619,0.046931662123072856,0.863698534330231
25939,LOF,0.0506384303121186,0.02585135854327946,0.923510211144602
25940,LOF,0.009522001996160087,0.44848467071064535,0.5419933272931945
25941,LOF,0.46094997144364847,0.05064735916630112,0.4884026693900505
25942,LOF,0.010893149598150579,0.05473869531112024,0.9343681550907291
25943,LOF,0.04401413636950782,0.1775677654761032,0.778418098154389
25944,LOF,0.03448998117357304,0.0732788553899555,0.8922311634364714
25945,LOF,0.11984808667423007,0.032663591226461626,0.8474883220993084
25946,LOF,0.06816345402438626,0.036602068662570875,0.8952344773130428
25947,Neutral,0.5135223270563298,0.0744039381737749,0.41207373476989523
25948,LOF,0.40506054895954546,0.017013769119722397,0.5779256819207321
25949,LOF,0.18113923384227498,0.06742275056029429,0.7514380155974307
25950,GOF,0.08083870035906791,0.5434090621666029,0.3757522374743291
25951,LOF,0.015141547348853226,0.4499731492545259,0.5348853033966209
25952,LOF,0.24016151063997213,0.20936864022747922,0.5504698491325486
25953,LOF,0.00950711950998864,0.2720513424811701,0.7184415380088413
25954,LOF,0.08741691135149558,0.3803295742644716,0.5322535143840328
25955,LOF,0.008569459483147187,0.23922100390816878,0.7522095366086841
25956,LOF,0.015967267325427116,0.3217889225416108,0.662243810132962
25957,LOF,0.16078951519976342,0.03371172791520618,0.8054987568850305
25958,LOF,0.029050768977982255,0.07215061735535527,0.8987986136666624
25959,GOF,0.006607404743583196,0.7444843663647118,0.248908228891705
25960,LOF,0.005077700754450561,0.12309616882410068,0.8718261304214486
25961,LOF,0.025523332751792537,0.05256739629544178,0.9219092709527656
25962,LOF,0.05070179749844873,0.08651778156152475,0.8627804209400265
25963,LOF,0.007532704409016288,0.15054432644398671,0.841922969146997
25964,LOF,0.02751138248506409,0.153403299798878,0.819085317716058
25965,LOF,0.2632778014380238,0.16667875176973299,0.5700434467922433
25966,LOF,0.3495420012580934,0.08817286473928443,0.5622851340026221
25967,LOF,0.007895386842953402,0.06154396259348325,0.9305606505635634
25968,LOF,0.04569878917834923,0.23456524944861942,0.7197359613730313
25969,LOF,0.1774075008672959,0.05242591504283234,0.7701665840898717
25970,LOF,0.06487091547889029,0.06856534856579276,0.866563735955317
25971,LOF,0.08242144057048757,0.02971350236925054,0.8878650570602619
25972,LOF,0.08471396980060023,0.05533527469401798,0.8599507555053818
25973,LOF,0.06824623843607981,0.010272979517198159,0.9214807820467221
25974,LOF,0.044682362660871236,0.0438925324608865,0.9114251048782422
25975,LOF,0.04224516223182668,0.02203539233265742,0.935719445435516
25976,LOF,0.08764633424734296,0.011689543334562654,0.9006641224180943
25977,LOF,0.25135614087365804,0.05380920724161584,0.694834651884726
25978,LOF,0.16504860758034182,0.1487148733274099,0.6862365190922483
25979,LOF,0.1360705289046303,0.1688236696571372,0.6951058014382325
25980,LOF,0.20945719868484386,0.2195025890129639,0.5710402123021923
25981,LOF,0.21083009977191222,0.22119619647572514,0.5679737037523627
25982,LOF,0.4026992171393847,0.11826196311242972,0.4790388197481857
25983,LOF,0.40293520408709904,0.14528350376179705,0.45178129215110385
25984,LOF,0.05244921594992284,0.08789689026006611,0.859653893790011
25985,Neutral,0.5034834949540447,0.11628962114008079,0.38022688390587456
25986,LOF,0.011364487258714534,0.44104933725915985,0.5475861754821256
25987,LOF,0.04357010901339225,0.09196472895036087,0.8644651620362469
25988,LOF,0.04627588211256313,0.14744831065223038,0.8062758072352064
25989,LOF,0.05474336110295135,0.18420323326681629,0.7610534056302324
25990,LOF,0.04645650261402366,0.299162496449586,0.6543810009363904
25991,LOF,0.02726260234267453,0.40347874345920676,0.5692586541981187
25992,LOF,0.01644786409463568,0.3753634798705899,0.6081886560347745
25993,LOF,0.028574675335130344,0.05196306324101679,0.9194622614238528
25994,LOF,0.023512068247695864,0.054156863844141485,0.9223310679081627
25995,LOF,0.01989732649126736,0.09597200829236978,0.8841306652163629
25996,Neutral,0.3797032024289176,0.3329498977219525,0.2873468998491299
25997,LOF,0.056086219659002824,0.40514942024006134,0.5387643601009359
25998,LOF,0.25014299329282247,0.04162492408196967,0.708232082625208
25999,LOF,0.04092936263657683,0.10071360230415641,0.8583570350592667
26000,LOF,0.14899826195575733,0.013299281823752836,0.8377024562204899
26001,LOF,0.253193684544224,0.016071451686257232,0.7307348637695188
26002,LOF,0.13573429598832823,0.020950466243728334,0.8433152377679434
26003,GOF,0.006550242695732689,0.5790652792493567,0.4143844780549106
26004,GOF,0.012852436039945122,0.5729401545615276,0.4142074093985274
26005,LOF,0.004409046441520967,0.4360797529148377,0.5595112006436413
26006,GOF,0.08901298076285537,0.4630826190537717,0.4479044001833729
26007,LOF,0.008521392824937642,0.4672399437085633,0.524238663466499
26008,GOF,0.005065020622030318,0.5554551614344597,0.43947981794350993
26009,GOF,0.010137851336137833,0.5861226353714462,0.403739513292416
26010,GOF,0.007866310973347425,0.49864934812816636,0.4934843408984861
26011,LOF,0.003987383893335138,0.3974828645061456,0.5985297516005192
26012,GOF,0.004386472009156595,0.5364493564119261,0.45916417157891726
26013,GOF,0.008967357954195182,0.5271463425601621,0.4638862994856426
26014,LOF,0.06051152670145967,0.09441404902456327,0.845074424273977
26015,LOF,0.35340919460263265,0.05000086107489993,0.5965899443224674
26016,LOF,0.2672175342349708,0.06442955808384594,0.6683529076811833
26017,LOF,0.01069617624018543,0.24538575555477293,0.7439180682050416
26018,LOF,0.023218996877504283,0.12043232427259984,0.856348678849896
26019,LOF,0.022713925799904517,0.11062148254913909,0.8666645916509564
26020,LOF,0.007297123771325435,0.24461537689463878,0.7480874993340358
26021,LOF,0.07650585598063628,0.11459112501931827,0.8089030190000454
26022,LOF,0.03532776600689076,0.05180579825340434,0.9128664357397049
26023,LOF,0.019623629523406474,0.08446053663708888,0.8959158338395047
26024,LOF,0.04973822152318014,0.09480924444980957,0.8554525340270103
26025,LOF,0.10670076042082471,0.11801702663549807,0.7752822129436772
26026,LOF,0.09796921557230519,0.08585148622904794,0.816179298198647
26027,LOF,0.022977833716314358,0.05277401966458113,0.9242481466191045
26028,LOF,0.08151033273147146,0.16555319051969708,0.7529364767488315
26029,LOF,0.023002488739236514,0.14887248957235047,0.828125021688413
26030,LOF,0.11596322799417116,0.022325408407016085,0.8617113635988127
26031,LOF,0.01027718211681458,0.1295121781906676,0.8602106396925178
26032,LOF,0.03821723167316657,0.04041083111287314,0.9213719372139603
26033,LOF,0.04290017298849124,0.040426867013617654,0.916672959997891
26034,LOF,0.013988196545274095,0.10345726290092448,0.8825545405538014
26035,LOF,0.010986361634249861,0.09308040474758565,0.8959332336181645
26036,LOF,0.01046251240070245,0.07921752566160643,0.9103199619376912
26037,LOF,0.0105736046193805,0.08669634132427817,0.9027300540563413
26038,LOF,0.03226460900801958,0.03660922136182466,0.9311261696301558
26039,LOF,0.030744583311202806,0.1114184632913495,0.8578369533974478
26040,LOF,0.08879239810135872,0.11740075408016896,0.7938068478184724
26041,LOF,0.013217703226439474,0.08174447272074091,0.9050378240528196
26042,LOF,0.011973340307772298,0.08555268114893728,0.9024739785432904
26043,LOF,0.03189933414090536,0.05543621916143551,0.9126644466976592
26044,LOF,0.008360758357995672,0.03904811833761444,0.95259112330439
26045,LOF,0.07772821725532694,0.11556811396047237,0.8067036687842007
26046,LOF,0.028131022502975816,0.03922394490826912,0.932645032588755
26047,LOF,0.05772616186121719,0.040494872111411825,0.901778966027371
26048,LOF,0.08257894421425158,0.015514865887345804,0.9019061898984025
26049,Neutral,0.937710411058134,0.006427955582916522,0.055861633358949406
26050,Neutral,0.9013208796983495,0.006757998972433141,0.09192112132921716
26051,LOF,0.029927323776321537,0.0661893851438013,0.9038832910798772
26052,LOF,0.031711356357540056,0.05569292519350522,0.9125957184489546
26053,LOF,0.019808792833735336,0.14829065773032954,0.831900549435935
26054,LOF,0.04979022327462262,0.039538665403503204,0.9106711113218741
26055,LOF,0.0747730463390986,0.03497906748227039,0.890247886178631
26056,LOF,0.06463121592229429,0.04518714146034285,0.8901816426173629
26057,LOF,0.0526402137851127,0.021915920815798292,0.925443865399089
26058,LOF,0.05771402419257111,0.017179138129961774,0.925106837677467
26059,LOF,0.2152273575109,0.0417224915287253,0.7430501509603747
26060,LOF,0.018356309757706697,0.15823963612589662,0.8234040541163966
26061,LOF,0.012113319229233676,0.011716860888977857,0.9761698198817885
26062,LOF,0.006454767214145545,0.018240103043496124,0.9753051297423584
26063,LOF,0.03936784338588831,0.015784589398610018,0.9448475672155016
26064,LOF,0.01327458669030994,0.021044268131067065,0.965681145178623
26065,LOF,0.04825523359166634,0.020798114054150885,0.9309466523541827
26066,LOF,0.03729278107673017,0.015122187030624377,0.9475850318926455
26067,LOF,0.040703976726569106,0.01532824026424289,0.943967783009188
26068,LOF,0.047768459095800304,0.04909360728229735,0.9031379336219024
26069,LOF,0.23896003450502207,0.03138868217009464,0.7296512833248833
26070,LOF,0.46085301500371156,0.0217714668801708,0.5173755181161176
26071,LOF,0.04264084966694244,0.017938259783129972,0.9394208905499275
26072,LOF,0.00770945729075173,0.021089623954184167,0.9712009187550641
26073,LOF,0.03255195890013563,0.01937762705280583,0.9480704140470586
26074,Neutral,0.8445117053233766,0.012573314440832926,0.14291498023579038
26075,LOF,0.050327557262767005,0.02831610289375911,0.9213563398434739
26076,LOF,0.04614560693007121,0.016289094566637543,0.9375652985032912
26077,LOF,0.14612562814708674,0.008849189291138688,0.8450251825617746
26078,LOF,0.007106830571400477,0.018783243375789276,0.9741099260528102
26079,LOF,0.05906015719376578,0.027488019171509833,0.9134518236347243
26080,LOF,0.05816380658204319,0.027590639800228214,0.9142455536177285
26081,LOF,0.031507553734971806,0.013028691793715038,0.9554637544713132
26082,LOF,0.005917804437361907,0.02197008121118713,0.972112114351451
26083,LOF,0.09788655727383874,0.0299701972481279,0.8721432454780335
26084,LOF,0.09567318164016056,0.024498323079567237,0.8798284952802722
26085,LOF,0.08013350162376014,0.020157786133815837,0.899708712242424
26086,LOF,0.034765583643735096,0.01865258280128436,0.9465818335549806
26087,LOF,0.033673003226470405,0.014814473545558255,0.9515125232279713
26088,LOF,0.00725835090631234,0.0289841024796036,0.9637575466140841
26089,LOF,0.04286049712760306,0.0428820875788002,0.9142574152935967
26090,LOF,0.04312190581809983,0.03445628365347289,0.9224218105284273
26091,LOF,0.02586149676613293,0.011398781616400738,0.9627397216174662
26092,LOF,0.0418232512992769,0.012772280821036097,0.945404467879687
26093,LOF,0.0736856595946525,0.008487751693816149,0.9178265887115313
26094,LOF,0.030294568074227944,0.011050860733296409,0.9586545711924757
26095,LOF,0.020338207276442585,0.022012841547581534,0.9576489511759759
26096,LOF,0.18774407086727551,0.006038435979540549,0.806217493153184
26097,LOF,0.007367236206657585,0.046520822687538745,0.9461119411058037
26098,LOF,0.1079756651962173,0.023053967504421624,0.8689703672993611
26099,LOF,0.036405089219359525,0.029236873845307897,0.9343580369353327
26100,LOF,0.036405089219359525,0.029236873845307897,0.9343580369353327
26101,LOF,0.05752078709062728,0.04757371819599033,0.8949054947133823
26102,LOF,0.029480217122806174,0.025510611512667276,0.9450091713645266
26103,Neutral,0.8852102347732225,0.03351706473992184,0.08127270048685577
26104,LOF,0.05575312350380645,0.05251625881248606,0.8917306176837074
26105,LOF,0.26986011270237925,0.1150872220839892,0.6150526652136314
26106,LOF,0.31446882972483803,0.06650020512877833,0.6190309651463837
26107,LOF,0.01968335767421807,0.07119228203932693,0.9091243602864549
26108,LOF,0.2568611387414203,0.03855183738744717,0.7045870238711325
26109,LOF,0.07886872727975797,0.030174060446409707,0.8909572122738323
26110,LOF,0.40688730955351293,0.013443481603354464,0.5796692088431327
26111,LOF,0.06643595650903922,0.13090328634736115,0.8026607571435997
26112,LOF,0.04957459808228139,0.01302652750526592,0.9373988744124527
26113,LOF,0.10184202724843641,0.03635880019701674,0.8617991725545469
26114,LOF,0.0905459729130554,0.007026816797692504,0.902427210289252
26115,LOF,0.018049763841387543,0.05036437600666784,0.9315858601519447
26116,LOF,0.08334784569909122,0.02241069806235412,0.8942414562385546
26117,LOF,0.3525423018127911,0.04762853586632185,0.5998291623208871
26118,LOF,0.052685072828709927,0.021373291935261253,0.9259416352360288
26119,LOF,0.005613848747916831,0.10689996871860605,0.8874861825334772
26120,LOF,0.03628882641911532,0.019766145129853783,0.9439450284510308
26121,LOF,0.0034182024165403152,0.1570861523668162,0.8394956452166434
