feature0,prediction,LoGoFunc_Neutral,LoGoFunc_GOF,LoGoFunc_LOF
25546,Neutral,0.7222917123123821,0.035064488851917416,0.24264379883570034
25547,Neutral,0.5668904856508904,0.07148108092823575,0.361628433420874
25548,Neutral,0.5791715881162287,0.050641810561465696,0.37018660132230563
25549,Neutral,0.4932403777435364,0.05057222101245502,0.45618740124400864
25550,LOF,0.35477235607649144,0.09361966761852748,0.5516079763049812
25551,LOF,0.306199219828949,0.10403676997620695,0.589764010194844
25552,LOF,0.22338098234630616,0.09651591471129785,0.680103102942396
25553,Neutral,0.8385994619265693,0.025877536410689128,0.1355230016627415
25554,LOF,0.2521630927487632,0.09316773640955663,0.6546691708416802
25555,LOF,0.20959557600133194,0.08202022649635111,0.708384197502317
25556,LOF,0.40281583553107037,0.0873207149722445,0.509863449496685
25557,LOF,0.20446871798371105,0.08670749256315137,0.7088237894531376
25558,LOF,0.238520849962729,0.0930515237153671,0.6684276263219039
25559,LOF,0.38307942261609396,0.1743254647233253,0.44259511266058066
25560,LOF,0.06001477352320123,0.12275601686072296,0.8172292096160758
25561,LOF,0.1295110100480815,0.13030680657634988,0.7401821833755687
25562,LOF,0.13209918568920492,0.05091025216658049,0.8169905621442146
25563,LOF,0.10794840389049193,0.06834037619568249,0.8237112199138255
25564,LOF,0.22809865248926298,0.1204747324266441,0.6514266150840929
25565,LOF,0.14666716775210767,0.09892741854365397,0.7544054137042383
25566,GOF,0.014828665309641787,0.7811078347797279,0.20406349991063033
25567,LOF,0.015087001279745039,0.16684893955041297,0.8180640591698419
25568,LOF,0.05127891753460865,0.05944986059957087,0.8892712218658205
25569,LOF,0.05917301081976156,0.059066714428304405,0.8817602747519341
25570,LOF,0.06314707649193156,0.09689036796965526,0.8399625555384131
25571,LOF,0.05732788782017368,0.09357950149407526,0.849092610685751
25572,LOF,0.06291270878951828,0.11625241932427166,0.8208348718862101
25573,LOF,0.035347780874565936,0.09126981048889699,0.873382408636537
25574,LOF,0.018273683745355138,0.1445723232774515,0.8371539929771934
25575,LOF,0.046417672514962025,0.10530594185086868,0.8482763856341693
25576,LOF,0.016203904448993688,0.12012414340484881,0.8636719521461576
25577,LOF,0.014083710807977944,0.11719314354590821,0.8687231456461139
25578,LOF,0.24345661110462938,0.07726827542831599,0.6792751134670546
25579,LOF,0.24380294591638296,0.07675225235884958,0.6794448017247674
25580,LOF,0.030861111032419775,0.07418669860597972,0.8949521903616005
25581,LOF,0.05235488933011836,0.06011752877942651,0.8875275818904551
25582,LOF,0.05225645396908947,0.05876044247375386,0.8889831035571566
25583,LOF,0.046023814665119026,0.08401419258859473,0.8699619927462864
25584,Neutral,0.4893240718091588,0.0949005628900878,0.4157753653007533
25585,LOF,0.028686002813516888,0.12243043806968347,0.8488835591167996
25586,LOF,0.028724609427163084,0.0702694681003945,0.9010059224724425
25587,LOF,0.029095788246242756,0.06604610941523645,0.9048581023385208
25588,LOF,0.03100812852465277,0.08089280459289472,0.8880990668824525
25589,Neutral,0.5952263160381674,0.11512712166305322,0.2896465622987792
25590,LOF,0.028964063237626944,0.12211271540108552,0.8489232213612876
25591,LOF,0.11381931360275954,0.05132104608817009,0.8348596403090704
25592,LOF,0.08792687874833623,0.12190356785943704,0.7901695533922266
25593,LOF,0.02967268073845348,0.2501193705762685,0.720207948685278
25594,LOF,0.0425541758585794,0.23597411353975778,0.7214717106016628
25595,LOF,0.050104690448052706,0.16562897583441255,0.7842663337175347
25596,LOF,0.04526567275516328,0.11320280539031695,0.8415315218545197
25597,LOF,0.038280967857473314,0.1163925265394569,0.8453265056030699
25598,LOF,0.04705081488970952,0.16529091220071032,0.7876582729095802
25599,GOF,0.008833357893838214,0.6964833559493089,0.2946832861568528
25600,GOF,0.0197525952327716,0.6284836023480062,0.35176380241922217
25601,LOF,0.00681689502970496,0.4287713018987653,0.5644118030715297
25602,LOF,0.02569737426247224,0.04691584996049219,0.9273867757770357
25603,LOF,0.06194162575390638,0.026311286528400854,0.9117470877176928
25604,LOF,0.044625168256243686,0.035076069151631376,0.9202987625921248
25605,LOF,0.015446176375874808,0.16312146056989485,0.8214323630542303
25606,LOF,0.10571767689869259,0.41513775394407504,0.4791445691572323
25607,LOF,0.006572463620679237,0.18575955176135528,0.8076679846179655
25608,LOF,0.03308777425641332,0.054211175323513265,0.9127010504200734
25609,LOF,0.04339719113362176,0.4504793370943385,0.5061234717720398
25610,LOF,0.03739575898813338,0.02469958723070773,0.937904653781159
25611,LOF,0.0394645103128689,0.02367386977419001,0.9368616199129411
25612,LOF,0.09762362377532818,0.039215692658288705,0.8631606835663831
25613,LOF,0.07858653977737287,0.042170570827490865,0.8792428893951364
25614,LOF,0.02963897216848438,0.03352962893557772,0.9368313988959378
25615,LOF,0.034880574592090194,0.041608422233239635,0.9235110031746703
25616,LOF,0.02787588502420918,0.031942264558745895,0.9401818504170449
25617,LOF,0.02595020994426834,0.03449731027638432,0.9395524797793473
25618,LOF,0.14735445353547655,0.030025392612725344,0.8226201538517981
25619,LOF,0.027460600286797966,0.029481829145161342,0.9430575705680406
25620,LOF,0.03140926852113052,0.04253694096754916,0.9260537905113203
25621,LOF,0.024919866049350373,0.03110424897562344,0.9439758849750262
25622,LOF,0.029428173556878306,0.036889677727474104,0.9336821487156476
25623,LOF,0.05190722311207276,0.03859752506933697,0.9094952518185901
25624,LOF,0.025313076291168718,0.03704989087166719,0.937637032837164
25625,LOF,0.029069478281728553,0.04616657744468701,0.9247639442735844
25626,LOF,0.0835012405176447,0.035948805573589655,0.8805499539087658
25627,Neutral,0.5265235752058192,0.12915125220216472,0.3443251725920161
25628,LOF,0.19127514838650536,0.06337704745892458,0.7453478041545699
25629,LOF,0.06267533189905733,0.06094819154554417,0.8763764765553985
25630,LOF,0.15338979446996906,0.09501247290088306,0.7515977326291479
25631,Neutral,0.5699238589702388,0.073633101088373,0.3564430399413882
25632,LOF,0.01769076262817768,0.09270947087297199,0.8895997664988503
25633,LOF,0.20419412554200753,0.08061126497472881,0.7151946094832636
25634,LOF,0.035013702613735494,0.10346683037904524,0.8615194670072194
25635,LOF,0.03697690865595289,0.07981322617837276,0.8832098651656745
25636,GOF,0.003913262216621291,0.6672023371874982,0.32888440059588053
25637,GOF,0.004609734092285324,0.65040476604857,0.3449854998591447
25638,LOF,0.007593368439317792,0.40160609895769295,0.5908005326029891
25639,GOF,0.004360168358740745,0.5369859963776293,0.45865383526362996
25640,GOF,0.4692385878389775,0.4707494028807591,0.060012009280263366
25641,LOF,0.009121247639222915,0.36455676817767163,0.6263219841831054
25642,LOF,0.28894600755010674,0.07359533872297545,0.6374586537269178
25643,LOF,0.269264514521117,0.14735531512528288,0.5833801703536001
25644,GOF,0.014056803884261965,0.5428028804993651,0.4431403156163729
25645,GOF,0.012499397625528574,0.5022082746540368,0.48529232772043457
25646,LOF,0.018533280239803687,0.3556240653838175,0.6258426543763789
25647,LOF,0.015073505544474517,0.2935333901268219,0.6913931043287036
25648,LOF,0.01421006652299527,0.3226653616733794,0.6631245718036254
25649,LOF,0.011143882995849848,0.22978196568058873,0.7590741513235615
25650,GOF,0.027665909474515908,0.48861355975290754,0.48372053077257643
25651,LOF,0.009121135987646625,0.2896699569541356,0.7012089070582177
25652,LOF,0.015518268792567246,0.26964508787322905,0.7148366433342037
25653,LOF,0.061154067547984595,0.37865783543019194,0.5601880970218235
25654,LOF,0.01645402333974262,0.18153791208884476,0.8020080645714126
25655,LOF,0.09081957257297578,0.4142768260443962,0.49490360138262796
25656,LOF,0.07367082518445557,0.07236003005714822,0.8539691447583962
25657,LOF,0.2698287352577377,0.03369317914846753,0.6964780855937948
25658,LOF,0.04251660423828545,0.08358489851721942,0.8738984972444952
25659,LOF,0.2962078097867734,0.05783530366966373,0.6459568865435629
25660,LOF,0.0777045072269188,0.10658079347051731,0.8157146993025638
25661,LOF,0.04984468112673634,0.07373881888694872,0.8764164999863149
25662,LOF,0.027784805429845672,0.04658467675455814,0.9256305178155961
25663,LOF,0.03805757076660365,0.07335507029094553,0.8885873589424509
25664,LOF,0.032607582522850315,0.09435097382189457,0.8730414436552552
25665,LOF,0.06041799662962427,0.04347875176476239,0.8961032516056133
25666,LOF,0.03266464652346559,0.14123001437685742,0.8261053390996771
25667,LOF,0.031259142492725316,0.0525118914685771,0.9162289660386975
25668,LOF,0.03321460521926389,0.059318538848201555,0.9074668559325346
25669,LOF,0.041446541611158336,0.0890146286655605,0.8695388297232812
25670,LOF,0.0878726655809055,0.09286247868837665,0.8192648557307178
25671,LOF,0.04333940068096477,0.045310373736481654,0.9113502255825535
25672,LOF,0.058175817006919456,0.06278106294439546,0.879043120048685
25673,LOF,0.037370545755684347,0.07680405512925689,0.8858253991150588
25674,LOF,0.031388721194829175,0.08333072365462767,0.885280555150543
25675,LOF,0.03935498607476481,0.05669467132971169,0.9039503425955234
25676,LOF,0.03530398317366541,0.05849091056425583,0.9062051062620787
25677,LOF,0.06352372371551482,0.06711633661583911,0.8693599396686461
25678,LOF,0.28207550341482307,0.03875840206864502,0.6791660945165319
25679,LOF,0.18341419496980607,0.07364791166181514,0.7429378933683788
25680,LOF,0.06492878603718179,0.10148457903795091,0.8335866349248674
25681,LOF,0.11587843136867965,0.09153473344580419,0.7925868351855162
25682,LOF,0.04498523086826164,0.0812296225958642,0.8737851465358741
25683,LOF,0.08766879822010573,0.08554028450766685,0.8267909172722274
25684,LOF,0.0600263841952,0.08023080339196431,0.8597428124128357
25685,LOF,0.09693543723894577,0.046264084144267574,0.8568004786167867
25686,LOF,0.030157040987019452,0.09414456706161281,0.8756983919513677
25687,LOF,0.051846853460898186,0.07293167849823146,0.8752214680408703
25688,LOF,0.02425202154185273,0.09225072103805991,0.8834972574200872
25689,LOF,0.018900237953642263,0.07752950486048484,0.9035702571858728
25690,LOF,0.019025180636736867,0.08677453920817133,0.8942002801550918
25691,LOF,0.1783940390604063,0.12372315144265246,0.6978828094969413
25692,LOF,0.26769460848037574,0.013912593590915616,0.7183927979287087
25693,LOF,0.052511111279604845,0.13943124789857197,0.8080576408218232
25694,LOF,0.22436364605453837,0.014605948046018094,0.7610304058994436
25695,LOF,0.14173663388950106,0.020685757033784908,0.837577609076714
25696,LOF,0.15704777944962256,0.01048597961353056,0.832466240936847
25697,LOF,0.1472216393358172,0.021140164176970785,0.831638196487212
25698,LOF,0.025617585023987918,0.3634164442321342,0.610965970743878
25699,LOF,0.05317516891415886,0.058904177552117326,0.8879206535337238
25700,LOF,0.0318310912879841,0.01008844381812408,0.9580804648938919
25701,LOF,0.010796020704638027,0.08015023085604091,0.909053748439321
25702,GOF,0.030621070141356007,0.7454697641774887,0.22390916568115535
25703,LOF,0.014363585381241497,0.19569991046924173,0.7899365041495169
25704,LOF,0.09250181824391444,0.15651132799353507,0.7509868537625505
25705,LOF,0.07120462941102051,0.22053184453416677,0.7082635260548127
25706,GOF,0.05220958646073414,0.6492958163007101,0.29849459723855587
25707,GOF,0.022702440396644645,0.5805245728154069,0.39677298678794837
25708,GOF,0.00720429042679185,0.5080450495667813,0.48475066000642686
25709,LOF,0.019510049021073648,0.06792224809171786,0.9125677028872085
25710,LOF,0.00880971560703775,0.173879298342734,0.8173109860502282
25711,LOF,0.02226691384806184,0.12489081856319223,0.8528422675887458
25712,LOF,0.008926936538235113,0.23863159882819898,0.7524414646335659
25713,LOF,0.018690280468419224,0.10685367151740187,0.8744560480141789
25714,LOF,0.02041436788751063,0.14110702357734667,0.8384786085351427
25715,LOF,0.01878086008124094,0.12984835981555012,0.8513707801032089
25716,LOF,0.010063355830089741,0.1635113747462659,0.8264252694236444
25717,LOF,0.00500406944878396,0.14909783594993936,0.8458980946012766
25718,LOF,0.01833844504226186,0.08232548931047186,0.8993360656472663
25719,LOF,0.0367461894641883,0.09075862129927369,0.872495189236538
25720,LOF,0.025263304045954633,0.0900345529092402,0.8847021430448051
25721,LOF,0.022713810514394087,0.09356430964741491,0.8837218798381911
25722,LOF,0.01621846416505757,0.1229303837722539,0.8608511520626885
25723,LOF,0.023110378064140166,0.07575672915286662,0.9011328927829934
25724,LOF,0.028402009402934622,0.12140265857429523,0.8501953320227702
25725,LOF,0.021892406423571237,0.06602505633697558,0.9120825372394532
25726,LOF,0.016568162567749074,0.1064478537005408,0.8769839837317102
25727,LOF,0.02081660456737559,0.09177211579236635,0.887411279640258
25728,LOF,0.01854770455812486,0.1062969306574303,0.8751553647844449
25729,LOF,0.01924710214292477,0.10852161606750198,0.8722312817895731
25730,LOF,0.02033062438449224,0.08750010740167324,0.8921692682138345
25731,LOF,0.010582679891788155,0.20694726551095133,0.7824700545972605
25732,LOF,0.01799544143509212,0.09358755019550613,0.8884170083694016
25733,LOF,0.030836949733568323,0.08644705709261251,0.8827159931738191
25734,LOF,0.005929780535948605,0.2590974722754043,0.734972747188647
25735,LOF,0.022183088806763944,0.07414765044669648,0.9036692607465395
25736,LOF,0.02197828813105789,0.11927621145696413,0.858745500411978
25737,LOF,0.03890160218492906,0.11110502085636312,0.8499933769587078
25738,LOF,0.019726072737617978,0.15620431557824344,0.8240696116841386
25739,LOF,0.02456264763029884,0.13839589623074833,0.8370414561389529
25740,LOF,0.053375173618462855,0.13799169933826608,0.808633127043271
25741,LOF,0.026926235591000117,0.11581932715947738,0.8572544372495224
25742,LOF,0.04241869180686439,0.13386381279053816,0.8237174954025974
25743,LOF,0.011091568639123521,0.036270055853973984,0.9526383755069026
25744,GOF,0.1894907234141036,0.4076131753525216,0.4028961012333748
25745,LOF,0.024082119494761148,0.06766370385350302,0.9082541766517358
25746,LOF,0.012102171470662981,0.09462628651535064,0.8932715420139863
25747,LOF,0.027751964784166586,0.0353317910103199,0.9369162442055134
25748,LOF,0.2654091992687895,0.06090093244645828,0.6736898682847522
25749,LOF,0.013373239227641826,0.0646947678144327,0.9219319929579255
25750,LOF,0.014996090953836468,0.08361839056597307,0.9013855184801904
25751,LOF,0.03684296506899265,0.06107843196037682,0.9020786029706306
25752,GOF,0.09013883974262842,0.6420467398760451,0.2678144203813264
25753,LOF,0.006956205096940199,0.3699738268531818,0.6230699680498779
25754,GOF,0.006372487261287026,0.8506615177066399,0.14296599503207325
25755,LOF,0.00917697548139378,0.4471727345905988,0.5436502899280075
25756,LOF,0.04664930034958001,0.441904665035046,0.5114460346153741
25757,GOF,0.007071970816972247,0.8762553544471292,0.11667267473589867
25758,GOF,0.009174781280135566,0.874054480157738,0.1167707385621265
25759,GOF,0.005387369392935282,0.5590876231189749,0.43552500748808987
25760,LOF,0.006552394436222616,0.3049703940448995,0.6884772115188779
25761,GOF,0.068879081177036,0.8537669756851808,0.07735394313778307
25762,LOF,0.027364060113498567,0.380771439813638,0.5918645000728635
25763,LOF,0.007844095031341865,0.25446876982226946,0.7376871351463886
25764,GOF,0.0737296292648377,0.618870808740548,0.3073995619946142
25765,GOF,0.008389220177243566,0.8440002738498488,0.14761050597290767
25766,GOF,0.04475620424290161,0.8320633900299398,0.12318040572715848
25767,GOF,0.009943963666675487,0.5325932401011523,0.45746279623217223
25768,LOF,0.036373447511067594,0.07565910539020623,0.8879674470987261
25769,LOF,0.02384824095989205,0.08659426161601896,0.889557497424089
25770,LOF,0.18215643375860488,0.07973720962371861,0.7381063566176765
25771,LOF,0.012622710774400652,0.08487618937485575,0.9025010998507437
25772,LOF,0.02518032963541744,0.03385921671879402,0.9409604536457886
25773,LOF,0.015261852222747825,0.10080715355333157,0.8839309942239205
25774,LOF,0.028731226951302237,0.10016017910600881,0.871108593942689
25775,LOF,0.01844859823402219,0.04869298834713141,0.9328584134188463
25776,LOF,0.028318650341244242,0.029536240658770065,0.9421451089999858
25777,LOF,0.2596860958038454,0.08128028089548006,0.6590336233006746
25778,LOF,0.020823194599378238,0.05871742761594761,0.9204593777846741
25779,GOF,0.030329923122178876,0.9052113068014205,0.0644587700764008
25780,GOF,0.06326858111016342,0.88743484703387,0.049296571855966566
25781,GOF,0.02864415679681465,0.8847688317651933,0.08658701143799197
25782,GOF,0.02388447772233455,0.9096323264483058,0.06648319582935959
25783,GOF,0.01755508658872592,0.7993655893462821,0.18307932406499192
25784,GOF,0.07844342568760533,0.8853777199565512,0.03617885435584356
25785,GOF,0.056559781309855374,0.899857571772386,0.043582646917758615
25786,GOF,0.007238722155228184,0.8403300282819833,0.15243124956278836
25787,GOF,0.14502357146771827,0.8155927755006772,0.039383653031604585
25788,LOF,0.015771487538101116,0.19737098097590236,0.7868575314859965
25789,GOF,0.014188977625230784,0.8717756600671206,0.11403536230764867
25790,GOF,0.013956599650644939,0.8735619916795269,0.11248140866982816
25791,GOF,0.014855473547392636,0.8434206365411603,0.14172388991144705
25792,GOF,0.018535747073164428,0.8544444148299024,0.1270198380969331
25793,GOF,0.05153770900679478,0.8397435042311459,0.10871878676205944
25794,GOF,0.050833827540420234,0.7788026717515746,0.17036350070800532
25795,GOF,0.050602488136887454,0.7729521973573293,0.17644531450578307
25796,GOF,0.06924477944919696,0.8385671230119666,0.0921880975388364
25797,GOF,0.052688007879671504,0.7445426960915187,0.20276929602880972
25798,GOF,0.0034781902872115626,0.6884185031946363,0.3081033065181522
25799,GOF,0.003243158379478682,0.5768244046560198,0.41993243696450155
25800,GOF,0.01932710626765743,0.8038251937036432,0.17684770002869932
25801,GOF,0.013273678163497532,0.8936173739533362,0.0931089478831664
25802,GOF,0.022259456987321784,0.8482602780383315,0.12948026497434661
25803,GOF,0.014435437478852963,0.7548039633418706,0.23076059917927635
25804,GOF,0.015698730655663934,0.6662701317445437,0.31803113759979235
25805,GOF,0.028760993731116655,0.7585440341285217,0.21269497214036165
25806,GOF,0.021786348096943506,0.8137253731429724,0.16448827876008398
25807,GOF,0.006283068573198263,0.769131872051906,0.22458505937489576
25808,GOF,0.016462888110175895,0.7940465043625772,0.189490607527247
25809,GOF,0.0074849381908968365,0.7794436707040184,0.21307139110508466
25810,GOF,0.006593550496620307,0.7758954684446079,0.2175109810587717
25811,GOF,0.03617204207216271,0.8863578096019765,0.07747014832586091
25812,GOF,0.01767121125750782,0.7707632446965103,0.21156554404598188
25813,GOF,0.08745754093415206,0.8152869190569617,0.0972555400088863
25814,GOF,0.02081447240286156,0.8050142545105913,0.1741712730865471
25815,GOF,0.03985563757994344,0.8378661536238612,0.12227820879619537
25816,GOF,0.007719218839505577,0.8682865722339486,0.12399420892654582
25817,GOF,0.10484577873180119,0.8206314882902123,0.07452273297798653
25818,GOF,0.018573715584774633,0.8405257062959485,0.14090057811927675
25819,GOF,0.05333949906488426,0.7959083754951717,0.1507521254399441
25820,GOF,0.023394806587032402,0.8027002783233483,0.17390491508961944
25821,GOF,0.0158208899873234,0.7982996759561128,0.18587943405656387
25822,GOF,0.030965798295400852,0.8015764636787571,0.16745773802584202
25823,GOF,0.01658779213369139,0.7117816539801927,0.27163055388611584
25824,GOF,0.01734549480971779,0.7979018208544464,0.1847526843358359
25825,GOF,0.014843973400374378,0.7952113091310766,0.18994471746854893
25826,GOF,0.006100542180009884,0.768914327499553,0.224985130320437
25827,GOF,0.010815969089049709,0.7325590605791519,0.2566249703317985
25828,GOF,0.008268048976551185,0.7096555313517479,0.28207641967170083
25829,GOF,0.0034077774646184087,0.737400777381746,0.25919144515363557
25830,GOF,0.03692740300537935,0.5461152555819869,0.41695734141263363
25831,GOF,0.0671113728848487,0.834492851281722,0.0983957758334293
25832,GOF,0.008724464530019292,0.8230422297242008,0.16823330574577977
25833,GOF,0.03199511690934723,0.8666923057786889,0.1013125773119637
25834,GOF,0.008621280362869065,0.8320333258040994,0.15934539383303153
25835,GOF,0.02130585703830209,0.883120155310081,0.09557398765161691
25836,GOF,0.006415681581519947,0.8307648195786667,0.1628194988398135
25837,GOF,0.007196953624500618,0.7359850150727392,0.2568180313027603
25838,GOF,0.01949310749735341,0.8787123646388565,0.10179452786379027
25839,GOF,0.04150682210519788,0.8648026058669762,0.09369057202782599
25840,GOF,0.09046480102763461,0.827333847336468,0.08220135163589752
25841,GOF,0.07850849785662989,0.848138262123278,0.0733532400200921
25842,GOF,0.02118029151256287,0.898912222947299,0.07990748554013825
25843,GOF,0.022644365041338134,0.9039498825681076,0.07340575239055429
25844,GOF,0.013441021780830542,0.8556784268681761,0.1308805513509935
25845,GOF,0.004593216695937103,0.6568704302494905,0.3385363530545724
25846,GOF,0.05721656354950092,0.8618381700097884,0.08094526644071078
25847,GOF,0.013330683731408825,0.9022022699368679,0.0844670463317233
25848,GOF,0.01525394660305631,0.8644890556378996,0.12025699775904415
25849,GOF,0.006023540383819471,0.7829660865333269,0.21101037308285353
25850,GOF,0.005716011227742874,0.7909414953104842,0.20334249346177288
25851,GOF,0.005034395132655032,0.6717343012217164,0.32323130364562863
25852,GOF,0.13094665315023965,0.5905897343174142,0.27846361253234597
25853,GOF,0.06865440952655055,0.8502392686115433,0.08110632186190622
25854,GOF,0.004424920798415162,0.728248366156767,0.2673267130448177
25855,GOF,0.01734375677508454,0.6774869453903248,0.30516929783459057
25856,GOF,0.03214564461303166,0.8047649299395143,0.16308942544745392
25857,GOF,0.01949121518123666,0.6867785414043841,0.29373024341437937
25858,GOF,0.007315193306585473,0.6845173618707601,0.30816744482265446
25859,GOF,0.0060699605097629524,0.6784917073306885,0.3154383321595485
25860,GOF,0.07261484273733726,0.8372275249317028,0.09015763233095994
25861,GOF,0.07335581024715075,0.8456606160692863,0.08098357368356285
25862,GOF,0.015292101534208426,0.8902377094283627,0.09447018903742886
25863,GOF,0.01678993023655274,0.8853619403561731,0.09784812940727419
25864,GOF,0.04610040238169052,0.8885539536897088,0.06534564392860082
25865,GOF,0.03539031147298339,0.8621954430704933,0.10241424545652326
25866,GOF,0.018520097663644392,0.8849156207850576,0.09656428155129802
25867,GOF,0.02885462567257941,0.8922663961159883,0.07887897821143224
25868,GOF,0.04844389732446609,0.8539305893787561,0.0976255132967777
25869,GOF,0.3185322860218959,0.617571339396652,0.06389637458145202
25870,GOF,0.058701031457400375,0.6958749283845843,0.2454240401580154
25871,GOF,0.009322768285109627,0.8921415868766893,0.09853564483820089
25872,GOF,0.018769922709766917,0.8928485972694115,0.08838148002082172
25873,GOF,0.018348881997213573,0.9025376309335097,0.07911348706927673
25874,LOF,0.016688436432184144,0.23008073550484498,0.7532308280629709
25875,LOF,0.04665999655438697,0.045169985361700596,0.9081700180839124
25876,LOF,0.017420838786471764,0.03775757851708738,0.9448215826964408
25877,LOF,0.11317197949026345,0.08220497896594169,0.8046230415437948
25878,LOF,0.07392042723290594,0.11654113776638823,0.8095384350007058
25879,LOF,0.025097233750683554,0.08228277107597767,0.8926199951733388
25880,LOF,0.055933065685907495,0.0127327726350826,0.93133416167901
25881,Neutral,0.5155432157055985,0.06870580671755233,0.41575097757684915
25882,LOF,0.06811381530136616,0.025888495703397112,0.9059976889952367
25883,LOF,0.029419000567613034,0.026361627194863884,0.944219372237523
25884,LOF,0.02004394861496445,0.046870674521323055,0.9330853768637125
25885,LOF,0.21103494797005395,0.013878242984194445,0.7750868090457517
25886,LOF,0.28709380739310847,0.0506120269869235,0.662294165619968
25887,LOF,0.1833259187176709,0.0665743786742075,0.7500997026081215
25888,LOF,0.010657634250574019,0.14015413303823895,0.8491882327111869
25889,LOF,0.025922041412037543,0.03626643485475841,0.9378115237332041
25890,LOF,0.1544458768279724,0.09348809814679511,0.7520660250252325
25891,LOF,0.10714593397276771,0.02975025584573412,0.8631038101814982
25892,LOF,0.008647125000853701,0.03417748221649277,0.9571753927826535
25893,LOF,0.34213862192911604,0.009336772656823847,0.64852460541406
25894,LOF,0.3895818178586179,0.004833922326965116,0.6055842598144169
25895,LOF,0.3385194419225636,0.013184683112672138,0.6482958749647642
25896,LOF,0.06648747295397006,0.01993143011629849,0.9135810969297313
25897,LOF,0.17944199260011312,0.008559433112620194,0.8119985742872666
25898,LOF,0.14540736073144722,0.030136284417236172,0.8244563548513165
25899,LOF,0.43932688183778845,0.020528925859502868,0.5401441923027087
25900,Neutral,0.5003907257116474,0.009320882333884305,0.4902883919544683
25901,LOF,0.06764667397301001,0.009229191888998931,0.923124134137991
25902,LOF,0.20461207773903498,0.008718998715693302,0.7866689235452716
25903,LOF,0.36410915013168293,0.022442230453394045,0.613448619414923
25904,Neutral,0.5156332301987424,0.030424469346470823,0.4539423004547868
25905,LOF,0.0053710708371297045,0.48622879407706865,0.5084001350858016
25906,LOF,0.007937119505049788,0.11705643386911277,0.8750064466258375
25907,LOF,0.00466231604585526,0.3553670606234012,0.6399706233307436
25908,LOF,0.00438697210115164,0.26862068220790136,0.726992345690947
25909,LOF,0.023703111159800786,0.16778449024043562,0.8085123985997636
25910,LOF,0.011493361184595095,0.13292730966467042,0.8555793291507345
25911,LOF,0.2423019993392886,0.052288042874008754,0.7054099577867027
25912,LOF,0.0895777760364636,0.04817310487946906,0.8622491190840672
25913,LOF,0.023583825667981183,0.07914865417771037,0.8972675201543086
25914,LOF,0.03694884917128781,0.04238148023057333,0.9206696705981389
25915,LOF,0.18734827511668994,0.17310401060607072,0.6395477142772393
25916,LOF,0.03183518022390875,0.1181383662148044,0.8500264535612869
25917,LOF,0.06749343984424817,0.03538219877447912,0.8971243613812726
25918,LOF,0.04028244701803288,0.026668022260178198,0.933049530721789
25919,LOF,0.036208685213065236,0.025756754829310162,0.9380345599576245
25920,LOF,0.3425771987685266,0.19794952524897555,0.45947327598249776
25921,LOF,0.015728753479451067,0.04061709491739962,0.9436541516031494
25922,LOF,0.01796584853879985,0.04353082372150544,0.9385033277396947
25923,LOF,0.4286143025501609,0.04328770023858638,0.5280979972112527
25924,LOF,0.021622039171342772,0.06650607090891168,0.9118718899197454
25925,LOF,0.08327536498018387,0.05926752217229679,0.8574571128475192
25926,LOF,0.06698482665865195,0.05240084037897081,0.8806143329623772
25927,LOF,0.022811006648989732,0.08563202535919248,0.8915569679918177
25928,LOF,0.009754183211332682,0.06688472412764866,0.9233610926610187
25929,Neutral,0.549844413296003,0.04013543093413855,0.41002015576985845
25930,LOF,0.07729086062201936,0.041233758267796454,0.8814753811101842
25931,LOF,0.013449607739429506,0.04617208938532913,0.9403783028752413
25932,LOF,0.06557402533387595,0.04263317351560322,0.8917928011505208
25933,LOF,0.06534978935956168,0.025192118280743844,0.9094580923596945
25934,LOF,0.05861745075184027,0.024160017842704135,0.9172225314054556
25935,LOF,0.07493305553423815,0.07235649402137605,0.8527104504443858
25936,LOF,0.09527157257333853,0.02492967545610546,0.879798751970556
25937,LOF,0.014670085662784048,0.05529140746034441,0.9300385068768715
25938,LOF,0.07383895143821925,0.06629142836173293,0.8598696202000479
25939,LOF,0.04271529654781135,0.033251835084727996,0.9240328683674607
25940,LOF,0.009473093623403183,0.35699733675305484,0.6335295696235419
25941,Neutral,0.500121617273522,0.05057704336139804,0.44930133936508004
25942,LOF,0.009364708566778478,0.06265907720897163,0.9279762142242498
25943,LOF,0.057015793769345936,0.2127368211341833,0.7302473850964707
25944,LOF,0.051274618326895734,0.10079773069870598,0.8479276509743983
25945,LOF,0.1151362405901418,0.029327616838517985,0.8555361425713401
25946,LOF,0.07338832728192449,0.03620551544002817,0.8904061572780473
25947,Neutral,0.44079677086754404,0.11973144039889398,0.439471788733562
25948,LOF,0.4131620730800229,0.019545472181815245,0.5672924547381618
25949,LOF,0.13475037529728665,0.08377896351602653,0.7814706611866868
25950,GOF,0.06714280680092063,0.5658429017259338,0.36701429147314546
25951,LOF,0.01360035243088401,0.41206576906284503,0.5743338785062709
25952,LOF,0.25471689662463803,0.2856258124401282,0.4596572909352338
25953,LOF,0.00893978061032991,0.17505319061427332,0.8160070287753968
25954,GOF,0.07799051439242193,0.48158145548926584,0.4404280301183123
25955,LOF,0.006701894709047051,0.17568603394309945,0.8176120713478534
25956,LOF,0.016768269354021217,0.22420157287142456,0.7590301577745543
25957,LOF,0.1746160735400846,0.030833485854913217,0.7945504406050021
25958,LOF,0.03397298421998075,0.06291638937051137,0.9031106264095079
25959,GOF,0.01181259752036797,0.6822921026233931,0.30589529985623903
25960,LOF,0.005505210460989922,0.08496938677956674,0.9095254027594435
25961,LOF,0.03219214582060774,0.053886313897395795,0.9139215402819963
25962,LOF,0.04192367311247853,0.06819906876442572,0.8898772581230958
25963,LOF,0.005546924273956391,0.18596500756418638,0.8084880681618574
25964,LOF,0.027100370411301786,0.10877460963769314,0.864125019951005
25965,LOF,0.24523773734747809,0.11776186295800867,0.6370003996945132
25966,LOF,0.4081429179629921,0.14559026567094902,0.4462668163660587
25967,LOF,0.007628925075298712,0.08990558579628562,0.9024654891284156
25968,LOF,0.041897902542649475,0.27796547039482844,0.6801366270625221
25969,LOF,0.1387715077881437,0.06650352961629219,0.794724962595564
25970,LOF,0.05322256762526628,0.09855729439841228,0.8482201379763213
25971,LOF,0.08223040259891097,0.033065901600093844,0.8847036958009953
25972,LOF,0.06914235472250063,0.06081342940862877,0.8700442158688707
25973,LOF,0.06124204360646218,0.00919692899170823,0.9295610274018297
25974,LOF,0.048516676434991836,0.04004747126428221,0.9114358523007259
25975,LOF,0.04091300977891192,0.018955446032800152,0.9401315441882879
25976,LOF,0.09030761647140237,0.01036733843043116,0.8993250450981664
25977,LOF,0.22556122276118173,0.06878525537351392,0.7056535218653044
25978,LOF,0.19067986754340327,0.10318330184195887,0.706136830614638
25979,LOF,0.1623270921292966,0.11722475184242666,0.7204481560282767
25980,LOF,0.26755561165862585,0.16973362787381116,0.5627107604675631
25981,LOF,0.2686004600983566,0.17145114434591574,0.5599483955557276
25982,Neutral,0.46177632130499907,0.07933585855026658,0.45888782014473434
25983,Neutral,0.4575906611992959,0.09714750031382227,0.4452618384868819
25984,LOF,0.04276060929324173,0.09841027389429989,0.8588291168124584
25985,LOF,0.3723843864238617,0.14876589882744598,0.4788497147486922
25986,LOF,0.010899331479767951,0.41403330478127076,0.5750673637389613
25987,LOF,0.045779947022717794,0.09653592771371035,0.8576841252635719
25988,LOF,0.03849068103578124,0.166425441784798,0.7950838771794208
25989,LOF,0.03778272276277526,0.20309440401230147,0.7591228732249233
25990,LOF,0.03941794637086202,0.30247807934915344,0.6581039742799845
25991,LOF,0.019455102491822557,0.4271766462107163,0.553368251297461
25992,LOF,0.018246589142549403,0.43278183577678364,0.5489715750806669
25993,LOF,0.02816435813455479,0.06694519968553259,0.9048904421799125
25994,LOF,0.02466461716575194,0.06489012813850717,0.9104452546957409
25995,LOF,0.021601154810165075,0.11541576133294709,0.8629830838568877
25996,LOF,0.32126355966224246,0.32284899432117714,0.35588744601658046
25997,LOF,0.05602364015849627,0.3717024397638848,0.5722739200776189
25998,LOF,0.29343811775298373,0.04183274630266785,0.6647291359443483
25999,LOF,0.03416329477590836,0.16304616872904057,0.8027905364950512
26000,LOF,0.17588252236589721,0.02601827321841809,0.7980992044156846
26001,LOF,0.2973802588105087,0.03647321615725321,0.666146525032238
26002,LOF,0.12586775422185562,0.038611716690300675,0.8355205290878437
26003,GOF,0.006851853907424824,0.6317980275523508,0.3613501185402244
26004,GOF,0.01182318545202596,0.6793724720705775,0.30880434247739647
26005,LOF,0.004894747754966611,0.468189165906535,0.5269160863384984
26006,GOF,0.13935713869512656,0.5264921016735987,0.3341507596312747
26007,GOF,0.009425150788848308,0.5294964978625164,0.46107835134863534
26008,GOF,0.0064523842352093635,0.5907498703825813,0.40279774538220936
26009,GOF,0.009383501802937904,0.6395675746515836,0.35104892354547845
26010,GOF,0.009542758949141715,0.5968712296800164,0.393586011370842
26011,LOF,0.004069618743272676,0.44149206364190796,0.5544383176148193
26012,LOF,0.004495917864697127,0.49717105708158815,0.49833302505371474
26013,GOF,0.008301104632947847,0.562084383297062,0.4296145120699902
26014,LOF,0.06689976092815539,0.10817793517194205,0.8249223038999025
26015,LOF,0.36609775106380515,0.03924190370543082,0.594660345230764
26016,LOF,0.29563648876986914,0.053836879553156046,0.6505266316769748
26017,LOF,0.01601840489681474,0.2647724199912522,0.719209175111933
26018,LOF,0.025268006982636593,0.08201311998388068,0.8927188730334826
26019,LOF,0.025093349638883156,0.06976179678587462,0.9051448535752422
26020,LOF,0.008134638929812664,0.24609686709724835,0.745768493972939
26021,LOF,0.10235008465723598,0.0957100636982019,0.8019398516445622
26022,LOF,0.03475163663221521,0.04093138023693169,0.9243169831308531
26023,LOF,0.02241095480186564,0.05373819318511555,0.9238508520130189
26024,LOF,0.0557371307895841,0.07312751719378671,0.8711353520166292
26025,LOF,0.08276312324797956,0.09677885150066066,0.8204580252513598
26026,LOF,0.10604046625561882,0.07856602583877831,0.8153935079056029
26027,LOF,0.025524243208096584,0.03794202823512564,0.9365337285567779
26028,LOF,0.1003511174724542,0.15830293417178762,0.7413459483557582
26029,LOF,0.03006442037450324,0.21845338105073417,0.7514821985747626
26030,LOF,0.15066415047206413,0.027410535063070444,0.8219253144648654
26031,LOF,0.011724690672749283,0.1656204242650816,0.8226548850621691
26032,LOF,0.044147187173940595,0.05618419251558018,0.8996686203104792
26033,LOF,0.053148425814048786,0.051239841363276174,0.8956117328226749
26034,LOF,0.015877952053123617,0.16878214249181514,0.8153399054550613
26035,LOF,0.012073698792696711,0.11735113895306842,0.8705751622542348
26036,LOF,0.012418053494980456,0.13323862799169278,0.8543433185133267
26037,LOF,0.010299581694266,0.10401723275807415,0.8856831855476599
26038,LOF,0.03698318279818332,0.049744500428271096,0.9132723167735455
26039,LOF,0.03565271069160071,0.15125384103231077,0.8130934482760884
26040,LOF,0.08791605329691025,0.12231249603995019,0.7897714506631395
26041,LOF,0.013299509230440106,0.09543528881481252,0.8912652019547475
26042,LOF,0.01227234197706642,0.10466750390473178,0.8830601541182018
26043,LOF,0.03727245790203421,0.07241884473776643,0.8903086973601995
26044,LOF,0.011540729793177105,0.056853141524836504,0.9316061286819863
26045,LOF,0.07776842355616989,0.11149352630864583,0.8107380501351843
26046,LOF,0.03283367698655096,0.053639726918517705,0.9135265960949313
26047,LOF,0.06096451823940384,0.05183650266538588,0.8871989790952102
26048,LOF,0.0745225337199128,0.02721139865831528,0.8982660676217719
26049,Neutral,0.9451661233657475,0.008896777657132458,0.04593709897712009
26050,Neutral,0.9181580603472718,0.009707670194250383,0.07213426945847778
26051,LOF,0.021476635865237372,0.1062423143956368,0.8722810497391258
26052,LOF,0.0391368027628442,0.11547153896084798,0.8453916582763079
26053,LOF,0.024129168284021636,0.14878129736162143,0.827089534354357
26054,LOF,0.04935262785135185,0.03286968362663112,0.9177776885220169
26055,LOF,0.07187149829804823,0.03126551593526176,0.8968629857666901
26056,LOF,0.05855591879777678,0.03751571466009449,0.9039283665421287
26057,LOF,0.06052076906857276,0.016476236425004634,0.9230029945064226
26058,LOF,0.06484524354398884,0.013657342518120974,0.9214974139378902
26059,LOF,0.22473372727950022,0.03704217515722542,0.7382240975632742
26060,LOF,0.01726474353460697,0.17311500163657972,0.8096202548288133
26061,LOF,0.010432477648436191,0.01198772267154916,0.9775797996800146
26062,LOF,0.005732648983155378,0.018091632690530997,0.9761757183263137
26063,LOF,0.037151904011968793,0.013124284738864312,0.9497238112491669
26064,LOF,0.01150579281912448,0.029246871006175956,0.9592473361746996
26065,LOF,0.0466185182747848,0.01567430116656398,0.9377071805586512
26066,LOF,0.045230219249739814,0.011961805352324075,0.9428079753979361
26067,LOF,0.05137825045930048,0.011525238079101564,0.9370965114615979
26068,LOF,0.05672435529799163,0.049823156553501384,0.8934524881485071
26069,LOF,0.3116744687587287,0.033612571967607315,0.654712959273664
26070,Neutral,0.5750813987665063,0.022924374793363053,0.4019942264401307
26071,LOF,0.04138250702090237,0.014416578758895479,0.9442009142202022
26072,LOF,0.009434323379037832,0.019728178176026474,0.9708374984449357
26073,LOF,0.03755914022629329,0.014700427479229665,0.9477404322944771
26074,Neutral,0.875759874860091,0.011183883507508069,0.11305624163240084
26075,LOF,0.057612461899031714,0.024352527056169054,0.9180350110447992
26076,LOF,0.04851338040747657,0.014453330740657046,0.9370332888518663
26077,LOF,0.14330856770053896,0.008681101995528184,0.8480103303039328
26078,LOF,0.007741420266478071,0.01846763722749371,0.9737909425060282
26079,LOF,0.06823534801712962,0.024145378983745403,0.907619272999125
26080,LOF,0.06744479496548894,0.024194391541048816,0.9083608134934622
26081,LOF,0.034148168677141204,0.011221235734523927,0.9546305955883349
26082,LOF,0.005583842455036604,0.019301016229250047,0.9751151413157133
26083,LOF,0.1051327898718759,0.02581538624259872,0.8690518238855253
26084,LOF,0.10336568634577437,0.017656302918298127,0.8789780107359274
26085,LOF,0.08771408903816168,0.015376034264251798,0.8969098766975865
26086,LOF,0.03789635475953655,0.013655037889119835,0.9484486073513437
26087,LOF,0.03838111409212317,0.011459244695782455,0.9501596412120944
26088,LOF,0.006781409387425889,0.025898312408090516,0.9673202782044836
26089,LOF,0.04315743514376527,0.038792149624195554,0.9180504152320391
26090,LOF,0.04414804663524416,0.029859198966076004,0.9259927543986799
26091,LOF,0.030859479016199245,0.00927531933968903,0.9598652016441116
26092,LOF,0.043132681419021476,0.010451393443690614,0.9464159251372879
26093,LOF,0.08848248948234548,0.0070294273872111455,0.9044880831304434
26094,LOF,0.03696233116668076,0.008570851875716124,0.9544668169576032
26095,LOF,0.02798409781127168,0.02029684840226432,0.9517190537864639
26096,LOF,0.1766296449754581,0.00661646901669888,0.816753886007843
26097,LOF,0.00669080724135569,0.03961612687351026,0.9536930658851341
26098,LOF,0.13141185063388677,0.022174810699858136,0.846413338666255
26099,LOF,0.043573687815307315,0.02120667476980963,0.9352196374148831
26100,LOF,0.04357188401804778,0.021205796888139485,0.9352223190938126
26101,LOF,0.060913222338692334,0.03846726980830377,0.9006195078530039
26102,LOF,0.034312493588503155,0.01878971336876162,0.9468977930427351
26103,Neutral,0.8910637550195134,0.03274525295536904,0.07619099202511757
26104,LOF,0.06027261138706941,0.046772555043234604,0.8929548335696958
26105,LOF,0.24633227524534249,0.13387388141558046,0.619793843339077
26106,LOF,0.32299860149774934,0.07188808147402513,0.6051133170282256
26107,LOF,0.02347134037481171,0.09052381217351706,0.8860048474516712
26108,LOF,0.261537762248677,0.03407138487855156,0.7043908528727715
26109,LOF,0.0782670069887622,0.03558555971402517,0.8861474332972127
26110,LOF,0.43306804309616487,0.010849277317265144,0.55608267958657
26111,LOF,0.04660273326244508,0.13301479553971676,0.8203824711978381
26112,LOF,0.050639025235717776,0.010554419459831993,0.9388065553044503
26113,LOF,0.1161608070639826,0.023744957357806882,0.8600942355782106
26114,LOF,0.09045707004999942,0.010880628304999437,0.898662301645001
26115,LOF,0.018059961893289695,0.05700344918328776,0.9249365889234226
26116,LOF,0.07146590431774597,0.022369842992791045,0.906164252689463
26117,LOF,0.34772893728514387,0.04226209772742342,0.6100089649874327
26118,LOF,0.050294191088299946,0.019441505711866307,0.9302643031998338
26119,LOF,0.00679698296177431,0.04287502679130725,0.9503279902469185
26120,LOF,0.034321473239385704,0.01808590021747538,0.9475926265431389
26121,LOF,0.004094302816110077,0.1343075615790497,0.8615981356048403
