feature0,prediction,LoGoFunc_Neutral,LoGoFunc_GOF,LoGoFunc_LOF
25546,Neutral,0.7695411551043563,0.026027389283799527,0.20443145561184436
25547,Neutral,0.6234936886173318,0.0543992256733003,0.32210708570936786
25548,Neutral,0.6019687006925959,0.04292314384536486,0.3551081554620393
25549,Neutral,0.5161053228060151,0.043895732342050034,0.4399989448519348
25550,LOF,0.3487760543932413,0.10994991740166968,0.5412740282050891
25551,LOF,0.2874418582284414,0.1258529726791067,0.5867051690924519
25552,LOF,0.181007730240451,0.1303024864740955,0.6886897832854535
25553,Neutral,0.8255811420047396,0.031914790444231636,0.14250406755102873
25554,LOF,0.2291213025721855,0.12624229320778507,0.6446364042200294
25555,LOF,0.1841387172796514,0.10267472029714246,0.7131865624232061
25556,LOF,0.4117516463489265,0.1037609654207653,0.48448738823030824
25557,LOF,0.17759638276274675,0.11567999488100054,0.7067236223562527
25558,LOF,0.22733295165756337,0.1288991299657211,0.6437679183767155
25559,LOF,0.3709463929214584,0.05476074572336566,0.5742928613551759
25560,LOF,0.06244957083150262,0.19679911348339532,0.7407513156851021
25561,LOF,0.11568346856276972,0.21014572387673372,0.6741708075604965
25562,LOF,0.10307251235016966,0.10095630140727563,0.7959711862425547
25563,LOF,0.11325544277729131,0.10579233477536397,0.7809522224473447
25564,LOF,0.1536205210084145,0.19871354547757528,0.6476659335140103
25565,LOF,0.14211542039032457,0.17375775309833943,0.684126826511336
25566,GOF,0.014146200563539728,0.7017015103730144,0.28415228906344586
25567,LOF,0.012288660782132551,0.11880975239788652,0.868901586819981
25568,LOF,0.04792594735140253,0.05498423807877809,0.8970898145698193
25569,LOF,0.06197320248247838,0.052514548517396266,0.8855122490001254
25570,LOF,0.06562569703278082,0.08988804048149195,0.8444862624857272
25571,LOF,0.06123122848480877,0.07971524773125793,0.8590535237839334
25572,LOF,0.06005382467713634,0.12115696355045089,0.8187892117724127
25573,LOF,0.027460608142868125,0.08051389542782268,0.8920254964293092
25574,LOF,0.017267781431335463,0.1403340260366306,0.8423981925320341
25575,LOF,0.05024222919128382,0.09170910552988387,0.8580486652788323
25576,LOF,0.018441968914700704,0.10041734295472152,0.8811406881305779
25577,LOF,0.015018978781139102,0.12311934900683505,0.8618616722120258
25578,LOF,0.23499700775132434,0.07504892534161009,0.6899540669070655
25579,LOF,0.23782001537986186,0.07450710909964027,0.6876728755204979
25580,LOF,0.03731228218860722,0.07521465566568045,0.8874730621457124
25581,LOF,0.04966460399788258,0.05638761380355111,0.8939477821985664
25582,LOF,0.04929254328692958,0.0542514473556588,0.8964560093574117
25583,LOF,0.04447213744784413,0.08145248478938079,0.8740753777627751
25584,LOF,0.4547154753945003,0.07740689494606516,0.46787762965943464
25585,LOF,0.04007881243768455,0.09258823928328043,0.867332948279035
25586,LOF,0.042795502151870925,0.07200289996956136,0.8852015978785678
25587,LOF,0.039016876980043996,0.06879790559621067,0.8921852174237455
25588,LOF,0.036275990436159145,0.08765427007452439,0.8760697394893165
25589,Neutral,0.6072547550608969,0.09858241083180454,0.2941628341072987
25590,LOF,0.03034536041865656,0.12149215822789339,0.8481624813534501
25591,LOF,0.10569314696206054,0.044386218113380935,0.8499206349245585
25592,LOF,0.11029508286601024,0.12445847098022336,0.7652464461537664
25593,LOF,0.017885104968232375,0.2489662083460277,0.7331486866857398
25594,LOF,0.03536965502910192,0.1922536657696036,0.7723766792012945
25595,LOF,0.0566772582682142,0.14888646892407265,0.7944362728077132
25596,LOF,0.05833525683997715,0.08999122087600499,0.8516735222840179
25597,LOF,0.06268294594150187,0.07375597306660578,0.8635610809918923
25598,LOF,0.04574013155426697,0.18461391535669067,0.7696459530890425
25599,GOF,0.006579053921515812,0.7061760610420558,0.28724488503642853
25600,GOF,0.008269243883616852,0.565982499809916,0.42574825630646707
25601,LOF,0.006315814605546895,0.4711062613352997,0.5225779240591534
25602,LOF,0.02080583118149699,0.06013498725370596,0.919059181564797
25603,LOF,0.037084935968549795,0.035727998763977434,0.9271870652674729
25604,LOF,0.04738091607590606,0.06839675028345708,0.884222333640637
25605,LOF,0.010551546226571262,0.27484629265931754,0.7146021611141111
25606,LOF,0.06517604253899445,0.4582737548653311,0.4765502025956743
25607,LOF,0.003916896301190445,0.15515268999055973,0.8409304137082497
25608,LOF,0.06574364925500965,0.05052350457839943,0.883732846166591
25609,LOF,0.054275447696376336,0.3942234498138383,0.5515011024897855
25610,LOF,0.04985865464320592,0.035699541837024125,0.91444180351977
25611,LOF,0.064528334125776,0.029822474471643046,0.905649191402581
25612,LOF,0.1324635341184008,0.05728400846489521,0.8102524574167039
25613,LOF,0.10667562358295672,0.047007628436039915,0.8463167479810033
25614,LOF,0.04303696068855518,0.03931533517798932,0.9176477041334555
25615,LOF,0.0591610237202862,0.043157820401229986,0.8976811558784838
25616,LOF,0.043556773212141915,0.04003779725182103,0.9164054295360371
25617,LOF,0.04199423495474364,0.04597954888378225,0.9120262161614742
25618,LOF,0.2352881047727676,0.04039019712598903,0.7243216981012434
25619,LOF,0.04055298597627054,0.03515732889016144,0.9242896851335681
25620,LOF,0.044706479157412306,0.04818628511940515,0.9071072357231824
25621,LOF,0.04154683863922005,0.03311056282540089,0.9253425985353791
25622,LOF,0.03515762676429595,0.05155861586425829,0.9132837573714458
25623,LOF,0.06561205449722843,0.034083837002015456,0.900304108500756
25624,LOF,0.034084938127058394,0.0461760656607908,0.9197389962121508
25625,LOF,0.04129904499677014,0.05252232885715614,0.9061786261460736
25626,LOF,0.09080047533432498,0.03656273650595045,0.8726367881597246
25627,Neutral,0.5737767088569186,0.0973308408054721,0.3288924503376093
25628,LOF,0.2173262629337309,0.04788194444303675,0.7347917926232324
25629,LOF,0.08371504340461121,0.1298703256012994,0.7864146309940894
25630,LOF,0.2082893438619718,0.08741101388183739,0.7042996422561907
25631,Neutral,0.6166507195437855,0.05835744282902404,0.32499183762719047
25632,LOF,0.02256168783948692,0.07807328325591617,0.899365028904597
25633,LOF,0.22302168965601996,0.08766108153137489,0.6893172288126052
25634,LOF,0.03801924212690068,0.10525860074285008,0.8567221571302492
25635,LOF,0.03616782540683678,0.08293110111360306,0.8809010734795603
25636,GOF,0.006816821630003105,0.7015957095848956,0.29158746878510144
25637,GOF,0.0048057760474073934,0.5727069011205863,0.42248732283200635
25638,LOF,0.009572451384891578,0.4547890464524236,0.5356385021626847
25639,LOF,0.005160504812910764,0.4844446864039528,0.5103948087831365
25640,GOF,0.38145491756093364,0.5784599790137257,0.04008510342534076
25641,LOF,0.006116576452026708,0.34045082354135003,0.6534326000066233
25642,LOF,0.28277076445395144,0.0958825634545257,0.6213466720915228
25643,LOF,0.2242535298201418,0.353016084725319,0.4227303854545393
25644,GOF,0.02862225985693833,0.6802876183410373,0.29109012180202426
25645,GOF,0.021950419683668378,0.6235515406043987,0.35449803971193294
25646,LOF,0.024583823823299916,0.4390761556326335,0.5363400205440666
25647,LOF,0.0188778971827819,0.32013595105811726,0.6609861517591008
25648,LOF,0.01615869842797703,0.36977518591623504,0.6140661156557881
25649,LOF,0.015823179625819528,0.2611086226681585,0.7230681977060219
25650,GOF,0.04542183307523091,0.6417385316018491,0.31283963532292
25651,LOF,0.012978024865325634,0.3082373062423698,0.6787846688923046
25652,LOF,0.023587075241471852,0.35466126278844334,0.6217516619700849
25653,GOF,0.0973326560576138,0.5847404145479193,0.3179269293944669
25654,LOF,0.016026234436770134,0.3972021663075329,0.5867715992556969
25655,GOF,0.1384863462065267,0.5171996832170436,0.34431397057642965
25656,LOF,0.05175065795496402,0.09485800662098179,0.8533913354240542
25657,LOF,0.28680600507938075,0.03943650637932909,0.6737574885412901
25658,LOF,0.031542259686725575,0.19022371292178455,0.7782340273914898
25659,LOF,0.2009813119261296,0.09188997371238458,0.7071287143614858
25660,LOF,0.10148839577704202,0.09961763898590921,0.7988939652370489
25661,LOF,0.08480601840970438,0.06858939182000394,0.8466045897702917
25662,LOF,0.03578417855487164,0.046982244348990405,0.917233577096138
25663,LOF,0.04408656050218467,0.07743836831245708,0.8784750711853582
25664,LOF,0.030795111587814908,0.15319153505571992,0.8160133533564652
25665,LOF,0.04591108087785248,0.05816890124918851,0.895920017872959
25666,LOF,0.044694538642601186,0.18312614233762953,0.7721793190197693
25667,LOF,0.03663895985498194,0.06373223829218252,0.8996288018528357
25668,LOF,0.04878744784312719,0.053342912947636295,0.8978696392092366
25669,LOF,0.059404752594425174,0.10112867170849892,0.839466575697076
25670,LOF,0.1240662954326019,0.11111118935068776,0.7648225152167103
25671,LOF,0.04430623560046208,0.054151416295675166,0.9015423481038627
25672,LOF,0.04500961069627925,0.07971717506377528,0.8752732142399454
25673,LOF,0.035585935991958514,0.08825817791492571,0.8761558860931157
25674,LOF,0.02497467648223569,0.10113458151752529,0.873890742000239
25675,LOF,0.03730561739725141,0.08865566117868695,0.8740387214240616
25676,LOF,0.03459547451567245,0.0705643469023708,0.8948401785819567
25677,LOF,0.09073225506700722,0.05560854577853198,0.8536591991544608
25678,LOF,0.16721704452880515,0.04722929790255809,0.7855536575686367
25679,LOF,0.11140390013172989,0.06826319617476413,0.8203329036935059
25680,LOF,0.0936161913329467,0.08709653816083554,0.8192872705062176
25681,LOF,0.11469541802501752,0.07822110080962742,0.8070834811653551
25682,LOF,0.05515320895934266,0.0661230595559048,0.8787237314847526
25683,LOF,0.07416983241913411,0.1095275888482123,0.8163025787326535
25684,LOF,0.07156870763644096,0.08116182950335984,0.8472694628601991
25685,LOF,0.1129166313874972,0.05199382641508985,0.8350895421974129
25686,LOF,0.03379455773555758,0.13693794807975218,0.8292674941846901
25687,LOF,0.057942261554469326,0.10925354842445553,0.8328041900210752
25688,LOF,0.018578580472953167,0.08122957360315053,0.9001918459238962
25689,LOF,0.016357679961262698,0.04823147543255167,0.9354108446061856
25690,LOF,0.015649146040681503,0.061357592870635205,0.9229932610886832
25691,LOF,0.13267770181378752,0.0901512403419658,0.7771710578442466
25692,LOF,0.177890057360009,0.012516261718657903,0.809593680921333
25693,LOF,0.0440185232319375,0.16054066695639005,0.7954408098116724
25694,LOF,0.2833976449098589,0.012127713475339894,0.7044746416148012
25695,LOF,0.20806056573284407,0.01790169964527483,0.7740377346218811
25696,LOF,0.15176599961035755,0.01622373339609299,0.8320102669935494
25697,LOF,0.12338923780565389,0.04028700536900414,0.836323756825342
25698,LOF,0.021384971462317135,0.30757911023527396,0.6710359183024089
25699,LOF,0.10144830151940307,0.09514267241090016,0.8034090260696968
25700,LOF,0.03382047027417769,0.017000223087482044,0.9491793066383402
25701,LOF,0.01628419559957073,0.10564554780842043,0.8780702565920088
25702,GOF,0.024139772656939142,0.7566614413979666,0.21919878594509415
25703,LOF,0.017567387305839045,0.2086824703080031,0.7737501423861579
25704,LOF,0.10934227292341236,0.20512974276866472,0.6855279843079229
25705,LOF,0.0888603039057945,0.3010439250799195,0.610095771014286
25706,GOF,0.022641453979325026,0.6952775291551623,0.2820810168655127
25707,GOF,0.029727516027089316,0.6567072748685647,0.31356520910434604
25708,GOF,0.01049291147562163,0.6336236295627119,0.35588345896166657
25709,LOF,0.027190307599972992,0.10024592646173743,0.8725637659382895
25710,LOF,0.005496466679826463,0.2631138238021597,0.7313897095180137
25711,LOF,0.029863191283668666,0.16102655865805915,0.8091102500582722
25712,LOF,0.0073165246531618116,0.3128302256383609,0.6798532497084774
25713,LOF,0.025023927488533368,0.13604960514493888,0.8389264673665277
25714,LOF,0.028090452162008086,0.17120089518773138,0.8007086526502605
25715,LOF,0.02943058681938577,0.15136069319740855,0.8192087199832058
25716,LOF,0.008248254738264701,0.20618227658840158,0.7855694686733338
25717,LOF,0.006426792662614432,0.21669898737357363,0.7768742199638119
25718,LOF,0.02760568413357917,0.12604072868107277,0.8463535871853479
25719,LOF,0.03708731255275546,0.14451069834464178,0.8184019891026029
25720,LOF,0.04047745518494662,0.13799975675072976,0.8215227880643236
25721,LOF,0.030076493799335958,0.11993859099950717,0.8499849152011569
25722,LOF,0.020831482077720204,0.17451625619855726,0.8046522617237225
25723,LOF,0.03063217403259302,0.12307408117962454,0.8462937447877824
25724,LOF,0.026860615173783756,0.2238744428667384,0.7492649419594778
25725,LOF,0.03071800310919414,0.11358290529255258,0.8556990915982533
25726,LOF,0.020986856232301124,0.1555615396887958,0.823451604078903
25727,LOF,0.026703162450174,0.16967772092710395,0.803619116622722
25728,LOF,0.02772710649953225,0.15009998317227155,0.8221729103281962
25729,LOF,0.027085175237194167,0.17640934904051908,0.7965054757222867
25730,LOF,0.031193893391224962,0.11516754762484809,0.8536385589839268
25731,LOF,0.010362008566142406,0.2516385609127033,0.7379994305211542
25732,LOF,0.023653772119367276,0.1281517466457082,0.8481944812349246
25733,LOF,0.03853947311767522,0.12261158703439996,0.8388489398479249
25734,LOF,0.0064015435888526186,0.33635584765387944,0.6572426087572678
25735,LOF,0.02485958817416522,0.10938168849878034,0.8657587233270545
25736,LOF,0.023715497192078133,0.18320857162014376,0.7930759311877782
25737,LOF,0.053738796036859174,0.15845530187399,0.7878059020891509
25738,LOF,0.02599263788339856,0.19667742793297718,0.7773299341836243
25739,LOF,0.03338567968299807,0.15171918751396266,0.8148951328030393
25740,LOF,0.03273779409384161,0.1588965689500077,0.8083656369561506
25741,LOF,0.039109197988343114,0.1465206807781522,0.8143701212335046
25742,LOF,0.05076173926944486,0.1528191126385884,0.7964191480919667
25743,LOF,0.011896360841439147,0.02266377852780139,0.9654398606307596
25744,LOF,0.22394427143626197,0.21846075635200732,0.5575949722117307
25745,LOF,0.039039243041586257,0.06257758943890424,0.8983831675195096
25746,LOF,0.01605588423268908,0.073489195342148,0.9104549204251629
25747,LOF,0.0388118389119729,0.024605752863644494,0.9365824082243827
25748,LOF,0.2748044671197921,0.039648031714175934,0.6855475011660319
25749,LOF,0.01614509698832155,0.048791569218495194,0.9350633337931833
25750,LOF,0.021421385578007275,0.05015510589094347,0.9284235085310493
25751,LOF,0.04059850442163552,0.03996052554717495,0.9194409700311895
25752,GOF,0.06996655525263328,0.746945647458722,0.18308779728864474
25753,LOF,0.006797937650517614,0.4528135770146528,0.5403884853348295
25754,GOF,0.006948586162112091,0.8880227269705996,0.10502868686728845
25755,LOF,0.006779280059169511,0.4944027941044409,0.4988179258363897
25756,LOF,0.02444120912086708,0.47650577749721645,0.4990530133819163
25757,GOF,0.0076179745783663995,0.8779293951861624,0.11445263023547114
25758,GOF,0.00858867374216438,0.8943450985635558,0.09706622769427982
25759,GOF,0.005527424275502185,0.691475376543645,0.3029971991808527
25760,LOF,0.005711416913036867,0.36551279933724823,0.6287757837497149
25761,GOF,0.04561683172536636,0.8679609082068427,0.08642226006779097
25762,LOF,0.02812104880800444,0.41123875649789426,0.5606401946941013
25763,LOF,0.0056914165815182775,0.3282581127448784,0.6660504706736033
25764,GOF,0.049596069993974035,0.6958243626995857,0.25457956730644027
25765,GOF,0.007704422904047449,0.8970524611180657,0.09524311597788676
25766,GOF,0.04574641018644743,0.849610667182327,0.10464292263122545
25767,GOF,0.020306799263522867,0.5498588807076498,0.4298343200288275
25768,LOF,0.048746208613539635,0.05079757353236031,0.9004562178541
25769,LOF,0.036918085096990794,0.07899430570203249,0.8840876092009766
25770,LOF,0.20109226881307846,0.08039868115052405,0.7185090500363974
25771,LOF,0.0190147207607506,0.07494198700677113,0.9060432922324783
25772,LOF,0.030502127205288342,0.02940314619764338,0.9400947265970684
25773,LOF,0.021149944712933223,0.08238684178877628,0.8964632134982905
25774,LOF,0.02699264674157333,0.13976950114450287,0.8332378521139238
25775,LOF,0.022254823694380605,0.043179703011720486,0.9345654732938988
25776,LOF,0.03230929214407391,0.02434108480493717,0.9433496230509888
25777,LOF,0.30086047765090645,0.09419650875666297,0.6049430135924305
25778,LOF,0.02833756152332787,0.04891954216739235,0.9227428963092797
25779,GOF,0.07842160702534097,0.841800950229874,0.07977744274478507
25780,GOF,0.09429003809105217,0.843433721467609,0.06227624044133898
25781,GOF,0.040210066103570065,0.8176645811110752,0.14212535278535476
25782,GOF,0.046669377022888536,0.8775448743092205,0.07578574866789103
25783,GOF,0.041926610867484074,0.8926415938002404,0.06543179533227536
25784,GOF,0.13553970292540665,0.8185196402918811,0.04594065678271224
25785,GOF,0.1450316914744319,0.8115596336664079,0.04340867485916012
25786,GOF,0.013416604638673295,0.8431659762199181,0.14341741914140868
25787,GOF,0.31078894800756196,0.64078941265635,0.048421639336087854
25788,LOF,0.020379346398974724,0.14852190643456345,0.8310987471664619
25789,GOF,0.022694453951358346,0.8416535934545136,0.13565195259412785
25790,GOF,0.04064484035265872,0.8490966670368104,0.11025849261053088
25791,GOF,0.03739958113969077,0.6867018271804164,0.2758985916798929
25792,GOF,0.04461372849081498,0.7418043731061843,0.2135818984030007
25793,GOF,0.06785114053990787,0.7856369677286726,0.1465118917314195
25794,GOF,0.0711303915587279,0.6968378426496691,0.23203176579160295
25795,GOF,0.06432695107328398,0.6731489682220391,0.26252408070467687
25796,GOF,0.15793215651130235,0.7405306104497453,0.10153723303895223
25797,GOF,0.12758044712678165,0.6726090021060281,0.19981055076719026
25798,GOF,0.008793904526005602,0.7735395063240824,0.21766658914991194
25799,GOF,0.005269085586690247,0.6551715226825466,0.33955939173076305
25800,GOF,0.03211142518694264,0.8140117823259917,0.15387679248706562
25801,GOF,0.029053651366748562,0.8743809239962317,0.09656542463701996
25802,GOF,0.03617137300096681,0.7504497041485839,0.21337892285044932
25803,GOF,0.02486764221301604,0.6759186181660832,0.29921373962090086
25804,GOF,0.041634241369028956,0.7275887506545204,0.23077700797645073
25805,GOF,0.03932711162891754,0.7651655329925383,0.1955073553785441
25806,GOF,0.051642877598998466,0.7753190212976514,0.17303810110335008
25807,GOF,0.016951259450720877,0.7234458386305191,0.25960290191876007
25808,GOF,0.029941302532849965,0.7317124009581847,0.23834629650896533
25809,GOF,0.01396918615873352,0.6746174008115763,0.3114134130296902
25810,GOF,0.012181110513436098,0.6648099573406194,0.3230089321459446
25811,GOF,0.06777010270658294,0.8341962433081763,0.0980336539852407
25812,GOF,0.036286260767959065,0.7275963484142711,0.2361173908177699
25813,GOF,0.19526535798703326,0.7070059249662008,0.09772871704676586
25814,GOF,0.03909040598770066,0.7493922044671194,0.21151738954517982
25815,GOF,0.07243150826538623,0.7866983247333029,0.140870167001311
25816,GOF,0.010961696969969764,0.841421745646886,0.14761655738314425
25817,GOF,0.13851749323333173,0.7259123157576718,0.13557019100899645
25818,GOF,0.032406363197224015,0.7471744090795432,0.22041922772323266
25819,GOF,0.059420429423782284,0.7168421117872594,0.22373745878895834
25820,GOF,0.06355128191461644,0.6814029552615287,0.2550457628238549
25821,GOF,0.04351079910391267,0.7284706515364054,0.228018549359682
25822,GOF,0.07954744761783934,0.6741703353468538,0.24628221703530692
25823,GOF,0.034198751073754405,0.6449741420599828,0.32082710686626287
25824,GOF,0.03570743170575222,0.7231060776274582,0.2411864906667896
25825,GOF,0.027317867441348655,0.7168322740291938,0.2558498585294576
25826,GOF,0.01270671510251332,0.6632550855290182,0.3240381993684685
25827,GOF,0.018811906038195474,0.6729680471141989,0.30822004684760573
25828,GOF,0.013459013193157754,0.7004351002967357,0.28610588651010654
25829,GOF,0.004858960484969385,0.6321080510676405,0.36303298844739007
25830,LOF,0.04302703517906039,0.4781380705142105,0.47883489430672915
25831,GOF,0.0724552946818412,0.7797856286137914,0.14775907670436744
25832,GOF,0.013118544819525962,0.700941723937061,0.28593973124341304
25833,GOF,0.047705110066459,0.7748068411687158,0.17748804876482518
25834,GOF,0.01334676085899707,0.7185835934562828,0.2680696456847202
25835,GOF,0.030688254212040397,0.7952527216601418,0.17405902412781765
25836,GOF,0.009311648669413718,0.7162591067025262,0.2744292446280601
25837,GOF,0.011150652069054983,0.727229774029213,0.26161957390173196
25838,GOF,0.027910383412519685,0.7988342197679662,0.17325539681951413
25839,GOF,0.07942452087855278,0.7473678795158308,0.17320759960561638
25840,GOF,0.11904403138807254,0.7219823857778264,0.1589735828341011
25841,GOF,0.11408525690533863,0.7616039094353894,0.12431083365927195
25842,GOF,0.03760173932734758,0.8419823584423034,0.12041590223034908
25843,GOF,0.037695206463419784,0.8494306231344996,0.11287417040208071
25844,GOF,0.027407800559118345,0.7830341296579804,0.18955806978290132
25845,GOF,0.007959894667296363,0.6729776622750019,0.3190624430577018
25846,GOF,0.07885719137520975,0.8037406269502332,0.11740218167455695
25847,GOF,0.018697192500071888,0.8500162355334091,0.1312865719665191
25848,GOF,0.030332187734487964,0.8012717454927295,0.16839606677278246
25849,GOF,0.008959969704644355,0.7624533064848488,0.22858672381050688
25850,GOF,0.007889195905827786,0.6816934024627241,0.31041740163144804
25851,GOF,0.007349540180273529,0.6322510076128011,0.3603994522069253
25852,GOF,0.1635145777266779,0.5302638775661422,0.3062215447071799
25853,GOF,0.07631597312561945,0.761270909271481,0.16241311760289961
25854,GOF,0.007603660073073016,0.6556063822253582,0.33678995770156894
25855,GOF,0.02737959043959005,0.6493641933637814,0.32325621619662853
25856,GOF,0.055909769514666856,0.71038922566453,0.23370100482080308
25857,GOF,0.02665746423054137,0.6395150452323168,0.3338274905371418
25858,GOF,0.01093004565853143,0.6026053807305,0.38646457361096864
25859,GOF,0.007976492295604192,0.5723792711118739,0.41964423659252187
25860,GOF,0.10148810900779143,0.7264469260816784,0.1720649649105302
25861,GOF,0.10578526055119647,0.7506930903119466,0.14352164913685675
25862,GOF,0.029112623547796878,0.860939281819886,0.10994809463231714
25863,GOF,0.028245711806784243,0.853144660173282,0.11860962801993363
25864,GOF,0.07112857393450267,0.8316288922513163,0.09724253381418109
25865,GOF,0.05706583733125081,0.804339467829715,0.13859469483903417
25866,GOF,0.02642414582073244,0.8160922923446174,0.15748356183465007
25867,GOF,0.042873985507396795,0.8229172475801518,0.13420876691245132
25868,GOF,0.09101979734655484,0.7210620396135325,0.18791816303991263
25869,GOF,0.4114533156299803,0.4802175585444947,0.10832912582552513
25870,GOF,0.08003598936243245,0.5166229877869286,0.4033410228506389
25871,GOF,0.010973779072344803,0.7997196045494055,0.18930661637824955
25872,GOF,0.026161470378600823,0.796828949068017,0.17700958055338217
25873,GOF,0.024192492288337714,0.8634265781357177,0.11238092957594478
25874,LOF,0.020166124377506516,0.17859433389788662,0.8012395417246068
25875,LOF,0.02374555085739782,0.11630963547599561,0.8599448136666065
25876,LOF,0.02217819223235461,0.06476120713432824,0.9130606006333172
25877,LOF,0.0939366992160488,0.21993637422738738,0.6861269265565639
25878,LOF,0.05928168752185853,0.2771497342339907,0.6635685782441508
25879,LOF,0.010789677694700212,0.20507644740620626,0.7841338748990936
25880,LOF,0.06001121760950452,0.02285744482171384,0.9171313375687816
25881,Neutral,0.5580830342492776,0.09092057177095707,0.3509963939797652
25882,LOF,0.0731823860100806,0.024253256050311155,0.9025643579396082
25883,LOF,0.03220548568744831,0.026475981853984396,0.9413185324585673
25884,LOF,0.022567811002387434,0.04272243546918747,0.934709753528425
25885,LOF,0.20163863796693596,0.01205093646524994,0.786310425567814
25886,LOF,0.25002570879251224,0.05302339722025281,0.6969508939872349
25887,LOF,0.08974939705257187,0.1392633511292512,0.770987251818177
25888,LOF,0.00855001402527921,0.18172593540357337,0.8097240505711475
25889,LOF,0.0306700953845134,0.03773513115878199,0.9315947734567045
25890,LOF,0.2001476927866793,0.07751889195699753,0.7223334152563232
25891,LOF,0.10916014369009198,0.032080487836628764,0.8587593684732793
25892,LOF,0.008909594201281094,0.030884544790440137,0.9602058610082788
25893,LOF,0.31609342981933497,0.009732761431474942,0.67417380874919
25894,LOF,0.3400022263312177,0.006956935334211539,0.6530408383345707
25895,LOF,0.29542198207706843,0.013334339824072807,0.6912436780988587
25896,LOF,0.08537762097764859,0.02882292639431654,0.8857994526280347
25897,LOF,0.1333506954446725,0.011184088294095453,0.855465216261232
25898,LOF,0.12067083667099432,0.028749597491677898,0.8505795658373279
25899,LOF,0.4303105274988896,0.03391071872388006,0.5357787537772304
25900,Neutral,0.6620072603143371,0.012761138992969538,0.3252316006926934
25901,LOF,0.10075934828468683,0.012562399868119809,0.8866782518471934
25902,LOF,0.11672766025164368,0.014432445084691858,0.8688398946636645
25903,LOF,0.19791475715517567,0.027544657368341583,0.7745405854764829
25904,Neutral,0.5546700440754034,0.043488832764285064,0.4018411231603114
25905,LOF,0.008406548583934501,0.3621469947283345,0.6294464566877309
25906,LOF,0.009404271504493173,0.06986457455876101,0.9207311539367458
25907,LOF,0.009688555136143924,0.23389941882071016,0.756412026043146
25908,LOF,0.009897011561934687,0.2273569450790307,0.7627460433590346
25909,LOF,0.030926788310091876,0.09419508098617714,0.874878130703731
25910,LOF,0.013016254358832148,0.14376268926642696,0.8432210563747409
25911,LOF,0.18638552893777668,0.025735257868661907,0.7878792131935612
25912,LOF,0.10204870435158214,0.020727601643925356,0.8772236940044925
25913,LOF,0.021099891580310344,0.03064466216338969,0.9482554462562999
25914,LOF,0.04422346363572535,0.02660738527513784,0.9291691510891368
25915,LOF,0.1598603392821397,0.19770749868452586,0.6424321620333345
25916,LOF,0.01315496294652648,0.09763931823973278,0.8892057188137407
25917,LOF,0.07058246431814637,0.028129460276572954,0.9012880754052806
25918,LOF,0.0427493173733245,0.014714517554384701,0.9425361650722908
25919,LOF,0.03502073531710855,0.015785675389945443,0.949193589292946
25920,LOF,0.3551139787003966,0.1455895017649721,0.49929651953463133
25921,LOF,0.0203499826401502,0.017718194083437354,0.9619318232764124
25922,LOF,0.01888990625426434,0.02017353550766719,0.9609365582380685
25923,LOF,0.4627518179255495,0.011879386994977764,0.5253687950794727
25924,LOF,0.029460985250724832,0.018446222521551866,0.9520927922277233
25925,LOF,0.11945969947755034,0.02640740183364093,0.8541328986888087
25926,LOF,0.09664182246155713,0.01967809142309077,0.8836800861153521
25927,LOF,0.027190211066375685,0.036367212873618306,0.9364425760600059
25928,LOF,0.014715457476213159,0.020438025663966932,0.9648465168598198
25929,Neutral,0.6022833452839854,0.011510343359121933,0.38620631135689276
25930,LOF,0.10667790622502737,0.010957203165592842,0.8823648906093797
25931,LOF,0.016806329604688874,0.01465994124051142,0.9685337291547996
25932,LOF,0.09980201106649585,0.013089209345448617,0.8871087795880556
25933,LOF,0.1035542505723962,0.008020083137626503,0.8884256662899774
25934,LOF,0.09841011840881497,0.007556423218611913,0.8940334583725732
25935,LOF,0.1213915259048841,0.021490330007065607,0.8571181440880503
25936,LOF,0.10552798793719918,0.008761782143685998,0.8857102299191149
25937,LOF,0.026076008626569485,0.015172845080130429,0.9587511462933002
25938,LOF,0.1204129580597812,0.019419381823600642,0.8601676601166182
25939,LOF,0.07208036176601101,0.011829570643745402,0.9160900675902437
25940,GOF,0.010976429940689082,0.5416877089804923,0.4473358610788185
25941,LOF,0.47768470908732324,0.04303980194442862,0.47927548896824823
25942,LOF,0.011881645740281235,0.046960571298991886,0.9411577829607268
25943,LOF,0.04993204259012769,0.1983223465169787,0.7517456108928937
25944,LOF,0.0571739247221086,0.09320471490079406,0.8496213603770975
25945,LOF,0.16910560462406704,0.027677516394961684,0.8032168789809714
25946,LOF,0.07875436369491186,0.04382635340237421,0.877419282902714
25947,Neutral,0.4900193820449165,0.1447057264419719,0.36527489151311154
25948,LOF,0.38757187845366625,0.01131513670962714,0.6011129848367067
25949,LOF,0.1349799955202024,0.06905271711699529,0.7959672873628024
25950,GOF,0.11669743911923641,0.6393988356556773,0.24390372522508622
25951,LOF,0.012363063586184754,0.46535883384802434,0.5222781025657909
25952,LOF,0.17571674051537642,0.3073519479082488,0.5169313115763748
25953,LOF,0.0077766777064671435,0.3282852835599337,0.663938038733599
25954,LOF,0.07079664862579078,0.4374688372019111,0.4917345141722981
25955,LOF,0.010749531123094166,0.25499708901402046,0.7342533798628853
25956,LOF,0.010326775768390929,0.37932209199518097,0.6103511322364281
25957,LOF,0.16428718253474714,0.04729761197529426,0.7884152054899586
25958,LOF,0.03053819687208602,0.0671754610298623,0.9022863420980517
25959,GOF,0.006725792501244061,0.7218191202707056,0.2714550872280503
25960,LOF,0.005093323596841979,0.11983746355354034,0.8750692128496177
25961,LOF,0.026147955298801123,0.052865627952365636,0.9209864167488333
25962,LOF,0.03595718045684261,0.09570142618496895,0.8683413933581884
25963,LOF,0.009497708416563165,0.14259382700754536,0.8479084645758914
25964,LOF,0.04225655107510012,0.11475662531793576,0.8429868236069641
25965,LOF,0.17162892664621052,0.1624716977071854,0.6658993756466041
25966,LOF,0.3033567498605118,0.11567269888053405,0.5809705512589541
25967,LOF,0.00614121289651151,0.11340650775082207,0.8804522793526665
25968,LOF,0.049568865106911976,0.2618570965434692,0.6885740383496187
25969,LOF,0.1509927584463206,0.07166682252795104,0.7773404190257284
25970,LOF,0.06446954478026226,0.054854303051853216,0.8806761521678844
25971,LOF,0.06976221595869127,0.029519907334166446,0.9007178767071423
25972,LOF,0.08023747895381166,0.04617009172872502,0.8735924293174634
25973,LOF,0.05693344915312262,0.010731377792423539,0.9323351730544539
25974,LOF,0.06290264372515941,0.03873023262010341,0.8983671236547373
25975,LOF,0.034377970037546855,0.014084971426858352,0.9515370585355948
25976,LOF,0.08778255963066342,0.010985276691729457,0.9012321636776071
25977,LOF,0.2314251197122175,0.04956581127736241,0.71900906901042
25978,LOF,0.14919575417297576,0.15659385897145184,0.6942103868555723
25979,LOF,0.12118332868875692,0.16231492169252035,0.7165017496187227
25980,LOF,0.19672066827603,0.2508103566912866,0.5524689750326834
25981,LOF,0.19725148609265164,0.2554514863842403,0.547297027523108
25982,LOF,0.3408387538944655,0.12787940230806316,0.5312818437974713
25983,LOF,0.4273888462944596,0.12785186786964398,0.44475928583589647
25984,LOF,0.07670414720737105,0.09386133170172631,0.8294345210909025
25985,Neutral,0.45053130347989806,0.13699107859730336,0.4124776179227985
25986,LOF,0.014353604435809126,0.44951494141744164,0.5361314541467492
25987,LOF,0.03994562269569938,0.10677290519934243,0.8532814721049582
25988,LOF,0.069620625568417,0.17075821907863056,0.7596211553529525
25989,LOF,0.08342309048776701,0.20396231580903007,0.7126145937032029
25990,LOF,0.05860466605759662,0.36623353999030056,0.5751617939521029
25991,GOF,0.02681973610016901,0.5344994866522262,0.43868077724760474
25992,LOF,0.012378704982605794,0.4455622642522268,0.5420590307651675
25993,LOF,0.018842935676073265,0.06811463486870108,0.9130424294552257
25994,LOF,0.025809821700577863,0.06889494593257861,0.9052952323668435
25995,LOF,0.01791470042541016,0.12029780355578865,0.8617874960188013
25996,GOF,0.3326853309134733,0.4082804725843233,0.25903419650220333
25997,GOF,0.05839484814387603,0.5050784087448389,0.4365267431112851
25998,LOF,0.2368838089578829,0.03735667345397144,0.7257595175881456
25999,LOF,0.026739333942689774,0.30798627323493827,0.665274392822372
26000,LOF,0.13039861029963787,0.013259224955780389,0.8563421647445818
26001,LOF,0.1537853289372301,0.020722557843314025,0.8254921132194559
26002,LOF,0.09457845131370625,0.02182539860758687,0.8835961500787068
26003,GOF,0.006753900201519047,0.5759472074724562,0.41729889232602474
26004,GOF,0.01590658026691236,0.5948358768343707,0.38925754289871684
26005,LOF,0.005023956467847918,0.46924171462056863,0.5257343289115834
26006,GOF,0.1089616581215474,0.4812652241710318,0.4097731177074207
26007,LOF,0.00980477914705602,0.46435257804464936,0.5258426428082946
26008,GOF,0.007101709306498846,0.5714841717490785,0.42141411894442266
26009,GOF,0.012107692882189608,0.6196348222837009,0.36825748483410947
26010,GOF,0.010249736509959853,0.5334031344505136,0.4563471290395266
26011,LOF,0.005792494836956554,0.40125199729256084,0.5929555078704826
26012,GOF,0.005427427877666755,0.500805868819085,0.49376670330324834
26013,GOF,0.01236508048344111,0.544165164243115,0.4434697552734438
26014,LOF,0.04918577285110132,0.08199804750419735,0.8688161796447014
26015,LOF,0.40277084077949504,0.020479929398065453,0.5767492298224395
26016,LOF,0.2686208628708985,0.028625883376778856,0.7027532537523227
26017,LOF,0.018061585257686103,0.11493067683529541,0.8670077379070185
26018,LOF,0.03458180753788371,0.05873334470653944,0.9066848477555769
26019,LOF,0.034139739759666,0.05170232784519885,0.9141579323951351
26020,LOF,0.006971553976225624,0.11040782445227094,0.8826206215715033
26021,LOF,0.08047213724882775,0.05338794334286371,0.8661399194083086
26022,LOF,0.03924580599409029,0.023428738800378938,0.9373254552055307
26023,LOF,0.025782150909351202,0.037092615027283476,0.9371252340633653
26024,LOF,0.055065199920176944,0.0404328362228817,0.9045019638569415
26025,LOF,0.13002369948208944,0.04407811280386044,0.8258981877140502
26026,LOF,0.11873623281238771,0.03220114581679129,0.8490626213708211
26027,LOF,0.03352726443527929,0.022304398996398172,0.9441683365683224
26028,LOF,0.06621167880899416,0.18955246122768982,0.7442358599633161
26029,LOF,0.027831579857288364,0.19807292525057463,0.7740954948921369
26030,LOF,0.11006312047541973,0.025512395944926745,0.8644244835796535
26031,LOF,0.012352298196919497,0.17512423953499384,0.8125234622680867
26032,LOF,0.036774376884188234,0.04827612591726666,0.914949497198545
26033,LOF,0.03742348212675007,0.05013366659749419,0.9124428512757558
26034,LOF,0.017182276571501308,0.11930282363898931,0.8635148997895095
26035,LOF,0.011313146554334791,0.12467790901323743,0.8640089444324278
26036,LOF,0.010826203619756383,0.10145339041453,0.8877204059657137
26037,LOF,0.01081138518864755,0.1095077406276251,0.8796808741837274
26038,LOF,0.031985241640364016,0.04351792831650869,0.9244968300431272
26039,LOF,0.028436792475687683,0.1490257174652826,0.8225374900590298
26040,LOF,0.08105860534594618,0.13829949923271645,0.7806418954213373
26041,LOF,0.013018673957963977,0.11337655932664828,0.8736047667153878
26042,LOF,0.012290032485177202,0.11973494432890461,0.8679750231859181
26043,LOF,0.03354374867752724,0.0753444183701553,0.8911118329523176
26044,LOF,0.0073013742027602385,0.062485960556789955,0.9302126652404498
26045,LOF,0.08634200502226663,0.22593831194892824,0.6877196830288052
26046,LOF,0.02891412624425813,0.05109596855558976,0.9199899052001521
26047,LOF,0.06320419479925476,0.050980391800602355,0.8858154134001428
26048,LOF,0.08475409993896289,0.02459474586991457,0.8906511541911226
26049,Neutral,0.9454597372408099,0.00728910359776438,0.047251159161425825
26050,Neutral,0.9099433734732328,0.008399887547907195,0.0816567389788599
26051,LOF,0.028505026954561887,0.3215980586523344,0.6498969143931036
26052,LOF,0.025393925360810927,0.23838174772040557,0.7362243269187835
26053,LOF,0.019475339014133446,0.17953649072835798,0.8009881702575087
26054,LOF,0.05738263096083465,0.04588829822945794,0.8967290708097073
26055,LOF,0.07982436191229847,0.039230939199794174,0.8809446988879074
26056,LOF,0.06545174805673071,0.04722925358329488,0.8873189983599743
26057,LOF,0.062052484630212235,0.02912351865430047,0.9088239967154874
26058,LOF,0.06879659453214708,0.023103546175796914,0.9080998592920559
26059,LOF,0.20882898554808194,0.05770350848612039,0.7334675059657977
26060,LOF,0.013398420161578144,0.2169563766001844,0.7696452032382374
26061,LOF,0.011309617963294574,0.01768795620874973,0.9710024258279557
26062,LOF,0.005941125727127485,0.02638918022112847,0.9676696940517441
26063,LOF,0.0527112875932173,0.01664655197754238,0.9306421604292403
26064,LOF,0.015522390014644992,0.024654970194737946,0.959822639790617
26065,LOF,0.0728562741896646,0.026202175706587654,0.9009415501037479
26066,LOF,0.050875491054806286,0.018414293710409407,0.9307102152347843
26067,LOF,0.05862505469096498,0.015294622614911555,0.9260803226941234
26068,LOF,0.05544009191115165,0.03795241575266,0.9066074923361884
26069,LOF,0.1782945274592202,0.03255308289553515,0.7891523896452446
26070,LOF,0.3817861830389026,0.019362770459126245,0.5988510465019711
26071,LOF,0.05489287248971136,0.018379529079980174,0.9267275984303084
26072,LOF,0.006815030578574163,0.030776846537675026,0.9624081228837509
26073,LOF,0.044921767453574755,0.02239773041329719,0.932680502133128
26074,Neutral,0.6614095405260577,0.012897498945986987,0.32569296052795527
26075,LOF,0.045504522491083686,0.029434896344218656,0.9250605811646976
26076,LOF,0.04553202303870777,0.021107639917100095,0.9333603370441921
26077,LOF,0.15569043515270387,0.015233321943723323,0.8290762429035728
26078,LOF,0.006059355459887854,0.03266702007563557,0.9612736244644766
26079,LOF,0.05977819275629291,0.03002181338326627,0.9101999938604408
26080,LOF,0.0591145056913148,0.0302797934708544,0.9106057008378308
26081,LOF,0.04903363474384557,0.0171087707596167,0.9338575944965377
26082,LOF,0.0068243467848375485,0.028894653209166343,0.964281000005996
26083,LOF,0.11143844464380784,0.031056683049259553,0.8575048723069326
26084,LOF,0.125795251549423,0.02543487709376236,0.8487698713568147
26085,LOF,0.11622504852419109,0.021277769164965644,0.8624971823108433
26086,LOF,0.04003236647840372,0.024006719866502563,0.9359609136550938
26087,LOF,0.04569772224312571,0.023391203977680408,0.9309110737791938
26088,LOF,0.006556140958768131,0.05463488901905554,0.9388089700221762
26089,LOF,0.04239688613219178,0.03993683671471106,0.9176662771530972
26090,LOF,0.04180917400451914,0.036071080559758696,0.9221197454357221
26091,LOF,0.033012905840528774,0.01605690735380371,0.9509301868056674
26092,LOF,0.04796539799828456,0.01433623125480024,0.9376983707469153
26093,LOF,0.06969669758388998,0.010447703003008547,0.9198555994131016
26094,LOF,0.03991803902195605,0.013314318052928202,0.9467676429251158
26095,LOF,0.011963869020767685,0.03184388957961184,0.9561922413996206
26096,LOF,0.2479895144256632,0.007154091140883066,0.7448563944334536
26097,LOF,0.006314878589220274,0.07397391837453499,0.9197112030362449
26098,LOF,0.05339298938080127,0.027530319526154326,0.9190766910930444
26099,LOF,0.04243827068431871,0.03417799810606798,0.9233837312096133
26100,LOF,0.04243827068431871,0.03417799810606798,0.9233837312096133
26101,LOF,0.04696055502064553,0.05567922111652076,0.8973602238628338
26102,LOF,0.04060918260625392,0.025728846892474965,0.9336619705012711
26103,Neutral,0.8945430199131011,0.03729230296111695,0.06816467712578196
26104,LOF,0.05361223994906498,0.059722262090867576,0.8866654979600673
26105,LOF,0.2549985310557678,0.09351950728671955,0.6514819616575126
26106,LOF,0.24545408563605667,0.04235380552733917,0.7121921088366042
26107,LOF,0.01555361436747673,0.06393818994295238,0.9205081956895709
26108,LOF,0.15806174473365867,0.04715520760671947,0.7947830476596218
26109,LOF,0.058994783687747444,0.054865169816419576,0.886140046495833
26110,LOF,0.4178870638222814,0.010600473759392458,0.5715124624183262
26111,LOF,0.07111861959662337,0.06174991294998081,0.867131467453396
26112,LOF,0.07239755835957082,0.010938960222619335,0.9166634814178098
26113,LOF,0.11394064770849094,0.028702717673239862,0.8573566346182692
26114,LOF,0.09527563343156059,0.00752011294060575,0.8972042536278336
26115,LOF,0.01935259401566337,0.06188456324807346,0.9187628427362631
26116,LOF,0.08101328352936293,0.0224324365302876,0.8965542799403495
26117,LOF,0.3675694110286784,0.04269416651136251,0.589736422459959
26118,LOF,0.03764710217327345,0.020442821769447134,0.9419100760572793
26119,LOF,0.006486060082720337,0.0797533065295406,0.9137606333877392
26120,LOF,0.03336521027583358,0.017612526496121456,0.949022263228045
26121,LOF,0.004483304444768029,0.1107265588512992,0.8847901367039327
26122,LOF,0.005524971462889745,0.08880010493838729,0.905674923598723
