feature0,prediction,LoGoFunc_Neutral,LoGoFunc_GOF,LoGoFunc_LOF
25546,Neutral,0.6644895850451641,0.06451992317232953,0.27099049178250634
25547,LOF,0.3216057245628093,0.28107894669460926,0.39731532874258146
25548,LOF,0.28136262644552,0.16759761254650557,0.5510397610079744
25549,LOF,0.19719576611832035,0.2006442581971677,0.602159975684512
25550,Neutral,0.6091164998756914,0.0681509724930539,0.32273252763125476
25551,Neutral,0.47176900425663015,0.06671722596036775,0.4615137697830021
25552,LOF,0.09712815463292282,0.15506462255514625,0.7478072228119309
25553,Neutral,0.47131083292760073,0.07060807970679592,0.4580810873656034
25554,LOF,0.13583133959079632,0.2455307038071144,0.6186379566020893
25555,LOF,0.09811121919051191,0.13794221935775838,0.7639465614517298
25556,LOF,0.15972909044019387,0.19069801063620034,0.6495728989236057
25557,LOF,0.08536074941767688,0.14527577554959814,0.769363475032725
25558,LOF,0.15921616047475165,0.18659925732613247,0.6541845821991159
25559,Neutral,0.46253681203945635,0.13945917659180018,0.39800401136874347
25560,LOF,0.05668540488490325,0.26365746346737623,0.6796571316477206
25561,LOF,0.10647836929962716,0.2538644845871164,0.6396571461132564
25562,LOF,0.36656828775585243,0.07539711296780019,0.5580345992763474
25563,Neutral,0.5154166163821147,0.08115086749424714,0.4034325161236381
25564,LOF,0.052536354839321814,0.24546132380681715,0.7020023213538611
25565,LOF,0.13173405417749226,0.348465788562396,0.5198001572601116
25566,GOF,0.04203907320023156,0.5218477845994763,0.4361131422002922
25567,LOF,0.32803137239230373,0.10710331855974954,0.5648653090479466
25568,Neutral,0.7024167780917949,0.07313868741322505,0.22444453449498006
25569,Neutral,0.6856235751149381,0.05438322022062223,0.25999320466443976
25570,LOF,0.0575690398096315,0.3068736047393446,0.6355573554510239
25571,LOF,0.06459406102649574,0.2543581849727656,0.6810477540007387
25572,Neutral,0.36907834638975595,0.27123155078845834,0.3596901028217858
25573,LOF,0.3853650217337617,0.08945198415988967,0.5251829941063487
25574,GOF,0.09223000979431727,0.4780399314070617,0.42973005879862114
25575,LOF,0.07381412056104167,0.07030248561008044,0.855883393828878
25576,LOF,0.2678684909077372,0.047142183758634944,0.6849893253336279
25577,LOF,0.38519556409943856,0.08617447846406599,0.5286299574364954
25578,Neutral,0.4432283933527854,0.200766420246635,0.3560051864005796
25579,Neutral,0.4432283933527854,0.200766420246635,0.3560051864005796
25580,LOF,0.05114637892581646,0.11290614853746193,0.8359474725367216
25581,Neutral,0.7111872743975758,0.055043716765828435,0.23376900883659577
25582,Neutral,0.7111872743975758,0.055043716765828435,0.23376900883659577
25583,LOF,0.054494888572343234,0.1328779954078665,0.8126271160197902
25584,LOF,0.34708659776898226,0.2747701296882567,0.37814327254276103
25585,LOF,0.300080108848357,0.07035652573806767,0.6295633654135753
25586,LOF,0.06339624102722786,0.15612664092526127,0.7804771180475107
25587,LOF,0.053204610610946085,0.1411951914641221,0.8056001979249318
25588,LOF,0.051686917428240164,0.20610613873822423,0.7422069438335356
25589,Neutral,0.6341641260923679,0.24365825664932336,0.12217761725830877
25590,LOF,0.29329293160007847,0.17100117165058146,0.5357058967493401
25591,Neutral,0.6827531173862528,0.07577483891611975,0.24147204369762754
25592,LOF,0.05262269839588121,0.11287139353484131,0.8345059080692774
25593,GOF,0.04718423879271793,0.6576259174688035,0.2951898437384785
25594,Neutral,0.709870127510176,0.046942598300514025,0.24318727418931013
25595,Neutral,0.6900867770807452,0.058110061511883034,0.25180316140737186
25596,Neutral,0.5372287421339759,0.1135920446916471,0.349179213174377
25597,Neutral,0.47966284520232166,0.10966607279663489,0.4106710820010434
25598,Neutral,0.7443980129011146,0.04467740522349678,0.21092458187538854
25599,GOF,0.038396035815534045,0.7227385782414011,0.2388653859430648
25600,GOF,0.0445904038048285,0.5755588052166591,0.3798507909785123
25601,GOF,0.03620054059706796,0.5074975088438484,0.45630195055908374
25602,LOF,0.38776286151928824,0.039429916739484004,0.5728072217412278
25603,LOF,0.0826368555521877,0.2307645227811265,0.6865986216666858
25604,Neutral,0.48106619409787044,0.16744274832393224,0.3514910575781973
25605,LOF,0.019631742927930018,0.3225027108988086,0.6578655461732614
25606,LOF,0.024888192587255515,0.481991845137988,0.4931199622747565
25607,LOF,0.03844995137042164,0.20425307908433796,0.7572969695452404
25608,LOF,0.30525003313947024,0.18281779807397958,0.5119321687865502
25609,LOF,0.1606944173809493,0.14364437798600008,0.6956612046330506
25610,LOF,0.07794739975226882,0.10309463316409206,0.8189579670836391
25611,LOF,0.05058617102330847,0.1603058890375208,0.7891079399391707
25612,Neutral,0.6579984585252537,0.06645117306982003,0.2755503684049261
25613,Neutral,0.626421591007258,0.0630466859334122,0.3105317230593299
25614,LOF,0.05702853952745378,0.15003909753149203,0.7929323629410542
25615,LOF,0.3231564404907056,0.1268858193757944,0.5499577401335001
25616,LOF,0.05108981391762011,0.35117486975581075,0.5977353163265692
25617,LOF,0.06098974388956736,0.09069147093685082,0.8483187851735818
25618,LOF,0.06053980699254754,0.22343876395222664,0.7160214290552259
25619,LOF,0.05520608437142948,0.17842371157051706,0.7663702040580533
25620,LOF,0.048680951511992525,0.2731918597889463,0.6781271886990612
25621,LOF,0.4289945086884506,0.05374808982657435,0.517257401484975
25622,LOF,0.40577019375446755,0.11252331134583202,0.4817064948997004
25623,LOF,0.40626377360815635,0.10742962086148293,0.4863066055303607
25624,LOF,0.05402638242098282,0.26648217271095564,0.6794914448680615
25625,LOF,0.4022530823264029,0.08824714533594041,0.5094997723376566
25626,Neutral,0.6509096647248228,0.05733483092130938,0.2917555043538678
25627,GOF,0.02757647282485692,0.5466184349898967,0.4258050921852463
25628,LOF,0.32855817547853106,0.1379324779407582,0.5335093465807108
25629,Neutral,0.6910268241959134,0.05860607784786932,0.2503670979562172
25630,LOF,0.05626866840115642,0.37613198119443625,0.5675993504044073
25631,Neutral,0.505919549044952,0.2586733062581812,0.2354071446968669
25632,LOF,0.40131767397974594,0.03605540671957923,0.5626269193006749
25633,LOF,0.2653554891852722,0.36035865293452124,0.3742858578802066
25634,Neutral,0.6969078092007464,0.07393628295245137,0.2291559078468024
25635,LOF,0.05727835512919411,0.10343460064012248,0.8392870442306833
25636,GOF,0.08254030199503297,0.5821112205913205,0.3353484774136466
25637,GOF,0.056739462053543896,0.5253746464767535,0.4178858914697027
25638,GOF,0.03049635695565635,0.7319232588318347,0.23758038421250902
25639,GOF,0.04159147123236765,0.5048304589792004,0.45357806978843207
25640,GOF,0.11443010074939382,0.7925138847343587,0.09305601451624748
25641,GOF,0.06007236230449177,0.4733353586867937,0.4665922790087145
25642,Neutral,0.5867151597295166,0.18306232395557295,0.23022251631491045
25643,LOF,0.41297237161166495,0.0488644854462174,0.5381631429421176
25644,GOF,0.05839982747073417,0.6147001206516662,0.3269000518775996
25645,GOF,0.025128886252164577,0.6692023255334291,0.3056687882144064
25646,GOF,0.028719440729235744,0.5677462353843254,0.40353432388643873
25647,GOF,0.04683655712788125,0.6351750939646208,0.317988348907498
25648,GOF,0.045921295917289294,0.7458870487648431,0.20819165531786768
25649,GOF,0.03752466349522749,0.7142448091403133,0.24823052736445927
25650,GOF,0.07080793118327051,0.5781878456005318,0.3510042232161976
25651,GOF,0.02649941313510313,0.5580019164019889,0.41549867046290795
25652,LOF,0.032402691742298866,0.40789107622787407,0.559706232029827
25653,GOF,0.09323842006011215,0.4554598334606978,0.45130174647919
25654,GOF,0.06934471091791491,0.5500709447566049,0.3805843443254802
25655,GOF,0.03804384616247456,0.7442536294705794,0.21770252436694604
25656,LOF,0.04347631005927597,0.2103170188513892,0.7462066710893348
25657,Neutral,0.5872731427955059,0.028552905120478717,0.38417395208401545
25658,LOF,0.04850474259293404,0.406888889260194,0.5446063681468719
25659,LOF,0.1612351621320643,0.2530957923623709,0.5856690455055648
25660,LOF,0.10037319126611026,0.25582827056234914,0.6437985381715405
25661,LOF,0.07380912741625832,0.10981993638375075,0.816370936199991
25662,LOF,0.05048121584415662,0.19258308376544606,0.7569357003903974
25663,LOF,0.07352395170867641,0.1514587515845602,0.7750172967067633
25664,LOF,0.2721543862858478,0.12773671085795862,0.6001089028561936
25665,Neutral,0.6141907606779218,0.07964099324216768,0.3061682460799105
25666,LOF,0.3434769608184272,0.06108557656141997,0.5954374626201528
25667,LOF,0.0508270438721914,0.117567890375385,0.8316050657524237
25668,LOF,0.05524527197901467,0.10166659374768336,0.8430881342733019
25669,LOF,0.05828802370081282,0.14184703117736647,0.7998649451218208
25670,LOF,0.41114320223104545,0.12804568351089105,0.4608111142580635
25671,LOF,0.05777132222350072,0.18026225669291224,0.7619664210835871
25672,Neutral,0.6277012139881741,0.0800055145197276,0.2922932714920983
25673,LOF,0.26129266546221447,0.1499238093396603,0.5887835251981253
25674,LOF,0.40493903121499364,0.11118469521928258,0.48387627356572377
25675,LOF,0.3565097613173475,0.1620370312181172,0.48145320746453524
25676,LOF,0.049669743250570615,0.18547249729794438,0.764857759451485
25677,LOF,0.04993117298410748,0.132896448529944,0.8171723784859486
25678,Neutral,0.4673831585220387,0.2055666814354124,0.32705016004254894
25679,Neutral,0.5946935835588459,0.09582331458934545,0.30948310185180855
25680,LOF,0.09987420081301264,0.2084679211998607,0.6916578779871266
25681,LOF,0.10331890530682486,0.22943667425095848,0.6672444204422167
25682,LOF,0.0708625270405191,0.22867098723249715,0.7004664857269838
25683,LOF,0.39533345333928116,0.1634775319742304,0.4411890146864883
25684,LOF,0.09109270775017468,0.2560472028768455,0.6528600893729798
25685,Neutral,0.45966002505134046,0.17046708822395487,0.36987288672470464
25686,GOF,0.05334433808729225,0.5958832067381107,0.350772455174597
25687,GOF,0.09629269140648648,0.5351041399203831,0.3686031686731305
25688,GOF,0.03170366310534929,0.5169668650645602,0.4513294718300905
25689,LOF,0.03531163479464216,0.3507323689057671,0.6139559962995907
25690,GOF,0.01663301796711384,0.5708625084598554,0.41250447357303077
25691,GOF,0.04481463237774739,0.4896324378522381,0.4655529297700145
25692,LOF,0.4508565132229176,0.08469013234108747,0.46445335443599495
25693,GOF,0.09506959356347257,0.6939848328734303,0.21094557356309718
25694,Neutral,0.49773357481763114,0.03978933562533884,0.46247708955703
25695,LOF,0.184205363869704,0.1136156509302492,0.7021789852000467
25696,Neutral,0.4639577676938512,0.14503818433818816,0.3910040479679607
25697,Neutral,0.436837627396235,0.15282034858676105,0.410342024017004
25698,GOF,0.0465254507225709,0.751235674476799,0.20223887480063016
25699,GOF,0.058839073618371436,0.6521139440424703,0.28904698233915826
25700,LOF,0.057290781241124786,0.09991276904711524,0.84279644971176
25701,LOF,0.04413478753611034,0.46407413101644585,0.4917910814474439
25702,GOF,0.1237142221817433,0.6905746240250807,0.18571115379317596
25703,LOF,0.38042283597392273,0.032512846381629656,0.5870643176444476
25704,LOF,0.05072669742551913,0.1805136726328216,0.7687596299416593
25705,LOF,0.09739999404607635,0.28107050464585004,0.6215295013080736
25706,GOF,0.044945828640945616,0.6552989478007174,0.29975522355833684
25707,LOF,0.0259119689875539,0.4714753082686376,0.5026127227438086
25708,LOF,0.03505611511581482,0.48049242965874833,0.4844514552254368
25709,LOF,0.05330809280310733,0.15828706911477858,0.7884048380821141
25710,Neutral,0.4202442730571032,0.17750186156278588,0.4022538653801109
25711,LOF,0.051436609761817624,0.2880701591488465,0.6604932310893359
25712,Neutral,0.607315729071528,0.0674450643573358,0.3252392065711363
25713,LOF,0.07783163469602437,0.17946412537659698,0.7427042399273787
25714,LOF,0.06770255985283558,0.380126549237859,0.5521708909093054
25715,LOF,0.048646731573417,0.29486703065032766,0.6564862377762554
25716,LOF,0.4235388845654404,0.15200729348182723,0.4244538219527324
25717,Neutral,0.5339208449739419,0.12653273960862976,0.3395464154174283
25718,LOF,0.061141910714638384,0.13546534195451376,0.8033927473308478
25719,LOF,0.05727950046375586,0.2621244956812523,0.680596003854992
25720,LOF,0.06336941707053038,0.13715757675107662,0.7994730061783931
25721,LOF,0.04962449733581313,0.10286727327915988,0.8475082293850269
25722,LOF,0.06930385074579694,0.12197090132138527,0.8087252479328179
25723,LOF,0.06299434549790875,0.25358181242628836,0.6834238420758029
25724,LOF,0.06356682989758883,0.2568175242937612,0.67961564580865
25725,LOF,0.08209141385841476,0.1502768841996834,0.7676317019419019
25726,LOF,0.054149463679123246,0.14708855500274226,0.7987619813181346
25727,LOF,0.06496909005591668,0.11210468991515789,0.8229262200289256
25728,LOF,0.05618366330479253,0.19310604149167715,0.7507102952035303
25729,LOF,0.05746008699849267,0.19066526882604312,0.7518746441754642
25730,LOF,0.04134520320944604,0.25890234999615136,0.6997524467944026
25731,LOF,0.2552089940438313,0.10935131554067104,0.6354396904154977
25732,LOF,0.08311171537275705,0.11691196358712248,0.7999763210401204
25733,LOF,0.0478592739581041,0.3118523032837823,0.6402884227581137
25734,LOF,0.2991171233250059,0.08207380432646662,0.6188090723485276
25735,LOF,0.042844297933750206,0.1589806855309759,0.7981750165352739
25736,LOF,0.04804324230044002,0.23597775345050942,0.7159790042490505
25737,LOF,0.053404954425918666,0.18499173455159384,0.7616033110224875
25738,LOF,0.05339761332673186,0.27597475431306084,0.6706276323602072
25739,LOF,0.054743695286097245,0.26696546734655735,0.6782908373673454
25740,LOF,0.08793515259848375,0.18285649635156956,0.7292083510499466
25741,LOF,0.08557880957048808,0.18784661994951082,0.7265745704800011
25742,LOF,0.10756810113245398,0.26779179893640814,0.6246400999311378
25743,LOF,0.2714184684985117,0.051388480113656564,0.6771930513878318
25744,GOF,0.07024905065500767,0.6483035380639743,0.281447411281018
25745,GOF,0.042687481273001135,0.7478193734782491,0.2094931452487497
25746,GOF,0.04871984936925765,0.6836718119045428,0.26760833872619944
25747,LOF,0.04798849857380957,0.11914181913796613,0.8328696822882243
25748,GOF,0.25314588408629896,0.3850557257810368,0.3617983901326642
25749,GOF,0.03460508559516124,0.709748625036185,0.25564628936865386
25750,GOF,0.04737948657435076,0.7085266268279792,0.24409388659766995
25751,LOF,0.05967758603788814,0.269002365552702,0.6713200484094098
25752,LOF,0.2843606850891437,0.3566932958214731,0.3589460190893833
25753,LOF,0.3007874385488651,0.08332817974817387,0.615884381702961
25754,GOF,0.03266727575892554,0.6636443804253049,0.3036883438157696
25755,LOF,0.24992145406597585,0.12611810095194245,0.6239604449820817
25756,Neutral,0.6748233576615982,0.06610853391710954,0.2590681084212923
25757,GOF,0.050583931318071595,0.6592657237620752,0.29015034491985325
25758,GOF,0.037901709527103006,0.6996318768764441,0.2624664135964529
25759,GOF,0.02809759270192605,0.6279204800489604,0.3439819272491137
25760,LOF,0.27027054076019563,0.10672531627114101,0.6230041429686634
25761,GOF,0.031114530486761032,0.6723632385615175,0.29652223095172164
25762,Neutral,0.6969078092007464,0.07393628295245137,0.2291559078468024
25763,LOF,0.28974076682360905,0.06129614550910837,0.6489630876672825
25764,GOF,0.2605909815165688,0.42392713744135263,0.31548188104207864
25765,GOF,0.029664665690939753,0.6710304733990181,0.2993048609100421
25766,GOF,0.055270243818516494,0.6558715167656981,0.2888582394157854
25767,GOF,0.03796961674916373,0.79732197288875,0.1647084103620862
25768,LOF,0.04995211566892215,0.2139297783826292,0.7361181059484486
25769,LOF,0.050242964091942045,0.26402023394620244,0.6857368019618555
25770,Neutral,0.6283705956709947,0.0634056444181552,0.30822375991085016
25771,LOF,0.31209336043794306,0.09596839048240709,0.5919382490796499
25772,LOF,0.07030419644953345,0.06468944968927312,0.8650063538611935
25773,LOF,0.41569393819506173,0.07406679496452807,0.5102392668404102
25774,Neutral,0.6699368257664021,0.08137352759769119,0.2486896466359066
25775,LOF,0.2683038652322966,0.04942257709705053,0.6822735576706529
25776,LOF,0.04237576583946028,0.1104317928473734,0.8471924413131663
25777,Neutral,0.6371121314819619,0.05205778806211758,0.3108300804559204
25778,LOF,0.06799926609641821,0.0952084485884077,0.8367922853151741
25779,GOF,0.09675710338179111,0.7014981376375795,0.20174475898062952
25780,GOF,0.0699256470730607,0.7662577088049923,0.16381664412194696
25781,GOF,0.07028054770793614,0.7675661373991791,0.16215331489288465
25782,GOF,0.05457074973791272,0.7302751939088261,0.21515405635326112
25783,GOF,0.07874722324501704,0.715128416341531,0.20612436041345195
25784,GOF,0.12690855493456987,0.6959661867434818,0.1771252583219484
25785,GOF,0.09869351932614333,0.6266588806864661,0.2746475999873905
25786,GOF,0.053518050924080955,0.6576761305932419,0.28880581848267706
25787,GOF,0.049057184203763704,0.5052389533672952,0.4457038624289412
25788,LOF,0.06266391925095195,0.13938827381108437,0.7979478069379636
25789,GOF,0.0676960214381472,0.7455015312522072,0.18680244730964554
25790,GOF,0.04994509508209941,0.7405138004288903,0.20954110448901045
25791,GOF,0.026666159418723526,0.68985413881527,0.2834797017660064
25792,GOF,0.02704939072391267,0.6816333792941737,0.2913172299819137
25793,GOF,0.02804539907654962,0.685959257854977,0.28599534306847335
25794,GOF,0.05333271436214853,0.7114182765516524,0.23524900908619917
25795,GOF,0.0963320235935801,0.7102377539320686,0.19343022247435143
25796,GOF,0.05647575454370324,0.6708505798677995,0.2726736655884972
25797,GOF,0.046445942430531635,0.703588597538425,0.24996546003104342
25798,GOF,0.05473867164962158,0.7928857440603534,0.15237558429002504
25799,GOF,0.08364895420986314,0.761006821754718,0.15534422403541887
25800,GOF,0.07609564389554999,0.7891377155056204,0.13476664059882965
25801,GOF,0.07103315688076557,0.7451526950356652,0.1838141480835693
25802,GOF,0.0896621191367221,0.7301249839353742,0.1802128969279037
25803,GOF,0.04611109418071577,0.7062047633678097,0.24768414245147452
25804,GOF,0.09299674920964822,0.6567591721725242,0.25024407861782766
25805,GOF,0.05366206370349773,0.7556256614645288,0.19071227483197348
25806,GOF,0.051098491101291915,0.7550597469329414,0.1938417619657666
25807,GOF,0.06705128935202083,0.6713626063139472,0.261586104334032
25808,GOF,0.06736667259116447,0.7533422449212152,0.17929108248762046
25809,GOF,0.05301871577189376,0.7818556080809088,0.16512567614719748
25810,GOF,0.049230714972661176,0.8032116861923515,0.14755759883498729
25811,GOF,0.05577376621447797,0.547325956409853,0.396900277375669
25812,GOF,0.04493157662338732,0.7955051600535156,0.1595632633230971
25813,GOF,0.052041983907145165,0.7657489258554478,0.18220909023740697
25814,GOF,0.06711753961993701,0.7862536206651438,0.14662883971491913
25815,GOF,0.04776798367192824,0.7351752695722362,0.21705674675583542
25816,GOF,0.05012672604047591,0.7792316747649746,0.17064159919454966
25817,GOF,0.03952997804264574,0.7790303245260336,0.18143969743132057
25818,GOF,0.03333770712078751,0.576988862834366,0.3896734300448466
25819,GOF,0.04248763104929394,0.7090112664641703,0.2485011024865357
25820,GOF,0.04503810027938504,0.6841921020027601,0.27076979771785487
25821,GOF,0.04563199292610745,0.6901770896723131,0.2641909174015794
25822,GOF,0.06264430341755416,0.650488122708909,0.28686757387353695
25823,GOF,0.13615771263596096,0.528251866169222,0.3355904211948171
25824,GOF,0.07011193920890875,0.6621499468462465,0.26773811394484465
25825,GOF,0.0665953898469262,0.6628027912613683,0.2706018188917055
25826,GOF,0.07011193920890875,0.6621499468462465,0.26773811394484465
25827,GOF,0.03906318738013036,0.7681225382825454,0.19281427433732423
25828,GOF,0.03751130118229722,0.7444745555848127,0.21801414323289015
25829,LOF,0.36388505028585094,0.037930472936787335,0.5981844767773618
25830,LOF,0.04516488567063252,0.2099267391043447,0.7449083752250227
25831,GOF,0.044478437772862596,0.6052542109119204,0.35026735131521697
25832,GOF,0.06754642438845188,0.7011382481953967,0.23131532741615132
25833,GOF,0.06407064897880924,0.7209398196619126,0.21498953135927834
25834,GOF,0.06259279086638685,0.6912537702476402,0.24615343888597294
25835,GOF,0.0796035464302435,0.6765356525179349,0.2438608010518216
25836,GOF,0.0743820703936802,0.6525417685462994,0.27307616106002025
25837,GOF,0.06395268732154397,0.6622490607068547,0.27379825197160124
25838,GOF,0.06437147986376872,0.6563811961464102,0.27924732398982116
25839,GOF,0.08519677682753464,0.594528025863287,0.32027519730917847
25840,GOF,0.055147273784563355,0.6566452120839898,0.2882075141314468
25841,GOF,0.05524003052598852,0.6365448166779214,0.30821515279609
25842,GOF,0.044046185201384175,0.6890288534993882,0.26692496129922744
25843,GOF,0.04494771997323898,0.680671088102443,0.274381191924318
25844,GOF,0.053857833829919155,0.6127138933918129,0.3334282727782679
25845,GOF,0.05672864579128902,0.62851832396074,0.314753030247971
25846,GOF,0.05284493799939426,0.6130688445159044,0.33408621748470135
25847,GOF,0.0590079029578,0.6184193241271265,0.32257277291507347
25848,GOF,0.05091612234188572,0.7373669343821134,0.21171694327600082
25849,GOF,0.04934432051625047,0.734999637367992,0.21565604211575756
25850,GOF,0.11937572907472419,0.6604728317916401,0.2201514391336357
25851,GOF,0.13105229835746637,0.6434159075361985,0.225531794106335
25852,GOF,0.13192520193834592,0.5410434946919743,0.3270313033696798
25853,GOF,0.06751972306728543,0.6739715059080098,0.2585087710247048
25854,GOF,0.04655487288587709,0.7705721452982198,0.18287298181590309
25855,GOF,0.06629546290255035,0.7289034658531663,0.20480107124428326
25856,GOF,0.07086684099223384,0.7166928615948638,0.21244029741290227
25857,GOF,0.07178126931214814,0.735430809125409,0.1927879215624429
25858,GOF,0.08820772948151218,0.6354125275364546,0.2763797429820332
25859,GOF,0.08704489058684511,0.6457359236500486,0.2672191857631064
25860,GOF,0.08248381680991877,0.5701518477463825,0.3473643354436987
25861,GOF,0.07382537736322879,0.6674851256769381,0.25868949695983295
25862,GOF,0.05451452767796998,0.6827188834658833,0.26276658885614684
25863,GOF,0.05463856504820698,0.7042293198176718,0.2411321151341211
25864,GOF,0.06240739614898109,0.7640770976717776,0.1735155061792413
25865,GOF,0.06661556203261144,0.7716509963758943,0.16173344159149422
25866,GOF,0.06211782130079778,0.7804750966369194,0.15740708206228277
25867,GOF,0.06277160024325452,0.7728823898764251,0.16434600988032036
25868,GOF,0.04760165731395684,0.6169403877081313,0.3354579549779118
25869,GOF,0.05831885774884723,0.7005834968327946,0.24109764541835807
25870,LOF,0.04671697889372872,0.2523920907788339,0.7008909303274373
25871,GOF,0.039650931221013166,0.7144480617277575,0.24590100705122936
25872,GOF,0.04984848575427624,0.5813353545864658,0.36881615965925796
25873,GOF,0.06964493570491062,0.6242486081533094,0.30610645614178
25874,LOF,0.07933455597846435,0.08013456460169684,0.8405308794198387
25875,GOF,0.07291565313209085,0.6984338402250664,0.2286505066428427
25876,Neutral,0.4938542426703452,0.06932251698415727,0.4368232403454977
25877,GOF,0.06516497691062771,0.6389834635033015,0.29585155958607084
25878,GOF,0.03974829337281594,0.7615260067967982,0.1987256998303858
25879,GOF,0.034923576202905295,0.5193758852441559,0.44570053855293884
25880,LOF,0.07648235558130383,0.10114103593898131,0.8223766084797147
25881,Neutral,0.6306552713019704,0.2727122974325648,0.09663243126546492
25882,LOF,0.33710912174335966,0.11394631659624122,0.5489445616603992
25883,LOF,0.0614629704904499,0.13049683412255517,0.8080401953869949
25884,LOF,0.38090580665048124,0.08102734122938149,0.5380668521201373
25885,Neutral,0.5039765680693807,0.01899301263942827,0.4770304192911909
25886,Neutral,0.4432283933527854,0.200766420246635,0.3560051864005796
25887,GOF,0.29484278666412705,0.5146065618820332,0.1905506514538398
25888,GOF,0.06465333272392389,0.5814374685200401,0.35390919875603605
25889,LOF,0.2364024603970434,0.11576139647400768,0.6478361431289489
25890,LOF,0.15328824074491026,0.3700961917521599,0.47661556750292977
25891,LOF,0.27967934204259093,0.3024826286374993,0.4178380293199099
25892,LOF,0.01405393982433608,0.44518722482071776,0.5407588353549462
25893,LOF,0.39003131771574073,0.13863220978201596,0.47133647250224325
25894,LOF,0.463791633939109,0.06426109734319568,0.47194726871769527
25895,LOF,0.4304749967087624,0.06488179046856368,0.504643212822674
25896,Neutral,0.6345725177741068,0.06526699689019402,0.3001604853356992
25897,LOF,0.2444310950218739,0.12741221725665414,0.6281566877214719
25898,GOF,0.05137115751668302,0.6900876681640036,0.25854117431931334
25899,LOF,0.2646584679614837,0.36209995487101587,0.37324157716750045
25900,Neutral,0.8099896917418298,0.05026493148795544,0.13974537677021479
25901,LOF,0.0643349307705889,0.11610583471790364,0.8195592345115074
25902,LOF,0.4146509122737978,0.11467412511823014,0.4706749626079721
25903,LOF,0.25661737511104127,0.2431358299465984,0.5002467949423604
25904,Neutral,0.4432283933527854,0.200766420246635,0.3560051864005796
25905,LOF,0.0723509459698388,0.3584280164835941,0.569221037546567
25906,LOF,0.3695818681211811,0.08053993184626401,0.5498782000325548
25907,GOF,0.037930605953646536,0.508154573617084,0.45391482042926934
25908,GOF,0.0427574012661614,0.5793497907696378,0.3778928079642009
25909,LOF,0.08365723896896297,0.3655578927054588,0.5507848683255782
25910,LOF,0.02820384552636089,0.44985836246152927,0.5219377920121098
25911,Neutral,0.6832385797830871,0.06647704238506244,0.2502843778318504
25912,Neutral,0.5340734144495456,0.022123721064254052,0.4438028644862002
25913,LOF,0.023806824147906924,0.46404121075071103,0.5121519651013821
25914,LOF,0.04806305699302564,0.28600653387937025,0.6659304091276042
25915,GOF,0.07995338795112115,0.655157260662679,0.2648893513861999
25916,GOF,0.09254393572856325,0.7562991867463139,0.15115687752512288
25917,Neutral,0.7529102604473906,0.05584768507897975,0.1912420544736296
25918,LOF,0.05461532330631238,0.19868386583929262,0.746700810854395
25919,LOF,0.04425058794878474,0.09108617427213601,0.8646632377790792
25920,LOF,0.3376708473331724,0.29398915852366364,0.36833999414316393
25921,LOF,0.2895299913521024,0.050940264889650096,0.6595297437582476
25922,LOF,0.2099230314592867,0.05306364588441813,0.7370133226562952
25923,Neutral,0.4432283933527854,0.200766420246635,0.3560051864005796
25924,LOF,0.2633733735973454,0.14842491755072124,0.5882017088519333
25925,Neutral,0.6273014259217883,0.07071156308516804,0.30198701099304376
25926,Neutral,0.6787768044833915,0.0832922960488816,0.23793089946772694
25927,LOF,0.02847153973929177,0.44900553749649136,0.522522922764217
25928,LOF,0.302695848361265,0.04163110772143677,0.6556730439172982
25929,Neutral,0.4432283933527854,0.200766420246635,0.3560051864005796
25930,LOF,0.04619579198168933,0.16899100902422753,0.7848131989940832
25931,LOF,0.3990363164762881,0.07845188307878338,0.5225118004449285
25932,LOF,0.0820289583348959,0.079502843369643,0.8384681982954612
25933,LOF,0.08178799659414702,0.08164090497833519,0.8365710984275178
25934,LOF,0.10176052229258699,0.11500014415728403,0.7832393335501289
25935,Neutral,0.6699368257664021,0.08137352759769119,0.2486896466359066
25936,LOF,0.06369610434872261,0.09806617004957127,0.8382377256017062
25937,LOF,0.335587925980181,0.2137156158998581,0.45069645811996095
25938,Neutral,0.6832385797830871,0.06647704238506244,0.2502843778318504
25939,LOF,0.055133411829412435,0.14137008617278513,0.8034965019978024
25940,GOF,0.06604007930486935,0.7800783334743185,0.15388158722081208
25941,Neutral,0.5359998742013369,0.12654330607620756,0.3374568197224556
25942,LOF,0.2016152237703808,0.12493001312185066,0.6734547631077685
25943,LOF,0.027179511309926505,0.4332211863336512,0.5395993023564223
25944,LOF,0.02099484949630118,0.4659377133933142,0.5130674371103846
25945,LOF,0.04037885326326284,0.14050885865998072,0.8191122880767564
25946,LOF,0.4639212068189465,0.06530753813229229,0.47077125504876133
25947,Neutral,0.6645374166612152,0.048441000817128585,0.28702158252165627
25948,Neutral,0.4819683423759969,0.07347957079319808,0.44455208683080505
25949,LOF,0.39589269398339494,0.09190191885982953,0.5122053871567755
25950,GOF,0.05960374600747269,0.6612502127933322,0.27914604119919517
25951,GOF,0.02639150353613754,0.7180017801614458,0.25560671630241677
25952,GOF,0.18037312269928416,0.41256686803832743,0.4070600092623884
25953,LOF,0.04389483878050244,0.313035488557729,0.6430696726617686
25954,GOF,0.06101919984026827,0.6672813631918612,0.27169943696787063
25955,GOF,0.025581809808784585,0.5328974140542074,0.4415207761370081
25956,GOF,0.041610098297235935,0.5805934512232436,0.37779645047952043
25957,Neutral,0.6243571493303125,0.059640224023835946,0.3160026266458516
25958,LOF,0.07949718175933401,0.15474635467694173,0.7657564635637242
25959,GOF,0.021969197265070052,0.5060219237705952,0.4720088789643347
25960,LOF,0.2486953628229521,0.12057853625392881,0.6307261009231191
25961,LOF,0.0439373682111094,0.38857905164915985,0.5674835801397308
25962,LOF,0.423885372997587,0.055385048845490004,0.5207295781569229
25963,GOF,0.042283558059671024,0.5992352026421511,0.3584812392981779
25964,LOF,0.07204054340373642,0.35858612765087977,0.5693733289453838
25965,GOF,0.14498335411029717,0.5263951434020991,0.32862150248760374
25966,Neutral,0.4432283933527854,0.200766420246635,0.3560051864005796
25967,LOF,0.3167890422796344,0.0978402544173633,0.5853707033030023
25968,GOF,0.24912984172117858,0.52057805572476,0.23029210255406143
25969,Neutral,0.5810285598672575,0.03201007460262988,0.3869613655301126
25970,LOF,0.3731410551625272,0.2220513858108365,0.4048075590266362
25971,LOF,0.11671667901410702,0.19802380526591398,0.685259515719979
25972,LOF,0.1479019691417544,0.13271082773238285,0.7193872031258628
25973,LOF,0.4145118404121495,0.021383615086794948,0.5641045445010555
25974,GOF,0.06722064729412942,0.503129422814459,0.4296499298914115
25975,LOF,0.06132931547018855,0.032228170109310644,0.9064425144205009
25976,LOF,0.4183084659616167,0.008889504222488659,0.5728020298158947
25977,Neutral,0.5734657469049239,0.06351914042454565,0.3630151126705305
25978,LOF,0.16017643190294947,0.1855937712481014,0.6542297968489491
25979,LOF,0.09041114705751799,0.16917615392522883,0.7404126990172532
25980,LOF,0.20943573689604442,0.3680468186080981,0.4225174444958575
25981,GOF,0.21812855671023565,0.4378541971564064,0.34401724613335793
25982,LOF,0.16268418814507726,0.31652797944132,0.5207878324136028
25983,LOF,0.11168811080511627,0.313991542380835,0.5743203468140486
25984,LOF,0.06428362368482053,0.09243566494004535,0.8432807113751342
25985,Neutral,0.6726332206338693,0.20636106504388813,0.12100571432224276
25986,GOF,0.03241816548370307,0.6269508861287231,0.34063094838757385
25987,LOF,0.401598312521615,0.11349232850222403,0.484909358976161
25988,LOF,0.04221199028893263,0.32931491063878615,0.6284730990722811
25989,LOF,0.05938961069563346,0.286473741999799,0.6541366473045676
25990,LOF,0.05265125333456307,0.2838394757189213,0.6635092709465157
25991,GOF,0.14129209006160862,0.5343173904003998,0.3243905195379916
25992,LOF,0.1228696809166535,0.3144554350923271,0.5626748839910195
25993,LOF,0.07465500795183132,0.034002968447676855,0.8913420236004919
25994,LOF,0.08988145949073839,0.0674481478485266,0.8426703926607351
25995,LOF,0.04519160402956167,0.12589534672306799,0.8289130492473703
25996,GOF,0.26800335087099575,0.4557813540576566,0.27621529507134773
25997,GOF,0.15840545369322362,0.535716836311621,0.3058777099951554
25998,LOF,0.274552808113926,0.3361208771472097,0.3893263147388643
25999,LOF,0.018797320674920237,0.34794833544006687,0.6332543438850129
26000,LOF,0.305831866219108,0.08358443991475732,0.6105836938661346
26001,LOF,0.16554457701392872,0.36294711627163256,0.47150830671443883
26002,LOF,0.3252007297974766,0.126922461071389,0.5478768091311343
26003,GOF,0.05892669740060154,0.6420268454651816,0.2990464571342169
26004,GOF,0.10943775440923452,0.6986779163827572,0.1918843292080083
26005,GOF,0.040515633962308846,0.7624875356532707,0.1969968303844206
26006,GOF,0.05634854764020844,0.6439666510778369,0.2996848012819546
26007,GOF,0.04019636730849964,0.7753163544186402,0.18448727827286007
26008,GOF,0.08645809321863655,0.6946388630128438,0.21890304376851966
26009,GOF,0.05902626330817588,0.7189951037805347,0.2219786329112895
26010,GOF,0.04775363701911701,0.7289119934794905,0.22333436950139243
26011,GOF,0.050327602435341755,0.608073347744447,0.3415990498202113
26012,GOF,0.0461379195743165,0.7472787427194424,0.20658333770624127
26013,GOF,0.058958153023335416,0.6415215590857681,0.2995202878908963
26014,LOF,0.45761124483395177,0.03377743949476787,0.5086113156712804
26015,LOF,0.26583112547905724,0.22817606510191327,0.5059928094190295
26016,LOF,0.2181058700202902,0.17469433471554313,0.6071997952641666
26017,LOF,0.043654093249880406,0.3359206887713308,0.6204252179787888
26018,LOF,0.041162876462650676,0.3197642449797654,0.639072878557584
26019,LOF,0.04679229762412768,0.14344459021611436,0.809763112159758
26020,GOF,0.02328037296375511,0.516863650647059,0.4598559763891859
26021,LOF,0.2750093522074229,0.21975619048045467,0.5052344573121225
26022,LOF,0.20741869908215113,0.14059224630803127,0.6519890546098176
26023,LOF,0.0697875785879716,0.09347144156325135,0.8367409798487769
26024,LOF,0.09691656579462916,0.22898372642757348,0.6740997077777975
26025,LOF,0.040957499289109064,0.34224431473368105,0.61679818597721
26026,LOF,0.04654019490259084,0.3667525930934898,0.5867072120039194
26027,LOF,0.08521093035311192,0.13954244440884056,0.7752466252380474
26028,GOF,0.12123054962600999,0.4442161953050324,0.4345532550689576
26029,GOF,0.06663469038514822,0.7225356472356228,0.2108296623792289
26030,Neutral,0.5588013794331587,0.05698367592813241,0.384214944638709
26031,GOF,0.03236160158639018,0.7020582700688976,0.26558012834471234
26032,LOF,0.05882322675199815,0.16703105551195133,0.7741457177360507
26033,LOF,0.05534661463475299,0.15961842525221057,0.7850349601130365
26034,GOF,0.029806680026765453,0.6400164379411385,0.330176882032096
26035,GOF,0.027162853184479727,0.706612914088502,0.2662242327270183
26036,GOF,0.025384156690914313,0.6251340551669328,0.3494817881421528
26037,GOF,0.030439939480279468,0.6563005501499527,0.31325951036976785
26038,LOF,0.04666830489355416,0.1483491731139953,0.8049825219924505
26039,GOF,0.031648825385762004,0.5880631048383401,0.3802880697758979
26040,LOF,0.047049453544553574,0.12722173183778004,0.8257288146176663
26041,GOF,0.044691049421573016,0.5588296523272595,0.39647929825116746
26042,GOF,0.03956954245642266,0.5678438316781093,0.39258662586546794
26043,LOF,0.03509751987191861,0.24289693962617748,0.7220055405019039
26044,LOF,0.31716085673633976,0.11310899078508391,0.5697301524785763
26045,GOF,0.029440988366795966,0.6923072008018564,0.2782518108313477
26046,LOF,0.04964542494892001,0.22460688247545735,0.7257476925756227
26047,LOF,0.11325670479638027,0.1657279548270063,0.7210153403766135
26048,Neutral,0.4786595925127167,0.07994453820852354,0.44139586927875973
26049,Neutral,0.6249459364973982,0.13288436343306298,0.2421697000695389
26050,Neutral,0.6699368257664021,0.08137352759769119,0.2486896466359066
26051,GOF,0.038021995509190464,0.6077132187825858,0.3542647857082238
26052,GOF,0.0503833722725391,0.7657902243249608,0.18382640340250014
26053,LOF,0.42860938717420827,0.05551054972978777,0.515880063096004
26054,Neutral,0.6832385797830871,0.06647704238506244,0.2502843778318504
26055,Neutral,0.6832385797830871,0.06647704238506244,0.2502843778318504
26056,Neutral,0.6832385797830871,0.06647704238506244,0.2502843778318504
26057,LOF,0.06073517743072948,0.13120366316936308,0.8080611593999074
26058,LOF,0.06949722242116328,0.12296959195053642,0.8075331856283003
26059,Neutral,0.8345990056180246,0.052332919746061586,0.11306807463591384
26060,GOF,0.03711720085744697,0.6902452165338188,0.27263758260873433
26061,LOF,0.3270434254695705,0.047196416403155424,0.6257601581272741
26062,LOF,0.4666639924610912,0.059601764618863184,0.4737342429200455
26063,LOF,0.07696853692836447,0.057233149607390225,0.8657983134642454
26064,LOF,0.38055893621545767,0.03375728098147066,0.5856837828030718
26065,LOF,0.045628066014303824,0.11155754566095581,0.8428143883247403
26066,LOF,0.08130610872177507,0.11459237200467827,0.8041015192735467
26067,LOF,0.06942886354020592,0.17871222247556062,0.7518589139842335
26068,Neutral,0.6277012139881741,0.0800055145197276,0.2922932714920983
26069,Neutral,0.6070338655770949,0.08651312269571175,0.3064530117271933
26070,Neutral,0.6070338655770949,0.08651312269571175,0.3064530117271933
26071,LOF,0.06798725233154486,0.1459886708383226,0.7860240768301325
26072,LOF,0.39237168430431374,0.08962835428492867,0.5179999614107575
26073,LOF,0.08574360769817413,0.09894537672319567,0.8153110155786302
26074,Neutral,0.8077165680719156,0.060216043885979294,0.13206738804210513
26075,Neutral,0.6191221984658112,0.08763449857571468,0.29324330295847434
26076,LOF,0.05454239160494633,0.1773372918643733,0.7681203165306804
26077,Neutral,0.6273463558053576,0.03376482112286819,0.33888882307177415
26078,LOF,0.4038727218223704,0.0722945168872766,0.523832761290353
26079,Neutral,0.6668618123463322,0.09813588051952382,0.2350023071341439
26080,Neutral,0.6668618123463322,0.09813588051952382,0.2350023071341439
26081,LOF,0.05530719300212501,0.07293842957144976,0.8717543774264253
26082,LOF,0.3962515962845334,0.09622002619848523,0.5075283775169813
26083,LOF,0.035421769284925596,0.24821961679887528,0.7163586139161991
26084,LOF,0.04673644817413564,0.17551953319489394,0.7777440186309705
26085,LOF,0.05230935007824481,0.13201027389260858,0.8156803760291467
26086,LOF,0.05814054085527476,0.1316687577279238,0.8101907014168014
26087,LOF,0.04269712365502107,0.2668807093847794,0.6904221669601995
26088,LOF,0.39879954432334697,0.11264094816420887,0.48855950751244415
26089,Neutral,0.6660745313583126,0.07905727002220334,0.2548681986194841
26090,Neutral,0.6660745313583126,0.07905727002220334,0.2548681986194841
26091,LOF,0.09061063428091551,0.08598740736421737,0.8234019583548671
26092,LOF,0.0679225659771121,0.08159388457827195,0.8504835494446159
26093,LOF,0.07226158411738937,0.08139255038248273,0.8463458655001278
26094,LOF,0.0947474045851074,0.09287607120920796,0.8123765242056846
26095,LOF,0.2712533690849599,0.12373270115469318,0.605013929760347
26096,Neutral,0.5907261681862883,0.024569073612979088,0.3847047582007326
26097,LOF,0.3287367226458209,0.06527308090672868,0.6059901964474504
26098,Neutral,0.6748233576615982,0.06610853391710954,0.2590681084212923
26099,LOF,0.04131004372256444,0.28310098530548217,0.6755889709719535
26100,LOF,0.04131004372256444,0.28310098530548217,0.6755889709719535
26101,LOF,0.05951531708265647,0.16413029262798126,0.7763543902893623
26102,LOF,0.06196318143380345,0.13625597693470418,0.8017808416314923
26103,Neutral,0.4432283933527854,0.200766420246635,0.3560051864005796
26104,Neutral,0.7152240738614292,0.0858079495463433,0.19896797659222765
26105,LOF,0.297388385694554,0.11487820321969504,0.587733411085751
26106,LOF,0.34777273509451606,0.17594189183093342,0.4762853730745505
26107,GOF,0.016170294402768206,0.5756220574626492,0.40820764813458266
26108,GOF,0.3255958853109142,0.4078563573621619,0.26654775732692393
26109,Neutral,0.5595662948972049,0.11502584382206915,0.325407861280726
26110,Neutral,0.49197259137832977,0.047432108400820384,0.46059530022084993
26111,LOF,0.050046817979252506,0.2648806296928939,0.6850725523278537
26112,LOF,0.09655449878036969,0.06021912924688727,0.843226371972743
26113,LOF,0.07884505762386732,0.08029284676935616,0.8408620956067765
26114,LOF,0.3738972602020469,0.14068981339153783,0.48541292640641526
26115,GOF,0.03025016620302283,0.5677595225631051,0.40199031123387197
26116,LOF,0.11029596650469957,0.26901231296259054,0.6206917205327099
26117,Neutral,0.4432283933527854,0.200766420246635,0.3560051864005796
26118,LOF,0.05673921925411705,0.06824661022690899,0.8750141705189741
26119,GOF,0.014016135391561555,0.49570638223124025,0.49027748237719826
26120,LOF,0.08314113331361352,0.08896227876500207,0.8278965879213844
26121,LOF,0.03770878362751252,0.19715394042154635,0.7651372759509412
26122,LOF,0.017260989362812198,0.2215638208614829,0.761175189775705
26123,LOF,0.02671800873957779,0.3828523562895904,0.5904296349708318
