feature0,prediction,LoGoFunc_Neutral,LoGoFunc_GOF,LoGoFunc_LOF
25546,Neutral,0.7520621864874004,0.03306476185979043,0.21487305165280918
25547,Neutral,0.5866947183256549,0.07092311263768349,0.3423821690366617
25548,Neutral,0.6066877883057123,0.0526512769151882,0.34066093477909937
25549,Neutral,0.5231254055777118,0.05255322945684773,0.42432136496544054
25550,LOF,0.36678133521301337,0.09824046846466904,0.5349781963223176
25551,LOF,0.2802275997731964,0.10888921323155594,0.6108831869952477
25552,LOF,0.20791766210941118,0.10295240936388542,0.6891299285267033
25553,Neutral,0.8576939846586664,0.02403967699678123,0.11826633834455225
25554,LOF,0.2395865443005294,0.09670594773478419,0.6637075079646864
25555,LOF,0.20374870119243443,0.08683150722964861,0.709419791577917
25556,LOF,0.44993906276273826,0.08660122121198417,0.4634597160252777
25557,LOF,0.1961324977833269,0.09035747932107219,0.713510022895601
25558,LOF,0.22869552558060238,0.09731043102297506,0.6739940433964225
25559,LOF,0.3681510209993148,0.13122024629689474,0.5006287327037905
25560,LOF,0.04848645691067756,0.10647381222941904,0.8450397308599035
25561,LOF,0.11270756042311755,0.1065580578793071,0.7807343816975753
25562,LOF,0.07957620120226447,0.058099674610527445,0.8623241241872082
25563,LOF,0.09834227884774065,0.0593554116044643,0.8423023095477952
25564,LOF,0.25205407390250567,0.09982076756209822,0.6481251585353961
25565,LOF,0.1419899222959714,0.1314629623914499,0.7265471153125787
25566,GOF,0.012104188725468446,0.7983294680342362,0.18956634324029548
25567,LOF,0.02123533760200585,0.1605245672093063,0.8182400951886879
25568,LOF,0.05628827975185064,0.06053081497336382,0.8831809052747855
25569,LOF,0.0597779861812489,0.06370683753226714,0.8765151762864839
25570,LOF,0.05536148199784447,0.10017922512079845,0.844459292881357
25571,LOF,0.0497706733283128,0.0917987063898021,0.8584306202818851
25572,LOF,0.06650308659713416,0.11367059806131098,0.8198263153415548
25573,LOF,0.036549333365764027,0.09302534433093743,0.8704253223032985
25574,LOF,0.02314275566178058,0.14399940844289824,0.8328578358953211
25575,LOF,0.041447650522734754,0.11251858821163305,0.8460337612656322
25576,LOF,0.019741755264833214,0.13003295764814174,0.850225287087025
25577,LOF,0.017328712298243225,0.11169258386308405,0.8709787038386726
25578,LOF,0.30051356885610486,0.08018630449722822,0.619300126646667
25579,LOF,0.13429040073822393,0.09590118702530893,0.7698084122364671
25580,LOF,0.029497167340526008,0.07984908528673383,0.8906537473727402
25581,LOF,0.05087763619392393,0.0649252459347837,0.8841971178712924
25582,LOF,0.05070005814232521,0.06380164129434496,0.8854983005633299
25583,LOF,0.036437622387749814,0.08666470531419604,0.8768976722980543
25584,Neutral,0.4883573515730572,0.09660769092362699,0.41503495750331587
25585,LOF,0.02371915571050896,0.12223454354008553,0.8540463007494055
25586,LOF,0.029445729151205535,0.06853128899288642,0.9020229818559081
25587,LOF,0.0295998434497906,0.06508990734303538,0.9053102492071741
25588,LOF,0.031602637832577635,0.0788253042289944,0.889572057938428
25589,Neutral,0.6318101750413153,0.10489984906325775,0.2632899758954269
25590,LOF,0.03553729509957629,0.12132774911167192,0.8431349557887517
25591,LOF,0.09581382381913935,0.058147756959877804,0.8460384192209828
25592,LOF,0.09847883996716018,0.12547294475692325,0.7760482152759165
25593,LOF,0.03730749269371018,0.2525441422789401,0.7101483650273497
25594,LOF,0.04546212837827234,0.17699703893200658,0.7775408326897212
25595,LOF,0.05779907243077458,0.11571991409354902,0.8264810134756764
25596,LOF,0.05119840005704981,0.0900269991944773,0.8587746007484729
25597,LOF,0.03445004761128183,0.09557455115052123,0.869975401238197
25598,LOF,0.05003160226000593,0.12123342981947491,0.8287349679205193
25599,GOF,0.0067249445486456385,0.6100656139833204,0.38320944146803393
25600,GOF,0.013517203838408211,0.5725574580901789,0.4139253380714129
25601,LOF,0.009639676374189882,0.43048885896094824,0.5598714646648618
25602,LOF,0.018210420858699124,0.05116229034205792,0.930627288799243
25603,LOF,0.054650107810969045,0.022086372885737646,0.9232635193032933
25604,LOF,0.03104866863638471,0.056578735826025,0.9123725955375903
25605,LOF,0.008633733555740384,0.22976026918440295,0.7616059972598567
25606,LOF,0.0782961765700279,0.3908830419210942,0.5308207815088779
25607,LOF,0.006213968757070015,0.18923856343027956,0.8045474678126503
25608,LOF,0.016087506479932377,0.09346041074538548,0.8904520827746821
25609,LOF,0.055042632967998655,0.4367105964799362,0.5082467705520651
25610,LOF,0.030846360031670534,0.026390594422911404,0.942763045545418
25611,LOF,0.03712008762124028,0.025790283794691598,0.9370896285840681
25612,LOF,0.10004593622348519,0.04045263708142693,0.8595014266950878
25613,LOF,0.08615415123002738,0.041256793976593334,0.8725890547933793
25614,LOF,0.026283138532987416,0.03567762319789123,0.9380392382691213
25615,LOF,0.0347827963486062,0.045872575217658064,0.9193446284337358
25616,LOF,0.02439587500995945,0.03384329221875888,0.9417608327712816
25617,LOF,0.024517073419267583,0.03667835748189682,0.9388045690988356
25618,LOF,0.13768726117093652,0.03205748948882235,0.8302552493402412
25619,LOF,0.02733058714446221,0.03263160537071445,0.9400378074848235
25620,LOF,0.0323692359109335,0.04130807897735822,0.9263226851117082
25621,LOF,0.026679723620046527,0.03555277673177191,0.9377674996481816
25622,LOF,0.033016432647667675,0.03819127989450391,0.9287922874578285
25623,LOF,0.05322324635093215,0.030754798454093114,0.9160219551949748
25624,LOF,0.02400264019198454,0.04105149463067036,0.9349458651773452
25625,LOF,0.03283234801349486,0.048386695617084585,0.9187809563694206
25626,LOF,0.08275696484549151,0.034808870714274354,0.8824341644402343
25627,Neutral,0.5353177984998972,0.11433447156282851,0.3503477299372743
25628,LOF,0.21365193232988236,0.04844440260592713,0.7379036650641904
25629,LOF,0.05834289823515322,0.06298184866692283,0.8786752530979239
25630,LOF,0.19542965793453224,0.07920448250355525,0.7253658595619126
25631,Neutral,0.6248954508175504,0.055876928330855925,0.31922762085159356
25632,LOF,0.013479579324653195,0.11824317042509931,0.8682772502502474
25633,LOF,0.09487223078128289,0.09176087110616687,0.8133668981125503
25634,LOF,0.032504593778240755,0.11445988426507381,0.8530355219566855
25635,LOF,0.03725693103827021,0.08577914269385244,0.8769639262678773
25636,GOF,0.003878086893231753,0.6258706452888041,0.3702512678179641
25637,GOF,0.003634532939164614,0.665310696093917,0.33105477096691827
25638,LOF,0.006556229866431147,0.4008294647923902,0.5926143053411786
25639,GOF,0.0037810352083225817,0.5361505727682218,0.4600683920234557
25640,Neutral,0.4724481825042829,0.4637044229433176,0.0638473945523995
25641,LOF,0.008381183254063325,0.371495039204671,0.6201237775412658
25642,LOF,0.23272085721138366,0.07539019479366603,0.6918889479949503
25643,LOF,0.3052109134868703,0.17519965397700787,0.5195894325361219
25644,GOF,0.015941010556574996,0.5594974689254838,0.42456152051794127
25645,GOF,0.01267049848175312,0.5156816066162487,0.4716478949019981
25646,LOF,0.019577032798446917,0.33493270831757466,0.6454902588839784
25647,LOF,0.0145605962950825,0.298055850827826,0.6873835528770914
25648,LOF,0.01335037514209379,0.30762304853244943,0.6790265763254567
25649,LOF,0.011367394747976418,0.23605653904355742,0.7525760662084662
25650,LOF,0.023418121338622866,0.4822258593027816,0.49435601935859563
25651,LOF,0.008630024949851718,0.2945793563874721,0.6967906186626762
25652,LOF,0.014590263091647258,0.27808201181366005,0.7073277250946927
25653,LOF,0.05044859710890487,0.378720717079408,0.5708306858116872
25654,LOF,0.014470495391370393,0.16220984402129135,0.8233196605873383
25655,LOF,0.07917081105616913,0.4213122313242516,0.49951695761957926
25656,LOF,0.10440994429944726,0.07898272997883059,0.8166073257217222
25657,LOF,0.3362995864548975,0.0330572007178467,0.6306432128272559
25658,LOF,0.0421881835534049,0.11321928250024955,0.8445925339463455
25659,LOF,0.35708466698825364,0.08048834570004246,0.5624269873117039
25660,LOF,0.06406398565507129,0.10171755624824426,0.8342184580966844
25661,LOF,0.04487787865162741,0.07091669850857799,0.8842054228397945
25662,LOF,0.027341775336084062,0.04875884048702458,0.9238993841768914
25663,LOF,0.03557959487423944,0.0704588366690337,0.8939615684567269
25664,LOF,0.04171706361398691,0.08810949615511388,0.8701734402308993
25665,LOF,0.055529121101704625,0.048383993328379116,0.8960868855699163
25666,LOF,0.036426417545040585,0.12758152509103837,0.835992057363921
25667,LOF,0.03120668648067171,0.052673322807523064,0.9161199907118052
25668,LOF,0.03077536024802491,0.05855463155385251,0.9106700081981225
25669,LOF,0.03820905349769498,0.09027500372105103,0.871515942781254
25670,LOF,0.07515957195011316,0.08898293248643595,0.8358574955634508
25671,LOF,0.036122661860354274,0.04610232834483015,0.9177750097948156
25672,LOF,0.06103734614407629,0.06834969589058887,0.8706129579653348
25673,LOF,0.04234326683812822,0.07108193474636602,0.8865747984155059
25674,LOF,0.038172121225525386,0.07548059423264414,0.8863472845418304
25675,LOF,0.04936135239335977,0.06736162330141189,0.8832770243052284
25676,LOF,0.03182142194196456,0.059624615812153677,0.9085539622458818
25677,LOF,0.05887365836393201,0.068345251385342,0.872781090250726
25678,LOF,0.2856887218743533,0.038521012665390965,0.6757902654602557
25679,LOF,0.1703413657934209,0.08030577834513657,0.7493528558614425
25680,LOF,0.05789235274774079,0.09758827856014568,0.8445193686921135
25681,LOF,0.10978556966766256,0.0909577458814191,0.7992566844509184
25682,LOF,0.04233283537272045,0.0803983419693911,0.8772688226578885
25683,LOF,0.09736063984047089,0.10444007107114833,0.7981992890883808
25684,LOF,0.05696698026880643,0.08088641015293813,0.8621466095782554
25685,LOF,0.098548155432105,0.042369373391777314,0.8590824711761176
25686,LOF,0.038057729331191066,0.09663278036692587,0.865309490301883
25687,LOF,0.04217998204212611,0.08333601028213136,0.8744840076757426
25688,LOF,0.027665979434107025,0.09207727194542568,0.8802567486204673
25689,LOF,0.01918948901655772,0.07758085626189079,0.9032296547215516
25690,LOF,0.0223192647676597,0.08617019469176347,0.8915105405405769
25691,LOF,0.2480603658495621,0.11034259450644193,0.6415970396439958
25692,LOF,0.29044613736051883,0.01017297515700916,0.6993808874824721
25693,LOF,0.09591440463588988,0.15134963438480534,0.7527359609793048
25694,LOF,0.2551424148618926,0.015863029310566264,0.7289945558275411
25695,LOF,0.16430893702244342,0.020393800346222655,0.815297262631334
25696,LOF,0.1676502690517815,0.009890266650710218,0.8224594642975083
25697,LOF,0.1400163663791172,0.025199564535737143,0.8347840690851457
25698,LOF,0.03613719498346089,0.3833168810598637,0.5805459239566754
25699,LOF,0.06508359209853833,0.0870186710509793,0.8478977368504824
25700,LOF,0.033244821991075806,0.010779811687288251,0.9559753663216359
25701,LOF,0.01661285621973888,0.07223718944442815,0.9111499543358329
25702,GOF,0.0374088936587982,0.7443437483959074,0.21824735794529426
25703,LOF,0.013520217516361607,0.20808632950464784,0.7783934529789905
25704,LOF,0.09339315572132074,0.15926133297880513,0.7473455112998741
25705,LOF,0.05929529521739955,0.24747430431749157,0.693230400465109
25706,GOF,0.0506135611613422,0.615675144361557,0.33371129447710085
25707,GOF,0.028057627021612092,0.5289435956743104,0.4429987773040776
25708,LOF,0.008614455720331803,0.46251415696851417,0.528871387311154
25709,LOF,0.019290032601204467,0.0664627716404359,0.9142471957583597
25710,LOF,0.008677970828252694,0.18737981592555805,0.8039422132461893
25711,LOF,0.0203672282254026,0.12568668139810465,0.8539460903764928
25712,LOF,0.009900099167849478,0.2482834896221361,0.7418164112100144
25713,LOF,0.018593670181621474,0.10516407930142709,0.8762422505169516
25714,LOF,0.020295706933165243,0.15007188726548432,0.8296324058013504
25715,LOF,0.018894245681381393,0.1208982703597398,0.8602074839588788
25716,LOF,0.011958821706059504,0.12321118935833235,0.8648299889356083
25717,LOF,0.006167812550545227,0.13920460033346285,0.854627587115992
25718,LOF,0.017705259486813965,0.07597877440763749,0.9063159661055484
25719,LOF,0.0311845791020588,0.08746938465360267,0.8813460362443386
25720,LOF,0.021307246405881036,0.0870267338911356,0.8916660197029834
25721,LOF,0.022693395473544556,0.09592265056110857,0.881383953965347
25722,LOF,0.01779211701613898,0.12605503065052892,0.8561528523333322
25723,LOF,0.020935341561624944,0.07053060752639212,0.9085340509119829
25724,LOF,0.034554732223090925,0.10711389414531446,0.8583313736315946
25725,LOF,0.02163246013575676,0.0669233906208152,0.9114441492434281
25726,LOF,0.0159285600153275,0.1010730297903634,0.8829984101943091
25727,LOF,0.019364940852845,0.08660820474068004,0.8940268544064749
25728,LOF,0.01837458447079616,0.10159001631293121,0.8800353992162726
25729,LOF,0.019054414009290338,0.1038945351171038,0.8770510508736059
25730,LOF,0.020252723704791187,0.08233139022952328,0.8974158860656857
25731,LOF,0.01158978511812308,0.17815028501868568,0.8102599298631912
25732,LOF,0.018010532427598803,0.09401581681167,0.8879736507607312
25733,LOF,0.027858941209607517,0.08371272442233016,0.8884283343680622
25734,LOF,0.007903326753734957,0.2162999436952808,0.7757967295509842
25735,LOF,0.022578543895087663,0.07780619452993635,0.8996152615749758
25736,LOF,0.021497862864753768,0.1209925296677981,0.8575096074674482
25737,LOF,0.04114908606858811,0.09908010198714477,0.8597708119442671
25738,LOF,0.020090539808209622,0.14918262075636543,0.830726839435425
25739,LOF,0.02194846894383579,0.14444146916149223,0.8336100618946719
25740,LOF,0.05197683379370578,0.1355853564376455,0.8124378097686487
25741,LOF,0.02589294114817551,0.11293821102849555,0.8611688478233289
25742,LOF,0.03588769076837199,0.13656969679632092,0.8275426124353071
25743,LOF,0.011692975731804701,0.040132504231198775,0.9481745200369964
25744,LOF,0.12403978511332378,0.42076293287498806,0.45519728201168813
25745,LOF,0.022830664197512257,0.05993981695559407,0.9172295188468937
25746,LOF,0.011813934864698285,0.07888859905999873,0.909297466075303
25747,LOF,0.03196584499180294,0.037340089220429716,0.9306940657877674
25748,LOF,0.190584863685572,0.06054541375267773,0.7488697225617503
25749,LOF,0.0139378702611154,0.0497127343954348,0.9363493953434499
25750,LOF,0.0159502994612472,0.07687944861280435,0.9071702519259484
25751,LOF,0.037792096277401564,0.0714960446150962,0.8907118591075022
25752,GOF,0.09089121135157392,0.6709461357938246,0.2381626528546015
25753,LOF,0.006410799167945706,0.3949334288446595,0.598655771987395
25754,GOF,0.0052851219836334675,0.8777862901894933,0.11692858782687326
25755,LOF,0.010010316027000324,0.4446183511165736,0.545371332856426
25756,LOF,0.045155979559783746,0.47569573666481757,0.47914828377539875
25757,GOF,0.006825929199615181,0.8869991509633274,0.10617491983705739
25758,GOF,0.00850090900867828,0.8745446873430675,0.11695440364825416
25759,GOF,0.004983592389052624,0.5965465378878527,0.3984698697230945
25760,LOF,0.0065136907032015984,0.3295739337904709,0.6639123755063275
25761,GOF,0.04666125814873119,0.8407327235282358,0.11260601832303296
25762,LOF,0.02730740881330168,0.3917923342510712,0.5809002569356271
25763,LOF,0.008511232654206731,0.25943599785676663,0.7320527694890265
25764,GOF,0.09272903686278854,0.6198262368039219,0.2874447263332897
25765,GOF,0.007624746357995447,0.8501316604918125,0.14224359315019214
25766,GOF,0.03031497273476222,0.823701220418808,0.14598380684642961
25767,GOF,0.014359557402184914,0.5462649437107078,0.43937549888710736
25768,LOF,0.03748004627673062,0.08180455233842863,0.8807154013848406
25769,LOF,0.022871134211329795,0.08272488209583624,0.894403983692834
25770,LOF,0.14961299857063892,0.07535600472744101,0.77503099670192
25771,LOF,0.014751328956056744,0.08229444149866105,0.9029542295452823
25772,LOF,0.024017879118041006,0.030678433873889226,0.9453036870080697
25773,LOF,0.013739322973429769,0.08665393322619626,0.899606743800374
25774,LOF,0.02521697072599101,0.10973535357314866,0.8650476757008603
25775,LOF,0.01914600675041081,0.04332265814422446,0.9375313351053647
25776,LOF,0.02532055519058681,0.02894010330566334,0.9457393415037499
25777,LOF,0.1919619722728788,0.08140668410215673,0.7266313436249645
25778,LOF,0.01928802056096811,0.05719224839160037,0.9235197310474315
25779,GOF,0.038164343506023164,0.8998255251878898,0.062010131306087075
25780,GOF,0.06111044630985025,0.8858035718571032,0.05308598183304652
25781,GOF,0.025144921967585863,0.872952839123804,0.10190223890861008
25782,GOF,0.0341556039588904,0.9021253510476068,0.06371904499350284
25783,GOF,0.019276359607345948,0.7743598706443485,0.20636376974830548
25784,GOF,0.10276198232549018,0.8565376444216422,0.04070037325286768
25785,GOF,0.06665890252855744,0.8960695875361355,0.037271509935306965
25786,GOF,0.005349366516725974,0.8519882483337641,0.14266238514950988
25787,GOF,0.16047949217831395,0.809780932548516,0.029739575273170064
25788,LOF,0.01571518375974648,0.2071504265902007,0.7771343896500528
25789,GOF,0.02069379708969439,0.870873064258387,0.1084331386519186
25790,GOF,0.02441863840850241,0.8952919759814756,0.08028938561002195
25791,GOF,0.015666444051724356,0.8246071340889509,0.15972642185932479
25792,GOF,0.026087633146778266,0.8392593633895267,0.13465300346369516
25793,GOF,0.07283154622991851,0.8404551124980525,0.08671334127202909
25794,GOF,0.06526691115529579,0.7902924260089582,0.14444066283574597
25795,GOF,0.04451220458803988,0.7664269131178063,0.1890608822941538
25796,GOF,0.07371031653447706,0.8211656657064477,0.10512401775907533
25797,GOF,0.03787120916835315,0.7156951303552764,0.24643366047637036
25798,GOF,0.0030572253669073272,0.6640874555695668,0.3328553190635258
25799,GOF,0.0030617389987102964,0.5453652404725475,0.4515730205287422
25800,GOF,0.012306957333038982,0.7430038513699239,0.24468919129703706
25801,GOF,0.016016872718170327,0.8748252947864158,0.10915783249541394
25802,GOF,0.0237720973512751,0.8195474253438493,0.1566804773048756
25803,GOF,0.011920620537421952,0.7216915621778122,0.266387817284766
25804,GOF,0.015081153457487678,0.6343116764907238,0.3506071700517885
25805,GOF,0.02640015137432642,0.7305808227412783,0.24301902588439528
25806,GOF,0.020725421454277273,0.7831650853578914,0.1961094931878313
25807,GOF,0.005623056937149252,0.7360127634595665,0.25836417960328417
25808,GOF,0.015596264633879017,0.7796319941883477,0.2047717411777733
25809,GOF,0.006742659072910084,0.7425907507950393,0.25066659013205067
25810,GOF,0.0058156077138434995,0.7443704772815517,0.24981391500460481
25811,GOF,0.04856936438569849,0.8783977519799833,0.07303288363431809
25812,GOF,0.015875641272264204,0.7186330902081294,0.2654912685196064
25813,GOF,0.0953789682804559,0.8139122294532672,0.09070880226627687
25814,GOF,0.02480730904104412,0.812436162259442,0.1627565286995137
25815,GOF,0.036176806350030684,0.8364696814604896,0.12735351218947982
25816,GOF,0.007488520484544973,0.868831350390321,0.12368012912513413
25817,GOF,0.08975274101573764,0.7901415967571196,0.12010566222714283
25818,GOF,0.026804078497603717,0.8220792198513686,0.15111670165102764
25819,GOF,0.06455974882405897,0.7841941662641042,0.15124608491183672
25820,GOF,0.032276902307267895,0.7789837145432156,0.18873938314951666
25821,GOF,0.020247508937363264,0.7678979974328121,0.21185449362982453
25822,GOF,0.03759144260420734,0.7786323045807824,0.18377625281501028
25823,GOF,0.015282071714690336,0.6522871683484631,0.3324307599368466
25824,GOF,0.028148314932086114,0.7666579923266316,0.20519369274128252
25825,GOF,0.01636115714251532,0.7560217418622055,0.22761710099527918
25826,GOF,0.005852590568901335,0.7287577990182347,0.26538961041286396
25827,GOF,0.00837529988966647,0.716335595616588,0.27528910449374566
25828,GOF,0.006077479236195987,0.6721693525880114,0.32175316817579264
25829,GOF,0.0029451558202917426,0.7164954713381206,0.28055937284158783
25830,GOF,0.04060629315956782,0.5251596737762553,0.434234033064177
25831,GOF,0.047430158700573946,0.8544514224758479,0.09811841882357822
25832,GOF,0.008700699873929763,0.8217426039940924,0.1695566961319779
25833,GOF,0.03507160260479962,0.8576424847477278,0.1072859126474728
25834,GOF,0.008697525786858309,0.8336582803302751,0.15764419388286652
25835,GOF,0.01914024962921545,0.8656701444102178,0.11518960596056656
25836,GOF,0.007088588265454441,0.8407987080081397,0.15211270372640592
25837,GOF,0.007311611553818005,0.7352584582466649,0.25742993019951704
25838,GOF,0.021524644385655718,0.8801541410889347,0.09832121452540948
25839,GOF,0.04273318676521427,0.8637067512517986,0.09356006198298718
25840,GOF,0.06071287851808369,0.8577916943594998,0.08149542712241659
25841,GOF,0.056081657831382296,0.8625356326077179,0.08138270956089973
25842,GOF,0.026491148816093185,0.9050308118916164,0.06847803929229039
25843,GOF,0.027419061404262892,0.9079678503453699,0.06461308825036718
25844,GOF,0.017827736208179307,0.8658282015069986,0.11634406228482216
25845,GOF,0.005970014766751833,0.6739859837260272,0.3200440015072209
25846,GOF,0.041728863889162894,0.8722577439687327,0.08601339214210445
25847,GOF,0.01985643411300209,0.9159947564567218,0.06414880943027618
25848,GOF,0.018118222443938212,0.8708657255691282,0.11101605198693339
25849,GOF,0.0050309109698219055,0.7558844763132178,0.2390846127169603
25850,GOF,0.006552576782832695,0.7718679268711686,0.22157949634599888
25851,GOF,0.005627734700065633,0.652370051087254,0.34200221421268034
25852,GOF,0.1306305708849536,0.6199162457510627,0.24945318336398356
25853,GOF,0.07126914151454238,0.8478691634445665,0.08086169504089111
25854,GOF,0.005813056837318431,0.7371881662737233,0.2569987768889583
25855,GOF,0.015655056440809643,0.6745662170335146,0.30977872652567573
25856,GOF,0.038725596092756165,0.8158973978648046,0.1453770060424392
25857,GOF,0.013489082156644934,0.6781927327751532,0.3083181850682019
25858,GOF,0.007720318210635581,0.6779762447625924,0.3143034370267719
25859,GOF,0.005333450340091949,0.654830780949987,0.33983576870992094
25860,GOF,0.08462529499607192,0.8318812406355308,0.08349346436839729
25861,GOF,0.080994591321839,0.8364078888655219,0.08259751981263917
25862,GOF,0.02213323781275867,0.875889500530682,0.10197726165655929
25863,GOF,0.021795908185944547,0.884422966037393,0.09378112577666255
25864,GOF,0.0499041787693317,0.8868698750790409,0.0632259461516273
25865,GOF,0.033577387223782645,0.8552700759869287,0.1111525367892887
25866,GOF,0.027318229542343656,0.8734811922574631,0.09920057820019318
25867,GOF,0.03066712185510625,0.8905842075350422,0.0787486706098516
25868,GOF,0.05017239029352177,0.8566110887134439,0.09321652099303447
25869,GOF,0.3457769505635735,0.6008036647985158,0.053419384637910676
25870,GOF,0.07381367101429176,0.7087286245012456,0.21745770448446275
25871,GOF,0.01123157912855548,0.8963419082997672,0.09242651257167728
25872,GOF,0.02164338487948815,0.8811805543732304,0.09717606074728145
25873,GOF,0.020868195693995943,0.898740304711599,0.08039149959440514
25874,LOF,0.017206757852369112,0.2305172425369849,0.752275999610646
25875,LOF,0.04569942104630529,0.048768844195694556,0.9055317347580001
25876,LOF,0.01737420679968148,0.04138203352579019,0.9412437596745282
25877,LOF,0.1143891605695015,0.08869122337890875,0.7969196160515897
25878,LOF,0.06585188234437014,0.1215051853180306,0.8126429323375992
25879,LOF,0.027323107968390617,0.08612387450490067,0.8865530175267087
25880,LOF,0.05454951655527228,0.012229565860403845,0.9332209175843238
25881,Neutral,0.5495466789926643,0.06409981003225995,0.38635351097507575
25882,LOF,0.05386184444934094,0.029483214612389955,0.9166549409382693
25883,LOF,0.027459274594954754,0.024644915700888996,0.9478958097041562
25884,LOF,0.02748031583580435,0.04469768791106803,0.9278219962531277
25885,LOF,0.21264211479258766,0.011478467615684253,0.7758794175917282
25886,LOF,0.15633715115131583,0.057478152332249156,0.786184696516435
25887,LOF,0.19612778404364103,0.06268012733760754,0.7411920886187514
25888,LOF,0.0129570447125246,0.1375807843674736,0.8494621709200018
25889,LOF,0.031767226898802334,0.033733144954376924,0.9344996281468207
25890,LOF,0.1326285026509232,0.10674197796549831,0.7606295193835786
25891,LOF,0.0966574881533246,0.021181304159162744,0.8821612076875127
25892,LOF,0.008943593191325651,0.02972259192680142,0.9613338148818729
25893,LOF,0.41045345019026686,0.008025061397353874,0.5815214884123793
25894,LOF,0.44895707453687306,0.005014898374278317,0.5460280270888487
25895,LOF,0.31968925341968313,0.01049962502315473,0.6698111215571622
25896,LOF,0.06497054857294794,0.015323835760567098,0.919705615666485
25897,LOF,0.18523300856636182,0.008827587334722466,0.8059394040989157
25898,LOF,0.15990518287151886,0.02583088326901688,0.8142639338594643
25899,LOF,0.3472543607037418,0.018622978428813868,0.6341226608674443
25900,LOF,0.4319877880111046,0.008093390224162837,0.5599188217647326
25901,LOF,0.06389020109901601,0.007402087784398352,0.9287077111165857
25902,LOF,0.17900994925585956,0.008383447648452055,0.8126066030956883
25903,LOF,0.40772918731202257,0.020153797713039264,0.5721170149749383
25904,LOF,0.4797604781033183,0.02526110958313644,0.4949784123135454
25905,LOF,0.004217743708108524,0.47124836322213653,0.524533893069755
25906,LOF,0.009477319501939412,0.11327405093835965,0.8772486295597008
25907,LOF,0.004323678489802474,0.34578413921177303,0.6498921822984244
25908,LOF,0.004549850907171104,0.23616807756617916,0.7592820715266497
25909,LOF,0.024814101633079802,0.1617786936649998,0.8134072047019203
25910,LOF,0.01104618300591912,0.1406660452652009,0.84828777172888
25911,LOF,0.31520187211086065,0.03755404490772631,0.6472440829814131
25912,LOF,0.06347362435792732,0.05475994397085183,0.8817664316712209
25913,LOF,0.045783269807727324,0.0641086437930097,0.8901080863992631
25914,LOF,0.038845379879910144,0.04266490137623116,0.9184897187438587
25915,LOF,0.18354001728045097,0.19011757159639459,0.6263424111231545
25916,LOF,0.031844061279422305,0.1353961366150087,0.832759802105569
25917,LOF,0.07699023293789925,0.03741421381644469,0.885595553245656
25918,LOF,0.04092295505413653,0.026801433346547426,0.932275611599316
25919,LOF,0.034802744345471,0.025223478945657705,0.9399737767088714
25920,LOF,0.1595233630762666,0.23006947570606534,0.610407161217668
25921,LOF,0.016909457002010395,0.03382743338180437,0.9492631096161852
25922,LOF,0.01772170913586244,0.02918725281151361,0.953091038052624
25923,LOF,0.46690253636795254,0.027397451748370213,0.5057000118836772
25924,LOF,0.02486268427343199,0.046183039770962275,0.9289542759556056
25925,LOF,0.08312154191896391,0.04289717628104085,0.8739812817999952
25926,LOF,0.06022355220375495,0.0395428925641344,0.9002335552321106
25927,LOF,0.02567781784499008,0.06815757846006669,0.9061646036949433
25928,LOF,0.011087841791460402,0.0500814558275223,0.9388307023810173
25929,Neutral,0.5518642421182514,0.026446693746478185,0.4216890641352705
25930,LOF,0.08071343816455995,0.0260604680667919,0.893226093768648
25931,LOF,0.0154088304453475,0.033596604860640165,0.9509945646940122
25932,LOF,0.06823755801134866,0.02595673377039639,0.905805708218255
25933,LOF,0.06430328886376184,0.01748985122273773,0.9182068599135005
25934,LOF,0.05726012868299475,0.01626234031726101,0.9264775309997442
25935,LOF,0.07136231727670837,0.05365784378795332,0.8749798389353383
25936,LOF,0.09789698122347971,0.017436576667601525,0.8846664421089186
25937,LOF,0.014888074279752375,0.032511103074342636,0.952600822645905
25938,LOF,0.06746706213076346,0.05252527217708685,0.8800076656921496
25939,LOF,0.044546807394186344,0.022161247130672034,0.9332919454751416
25940,LOF,0.009079492409014005,0.3751122309303765,0.6158082766606094
25941,Neutral,0.5059546901101748,0.03462663258050177,0.4594186773093234
25942,LOF,0.009307383311782984,0.05114536213975094,0.9395472545484662
25943,LOF,0.04505883348476295,0.16749462274697258,0.7874465437682645
25944,LOF,0.061736740963720144,0.08038714458025313,0.8578761144560267
25945,LOF,0.12199932667399142,0.02047976255305989,0.8575209107729488
25946,LOF,0.07602280448850028,0.04266002671945609,0.8813171687920436
25947,Neutral,0.4747212554482967,0.11505477943126949,0.4102239651204339
25948,LOF,0.4352123262003794,0.014583160785761771,0.5502045130138589
25949,LOF,0.14633530356954588,0.07236249901645858,0.7813021974139955
25950,GOF,0.06601846516077008,0.6649554586683836,0.26902607617084634
25951,LOF,0.012730090904838497,0.446007133968205,0.5412627751269565
25952,LOF,0.281169558198542,0.3229101059325461,0.3959203358689119
25953,LOF,0.007388512534256536,0.18894034382579203,0.8036711436399514
25954,GOF,0.09173035821764118,0.5321478377656883,0.37612180401667045
25955,LOF,0.006539278055883958,0.16641521981287763,0.8270455021312384
25956,LOF,0.0200567300431644,0.25747731011175445,0.7224659598450812
25957,LOF,0.2163094454674131,0.029499791818686418,0.7541907627139005
25958,LOF,0.03368175465155989,0.04223776347073265,0.9240804818777074
25959,GOF,0.01624098047718049,0.5907894654338184,0.39296955408900114
25960,LOF,0.007124994388011133,0.0635077711647907,0.9293672344471982
25961,LOF,0.032892240470285904,0.03794835670456963,0.9291594028251444
25962,LOF,0.03962356201948698,0.0648404876022081,0.8955359503783049
25963,LOF,0.005435587093185058,0.18525756908288518,0.8093068438239298
25964,LOF,0.02750565071473002,0.12467736631982085,0.8478169829654492
25965,LOF,0.2664216153558556,0.12191534505686177,0.6116630395872826
25966,Neutral,0.45703040129674977,0.15055444885346705,0.3924151498497832
25967,LOF,0.009083897981410733,0.08028180702154936,0.9106342949970399
25968,LOF,0.041130000685164834,0.24846357080393752,0.7104064285108977
25969,LOF,0.1142494695774669,0.0548794707003665,0.8308710597221666
25970,LOF,0.02214073406181661,0.08497618159766876,0.8928830843405146
25971,LOF,0.07881728159137628,0.029610910102396252,0.8915718083062275
25972,LOF,0.06697382472490085,0.046127747672136975,0.8868984276029621
25973,LOF,0.06971403098490085,0.008598007431986934,0.9216879615831123
25974,LOF,0.05336189359532588,0.03776208992398272,0.9088760164806913
25975,LOF,0.0450891347377147,0.01752611968228127,0.937384745580004
25976,LOF,0.09419625731285051,0.00937224399011532,0.8964314986970342
25977,LOF,0.19008226721157953,0.07228408841822127,0.7376336443701992
25978,LOF,0.184447725038986,0.11735716366368605,0.698195111297328
25979,LOF,0.1536548318915423,0.1314497182218447,0.7148954498866131
25980,LOF,0.26882484468110923,0.17617193544670773,0.555003219872183
25981,LOF,0.2698116540322032,0.17777342425393236,0.5524149217138644
25982,Neutral,0.49158506653868106,0.08638308927023561,0.42203184419108347
25983,Neutral,0.5136961543634131,0.10829336906859824,0.3780104765679888
25984,LOF,0.04137395243492343,0.09310528082067289,0.8655207667444036
25985,Neutral,0.4340132364587687,0.14271272009013045,0.42327404345110087
25986,LOF,0.012509416683912217,0.40551723850822974,0.5819733448078581
25987,LOF,0.05479178418769187,0.0964846469163673,0.8487235688959409
25988,LOF,0.04325503820531854,0.15825847293024514,0.7984864888644364
25989,LOF,0.03807901877299441,0.18929439143379312,0.7726265897932124
25990,LOF,0.03906854596260428,0.29518045184905184,0.6657510021883438
25991,LOF,0.026427346926905185,0.41960252787595703,0.5539701251971377
25992,LOF,0.02754109508484037,0.41605289648534105,0.5564060084298186
25993,LOF,0.028231654530934836,0.07692389617732524,0.89484444929174
25994,LOF,0.023278948077314076,0.0784525864921236,0.8982684654305623
25995,LOF,0.020646423040230923,0.13823558710372777,0.8411179898560414
25996,Neutral,0.36022206676394386,0.3225331505512304,0.31724478268482575
25997,LOF,0.05994820562723453,0.38170667679492687,0.5583451175778386
25998,LOF,0.25072193904965545,0.045444375566475896,0.7038336853838687
25999,LOF,0.026021819990457544,0.1849360812323241,0.7890420987772183
26000,LOF,0.1824627457046302,0.034039008614294784,0.783498245681075
26001,LOF,0.25518777984412244,0.04394849974653631,0.7008637204093412
26002,LOF,0.12639678092573742,0.05196045615861978,0.8216427629156428
26003,GOF,0.005726317501246,0.6381224053875605,0.3561512771111934
26004,GOF,0.00816057127962806,0.700699261898825,0.2911401668215468
26005,LOF,0.004101802392660672,0.4955523029764251,0.5003458946309142
26006,GOF,0.1267559580632273,0.5435191219096648,0.32972492002710796
26007,GOF,0.007539428988997722,0.5342711468860045,0.45818942412499775
26008,GOF,0.006371682421250718,0.6506592946786648,0.34296902290008435
26009,GOF,0.008036998031225864,0.6843050896804419,0.3076579122883321
26010,GOF,0.008896669697434882,0.6321401012821252,0.35896322902043987
26011,LOF,0.003480349652950163,0.460636645815448,0.5358830045316019
26012,GOF,0.005024015568211601,0.5350956083602161,0.4598803760715724
26013,GOF,0.0070719234787595025,0.609211124551189,0.38371695197005135
26014,LOF,0.06687616066465552,0.12749544765731524,0.8056283916780294
26015,LOF,0.367330487945501,0.025871511826701443,0.6067980002277975
26016,LOF,0.29666494477218974,0.04395364061231385,0.6593814146154965
26017,LOF,0.02213873307319226,0.21091283144213088,0.7669484354846768
26018,LOF,0.025626928245127436,0.05519694735752005,0.9191761243973525
26019,LOF,0.02575266554684545,0.0474591466125149,0.9267881878406398
26020,LOF,0.009888405551516023,0.2066119276013549,0.7834996668471291
26021,LOF,0.07742845833958197,0.0733163459367552,0.8492551957236628
26022,LOF,0.038446487655719244,0.030431908224793053,0.9311216041194877
26023,LOF,0.030397231755288048,0.034359464590122235,0.9352433036545899
26024,LOF,0.04680314102975999,0.07079600829773222,0.8824008506725078
26025,LOF,0.06220006979429027,0.08353755944773321,0.8542623707579765
26026,LOF,0.11614744978328093,0.0610555885555998,0.8227969616611194
26027,LOF,0.02509972092397271,0.027776576269774682,0.9471237028062525
26028,LOF,0.11589387771816247,0.14701688418632575,0.7370892380955119
26029,LOF,0.017367341521458978,0.20242627451007186,0.7802063839684691
26030,LOF,0.15309112441113107,0.02527280712833132,0.8216360684605376
26031,LOF,0.009221372208241848,0.1735854452201624,0.8171931825715958
26032,LOF,0.04563717218487066,0.055460767780336276,0.898902060034793
26033,LOF,0.07057223848344317,0.048294111984379495,0.8811336495321773
26034,LOF,0.012377399801189714,0.16418212235763197,0.8234404778411784
26035,LOF,0.011121208060126342,0.11952310766179337,0.8693556842780803
26036,LOF,0.010990275917585828,0.13571797398136023,0.8532917501010538
26037,LOF,0.009506396053676867,0.10622000278254241,0.8842736011637807
26038,LOF,0.039062399710245714,0.04882493803813736,0.9121126622516169
26039,LOF,0.02404285237735256,0.13534629654756958,0.8406108510750778
26040,LOF,0.11451400342660502,0.12520249472761613,0.7602835018457789
26041,LOF,0.012793067997368615,0.09650556325146092,0.8907013687511703
26042,LOF,0.011183469079005411,0.10461815367787682,0.8841983772431177
26043,LOF,0.038891648951234155,0.0685549513029989,0.892553399745767
26044,LOF,0.013533581060888564,0.05019107000552483,0.9362753489335865
26045,LOF,0.070861638999136,0.11627298187303571,0.8128653791278283
26046,LOF,0.03359477834539838,0.05150931249030954,0.9148959091642921
26047,LOF,0.054636141683517096,0.05290988917635031,0.8924539691401326
26048,LOF,0.08233085395530927,0.026634985084932512,0.8910341609597583
26049,Neutral,0.9440190935936772,0.007491757425752195,0.04848914898057047
26050,Neutral,0.9224133137147341,0.008218667933239315,0.0693680183520266
26051,LOF,0.01680448172934249,0.10259365688246355,0.8806018613881941
26052,LOF,0.03447647348523547,0.12050472444529879,0.8450188020694658
26053,LOF,0.03259684651755946,0.1525182249556528,0.8148849285267877
26054,LOF,0.0446638436978455,0.025940584643399253,0.9293955716587553
26055,LOF,0.06358059150063612,0.024300520729097292,0.9121188877702666
26056,LOF,0.050780505565088105,0.031250327318169645,0.9179691671167421
26057,LOF,0.06293438569017495,0.0148678982173784,0.9221977160924465
26058,LOF,0.06767086790514147,0.011831264099347157,0.9204978679955114
26059,LOF,0.1911407338029507,0.030466286408611435,0.7783929797884379
26060,LOF,0.01836583063382839,0.18827918496225704,0.7933549844039146
26061,LOF,0.0133086620591555,0.010260401162185068,0.9764309367786594
26062,LOF,0.006782235801190543,0.017457430432597783,0.9757603337662117
26063,LOF,0.04168896841137727,0.010513684860696083,0.9477973467279267
26064,LOF,0.01131560787553156,0.026025160314452518,0.9626592318100158
26065,LOF,0.0490212509778254,0.012205468561900969,0.9387732804602735
26066,LOF,0.04806291847550126,0.01050942155363472,0.941427659970864
26067,LOF,0.05346555134708956,0.009760062896349377,0.9367743857565611
26068,LOF,0.05212051645085279,0.044862973216394916,0.9030165103327523
26069,LOF,0.14928248660436444,0.02674806804701749,0.8239694453486182
26070,LOF,0.3313393756662001,0.021745191613092348,0.6469154327207076
26071,LOF,0.04560164460955197,0.010868619699840957,0.9435297356906072
26072,LOF,0.011100786370997325,0.019601245791982795,0.9692979678370198
26073,LOF,0.037681257430675824,0.013531467849892504,0.9487872747194316
26074,Neutral,0.9149701713737415,0.008230883390559149,0.07679894523569929
26075,LOF,0.05235087879748573,0.022183156856517106,0.9254659643459971
26076,LOF,0.05825892861831067,0.011364064043364567,0.9303770073383248
26077,LOF,0.16982670486522727,0.006385475485293306,0.8237878196494794
26078,LOF,0.008910463463014984,0.013785877663607338,0.9773036588733776
26079,LOF,0.06393810874818683,0.02315777582199242,0.9129041154298208
26080,LOF,0.06296660398640365,0.02317177507223348,0.9138616209413628
26081,LOF,0.035207304962227313,0.008258885860873554,0.9565338091768991
26082,LOF,0.008096306818517788,0.014003385718408517,0.9779003074630735
26083,LOF,0.11007424962253469,0.02016984995518211,0.8697559004222832
26084,LOF,0.12113801172611097,0.015447174424494487,0.8634148138493946
26085,LOF,0.11321088845205339,0.01259866596173748,0.8741904455862091
26086,LOF,0.03988303850130554,0.012014264911372172,0.9481026965873222
26087,LOF,0.03778916235887012,0.009615786399301324,0.9525950512418286
26088,LOF,0.009101435078516162,0.018721450865842596,0.9721771140556412
26089,LOF,0.04315469848375105,0.0379055328594874,0.9189397686567615
26090,LOF,0.04437635406794096,0.028539729857265664,0.9270839160747933
26091,LOF,0.03294922663974527,0.007208610675697153,0.9598421626845575
26092,LOF,0.04366153517616941,0.00797546776232852,0.948362997061502
26093,LOF,0.08239214226432771,0.0055158128524535124,0.9120920448832188
26094,LOF,0.037421293259433386,0.007121939872117608,0.9554567668684489
26095,LOF,0.04170765314535703,0.01717099693505442,0.9411213499195885
26096,LOF,0.22958846759611007,0.004590515188683464,0.7658210172152065
26097,LOF,0.008471567096840223,0.02751266964954839,0.9640157632536114
26098,LOF,0.07917428556373532,0.018296568951835582,0.9025291454844292
26099,LOF,0.045728066984198165,0.014976259066135788,0.939295673949666
26100,LOF,0.04572711947417625,0.014975948750032539,0.9392969317757911
26101,LOF,0.058205589401918494,0.029566410359818673,0.9122280002382628
26102,LOF,0.03568105452557468,0.014840033434390835,0.9494789120400344
26103,Neutral,0.8805643292261595,0.025918207201354876,0.09351746357248565
26104,LOF,0.05914854091232706,0.03953700316025788,0.9013144559274151
26105,LOF,0.24964177031648357,0.15771653889362988,0.5926416907898865
26106,LOF,0.30758731301644227,0.10958256644890492,0.5828301205346528
26107,LOF,0.023201416052335264,0.09041740144276075,0.8863811825049039
26108,LOF,0.27472881796166115,0.04728926768240069,0.677981914355938
26109,LOF,0.09597353048604211,0.038786918653466444,0.8652395508604915
26110,LOF,0.46908237312468115,0.007184931531070542,0.5237326953442483
26111,LOF,0.04802261078467938,0.13952527076527935,0.8124521184500414
26112,LOF,0.056470311219327274,0.008023295903655338,0.9355063928770173
26113,LOF,0.11133127840608278,0.019673008159279005,0.8689957134346382
26114,LOF,0.09231131461237425,0.006961022894386662,0.9007276624932391
26115,LOF,0.015049107700413253,0.04241071235047386,0.9425401799491129
26116,LOF,0.07325620215027254,0.019611594992914608,0.907132202856813
26117,LOF,0.3932451972918788,0.03304219826327692,0.5737126044448444
26118,LOF,0.04989799953144715,0.015411078884214464,0.9346909215843383
26119,LOF,0.006271206042746642,0.035846195052960904,0.9578825989042925
26120,LOF,0.034987674712432554,0.015063888426594245,0.9499484368609733
26121,LOF,0.004502594133679133,0.12007714287994381,0.875420262986377
