feature0,prediction,LoGoFunc_Neutral,LoGoFunc_GOF,LoGoFunc_LOF
25546,Neutral,0.6634735973587653,0.043588159720905954,0.2929382429203286
25547,Neutral,0.5735138243063107,0.09256238909477527,0.33392378659891403
25548,Neutral,0.5401497419085376,0.07075436282899805,0.3890958952624644
25549,Neutral,0.5005677140133183,0.07123880042697309,0.4281934855597085
25550,LOF,0.41490728151051814,0.12237433157230161,0.4627183869171802
25551,LOF,0.3376399274893102,0.12289589182916835,0.5394641806815214
25552,LOF,0.1937544630220229,0.13651369801158292,0.6697318389663943
25553,Neutral,0.8259558764486505,0.03429051586415865,0.13975360768719086
25554,LOF,0.2362987430575128,0.13334733104543384,0.6303539258970534
25555,LOF,0.18449318357259872,0.123773563488555,0.6917332529388464
25556,Neutral,0.5302876206336573,0.09816885365246586,0.3715435257138767
25557,LOF,0.18169548931726123,0.1279672799209279,0.6903372307618109
25558,LOF,0.23321955686714402,0.14173189230944952,0.6250485508234065
25559,Neutral,0.600789608748084,0.06545824958762801,0.333752141664288
25560,LOF,0.04242092717953933,0.2739447538526449,0.6836343189678158
25561,LOF,0.08616307759714291,0.3077914318416583,0.6060454905611988
25562,LOF,0.10757720441736995,0.13761105753902625,0.7548117380436037
25563,LOF,0.09888076406975355,0.15562394272114363,0.7454952932091029
25564,LOF,0.06944425316026433,0.22244543139333156,0.7081103154464041
25565,LOF,0.13258314457383913,0.22095227065554876,0.6464645847706122
25566,GOF,0.014760349949120373,0.7125807606714748,0.27265888937940497
25567,LOF,0.01566961963718923,0.11920089656035136,0.8651294838024594
25568,LOF,0.05379192028068214,0.06541035155931964,0.8807977281599982
25569,LOF,0.06509229243721054,0.06788860373923082,0.8670191038235586
25570,LOF,0.07367538123168726,0.10538399454449873,0.8209406242238141
25571,LOF,0.07217727219500568,0.09353162856864083,0.8342910992363536
25572,LOF,0.07038906032028104,0.14071055104046556,0.7889003886392534
25573,LOF,0.03314729996510107,0.08160125400383095,0.885251446031068
25574,LOF,0.01876433656762711,0.13488168009088572,0.846353983341487
25575,LOF,0.06337893311422653,0.09988579725891918,0.8367352696268544
25576,LOF,0.021515656486615516,0.10620979238987255,0.8722745511235119
25577,LOF,0.015234008533202486,0.13882290951138956,0.845943081955408
25578,LOF,0.2553902433047735,0.08304252006912985,0.6615672366260967
25579,LOF,0.2572361695804001,0.08219381434317602,0.660570016076424
25580,LOF,0.04300795741351077,0.09123149158300545,0.8657605510034838
25581,LOF,0.05329892579241359,0.0676980815712778,0.8790029926363087
25582,LOF,0.053063768416039284,0.0660490461821459,0.8808871854018148
25583,LOF,0.05454925054935018,0.09646610810411203,0.8489846413465377
25584,Neutral,0.4902221569651357,0.07633016809513456,0.4334476749397297
25585,LOF,0.03452597003347447,0.10559364327790088,0.8598803866886247
25586,LOF,0.040608768091553865,0.07392832102809917,0.885462910880347
25587,LOF,0.03567253864228413,0.06553600523842935,0.8987914561192866
25588,LOF,0.038454190277790005,0.08114617971133153,0.8803996300108785
25589,Neutral,0.6183677055489645,0.09246245459590897,0.28916983985512656
25590,LOF,0.03005399632067846,0.12215305641273612,0.8477929472665855
25591,LOF,0.11472515508555829,0.05637121656971694,0.8289036283447249
25592,LOF,0.10948024278324689,0.1178855585844504,0.7726341986323026
25593,LOF,0.017398206356109065,0.21940084231388118,0.7632009513300098
25594,LOF,0.04118042813364833,0.1181002175094548,0.8407193543568969
25595,LOF,0.0770473793785017,0.08431233555270674,0.8386402850687916
25596,LOF,0.0781962717742692,0.07310123610698491,0.8487024921187459
25597,LOF,0.07464159343555275,0.0391844677995106,0.8861739387649366
25598,LOF,0.053339636161522604,0.1130066969039577,0.8336536669345196
25599,GOF,0.006583309524080253,0.6869419213084546,0.3064747691674651
25600,GOF,0.006878613714954234,0.5760825284884453,0.4170388577966003
25601,LOF,0.005811999407931264,0.4480432482790925,0.5461447523129762
25602,LOF,0.015595271813374034,0.07221196776595144,0.9121927604206744
25603,LOF,0.043713044987553996,0.03452014117055678,0.9217668138418893
25604,LOF,0.03693495684801776,0.0740370062536305,0.8890280368983517
25605,LOF,0.010814610013918213,0.23886452398252778,0.750320866003554
25606,GOF,0.05666316768357674,0.53748591816307,0.40585091415335334
25607,LOF,0.0038012185278972366,0.14906209237020768,0.8471366891018951
25608,LOF,0.04412757033511046,0.03993104472283069,0.9159413849420588
25609,LOF,0.06165354660589671,0.2678965062222613,0.6704499471718419
25610,LOF,0.052501253653029295,0.0444492803567966,0.903049465990174
25611,LOF,0.061400965069196775,0.03393051265761381,0.9046685222731895
25612,LOF,0.12993286028860376,0.07958271756710558,0.7904844221442907
25613,LOF,0.11154820872917144,0.06922831988909017,0.8192234713817385
25614,LOF,0.04231688342420009,0.04716445131153421,0.9105186652642657
25615,LOF,0.07794721356071047,0.0555622104219662,0.8664905760173233
25616,LOF,0.04208351649010326,0.05771317272636323,0.9002033107835336
25617,LOF,0.04306646604727729,0.05820527630705238,0.8987282576456702
25618,LOF,0.2507595221008192,0.04754500405351634,0.7016954738456644
25619,LOF,0.041034777439844225,0.04863098917464682,0.910334233385509
25620,LOF,0.042186561471033994,0.060340216868447406,0.8974732216605186
25621,LOF,0.043748287201204945,0.04752678165874817,0.9087249311400468
25622,LOF,0.03464028733268656,0.06725876133095068,0.8981009513363628
25623,LOF,0.05553721717022815,0.05540192905520536,0.8890608537745666
25624,LOF,0.03522843873797406,0.061043027186073136,0.9037285340759528
25625,LOF,0.04469810616367642,0.07157014252857533,0.8837317513077483
25626,LOF,0.08027068807820723,0.059496076253718,0.8602332356680749
25627,Neutral,0.5515244073824396,0.12359781712866545,0.324877775488895
25628,LOF,0.20429465013169332,0.05145101788086307,0.7442543319874436
25629,LOF,0.0774643040570322,0.13313746381731253,0.7893982321256553
25630,LOF,0.18501328917980464,0.0867093373892113,0.728277373430984
25631,Neutral,0.5929091577168941,0.05807273201807418,0.3490181102650317
25632,LOF,0.02067990557051715,0.08190606670328718,0.8974140277261956
25633,LOF,0.22745404814373177,0.08575292885237382,0.6867930230038944
25634,LOF,0.038678979521110886,0.09096235891227038,0.8703586615666188
25635,LOF,0.038412443642758864,0.07019398161690349,0.8913935747403375
25636,GOF,0.005670484692678859,0.6589601546248763,0.33536936068244483
25637,GOF,0.004164865457837279,0.5088563022865253,0.48697883225563743
25638,LOF,0.007665354147944868,0.4812140121861995,0.5111206336658557
25639,LOF,0.00462031548000977,0.43242545164448454,0.5629542328755056
25640,GOF,0.4018856448810757,0.5364054439598356,0.061708911159088664
25641,LOF,0.005092438954763514,0.39264189316535547,0.6022656678798811
25642,LOF,0.24782561197045674,0.14120197340073729,0.610972414628806
25643,LOF,0.2524269982112357,0.28894965930692956,0.4586233424818347
25644,GOF,0.012987766174301878,0.7318456524161931,0.255166581409505
25645,GOF,0.009571847498376142,0.6735159166146487,0.31691223588697526
25646,LOF,0.010060200677819252,0.48163843358895536,0.5083013657332254
25647,LOF,0.00974671954883923,0.3615388469908822,0.6287144334602786
25648,LOF,0.006846908718082303,0.43878712709745143,0.5543659641844663
25649,LOF,0.006801347883769386,0.29524462307181504,0.6979540290444156
25650,GOF,0.020884959787827086,0.6494079043534315,0.3297071358587414
25651,LOF,0.0055520683745251855,0.3411832515327815,0.6532646800926933
25652,LOF,0.010024551281032728,0.45673935021963363,0.5332360984993336
25653,GOF,0.04224564959246174,0.6398527171288273,0.317901633278711
25654,LOF,0.007263486134891306,0.4370206621637556,0.5557158517013531
25655,GOF,0.059377600256912355,0.6270494772117786,0.313572922531309
25656,LOF,0.10247943660499167,0.09538498324737943,0.8021355801476289
25657,LOF,0.3105915687644555,0.04125335913349493,0.6481550721020497
25658,LOF,0.042824211399972945,0.15276060303340153,0.8044151855666255
25659,LOF,0.22438082008380353,0.08727776388621579,0.6883414160299807
25660,LOF,0.09253574029954088,0.09983968088431211,0.8076245788161469
25661,LOF,0.07036556638325805,0.08195175200359463,0.8476826816131473
25662,LOF,0.03685923668895278,0.07281859203203273,0.8903221712790146
25663,LOF,0.04571969759335027,0.13001639562009554,0.8242639067865541
25664,LOF,0.030816907044828284,0.1541328141909719,0.8150502787641998
25665,LOF,0.04481859915166855,0.0709211885701977,0.8842602122781338
25666,LOF,0.04504740911057008,0.17809081529900028,0.7768617755904296
25667,LOF,0.03809463630737564,0.06567022732722905,0.8962351363653954
25668,LOF,0.05423480883722359,0.06970482403298764,0.8760603671297887
25669,LOF,0.05687630890628517,0.10200358034444688,0.841120110749268
25670,LOF,0.07226366330653247,0.09447594174112611,0.8332603949523414
25671,LOF,0.047841544963367025,0.060298788124871994,0.8918596669117611
25672,LOF,0.05118913482205255,0.08179267156143126,0.8670181936165162
25673,LOF,0.038901734376837846,0.07717024196537171,0.8839280236577904
25674,LOF,0.027297812613300727,0.09519525913105432,0.8775069282556449
25675,LOF,0.03522392325334682,0.0751963973738292,0.889579679372824
25676,LOF,0.036436125514734886,0.07980121290007865,0.8837626615851865
25677,LOF,0.08856122707856037,0.06689631486113985,0.8445424580602998
25678,LOF,0.18011311893840024,0.057014088028209446,0.7628727930333904
25679,LOF,0.12472819526734398,0.06326191475890686,0.8120098899737492
25680,LOF,0.09223751532481006,0.10539077969990472,0.8023717049752852
25681,LOF,0.10531913982792848,0.09790566743816041,0.7967751927339111
25682,LOF,0.0572972195440891,0.06728511147523061,0.8754176689806803
25683,LOF,0.07813820059168251,0.07891723371371995,0.8429445656945975
25684,LOF,0.06536750415127149,0.07404069436665954,0.8605918014820689
25685,LOF,0.12180392154886205,0.04530799240576044,0.8328880860453776
25686,LOF,0.02537130497156109,0.09406796854701849,0.8805607264814204
25687,LOF,0.05880389319859029,0.08698666250997293,0.8542094442914369
25688,LOF,0.018360527757802107,0.06285992337487338,0.9187795488673245
25689,LOF,0.018382874680011287,0.04172335133011205,0.9398937739898766
25690,LOF,0.017963702426714395,0.04815784833338272,0.9338784492399029
25691,LOF,0.11032544144959705,0.0696670988245746,0.8200074597258283
25692,LOF,0.27213006989190913,0.013159706625004711,0.7147102234830861
25693,LOF,0.03226864318299391,0.28478655486371224,0.6829448019532939
25694,LOF,0.24553283907834608,0.013342022363546972,0.7411251385581069
25695,LOF,0.18009164396371546,0.02882274615090579,0.7910856098853787
25696,LOF,0.09211057360550792,0.02861294836581058,0.8792764780286816
25697,LOF,0.07220810482905281,0.04359544231387641,0.8841964528570709
25698,LOF,0.014295219771793625,0.4411747056862796,0.5445300745419267
25699,LOF,0.07915860720520634,0.1186954348217773,0.8021459579730164
25700,LOF,0.03331804259038638,0.021941999665575626,0.9447399577440381
25701,LOF,0.013865124199574001,0.14993653913373725,0.8361983366666887
25702,GOF,0.023193040790391597,0.7832774512138604,0.19352950799574783
25703,LOF,0.01498545649502038,0.32364396113391225,0.6613705823710673
25704,LOF,0.06766930565066812,0.2097552463934718,0.7225754479558602
25705,LOF,0.05871271490566501,0.21852035260789768,0.7227669324864373
25706,GOF,0.016476968265563833,0.6672964579162193,0.31622657381821684
25707,GOF,0.02376217995435438,0.5537864725940512,0.4224513474515945
25708,GOF,0.007171323442105515,0.5429733391812068,0.4498553373766878
25709,LOF,0.02718267823740889,0.09969386608403613,0.8731234556785551
25710,LOF,0.005652515952341938,0.18648714858295304,0.8078603354647051
25711,LOF,0.0279086570551499,0.1704333711020774,0.8016579718427728
25712,LOF,0.007671838485213138,0.25560002275503174,0.7367281387597552
25713,LOF,0.027801045909301728,0.153928962933119,0.8182699911575794
25714,LOF,0.02487887510063825,0.19065014236331457,0.7844709825360472
25715,LOF,0.030827530571960193,0.16041127390318818,0.8087611955248517
25716,LOF,0.005859604308179554,0.1941145497853356,0.8000258459064848
25717,LOF,0.00573352737926788,0.1855237295572625,0.8087427430634696
25718,LOF,0.02921688897903128,0.12136011564511778,0.849422995375851
25719,LOF,0.037496771743351864,0.17871606332519824,0.7837871649314498
25720,LOF,0.04180723615942244,0.14968508017831292,0.8085076836622648
25721,LOF,0.02702743090552523,0.15164072508192347,0.8213318440125513
25722,LOF,0.018603218859992183,0.20359874007173154,0.7777980410682763
25723,LOF,0.031040795236593775,0.15248132386287544,0.8164778809005308
25724,LOF,0.041886940148087824,0.27999825958433494,0.6781148002675773
25725,LOF,0.030576796904236807,0.12830554193381433,0.8411176611619489
25726,LOF,0.020032149530707675,0.1847065541991683,0.7952612962701241
25727,LOF,0.028339223327522447,0.17699343141274917,0.7946673452597283
25728,LOF,0.027606238249664676,0.1661791045177608,0.8062146572325746
25729,LOF,0.028072464414290333,0.17977580115595934,0.7921517344297504
25730,LOF,0.03370699084769765,0.11564165916495711,0.8506513499873454
25731,LOF,0.00921424879188359,0.1848979060953092,0.8058878451128073
25732,LOF,0.023581837652717385,0.12928216348876626,0.8471359988585163
25733,LOF,0.03841329314965893,0.12183482188938666,0.8397518849609544
25734,LOF,0.006154294831929729,0.3179380450252834,0.6759076601427869
25735,LOF,0.026684909450050563,0.10986497767713771,0.8634501128728118
25736,LOF,0.024200688077436912,0.20508562053528795,0.7707136913872752
25737,LOF,0.0355043236178629,0.14510537460898582,0.8193903017731512
25738,LOF,0.02689514609485542,0.23056365766938855,0.742541196235756
25739,LOF,0.029610232325584154,0.13566947157557446,0.8347202960988414
25740,LOF,0.03263929221551022,0.17558282484720186,0.7917778829372878
25741,LOF,0.03939830570421137,0.1491029730986484,0.8114987211971402
25742,LOF,0.05185911879606605,0.1542697768505858,0.7938711043533482
25743,LOF,0.011992241543738057,0.02055708006902402,0.967450678387238
25744,LOF,0.18585272990806978,0.1717248429006556,0.6424224271912746
25745,LOF,0.03464615491460296,0.05185277608796924,0.9135010689974277
25746,LOF,0.013953964154626432,0.07732163299857336,0.9087244028468002
25747,LOF,0.046900092386283676,0.026004132006422733,0.9270957756072936
25748,LOF,0.2970972891619596,0.043448690590418386,0.659454020247622
25749,LOF,0.015832934198486852,0.04586097034084528,0.938306095460668
25750,LOF,0.021814661157032476,0.053532952804362446,0.9246523860386051
25751,LOF,0.04403944749410521,0.04183928553407791,0.9141212669718168
25752,GOF,0.07543661603996675,0.7119777781961343,0.21258560576389895
25753,LOF,0.007517239991286608,0.4569417460043177,0.5355410140043957
25754,GOF,0.007384861230823429,0.9091525050160152,0.08346263375316147
25755,LOF,0.00706614510247288,0.45179964200772876,0.5411342128897983
25756,GOF,0.024421893416286453,0.4884018292170941,0.48717627736661967
25757,GOF,0.008586595690300762,0.8899200307652608,0.10149337354443845
25758,GOF,0.008504777033791416,0.9074060762260681,0.08408914674014062
25759,GOF,0.005878498356449632,0.694110995616807,0.3000105060267435
25760,LOF,0.006180344545850123,0.34530497306262703,0.6485146823915229
25761,GOF,0.04588343514491603,0.867876104821258,0.08624046003382595
25762,LOF,0.027014235776656098,0.427601773063566,0.545383991159778
25763,LOF,0.006131738615280844,0.3311083803501153,0.6627598810346038
25764,GOF,0.0614434495423793,0.7136985620568916,0.22485798840072918
25765,GOF,0.00916424472096429,0.8947455270890872,0.0960902281899485
25766,GOF,0.02433109141203823,0.8705152798825806,0.10515362870538117
25767,GOF,0.02054807911690568,0.534887827357593,0.44456409352550125
25768,LOF,0.06087446648327062,0.05171986045132169,0.8874056730654077
25769,LOF,0.02621630797757877,0.05786515295163638,0.9159185390707848
25770,LOF,0.14336525093452746,0.08230011564452058,0.774334633420952
25771,LOF,0.01921945917694373,0.0745675331994524,0.9062130076236038
25772,LOF,0.03114005097273049,0.030316764631140424,0.938543184396129
25773,LOF,0.01487489097478995,0.07196312332765217,0.9131619856975578
25774,LOF,0.028800087480197984,0.1240339826563256,0.8471659298634764
25775,LOF,0.018785156186709707,0.040227076492057236,0.9409877673212331
25776,LOF,0.02943585366259776,0.019709247078931885,0.9508548992584703
25777,LOF,0.29898309122188266,0.06763996863831574,0.6333769401398016
25778,LOF,0.02658909880226084,0.06140451325772506,0.9120063879400142
25779,GOF,0.059919640860581116,0.8635759470904312,0.07650441204898782
25780,GOF,0.07028785043675335,0.8666676739304594,0.06304447563278719
25781,GOF,0.03047311914641526,0.8369464141583881,0.1325804666951965
25782,GOF,0.03910239020064675,0.887504599728124,0.07339301007122911
25783,GOF,0.03836384900490098,0.9031634696755306,0.058472681319568474
25784,GOF,0.1330410478064341,0.8128516758914223,0.05410727630214369
25785,GOF,0.11725997640105036,0.8418236241627189,0.040916399436230655
25786,GOF,0.010286939649047254,0.8564472401040257,0.13326582024692685
25787,GOF,0.2600123174092663,0.684646111555532,0.055341571035201646
25788,LOF,0.018412011132390358,0.2137847714513529,0.7678032174162568
25789,GOF,0.020426808322247,0.837306895703299,0.142266295974454
25790,GOF,0.03286527869041181,0.8793847451796191,0.08774997612996922
25791,GOF,0.0267899956029528,0.7293568276040163,0.24385317679303095
25792,GOF,0.03341400917126908,0.7860749475029328,0.180511043325798
25793,GOF,0.04625432639060516,0.812334718077591,0.14141095553180383
25794,GOF,0.04915072079865586,0.7230892878986247,0.22775999130271957
25795,GOF,0.053167364635146826,0.748183312359675,0.19864932300517812
25796,GOF,0.13512141626994015,0.773852152647596,0.09102643108246387
25797,GOF,0.07019289154944461,0.7150536898085622,0.21475341864199313
25798,GOF,0.0071261838768407445,0.7956437283114645,0.1972300878116948
25799,GOF,0.0048532067801794684,0.6890557127344664,0.30609108048535416
25800,GOF,0.025385534797707405,0.8415364310436695,0.13307803415862302
25801,GOF,0.026473260370754557,0.8887954877259918,0.08473125190325359
25802,GOF,0.027988424085262264,0.7928759909482573,0.1791355849664803
25803,GOF,0.02008762259065585,0.7218150365955944,0.25809734081374985
25804,GOF,0.03180609088094835,0.7843047670505505,0.18388914206850115
25805,GOF,0.03093424446461888,0.8214527888933141,0.14761296664206722
25806,GOF,0.04156468270151731,0.8245137346838365,0.13392158261464612
25807,GOF,0.01708156289917239,0.7784422181961631,0.20447621890466464
25808,GOF,0.026819714790496673,0.7888703775973486,0.1843099076121548
25809,GOF,0.015401133119250874,0.7202250498301519,0.2643738170505971
25810,GOF,0.013129432866571854,0.7051919009110447,0.2816786662223835
25811,GOF,0.07173373162761226,0.8497587341278335,0.07850753424455414
25812,GOF,0.032061930647757544,0.7707017753477955,0.19723629400444706
25813,GOF,0.18318222971980913,0.7377794143602849,0.07903835591990596
25814,GOF,0.03010569758495648,0.7601675160383994,0.2097267863766441
25815,GOF,0.060580741284816844,0.8093609958843632,0.13005826283081992
25816,GOF,0.010060933087027104,0.8673723675330495,0.12256669937992347
25817,GOF,0.11134718941191307,0.7579275454103397,0.1307252651777474
25818,GOF,0.02905528497583023,0.7895598191341151,0.18138489589005463
25819,GOF,0.05325854002639799,0.7667097758122312,0.1800316841613709
25820,GOF,0.05843043777075222,0.7276233046775136,0.21394625755173408
25821,GOF,0.03960537993890321,0.7810284926679052,0.1793661273931915
25822,GOF,0.06559148852841555,0.7575206891770268,0.17688782229455766
25823,GOF,0.031593805407877526,0.7305126349462283,0.23789355964589418
25824,GOF,0.03410293960191378,0.7745826582441994,0.19131440215388698
25825,GOF,0.02452808286820968,0.7774793409147633,0.19799257621702698
25826,GOF,0.012820586672458799,0.7285719317471832,0.2586074815803581
25827,GOF,0.017640424769758932,0.7164594667648229,0.2659001084654182
25828,GOF,0.010925580224023006,0.7651609584175476,0.2239134613584293
25829,GOF,0.0047611535925066685,0.6711401708759199,0.3240986755315733
25830,GOF,0.04730599929920318,0.5591984382432458,0.39349556245755113
25831,GOF,0.07061332547869127,0.8006826891064707,0.12870398541483816
25832,GOF,0.011368966304661186,0.7390722931326078,0.2495587405627311
25833,GOF,0.03799009691114181,0.8086574536775687,0.15335244941128956
25834,GOF,0.011832895611904554,0.7622834761944984,0.22588362819359686
25835,GOF,0.026767970011304824,0.8267092665377836,0.14652276345091145
25836,GOF,0.007726698798114576,0.7566192973163476,0.23565400388553795
25837,GOF,0.00915722417797779,0.7684126664677688,0.22243010935425328
25838,GOF,0.020073206186522,0.8272099518660222,0.1527168419474558
25839,GOF,0.05011444766242896,0.7866066494456987,0.1632789028918724
25840,GOF,0.07937701984953274,0.7709998927062262,0.149623087444241
25841,GOF,0.07749228186670946,0.8086558517329155,0.113851866400375
25842,GOF,0.027267996542396422,0.8729055505634521,0.09982645289415154
25843,GOF,0.027175012120605326,0.8750978822810115,0.09772710559838334
25844,GOF,0.020578605837569285,0.8146199085018665,0.16480148566056416
25845,GOF,0.0069910897851108485,0.7146526163319538,0.2783562938829353
25846,GOF,0.07015867285478829,0.8384547410574421,0.09138658608776955
25847,GOF,0.017245880191547845,0.8759163204190082,0.10683779938944404
25848,GOF,0.023447119393071727,0.8193360706889374,0.1572168099179907
25849,GOF,0.007600839755958328,0.7943159575758921,0.19808320266814958
25850,GOF,0.007215905192368782,0.7114321049783994,0.2813519898292319
25851,GOF,0.006451564726587682,0.6521648425978225,0.3413835926755898
25852,GOF,0.14662598993968545,0.5617222537216758,0.2916517563386387
25853,GOF,0.06058633018318622,0.7814200923353118,0.15799357748150203
25854,GOF,0.0067339989961208435,0.7230483616134662,0.27021763939041293
25855,GOF,0.02256411679636127,0.6453353711503269,0.33210051205331176
25856,GOF,0.04664391738209776,0.7366225606199182,0.21673352199798415
25857,GOF,0.02279765113292841,0.647582937890686,0.32961941097638564
25858,GOF,0.009931603638099471,0.6003235751035256,0.38974482125837495
25859,GOF,0.0074012076850044845,0.577272042615634,0.41532674969936145
25860,GOF,0.08574869434742863,0.7473944766003316,0.16685682905223956
25861,GOF,0.10870387463131573,0.8056436688782519,0.08565245649043228
25862,GOF,0.02213994656260603,0.889452793286317,0.08840726015107675
25863,GOF,0.02040497600261653,0.8683826465981246,0.111212377399259
25864,GOF,0.0372977318149426,0.8807864188303245,0.08191584935473294
25865,GOF,0.039140080783084556,0.86283800454593,0.0980219146709854
25866,GOF,0.01966859202504214,0.860965814888753,0.1193655930862048
25867,GOF,0.04691442612221513,0.8550948837614504,0.09799069011633443
25868,GOF,0.06746862798554473,0.7797539686860614,0.15277740332839385
25869,GOF,0.3031714629523377,0.589044772951207,0.10778376409645517
25870,GOF,0.07047800947268272,0.5794764582774812,0.35004553224983603
25871,GOF,0.00928909501691144,0.8148791708063309,0.17583173417675765
25872,GOF,0.02250498404810981,0.7957412321056605,0.18175378384622964
25873,GOF,0.0202958649482339,0.8733827584669523,0.10632137658481383
25874,LOF,0.021326870133301177,0.21246989998049204,0.7662032298862069
25875,LOF,0.018573058567657914,0.1280002255499581,0.8534267158823841
25876,LOF,0.02226996880100364,0.06236969687193275,0.9153603343270635
25877,LOF,0.08737343419753803,0.21874836181612162,0.6938782039863404
25878,LOF,0.05368019593731349,0.28699482380477853,0.659324980257908
25879,LOF,0.009129364459338696,0.17644172836195013,0.8144289071787112
25880,LOF,0.04072798910589426,0.020567727812101404,0.9387042830820044
25881,Neutral,0.5399786013992809,0.11938383386650579,0.34063756473421336
25882,LOF,0.04905857502469438,0.03401735965775774,0.9169240653175479
25883,LOF,0.030973063293274053,0.027733928119679573,0.9412930085870463
25884,LOF,0.017931405846650567,0.040569343970288795,0.9414992501830606
25885,LOF,0.15709894007891495,0.015307198660475264,0.8275938612606099
25886,LOF,0.271614381386868,0.051513145960193484,0.6768724726529386
25887,LOF,0.0745748306320952,0.1843185534185827,0.741106615949322
25888,LOF,0.008161420341575942,0.2070512262744014,0.7847873533840226
25889,LOF,0.02728293257313121,0.03286671585844121,0.9398503515684276
25890,LOF,0.18706048116283813,0.06672481269088208,0.7462147061462797
25891,LOF,0.11394624357573477,0.044330965235472725,0.8417227911887925
25892,LOF,0.008237188984951965,0.03562016017381435,0.9561426508412338
25893,LOF,0.2820924472790368,0.011294107099592436,0.7066134456213707
25894,LOF,0.3301945540678081,0.007870188104158675,0.6619352578280332
25895,LOF,0.2719886639370903,0.015332569249464302,0.7126787668134452
25896,LOF,0.0847361118096852,0.03010328219156457,0.8851606059987502
25897,LOF,0.11743289214119128,0.013113092980791243,0.8694540148780174
25898,LOF,0.11434532701758765,0.0348285700988119,0.8508261028836004
25899,LOF,0.4155456178307913,0.04506504804626754,0.5393893341229412
25900,Neutral,0.6796935608163347,0.012809998578203976,0.30749644060546133
25901,LOF,0.05855620618089229,0.013589288904457113,0.9278545049146506
25902,LOF,0.07022755017976869,0.012230477903788265,0.917541971916443
25903,LOF,0.16335626920333554,0.03596879768523205,0.8006749331114325
25904,LOF,0.4646047072591832,0.06616216444804196,0.46923312829277497
25905,LOF,0.007477691750500097,0.4043908391454883,0.5881314691040116
25906,LOF,0.009727442818204212,0.06529463132193983,0.9249779258598559
25907,LOF,0.009193845096202496,0.2754879315371421,0.7153182233666555
25908,LOF,0.008441012792086016,0.26348977892193215,0.7280692082859819
25909,LOF,0.03371183488379086,0.10983693025864394,0.8564512348575651
25910,LOF,0.015771637196512433,0.10679420796048986,0.8774341548429977
25911,LOF,0.19560349953530043,0.018491730500061927,0.7859047699646375
25912,LOF,0.13511855946281004,0.019391963449037878,0.8454894770881521
25913,LOF,0.0192766492855534,0.023392295201793874,0.9573310555126527
25914,LOF,0.04764842828772373,0.02331643046177219,0.929035141250504
25915,LOF,0.21546369322076708,0.22620974993592197,0.5583265568433109
25916,LOF,0.014477439689328554,0.10378735629989255,0.8817352040107789
25917,LOF,0.07202758393232472,0.02862892912116777,0.8993434869465076
25918,LOF,0.050055886260326414,0.01558819252971579,0.9343559212099578
25919,LOF,0.04040659715693979,0.016879607095357005,0.9427137957477032
25920,LOF,0.38628802416243585,0.17746258954154803,0.436249386296016
25921,LOF,0.01917862752026594,0.020899257142069604,0.9599221153376645
25922,LOF,0.019298534185120137,0.021472584851931147,0.9592288809629488
25923,LOF,0.46818671274628754,0.013241758674567481,0.5185715285791449
25924,LOF,0.026611376940938507,0.01816391115879759,0.9552247119002639
25925,LOF,0.11263680991449324,0.028359651016042597,0.8590035390694643
25926,LOF,0.09447416364387536,0.021400308403775794,0.8841255279523489
25927,LOF,0.028650220247825903,0.026613546963654946,0.9447362327885191
25928,LOF,0.013905176423397933,0.013092183267979783,0.9730026403086223
25929,Neutral,0.6002400466557789,0.013040772649869373,0.38671918069435174
25930,LOF,0.06501276954771988,0.012418429805506595,0.9225688006467736
25931,LOF,0.015165426699152875,0.012133986075686554,0.9727005872251606
25932,LOF,0.08484544891318117,0.01022396636275389,0.904930584724065
25933,LOF,0.09176841623018127,0.008177349827849715,0.900054233941969
25934,LOF,0.09566398541894167,0.008771785195868948,0.8955642293851894
25935,LOF,0.10811016131544911,0.023506832513610514,0.8683830061709403
25936,LOF,0.09667075904734183,0.008375478278618597,0.8949537626740396
25937,LOF,0.016227833064472362,0.016989585240827745,0.9667825816946999
25938,LOF,0.10791663334696185,0.022035808534044406,0.8700475581189938
25939,LOF,0.06901756687546219,0.013355419358117245,0.9176270137664206
25940,GOF,0.009124228730215407,0.5722451487409321,0.4186306225288525
25941,Neutral,0.4847010396258626,0.03370992935540995,0.4815890310187273
25942,LOF,0.0123572434401478,0.055764409211528025,0.9318783473483242
25943,LOF,0.056404800150983016,0.1740632412963872,0.7695319585526298
25944,LOF,0.04278573454763484,0.10131786113972974,0.8558964043126355
25945,LOF,0.1985881273700437,0.028669692995986384,0.77274217963397
25946,LOF,0.0809455123093561,0.045967356931233015,0.8730871307594108
25947,Neutral,0.48483051610001293,0.13809461653720453,0.3770748673627825
25948,Neutral,0.5012517207025763,0.02113361655678935,0.4776146627406344
25949,LOF,0.11322692578832125,0.053999988345617964,0.8327730858660608
25950,GOF,0.0901035954697007,0.6540109849248471,0.25588541960545214
25951,LOF,0.015870182307806444,0.4571066377000888,0.5270231799921047
25952,LOF,0.1555772879025458,0.2818590454495917,0.5625636666478625
25953,LOF,0.007583350602796525,0.30097635119482863,0.6914402982023748
25954,GOF,0.060380556400506956,0.48499704656039977,0.4546223970390932
25955,LOF,0.007950067647891017,0.32032251503735065,0.6717274173147584
25956,LOF,0.010149423884355566,0.3596939919334282,0.6301565841822162
25957,LOF,0.1727071808833385,0.04231058580236452,0.7849822333142968
25958,LOF,0.02393554081489987,0.05601624903056111,0.920048210154539
25959,GOF,0.006255025118130422,0.7137535816281675,0.27999139325370204
25960,LOF,0.005380629539908407,0.10166744525139539,0.8929519252086963
25961,LOF,0.025478277557526362,0.05451961521886018,0.9200021072236135
25962,LOF,0.03608003104660882,0.08844618089335239,0.8754737880600388
25963,LOF,0.01024425956526716,0.15163960394007442,0.8381161364946584
25964,LOF,0.050398900842506755,0.09328475840804945,0.8563163407494438
25965,LOF,0.1626464988739496,0.1666478460325914,0.670705655093459
25966,LOF,0.3547778453532947,0.08299639890968855,0.5622257557370167
25967,LOF,0.007528256172376695,0.09416278840199983,0.8983089554256235
25968,LOF,0.050787936634010405,0.30014217517916125,0.6490698881868283
25969,LOF,0.13338800270073697,0.0894152171830914,0.7771967801161715
25970,LOF,0.05571160985292097,0.06604666895431092,0.8782417211927681
25971,LOF,0.06578752674315017,0.029014133952176325,0.9051983393046734
25972,LOF,0.0646031455832621,0.03283802879359188,0.902558825623146
25973,LOF,0.08636690302157764,0.013486510587986021,0.9001465863904363
25974,LOF,0.06720927749625383,0.050744789963876345,0.8820459325398698
25975,LOF,0.03100394540286177,0.01661824183116927,0.9523778127659689
25976,LOF,0.09260884195908609,0.01554006946962088,0.891851088571293
25977,LOF,0.2432752522273078,0.07089566215290871,0.6858290856197835
25978,LOF,0.15912091512260693,0.1585397612036307,0.6823393236737624
25979,LOF,0.1165489067887604,0.15903413480541326,0.7244169584058263
25980,LOF,0.19415299942363054,0.2735741345143158,0.5322728660620537
25981,LOF,0.19532514748696153,0.2774338946382006,0.5272409578748378
25982,LOF,0.2795378185204699,0.14938812768969584,0.5710740537898342
25983,Neutral,0.4537658927175712,0.1350000735329545,0.4112340337494742
25984,LOF,0.06232103706441453,0.07376076753124339,0.8639181954043421
25985,Neutral,0.4859359478605691,0.1314206436480084,0.3826434084914224
25986,LOF,0.011756633619447293,0.40458641348186375,0.583656952898689
25987,LOF,0.03438413713464395,0.08009096953808843,0.8855248933272676
25988,LOF,0.04954788654137227,0.09167755032364322,0.8587745631349846
25989,LOF,0.04356465305624564,0.11626837311354182,0.8401669738302127
25990,LOF,0.047301057247594036,0.22412906150755416,0.7285698812448518
25991,GOF,0.02193907944871731,0.5317133931876358,0.4463475273636469
25992,LOF,0.01121939995754705,0.4400205216149365,0.5487600784275164
25993,LOF,0.020831576327506103,0.06016007500356018,0.9190083486689337
25994,LOF,0.028057508884369788,0.07355258704972975,0.8983899040659006
25995,LOF,0.019522627365925572,0.11824041930023475,0.8622369533338398
25996,GOF,0.3409970929980267,0.4345215482085591,0.2244813587934141
25997,GOF,0.05784160012928107,0.6049905664568366,0.33716783341388235
25998,LOF,0.2421681151909415,0.03295951428826551,0.724872370520793
25999,LOF,0.023343885768884763,0.3055411866965308,0.6711149275345845
26000,LOF,0.1411238397808978,0.013706163218140985,0.8451699970009612
26001,LOF,0.15290031733795675,0.01860522720603279,0.8284944554560104
26002,LOF,0.1024023844166232,0.016103461998041177,0.8814941535853357
26003,GOF,0.0064787999214605705,0.5483995694784557,0.44512163060008375
26004,GOF,0.017174444261478405,0.5815937239123975,0.4012318318261241
26005,LOF,0.005731138650534255,0.49082419592767823,0.5034446654217875
26006,GOF,0.10971481018454361,0.5119418928836095,0.3783432969318469
26007,GOF,0.010510164024990838,0.5292336568975242,0.460256179077485
26008,GOF,0.007088328534859372,0.5692801427633184,0.42363152870182214
26009,GOF,0.012269838471042363,0.616993139276059,0.37073702225289856
26010,GOF,0.011512833280216812,0.5325866527750351,0.45590051394474806
26011,LOF,0.005814474606989216,0.40892297700335584,0.585262548389655
26012,GOF,0.005523878361761544,0.5045211114016767,0.48995501023656185
26013,LOF,0.010490891108502752,0.4698522979711497,0.5196568109203475
26014,LOF,0.04788977744083143,0.07409165999369897,0.8780185625654697
26015,LOF,0.36963704591894253,0.017426933992892125,0.6129360200881654
26016,LOF,0.26962735767116996,0.03533690797028006,0.69503573435855
26017,LOF,0.01657783826379042,0.13200195548680316,0.8514202062494064
26018,LOF,0.0222119859917789,0.056100069445069685,0.9216879445631514
26019,LOF,0.022156793082559818,0.04770267925680182,0.9301405276606384
26020,LOF,0.006607338666570803,0.11927546202496422,0.874117199308465
26021,LOF,0.07786011471920935,0.05575670644983435,0.8663831788309563
26022,LOF,0.043170413125694626,0.021134015607238203,0.9356955712670671
26023,LOF,0.03254651790822304,0.04121212540449819,0.9262413566872787
26024,LOF,0.04757427986095937,0.04066434161312426,0.9117613785259164
26025,LOF,0.13876084678248096,0.04795415194131891,0.8132850012762001
26026,LOF,0.12054943935017803,0.03877394271439135,0.8406766179354306
26027,LOF,0.029659956490651986,0.025333959850719033,0.945006083658629
26028,LOF,0.08368908113568768,0.1859911408904261,0.7303197779738861
26029,LOF,0.03667335901483528,0.19130223490900986,0.7720244060761549
26030,LOF,0.12239491875388034,0.02287472405083442,0.8547303571952852
26031,LOF,0.016243426137011033,0.1920481976816835,0.7917083761813055
26032,LOF,0.03043420731920311,0.034041331172832416,0.9355244615079645
26033,LOF,0.04750483101473168,0.05337529002599733,0.8991198789592709
26034,LOF,0.02275135418658519,0.12147993415827674,0.8557687116551381
26035,LOF,0.01328116096600967,0.1501226285125682,0.8365962105214222
26036,LOF,0.012095895940280764,0.11635771178947514,0.8715463922702441
26037,LOF,0.012030723732764386,0.1214298875074396,0.866539388759796
26038,LOF,0.02571420212516331,0.031557834474243124,0.9427279634005935
26039,LOF,0.038341529764950186,0.16481292803707545,0.7968455421979743
26040,LOF,0.08183586569289,0.20290049377395367,0.7152636405331564
26041,LOF,0.01430041547595257,0.12740158463646184,0.8582979998875855
26042,LOF,0.013750769037590357,0.13246808066234644,0.8537811503000633
26043,LOF,0.025636672146003014,0.05990862196561764,0.9144547058883793
26044,LOF,0.008000022095959635,0.06028991471707611,0.9317100631869641
26045,LOF,0.09660880835350848,0.2675767497812159,0.6358144418652757
26046,LOF,0.026022854295231664,0.05835026984900202,0.9156268758557663
26047,LOF,0.07207655203071606,0.0554261245231075,0.8724973234461765
26048,LOF,0.07692261062511226,0.028609709114822683,0.8944676802600651
26049,Neutral,0.9421503377520889,0.007316846144391534,0.05053281610351967
26050,Neutral,0.8999349915844244,0.008719307605463595,0.09134570081011205
26051,LOF,0.03190411635502204,0.2945920810244047,0.6735038026205733
26052,LOF,0.03803274664851759,0.2584722714717905,0.7034949818796918
26053,LOF,0.02093046926138374,0.2229956584391715,0.7560738722994448
26054,LOF,0.058507260237906464,0.04932331951537911,0.8921694202467144
26055,LOF,0.07628009482239835,0.05055504810921714,0.8731648570683844
26056,LOF,0.07074679217334807,0.05275409961593427,0.8764991082107175
26057,LOF,0.04956261130089569,0.020371863714089354,0.930065524985015
26058,LOF,0.055516077499015874,0.01666193915907547,0.9278219833419086
26059,LOF,0.2640486535489889,0.0678146320924232,0.6681367143585879
26060,LOF,0.017453344232135258,0.2187612172666326,0.763785438501232
26061,LOF,0.01344527440299819,0.013458694335932825,0.9730960312610689
26062,LOF,0.006012423561460614,0.0268919656063914,0.9670956108321481
26063,LOF,0.04244482441234645,0.015168993253676476,0.9423861823339771
26064,LOF,0.008951614250626896,0.02058119464318349,0.9704671911061895
26065,LOF,0.04975278888314565,0.019915056516053586,0.9303321546008007
26066,LOF,0.04173076987453954,0.013702319885648226,0.9445669102398122
26067,LOF,0.05031729900265438,0.015107838338267994,0.9345748626590775
26068,LOF,0.05565037096356638,0.04149042636238846,0.9028592026740451
26069,LOF,0.20895632052565874,0.03239285901588347,0.7586508204584579
26070,LOF,0.45872134952380716,0.020287551595103124,0.5209910988810897
26071,LOF,0.05156936228608328,0.019093811171792357,0.9293368265421244
26072,LOF,0.00774577379124402,0.02067000980706252,0.9715842164016936
26073,LOF,0.04712677879895036,0.014636787237146377,0.9382364339639033
26074,Neutral,0.6880177429207118,0.016374373333897223,0.29560788374539093
26075,LOF,0.04494476088849867,0.028747434432527075,0.9263078046789742
26076,LOF,0.04961129083949764,0.017535873030389608,0.9328528361301128
26077,LOF,0.18182297020827257,0.01563696709884098,0.8025400626928864
26078,LOF,0.007109145883209778,0.03541977451320269,0.9574710796035875
26079,LOF,0.058858862712411524,0.029182991825221282,0.9119581454623671
26080,LOF,0.05793224449635155,0.02930375039053407,0.9127640051131144
26081,LOF,0.04750685252063008,0.016242182732957248,0.9362509647464127
26082,LOF,0.006922218041395748,0.022780661346168986,0.9702971206124352
26083,LOF,0.06989109278336403,0.024154283605774554,0.9059546236108615
26084,LOF,0.08950631971783092,0.021831624637584358,0.8886620556445848
26085,LOF,0.08098126727193931,0.01870371840540106,0.9003150143226596
26086,LOF,0.04639540035949776,0.023616196689388032,0.9299884029511142
26087,LOF,0.04864529289607776,0.02023721856059649,0.9311174885433259
26088,LOF,0.007725681274195004,0.0514579841268133,0.9408163345989917
26089,LOF,0.04102141454602693,0.03981410866874316,0.91916447678523
26090,LOF,0.04091091976948136,0.036729287748113425,0.9223597924824052
26091,LOF,0.0351278352485786,0.015537109973645354,0.949335054777776
26092,LOF,0.048321686821955444,0.013913758448350752,0.9377645547296938
26093,LOF,0.08470265323433383,0.008517428730241871,0.9067799180354242
26094,LOF,0.04440574815576537,0.011271029815243605,0.9443232220289911
26095,LOF,0.014515487252608145,0.024226889077071562,0.9612576236703203
26096,LOF,0.28667098572610217,0.005506459967411307,0.7078225543064866
26097,LOF,0.0071194575695547775,0.0666815442158695,0.9261989982145756
26098,LOF,0.0583003433956098,0.02985415502414884,0.9118455015802414
26099,LOF,0.059512622426123145,0.03479347184507047,0.9056939057288064
26100,LOF,0.059512622426123145,0.03479347184507047,0.9056939057288064
26101,LOF,0.056485812350915404,0.05011332922701941,0.8934008584220652
26102,LOF,0.040761173081196984,0.02124334682780734,0.9379954800909958
26103,Neutral,0.9057705427952003,0.030779557526355063,0.06344989967844478
26104,LOF,0.0526336324689445,0.07095086812981549,0.87641549940124
26105,LOF,0.26485486262399655,0.07212705781835042,0.663018079557653
26106,LOF,0.27300057378067777,0.03276590457933763,0.6942335216399846
26107,LOF,0.01688061418667761,0.0603758748757434,0.922743510937579
26108,LOF,0.1748689919977211,0.059934223991857785,0.7651967840104211
26109,LOF,0.049274169901892956,0.059027554938378295,0.8916982751597289
26110,Neutral,0.5174986236159888,0.01450782351071359,0.46799355287329775
26111,LOF,0.04781955043525919,0.09492067033181746,0.8572597792329233
26112,LOF,0.07007194250550877,0.014064404028558498,0.9158636534659328
26113,LOF,0.08360168514018844,0.026194017912212392,0.8902042969475993
26114,LOF,0.1107842253177899,0.009375348352760786,0.8798404263294494
26115,LOF,0.023023172792497878,0.056946004529275035,0.920030822678227
26116,LOF,0.06869649410573148,0.01709537838978192,0.9142081275044865
26117,LOF,0.3948936270597718,0.03132583515358789,0.5737805377866403
26118,LOF,0.045414865922875476,0.02060078994869998,0.9339843441284246
26119,LOF,0.0062390051187528476,0.07711398531974176,0.9166470095615055
26120,LOF,0.03641207978200756,0.01597318424684618,0.9476147359711463
26121,LOF,0.004548762545616109,0.09396011619205785,0.9014911212623261
