feature0,prediction,LoGoFunc_Neutral,LoGoFunc_GOF,LoGoFunc_LOF
25546,Neutral,0.754973601294698,0.041388750369714455,0.2036376483355875
25547,Neutral,0.5708486707313979,0.09336801267926849,0.33578331658933364
25548,Neutral,0.5974387748395106,0.07225754199417504,0.33030368316631437
25549,Neutral,0.5197081615058144,0.07039220107704085,0.40989963741714475
25550,LOF,0.37445806639125545,0.1462196602799068,0.47932227332883776
25551,LOF,0.29698659230041585,0.15437128360039043,0.5486421240991938
25552,LOF,0.22172012184318315,0.14594557703473676,0.6323343011220801
25553,Neutral,0.8576955232746584,0.028816617013974942,0.11348785971136682
25554,LOF,0.2547923714215973,0.13952198761707668,0.605685640961326
25555,LOF,0.2109742913881508,0.12274624220926006,0.6662794664025892
25556,Neutral,0.46009119348614314,0.12433783640913404,0.41557097010472294
25557,LOF,0.19980081946935924,0.12537345466780017,0.6748257258628405
25558,LOF,0.23299316037239284,0.13620593597181435,0.6308009036557928
25559,LOF,0.3525426322148076,0.11503459859509418,0.5324227691900982
25560,LOF,0.06766177814881413,0.12746824781101215,0.8048699740401738
25561,LOF,0.15754064146374236,0.12393444484115997,0.7185249136950977
25562,LOF,0.07742963054146468,0.0799138034523773,0.842656566006158
25563,LOF,0.10011237835452252,0.08569825908339848,0.814189362562079
25564,LOF,0.20931023392287484,0.14077841009360761,0.6499113559835175
25565,LOF,0.1455990758637868,0.1585751984248986,0.6958257257113146
25566,GOF,0.016848917601801756,0.7937529469208597,0.18939813547733853
25567,LOF,0.0197192386568484,0.22728735366191855,0.7529934076812331
25568,LOF,0.054631163607035814,0.08945237278326074,0.8559164636097035
25569,LOF,0.056716572644321006,0.09077467167988763,0.8525087556757913
25570,LOF,0.030248101476115074,0.1441819038240171,0.8255699946998679
25571,LOF,0.027887265060785562,0.13929662570824206,0.8328161092309723
25572,LOF,0.05340487034809854,0.151506816503567,0.7950883131483344
25573,LOF,0.03562818474144289,0.12504230839691888,0.8393295068616382
25574,LOF,0.019824092590209726,0.19772969237633245,0.7824462150334578
25575,LOF,0.023038042139622846,0.1508133651791956,0.8261485926811815
25576,LOF,0.013161427858654,0.18835176326782738,0.7984868088735185
25577,LOF,0.013861717359512943,0.14952632390856033,0.8366119587319267
25578,LOF,0.2795870532188284,0.12170292247578451,0.5987100243053871
25579,LOF,0.12390773845868211,0.14040809799638987,0.735684163544928
25580,LOF,0.016486491183333635,0.1141567090331496,0.8693567997835168
25581,LOF,0.049175701988921024,0.09297974624676766,0.8578445517643113
25582,LOF,0.049194310671045086,0.09217027837649919,0.8586354109524558
25583,LOF,0.019088560410645408,0.13164854944139143,0.8492628901479632
25584,Neutral,0.49958346817479626,0.1345565604490613,0.36585997137614235
25585,LOF,0.018782630513592937,0.17180398478890405,0.809413384697503
25586,LOF,0.014859692632132653,0.11478035146795337,0.8703599558999139
25587,LOF,0.015449830129519861,0.10726563347642155,0.8772845363940586
25588,LOF,0.015591730510454779,0.12462815171468297,0.8597801177748622
25589,Neutral,0.5663341698575927,0.16624497173629887,0.26742085840610846
25590,LOF,0.03076836295679862,0.1532081617705009,0.8160234752727006
25591,LOF,0.09115917616366509,0.08227279984290335,0.8265680239934317
25592,LOF,0.04720213043549232,0.1792561859124443,0.7735416836520633
25593,LOF,0.021525653995958207,0.3121915207820448,0.666282825221997
25594,LOF,0.04575882511534656,0.1213117290919091,0.8329294457927443
25595,LOF,0.06138001204711264,0.08640499038779659,0.8522149975650908
25596,LOF,0.06407347527069124,0.06537614128192104,0.8705503834473878
25597,LOF,0.04253145524034357,0.06897518664064402,0.8884933581190124
25598,LOF,0.048029164379330365,0.100951766974016,0.8510190686466537
25599,GOF,0.006755841511213767,0.5728081571633129,0.42043600132547326
25600,GOF,0.022977777359796194,0.5777444045462105,0.3992778180939934
25601,LOF,0.013446287658269619,0.409741321456696,0.5768123908850343
25602,LOF,0.022581785725873327,0.04674327544633211,0.9306749388277946
25603,LOF,0.051674301150615165,0.01774189587801095,0.930583802971374
25604,LOF,0.02863643760179244,0.0778065939452716,0.893556968452936
25605,LOF,0.008708073181978533,0.2137446336848129,0.7775472931332086
25606,LOF,0.12564027418133208,0.3390111486408924,0.5353485771777755
25607,LOF,0.00494255599159073,0.22292602716273266,0.7721314168456767
25608,LOF,0.022969271019511073,0.10291031257467118,0.8741204164058176
25609,LOF,0.06750310911177261,0.39270594671803266,0.5397909441701948
25610,LOF,0.018996268784863966,0.02600677642662862,0.9549969547885075
25611,LOF,0.019840603049297134,0.025445860892399717,0.9547135360583031
25612,LOF,0.08993994748578663,0.03721266781928004,0.8728473846949333
25613,LOF,0.07596900270733624,0.03714446487673367,0.8868865324159301
25614,LOF,0.023640505275425387,0.029166640067227852,0.9471928546573467
25615,LOF,0.02926351768247043,0.03929238416666646,0.9314440981508632
25616,LOF,0.05726727953028772,0.029803603726073335,0.912929116743639
25617,LOF,0.05304519377027135,0.031743769428048074,0.9152110368016806
25618,LOF,0.07074677089152609,0.033403075128291576,0.8958501539801824
25619,LOF,0.016270069722366016,0.032717641266738255,0.9510122890108957
25620,LOF,0.07112539040433233,0.03421251745447991,0.8946620921411877
25621,LOF,0.028076706307576867,0.03744909424806247,0.9344741994443606
25622,LOF,0.03667490829089115,0.032845419842490085,0.9304796718666186
25623,LOF,0.058534208578490274,0.02530729898523648,0.9161584924362732
25624,LOF,0.02045171427665992,0.03748112419583191,0.9420671615275081
25625,LOF,0.03844505466583565,0.044134481902915586,0.9174204634312488
25626,LOF,0.07026738219426427,0.032203301610777495,0.8975293161949582
25627,Neutral,0.5963925978785275,0.10868429034489288,0.2949231117765796
25628,LOF,0.21917169488458846,0.05342174003262675,0.7274065650827848
25629,LOF,0.053970711251388755,0.06176939052665209,0.8842598982219593
25630,LOF,0.15259563268646714,0.08846276488085902,0.7589416024326738
25631,Neutral,0.6253084762960438,0.05316803983347879,0.32152348387047736
25632,LOF,0.011036168036213092,0.08359237929455292,0.9053714526692339
25633,LOF,0.2063667733836022,0.07110939542736767,0.7225238311890301
25634,LOF,0.033287598246078826,0.10799449058514568,0.8587179111687755
25635,LOF,0.027456568171151583,0.06699410762412655,0.9055493242047219
25636,GOF,0.005736484375610416,0.5753760567013001,0.4188874589230896
25637,GOF,0.006989574986245423,0.6081254746977869,0.38488495031596764
25638,LOF,0.012710938528413648,0.29113957031104093,0.6961494911605454
25639,LOF,0.005700358452596679,0.47505686711869155,0.5192427744287118
25640,GOF,0.44808213862839347,0.47033709254948486,0.08158076882212166
25641,LOF,0.013877707192352899,0.3225564425482262,0.663565850259421
25642,LOF,0.2649474606715193,0.06217858473360598,0.6728739545948746
25643,LOF,0.17777322158115233,0.2337976670501653,0.5884291113686824
25644,GOF,0.010594780803659084,0.500420219291307,0.4889849999050339
25645,LOF,0.008768644436468602,0.4520611102591612,0.5391702453043702
25646,LOF,0.014665625153184205,0.3311553803176814,0.6541789945291343
25647,LOF,0.011449819096712902,0.28031983184614134,0.7082303490571458
25648,LOF,0.010395509700955183,0.2679477134988542,0.7216567768001906
25649,LOF,0.00884816155414604,0.18253277599646248,0.8086190624493915
25650,LOF,0.014905131306977697,0.40478293734406384,0.5803119313489584
25651,LOF,0.006222830019966418,0.27749882762273287,0.7162783423573008
25652,LOF,0.010975483138360814,0.25704989979433074,0.7319746170673086
25653,LOF,0.036933675143893625,0.3890585958526245,0.5740077290034818
25654,LOF,0.011579063792187214,0.17074970017404978,0.8176712360337631
25655,LOF,0.06013840877653466,0.3905470368509368,0.5493145543725286
25656,LOF,0.21095848291818395,0.041238479315811,0.747803037766005
25657,LOF,0.29758557965860516,0.02676502745701498,0.6756493928843799
25658,LOF,0.07125456865888585,0.07672005316752577,0.8520253781735885
25659,LOF,0.42152343223832467,0.06894221499568745,0.5095343527659879
25660,LOF,0.031524262895485315,0.10409382352407423,0.8643819135804404
25661,LOF,0.10280262707633396,0.06633699154973487,0.8308603813739311
25662,LOF,0.023497973645259414,0.04767322935756426,0.9288287969971762
25663,LOF,0.02970686951359721,0.06611939911416453,0.9041737313722382
25664,LOF,0.05607686051272159,0.07702563821979183,0.8668975012674865
25665,LOF,0.05972623089362958,0.04042765453581597,0.8998461145705545
25666,LOF,0.06280872981738446,0.1014403739079393,0.8357508962746762
25667,LOF,0.07447727644196754,0.05305604670368894,0.8724666768543435
25668,LOF,0.02620735022739513,0.05888442328071693,0.914908226491888
25669,LOF,0.027667469964868453,0.08012683723352972,0.8922056928016018
25670,LOF,0.09948612747962408,0.07146873838426265,0.8290451341361132
25671,LOF,0.08992536138240304,0.04782286864169607,0.862251769975901
25672,LOF,0.06181389714098712,0.05499383352836073,0.8831922693306522
25673,LOF,0.04370650287106696,0.06204540111631899,0.894248096012614
25674,LOF,0.03452752965237707,0.0750519271586011,0.8904205431890218
25675,LOF,0.059889424600874444,0.06947749529783293,0.8706330801012926
25676,LOF,0.020528217965297343,0.07036181451118151,0.9091099675235212
25677,LOF,0.029702876048714636,0.0787849157948506,0.8915122081564348
25678,LOF,0.21263488092665317,0.04656472667450271,0.7408003923988441
25679,LOF,0.14558206556607348,0.0748921608168113,0.7795257736171152
25680,LOF,0.030704902344377515,0.12111066629735379,0.8481844313582687
25681,LOF,0.05075106368656661,0.11358267179015182,0.8356662645232815
25682,LOF,0.11013795034825875,0.07928782394543919,0.8105742257063021
25683,LOF,0.11189351043219072,0.09672404141358736,0.7913824481542219
25684,LOF,0.0400397564779518,0.083290662909353,0.8766695806126951
25685,LOF,0.11986235884780745,0.07442479246948294,0.8057128486827095
25686,LOF,0.03271857200951242,0.10380839563665212,0.8634730323538353
25687,LOF,0.04119950327491613,0.08593944249831058,0.8728610542267733
25688,LOF,0.035790926516065094,0.06490784324894087,0.899301230234994
25689,LOF,0.026627596995125676,0.06901494371970927,0.9043574592851651
25690,LOF,0.026909228525304887,0.06318252018709604,0.909908251287599
25691,LOF,0.23972811840320524,0.08460055271788669,0.6756713288789081
25692,LOF,0.340695293893232,0.007375731251504583,0.6519289748552636
25693,LOF,0.09183242997768128,0.18424726039663186,0.7239203096256869
25694,LOF,0.2681289692649196,0.011826900383685796,0.7200441303513946
25695,LOF,0.17633849660088105,0.026513926777825256,0.7971475766212937
25696,LOF,0.1629543637215352,0.012424458775661963,0.824621177502803
25697,LOF,0.17162240601495726,0.02908915755073514,0.7992884364343076
25698,LOF,0.04648891904527153,0.47325015096230244,0.48026092999242603
25699,LOF,0.06172699801205142,0.10190856803077178,0.8363644339571767
25700,LOF,0.05652905730913855,0.010440216239642782,0.9330307264512187
25701,LOF,0.015296579470369238,0.09117096078445011,0.8935324597451806
25702,GOF,0.02766217584180511,0.7224427260137806,0.24989509814441413
25703,LOF,0.011692280774433522,0.19240474524689283,0.7959029739786737
25704,LOF,0.03788635618813193,0.17492658984676798,0.7871870539651
25705,LOF,0.04693965272498099,0.22969029045869438,0.7233700568163246
25706,GOF,0.0371244279457639,0.5216626745621613,0.44121289749207476
25707,LOF,0.0206824401300457,0.4860773750841575,0.4932401847857968
25708,LOF,0.007016882547193941,0.3849395004916993,0.6080436169611069
25709,LOF,0.05466858020023446,0.05710105488210548,0.8882303649176602
25710,LOF,0.00733024940879098,0.16162761686411944,0.8310421337270895
25711,LOF,0.018253291264194848,0.11379122172183655,0.8679554870139685
25712,LOF,0.01173156684615378,0.17916382757768196,0.8091046055761643
25713,LOF,0.016914175266482673,0.09493639637237028,0.8881494283611471
25714,LOF,0.06495570473288155,0.12180562089343887,0.8132386743736796
25715,LOF,0.012649371135493939,0.13218055987271102,0.8551700689917952
25716,LOF,0.009710065476222761,0.11045659474472327,0.8798333397790539
25717,LOF,0.007930247793813962,0.10229439836754345,0.8897753538386426
25718,LOF,0.013633301637767303,0.0845733916380995,0.9017933067241332
25719,LOF,0.02165036231029696,0.08601881382863312,0.89233082386107
25720,LOF,0.02179802385712276,0.08271693153009002,0.8954850446127872
25721,LOF,0.015149166387511317,0.10705489337949342,0.8777959402329953
25722,LOF,0.012642041119440164,0.13728692234013098,0.8500710365404288
25723,LOF,0.01776408722707657,0.06816769424116573,0.9140682185317577
25724,LOF,0.02496258946896599,0.09939013669924736,0.8756472738317866
25725,LOF,0.013181044648271807,0.07737700413299504,0.9094419512187332
25726,LOF,0.011144551443923349,0.10443465438441046,0.8844207941716662
25727,LOF,0.01380049514941548,0.09111344049811343,0.8950860643524711
25728,LOF,0.011704033237898466,0.1157719571147222,0.8725240096473793
25729,LOF,0.012268385067382367,0.1177602641730782,0.8699713507595394
25730,LOF,0.013221307501445735,0.09738275181571802,0.8893959406828362
25731,LOF,0.01013106636603596,0.12940113335855222,0.8604678002754117
25732,LOF,0.012970336085183611,0.0986143346301013,0.8884153292847151
25733,LOF,0.01869430042215571,0.07803907872109012,0.9032666208567541
25734,LOF,0.006329805898622679,0.1450406061978897,0.8486295879034875
25735,LOF,0.015107149109175622,0.07848313758121951,0.906409713309605
25736,LOF,0.013926380322905501,0.11836253106392199,0.8677110886131725
25737,LOF,0.025566754342932183,0.09225971174697614,0.8821735339100918
25738,LOF,0.013764028838810017,0.13117319162860924,0.8550627795325808
25739,LOF,0.020269199911744005,0.11530735626057706,0.864423443827679
25740,LOF,0.030828342383084885,0.12543959764627677,0.8437320599706384
25741,LOF,0.01554838858523725,0.10512305322602764,0.879328558188735
25742,LOF,0.10491090953401677,0.09786358210200326,0.79722550836398
25743,LOF,0.022520507951552204,0.03873730723091468,0.9387421848175331
25744,GOF,0.2002362253892737,0.40856670437170567,0.39119707023902067
25745,LOF,0.02251635348697934,0.05545668722113974,0.9220269592918809
25746,LOF,0.012976884633085778,0.06768417193588624,0.9193389434310281
25747,LOF,0.024102811480209953,0.03750993323239156,0.9383872552873985
25748,LOF,0.14441130248569972,0.06278368442007551,0.7928050130942247
25749,LOF,0.012933966992822387,0.04416025995060679,0.9429057730565709
25750,LOF,0.026708430972153124,0.061233191473692904,0.912058377554154
25751,LOF,0.09417220753380948,0.06646149234740847,0.8393663001187821
25752,GOF,0.11027964224955028,0.6181122379926673,0.2716081197577823
25753,LOF,0.008696571975987857,0.36945581317543846,0.6218476148485735
25754,GOF,0.004372776392015681,0.8456186851571708,0.15000853845081352
25755,LOF,0.012673998567911623,0.4085173395538382,0.5788086618782502
25756,LOF,0.052795926841398826,0.4146393795464189,0.5325646936121824
25757,GOF,0.005517431273323028,0.8711352235552409,0.12334734517143615
25758,GOF,0.006269670706587814,0.8618729554866391,0.131857373806773
25759,GOF,0.004572549789304049,0.5228845123682088,0.4725429378424871
25760,LOF,0.006020747612015085,0.29542519684065877,0.6985540555473261
25761,GOF,0.043821192874338735,0.8184276181068985,0.13775118901876293
25762,LOF,0.03174101357583757,0.32811674316808054,0.6401422432560818
25763,LOF,0.006826297284363244,0.2403275778488679,0.7528461248667688
25764,GOF,0.12488457759636651,0.5367818515473197,0.3383335708563137
25765,GOF,0.010520079563348264,0.789718019140225,0.19976190129642674
25766,GOF,0.023538311686805344,0.8016616413814085,0.17480004693178613
25767,GOF,0.02170911133893914,0.5030236967296098,0.475267191931451
25768,LOF,0.07510585652350348,0.06900429569944658,0.8558898477770499
25769,LOF,0.07192790193912083,0.056745477633416815,0.8713266204274623
25770,LOF,0.16041096770061739,0.06537331004463807,0.7742157222547446
25771,LOF,0.01847313789904714,0.06919185872210822,0.9123350033788445
25772,LOF,0.014992271975600085,0.02825145900465989,0.9567562690197401
25773,LOF,0.018629167592884716,0.10572162496174302,0.8756492074453722
25774,LOF,0.03049759204019606,0.07681133393168035,0.8926910740281236
25775,LOF,0.023849088459100137,0.03998772981209884,0.936163181728801
25776,LOF,0.07853679311888548,0.021697054870007997,0.8997661520111065
25777,LOF,0.17737752821863248,0.05766746269764574,0.7649550090837218
25778,LOF,0.06572191542035086,0.042514293674459004,0.8917637909051902
25779,GOF,0.053909837371769735,0.8782995626392835,0.06779059998894667
25780,GOF,0.056449828254642585,0.8621755059040792,0.08137466584127812
25781,GOF,0.02312835201103137,0.8409472724731036,0.1359243755158649
25782,GOF,0.02714432758508682,0.8799194337395758,0.09293623867533747
25783,GOF,0.014599301989479781,0.7173866289391962,0.2680140690713238
25784,GOF,0.1298520433689792,0.8132343504852895,0.056913606145731335
25785,GOF,0.06781006100209143,0.8780504047061937,0.05413953429171493
25786,GOF,0.004248769641654133,0.794722936651765,0.20102829370658082
25787,GOF,0.1680865016156668,0.7918811183568636,0.04003238002746963
25788,LOF,0.043412632989334496,0.1300480729353116,0.8265392940753539
25789,GOF,0.02904618113340459,0.8357391466009951,0.13521467226560022
25790,GOF,0.03472986067423874,0.8607738636799809,0.10449627564578032
25791,GOF,0.023292608762888887,0.816555368518221,0.16015202271889015
25792,GOF,0.039264237133754216,0.8251228624857277,0.1356129003805179
25793,GOF,0.10460540184448229,0.7847819491865489,0.1106126489689687
25794,GOF,0.08710492541076137,0.7403598844737534,0.17253519011548515
25795,GOF,0.029773121853010773,0.7445245231029644,0.22570235504402478
25796,GOF,0.12858449019493978,0.7661063857677353,0.10530912403732492
25797,GOF,0.0343833185013445,0.6268375239330058,0.33877915756564964
25798,GOF,0.0028009982883993125,0.5749740554297531,0.4222249462818475
25799,LOF,0.002662198768404193,0.4586027969552866,0.5387350042763092
25800,GOF,0.01070110624252303,0.6626420209702657,0.32665687278721134
25801,GOF,0.02232095343803564,0.8325869351194743,0.14509211144248993
25802,GOF,0.015889866286311904,0.7509699254542606,0.23314020825942755
25803,GOF,0.009112539467552515,0.654224279897512,0.3366631806349355
25804,GOF,0.010012661006808084,0.5441200281203155,0.44586731087287645
25805,GOF,0.019017374415627716,0.6538818059267162,0.32710081965765625
25806,GOF,0.016483991783236746,0.6808731688205392,0.30264283939622405
25807,GOF,0.00458333971805704,0.6664861506817672,0.3289305096001758
25808,GOF,0.0123319708681656,0.6873017532264915,0.3003662759053429
25809,GOF,0.004879394957381166,0.6692291516036298,0.32589145343898884
25810,GOF,0.004295368591524382,0.67729215877789,0.3184124726305857
25811,GOF,0.08826973631143573,0.8112199440199509,0.10051031966861344
25812,GOF,0.01358474948301681,0.673113154358402,0.3133020961585811
25813,GOF,0.10289355403649646,0.7669606718060819,0.13014577415742176
25814,GOF,0.02239038830084237,0.7430927041639827,0.23451690753517485
25815,GOF,0.03803268964806758,0.7528975206237191,0.20906978972821325
25816,GOF,0.006369989969378618,0.8028505120937522,0.19077949793686905
25817,GOF,0.06924500323714161,0.7506549929509447,0.18010000381191368
25818,GOF,0.017704799481161344,0.763457944120137,0.21883725639870172
25819,GOF,0.05558030291990777,0.743461355060394,0.2009583420196982
25820,GOF,0.02750789606629571,0.7419667114397214,0.230525392493983
25821,GOF,0.015537340101659617,0.7304757459373523,0.25398691396098805
25822,GOF,0.03408418784366915,0.7426015854952888,0.22331422666104203
25823,GOF,0.011311135806782014,0.6062007086369736,0.3824881555562443
25824,GOF,0.020353884125021045,0.7310610497272237,0.24858506614775508
25825,GOF,0.011810881014330102,0.7110910758557321,0.27709804312993797
25826,GOF,0.004406186533806847,0.6589297252527039,0.3366640882134892
25827,GOF,0.007167742945328395,0.6473062208671198,0.3455260361875518
25828,GOF,0.004719757949480724,0.6033510241462965,0.3919292179042228
25829,GOF,0.002476692952064705,0.6579459600483165,0.33957734699961883
25830,LOF,0.025953606175354145,0.3951834714256202,0.5788629223990256
25831,GOF,0.03373879342039119,0.8405054269699427,0.12575577960966605
25832,GOF,0.006944932613903582,0.7596189293825404,0.23343613800355606
25833,GOF,0.024227600196482735,0.8240018268840721,0.1517705729194451
25834,GOF,0.006744659994935797,0.7691062201139824,0.22414911989108172
25835,GOF,0.01541778057873685,0.8311124758053925,0.15346974361587062
25836,GOF,0.005357504538565244,0.7650345376749196,0.22960795778651513
25837,GOF,0.00492116667377558,0.6719467370944138,0.3231320962318107
25838,GOF,0.014196800273854155,0.8457982663496302,0.14000493337651565
25839,GOF,0.03574633316780193,0.8305560562065434,0.13369761062565472
25840,GOF,0.039574665894814634,0.8338680111534583,0.12655732295172709
25841,GOF,0.03641836293824203,0.8416535810539826,0.12192805600777538
25842,GOF,0.020598455708320678,0.8783613060120257,0.10104023827965367
25843,GOF,0.021612010149236936,0.8876678753384317,0.09072011451233132
25844,GOF,0.01367003795983592,0.8000774263574681,0.18625253568269592
25845,GOF,0.004593260380402187,0.5955181331292854,0.39988860649031244
25846,GOF,0.02922867248335722,0.8448405419209511,0.1259307855956917
25847,GOF,0.015186298271680112,0.8949872920693698,0.08982640965894997
25848,GOF,0.013715070518637091,0.8492537108380895,0.13703121864327325
25849,GOF,0.004257555112540358,0.7102830074341845,0.2854594374532751
25850,GOF,0.005533226234901183,0.702429692918267,0.2920370808468318
25851,GOF,0.004936769262599623,0.5914510053219071,0.40361222541549335
25852,GOF,0.12799993669640933,0.590538535672858,0.2814615276307327
25853,GOF,0.07016893364242982,0.8409376129602855,0.0888934533972846
25854,GOF,0.008118966848786633,0.6669724599252199,0.32490857322599337
25855,GOF,0.014562904447795658,0.6251901892396574,0.3602469063125468
25856,GOF,0.036882955823860024,0.7546389324452475,0.2084781117308925
25857,GOF,0.0147051180958876,0.5907790246204927,0.3945158572836197
25858,GOF,0.006964566301117736,0.576854889248732,0.41618054445015024
25859,GOF,0.004605681569239178,0.5597242741523841,0.43567004427837663
25860,GOF,0.07534741461282249,0.8031751159284874,0.12147746945869005
25861,GOF,0.1146320286754176,0.7775495243999558,0.10781844692462667
25862,GOF,0.017981772243322678,0.8470073387524276,0.1350108890042497
25863,GOF,0.016783837973539877,0.8569573530848364,0.12625880894162372
25864,GOF,0.043745529291305756,0.8588215682708707,0.09743290243782346
25865,GOF,0.03197856558928159,0.8132157867305337,0.1548056476801846
25866,GOF,0.020920931159196497,0.8411948700160108,0.1378841988247927
25867,GOF,0.02586626166347532,0.864838473663734,0.10929526467279078
25868,GOF,0.04934627461146349,0.8114040170683846,0.13924970832015185
25869,GOF,0.3646966710143894,0.5537025986541633,0.0816007303314473
25870,GOF,0.201611269447769,0.5583942566047189,0.23999447394751222
25871,GOF,0.01869297595453342,0.871713795960192,0.10959322808527457
25872,GOF,0.0154885113806238,0.857262281882108,0.12724920673726828
25873,GOF,0.015648896858607646,0.8678864450683068,0.1164646580730856
25874,LOF,0.015308735936691152,0.14247164985733546,0.8422196142059735
25875,LOF,0.035180238267451244,0.046055279267255354,0.9187644824652934
25876,LOF,0.019448715452939087,0.0348966121560813,0.9456546723909797
25877,LOF,0.1253380604636449,0.07604202443519716,0.798619915101158
25878,LOF,0.05304609818261645,0.10598406993664387,0.8409698318807397
25879,LOF,0.020287903712947655,0.0876810613433693,0.8920310349436831
25880,LOF,0.046084035212800474,0.011229930555439313,0.9426860342317602
25881,Neutral,0.5772632788807757,0.0715261224864757,0.35121059863274856
25882,LOF,0.055462932892627666,0.04650100468062135,0.898036062426751
25883,LOF,0.04547283272178424,0.025201200351770935,0.9293259669264449
25884,LOF,0.020959946488585884,0.05947855732774861,0.9195614961836656
25885,LOF,0.23277249817216647,0.009356548966648717,0.7578709528611849
25886,LOF,0.17602059957271723,0.05782874900409928,0.7661506514231835
25887,LOF,0.16951758379272827,0.06714754149747851,0.7633348747097932
25888,LOF,0.011521067339219065,0.15176703853135481,0.836711894129426
25889,LOF,0.029375392775711065,0.037427594037765514,0.9331970131865235
25890,LOF,0.11244801732122353,0.11279739227264476,0.7747545904061316
25891,LOF,0.07051032391943536,0.051660895140255354,0.8778287809403093
25892,LOF,0.008989320139255293,0.034830142310477506,0.9561805375502672
25893,LOF,0.382849789771166,0.009118029959999462,0.6080321802688345
25894,LOF,0.43640550914096304,0.006120741694548238,0.5574737491644888
25895,LOF,0.38294673958034997,0.011490096075804281,0.6055631643438457
25896,LOF,0.05474519903039966,0.02633356583080961,0.9189212351387908
25897,LOF,0.19069358297406608,0.009982241235465142,0.7993241757904687
25898,LOF,0.21781801263137843,0.030652506947131498,0.75152948042149
25899,LOF,0.2316297684291675,0.027192341447679486,0.741177890123153
25900,LOF,0.4515578668202406,0.009318822051131697,0.5391233111286278
25901,LOF,0.0439483538727155,0.011247241556011926,0.9448044045712726
25902,LOF,0.1042752784796851,0.014098115844552535,0.8816266056757623
25903,LOF,0.36545964766957134,0.02641541201093969,0.6081249403194889
25904,LOF,0.44957802207907127,0.03500579585237964,0.515416182068549
25905,LOF,0.00682598019257897,0.4251786484546104,0.5679953713528108
25906,LOF,0.012523804490259936,0.11392137850792257,0.8735548170018175
25907,LOF,0.003757973043347477,0.32160773693555,0.6746342900211025
25908,LOF,0.004103185975440836,0.22244983451663783,0.7734469795079214
25909,LOF,0.013888843931655674,0.16193988349883656,0.8241712725695078
25910,LOF,0.017445115291867288,0.10440009054826709,0.8781547941598656
25911,LOF,0.34088243551267833,0.030737025473496094,0.6283805390138255
25912,LOF,0.06290092207242456,0.050798268926239655,0.8863008090013358
25913,LOF,0.06572574128111128,0.05280428298930272,0.881469975729586
25914,LOF,0.020728653088348634,0.0658942368079762,0.9133771101036752
25915,LOF,0.13247651107343672,0.28020987251923196,0.5873136164073314
25916,LOF,0.021949911056832798,0.19512226485323134,0.7829278240899358
25917,LOF,0.06388265862091302,0.046945013554828795,0.8891723278242581
25918,LOF,0.027399856103065227,0.037108553742985696,0.935491590153949
25919,LOF,0.02273092488335861,0.03787651329955139,0.93939256181709
25920,LOF,0.14744892771244283,0.23494589073139083,0.6176051815561664
25921,LOF,0.012046737978645259,0.0432974363096998,0.9446558257116551
25922,LOF,0.01495576900212322,0.035963426437299266,0.9490808045605775
25923,LOF,0.46071624560183233,0.038554486441446344,0.5007292679567213
25924,LOF,0.0247257706006485,0.04905001011153266,0.9262242192878188
25925,LOF,0.07899826600523535,0.05434694672262214,0.8666547872721425
25926,LOF,0.06277014398904296,0.05132980499324855,0.8859000510177085
25927,LOF,0.01929073296171459,0.07367920285850507,0.9070300641797803
25928,LOF,0.00830129506256053,0.0591133967147437,0.9325853082226957
25929,Neutral,0.5445037739729853,0.036716518607624676,0.41877970741938997
25930,LOF,0.08626272246981896,0.03484022040258574,0.8788970571275954
25931,LOF,0.011819027604777614,0.039305161586983134,0.9488758108082394
25932,LOF,0.0293103367584014,0.03009043261434335,0.9405992306272553
25933,LOF,0.036292198189444146,0.0190602879810151,0.9446475138295407
25934,LOF,0.02468940550820034,0.020543934059694922,0.9547666604321048
25935,LOF,0.07418040618536202,0.06276998949943441,0.8630496043152036
25936,LOF,0.040424537912032675,0.023618775765319615,0.9359566863226476
25937,LOF,0.01032860498843831,0.039557328612930716,0.950114066398631
25938,LOF,0.06920706826368699,0.05678326279965235,0.8740096689366607
25939,LOF,0.02653461155539973,0.025988502446404656,0.9474768859981957
25940,LOF,0.008850890364201615,0.3459640494933941,0.6451850601424043
25941,Neutral,0.5387282208425269,0.028209871001722193,0.4330619081557508
25942,LOF,0.007190702772285277,0.04705704828653654,0.9457522489411782
25943,LOF,0.03523190798171806,0.14936677706500723,0.8154013149532746
25944,LOF,0.1082591343623048,0.06824242030411942,0.8234984453335757
25945,LOF,0.055259412992801245,0.020959409026411135,0.9237811779807875
25946,LOF,0.07060485561428345,0.05225015880125736,0.8771449855844591
25947,Neutral,0.47070260324170227,0.08795582325829303,0.44134157350000464
25948,LOF,0.4915215714186498,0.012991750630746715,0.4954866779506036
25949,LOF,0.09101429020111779,0.06309925770944089,0.8458864520894414
25950,GOF,0.04811775522204155,0.6569838128956107,0.2948984318823478
25951,LOF,0.011775849258338312,0.43069625716707977,0.5575278935745819
25952,LOF,0.26703479395526775,0.3032372339797227,0.42972797206500957
25953,LOF,0.011803824336770765,0.1971282263098409,0.7910679493533884
25954,GOF,0.051378193481367816,0.4796201741265813,0.46900163239205084
25955,LOF,0.009937178533903886,0.13183930776527072,0.8582235137008255
25956,LOF,0.02569166173788044,0.2933489086139375,0.680959429648182
25957,LOF,0.23612522719416223,0.037094462750485856,0.7267803100553519
25958,LOF,0.04360230950304016,0.028880379149063124,0.9275173113478967
25959,GOF,0.013215395943751134,0.5109529587720081,0.47583164528424077
25960,LOF,0.006648818723114986,0.05097468905173858,0.9423764922251464
25961,LOF,0.04193748809897003,0.02718510551921427,0.9308774063818157
25962,LOF,0.03187914053418873,0.07627980011489256,0.8918410593509186
25963,LOF,0.00595854245001658,0.25618815400697387,0.7378533035430095
25964,LOF,0.024741916623265275,0.10684488087519793,0.8684132025015369
25965,LOF,0.30132917023887723,0.1393463685835462,0.5593244611775765
25966,Neutral,0.4532377643569395,0.11753573877061219,0.42922649687244824
25967,LOF,0.006992885714973143,0.07437515964281298,0.9186319546422139
25968,LOF,0.04732030434704508,0.17533110868930962,0.7773485869636453
25969,LOF,0.12568677039266157,0.05000454489945136,0.824308684707887
25970,LOF,0.03030820464311016,0.09857570489533893,0.871116090461551
25971,LOF,0.0599431946312026,0.02995537376725765,0.9101014316015397
25972,LOF,0.048982221509117706,0.04204851133294286,0.9089692671579395
25973,LOF,0.05891949191376369,0.012699916193855219,0.9283805918923811
25974,LOF,0.050572282623860654,0.041019490715629346,0.9084082266605099
25975,LOF,0.034424055403592946,0.025361194411862006,0.9402147501845451
25976,LOF,0.11526436390218997,0.013201814477059929,0.8715338216207502
25977,LOF,0.20882305184613578,0.06499937453433649,0.7261775736195277
25978,LOF,0.17000480904434118,0.12470350013639289,0.705291690819266
25979,LOF,0.14463534322499613,0.13429029440321627,0.7210743623717876
25980,LOF,0.26356514568724454,0.16207103125984595,0.5743638230529096
25981,LOF,0.26443590497687036,0.16362537873431204,0.5719387162888177
25982,LOF,0.44753743138856167,0.08501292721408084,0.46744964139735745
25983,Neutral,0.476593044540555,0.11150459729279358,0.4119023581666515
25984,LOF,0.03409461178930839,0.06820183320749618,0.8977035550031953
25985,LOF,0.43793420023153046,0.12363342660292699,0.43843237316554245
25986,LOF,0.012577853344258807,0.43174004786920794,0.5556820987865333
25987,LOF,0.0724900563122025,0.11158697366572173,0.8159229700220758
25988,LOF,0.13505440099846427,0.1306872881573183,0.7342583108442174
25989,LOF,0.0345388553526851,0.16557171689782071,0.7998894277494942
25990,LOF,0.038711362270968934,0.26511504576636014,0.6961735919626709
25991,LOF,0.024906186005863612,0.38353952863209845,0.5915542853620379
25992,LOF,0.025410316712639842,0.37704027185697436,0.5975494114303858
25993,LOF,0.0199703752876412,0.09798925718709826,0.8820403675252605
25994,LOF,0.014643063690050898,0.09174921857465744,0.8936077177352917
25995,LOF,0.015768053322576314,0.18676780084038141,0.7974641458370423
25996,Neutral,0.34604872436717343,0.31173840506683903,0.34221287056598754
25997,LOF,0.06778504953123583,0.3698574860274649,0.5623574644412992
25998,LOF,0.2715708879628577,0.051050570499372894,0.6773785415377694
25999,LOF,0.02648558870154293,0.21464533437553315,0.7588690769229239
26000,LOF,0.18563351307713094,0.03909917514482747,0.7752673117780416
26001,LOF,0.2715144982845688,0.03475462251490748,0.6937308792005238
26002,LOF,0.07858846880013486,0.06385693787223125,0.8575545933276338
26003,GOF,0.0038370744407983945,0.6293590494975657,0.3668038760616359
26004,GOF,0.005740443110695567,0.717395016018481,0.2768645408708234
26005,GOF,0.0028849672320061734,0.5113632033845524,0.4857518293834414
26006,GOF,0.08526898953656166,0.5757492370005902,0.3389817734628481
26007,GOF,0.005627552349612518,0.5803401357457252,0.4140323119046624
26008,GOF,0.005035865854581609,0.6664887506065199,0.3284753835388983
26009,GOF,0.006160772471736554,0.6832825268601325,0.3105567006681311
26010,GOF,0.00640664269110574,0.6871076846879122,0.3064856726209822
26011,LOF,0.002755069997409531,0.4937840446184978,0.5034608853840926
26012,GOF,0.003950651432323408,0.5659669967017504,0.4300823518659262
26013,GOF,0.005247353519681965,0.5966689007641709,0.39808374571614724
26014,LOF,0.04867253719008301,0.10236520649345697,0.84896225631646
26015,LOF,0.44470310000055163,0.01938907756436475,0.5359078224350835
26016,LOF,0.321049689270997,0.03494298697591364,0.6440073237530893
26017,LOF,0.028339620013522433,0.20185583693307688,0.7698045430534008
26018,LOF,0.0440074667919939,0.03549563062936479,0.9204969025786414
26019,LOF,0.043336303664384804,0.02997538006224512,0.9266883162733701
26020,LOF,0.010475088086551478,0.17863312207112308,0.8108917898423255
26021,LOF,0.0786308777373565,0.05888130828997587,0.8624878139726677
26022,LOF,0.03575367028149533,0.023013260058041198,0.9412330696604636
26023,LOF,0.0424034114493102,0.021815605444733314,0.9357809831059564
26024,LOF,0.049012995161752025,0.05822553536358532,0.8927614694746626
26025,LOF,0.05972156140608789,0.07279319725724602,0.8674852413366662
26026,LOF,0.10948192613559164,0.05496159070437571,0.8355564831600326
26027,LOF,0.03756826261986977,0.018316076921328972,0.9441156604588012
26028,LOF,0.1104802869357224,0.12862956530881617,0.7608901477554614
26029,LOF,0.020713859788934953,0.24347560122577253,0.7358105389852926
26030,LOF,0.1646317439237348,0.03612597465991452,0.7992422814163508
26031,LOF,0.011625583205088436,0.19582955177990455,0.7925448650150069
26032,LOF,0.05807467990964754,0.08626224564811906,0.8556630744422334
26033,LOF,0.08376192660029042,0.07710110080155376,0.8391369725981558
26034,LOF,0.014063222534939508,0.19534473060575372,0.7905920468593067
26035,LOF,0.011567730549244658,0.1427234864544923,0.845708782996263
26036,LOF,0.012497603067410377,0.17366964809453295,0.8138327488380567
26037,LOF,0.010493599460315682,0.12844572882129437,0.8610606717183898
26038,LOF,0.049389946672841994,0.07782398784086576,0.8727860654862922
26039,LOF,0.025441157268380796,0.17515827315646715,0.7994005695751519
26040,LOF,0.13544142804131326,0.16662429655591976,0.697934275402767
26041,LOF,0.01366604970612749,0.10987879511982948,0.8764551551740429
26042,LOF,0.012584665424641296,0.114524390698416,0.8728909438769428
26043,LOF,0.04786395555695775,0.10203594799352479,0.8501000964495176
26044,LOF,0.012934212546053881,0.07569180699883107,0.9113739804551151
26045,LOF,0.06537903471622702,0.13646626256264044,0.7981547027211326
26046,LOF,0.042312035895914264,0.08038993994685042,0.8772980241572353
26047,LOF,0.06959901764103496,0.07633428741716147,0.8540666949418035
26048,LOF,0.06424220816228662,0.05513206754146098,0.8806257242962524
26049,Neutral,0.9462755530161482,0.009062596951413133,0.04466185003243868
26050,Neutral,0.9237650417574306,0.01024091386804169,0.06599404437452787
26051,LOF,0.013334601601929532,0.09489006990268596,0.8917753284953844
26052,LOF,0.02216328588724154,0.12827529650743083,0.8495614176053277
26053,LOF,0.034496121862975085,0.17331736177152632,0.7921865163654986
26054,LOF,0.04162888443735252,0.02305441882454357,0.935316696738104
26055,LOF,0.061527245369465196,0.021941911585577248,0.9165308430449576
26056,LOF,0.050297859533873474,0.025581196137436694,0.9241209443286897
26057,LOF,0.027253260866357036,0.013810221627491074,0.9589365175061518
26058,LOF,0.028449805068448793,0.011631620107714416,0.9599185748238368
26059,LOF,0.17957244441502626,0.0224743967348732,0.7979531588501005
26060,LOF,0.009664802087642536,0.21689998570984825,0.7734352122025092
26061,LOF,0.0077618277965713954,0.01391239356329668,0.9783257786401319
26062,LOF,0.004742755611202108,0.02203793038009424,0.9732193140087035
26063,LOF,0.018914996091993198,0.012236040423515145,0.9688489634844917
26064,LOF,0.0074373010614926785,0.03457367664630107,0.9579890222922064
26065,LOF,0.022667282205306463,0.013088090394174422,0.9642446274005192
26066,LOF,0.021237342920154702,0.011454576539970066,0.9673080805398753
26067,LOF,0.02628847478215869,0.01038835971219575,0.9633231655056455
26068,LOF,0.04632967777992228,0.044640279441758114,0.9090300427783196
26069,LOF,0.1506120075462093,0.029463143824983662,0.8199248486288071
26070,LOF,0.3323670295168466,0.02362309464840389,0.6440098758347494
26071,LOF,0.020252415971255162,0.01244357226957065,0.9673040117591742
26072,LOF,0.006568714964454482,0.025770864436796465,0.967660420598749
26073,LOF,0.019363402520762248,0.014843631598574533,0.9657929658806632
26074,Neutral,0.9221434117673935,0.008108641856786223,0.06974794637582026
26075,LOF,0.0483825968255742,0.02283050270794888,0.928786900466477
26076,LOF,0.031264663537617636,0.01206820267104195,0.9566671337913404
26077,LOF,0.12314779777961402,0.009369034556594333,0.8674831676637916
26078,LOF,0.0065281334835276365,0.017082609692392812,0.9763892568240796
26079,LOF,0.053745783595482315,0.023865685283808263,0.9223885311207094
26080,LOF,0.05286249419146006,0.023893065831058064,0.9232444399774818
26081,LOF,0.025021611205470643,0.008421116498740833,0.9665572722957885
26082,LOF,0.0045855583970334105,0.01937711892682324,0.9760373226761434
26083,LOF,0.11866522562335385,0.018983347366845586,0.8623514270098005
26084,LOF,0.04648010316077248,0.015624987970683525,0.937894908868544
26085,LOF,0.04074824846503948,0.013589951772455677,0.9456617997625049
26086,LOF,0.020296127453480663,0.012743949566511136,0.9669599229800082
26087,LOF,0.019158310980447624,0.010672417128129295,0.9701692718914231
26088,LOF,0.006797358053275761,0.021473034035920133,0.9717296079108042
26089,LOF,0.040727536715758815,0.02710971035740693,0.9321627529268343
26090,LOF,0.04154427569440158,0.02184439892589769,0.9366113253797007
26091,LOF,0.023295741813917355,0.0075860143823386714,0.969118243803744
26092,LOF,0.020639497388014905,0.009020319647520985,0.970340182964464
26093,LOF,0.03615533932106855,0.006826569014147986,0.9570180916647836
26094,LOF,0.02813719143861347,0.0072274196027873345,0.9646353889585991
26095,LOF,0.04551819500097016,0.017856197122207772,0.9366256078768221
26096,LOF,0.1836920370330133,0.0061740566455394125,0.8101339063214473
26097,LOF,0.005714246309039422,0.03537491560889154,0.958910838082069
26098,LOF,0.07192500974742869,0.01842741668457792,0.9096475735679934
26099,LOF,0.01989167475041925,0.01634715995037308,0.9637611652992077
26100,LOF,0.01989167475041925,0.01634715995037308,0.9637611652992077
26101,LOF,0.04554200267571374,0.025295562549428812,0.9291624347748575
26102,LOF,0.018477801676076166,0.016407542024274222,0.9651146562996497
26103,Neutral,0.8713403380718392,0.024385770103062317,0.10427389182509837
26104,LOF,0.062346953024217715,0.028671843982406093,0.9089812029933761
26105,LOF,0.22880471052353155,0.18561602528050664,0.5855792641959618
26106,LOF,0.3552135698380546,0.12053334857967407,0.5242530815822712
26107,LOF,0.019679613645234118,0.11351217152576161,0.8668082148290042
26108,LOF,0.33479170283258763,0.048855469071923216,0.6163528280954892
26109,LOF,0.05672221357517835,0.05446311373970791,0.8888146726851138
26110,LOF,0.3708553302113537,0.005363236390465429,0.6237814333981808
26111,LOF,0.06133705653817919,0.08014753753824486,0.858515405923576
26112,LOF,0.031168314256477155,0.006748527974455781,0.962083157769067
26113,LOF,0.05284849885080857,0.014423515882113077,0.9327279852670783
26114,LOF,0.08150730646292279,0.010372387243463087,0.9081203062936141
26115,LOF,0.015221133558650369,0.06070881923741566,0.924070047203934
26116,LOF,0.1022933990627621,0.03285592159837462,0.8648506793388633
26117,LOF,0.419830478326534,0.034259569237611545,0.5459099524358545
26118,LOF,0.027704908776840467,0.01778982120585714,0.9545052700173023
26119,LOF,0.00498990751112186,0.03986758117990505,0.955142511308973
26120,LOF,0.024033194810415777,0.017060340624356404,0.9589064645652278
