feature0,prediction,LoGoFunc_Neutral,LoGoFunc_GOF,LoGoFunc_LOF
25546,Neutral,0.7465967816426085,0.03714397642449374,0.21625924193289794
25547,Neutral,0.619551724612853,0.06968578141273696,0.3107624939744101
25548,Neutral,0.619888690875646,0.0526765009267973,0.3274348081975567
25549,Neutral,0.5451732042684723,0.05223926027624783,0.4025875354552798
25550,LOF,0.37391745582773006,0.10295183417573209,0.5231307099965379
25551,LOF,0.3087708080733803,0.114390291783007,0.5768389001436126
25552,LOF,0.2272592541133081,0.10790672466279501,0.6648340212238969
25553,Neutral,0.845828569222693,0.02861808084123414,0.1255533499360727
25554,LOF,0.26196642999803504,0.10415297161234864,0.6338805983896163
25555,LOF,0.21529996138507912,0.09241237741214599,0.6922876612027749
25556,LOF,0.4464102566027235,0.09267894595380517,0.4609107974434713
25557,LOF,0.20970467302526766,0.09592210332237583,0.6943732236523567
25558,LOF,0.24406587882748523,0.1048175946250126,0.6511165265475022
25559,LOF,0.3783794323226318,0.14282751951607747,0.4787930481612907
25560,LOF,0.05353710139601816,0.11289522085353879,0.8335676777504429
25561,LOF,0.11641026386510069,0.113780907020762,0.7698088291141374
25562,LOF,0.09937753953276994,0.051382949869460466,0.8492395105977696
25563,LOF,0.11599108304875334,0.061933635350675975,0.8220752816005706
25564,LOF,0.23812287207061125,0.10564085367304916,0.6562362742563396
25565,LOF,0.14975363672088737,0.12599199281435927,0.7242543704647534
25566,GOF,0.014694180196899527,0.7736430889864746,0.21166273081662573
25567,LOF,0.01339291396775745,0.17986757802527845,0.8067395080069641
25568,LOF,0.04847618737491801,0.06578323750091733,0.8857405751241646
25569,LOF,0.05712816100641933,0.06191644760026246,0.8809553913933182
25570,LOF,0.05727561179502879,0.09483989077437881,0.8478844974305925
25571,LOF,0.05168228769696101,0.09116756522491633,0.8571501470781226
25572,LOF,0.0659295198274392,0.11447379809265228,0.8195966820799085
25573,LOF,0.034377874726766,0.09171212815461496,0.873909997118619
25574,LOF,0.019801834127059402,0.14476485312457066,0.8354333127483698
25575,LOF,0.04315143740821352,0.10996076073992168,0.8468878018518647
25576,LOF,0.016067802098102147,0.13181109984960337,0.8521210980522944
25577,LOF,0.014919725469675524,0.11893156725916687,0.8661487072711576
25578,LOF,0.2634270278196175,0.08241333941135631,0.6541596327690262
25579,LOF,0.2654582163355042,0.08189311421341686,0.6526486694510788
25580,LOF,0.030144571835140868,0.0767629072305798,0.8930925209342794
25581,LOF,0.052669710410267793,0.06216822707453556,0.8851620625151966
25582,LOF,0.052111490906559095,0.061108258077595665,0.8867802510158453
25583,LOF,0.03762024117933343,0.08825095949439948,0.8741287993262672
25584,Neutral,0.4916374418598525,0.10388393989217452,0.40447861824797304
25585,LOF,0.0224915783158022,0.1253652155469982,0.8521432061371995
25586,LOF,0.028624989883726262,0.07558293010522245,0.8957920800110513
25587,LOF,0.029071230664986944,0.06932255309285139,0.9016062162421618
25588,LOF,0.028832931740277196,0.08063213316892028,0.8905349350908025
25589,Neutral,0.6007211746316221,0.1267157230617289,0.2725631023066489
25590,LOF,0.031398567391310694,0.12209431424303852,0.8465071183656507
25591,LOF,0.08946686798450931,0.05507198094225196,0.8554611510732387
25592,LOF,0.09088164911268627,0.12472713332221248,0.7843912175651013
25593,LOF,0.03367349760085547,0.27713877977579515,0.6891877226233495
25594,LOF,0.04604222933518855,0.1683160782626569,0.7856416924021545
25595,LOF,0.05161558413270669,0.11958191860395188,0.8288024972633414
25596,LOF,0.052617122313638555,0.09616764822142371,0.8512152294649377
25597,LOF,0.03922684974358647,0.10342853568597436,0.8573446145704391
25598,LOF,0.04890340548721133,0.12375705159015404,0.8273395429226346
25599,GOF,0.00809453732259961,0.629476176692631,0.36242928598476937
25600,GOF,0.015334375483533292,0.5695819773092493,0.41508364720721747
25601,LOF,0.010664798228046564,0.4362678989002962,0.5530673028716572
25602,LOF,0.021424392983877816,0.044363324050401214,0.934212282965721
25603,LOF,0.05170269786032927,0.024390430635435025,0.9239068715042357
25604,LOF,0.037804053600580596,0.0343199892250093,0.9278759571744102
25605,LOF,0.010432364133862717,0.19201281065097975,0.7975548252151575
25606,LOF,0.06724422124338233,0.38803079589601663,0.5447249828606011
25607,LOF,0.005843690011363171,0.18989911129060683,0.80425719869803
25608,LOF,0.04902200028950637,0.06188280403539023,0.8890951956751034
25609,LOF,0.04060826214781955,0.4598439929474266,0.49954774490475373
25610,LOF,0.03613858740210188,0.030173921009789443,0.9336874915881087
25611,LOF,0.04103270788554822,0.026838232759270282,0.9321290593551814
25612,LOF,0.10049756707277467,0.04210498232362414,0.8573974506036012
25613,LOF,0.08123007150145065,0.043059496827591054,0.8757104316709583
25614,LOF,0.027829135627919846,0.03644184140929534,0.9357290229627848
25615,LOF,0.04768832428984828,0.04326833602582352,0.9090433396843282
25616,LOF,0.02652577640976096,0.03679715292236703,0.936677070667872
25617,LOF,0.025048393987546526,0.03926692629188246,0.935684679720571
25618,LOF,0.1424670112014585,0.033892978738336306,0.8236400100602052
25619,LOF,0.027409160857715553,0.036045234344535715,0.9365456047977487
25620,LOF,0.031792050886916834,0.04284960952027423,0.925358339592809
25621,LOF,0.028428642183306773,0.03381900496633543,0.9377523528503577
25622,LOF,0.031468960206232154,0.04164874625886982,0.9268822935348979
25623,LOF,0.05268858398227029,0.03818086933577254,0.9091305466819571
25624,LOF,0.024687375296856003,0.042248171717218425,0.9330644529859256
25625,LOF,0.03461248499701233,0.0496170536587871,0.9157704613442005
25626,LOF,0.08630850655883358,0.037332883804088265,0.8763586096370782
25627,Neutral,0.5673709385105895,0.1036110040147288,0.32901805747468155
25628,LOF,0.22025595982282098,0.0475012704303293,0.7322427697468497
25629,LOF,0.06788901875188352,0.05950390991137749,0.872607071336739
25630,LOF,0.16935461603017907,0.07957508214208317,0.7510703018277377
25631,Neutral,0.60867025379231,0.05686552092586637,0.3344642252818236
25632,LOF,0.014416528617308749,0.10902899845754793,0.8765544729251433
25633,LOF,0.1946153992369226,0.07985159965000406,0.7255330011130733
25634,LOF,0.03413437199513959,0.11325230844618768,0.8526133195586728
25635,LOF,0.03592507552947116,0.09773200982626104,0.8663429146442678
25636,GOF,0.003707557421432616,0.6650735390892044,0.33121890348936306
25637,GOF,0.003704265108804076,0.6940367852703886,0.3022589496208073
25638,LOF,0.00790292632175553,0.4190753875276394,0.573021686150605
25639,GOF,0.0037523823690404903,0.5595108158683065,0.43673680176265306
25640,GOF,0.45889902768570623,0.48149838051276206,0.05960259180153181
25641,LOF,0.007719036709338091,0.36677091982559035,0.6255100434650717
25642,LOF,0.26288298339815686,0.08314878639372318,0.65396823020812
25643,LOF,0.2652860734114914,0.20262626095863678,0.5320876656298719
25644,GOF,0.012065594925259009,0.548083489437812,0.43985091563692896
25645,LOF,0.009994504669765682,0.4937109417311217,0.4962945535991126
25646,LOF,0.01639133748622653,0.36542669494151914,0.6181819675722543
25647,LOF,0.014391476107917588,0.30888948394592763,0.6767190399461548
25648,LOF,0.012633978322028444,0.3226743443422758,0.6646916773356957
25649,LOF,0.010064948770156007,0.23156007888904917,0.7583749723407948
25650,GOF,0.02355065928240938,0.4981831790315583,0.47826616168603225
25651,LOF,0.008259291373206993,0.30479502730866387,0.6869456813181292
25652,LOF,0.012891495082094149,0.2804087192542654,0.7066997856636404
25653,LOF,0.043733184596623655,0.37470222951400894,0.5815645858893673
25654,LOF,0.014779406532408345,0.17129343617850679,0.8139271572890848
25655,LOF,0.057212396037902735,0.44466986514249823,0.49811773881959903
25656,LOF,0.0837114481155757,0.07778132693000378,0.8385072249544205
25657,LOF,0.28965994498854075,0.03781286995524219,0.6725271850562171
25658,LOF,0.04099932918180821,0.09689615420606243,0.8621045166121294
25659,LOF,0.304231468961285,0.07422307387847997,0.6215454571602351
25660,LOF,0.06518960843287977,0.09566370015744889,0.8391466914096714
25661,LOF,0.045513149689168975,0.07332751482993125,0.8811593354808998
25662,LOF,0.02678746381899268,0.0486613074434427,0.9245512287375646
25663,LOF,0.03841310914820145,0.06783064830410725,0.8937562425476914
25664,LOF,0.03938978934834871,0.09360216125183168,0.8670080493998197
25665,LOF,0.060084971917774226,0.0502478293142764,0.8896671987679494
25666,LOF,0.0330680555417455,0.1456431996621323,0.8212887447961222
25667,LOF,0.03021428712014985,0.0518263197986855,0.9179593930811646
25668,LOF,0.031114370960564595,0.05606762157622982,0.9128180074632055
25669,LOF,0.039696672724073845,0.08263523503837364,0.8776680922375526
25670,LOF,0.07925399427462011,0.09728807399362677,0.8234579317317531
25671,LOF,0.03881205081557628,0.04624800583671423,0.9149399433477095
25672,LOF,0.06318073997376282,0.07047782625949559,0.8663414337667417
25673,LOF,0.04064868090552305,0.08088054276364344,0.8784707763308335
25674,LOF,0.037037013298711466,0.08237675519450904,0.8805862315067794
25675,LOF,0.04564498202756061,0.06471474341919697,0.8896402745532423
25676,LOF,0.03166257454673921,0.05796256277870488,0.9103748626745558
25677,LOF,0.0616903712078926,0.06598192590166704,0.8723277028904403
25678,LOF,0.28791454663560323,0.0394657824908165,0.6726196708735802
25679,LOF,0.18257057800868073,0.07403328815272112,0.743396133838598
25680,LOF,0.060551590192026224,0.10061026906557227,0.8388381407424016
25681,LOF,0.10730846643523634,0.09350664856593151,0.7991848849988322
25682,LOF,0.0426180841249112,0.08033078699324744,0.8770511288818413
25683,LOF,0.08509695713191834,0.11211017194552228,0.8027928709225595
25684,LOF,0.05845438603854598,0.07586656525406123,0.8656790487073928
25685,LOF,0.09563265035066136,0.0545218596027671,0.8498454900465716
25686,LOF,0.029316971593755403,0.10160093859407658,0.8690820898121681
25687,LOF,0.049283593921443256,0.08439677534437338,0.8663196307341834
25688,LOF,0.02646203138025017,0.08551497048912676,0.8880229981306231
25689,LOF,0.017431277098599963,0.07335195735853357,0.9092167655428665
25690,LOF,0.019996614209126795,0.08500995283739188,0.8949934329534813
25691,LOF,0.1777905282116793,0.12151517914647805,0.7006942926418427
25692,LOF,0.29681795336964434,0.012664602198819035,0.6905174444315366
25693,LOF,0.07708366671945459,0.1556773398888272,0.7672389933917182
25694,LOF,0.238520601342986,0.014355049621088968,0.747124349035925
25695,LOF,0.16572037312111182,0.018027746173738746,0.8162518807051495
25696,LOF,0.1859581918487474,0.010311916757744217,0.8037298913935084
25697,LOF,0.1367449883565237,0.02401393414588439,0.8392410774975918
25698,LOF,0.043415342662614105,0.3993909760314821,0.5571936813059037
25699,LOF,0.06595978581281425,0.07129673818694152,0.8627434760002444
25700,LOF,0.02851751141487057,0.012687809796496521,0.958794678788633
25701,LOF,0.013860585962879849,0.08245783062771098,0.9036815834094092
25702,GOF,0.03428160718932746,0.7609395927714783,0.2047788000391944
25703,LOF,0.02100702473657538,0.19055001130157076,0.7884429639618539
25704,LOF,0.09169348978571208,0.1476017825563449,0.760704727657943
25705,LOF,0.06151318293902684,0.2471195666414588,0.6913672504195143
25706,GOF,0.0531009785099609,0.6192269958614687,0.3276720256285704
25707,GOF,0.02795019274822736,0.5337641575877359,0.4382856496640368
25708,LOF,0.00915318206344721,0.456839643777478,0.5340071741590748
25709,LOF,0.017457665875058676,0.06719963123561576,0.9153427028893255
25710,LOF,0.008278421254030591,0.18623561119171916,0.8054859675542503
25711,LOF,0.01940974175423744,0.1337264602158726,0.84686379802989
25712,LOF,0.009146229657982645,0.23769430093202018,0.7531594694099971
25713,LOF,0.018054956901158072,0.10296262307500137,0.8789824200238405
25714,LOF,0.01878230684186724,0.1528490133778454,0.8283686797802873
25715,LOF,0.01878574830334177,0.12316140764915821,0.8580528440475
25716,LOF,0.011350826700390742,0.15187824303694875,0.8367709302626605
25717,LOF,0.005325390420241277,0.14989667376303142,0.8447779358167272
25718,LOF,0.01692159871878691,0.07540206552860727,0.9076763357526059
25719,LOF,0.03216527790709415,0.0849816838293203,0.8828530382635856
25720,LOF,0.021877575193820203,0.09121645924527995,0.8869059655608998
25721,LOF,0.022882066793617446,0.09430676903666466,0.8828111641697178
25722,LOF,0.0178794154453141,0.12269472857082288,0.859425855983863
25723,LOF,0.02017415467738428,0.07341819590374096,0.9064076494188748
25724,LOF,0.02976789091050852,0.11493250347841202,0.8552996056110795
25725,LOF,0.02100785725001188,0.06961844041214142,0.9093737023378466
25726,LOF,0.015614057664625964,0.09803430934094527,0.8863516329944289
25727,LOF,0.019020637759601104,0.08377883666580957,0.8972005255745893
25728,LOF,0.017172253569819208,0.09900217702829052,0.8838255694018903
25729,LOF,0.017291711459978196,0.0992406625406187,0.8834676259994031
25730,LOF,0.01846506687478873,0.0823045747948098,0.8992303583304013
25731,LOF,0.009857365511377975,0.18298359312760848,0.8071590413610137
25732,LOF,0.018228859319205346,0.09126495330611867,0.890506187374676
25733,LOF,0.029017021346777375,0.08645854885480254,0.88452442979842
25734,LOF,0.006700957859077176,0.22390623112284527,0.7693928110180775
25735,LOF,0.021463508011255326,0.0740629864944165,0.9044735054943283
25736,LOF,0.020601827699347597,0.11499034504519871,0.8644078272554537
25737,LOF,0.03825890800066466,0.09692461871202289,0.8648164732873125
25738,LOF,0.018836866093107054,0.1488167241368056,0.8323464097700874
25739,LOF,0.020727902341200765,0.14762730440985547,0.8316447932489438
25740,LOF,0.04514094965209046,0.1362944695744644,0.8185645807734452
25741,LOF,0.02589599184723589,0.11588286559124644,0.8582211425615177
25742,LOF,0.03701682424899878,0.13775415278527312,0.8252290229657281
25743,LOF,0.011889720955988017,0.04283182534756574,0.9452784536964463
25744,LOF,0.1541541599228767,0.402176839473196,0.4436690006039273
25745,LOF,0.025881863990518374,0.06790415126731758,0.9062139847421641
25746,LOF,0.012721410233836316,0.08701922442573255,0.9002593653404312
25747,LOF,0.0342132710387668,0.035352630751286154,0.930434098209947
25748,LOF,0.28806409783537124,0.05379914415623889,0.6581367580083899
25749,LOF,0.014239220687734134,0.05648597256912131,0.9292748067431446
25750,LOF,0.016052894408866033,0.08496403390092871,0.8989830716902053
25751,LOF,0.03800138849365588,0.06915582736694871,0.8928427841393953
25752,GOF,0.09318086389143376,0.6872110971562599,0.21960803895230643
25753,LOF,0.006517154505823555,0.3836218083992785,0.6098610370948978
25754,GOF,0.005286127967764028,0.8709515005377088,0.12376237149452714
25755,LOF,0.008936824561743217,0.45461210583402467,0.5364510696042322
25756,GOF,0.04809886208221492,0.47598095247396244,0.4759201854438228
25757,GOF,0.006145768175348478,0.869137405377856,0.12471682644679556
25758,GOF,0.008527203886418176,0.8827144433341075,0.10875835277947424
25759,GOF,0.0047191766816363084,0.5832364609992896,0.4120443623190741
25760,LOF,0.006493419128110834,0.317538988492571,0.6759675923793181
25761,GOF,0.04514373734928338,0.8468737706931939,0.10798249195752255
25762,LOF,0.02888041492286182,0.4009586353402846,0.5701609497368536
25763,LOF,0.007462107643999757,0.2610891542522968,0.7314487381037036
25764,GOF,0.06739709978398327,0.6318597604535964,0.30074313976242034
25765,GOF,0.008191171433319315,0.8470555842634185,0.1447532443032621
25766,GOF,0.042842022011593206,0.8102857979139971,0.14687218007440972
25767,GOF,0.012072330972740667,0.5596012095731634,0.42832645945409586
25768,LOF,0.032993913062084566,0.08716313116882012,0.8798429557690953
25769,LOF,0.020513504366411778,0.07925927681262271,0.9002272188209655
25770,LOF,0.14514362375900405,0.07419266983448794,0.7806637064065081
25771,LOF,0.01114513811896276,0.07817197773320152,0.9106828841478358
25772,LOF,0.021637139313406085,0.02815446068085821,0.9502084000057356
25773,LOF,0.012766591078864532,0.08153800204750475,0.9056954068736306
25774,LOF,0.028640231982749505,0.09307999801319428,0.8782797700040561
25775,LOF,0.01814826839545007,0.04429157610352347,0.9375601555010266
25776,LOF,0.024560455471871082,0.02634424370955455,0.9490953008185743
25777,LOF,0.19350973211903053,0.07652558266202876,0.7299646852189406
25778,LOF,0.018727867109127123,0.0525027342826382,0.9287693986082346
25779,GOF,0.03888854574318472,0.9053912140329894,0.05572024022382593
25780,GOF,0.07282906550398868,0.8840559552603876,0.04311497923562363
25781,GOF,0.02404315015491173,0.8888405152886899,0.08711633455639822
25782,GOF,0.029113653333821037,0.9029509322156519,0.06793541445052706
25783,GOF,0.017615416494102098,0.7823723338987262,0.2000122496071716
25784,GOF,0.10207894313888538,0.867342661351132,0.030578395509982734
25785,GOF,0.0669958681970373,0.89132391076046,0.04168022104250274
25786,GOF,0.005686119986538785,0.8454153319115261,0.14889854810193529
25787,GOF,0.16525410797185908,0.7995435351926641,0.035202356835477046
25788,LOF,0.015081463825093918,0.20776597397009045,0.7771525622048157
25789,GOF,0.020125303571433627,0.8607938831487887,0.11908081327977756
25790,GOF,0.019567271011473403,0.8758148816817672,0.10461784730675955
25791,GOF,0.014467474880517838,0.8261777401061411,0.15935478501334105
25792,GOF,0.02478384192361966,0.8371429799238617,0.13807317815251868
25793,GOF,0.07879852493480986,0.8353974587711686,0.08580401629402168
25794,GOF,0.059287211049309806,0.7908912198167924,0.1498215691338978
25795,GOF,0.07272604078609655,0.7826480530560447,0.14462590615785886
25796,GOF,0.07829260105278817,0.831860512829226,0.08984688611798577
25797,GOF,0.03950183282963014,0.7403765811749996,0.22012158599537024
25798,GOF,0.003226999791973981,0.6728845445060937,0.32388845570193237
25799,GOF,0.00295809848947584,0.5692903157351104,0.42775158577541395
25800,GOF,0.01579031755798508,0.7861852058492607,0.19802447659275432
25801,GOF,0.018685413091349693,0.8918967993092507,0.08941778759939949
25802,GOF,0.02302663814475041,0.8373069065325495,0.1396664553227
25803,GOF,0.012480705400518845,0.7459120501751835,0.24160724442429776
25804,GOF,0.013689326734493565,0.6414354308842938,0.3448752423812126
25805,GOF,0.022346799038939907,0.755191801525028,0.22246139943603224
25806,GOF,0.01839532695126803,0.8095187695993012,0.1720859034494307
25807,GOF,0.004748584030864405,0.767544056895611,0.22770735907352463
25808,GOF,0.014229772054406153,0.7807359770189257,0.2050342509266681
25809,GOF,0.006801216016260863,0.7564982277761195,0.2367005562076197
25810,GOF,0.006009918839985158,0.7552746367135141,0.23871544444650072
25811,GOF,0.05309469896068804,0.8733864031407754,0.07351889789853656
25812,GOF,0.018716946064129283,0.763196017544439,0.2180870363914318
25813,GOF,0.10114245703963351,0.8064512780807173,0.09240626487964916
25814,GOF,0.027262533896898564,0.7945119815502037,0.17822548455289766
25815,GOF,0.06063699484049097,0.8354548607450086,0.10390814441450039
25816,GOF,0.006532573242408721,0.870985738877089,0.12248168788050223
25817,GOF,0.09601275888380936,0.8046223092774447,0.09936493183874581
25818,GOF,0.024795883938023136,0.8269187490799141,0.1482853669820627
25819,GOF,0.06760299250593872,0.7780366014275734,0.1543604060664879
25820,GOF,0.031904422155951136,0.7859102168083196,0.18218536103572933
25821,GOF,0.0213579217841485,0.7778155960928637,0.2008264821229878
25822,GOF,0.04153448256084102,0.791130927694233,0.16733458974492604
25823,GOF,0.016276727190424556,0.6792834847077827,0.30443978810179284
25824,GOF,0.027616135576967096,0.7766415221667332,0.19574234225629975
25825,GOF,0.01608093561075571,0.7676039438972356,0.21631512049200863
25826,GOF,0.0054026397564073785,0.7416645346031474,0.2529328256404452
25827,GOF,0.007622181752858462,0.7294216707030636,0.262956147544078
25828,GOF,0.006464652711944705,0.7053188081337386,0.2882165391543167
25829,GOF,0.003041624979706492,0.7275495247822584,0.26940885023803507
25830,GOF,0.03782029310595644,0.5345534958373863,0.4276262110566573
25831,GOF,0.08798771871627316,0.8003308969693019,0.11168138431442483
25832,GOF,0.0094547136018818,0.8215787289073422,0.16896655749077602
25833,GOF,0.03832842040103516,0.8551121354322029,0.10655944416676207
25834,GOF,0.010236085795834076,0.8300335892199298,0.15973032498423625
25835,GOF,0.02164825378321333,0.8726172067164364,0.10573453950035033
25836,GOF,0.007418082195888025,0.8283001476987264,0.16428177010538556
25837,GOF,0.006853991366282881,0.7316032709728915,0.26154273766082553
25838,GOF,0.025024770141880204,0.8763682106010188,0.09860701925710104
25839,GOF,0.041064755200007685,0.8657148788777721,0.0932203659222201
25840,GOF,0.07669103148532377,0.8492936492972001,0.07401531921747614
25841,GOF,0.07227481900838859,0.8541384359599151,0.07358674503169636
25842,GOF,0.025143665603690548,0.8997807352269416,0.07507559916936779
25843,GOF,0.027317980137986808,0.9049433530444176,0.06773866681759562
25844,GOF,0.015083703381281543,0.856655278778738,0.12826101783998045
25845,GOF,0.005337258611854224,0.6731243397783814,0.3215384016097644
25846,GOF,0.07871381532679445,0.8489415538007792,0.07234463087242639
25847,GOF,0.01589736715812582,0.917118369771579,0.06698426307029529
25848,GOF,0.017558027720133408,0.8701134014472096,0.11232857083265685
25849,GOF,0.0050384244426199785,0.7693135658789353,0.22564800967844484
25850,GOF,0.006133658511006938,0.785047750021863,0.20881859146712992
25851,GOF,0.005630992732009847,0.6783046673688233,0.3160643398991669
25852,GOF,0.1364536194215696,0.6277598804875132,0.23578650009091726
25853,GOF,0.07185595615983467,0.8472226642033176,0.08092137963684773
25854,GOF,0.005453698854233992,0.7185052070069021,0.27604109413886374
25855,GOF,0.0170460610507234,0.6610613778904518,0.32189256105882486
25856,GOF,0.03370900111114012,0.8100049156493503,0.15628608323950957
25857,GOF,0.019345898329233488,0.6774227150329789,0.3032313866377875
25858,GOF,0.009858988268657188,0.663538900585184,0.3266021111461587
25859,GOF,0.0057561316471554155,0.6385183694661911,0.3557254988866536
25860,GOF,0.10217694063479792,0.818094202264908,0.0797288571002942
25861,GOF,0.08227264340504256,0.8225809519767862,0.09514640461817121
25862,GOF,0.018879827096742453,0.8717604940292834,0.10935967887397417
25863,GOF,0.022660762870006214,0.8774319812509097,0.09990725587908415
25864,GOF,0.047463335265446015,0.8818325205575209,0.0707041441770329
25865,GOF,0.03602606196745465,0.8585713561529954,0.10540258187954989
25866,GOF,0.025888564792191354,0.8803110394395026,0.09380039576830582
25867,GOF,0.031692393396034094,0.8918630889451942,0.07644451765877161
25868,GOF,0.05270351200878121,0.8566724887795579,0.09062399921166088
25869,GOF,0.3327699539479631,0.6077183484270448,0.05951169762499222
25870,GOF,0.06556319557946773,0.7011855108148499,0.23325129360568225
25871,GOF,0.008720221782480983,0.8931713717756518,0.09810840644186725
25872,GOF,0.023807926478304445,0.8826607082422147,0.09353136527948087
25873,GOF,0.02257543931918134,0.9001319363779282,0.07729262430289055
25874,LOF,0.01637601190122823,0.23350910940751624,0.7501148786912555
25875,LOF,0.052710433761027305,0.04619486538876709,0.9010947008502057
25876,LOF,0.015684859795312114,0.0415742345225873,0.9427409056821007
25877,LOF,0.12310963846241431,0.08484535642237402,0.7920450051152117
25878,LOF,0.07607188052847716,0.11500027872525347,0.8089278407462694
25879,LOF,0.029366338394728415,0.09331528434286751,0.877318377262404
25880,LOF,0.05466431214972234,0.0121845559338674,0.9331511319164103
25881,Neutral,0.5370080448665816,0.07102964540838336,0.39196230972503504
25882,LOF,0.08850814409036303,0.026498945849952524,0.8849929100596845
25883,LOF,0.028552295754312375,0.025767029515758915,0.9456806747299288
25884,LOF,0.022213752293190177,0.05181499779358135,0.9259712499132284
25885,LOF,0.2267544636369053,0.012623392209936505,0.7606221441531582
25886,LOF,0.29532024361997683,0.05143300062611274,0.6532467557539104
25887,LOF,0.18810696931101323,0.06965663952599255,0.7422363911629942
25888,LOF,0.012391360157006521,0.15053991969653036,0.837068720146463
25889,LOF,0.028238330359635463,0.03564535808897288,0.9361163115513915
25890,LOF,0.14542815389269875,0.11479064260604523,0.7397812035012561
25891,LOF,0.10455482993102613,0.026969130963308854,0.8684760391056651
25892,LOF,0.008048422112637179,0.030718445166237975,0.9612331327211249
25893,LOF,0.3958414829414455,0.008196661892405558,0.595961855166149
25894,LOF,0.4157957574075452,0.004660096596601205,0.5795441459958536
25895,LOF,0.34445750562534844,0.011380994724814878,0.6441614996498367
25896,LOF,0.06660218668060046,0.015243606785065473,0.918154206534334
25897,LOF,0.19660963702645728,0.00813680373339779,0.7952535592401448
25898,LOF,0.1942731209914051,0.02618430753587927,0.7795425714727157
25899,LOF,0.43952323078396505,0.01457077279268722,0.5459059964233477
25900,LOF,0.4562298512302008,0.008519817589350663,0.5352503311804486
25901,LOF,0.06495185616488622,0.006800667481320479,0.9282474763537933
25902,LOF,0.1976057929954782,0.007943755019458903,0.7944504519850629
25903,LOF,0.3877039916296774,0.023416687414085327,0.5888793209562372
25904,Neutral,0.5003823343055358,0.02095107958065901,0.47866658611380525
25905,LOF,0.004604138336394726,0.44656641061783975,0.5488294510457655
25906,LOF,0.008219405393842279,0.10630958837404864,0.8854710062321091
25907,LOF,0.004136804619376243,0.33407493866335985,0.6617882567172639
25908,LOF,0.004331081541288766,0.251169645550516,0.7444992729081952
25909,LOF,0.022728352400161238,0.15818258650826073,0.8190890610915781
25910,LOF,0.010913686923577621,0.14226629318280565,0.8468200198936168
25911,LOF,0.32001780076345765,0.0379445706124741,0.6420376286240682
25912,LOF,0.07906423400836139,0.0464732954352665,0.874462470556372
25913,LOF,0.03529912246956215,0.07475646114643487,0.8899444163840029
25914,LOF,0.03932240804354841,0.04163478454204745,0.9190428074144041
25915,LOF,0.19338655808663738,0.1867550222183853,0.6198584196949773
25916,LOF,0.03431412134597208,0.12458678115846848,0.8410990974955594
25917,LOF,0.07661158902683245,0.038645141845257094,0.8847432691279105
25918,LOF,0.04465585348173523,0.02485745540354084,0.9304866911147239
25919,LOF,0.038755798914769685,0.025458026182989077,0.9357861749022411
25920,LOF,0.2724970238306017,0.2151866267692704,0.5123163494001279
25921,LOF,0.01459986177190426,0.040988734217469736,0.9444114040106261
25922,LOF,0.017472165458873146,0.0371926819899891,0.9453351525511379
25923,LOF,0.432985565774502,0.030864911105720934,0.536149523119777
25924,LOF,0.021969719703847552,0.05854283733558254,0.9194874429605698
25925,LOF,0.0837840618440099,0.04406930147014529,0.8721466366858447
25926,LOF,0.06585929745913896,0.040235749406371264,0.8939049531344898
25927,LOF,0.02559071093053364,0.07051921034002655,0.9038900787294397
25928,LOF,0.009469517913016028,0.05852964745975907,0.932000834627225
25929,Neutral,0.5408465546764311,0.02880904618500812,0.4303443991385608
25930,LOF,0.08151554899073778,0.029314181364234526,0.8891702696450277
25931,LOF,0.012807214884194049,0.03959794969510721,0.9475948354206988
25932,LOF,0.06621155397352783,0.03126566458438576,0.9025227814420863
25933,LOF,0.061466903987806035,0.019487445426050277,0.9190456505861436
25934,LOF,0.058893942385480444,0.01824095535623073,0.9228651022582888
25935,LOF,0.07524564943785686,0.05289486341857401,0.8718594871435692
25936,LOF,0.10133109844671587,0.019115658639894766,0.8795532429133894
25937,LOF,0.018672807265237696,0.04279413560160348,0.9385330571331589
25938,LOF,0.0708389840067425,0.046457169982171476,0.8827038460110861
25939,LOF,0.04551583869555567,0.025532868589831535,0.9289512927146126
25940,LOF,0.007782798456219792,0.350380843170699,0.6418363583730812
25941,Neutral,0.5127107571699079,0.04533496327475152,0.44195427955534067
25942,LOF,0.008564307032296308,0.05040706940053949,0.9410286235671641
25943,LOF,0.036083668915350385,0.18561563128641603,0.7783006997982337
25944,LOF,0.05051821699266774,0.07924933103040074,0.8702324519769316
25945,LOF,0.11481086228082776,0.021210351063449918,0.8639787866557224
25946,LOF,0.06853219174421282,0.04637059593833908,0.8850972123174481
25947,Neutral,0.45707080518327386,0.12002148481236376,0.4229077100043624
25948,LOF,0.41981878475011214,0.0158024628029285,0.5643787524469595
25949,LOF,0.13716468640816568,0.06809590132770649,0.7947394122641279
25950,GOF,0.053272421493329905,0.6073640005201626,0.3393635779865074
25951,LOF,0.010711365690491186,0.431390374380361,0.5578982599291479
25952,LOF,0.3016976869295898,0.29899460169896797,0.3993077113714421
25953,LOF,0.007959011127443665,0.18684121102603599,0.8051997778465203
25954,GOF,0.0890281924658085,0.4851520354799339,0.4258197720542575
25955,LOF,0.005046178196297007,0.19216976731369614,0.8027840544900068
25956,LOF,0.020400803019372797,0.23079334867916554,0.7488058483014617
25957,LOF,0.18080741348701324,0.0322128743781872,0.7869797121347996
25958,LOF,0.03342598421589029,0.04113728414154906,0.9254367316425607
25959,GOF,0.013927525079648968,0.6544013923400682,0.3316710825802827
25960,LOF,0.005842769481868726,0.06577772753460079,0.9283795029835306
25961,LOF,0.03177459769552672,0.03748371797093158,0.9307416843335417
25962,LOF,0.04276034003658147,0.0648691631275942,0.8923704968358244
25963,LOF,0.005311852616572068,0.19332930165047751,0.8013588457329505
25964,LOF,0.026323166803359353,0.11670514268668196,0.8569716905099587
25965,LOF,0.2782797422415889,0.12363292069972015,0.598087337058691
25966,Neutral,0.4382283205424751,0.16061000261976063,0.4011616768377643
25967,LOF,0.008096774140402378,0.09527130351519356,0.896631922344404
25968,LOF,0.038939706993103014,0.22344798974207214,0.7376123032648249
25969,LOF,0.17962522840632061,0.05418638367994267,0.7661883879137368
25970,LOF,0.029977288705488908,0.09155150701310891,0.8784712042814021
25971,LOF,0.07928126079450307,0.027361832494342493,0.8933569067111545
25972,LOF,0.06566426957013505,0.047998215575388505,0.8863375148544765
25973,LOF,0.06536367854138952,0.009016138230792909,0.9256201832278175
25974,LOF,0.050685222328254245,0.03916024716765126,0.9101545305040945
25975,LOF,0.04392901798845679,0.017862530187560354,0.9382084518239828
25976,LOF,0.0965148393097181,0.010356369113494648,0.8931287915767873
25977,LOF,0.2141218245357515,0.0696148604729616,0.7162633149912869
25978,LOF,0.2018448633272647,0.11157470096788606,0.6865804357048493
25979,LOF,0.1663812426720098,0.12506601158585764,0.7085527457421327
25980,LOF,0.28117512918705817,0.18227824278119856,0.5365466280317434
25981,LOF,0.2820161849492134,0.18576239065614328,0.5322214243946434
25982,Neutral,0.48268417518327594,0.08786158940347766,0.4294542354132465
25983,Neutral,0.4711083396492973,0.10686651665997711,0.42202514369072547
25984,LOF,0.04252670710531817,0.09142806473252997,0.8660452281621519
25985,LOF,0.41814831275442427,0.13781943089661233,0.4440322563489634
25986,LOF,0.01510660860312831,0.3960457380414135,0.5888476533554582
25987,LOF,0.047359120674660825,0.09767743533965971,0.8549634439856795
25988,LOF,0.03994001305003429,0.1549690894408806,0.8050908975090852
25989,LOF,0.03598968152902837,0.19073248759980924,0.7732778308711624
25990,LOF,0.04089724019911406,0.2882435131741883,0.6708592466266977
25991,LOF,0.030850231848797458,0.41849466504031857,0.550655103110884
25992,LOF,0.02572660723151194,0.4316253178556004,0.5426480749128877
25993,LOF,0.027701805944558202,0.08154106547841299,0.8907571285770288
25994,LOF,0.02421629869917803,0.08087874765880813,0.894904953642014
25995,LOF,0.020145148235398612,0.14454032404443937,0.835314527720162
25996,Neutral,0.3520577076668546,0.33602671230627035,0.3119155800268751
25997,LOF,0.07874487302458086,0.3905156925841022,0.530739434391317
25998,LOF,0.30966469714492306,0.03616722365864413,0.6541680791964328
25999,LOF,0.026016291578012312,0.197884579673119,0.7760991287488687
26000,LOF,0.19050793201968394,0.030341268971633382,0.7791507990086828
26001,LOF,0.24421508347247203,0.04897930713275452,0.7068056093947734
26002,LOF,0.12422838640031923,0.044366299463677074,0.8314053141360037
26003,GOF,0.005720973088190326,0.6476066959844937,0.346672330927316
26004,GOF,0.009376751392311424,0.7047129722809965,0.28591027632669214
26005,LOF,0.004135309445468511,0.48925461587667707,0.5066100746778543
26006,GOF,0.12224332118758031,0.556830869558466,0.3209258092539537
26007,GOF,0.008112838448101721,0.5494363338601287,0.44245082769176963
26008,GOF,0.005245705355525169,0.5952924849581311,0.3994618096863437
26009,GOF,0.008460105259217279,0.661304771097703,0.3302351236430797
26010,GOF,0.007887601624284665,0.6278136513446216,0.36429874703109383
26011,LOF,0.0034746087843950096,0.44261021577601034,0.5539151754395947
26012,GOF,0.003974379938761825,0.5097460210169141,0.486279599044324
26013,GOF,0.010502423544380154,0.5713603594009419,0.41813721705467793
26014,LOF,0.05574426897944962,0.11536682806663524,0.8288889029539153
26015,LOF,0.3624602525332263,0.029781524029283184,0.6077582234374905
26016,LOF,0.3075959650952795,0.045879787517802084,0.6465242473869184
26017,LOF,0.018602630192314715,0.2417908484132897,0.7396065213943955
26018,LOF,0.02580473087805366,0.05558429561019237,0.9186109735117539
26019,LOF,0.025541173808197756,0.04737710887550135,0.9270817173163008
26020,LOF,0.009414540105365875,0.2206408546943128,0.7699446052003213
26021,LOF,0.08920565799730161,0.08562386662266337,0.8251704753800351
26022,LOF,0.038411827852814,0.03567425084175716,0.9259139213054288
26023,LOF,0.02534360654101636,0.03902465479697959,0.935631738662004
26024,LOF,0.056566400963079105,0.06873819380658153,0.8746954052303393
26025,LOF,0.06769571336803071,0.09142378202596751,0.8408805046060018
26026,LOF,0.09379901700736695,0.0719327812682633,0.8342682017243697
26027,LOF,0.02525636537179675,0.027441094532699332,0.947302540095504
26028,LOF,0.10979059097832267,0.14848465857076848,0.7417247504509088
26029,LOF,0.02082308653167439,0.22190179281939293,0.7572751206489328
26030,LOF,0.16323918695783998,0.02607869527337363,0.8106821177687864
26031,LOF,0.009250509846356128,0.16887832723868362,0.8218711629149602
26032,LOF,0.04521144076951201,0.05811697313290618,0.8966715860975818
26033,LOF,0.06200863109183882,0.05087329190520269,0.8871180770029585
26034,LOF,0.011738005459116473,0.18481553744801432,0.8034464570928692
26035,LOF,0.011953976899396188,0.11579759429548944,0.8722484288051143
26036,LOF,0.011487950928590002,0.13358935832632118,0.8549226907450889
26037,LOF,0.009382802244324364,0.11239019799709454,0.8782269997585811
26038,LOF,0.037738314849757836,0.051692691402373286,0.9105689937478689
26039,LOF,0.022922121162877698,0.15521998103599996,0.8218578978011223
26040,LOF,0.10521831698634419,0.12521940758012498,0.7695622754335307
26041,LOF,0.012875905996654067,0.09258187267102519,0.8945422213323206
26042,LOF,0.01149730919811741,0.10689998050365586,0.8816027102982267
26043,LOF,0.037396215816243646,0.07250480443299429,0.8900989797507621
26044,LOF,0.011453263978287895,0.05628595206202402,0.9322607839596881
26045,LOF,0.08127946379156098,0.10832532951732929,0.8103952066911098
26046,LOF,0.032189732691993295,0.053209519527968006,0.9146007477800386
26047,LOF,0.05842512453095062,0.05489517291629539,0.8866797025527541
26048,LOF,0.06324449547404665,0.03050520675193607,0.9062502977740172
26049,Neutral,0.9437182234493561,0.00841496017412962,0.04786681637651445
26050,Neutral,0.9183114152496553,0.009156729444369334,0.0725318553059753
26051,LOF,0.017405403718871688,0.10565149055049991,0.8769431057306284
26052,LOF,0.027211662316058222,0.12462278342731904,0.8481655542566227
26053,LOF,0.024871023329055733,0.17051771753316827,0.804611259137776
26054,LOF,0.048789623815018716,0.026399665387567803,0.9248107107974135
26055,LOF,0.0667519399560309,0.023172285677097795,0.9100757743668713
26056,LOF,0.05483411537145048,0.02811278125531261,0.917053103373237
26057,LOF,0.05363161813841584,0.014993807842151331,0.9313745740194327
26058,LOF,0.05720157139544354,0.01232043267694222,0.9304779959276142
26059,LOF,0.19470000496239526,0.030688759276852717,0.774611235760752
26060,LOF,0.01618210530299034,0.16789854189332765,0.815919352803682
26061,LOF,0.011421318652176493,0.009175104821973432,0.9794035765258502
26062,LOF,0.005809307711233763,0.017314945477512392,0.9768757468112538
26063,LOF,0.04070455073608442,0.010954692117312743,0.9483407571466029
26064,LOF,0.009865861545809826,0.026641156719596222,0.963492981734594
26065,LOF,0.04531697707577543,0.01247484348682535,0.9422081794373992
26066,LOF,0.04550813727095973,0.01029019341090707,0.9442016693181331
26067,LOF,0.05432055327806858,0.009734571573357843,0.9359448751485735
26068,LOF,0.05686570264549194,0.038081518609736575,0.9050527787447714
26069,LOF,0.1585034421141848,0.026239776597435656,0.8152567812883795
26070,LOF,0.34272188219544775,0.020853169785195885,0.6364249480193563
26071,LOF,0.04323703192599028,0.012236993123030133,0.9445259749509795
26072,LOF,0.009622461612335964,0.019781248128917028,0.9705962902587469
26073,LOF,0.039486137048716265,0.0137878762656164,0.9467259866856674
26074,Neutral,0.9141226532299517,0.008011708564908942,0.0778656382051394
26075,LOF,0.059173629891010875,0.019179888058925315,0.9216464820500638
26076,LOF,0.05009973713089239,0.012144193421815162,0.9377560694472925
26077,LOF,0.1427789430944576,0.007031285318026521,0.8501897715875159
26078,LOF,0.007808545367631128,0.014437805153546627,0.9777536494788223
26079,LOF,0.06912284930040959,0.01976910054114977,0.9111080501584407
26080,LOF,0.06805095114631042,0.019881041590305758,0.9120680072633838
26081,LOF,0.03328915837283849,0.009219954814560352,0.9574908868126011
26082,LOF,0.006945386730119422,0.016542514277169944,0.9765120989927106
26083,LOF,0.11660596386454514,0.019386929449525518,0.8640071066859293
26084,LOF,0.11268497377195835,0.015537072649921806,0.8717779535781198
26085,LOF,0.10383460616529888,0.013201649655850146,0.8829637441788509
26086,LOF,0.040129354322487674,0.011990244321771136,0.9478804013557411
26087,LOF,0.03750176995294539,0.010025669663187799,0.9524725603838667
26088,LOF,0.0076794736083610725,0.021923569761557755,0.9703969566300811
26089,LOF,0.044726274648793626,0.031142605150907294,0.9241311202002991
26090,LOF,0.0453071500291331,0.02442378001557925,0.9302690699552877
26091,LOF,0.03253937860508734,0.0076500563079638095,0.9598105650869487
26092,LOF,0.04393961359843485,0.00883703257332318,0.9472233538282421
26093,LOF,0.07732794060295302,0.0057933349119866015,0.9168787244850604
26094,LOF,0.03737042496563871,0.006920765821844908,0.9557088092125163
26095,LOF,0.037231405574120045,0.016225777873443755,0.9465428165524362
26096,LOF,0.186557087849133,0.005346454584886837,0.8080964575659801
26097,LOF,0.007441402773706032,0.030467711755954256,0.9620908854703398
26098,LOF,0.07416175975293789,0.017190225012055707,0.9086480152350064
26099,LOF,0.04571758669430389,0.015954835805544174,0.938327577500152
26100,LOF,0.04567801338828042,0.015955497439449486,0.9383664891722701
26101,LOF,0.05775910380748813,0.028797055986138062,0.9134438402063738
26102,LOF,0.03601065521327922,0.016461882002023396,0.9475274627846975
26103,Neutral,0.8874636464784881,0.02430555094613721,0.08823080257537474
26104,LOF,0.06267170928418765,0.03921080138696921,0.898117489328843
26105,LOF,0.26151334548323557,0.15564036407304682,0.5828462904437176
26106,LOF,0.339701620304099,0.10930426975360076,0.5509941099423002
26107,LOF,0.024439215609773555,0.09765138536597207,0.8779093990242545
26108,LOF,0.279165528638224,0.04679780527550723,0.6740366660862687
26109,LOF,0.08143999288142834,0.04113275020182888,0.8774272569167428
26110,LOF,0.4540066642568343,0.009612585242287891,0.5363807505008779
26111,LOF,0.0595067442068163,0.13881797427538278,0.801675281517801
26112,LOF,0.062218512290114596,0.009056987533237528,0.928724500176648
26113,LOF,0.1083455187431098,0.02306250303809662,0.8685919782187935
26114,LOF,0.08973598330903487,0.00962999488205825,0.900634021808907
26115,LOF,0.015301947654600509,0.0495736882111065,0.935124364134293
26116,LOF,0.0756635621310246,0.01907218639006468,0.9052642514789107
26117,LOF,0.35034169343334326,0.03105602281854176,0.618602283748115
26118,LOF,0.048724187008074536,0.014836695428156323,0.9364391175637691
26119,LOF,0.006530504561548556,0.03138551170130274,0.9620839837371487
26120,LOF,0.03389335924347765,0.0135242773997395,0.9525823633567828
26121,LOF,0.003756180451204197,0.11029647879822616,0.8859473407505696
