feature0,prediction,LoGoFunc_Neutral,LoGoFunc_GOF,LoGoFunc_LOF
25546,Neutral,0.7700683498241688,0.031111435591444976,0.19882021458438615
25547,Neutral,0.6173476731179536,0.07004529542245741,0.312607031459589
25548,Neutral,0.635929221290188,0.05244708260289894,0.31162369610691315
25549,Neutral,0.5559682263116675,0.050692848310253155,0.3933389253780794
25550,LOF,0.38480380600164854,0.10053129231789835,0.5146649016804531
25551,LOF,0.31455709572147184,0.11133285866944966,0.5741100456090785
25552,LOF,0.22936013622349527,0.1059896134266903,0.6646502503498144
25553,Neutral,0.8620480867994869,0.02427460931571617,0.11367730388479706
25554,LOF,0.2655106382501021,0.10212547230787417,0.6323638894420237
25555,LOF,0.21939577016941111,0.0910395908841879,0.6895646389464011
25556,Neutral,0.47710397605282506,0.08944588067064044,0.4334501432765345
25557,LOF,0.20762092372791652,0.09593409359906141,0.6964449826730221
25558,LOF,0.24631638768143238,0.10351701762361715,0.6501665946949505
25559,LOF,0.36728994447103747,0.10950512490636319,0.5232049306225993
25560,LOF,0.05622649655673099,0.13851516803849817,0.8052583354047709
25561,LOF,0.13395322963801176,0.13680558197043402,0.7292411883915542
25562,LOF,0.08144310314143316,0.08129105949647937,0.8372658373620874
25563,LOF,0.10368819274315182,0.07521783947955432,0.8210939677772939
25564,LOF,0.2193064160879758,0.14767637436063752,0.6330172095513867
25565,LOF,0.13589907542966131,0.12213770693714336,0.7419632176331953
25566,GOF,0.012373425905429369,0.7577954198592324,0.22983115423533834
25567,LOF,0.019267185030245063,0.18457861201171846,0.7961542029580365
25568,LOF,0.056833264555865626,0.07215733286455074,0.8710094025795836
25569,LOF,0.05686658472458009,0.07395438581187737,0.8691790294635426
25570,LOF,0.05672662941202504,0.10938565743041727,0.8338877131575578
25571,LOF,0.0510030929869172,0.10469060118669359,0.8443063058263891
25572,LOF,0.06708449427664598,0.12397077277929112,0.8089447329440629
25573,LOF,0.035132812412720864,0.10130054168982729,0.8635666458974519
25574,LOF,0.021295397947034497,0.15210398012450768,0.8266006219284578
25575,LOF,0.0415192585318319,0.12422239539801426,0.8342583460701538
25576,LOF,0.01941455506678766,0.13807372166426393,0.8425117232689484
25577,LOF,0.01593039996439231,0.12853046949531108,0.8555391305402966
25578,LOF,0.2962102951114267,0.09319518234214089,0.6105945225464323
25579,LOF,0.13085450059526396,0.10905925490280459,0.7600862445019313
25580,LOF,0.03131722258244848,0.09477363064614099,0.8739091467714106
25581,LOF,0.049233242507329675,0.07447052459352793,0.8762962328991424
25582,LOF,0.048861724611206137,0.07389826277693638,0.8772400126118574
25583,LOF,0.03611129600005569,0.10627851758960676,0.8576101864103376
25584,Neutral,0.47428377186182713,0.1239470433160595,0.40176918482211327
25585,LOF,0.022232001364674184,0.13739845480546387,0.840369543829862
25586,LOF,0.029553952397133793,0.0862939871497787,0.8841520604530875
25587,LOF,0.030008014813993768,0.08244352506300703,0.8875484601229991
25588,LOF,0.02951392685815728,0.09820028922326356,0.8722857839185791
25589,Neutral,0.6330572966704556,0.1256607372014135,0.24128196612813094
25590,LOF,0.03407322605184166,0.14347768015785609,0.8224490937903022
25591,LOF,0.09073966385317624,0.0677045970377434,0.8415557391090803
25592,LOF,0.09577399471317886,0.15323361491394458,0.7509923903728766
25593,LOF,0.03231354956199658,0.27258439484212016,0.6951020555958833
25594,LOF,0.04972267252856003,0.15685119436581943,0.7934261331056205
25595,LOF,0.0620294330755902,0.1151595943745094,0.8228109725499004
25596,LOF,0.054496929356799964,0.0767814894801018,0.8687215811630983
25597,LOF,0.03651008900856648,0.079691310848828,0.8837986001426056
25598,LOF,0.054474710463561435,0.11578947586335404,0.8297358136730846
25599,GOF,0.006932484378483387,0.6274147265047395,0.36565278911677707
25600,GOF,0.013296872576747915,0.6203834296183848,0.36631969780486745
25601,LOF,0.009985008700123605,0.4414148749279478,0.5486001163719286
25602,LOF,0.018719681320712295,0.0445206940533786,0.9367596246259091
25603,LOF,0.06377775949153663,0.017163640538047652,0.9190585999704157
25604,LOF,0.03438426146904656,0.04805670966358758,0.917559028867366
25605,LOF,0.01055976636849633,0.2004173384542031,0.7890228951773006
25606,LOF,0.09220870414194413,0.357408117188696,0.5503831786693599
25607,LOF,0.006042376286906217,0.18248039571745536,0.8114772279956384
25608,LOF,0.018084936645492627,0.10747715868019932,0.874437904674308
25609,LOF,0.05740404678823262,0.4169451065056743,0.5256508467060931
25610,LOF,0.03082509039538507,0.027049588987369373,0.9421253206172455
25611,LOF,0.03765561466512363,0.02629764170510011,0.9360467436297764
25612,LOF,0.0958192789348206,0.03936296285453617,0.8648177582106433
25613,LOF,0.08235195426091338,0.03984911622562005,0.8777989295134666
25614,LOF,0.0335998413140813,0.03156777465902638,0.9348323840268923
25615,LOF,0.033927766300678654,0.044783606573741655,0.9212886271255798
25616,LOF,0.025596620299085823,0.031273960102009946,0.9431294195989043
25617,LOF,0.027037289127459833,0.035342738664334114,0.9376199722082059
25618,LOF,0.13794776549707746,0.028602620793973382,0.8334496137089491
25619,LOF,0.02836930402028539,0.032492712535607475,0.9391379834441073
25620,LOF,0.03475499204231922,0.03853399204328336,0.9267110159143975
25621,LOF,0.026317179755178728,0.036116576865295756,0.9375662433795254
25622,LOF,0.032931812147482004,0.040487981922519414,0.9265802059299986
25623,LOF,0.05077309930105342,0.02867891350043307,0.9205479871985134
25624,LOF,0.024555882348294374,0.03852475330356902,0.9369193643481366
25625,LOF,0.03388868887709782,0.045312938933907254,0.920798372188995
25626,LOF,0.07813089303501614,0.033544862926864816,0.888324244038119
25627,Neutral,0.5562481187279806,0.11971253657744294,0.32403934469457646
25628,LOF,0.21090295639077147,0.05340592031310957,0.7356911232961189
25629,LOF,0.061185264944981534,0.06353906684798669,0.8752756682070318
25630,LOF,0.17406972846137145,0.08832429590282863,0.7376059756357999
25631,Neutral,0.6063676184156348,0.0628717121676574,0.3307606694167079
25632,LOF,0.01296992755417409,0.11463255109236634,0.8723975213534595
25633,LOF,0.10093618949610655,0.08534274922104598,0.8137210612828475
25634,LOF,0.03162242123375448,0.11167042742082885,0.8567071513454166
25635,LOF,0.03634889954796343,0.08082223423179816,0.8828288662202384
25636,GOF,0.004057273865529103,0.582448445320813,0.41349428081365797
25637,GOF,0.003696462920821397,0.6331790217487482,0.36312451533043044
25638,LOF,0.006126446042561454,0.3666307819582012,0.6272427719992374
25639,LOF,0.0036156954432455955,0.49573970307365123,0.5006446014831032
25640,GOF,0.4465629379855924,0.49025332493578333,0.0631837370786243
25641,LOF,0.009160848584318346,0.2984227274288263,0.6924164239868553
25642,LOF,0.256275714390638,0.058463984609435124,0.6852603009999269
25643,LOF,0.29971130297410437,0.14975443135995062,0.550534265665945
25644,GOF,0.015270179971738016,0.4994436811838793,0.4852861388443826
25645,LOF,0.01226883482709786,0.42023483628510233,0.5674963288877998
25646,LOF,0.018215089781929057,0.3164670486023854,0.6653178616156856
25647,LOF,0.013603197619353864,0.26774927380691066,0.7186475285737356
25648,LOF,0.013704447972493252,0.2609239110245034,0.7253716410030032
25649,LOF,0.012325726439491631,0.19085125659464372,0.7968230169658648
25650,LOF,0.020784546290716497,0.3971128143047343,0.5821026394045492
25651,LOF,0.008394010929641727,0.26867013074138074,0.7229358583289776
25652,LOF,0.013925267627224104,0.2604701470526391,0.7256045853201369
25653,LOF,0.05097913791196751,0.35082256921679844,0.5981982928712339
25654,LOF,0.014498756709841862,0.1368713960633676,0.8486298472267906
25655,LOF,0.08002053443323241,0.3842221855154113,0.5357572800513563
25656,LOF,0.09620256543971052,0.06720600295505422,0.8365914316052352
25657,LOF,0.32469149005595177,0.03075140685825163,0.6445571030857966
25658,LOF,0.04635892961915792,0.09775951003006976,0.8558815603507723
25659,LOF,0.3739462280196175,0.07681365980685782,0.5492401121735246
25660,LOF,0.05964400168721664,0.09115093304144113,0.8492050652713422
25661,LOF,0.044712257940461006,0.06976213847910999,0.8855256035804289
25662,LOF,0.027853673554839795,0.048062908302285226,0.9240834181428751
25663,LOF,0.03630116037048991,0.07544444991551134,0.8882543897139987
25664,LOF,0.04336654115947511,0.08884311034546416,0.8677903484950608
25665,LOF,0.056744135262945236,0.045453784589980534,0.8978020801470743
25666,LOF,0.03821027211533806,0.12303078626342304,0.8387589416212389
25667,LOF,0.030654324732699304,0.054011214270206276,0.9153344609970944
25668,LOF,0.03354910448651603,0.05522235300009996,0.911228542513384
25669,LOF,0.041154968362866425,0.0809259630705986,0.8779190685665351
25670,LOF,0.08292366604365775,0.09044205237572524,0.826634281580617
25671,LOF,0.038611941360936645,0.04990776930627008,0.9114802893327933
25672,LOF,0.059796561641095126,0.06559473304786992,0.874608705311035
25673,LOF,0.044193634540436226,0.07151917894461553,0.8842871865149482
25674,LOF,0.040854254088551076,0.0733871683727163,0.8857585775387327
25675,LOF,0.050385604139848834,0.060556346672016655,0.8890580491881345
25676,LOF,0.03323717518785406,0.06272443921888858,0.9040383855932573
25677,LOF,0.05890194016560474,0.0678403757014081,0.8732576841329872
25678,LOF,0.2651862997871913,0.03590129526671537,0.6989124049460933
25679,LOF,0.17688940026146463,0.0702818661502102,0.7528287335883251
25680,LOF,0.061384963476169924,0.098944422863431,0.8396706136603991
25681,LOF,0.10666663159388466,0.08983913266569499,0.8034942357404204
25682,LOF,0.04409710035833759,0.08111668778931501,0.8747862118523474
25683,LOF,0.10639809735578305,0.09147586921914791,0.802126033425069
25684,LOF,0.056391404902809354,0.08685510116152867,0.856753493935662
25685,LOF,0.10890309624067696,0.054328809662872575,0.8367680940964505
25686,LOF,0.0410475578421597,0.11262790030198438,0.8463245418558559
25687,LOF,0.04784780107486532,0.09766846273107554,0.8544837361940592
25688,LOF,0.02930292555089935,0.09107318851046813,0.8796238859386326
25689,LOF,0.019058361946887384,0.07352829301565193,0.9074133450374607
25690,LOF,0.02102761307446342,0.08692618987071325,0.8920461970548234
25691,LOF,0.2061792706467901,0.10533528412802787,0.6884854452251821
25692,LOF,0.2839908863114446,0.009890795950233558,0.7061183177383218
25693,LOF,0.09626037338753018,0.16671005058195904,0.7370295760305108
25694,LOF,0.2522624258506348,0.016301545579342984,0.7314360285700222
25695,LOF,0.17060249873321107,0.0238370542441976,0.8055604470225913
25696,LOF,0.1792385860059572,0.011352909275933127,0.8094085047181098
25697,LOF,0.14172740554467528,0.03560340645944935,0.8226691879958754
25698,LOF,0.03281147076513429,0.4159642620485921,0.5512242671862736
25699,LOF,0.06458873766727648,0.08541194503668584,0.8499993172960377
25700,LOF,0.03231389234885768,0.010395137962733492,0.9572909696884089
25701,LOF,0.017324912033565246,0.07399590651235037,0.9086791814540844
25702,GOF,0.04009684271345276,0.7450162362475121,0.21488692103903526
25703,LOF,0.014229072171470554,0.1970420497066481,0.7887288781218814
25704,LOF,0.09904265232422875,0.16027542214878548,0.7406819255269856
25705,LOF,0.06273172667832534,0.23661364841501056,0.7006546249066641
25706,GOF,0.05471047298052393,0.57309537955104,0.37219414746843604
25707,GOF,0.029545807942366043,0.4944815310494179,0.4759726610082161
25708,LOF,0.009709211405918535,0.42913423417368696,0.5611565544203946
25709,LOF,0.01945516546114637,0.06222283482431476,0.9183219997145389
25710,LOF,0.008751388325246506,0.15106307897650867,0.8401855326982449
25711,LOF,0.020880049195986166,0.11784869373096936,0.8612712570730444
25712,LOF,0.010184455464648386,0.1985934334828215,0.79122211105253
25713,LOF,0.0186181521992917,0.09496230474412629,0.8864195430565821
25714,LOF,0.020917591716719416,0.12646902889967535,0.8526133793836052
25715,LOF,0.021619487198161723,0.10754258495566327,0.870837927846175
25716,LOF,0.01105547114920933,0.1004415694927763,0.8885029593580143
25717,LOF,0.006560319140177123,0.11707162758120977,0.876368053278613
25718,LOF,0.018770366330528598,0.07192167578562775,0.9093079578838437
25719,LOF,0.03422765845944693,0.08286155807033728,0.8829107834702158
25720,LOF,0.022554224989656577,0.08176634799897722,0.8956794270113662
25721,LOF,0.024274663007465048,0.09199216586283615,0.8837331711296988
25722,LOF,0.019300228399630633,0.11309915414536434,0.867600617455005
25723,LOF,0.02197683054953883,0.06483033283783475,0.9131928366126264
25724,LOF,0.03472134758121035,0.09016511940864816,0.8751135330101414
25725,LOF,0.02233970511038426,0.06382164888183449,0.9138386460077813
25726,LOF,0.01609367847108662,0.09513139451808132,0.888774927010832
25727,LOF,0.021068591186860233,0.0799241158041977,0.899007293008942
25728,LOF,0.019261683330528835,0.09340740363061993,0.8873309130388511
25729,LOF,0.019820625837110716,0.09359077490708706,0.8865885992558021
25730,LOF,0.02062226346388637,0.07690023085320563,0.9024775056829079
25731,LOF,0.012083387643014422,0.15425411774474265,0.833662494612243
25732,LOF,0.017866392875853013,0.08905159190928294,0.893082015214864
25733,LOF,0.029108537908724936,0.06817141244798233,0.9027200496432928
25734,LOF,0.007514163883130039,0.17252494707121113,0.8199608890456588
25735,LOF,0.022384843044273288,0.06156448179742848,0.9160506751582982
25736,LOF,0.021613957347457705,0.09418642916992764,0.8841996134826146
25737,LOF,0.03996008272714612,0.07674701065558237,0.8832929066172716
25738,LOF,0.02086217117581755,0.11697583934162886,0.8621619894825536
25739,LOF,0.02265652534771825,0.11174058406098018,0.8656028905913016
25740,LOF,0.05165428122143379,0.10313876904716421,0.8452069497314021
25741,LOF,0.025612169573745788,0.0905085280054183,0.8838793024208359
25742,LOF,0.03650441694848642,0.10480475446722125,0.8586908285842922
25743,LOF,0.010849045995594685,0.047652544652751615,0.9414984093516537
25744,GOF,0.12412584404170086,0.48022699843789435,0.3956471575204047
25745,LOF,0.019990087140090956,0.07394321244384845,0.9060667004160605
25746,LOF,0.010470871041039533,0.09475675232805979,0.8947723766309006
25747,LOF,0.03393435528472697,0.03580426036579469,0.9302613843494785
25748,LOF,0.1946661461543748,0.061575620402102245,0.743758233443523
25749,LOF,0.013646868623986619,0.055946626477283164,0.9304065048987301
25750,LOF,0.015226991656857113,0.09016592106917248,0.8946070872739703
25751,LOF,0.037194235343411784,0.07265952179301122,0.8901462428635769
25752,GOF,0.08729540443209519,0.6626833863516348,0.25002120921627
25753,LOF,0.007252234066506273,0.3740818762601458,0.618665889673348
25754,GOF,0.005512972501818893,0.8648907108098028,0.12959631668837832
25755,LOF,0.010068085889684702,0.4324472998374793,0.5574846142728359
25756,LOF,0.048311501551267906,0.43593230777291236,0.5157561906758197
25757,GOF,0.007193116274954608,0.8769884021860257,0.11581848153901982
25758,GOF,0.008650780292922244,0.8684403443608791,0.12290887534619865
25759,GOF,0.004918634063864249,0.5709958348630946,0.4240855310730413
25760,LOF,0.0066910142549646634,0.30649246580423894,0.6868165199407964
25761,GOF,0.04458947392469892,0.8432900160516306,0.11212051002367061
25762,LOF,0.029111764758829893,0.3571639529614689,0.6137242822797012
25763,LOF,0.008648752732574622,0.24475861739896057,0.7465926298684649
25764,GOF,0.10427951647239288,0.5911476017701902,0.30457288175741687
25765,GOF,0.007650843308545837,0.8414373666167931,0.15091179007466113
25766,GOF,0.027693520384583795,0.8263492029891617,0.14595727662625452
25767,LOF,0.01787882502873632,0.450848946317926,0.5312722286533378
25768,LOF,0.03833395830377319,0.07986126719226729,0.8818047745039596
25769,LOF,0.02384116470473442,0.06772092598998977,0.9084379093052757
25770,LOF,0.14203034885344354,0.06710085525929228,0.7908687958872642
25771,LOF,0.015689744488037335,0.06919695513527395,0.9151133003766887
25772,LOF,0.022691675140119886,0.028781855474295022,0.9485264693855852
25773,LOF,0.014190550203480303,0.06948179544349177,0.916327654353028
25774,LOF,0.0256906151353904,0.09232528372015923,0.8819841011444505
25775,LOF,0.022661017373657243,0.041871586520036454,0.9354673961063062
25776,LOF,0.024552345957589417,0.025235717666284494,0.9502119363761261
25777,LOF,0.1741034221632265,0.06894026190274503,0.7569563159340285
25778,LOF,0.018933704369104087,0.05061116922177756,0.9304551264091183
25779,GOF,0.03918071935756545,0.8950710347150287,0.06574824592740593
25780,GOF,0.0688097793372486,0.8719990274230974,0.05919119323965387
25781,GOF,0.026086060716777732,0.8701227820320191,0.10379115725120311
25782,GOF,0.0331611154789963,0.8922944289518472,0.07454445556915663
25783,GOF,0.01877009958182443,0.7308041266755236,0.2504257737426519
25784,GOF,0.11338789606338584,0.8356965337840698,0.05091557015254438
25785,GOF,0.07090585469520291,0.8899091564457307,0.0391849888590664
25786,GOF,0.005500797662969742,0.8353092507669257,0.15918995157010452
25787,GOF,0.15791002214051889,0.8116985641150837,0.030391413744397352
25788,LOF,0.01580167635118896,0.1833499374504942,0.8008483861983169
25789,GOF,0.018831819288638463,0.8644692923826749,0.11669888832868673
25790,GOF,0.024914438312081406,0.8855818483781165,0.08950371330980214
25791,GOF,0.016520969933768354,0.8343154100015486,0.1491636200646831
25792,GOF,0.027085545281551465,0.8393888793055855,0.13352557541286286
25793,GOF,0.0869754721444714,0.8234651263900855,0.08955940146544299
25794,GOF,0.05641803194582933,0.780206305562748,0.16337566249142266
25795,GOF,0.039709476483406905,0.7832047041144039,0.1770858194021892
25796,GOF,0.07425094175760487,0.823376338158967,0.10237272008342803
25797,GOF,0.03566271020469949,0.7055384874488717,0.2587988023464288
25798,GOF,0.0031231512806410133,0.6641586214106742,0.33271822730868483
25799,GOF,0.0031027976956648513,0.5481993940493841,0.4486978082549511
25800,GOF,0.011909109897680861,0.7401351709454838,0.2479557191568352
25801,GOF,0.014822912144813622,0.8722917349650582,0.11288535289012826
25802,GOF,0.02067040238500514,0.816995930927503,0.16233366668749177
25803,GOF,0.011617302599031662,0.7138679638864016,0.27451473351456673
25804,GOF,0.013766964469844451,0.6212498280730215,0.364983207457134
25805,GOF,0.02444694462057357,0.7338773138536901,0.2416757415257363
25806,GOF,0.01906293965897521,0.763185432869466,0.2177516274715588
25807,GOF,0.005405790979757733,0.7253372123024113,0.26925699671783093
25808,GOF,0.015333652503306953,0.7708567263471718,0.2138096211495211
25809,GOF,0.006630243101476711,0.7514134333374973,0.24195632356102606
25810,GOF,0.005770569399476533,0.760516650516593,0.23371278008393043
25811,GOF,0.05177524077562032,0.8647978861799378,0.0834268730444419
25812,GOF,0.016175027625167464,0.7240119819231916,0.2598129904516408
25813,GOF,0.10415039632836155,0.8071723127381916,0.08867729093344695
25814,GOF,0.027360462904123965,0.8132878656656098,0.15935167143026618
25815,GOF,0.038042161654956635,0.82600094591356,0.13595689243148332
25816,GOF,0.008228984153188458,0.8555488705546428,0.1362221452921688
25817,GOF,0.09417974858814196,0.7887775020804786,0.1170427493313794
25818,GOF,0.02406561051580473,0.8042358166019021,0.1716985728822932
25819,GOF,0.06238266095366812,0.7807647235431145,0.15685261550321736
25820,GOF,0.033574772908398345,0.7743672109627336,0.19205801612886791
25821,GOF,0.019528337802969486,0.7691894201739664,0.21128224202306392
25822,GOF,0.03968529521649336,0.782799310204602,0.1775153945789047
25823,GOF,0.015104341347987077,0.6734091025524827,0.3114865560995301
25824,GOF,0.02403723944514971,0.7625820418141291,0.21338071874072118
25825,GOF,0.015458746644165779,0.7503122343283131,0.23422901902752122
25826,GOF,0.005518223278888205,0.7296785291440134,0.2648032475770983
25827,GOF,0.008813058150908692,0.7041515400592585,0.2870354017898329
25828,GOF,0.006210182659593339,0.6591316413132272,0.33465817602717945
25829,GOF,0.0029193495170001874,0.7071754449113413,0.2899052055716584
25830,GOF,0.03590041451902991,0.5122118996355708,0.45188768584539935
25831,GOF,0.04871086886812484,0.8465651106928003,0.1047240204390749
25832,GOF,0.008672708070761113,0.806579323124663,0.184747968804576
25833,GOF,0.03211501536219611,0.8532424110807294,0.11464257355707445
25834,GOF,0.00832315288264583,0.8194446633066864,0.1722321838106678
25835,GOF,0.017384688620607512,0.8676415109863121,0.11497380039308042
25836,GOF,0.006298694692217624,0.8205476139841413,0.17315369132364106
25837,GOF,0.006785772575283124,0.7387962219248597,0.25441800549985716
25838,GOF,0.01898983100926417,0.8809636987145907,0.10004647027614504
25839,GOF,0.03619685167661327,0.8669698186325854,0.09683332969080137
25840,GOF,0.06130595340570817,0.843874187331359,0.09481985926293268
25841,GOF,0.057107406707671664,0.8560825513670952,0.08681004192523303
25842,GOF,0.026989483970574376,0.9046381299120944,0.0683723861173314
25843,GOF,0.02714154059417776,0.909952218408068,0.06290624099775426
25844,GOF,0.016819868019090196,0.855640562769955,0.12753956921095466
25845,GOF,0.006020513922096361,0.6820464877553958,0.311932998322508
25846,GOF,0.03877949070006192,0.8696326913869632,0.09158781791297481
25847,GOF,0.02086305294607389,0.9165006225449249,0.06263632450900122
25848,GOF,0.01701631194621206,0.8725864111556239,0.110397276898164
25849,GOF,0.005263893219768986,0.761836361712068,0.23289974506816305
25850,GOF,0.0065830241291765035,0.7722108654776307,0.22120611039319268
25851,GOF,0.005900503118522048,0.6640842608442526,0.3300152360372253
25852,GOF,0.12999835450189454,0.6374865138717581,0.23251513162634738
25853,GOF,0.06899395153336965,0.8622505146697903,0.06875553379684003
25854,GOF,0.005227544820320184,0.7256329759925001,0.2691394791871796
25855,GOF,0.014763457495267049,0.6476845686754467,0.3375519738292863
25856,GOF,0.035869230908483415,0.7855580745382279,0.1785726945532886
25857,GOF,0.012772284198218551,0.6474900507208421,0.3397376650809394
25858,GOF,0.008043408276513283,0.6646578517485969,0.3272987399748898
25859,GOF,0.0058585351044381385,0.6360702160242016,0.3580712488713603
25860,GOF,0.0728610736626566,0.8273537335123972,0.09978519282494626
25861,GOF,0.08435400704090092,0.8284291406314268,0.0872168523276723
25862,GOF,0.021702466345907764,0.8766378192180172,0.10165971443607515
25863,GOF,0.020268500121691752,0.8852889890576483,0.09444251082065987
25864,GOF,0.04665902590037785,0.8791225776891394,0.07421839641048289
25865,GOF,0.03382322823022799,0.8416793050795763,0.12449746669019576
25866,GOF,0.026117449760033357,0.8629354694146791,0.11094708082528756
25867,GOF,0.036792279645770316,0.8767400106337114,0.08646770972051843
25868,GOF,0.05340447611116739,0.8487268771517704,0.09786864673706229
25869,GOF,0.3399981499493928,0.6054599359456074,0.0545419141049997
25870,GOF,0.06503641646729591,0.6841686979781627,0.2507948855545413
25871,GOF,0.011531909973915646,0.8921478286429045,0.09632026138317983
25872,GOF,0.0197949618706387,0.8713346818828906,0.1088703562464708
25873,GOF,0.019111571025140783,0.8921264652665223,0.0887619637083371
25874,LOF,0.017091824021158195,0.20337098074446963,0.779537195234372
25875,LOF,0.04988235756051933,0.04681437403460829,0.9033032684048724
25876,LOF,0.017857349519501194,0.037428228149023725,0.944714422331475
25877,LOF,0.13025607362106686,0.08469270098501944,0.7850512253939137
25878,LOF,0.06891465697529228,0.11351700482308967,0.817568338201618
25879,LOF,0.02465090528961688,0.08703602150173266,0.8883130732086505
25880,LOF,0.0556131649724971,0.012326184260413644,0.9320606507670892
25881,Neutral,0.5268590307211358,0.0546391835561178,0.4185017857227465
25882,LOF,0.05678008742807157,0.026880432137831763,0.9163394804340967
25883,LOF,0.02933974738069629,0.021972590267471507,0.9486876623518323
25884,LOF,0.027367885019955875,0.040034213024247076,0.9325979019557971
25885,LOF,0.2209160464980089,0.010364501585955845,0.7687194519160353
25886,LOF,0.1581466893376185,0.04648049665518236,0.7953728140071991
25887,LOF,0.19127653811730552,0.05372372151629378,0.7549997403664006
25888,LOF,0.013362914957404525,0.127875889750087,0.8587611952925085
25889,LOF,0.033637158084813205,0.02829785141871777,0.938064990496469
25890,LOF,0.12046479102723522,0.11863579651606503,0.7608994124566998
25891,LOF,0.09209489674292466,0.021326937241516995,0.8865781660155583
25892,LOF,0.00894088658509996,0.031961388041169075,0.959097725373731
25893,LOF,0.39054650899183885,0.00866375048796232,0.6007897405201988
25894,LOF,0.43140311456435715,0.00543622208719715,0.5631606633484456
25895,LOF,0.3343994586658232,0.010738751069214693,0.654861790264962
25896,LOF,0.06472224458309736,0.015117257317480946,0.9201604980994218
25897,LOF,0.18551869657517994,0.008999973588780987,0.8054813298360389
25898,LOF,0.15174044989168997,0.029470452557383987,0.818789097550926
25899,LOF,0.32405094051714955,0.017477022873474985,0.6584720366093754
25900,LOF,0.4273903865952071,0.007479153020579371,0.5651304603842136
25901,LOF,0.06960314792239894,0.006718140662363748,0.9236787114152374
25902,LOF,0.155245104004398,0.008587544054760693,0.8361673519408414
25903,LOF,0.41257286056774345,0.025042613677800096,0.5623845257544564
25904,LOF,0.4767877379676866,0.022154794596535046,0.5010574674357784
25905,LOF,0.0037912235748879647,0.48753645467141804,0.5086723217536939
25906,LOF,0.009476950809135328,0.12044341653404814,0.8700796326568165
25907,LOF,0.004129184177531541,0.3470313872154434,0.648839428607025
25908,LOF,0.004373656873850421,0.26909574286570165,0.7265306002604479
25909,LOF,0.021134212202924017,0.17405631346787498,0.804809474329201
25910,LOF,0.010901696714763483,0.13928882619720429,0.8498094770880321
25911,LOF,0.3281801971901011,0.059228443362854696,0.6125913594470442
25912,LOF,0.06460691865431155,0.060743829309280684,0.8746492520364079
25913,LOF,0.04563298930554508,0.07680417548155602,0.877562835212899
25914,LOF,0.03780364862979966,0.04584648388846588,0.9163498674817345
25915,LOF,0.16463368608317422,0.2079876544000682,0.6273786595167575
25916,LOF,0.032163624960239674,0.13870245510357973,0.8291339199361806
25917,LOF,0.06833549085796098,0.04439482805308277,0.8872696810889562
25918,LOF,0.04748002418326817,0.03163960558162796,0.9208803702351038
25919,LOF,0.040444593959689294,0.030979394194031347,0.9285760118462794
25920,LOF,0.16352908324219922,0.17605478290090634,0.6604161338568945
25921,LOF,0.01676287732086116,0.03984951753574503,0.9433876051433938
25922,LOF,0.01792534215009279,0.03410233573185785,0.9479723221180494
25923,LOF,0.4638448356895785,0.034958121864701486,0.50119704244572
25924,LOF,0.02515097218671966,0.05690399537088855,0.9179450324423918
25925,LOF,0.0812949656035897,0.05348528135944127,0.8652197530369691
25926,LOF,0.05729678104679822,0.050600999684210786,0.8921022192689909
25927,LOF,0.026176677763149022,0.07772168119470309,0.8961016410421478
25928,LOF,0.011292128871917037,0.06456345871136658,0.9241444124167164
25929,Neutral,0.5476765294226714,0.03388674633893672,0.4184367242383919
25930,LOF,0.07176984553334836,0.03178787800795301,0.8964422764586987
25931,LOF,0.014986918846539866,0.03910873046497715,0.945904350688483
25932,LOF,0.058889557767537445,0.03070219130132765,0.9104082509311349
25933,LOF,0.054492102822048825,0.021071324140468646,0.9244365730374826
25934,LOF,0.05220017041018241,0.02019452256390516,0.9276053070259125
25935,LOF,0.06857486441581331,0.05988942731135287,0.8715357082728338
25936,LOF,0.09190956516890769,0.022105458178479937,0.8859849766526124
25937,LOF,0.014802384387318877,0.041180638968155436,0.9440169766445258
25938,LOF,0.06790135844529865,0.06107409348627219,0.8710245480684291
25939,LOF,0.041585505230949414,0.02748425307956395,0.9309302416894867
25940,LOF,0.009360725632559503,0.3651429567818181,0.6254963175856223
25941,Neutral,0.5084278826688825,0.038392568218159076,0.4531795491129584
25942,LOF,0.009366788667092868,0.05194293785040106,0.9386902734825061
25943,LOF,0.050468383063408735,0.191563895859781,0.7579677210768103
25944,LOF,0.06923558473517068,0.09646283498666326,0.8343015802781661
25945,LOF,0.12235613465284868,0.020105236067819585,0.8575386292793318
25946,LOF,0.06714337690707745,0.04143721397268186,0.8914194091202408
25947,LOF,0.4418605340105231,0.10458022646911173,0.4535592395203652
25948,LOF,0.4211570657140698,0.013636100024288292,0.5652068342616419
25949,LOF,0.13507164230405652,0.07038043434458309,0.7945479233513604
25950,GOF,0.06773216308030681,0.6103755254013873,0.3218923115183059
25951,LOF,0.012724049468571794,0.4112015863834974,0.5760743641479308
25952,LOF,0.2935435140229272,0.2548055177612845,0.4516509682157882
25953,LOF,0.007830477796630627,0.1818430601692073,0.8103264620341621
25954,GOF,0.08964845742229552,0.4558187048747253,0.45453283770297914
25955,LOF,0.007653651291106271,0.1545529333282311,0.8377934153806627
25956,LOF,0.021922696492361074,0.23053893833393288,0.747538365173706
25957,LOF,0.21621820420344318,0.036565540579340444,0.7472162552172165
25958,LOF,0.03178037591425176,0.02985960128366963,0.9383600228020786
25959,GOF,0.014452065179323136,0.5045553492703511,0.48099258555032587
25960,LOF,0.007280614460846042,0.05060388309570297,0.942115502443451
25961,LOF,0.030305805195250758,0.028418121152030174,0.9412760736527191
25962,LOF,0.035020308903305805,0.06782291308857981,0.8971567780081143
25963,LOF,0.004838812840396823,0.20201575703809677,0.7931454301215064
25964,LOF,0.03081997719398723,0.09499636869675465,0.8741836541092581
25965,LOF,0.25685778266136444,0.10642338084609723,0.6367188364925384
25966,Neutral,0.4898324952537233,0.1494378590356771,0.3607296457105995
25967,LOF,0.009422448419071923,0.09355476031612324,0.8970227912648049
25968,LOF,0.04682612532878486,0.22622400492140732,0.7269498697498079
25969,LOF,0.12309920517135681,0.05434119066768243,0.8225596041609607
25970,LOF,0.023863203436307767,0.08235650670473389,0.8937802898589583
25971,LOF,0.08475704368860053,0.025848319758767495,0.8893946365526318
25972,LOF,0.06554192378058368,0.039383800216404447,0.8950742760030119
25973,LOF,0.07359531931280072,0.009312151160383302,0.9170925295268161
25974,LOF,0.05346273271639001,0.035509881498590974,0.9110273857850191
25975,LOF,0.049780281127747614,0.01654382986997706,0.9336758890022754
25976,LOF,0.10591649987559575,0.010100316802310555,0.8839831833220937
25977,LOF,0.19028063315985483,0.08363049339892793,0.7260888734412172
25978,LOF,0.1795508477030433,0.12288666672548354,0.6975624855714732
25979,LOF,0.1431094604920751,0.13838256113346525,0.7185079783744597
25980,LOF,0.25488325252728733,0.17422476040035084,0.5708919870723618
25981,LOF,0.256231517588889,0.17525282449797586,0.5685156579131351
25982,Neutral,0.47756679831762805,0.09207906949433427,0.43035413218803753
25983,Neutral,0.4810207661574376,0.11233073699795774,0.4066484968446048
25984,LOF,0.036794354367443806,0.09904498750151977,0.8641606581310364
25985,Neutral,0.4362907848073624,0.14083558864265908,0.4228736265499785
25986,LOF,0.013531627342303268,0.41250177900204044,0.5739665936556563
25987,LOF,0.05484262998607245,0.12131334681319002,0.8238440232007376
25988,LOF,0.04201468635607977,0.19926661071611623,0.758718702927804
25989,LOF,0.04036520411766621,0.23989556708947407,0.7197392287928598
25990,LOF,0.03895834687828199,0.3390246333005844,0.6220170198211336
25991,LOF,0.02998083626924833,0.4254617855211874,0.5445573782095643
25992,LOF,0.02427995112497449,0.42698439788060444,0.548735650994421
25993,LOF,0.027457360360819767,0.07538382634005045,0.8971588132991297
25994,LOF,0.02356102465613445,0.07309393909449328,0.9033450362493723
25995,LOF,0.021715354601089712,0.14614929432053397,0.8321353510783764
25996,GOF,0.335890635687371,0.3371282064402954,0.32698115787233367
25997,LOF,0.06287440629653705,0.38580222142866605,0.5513233722747969
25998,LOF,0.2567064072108483,0.04268286674499168,0.70061072604416
25999,LOF,0.026320163729370235,0.20241962667025262,0.771260209600377
26000,LOF,0.18932822316331732,0.03783129686962475,0.772840479967058
26001,LOF,0.26618772228620663,0.04810247230926224,0.6857098054045311
26002,LOF,0.12393127825512285,0.06045189866660158,0.8156168230782755
26003,GOF,0.005853672846845701,0.6167833764088436,0.3773629507443108
26004,GOF,0.008753168015593294,0.6702362217269051,0.3210106102575015
26005,LOF,0.0039010812228595956,0.4931941984806205,0.5029047202965198
26006,GOF,0.10353218617204486,0.5814720065026507,0.3149958073253043
26007,GOF,0.007498813050075871,0.5362161050585204,0.45628508189140365
26008,GOF,0.006417815072274476,0.6381311368599224,0.3554510480678033
26009,GOF,0.008423127068783448,0.6583910020628865,0.33318587086833007
26010,GOF,0.009907484690353996,0.6449890599603731,0.3451034553492727
26011,LOF,0.0034826705639067704,0.453431703548425,0.5430856258876682
26012,GOF,0.005057874381981783,0.5085410298730945,0.48640109574492374
26013,GOF,0.0064853618582585955,0.5647054966888351,0.4288091414529064
26014,LOF,0.06015886504714729,0.12257214311842315,0.8172689918344296
26015,LOF,0.36933902485588954,0.0258027225416196,0.6048582526024908
26016,LOF,0.3227943351693871,0.04039688393074438,0.6368087808998686
26017,LOF,0.02791180070161072,0.21901467465074512,0.7530735246476442
26018,LOF,0.028419534280758975,0.0598729573703922,0.9117075083488488
26019,LOF,0.02771817752512175,0.05439882406285702,0.9178829984120213
26020,LOF,0.010656201162625322,0.1949350432421133,0.7944087555952614
26021,LOF,0.07836223209737939,0.06663179627347778,0.8550059716291429
26022,LOF,0.04401089565088473,0.027932219597907797,0.9280568847512074
26023,LOF,0.029753294102430335,0.03539441003452737,0.9348522958630422
26024,LOF,0.05158214455859771,0.06579898499491833,0.8826188704464839
26025,LOF,0.06840370339061788,0.07990997759745824,0.8516863190119238
26026,LOF,0.12435382101346888,0.0597954286526418,0.8158507503338893
26027,LOF,0.025192528242005272,0.027251390334666968,0.9475560814233278
26028,LOF,0.12339174992894991,0.14183749464226486,0.7347707554287853
26029,LOF,0.02139242509704613,0.19071636956520324,0.7878912053377506
26030,LOF,0.1608013575967281,0.023307090370170463,0.8158915520331015
26031,LOF,0.009879424673237665,0.15843309788782628,0.831687477438936
26032,LOF,0.042456801556489204,0.05239957465235841,0.9051436237911523
26033,LOF,0.06643112925894697,0.04706776785102323,0.8865011028900299
26034,LOF,0.014336491789399825,0.13711991646136237,0.8485435917492378
26035,LOF,0.012885287672529458,0.1017456973340254,0.8853690149934452
26036,LOF,0.012839170339689515,0.11634783180568689,0.8708129978546236
26037,LOF,0.010544338444958726,0.09390694211259307,0.8955487194424483
26038,LOF,0.037805669497948224,0.04585073186520006,0.9163435986368517
26039,LOF,0.02640236515488432,0.11813705228240379,0.8554605825627118
26040,LOF,0.1254086423462716,0.12265541564794509,0.7519359420057834
26041,LOF,0.01386165171747621,0.0773780051588093,0.9087603431237145
26042,LOF,0.01216133857736316,0.0896846019934391,0.8981540594291978
26043,LOF,0.03663316880547404,0.06326929229384748,0.9000975389006785
26044,LOF,0.0146230857428679,0.04422131732231713,0.941155596934815
26045,LOF,0.0722341202527524,0.0998187093482847,0.8279471703989629
26046,LOF,0.03184119482714894,0.047735961154307775,0.9204228440185434
26047,LOF,0.053137686697270474,0.04918564896067095,0.8976766643420586
26048,LOF,0.08700320295420962,0.020650032527532076,0.8923467645182583
26049,Neutral,0.9446237363035178,0.006291682079224779,0.049084581617257504
26050,Neutral,0.9199803000762964,0.006891169549921323,0.07312853037378231
26051,LOF,0.016503762089233834,0.09212587033929764,0.8913703675714685
26052,LOF,0.034665961558355,0.11368438879261021,0.8516496496490348
26053,LOF,0.029767917970855467,0.1599125259715886,0.8103195560575559
26054,LOF,0.04275720348637603,0.030365091562253275,0.9268777049513707
26055,LOF,0.06332091573051174,0.025061896371014532,0.9116171878984738
26056,LOF,0.04971969194413877,0.03263667788006549,0.9176436301757958
26057,LOF,0.05400665409690054,0.014598510780537526,0.9313948351225619
26058,LOF,0.057044436808167884,0.012116481329417401,0.9308390818624148
26059,LOF,0.1880056550273714,0.03099341444993286,0.7810009305226958
26060,LOF,0.018721446391443623,0.1902757290522746,0.7910028245562817
26061,LOF,0.01233009917777339,0.01181200768705553,0.975857893135171
26062,LOF,0.006904955821661937,0.018951451480199645,0.9741435926981383
26063,LOF,0.0364197543752746,0.01140377481536401,0.9521764708093613
26064,LOF,0.011515957118397875,0.025483897834503725,0.9630001450470984
26065,LOF,0.04678013431155204,0.011690033368308301,0.9415298323201395
26066,LOF,0.043426261741820016,0.01043104741236332,0.9461426908458167
26067,LOF,0.051976561201282405,0.009888307286514839,0.9381351315122026
26068,LOF,0.05034314287251357,0.04936527759063236,0.9002915795368541
26069,LOF,0.14650227856763487,0.03046109531280444,0.8230366261195606
26070,LOF,0.32136013140865244,0.023334177517172157,0.6553056910741755
26071,LOF,0.042980250481220866,0.012241862534041867,0.9447778869847373
26072,LOF,0.011127665281480301,0.019844999285276412,0.9690273354332433
26073,LOF,0.038603731172454546,0.013745540634623502,0.947650728192922
26074,Neutral,0.9220212832942671,0.008834400624322827,0.06914431608140996
26075,LOF,0.05090967861557083,0.02357989940477044,0.9255104219796588
26076,LOF,0.05360532200275967,0.011745967303243742,0.9346487106939966
26077,LOF,0.16800469798788092,0.00678604048291684,0.8252092615292023
26078,LOF,0.008951010154067447,0.01620954797251659,0.974839441873416
26079,LOF,0.06293069773566456,0.025746743410761188,0.9113225588535743
26080,LOF,0.06175912840305807,0.025792096762153365,0.9124487748347886
26081,LOF,0.03136649043452713,0.00844630452090277,0.9601872050445702
26082,LOF,0.007558359907677655,0.01483811207834974,0.9776035280139725
26083,LOF,0.10139739141180759,0.019724420218974227,0.878878188369218
26084,LOF,0.0996178435084012,0.015216162905549691,0.885165993586049
26085,LOF,0.09272517344637175,0.012954700342646008,0.8943201262109822
26086,LOF,0.03742971000094586,0.012581532342242397,0.9499887576568117
26087,LOF,0.03482752752260249,0.010954101679724597,0.954218370797673
26088,LOF,0.009291946145325676,0.021739317891784102,0.9689687359628901
26089,LOF,0.042887789979431934,0.04030973928492236,0.9168024707356456
26090,LOF,0.04358333356245055,0.031092371798290434,0.925324294639259
26091,LOF,0.03003494341261591,0.0074943764683439796,0.9624706801190401
26092,LOF,0.04046171403788442,0.00830786223982082,0.9512304237222948
26093,LOF,0.07501664261645163,0.00598581229191838,0.91899754509163
26094,LOF,0.03397029482849606,0.0075075454129335095,0.9585221597585705
26095,LOF,0.03741693153721781,0.018466587870309286,0.9441164805924728
26096,LOF,0.22597170645701262,0.004919063230813848,0.7691092303121736
26097,LOF,0.008991049060099496,0.03205171716310334,0.9589572337767972
26098,LOF,0.07946220544395266,0.019991911011341856,0.9005458835447055
26099,LOF,0.03961510701519555,0.015430867155801628,0.9449540258290028
26100,LOF,0.03961510701519555,0.015430867155801628,0.9449540258290028
26101,LOF,0.05478901323102058,0.029111386833699848,0.9160995999352796
26102,LOF,0.03416984313690406,0.015998588968354665,0.9498315678947412
26103,Neutral,0.87773641660159,0.02706303454610631,0.09520054885230377
26104,LOF,0.05649823141875671,0.04157606980781432,0.901925698773429
26105,LOF,0.25207736002285647,0.17238117444637263,0.5755414655307709
26106,LOF,0.30278472608643847,0.1325676933259429,0.5646475805876185
26107,LOF,0.020096921222155027,0.10258926721198258,0.8773138115658624
26108,LOF,0.2723650003283426,0.04983956804629941,0.6777954316253579
26109,LOF,0.09266271512196068,0.04311797236180146,0.8642193125162378
26110,LOF,0.47161284636442824,0.007305620341812486,0.5210815332937592
26111,LOF,0.047561234422071115,0.14134089709985695,0.811097868478072
26112,LOF,0.059271901486706836,0.00770346344637121,0.933024635066922
26113,LOF,0.11160425515150654,0.016389680000359275,0.8720060648481341
26114,LOF,0.08689716490622361,0.006156247081200051,0.9069465880125764
26115,LOF,0.013758169006261225,0.04454507608697635,0.9416967549067624
26116,LOF,0.06884643917128405,0.020836374160645287,0.9103171866680706
26117,LOF,0.4110187236559522,0.0351731588558594,0.5538081174881885
26118,LOF,0.04436065977054493,0.016149516023494348,0.9394898242059607
26119,LOF,0.006193528665260902,0.031853407104579796,0.9619530642301592
26120,LOF,0.03505060252121622,0.015367549848887229,0.9495818476298965
26121,LOF,0.0044879538917253345,0.11868788186091314,0.8768241642473615
