feature0,prediction,LoGoFunc_Neutral,LoGoFunc_GOF,LoGoFunc_LOF
25546,Neutral,0.7594397350918415,0.032509644082840294,0.20805062082531814
25547,Neutral,0.6096700626198915,0.07796660301876893,0.3123633343613395
25548,Neutral,0.5894156445517237,0.060902638731808664,0.34968171671646764
25549,Neutral,0.5094558031762038,0.06159691484107821,0.42894728198271803
25550,LOF,0.339181307265072,0.11652017798570369,0.5442985147492243
25551,LOF,0.28719694748415314,0.12838966444325345,0.5844133880725935
25552,LOF,0.20399492863427376,0.12372668758527751,0.6722783837804488
25553,Neutral,0.8360340373342048,0.03251414522725108,0.13145181743854434
25554,LOF,0.23392446335021577,0.11401408743741605,0.6520614492123682
25555,LOF,0.19549324028375686,0.09583744864748267,0.7086693110687604
25556,LOF,0.4137338176323033,0.09592647212945672,0.49033971023823997
25557,LOF,0.1875743623882471,0.10598341103638005,0.7064422265753729
25558,LOF,0.22844401568396422,0.11703727924992262,0.6545187050661132
25559,LOF,0.39702275264616677,0.0801029841977241,0.5228742631561092
25560,LOF,0.05005079460995511,0.17699462496836588,0.7729545804216791
25561,LOF,0.10202851877594232,0.21141765955378666,0.686553821670271
25562,LOF,0.10721796683075202,0.07848225192977709,0.8142997812394708
25563,LOF,0.10526974683615674,0.08790200670497438,0.8068282464588689
25564,LOF,0.1581864759263696,0.1575110786912237,0.6843024453824067
25565,LOF,0.1394964964994937,0.11659706374139817,0.7439064397591082
25566,GOF,0.01338158295415865,0.7176655578577879,0.2689528591880535
25567,LOF,0.015125099899987005,0.15997704908816276,0.8248978510118503
25568,LOF,0.05633826252791743,0.06918671566919292,0.8744750218028897
25569,LOF,0.06610330448685149,0.07205256443921049,0.8618441310739381
25570,LOF,0.06769816697919065,0.10151161873938595,0.8307902142814234
25571,LOF,0.06348342834261775,0.09527700563910126,0.8412395660182811
25572,LOF,0.06780253530241911,0.12861315096184112,0.8035843137357397
25573,LOF,0.028860052784551695,0.10207547747095753,0.8690644697444908
25574,LOF,0.017649298622306284,0.17527840790762766,0.807072293470066
25575,LOF,0.05050807065482943,0.11396806474347643,0.8355238646016941
25576,LOF,0.021127163410703184,0.12344662586577292,0.855426210723524
25577,LOF,0.016247644132264084,0.13780279574299428,0.8459495601247417
25578,LOF,0.24434754502588057,0.09486132535104619,0.6607911296230733
25579,LOF,0.2459006915297156,0.094029309482538,0.6600699989877463
25580,LOF,0.03448166063035864,0.08282556031821581,0.8826927790514256
25581,LOF,0.05344941338916479,0.07713575418505654,0.8694148324257787
25582,LOF,0.05304717601474565,0.07535345116298134,0.871599372822273
25583,LOF,0.044750275897916275,0.09767275502707645,0.8575769690750074
25584,Neutral,0.45640069946766726,0.11165031129730288,0.4319489892350299
25585,LOF,0.03864775421210205,0.10619640664812523,0.8551558391397727
25586,LOF,0.037201703221841326,0.08818227180361356,0.8746160249745452
25587,LOF,0.0371406600440824,0.08150993826920022,0.8813494016867174
25588,LOF,0.03663118656012655,0.10358749930888697,0.8597813141309866
25589,Neutral,0.6086841233971305,0.1321775862564718,0.2591382903463977
25590,LOF,0.032380641571330984,0.13322310045167352,0.8343962579769956
25591,LOF,0.10592116316402926,0.06491936421959768,0.829159472616373
25592,LOF,0.09948584511694157,0.1368197735472391,0.7636943813358194
25593,LOF,0.020790127875095123,0.28283452966345735,0.6963753424614475
25594,LOF,0.03070561624516189,0.25758930513340317,0.711705078621435
25595,LOF,0.04684245050851065,0.20332589277729804,0.7498316567141913
25596,LOF,0.057072709294735346,0.12911326285319064,0.813814027852074
25597,LOF,0.06423904348269334,0.0990695161656666,0.83669144035164
25598,LOF,0.03607095940864458,0.24555154581263383,0.7183774947787216
25599,GOF,0.0067203193984422364,0.8058040095452569,0.18747567105630078
25600,GOF,0.010306225554746758,0.5812765099562223,0.408417264489031
25601,GOF,0.008388881992918299,0.5054448897981697,0.4861662282089121
25602,LOF,0.02527677634759687,0.05462074958773998,0.9201024740646633
25603,LOF,0.03685542005557159,0.04228644811495633,0.9208581318294722
25604,LOF,0.05211668175430182,0.04571777861331422,0.902165539632384
25605,LOF,0.009822333311231396,0.266235059550202,0.7239426071385666
25606,LOF,0.06996987831624647,0.45182167288364167,0.4782084488001117
25607,LOF,0.005063323256630097,0.16752859626592054,0.8274080804774493
25608,LOF,0.064599991418832,0.04321835617334827,0.8921816524078197
25609,LOF,0.05134144843472311,0.3513519307863262,0.5973066207789507
25610,LOF,0.039953398189151536,0.03323386689954695,0.9268127349113015
25611,LOF,0.0454946260865058,0.030455241433801,0.9240501324796934
25612,LOF,0.09936987739757207,0.054251372796127816,0.8463787498063002
25613,LOF,0.08598878402596634,0.05132387835106733,0.8626873376229663
25614,LOF,0.03297423543191453,0.045266476496679635,0.921759288071406
25615,LOF,0.06061956637297762,0.038100877633946276,0.9012795559930761
25616,LOF,0.03482172630280683,0.038531141892143184,0.9266471318050501
25617,LOF,0.03356360520216543,0.04178573360457643,0.9246506611932581
25618,LOF,0.2356754159579157,0.042862782786431436,0.721461801255653
25619,LOF,0.03365323619636231,0.03927959833760419,0.9270671654660334
25620,LOF,0.038551410671959045,0.04873868776425709,0.9127099015637838
25621,LOF,0.033631331630149496,0.033895912714217845,0.9324727556556326
25622,LOF,0.030755432020661014,0.04745295789914788,0.9217916100801911
25623,LOF,0.06977268050757762,0.03742733409144544,0.8927999854009768
25624,LOF,0.027775893504979967,0.04904657772123822,0.9231775287737819
25625,LOF,0.035788432435056486,0.05166859590055392,0.9125429716643897
25626,LOF,0.07588590578081042,0.03839689555803363,0.8857171986611558
25627,Neutral,0.5774047320868203,0.1427559491025024,0.27983931881067736
25628,LOF,0.18075095188661222,0.07541606081273718,0.7438329873006505
25629,LOF,0.06673833588315096,0.14092364314919184,0.7923380209676573
25630,LOF,0.18307305889664227,0.12323177869741622,0.6936951624059415
25631,Neutral,0.5962196637214969,0.10286181515461855,0.3009185211238845
25632,LOF,0.024740384218222604,0.08314042281899107,0.8921191929627863
25633,LOF,0.24328452773268597,0.08775586095909593,0.668959611308218
25634,LOF,0.03772161948776331,0.10789482657259838,0.8543835539396384
25635,LOF,0.04737585511819015,0.09077967811876755,0.8618444667630423
25636,GOF,0.005540189285051117,0.5780124660416964,0.41644734467325245
25637,GOF,0.004852789080260872,0.5255399969985403,0.46960721392119886
25638,LOF,0.008511779220587743,0.4372802622128821,0.5542079585665302
25639,LOF,0.004935117426591434,0.41851131439813627,0.5765535681752724
25640,GOF,0.42068401025282837,0.5345104531306304,0.044805536616541235
25641,LOF,0.0068779006528403176,0.40153323618634,0.5915888631608196
25642,LOF,0.2325566831571327,0.09236454645669682,0.6750787703861706
25643,LOF,0.17408736666559943,0.2814220189800837,0.5444906143543169
25644,LOF,0.028364251950179886,0.44734701542242816,0.524288732627392
25645,LOF,0.025007165026908307,0.3792764736491375,0.5957163613239542
25646,LOF,0.023046010466690997,0.24214568512398896,0.73480830440932
25647,LOF,0.020164047911592247,0.19235046507460232,0.7874854870138054
25648,LOF,0.017086991205874653,0.2139940580508224,0.768918950743303
25649,LOF,0.015238296739793305,0.1546622061960122,0.8300994970641945
25650,LOF,0.04715075126609876,0.39672189135473124,0.55612735737917
25651,LOF,0.014078696667915653,0.19917710955542967,0.7867441937766547
25652,LOF,0.020829754544177934,0.1863921114099285,0.7927781340458936
25653,LOF,0.09809024399858925,0.310108803486377,0.5918009525150337
25654,LOF,0.016810972769600446,0.1576517491569546,0.825537278073445
25655,LOF,0.1090551642955847,0.23429454747148187,0.6566502882329335
25656,LOF,0.0693577177968632,0.053857619640985364,0.8767846625621515
25657,LOF,0.30030223597994044,0.02463757879039356,0.675060185229666
25658,LOF,0.0350748823536426,0.07508918480744377,0.8898359328389136
25659,LOF,0.23370949815716388,0.05309063788189989,0.7131998639609363
25660,LOF,0.08838968277018833,0.11338966012244224,0.7982206571073694
25661,LOF,0.07315948903412105,0.07882392831443026,0.8480165826514487
25662,LOF,0.0338573087884053,0.049417869769332066,0.9167248214422626
25663,LOF,0.04369820212270606,0.0799731346085413,0.8763286632687527
25664,LOF,0.029327383756738566,0.1029701309682002,0.8677024852750612
25665,LOF,0.052664185557743985,0.050043793673004856,0.8972920207692512
25666,LOF,0.038750377218645736,0.15991460831393056,0.8013350144674237
25667,LOF,0.033296455701837896,0.06486930336757663,0.9018342409305854
25668,LOF,0.04300851074692338,0.06894505588192,0.8880464333711566
25669,LOF,0.0493694048262436,0.10036975877033594,0.8502608364034205
25670,LOF,0.13377228300303332,0.0854230472782437,0.780804669718723
25671,LOF,0.03981644390478201,0.056292613757075956,0.903890942338142
25672,LOF,0.05300644895319494,0.08297378897511332,0.8640197620716917
25673,LOF,0.03514409512741395,0.08591962659505303,0.878936278277533
25674,LOF,0.026507664342448545,0.09912817855139161,0.8743641571061599
25675,LOF,0.036894606011062245,0.07467186539552541,0.8884335285934124
25676,LOF,0.03201681714189322,0.07240469957707042,0.8955784832810364
25677,LOF,0.07948086126648149,0.07115189712826278,0.8493672416052558
25678,LOF,0.13847048413597557,0.05467587297474872,0.8068536428892757
25679,LOF,0.10383187719778209,0.07990414661721794,0.816263976185
25680,LOF,0.08854071283657819,0.10719514243426694,0.8042641447291549
25681,LOF,0.10335238490529572,0.10256980757323042,0.7940778075214738
25682,LOF,0.05157937887896707,0.08319268095764612,0.8652279401633869
25683,LOF,0.0769597870488716,0.10772037311909624,0.8153198398320322
25684,LOF,0.06386573913015837,0.07939628809523494,0.8567379727746066
25685,LOF,0.12526412635617584,0.03458831774488313,0.8401475558989411
25686,LOF,0.03618671795821032,0.08451873910385013,0.8792945429379394
25687,LOF,0.06639550622206034,0.07808591977109529,0.8555185740068444
25688,LOF,0.023881657902691002,0.14227733151072305,0.833841010586586
25689,LOF,0.016830305502333876,0.07753448318786395,0.9056352113098021
25690,LOF,0.017847376743581465,0.09791304819681683,0.8842395750596017
25691,LOF,0.12608126550272825,0.14011479829240855,0.7338039362048632
25692,LOF,0.17722044018388358,0.018525285441211695,0.8042542743749047
25693,LOF,0.04109445805202128,0.18071622525585335,0.7781893166921254
25694,LOF,0.24394593453004496,0.01318525838132728,0.7428688070886277
25695,LOF,0.17860004852773473,0.016889088809301057,0.8045108626629641
25696,LOF,0.16268356938646808,0.0102983380635145,0.8270180925500173
25697,LOF,0.11532042544477629,0.034172702118445135,0.8505068724367786
25698,LOF,0.029283978013716114,0.338699590897883,0.6320164310884009
25699,LOF,0.09161641748851918,0.09181873930036472,0.816564843211116
25700,LOF,0.03606720909815162,0.014799770614079687,0.9491330202877687
25701,LOF,0.018128588685728846,0.08674620060901012,0.895125210705261
25702,GOF,0.02808991129661974,0.7471700809222838,0.22474000778109643
25703,LOF,0.01890731667125843,0.20732838884174878,0.7737642944869927
25704,LOF,0.11169563385839755,0.17507784287293232,0.7132265232686702
25705,LOF,0.08963399302330781,0.2911691846735702,0.6191968223031219
25706,GOF,0.029683752325993237,0.5705590764859365,0.39975717118807025
25707,GOF,0.035753485718778885,0.5842236539551201,0.3800228603261009
25708,GOF,0.008278328479722657,0.577624461871729,0.41409720964854846
25709,LOF,0.022005168345098355,0.10905003983615365,0.868944791818748
25710,LOF,0.005203167470455535,0.2631932763608725,0.731603556168672
25711,LOF,0.027461872573867226,0.1600569217157533,0.8124812057103795
25712,LOF,0.005937582942323053,0.3241856155347756,0.6698768015229014
25713,LOF,0.0217954694131857,0.14453523493936238,0.8336692956474518
25714,LOF,0.026115589356626792,0.1990449622286757,0.7748394484146974
25715,LOF,0.025940143962864412,0.18266482982560986,0.7913950262115258
25716,LOF,0.009698257017844176,0.168786683059961,0.8215150599221948
25717,LOF,0.005841646358042633,0.16907846965627896,0.8250798839856784
25718,LOF,0.025434053044720732,0.11694424871991953,0.8576216982353597
25719,LOF,0.03144719153235057,0.14455501006970314,0.8239977983979463
25720,LOF,0.03228351333252161,0.13393707767860097,0.8337794089888774
25721,LOF,0.02725927379217899,0.13105367281669184,0.8416870533911293
25722,LOF,0.016839622422736164,0.1907065003277877,0.7924538772494761
25723,LOF,0.026633270013177106,0.12308005982132221,0.8502866701655006
25724,LOF,0.03070271416798152,0.2113603760329072,0.7579369097991113
25725,LOF,0.026317677811197735,0.11523981802908237,0.8584425041597199
25726,LOF,0.017215854774581395,0.15189521219441746,0.8308889330310012
25727,LOF,0.02514846593342249,0.1411300456799839,0.8337214883865935
25728,LOF,0.02534797568143888,0.14858849617109257,0.8260635281474685
25729,LOF,0.023853912214935425,0.1593143004510967,0.8168317873339679
25730,LOF,0.027713471142741388,0.11250806117811933,0.8597784676791393
25731,LOF,0.01040647906691506,0.21681411500786163,0.7727794059252233
25732,LOF,0.021843312248519764,0.13141442166078596,0.8467422660906944
25733,LOF,0.03576246614211095,0.13456114640731742,0.8296763874505717
25734,LOF,0.0057282638302465225,0.2983851953883155,0.6958865407814381
25735,LOF,0.022849440668625313,0.1211549886555947,0.85599557067578
25736,LOF,0.02142739786610298,0.1787655949461387,0.7998070071877583
25737,LOF,0.045321058594395655,0.17462658124058358,0.7800523601650209
25738,LOF,0.023996038736840405,0.2030503222761269,0.7729536389870327
25739,LOF,0.025492667865256377,0.18301311824189362,0.79149421389285
25740,LOF,0.02937884266512164,0.19252892262365626,0.7780922347112221
25741,LOF,0.035102662428676795,0.1667294015594815,0.7981679360118418
25742,LOF,0.04742651304665548,0.16703346430679078,0.7855400226465539
25743,LOF,0.013848415523726558,0.03065811801612293,0.9554934664601507
25744,LOF,0.15768056942887226,0.32021331258700836,0.5221061179841193
25745,LOF,0.034011996731319424,0.11242354013600243,0.8535644631326782
25746,LOF,0.014417547010283777,0.15127146508091094,0.8343109879088053
25747,LOF,0.042099541928689546,0.0318186925694156,0.9260817655018949
25748,LOF,0.2909395557543162,0.057953578676165435,0.6511068655695184
25749,LOF,0.01315910890842876,0.09296035184465958,0.8938805392469116
25750,LOF,0.019161546801147854,0.0908863507806126,0.8899521024182396
25751,LOF,0.04406822698580008,0.05652593533133939,0.8994058376828605
25752,GOF,0.08419215842211854,0.7231777316143924,0.192630109963489
25753,LOF,0.006988615172863451,0.35247711170013807,0.6405342731269985
25754,GOF,0.0071908742289195,0.8536189197737152,0.13919020599736537
25755,LOF,0.007081673147400964,0.42801932641328033,0.5648990004393186
25756,LOF,0.0282969569092559,0.4257320224987627,0.5459710205919814
25757,GOF,0.008000379289987411,0.8553776484982222,0.13662197221179034
25758,GOF,0.008177321438419888,0.8611637760693754,0.13065890249220471
25759,GOF,0.005480471953261136,0.6000896289430462,0.39442989910369264
25760,LOF,0.0058774352324975875,0.3128274803246954,0.681295084442807
25761,GOF,0.044055057025627106,0.8645061944035558,0.09143874857081706
25762,LOF,0.032119217561663166,0.36118361798339793,0.6066971644549389
25763,LOF,0.006404967764836847,0.2791506576875985,0.7144443745475646
25764,GOF,0.05469771704903991,0.6465328507542576,0.29876943219670254
25765,GOF,0.008111954343599646,0.8514300368426811,0.14045800881371917
25766,GOF,0.04646304712615614,0.8248863716216144,0.1286505812522295
25767,GOF,0.015625093254630983,0.5558762910798286,0.42849861566554026
25768,LOF,0.050212598419927215,0.06511718269254466,0.8846702188875282
25769,LOF,0.03242934155751639,0.0743162327926267,0.893254425649857
25770,LOF,0.12449282466723352,0.0649069025152166,0.81060027281755
25771,LOF,0.01794195010091114,0.04876083028384158,0.9332972196152473
25772,LOF,0.029087594352985476,0.024302432501341977,0.9466099731456724
25773,LOF,0.021247202246974944,0.04350849994145054,0.9352442978115745
25774,LOF,0.024232346861005723,0.10575699420115157,0.8700106589378427
25775,LOF,0.01899346333666419,0.03478216735913853,0.9462243693041972
25776,LOF,0.031959687535669405,0.020941006061157393,0.9470993064031733
25777,LOF,0.1283175685917188,0.06934846285833098,0.8023339685499502
25778,LOF,0.024541363199454717,0.04940212343700076,0.9260565133635444
25779,GOF,0.05061796207945089,0.8929342884005849,0.05644774951996402
25780,GOF,0.07223803995637619,0.8853394075436507,0.04242255249997301
25781,GOF,0.032242828817603056,0.8802577648258972,0.08749940635649976
25782,GOF,0.03679487264678979,0.9100199770738421,0.053185150279368244
25783,GOF,0.032427060120247514,0.9271906431599376,0.04038229671981469
25784,GOF,0.08789789721757783,0.8731375762975497,0.03896452648487253
25785,GOF,0.09318262261797419,0.8714614889051183,0.035355888476907606
25786,GOF,0.010169455897325793,0.8996228050872179,0.09020773901545626
25787,GOF,0.20945401221824436,0.7498306427573292,0.040715345024426336
25788,LOF,0.01894755487469515,0.17645048129560117,0.8046019638297037
25789,GOF,0.018436029378418945,0.8696472006421117,0.11191676997946938
25790,GOF,0.028382421516502967,0.8939049530036141,0.07771262547988293
25791,GOF,0.023205821701245674,0.7860538964216927,0.19074028187706168
25792,GOF,0.027335110264105292,0.8220308775063213,0.15063401222957332
25793,GOF,0.06671752434899128,0.8627880746001427,0.07049440105086605
25794,GOF,0.040077705906754114,0.7984395208431103,0.16148277325013555
25795,GOF,0.05450950801539858,0.7604772549750085,0.18501323700959288
25796,GOF,0.10394932234743959,0.8222050006688607,0.07384567698369968
25797,GOF,0.07819723875843339,0.7678724529673523,0.15393030827421417
25798,GOF,0.007785520018951127,0.7841429142090345,0.20807156577201455
25799,GOF,0.004450683943308019,0.7121366133418731,0.2834127027148189
25800,GOF,0.028531322479156525,0.8391733867103219,0.1322952908105215
25801,GOF,0.02226451675962331,0.9068103202011452,0.07092516303923159
25802,GOF,0.033945145790765095,0.838411865497652,0.127642988711583
25803,GOF,0.02395221134674542,0.7551107681841265,0.22093702046912797
25804,GOF,0.03633647644080383,0.802208746149331,0.16145477740986522
25805,GOF,0.0271998465921206,0.8148903796456963,0.1579097737621831
25806,GOF,0.03692862014729356,0.8175322072713433,0.14553917258136304
25807,GOF,0.011923302047631451,0.7919628658357948,0.19611383211657363
25808,GOF,0.022201881585672108,0.8057361220794148,0.17206199633491304
25809,GOF,0.011810653728641363,0.7756069200136021,0.21258242625775656
25810,GOF,0.009801750836949308,0.7611433561824376,0.2290548929806131
25811,GOF,0.0551921931692738,0.8783500202052066,0.06645778662551968
25812,GOF,0.0308938784200061,0.8151593101580834,0.15394681142191044
25813,GOF,0.14613298628420845,0.7919503920289855,0.061916621686806
25814,GOF,0.030662244912307415,0.8224273954260607,0.14691035966163185
25815,GOF,0.06104361919133861,0.8441635875000035,0.09479279330865786
25816,GOF,0.009389902029066352,0.8876497104743621,0.10296038749657145
25817,GOF,0.10552875698992009,0.8066284852626739,0.0878427577474059
25818,GOF,0.030013300913863616,0.8153086870698372,0.15467801201629924
25819,GOF,0.04710223642925813,0.7764735222477385,0.17642424132300352
25820,GOF,0.043311004902662084,0.7368951461778935,0.21979384891944445
25821,GOF,0.029911340251506983,0.7721466189174832,0.19794204083100994
25822,GOF,0.04940697254414195,0.7612441033133904,0.18934892414246762
25823,GOF,0.03070767666175221,0.7481758365311789,0.22111648680706894
25824,GOF,0.02996612821198954,0.8078696896915231,0.1621641820964874
25825,GOF,0.02411256864240086,0.7978378289231509,0.1780496024344482
25826,GOF,0.010764647792454446,0.7596441897416151,0.22959116246593037
25827,GOF,0.015851656441561834,0.7072503433808657,0.2768980001775723
25828,GOF,0.012432734154707251,0.7581447156132068,0.22942255023208594
25829,GOF,0.004925955154643725,0.7140789185181695,0.2809951263271867
25830,GOF,0.04427074062432955,0.5116779855893504,0.44405127378632014
25831,GOF,0.06632049890975276,0.8205643291806225,0.11311517190962454
25832,GOF,0.011791832116898392,0.7855382960228348,0.20266987186026691
25833,GOF,0.04121110626099325,0.8373479671478331,0.12144092659117374
25834,GOF,0.01217423513290892,0.8015045421323819,0.18632122273470916
25835,GOF,0.0258331075896923,0.8524562625310608,0.12171062987924691
25836,GOF,0.007829576096175827,0.7884719945688109,0.20369842933501323
25837,GOF,0.011096270499255392,0.8210637410142435,0.16783998848650106
25838,GOF,0.027615732517933228,0.8583718985914273,0.11401236889063959
25839,GOF,0.08073413706365169,0.8145073628777332,0.1047585000586152
25840,GOF,0.09817731701495867,0.8109819080815681,0.09084077490347331
25841,GOF,0.09914807587756588,0.8266693038569694,0.07418262026546459
25842,GOF,0.03599539482726842,0.890358830784156,0.07364577438857556
25843,GOF,0.038521824924585245,0.8910498663053361,0.0704283087700787
25844,GOF,0.025186903382810637,0.8524685807475596,0.12234451586962973
25845,GOF,0.008149072691592468,0.788129530546488,0.20372139676191944
25846,GOF,0.08176153089646625,0.8380151977301477,0.08022327137338617
25847,GOF,0.021453072329848787,0.8970001803338761,0.08154674733627532
25848,GOF,0.029301822837122737,0.8636620394296043,0.10703613773327304
25849,GOF,0.00887088766421534,0.8565384498523606,0.1345906624834242
25850,GOF,0.008059862324886579,0.7777696100491519,0.2141705276259616
25851,GOF,0.007637750593210238,0.7336025831441225,0.25875966626266733
25852,GOF,0.17146698691332288,0.5823369003433932,0.24619611274328373
25853,GOF,0.06009237011857431,0.8354979258922176,0.10440970398920797
25854,GOF,0.007272781590790683,0.7516591676819541,0.24106805072725535
25855,GOF,0.02069347524365156,0.7005732974000966,0.27873322735625206
25856,GOF,0.03934751004049764,0.7731158472012242,0.18753664275827825
25857,GOF,0.020896163755358816,0.7065275076950565,0.2725763285495848
25858,GOF,0.011330357988011994,0.7346193589322761,0.2540502830797118
25859,GOF,0.00803578200390535,0.7172346145224344,0.27472960347366027
25860,GOF,0.08109468373111595,0.801859710760112,0.11704560550877208
25861,GOF,0.10913208861229712,0.8091192991799872,0.08174861220771573
25862,GOF,0.03091043926620635,0.8926902882141677,0.07639927251962587
25863,GOF,0.025107656007961724,0.8933560965261482,0.08153624746588997
25864,GOF,0.06882800677924011,0.881308014783682,0.04986397843707777
25865,GOF,0.05573801435276863,0.8649514349835655,0.07931055066366571
25866,GOF,0.027052269485544008,0.8870643021320586,0.08588342838239742
25867,GOF,0.04387485913406925,0.8816313187371769,0.0744938221287539
25868,GOF,0.07330395378696482,0.8298677090276354,0.09682833718539992
25869,GOF,0.348664743436444,0.5708164161893494,0.08051884037420667
25870,GOF,0.0802962870742445,0.6017675246501434,0.3179361882756121
25871,GOF,0.013767965452104708,0.8785044197539256,0.10772761479396979
25872,GOF,0.024975875708812455,0.8629537265612394,0.11207039772994838
25873,GOF,0.024919497904998485,0.8964741259381792,0.0786063761568222
25874,LOF,0.018221496204672824,0.20158853520355893,0.7801899685917683
25875,LOF,0.03820348921843475,0.062985611243371,0.8988108995381942
25876,LOF,0.022859719303008143,0.04300895145589579,0.9341313292410961
25877,LOF,0.11116107036074543,0.08716302485570906,0.8016759047835456
25878,LOF,0.09926740884518746,0.1364901154773784,0.7642424756774342
25879,LOF,0.017202067777615043,0.09666042763377872,0.8861375045886062
25880,LOF,0.07082858243919707,0.01706641945194586,0.9121049981088571
25881,Neutral,0.5637515326964431,0.07159792619467693,0.36465054110888007
25882,LOF,0.06789586275796845,0.023973110250672617,0.908131026991359
25883,LOF,0.02903578842594617,0.027217701108249028,0.9437465104658047
25884,LOF,0.020798919011411357,0.04029289524616833,0.9389081857424203
25885,LOF,0.19334310883549827,0.011159738833680271,0.7954971523308214
25886,LOF,0.27599756770951706,0.057502492800941066,0.6664999394895418
25887,LOF,0.13312753813155578,0.09482878314001425,0.7720436787284299
25888,LOF,0.008181619012898515,0.1364136304992118,0.8554047504878897
25889,LOF,0.028902085701015386,0.035824440120609376,0.9352734741783751
25890,LOF,0.19805617539193485,0.060638325797833,0.7413054988102322
25891,LOF,0.12213988232080615,0.02293554226803166,0.8549245754111623
25892,LOF,0.008780550201975119,0.03575173177795292,0.9554677180200719
25893,LOF,0.4129473731942789,0.01009144210886813,0.576961184696853
25894,LOF,0.3839617346953814,0.007445573522041946,0.6085926917825766
25895,LOF,0.3170960034863692,0.016279390135404224,0.6666246063782266
25896,LOF,0.06971196729897096,0.030468109534335003,0.8998199231666939
25897,LOF,0.134326318029481,0.012202917522575206,0.8534707644479439
25898,LOF,0.1317772096601182,0.036978858478672494,0.8312439318612094
25899,LOF,0.39874859448734706,0.030017519474958676,0.5712338860376942
25900,LOF,0.49263846676918277,0.009796563188067112,0.49756497004275013
25901,LOF,0.09004240703927265,0.0111319018462806,0.8988256911144468
25902,LOF,0.084778679123355,0.01390825630443603,0.9013130645722089
25903,LOF,0.29510941179988776,0.02708440324218901,0.6778061849579232
25904,Neutral,0.494727531794121,0.04297016945420429,0.4623022987516748
25905,LOF,0.006467645229633916,0.41285578239424814,0.5806765723761179
25906,LOF,0.010178174780705464,0.08309248606436465,0.9067293391549298
25907,LOF,0.009195327703671485,0.2837965375210211,0.7070081347753074
25908,LOF,0.009691814397635098,0.26624497920765416,0.7240632063947107
25909,LOF,0.033136618211404185,0.10508842023588755,0.8617749615527083
25910,LOF,0.012620361361028102,0.14177967438927316,0.8455999642496989
25911,LOF,0.1912624272290927,0.02597098953724939,0.782766583233658
25912,LOF,0.09874702925567591,0.01989844937079695,0.8813545213735271
25913,LOF,0.023964208129820058,0.032419427842519145,0.9436163640276609
25914,LOF,0.0444538764638938,0.026922865047701715,0.9286232584884045
25915,LOF,0.23380097284779724,0.10667534002880225,0.6595236871234005
25916,LOF,0.027416527136399933,0.05870341871891463,0.9138800541446853
25917,LOF,0.08127550955899938,0.02518603338210471,0.8935384570588959
25918,LOF,0.04762236473688106,0.012802030767220985,0.939575604495898
25919,LOF,0.03924721203888731,0.013325994727235222,0.9474267932338776
25920,LOF,0.34007519992950463,0.25329928826589665,0.40662551180459866
25921,LOF,0.015629332412547495,0.01946190673793896,0.9649087608495135
25922,LOF,0.014806583251788366,0.020520578710480967,0.9646728380377307
25923,LOF,0.44264477370358185,0.015578880480304922,0.5417763458161132
25924,LOF,0.026120216048380364,0.02632112325959776,0.9475586606920219
25925,LOF,0.09245174047888069,0.030049380736884162,0.877498878784235
25926,LOF,0.07971789378260835,0.02010683049648529,0.9001752757209064
25927,LOF,0.024745999193216548,0.04972979568255656,0.925524205124227
25928,LOF,0.012118259882260937,0.02774451594690872,0.9601372241708304
25929,Neutral,0.5692653214281409,0.014927253491730807,0.41580742508012836
25930,LOF,0.0860778684714773,0.014914292627815375,0.8990078389007073
25931,LOF,0.014128848783243693,0.01727148430233819,0.968599666914418
25932,LOF,0.0800232709484202,0.01731270805027097,0.9026640210013089
25933,LOF,0.0852705160854454,0.01037278675834979,0.9043566971562048
25934,LOF,0.07722502502333037,0.00897235242928951,0.9138026225473802
25935,LOF,0.08487926216989906,0.02662637193457037,0.8884943658955305
25936,LOF,0.10329661263442616,0.01068246446651905,0.8860209228990549
25937,LOF,0.02390672450676497,0.014602750981436,0.9614905245117991
25938,LOF,0.08992901673708822,0.025212353713556734,0.884858629549355
25939,LOF,0.06618581515584367,0.013520523982507601,0.9202936608616488
25940,LOF,0.009469022048991653,0.4702537303273121,0.5202772476236963
25941,LOF,0.4175260023900469,0.04284736680873364,0.5396266308012194
25942,LOF,0.010437548714403527,0.05161453123446,0.9379479200511364
25943,LOF,0.04223426490652509,0.1650275262077325,0.7927382088857423
25944,LOF,0.03758302167184746,0.07925044872682646,0.8831665296013261
25945,LOF,0.16028506233863438,0.026732684471704855,0.8129822531896608
25946,LOF,0.06366630046927894,0.04035337375067567,0.8959803257800453
25947,Neutral,0.48474247251054725,0.08480638214615024,0.43045114534330264
25948,LOF,0.38194550484244194,0.016190541497601383,0.6018639536599566
25949,LOF,0.13544201275260678,0.09301771322166892,0.7715402740257243
25950,GOF,0.10724311503057965,0.5595303055424334,0.33322657942698697
25951,LOF,0.021335445169214082,0.4203903243012707,0.5582742305295152
25952,LOF,0.189714755394458,0.2596806029596734,0.5506046416458686
25953,LOF,0.009138835479049019,0.30239148875506405,0.6884696757658869
25954,LOF,0.09852581169436285,0.4136675137097521,0.48780667459588506
25955,LOF,0.010260873440255155,0.2288911217870735,0.7608480047726713
25956,LOF,0.012887985439747071,0.3287521996076393,0.6583598149526136
25957,LOF,0.15018583484142045,0.043584874620099426,0.8062292905384801
25958,LOF,0.03128329663952427,0.05772884734859694,0.9109878560118788
25959,GOF,0.006906584756873435,0.7480605908321621,0.24503282441096436
25960,LOF,0.0043868234799882225,0.13850400623949063,0.8571091702805211
25961,LOF,0.028051008903509107,0.046023318230013016,0.9259256728664779
25962,LOF,0.03322231234932794,0.08854435165413219,0.8782333359965397
25963,LOF,0.007532924294966817,0.153622751051173,0.8388443246538602
25964,LOF,0.03849153966115858,0.14704833148908847,0.814460128849753
25965,LOF,0.2420447340702272,0.1478557245442772,0.6100995413854955
25966,LOF,0.32671311606209047,0.11123235327784356,0.5620545306600659
25967,LOF,0.006737268311408261,0.08323374369385131,0.9100289879947405
25968,LOF,0.04278433414313174,0.2651821804133462,0.6920334854435221
25969,LOF,0.15464074410888728,0.06735299937675701,0.7780062565143556
25970,LOF,0.07456079566078544,0.06509005551033116,0.8603491488288835
25971,LOF,0.06524168089166918,0.03118591132718509,0.9035724077811457
25972,LOF,0.08759685342234821,0.05779553439935913,0.8546076121782925
25973,LOF,0.05239881207959363,0.011184176685552492,0.9364170112348538
25974,LOF,0.04432317337053673,0.041197783753655084,0.9144790428758082
25975,LOF,0.03363168008159206,0.018369511697353708,0.9479988082210542
25976,LOF,0.0816358454975446,0.011580561701673993,0.9067835928007815
25977,LOF,0.25145027660247404,0.051554236708836604,0.6969954866886894
25978,LOF,0.16465662087702473,0.13327689963374612,0.7020664794892292
25979,LOF,0.13724530866300538,0.1507521493584196,0.712002541978575
25980,LOF,0.21309883312384986,0.20373894339284548,0.5831622234833047
25981,LOF,0.21421899293263355,0.20724522317777064,0.5785357838895957
25982,LOF,0.36252482355706395,0.11258842221851703,0.5248867542244191
25983,Neutral,0.4475350236949162,0.12011011921048788,0.4323548570945959
25984,LOF,0.06397703103449735,0.09091730510362606,0.8451056638618767
25985,Neutral,0.49486070390486236,0.13913081835095048,0.3660084777441872
25986,LOF,0.01277411997787697,0.4848475788146703,0.5023783012074527
25987,LOF,0.03946058672694511,0.10590665045625149,0.8546327628168034
25988,LOF,0.06164639766935592,0.13649403093313395,0.8018595713975102
25989,LOF,0.06808169231566547,0.21048978098616827,0.7214285266981662
25990,LOF,0.056282620602273625,0.33815610842100224,0.6055612709767242
25991,LOF,0.029593351085407987,0.4477035918790302,0.5227030570355617
25992,LOF,0.0178734909512996,0.3978568823932359,0.5842696266554646
25993,LOF,0.020710528114554573,0.0648882733171821,0.9144011985682633
25994,LOF,0.029285829159927244,0.06515067420565873,0.9055634966344139
25995,LOF,0.020263330922478118,0.11930230601484063,0.8604343630626813
25996,Neutral,0.37805481796830803,0.36708144300184,0.25486373902985204
25997,LOF,0.05999163474569916,0.43195715653495853,0.5080512087193423
25998,LOF,0.2397552454301519,0.04403816003365077,0.7162065945361973
25999,LOF,0.04417836570965138,0.11159280686659626,0.8442288274237524
26000,LOF,0.13148861363446626,0.01571237530692176,0.8527990110586119
26001,LOF,0.20577678482711842,0.020926407358290225,0.7732968078145913
26002,LOF,0.09703844850975712,0.02675907192376764,0.8762024795664751
26003,GOF,0.006262169596081731,0.636773571658372,0.3569642587455462
26004,GOF,0.012283859999289283,0.6275633699806598,0.36015277002005097
26005,GOF,0.004433479708144379,0.5050762457975221,0.4904902744943335
26006,GOF,0.08560702581446063,0.5339212156164888,0.3804717585690506
26007,GOF,0.008037586483850449,0.5298317535721474,0.46213065994400215
26008,GOF,0.0058939331525344535,0.6071585040401191,0.38694756280734643
26009,GOF,0.010618391084293228,0.6438860943051304,0.34549551461057637
26010,GOF,0.007811353008550785,0.5794139310437586,0.41277471594769066
26011,LOF,0.003923203732039427,0.4267321220241218,0.5693446742438388
26012,GOF,0.004939714850599769,0.5719673547190316,0.4230929304303686
26013,GOF,0.010405151921349444,0.5741051704948619,0.41548967758378863
26014,LOF,0.04038874061815588,0.08213823562027987,0.8774730237615642
26015,LOF,0.39364205409519826,0.021448502248238074,0.5849094436565636
26016,LOF,0.29029221073270123,0.0326246726210305,0.6770831166462683
26017,LOF,0.014863432417058453,0.15381650153044496,0.8313200660524965
26018,LOF,0.028515370261939076,0.08089806792475294,0.890586561813308
26019,LOF,0.02790892184409643,0.07562188499653114,0.8964691931593723
26020,LOF,0.006929742993855688,0.1765918190816292,0.8164784379245152
26021,LOF,0.06609071302315549,0.07488169379854241,0.8590275931783021
26022,LOF,0.03433592257019029,0.038161025731081814,0.9275030516987278
26023,LOF,0.024033776852718847,0.05254687312579249,0.9234193500214887
26024,LOF,0.04030342078410361,0.05780951028921393,0.9018870689266826
26025,LOF,0.11318687732190826,0.06375691662130725,0.8230562060567845
26026,LOF,0.10861673855811475,0.0412177121524759,0.8501655492894094
26027,LOF,0.028249552508721618,0.031567287983128245,0.94018315950815
26028,LOF,0.06196913285403225,0.18101649558475832,0.7570143715612094
26029,LOF,0.02323250879340744,0.15217431909751677,0.8245931721090757
26030,LOF,0.120248384451748,0.024377208505727922,0.855374407042524
26031,LOF,0.011213149155062878,0.14084901696214192,0.8479378338827951
26032,LOF,0.0380491220023267,0.045222389449317515,0.9167284885483558
26033,LOF,0.04264532171238639,0.046344699617623726,0.9110099786699899
26034,LOF,0.015778521025135953,0.10509693375701645,0.8791245452178474
26035,LOF,0.010593521779454088,0.1030355646107266,0.8863709136098192
26036,LOF,0.010506943472812388,0.0869742988173986,0.9025187577097891
26037,LOF,0.009629542767787233,0.0941809459786039,0.8961895112536089
26038,LOF,0.031706629559977384,0.04037316924175787,0.9279202011982647
26039,LOF,0.02760329768924444,0.11802700581081725,0.8543696964999382
26040,LOF,0.08219992000555874,0.10873231563101626,0.809067764363425
26041,LOF,0.01165098670641907,0.09023284732670177,0.8981161659668792
26042,LOF,0.01076201221667864,0.09401514355859344,0.895222844224728
26043,LOF,0.03224364403543023,0.06660179122680414,0.9011545647377657
26044,LOF,0.00707700244398866,0.04562811887570643,0.9472948786803048
26045,LOF,0.05996511551108422,0.13744273134532148,0.8025921531435942
26046,LOF,0.02903209822173502,0.04580362610309682,0.9251642756751681
26047,LOF,0.06573937878787386,0.043970012796569716,0.8902906084155565
26048,LOF,0.08838662133067929,0.01621227597523981,0.8954011026940809
26049,Neutral,0.9395056689740834,0.005695219798015626,0.0547991112279011
26050,Neutral,0.9037997229820507,0.006218899725571039,0.08998137729237819
26051,LOF,0.026674762846317385,0.07336925684968004,0.8999559803040026
26052,LOF,0.033502685675596965,0.06040374011149734,0.9060935742129057
26053,LOF,0.02116201166232809,0.14221655459318358,0.8366214337444883
26054,LOF,0.04767023450129528,0.0421731002322613,0.9101566652664436
26055,LOF,0.06728409322769154,0.03537731412905614,0.8973385926432523
26056,LOF,0.054968219794478385,0.04751331521200226,0.8975184649935193
26057,LOF,0.06252979101303047,0.020530895746385683,0.9169393132405838
26058,LOF,0.06942790474908485,0.01599536330161279,0.9145767319493023
26059,LOF,0.21705140972438253,0.0350101743684994,0.7479384159071182
26060,LOF,0.01633875837545305,0.17078062095261062,0.8128806206719363
26061,LOF,0.010139153010140537,0.014172407182753149,0.9756884398071063
26062,LOF,0.005645105262145613,0.01991020563887032,0.9744446890989841
26063,LOF,0.05032892005234818,0.01477006911096673,0.9349010108366851
26064,LOF,0.015644106910020387,0.020708739214791782,0.9636471538751878
26065,LOF,0.06215111976269701,0.01966559599453085,0.9181832842427722
26066,LOF,0.047067221901074055,0.01426705693854841,0.9386657211603775
26067,LOF,0.05849566191989306,0.014018273474866786,0.9274860646052402
26068,LOF,0.05108388184842234,0.04019116677802068,0.908724951373557
26069,LOF,0.21152954567459475,0.03003317218675403,0.7584372821386511
26070,LOF,0.4347539488174494,0.019865179079639493,0.5453808721029111
26071,LOF,0.05306812739223115,0.016422264822619857,0.9305096077851489
26072,LOF,0.0066141699699525875,0.02429876392397841,0.9690870661060691
26073,LOF,0.04209550474261713,0.019581562139261176,0.9383229331181216
26074,Neutral,0.7962955318984317,0.014152027215346235,0.18955244088622208
26075,LOF,0.045264228287834496,0.03302860092393099,0.9217071707882344
26076,LOF,0.04035834728925632,0.014785700805480861,0.9448559519052627
26077,LOF,0.13780211740059883,0.012031604775376386,0.8501662778240248
26078,LOF,0.005942701314279019,0.02352719187714163,0.9705301068085793
26079,LOF,0.05589086226350996,0.02726550739875094,0.9168436303377391
26080,LOF,0.054956986141130426,0.02738702967450549,0.9176559841843641
26081,LOF,0.04483257227443549,0.012961683803786131,0.9422057439217784
26082,LOF,0.006195135605932288,0.022000876615454194,0.9718039877786134
26083,LOF,0.10196533917553594,0.02854422580102851,0.8694904350234356
26084,LOF,0.12026780545838,0.02474856903047374,0.8549836255111463
26085,LOF,0.1094318814292076,0.020126257602143215,0.8704418609686492
26086,LOF,0.04302951065365332,0.01853300325157712,0.9384374860947696
26087,LOF,0.03996723751695489,0.01596938109411941,0.9440633813889256
26088,LOF,0.005872476526434318,0.033840672872793263,0.9602868506007725
26089,LOF,0.038827989832624865,0.03989598335322121,0.921276026814154
26090,LOF,0.03914751543522362,0.03290416719296913,0.9279483173718073
26091,LOF,0.02955078842939797,0.011874832780362254,0.9585743787902399
26092,LOF,0.048692807002773605,0.012553723896246599,0.9387534691009799
26093,LOF,0.06204052097675934,0.009128092754572648,0.9288313862686681
26094,LOF,0.03376480581730508,0.010595134738082468,0.9556400594446125
26095,LOF,0.019006842739607906,0.026215001902314707,0.9547781553580773
26096,LOF,0.22589577439100467,0.006119195696877034,0.7679850299121183
26097,LOF,0.005726810041733066,0.05657072317811754,0.9377024667801493
26098,LOF,0.09102121489064487,0.02727362870954549,0.8817051563998097
26099,LOF,0.04224193409416323,0.029038282617774448,0.9287197832880623
26100,LOF,0.04224027314438838,0.029037140834614884,0.9287225860209968
26101,LOF,0.0479133872477785,0.04552865472917744,0.9065579580230441
26102,LOF,0.03712302909906309,0.02486438670356463,0.9380125841973723
26103,Neutral,0.8921746083730895,0.031073127457725377,0.07675226416918506
26104,LOF,0.053829185700822846,0.047263492000167294,0.8989073222990099
26105,LOF,0.23046722132989494,0.10854944333784022,0.6609833353322647
26106,LOF,0.36328232157269585,0.04857881224230633,0.5881388661849978
26107,LOF,0.020692824639160064,0.07534102601557459,0.9039661493452654
26108,LOF,0.20638319166902885,0.04546867734037183,0.7481481309905994
26109,LOF,0.06248412310623075,0.03679617880012996,0.9007196980936394
26110,LOF,0.4010572511577403,0.01466709329906912,0.5842756555431906
26111,LOF,0.06011538016129372,0.1262173072503827,0.8136673125883237
26112,LOF,0.05516467486840787,0.014492495899801509,0.9303428292317906
26113,LOF,0.11936834639100265,0.04197994634023309,0.8386517072687643
26114,LOF,0.09021401280033337,0.006947743438569035,0.9028382437610976
26115,LOF,0.020112150737445062,0.0437989482312233,0.9360889010313317
26116,LOF,0.08723091306293665,0.0220820962097131,0.8906869907273504
26117,LOF,0.33430908447406826,0.05051803518908401,0.6151728803368477
26118,LOF,0.03180966450997176,0.022937789857001553,0.9452525456330267
26119,LOF,0.004859329586370463,0.10295614268249927,0.8921845277311303
26120,LOF,0.029088928299684378,0.02264741723869762,0.948263654461618
26121,LOF,0.00382707013485611,0.17136756545733808,0.8248053644078058
