feature0,prediction,LoGoFunc_Neutral,LoGoFunc_GOF,LoGoFunc_LOF
25546,Neutral,0.6439063749640582,0.07144016498759596,0.2846534600483458
25547,Neutral,0.5135351624399113,0.1484194919104766,0.33804534564961214
25548,Neutral,0.4709400768135025,0.09881839723542533,0.4302415259510723
25549,LOF,0.4333056650862321,0.11552447089746834,0.45116986401629955
25550,Neutral,0.594293426012147,0.0756228975423462,0.330083676445507
25551,Neutral,0.6216192781385989,0.08742117167345397,0.2909595501879472
25552,LOF,0.29967810380246457,0.11451093928371127,0.5858109569138241
25553,Neutral,0.546194693337089,0.08263806327074591,0.371167243392165
25554,LOF,0.36219959914388833,0.15271254611576143,0.4850878547403503
25555,LOF,0.27667102592141163,0.11591442675606942,0.607414547322519
25556,LOF,0.3713665223515101,0.13174569684427725,0.49688778080421264
25557,LOF,0.27245848114828347,0.12174272401076379,0.6057987948409527
25558,LOF,0.3739611912459694,0.12797366588810544,0.4980651428659251
25559,LOF,0.2632242628132947,0.08443460397173617,0.6523411332149691
25560,LOF,0.04862891768398322,0.22407921064973457,0.7272918716662823
25561,LOF,0.12982510432686004,0.22720797464668638,0.6429669210264536
25562,LOF,0.11763034943027564,0.045096983002578056,0.8372726675671462
25563,LOF,0.15915645200744885,0.07109265989591537,0.7697508880966358
25564,LOF,0.05916058632342606,0.11727132314577127,0.8235680905308026
25565,LOF,0.12040933832758628,0.29796504597225787,0.5816256157001558
25566,GOF,0.029079353289419924,0.5977326473031783,0.3731879994074017
25567,LOF,0.0187477465854036,0.0888254212196002,0.8924268321949961
25568,LOF,0.0998853362273391,0.11882815473306728,0.7812865090395936
25569,LOF,0.265968382104769,0.018800143735761887,0.7152314741594691
25570,LOF,0.08282700286123709,0.09887273720625996,0.8183002599325029
25571,LOF,0.09854128460203582,0.06557514208555701,0.8358835733124073
25572,LOF,0.07904501982097517,0.10794027876893228,0.8130147014100926
25573,LOF,0.037963359412394544,0.09041976494851435,0.8716168756390911
25574,LOF,0.014537025036550038,0.19855019515148095,0.7869127798119692
25575,LOF,0.09102142947821862,0.040674438996206375,0.868304131525575
25576,LOF,0.02728191610267965,0.0339687247439073,0.938749359153413
25577,LOF,0.01947387484392898,0.0584341672206772,0.9220919579353938
25578,LOF,0.3175270703173284,0.08528704062147792,0.5971858890611937
25579,LOF,0.11209703561800302,0.08720938849053494,0.8006935758914621
25580,LOF,0.05332887565984643,0.02337516474237512,0.9232959595977784
25581,LOF,0.09362514703502474,0.14124791730187852,0.7651269356630968
25582,LOF,0.09396468676321411,0.08618383363562863,0.8198514796011573
25583,LOF,0.06560809973906082,0.025193443325764134,0.9091984569351751
25584,Neutral,0.5346565263732522,0.04998849185702274,0.41535498176972496
25585,LOF,0.022048884022286365,0.03142691177928904,0.9465242041984246
25586,LOF,0.06066600045634782,0.045104302676518215,0.8942296968671339
25587,LOF,0.043190882362597716,0.031104189693881516,0.9257049279435207
25588,LOF,0.048070405110798894,0.043966346954449405,0.9079632479347516
25589,Neutral,0.7310256273390602,0.0950007037931458,0.17397366886779392
25590,LOF,0.03474762901281753,0.09822039885940981,0.8670319721277727
25591,LOF,0.13118588205108672,0.06501635363990793,0.8037977643090054
25592,LOF,0.23462145299923376,0.12099417697054696,0.6443843700302193
25593,LOF,0.022424233089306696,0.31026475304966195,0.6673110138610313
25594,LOF,0.07240914301336865,0.11330185187075498,0.8142890051158763
25595,LOF,0.05557359552037862,0.2211461600659908,0.7232802444136306
25596,LOF,0.11005773343816613,0.07923861142671061,0.8107036551351232
25597,LOF,0.10599704384462745,0.04426900959163862,0.849733946563734
25598,LOF,0.17488569620651134,0.06977138392171679,0.7553429198717719
25599,LOF,0.01275663670231788,0.2604715765062888,0.7267717867913933
25600,LOF,0.015001139066384015,0.29518876748137285,0.6898100934522431
25601,LOF,0.010307996105678466,0.16103627811836732,0.8286557257759543
25602,LOF,0.03971430534424563,0.12493313171765262,0.8353525629381018
25603,LOF,0.04120180628979341,0.12461532664481294,0.8341828670653937
25604,LOF,0.026526267325765258,0.1994947083776356,0.7739790242965991
25605,LOF,0.014736604018692962,0.35484674840732,0.6304166475739871
25606,GOF,0.06905500571515476,0.5844193059356749,0.3465256883491703
25607,LOF,0.0034592540115012307,0.21553118416804665,0.7810095618204521
25608,LOF,0.02995905965141905,0.045869619419700344,0.9241713209288807
25609,LOF,0.17048219226400543,0.14402204620122475,0.6854957615347699
25610,LOF,0.03906502208249348,0.08532195625511976,0.8756130216623869
25611,LOF,0.05263922901682497,0.08050693352337097,0.866853837459804
25612,LOF,0.12525536111082292,0.09955307601334384,0.7751915628758332
25613,LOF,0.039682399301163386,0.17909769083150992,0.7812199098673268
25614,LOF,0.031364491937900814,0.09826583024740773,0.8703696778146914
25615,LOF,0.033124872697147055,0.08164936631693086,0.8852257609859221
25616,LOF,0.023864480181745473,0.15727580608480193,0.8188597137334527
25617,LOF,0.04369538662737512,0.09952577897503141,0.8567788343975935
25618,LOF,0.08827512921082527,0.42188335187030157,0.4898415189188732
25619,LOF,0.03972577599714895,0.09972082213108723,0.8605534018717639
25620,LOF,0.032602640563737934,0.13141633254738044,0.8359810268888817
25621,LOF,0.03893232494840751,0.09414238496402458,0.8669252900875678
25622,LOF,0.03105534347279912,0.13356621883443368,0.8353784376927672
25623,LOF,0.05126701644204932,0.10759525479063686,0.8411377287673139
25624,LOF,0.030063198639453934,0.15557954445796185,0.8143572569025843
25625,LOF,0.03373151777948846,0.13428217128687103,0.8319863109336405
25626,LOF,0.14378051713126366,0.06793793724347437,0.788281545625262
25627,Neutral,0.45715909540862243,0.14653724373423063,0.39630366085714697
25628,LOF,0.14565890906946194,0.035096113996133285,0.8192449769344048
25629,LOF,0.18704238679960075,0.04408537139050151,0.7688722418098978
25630,LOF,0.08081113635203147,0.06352253746537996,0.8556663261825885
25631,Neutral,0.4903771891945772,0.14491131077832914,0.36471150002709385
25632,LOF,0.011844400918351499,0.06148362130982857,0.9266719777718199
25633,LOF,0.3191846476964603,0.22244054329106974,0.45837480901247
25634,LOF,0.06973096282617347,0.18608284392618185,0.7441861932476447
25635,LOF,0.03986627497953352,0.06148077774736941,0.8986529472730972
25636,GOF,0.00513894609071597,0.5755678595017123,0.41929319440757185
25637,LOF,0.005715448981184543,0.29046128047485104,0.7038232705439644
25638,LOF,0.00682210909756225,0.3314676054026273,0.6617102854998104
25639,LOF,0.0062829196322215924,0.2325060021448743,0.7612110782229041
25640,Neutral,0.5668318821540057,0.2902876035712242,0.1428805142747702
25641,LOF,0.010418411424505445,0.14699175904814932,0.8425898295273453
25642,LOF,0.30009928190432844,0.044805817565505494,0.6550949005301662
25643,LOF,0.43466244630781764,0.009258428241172121,0.5560791254510102
25644,LOF,0.011279681659409091,0.4052643850666669,0.583455933273924
25645,GOF,0.00982687020940201,0.5352968406544021,0.4548762891361958
25646,LOF,0.010670877875635938,0.3556844908733098,0.6336446312510542
25647,LOF,0.01108205460279754,0.32190803978877536,0.6670099056084271
25648,LOF,0.008386492935721804,0.38670376722708016,0.604909739837198
25649,LOF,0.007698370563984417,0.24583241899444574,0.7464692104415699
25650,GOF,0.02361988077424343,0.6044439951716343,0.3719361240541223
25651,LOF,0.006783142818675271,0.4211425214438935,0.5720743357374313
25652,LOF,0.01768874865729695,0.3199102827347986,0.6624009686079044
25653,GOF,0.07761119910888235,0.5764107059160486,0.345978094975069
25654,GOF,0.011193610063578822,0.531877492946417,0.45692889699000433
25655,GOF,0.08337005579520651,0.5305292169675876,0.3861007272372059
25656,LOF,0.06103273608836481,0.34280435974757806,0.5961629041640572
25657,LOF,0.23766729185797367,0.04160287737850557,0.7207298307635208
25658,LOF,0.027516409816483154,0.2985762768299751,0.6739073133535416
25659,LOF,0.12585542026399105,0.23806715223402536,0.6360774275019835
25660,LOF,0.09540197515286962,0.1300732449384558,0.7745247799086746
25661,LOF,0.07853410499361926,0.07832636510256961,0.8431395299038112
25662,LOF,0.053595631615742996,0.07132224807841375,0.8750821203058432
25663,LOF,0.051758386314377486,0.10260453835415635,0.8456370753314661
25664,LOF,0.038761472174769766,0.1617887140934978,0.7994498137317324
25665,LOF,0.0648179869236417,0.16985398900691823,0.7653280240694401
25666,LOF,0.06598237149612257,0.13745872079493351,0.7965589077089439
25667,LOF,0.04567645434311082,0.03194435376522666,0.9223791918916625
25668,LOF,0.054165011950441246,0.048593635716050465,0.8972413523335082
25669,LOF,0.04283442570264922,0.07970255189957977,0.877463022397771
25670,LOF,0.0617577244355994,0.06500780811440829,0.8732344674499923
25671,LOF,0.0629984751394046,0.08488657784936574,0.8521149470112296
25672,LOF,0.0708246063259453,0.09503124051653469,0.8341441531575201
25673,LOF,0.05910738335581423,0.07127807763195172,0.8696145390122342
25674,LOF,0.03231272326559571,0.12176125229609162,0.8459260244383127
25675,LOF,0.06130768602741516,0.0385256329800896,0.9001666809924953
25676,LOF,0.04887983683128383,0.10033369341764059,0.8507864697510755
25677,LOF,0.07156205048763568,0.06133952968713175,0.8670984198252325
25678,LOF,0.3102217604588134,0.042228865246677225,0.6475493742945094
25679,LOF,0.14807800456817014,0.08808306853469051,0.7638389268971393
25680,LOF,0.10417504275219386,0.14836661415987137,0.7474583430879347
25681,LOF,0.11493381148057391,0.1367167016930974,0.7483494868263286
25682,LOF,0.06135636910801613,0.07710575164178651,0.8615378792501974
25683,LOF,0.12538140928750804,0.07968267594654957,0.7949359147659424
25684,LOF,0.08978433750175165,0.11550443973522082,0.7947112227630275
25685,LOF,0.09941755473034457,0.052019800278961165,0.8485626449906943
25686,LOF,0.026993959604605745,0.2198435804456062,0.753162459949788
25687,LOF,0.04239316546548773,0.2319960141572878,0.7256108203772245
25688,LOF,0.015587488642455283,0.3582807574528446,0.6261317539047002
25689,LOF,0.010447343579137179,0.20345036662945232,0.7861022897914105
25690,LOF,0.011056401353997956,0.4022378076005308,0.5867057910454713
25691,GOF,0.08714292268937325,0.5627778402940057,0.350079237016621
25692,LOF,0.11775438341726395,0.048981268434943895,0.833264348147792
25693,GOF,0.02687947101440729,0.5118632240070744,0.46125730497851825
25694,LOF,0.20447999895323202,0.06648616714022396,0.7290338339065441
25695,LOF,0.15869705775401116,0.0980954316776739,0.7432075105683149
25696,LOF,0.15585257973967234,0.06320465484037534,0.7809427654199522
25697,LOF,0.15354683804546193,0.03748889153451443,0.8089642704200236
25698,LOF,0.012377065845249328,0.48483896149654887,0.5027839726582017
25699,LOF,0.0787419552867288,0.27166383338107275,0.6495942113321985
25700,LOF,0.05025853878720807,0.017739629005030233,0.9320018322077618
25701,LOF,0.009239438360379847,0.4697461436765918,0.5210144179630284
25702,GOF,0.02323053303329461,0.641096852024538,0.3356726149421674
25703,LOF,0.015664590259535177,0.07738777830910275,0.906947631431362
25704,LOF,0.06982536581685835,0.11221351591995357,0.8179611182631881
25705,LOF,0.09922355455301941,0.21395882940134162,0.686817616045639
25706,GOF,0.020003517053601882,0.8023809746642493,0.17761550828214884
25707,GOF,0.016768261038773012,0.7454074178163909,0.23782432114483615
25708,GOF,0.006976496089956432,0.7819798544578976,0.21104364945214593
25709,LOF,0.04898448029633139,0.1137434554493172,0.8372720642543513
25710,LOF,0.01305140648061636,0.21316085403167095,0.7737877394877127
25711,LOF,0.04632270978524016,0.14024152066020676,0.8134357695545532
25712,LOF,0.023457394836682726,0.15310926203418407,0.8234333431291333
25713,LOF,0.04194194042661271,0.1502486234020994,0.8078094361712879
25714,LOF,0.03744811058501504,0.3022951417505857,0.6602567476643992
25715,LOF,0.03597993224852832,0.20682370331229172,0.7571963644391798
25716,LOF,0.012057923039411642,0.09451734513825893,0.8934247318223295
25717,LOF,0.010991244142725901,0.07791605369659582,0.9110927021606782
25718,LOF,0.04549773340970438,0.07876524383485789,0.8757370227554377
25719,LOF,0.04173937239472842,0.13965982179392503,0.8186008058113466
25720,LOF,0.03983779754941116,0.16587028101836793,0.7942919214322208
25721,LOF,0.0442751239569022,0.09763216200216349,0.8580927140409342
25722,LOF,0.0394582110666135,0.1272421735614618,0.8332996153719247
25723,LOF,0.05061017097888438,0.18157536231794927,0.7678144667031664
25724,GOF,0.05781643294433697,0.5090558666124385,0.4331277004432246
25725,LOF,0.0717368263190372,0.14753261343722252,0.7807305602437403
25726,LOF,0.04219107958906807,0.14845265476754888,0.809356265643383
25727,LOF,0.06078446106768551,0.1019253547238124,0.8372901842085021
25728,LOF,0.03783823885394844,0.2067929861902223,0.7553687749558292
25729,LOF,0.04235138334005033,0.19640027099805837,0.7612483456618914
25730,LOF,0.05028872276941421,0.15856954646847604,0.7911417307621097
25731,LOF,0.014978626664467793,0.11782937978233612,0.867191993553196
25732,LOF,0.03280692156040353,0.10891928150695375,0.8582737969326427
25733,LOF,0.043785157489605535,0.2613414854126097,0.6948733570977847
25734,LOF,0.009863296244599376,0.20549636648253286,0.7846403372728677
25735,LOF,0.04172175899972016,0.1170553090847698,0.84122293191551
25736,LOF,0.037534965856261746,0.18975300692739971,0.7727120272163386
25737,LOF,0.0622679422920573,0.11034094354719101,0.8273911141607516
25738,LOF,0.05266816216753415,0.22802430610539096,0.7193075317270747
25739,LOF,0.039433463433477214,0.18103399121852073,0.779532545348002
25740,LOF,0.06144776801292346,0.17650815904830383,0.7620440729387727
25741,LOF,0.060221464051586224,0.17055432863759115,0.7692242073108226
25742,LOF,0.06414480214227483,0.1949015481301204,0.7409536497276048
25743,LOF,0.012174256352536278,0.044152953035126334,0.9436727906123373
25744,GOF,0.0693865775867175,0.5084636077588832,0.4221498146543993
25745,LOF,0.017228444134892953,0.47916987252578047,0.5036016833393266
25746,LOF,0.010039974379775113,0.46847944538730485,0.52148058023292
25747,LOF,0.044199041178638425,0.05232028769006605,0.9034806711312956
25748,LOF,0.09539677704071357,0.3018619045852839,0.6027413183740026
25749,LOF,0.010104957123583279,0.4062320093074647,0.5836630335689521
25750,LOF,0.011637741839810097,0.46205128540088547,0.5263109727593045
25751,LOF,0.029162928850894772,0.21323748181218807,0.7575995893369172
25752,GOF,0.10049429891772846,0.6582564437331422,0.24124925734912928
25753,LOF,0.01169343170787033,0.27905261450101215,0.7092539537911176
25754,GOF,0.012114780706614335,0.8874286774549661,0.10045654183841961
25755,LOF,0.010590556910772278,0.27846784225819715,0.7109416008310305
25756,LOF,0.05350381683018039,0.33486010349254053,0.6116360796772791
25757,GOF,0.01089371728953711,0.8245984527494417,0.16450782996102128
25758,GOF,0.01048890624732936,0.8913518390517596,0.09815925470091103
25759,GOF,0.00675613562830633,0.7792200902506387,0.21402377412105494
25760,LOF,0.009274217361906652,0.1598526037775949,0.8308731788604984
25761,GOF,0.03791678859242056,0.8774209014508262,0.08466230995675315
25762,LOF,0.05896168740810731,0.36819030301758454,0.5728480095743081
25763,LOF,0.010793836680779328,0.1713825717256088,0.8178235915936118
25764,GOF,0.0856674497933959,0.6849791260148609,0.22935342419174312
25765,GOF,0.010179830735427307,0.8794431725311534,0.11037699673341925
25766,GOF,0.030348433456837964,0.837992775166637,0.13165879137652506
25767,GOF,0.00981899283088246,0.6311102738296551,0.3590707333394623
25768,LOF,0.05221122601459993,0.07561167933964051,0.8721770946457595
25769,LOF,0.030538648365645436,0.22415342025260468,0.7453079313817499
25770,Neutral,0.7292044121216356,0.0782622388227382,0.1925333490556261
25771,LOF,0.0288613911387616,0.12358860035783031,0.8475500085034081
25772,LOF,0.047242991973175816,0.1833115097320285,0.7694454982947957
25773,LOF,0.0236682374319293,0.30792391230159505,0.6684078502664756
25774,LOF,0.051224222261324885,0.2335266494165153,0.7152491283221599
25775,LOF,0.025492368559356018,0.10619721218074263,0.8683104192599013
25776,LOF,0.027237909379183196,0.17284376896740064,0.7999183216534163
25777,LOF,0.29206982766105843,0.1425359438232802,0.5653942285156613
25778,LOF,0.03892333401742729,0.1870498400314807,0.7740268259510921
25779,GOF,0.11520968913748991,0.600631252013895,0.28415905884861503
25780,GOF,0.1093405592429227,0.5927944344453198,0.2978650063117576
25781,GOF,0.05738734409394687,0.4979173678487324,0.44469528805732067
25782,GOF,0.04869396270461796,0.5453829772821269,0.4059230600132551
25783,GOF,0.1071339302634548,0.63816100724425,0.2547050624922952
25784,GOF,0.20247106959106054,0.5632520515487704,0.23427687886016899
25785,GOF,0.33065149030085694,0.5382080902613469,0.13114041943779614
25786,LOF,0.0186131084327875,0.32030262072685767,0.6610842708403549
25787,Neutral,0.515575796322054,0.3118020587859632,0.17262214489198285
25788,LOF,0.04167183136550754,0.07296650174241197,0.8853616668920805
25789,GOF,0.03645526316894918,0.7022044062452902,0.26134033058576067
25790,GOF,0.05457600049425687,0.5531091127592815,0.3923148867464617
25791,GOF,0.038126536079100805,0.5221817235649286,0.43969174035597053
25792,GOF,0.04989310117419724,0.5595573527247955,0.3905495461010072
25793,LOF,0.08162092936423046,0.4330815301643329,0.4852975404714367
25794,LOF,0.06950316863789031,0.3158138924231359,0.6146829389389737
25795,LOF,0.04477822563249162,0.20316481246725668,0.7520569619002517
25796,LOF,0.32280941342302877,0.2998049780422932,0.37738560853467806
25797,LOF,0.087725810817255,0.30856194575473467,0.6037122434280103
25798,GOF,0.012043795201349272,0.6463502647516981,0.34160594004695266
25799,GOF,0.008986469372724641,0.529195872157902,0.46181765846937334
25800,GOF,0.04170919116318397,0.7618885994965562,0.19640220934025995
25801,GOF,0.057134888185256034,0.6152394424480774,0.3276256693666667
25802,GOF,0.06720111471430283,0.5991395671939772,0.33365931809171995
25803,LOF,0.04383950629400125,0.43387076105490124,0.5222897326510975
25804,LOF,0.09669465426819657,0.3607966250789655,0.542508720652838
25805,GOF,0.05886756135113895,0.5415699271437109,0.3995625115051502
25806,GOF,0.07272645803589366,0.5519272351300764,0.3753463068340299
25807,LOF,0.02756319207174629,0.4457765746516139,0.5266602332766397
25808,GOF,0.06608264925225656,0.6254512720983966,0.3084660786493469
25809,LOF,0.017511730479098993,0.3959603302128182,0.5865279393080828
25810,LOF,0.01593915482801654,0.4394525626769019,0.5446082824950816
25811,GOF,0.12751619771334455,0.5319771845068646,0.3405066177797908
25812,LOF,0.10055740359749377,0.3526663001953035,0.5467762962072027
25813,GOF,0.36213723705386475,0.38482857475530924,0.2530341881908259
25814,LOF,0.07939271882311665,0.4426604457601911,0.4779468354166922
25815,GOF,0.11761516855032271,0.4889712636325342,0.3934135678171431
25816,GOF,0.018530143943562647,0.565749909914515,0.4157199461419224
25817,LOF,0.11878288461713764,0.3668160724143386,0.5144010429685237
25818,GOF,0.06416033435547824,0.5257934499205728,0.410046215723949
25819,LOF,0.11315045508287157,0.3792787036874174,0.5075708412297111
25820,LOF,0.13111725150290302,0.3276496514340367,0.5412330970630602
25821,LOF,0.10042057349746251,0.3673010416336735,0.532278384868864
25822,LOF,0.18540125247267936,0.29438821702801043,0.5202105304993102
25823,LOF,0.09225001805890366,0.23211348747281962,0.6756364944682767
25824,GOF,0.06002005001960128,0.5435943215165456,0.3963856284638531
25825,GOF,0.04211080846433397,0.569673016883795,0.38821617465187097
25826,LOF,0.016946131379660438,0.3787590040056289,0.6042948646147106
25827,GOF,0.01508921053494834,0.4957111735966472,0.48919961586840444
25828,LOF,0.01638270410457771,0.46557206505365994,0.5180452308417623
25829,LOF,0.009520343679516643,0.23746894048218536,0.753010715838298
25830,LOF,0.1325079303702595,0.05846642644217057,0.8090256431875699
25831,GOF,0.05468829643152532,0.6757563889499193,0.26955531461855536
25832,LOF,0.015969868269435316,0.35459507578044286,0.6294350559501218
25833,GOF,0.06561992557189172,0.5198422257244271,0.4145378487036812
25834,LOF,0.016574120179465378,0.35526593457675976,0.6281599452437749
25835,GOF,0.05415133884320539,0.6575418199262086,0.2883068412305861
25836,LOF,0.013597243733332801,0.4756897071020202,0.510713049164647
25837,LOF,0.02348578853869987,0.3544322740823423,0.6220819373789579
25838,GOF,0.053350211406020344,0.5519176934467883,0.3947320951471912
25839,GOF,0.11292652775801691,0.4471960024299171,0.439877469812066
25840,GOF,0.12202915108591182,0.5342105722465939,0.3437602766674944
25841,GOF,0.10471150188083375,0.5684256934682531,0.3268628046509131
25842,GOF,0.061588859201774766,0.6964808245721277,0.24193031622609754
25843,GOF,0.04262271270363304,0.7342674997989559,0.223109787497411
25844,GOF,0.045317553124902356,0.5443225562981033,0.41035989057699435
25845,LOF,0.012658172276042948,0.3034875600477637,0.6838542676761933
25846,GOF,0.06754180296893948,0.5437711461182838,0.3886870509127768
25847,GOF,0.04724742953383931,0.663818524017375,0.2889340464487857
25848,GOF,0.03933700861560406,0.7179365936758361,0.24272639770855983
25849,GOF,0.010225297476176442,0.5937206454995547,0.39605405702426877
25850,GOF,0.015154476797278804,0.4947518189595256,0.4900937042431956
25851,LOF,0.015597321761595692,0.420517818333662,0.5638848599047424
25852,LOF,0.2524196485163493,0.30620011379826656,0.44138023768538415
25853,LOF,0.10152925910777856,0.44468746245400903,0.4537832784382125
25854,LOF,0.0107539744353693,0.4395366287209087,0.549709396843722
25855,LOF,0.03441680598214879,0.41630764214572985,0.5492755518721214
25856,GOF,0.07878659924720796,0.6070843712169014,0.3141290295358905
25857,LOF,0.036402872524613085,0.3466411327540484,0.6169559947213384
25858,LOF,0.01579011716304138,0.289927496891399,0.6942823859455596
25859,LOF,0.010909275954101034,0.27406473592354935,0.7150259881223496
25860,LOF,0.11019211905892894,0.3359881087145683,0.5538197722265027
25861,GOF,0.12086529676064002,0.4811973920997395,0.39793731113962044
25862,GOF,0.03417582705301246,0.7352046248757604,0.23061954807122717
25863,GOF,0.03638533438693289,0.6115186259350296,0.35209603967803743
25864,GOF,0.04646726349725216,0.689856487350575,0.2636762491521729
25865,GOF,0.038911904010630674,0.689229325049933,0.27185877093943633
25866,GOF,0.04693799722391838,0.6839518302890986,0.26911017248698316
25867,GOF,0.11767191171640531,0.6810037563051377,0.2013243319784571
25868,GOF,0.1273111411432474,0.4799629942763727,0.39272586458038
25869,Neutral,0.46048512462704166,0.35216977527168086,0.18734510010127758
25870,LOF,0.1859336322960859,0.10218164191350325,0.711884725790411
25871,LOF,0.014667542280886159,0.3623604656576621,0.6229719920614517
25872,LOF,0.0424394559082377,0.3763955362002292,0.5811650078915332
25873,GOF,0.03021280229117108,0.6087353876552476,0.3610518100535812
25874,LOF,0.05644766770444522,0.02634287362061659,0.9172094586749382
25875,LOF,0.020729189330816584,0.44846121711036196,0.5308095935588215
25876,LOF,0.030554212563327115,0.11611043867226623,0.8533353487644066
25877,GOF,0.07265075319147489,0.61147873717943,0.31587050962909496
25878,GOF,0.04958111196914756,0.7583783466310392,0.19204054139981327
25879,LOF,0.012713017655612929,0.3683772542015493,0.6189097281428378
25880,LOF,0.04538438002002832,0.06673437436931963,0.887881245610652
25881,GOF,0.39509159875390676,0.395533852614895,0.20937454863119837
25882,LOF,0.024525794845344933,0.3023600299634473,0.6731141751912078
25883,LOF,0.026543753179645736,0.13428114234485136,0.8391751044755029
25884,LOF,0.021979851573771907,0.18918259285564737,0.7888375555705808
25885,LOF,0.15890478472225578,0.04192146467460463,0.7991737506031396
25886,LOF,0.05396565115183197,0.2159629952872879,0.7300713535608802
25887,GOF,0.04106451620555576,0.6188494627752572,0.3400860210191871
25888,LOF,0.005376201303871043,0.44660115918244925,0.5480226395136798
25889,LOF,0.04041815064575931,0.10131252056894172,0.8582693287852989
25890,LOF,0.1402039323600873,0.3475068463744403,0.5122892212654725
25891,LOF,0.11668450930384712,0.10182591006510107,0.7814895806310519
25892,LOF,0.005696408920242812,0.15283723867916285,0.8414663524005943
25893,LOF,0.2630680178025563,0.05786893394364851,0.6790630482537953
25894,LOF,0.3080277901962101,0.0359052794588763,0.6560669303449136
25895,LOF,0.2054396801681286,0.04103860180987602,0.7535217180219953
25896,LOF,0.08663479991058944,0.09774868268697084,0.8156165174024398
25897,LOF,0.09429530150893288,0.05366236375700063,0.8520423347340664
25898,GOF,0.06392728188029428,0.542699813589993,0.3933729045297127
25899,LOF,0.23773265670418797,0.20208701817064456,0.5601803251251675
25900,Neutral,0.8586171764493372,0.039842199510786644,0.10154062403987611
25901,LOF,0.07694687664656423,0.031134396817225615,0.8919187265362102
25902,LOF,0.19004974956889248,0.01226074476896489,0.7976895056621426
25903,LOF,0.11821630216730224,0.15489388583921548,0.7268898119934822
25904,Neutral,0.4083250557662373,0.19245151646288364,0.399223427770879
25905,LOF,0.010639104905000255,0.47815963959165475,0.5112012555033449
25906,LOF,0.01598211232292358,0.05608480805507629,0.9279330796220001
25907,LOF,0.009259254029211773,0.3609619306244349,0.6297788153463534
25908,LOF,0.00941953584745374,0.327818782774486,0.6627616813780602
25909,LOF,0.03629267329057308,0.16868132603146344,0.7950260006779635
25910,LOF,0.018054356834863977,0.1699751541772457,0.8119704889878904
25911,LOF,0.09320330266901784,0.08334138992553655,0.8234553074054457
25912,LOF,0.11870613479310303,0.02455471195830077,0.8567391532485962
25913,LOF,0.015580629707147917,0.09693661075530106,0.8874827595375511
25914,LOF,0.03873745612713403,0.17785058516902935,0.7834119587038366
25915,GOF,0.061659991948332826,0.8705194494600177,0.06782055859164947
25916,GOF,0.015083994518253954,0.7052021444601048,0.27971386102164125
25917,LOF,0.24802507868653087,0.1551979909189716,0.5967769303944975
25918,LOF,0.044438557390647,0.1312431830179072,0.8243182595914459
25919,LOF,0.043195456076958856,0.09900021662480352,0.8578043272982376
25920,GOF,0.14585202836442937,0.4838768046715658,0.37027116696400486
25921,LOF,0.02929636618373334,0.039337962796245185,0.9313656710200214
25922,LOF,0.023256687951154167,0.04195013604090479,0.934793176007941
25923,LOF,0.3236809261413128,0.06934237524430276,0.6069766986143844
25924,LOF,0.030142376489276285,0.07139034036820682,0.8984672831425169
25925,LOF,0.24874244064009438,0.01800422825817857,0.733253331101727
25926,LOF,0.11265583400785333,0.08096204672235273,0.806382119269794
25927,LOF,0.020369585160549264,0.09305236674190263,0.886578048097548
25928,LOF,0.018158245847986466,0.046463801490830625,0.935377952661183
25929,Neutral,0.5832732965896463,0.06601480388058532,0.3507118995297682
25930,LOF,0.03619211195245588,0.06136033245512399,0.9024475555924203
25931,LOF,0.01804206733621614,0.0545402126568666,0.9274177200069174
25932,LOF,0.07043488601620404,0.03459404031850346,0.8949710736652925
25933,LOF,0.05917978091815571,0.02230685761927567,0.9185133614625687
25934,LOF,0.06132251865198504,0.02807560863013727,0.9106018727178777
25935,LOF,0.2596005723099252,0.021847344456654087,0.7185520832334207
25936,LOF,0.05473877908018312,0.027373522887883507,0.9178876980319334
25937,LOF,0.018186791260436146,0.07475572233290081,0.907057486406663
25938,LOF,0.2619216732442655,0.019372296176833035,0.7187060305789015
25939,LOF,0.04529806845862226,0.028887371173752268,0.9258145603676254
25940,GOF,0.0066107423030414975,0.601108801667997,0.3922804560289614
25941,LOF,0.3530469608986112,0.07028374789739075,0.5766692912039981
25942,LOF,0.012930919438004089,0.12131774826292076,0.8657513322990751
25943,GOF,0.016912339459576323,0.6211615888328069,0.3619260717076168
25944,LOF,0.01731924709076741,0.3497250739661698,0.6329556789430628
25945,LOF,0.06223052541161004,0.11465318725441509,0.8231162873339749
25946,LOF,0.09155315912787798,0.07118300741658246,0.8372638334555396
25947,LOF,0.46152587074078566,0.027025433538816382,0.511448695720398
25948,LOF,0.24032719769130875,0.04404854328545468,0.7156242590232365
25949,LOF,0.2320601726109112,0.03269814622517207,0.7352416811639167
25950,GOF,0.048790777618161744,0.7867142517994918,0.16449497058234638
25951,LOF,0.012748045413370197,0.37446329465343114,0.6127886599331985
25952,LOF,0.0811957966900176,0.32295486533394163,0.5958493379760407
25953,LOF,0.007060997214938835,0.3912911680981296,0.6016478346869315
25954,GOF,0.030103560750498082,0.49965176677758244,0.4702446724719195
25955,GOF,0.00480337536410987,0.5720866329261515,0.42310999170973873
25956,GOF,0.010076282934520824,0.6519971437730624,0.3379265732924167
25957,LOF,0.2536403213922123,0.06276549147804039,0.6835941871297473
25958,LOF,0.02237619401193379,0.24081596522032447,0.7368078407677419
25959,GOF,0.0043847247841753605,0.5974196059493662,0.39819566926645844
25960,LOF,0.006034042828463391,0.15100599185522878,0.8429599653163078
25961,LOF,0.01920110386236969,0.22364354303006312,0.7571553531075672
25962,LOF,0.11664997397820788,0.02771790216386675,0.8556321238579254
25963,LOF,0.01258439964050567,0.1258746321153121,0.8615409682441821
25964,LOF,0.054151135357896236,0.13442603910439535,0.8114228255377084
25965,LOF,0.15876948848957836,0.18831399824015818,0.6529165132702635
25966,LOF,0.21030513605810433,0.310036528067932,0.4796583358739636
25967,LOF,0.012237326022324168,0.05671022871964832,0.9310524452580276
25968,LOF,0.125326426749887,0.4160536587932802,0.45861991445683264
25969,LOF,0.18509076348331835,0.02913051698616553,0.7857787195305161
25970,LOF,0.02052208883799858,0.15921470051634884,0.8202632106456527
25971,LOF,0.0815078835058596,0.14706417165627592,0.7714279448378645
25972,LOF,0.06861728509408149,0.1368826628422883,0.7945000520636303
25973,LOF,0.21365890574587823,0.009401475834639598,0.7769396184194822
25974,LOF,0.08049213079333593,0.3179826031736839,0.6015252660329803
25975,LOF,0.0530126713573872,0.022103998284165146,0.9248833303584476
25976,LOF,0.07714310149903388,0.016666985539197262,0.9061899129617689
25977,LOF,0.19705261793215162,0.06537196847152234,0.7375754135963261
25978,LOF,0.20951374475651435,0.19757243959666412,0.5929138156468216
25979,LOF,0.1508729629395347,0.23743375500950137,0.611693282050964
25980,GOF,0.1462909471736091,0.42824057554041317,0.4254684772859777
25981,GOF,0.1498102219159842,0.447763860615573,0.40242591746844286
25982,LOF,0.19710361172322793,0.3065167050792588,0.49637968319751313
25983,LOF,0.1728491509101814,0.3171316276957194,0.5100192213940992
25984,LOF,0.0410643902297253,0.08954238504113732,0.8693932247291373
25985,Neutral,0.4410109086973381,0.24715448035924312,0.3118346109434188
25986,GOF,0.0104316170321409,0.6469938367967373,0.34257454617112176
25987,LOF,0.023428456412908992,0.11590450478141934,0.8606670388056716
25988,LOF,0.0371030340228146,0.12129307271406413,0.8416038932631212
25989,LOF,0.04703502937710896,0.1256262891691213,0.8273386814537697
25990,LOF,0.04793728998779595,0.2364504524776868,0.7156122575345173
25991,GOF,0.04669572881270675,0.6837675475803995,0.26953672360689385
25992,LOF,0.019435489758661464,0.41657676230290824,0.5639877479384303
25993,LOF,0.051677735537818674,0.03488808807595214,0.9134341763862291
25994,LOF,0.05231912151870665,0.06789045542797971,0.8797904230533136
25995,LOF,0.037425604285069525,0.06331353530619976,0.8992608604087308
25996,GOF,0.3263260412836091,0.3913772819782622,0.2822966767381287
25997,GOF,0.058800177892649304,0.6021872185879495,0.339012603519401
25998,LOF,0.23966442231535917,0.10061599748189895,0.6597195802027419
25999,GOF,0.01719667169539562,0.6210795371428648,0.36172379116173975
26000,LOF,0.12937269529884515,0.009288175629075381,0.8613391290720794
26001,LOF,0.10943166830132112,0.024858406812518757,0.8657099248861602
26002,LOF,0.20168854648202575,0.006918103702243751,0.7913933498157305
26003,LOF,0.014223141673763874,0.4826110417514977,0.5031658165747384
26004,LOF,0.04072647169594859,0.3386300166795751,0.6206435116244764
26005,LOF,0.007599196461204866,0.3995110856373547,0.5928897179014404
26006,GOF,0.2544886776580551,0.44665943925512486,0.29885188308682004
26007,LOF,0.02103218820538137,0.4395064543325772,0.5394613574620414
26008,LOF,0.018033677118246272,0.3489022984812792,0.6330640244004745
26009,GOF,0.0374482251831658,0.6171103689685304,0.34544140584830374
26010,GOF,0.01580398209139075,0.5153110136493684,0.46888500425924096
26011,LOF,0.00875148130361083,0.3019279517371076,0.6893205669592816
26012,LOF,0.00936614055902101,0.45613830990756754,0.5344955495334115
26013,LOF,0.00999308648760666,0.38066127921596804,0.6093456342964253
26014,LOF,0.20597649051613967,0.008929456856377985,0.7850940526274822
26015,LOF,0.11973887663735643,0.19033546084504196,0.6899256625176016
26016,LOF,0.16947508924949697,0.28957993791215914,0.5409449728383439
26017,GOF,0.017035772349657346,0.5484255938639022,0.4345386337864404
26018,LOF,0.022314452800552043,0.3229624690792936,0.6547230781201543
26019,LOF,0.022867578391463247,0.23041960846004114,0.7467128131484957
26020,LOF,0.0072619779422722726,0.3400870847492708,0.6526509373084568
26021,LOF,0.0586856807390602,0.3373508058102857,0.6039635134506541
26022,LOF,0.05595440997452404,0.11865628077700767,0.8253893092484682
26023,LOF,0.03757475943992024,0.28918112667960755,0.6732441138804722
26024,LOF,0.04867148124813107,0.26209389506153485,0.6892346236903341
26025,LOF,0.0626077434376059,0.3918113853612206,0.5455808712011734
26026,LOF,0.08834128605727955,0.39742544309947314,0.5142332708432473
26027,LOF,0.03202550365411688,0.15386331273054393,0.8141111836153392
26028,LOF,0.03966837939453558,0.3347253556780222,0.6256062649274422
26029,LOF,0.023571156251180083,0.4822891444705029,0.4941396992783168
26030,LOF,0.20673300141325548,0.0698419631654186,0.7234250354213259
26031,GOF,0.010545586480571611,0.5011229565145999,0.48833145700482844
26032,LOF,0.036588127034628846,0.10219674538747321,0.861215127577898
26033,LOF,0.05162231154998718,0.24978402152436321,0.6985936669256495
26034,LOF,0.012453935821827007,0.3538328450968854,0.6337132190812877
26035,LOF,0.010010168530617994,0.4054375191975953,0.5845523122717867
26036,LOF,0.00958122764921929,0.2740085439597516,0.7164102283910291
26037,LOF,0.009849372413602394,0.28168800665849164,0.708462620927906
26038,LOF,0.025867717739935143,0.10170082760612208,0.8724314546539428
26039,LOF,0.022457732913754136,0.3596281776295424,0.6179140894567035
26040,LOF,0.043524685495298546,0.2838530734791916,0.6726222410255099
26041,LOF,0.011971390053218673,0.2895502661862958,0.6984783437604855
26042,LOF,0.010975243693930298,0.3065667535665918,0.682458002739478
26043,LOF,0.02667632643578851,0.24009727946954096,0.7332263940946704
26044,LOF,0.008679461401797785,0.26972742834002456,0.7215931102581777
26045,GOF,0.04567488256661791,0.6315062305581104,0.32281888687527166
26046,LOF,0.025922495424836836,0.25720609265029015,0.7168714119248729
26047,LOF,0.07217571920599855,0.14886075966501852,0.7789635211289829
26048,LOF,0.08263519937343496,0.15375250951013453,0.7636122911164306
26049,Neutral,0.8227652157547715,0.07270973594891106,0.1045250482963175
26050,Neutral,0.8153077396747033,0.06504087587377018,0.11965138445152654
26051,GOF,0.013178602341380258,0.5952778370256763,0.39154356063294354
26052,GOF,0.015999853012008958,0.514457543192891,0.46954260379509993
26053,LOF,0.030110398026020453,0.025024929314637533,0.944864672659342
26054,LOF,0.16383820521997167,0.06188444382814928,0.7742773509518791
26055,LOF,0.18131722682176196,0.10474617654566751,0.7139365966325705
26056,LOF,0.18524319896104288,0.10879933819699993,0.7059574628419572
26057,LOF,0.05453480430504847,0.03584613277475669,0.9096190629201948
26058,LOF,0.061911206360798214,0.02922414100448853,0.9088646526347133
26059,Neutral,0.8400713801559063,0.06130933786781852,0.09861928197627509
26060,LOF,0.012331686210352005,0.3292987169616025,0.6583695968280454
26061,LOF,0.015453198607528784,0.03361200719512833,0.9509347941973428
26062,LOF,0.008211663569120634,0.08423364913255396,0.9075546872983253
26063,LOF,0.050986218653962204,0.038336559384579576,0.9106772219614583
26064,LOF,0.014315420536187227,0.048346400241062765,0.93733817922275
26065,LOF,0.03675242011738116,0.05728225868511395,0.9059653211975048
26066,LOF,0.047829636701800814,0.04549154969048027,0.906678813607719
26067,LOF,0.06221512649979427,0.05765798960098759,0.8801268838992182
26068,LOF,0.17395683739899206,0.06351987824864481,0.762523284352363
26069,LOF,0.07187695129064492,0.09969521695361287,0.8284278317557422
26070,LOF,0.08282380475351923,0.0898534994662999,0.8273226957801808
26071,LOF,0.049343422983022085,0.04077136164656241,0.9098852153704156
26072,LOF,0.009955493571635318,0.03413452767263985,0.9559099787557248
26073,LOF,0.04098959382574011,0.03238125604091951,0.9266291501333405
26074,Neutral,0.8228125425384851,0.03948721439616232,0.13770024306535245
26075,LOF,0.05816201735728495,0.1483037913263619,0.7935341913163532
26076,LOF,0.05102248015578902,0.07528406422205056,0.8736934556221604
26077,LOF,0.16073222257769526,0.08210662229654744,0.7571611551257572
26078,LOF,0.009082330622553465,0.05976798720132833,0.9311496821761183
26079,LOF,0.16455555670854458,0.07059211198432706,0.7648523313071283
26080,LOF,0.16455555670854458,0.07059211198432706,0.7648523313071283
26081,LOF,0.052680914208241586,0.03776960832461037,0.909549477467148
26082,LOF,0.009691073574872033,0.08527417215274818,0.9050347542723798
26083,LOF,0.034237375293383124,0.10355189002904704,0.8622107346775699
26084,LOF,0.04471230536959756,0.05774439724401169,0.8975432973863907
26085,LOF,0.041448687032848035,0.051101427048427,0.9074498859187249
26086,LOF,0.03967404880415978,0.05814839213322463,0.9021775590626155
26087,LOF,0.05263471064042772,0.06733322400898571,0.8800320653505865
26088,LOF,0.01054054460313817,0.13064310145639196,0.85881635394047
26089,LOF,0.05217685420228572,0.2288270735463655,0.7189960722513488
26090,LOF,0.05601487057050368,0.2119946943861639,0.7319904350433324
26091,LOF,0.0424115910145368,0.05285858332374043,0.9047298256617228
26092,LOF,0.04762403428146348,0.036040087560111664,0.9163358781584249
26093,LOF,0.067276672082048,0.033330559564338884,0.8993927683536131
26094,LOF,0.041433771758452365,0.048480150474281045,0.9100860777672667
26095,LOF,0.01680685706308124,0.05447904872410998,0.9287140942128088
26096,LOF,0.2794918300331982,0.011609068104296643,0.7088991018625052
26097,LOF,0.009422448290210461,0.04862565326876539,0.9419518984410241
26098,LOF,0.16255756910420224,0.06154773316112216,0.7758946977346756
26099,LOF,0.03268420930208072,0.0755859695107291,0.8917298211871901
26100,LOF,0.03268420930208072,0.0755859695107291,0.8917298211871901
26101,LOF,0.03221544901769356,0.08945685212601191,0.8783276988562945
26102,LOF,0.04443077312601017,0.046796899876388645,0.9087723269976012
26103,Neutral,0.8296720355609982,0.059011546059679225,0.11131641837932246
26104,LOF,0.17117576693294292,0.08570774468940573,0.7431164883776513
26105,LOF,0.2475664416489992,0.1698360741853939,0.5825974841656069
26106,LOF,0.28782895580848944,0.18140058612601884,0.5307704580654917
26107,LOF,0.008687720054177523,0.30102387655857266,0.6902884033872498
26108,LOF,0.11644790559773803,0.2665841473667508,0.6169679470355112
26109,LOF,0.053161933215660186,0.0795223876918652,0.8673156790924746
26110,LOF,0.16666545152862805,0.11320529310985583,0.7201292553615161
26111,LOF,0.04934191657579809,0.35559654753623915,0.5950615358879627
26112,LOF,0.04640730743781677,0.049926314085093376,0.9036663784770899
26113,LOF,0.03979689687819855,0.08140024671668691,0.8788028564051145
26114,LOF,0.09197038400769064,0.0436043127461071,0.8644253032462023
26115,LOF,0.012533835026162583,0.39448995769467565,0.5929762072791619
26116,LOF,0.07820811678063523,0.12096818973002833,0.8008236934893364
26117,LOF,0.17319234100462783,0.11265478552613443,0.7141528734692376
26118,LOF,0.040703186782339806,0.027361594287119997,0.9319352189305403
26119,LOF,0.006060202169115065,0.09645138769766191,0.897488410133223
26120,LOF,0.044126718536826016,0.02996213634663563,0.9259111451165384
26121,LOF,0.004691282256488173,0.20116324792452947,0.7941454698189824
26122,LOF,0.0043042746931623126,0.21254480095177114,0.7831509243550665
26123,LOF,0.004975993596599191,0.1809482296769428,0.814075776726458
26124,LOF,0.0055936938308973234,0.20453731412019607,0.7898689920489067
