feature0,prediction,LoGoFunc_Neutral,LoGoFunc_GOF,LoGoFunc_LOF
25546,Neutral,0.6598384003878388,0.06484455415504262,0.2753170454571187
25547,Neutral,0.4787525631982009,0.12232332297464073,0.3989241138271583
25548,Neutral,0.47933068300755943,0.09177925538967517,0.4288900616027655
25549,LOF,0.42015187012642696,0.0883179164089861,0.49153021346458686
25550,LOF,0.37201431808829244,0.14862652216961272,0.47935915974209486
25551,LOF,0.2747043272856757,0.16794787799114505,0.5573477947231793
25552,LOF,0.20818061539463553,0.15907963109301917,0.6327397535123453
25553,Neutral,0.7924782675182072,0.049891581949189176,0.15763015053260357
25554,LOF,0.24348014883819083,0.15259764662726782,0.6039222045345414
25555,LOF,0.20131456965541644,0.1351992647106192,0.6634861656339643
25556,LOF,0.41162885544459765,0.12892119965976603,0.4594499448956363
25557,LOF,0.19599895955600574,0.14070762737819528,0.663293413065799
25558,LOF,0.23462237813713238,0.1501294872704353,0.6152481345924323
25559,LOF,0.18537081516539386,0.16093347410339365,0.6536957107312125
25560,LOF,0.0682748241986948,0.14258931207660694,0.7891358637246982
25561,LOF,0.14670461676771523,0.12368132618397838,0.7296140570483064
25562,LOF,0.07118111218000255,0.0915921570354956,0.8372267307845018
25563,LOF,0.09352650352072217,0.08132585510947994,0.8251476413697979
25564,LOF,0.1884181641413703,0.15030586744637345,0.6612759684122562
25565,LOF,0.13942557668650365,0.13893810627374029,0.721636317039756
25566,GOF,0.018620170861659454,0.7979384110763825,0.18344141806195813
25567,LOF,0.02159934762034286,0.19940917387844137,0.7789914785012158
25568,LOF,0.05169456211675665,0.08577295891089073,0.8625324789723526
25569,LOF,0.05399812867964664,0.09151476221001116,0.8544871091103423
25570,LOF,0.03223883167229917,0.12998416066169638,0.8377770076660045
25571,LOF,0.031024793000714253,0.12353175821362651,0.8454434487856592
25572,LOF,0.03269264813526197,0.15658779583133944,0.8107195560333986
25573,LOF,0.025837106249768947,0.12318678794060728,0.8509761058096238
25574,LOF,0.019011451674647285,0.17299565374250317,0.8079928945828496
25575,LOF,0.024244771809534493,0.1395985104789407,0.8361567177115248
25576,LOF,0.011773866760472259,0.18656439147050158,0.8016617417690262
25577,LOF,0.010407205506096799,0.14493419816512096,0.8446585963287824
25578,LOF,0.2478154589008041,0.11194259645300401,0.6402419446461919
25579,LOF,0.14443522073899878,0.12070970228385151,0.7348550769771497
25580,LOF,0.018053180916699246,0.09947330371151326,0.8824735153717876
25581,LOF,0.040832180234832,0.09180619814860785,0.8673616216165602
25582,LOF,0.04062585224497345,0.0907280229438955,0.868646124811131
25583,LOF,0.0205742881469667,0.11325968374884862,0.8661660281041846
25584,Neutral,0.5110012163717361,0.1266979834190311,0.3623008002092328
25585,LOF,0.012480482332398346,0.18537758466284907,0.8021419330047527
25586,LOF,0.016489821744110178,0.09774068266426883,0.885769495591621
25587,LOF,0.01673733060392646,0.09060456825392403,0.8926581011421496
25588,LOF,0.01680582403504477,0.1055600265000211,0.8776341494649341
25589,Neutral,0.5972391671301894,0.14424962395532379,0.2585112089144868
25590,LOF,0.017233350097099583,0.14352352905005966,0.8392431208528407
25591,LOF,0.07406624885599948,0.0755716842346456,0.8503620669093549
25592,LOF,0.0424478097249224,0.16475291577428747,0.7927992745007902
25593,LOF,0.023385365228902635,0.2676331314513131,0.7089815033197842
25594,LOF,0.036404358168042696,0.11288865921512727,0.8507069826168301
25595,LOF,0.04244821127839347,0.07819739405545222,0.8793543946661544
25596,LOF,0.05602374890303962,0.06627273736920151,0.8777035137277589
25597,LOF,0.03951050258739429,0.07948875717710734,0.8810007402354983
25598,LOF,0.034486701842020726,0.0951575272652871,0.8703557708926921
25599,GOF,0.00762195958233802,0.5638645640242292,0.42851347639343274
25600,GOF,0.025358534038127843,0.6040790151959927,0.37056245076587946
25601,LOF,0.013558278665736641,0.4352404825829794,0.5512012387512839
25602,LOF,0.012408583367058747,0.05801141727345576,0.9295799993594854
25603,LOF,0.056196836803934745,0.020519826706004798,0.9232833364900604
25604,LOF,0.014788464680593865,0.07922494984997748,0.9059865854694287
25605,LOF,0.00798212606569038,0.22949362725506872,0.762524246679241
25606,LOF,0.09391644042723467,0.37896957866698144,0.5271139809057839
25607,LOF,0.004759643312779257,0.2441871270329401,0.7510532296542807
25608,LOF,0.012463496505698472,0.09992519071476444,0.8876113127795372
25609,LOF,0.06689568570943141,0.37640560422987385,0.5566987100606947
25610,LOF,0.02005667469457927,0.02974293562363837,0.9502003896817823
25611,LOF,0.020074278262361342,0.030216002609311215,0.9497097191283275
25612,LOF,0.06696008359427048,0.042380602387700285,0.8906593140180291
25613,LOF,0.055448893038199894,0.04706340668423867,0.8974877002775614
25614,LOF,0.025469205857968812,0.035565883447173714,0.9389649106948575
25615,LOF,0.018765759346649574,0.0455303255326276,0.9357039151207228
25616,LOF,0.06073666707642397,0.03246476475855978,0.9067985681650164
25617,LOF,0.05780939244607429,0.03679072659434484,0.9053998809595809
25618,LOF,0.07410976175984038,0.039064439797289845,0.8868257984428697
25619,LOF,0.018036853817131056,0.03545419969958792,0.9465089464832811
25620,LOF,0.06766073934237916,0.04127241468050927,0.8910668459771116
25621,LOF,0.018893105090543347,0.040419178117559705,0.940687716791897
25622,LOF,0.023069097955861696,0.044175195374298315,0.93275570666984
25623,LOF,0.039026576958152516,0.03393502061440287,0.9270384024274446
25624,LOF,0.02131094930215533,0.04338815354610665,0.935300897151738
25625,LOF,0.026201058508291304,0.05393830868809929,0.9198606328036094
25626,LOF,0.05231085600011039,0.041354677396852314,0.9063344666030374
25627,Neutral,0.5792924022589973,0.11224179618779967,0.30846580155320313
25628,LOF,0.1959360853770415,0.05281930238142633,0.7512446122415322
25629,LOF,0.040200553255354196,0.05547384068622401,0.9043256060584219
25630,LOF,0.14856422743111766,0.08561987810732433,0.7658158944615581
25631,Neutral,0.6060397160762295,0.05780717395597935,0.3361531099677912
25632,LOF,0.008090341382357778,0.085352888202869,0.9065567704147732
25633,LOF,0.27097727610061834,0.053389176005436745,0.6756335478939449
25634,LOF,0.029309381399315354,0.10648709037951033,0.8642035282211743
25635,LOF,0.03297896918003604,0.06367196646889461,0.9033490643510693
25636,GOF,0.005380036866032979,0.6092100267630043,0.38540993637096277
25637,GOF,0.006646562682969647,0.6220640152912112,0.3712894220258191
25638,LOF,0.010124154792692542,0.30390072339207064,0.6859751218152367
25639,LOF,0.0051541820166214145,0.47466086317986594,0.5201849548035126
25640,GOF,0.4519522500138233,0.4567173284971064,0.09133042148907031
25641,LOF,0.011131027091865158,0.3215958264325492,0.6672731464755857
25642,LOF,0.24422380973871577,0.07787590892071757,0.6779002813405666
25643,LOF,0.12606377522668386,0.18790858573952038,0.6860276390337958
25644,LOF,0.010294964705663465,0.48984637625571253,0.499858659038624
25645,LOF,0.008080595539005758,0.43397806965193775,0.5579413348090566
25646,LOF,0.013150096583032247,0.3184388990666396,0.6684110043503282
25647,LOF,0.010660777656768114,0.27151653922024765,0.7178226831229843
25648,LOF,0.00935361779439045,0.2570982798224297,0.7335481023831798
25649,LOF,0.007958488615893877,0.20830081703895015,0.7837406943451559
25650,LOF,0.013579699564096659,0.40848483693373266,0.5779354635021706
25651,LOF,0.006185421627160378,0.2778208525747934,0.7159937257980463
25652,LOF,0.010583852361648471,0.24034262349315003,0.7490735241452015
25653,LOF,0.026510150717296305,0.39205598096656563,0.5814338683161381
25654,LOF,0.011411355975699734,0.14351713841328406,0.8450715056110162
25655,LOF,0.04910579531301112,0.42925517059213464,0.5216390340948542
25656,LOF,0.17096723777558606,0.03966106504466789,0.789371697179746
25657,LOF,0.2526191778084221,0.024654218325943333,0.7227266038656346
25658,LOF,0.07164379334200854,0.05739025604618137,0.87096595061181
25659,LOF,0.37507463818826076,0.058402686623164966,0.5665226751885742
25660,LOF,0.03530583240782268,0.09924124857833322,0.8654529190138441
25661,LOF,0.10818962658736181,0.06689903028489752,0.8249113431277407
25662,LOF,0.025654937847138418,0.044660752329952584,0.929684309822909
25663,LOF,0.03252947143683322,0.06424996871801987,0.9032205598451469
25664,LOF,0.03723754492580711,0.0769937065310774,0.8857687485431155
25665,LOF,0.054108442699115654,0.0366842928842372,0.909207264416647
25666,LOF,0.038881355030758284,0.10036341037216255,0.8607552345970793
25667,LOF,0.07550888867394022,0.05180076395850282,0.872690347367557
25668,LOF,0.02734265817667418,0.054005808870641894,0.9186515329526839
25669,LOF,0.02928012095169712,0.08265819773386279,0.8880616813144401
25670,LOF,0.05648119021428188,0.07366146994940215,0.869857339836316
25671,LOF,0.09318764253587468,0.04053769513592247,0.8662746623282028
25672,LOF,0.05370709219873291,0.048467214743551305,0.8978256930577156
25673,LOF,0.025766556965342743,0.059313164606330966,0.9149202784283264
25674,LOF,0.020217867251150545,0.06774952831637354,0.9120326044324759
25675,LOF,0.03621648703150558,0.06889577610689987,0.8948877368615946
25676,LOF,0.022164354832556476,0.0615996016980726,0.916236043469371
25677,LOF,0.029532025384881526,0.07420011102343187,0.8962678635916866
25678,LOF,0.1818471674281047,0.05994020257010021,0.7582126300017952
25679,LOF,0.17208441397846894,0.07460495560125303,0.753310630420278
25680,LOF,0.03797523818352914,0.11752893407495006,0.8444958277415208
25681,LOF,0.06395519378080074,0.10950361032723321,0.8265411958919661
25682,LOF,0.11881880593376842,0.07896506432730453,0.802216129738927
25683,LOF,0.07682195941160977,0.11287953569031021,0.8102985048980801
25684,LOF,0.04389007621863465,0.0841815738605947,0.8719283499207707
25685,LOF,0.07937789508876525,0.0578605056776799,0.8627615992335549
25686,LOF,0.02656883082624669,0.0891041761544955,0.8843269930192579
25687,LOF,0.04702736996029127,0.06781229791316211,0.8851603321265465
25688,LOF,0.04915354843070735,0.048839218987457966,0.9020072325818346
25689,LOF,0.027739543069026543,0.05496751310249823,0.9172929438284751
25690,LOF,0.03088384233902575,0.046771831454200434,0.9223443262067738
25691,LOF,0.252911751915452,0.054680735418969215,0.6924075126655788
25692,LOF,0.2545631717153134,0.006148278184599702,0.739288550100087
25693,LOF,0.08254999695693406,0.2517670635576859,0.66568293948538
25694,LOF,0.2526186752272198,0.012658816320760118,0.7347225084520201
25695,LOF,0.15957873069437012,0.02406341264903347,0.8163578566565964
25696,LOF,0.12058832321242952,0.011915007478075926,0.8674966693094945
25697,LOF,0.08689224038940868,0.029166380989310615,0.8839413786212806
25698,LOF,0.04764127022751974,0.46744150919487565,0.48491722057760467
25699,LOF,0.06882101281319346,0.09443446784956316,0.8367445193372435
25700,LOF,0.06654513735977698,0.00903766421753228,0.9244171984226907
25701,LOF,0.016739164090809944,0.08026194146637362,0.9029988944428164
25702,GOF,0.030216311926279875,0.7066623977867709,0.2631212902869493
25703,LOF,0.00872070860856445,0.1645923395695924,0.826686951821843
25704,LOF,0.04660505855414765,0.14476399073683857,0.8086309507090138
25705,LOF,0.061634698175131654,0.21434595294000397,0.7240193488848644
25706,GOF,0.035550417770584396,0.5317832533778308,0.4326663288515846
25707,GOF,0.024525971787756732,0.4995361977292778,0.47593783048296534
25708,LOF,0.007954914442560492,0.417020571067841,0.5750245144895985
25709,LOF,0.060994624693367964,0.05279014587479686,0.8862152294318352
25710,LOF,0.005831620843872112,0.1462052622062698,0.8479631169498582
25711,LOF,0.021206385712593773,0.10824172017493068,0.8705518941124756
25712,LOF,0.007815024071843722,0.164875796034525,0.8273091798936314
25713,LOF,0.01929934093167311,0.09124456906033976,0.8894560900079871
25714,LOF,0.07136235218681392,0.1217276303637526,0.8069100174494336
25715,LOF,0.013946501459011622,0.12854957271462128,0.857503925826367
25716,LOF,0.006579635272910137,0.0921829574738881,0.9012374072532017
25717,LOF,0.006108726212239324,0.09241675925684158,0.9014745145309191
25718,LOF,0.014258495711862829,0.08037309286022389,0.9053684114279134
25719,LOF,0.023734611244803267,0.07723228053009805,0.8990331082250986
25720,LOF,0.024603829375482993,0.07179798117762373,0.9035981894468934
25721,LOF,0.01664125219388229,0.10684004949050711,0.8765186983156107
25722,LOF,0.014234784071033294,0.12029304356964676,0.8654721723593201
25723,LOF,0.02048705935047789,0.06330869136400379,0.9162042492855184
25724,LOF,0.021522081178962663,0.09392310333694041,0.8845548154840969
25725,LOF,0.01443767781825688,0.06934860799416731,0.9162137141875758
25726,LOF,0.012504927277418934,0.09296653107550394,0.8945285416470772
25727,LOF,0.015400751927245333,0.07799205079289838,0.9066071972798563
25728,LOF,0.013218911199383742,0.10532659470884877,0.8814544940917675
25729,LOF,0.013835189235793278,0.10835797822410591,0.8778068325401008
25730,LOF,0.014382341750144323,0.08876759382387285,0.8968500644259828
25731,LOF,0.008401268495159202,0.11883438844463873,0.8727643430602021
25732,LOF,0.013798968034410731,0.09669387163963726,0.8895071603259519
25733,LOF,0.018973783918221004,0.07720719995809237,0.9038190161236865
25734,LOF,0.005631510713474959,0.11946181244416876,0.8749066768423562
25735,LOF,0.01662840712516016,0.07580519825623468,0.9075663946186051
25736,LOF,0.015926992317362675,0.10617092832071638,0.8779020793619209
25737,LOF,0.02498400979860625,0.0852746010361742,0.8897413891652195
25738,LOF,0.015991314826093676,0.13184961944462983,0.8521590657292765
25739,LOF,0.023310350512040796,0.11299935228188143,0.8636902972060778
25740,LOF,0.03500688508902722,0.11681077769695457,0.8481823372140184
25741,LOF,0.018093615077180734,0.10396183100686687,0.8779445539159524
25742,LOF,0.11602169666045752,0.09703260277966945,0.786945700559873
25743,LOF,0.01613110510645059,0.03674475196082367,0.9471241429327258
25744,LOF,0.22308719146972494,0.3187275100797784,0.45818529845049677
25745,LOF,0.02804868649089552,0.047128223334063093,0.9248230901750414
25746,LOF,0.01624608635024497,0.05729175728770412,0.926462156362051
25747,LOF,0.027085940570997027,0.031219337799637623,0.9416947216293654
25748,LOF,0.1424537512204691,0.054406048156588595,0.8031402006229423
25749,LOF,0.018008724061948738,0.0401304967104002,0.941860779227651
25750,LOF,0.03508199739460195,0.058808627870142474,0.9061093747352555
25751,LOF,0.11055364046726565,0.05581767443623132,0.833628685096503
25752,GOF,0.10752133981166893,0.6155769926378261,0.27690166755050494
25753,LOF,0.00880624622937462,0.35090482031635767,0.6402889334542677
25754,GOF,0.005429255308291875,0.841611274859943,0.15295946983176503
25755,LOF,0.010214499847743827,0.4170633157504031,0.5727221844018531
25756,LOF,0.04301879336556613,0.40977376879903993,0.5472074378353939
25757,GOF,0.00582413107223376,0.8654958060211547,0.12868006290661166
25758,GOF,0.006967400229289975,0.8578277465292866,0.13520485324142348
25759,GOF,0.004392373944185667,0.5480321702581862,0.44757545579762825
25760,LOF,0.004814102982041417,0.2987614181149923,0.6964244789029663
25761,GOF,0.03486595726752481,0.8324299204899464,0.13270412224252887
25762,LOF,0.029669090243977157,0.32802170706920897,0.6423092026868139
25763,LOF,0.0062529755122200745,0.24394172713365442,0.7498052973541256
25764,GOF,0.14951721194700146,0.5272756353195321,0.3232071527334664
25765,GOF,0.011823953898130174,0.7886696947311775,0.19950635137069242
25766,GOF,0.015542863172319064,0.8102445866721082,0.17421255015557277
25767,GOF,0.018991060592984475,0.5004913204437067,0.48051761896330886
25768,LOF,0.08710676967230013,0.06404236058007647,0.8488508697476234
25769,LOF,0.07925548924199789,0.050265020100356717,0.8704794906576453
25770,LOF,0.2760634265411786,0.059141647009092496,0.6647949264497289
25771,LOF,0.012979872684568728,0.05954648014934119,0.9274736471660902
25772,LOF,0.017892638136463163,0.024523353354209562,0.9575840085093273
25773,LOF,0.011275168586469386,0.10594400581091531,0.8827808256026154
25774,LOF,0.02283667375542251,0.07146372170968118,0.9056996045348963
25775,LOF,0.015607001725119347,0.04307411833623981,0.9413188799386409
25776,LOF,0.0876353626798618,0.01859653545727634,0.8937681018628619
25777,LOF,0.29249275041884004,0.03684077079974496,0.6706664787814149
25778,LOF,0.06813008465349746,0.03718452430566707,0.8946853910408354
25779,GOF,0.05636041345640407,0.8697190460438803,0.0739205404997156
25780,GOF,0.05441495828314612,0.8533706845124593,0.0922143572043945
25781,GOF,0.023566927660611317,0.8251789086928942,0.1512541636464943
25782,GOF,0.028862518218460684,0.8657143154092983,0.10542316637224096
25783,GOF,0.013370678001117449,0.6624309564462131,0.32419836555266945
25784,GOF,0.10668668542837612,0.8335593498832595,0.059753964688364344
25785,GOF,0.07165820917819091,0.8651130840772897,0.06322870674451951
25786,GOF,0.005330096670622483,0.7853836539679209,0.20928624936145668
25787,GOF,0.19915774936856231,0.7573242827197981,0.04351796791163955
25788,LOF,0.04795094586908422,0.12079535531158007,0.8312536988193358
25789,GOF,0.03451311719285826,0.7841548360078262,0.1813320467993157
25790,GOF,0.04524642364674055,0.8373182655262406,0.1174353108270189
25791,GOF,0.026446666726579516,0.7574214688869465,0.21613186438647405
25792,GOF,0.04366113273897273,0.7665665558168173,0.18977231144420992
25793,GOF,0.10028180005891907,0.7673970960910615,0.13232110385001952
25794,GOF,0.08771897345014688,0.656813395340444,0.25546763120940913
25795,GOF,0.02532897490953084,0.7098625983203419,0.26480842677012717
25796,GOF,0.13954381499084467,0.7342829562145825,0.12617322879457282
25797,GOF,0.029891487501312777,0.577797317209174,0.39231119528951325
25798,GOF,0.0031699799991107263,0.539407079677074,0.45742294032381514
25799,LOF,0.002932856817503683,0.4330758825818869,0.5639912606006094
25800,GOF,0.01006470724059612,0.6177744905242023,0.37216080223520165
25801,GOF,0.03027614781073602,0.7755688203081277,0.1941550318811362
25802,GOF,0.01758935060206455,0.6784906525070573,0.3039199968908781
25803,GOF,0.009883748048831983,0.5893098594193905,0.40080639253177747
25804,LOF,0.011677296115605822,0.47978942822207116,0.5085332756623231
25805,GOF,0.020379903857404097,0.5824283003952926,0.39719179574730334
25806,GOF,0.018364397134685316,0.624154233590228,0.35748136927508656
25807,GOF,0.005281695065342979,0.6169621903209839,0.3777561146136732
25808,GOF,0.014442827875570385,0.6180564509296885,0.3675007211947411
25809,GOF,0.006074044928860883,0.6018088620758438,0.39211709299529535
25810,GOF,0.005235500608989087,0.6172541768595364,0.37751032253147454
25811,GOF,0.08766232292762516,0.8017746287120526,0.11056304836032207
25812,GOF,0.014612360340414859,0.6323546892292334,0.35303295043035166
25813,GOF,0.09639719942047728,0.7534920937352515,0.15011070684427127
25814,GOF,0.027064572135541205,0.6883903617089888,0.2845450661554701
25815,GOF,0.039387302664325746,0.7286865656825892,0.23192613165308498
25816,GOF,0.008439316117490351,0.7933827669801976,0.19817791690231218
25817,GOF,0.06804421501584346,0.748476458593098,0.18347932639105852
25818,GOF,0.02147187562529104,0.7247177898358934,0.25381033453881563
25819,GOF,0.06519403660856667,0.7218351096256648,0.21297085376576858
25820,GOF,0.03133104899948878,0.7014905673215184,0.2671783836789928
25821,GOF,0.01802137115273659,0.6941651681919409,0.28781346065532254
25822,GOF,0.03336496605822064,0.7135485755629483,0.2530864583788311
25823,GOF,0.011329571575298255,0.5399008578130728,0.448769570611629
25824,GOF,0.02134056512537193,0.6924086332453867,0.2862508016292415
25825,GOF,0.011673639115861889,0.6704720904103734,0.3178542704737647
25826,GOF,0.005048681433698969,0.6204541490801186,0.3744971694861824
25827,GOF,0.007583596088576133,0.6176381956317054,0.37477820827971847
25828,GOF,0.004809514082812217,0.5518614462687088,0.4433290396484789
25829,GOF,0.0028032007531911935,0.6214439205544972,0.3757528786923116
25830,LOF,0.031042093750587963,0.36367297738341525,0.6052849288659967
25831,GOF,0.034531623603656254,0.8295110668192038,0.13595730957713992
25832,GOF,0.008514056325143356,0.7421162647877113,0.24936967888714548
25833,GOF,0.02767573354380004,0.7821107563807339,0.19021351007546616
25834,GOF,0.007661101740876145,0.7402166177781413,0.2521222804809825
25835,GOF,0.017927055132013207,0.7991443465768973,0.18292859829108937
25836,GOF,0.006806360655115175,0.7482764253564684,0.24491721398841637
25837,GOF,0.006029971828930176,0.6332218740622805,0.3607481541087893
25838,GOF,0.019335076751800725,0.8121747327048897,0.16849019054330946
25839,GOF,0.03914376322758261,0.7926402481731963,0.16821598859922118
25840,GOF,0.03569903284271792,0.804773909886571,0.15952705727071106
25841,GOF,0.033304512396851026,0.8284079025136549,0.138287585089494
25842,GOF,0.02467609863409142,0.8541288008927816,0.12119510047312694
25843,GOF,0.026032776577017486,0.8735800247763895,0.1003871986465929
25844,GOF,0.01578130693796429,0.7806055421893769,0.20361315087265877
25845,GOF,0.005646812639168363,0.5651238749314494,0.4292293124293822
25846,GOF,0.027214174218955407,0.8398491828647409,0.13293664291630378
25847,GOF,0.01696535229486031,0.8832710301401455,0.09976361756499426
25848,GOF,0.016099665060632387,0.8148922061528456,0.16900812878652194
25849,GOF,0.004866696513482952,0.6846784761931717,0.31045482729334534
25850,GOF,0.006353135923195892,0.6927110424130467,0.30093582166375754
25851,GOF,0.0053982013701906325,0.5808475955998156,0.4137542030299938
25852,GOF,0.16614833691561712,0.5436314384523308,0.29022022463205216
25853,GOF,0.07265758318742813,0.8193867523161374,0.10795566449643451
25854,GOF,0.010430615787575963,0.6415484317728789,0.34802095243954495
25855,GOF,0.012561477319682298,0.5683516489888671,0.41908687369145053
25856,GOF,0.03524831667651163,0.6883663819507665,0.27638530137272194
25857,GOF,0.015752179487119086,0.5253625474933414,0.45888527301953946
25858,GOF,0.008452534027421153,0.5382306799467337,0.45331678602584524
25859,GOF,0.005567915232506097,0.5188608476592946,0.47557123710819926
25860,GOF,0.06908468985059613,0.7698848380665335,0.1610304720828703
25861,GOF,0.1034210387133329,0.7980892296098762,0.09848973167679097
25862,GOF,0.021838417183733777,0.8244854181784326,0.15367616463783354
25863,GOF,0.020095491948235487,0.8386758859157128,0.14122862213605167
25864,GOF,0.04259744781146369,0.8697168817757797,0.0876856704127566
25865,GOF,0.02781401945192371,0.832083776156655,0.14010220439142113
25866,GOF,0.02159590819126269,0.8192228803594439,0.15918121144929331
25867,GOF,0.024008450025256405,0.8511622733485706,0.1248292766261729
25868,GOF,0.04923041033265574,0.7991104504159704,0.1516591392513739
25869,GOF,0.30242712517843623,0.6000080511856599,0.09756482363590366
25870,GOF,0.19650308305276154,0.5188069607393402,0.2846899562078983
25871,GOF,0.022628560572763235,0.8355014087117878,0.141870030715449
25872,GOF,0.020734477393218737,0.81250847610153,0.1667570465052514
25873,GOF,0.020287252361886107,0.8389764637650308,0.14073628387308318
25874,LOF,0.016400162473527786,0.13396536852546134,0.8496344690010108
25875,LOF,0.034831036409310755,0.031055306776918243,0.9341136568137711
25876,LOF,0.013524165571311763,0.02715448515854419,0.9593213492701441
25877,LOF,0.12545396059349895,0.05542818932738419,0.8191178500791169
25878,LOF,0.05545518979119901,0.07206082035932608,0.8724839898494748
25879,LOF,0.024010121842211806,0.05941563802501321,0.916574240132775
25880,LOF,0.04641506186911584,0.008703051751491074,0.944881886379393
25881,Neutral,0.5842204201782683,0.07194551316593019,0.3438340666558016
25882,LOF,0.02373258996131058,0.049802027594254415,0.926465382444435
25883,LOF,0.058326190467627034,0.02940647531134624,0.9122673342210267
25884,LOF,0.011582163284131135,0.06814843208761226,0.9202694046282566
25885,LOF,0.19554301505827526,0.010533814003466618,0.793923170938258
25886,LOF,0.2001863683351874,0.05937992751456757,0.740433704150245
25887,LOF,0.15690494908252187,0.08148659352922566,0.7616084573882526
25888,LOF,0.013769656601725388,0.15408964418770582,0.8321406992105688
25889,LOF,0.016320585476503432,0.04553597879421304,0.9381434357292836
25890,LOF,0.11686334232742002,0.09026132564982846,0.7928753320227516
25891,LOF,0.04725600805277195,0.04067510075698427,0.9120688911902437
25892,LOF,0.010579089251240313,0.052989556789518305,0.9364313539592415
25893,LOF,0.3971868125660376,0.016228082395657265,0.5865851050383052
25894,LOF,0.43327084909618585,0.008501700892504493,0.5582274500113098
25895,LOF,0.354085814716073,0.01652583412839949,0.6293883511555275
25896,LOF,0.044148412874918226,0.032869733237862284,0.9229818538872194
25897,LOF,0.1978947350125169,0.01571629804542557,0.7863889669420574
25898,LOF,0.22880753534876874,0.04439104343308577,0.7268014212181455
25899,LOF,0.23753775515641964,0.0323997878827848,0.7300624569607955
25900,LOF,0.4794267952322969,0.011922483449227939,0.5086507213184751
25901,LOF,0.048517837619040695,0.012054180313283655,0.9394279820676756
25902,LOF,0.09693229638382891,0.019786030421147096,0.8832816731950239
25903,LOF,0.34827084132692226,0.04129801817828854,0.6104311404947892
25904,Neutral,0.479271833100778,0.04206921931708274,0.47865894758213934
25905,LOF,0.007194562059811496,0.41127241889584043,0.5815330190443481
25906,LOF,0.008214801990774531,0.12325406126898555,0.8685311367402399
25907,LOF,0.00425300151094673,0.3604113116171558,0.6353356868718975
25908,LOF,0.0037428213426487877,0.252646743038505,0.7436104356188462
25909,LOF,0.015067099682149091,0.16614028115242077,0.8187926191654302
25910,LOF,0.01724603406857746,0.12308232334675012,0.8596716425846724
25911,LOF,0.18938143728936557,0.025156929626203837,0.7854616330844305
25912,LOF,0.06712425243995966,0.05023528509929255,0.8826404624607478
25913,LOF,0.06733665999662641,0.05302153386589169,0.8796418061374819
25914,LOF,0.022036707550072324,0.06524484492214859,0.9127184475277792
25915,LOF,0.12530673518794333,0.25210359749571026,0.6225896673163464
25916,LOF,0.019802332126278535,0.17196362183655622,0.8082340460371652
25917,LOF,0.059292871879550395,0.04535831500689378,0.8953488131135559
25918,LOF,0.026015439394640773,0.035675149822312624,0.9383094107830466
25919,LOF,0.022186335824987476,0.034293635530297115,0.9435200286447153
25920,LOF,0.11293033722247935,0.22629950086327516,0.6607701619142455
25921,LOF,0.011022920864635877,0.03293237014367324,0.9560447089916908
25922,LOF,0.013105458061935896,0.025913839331378488,0.9609807026066856
25923,LOF,0.42427956678165096,0.03399636684078803,0.5417240663775609
25924,LOF,0.017932573463822463,0.03923421284626616,0.9428332136899114
25925,LOF,0.08046481657192092,0.04257105012808514,0.876964133299994
25926,LOF,0.05759937430753948,0.03697296705141053,0.90542765864105
25927,LOF,0.022072810893804896,0.05330914683431485,0.9246180422718803
25928,LOF,0.008117139566377508,0.0480535183078628,0.9438293421257596
25929,Neutral,0.5010125730612739,0.03150916575641678,0.46747826118230923
25930,LOF,0.08693246000213874,0.028708625235477108,0.884358914762384
25931,LOF,0.010013190191797566,0.029202199427983563,0.9607846103802188
25932,LOF,0.03663509124524896,0.024812251498758448,0.9385526572559926
25933,LOF,0.040986333344597024,0.016524094414122715,0.9424895722412802
25934,LOF,0.029013584362067104,0.01705920594280897,0.9539272096951239
25935,LOF,0.07485988645844102,0.05094716052178357,0.8741929530197753
25936,LOF,0.04173276710518086,0.01827228462168366,0.9399949482731355
25937,LOF,0.010024837131101447,0.03574846297841015,0.9542266998904884
25938,LOF,0.06504990842451862,0.055268871792398436,0.879681219783083
25939,LOF,0.03432071772854256,0.020421166675724373,0.9452581155957331
25940,LOF,0.008556377962916337,0.36292581321075884,0.6285178088263247
25941,Neutral,0.5194538361742967,0.027330024857879096,0.4532161389678241
25942,LOF,0.005115254053934414,0.04619204213943324,0.9486927038066323
25943,LOF,0.033328945311527476,0.13101265262522294,0.8356584020632495
25944,LOF,0.12172227143495008,0.06344396325101685,0.814833765314033
25945,LOF,0.05740316087577004,0.020379381050976333,0.9222174580732536
25946,LOF,0.06598626359266398,0.05916338827466582,0.8748503481326703
25947,Neutral,0.4980922336837115,0.08029601394457161,0.421611752371717
25948,LOF,0.3241318613037176,0.010379832034493818,0.6654883066617885
25949,LOF,0.09501734378476301,0.0544038530805117,0.8505788031347253
25950,GOF,0.046038802113930063,0.5863954054649652,0.3675657924211047
25951,LOF,0.014629287301885322,0.3807030775910303,0.6046676351070843
25952,LOF,0.2938226784794297,0.2460058304172658,0.4601714911033046
25953,LOF,0.012204954487523388,0.17547683635283068,0.8123182091596458
25954,LOF,0.05096719588954902,0.432738292188867,0.5162945119215839
25955,LOF,0.009867168270078023,0.144698918961156,0.845433912768766
25956,LOF,0.024981646482126713,0.29556304075100864,0.6794553127668647
25957,LOF,0.2100206678777831,0.032895832161825844,0.757083499960391
25958,LOF,0.05297201663494841,0.02942044911171469,0.917607534253337
25959,GOF,0.013903788086482878,0.4951296726687677,0.4909665392447495
25960,LOF,0.00605897494903013,0.05199295939871192,0.9419480656522579
25961,LOF,0.050570016004971505,0.02652417048150754,0.9229058135135209
25962,LOF,0.03299757001063242,0.09299511627661049,0.8740073137127571
25963,LOF,0.005495140611948952,0.26342385383972167,0.7310810055483293
25964,LOF,0.03021739691719918,0.11104997096767197,0.8587326321151287
25965,LOF,0.3291828122090927,0.14293215570840762,0.5278850320824997
25966,Neutral,0.45111442143773883,0.1654712148654329,0.3834143636968283
25967,LOF,0.006058724956394158,0.08032631115514666,0.9136149638884592
25968,LOF,0.045250156310321685,0.26865244113440795,0.6860974025552704
25969,LOF,0.11897323068838182,0.0828514213189081,0.7981753479927102
25970,LOF,0.019225482203845876,0.0964000076287042,0.88437451016745
25971,LOF,0.06627630312425285,0.02983133580656594,0.9038923610691812
25972,LOF,0.05646059004183092,0.039433418529589134,0.9041059914285801
25973,LOF,0.057690023053941324,0.012612851749769559,0.9296971251962891
25974,LOF,0.04020297616557841,0.04320517334486353,0.916591850489558
25975,LOF,0.040979000265193286,0.02833198027561181,0.9306890194591949
25976,LOF,0.10707639826815442,0.01362766607194083,0.8792959356599048
25977,LOF,0.2081485854276681,0.05839205975752706,0.7334593548148047
25978,LOF,0.14599329886099294,0.12959988612382706,0.72440681501518
25979,LOF,0.13005958045177848,0.13197125091467268,0.7379691686335489
25980,LOF,0.24807855152673336,0.15811525166510215,0.5938061968081645
25981,LOF,0.24874035092092828,0.15956847678303468,0.5916911722960371
25982,LOF,0.40119319747766385,0.09795353164416891,0.5008532708781672
25983,LOF,0.381605368368859,0.11585797414685457,0.5025366574842864
25984,LOF,0.03620103361997075,0.0713140237218836,0.8924849426581457
25985,LOF,0.38807199491205124,0.12565037407052243,0.4862776310174262
25986,LOF,0.012441887060441846,0.4552045236800493,0.5323535892595088
25987,LOF,0.03718973256002851,0.11152629598653527,0.8512839714534362
25988,LOF,0.14717907207119435,0.12830477895277326,0.7245161489760323
25989,LOF,0.0415269701787122,0.17192582300589504,0.7865472068153928
25990,LOF,0.04054257247323547,0.2556853368834582,0.7037720906433064
25991,LOF,0.0219619139537351,0.3809736673773745,0.5970644186688904
25992,LOF,0.02388568663641365,0.36823209499956583,0.6078822183640206
25993,LOF,0.022328964960041005,0.08473818968535096,0.892932845354608
25994,LOF,0.016785143625019,0.08032270032990416,0.9028921560450769
25995,LOF,0.017978760723522103,0.1676769449780002,0.8143442942984777
25996,LOF,0.30061117449610475,0.281969410377876,0.41741941512601927
25997,LOF,0.08503922459552281,0.31229192307650677,0.6026688523279704
25998,LOF,0.2904279525697818,0.05331248536235839,0.6562595620678598
25999,LOF,0.018300682520848773,0.24951672457138446,0.7321825929077668
26000,LOF,0.15028225105449372,0.027506802685809375,0.8222109462596969
26001,LOF,0.29254349973744265,0.024401948573980547,0.6830545516885769
26002,LOF,0.06760668048541957,0.042708055427490794,0.8896852640870897
26003,GOF,0.0037512015361061348,0.6535965969633952,0.3426522015004987
26004,GOF,0.0058257613138645165,0.7368825088458212,0.25729172984031434
26005,GOF,0.002931611764411852,0.5314633498841586,0.4656050383514296
26006,GOF,0.08192302384215439,0.6546619236770629,0.2634150524807828
26007,GOF,0.005647806488675175,0.6089662357057922,0.3853859578055326
26008,GOF,0.005204262306287219,0.7068852212737948,0.2879105164199179
26009,GOF,0.0057783919360710895,0.6928869043696779,0.3013347036942509
26010,GOF,0.006138857373456259,0.7054667381921316,0.2883944044344121
26011,GOF,0.0026594830574339016,0.5025927439024436,0.4947477730401225
26012,GOF,0.003514264202126534,0.5794411376682361,0.41704459812963723
26013,GOF,0.004561263637872512,0.6305624392037241,0.36487629715840336
26014,LOF,0.04033968885233387,0.09209955513880061,0.8675607560088655
26015,LOF,0.12757348370307894,0.019277431121633635,0.8531490851752873
26016,LOF,0.26323397951542105,0.0380030146723653,0.6987630058122136
26017,LOF,0.022865044934809505,0.17706526545345225,0.8000696896117383
26018,LOF,0.052882137434658756,0.03689980955607794,0.9102180530092634
26019,LOF,0.05264857862292619,0.03253911178398196,0.9148123095930918
26020,LOF,0.008777092901428758,0.18251804302068783,0.8087048640778834
26021,LOF,0.06908114014256349,0.07072661294304443,0.860192246914392
26022,LOF,0.027793247029959483,0.025504138316289355,0.9467026146537512
26023,LOF,0.04197255987331582,0.023742327137120798,0.9342851129895634
26024,LOF,0.04581229796406732,0.07138404566902673,0.8828036563669059
26025,LOF,0.05564496000275663,0.0654354900273899,0.8789195499698533
26026,LOF,0.09535188515022558,0.0489038786433656,0.8557442362064088
26027,LOF,0.045197294713476464,0.019043501418779817,0.9357592038677436
26028,LOF,0.08254098970909708,0.14442132784113454,0.7730376824497684
26029,LOF,0.029942594597868816,0.23171733405114006,0.7383400713509911
26030,LOF,0.15617883820591594,0.03335602425087025,0.8104651375432137
26031,LOF,0.014671033033252732,0.1742014919946783,0.811127474972069
26032,LOF,0.06522713864738787,0.07681570890243171,0.8579571524501804
26033,LOF,0.08311338126717832,0.07142289910353508,0.8454637196292867
26034,LOF,0.014157530747947357,0.19268572738978518,0.7931567418622675
26035,LOF,0.013029907096783153,0.13914779589740156,0.8478222970058152
26036,LOF,0.014590177607034783,0.17152641529147652,0.8138834071014887
26037,LOF,0.012164829583754729,0.11874934531277347,0.8690858251034718
26038,LOF,0.05562772097309427,0.0687505453079272,0.8756217337189784
26039,LOF,0.02491105800787823,0.17800040386784105,0.7970885381242807
26040,LOF,0.11219065598610146,0.16721671535718383,0.7205926286567147
26041,LOF,0.014323545312010627,0.1077111730808492,0.8779652816071402
26042,LOF,0.013109782150530531,0.10901503728524367,0.8778751805642259
26043,LOF,0.05353606799380597,0.08859252225371846,0.8578714097524754
26044,LOF,0.011711087832072961,0.06888209601852736,0.9194068161493997
26045,LOF,0.05345641524378457,0.122776179154076,0.8237674056021393
26046,LOF,0.04881062212965009,0.07287941869491742,0.8783099591754324
26047,LOF,0.08120493192630066,0.0708388181963207,0.8479562498773786
26048,LOF,0.04748940816546852,0.04094094672869528,0.9115696451058362
26049,Neutral,0.9630195328897316,0.0063596743914594205,0.03062079271880895
26050,Neutral,0.9482670190752085,0.006732689781799135,0.045000291142992484
26051,LOF,0.012774906420674963,0.15942527259533976,0.8277998209839854
26052,LOF,0.02036890637444916,0.20670302415827696,0.7729280694672739
26053,LOF,0.02203108808638519,0.14781468843039128,0.8301542234832234
26054,LOF,0.04546314446548185,0.019616878197386077,0.9349199773371321
26055,LOF,0.05662449555643093,0.020917098904648917,0.9224584055389201
26056,LOF,0.04973616151816183,0.025484998288740807,0.9247788401930973
26057,LOF,0.03132005506959249,0.014103301301052968,0.9545766436293545
26058,LOF,0.031552436010644884,0.012367941620966546,0.9560796223683885
26059,LOF,0.3380604700580905,0.023722977463019112,0.6382165524788903
26060,LOF,0.010771636660796972,0.17413904862877766,0.8150893147104253
26061,LOF,0.004855286922786705,0.01537818848739311,0.9797665245898203
26062,LOF,0.0037582759887011125,0.02205657185124409,0.9741851521600547
26063,LOF,0.0212662343057882,0.012824433003592744,0.965909332690619
26064,LOF,0.00690437216265401,0.02926437479701124,0.9638312530403347
26065,LOF,0.024557565874641054,0.012227094991712964,0.963215339133646
26066,LOF,0.023398305140429943,0.012010157708714672,0.9645915371508553
26067,LOF,0.02818076545551581,0.010400200632974135,0.9614190339115101
26068,LOF,0.04192232990722858,0.039973430594155326,0.9181042394986162
26069,LOF,0.3107185709460896,0.0254439112828392,0.6638375177710713
26070,LOF,0.45793983100087665,0.019046032160853238,0.52301413683827
26071,LOF,0.02215262192913179,0.011942926253670846,0.9659044518171974
26072,LOF,0.005642691390594866,0.026275137004765872,0.9680821716046393
26073,LOF,0.021003508019867893,0.016103580227679513,0.9628929117524527
26074,Neutral,0.9230824964515262,0.007920242394223882,0.06899726115424998
26075,LOF,0.0396144487183368,0.018219979350281662,0.9421655719313816
26076,LOF,0.03289565218278406,0.011692490341162348,0.9554118574760535
26077,LOF,0.11000480551175659,0.010342046370212967,0.8796531481180305
26078,LOF,0.005264847000718951,0.01683938589086338,0.9778957671084177
26079,LOF,0.055895357717312626,0.020298284097248966,0.9238063581854383
26080,LOF,0.053656598523435156,0.02034403520669294,0.9259993662698719
26081,LOF,0.028614893478843852,0.008854886891059127,0.9625302196300971
26082,LOF,0.004806877033557622,0.017798955485240485,0.9773941674812019
26083,LOF,0.10995525905777286,0.019963230328004122,0.8700815106142229
26084,LOF,0.04201367890380904,0.015077560655937247,0.9429087604402537
26085,LOF,0.03717369460585486,0.013331898294123155,0.949494407100022
26086,LOF,0.0225024568065293,0.012684718841693607,0.9648128243517771
26087,LOF,0.021851353272558768,0.011116059548642244,0.9670325871787989
26088,LOF,0.005450076770632104,0.022507286106698575,0.9720426371226693
26089,LOF,0.03679774382373365,0.024710440113256314,0.93849181606301
26090,LOF,0.03680588129384963,0.020720227153995973,0.9424738915521544
26091,LOF,0.02642530942872185,0.00781623620051942,0.9657584543707587
26092,LOF,0.02221643148989092,0.009180603488363874,0.9686029650217453
26093,LOF,0.03771664660565318,0.007479036315974493,0.9548043170783724
26094,LOF,0.03124681781072948,0.007692033114472294,0.9610611490747981
26095,LOF,0.019741377863271112,0.021971038715586876,0.958287583421142
26096,LOF,0.1682180946734877,0.007382383896348938,0.8243995214301635
26097,LOF,0.004455799782969152,0.04132002906351281,0.9542241711535181
26098,LOF,0.07407847547194656,0.020369626153980493,0.905551898374073
26099,LOF,0.022219747271987944,0.01578209050844345,0.9619981622195685
26100,LOF,0.02221962976812715,0.01578200704860282,0.9619983631832699
26101,LOF,0.04992866215024883,0.023024837967215397,0.9270464998825357
26102,LOF,0.02094562928295767,0.017039263208232347,0.9620151075088099
26103,Neutral,0.8376891677972151,0.024370627655174355,0.13794020454761038
26104,LOF,0.06420214550831423,0.028039101481402536,0.9077587530102833
26105,LOF,0.22403090439949633,0.17609390776174114,0.5998751878387626
26106,LOF,0.35137549751131736,0.14375744053567166,0.5048670619530109
26107,LOF,0.02060932760443859,0.11596018577397486,0.8634304866215866
26108,LOF,0.33573931857751027,0.04822602364135437,0.6160346577811354
26109,LOF,0.03250407581519452,0.061002123668699865,0.9064938005161056
26110,LOF,0.2047356593530762,0.006990258874400463,0.7882740817725233
26111,LOF,0.06716841027690913,0.07782078604948509,0.8550108036736057
26112,LOF,0.03498135042417978,0.008297045067613161,0.9567216045082071
26113,LOF,0.05979490773915539,0.01785633817958344,0.9223487540812612
26114,LOF,0.07644637187100456,0.012935734812924423,0.9106178933160711
26115,LOF,0.015873044893291232,0.08252376715391438,0.9016031879527944
26116,LOF,0.10541435298332973,0.049418493522751704,0.8451671534939186
26117,LOF,0.38671145053187334,0.034437938405642264,0.5788506110624844
26118,LOF,0.031094475326578726,0.016474442758016614,0.9524310819154046
26119,LOF,0.004529740127663861,0.03988033479496857,0.9555899250773676
26120,LOF,0.02578487890358203,0.01624511049735276,0.9579700105990653
