feature0,prediction,LoGoFunc_Neutral,LoGoFunc_GOF,LoGoFunc_LOF
25546,Neutral,0.688218726079061,0.06172562280774858,0.25005565111319056
25547,Neutral,0.5100892028853647,0.11755648578869014,0.3723543113259452
25548,Neutral,0.5118841535370663,0.08904721393261854,0.39906863253031516
25549,LOF,0.4526912995830482,0.08690790673657353,0.4604007936803783
25550,LOF,0.37667459821142274,0.1459991864187467,0.47732621536983066
25551,LOF,0.28073049832126207,0.16872969481920339,0.5505398068595345
25552,LOF,0.2121789253414654,0.15615669637523477,0.6316643782832997
25553,Neutral,0.7978441103969266,0.051651004336380785,0.15050488526669273
25554,LOF,0.24789497457732948,0.152037711724686,0.6000673136979845
25555,LOF,0.2052511871127084,0.13598820285936797,0.6587606100279237
25556,LOF,0.42640102771402644,0.13537891447066933,0.43822005781530415
25557,LOF,0.19370960517419758,0.13831262288719345,0.6679777719386089
25558,LOF,0.2337391079950469,0.14771746860172855,0.6185434234032247
25559,LOF,0.21060824087129665,0.15607415610347844,0.6333176030252249
25560,LOF,0.07904029104570914,0.1383405088571098,0.7826192000971811
25561,LOF,0.1587445327401542,0.11940444373066537,0.7218510235291804
25562,LOF,0.07267219359040708,0.09475881286282778,0.8325689935467652
25563,LOF,0.10784463519194676,0.08376572456501201,0.8083896402430412
25564,LOF,0.20051876985917189,0.16386446344308042,0.6356167666977478
25565,LOF,0.1515654900510983,0.1278505047244048,0.7205840052244968
25566,GOF,0.020389552045640125,0.7673925214321207,0.2122179265222392
25567,LOF,0.017441741788520766,0.21939363183907037,0.7631646263724088
25568,LOF,0.04900645405842022,0.09867423010233918,0.8523193158392407
25569,LOF,0.05111376110116195,0.10205548295953626,0.8468307559393017
25570,LOF,0.02923032335407664,0.14602422685799685,0.8247454497879265
25571,LOF,0.028228469204724774,0.137879178756463,0.8338923520388122
25572,LOF,0.03253987101027012,0.17125520885934595,0.7962049201303838
25573,LOF,0.028774051766791684,0.13352375070882577,0.8377021975243825
25574,LOF,0.018541045927663948,0.1949711222201741,0.7864878318521621
25575,LOF,0.023610044669882518,0.15081126121059618,0.8255786941195212
25576,LOF,0.011448499451920186,0.20322628399599207,0.7853252165520878
25577,LOF,0.009665747843396655,0.16637517712670488,0.8239590750298985
25578,LOF,0.2518358571587252,0.12844860680661363,0.6197155360346612
25579,LOF,0.15570801703172346,0.13806007988253716,0.7062319030857394
25580,LOF,0.016976425478127128,0.11581632137334663,0.8672072531485262
25581,LOF,0.04186250083258999,0.10539505613162183,0.8527424430357882
25582,LOF,0.0418185121380938,0.10382770225871625,0.85435378560319
25583,LOF,0.020145732805093346,0.13164896307111484,0.8482053041237919
25584,Neutral,0.5142751624503955,0.13571349185063644,0.350011345698968
25585,LOF,0.011836705976363887,0.19185393231518838,0.7963093617084478
25586,LOF,0.01537754183148756,0.10913870631829292,0.8754837518502195
25587,LOF,0.015726307338063218,0.1032073349625052,0.8810663576994315
25588,LOF,0.01611243026112548,0.12063782916385023,0.8632497405750243
25589,Neutral,0.5935648262464556,0.1508707269770916,0.25556444677645274
25590,LOF,0.017837665415055593,0.16176204837511612,0.8204002862098283
25591,LOF,0.07596369356110733,0.08376008019622688,0.8402762262426657
25592,LOF,0.0428710997792697,0.1787867300550675,0.7783421701656629
25593,LOF,0.024104380793570013,0.28995039401547695,0.685945225190953
25594,LOF,0.038580337894562035,0.11232845391186348,0.8490912081935744
25595,LOF,0.04306529582619484,0.07926441744777965,0.8776702867260255
25596,LOF,0.05727657580549992,0.07261969927251849,0.8701037249219816
25597,LOF,0.03752651625613101,0.08910372608536188,0.8733697576585071
25598,LOF,0.03637262513353718,0.10355574997759073,0.8600716248888722
25599,GOF,0.008150143411549153,0.5582126172740564,0.4336372393143945
25600,GOF,0.02843238408074626,0.6040241884195576,0.36754342749969604
25601,LOF,0.015537994658620645,0.428505987947886,0.5559560173934933
25602,LOF,0.015663340780351774,0.052565523289598876,0.9317711359300493
25603,LOF,0.059244551904860596,0.020588090614773194,0.9201673574803662
25604,LOF,0.0159627156279991,0.0730072001505451,0.9110300842214559
25605,LOF,0.008269606870463438,0.22475433963307165,0.7669760534964649
25606,LOF,0.12110799586788393,0.3591760786731158,0.5197159254590002
25607,LOF,0.005609333452614912,0.2215166954745223,0.7728739710728628
25608,LOF,0.010913301275868927,0.09772204668835477,0.8913646520357763
25609,LOF,0.07269066346900756,0.37243439969259207,0.5548749368384004
25610,LOF,0.019360967890357596,0.02920892346167805,0.9514301086479643
25611,LOF,0.019472846298645163,0.027978141782246963,0.952549011919108
25612,LOF,0.06911602708551633,0.039563507153547575,0.891320465760936
25613,LOF,0.05603579366053349,0.041669258849875955,0.9022949474895906
25614,LOF,0.025344009758466284,0.03413987274674759,0.9405161174947861
25615,LOF,0.019533281591946713,0.04206093155599638,0.938405786852057
25616,LOF,0.05926705085546984,0.030638150825129613,0.9100947983194007
25617,LOF,0.05712604544652403,0.03382936771573045,0.9090445868377455
25618,LOF,0.07390270819094164,0.037473692016591724,0.8886235997924666
25619,LOF,0.018044322251299382,0.034720548998207215,0.9472351287504934
25620,LOF,0.06992373330924878,0.03874665089946954,0.8913296157912817
25621,LOF,0.0200629577299789,0.039613972835526874,0.9403230694344943
25622,LOF,0.023859772288374746,0.04252441943118687,0.9336158082804383
25623,LOF,0.039420240246721056,0.03210050494266279,0.9284792548106162
25624,LOF,0.021337633132687512,0.04267673025724555,0.935985636610067
25625,LOF,0.027772908558971646,0.0525597727874671,0.9196673186535612
25626,LOF,0.05869240535179545,0.038770520219905284,0.9025370744282993
25627,Neutral,0.559722523780344,0.13396340409658664,0.3063140721230694
25628,LOF,0.21293766321666324,0.06263327947414289,0.7244290573091938
25629,LOF,0.04296043754015424,0.06370820852607563,0.8933313539337703
25630,LOF,0.13604187540670595,0.09823282294581524,0.7657253016474788
25631,Neutral,0.6091327643850296,0.0666047660613469,0.3242624695536234
25632,LOF,0.007764498515514317,0.09648081657103717,0.8957546849134486
25633,LOF,0.26900276813653023,0.06853943005849135,0.6624578018049784
25634,LOF,0.030327391483520462,0.12640500119326803,0.8432676073232116
25635,LOF,0.030424996998721414,0.07600260755997972,0.893572395441299
25636,GOF,0.005417959652635237,0.6374691226727912,0.3571129176745736
25637,GOF,0.006555285714215653,0.6265085379610489,0.3669361763247354
25638,LOF,0.011747297314177297,0.29872387290688657,0.6895288297789361
25639,LOF,0.0057065296505298254,0.486720741455617,0.5075727288938532
25640,Neutral,0.49851945501741174,0.4130387539493535,0.08844179103323467
25641,LOF,0.013132881470952568,0.32085959846016215,0.6660075200688853
25642,LOF,0.25681531480458075,0.07699580401650176,0.6661888811789174
25643,LOF,0.1240258643133274,0.1842126304281837,0.691761505258489
25644,GOF,0.009972641754000585,0.5323397423331868,0.45768761591281265
25645,LOF,0.007738587584735001,0.48467824364315615,0.5075831687721089
25646,LOF,0.012101760942047695,0.3568282631451258,0.6310699759128265
25647,LOF,0.011064357227719911,0.3000017920697931,0.6889338507024869
25648,LOF,0.009224397541646974,0.2950941507749638,0.6956814516833892
25649,LOF,0.008571022545716614,0.2179752280600997,0.7734537493941837
25650,LOF,0.013778702069336585,0.4630625252118128,0.5231587727188506
25651,LOF,0.006021839981001604,0.32521684504623233,0.668761314972766
25652,LOF,0.010267512134481101,0.2637776185042385,0.7259548693612804
25653,LOF,0.030775303759133833,0.4111323317665491,0.558092364474317
25654,LOF,0.011512068669659906,0.16482262841242895,0.8236653029179112
25655,LOF,0.054964900887311485,0.43479202580443405,0.5102430733082544
25656,LOF,0.19483714475533737,0.04096006229959553,0.7642027929450671
25657,LOF,0.25655467484253736,0.02531347861389582,0.7181318465435668
25658,LOF,0.06999930728119029,0.07050428360391095,0.8594964091148988
25659,LOF,0.37854727749513717,0.061388176239767264,0.5600645462650956
25660,LOF,0.034301191270196096,0.10129247084281534,0.8644063378869885
25661,LOF,0.10895757533537748,0.0645774013280558,0.8264650233365668
25662,LOF,0.02668641380266264,0.047697286594188225,0.9256162996031493
25663,LOF,0.03470040902780092,0.06571657793757979,0.8995830130346194
25664,LOF,0.03630214892097123,0.07285037115740976,0.890847479921619
25665,LOF,0.05123025639659453,0.03886424338871078,0.9099055002146946
25666,LOF,0.04159227368965806,0.09470870489933811,0.8636990214110039
25667,LOF,0.07471553971881774,0.05261771321621827,0.8726667470649638
25668,LOF,0.028409287949554846,0.05601741245829184,0.9155732995921532
25669,LOF,0.029963596325448427,0.08150663238378929,0.8885297712907623
25670,LOF,0.05702635098839164,0.06391457454356513,0.8790590744680432
25671,LOF,0.09458181926701052,0.04421016379889775,0.8612080169340918
25672,LOF,0.051575884878674164,0.05013229518334555,0.8982918199379804
25673,LOF,0.0277182531925175,0.06146903164964298,0.9108127151578396
25674,LOF,0.02207968449774137,0.07232964446002868,0.90559067104223
25675,LOF,0.03501357308693605,0.07466456784639947,0.8903218590666645
25676,LOF,0.02142340905394537,0.0638268447150202,0.9147497462310344
25677,LOF,0.028897139823233713,0.0794508633104034,0.8916519968663629
25678,LOF,0.18786814397366564,0.05647415518509775,0.7556577008412366
25679,LOF,0.14804711187968778,0.07685260746230717,0.7751002806580051
25680,LOF,0.03922851848446361,0.11836872495008725,0.842402756565449
25681,LOF,0.06647595291014474,0.10799556750263112,0.8255284795872241
25682,LOF,0.12125255978354861,0.07626199473635512,0.8024854454800963
25683,LOF,0.08667761586305815,0.10655581152764237,0.8067665726092995
25684,LOF,0.044454662763781905,0.08147644040747305,0.874068896828745
25685,LOF,0.07123875877723976,0.06841956963595955,0.8603416715868006
25686,LOF,0.029900943563413933,0.09706528644156599,0.8730337699950201
25687,LOF,0.04514255984707005,0.07671230570716854,0.8781451344457615
25688,LOF,0.050930159607156786,0.04985079163913169,0.8992190487537115
25689,LOF,0.028389827992670667,0.061121826024061,0.9104883459832683
25690,LOF,0.03274348078122493,0.04704519180905641,0.9202113274097186
25691,LOF,0.2540085507554845,0.05249997395325737,0.6934914752912581
25692,LOF,0.2621043326399731,0.0060872199117910945,0.7318084474482358
25693,LOF,0.08387255434443144,0.23703086316164637,0.6790965824939221
25694,LOF,0.252032618008537,0.012471475979310986,0.7354959060121521
25695,LOF,0.15751557423044202,0.025751580683444047,0.8167328450861139
25696,LOF,0.10784432608682283,0.011873809217870946,0.8802818646953063
25697,LOF,0.08573590201146417,0.03367561377659113,0.8805884842119448
25698,LOF,0.0462832260756622,0.44051367168553246,0.5132031022388053
25699,LOF,0.06845347383015779,0.10314576132124118,0.828400764848601
25700,LOF,0.0605407948865485,0.010608261861328579,0.9288509432521228
25701,LOF,0.016239476005598292,0.08950968477355548,0.8942508392208462
25702,GOF,0.029213174885809663,0.7098137519445055,0.26097307316968493
25703,LOF,0.008579195951891109,0.1702164474059274,0.8212043566421815
25704,LOF,0.04752876698256174,0.16552223674317781,0.7869489962742605
25705,LOF,0.05951214987165661,0.2347350022823506,0.7057528478459928
25706,GOF,0.03801720040402249,0.5655466350808568,0.39643616451512065
25707,GOF,0.025531692669909078,0.4945501810034492,0.4799181263266416
25708,LOF,0.008025399666507635,0.40834699453332907,0.5836276058001633
25709,LOF,0.06028444843319243,0.05750772292077713,0.8822078286460304
25710,LOF,0.005408129517496398,0.1644979711664173,0.8300938993160863
25711,LOF,0.021150930522015367,0.11604296091464536,0.8628061085633392
25712,LOF,0.007488502038855785,0.17448951143830704,0.8180219865228372
25713,LOF,0.019580767188637386,0.09344994415081248,0.88696928866055
25714,LOF,0.07534326675606463,0.12062526686595022,0.8040314663779852
25715,LOF,0.013854581716627897,0.12856683030594004,0.8575785879774321
25716,LOF,0.006232422182924064,0.09719325364724592,0.89657432416983
25717,LOF,0.005898032393628626,0.09694654073235949,0.8971554268740118
25718,LOF,0.01444953811138032,0.07987028336778491,0.9056801785208347
25719,LOF,0.024674792310435605,0.08220474245283894,0.8931204652367255
25720,LOF,0.025127743277346126,0.08163582132803125,0.8932364353946227
25721,LOF,0.016352206242873233,0.10702954849854664,0.8766182452585802
25722,LOF,0.014369023010166784,0.12634154936010697,0.8592894276297264
25723,LOF,0.02148146752357356,0.06393187876692474,0.9145866537095017
25724,LOF,0.022232477161484087,0.0973231892826856,0.8804443335558304
25725,LOF,0.014639203955325732,0.07482117836555546,0.9105396176791188
25726,LOF,0.012824347489307027,0.10143381939026389,0.8857418331204291
25727,LOF,0.015939725387531984,0.08419028386847104,0.899869990743997
25728,LOF,0.01315234180038699,0.10814105418551481,0.8787066040140981
25729,LOF,0.013736437748803605,0.10871984666361036,0.8775437155875861
25730,LOF,0.014381466852242496,0.09150620142711734,0.8941123317206401
25731,LOF,0.0072023177727482506,0.1330497037090987,0.859747978518153
25732,LOF,0.014107871226163445,0.09319184768726442,0.8927002810865722
25733,LOF,0.019522639663166547,0.07395002398528973,0.9065273363515438
25734,LOF,0.005330646507838136,0.14036863299537744,0.8543007204967845
25735,LOF,0.016213145393267642,0.07727109059325009,0.9065157640134822
25736,LOF,0.015104602742055228,0.11455578926416378,0.8703396079937811
25737,LOF,0.023874193215904213,0.09164958890215379,0.884476217881942
25738,LOF,0.015605636117580484,0.13631529403782514,0.8480790698445944
25739,LOF,0.023539565203680994,0.11442336395742526,0.8620370708388937
25740,LOF,0.03402198870566784,0.12954283973694816,0.836435171557384
25741,LOF,0.018616614737473065,0.11089974854077436,0.8704836367217527
25742,LOF,0.12213812405182384,0.10330935660123841,0.7745525193469378
25743,LOF,0.016058711011351687,0.04278467980997741,0.9411566091786709
25744,LOF,0.21068809934243893,0.3705111913242035,0.41880070933335756
25745,LOF,0.025717209782933816,0.055571010834901624,0.9187117793821645
25746,LOF,0.015505204458308556,0.0691041073271067,0.9153906882145847
25747,LOF,0.02748791022446864,0.038259390064171596,0.9342526997113597
25748,LOF,0.15185256645128256,0.06450538853890307,0.7836420450098144
25749,LOF,0.015705975617401932,0.04925648031755058,0.9350375440650476
25750,LOF,0.03077753004937743,0.07096136747095308,0.8982611024796695
25751,LOF,0.11103114697422803,0.06622205105886764,0.8227468019669042
25752,GOF,0.11218550113960589,0.6398668330714921,0.24794766578890207
25753,LOF,0.008042021179710666,0.3573679746556134,0.6345900041646759
25754,GOF,0.004944474010239761,0.8440853855092751,0.15097014048048518
25755,LOF,0.00934627173081243,0.4371745802695271,0.5534791479996605
25756,LOF,0.043823368212508304,0.42727559885402255,0.5289010329334691
25757,GOF,0.006173725020918974,0.866608250057051,0.12721802492203013
25758,GOF,0.00648039787112956,0.8699754969160075,0.12354410521286298
25759,GOF,0.0045250450345731726,0.5552317668355872,0.4402431881298397
25760,LOF,0.004413471082263102,0.31193922381994454,0.6836473050977924
25761,GOF,0.03757446721862582,0.8510121100755339,0.1114134227058404
25762,LOF,0.029462669090500937,0.3318639585445704,0.6386733723649286
25763,LOF,0.005569156036226194,0.2559254980512948,0.7385053459124791
25764,GOF,0.12541891427275562,0.5554841667264264,0.31909691900081805
25765,GOF,0.011540674369423744,0.8042979264258531,0.18416139920472321
25766,GOF,0.016916203094976393,0.8018890708590511,0.18119472604597248
25767,GOF,0.02122671066642419,0.5087388996626022,0.4700343896709736
25768,LOF,0.08195722030882238,0.06432482006265933,0.8537179596285183
25769,LOF,0.08099828382029446,0.047799722243398395,0.8712019939363073
25770,LOF,0.23901407569230496,0.06202339040576678,0.6989625339019283
25771,LOF,0.012005909502925547,0.0597299357594289,0.9282641547376456
25772,LOF,0.01678757503988063,0.02388011353537957,0.9593323114247398
25773,LOF,0.010083382617948633,0.09765668613980062,0.8922599312422507
25774,LOF,0.02321656154079361,0.06972948101150613,0.9070539574477002
25775,LOF,0.013935830539870377,0.04532899135631241,0.9407351781038171
25776,LOF,0.08380666464873597,0.018653774693468194,0.8975395606577959
25777,LOF,0.25922893033193445,0.039705414542942574,0.7010656551251229
25778,LOF,0.07175968296027677,0.03555460637044665,0.8926857106692766
25779,GOF,0.05390425339724023,0.8788004614390506,0.06729528516370907
25780,GOF,0.053295081206816426,0.8659013209064284,0.08080359788675538
25781,GOF,0.024922040149506875,0.8475425738562493,0.12753538599424383
25782,GOF,0.027457982260199434,0.8864978855981385,0.08604413214166225
25783,GOF,0.012985691679320387,0.6706503846436528,0.3163639236770267
25784,GOF,0.1015239591475452,0.846383679622487,0.052092361229968014
25785,GOF,0.06725550438873093,0.8765726753692525,0.05617182024201662
25786,GOF,0.004857252414630113,0.8140963839557364,0.18104636362963344
25787,GOF,0.17859786173500683,0.7848895697665456,0.03651256849844758
25788,LOF,0.04459920403354752,0.13984674169358763,0.8155540542728649
25789,GOF,0.03134845876565561,0.8249510789539386,0.1437004622804058
25790,GOF,0.03760040629581668,0.8570497453108823,0.10534984839330111
25791,GOF,0.025314698707829746,0.8023825344400594,0.1723027668521109
25792,GOF,0.04187203527425286,0.8106149766914437,0.1475129880343035
25793,GOF,0.08595803527870362,0.8028688960114929,0.11117306870980352
25794,GOF,0.0909885705994349,0.6883425015441673,0.22066892785639777
25795,GOF,0.026030958124261743,0.7477147370880293,0.22625430478770894
25796,GOF,0.13403914429689878,0.7573859914959895,0.10857486420711164
25797,GOF,0.029396464518100848,0.6089367103219834,0.3616668251599158
25798,GOF,0.002905033962736981,0.5906005782914774,0.40649438774578556
25799,LOF,0.0026888817069853723,0.4722527284158108,0.5250583898772038
25800,GOF,0.008924391824141903,0.6558762689533942,0.33519933922246387
25801,GOF,0.024487963404723187,0.8141936899572119,0.16131834663806496
25802,GOF,0.015614867634861078,0.7466532853288692,0.23773184703626982
25803,GOF,0.009498926343105708,0.6480123358726417,0.34248873778425254
25804,GOF,0.010366392098157078,0.5331353193963659,0.4564982885054769
25805,GOF,0.01925056194582318,0.6628612091520143,0.31788822890216256
25806,GOF,0.01567081221200613,0.6819027950545085,0.30242639273348537
25807,GOF,0.004600039542266449,0.6603598750380022,0.33504008541973135
25808,GOF,0.013126417253606887,0.6677362197021932,0.31913736304420004
25809,GOF,0.005235592325041403,0.6661518183414696,0.32861258933348886
25810,GOF,0.004421508643330811,0.6786013474313448,0.3169771439253244
25811,GOF,0.08201709191160621,0.8200279345249998,0.09795497356339387
25812,GOF,0.013677825852067385,0.6588350770895757,0.32748709705835694
25813,GOF,0.10007288896899055,0.7617836436216358,0.13814346740937386
25814,GOF,0.02240966166963384,0.7247839389297226,0.25280639940064353
25815,GOF,0.03395277216911646,0.743629732278993,0.22241749555189055
25816,GOF,0.007386017133890509,0.8154460020787482,0.17716798078736135
25817,GOF,0.06872417826115289,0.761262148886071,0.17001367285277597
25818,GOF,0.02188424744689378,0.7655915329580255,0.21252421959508064
25819,GOF,0.07375149662908524,0.7460418353616587,0.18020666800925603
25820,GOF,0.03325651878325694,0.7465070323379328,0.2202364488788103
25821,GOF,0.017941039813735248,0.7301897374076001,0.2518692227786646
25822,GOF,0.034387710326403795,0.7499869965359158,0.21562529313768028
25823,GOF,0.011774495447175012,0.5814595128129264,0.40676599173989847
25824,GOF,0.021384183803796437,0.721601045458915,0.2570147707372884
25825,GOF,0.012427873705990397,0.6973022695895138,0.2902698567044958
25826,GOF,0.004995440319660214,0.6691284906732528,0.32587606900708693
25827,GOF,0.007724494668037971,0.6625127487260294,0.32976275660593257
25828,GOF,0.004851680950095607,0.6037947720813757,0.39135354696852864
25829,GOF,0.0027902657003810232,0.6717451685473496,0.3254645657522694
25830,LOF,0.02946146246681185,0.3994275549088042,0.5711109826243839
25831,GOF,0.03234743088289717,0.8412912271027333,0.12636134201436958
25832,GOF,0.0072375411132560045,0.7746412256821738,0.21812123320457028
25833,GOF,0.02546251462322624,0.812861154013133,0.1616763313636407
25834,GOF,0.006970284291191402,0.7805210088851676,0.21250870682364092
25835,GOF,0.016820811457702863,0.8270545678149416,0.15612462072735553
25836,GOF,0.005838762620681104,0.7885760855771413,0.20558515180217757
25837,GOF,0.005777471004426517,0.6832270526875364,0.31099547630803714
25838,GOF,0.016771530363921712,0.8435969187900925,0.13963155084598583
25839,GOF,0.034971908648139385,0.8154689462328862,0.14955914511897436
25840,GOF,0.03916297920532107,0.8215485106840203,0.13928851011065846
25841,GOF,0.03263157620185793,0.8370168717921598,0.1303515520059823
25842,GOF,0.022611758200657094,0.8746462582756224,0.10274198352372046
25843,GOF,0.024506462587188752,0.8867480320985323,0.088745505314279
25844,GOF,0.01455620107324531,0.7995352269237056,0.18590857200304903
25845,GOF,0.004988591050416217,0.5863621717329299,0.40864923721665397
25846,GOF,0.024279375977085276,0.8475523435832338,0.12816828043968082
25847,GOF,0.01576628913216126,0.8943443025093027,0.08988940835853604
25848,GOF,0.013060177368279255,0.8386417323828753,0.14829809024884535
25849,GOF,0.0045136315222145396,0.7130852760744621,0.2824010924033234
25850,GOF,0.005903521427679605,0.727887289248218,0.26620918932410237
25851,GOF,0.005268724512880031,0.6013658517522719,0.3933654237348481
25852,GOF,0.14383355281909738,0.5708726969097104,0.28529375027119214
25853,GOF,0.06749423768582317,0.8531038750306827,0.07940188728349397
25854,GOF,0.009423795903850162,0.6875724443529142,0.30300375974323557
25855,GOF,0.011135930019157114,0.612779595523709,0.37608447445713394
25856,GOF,0.030261879861779205,0.7436179871427541,0.22612013299546677
25857,GOF,0.013581104692636008,0.5721660573079287,0.41425283799943546
25858,GOF,0.007193605032760262,0.5993089466180112,0.39349744834922856
25859,GOF,0.005017650693734436,0.5770059532702229,0.41797639603604275
25860,GOF,0.063798287272241,0.8162166470476911,0.11998506568006788
25861,GOF,0.1070151493733302,0.7988061873825398,0.0941786632441301
25862,GOF,0.018865306113717235,0.8527131251293846,0.12842156875689828
25863,GOF,0.017395339135374378,0.8613196565162791,0.12128500434834659
25864,GOF,0.0377066589911018,0.8805808590140869,0.08171248199481143
25865,GOF,0.02401022490401054,0.850056451863371,0.12593332323261855
25866,GOF,0.020182774566877046,0.8544665103746718,0.12535071505845116
25867,GOF,0.022248658684144496,0.8795133609933536,0.09823798032250186
25868,GOF,0.045231984585997954,0.8193753087872645,0.13539270662673764
25869,GOF,0.29210185077765155,0.6257112612935087,0.0821868879288397
25870,GOF,0.19580945681322393,0.5424303483812369,0.2617601948055391
25871,GOF,0.02092887130630101,0.8701314761066334,0.10893965258706553
25872,GOF,0.018674421982711808,0.853363736003294,0.12796184201399433
25873,GOF,0.0176829066418883,0.8757647585484651,0.1065523348096465
25874,LOF,0.015156327843459562,0.15325191601175603,0.8315917561447844
25875,LOF,0.03282935628179397,0.037272050245859945,0.9298985934723462
25876,LOF,0.01469079702505164,0.03194307737988897,0.9533661255950594
25877,LOF,0.1327948815169825,0.062019217802759055,0.8051859006802585
25878,LOF,0.05517202140229701,0.08562128447749201,0.859206694120211
25879,LOF,0.022779693661349684,0.06940787084492316,0.9078124354937271
25880,LOF,0.04434179050429479,0.010419061905218642,0.9452391475904866
25881,Neutral,0.57547136861979,0.06273013540677454,0.3617984959734354
25882,LOF,0.02407503693685292,0.04394016033397955,0.9319848027291675
25883,LOF,0.054701286949293805,0.026942347796356243,0.91835636525435
25884,LOF,0.01244963924119952,0.05956811834184335,0.9279822424169571
25885,LOF,0.20737350647718153,0.009115996199127507,0.783510497323691
25886,LOF,0.21518947956986756,0.05671844818398476,0.7280920722461477
25887,LOF,0.15136773352627786,0.06869832041400271,0.7799339460597194
25888,LOF,0.013974508978229983,0.1456117444513785,0.8404137465703915
25889,LOF,0.01585456696375202,0.039104763966772496,0.9450406690694756
25890,LOF,0.12337031638457803,0.08987505460397628,0.7867546290114458
25891,LOF,0.05206859026110748,0.04337722164376134,0.9045541880951311
25892,LOF,0.010496567505231336,0.05255856480056398,0.9369448676942048
25893,LOF,0.39545833124643603,0.01662957900701809,0.5879120897465459
25894,LOF,0.43225033739186375,0.008349724856677874,0.5593999377514584
25895,LOF,0.3618569703427856,0.016262719542437333,0.6218803101147771
25896,LOF,0.04367920520715925,0.031005441274729803,0.9253153535181109
25897,LOF,0.17758409930427263,0.017028283822040413,0.805387616873687
25898,LOF,0.22916233989550172,0.045144542898779304,0.7256931172057189
25899,LOF,0.2361329603187664,0.03239367772418828,0.7314733619570453
25900,LOF,0.4702678383791423,0.014710834969661832,0.5150213266511958
25901,LOF,0.04365009836649065,0.012418583750618063,0.9439313178828913
25902,LOF,0.10476778650216663,0.021745427162131636,0.8734867863357016
25903,LOF,0.31754606185044415,0.045178175819208785,0.6372757623303471
25904,Neutral,0.4868376723788835,0.044797271841532885,0.46836505577958354
25905,LOF,0.007382613670972479,0.39414211395454835,0.5984752723744792
25906,LOF,0.008446429053299533,0.11488327636740372,0.8766702945792968
25907,LOF,0.00417635954596731,0.32755519993157595,0.6682684405224567
25908,LOF,0.004149033786829712,0.23090088379957288,0.7649500824135973
25909,LOF,0.016142250153930175,0.14366502917358484,0.840192720672485
25910,LOF,0.016379054195804068,0.1325380682042951,0.8510828775999009
25911,LOF,0.17128043731994694,0.03257175749513387,0.7961478051849192
25912,LOF,0.06872304283520835,0.048858860096127846,0.8824180970686637
25913,LOF,0.05891767371677923,0.05437297007290026,0.8867093562103205
25914,LOF,0.021281884700434486,0.07033770515528816,0.9083804101442773
25915,LOF,0.12647568478079027,0.29120521879501987,0.5823190964241898
25916,LOF,0.019299750554666383,0.20721522798898412,0.7734850214563496
25917,LOF,0.05821226082549173,0.0536190469701897,0.8881686922043186
25918,LOF,0.026832587970070945,0.04365454431263306,0.9295128677172959
25919,LOF,0.02254875413487184,0.04314034666565407,0.9343108991994741
25920,LOF,0.10575538383417225,0.2373283389219909,0.6569162772438368
25921,LOF,0.010238782335040365,0.037083325252092514,0.9526778924128673
25922,LOF,0.01270488622571376,0.028108348417473433,0.9591867653568129
25923,LOF,0.4047164780689119,0.03229115983446103,0.5629923620966272
25924,LOF,0.01805824707280385,0.039615507623747916,0.9423262453034483
25925,LOF,0.07837766694029165,0.04166439035694098,0.8799579427027673
25926,LOF,0.05531345012734819,0.03828599358259179,0.90640055629006
25927,LOF,0.02280577332032459,0.052606322908627906,0.9245879037710476
25928,LOF,0.007840996005184455,0.048815796032186734,0.9433432079626287
25929,LOF,0.4837874592519883,0.029922537400143955,0.4862900033478678
25930,LOF,0.08679069539252394,0.02728019028830522,0.8859291143191708
25931,LOF,0.010183519978282088,0.030960771695285265,0.9588557083264326
25932,LOF,0.03503114864914268,0.024867609985649266,0.9401012413652081
25933,LOF,0.042393404398525444,0.015870307817445344,0.9417362877840293
25934,LOF,0.02875266244333972,0.017214023927066526,0.9540333136295938
25935,LOF,0.07282751348103315,0.04932625621500625,0.8778462303039606
25936,LOF,0.043145020195246915,0.01849446911165532,0.9383605106930979
25937,LOF,0.009437401893469739,0.031977069611747864,0.9585855284947824
25938,LOF,0.07006171770248693,0.0548801353152896,0.8750581469822235
25939,LOF,0.03408416376875699,0.02074950742523675,0.9451663288060064
25940,LOF,0.008256506106165108,0.3588117851348625,0.6329317087589724
25941,Neutral,0.521603042386573,0.026587660344420564,0.4518092972690065
25942,LOF,0.005270593971070382,0.04130776182765046,0.9534216442012792
25943,LOF,0.03286010394129031,0.12688388098548567,0.8402560150732241
25944,LOF,0.11414381776778879,0.06659912132946444,0.8192570609027467
25945,LOF,0.05819154488925564,0.01974197248986173,0.9220664826208825
25946,LOF,0.06952830412672431,0.0624458756582929,0.8680258202149829
25947,Neutral,0.4840887158836789,0.07951187410516795,0.4363994100111532
25948,LOF,0.3444785777805433,0.009603303753855805,0.6459181184656009
25949,LOF,0.0925867794375332,0.05441397247955424,0.8529992480829125
25950,GOF,0.049285530066807894,0.6045261996500263,0.34618827028316573
25951,LOF,0.014120342445275054,0.39888518392135314,0.5869944736333718
25952,LOF,0.2560153702906812,0.25956039279659465,0.484424236912724
25953,LOF,0.011596254045872672,0.1740211291820692,0.8143826167720581
25954,LOF,0.04142176509349031,0.43960705098446573,0.518971183922044
25955,LOF,0.009749898488680688,0.14648161917712854,0.8437684823341908
25956,LOF,0.02611244762629493,0.2764815129816306,0.6974060393920745
25957,LOF,0.1992970477871995,0.03153961946183295,0.7691633327509676
25958,LOF,0.05332576855277542,0.025535137497544755,0.9211390939496799
25959,LOF,0.012618237698994117,0.45814081133286777,0.5292409509681381
25960,LOF,0.005333523540288084,0.04533192217243365,0.9493345542872783
25961,LOF,0.05086309309118525,0.023602343730688372,0.9255345631781263
25962,LOF,0.033248039764843695,0.0846837854274864,0.8820681748076699
25963,LOF,0.005743749227314113,0.25430709944691615,0.7399491513257698
25964,LOF,0.029662002603117927,0.10347044669812631,0.8668675506987558
25965,LOF,0.31366433365409263,0.13659158205212368,0.5497440842937837
25966,LOF,0.41892103036670697,0.13332374226839214,0.4477552273649009
25967,LOF,0.00623827995249879,0.07305122550144806,0.9207104945460531
25968,LOF,0.045820179710759225,0.2553621214332849,0.6988176988559559
25969,LOF,0.11545494018331591,0.07850621177458318,0.8060388480421008
25970,LOF,0.01920358372599373,0.09201477929157639,0.88878163698243
25971,LOF,0.06817504995368935,0.029139506774725883,0.9026854432715847
25972,LOF,0.05901559643814487,0.039735540132699226,0.901248863429156
25973,LOF,0.05855576079438383,0.011616366951151235,0.9298278722544651
25974,LOF,0.04336174720641215,0.0381167588866696,0.9185214939069182
25975,LOF,0.03951429969960903,0.024334267921294152,0.9361514323790968
25976,LOF,0.11652540521375337,0.012307054437405419,0.8711675403488413
25977,LOF,0.20435282787986578,0.05852641632193573,0.7371207557981985
25978,LOF,0.14084354515616004,0.15254685293106732,0.7066096019127727
25979,LOF,0.12246087916366491,0.16571716421197347,0.7118219566243617
25980,LOF,0.23332784902674117,0.17637494690120428,0.5902972040720545
25981,LOF,0.23355137385468563,0.17738468709822292,0.5890639390470914
25982,LOF,0.3854582048849884,0.11301286162345121,0.5015289334915604
25983,LOF,0.3834358546778406,0.14250866739872525,0.47405547792343417
25984,LOF,0.03578326360928721,0.07192306180138124,0.8922936745893315
25985,LOF,0.4033359703801831,0.13469553695979336,0.46196849266002354
25986,LOF,0.011767152256315206,0.4471345463331565,0.5410983014105283
25987,LOF,0.040968824826563686,0.11710140278770577,0.8419297723857305
25988,LOF,0.13910327612152262,0.13297001871554207,0.7279267051629353
25989,LOF,0.04081727386642549,0.16863252633458586,0.7905501997989887
25990,LOF,0.04242874552432974,0.2627638648133465,0.6948073896623238
25991,LOF,0.02179629431789316,0.3670835004972042,0.6111202051849026
25992,LOF,0.02791601461989814,0.3651917835023126,0.6068922018777894
25993,LOF,0.02156530014548317,0.0870598125845997,0.8913748872699171
25994,LOF,0.01677801910518462,0.07683532505149465,0.9063866558433207
25995,LOF,0.017994626910892594,0.16653480501796336,0.815470568071144
25996,LOF,0.30940703044176326,0.2867989666314903,0.4037940029267465
25997,LOF,0.08708223578193725,0.3256205881432469,0.5872971760748158
25998,LOF,0.3284132886940665,0.0500204220907276,0.621566289215206
25999,LOF,0.01858785870041126,0.23724693387870965,0.7441652074208791
26000,LOF,0.15463122293163886,0.03954371069083437,0.8058250663775267
26001,LOF,0.2886207122952964,0.028543627756650574,0.6828356599480531
26002,LOF,0.06572726257295242,0.054340839308942866,0.8799318981181047
26003,GOF,0.0039036192962706795,0.6015019740517922,0.39459440665193724
26004,GOF,0.006468337076731085,0.6961427620826909,0.2973889008405782
26005,LOF,0.0031737079855983833,0.4849553597592633,0.5118709322551384
26006,GOF,0.09628593389686443,0.5727036369804156,0.33101042912271983
26007,GOF,0.006588117434428833,0.5707473293286796,0.4226645532368917
26008,GOF,0.0054232662730729015,0.6692423072663637,0.3253344264605633
26009,GOF,0.006258903130287928,0.6582267940290473,0.3355143028406648
26010,GOF,0.00655716903064247,0.6575912506587771,0.33585158031058043
26011,LOF,0.002835320669317807,0.4580252849708524,0.5391393943598298
26012,GOF,0.00384588712572825,0.5524863342525845,0.4436677786216872
26013,GOF,0.005118743160356368,0.5991855073395843,0.3956957495000594
26014,LOF,0.03660049361876111,0.10707303920965255,0.8563264671715862
26015,LOF,0.13360287601559506,0.020878797219835623,0.8455183267645693
26016,LOF,0.2656514675892896,0.03688922230762958,0.6974593101030809
26017,LOF,0.025040691655485395,0.1827137275553813,0.7922455807891333
26018,LOF,0.05061709075478982,0.04084016801304871,0.9085427412321616
26019,LOF,0.049733045244502186,0.036398041735399525,0.9138689130200983
26020,LOF,0.009089959439359344,0.1935166937221004,0.7973933468385402
26021,LOF,0.06708681150735597,0.07011495998852957,0.8627982285041144
26022,LOF,0.026626501155082943,0.02981177418881418,0.9435617246561029
26023,LOF,0.042922674819157736,0.025566773057721655,0.9315105521231206
26024,LOF,0.04241167276986692,0.06631592302028783,0.8912724042098452
26025,LOF,0.04387293304026338,0.07945943596659275,0.8766676309931438
26026,LOF,0.07795191191080923,0.060710243021626836,0.861337845067564
26027,LOF,0.04305461948088015,0.020381617656963513,0.9365637628621564
26028,LOF,0.09211780810133369,0.13336839907178777,0.7745137928268786
26029,LOF,0.0219173886337217,0.23401943191997576,0.7440631794463025
26030,LOF,0.15063147470463753,0.03278799417887756,0.816580531116485
26031,LOF,0.013688334792714849,0.1851095666066985,0.8012020986005867
26032,LOF,0.06745555451182435,0.07150262990529253,0.8610418155828832
26033,LOF,0.08688310946023958,0.06727727770018882,0.8458396128395717
26034,LOF,0.015041325266019187,0.19560619495658702,0.7893524797773939
26035,LOF,0.014296964350691858,0.14642639136598462,0.8392766442833236
26036,LOF,0.01491245287289332,0.17468214616311994,0.8104054009639867
26037,LOF,0.012669637105527824,0.13023428989629662,0.8570960729981756
26038,LOF,0.05712515061161875,0.06569066157924212,0.8771841878091391
26039,LOF,0.026619267469419013,0.1799873997891338,0.7933933327414472
26040,LOF,0.11103198907240595,0.15483297532905355,0.7341350355985404
26041,LOF,0.015178864274844248,0.10880028732628992,0.8760208483988658
26042,LOF,0.01380105187620573,0.11465291020290497,0.8715460379208892
26043,LOF,0.055628571343522046,0.08594624100241982,0.8584251876540582
26044,LOF,0.011058573666721108,0.0695063425317064,0.9194350838015725
26045,LOF,0.0471549398550375,0.13318353945504527,0.8196615206899173
26046,LOF,0.04961029294370006,0.06634670898604438,0.8840429980702555
26047,LOF,0.08383301709106679,0.06510429588014498,0.8510626870287882
26048,LOF,0.04179236845676218,0.04585513384097334,0.9123524977022646
26049,Neutral,0.961012612252118,0.0069037121475031635,0.03208367560037903
26050,Neutral,0.9470604687846206,0.007355087012492498,0.04558444420288703
26051,LOF,0.013021457411562829,0.14836985874641956,0.8386086838420177
26052,LOF,0.02017380029445912,0.20004675422554677,0.779779445479994
26053,LOF,0.02446323615489215,0.14403174978038125,0.8315050140647267
26054,LOF,0.03935853111801256,0.02142845429087231,0.9392130145911151
26055,LOF,0.05392083848153347,0.017928799077112537,0.9281503624413541
26056,LOF,0.045912301131722566,0.022573355112880885,0.9315143437553967
26057,LOF,0.031349845615204965,0.014389444344452528,0.9542607100403424
26058,LOF,0.03241867029444162,0.012251635830579288,0.9553296938749791
26059,LOF,0.3143096090580761,0.02104685052179768,0.6646435404201263
26060,LOF,0.010544596584321707,0.17822539564815165,0.8112300077675267
26061,LOF,0.005037427994926474,0.016336790336329465,0.9786257816687439
26062,LOF,0.0037187872676403993,0.02377393404450267,0.9725072786878569
26063,LOF,0.02235845046477218,0.01282310991452001,0.9648184396207079
26064,LOF,0.005800450996982768,0.027018300290797555,0.9671812487122197
26065,LOF,0.025380279511995524,0.013152529021052305,0.9614671914669521
26066,LOF,0.02334147987472089,0.012491945136680536,0.9641665749885987
26067,LOF,0.02752971027627539,0.010292639367208518,0.962177650356516
26068,LOF,0.04053678610686838,0.04054310946476588,0.9189201044283658
26069,LOF,0.270061817721585,0.023618546565025683,0.7063196357133894
26070,LOF,0.4248257718526226,0.018359113861220487,0.5568151142861569
26071,LOF,0.023928392424426414,0.012045809932138912,0.9640257976434348
26072,LOF,0.0051534338958899245,0.028426801741407322,0.9664197643627028
26073,LOF,0.02189460412487333,0.015900078828501536,0.9622053170466253
26074,Neutral,0.9194997947847979,0.007058832025800311,0.07344137318940173
26075,LOF,0.036529346238874785,0.019928050228097134,0.943542603533028
26076,LOF,0.035217502735112184,0.010894437535184992,0.9538880597297028
26077,LOF,0.11173069617187567,0.009911091296096805,0.8783582125320275
26078,LOF,0.0051393451794226885,0.017906611633892077,0.9769540431866851
26079,LOF,0.047344411882287864,0.02309856395026884,0.9295570241674433
26080,LOF,0.04601445667710224,0.02314247059839987,0.930843072724498
26081,LOF,0.02893598959347471,0.009026299788380642,0.9620377106181446
26082,LOF,0.003926180006159944,0.018510658115606426,0.9775631618782337
26083,LOF,0.11124396127301626,0.020057873084217834,0.8686981656427658
26084,LOF,0.04143854203401892,0.01564016811428326,0.9429212898516978
26085,LOF,0.036117247349421996,0.013940915743768803,0.9499418369068092
26086,LOF,0.02300021940037556,0.012826165650367736,0.9641736149492567
26087,LOF,0.02172964590697874,0.010912283663264022,0.9673580704297573
26088,LOF,0.005592775429153219,0.02457473950147983,0.969832485069367
26089,LOF,0.034928560051277764,0.0247323510550515,0.9403390888936708
26090,LOF,0.03554683839240093,0.02068903116857733,0.9437641304390217
26091,LOF,0.02782551730820611,0.00829702323496478,0.9638774594568291
26092,LOF,0.023656597656269908,0.009468064898479147,0.966875337445251
26093,LOF,0.04119485949941328,0.007532160843411769,0.9512729796571749
26094,LOF,0.03226615736131131,0.007677930131689127,0.9600559125069996
26095,LOF,0.01659544813634522,0.01929243629049483,0.9641121155731599
26096,LOF,0.16962305784453197,0.008130170460465528,0.8222467716950024
26097,LOF,0.0045395308664792165,0.041982187524718224,0.9534782816088025
26098,LOF,0.06785728992626819,0.01906582926921561,0.9130768808045161
26099,LOF,0.022732632079977385,0.015888135300203315,0.9613792326198194
26100,LOF,0.022732632079977385,0.015888135300203315,0.9613792326198194
26101,LOF,0.054600900686946494,0.022750093766770955,0.9226490055462825
26102,LOF,0.020987445348703074,0.01698337586631268,0.9620291787849842
26103,Neutral,0.8415794540125046,0.02441862731087505,0.13400191867662029
26104,LOF,0.05746776480541195,0.027403790321181353,0.9151284448734066
26105,LOF,0.23566404947007868,0.16729142785260634,0.597044522677315
26106,LOF,0.35010512397293186,0.13555491491510963,0.5143399611119586
26107,LOF,0.022078929793471522,0.12525922667211195,0.8526618435344165
26108,LOF,0.3421603011239455,0.04941964295942647,0.6084200559166281
26109,LOF,0.036769389165033244,0.07139575185061117,0.8918348589843557
26110,LOF,0.2024323562363645,0.006849504301658884,0.7907181394619768
26111,LOF,0.06986171110424949,0.0804854060438773,0.8496528828518731
26112,LOF,0.03598394406240367,0.008138198431537092,0.9558778575060591
26113,LOF,0.05978689142428614,0.017876547150282317,0.9223365614254315
26114,LOF,0.07347105036878372,0.012164654327189271,0.914364295304027
26115,LOF,0.016314036000815754,0.07212991918291876,0.9115560448162654
26116,LOF,0.10061451541952265,0.046907855853380837,0.8524776287270965
26117,LOF,0.399928801366874,0.03544235045926567,0.5646288481738604
26118,LOF,0.032557645563510915,0.017093917309257353,0.9503484371272317
26119,LOF,0.005082950787660444,0.04286632447276722,0.9520507247395724
26120,LOF,0.025929168198258065,0.01610305845501245,0.9579677733467294
