feature0,prediction,LoGoFunc_Neutral,LoGoFunc_GOF,LoGoFunc_LOF
25546,Neutral,0.6771504546541154,0.06655808717330432,0.2562914581725803
25547,Neutral,0.4947029206873236,0.12396788530662244,0.38132919400605414
25548,Neutral,0.4997904688396301,0.09550411512804667,0.4047054160323232
25549,LOF,0.4386000832310245,0.09144596623035023,0.4699539505386253
25550,LOF,0.3744901551058903,0.15060378943188513,0.4749060554622245
25551,LOF,0.2717152810585643,0.17358521813970873,0.554699500801727
25552,LOF,0.2025282701347483,0.16731537485816997,0.6301563550070817
25553,Neutral,0.7890100111579421,0.04974789627508135,0.16124209256697639
25554,LOF,0.23492136802181904,0.159050162718426,0.606028469259755
25555,LOF,0.19792412224253436,0.1421143412378608,0.6599615365196049
25556,LOF,0.41032079097466206,0.1389904244786153,0.4506887845467227
25557,LOF,0.18640617254306133,0.15190664046318683,0.6616871869937518
25558,LOF,0.21995591713033508,0.16214575980802978,0.6178983230616352
25559,LOF,0.18132381663245842,0.1551090919051842,0.6635670914623575
25560,LOF,0.07289522740874413,0.12941761410719155,0.7976871584840642
25561,LOF,0.13821184638379352,0.1254116423652846,0.736376511250922
25562,LOF,0.06855440655730514,0.09004381213424022,0.8414017813084548
25563,LOF,0.10191919069293016,0.08520757869888246,0.8128732306081874
25564,LOF,0.21778837366458628,0.1568240701954565,0.6253875561399572
25565,LOF,0.14662486213348203,0.14482519156419407,0.7085499463023239
25566,GOF,0.017660494566848935,0.7867054597861595,0.1956340456469915
25567,LOF,0.01930899074375341,0.201291438926107,0.7793995703301395
25568,LOF,0.05153684512580227,0.09227240723988059,0.856190747634317
25569,LOF,0.049644596535556126,0.09388970502495546,0.8564656984394884
25570,LOF,0.03135904415761688,0.13159307710292883,0.8370478787394542
25571,LOF,0.0297175858973315,0.12894746872858204,0.8413349453740865
25572,LOF,0.03227088676061959,0.1524806664670081,0.8152484467723724
25573,LOF,0.025135465568264705,0.12165601071941665,0.8532085237123187
25574,LOF,0.02074577456151965,0.18386418464249665,0.7953900407959837
25575,LOF,0.023996055508795848,0.14268880369741313,0.8333151407937911
25576,LOF,0.011338712254160312,0.18028122687443024,0.8083800608714095
25577,LOF,0.010195887203405259,0.14803071069847906,0.8417734020981156
25578,LOF,0.2564212666078985,0.11449709041807975,0.6290816429740218
25579,LOF,0.15783882804803825,0.12445848005838837,0.7177026918935734
25580,LOF,0.017530025368111837,0.1040604544733151,0.878409520158573
25581,LOF,0.03967214395155667,0.09794704083921339,0.8623808152092299
25582,LOF,0.039480150058852324,0.09631656885166377,0.864203281089484
25583,LOF,0.02061658452342961,0.11596604997244696,0.8634173655041234
25584,Neutral,0.5283082845125874,0.11944360360888596,0.35224811187852667
25585,LOF,0.011875995369450937,0.17597520213380077,0.8121488024967483
25586,LOF,0.016518589245505658,0.09760167233293338,0.885879738421561
25587,LOF,0.016490002053784827,0.09224544768990056,0.8912645502563146
25588,LOF,0.017040022164662282,0.10721952802440185,0.8757404498109358
25589,Neutral,0.5821617671479687,0.14866039415698112,0.2691778386950502
25590,LOF,0.019424405138932652,0.1431714515441168,0.8374041433169506
25591,LOF,0.08465346795527638,0.077430953464791,0.8379155785799327
25592,LOF,0.04676785403578455,0.1637454275687479,0.7894867183954675
25593,LOF,0.02327464921877242,0.2916419094473301,0.6850834413338975
25594,LOF,0.038428245523572754,0.10458443209153179,0.8569873223848955
25595,LOF,0.04145139696035786,0.07898872233994524,0.8795598806996969
25596,LOF,0.053096701988447584,0.07369801503984899,0.8732052829717035
25597,LOF,0.03905537939558246,0.07852649739670396,0.8824181232077135
25598,LOF,0.03506806420481363,0.09611233809763844,0.868819597697548
25599,GOF,0.007512510945703596,0.5548576954217114,0.4376297936325849
25600,GOF,0.0248445171416683,0.6234135383493816,0.35174194450895
25601,LOF,0.014431096799137526,0.4601825212093802,0.5253863819914822
25602,LOF,0.013178681598984325,0.05632580014450612,0.9304955182565097
25603,LOF,0.05331554464456895,0.01956121185362453,0.9271232435018065
25604,LOF,0.014378000127182633,0.0708296839602967,0.9147923159125206
25605,LOF,0.008016454267881947,0.22353652496082152,0.7684470207712965
25606,LOF,0.09550255154886866,0.3919174844982952,0.5125799639528361
25607,LOF,0.0046979020902367715,0.24193782794651159,0.7533642699632517
25608,LOF,0.011674295340361417,0.09771312104490311,0.8906125836147355
25609,LOF,0.0718752611990184,0.34583582096920723,0.5822889178317743
25610,LOF,0.0192718188759723,0.029698925759369266,0.9510292553646584
25611,LOF,0.02044730718814839,0.02857961693956209,0.9509730758722895
25612,LOF,0.06614173961230574,0.038353396999124836,0.8955048633885694
25613,LOF,0.05917198315678444,0.0396445859981084,0.9011834308451072
25614,LOF,0.02576137702135182,0.034199136937039985,0.9400394860416083
25615,LOF,0.01910004421823868,0.039860940032357094,0.9410390157494042
25616,LOF,0.057494261863160846,0.030488187219422532,0.9120175509174167
25617,LOF,0.05844210784478519,0.033459741481333814,0.9080981506738809
25618,LOF,0.07524182024653933,0.03646152480358136,0.8882966549498793
25619,LOF,0.018733171875421586,0.03461572064941072,0.9466511074751677
25620,LOF,0.07185053988659455,0.039348663513078794,0.8888007966003267
25621,LOF,0.01876231668888458,0.036820864350794985,0.9444168189603204
25622,LOF,0.023734306179155003,0.040185333446940655,0.9360803603739044
25623,LOF,0.042338103009541564,0.030412776798435407,0.927249120192023
25624,LOF,0.021433625031748376,0.0446413871532915,0.93392498781496
25625,LOF,0.02516105569936374,0.05097176939279134,0.9238671749078449
25626,LOF,0.05250610245507103,0.035051495743224394,0.9124424018017046
25627,Neutral,0.5811125494114872,0.11058100845978328,0.3083064421287295
25628,LOF,0.19034301231695944,0.051652037265608686,0.7580049504174319
25629,LOF,0.04076266593311848,0.05581088510616062,0.9034264489607208
25630,LOF,0.13503709274336417,0.09004011054914667,0.7749227967074891
25631,Neutral,0.6055546947294352,0.057580577558001646,0.3368647277125631
25632,LOF,0.008544052019708186,0.07688447640162148,0.9145714715786702
25633,LOF,0.2633388898042279,0.05427179429307767,0.6823893159026945
25634,LOF,0.031097856782022173,0.10152311073521454,0.8673790324827634
25635,LOF,0.03328355921466511,0.06445055582333381,0.902265884962001
25636,GOF,0.00524707684222679,0.595573831960781,0.39917909119699213
25637,GOF,0.006978777114864898,0.614088422667181,0.3789328002179541
25638,LOF,0.011161442033447013,0.3047843582144813,0.6840541997520717
25639,LOF,0.005268312134669944,0.4815395602581718,0.5131921276071583
25640,Neutral,0.46887484092385195,0.434750208201265,0.09637495087488299
25641,LOF,0.011941275795215976,0.32243266845306645,0.6656260557517176
25642,LOF,0.23564725565160866,0.07159038919966092,0.6927623551487304
25643,LOF,0.13604040882808172,0.17559647870628706,0.6883631124656312
25644,LOF,0.010433997977179804,0.48693648270357787,0.5026295193192424
25645,LOF,0.008111622681869683,0.4550741857206192,0.5368141915975111
25646,LOF,0.013610731055397332,0.32837145557498154,0.6580178133696211
25647,LOF,0.010916903559156902,0.2663948963194223,0.7226882001214208
25648,LOF,0.009282203180458684,0.27128053585750256,0.7194372609620387
25649,LOF,0.008139520565312959,0.20438739248661783,0.7874730869480692
25650,LOF,0.01477606828048353,0.4034668884228562,0.5817570432966602
25651,LOF,0.006262468606992695,0.26829141402930273,0.7254461173637046
25652,LOF,0.009921735707687066,0.2551369720795524,0.7349412922127606
25653,LOF,0.02970728888954904,0.3784603365051321,0.5918323746053189
25654,LOF,0.01122863892408717,0.14674862274349476,0.8420227383324181
25655,LOF,0.05516013972288453,0.41581539585920496,0.5290244644179104
25656,LOF,0.18095350295490853,0.03583049955596424,0.7832159974891272
25657,LOF,0.26447896733958204,0.022778359314205607,0.7127426733462123
25658,LOF,0.0698377584832601,0.06097752305007576,0.8691847184666641
25659,LOF,0.3710204415798341,0.05493250308627548,0.5740470553338904
25660,LOF,0.032427963575494725,0.10532919784139438,0.8622428385831109
25661,LOF,0.10348998266236094,0.06763285507898492,0.8288771622586542
25662,LOF,0.025512155865306148,0.04552950366549203,0.9289583404692018
25663,LOF,0.03271866124140386,0.06770857749254584,0.8995727612660503
25664,LOF,0.03606654904436358,0.07452399853514344,0.889409452420493
25665,LOF,0.05351495620784192,0.03608043831882492,0.9104046054733331
25666,LOF,0.037850366800791485,0.10880124455965806,0.8533483886395505
25667,LOF,0.07453635028345654,0.05234884911322553,0.8731148006033179
25668,LOF,0.02764108414624132,0.055018647830174926,0.9173402680235838
25669,LOF,0.030231998884865947,0.08325871775678766,0.8865092833583463
25670,LOF,0.058715794558677856,0.06223711347739055,0.8790470919639317
25671,LOF,0.09070622473463326,0.043588060531879434,0.8657057147334872
25672,LOF,0.05243164290850529,0.0482335329200323,0.8993348241714624
25673,LOF,0.025825048209519027,0.06363165459832182,0.9105432971921591
25674,LOF,0.020620468801206392,0.0740158766450823,0.9053636545537114
25675,LOF,0.03339855758994863,0.06992512513625067,0.8966763172738006
25676,LOF,0.021025639202762823,0.06541449683427869,0.9135598639629584
25677,LOF,0.029202297596731038,0.07812417275045813,0.8926735296528108
25678,LOF,0.18944505531271585,0.059437283016697776,0.7511176616705862
25679,LOF,0.17191562844160402,0.07824468249623641,0.7498396890621596
25680,LOF,0.03817674396443609,0.11901208673879302,0.8428111692967709
25681,LOF,0.059423058086972916,0.11271381828587847,0.8278631236271485
25682,LOF,0.12416654704251144,0.07952016730605645,0.7963132856514321
25683,LOF,0.07852569846667194,0.11286294933764204,0.808611352195686
25684,LOF,0.04512037363176239,0.07949760268275502,0.8753820236854826
25685,LOF,0.07726770048306428,0.06269822921931997,0.8600340702976158
25686,LOF,0.026514065560636377,0.08405216156133334,0.8894337728780303
25687,LOF,0.04654275950804312,0.06913590022539264,0.8843213402665642
25688,LOF,0.04232262289776448,0.04713119038203714,0.9105461867201985
25689,LOF,0.024707737163328053,0.05560646983205679,0.9196857930046151
25690,LOF,0.028989341431795573,0.053000977798717035,0.9180096807694873
25691,LOF,0.20319116164610382,0.0641325012457666,0.7326763371081295
25692,LOF,0.25009134022606877,0.006426423151263285,0.7434822366226679
25693,LOF,0.08893118365204196,0.23011224100096808,0.6809565753469898
25694,LOF,0.25040354474649384,0.01291033094191866,0.7366861243115876
25695,LOF,0.16469955967389424,0.023086865079570088,0.8122135752465357
25696,LOF,0.11328764950918248,0.012969661612473593,0.8737426888783439
25697,LOF,0.08865629454910669,0.0265829661804605,0.8847607392704328
25698,LOF,0.04670576012405599,0.45120639887636427,0.5020878409995797
25699,LOF,0.06634240984886437,0.10548948594078943,0.8281681042103461
25700,LOF,0.06283839638254933,0.008787930067244137,0.9283736735502065
25701,LOF,0.016768937284936506,0.08071989258429098,0.9025111701307725
25702,GOF,0.031058069972976665,0.7136012491979264,0.2553406808290969
25703,LOF,0.007975508591547765,0.18292457559404374,0.8090999158144084
25704,LOF,0.04601711605432482,0.15800307677163064,0.7959798071740446
25705,LOF,0.05871716604019426,0.2268205146290457,0.7144623193307601
25706,GOF,0.029501826552506678,0.5400219439698389,0.43047622947765435
25707,GOF,0.022388545164160834,0.5057033388355224,0.4719081160003168
25708,LOF,0.007975179703972693,0.40658231947201967,0.5854425008240076
25709,LOF,0.060416974171578465,0.05801477699352159,0.8815682488349
25710,LOF,0.0054643165132097216,0.15938543032616323,0.8351502531606271
25711,LOF,0.020734911176821018,0.11987734704741368,0.8593877417757654
25712,LOF,0.007134176002362285,0.17555918014519384,0.8173066438524439
25713,LOF,0.018727016642321837,0.10069354788087304,0.8805794354768052
25714,LOF,0.07078819363591439,0.13155610104564397,0.7976557053184417
25715,LOF,0.01385158841840774,0.13133823885669102,0.8548101727249012
25716,LOF,0.006260921272452259,0.10238292202891944,0.8913561566986283
25717,LOF,0.005943609728088481,0.09651899562541669,0.897537394646495
25718,LOF,0.014671862819357626,0.0844583626647444,0.9008697745158981
25719,LOF,0.024088980561759725,0.09040148944506264,0.8855095299931777
25720,LOF,0.02486613403044523,0.07961019345842345,0.8955236725111314
25721,LOF,0.017010271006331183,0.11369781230592889,0.8692919166877399
25722,LOF,0.014229008266868562,0.1343949507143076,0.8513760410188238
25723,LOF,0.020724664857451943,0.07139511415762462,0.9078802209849235
25724,LOF,0.021742840284941427,0.1087028615318382,0.8695542981832204
25725,LOF,0.014489560576726396,0.0785303506841485,0.9069800887391252
25726,LOF,0.01237155456317423,0.10290025074984213,0.8847281946869836
25727,LOF,0.01558812954066047,0.08596446272411185,0.8984474077352278
25728,LOF,0.013211845894655102,0.11548664707584375,0.8713015070295012
25729,LOF,0.013549670625537332,0.11894098097127195,0.8675093484031908
25730,LOF,0.014398575930988184,0.09767194830914916,0.8879294757598627
25731,LOF,0.008347765521095653,0.13469891661995934,0.856953317858945
25732,LOF,0.01409310749522277,0.10094229029196436,0.8849646022128128
25733,LOF,0.018591853093963346,0.08430303288892063,0.897105114017116
25734,LOF,0.005480461075785414,0.14118492202206953,0.8533346169021451
25735,LOF,0.016155177258529625,0.08346513825961034,0.90037968448186
25736,LOF,0.015307591088596858,0.12500605338683118,0.8596863555245721
25737,LOF,0.02401721479020101,0.09196588295908145,0.8840169022507176
25738,LOF,0.01625001380925165,0.14079709481348102,0.8429528913772673
25739,LOF,0.024078624114774447,0.11490060586109747,0.861020770024128
25740,LOF,0.03271497221193646,0.12946213020952793,0.8378228975785357
25741,LOF,0.018863771061249455,0.1100028354789689,0.8711333934597817
25742,LOF,0.11536603840849087,0.10496541457084725,0.7796685470206618
25743,LOF,0.016499718719837284,0.035650988754358647,0.9478492925258041
25744,LOF,0.20090192662344675,0.3328256824616941,0.46627239091485906
25745,LOF,0.024946233578125202,0.04763349473809423,0.9274202716837806
25746,LOF,0.014913536555878642,0.060399205317224584,0.9246872581268968
25747,LOF,0.02731600450272907,0.03327656355185077,0.9394074319454201
25748,LOF,0.1413105419958384,0.05467111199398664,0.8040183460101751
25749,LOF,0.016144315750041067,0.04194186488655722,0.9419138193634016
25750,LOF,0.03277729138277662,0.06045237652685748,0.906770332090366
25751,LOF,0.11434127731741814,0.058920357884921865,0.82673836479766
25752,GOF,0.11120514059583063,0.6300348396654775,0.2587600197386919
25753,LOF,0.008028808358630773,0.3471458057236987,0.6448253859176705
25754,GOF,0.004977949015636004,0.8439563394467435,0.15106571153762044
25755,LOF,0.01010004138967213,0.423168321875825,0.5667316367345029
25756,LOF,0.040858490544108,0.4198640106821533,0.5392774987737388
25757,GOF,0.005533560618784792,0.8631413014275984,0.1313251379536169
25758,GOF,0.006858500439352845,0.8590890714073716,0.13405242815327575
25759,GOF,0.004459950459075363,0.5443331765664855,0.4512068729744392
25760,LOF,0.004518984947951877,0.29366533936523154,0.7018156756868166
25761,GOF,0.03378096444789511,0.8489723247314329,0.11724671082067203
25762,LOF,0.030108161048614843,0.32118387372070245,0.6487079652306827
25763,LOF,0.006179911704959494,0.2411772706974685,0.752642817597572
25764,GOF,0.1561234727475841,0.5226149440678305,0.32126158318458536
25765,GOF,0.0111039085814648,0.7878704303325188,0.20102566108601652
25766,GOF,0.01624249964125429,0.8165791189654878,0.16717838139325786
25767,GOF,0.018653939336739294,0.49268226913532537,0.4886637915279352
25768,LOF,0.07983042318444303,0.06720938922464316,0.8529601875909139
25769,LOF,0.08097643914456486,0.052651350420510584,0.8663722104349246
25770,LOF,0.2630235774247713,0.05971822875487571,0.677258193820353
25771,LOF,0.013146200595700394,0.05611454506589335,0.9307392543384063
25772,LOF,0.016487353705302063,0.024964186867150122,0.9585484594275478
25773,LOF,0.010346001303241183,0.09569727683521535,0.8939567218615435
25774,LOF,0.024198068343891314,0.06710657225450846,0.9086953594016003
25775,LOF,0.015873440905743125,0.043572925684313396,0.9405536334099435
25776,LOF,0.08325386891790665,0.020696725312668106,0.8960494057694253
25777,LOF,0.32365693340115953,0.035771137266259835,0.6405719293325807
25778,LOF,0.07182074382438465,0.03820192575776605,0.8899773304178492
25779,GOF,0.05745098427445591,0.8668279603597824,0.07572105536576165
25780,GOF,0.057408935718139105,0.850266170854476,0.09232489342738469
25781,GOF,0.025073025733489584,0.8342249854307741,0.1407019888357364
25782,GOF,0.031131639714482316,0.8762388018826363,0.09262955840288155
25783,GOF,0.014701695198326741,0.6626802979497506,0.32261800685192277
25784,GOF,0.10750398194017305,0.8267871887071091,0.06570882935271781
25785,GOF,0.06875056824035854,0.8739601912597147,0.05728924049992664
25786,GOF,0.005310408848189553,0.8075627226724971,0.18712686847931337
25787,GOF,0.2070633911397822,0.7504622731491275,0.04247433571109045
25788,LOF,0.04676125269020073,0.12760011667318802,0.8256386306366112
25789,GOF,0.035808848834095484,0.8122807451317903,0.15191040603411424
25790,GOF,0.03956329398067126,0.8435289516483744,0.11690775437095433
25791,GOF,0.02722631392758915,0.7874095794921706,0.1853641065802403
25792,GOF,0.04442218094951007,0.7947021027317064,0.16087571631878353
25793,GOF,0.09244525101065065,0.7758690044287081,0.13168574456064136
25794,GOF,0.08999869038825924,0.6677501796905289,0.242251129921212
25795,GOF,0.02802697997216941,0.7366739036949033,0.2352991163329274
25796,GOF,0.13187889725833735,0.7358349857571117,0.13228611698455103
25797,GOF,0.032508801298393473,0.5677889607609705,0.39970223794063586
25798,GOF,0.0033717393715616546,0.5471393473587512,0.44948891326968715
25799,LOF,0.0029839330855697278,0.42609544187795173,0.5709206250364787
25800,GOF,0.010535031288324836,0.6183939827437032,0.37107098596797194
25801,GOF,0.025427151517675058,0.789280008447023,0.18529284003530203
25802,GOF,0.01717051165088041,0.7047224999464561,0.2781069884026635
25803,GOF,0.010280581444650124,0.6049356947459124,0.3847837238094375
25804,GOF,0.011559933105597896,0.5007394628744684,0.4877006040199338
25805,GOF,0.02234253445188786,0.6009631029703644,0.3766943625777478
25806,GOF,0.01936558691574154,0.6429262128275987,0.3377082002566599
25807,GOF,0.005431348386198541,0.6216249172424444,0.3729437343713571
25808,GOF,0.015110684232235473,0.6228666080725002,0.3620227076952643
25809,GOF,0.00598736406732717,0.6084735767921347,0.38553905914053804
25810,GOF,0.005320327164600035,0.6171661532638784,0.37751351957152157
25811,GOF,0.08405671771036066,0.7946902444718454,0.12125303781779387
25812,GOF,0.014209471687975643,0.6268055471095749,0.3589849812024495
25813,GOF,0.09656941314521987,0.7503132804002063,0.15311730645457372
25814,GOF,0.027274095693266876,0.6799704084697811,0.29275549583695204
25815,GOF,0.038143329467453226,0.70566062955332,0.2561960409792267
25816,GOF,0.007950856031226245,0.7779567935433277,0.21409235042544608
25817,GOF,0.06712874933737732,0.7593414785038622,0.17352977215876036
25818,GOF,0.0225804192581835,0.7305363498016488,0.24688323094016762
25819,GOF,0.06543561733256785,0.7120561548925741,0.22250822777485807
25820,GOF,0.032635477293051364,0.6872465149045008,0.2801180078024478
25821,GOF,0.018743795128928174,0.6785955250782547,0.302660679792817
25822,GOF,0.03592460694047626,0.7067391295655759,0.2573362634939478
25823,GOF,0.012437074006912003,0.5457752915306722,0.4417876344624158
25824,GOF,0.024397702755801182,0.6946184384801465,0.28098385876405235
25825,GOF,0.012414951861875434,0.6681513931345704,0.3194336550035543
25826,GOF,0.005481371197638538,0.6209929287840774,0.37352570001828406
25827,GOF,0.008022457927126232,0.6268375312129925,0.36514001085988124
25828,GOF,0.004609819919714822,0.5588330493719972,0.43655713070828794
25829,GOF,0.0028664520564432162,0.6237117720626488,0.37342177588090797
25830,LOF,0.03023037549933832,0.3823827986276253,0.5873868258730364
25831,GOF,0.035696325793235624,0.8271936155958107,0.1371100586109537
25832,GOF,0.007941665970530493,0.7438419872708341,0.24821634675863552
25833,GOF,0.024743603800630506,0.7926475467791405,0.18260884942022892
25834,GOF,0.007302377565247455,0.7521414189207026,0.24055620351404983
25835,GOF,0.01688515549110016,0.8077396698439835,0.17537517466491623
25836,GOF,0.006598462928413412,0.7534578241983267,0.23994371287325986
25837,GOF,0.006191156798923488,0.6468631345622502,0.3469457086388263
25838,GOF,0.018425993367498998,0.8241065571082964,0.15746744952420455
25839,GOF,0.037107583070265654,0.7845480209816486,0.1783443959480857
25840,GOF,0.036115996987875466,0.8117730937234056,0.15211090928871893
25841,GOF,0.031552391754662235,0.8398194306601354,0.1286281775852023
25842,GOF,0.02392050622129254,0.8623838058714305,0.113695687907277
25843,GOF,0.025178350216697284,0.8749174576560222,0.09990419212728058
25844,GOF,0.015519603885434182,0.7992208448190794,0.18525955129548632
25845,GOF,0.005510092346672737,0.590761584161301,0.4037283234920263
25846,GOF,0.02666763892711009,0.8434175270819595,0.12991483399093032
25847,GOF,0.017189834418923272,0.8873822761873532,0.09542788939372354
25848,GOF,0.015548972616809072,0.8317832085484882,0.15266781883470273
25849,GOF,0.004749046049983113,0.7040112809221458,0.2912396730278711
25850,GOF,0.0067053150961077345,0.6918536445319375,0.3014410403719547
25851,GOF,0.005721799885941162,0.5805793971098239,0.413698803004235
25852,GOF,0.15960446080268048,0.5578719732613918,0.28252356593592765
25853,GOF,0.07185434689599172,0.8254378712104657,0.10270778189354259
25854,GOF,0.010808174720100075,0.6467938999294814,0.3423979253504184
25855,GOF,0.013381285914873337,0.5809251407879775,0.40569357329714917
25856,GOF,0.03700957827595839,0.7132401634415858,0.24975025828245584
25857,GOF,0.015724399584999573,0.5417215082001617,0.44255409221483866
25858,GOF,0.008978209583461443,0.5519095423482958,0.4391122480682427
25859,GOF,0.005487231244111096,0.5340352290160133,0.46047753973987554
25860,GOF,0.07198595027622567,0.7792375680086,0.1487764817151744
25861,GOF,0.10722351834316166,0.7865301058264851,0.10624637583035332
25862,GOF,0.02171675335861348,0.8315977737780668,0.14668547286331968
25863,GOF,0.020194527456665168,0.8427567053060173,0.13704876723731732
25864,GOF,0.042170676053298,0.8648029799662431,0.09302634398045885
25865,GOF,0.0285936955283021,0.8309014730500683,0.14050483142162964
25866,GOF,0.022925844982475664,0.8305007570456273,0.14657339797189703
25867,GOF,0.02517063338751216,0.8604502602268249,0.11437910638566301
25868,GOF,0.052924268097813705,0.79780341944139,0.14927231246079622
25869,GOF,0.3039476982916538,0.5995166197999023,0.09653568190844372
25870,GOF,0.20165569001047226,0.5371240788421988,0.2612202311473289
25871,GOF,0.023187321266516195,0.8382342983345855,0.1385783803988982
25872,GOF,0.01847102381728855,0.820635071930553,0.16089390425215844
25873,GOF,0.018678218015404143,0.8509542132515349,0.13036756873306085
25874,LOF,0.01627735190970331,0.14017787461655157,0.8435447734737451
25875,LOF,0.03361355723006405,0.03709016832138396,0.9292962744485519
25876,LOF,0.015237229685477069,0.029966652398527745,0.9547961179159951
25877,LOF,0.1318139523236292,0.060287719230086245,0.8078983284462845
25878,LOF,0.0555844847629484,0.083264368250216,0.8611511469868356
25879,LOF,0.023921340629696076,0.06802448041170539,0.9080541789585985
25880,LOF,0.04368894927638695,0.008955824649956255,0.9473552260736569
25881,Neutral,0.5627299450529419,0.06950839129933818,0.3677616636477199
25882,LOF,0.021973749174545188,0.04468393708217606,0.9333423137432788
25883,LOF,0.055482309872615876,0.029603082338355072,0.914914607789029
25884,LOF,0.011441253300994757,0.057825506765474155,0.930733239933531
25885,LOF,0.19452233080019524,0.009347418678593608,0.7961302505212111
25886,LOF,0.20492621837368882,0.05797745667953383,0.7370963249467773
25887,LOF,0.126968403573987,0.08249628904776149,0.7905353073782514
25888,LOF,0.013239737908416536,0.16153565968178119,0.8252246024098023
25889,LOF,0.015890540173004442,0.04280191303268254,0.941307546794313
25890,LOF,0.11941770150866302,0.09750550551371626,0.7830767929776207
25891,LOF,0.047210846382307645,0.044259649181145305,0.908529504436547
25892,LOF,0.010580502833996953,0.05168405851575526,0.9377354386502478
25893,LOF,0.366878276027804,0.016066733534037703,0.6170549904381584
25894,LOF,0.42704497468978886,0.008249137613009194,0.564705887697202
25895,LOF,0.3471152131431851,0.018580328840723036,0.6343044580160918
25896,LOF,0.0473842694617282,0.031434915128480595,0.9211808154097911
25897,LOF,0.1935210648989948,0.01653037056120268,0.7899485645398026
25898,LOF,0.22047630277636754,0.04880156677872436,0.7307221304449081
25899,LOF,0.2431459293137537,0.0313862882315339,0.7254677824547123
25900,Neutral,0.5038871445192391,0.0151790522964223,0.48093380318433865
25901,LOF,0.05030360737502858,0.012179496118784517,0.9375168965061869
25902,LOF,0.10382819140010213,0.02104190590785494,0.8751299026920429
25903,LOF,0.3453764414434038,0.04178413552959453,0.6128394230270017
25904,Neutral,0.48421758758902306,0.04395085292308424,0.4718315594878928
25905,LOF,0.006782671185828067,0.40702703354711534,0.5861902952670565
25906,LOF,0.0076155174326327435,0.1256442018776167,0.8667402806897505
25907,LOF,0.004096287271615635,0.3677230996784408,0.6281806130499435
25908,LOF,0.0035206022659700917,0.25939821178779576,0.7370811859462342
25909,LOF,0.01508646008179154,0.15970738482866179,0.8252061550895466
25910,LOF,0.016555244456314688,0.12231267405347467,0.8611320814902106
25911,LOF,0.17420893100520804,0.024839296869814335,0.8009517721249777
25912,LOF,0.06880484122431496,0.049289031276436426,0.8819061274992486
25913,LOF,0.06478079578894394,0.050734491796772495,0.8844847124142836
25914,LOF,0.02333074636606749,0.0601911123331606,0.9164781413007719
25915,LOF,0.11832911690892887,0.244669264981438,0.6370016181096331
25916,LOF,0.02037111633714669,0.17271132825200783,0.8069175554108455
25917,LOF,0.05616944928582955,0.04190108434112071,0.9019294663730498
25918,LOF,0.02941474777194689,0.03569538697210451,0.9348898652559485
25919,LOF,0.023880680277559047,0.03481199569289323,0.9413073240295476
25920,LOF,0.11488775661807989,0.20567409717982535,0.6794381462020948
25921,LOF,0.009836966472929707,0.036635950698796126,0.9535270828282743
25922,LOF,0.01248621445912942,0.02987887180968364,0.957634913731187
25923,LOF,0.39985022398359527,0.0372366146630981,0.5629131613533067
25924,LOF,0.01751607861506932,0.04668818520015528,0.9357957361847754
25925,LOF,0.07515606636201266,0.04700806880439627,0.877835864833591
25926,LOF,0.055259018270802394,0.040804539643672554,0.903936442085525
25927,LOF,0.02198010543715292,0.07513703336888244,0.9028828611939647
25928,LOF,0.00787188733145791,0.05544775854346998,0.9366803541250721
25929,LOF,0.475609429800576,0.03468214948797067,0.48970842071145315
25930,LOF,0.08237163196493964,0.03182367498807971,0.8858046930469806
25931,LOF,0.009470061365491987,0.03503477611435622,0.9554951625201518
25932,LOF,0.03516731110387144,0.028812428315758396,0.9360202605803701
25933,LOF,0.040641893103773544,0.01822649288264141,0.9411316140135851
25934,LOF,0.02750714503167096,0.019572413446494883,0.9529204415218342
25935,LOF,0.06925671918397988,0.057707449358795807,0.8730358314572242
25936,LOF,0.04257819194113863,0.021173768185020637,0.9362480398738406
25937,LOF,0.00913059772078454,0.03741850206706528,0.9534509002121501
25938,LOF,0.06382256497407553,0.05805561910588983,0.8781218159200347
25939,LOF,0.033225394545053015,0.02215135108852858,0.9446232543664185
25940,LOF,0.008725866097591711,0.36089277535917674,0.6303813585432316
25941,Neutral,0.5293241985446808,0.02557967818790523,0.445096123267414
25942,LOF,0.0050490640176477425,0.04114675369413937,0.9538041822882128
25943,LOF,0.03292079375909158,0.13673559077867445,0.8303436154622339
25944,LOF,0.10984571433483209,0.06946844483304473,0.820685840832123
25945,LOF,0.056112646433596605,0.019457279793232134,0.9244300737731712
25946,LOF,0.07277147769789476,0.0558931451923171,0.8713353771097881
25947,Neutral,0.501236071970449,0.08016197190613435,0.41860195612341666
25948,LOF,0.3314322042920732,0.01080875706336275,0.6577590386445641
25949,LOF,0.09645407088875577,0.05541762450302111,0.8481283046082231
25950,GOF,0.05216251941867249,0.5616095903043291,0.3862278902769984
25951,LOF,0.01651644344060096,0.3816206370246167,0.6018629195347824
25952,LOF,0.263224222945949,0.26846430862125525,0.46831146843279564
25953,LOF,0.012199788357612103,0.1610973881160847,0.8267028235263031
25954,LOF,0.05720467792215862,0.4211785405254879,0.5216167815523535
25955,LOF,0.010471002597494231,0.1493134225615724,0.8402155748409333
25956,LOF,0.025202039340963437,0.28123920819988846,0.6935587524591481
25957,LOF,0.2128363211894865,0.033824080321977514,0.753339598488536
25958,LOF,0.05165185445474618,0.029021946626318407,0.9193261989189354
25959,LOF,0.01353064276259119,0.48958208685327387,0.4968872703841349
25960,LOF,0.0059504089635299675,0.05177700475423154,0.9422725862822385
25961,LOF,0.05004377620913282,0.028187064671786406,0.9217691591190807
25962,LOF,0.0324450864969628,0.08927811751149396,0.8782767959915433
25963,LOF,0.005650221241816856,0.2623078339696354,0.7320419447885478
25964,LOF,0.029159935761843357,0.11152358222521351,0.8593164820129432
25965,LOF,0.3297049151446391,0.13762879614955043,0.5326662887058105
25966,Neutral,0.44596690473775374,0.16397910106558952,0.3900539941966567
25967,LOF,0.0059441758376897,0.08372241369378436,0.910333410468526
25968,LOF,0.043715864788723344,0.2895872440876069,0.6666968911236697
25969,LOF,0.12813010174945832,0.07860363228817342,0.7932662659623682
25970,LOF,0.018429685873093467,0.09632517907971955,0.885245135047187
25971,LOF,0.0683604758580493,0.02960294313336957,0.9020365810085812
25972,LOF,0.058587690369213914,0.041154594812333495,0.9002577148184526
25973,LOF,0.059991233663426166,0.013960992896376784,0.926047773440197
25974,LOF,0.0417402524816213,0.0479449221588021,0.9103148253595766
25975,LOF,0.04159588909559755,0.030282933310211858,0.9281211775941907
25976,LOF,0.11431446322117068,0.016141279927469415,0.8695442568513599
25977,LOF,0.2200108187652286,0.05701179489393576,0.7229773863408356
25978,LOF,0.1317944784670554,0.1298520323313972,0.7383534892015475
25979,LOF,0.12031626813792987,0.12923664939328386,0.7504470824687862
25980,LOF,0.22453002912514688,0.15122476434894908,0.624245206525904
25981,LOF,0.22464258357899394,0.15176223702028002,0.6235951794007261
25982,LOF,0.36890982642645803,0.10621395822081887,0.5248762153527231
25983,LOF,0.38127414173499946,0.1198883632533646,0.49883749501163593
25984,LOF,0.036189575733223615,0.06937046878666116,0.8944399554801151
25985,LOF,0.38301977689355154,0.1321581150686128,0.48482210803783576
25986,LOF,0.012029553186553712,0.42075616400226534,0.567214282811181
25987,LOF,0.038805454711202204,0.11221355071768747,0.8489809945711103
25988,LOF,0.14142266336432763,0.1294780633140862,0.7290992733215862
25989,LOF,0.03921956208990528,0.1704102076145065,0.7903702302955882
25990,LOF,0.0398468251730636,0.24767966457033236,0.7124735102566041
25991,LOF,0.02220918566471027,0.360053988178278,0.6177368261570118
25992,LOF,0.024867694240568262,0.3668746104814397,0.608257695277992
25993,LOF,0.02141686147158689,0.08720723334312767,0.8913759051852853
25994,LOF,0.016921833986087154,0.07888945414284451,0.9041887118710683
25995,LOF,0.01834918267434944,0.1542956672197369,0.8273551501059137
25996,LOF,0.3064509655088045,0.2784934423789008,0.41505559211229476
25997,LOF,0.08252095775388209,0.33832204778471153,0.5791569944614064
25998,LOF,0.29926902133794864,0.05510239983297739,0.6456285788290739
25999,LOF,0.01829109310864313,0.25477600647411414,0.7269329004172428
26000,LOF,0.16446921932549532,0.031157227460618546,0.8043735532138861
26001,LOF,0.2862873658180779,0.02569347799603655,0.6880191561858856
26002,LOF,0.06972383563830142,0.045045440011293604,0.885230724350405
26003,GOF,0.0038531525030241084,0.6440575736129677,0.3520892738840081
26004,GOF,0.006316070672696558,0.759876566439855,0.23380736288744838
26005,GOF,0.0029280711638543762,0.5195347935323068,0.47753713530383884
26006,GOF,0.08295006250381418,0.6450090243852316,0.2720409131109543
26007,GOF,0.005982392369484191,0.6053895317793998,0.38862807585111586
26008,GOF,0.00532761328997778,0.699703502470014,0.2949688842400083
26009,GOF,0.00605580622066651,0.7087557794182773,0.28518841436105613
26010,GOF,0.00660287203612438,0.6987248157847326,0.29467231217914297
26011,LOF,0.0026709085397836393,0.49688765957563713,0.5004414318845792
26012,GOF,0.003655262058924861,0.5934187087678349,0.4029260291732402
26013,GOF,0.004725265563501875,0.6404307738042363,0.35484396063226187
26014,LOF,0.042619483775131035,0.09424203598310534,0.8631384802417637
26015,LOF,0.13115366840969572,0.01930528828550629,0.8495410433047981
26016,LOF,0.25718064140265623,0.03687402736322094,0.7059453312341227
26017,LOF,0.022422235623805638,0.17849832252409956,0.7990794418520948
26018,LOF,0.052622910320045437,0.03550003526061805,0.9118770544193365
26019,LOF,0.051802666863385895,0.031585586171839,0.9166117469647751
26020,LOF,0.009104824580229353,0.1928782096822728,0.7980169657374978
26021,LOF,0.07143850427141761,0.06860095049643576,0.8599605452321466
26022,LOF,0.028604760406339604,0.024615025858127786,0.9467802137355327
26023,LOF,0.043248902168253125,0.02285547862249217,0.9338956192092548
26024,LOF,0.04488482845922066,0.07244259190844667,0.8826725796323327
26025,LOF,0.05595370433508688,0.07179657448406315,0.87224972118085
26026,LOF,0.09731486261032458,0.053352198285118835,0.8493329391045565
26027,LOF,0.045865705108185384,0.018708414141179585,0.935425880750635
26028,LOF,0.07938213569006115,0.13199950480252423,0.7886183595074145
26029,LOF,0.028023992532808625,0.21144576875729984,0.7605302387098914
26030,LOF,0.15743318181873994,0.03193171718793585,0.8106351009933243
26031,LOF,0.016446477494297708,0.1757942601106732,0.807759262395029
26032,LOF,0.06489244514301967,0.07608730212674636,0.8590202527302341
26033,LOF,0.07909610098304277,0.06790609986045774,0.8529977991564994
26034,LOF,0.0145755687531446,0.1960537168803961,0.7893707143664593
26035,LOF,0.014134789950787858,0.14281414797571265,0.8430510620734994
26036,LOF,0.014603076549973755,0.17313917474547633,0.8122577487045499
26037,LOF,0.012612261935388088,0.12300789756476586,0.864379840499846
26038,LOF,0.05508934302408441,0.06973290636476408,0.8751777506111514
26039,LOF,0.024961903052765015,0.1860579638070237,0.7889801331402112
26040,LOF,0.1093432639134029,0.16265675857156542,0.7279999775150316
26041,LOF,0.014867042693980863,0.10845205279738315,0.876680904508636
26042,LOF,0.013581086126017472,0.11447500436252399,0.8719439095114585
26043,LOF,0.05331242979994183,0.08578152208385614,0.860906048116202
26044,LOF,0.012391232072848429,0.06811196852528971,0.9194967994018619
26045,LOF,0.054551116033393514,0.1205875522582133,0.8248613317083932
26046,LOF,0.04836736251373595,0.07000396437739162,0.8816286731088724
26047,LOF,0.08218784331958148,0.07022636714809133,0.8475857895323271
26048,LOF,0.0494336612505176,0.04325119101811202,0.9073151477313703
26049,Neutral,0.9641421866224293,0.0068336093134857955,0.029024204064084767
26050,Neutral,0.9492558374024958,0.0075040571594520026,0.04324010543805214
26051,LOF,0.015257094183830023,0.15824587524223188,0.8264970305739381
26052,LOF,0.022514196917269965,0.20445433619543044,0.7730314668872997
26053,LOF,0.02259331399190949,0.13921420764683454,0.8381924783612559
26054,LOF,0.04774603647463958,0.019007898683424024,0.9332460648419365
26055,LOF,0.056937769599092754,0.019654161199370964,0.9234080692015364
26056,LOF,0.049745073249651516,0.025413910213557052,0.9248410165367914
26057,LOF,0.03252483854850963,0.013744483576186569,0.9537306778753039
26058,LOF,0.03394022750992581,0.011981908734850883,0.9540778637552233
26059,LOF,0.33097534606035944,0.023358408683612185,0.6456662452560284
26060,LOF,0.010997968912140341,0.1698776397828203,0.8191243913050392
26061,LOF,0.005268845531147286,0.01505741636088113,0.9796737381079715
26062,LOF,0.003963846209926032,0.019708543322430792,0.9763276104676432
26063,LOF,0.022103466196515754,0.011811521293935475,0.9660850125095487
26064,LOF,0.006163051217512586,0.026109586478343813,0.9677273623041437
26065,LOF,0.025784699918983828,0.012537715618996048,0.9616775844620202
26066,LOF,0.02519536227861688,0.011759681489950071,0.9630449562314329
26067,LOF,0.02936817034227803,0.010260314253782809,0.9603715154039392
26068,LOF,0.04087387672839432,0.03564380419243413,0.9234823190791714
26069,LOF,0.31212498986833215,0.023878290561789237,0.6639967195698786
26070,LOF,0.45176555884124475,0.01793183605548311,0.5303026051032721
26071,LOF,0.023565179530775852,0.011885286138912885,0.9645495343303113
26072,LOF,0.005439709656881373,0.025121659999143047,0.9694386303439755
26073,LOF,0.022304069919777344,0.015122676811644071,0.9625732532685787
26074,Neutral,0.9222560550066881,0.007518735299946948,0.07022520969336499
26075,LOF,0.04233502061910476,0.017981446123661038,0.9396835332572342
26076,LOF,0.03401760920819204,0.011654066606819136,0.9543283241849889
26077,LOF,0.1114851269742412,0.00948382855213821,0.8790310444736207
26078,LOF,0.005379724689938378,0.01642479141478225,0.9781954838952793
26079,LOF,0.05254781155672404,0.020679612550179433,0.9267725758930965
26080,LOF,0.05107208154400993,0.02070928302370697,0.928218635432283
26081,LOF,0.029163288901884313,0.008542967898116687,0.962293743199999
26082,LOF,0.004522772843275569,0.018180383679004115,0.9772968434777204
26083,LOF,0.10827978587050004,0.01968788921950073,0.8720323249099993
26084,LOF,0.03951315139499485,0.015036164881708013,0.9454506837232972
26085,LOF,0.03469230511411048,0.01315130058669742,0.9521563942991921
26086,LOF,0.022810252836795844,0.012268608811605736,0.9649211383515983
26087,LOF,0.02210263374557453,0.01049733535740632,0.9674000308970191
26088,LOF,0.0054332163786529435,0.021153294693812028,0.9734134889275351
26089,LOF,0.03706410433071836,0.0254973888350221,0.9374385068342597
26090,LOF,0.03709455437718427,0.020316252413389874,0.9425891932094259
26091,LOF,0.028395431027210486,0.007854508616075747,0.9637500603567136
26092,LOF,0.0232824766629647,0.008755429930079224,0.967962093406956
26093,LOF,0.0396983004983573,0.007235762010530525,0.9530659374911122
26094,LOF,0.03265523594393007,0.007205234348206033,0.9601395297078639
26095,LOF,0.01970496017430501,0.02107749998852673,0.9592175398371683
26096,LOF,0.17958666288960087,0.006687139229134185,0.813726197881265
26097,LOF,0.004804153322500125,0.03964124383796447,0.9555546028395354
26098,LOF,0.07327120600390195,0.019580870813998653,0.9071479231820994
26099,LOF,0.022732716720558876,0.016530375320392917,0.9607369079590482
26100,LOF,0.022732716720558876,0.016530375320392917,0.9607369079590482
26101,LOF,0.052709068005858555,0.022060815373836737,0.9252301166203047
26102,LOF,0.021379466734165242,0.01695067546317171,0.9616698578026631
26103,Neutral,0.8396298055712196,0.025124100438468362,0.13524609399031198
26104,LOF,0.0683488200379946,0.027387253666375188,0.9042639262956301
26105,LOF,0.24447088612007892,0.16988378683934446,0.5856453270405766
26106,LOF,0.3516804026156956,0.14194748416639572,0.5063721132179086
26107,LOF,0.020969122690612105,0.11740807562998241,0.8616228016794055
26108,LOF,0.32994751272462597,0.048556680056938854,0.6214958072184351
26109,LOF,0.03512402533012843,0.06497804946797243,0.8998979252018993
26110,LOF,0.20454744227763033,0.007497964198963426,0.7879545935234061
26111,LOF,0.08513261080519595,0.07969777281842497,0.8351696163763791
26112,LOF,0.034902420535177475,0.007965629961012601,0.9571319495038099
26113,LOF,0.05921974051486407,0.017117522760977267,0.9236627367241587
26114,LOF,0.07010600349313617,0.01248013435454686,0.917413862152317
26115,LOF,0.016711105154499722,0.07834613025875782,0.9049427645867424
26116,LOF,0.0976513272304684,0.04508160707099126,0.8572670656985404
26117,LOF,0.38740237888662044,0.03286944202957998,0.5797281790837996
26118,LOF,0.030085406866882252,0.01594840923855667,0.953966183894561
26119,LOF,0.0046162143854998295,0.03637080842730822,0.9590129771871919
26120,LOF,0.025767308273360306,0.01474921118156323,0.9594834805450764
26121,LOF,0.0041181741398434,0.12691545768993212,0.8689663681702244
