feature0,prediction,LoGoFunc_Neutral,LoGoFunc_GOF,LoGoFunc_LOF
25546,Neutral,0.7519859754463262,0.04035909159350989,0.20765493296016405
25547,Neutral,0.5870347700293099,0.08946038020836222,0.32350484976232785
25548,Neutral,0.622823926944589,0.06297972676138988,0.31419634629402104
25549,Neutral,0.5345927508111581,0.06163648137665394,0.40377076781218785
25550,LOF,0.3697739048473372,0.1327579276381363,0.4974681675145264
25551,LOF,0.2958362761027059,0.14265498611713132,0.5615087377801629
25552,LOF,0.22501075524654307,0.13274518862430257,0.6422440561291545
25553,Neutral,0.8601041576520295,0.027454355437716554,0.1124414869102539
25554,LOF,0.2582675519838252,0.12847522205515616,0.6132572259610186
25555,LOF,0.2198457705078133,0.11431256464858258,0.6658416648436042
25556,Neutral,0.47808010491725633,0.10669028416142595,0.41522961092131766
25557,LOF,0.20310280378442197,0.12016048901052387,0.6767367072050542
25558,LOF,0.24326645318606016,0.12865631487744564,0.6280772319364942
25559,LOF,0.3366563979052417,0.13340108812095045,0.5299425139738078
25560,LOF,0.061786123405688426,0.14241894582906753,0.795794930765244
25561,LOF,0.14844159439186846,0.13192346354082368,0.7196349420673078
25562,LOF,0.07665169522434913,0.08343429098553132,0.8399140137901195
25563,LOF,0.10791395351552331,0.09115828330672952,0.8009277631777472
25564,LOF,0.19350381553274454,0.16433634398638244,0.6421598404808729
25565,LOF,0.15984013622641238,0.15222014653020388,0.6879397172433838
25566,GOF,0.014531979763300564,0.7864443527070951,0.19902366752960438
25567,LOF,0.01809281048998001,0.20897704661512057,0.7729301428948994
25568,LOF,0.05338518211415083,0.08633408002871547,0.8602807378571337
25569,LOF,0.05683868974045669,0.08943081970264692,0.8537304905568964
25570,LOF,0.031751235034880705,0.14060385059473676,0.8276449143703826
25571,LOF,0.02946738912425801,0.1405510011604624,0.8299816097152797
25572,LOF,0.05182507283380559,0.15691308032063958,0.7912618468455549
25573,LOF,0.03519079469317062,0.12372452639408055,0.8410846789127489
25574,LOF,0.019036441265827035,0.18703058720572807,0.7939329715284449
25575,LOF,0.022923645395206478,0.15205780624958415,0.8250185483552094
25576,LOF,0.014054457601231363,0.183167076043039,0.8027784663557296
25577,LOF,0.012603457831714654,0.1489563067543051,0.8384402354139803
25578,LOF,0.2751116640700781,0.11676433907850944,0.6081239968514124
25579,LOF,0.12305493101214841,0.13598476475316204,0.7409603042346895
25580,LOF,0.01680210978722798,0.11551935329310137,0.8676785369196706
25581,LOF,0.05022132021442837,0.09223646946864412,0.8575422103169275
25582,LOF,0.050090756754617397,0.08950367747530354,0.860405565770079
25583,LOF,0.01843762514965745,0.13230643245888157,0.8492559423914608
25584,Neutral,0.5071928861960643,0.13887663674484932,0.35393047705908637
25585,LOF,0.01953429730059081,0.15337416358364392,0.8270915391157653
25586,LOF,0.01544118643187087,0.10843891492049228,0.8761198986476367
25587,LOF,0.01583525935456308,0.10028440262140678,0.8838803380240301
25588,LOF,0.015301300874051276,0.1214501076203854,0.8632485915055633
25589,Neutral,0.5955184892641558,0.15697022804223645,0.24751128269360778
25590,LOF,0.032027572009284626,0.1499224348109677,0.8180499931797476
25591,LOF,0.09582032691688347,0.0790102015465323,0.8251694715365843
25592,LOF,0.04519069534750956,0.17859969949599197,0.7762096051564984
25593,LOF,0.021904523645489192,0.29616493563211027,0.6819305407224004
25594,LOF,0.048157799226163665,0.10802564155772566,0.8438165592161107
25595,LOF,0.062258560895766805,0.07965649718134911,0.8580849419228841
25596,LOF,0.06665662236755644,0.06750759987591899,0.8658357777565245
25597,LOF,0.04261828428249805,0.06902112994722474,0.8883605857702773
25598,LOF,0.05033314144591059,0.09330471940687406,0.8563621391472153
25599,GOF,0.006569652822505231,0.562885543732949,0.4305448034445458
25600,GOF,0.019783430724869717,0.5557801630507655,0.4244364062243648
25601,LOF,0.01328781689833893,0.4103228292107361,0.5763893538909249
25602,LOF,0.01839346923630136,0.04711767811953769,0.9344888526441609
25603,LOF,0.05216031540663312,0.018590645391812037,0.9292490392015549
25604,LOF,0.02735308513605788,0.061423283152890605,0.9112236317110515
25605,LOF,0.008517372285819485,0.20563646730228027,0.7858461604119003
25606,LOF,0.12498445045640508,0.3388392824900787,0.5361762670535162
25607,LOF,0.0055031403487290935,0.210344670260425,0.784152189390846
25608,LOF,0.024308279927970883,0.07520097222596996,0.9004907478460592
25609,LOF,0.06816035849537018,0.4120332206673782,0.5198064208372516
25610,LOF,0.019454418623095725,0.025908838848402515,0.9546367425285018
25611,LOF,0.02111227694491167,0.025085208377156852,0.9538025146779314
25612,LOF,0.09452694374578173,0.039685122169789006,0.8657879340844292
25613,LOF,0.07747530946712641,0.04048745571853537,0.8820372348143383
25614,LOF,0.024664145844782746,0.02712753414524384,0.9482083200099735
25615,LOF,0.03258555808349922,0.04038206605583895,0.9270323758606618
25616,LOF,0.05752371543519748,0.028991707975360895,0.9134845765894416
25617,LOF,0.059697496772779385,0.02994997177694279,0.9103525314502778
25618,LOF,0.07532994426462186,0.03187644334437905,0.8927936123909991
25619,LOF,0.017150073762846413,0.03207732125302478,0.9507726049841287
25620,LOF,0.07673649641580725,0.03384463268649155,0.8894188708977011
25621,LOF,0.026187249785597853,0.036662034096549265,0.9371507161178528
25622,LOF,0.03396969078084299,0.03515614109304908,0.9308741681261079
25623,LOF,0.058915554047919864,0.03086041915957471,0.9102240267925054
25624,LOF,0.021683958492048714,0.03624565320562606,0.9420703883023251
25625,LOF,0.03548955913277358,0.04374391884645475,0.9207665220207718
25626,LOF,0.0717743081840299,0.031986983144304044,0.8962387086716661
25627,Neutral,0.5935074021884945,0.11151922401188714,0.29497337379961847
25628,LOF,0.20101401654870893,0.05366240122889784,0.7453235822223933
25629,LOF,0.05616621745669964,0.05914963828827423,0.8846841442550262
25630,LOF,0.15435181234213588,0.08968842906642949,0.7559597585914346
25631,Neutral,0.6355748765092705,0.0537561519054687,0.3106689715852608
25632,LOF,0.010294411102768615,0.12489549182310129,0.8648100970741301
25633,LOF,0.20798058970920819,0.06761960583770621,0.7243998044530856
25634,LOF,0.032554491060696834,0.10882219833378061,0.8586233106055225
25635,LOF,0.02958914454190068,0.06809586571817412,0.9023149897399252
25636,GOF,0.005683206216682352,0.5728974277252278,0.4214193660580899
25637,GOF,0.0067388683870269325,0.5832351977595253,0.4100259338534479
25638,LOF,0.011706339529026933,0.26805378984144534,0.7202398706295277
25639,LOF,0.0058198646475212164,0.42158083565616317,0.5725992996963156
25640,GOF,0.44905320671842947,0.4673628608472092,0.08358393243436145
25641,LOF,0.011900280999806521,0.3345440538033083,0.653555665196885
25642,LOF,0.25424555595209875,0.06672678897406907,0.6790276550738321
25643,LOF,0.20093860224115706,0.2326731624625258,0.5663882352963171
25644,GOF,0.010560495700529615,0.5071865275616697,0.4822529767378007
25645,LOF,0.008894427995319936,0.46633110284012824,0.5247744691645518
25646,LOF,0.014274892791386096,0.32422924534119657,0.6614958618674173
25647,LOF,0.011893275313287802,0.2660933682552403,0.7220133564314718
25648,LOF,0.010502472914050657,0.26562799862785347,0.7238695284580959
25649,LOF,0.009667090619179081,0.1745718141433434,0.8157610952374774
25650,LOF,0.01632746483185547,0.39664882826716324,0.5870237069009813
25651,LOF,0.006539398723817577,0.2714361337514574,0.722024467524725
25652,LOF,0.011174416440487837,0.24954795276176858,0.7392776307977436
25653,LOF,0.03597799008569624,0.3804379104748554,0.5835840994394483
25654,LOF,0.013004943045611629,0.14471747904964327,0.842277577904745
25655,LOF,0.057046693771907846,0.38938270626892774,0.5535705999591644
25656,LOF,0.2033471635061204,0.04849907819430967,0.74815375829957
25657,LOF,0.29104575469469113,0.029668821324766816,0.679285423980542
25658,LOF,0.0692103742636226,0.07830612514960103,0.8524835005867764
25659,LOF,0.41684187844779286,0.06994505242552733,0.5132130691266797
25660,LOF,0.0346419939961116,0.1054459725893882,0.8599120334145003
25661,LOF,0.10613377449441898,0.060654778588442544,0.8332114469171384
25662,LOF,0.02409987903210127,0.04666022746868798,0.9292398934992108
25663,LOF,0.03472629213006436,0.06696800813244796,0.8983056997374876
25664,LOF,0.052591271237528985,0.07344615960229835,0.8739625691601727
25665,LOF,0.06178964918748487,0.036471298130391884,0.9017390526821233
25666,LOF,0.06416273567181488,0.08883402024774055,0.8470032440804446
25667,LOF,0.07776401559846399,0.050965819702296765,0.8712701646992392
25668,LOF,0.02845576684459295,0.05251783508537482,0.9190263980700323
25669,LOF,0.030429752258361285,0.07459391519255983,0.8949763325490788
25670,LOF,0.10573304202502039,0.08219425265049354,0.812072705324486
25671,LOF,0.09615236157876192,0.043971539946759064,0.8598760984744791
25672,LOF,0.06411993986517313,0.05257469879895379,0.8833053613358731
25673,LOF,0.03956237653922707,0.0641980674941949,0.896239555966578
25674,LOF,0.033109147618893164,0.07797921483029284,0.8889116375508139
25675,LOF,0.05560152519711235,0.06975985398640952,0.8746386208164781
25676,LOF,0.02147897470376586,0.06424392493566572,0.9142771003605684
25677,LOF,0.03098239379085836,0.07399803901625022,0.8950195671928913
25678,LOF,0.2214732587748287,0.04262917867197058,0.7358975625532007
25679,LOF,0.15497003250495767,0.08122123828853424,0.7638087292065081
25680,LOF,0.034088403826182376,0.11446491339045586,0.8514466827833618
25681,LOF,0.055829104920429966,0.10618172249429077,0.8379891725852793
25682,LOF,0.11760212357671608,0.07360645079540533,0.8087914256278785
25683,LOF,0.11336991397391163,0.10165896411704045,0.7849711219090478
25684,LOF,0.044855447060695094,0.07937228344018712,0.8757722694991178
25685,LOF,0.11822389025048344,0.05500517365775369,0.8267709360917629
25686,LOF,0.03867822458101499,0.09080620138471078,0.8705155740342742
25687,LOF,0.04071739448257891,0.07837213188506817,0.8809104736323529
25688,LOF,0.03738978465237751,0.07087638693031212,0.8917338284173103
25689,LOF,0.025523215542369904,0.07011371549837346,0.9043630689592567
25690,LOF,0.029480226680196443,0.0747455738704099,0.8957741994493935
25691,LOF,0.25015372675164,0.09386680235097447,0.6559794708973855
25692,LOF,0.35160877056697304,0.007616306699225719,0.6407749227338012
25693,LOF,0.0897945243869246,0.1864722364727659,0.7237332391403095
25694,LOF,0.2635311566695433,0.016379133875308108,0.7200897094551486
25695,LOF,0.18286929458459622,0.022834926026524635,0.7942957793888791
25696,LOF,0.17097811548540023,0.012366545049061038,0.8166553394655387
25697,LOF,0.15284165275489034,0.02718991149016563,0.819968435754944
25698,LOF,0.04678326862464898,0.4464079991203947,0.5068087322549564
25699,LOF,0.06560924017555697,0.09406155036481673,0.8403292094596264
25700,LOF,0.05643075391180739,0.010065742100972778,0.9335035039872198
25701,LOF,0.017015530893012932,0.089915956852644,0.8930685122543431
25702,GOF,0.02777157957072879,0.6879421575576184,0.2842862628716529
25703,LOF,0.009991395668616085,0.1844537140105727,0.8055548903208111
25704,LOF,0.03965645049791918,0.1650555441565919,0.7952880053454888
25705,LOF,0.049250809022249556,0.22408607820946538,0.7266631127682851
25706,GOF,0.037053198365030696,0.5098833546210586,0.4530634470139106
25707,LOF,0.02286037419495144,0.4496091461822446,0.527530479622804
25708,LOF,0.008080861375194611,0.3694488308473645,0.622470307777441
25709,LOF,0.05376377791904156,0.056599760220117735,0.8896364618608407
25710,LOF,0.006386329338503948,0.16808573579505776,0.8255279348664384
25711,LOF,0.018766174947509935,0.10749977472810136,0.8737340503243888
25712,LOF,0.010585002582445015,0.19028888537514302,0.799126112042412
25713,LOF,0.016930478981267358,0.09085198499902611,0.8922175360197065
25714,LOF,0.060641932337354446,0.11720078703868533,0.8221572806239603
25715,LOF,0.012379726383400225,0.1318486489841927,0.8557716246324071
25716,LOF,0.00737925377387437,0.13308939127470176,0.8595313549514239
25717,LOF,0.007915194800047305,0.09977430889806964,0.8923104963018831
25718,LOF,0.013252375152775287,0.0808103148080494,0.9059373100391753
25719,LOF,0.0224239813453388,0.08797400846584975,0.8896020101888114
25720,LOF,0.022076261295761245,0.07972971471658416,0.8981940239876547
25721,LOF,0.015439189379045435,0.10663790639871447,0.8779229042222402
25722,LOF,0.01245615172312031,0.13037370525329953,0.8571701430235801
25723,LOF,0.01868809432079168,0.06576043747638625,0.9155514682028221
25724,LOF,0.026439993102489602,0.10018755067104312,0.8733724562264672
25725,LOF,0.013382569809207243,0.07387445209685088,0.9127429780939419
25726,LOF,0.011181478300306807,0.10764139718349947,0.8811771245161938
25727,LOF,0.013854690964354321,0.08730283536173856,0.898842473673907
25728,LOF,0.011636507242091015,0.1128449996087065,0.8755184931492024
25729,LOF,0.011966459868372968,0.1182557304586074,0.8697778096730197
25730,LOF,0.012796482982876238,0.09403068045376704,0.8931728365633567
25731,LOF,0.01019100027265965,0.15121048566012235,0.8385985140672181
25732,LOF,0.01323198445920609,0.09753724954512051,0.8892307659956735
25733,LOF,0.01861914539420745,0.07647061906079922,0.9049102355449933
25734,LOF,0.006370773818279882,0.14278515313366957,0.8508440730480505
25735,LOF,0.01556031997962883,0.0777755583933612,0.9066641216270099
25736,LOF,0.01450637861549336,0.12030296173318035,0.8651906596513262
25737,LOF,0.025385367717130552,0.09316867504992983,0.8814459572329396
25738,LOF,0.013342909660697462,0.1421540806362369,0.8445030097030657
25739,LOF,0.02002227833865292,0.11490047678819121,0.8650772448731557
25740,LOF,0.02900615831037548,0.1319059037808188,0.8390879379088059
25741,LOF,0.015264207916268799,0.10594225401507168,0.8787935380686595
25742,LOF,0.10076191735591533,0.09964874194248653,0.799589340701598
25743,LOF,0.020760892507175575,0.03986383115590314,0.9393752763369213
25744,GOF,0.18031013293520917,0.44668444681264635,0.3730054202521445
25745,LOF,0.024584272764962938,0.05884202004642236,0.9165737071886148
25746,LOF,0.013942546040873747,0.06883007758460556,0.9172273763745207
25747,LOF,0.02277872474546188,0.03669757340234981,0.9405237018521884
25748,LOF,0.13681218975133358,0.06559246028784425,0.7975953499608222
25749,LOF,0.013464850290357556,0.044501345312416264,0.9420338043972263
25750,LOF,0.027381996140003195,0.07158062608262078,0.901037377777376
25751,LOF,0.09025272149784982,0.06255880083944555,0.8471884776627047
25752,GOF,0.10529001166588205,0.6280198186623953,0.26669016967172254
25753,LOF,0.008063255637775742,0.36835343695107103,0.6235833074111532
25754,GOF,0.00431550993707926,0.836235414053686,0.15944907600923472
25755,LOF,0.011346314011633047,0.42911543278021697,0.55953825320815
25756,LOF,0.04872821213042828,0.4241478666215536,0.5271239212480181
25757,GOF,0.005655218418816947,0.8608321160800632,0.13351266550112
25758,GOF,0.006813326591193799,0.8534621989542253,0.13972447445458083
25759,GOF,0.004600193113898294,0.5365189779711707,0.45888082891493104
25760,LOF,0.005833108464719935,0.30246003483630474,0.6917068566989754
25761,GOF,0.049077140321060336,0.8245659041189998,0.12635695555993978
25762,LOF,0.03064910816311238,0.33024111710251947,0.6391097747343683
25763,LOF,0.0071936532789486545,0.23562848282874996,0.7571778638923014
25764,GOF,0.13048610200525373,0.5159171437505516,0.35359675424419457
25765,GOF,0.010947144533755502,0.7969825775757953,0.19207027789044934
25766,GOF,0.02690435902951251,0.775889672948288,0.1972059680221995
25767,GOF,0.022264250939301976,0.5012332374112956,0.4765025116494025
25768,LOF,0.07086830588989049,0.0625211924918908,0.8666105016182187
25769,LOF,0.07295313807462067,0.04593825123926271,0.8811086106861166
25770,LOF,0.16944396039692816,0.05945429111189691,0.771101748491175
25771,LOF,0.01844449545732743,0.06318094581041028,0.9183745587322624
25772,LOF,0.015288187045855878,0.023889877474128803,0.9608219354800154
25773,LOF,0.01830616705073988,0.07501075491860137,0.9066830780306587
25774,LOF,0.03140990127903793,0.0701134755728343,0.8984766231481278
25775,LOF,0.021988970698871405,0.03987935091481845,0.9381316783863103
25776,LOF,0.08096864457244113,0.018162088416570247,0.9008692670109887
25777,LOF,0.17797834079064814,0.04663868682137758,0.7753829723879743
25778,LOF,0.06543927961601956,0.03427795258375548,0.900282767800225
25779,GOF,0.05439532780167576,0.8584383129226749,0.08716635927564927
25780,GOF,0.05595727425887157,0.847035821853749,0.09700690388737931
25781,GOF,0.021465208001504116,0.8405724682252138,0.13796232377328208
25782,GOF,0.025867346566519688,0.878136330221825,0.09599632321165519
25783,GOF,0.013198322473406377,0.7155855585471781,0.2712161189794156
25784,GOF,0.12928351101957183,0.8073899213506746,0.06332656762975353
25785,GOF,0.06101838111692945,0.8797299048857162,0.059251713997354384
25786,GOF,0.004580035609823184,0.792112191662262,0.20330777272791486
25787,GOF,0.15257788137743353,0.8045512951346941,0.04287082348787251
25788,LOF,0.045033783365363636,0.13738927114968483,0.8175769454849514
25789,GOF,0.03020983274939951,0.8284844487742526,0.14130571847634785
25790,GOF,0.03672599718303431,0.847704395511742,0.11556960730522363
25791,GOF,0.025102451647478697,0.8170739503131899,0.1578235980393314
25792,GOF,0.043250475081068045,0.8179568790799543,0.1387926458389776
25793,GOF,0.1092304249365527,0.7777054242651518,0.11306415079829563
25794,GOF,0.09372111673903818,0.7247944938164326,0.18148438944452927
25795,GOF,0.03281437453647764,0.7469965479572929,0.22018907750622949
25796,GOF,0.10474600802996757,0.7692036244413435,0.12605036752868892
25797,GOF,0.03594625658823207,0.6165516270734065,0.3475021163383614
25798,GOF,0.002963462721871215,0.5947629340537093,0.40227360322441946
25799,LOF,0.0026880433603420927,0.4743569146374623,0.5229550420021956
25800,GOF,0.012213102439461353,0.6652447045565626,0.3225421930039761
25801,GOF,0.023165823130484584,0.8177472357780915,0.15908694109142388
25802,GOF,0.016395040425766935,0.7662581117413764,0.2173468478328566
25803,GOF,0.009504750157361727,0.649339894991981,0.3411553548506573
25804,GOF,0.010467534797144466,0.5604631546265942,0.4290693105762612
25805,GOF,0.017667218391800153,0.6407719960276252,0.3415607855805745
25806,GOF,0.014968929337530306,0.6886812836339815,0.29634978702848824
25807,GOF,0.004458725279280352,0.6705038574418256,0.3250374172788941
25808,GOF,0.012138301197858421,0.6762857262472729,0.31157597255486874
25809,GOF,0.005248605300236626,0.6723470139634593,0.3224043807363041
25810,GOF,0.004436498701479368,0.6750281326791379,0.3205353686193827
25811,GOF,0.07602279639929264,0.8040588270514419,0.11991837654926532
25812,GOF,0.01369114415703154,0.6659573053673714,0.320351550475597
25813,GOF,0.09896880168475125,0.7645138421794772,0.1365173561357717
25814,GOF,0.023625654183926464,0.733637713525871,0.24273663229020256
25815,GOF,0.041156051109756474,0.7449051683910368,0.21393878049920662
25816,GOF,0.006778002432590385,0.7899141590731353,0.20330783849427433
25817,GOF,0.0806019091937014,0.7276980420257746,0.19170004878052396
25818,GOF,0.020218586151962432,0.77267060597632,0.2071108078717176
25819,GOF,0.054941465566741385,0.7534196254582901,0.19163890897496835
25820,GOF,0.027422498363951782,0.7363526679001204,0.2362248337359278
25821,GOF,0.015141672016416925,0.7288681881994805,0.2559901397841025
25822,GOF,0.030966365988810057,0.7464861925140985,0.22254744149709138
25823,GOF,0.011885276476369378,0.5956831865255489,0.39243153699808186
25824,GOF,0.021106790480813632,0.7311394188171148,0.2477537907020716
25825,GOF,0.013060787740705463,0.7108708782473318,0.27606833401196285
25826,GOF,0.005186403504139222,0.662852683782996,0.33196091271286465
25827,GOF,0.008358027820974048,0.6469906590366019,0.3446513131424241
25828,GOF,0.0052939729285142656,0.5959068392339436,0.3987991878375422
25829,GOF,0.0026263370890415357,0.6650870693892483,0.3322865935217103
25830,LOF,0.02415588955358968,0.43028352407438597,0.5455605863720244
25831,GOF,0.03891025395269741,0.8195392744959417,0.14155047155136088
25832,GOF,0.006828029736156951,0.7674752796654654,0.2256966905983775
25833,GOF,0.024129904358643185,0.8139485180055416,0.16192157763581522
25834,GOF,0.006823140115309723,0.7737890322723637,0.21938782761232653
25835,GOF,0.0166874492516124,0.8220530170279222,0.16125953372046542
25836,GOF,0.005774679481518364,0.7793429336124876,0.21488238690599407
25837,GOF,0.005363626226530562,0.6795640838564412,0.3150722899170282
25838,GOF,0.014987272239485743,0.8408035272626044,0.1442092004979099
25839,GOF,0.03439922182737433,0.8259665257925832,0.13963425238004237
25840,GOF,0.043984049185188105,0.8212835141356496,0.13473243667916232
25841,GOF,0.04295342416551087,0.8344914021410174,0.12255517369347194
25842,GOF,0.022488123050441216,0.8750037465666102,0.10250813038294854
25843,GOF,0.021499313620371708,0.8822686996999692,0.09623198667965915
25844,GOF,0.014025948590360094,0.8133221617225176,0.17265188968712236
25845,GOF,0.0047693200202681505,0.6102814216162413,0.38494925836349064
25846,GOF,0.034325726520257796,0.8389553155176681,0.126718957962074
25847,GOF,0.01678069104933219,0.8908784172539531,0.09234089169671474
25848,GOF,0.0136598500575138,0.8491814892256796,0.1371586607168067
25849,GOF,0.004355559140146678,0.7158614672143336,0.2797829736455197
25850,GOF,0.005712464036100884,0.7167604372489477,0.2775270987149515
25851,GOF,0.0049457390500623555,0.5972550324361839,0.3977992285137537
25852,GOF,0.1456905240795275,0.5681537255099199,0.2861557504105527
25853,GOF,0.07726458731372536,0.824250969471985,0.09848444321428966
25854,GOF,0.009049297939990009,0.6875312624698605,0.30341943959014955
25855,GOF,0.01671796662483221,0.6206698007942881,0.3626122325808797
25856,GOF,0.04308331513599844,0.7466360722232537,0.21028061264074788
25857,GOF,0.013179560286039647,0.5976731332296991,0.3891473064842613
25858,GOF,0.007020569443445171,0.588907562957349,0.40407186759920577
25859,GOF,0.0047860909057363,0.5727967740059954,0.42241713508826845
25860,GOF,0.08352934220991126,0.7773912151884798,0.13907944260160893
25861,GOF,0.1328867126171973,0.7581279549905622,0.10898533239224052
25862,GOF,0.018632471263061633,0.833615936277777,0.1477515924591615
25863,GOF,0.017641026918711812,0.8491927022599239,0.13316627082136426
25864,GOF,0.04703377042772477,0.8465051558598552,0.10646107371242013
25865,GOF,0.033200446811028704,0.8133718326988298,0.1534277204901414
25866,GOF,0.02184272930730382,0.8418221233881339,0.13633514730456223
25867,GOF,0.028198488083772552,0.8577364170638679,0.11406509485235955
25868,GOF,0.05247540636740366,0.8064098802507491,0.1411147133818472
25869,GOF,0.33225404591329455,0.5842245410556347,0.08352141303107083
25870,GOF,0.1959982841947044,0.5891165032880905,0.21488521251720497
25871,GOF,0.019858481020736465,0.8723155710006573,0.10782594797860628
25872,GOF,0.017074862256516797,0.8502020926458598,0.13272304509762334
25873,GOF,0.01675058954651742,0.8629806793615363,0.1202687310919462
25874,LOF,0.015353407295985813,0.14422211396080187,0.8404244787432124
25875,LOF,0.03340667698050996,0.042209279885679706,0.9243840431338103
25876,LOF,0.01778626177864877,0.03052850675405751,0.9516852314672938
25877,LOF,0.12131524258206149,0.0740633733387261,0.8046213840792125
25878,LOF,0.04568869314998735,0.10518789382275821,0.8491234130272544
25879,LOF,0.02001422968253532,0.08665432725160875,0.893331443065856
25880,LOF,0.04219796049342416,0.0112664152619497,0.9465356242446262
25881,Neutral,0.5698464570123516,0.07655674816521663,0.35359679482243184
25882,LOF,0.06285485822708113,0.027990665684101954,0.9091544760888169
25883,LOF,0.04317381944921014,0.02435274885875796,0.9324734316920319
25884,LOF,0.01935388685704214,0.054727928668436086,0.9259181844745217
25885,LOF,0.22509785875515342,0.014051816592626457,0.7608503246522201
25886,LOF,0.16524171961561723,0.05481335372613808,0.7799449266582447
25887,LOF,0.1595488025786457,0.06312987123378493,0.7773213261875693
25888,LOF,0.011899625312966226,0.14182448705801484,0.846275887629019
25889,LOF,0.026033014204411457,0.03281193599860738,0.9411550497969812
25890,LOF,0.11787811171826942,0.11781233527826752,0.764309553003463
25891,LOF,0.07988743394548102,0.03516126296662836,0.8849513030878907
25892,LOF,0.009545855935697402,0.03224425811296739,0.9582098859513352
25893,LOF,0.3662207815545669,0.008811240764207756,0.6249679776812254
25894,LOF,0.43190204731048226,0.005385490292758384,0.5627124623967593
25895,LOF,0.3777526991209507,0.010426121653800989,0.6118211792252483
25896,LOF,0.05906040682018292,0.024118624240642726,0.9168209689391743
25897,LOF,0.20374949274510842,0.0086220550130895,0.787628452241802
25898,LOF,0.23319672967592903,0.03117510160940432,0.7356281687146666
25899,LOF,0.24518462705457966,0.024369679586680664,0.7304456933587395
25900,LOF,0.45340189470653397,0.008981570527958546,0.5376165347655075
25901,LOF,0.045182645116888534,0.009256216264815147,0.9455611386182962
25902,LOF,0.09916566078496424,0.013170348825912795,0.8876639903891229
25903,LOF,0.3895827180313437,0.025442029851421074,0.5849752521172351
25904,LOF,0.46314806349078363,0.03142180496574941,0.5054301315434669
25905,LOF,0.006295013020940849,0.43781239464045085,0.5558925923386083
25906,LOF,0.0110555303071569,0.11212485689430059,0.8768196127985425
25907,LOF,0.0036263381524337334,0.3325587009619749,0.6638149608855914
25908,LOF,0.003770204635829774,0.22748844049651848,0.7687413548676518
25909,LOF,0.013997398151422015,0.16474559977740702,0.821257002071171
25910,LOF,0.018195688706880597,0.1161273560786953,0.8656769552144241
25911,LOF,0.332328687663724,0.027390215598010807,0.6402810967382652
25912,LOF,0.06198006534591314,0.04801381268581638,0.8900061219682706
25913,LOF,0.06142710614437844,0.05546333478169621,0.8831095590739253
25914,LOF,0.021783306068014326,0.06541574172205897,0.9128009522099266
25915,LOF,0.15944890743791054,0.2823687820257075,0.558182310536382
25916,LOF,0.0205601024579236,0.2005232045990986,0.7789166929429778
25917,LOF,0.06916189808738064,0.047262398220845964,0.8835757036917734
25918,LOF,0.0275044602072525,0.038577189483809976,0.9339183503089374
25919,LOF,0.02258193267283073,0.03986568947232592,0.9375523778548434
25920,LOF,0.16266291526769952,0.1809168375213215,0.656420247210979
25921,LOF,0.011095098506153386,0.04614465670093098,0.9427602447929158
25922,LOF,0.013553529682865497,0.03868023788388543,0.9477662324332491
25923,LOF,0.45911662588174135,0.041204743362351984,0.49967863075590685
25924,LOF,0.02374371851224047,0.05386870432992141,0.9223875771578381
25925,LOF,0.07650268680305271,0.05813343490947497,0.8653638782874723
25926,LOF,0.0628173664300899,0.04963780879909078,0.8875448247708193
25927,LOF,0.017633950781344426,0.06979560789320026,0.9125704413254553
25928,LOF,0.007864406494804464,0.06213806354954974,0.9299975299556457
25929,Neutral,0.5483374908487649,0.03923644185451517,0.4124260672967199
25930,LOF,0.08358611294972576,0.03576538555533614,0.8806485014949381
25931,LOF,0.01070926288806023,0.040728222414115556,0.9485625146978242
25932,LOF,0.031377631309771566,0.034226841018214306,0.9343955276720142
25933,LOF,0.0401026386482116,0.02183172682039869,0.9380656345313896
25934,LOF,0.027152594861864377,0.02345313108141345,0.9493942740567222
25935,LOF,0.07635384417545635,0.06198194107815856,0.8616642147463851
25936,LOF,0.0405409590984892,0.026808505651998788,0.9326505352495121
25937,LOF,0.010640070963659577,0.04882296391074111,0.9405369651255994
25938,LOF,0.07230637944427334,0.05611662276122198,0.8715769977945047
25939,LOF,0.029611872733393923,0.02791358604361814,0.9424745412229879
25940,LOF,0.009312492550733601,0.3509577986113353,0.6397297088379311
25941,Neutral,0.5244844998741265,0.02906038649702041,0.44645511362885315
25942,LOF,0.006947755284374941,0.0553556581005919,0.9376965866150332
25943,LOF,0.03325519322305025,0.14132227416376397,0.8254225326131858
25944,LOF,0.10863801151022676,0.06783769514663429,0.8235242933431389
25945,LOF,0.05521175585481902,0.020773342895858266,0.9240149012493227
25946,LOF,0.07337674721762971,0.052106110247500864,0.8745171425348695
25947,Neutral,0.4847418894016088,0.10502144742225965,0.4102366631761317
25948,LOF,0.47908473738972795,0.011590961391625552,0.5093243012186465
25949,LOF,0.08558658647098134,0.05995739962734464,0.8544560139016741
25950,GOF,0.049068960757615666,0.6308751490182016,0.32005589022418257
25951,LOF,0.01159485488325903,0.4264848054453752,0.5619203396713658
25952,LOF,0.2505646502030646,0.30866801659455967,0.44076733320237566
25953,LOF,0.012818862451726388,0.1922667969611896,0.7949143405870841
25954,GOF,0.061221920487714944,0.5000434897267244,0.43873458978556057
25955,LOF,0.010160143267120935,0.13003542346261235,0.8598044332702667
25956,LOF,0.026568644128936298,0.2943199334855274,0.6791114223855362
25957,LOF,0.22758085101658704,0.04483218407366247,0.7275869649097504
25958,LOF,0.04291559958587029,0.03172545248302482,0.925358947931105
25959,GOF,0.012309191878047375,0.5239203268319977,0.46377048128995496
25960,LOF,0.006237043141423097,0.05670808990212984,0.9370548669564471
25961,LOF,0.040759593765892874,0.029334444254386933,0.9299059619797203
25962,LOF,0.03245290383622812,0.07317441830414212,0.8943726778596297
25963,LOF,0.00619664221325579,0.2398578063305174,0.7539455514562268
25964,LOF,0.026101771467496444,0.10001438128084326,0.8738838472516604
25965,LOF,0.27258006351464836,0.13687765002751434,0.5905422864578372
25966,Neutral,0.4806717442527042,0.10848871092139298,0.4108395448259027
25967,LOF,0.00702519435149623,0.07247753109579015,0.9204972745527137
25968,LOF,0.04828915044892156,0.17560738200409926,0.7761034675469792
25969,LOF,0.11656424849288556,0.050949687057299194,0.8324860644498152
25970,LOF,0.03160358813681331,0.06618550617039452,0.9022109056927923
25971,LOF,0.06537020399265034,0.03149430178677597,0.9031354942205736
25972,LOF,0.052982034779830094,0.04337040486166733,0.9036475603585026
25973,LOF,0.05596661725317041,0.011305285726347739,0.9327280970204818
25974,LOF,0.048305399204090854,0.039409607494621454,0.9122849933012878
25975,LOF,0.03713842872460744,0.024601562314176536,0.9382600089612161
25976,LOF,0.11756243458791077,0.013804013757703381,0.8686335516543858
25977,LOF,0.21227158076957706,0.08757410332117041,0.7001543159092525
25978,LOF,0.15795282531752192,0.1177331566200556,0.7243140180624223
25979,LOF,0.13598177018066768,0.12389745056522301,0.7401207792541094
25980,LOF,0.2557828985849822,0.165988453851342,0.5782286475636759
25981,LOF,0.25659175662993283,0.16662419465370173,0.5767840487163653
25982,LOF,0.4344203732927853,0.07875463654527694,0.48682499016193775
25983,LOF,0.44672609487699927,0.10047486971719922,0.45279903540580163
25984,LOF,0.03335319484195568,0.07148226852165526,0.8951645366363891
25985,Neutral,0.43710378441063097,0.1294678791081378,0.43342833648123114
25986,LOF,0.011849685749428143,0.4474458046899857,0.5407045095605861
25987,LOF,0.06698806554240248,0.11136005341206984,0.8216518810455277
25988,LOF,0.14252309791472528,0.13303366697273855,0.7244432351125362
25989,LOF,0.03760402246977475,0.16872310279717978,0.7936728747330454
25990,LOF,0.03597592150883622,0.2597853990765539,0.7042386794146098
25991,LOF,0.026605402227137146,0.3714167830243756,0.6019778147484873
25992,LOF,0.028951023841813535,0.3479942580703292,0.6230547180878574
25993,LOF,0.01951126781970192,0.09165074891895433,0.8888379832613437
25994,LOF,0.015348063509441873,0.08348234549540917,0.9011695909951489
25995,LOF,0.015434281947593697,0.17279985547224638,0.8117658625801599
25996,LOF,0.3401014205607005,0.2932052637106798,0.36669331572861974
25997,LOF,0.06416558544144486,0.35902234753623047,0.5768120670223247
25998,LOF,0.25634116411041746,0.05191937728559739,0.6917394586039852
25999,LOF,0.028618903702941456,0.21214886301016417,0.7592322332868944
26000,LOF,0.18079620553499498,0.04715160548346704,0.7720521889815379
26001,LOF,0.2981972641191568,0.038193154841554826,0.6636095810392884
26002,LOF,0.07568330895724697,0.06744362813735662,0.8568730629053966
26003,GOF,0.004008026700168095,0.6367250546206779,0.35926691867915406
26004,GOF,0.005558792408279409,0.7224855647345998,0.2719556428571208
26005,GOF,0.002909519412069725,0.5237582208965192,0.4733322596914111
26006,GOF,0.07867937550886338,0.6167787300780612,0.3045418944130755
26007,GOF,0.0057710737343540965,0.596222634805844,0.39800629145980193
26008,GOF,0.004895301153379889,0.6805098815495804,0.31459481729703986
26009,GOF,0.005523437555116423,0.6914292423674331,0.30304732007745055
26010,GOF,0.007021429391559202,0.693482530013537,0.2994960405949039
26011,GOF,0.0027292334692639326,0.509948463908804,0.48732230262193216
26012,GOF,0.003945525554799907,0.5741090709050073,0.4219454035401929
26013,GOF,0.00580899599916481,0.6135814103764118,0.3806095936244235
26014,LOF,0.043224425892250916,0.1036126023892273,0.8531629717185217
26015,LOF,0.40282433584827165,0.018065808666015547,0.5791098554857127
26016,LOF,0.30156103779190785,0.03627125499138042,0.6621677072167117
26017,LOF,0.025409708603262943,0.18613215087747856,0.7884581405192584
26018,LOF,0.04399578405876575,0.03327684487964755,0.9227273710615868
26019,LOF,0.043853875096674474,0.028607567496769945,0.9275385574065556
26020,LOF,0.009978964263035633,0.17827836510698267,0.8117426706299817
26021,LOF,0.06990629697105655,0.06499448408261528,0.8650992189463281
26022,LOF,0.03352964410435414,0.023135857683083155,0.9433344982125628
26023,LOF,0.047293729373919784,0.020510868807079613,0.9321954018190007
26024,LOF,0.04381102718058539,0.062297726809248694,0.8938912460101659
26025,LOF,0.05573687712851198,0.07406845376508914,0.870194669106399
26026,LOF,0.0996036716144658,0.05429543936122171,0.8461008890243125
26027,LOF,0.038995212038917454,0.017533339620703137,0.9434714483403793
26028,LOF,0.1111372830797389,0.12846957011202553,0.7603931468082356
26029,LOF,0.022429382722526342,0.2241640768038186,0.7534065404736551
26030,LOF,0.18098426656730854,0.0362937240416265,0.7827220093910651
26031,LOF,0.012312998724096592,0.19839491237370083,0.7892920889022026
26032,LOF,0.06063825532619976,0.08533856363283072,0.8540231810409695
26033,LOF,0.10064092007373461,0.07755336253101236,0.8218057173952531
26034,LOF,0.01626692378634413,0.1772533385636158,0.80647973765004
26035,LOF,0.013226242260979116,0.1290680781576555,0.8577056795813655
26036,LOF,0.013747948837987549,0.15707153969942897,0.8291805114625835
26037,LOF,0.010679401729866561,0.12122542797801988,0.8680951702921135
26038,LOF,0.05006701006166135,0.07828590536027272,0.8716470845780658
26039,LOF,0.0270677496125966,0.15689858719304933,0.816033663194354
26040,LOF,0.1295284036126857,0.180101652988556,0.6903699433987583
26041,LOF,0.013339998214325917,0.10728923197733524,0.8793707698083387
26042,LOF,0.012149112730864296,0.10930870406448986,0.8785421832046458
26043,LOF,0.04908547124510942,0.10370969709229129,0.8472048316625993
26044,LOF,0.013180596788486197,0.06639347775534803,0.9204259254561657
26045,LOF,0.07351455722470118,0.11687645357225404,0.8096089892030448
26046,LOF,0.04316334024524524,0.08084331449707848,0.8759933452576762
26047,LOF,0.06864463183867521,0.08034167681951093,0.8510136913418139
26048,LOF,0.06139544085329852,0.04310826475913741,0.895496294387564
26049,Neutral,0.9486769386270426,0.009257210514760182,0.04206585085819723
26050,Neutral,0.9254443035199033,0.010361630017828983,0.06419406646226765
26051,LOF,0.013828637070772878,0.1103227584573893,0.8758486044718378
26052,LOF,0.021144129628615324,0.12267517042458588,0.8561806999467988
26053,LOF,0.031341517957115386,0.160553199131296,0.8081052829115887
26054,LOF,0.043265354173238055,0.021876350727031462,0.9348582950997304
26055,LOF,0.06297827577576527,0.020356072384910058,0.9166656518393246
26056,LOF,0.052031511492041625,0.024799134341612673,0.9231693541663457
26057,LOF,0.028632710099236895,0.014455384910530573,0.9569119049902325
26058,LOF,0.029257195565598228,0.012061218885274042,0.9586815855491279
26059,LOF,0.19668889786216925,0.02253991605483199,0.7807711860829989
26060,LOF,0.010728799786587688,0.21260072956155912,0.7766704706518531
26061,LOF,0.007595359414465684,0.016355768014551523,0.9760488725709828
26062,LOF,0.004789550291653171,0.023891712288975804,0.9713187374193709
26063,LOF,0.01941386486101222,0.012284029782237327,0.9683021053567504
26064,LOF,0.007906395706842546,0.036115729254708726,0.9559778750384488
26065,LOF,0.02229079692115146,0.014074775134287116,0.9636344279445614
26066,LOF,0.02240240992568148,0.011512921555441693,0.9660846685188768
26067,LOF,0.02780859003656959,0.010695840335045828,0.9614955696283847
26068,LOF,0.048544021512077803,0.04595325745477438,0.9055027210331478
26069,LOF,0.15306321666623549,0.02615617243156185,0.8207806109022027
26070,LOF,0.3196700466635937,0.022073203883733853,0.6582567494526724
26071,LOF,0.020456857622316468,0.012324510014967639,0.9672186323627159
26072,LOF,0.0065412658498808654,0.029333060317121303,0.9641256738329979
26073,LOF,0.01942113618750602,0.015965631482724726,0.9646132323297691
26074,Neutral,0.9221674059407907,0.008171125394865433,0.06966146866434392
26075,LOF,0.04917117959439748,0.024250894438804103,0.9265779259667984
26076,LOF,0.031240522332223505,0.011984127028999885,0.9567753506387766
26077,LOF,0.12042682956169076,0.010333316868243665,0.8692398535700655
26078,LOF,0.006487468714031761,0.020199347321868823,0.9733131839640995
26079,LOF,0.05591741285195702,0.02514786248093734,0.9189347246671056
26080,LOF,0.0550086327450634,0.025164101344748495,0.9198272659101882
26081,LOF,0.02434693461429519,0.008387043334729274,0.9672660220509754
26082,LOF,0.004582792684441498,0.020802858509635418,0.974614348805923
26083,LOF,0.11357750361666905,0.019765814173506015,0.866656682209825
26084,LOF,0.041830381913214136,0.015521829419296697,0.9426477886674892
26085,LOF,0.03671738581104347,0.013708559636552207,0.9495740545524043
26086,LOF,0.02089188686195602,0.013794594615074294,0.9653135185229696
26087,LOF,0.019652781575714134,0.011756789820267483,0.9685904286040183
26088,LOF,0.006449279696209758,0.024092933876850565,0.9694577864269397
26089,LOF,0.04178106003787925,0.027592160036350517,0.9306267799257704
26090,LOF,0.042482827078831185,0.021912770445479866,0.935604402475689
26091,LOF,0.023792026746476107,0.00764557870370375,0.9685623945498202
26092,LOF,0.021137904589642383,0.008817936478419445,0.9700441589319381
26093,LOF,0.03817347198683792,0.0070493983405595486,0.9547771296726026
26094,LOF,0.029384053918031654,0.007268455866488896,0.9633474902154795
26095,LOF,0.041789243567282884,0.017218827462881715,0.9409919289698353
26096,LOF,0.18816366712236254,0.006934347455409875,0.8049019854222277
26097,LOF,0.0056619861150311816,0.03810368342170699,0.9562343304632618
26098,LOF,0.07265678526693692,0.01854049111498413,0.908802723618079
26099,LOF,0.020009361079623315,0.016293558338156305,0.9636970805822204
26100,LOF,0.020009361079623315,0.016293558338156305,0.9636970805822204
26101,LOF,0.04948791405234509,0.023342608079709174,0.9271694778679457
26102,LOF,0.018881310496328893,0.016030799277218323,0.9650878902264529
26103,Neutral,0.8678971743725562,0.0248774156364726,0.10722540999097108
26104,LOF,0.06431445085389532,0.028510683824484608,0.90717486532162
26105,LOF,0.23655297954353785,0.19032162028016888,0.5731254001762933
26106,LOF,0.3470159364717643,0.13146911869816236,0.5215149448300733
26107,LOF,0.019648219479152847,0.11878298824726836,0.8615687922735789
26108,LOF,0.3322487641303091,0.05306711233051973,0.6146841235391712
26109,LOF,0.05922608080460611,0.05967412322883183,0.881099795966562
26110,LOF,0.3715666621315731,0.006652436749107701,0.6217809011193192
26111,LOF,0.06180647545467538,0.11303866398043891,0.8251548605648857
26112,LOF,0.03018367789591627,0.008011759685451718,0.961804562418632
26113,LOF,0.04967732605307268,0.017871644291015374,0.932451029655912
26114,LOF,0.0904950450483352,0.012548367115062836,0.8969565878366019
26115,LOF,0.014193598208495122,0.063604429700635,0.9222019720908698
26116,LOF,0.09557389626418474,0.035410169182687266,0.8690159345531281
26117,LOF,0.4268868520979306,0.032637492000827974,0.5404756559012414
26118,LOF,0.02848438416774661,0.016590800888743595,0.9549248149435097
26119,LOF,0.005089311590696355,0.033201773309860946,0.9617089150994427
26120,LOF,0.02385477187730394,0.016116207932738526,0.9600290201899574
