feature0,prediction,LoGoFunc_Neutral,LoGoFunc_GOF,LoGoFunc_LOF
25546,Neutral,0.6621163626475572,0.06282739063964748,0.27505624671279527
25547,Neutral,0.44510923132491864,0.11928097065820528,0.43560979801687605
25548,Neutral,0.4883402200026918,0.08433148568207284,0.4273282943152354
25549,LOF,0.41118527663910065,0.08900252208816505,0.49981220127273446
25550,LOF,0.34141073550922496,0.1467278080815972,0.5118614564091779
25551,LOF,0.2798519388841844,0.17551439758838372,0.5446336635274319
25552,LOF,0.19793763563104733,0.16434283703635286,0.6377195273325997
25553,Neutral,0.7879412111797204,0.053748742060375936,0.15831004675990365
25554,LOF,0.23592090425993686,0.15998496656998634,0.6040941291700768
25555,LOF,0.1956067705930597,0.14090221197304206,0.6634910174338982
25556,LOF,0.40160865181555805,0.12748850684904425,0.4709028413353978
25557,LOF,0.18570753305486382,0.15229859589059813,0.6619938710545381
25558,LOF,0.22680226949094948,0.15518410484801248,0.6180136256610381
25559,LOF,0.1768790326629529,0.12101235790045896,0.7021086094365883
25560,LOF,0.07397845311204333,0.140734033355169,0.7852875135327877
25561,LOF,0.13864082597734137,0.13351696587616194,0.7278422081464968
25562,LOF,0.06529049266706108,0.0885346537057559,0.846174853627183
25563,LOF,0.09249126342319083,0.09459859938727291,0.8129101371895362
25564,LOF,0.22217338249383597,0.17351132407733946,0.6043152934288245
25565,LOF,0.17304038831297278,0.12523583841423483,0.7017237732727923
25566,GOF,0.02115196729065677,0.7970585081853147,0.18178952452402858
25567,LOF,0.019452949031676554,0.1686126689440871,0.8119343820242364
25568,LOF,0.06030318418790046,0.0797400596566099,0.8599567561554896
25569,LOF,0.05943674096454312,0.07986308652171434,0.8607001725137425
25570,LOF,0.031180417091588218,0.11111034002270911,0.8577092428857027
25571,LOF,0.031027548776754708,0.10799347515693852,0.8609789760663067
25572,LOF,0.03314462113820035,0.14412240801759899,0.8227329708442006
25573,LOF,0.026177261264997566,0.10745105991975766,0.8663716788152448
25574,LOF,0.018754729790759744,0.15573979062218854,0.8255054795870517
25575,LOF,0.024537128254498112,0.11419724689680984,0.8612656248486921
25576,LOF,0.011467606278309195,0.16257997500252425,0.8259524187191665
25577,LOF,0.010513014983766446,0.13328952757527282,0.8561974574409607
25578,LOF,0.2893309026612529,0.08864385556009668,0.6220252417786504
25579,LOF,0.12860776026593682,0.09443347661082162,0.7769587631232416
25580,LOF,0.01889189078313043,0.0827010930300172,0.8984070161868524
25581,LOF,0.04594476330935672,0.07698403722801987,0.8770711994626235
25582,LOF,0.045853074677367656,0.07610819534073912,0.8780387299818931
25583,LOF,0.02132468472237024,0.09587084745458883,0.8828044678230409
25584,Neutral,0.5398310566952932,0.10643294651792592,0.35373599678678075
25585,LOF,0.01190483028479805,0.1567900016029089,0.8313051681122929
25586,LOF,0.018138791760808976,0.08055029707211803,0.901310911167073
25587,LOF,0.017317309159277542,0.07226665613006356,0.9104160347106589
25588,LOF,0.018219903845971632,0.08768111553143983,0.8940989806225885
25589,Neutral,0.6318084499290947,0.1352156059285916,0.2329759441423137
25590,LOF,0.019298011593212764,0.1387735315416192,0.8419284568651682
25591,LOF,0.07750488916341502,0.06444778680294969,0.8580473240336353
25592,LOF,0.048042793311599115,0.131760615713346,0.8201965909750549
25593,LOF,0.021976324746923338,0.23244475425342828,0.7455789209996484
25594,LOF,0.036448613410406894,0.12002144893155706,0.8435299376580361
25595,LOF,0.03750038062802708,0.08951177021676165,0.8729878491552112
25596,LOF,0.052568279498155956,0.07062039172065668,0.8768113287811874
25597,LOF,0.035574936123333095,0.07428510524842229,0.8901399586282445
25598,LOF,0.03449932617975168,0.10189191540971275,0.8636087584105355
25599,GOF,0.008183476383529049,0.5913988324381952,0.4004176911782758
25600,GOF,0.03163371752183111,0.6444684438831436,0.3238978385950252
25601,LOF,0.011423847464524624,0.4498878508599251,0.5386883016755503
25602,LOF,0.014163039065780826,0.052192718371816674,0.9336442425624025
25603,LOF,0.05180310653327603,0.019946780292409552,0.9282501131743145
25604,LOF,0.016851712979462825,0.06764518756360406,0.9155030994569332
25605,LOF,0.008254172932328932,0.204896442808685,0.7868493842589862
25606,LOF,0.09103445834892374,0.370416722394935,0.5385488192561412
25607,LOF,0.005059363027841435,0.23270369703980218,0.7622369399323563
25608,LOF,0.012460669284432546,0.11071936630865854,0.8768199644069089
25609,LOF,0.07406731004655259,0.35075396266239955,0.5751787272910478
25610,LOF,0.019778028480454304,0.024575095558290613,0.9556468759612551
25611,LOF,0.019253999827177792,0.027624754016616192,0.9531212461562061
25612,LOF,0.059561157125644894,0.03641899778332627,0.9040198450910288
25613,LOF,0.05514587786640484,0.03764792423824606,0.9072061978953491
25614,LOF,0.026544855999227467,0.029079392704628792,0.9443757512961438
25615,LOF,0.017238212468112187,0.039998027193272626,0.9427637603386152
25616,LOF,0.057493838471283795,0.03068247281827528,0.9118236887104411
25617,LOF,0.053482638709457006,0.034423420660706944,0.9120939406298361
25618,LOF,0.061809933168211234,0.03383474845990293,0.9043553183718858
25619,LOF,0.018740227599885268,0.03124985645315431,0.9500099159469605
25620,LOF,0.07354265615936392,0.04094661924644355,0.8855107245941924
25621,LOF,0.018215231835404116,0.04295443968455191,0.9388303284800439
25622,LOF,0.022376440262981027,0.0442132581413172,0.9334103015957018
25623,LOF,0.03585907639872361,0.035578977286078464,0.928561946315198
25624,LOF,0.023354712773031885,0.03799350028184664,0.9386517869451215
25625,LOF,0.02348488198466931,0.055543083027009686,0.9209720349883209
25626,LOF,0.05259523945653838,0.03877580811951133,0.9086289524239504
25627,Neutral,0.6058045726508572,0.10435578718547432,0.2898396401636685
25628,LOF,0.1936833911051853,0.051722477174389124,0.7545941317204254
25629,LOF,0.040362403457169245,0.05732011224093908,0.9023174843018916
25630,LOF,0.14889483215663024,0.08615165492825723,0.7649535129151125
25631,Neutral,0.6022276484238249,0.06102175096548809,0.33675060061068685
25632,LOF,0.007994822818948859,0.07190250936469704,0.9201026678163542
25633,LOF,0.21309547177081403,0.043160926881469885,0.7437436013477161
25634,LOF,0.03122144428226833,0.09889018405944285,0.8698883716582889
25635,LOF,0.036286155748383196,0.04992800342734933,0.9137858408242674
25636,GOF,0.005195717233598195,0.5878844893210591,0.40691979344534274
25637,GOF,0.007376439765251054,0.6052247310125041,0.3873988292222448
25638,LOF,0.009910911312374829,0.3084225977808884,0.6816664909067367
25639,LOF,0.004807979390845211,0.4651859323311693,0.5300060882779856
25640,GOF,0.4524772996667037,0.45849282353280996,0.08902987680048642
25641,LOF,0.01329882275114642,0.3096613268195118,0.6770398504293418
25642,LOF,0.23617788926275007,0.05493386138862817,0.7088882493486217
25643,LOF,0.12896935304689366,0.14112115960552088,0.7299094873475855
25644,LOF,0.007959887626808406,0.44833328928542676,0.5437068230877649
25645,LOF,0.0067689893268815604,0.43761934595778745,0.5556116647153311
25646,LOF,0.012838269179821036,0.3152130768638668,0.6719486539563121
25647,LOF,0.009225485755071728,0.26904760542230566,0.7217269088226226
25648,LOF,0.008688946536350977,0.2552418865428197,0.7360691669208294
25649,LOF,0.006773695669459204,0.19707988925910064,0.79614641507144
25650,LOF,0.013446978846059358,0.40614997642514433,0.5804030447287963
25651,LOF,0.00537449019255615,0.27092806163840993,0.7236974481690339
25652,LOF,0.008921579191313578,0.25719785329567263,0.7338805675130138
25653,LOF,0.02550953499539035,0.38110276768447265,0.593387697320137
25654,LOF,0.009178437011300857,0.15761988712574979,0.8332016758629494
25655,LOF,0.04688789252471071,0.4094464766245261,0.5436656308507631
25656,LOF,0.19522944290460867,0.04989698472928898,0.7548735723661024
25657,LOF,0.26344169360436165,0.028973167185110393,0.707585139210528
25658,LOF,0.08474725224894195,0.08498805845548803,0.83026468929557
25659,LOF,0.4212755787152951,0.06525737477135837,0.5134670465133465
25660,LOF,0.029576346122517673,0.10453492088218101,0.8658887329953014
25661,LOF,0.0928504848696385,0.06825018243287605,0.8388993326974854
25662,LOF,0.030496754005697964,0.04704667474872178,0.9224565712455802
25663,LOF,0.04018443608804409,0.07066557827584859,0.8891499856361074
25664,LOF,0.04206431121606376,0.08286225724802687,0.8750734315359093
25665,LOF,0.054662873050045996,0.035886366650003734,0.9094507602999502
25666,LOF,0.03356202426488247,0.11065524594072221,0.8557827297943954
25667,LOF,0.06627274369385215,0.05212402576503208,0.8816032305411158
25668,LOF,0.033934844682782524,0.05503689728106519,0.9110282580361523
25669,LOF,0.031783514136947334,0.07592224099965124,0.8922942448634014
25670,LOF,0.05503165368541953,0.07094645057202106,0.8740218957425595
25671,LOF,0.09305088483908526,0.045635562468467235,0.8613135526924475
25672,LOF,0.05337561419382142,0.04641139640130364,0.9002129894048749
25673,LOF,0.023649595132182826,0.06339658843937895,0.9129538164284383
25674,LOF,0.02074532975609306,0.07494901734653174,0.9043056528973753
25675,LOF,0.033333692251317125,0.06758385614969777,0.899082451598985
25676,LOF,0.018832478273729563,0.06526848811318539,0.915899033613085
25677,LOF,0.028443749042573647,0.07289178924933139,0.898664461708095
25678,LOF,0.20862441987471625,0.05964168601405946,0.7317338941112244
25679,LOF,0.16679472596797437,0.08838408594627249,0.7448211880857533
25680,LOF,0.04264641430626209,0.11611227761511166,0.8412413080786262
25681,LOF,0.0646700875406783,0.10986875758057786,0.8254611548787439
25682,LOF,0.1427445775512486,0.08410037485034275,0.7731550475984087
25683,LOF,0.08371377705544097,0.1202246833424953,0.7960615396020638
25684,LOF,0.04457614430598895,0.08268738644956722,0.8727364692444439
25685,LOF,0.0736999284932066,0.05523910339906324,0.8710609681077303
25686,LOF,0.02660961483617481,0.08645034902018874,0.8869400361436366
25687,LOF,0.05094333906484056,0.07210544012118304,0.8769512208139765
25688,LOF,0.044655064500281345,0.05960472370441335,0.8957402117953053
25689,LOF,0.025899601869316818,0.0711323367999163,0.9029680613307669
25690,LOF,0.0350677380357857,0.05761623939246433,0.90731602257175
25691,LOF,0.23181370079588992,0.07974804550965865,0.6884382536944516
25692,LOF,0.2837429182773887,0.007379056261272328,0.7088780254613389
25693,LOF,0.07330515997172428,0.253337495915199,0.6733573441130767
25694,LOF,0.23105465095461483,0.013012523363133468,0.7559328256822516
25695,LOF,0.14669894510060782,0.022263081696883427,0.8310379732025087
25696,LOF,0.10857763569803164,0.01101554730742176,0.8804068169945467
25697,LOF,0.09315258190183244,0.021724203014261652,0.8851232150839059
25698,LOF,0.060827377910378344,0.46128992431357524,0.47788269777604636
25699,LOF,0.07173881548336412,0.09075341451244207,0.8375077700041937
25700,LOF,0.05496537905100227,0.009984860118162063,0.9350497608308357
25701,LOF,0.018084292660906866,0.07486982773884504,0.9070458796002482
25702,GOF,0.04126005521531946,0.7075137485037425,0.25122619628093806
25703,LOF,0.008895890668005405,0.16854678263913284,0.8225573266928619
25704,LOF,0.05808260660482042,0.14016204890226852,0.801755344492911
25705,LOF,0.06356878647172398,0.25024332686172396,0.6861878866665521
25706,GOF,0.024363909764348338,0.4892465222181743,0.4863895680174774
25707,LOF,0.018815221652708977,0.47780524649647377,0.5033795318508173
25708,LOF,0.008001925568737987,0.4338801945667442,0.5581178798645179
25709,LOF,0.055934534646813985,0.06236013870105573,0.8817053266521303
25710,LOF,0.0052533503561921525,0.15791435471378695,0.836832294930021
25711,LOF,0.017451493552950243,0.13752152280609523,0.8450269836409544
25712,LOF,0.006581359456410402,0.20532933132828635,0.7880893092153032
25713,LOF,0.018061086243944847,0.11708912823310955,0.8648497855229456
25714,LOF,0.060956326063507815,0.1402331566923894,0.7988105172441028
25715,LOF,0.011638837888912184,0.1619229987818719,0.8264381633292158
25716,LOF,0.00577138173281136,0.12341116565615093,0.8708174526110377
25717,LOF,0.00588254954125116,0.10235649312589146,0.8917609573328573
25718,LOF,0.012574373898188669,0.10463856227278683,0.8827870638290246
25719,LOF,0.01974267977292026,0.11180230447996578,0.8684550157471139
25720,LOF,0.020636633496715406,0.09780038271088631,0.8815629837923983
25721,LOF,0.016326942021538598,0.11889315713114473,0.8647799008473167
25722,LOF,0.014497160917388043,0.15002766496014197,0.8354751741224699
25723,LOF,0.01971038351679141,0.08018463586353153,0.9001049806196771
25724,LOF,0.018058265066816914,0.12392058483234328,0.8580211501008399
25725,LOF,0.011859842140306904,0.0911164566220519,0.8970237012376412
25726,LOF,0.014497439753718607,0.12946791749045453,0.8560346427558269
25727,LOF,0.012745013867354308,0.09939308480978558,0.8878619013228601
25728,LOF,0.010844245023168605,0.1302212109564954,0.8589345440203359
25729,LOF,0.011280026165478355,0.13172598756098963,0.8569939862735321
25730,LOF,0.015804441394715305,0.11238089305386108,0.8718146655514236
25731,LOF,0.0076929212144211745,0.13973585772872474,0.8525712210568541
25732,LOF,0.01583882201040944,0.09925145270299329,0.8849097252865973
25733,LOF,0.015692384010417358,0.0940827457894845,0.8902248702000981
25734,LOF,0.005365286752319721,0.1469665212923299,0.8476681919553504
25735,LOF,0.013955263061924737,0.08693765311783293,0.8991070838202423
25736,LOF,0.013832291363588002,0.13230149307763356,0.8538662155587784
25737,LOF,0.02005798576238772,0.10001455178593868,0.8799274624516735
25738,LOF,0.013519035463795959,0.14273066576199597,0.843750298774208
25739,LOF,0.01958482623452494,0.12592121088665534,0.8544939628788196
25740,LOF,0.03008787619678859,0.13456535295831282,0.8353467708448986
25741,LOF,0.015035700807582224,0.11941996094264985,0.8655443382497681
25742,LOF,0.0900141182463141,0.12440166308612993,0.785584218667556
25743,LOF,0.01489398325008857,0.02898283028922651,0.956123186460685
25744,LOF,0.2544985008541028,0.3230486494522618,0.4224528496936353
25745,LOF,0.030582212333254363,0.04234198418420783,0.9270758034825378
25746,LOF,0.017802053613720177,0.04938623028306805,0.9328117161032119
25747,LOF,0.029660658216601625,0.023938628824088773,0.9464007129593095
25748,LOF,0.12604030455099433,0.04168771715590674,0.832271978293099
25749,LOF,0.016509287688168072,0.04004141951237844,0.9434492927994534
25750,LOF,0.03618866474668581,0.051833116377901,0.9119782188754132
25751,LOF,0.1226044331054663,0.0476669913856577,0.829728575508876
25752,GOF,0.12581278215517716,0.5939790251715082,0.2802081926733145
25753,LOF,0.008161855358068917,0.2991275007687817,0.6927106438731494
25754,GOF,0.004680018853829644,0.7662717693430665,0.2290482118031038
25755,LOF,0.009737463453482007,0.389705288946695,0.600557247599823
25756,LOF,0.04456873075889397,0.39687469483728904,0.558556574403817
25757,GOF,0.005546318164481861,0.8243779580560125,0.1700757237795056
25758,GOF,0.006884045083624733,0.8360216892090049,0.1570942657073705
25759,GOF,0.004454179560691333,0.5357725168418672,0.45977330359744145
25760,LOF,0.005040903532146052,0.26341334385773923,0.7315457526101147
25761,GOF,0.044267708522136275,0.7902584333111878,0.16547385816667584
25762,LOF,0.0316085906451847,0.29088631818274724,0.677505091172068
25763,LOF,0.006553450946728086,0.20871079291826328,0.7847357561350086
25764,GOF,0.19987361859270275,0.4642420541265381,0.33588432728075923
25765,GOF,0.011681046563478667,0.7486477992913356,0.2396711541451856
25766,GOF,0.01871750004115689,0.7769902191867093,0.204292280772134
25767,GOF,0.01859666098621475,0.5029960334592939,0.47840730555449146
25768,LOF,0.07486683416633667,0.07579640391673471,0.8493367619169286
25769,LOF,0.0841316152619931,0.0507145871587637,0.8651537975792432
25770,LOF,0.3309502936417759,0.06534112674920936,0.6037085796090148
25771,LOF,0.013986490240643317,0.05027107218719752,0.9357424375721592
25772,LOF,0.019951141054423235,0.024637696486970985,0.9554111624586058
25773,LOF,0.011295566041716304,0.10663958981461735,0.8820648441436664
25774,LOF,0.0238926337428777,0.06313226677819614,0.9129750994789262
25775,LOF,0.01463781370596086,0.04311493979487133,0.9422472464991679
25776,LOF,0.08294148889329032,0.019265623628517036,0.8977928874781926
25777,LOF,0.2792742849371599,0.042381258883594765,0.6783444561792453
25778,LOF,0.07061529955008422,0.038445612738675236,0.8909390877112405
25779,GOF,0.06992639601291178,0.8668502330196212,0.06322337096746708
25780,GOF,0.059535986363570936,0.8524816470912089,0.0879823665452201
25781,GOF,0.027104132482886546,0.8488542904204339,0.12404157709667933
25782,GOF,0.03029357676939269,0.8718205077724219,0.09788591545818545
25783,GOF,0.011573015412243835,0.6675493331997409,0.3208776513880152
25784,GOF,0.10730244547127003,0.8324592493958001,0.06023830513292989
25785,GOF,0.08040065423368213,0.8573622792647957,0.06223706650152229
25786,GOF,0.005720074719787538,0.7901403801076711,0.20413954517254151
25787,GOF,0.19918213283625036,0.7574381399688331,0.04337972719491661
25788,LOF,0.04720048615504899,0.10892558770367085,0.8438739261412801
25789,GOF,0.03930708597395348,0.8016142710993718,0.1590786429266748
25790,GOF,0.044304984392276064,0.8166513946838324,0.13904362092389147
25791,GOF,0.02914127451954536,0.7520285920602546,0.21883013342019997
25792,GOF,0.046279359501650456,0.7595560427587219,0.1941645977396275
25793,GOF,0.08070370921088768,0.716390976202794,0.2029053145863183
25794,GOF,0.12262550479659728,0.6744505459693724,0.20292394923403032
25795,GOF,0.026360556042135105,0.7318789810885935,0.24176046286927141
25796,GOF,0.13988132649764962,0.7478894975428826,0.1122291759594679
25797,GOF,0.03644360478730774,0.5920532517001867,0.3715031435125056
25798,GOF,0.0030436420593094454,0.5376290144175928,0.4593273435230978
25799,LOF,0.0029654219114040995,0.42000895924441717,0.5770256188441787
25800,GOF,0.010891443284203692,0.6276942675168844,0.3614142891989119
25801,GOF,0.03382466561502849,0.8101123286452783,0.15606300573969328
25802,GOF,0.018623628044576786,0.7202331933399114,0.2611431786155117
25803,GOF,0.009952279755171534,0.6043420797785097,0.38570564046631867
25804,LOF,0.013102925133412836,0.47945949152431,0.5074375833422772
25805,GOF,0.019991569515752743,0.5952090284189377,0.3847994020653096
25806,GOF,0.017601058224887407,0.6246855743326488,0.3577133674424637
25807,GOF,0.005358245898448157,0.6384159064379252,0.35622584766362664
25808,GOF,0.014356586016955247,0.6323734418888823,0.3532699720941624
25809,GOF,0.006073367058246723,0.619194102946582,0.3747325299951714
25810,GOF,0.004958507192734135,0.6312423551660348,0.3637991376412312
25811,GOF,0.10037859044292263,0.7880483577728183,0.1115730517842591
25812,GOF,0.012636153917419273,0.6203939294617458,0.366969916620835
25813,GOF,0.10794328640826895,0.7278105197436753,0.16424619384805578
25814,GOF,0.031821938863922726,0.711219740210579,0.2569583209254983
25815,GOF,0.04276506183784576,0.7207061746779546,0.23652876348419974
25816,GOF,0.008233126024421885,0.7547072436422754,0.2370596303333027
25817,GOF,0.07510845223265127,0.7551947851234567,0.1696967626438919
25818,GOF,0.017860941183968894,0.6912548988464492,0.29088415996958183
25819,GOF,0.07595668963819015,0.727475854496022,0.19656745586578792
25820,GOF,0.034945634531601794,0.70663439515683,0.2584199703115681
25821,GOF,0.01740409056220163,0.696185538134491,0.2864103713033072
25822,GOF,0.0386947172288317,0.6922633859893271,0.2690418967818412
25823,GOF,0.011703133353181419,0.5443995755109462,0.4438972911358725
25824,GOF,0.022318479919359178,0.6673472017666334,0.3103343183140073
25825,GOF,0.012468203602473618,0.6470029485014713,0.340528847896055
25826,GOF,0.00489827543398527,0.6131039392050168,0.3819977853609979
25827,GOF,0.007637670416498343,0.6211136809491221,0.3712486486343795
25828,GOF,0.005141744679339816,0.5367816197163,0.4580766356043602
25829,GOF,0.0027733152469348607,0.5939587129287593,0.4032679718243057
25830,LOF,0.03788526762680828,0.3503683399953711,0.6117463923778206
25831,GOF,0.03498785151300898,0.8195253806191772,0.1454867678678138
25832,GOF,0.0076704724631108745,0.7511706840552509,0.24115884348163813
25833,GOF,0.029129110304154476,0.8008832151535015,0.16998767454234406
25834,GOF,0.00804678986645875,0.757672663181768,0.23428054695177328
25835,GOF,0.017761541300123137,0.811695963060302,0.1705424956395748
25836,GOF,0.006969744001027154,0.7438839930752804,0.24914626292369238
25837,GOF,0.006014223011332682,0.6603153129347449,0.3336704640539224
25838,GOF,0.019988173799797015,0.8278716544345645,0.15214017176563854
25839,GOF,0.04561869969878112,0.7835766466592037,0.17080465364201522
25840,GOF,0.03837601844243596,0.8062014056235265,0.15542257593403747
25841,GOF,0.03585354969285366,0.8223499993697132,0.14179645093743318
25842,GOF,0.02365939626424976,0.8552817435950898,0.12105886014066047
25843,GOF,0.024821731203566327,0.8774483805366426,0.097729888259791
25844,GOF,0.016946698807264668,0.7911286756507037,0.19192462554203174
25845,GOF,0.004869599280187491,0.566206254007899,0.42892414671191353
25846,GOF,0.0275308543256357,0.8414141709455151,0.13105497472884942
25847,GOF,0.017928985353330745,0.867428626369003,0.11464238827766622
25848,GOF,0.013383113226578093,0.763877021615703,0.22273986515771896
25849,GOF,0.0041052891573078185,0.6489641916428862,0.346930519199806
25850,GOF,0.007121834615609368,0.6763921738045531,0.3164859915798376
25851,GOF,0.006387006800583227,0.5730835740021594,0.42052941919725745
25852,GOF,0.15581940818044762,0.5255751079026952,0.3186054839168571
25853,GOF,0.06225734966354549,0.8327888196991335,0.10495383063732114
25854,GOF,0.009180444736605882,0.6290050222219017,0.36181453304149236
25855,GOF,0.014747886903125331,0.5958102435210043,0.38944186957587035
25856,GOF,0.039431442466181015,0.7089959048784711,0.2515726526553478
25857,GOF,0.013602292656157826,0.5337773197999702,0.4526203875438719
25858,GOF,0.007995040836996032,0.5465935064053384,0.4454114527576655
25859,GOF,0.005255133859196921,0.5275846017528718,0.4671602643879312
25860,GOF,0.07386470381274,0.7897564051485655,0.1363788910386945
25861,GOF,0.10793182078875051,0.7819946657981057,0.11007351341314378
25862,GOF,0.0202107577275542,0.8426654005663874,0.13712384170605826
25863,GOF,0.01922466194472588,0.8578419841166564,0.1229333539386178
25864,GOF,0.04349102943485225,0.87848657061751,0.0780223999476378
25865,GOF,0.0316734621838173,0.849839959522647,0.11848657829353565
25866,GOF,0.024150022489183152,0.8403661536634246,0.13548382384739244
25867,GOF,0.025770096306605494,0.8646635591708806,0.10956634452251393
25868,GOF,0.0525813883758912,0.7932537683940365,0.15416484323007232
25869,GOF,0.3118262314715147,0.5897011591199057,0.09847260940857948
25870,GOF,0.18390088903575028,0.5134168990231217,0.3026822119411281
25871,GOF,0.027644948464159193,0.8370579488908957,0.1352971026449451
25872,GOF,0.016335344889589983,0.7650729614110358,0.21859169369937423
25873,GOF,0.018168077636888304,0.840857366883384,0.1409745554797279
25874,LOF,0.017007898212052713,0.1182939662587728,0.8646981355291744
25875,LOF,0.023621255755135125,0.03810609231903332,0.9382726519258315
25876,LOF,0.013683722655508398,0.031838091565572456,0.9544781857789191
25877,LOF,0.11691367478681056,0.06819153570191452,0.8148947895112749
25878,LOF,0.05175530051534159,0.09545561662403348,0.8527890828606248
25879,LOF,0.022699775175767482,0.0714697976551579,0.9058304271690747
25880,LOF,0.04237677149414298,0.011470396131969157,0.9461528323738879
25881,Neutral,0.556892712779744,0.045563974104278114,0.3975433131159779
25882,LOF,0.02239043556850267,0.03011558788711333,0.9474939765443839
25883,LOF,0.06546537190646656,0.022546512275671893,0.9119881158178615
25884,LOF,0.01059837971241873,0.03712758628367597,0.9522740340039053
25885,LOF,0.1708593021728698,0.006588735536918603,0.8225519622902117
25886,LOF,0.28471978171208767,0.0446754376574107,0.6706047806305016
25887,LOF,0.1499448031443141,0.05974160253283593,0.79031359432285
25888,LOF,0.01330172015221091,0.1023385636106186,0.8843597162371705
25889,LOF,0.01238945341966822,0.028525037957571255,0.9590855086227604
25890,LOF,0.12238826050311405,0.07690208971637259,0.8007096497805133
25891,LOF,0.04595300364240023,0.03673704750126382,0.917309948856336
25892,LOF,0.010623687071175244,0.04507839325780162,0.9442979196710231
25893,LOF,0.37318456540577105,0.015383203434259887,0.611432231159969
25894,LOF,0.41766547147812727,0.007472852288556529,0.5748616762333161
25895,LOF,0.33159883939904256,0.01627748298310676,0.6521236776178506
25896,LOF,0.04303814267173623,0.026974627009006293,0.9299872303192576
25897,LOF,0.1843587437807526,0.015075214793768275,0.800566041425479
25898,LOF,0.2057358866862009,0.03739354323915415,0.7568705700746449
25899,LOF,0.1881440159251069,0.026349709072129388,0.7855062750027637
25900,LOF,0.48506265384621483,0.011223718613139392,0.5037136275406456
25901,LOF,0.04722977171199698,0.011293358982912002,0.9414768693050911
25902,LOF,0.10488086427706007,0.01841856329725458,0.8767005724256854
25903,LOF,0.3622205643397696,0.03766909596794599,0.6001103396922843
25904,LOF,0.3052001708648202,0.039898205335821495,0.6549016237993582
25905,LOF,0.006168461274012925,0.41803748156864934,0.5757940571573377
25906,LOF,0.00790355951537901,0.1193800808066252,0.8727163596779958
25907,LOF,0.00394919131580875,0.3768848091763868,0.6191659995078045
25908,LOF,0.003454364632923966,0.28242561711583125,0.7141200182512447
25909,LOF,0.013085841786732076,0.1585942763624485,0.8283198818508195
25910,LOF,0.016142728846877823,0.1359079014646009,0.8479493696885213
25911,LOF,0.18118226440522064,0.027422464315390967,0.7913952712793885
25912,LOF,0.08113168600656136,0.03529860356742092,0.8835697104260176
25913,LOF,0.07969026287226219,0.0478440334056504,0.8724657037220874
25914,LOF,0.020304242829047102,0.059257318052108404,0.9204384391188444
25915,LOF,0.14401858601636927,0.2806548800167104,0.5753265339669202
25916,LOF,0.019804127161529985,0.1702650766562264,0.8099307961822436
25917,LOF,0.05117575699761345,0.04137193196954103,0.9074523110328455
25918,LOF,0.024972276498629473,0.033963953037041784,0.9410637704643288
25919,LOF,0.021180997424576416,0.03287605869781482,0.9459429438776087
25920,LOF,0.11301669533002405,0.21048783960577347,0.6764954650642026
25921,LOF,0.010244156120600804,0.04008907705420776,0.9496667668251915
25922,LOF,0.012506459727684589,0.033365025649853775,0.9541285146224616
25923,Neutral,0.4960125434341743,0.042223381189658155,0.46176407537616754
25924,LOF,0.017579739211816766,0.04437600058159321,0.9380442602065902
25925,LOF,0.07830011379558614,0.04928472137701586,0.872415164827398
25926,LOF,0.05760873313125552,0.04299110382962555,0.899400163039119
25927,LOF,0.020128549959602438,0.06899465890712858,0.9108767911332689
25928,LOF,0.007859413860560266,0.05270072715056705,0.9394398589888726
25929,Neutral,0.6171095869484503,0.045247719658616334,0.3376426933929334
25930,LOF,0.0684153676418615,0.03887725918916808,0.8927073731689705
25931,LOF,0.00988720363468982,0.03878834786723172,0.9513244484980785
25932,LOF,0.03409718269609224,0.03204107226851945,0.9338617450353883
25933,LOF,0.04231131847484874,0.02045192968728034,0.9372367518378708
25934,LOF,0.028647735905492726,0.0217854553308802,0.9495668087636271
25935,LOF,0.07328002712899975,0.055469974026734904,0.8712499988442655
25936,LOF,0.04721720053982023,0.026382908128483734,0.926399891331696
25937,LOF,0.009899295756916062,0.03653886978359411,0.9535618344594898
25938,LOF,0.07290345962116773,0.06434949301296942,0.8627470473658628
25939,LOF,0.03917575803266562,0.025737626316985684,0.9350866156503488
25940,LOF,0.009270116684071784,0.30292282395841497,0.6878070593575132
25941,Neutral,0.5284292272673576,0.02937710266263781,0.44219367007000454
25942,LOF,0.005024604750953963,0.04862790115890497,0.946347494090141
25943,LOF,0.03746152801252301,0.1382849240630009,0.824253547924476
25944,LOF,0.1285025341956264,0.07578259919561472,0.7957148666087588
25945,LOF,0.055862612782248376,0.019529961770308933,0.9246074254474428
25946,LOF,0.07106667162238757,0.06285584953666341,0.8660774788409491
25947,LOF,0.444054102800831,0.0676968560064852,0.4882490411926839
25948,LOF,0.30355083723588494,0.008520819284102905,0.6879283434800122
25949,LOF,0.08947849780724323,0.048760907146138746,0.8617605950466181
25950,GOF,0.036452656198066764,0.5746816657649169,0.3888656780370165
25951,LOF,0.015920381170431198,0.4343380176304714,0.5497416011990973
25952,LOF,0.2481318323779897,0.3056212316764009,0.4462469359456094
25953,LOF,0.013187059292249318,0.2003051602720892,0.7865077804356615
25954,LOF,0.060180220365892365,0.4567885139277201,0.4830312657063877
25955,LOF,0.009804377587127436,0.19180189953395008,0.7983937228789224
25956,LOF,0.031150416586148897,0.30209035486529934,0.6667592285485519
25957,LOF,0.15055443244894035,0.032349254149283066,0.8170963134017766
25958,LOF,0.05152992080260027,0.028216839055404182,0.9202532401419955
25959,LOF,0.013145796365899418,0.4824295094463294,0.5044246941877712
25960,LOF,0.006141420422781465,0.05622597205961722,0.9376326075176014
25961,LOF,0.04204658281607104,0.025838661279274346,0.9321147559046545
25962,LOF,0.03476528382507559,0.07978942315258909,0.8854452930223352
25963,LOF,0.005264985043677748,0.22568056781659612,0.7690544471397261
25964,LOF,0.0346811078613516,0.10756289699177532,0.8577559951468732
25965,LOF,0.33504720700651797,0.13767917981353597,0.527273613179946
25966,Neutral,0.5109924101384793,0.1466815820490894,0.3423260078124313
25967,LOF,0.007330353655646435,0.09000847937369605,0.9026611669706575
25968,LOF,0.0506833129324373,0.2362662855228332,0.7130504015447295
25969,LOF,0.11881166595921995,0.06291279222532399,0.8182755418154559
25970,LOF,0.017260511448027458,0.10640463949368348,0.876334849058289
25971,LOF,0.06565871804194202,0.031798520829793404,0.9025427611282647
25972,LOF,0.06335510803320085,0.04173229351171331,0.8949125984550858
25973,LOF,0.05606018367927433,0.011903686278196534,0.932036130042529
25974,LOF,0.032315345849708396,0.037821764130874375,0.9298628900194172
25975,LOF,0.04654204365774953,0.022706276256470728,0.9307516800857798
25976,LOF,0.1047653080718502,0.013359396678825403,0.8818752952493244
25977,LOF,0.20190825914341895,0.054049094503051544,0.7440426463535295
25978,LOF,0.1430359160891262,0.1279566356312446,0.7290074482796292
25979,LOF,0.12935798165633808,0.12527910638923834,0.7453629119544236
25980,LOF,0.2530493020632404,0.13799580796465513,0.6089548899721045
25981,LOF,0.27665139785429016,0.1348974853752346,0.5884511167704753
25982,LOF,0.42322059486068236,0.09733856165045587,0.4794408434888618
25983,LOF,0.3975365301793112,0.1082723940273746,0.4941910757933144
25984,LOF,0.04211086932580597,0.05821757504300965,0.8996715556311843
25985,LOF,0.38780548253053343,0.10694812157047882,0.5052463958989878
25986,LOF,0.01008787902788439,0.40210920727342103,0.5878029136986945
25987,LOF,0.03364331462504554,0.09459679529104122,0.8717598900839133
25988,LOF,0.17230346805135696,0.09491932206357567,0.7327772098850673
25989,LOF,0.03578865686123863,0.13046829902270984,0.8337430441160515
25990,LOF,0.039144821254348816,0.20424538507487633,0.7566097936707749
25991,LOF,0.019830642249714276,0.33630912356051645,0.6438602341897692
25992,LOF,0.023735022814214246,0.3473852143286217,0.6288797628571641
25993,LOF,0.019434644389865172,0.0904685358431029,0.8900968197670318
25994,LOF,0.01474318478313662,0.07698029602911276,0.9082765191877507
25995,LOF,0.01925720398202029,0.16908590989888259,0.8116568861190971
25996,Neutral,0.34732637210507505,0.3072713140126949,0.34540231388223
25997,LOF,0.07389655198557693,0.34600506985534213,0.580098378159081
25998,LOF,0.28300368461523834,0.049227014510399215,0.6677693008743625
25999,LOF,0.016310110688919816,0.24184558887681312,0.7418443004342671
26000,LOF,0.14566749758310057,0.028560387410182377,0.8257721150067171
26001,LOF,0.31101750096023106,0.023807708946581338,0.6651747900931877
26002,LOF,0.07412057733672141,0.043475062458709586,0.882404360204569
26003,GOF,0.003912613412663212,0.6016820482301173,0.3944053383572195
26004,GOF,0.0058642905258874094,0.6916488198964444,0.3024868895776681
26005,GOF,0.002968702643670698,0.5048110874919389,0.49222020986439047
26006,GOF,0.08146072995224432,0.5518462341217248,0.3666930359260308
26007,GOF,0.006682714498586287,0.5678669575899935,0.42545032791142023
26008,GOF,0.005671500253800166,0.631536826642734,0.36279167310346594
26009,GOF,0.0060837853886880336,0.6773198724643195,0.3165963421469924
26010,GOF,0.006969409826482392,0.6998937786809372,0.2931368114925805
26011,LOF,0.0027311229872728424,0.4868401462172784,0.5104287307954487
26012,GOF,0.004027980131317433,0.5567911526611679,0.4391808672075147
26013,GOF,0.005436722521806292,0.6433070801439593,0.3512561973342345
26014,LOF,0.04411721828978203,0.10709964426763066,0.8487831374425874
26015,LOF,0.13464019750113254,0.02388475730850901,0.8414750451903585
26016,LOF,0.28122265173331756,0.04699582636238986,0.6717815219042925
26017,LOF,0.02613919046653869,0.22195700254833228,0.7519038069851289
26018,LOF,0.07083889357843827,0.04541285639162425,0.8837482500299376
26019,LOF,0.06721082663179344,0.03803469554606947,0.8947544778221371
26020,LOF,0.008415261557823997,0.21592807243487605,0.7756566660073
26021,LOF,0.06886140511562185,0.08305814044768167,0.8480804544366964
26022,LOF,0.026936784693646135,0.028474619741083698,0.9445885955652702
26023,LOF,0.04510341659374353,0.027503562694730893,0.9273930207115255
26024,LOF,0.04425612392086637,0.09484295906655009,0.8609009170125834
26025,LOF,0.05900859689560196,0.08979581582495605,0.8511955872794419
26026,LOF,0.12832525799640898,0.06464606240877119,0.8070286795948198
26027,LOF,0.05712761897518279,0.022177274611818412,0.9206951064129989
26028,LOF,0.08257479605234976,0.11493295063259416,0.802492253315056
26029,LOF,0.027064082946082292,0.185091214212039,0.7878447028418787
26030,LOF,0.14740147557007058,0.02821146736098548,0.824387057068944
26031,LOF,0.01393929418915983,0.1476071719533445,0.8384535338574958
26032,LOF,0.07817190727034429,0.06166976815468205,0.8601583245749738
26033,LOF,0.0819546060830456,0.05911591821411355,0.8589294757028408
26034,LOF,0.01507676845664296,0.1614595798008524,0.8234636517425047
26035,LOF,0.01361613635926103,0.12893198364156674,0.8574518799991723
26036,LOF,0.017234914289979187,0.16646887647889846,0.8162962092311224
26037,LOF,0.011753024710938899,0.10908552421989876,0.8791614510691623
26038,LOF,0.06686509738803574,0.0571275480866378,0.8760073545253265
26039,LOF,0.02519489929704622,0.14952367468851818,0.8252814260144355
26040,LOF,0.1097894014582412,0.14563341948139502,0.7445771790603638
26041,LOF,0.013796550081900654,0.10109290733527222,0.8851105425828272
26042,LOF,0.01278880142083435,0.10039236739557256,0.886818831183593
26043,LOF,0.06601346335807527,0.07430197043344607,0.8596845662084786
26044,LOF,0.013744516038780281,0.0692068392476323,0.9170486447135875
26045,LOF,0.05312669082156017,0.10131755484674189,0.8455557543316978
26046,LOF,0.05903140279764725,0.06049107312895553,0.8804775240733973
26047,LOF,0.10113321246921862,0.06271871668729685,0.8361480708434846
26048,LOF,0.04706447828894309,0.04096147565396257,0.9119740460570944
26049,Neutral,0.9649615640727389,0.006080183322873264,0.028958252604387728
26050,Neutral,0.9487249579672248,0.007705696719643377,0.04356934531313186
26051,LOF,0.014513639603902114,0.15443450726330674,0.8310518531327912
26052,LOF,0.0233192910953025,0.19067931300878127,0.7860013958959162
26053,LOF,0.02182234874146281,0.14092883859743868,0.8372488126610985
26054,LOF,0.04842046476675094,0.015709427645458043,0.9358701075877911
26055,LOF,0.06181353259085853,0.014788233072268057,0.9233982343368734
26056,LOF,0.051851608156763936,0.01794367170533433,0.9302047201379018
26057,LOF,0.030588195190141203,0.010586320344220322,0.9588254844656384
26058,LOF,0.03135649829638773,0.009428086904271998,0.9592154147993402
26059,LOF,0.3005311952478733,0.017274509080599403,0.6821942956715273
26060,LOF,0.009779210242526053,0.13520411341312352,0.8550166763443504
26061,LOF,0.004979005907743352,0.013611527026216519,0.9814094670660402
26062,LOF,0.004018130256059782,0.018714853893458443,0.9772670158504817
26063,LOF,0.02174393416834555,0.00976037944736862,0.9684956863842857
26064,LOF,0.0071263367506953735,0.022278036911423355,0.9705956263378813
26065,LOF,0.023306729952690477,0.010512065017776177,0.9661812050295333
26066,LOF,0.020485831298830186,0.010156726827976408,0.9693574418731935
26067,LOF,0.02826900762900279,0.008037566287220176,0.963693426083777
26068,LOF,0.04303300953293996,0.027081537525773892,0.9298854529412861
26069,LOF,0.26724325226951007,0.017114639981099584,0.7156421077493904
26070,LOF,0.42721418120677845,0.012982863789183193,0.5598029550040383
26071,LOF,0.02147578934818727,0.010159289898849419,0.9683649207529634
26072,LOF,0.005547990978634065,0.02120256179762151,0.9732494472237445
26073,LOF,0.01822072047360871,0.013127020104759881,0.9686522594216315
26074,Neutral,0.9013011739743386,0.006067905954409238,0.0926309200712521
26075,LOF,0.042561264206670425,0.014195457672722827,0.9432432781206066
26076,LOF,0.03788296234690471,0.008579611590762195,0.9535374260623332
26077,LOF,0.11381069516944428,0.007964768974941205,0.8782245358556144
26078,LOF,0.005705660680077768,0.013090023582335141,0.9812043157375872
26079,LOF,0.05370372421820956,0.015508680301165173,0.9307875954806252
26080,LOF,0.05207802007738704,0.01553717236574921,0.9323848075568637
26081,LOF,0.029858970686006077,0.007017329036989884,0.963123700277004
26082,LOF,0.004731183266519198,0.015374976998952305,0.9798938397345285
26083,LOF,0.13219385625297275,0.014930128764902875,0.8528760149821243
26084,LOF,0.034788406808278535,0.011947927977394914,0.9532636652143266
26085,LOF,0.03137094103242331,0.01066812104392963,0.9579609379236471
26086,LOF,0.020184341288506907,0.010250410488136439,0.9695652482233568
26087,LOF,0.020974194443611215,0.008754108244439389,0.9702716973119494
26088,LOF,0.005645021944325292,0.022975059784489906,0.9713799182711848
26089,LOF,0.041125981424632016,0.01986102897697965,0.9390129895983884
26090,LOF,0.03996341478716167,0.01607369286361964,0.9439628923492186
26091,LOF,0.028269875271262804,0.0064921624132196895,0.9652379623155175
26092,LOF,0.021298807124901394,0.007601271824916862,0.9710999210501818
26093,LOF,0.03753057957689849,0.005878837215450094,0.9565905832076514
26094,LOF,0.029180351842866957,0.006121342776444426,0.9646983053806887
26095,LOF,0.015903443120742045,0.018738124442048473,0.9653584324372095
26096,LOF,0.15721169022995737,0.00559456873268352,0.8371937410373591
26097,LOF,0.004857162303371015,0.038077257824710095,0.957065579871919
26098,LOF,0.06971101592455771,0.013359264512868924,0.9169297195625734
26099,LOF,0.01900461640207225,0.012610852752810483,0.9683845308451173
26100,LOF,0.021008573750285413,0.011961433928206948,0.9670299923215075
26101,LOF,0.05029830855520014,0.01829597115084629,0.9314057202939535
26102,LOF,0.019724555183160818,0.013232251125218614,0.9670431936916206
26103,Neutral,0.8671283550679917,0.01900478276533184,0.1138668621666765
26104,LOF,0.06729214556929261,0.02224423324451691,0.9104636211861904
26105,LOF,0.2019053246134344,0.15372431044632393,0.6443703649402417
26106,LOF,0.32185216667009453,0.1325696328339853,0.5455782004959201
26107,LOF,0.022563456537763784,0.10516012700818819,0.872276416454048
26108,LOF,0.35783707696975453,0.04331518102619449,0.5988477420040509
26109,LOF,0.033177717621421,0.06921657264837518,0.8976057097302038
26110,LOF,0.19259373816860867,0.006807602578099894,0.8005986592532913
26111,LOF,0.07282105009473706,0.07468848491705665,0.8524904649882062
26112,LOF,0.03265789035723701,0.006958021385817245,0.9603840882569458
26113,LOF,0.05810385882364003,0.014669397379997468,0.9272267437963625
26114,LOF,0.07123292335884346,0.014746309874819596,0.914020766766337
26115,LOF,0.016404058622372354,0.0815241526777639,0.9020717886998637
26116,LOF,0.07973017040621506,0.04718399604497907,0.8730858335488058
26117,LOF,0.42147250058316416,0.04376782294225289,0.5347596764745829
26118,LOF,0.03232132596550281,0.02197685816524022,0.9457018158692571
26119,LOF,0.00439670931356259,0.04876046338824891,0.9468428272981886
26120,LOF,0.023465054186750798,0.01878081893092018,0.9577541268823291
26121,LOF,0.004212578031226842,0.14950616293782015,0.846281259030953
