feature0,prediction,LoGoFunc_Neutral,LoGoFunc_GOF,LoGoFunc_LOF
25546,Neutral,0.6422929874069992,0.06583340646381673,0.29187360612918395
25547,Neutral,0.5227601265688356,0.13359638158697912,0.34364349184418524
25548,Neutral,0.48952530944901235,0.09865156577736034,0.41182312477362737
25549,Neutral,0.4598399936634711,0.09641137252290566,0.4437486338136231
25550,LOF,0.3581149626941464,0.17739809965293937,0.46448693765291427
25551,LOF,0.29392315007352976,0.17345487781679822,0.532621972109672
25552,LOF,0.1679195226757041,0.18538867641766552,0.6466918009066304
25553,Neutral,0.8122909112317439,0.045098186651002924,0.14261090211725305
25554,LOF,0.20521021932174122,0.18428403150074446,0.6105057491775143
25555,LOF,0.16417151738080904,0.167057519237335,0.668770963381856
25556,Neutral,0.48352079197390657,0.13488229895278384,0.38159690907330956
25557,LOF,0.15745317217824426,0.1733018868321846,0.6692449409895711
25558,LOF,0.20202161020696202,0.19811803087979982,0.5998603589132382
25559,Neutral,0.5648243003148498,0.04512528415459079,0.3900504155305594
25560,LOF,0.04703287305003808,0.30252650596957587,0.650440620980386
25561,LOF,0.07931055918794415,0.36901007590073787,0.5516793649113181
25562,LOF,0.10651712405328495,0.20384913220517478,0.6896337437415403
25563,LOF,0.10756500845405272,0.20481240104167858,0.6876225905042688
25564,LOF,0.06161316482048121,0.28836726747220753,0.6500195677073113
25565,LOF,0.14269626285425172,0.23364175078846555,0.6236619863572828
25566,GOF,0.016108865546645125,0.768688488133768,0.215202646319587
25567,LOF,0.011987270435512828,0.10786805719836569,0.8801446723661216
25568,LOF,0.04282485553321525,0.06113749626106377,0.896037648205721
25569,LOF,0.05679337816807776,0.061933149204988616,0.8812734726269337
25570,LOF,0.059114713803873516,0.09069353923187198,0.8501917469642544
25571,LOF,0.061759496298991766,0.08324976154310212,0.854990742157906
25572,LOF,0.06449959804285241,0.12163410598974868,0.813866295967399
25573,LOF,0.026611585993849725,0.06977114122436495,0.9036172727817854
25574,LOF,0.014433085742057424,0.11787080996364772,0.8676961042942948
25575,LOF,0.05245968583286881,0.08959179928911049,0.8579485148780206
25576,LOF,0.01908127952639253,0.08619302040587246,0.8947257000677351
25577,LOF,0.012221614911271885,0.12034933433311223,0.8674290507556159
25578,LOF,0.23045220559507296,0.0781438794606144,0.6914039149443126
25579,LOF,0.2325438942442882,0.07758687170337304,0.6898692340523387
25580,LOF,0.03645090442631861,0.07876064385115415,0.8847884517225273
25581,LOF,0.04819966201293329,0.06299507275022441,0.8888052652368422
25582,LOF,0.04801574710671106,0.06023837245241848,0.8917458804408703
25583,LOF,0.04194211099497068,0.08495119568229814,0.8731066933227312
25584,Neutral,0.4937551234965776,0.06734988671883467,0.4388949897845878
25585,LOF,0.0318515923248734,0.08517237718598135,0.8829760304891452
25586,LOF,0.03210388275068915,0.06238438492784302,0.9055117323214678
25587,LOF,0.030134415146811224,0.054877539685090675,0.9149880451680981
25588,LOF,0.029871312614922253,0.07064688278390154,0.8994818046011762
25589,Neutral,0.6187098470023028,0.0726636914815417,0.3086264615161555
25590,LOF,0.024587700845273952,0.10052505894717255,0.8748872402075536
25591,LOF,0.10284137414969556,0.05000240713185861,0.8471562187184457
25592,LOF,0.09504353512892585,0.11373372031363904,0.7912227445574351
25593,LOF,0.013775736732339533,0.21401658333754245,0.772207679930118
25594,LOF,0.034328420161549966,0.1992385519874162,0.7664330278510337
25595,LOF,0.06477011604999248,0.14573105792913846,0.7894988260208691
25596,LOF,0.08397932587386095,0.09722869596786815,0.8187919781582709
25597,LOF,0.07610602869228981,0.04602567653693781,0.8778682947707724
25598,LOF,0.04043974009933422,0.208551941982619,0.7510083179180468
25599,GOF,0.007610215707630694,0.5698438024028484,0.42254598188952097
25600,GOF,0.00818215953548793,0.5349645699915431,0.45685327047296903
25601,LOF,0.006927465762216843,0.348649013012915,0.6444235212248682
25602,LOF,0.014554584292057545,0.06198623807261674,0.9234591776353257
25603,LOF,0.04195405743050793,0.02481203966462742,0.9332339029048647
25604,LOF,0.034637623760394164,0.055446743462065594,0.9099156327775403
25605,LOF,0.011139677617152503,0.17287865649133,0.8159816658915175
25606,LOF,0.05306140269306538,0.43468064997198297,0.5122579473349517
25607,LOF,0.0038765382530658206,0.1323501677515113,0.8637732939954229
25608,LOF,0.050096610537344016,0.05439011527890813,0.8955132741837479
25609,LOF,0.05851417098268789,0.2780650545652423,0.6634207744520698
25610,LOF,0.04915226074821728,0.04630857091154855,0.9045391683402341
25611,LOF,0.06083451922312771,0.030944433168862247,0.9082210476080101
25612,LOF,0.12141884032557826,0.08137922256229224,0.7972019371121295
25613,LOF,0.1026709308416833,0.07298756605694394,0.8243415031013727
25614,LOF,0.03968897447211853,0.06061652238678182,0.8996945031410998
25615,LOF,0.079315903160995,0.07051092533222496,0.8501731715067801
25616,LOF,0.04427595709862851,0.08281658927289338,0.8729074536284782
25617,LOF,0.04942811128539114,0.07540386806798585,0.875168020646623
25618,LOF,0.2840454976761897,0.06025981800715989,0.6556946843166505
25619,LOF,0.04521409150612883,0.06138677381990097,0.8933991346739703
25620,LOF,0.038633167276758036,0.08240449841797329,0.8789623343052687
25621,LOF,0.04244228325037921,0.05749268600407785,0.9000650307455429
25622,LOF,0.032533721731637245,0.08550120448200028,0.8819650737863624
25623,LOF,0.05311856102319087,0.055657870494428774,0.8912235684823804
25624,LOF,0.02994718265482425,0.06802398344276779,0.902028833902408
25625,LOF,0.04160030429806799,0.07667411889597175,0.8817255768059603
25626,LOF,0.08215546872632126,0.05928940097374735,0.8585551302999315
25627,Neutral,0.5701451172569378,0.11904094398126938,0.3108139387617928
25628,LOF,0.21192176436423618,0.06385353601604665,0.7242246996197171
25629,LOF,0.07404665999641305,0.13793943813224385,0.7880139018713431
25630,LOF,0.18153666067532814,0.10058228420908559,0.7178810551155863
25631,Neutral,0.5977425876099902,0.07233720522458376,0.32992020716542597
25632,LOF,0.023445247216922125,0.06491809349130587,0.9116366592917721
25633,LOF,0.24056473744584314,0.0823349435933267,0.6771003189608302
25634,LOF,0.04076316735016595,0.07811225977035023,0.8811245728794839
25635,LOF,0.03699724302347753,0.06687983687619313,0.8961229201003295
25636,GOF,0.004891842943172231,0.6699448517579714,0.3251633052988564
25637,GOF,0.0037561471975052136,0.605164185733631,0.3910796670688639
25638,GOF,0.007169656505161216,0.5595224527017805,0.4333078907930584
25639,GOF,0.003988128008600998,0.5124844007742771,0.4835274712171219
25640,GOF,0.3413755626217602,0.6036585621198511,0.05496587525838872
25641,LOF,0.00607648467285701,0.2781839511244387,0.7157395642027043
25642,LOF,0.25301808539006526,0.0998417293640889,0.6471401852458457
25643,LOF,0.2393392726128962,0.15864337991432761,0.6020173474727761
25644,GOF,0.015474970510684466,0.6780040860101749,0.30652094347914066
25645,GOF,0.011281296697571228,0.5863068172167164,0.40241188608571227
25646,LOF,0.012266534696927262,0.4041914314651156,0.583542033837957
25647,LOF,0.01155340199342414,0.310680189695091,0.6777664083114848
25648,LOF,0.007915908003296238,0.429027634913276,0.5630564570834278
25649,LOF,0.008514541079747808,0.23916488478786446,0.7523205741323877
25650,GOF,0.024770538414515843,0.5254350970744979,0.44979436451098626
25651,LOF,0.0065640796880806615,0.2645661275458893,0.72886979276603
25652,LOF,0.012875360566292912,0.3798201958854259,0.6073044435482812
25653,GOF,0.052426960671874204,0.5600053539333227,0.38756768539480313
25654,LOF,0.008728930600074307,0.34628291591439936,0.6449881534855263
25655,GOF,0.08363001313923955,0.5363710285195882,0.37999895834117237
25656,LOF,0.1007566073363472,0.17115020723545296,0.7280931854281998
25657,LOF,0.28251504545962053,0.07483614416452755,0.642648810375852
25658,LOF,0.036927949273603725,0.2922774190122498,0.6707946317141464
25659,LOF,0.24045050139788435,0.1497972604241429,0.6097522381779727
25660,LOF,0.10025355636476486,0.08480490994411927,0.8149415336911159
25661,LOF,0.07113080634840337,0.07235308284741564,0.8565161108041811
25662,LOF,0.04009853671759308,0.061218833725844676,0.8986826295565623
25663,LOF,0.05024561365668011,0.11347159224213464,0.8362827941011852
25664,LOF,0.03131109423062614,0.1793284669285666,0.7893604388408074
25665,LOF,0.045397876223698605,0.076467002116162,0.8781351216601394
25666,LOF,0.040448955884620774,0.20229737229960454,0.7572536718157747
25667,LOF,0.041390253386829404,0.051718879257634034,0.9068908673555366
25668,LOF,0.05859725581545792,0.06707898566687243,0.8743237585176696
25669,LOF,0.05469965298574227,0.09759657794068599,0.8477037690735717
25670,LOF,0.0841656944368039,0.10446118640295025,0.8113731191602459
25671,LOF,0.05137071002261956,0.052591290128684354,0.896037999848696
25672,LOF,0.05269264128346683,0.0811347567986771,0.866172601917856
25673,LOF,0.03866917598729776,0.085373783943046,0.8759570400696562
25674,LOF,0.027616041392516263,0.10144775304984598,0.8709362055576378
25675,LOF,0.03518402260946364,0.07889755005417964,0.8859184273363568
25676,LOF,0.03884261745079659,0.07103235184844549,0.890125030700758
25677,LOF,0.09135922767203061,0.05616311783120886,0.8524776544967605
25678,LOF,0.18938935481135885,0.04858237525358216,0.7620282699350589
25679,LOF,0.12953385017493219,0.05196164243492855,0.8185045073901392
25680,LOF,0.103921140828447,0.09235754057484187,0.8037213185967111
25681,LOF,0.11496032488586919,0.08962756103213444,0.7954121140819964
25682,LOF,0.054479132076944665,0.05605497704339788,0.8894658908796574
25683,LOF,0.08476694102422072,0.07551020467116075,0.8397228543046185
25684,LOF,0.07040502903017715,0.060775000126159454,0.8688199708436635
25685,LOF,0.12984943324201598,0.0540251507081677,0.8161254160498164
25686,LOF,0.02612786265556254,0.09543633086286193,0.8784358064815755
25687,LOF,0.06115044368229446,0.10241975838695168,0.8364297979307539
25688,LOF,0.01980281063912809,0.06368332261321442,0.9165138667476574
25689,LOF,0.01908230276701371,0.03019457290847331,0.9507231243245129
25690,LOF,0.017866094272657635,0.03757664896493535,0.9445572567624071
25691,LOF,0.11748629818204452,0.05951075454847297,0.8230029472694825
25692,LOF,0.2716737471721118,0.011881431247598068,0.7164448215802901
25693,LOF,0.031396563151947124,0.27080316890752404,0.6978002679405289
25694,LOF,0.23100282975484165,0.01198896907625301,0.7570082011689053
25695,LOF,0.1823494310574859,0.025088993194282237,0.7925615757482318
25696,LOF,0.08743247143928484,0.024048511449590807,0.8885190171111244
25697,LOF,0.07480765326862808,0.04261601705522267,0.8825763296761492
25698,LOF,0.014914130785576346,0.4256484783229258,0.5594373908914979
25699,LOF,0.09459959952354892,0.13485731257753367,0.7705430878989175
25700,LOF,0.03700924949263452,0.022989001620262448,0.940001748887103
25701,LOF,0.012953927964209903,0.13546882661273682,0.8515772454230531
25702,GOF,0.028664901538120763,0.804592369056565,0.16674272940531423
25703,LOF,0.017305809930180986,0.29626027569,0.6864339143798189
25704,LOF,0.0781836191089982,0.18027835701208747,0.7415380238789143
25705,LOF,0.06506505022268882,0.1508948724139048,0.7840400773634063
25706,GOF,0.017414944966194456,0.6253590783599888,0.3572259766738167
25707,GOF,0.025842829737175926,0.49532603784444873,0.4788311324183753
25708,LOF,0.006957065819359924,0.44542695828454487,0.5476159758960953
25709,LOF,0.029538256129893345,0.06242712218320209,0.9080346216869045
25710,LOF,0.005880527598799816,0.12541732568812297,0.8687021467130772
25711,LOF,0.03135950935549908,0.11684562397309951,0.8517948666714015
25712,LOF,0.007913158947806847,0.19848092150489438,0.7936059195472989
25713,LOF,0.02973730140248738,0.09802514952484635,0.8722375490726663
25714,LOF,0.025497393224933846,0.13305421817010762,0.8414483886049585
25715,LOF,0.03524187014005802,0.1187284418343855,0.8460296880255564
25716,LOF,0.006382676151731913,0.13404825462896303,0.8595690692193051
25717,LOF,0.005993894615137534,0.11748004077031413,0.8765260646145484
25718,LOF,0.03281783967994249,0.07500182545158939,0.8921803348684682
25719,LOF,0.042314894866345355,0.0956713173380506,0.862013787795604
25720,LOF,0.0374785233376216,0.10716586989976266,0.8553556067626157
25721,LOF,0.030985908156581168,0.11016102356228417,0.8588530682811346
25722,LOF,0.01969477344118224,0.13304805295542635,0.8472571736033914
25723,LOF,0.03459491770983513,0.09563848976634103,0.8697665925238238
25724,LOF,0.04889868873153827,0.22363457556649022,0.7274667357019715
25725,LOF,0.036064316411291486,0.08469640239456445,0.8792392811941441
25726,LOF,0.02200048677539002,0.1282070663052479,0.8497924469193621
25727,LOF,0.03178439844224357,0.09341154692706387,0.8748040546306927
25728,LOF,0.031697825411584925,0.11292360736231133,0.8553785672261037
25729,LOF,0.028594130608407337,0.12596700829197927,0.8454388610996134
25730,LOF,0.03836517739495357,0.07959305376083607,0.8820417688442104
25731,LOF,0.009948753612816332,0.08900155617530561,0.901049690211878
25732,LOF,0.02125280066031215,0.0689249485687098,0.9098222507709781
25733,LOF,0.038098652923717,0.08438633772301102,0.877515009353272
25734,LOF,0.006471791420093946,0.25050393998208775,0.7430242685978182
25735,LOF,0.026825765753355494,0.08579547261810405,0.8873787616285403
25736,LOF,0.02454233587941227,0.14930402718769487,0.8261536369328929
25737,LOF,0.035758790810979144,0.10818804957052444,0.8560531596184964
25738,LOF,0.028437836699885248,0.1540840785455299,0.8174780847545847
25739,LOF,0.028794384523853925,0.10801498670706065,0.8631906287690854
25740,LOF,0.038975356047039895,0.11876372691594093,0.8422609170370192
25741,LOF,0.04318820241373411,0.09818265434315883,0.8586291432431071
25742,LOF,0.0575872963613454,0.1042532198707816,0.838159483767873
25743,LOF,0.011614726368999016,0.028455372963099173,0.9599299006679017
25744,LOF,0.19975829827558902,0.15152503842139894,0.648716663303012
25745,LOF,0.04232670598265449,0.05479978033267772,0.9028735136846677
25746,LOF,0.015541283875635812,0.09665061004868993,0.8878081060756743
25747,LOF,0.049394656251295826,0.036203138097666315,0.9144022056510379
25748,LOF,0.3067530935785014,0.08164887219768015,0.6115980342238184
25749,LOF,0.01689047062338669,0.05015446054357314,0.9329550688330401
25750,LOF,0.022874810817196434,0.058183401995541985,0.9189417871872616
25751,LOF,0.04368800149210991,0.05721009337739292,0.8991019051304971
25752,GOF,0.08667152721249119,0.6926401179799485,0.22068835480756033
25753,LOF,0.006970599385646078,0.4584086662298179,0.534620734384536
25754,GOF,0.0077023984617699565,0.9028716240912056,0.08942597744702444
25755,LOF,0.006797486747834465,0.4300775424772466,0.5631249707749189
25756,LOF,0.02013959828160013,0.47241505458252003,0.5074453471358797
25757,GOF,0.008328855333884153,0.8771518329514073,0.11451931171470843
25758,GOF,0.008418042885245915,0.9023342408116849,0.08924771630306931
25759,GOF,0.006315386156439688,0.6982039624882131,0.2954806513553472
25760,LOF,0.005103547107363464,0.3456625204144579,0.6492339324781787
25761,GOF,0.04320220674571108,0.8804038130528002,0.07639398020148855
25762,LOF,0.022743042190899367,0.3957025132931509,0.5815544445159496
25763,LOF,0.005707526784643316,0.32917626699440733,0.6651162062209492
25764,GOF,0.06827761135512997,0.7039179621973942,0.22780442644747587
25765,GOF,0.008098083586633947,0.8938605071075013,0.0980414093058647
25766,GOF,0.024587103561418112,0.8715278904187442,0.10388500601983762
25767,GOF,0.01674700063601861,0.5012598234662775,0.4819931758977039
25768,LOF,0.05598979446030351,0.03772959589055931,0.906280609649137
25769,LOF,0.02465346623484541,0.10717463832408622,0.8681718954410684
25770,LOF,0.12777939569724103,0.1784558565849532,0.6937647477178057
25771,LOF,0.016558872594408403,0.13584031749376915,0.8476008099118225
25772,LOF,0.029990599123742155,0.05374156168761076,0.916267839188647
25773,LOF,0.013769418722836142,0.12153735683671747,0.8646932244404463
25774,LOF,0.022727395124243672,0.27958304481370205,0.6976895600620543
25775,LOF,0.017300652909698375,0.06038043411153962,0.922318912978762
25776,LOF,0.029995381419816065,0.03144454674349106,0.9385600718366929
25777,LOF,0.2931917125202316,0.16606909816539353,0.5407391893143749
25778,LOF,0.02515832686032927,0.12223628220397258,0.8526053909356981
25779,GOF,0.05764297873406904,0.8684495459610015,0.07390747530492943
25780,GOF,0.0683677940267459,0.8757021735361967,0.055930032437057436
25781,GOF,0.029558779655713855,0.8380977331150633,0.1323434872292229
25782,GOF,0.036444552934121265,0.8995265012838176,0.06402894578206121
25783,GOF,0.03936549920502341,0.9059076443852153,0.05472685640976118
25784,GOF,0.11921100712794343,0.8319819428043302,0.048807050067726336
25785,GOF,0.1271031550634441,0.8412849370749541,0.031611907861601736
25786,GOF,0.011657426186471176,0.8714363555614905,0.11690621825203834
25787,GOF,0.26940878887605235,0.6866068432031622,0.04398436792078538
25788,LOF,0.018365682624374626,0.20295661627868009,0.7786777010969453
25789,GOF,0.01974744398291929,0.866363579224589,0.11388897679249173
25790,GOF,0.030766802888293688,0.892900373318917,0.07633282379278929
25791,GOF,0.02710273851265747,0.7380849030850615,0.23481235840228112
25792,GOF,0.03422743242427181,0.7942511591150961,0.1715214084606321
25793,GOF,0.045873140045476504,0.816666339608798,0.13746052034572553
25794,GOF,0.05439461088532168,0.7332592530165224,0.21234613609815603
25795,GOF,0.05006738242775242,0.7386239692764852,0.21130864829576243
25796,GOF,0.1460580313662695,0.7727357135723002,0.08120625506143037
25797,GOF,0.0742394728033654,0.7267293154225976,0.19903121177403713
25798,GOF,0.007359384298127091,0.8176382206143094,0.1750023950875636
25799,GOF,0.004885326863444049,0.7275293743820717,0.26758529875448417
25800,GOF,0.025847243410217074,0.865083605169843,0.10906915141993999
25801,GOF,0.026150294435354247,0.8908791753527376,0.08297053021190802
25802,GOF,0.029112686624666262,0.80403345175828,0.16685386161705368
25803,GOF,0.021568440385572766,0.7429136624450151,0.23551789716941213
25804,GOF,0.03705633271364904,0.803264735465877,0.15967893182047402
25805,GOF,0.031697252439167885,0.8475457963205159,0.1207569512403162
25806,GOF,0.041729503021557,0.8482324899879232,0.11003800699051988
25807,GOF,0.016513345560536137,0.8050105586562502,0.1784760957832137
25808,GOF,0.026874542209891356,0.8125743943201837,0.16055106346992498
25809,GOF,0.014853176046426319,0.7600013083505534,0.22514551560302026
25810,GOF,0.012775032177503563,0.7463939476244124,0.24083102019808408
25811,GOF,0.07415372966566497,0.8490912500500355,0.07675502028429958
25812,GOF,0.03619486800065393,0.786701599328323,0.17710353267102308
25813,GOF,0.19424363243281895,0.7353285564914742,0.07042781107570674
25814,GOF,0.032760571121009836,0.7803674018673002,0.18687202701168992
25815,GOF,0.06179331274723632,0.8076574262338903,0.13054926101887337
25816,GOF,0.010453474179755586,0.8745376122555828,0.11500891356466161
25817,GOF,0.11554020317718862,0.7514637473586492,0.13299604946416219
25818,GOF,0.03107290796598935,0.7998101450057424,0.16911694702826818
25819,GOF,0.0541156418736818,0.7731545118786212,0.17272984624769713
25820,GOF,0.05816207333588974,0.7466908652736262,0.19514706139048416
25821,GOF,0.040442564103922905,0.796707283714944,0.1628501521811331
25822,GOF,0.06893383450014438,0.7769893698065705,0.1540767956932851
25823,GOF,0.0343881085756897,0.7363529447063566,0.22925894671795355
25824,GOF,0.0330334361262004,0.8071183357791599,0.1598482280946397
25825,GOF,0.024700919765992268,0.8100915259405327,0.16520755429347503
25826,GOF,0.013062762386938655,0.744194065961782,0.2427431716512794
25827,GOF,0.01792933688947432,0.7537489837765577,0.22832167933396796
25828,GOF,0.012042511677098593,0.8005941962679326,0.18736329205496885
25829,GOF,0.004934336244414061,0.6948860304590248,0.3001796332965613
25830,GOF,0.053067061496686545,0.5444969019301912,0.40243603657312227
25831,GOF,0.0675967076271223,0.8079268889954035,0.12447640337747419
25832,GOF,0.012167936538980576,0.7513547083849567,0.23647735507606277
25833,GOF,0.044128165512162865,0.8188882285375664,0.13698360595027068
25834,GOF,0.012661604947245246,0.7708741569846347,0.21646423806812012
25835,GOF,0.02832511840702571,0.8432069636840904,0.12846791790888382
25836,GOF,0.00803279004478072,0.7770375928638196,0.2149296170913997
25837,GOF,0.010292818991897788,0.7788985759065722,0.21080860510153002
25838,GOF,0.022268481432186772,0.8427757926871926,0.1349557258806206
25839,GOF,0.05237604098218997,0.8125505433996753,0.1350734156181347
25840,GOF,0.08556915996309303,0.7817685234898911,0.13266231654701596
25841,GOF,0.0744899193408361,0.8274733975136207,0.09803668314554327
25842,GOF,0.02782040112443565,0.8914491499431477,0.08073044893241672
25843,GOF,0.02593480737544637,0.8943011320355311,0.07976406058902243
25844,GOF,0.02111063406069046,0.8283287790782197,0.15056058686108978
25845,GOF,0.007186861525206069,0.730134866912097,0.262678271562697
25846,GOF,0.06863156638932098,0.8388976685982378,0.09247076501244123
25847,GOF,0.017937130533719696,0.8880022185370149,0.09406065092926563
25848,GOF,0.025244864183626613,0.8306625679542359,0.1440925678621376
25849,GOF,0.008020379651899138,0.8036247311409748,0.18835488920712629
25850,GOF,0.007041997336352181,0.732243316742998,0.2607146859206497
25851,GOF,0.006284895455543482,0.6775270279033144,0.3161880766411421
25852,GOF,0.13758309332748705,0.5458527818355421,0.316564124836971
25853,GOF,0.05481539816648461,0.7973551545078966,0.14782944732561876
25854,GOF,0.006811629033390512,0.7435448235895462,0.2496435473770633
25855,GOF,0.023263489992862558,0.6337035621269854,0.34303294788015193
25856,GOF,0.046923900242942344,0.7325438735716782,0.22053222618537957
25857,GOF,0.02325467330992046,0.6302792201690062,0.34646610652107324
25858,GOF,0.010179604657007135,0.6185726846283476,0.37124771071464535
25859,GOF,0.007348560710712275,0.591447679788274,0.4012037595010137
25860,GOF,0.09575013046569568,0.737614218265888,0.16663565126841637
25861,GOF,0.09892083622995904,0.8071680300130457,0.0939111337569952
25862,GOF,0.024319973600418102,0.9017539288650216,0.0739260975345603
25863,GOF,0.019926851957182256,0.8780258688637702,0.10204727917904752
25864,GOF,0.03715288189918174,0.8994779798650103,0.06336913823580806
25865,GOF,0.038528197025270466,0.8709784446392813,0.09049335833544826
25866,GOF,0.02017467158400787,0.8730317932186995,0.10679353519729247
25867,GOF,0.042224450786656945,0.8700409166402265,0.08773463257311638
25868,GOF,0.06704482300397042,0.7937935786111496,0.13916159838488
25869,GOF,0.3181719282237445,0.5884525251516495,0.09337554662460604
25870,GOF,0.0667434134706168,0.6143685528306536,0.3188880336987295
25871,GOF,0.009895178093123567,0.8481882594287735,0.1419165624781028
25872,GOF,0.022076122942967083,0.8096981460528758,0.16822573100415708
25873,GOF,0.021168785946113995,0.8973913013995352,0.0814399126543508
25874,LOF,0.024468045941664684,0.20118506214409212,0.7743468919142433
25875,LOF,0.023238099828951406,0.12222826891564179,0.8545336312554067
25876,LOF,0.023270479573476277,0.06068713189597816,0.9160423885305456
25877,LOF,0.09989517597853959,0.193114446610496,0.7069903774109644
25878,LOF,0.06641093104025383,0.2892212231153365,0.6443678458444096
25879,LOF,0.010447448119976447,0.1760181039354116,0.8135344479446119
25880,LOF,0.04375705969906017,0.022729203187816162,0.9335137371131236
25881,Neutral,0.5190760357937918,0.14451124492293502,0.3364127192832732
25882,LOF,0.04528038202877577,0.0333814123243062,0.921338205646918
25883,LOF,0.029799277762543916,0.02827356978998007,0.941927152447476
25884,LOF,0.0159479353987145,0.04453882537395905,0.9395132392273264
25885,LOF,0.15371830280853427,0.014433158346991562,0.8318485388444742
25886,LOF,0.2697984089360288,0.056817415880799686,0.6733841751831715
25887,LOF,0.07242330932352013,0.19897554595696265,0.7286011447195172
25888,LOF,0.007463716826377917,0.21679712663154613,0.7757391565420759
25889,LOF,0.02534040015436839,0.03935348113881535,0.9353061187068163
25890,LOF,0.19866062440034843,0.06986779119467768,0.731471584404974
25891,LOF,0.10891361205410395,0.04266282738260411,0.8484235605632919
25892,LOF,0.008219407086826976,0.025506891733360293,0.9662737011798127
25893,LOF,0.2859380166248155,0.00931948368376713,0.7047424996914173
25894,LOF,0.32210606330778824,0.005976833954862496,0.6719171027373493
25895,LOF,0.2643622965030804,0.013238093666930342,0.7223996098299893
25896,LOF,0.08805555744043671,0.029236239377148112,0.882708203182415
25897,LOF,0.10804612686873956,0.011685474253566523,0.8802683988776939
25898,LOF,0.11725407045334639,0.024530823246142624,0.858215106300511
25899,LOF,0.4049539470474216,0.0316046721061722,0.5634413808464062
25900,Neutral,0.6762794842946108,0.011801012441970132,0.3119195032634191
25901,LOF,0.059865174453337465,0.011659205889261774,0.9284756196574008
25902,LOF,0.07634099531113502,0.00865449860866839,0.9150045060801966
25903,LOF,0.15253519466444745,0.025120143272059116,0.8223446620634934
25904,Neutral,0.48298698370431425,0.05974496129051091,0.457268055005175
25905,LOF,0.007343032969558621,0.39938648404206883,0.5932704829883727
25906,LOF,0.009008673769613732,0.07384481062705184,0.9171465156033344
25907,LOF,0.008443982708481191,0.2796287054356352,0.7119273118558835
25908,LOF,0.008050819260706924,0.24537039323901652,0.7465787875002765
25909,LOF,0.029888194079580446,0.13397324854454284,0.8361385573758767
25910,LOF,0.017153468066897732,0.11233806066878946,0.8705084712643127
25911,LOF,0.18170337051303545,0.02726911090887757,0.791027518578087
25912,LOF,0.13608642198222792,0.02528437396081323,0.8386292040569588
25913,LOF,0.019178986958898015,0.025834403386420773,0.9549866096546813
25914,LOF,0.045243554956086174,0.03974805377528648,0.9150083912686274
25915,LOF,0.22896412225167254,0.3201942570588632,0.45084162068946426
25916,LOF,0.013052761901631878,0.19518100965311708,0.791766228445251
25917,LOF,0.06651532716639821,0.05230944345856114,0.8811752293750406
25918,LOF,0.05181128944344024,0.026433298778213304,0.9217554117783465
25919,LOF,0.0387655575792207,0.02987910772075103,0.9313553347000283
25920,LOF,0.3358842880998743,0.22803445396567543,0.43608125793445024
25921,LOF,0.02131593261773655,0.0207043808481029,0.9579796865341605
25922,LOF,0.0225110420572002,0.018673978366434616,0.9588149795763652
25923,LOF,0.42792969713022566,0.010701995433298226,0.5613683074364761
25924,LOF,0.027953970871363237,0.014992707659521902,0.9570533214691148
25925,LOF,0.11507809337053157,0.022574925801329172,0.8623469808281392
25926,LOF,0.09795924568939819,0.016397470096721704,0.8856432842138802
25927,LOF,0.029435133685181747,0.022824996720906623,0.9477398695939117
25928,LOF,0.015989873438869175,0.0108522578355841,0.9731578687255468
25929,Neutral,0.5660103843304048,0.010418077507081555,0.4235715381625137
25930,LOF,0.0603737030973706,0.01006005094438257,0.9295662459582468
25931,LOF,0.016689843566766314,0.010758726542139021,0.9725514298910946
25932,LOF,0.07861585868637562,0.00920210876328025,0.9121820325503441
25933,LOF,0.0897275799772971,0.006415046327840662,0.9038573736948623
25934,LOF,0.09078461829352626,0.006783551581656707,0.9024318301248171
25935,LOF,0.11143699406093244,0.018723106261822497,0.8698398996772451
25936,LOF,0.09977423694474735,0.006814488493012381,0.8934112745622402
25937,LOF,0.018067469169874745,0.01296438291408381,0.9689681479160414
25938,LOF,0.11170219323404361,0.016819599393652095,0.8714782073723044
25939,LOF,0.0635093882236495,0.0115306877936329,0.9249599239827175
25940,LOF,0.010514947111421365,0.4546223788545748,0.5348626740340038
25941,LOF,0.4674739100937949,0.027745079234471948,0.5047810106717332
25942,LOF,0.012552918357769735,0.03478580223707723,0.9526612794051531
25943,LOF,0.05555710183720734,0.10687325410874432,0.8375696440540483
25944,LOF,0.05608788573478043,0.07543637851816701,0.8684757357470525
25945,LOF,0.19817432973862079,0.02130178647545525,0.780523883785924
25946,LOF,0.08521508141210465,0.07797198716364466,0.8368129314242506
25947,Neutral,0.488628082855615,0.1950964233463904,0.3162754937979947
25948,Neutral,0.5432052503672705,0.022482315835850013,0.4343124337968794
25949,LOF,0.12139058992155408,0.05384192478737095,0.824767485291075
25950,GOF,0.08277745935850629,0.6829201646005126,0.23430237604098106
25951,GOF,0.015285825466567954,0.549443912608121,0.43527026192531115
25952,LOF,0.13610039193502055,0.34162859888056085,0.5222710091844186
25953,LOF,0.0065191213470217856,0.36408524647621504,0.6293956321767632
25954,GOF,0.06272505608622374,0.5210984142618361,0.4161765296519402
25955,LOF,0.007215563276705269,0.3824287117874961,0.6103557249357986
25956,LOF,0.00839805452095495,0.47681622786197403,0.514785717617071
25957,LOF,0.1831187059926763,0.06824326245419758,0.7486380315531261
25958,LOF,0.023740032017944942,0.07394602704332383,0.9023139409387312
25959,GOF,0.0061212725426841065,0.7301474423692842,0.2637312850880318
25960,LOF,0.005262811229814469,0.12595338726399746,0.8687838015061881
25961,LOF,0.024693183720776155,0.06717547007341582,0.9081313462058079
25962,LOF,0.04226498752674166,0.10410762435062719,0.8536273881226312
25963,LOF,0.010430463650600325,0.1466630439020825,0.8429064924473172
25964,LOF,0.046263835134187616,0.09024194456617152,0.8634942202996408
25965,LOF,0.17189893818526117,0.1881934602414638,0.639907601573275
25966,LOF,0.34462373501631915,0.13717825959456342,0.5181980053891174
25967,LOF,0.007563411000603777,0.09433531502388814,0.8981012739755081
25968,LOF,0.06264511320812274,0.2139464431323056,0.7234084436595717
25969,LOF,0.12900787871628028,0.04397766887514958,0.8270144524085702
25970,LOF,0.05528726299099676,0.055015678065733355,0.8896970589432698
25971,LOF,0.06917140632848563,0.025380576250255252,0.9054480174212591
25972,LOF,0.0752006654028979,0.0297081955290194,0.8950911390680828
25973,LOF,0.07884458051363107,0.010885458986223872,0.9102699605001451
25974,LOF,0.06399113037816241,0.031189756466795993,0.9048191131550416
25975,LOF,0.027840040980933112,0.012757218042890308,0.9594027409761766
25976,LOF,0.08607463600235536,0.011529300723031169,0.9023960632746135
25977,LOF,0.23716821202852365,0.04934097095474005,0.7134908170167362
25978,LOF,0.16896929940417255,0.12261739159998142,0.708413308995846
25979,LOF,0.1271460988487737,0.12775768008822114,0.7450962210630052
25980,LOF,0.19776118131940468,0.2246613204122915,0.5775774982683037
25981,LOF,0.19951384204434466,0.2299636495834944,0.570522508372161
25982,LOF,0.2788794073598981,0.12521246540571052,0.5959081272343913
25983,Neutral,0.4766001676590787,0.1107659730509688,0.41263385928995244
25984,LOF,0.06604576599262361,0.05573772694752788,0.8782165070598486
25985,Neutral,0.4888193325717502,0.11508833775490059,0.39609232967334906
25986,LOF,0.01225688752482471,0.3910609556121411,0.5966821568630342
25987,LOF,0.030910458757179567,0.08055061899135907,0.8885389222514614
25988,LOF,0.04821091071235526,0.09371417891533122,0.8580749103723135
25989,LOF,0.04845966358658107,0.11145528142007259,0.8400850549933464
25990,LOF,0.04904760312816609,0.20879981260173322,0.7421525842701008
25991,GOF,0.021953688303541486,0.6090096936902546,0.3690366180062039
25992,LOF,0.011867451418093153,0.458209259745085,0.5299232888368218
25993,LOF,0.01861765252834081,0.09034609890792904,0.8910362485637301
25994,LOF,0.02541692484045489,0.09835762930877101,0.8762254458507741
25995,LOF,0.016591097557454422,0.1653657666586372,0.8180431357839084
25996,GOF,0.3363961217184953,0.47767010585361497,0.18593377242788964
25997,GOF,0.06413540516309897,0.6463863273424951,0.28947826749440597
25998,LOF,0.2515697992547493,0.029126331800225683,0.719303868945025
25999,LOF,0.02670291598805495,0.3097250584950894,0.6635720255168556
26000,LOF,0.16696347527926247,0.011575515021447843,0.8214610096992897
26001,LOF,0.1548259968050584,0.015459983702683687,0.829714019492258
26002,LOF,0.11351317643401228,0.0124382154501068,0.8740486081158809
26003,GOF,0.007585894187916618,0.5352603172057155,0.45715378860636785
26004,GOF,0.01750778827833873,0.570998755226792,0.4114934564948693
26005,LOF,0.005714774243044035,0.48569975063067555,0.5085854751262804
26006,GOF,0.09614908198893618,0.47247932454890124,0.4313715934621626
26007,GOF,0.009852828643263846,0.5237004123465894,0.4664467590101468
26008,GOF,0.007144269492088401,0.5863622545691684,0.40649347593874324
26009,GOF,0.012842192317159084,0.6156901269867062,0.3714676806961346
26010,GOF,0.012974211648443945,0.49984850770298817,0.48717728064856797
26011,LOF,0.006172394704905112,0.39918171371531846,0.5946458915797764
26012,GOF,0.005906678817137615,0.5218137560772093,0.4722795651056531
26013,LOF,0.011639248670452053,0.4608318148379885,0.5275289364915594
26014,LOF,0.05621269002603139,0.07322154740863117,0.8705657625653375
26015,LOF,0.38885435107209093,0.03163969548982259,0.5795059534380864
26016,LOF,0.2638911586887705,0.05371627927462776,0.6823925620366018
26017,LOF,0.016704346999442572,0.18257532905935275,0.8007203239412047
26018,LOF,0.020339973185669838,0.10903997862984874,0.8706200481844814
26019,LOF,0.020459749889781203,0.0953164975492897,0.8842237525609291
26020,LOF,0.007131955286026024,0.17455654558347708,0.8183114991304969
26021,LOF,0.07877294837335512,0.08999362443870608,0.8312334271879388
26022,LOF,0.04464119847566506,0.0331568974792406,0.9222019040450944
26023,LOF,0.031073097562475942,0.07660735536866009,0.8923195470688641
26024,LOF,0.05123013213043351,0.06311952951373105,0.8856503383558355
26025,LOF,0.13354722452738876,0.08078899563358251,0.7856637798390287
26026,LOF,0.1159964725714019,0.056928399441761326,0.8270751279868367
26027,LOF,0.027891693623051352,0.04462861025006317,0.9274796961268854
26028,LOF,0.07728026437222849,0.22555961563776356,0.6971601199900079
26029,LOF,0.03536765947780576,0.12871260660885314,0.8359197339133412
26030,LOF,0.12848965964785605,0.01670017775607963,0.8548101625960643
26031,LOF,0.016333919826517416,0.1319291282725848,0.8517369519008977
26032,LOF,0.025726833388199817,0.0306546511157248,0.9436185154960754
26033,LOF,0.04212014147417431,0.05814248675808229,0.8997373717677435
26034,LOF,0.021893304767064702,0.08275711114794564,0.8953495840849898
26035,LOF,0.01354066888576947,0.10061752940130261,0.8858418017129279
26036,LOF,0.0125406468664634,0.0824764472430479,0.9049829058904888
26037,LOF,0.01239729709328924,0.08545146123291496,0.9021512416737958
26038,LOF,0.02300728915895978,0.029465105884464528,0.9475276049565756
26039,LOF,0.03252535556693912,0.11321816196305938,0.8542564824700015
26040,LOF,0.06631218586713443,0.16419273008650018,0.7694950840463654
26041,LOF,0.015326394428658855,0.09283412427242772,0.8918394812989134
26042,LOF,0.014300127059733048,0.09732050959190103,0.888379363348366
26043,LOF,0.02258068258385305,0.05236248574431555,0.9250568316718314
26044,LOF,0.00810406761637608,0.04363492157867717,0.9482610108049467
26045,LOF,0.07951649133019204,0.19100401743172538,0.7294794912380825
26046,LOF,0.022798582390643037,0.05026165615714732,0.9269397614522097
26047,LOF,0.06467286970826254,0.04574384660393849,0.8895832836877989
26048,LOF,0.07310444416860677,0.01974397872396536,0.9071515771074279
26049,Neutral,0.9365122234457783,0.005492554755851004,0.0579952217983707
26050,Neutral,0.8911317957517302,0.007089954856497168,0.1017782493917727
26051,LOF,0.027357289900950644,0.30873085770812075,0.6639118523909286
26052,LOF,0.0295553809926406,0.22663769740218906,0.7438069216051704
26053,LOF,0.027013167382154837,0.16412896707749608,0.808857865540349
26054,LOF,0.050300238187913036,0.07919009317923693,0.87050966863285
26055,LOF,0.06234580969000314,0.08252245394982793,0.8551317363601689
26056,LOF,0.05879855814115514,0.08551567785695453,0.8556857640018903
26057,LOF,0.04469150627818758,0.020504466434657025,0.9348040272871554
26058,LOF,0.04997575565570696,0.01639092297602992,0.9336333213682632
26059,LOF,0.23240281619782988,0.10685916498462683,0.6607380188175432
26060,LOF,0.018905055756799675,0.20373239137361424,0.7773625528695861
26061,LOF,0.012929573225099876,0.012591419946106033,0.9744790068287942
26062,LOF,0.006057352827377427,0.027186484709079247,0.9667561624635435
26063,LOF,0.04068589015363222,0.0159591580380219,0.9433549518083459
26064,LOF,0.008827087895069079,0.018501815826152263,0.9726710962787786
26065,LOF,0.0468790312743549,0.02280179009016997,0.9303191786354752
26066,LOF,0.04036442401969193,0.014681611314388361,0.9449539646659197
26067,LOF,0.0458606063970078,0.015950112041093763,0.9381892815618985
26068,LOF,0.04880265862189312,0.058280108735369276,0.8929172326427376
26069,LOF,0.16949288129608597,0.048579318567241236,0.7819278001366727
26070,LOF,0.4040960449429927,0.02808391070440521,0.567820044352602
26071,LOF,0.04879872065559173,0.02091067010251195,0.9302906092418963
26072,LOF,0.008430887595298527,0.02240225480653931,0.9691668575981622
26073,LOF,0.04691465650542364,0.01534238357432765,0.9377429599202487
26074,Neutral,0.6509049940676445,0.02224158877747397,0.32685341715488153
26075,LOF,0.03905497349867481,0.043360611048210054,0.9175844154531151
26076,LOF,0.04637736919891361,0.02053062725722298,0.9330920035438635
26077,LOF,0.1663279385350718,0.020133840015270302,0.8135382214496578
26078,LOF,0.006544548914185135,0.029543077913734075,0.9639123731720808
26079,LOF,0.05343159834927477,0.04355606463669145,0.9030123370140338
26080,LOF,0.05248212593603139,0.04371652671695692,0.9038013473470117
26081,LOF,0.04832301286867836,0.01909980911882241,0.9325771780124994
26082,LOF,0.006774878169962802,0.028803265631241626,0.9644218561987955
26083,LOF,0.06022222076585833,0.03481668056153416,0.9049610986726075
26084,LOF,0.07291440511910992,0.021713594152050802,0.9053720007288393
26085,LOF,0.06248373592434968,0.018633934363846284,0.918882329711804
26086,LOF,0.040025771515250656,0.023268123749205432,0.9367061047355439
26087,LOF,0.04410216739626266,0.0182763342243969,0.9376214983793404
26088,LOF,0.00708861465982924,0.039510868223432416,0.9534005171167383
26089,LOF,0.03515532481753012,0.06588157564884004,0.89896309953363
26090,LOF,0.03456965390479639,0.0568060724236214,0.9086242736715822
26091,LOF,0.03570913832096735,0.01618429305780695,0.9481065686212256
26092,LOF,0.04324062802931599,0.014778358310626254,0.9419810136600577
26093,LOF,0.06935453718808018,0.009191693861597777,0.921453768950322
26094,LOF,0.042516207204399525,0.01311346879294624,0.9443703240026543
26095,LOF,0.012954752432494578,0.03195100590769217,0.9550942416598132
26096,LOF,0.2735499007567551,0.006007725723015018,0.7204423735202298
26097,LOF,0.0075886125274908685,0.062318983972536164,0.930092403499973
26098,LOF,0.05438174654635468,0.042734220374424564,0.9028840330792207
26099,LOF,0.049590990502480885,0.04302363040268779,0.9073853790948312
26100,LOF,0.049590990502480885,0.04302363040268779,0.9073853790948312
26101,LOF,0.05206999601466774,0.05578646720414252,0.8921435367811897
26102,LOF,0.04322812152985268,0.023245067859447598,0.9335268106106996
26103,Neutral,0.877931639942419,0.0515342974286217,0.0705340626289593
26104,LOF,0.04416448096093445,0.11596140017735761,0.8398741188617079
26105,LOF,0.23825913053498854,0.06349977691438952,0.698241092550622
26106,LOF,0.2692561191923944,0.03686957580779222,0.6938743049998134
26107,LOF,0.01845169865350108,0.051196817793780755,0.930351483552718
26108,LOF,0.1759978101663624,0.06026084963867602,0.7637413401949615
26109,LOF,0.048625792891526645,0.03846212303928765,0.9129120840691857
26110,Neutral,0.5182243325531791,0.02490513186947498,0.4568705355773458
26111,LOF,0.05812022596930851,0.16697712086027816,0.7749026531704133
26112,LOF,0.07272324009721813,0.016569591898419236,0.9107071680043627
26113,LOF,0.0709579107997959,0.03326193620548329,0.8957801529947208
26114,LOF,0.11394127176660188,0.010979811266245438,0.8750789169671527
26115,LOF,0.02406334874537768,0.07597151697295063,0.8999651342816717
26116,LOF,0.06941540052037311,0.021326633073389188,0.9092579664062377
26117,LOF,0.32089155038352063,0.07793353395334468,0.6011749156631346
26118,LOF,0.03622999861403324,0.024639238452293554,0.9391307629336733
26119,LOF,0.0054729496338619035,0.09013839174718041,0.9043886586189578
26120,LOF,0.02833621612543064,0.018202290224831205,0.9534614936497381
26121,LOF,0.003847751111553132,0.10805494542117172,0.888097303467275
