feature0,prediction,LoGoFunc_Neutral,LoGoFunc_GOF,LoGoFunc_LOF
25546,Neutral,0.6513519649566623,0.07258974191546137,0.27605829312787633
25547,Neutral,0.517985457482632,0.14594997369656648,0.3360645688208016
25548,Neutral,0.4823997219669789,0.10853626472174156,0.4090640133112795
25549,Neutral,0.447028961274311,0.10626578987887672,0.44670524884681223
25550,LOF,0.36168617168525286,0.1989869097432758,0.43932691857147127
25551,LOF,0.29892375335095017,0.1882170572879596,0.5128591893610902
25552,LOF,0.16371708773704607,0.2041719731432944,0.6321109391196594
25553,Neutral,0.8165984709328143,0.05030105167518046,0.13310047739200506
25554,LOF,0.20740420491236086,0.205180724250535,0.5874150708371042
25555,LOF,0.16014666959010557,0.1855881779255367,0.6542651524843577
25556,Neutral,0.488851668540518,0.14740078267221246,0.3637475487872696
25557,LOF,0.1532180495695036,0.19235245131299022,0.6544294991175061
25558,LOF,0.20442253333875457,0.22110127534644958,0.5744761913147959
25559,Neutral,0.6197384861697046,0.05935308178257132,0.32090843204772396
25560,LOF,0.04210890313981824,0.3120972235015205,0.6457938733586611
25561,LOF,0.07778842536118506,0.3757454362818867,0.5464661383569283
25562,LOF,0.10732287969255519,0.17116243064514255,0.7215146896623023
25563,LOF,0.11089767699031994,0.18641558248607917,0.7026867405236009
25564,LOF,0.06068797347988087,0.26803752977121237,0.6712744967489067
25565,LOF,0.1532347588583538,0.1611498700852115,0.6856153710564346
25566,GOF,0.014576133333376144,0.7534553297321568,0.231968536934467
25567,LOF,0.012213982458046968,0.10811967989597723,0.8796663376459757
25568,LOF,0.03936362222466648,0.0637281255620895,0.896908252213244
25569,LOF,0.054112126767688236,0.06317605384165931,0.8827118193906526
25570,LOF,0.05714822905893109,0.09832929817097058,0.8445224727700984
25571,LOF,0.061461775161728426,0.09464596579037816,0.8438922590478934
25572,LOF,0.06220258577100826,0.13306323178301963,0.8047341824459721
25573,LOF,0.02593802714705075,0.07413909429048694,0.8999228785624623
25574,LOF,0.014647263968266414,0.1212425926594712,0.8641101433722623
25575,LOF,0.05014637140911125,0.09620528428163598,0.8536483443092526
25576,LOF,0.01810909362755369,0.09954745524788017,0.8823434511245661
25577,LOF,0.011910638307469542,0.12834258529270695,0.8597467763998236
25578,LOF,0.2258653274647594,0.08515922379437693,0.6889754487408637
25579,LOF,0.22822188315161965,0.08485007631347466,0.6869280405349056
25580,LOF,0.032728518053777765,0.08883967848764668,0.8784318034585755
25581,LOF,0.04481866011332547,0.06604736717627083,0.8891339727104037
25582,LOF,0.04409875998881871,0.06239321527050685,0.8935080247406744
25583,LOF,0.039678646541957366,0.09596476596418152,0.8643565874938611
25584,Neutral,0.4752819555936936,0.0722995739458677,0.4524184704604387
25585,LOF,0.02883701898809569,0.09093094078772289,0.8802320402241813
25586,LOF,0.030443009175458245,0.06892621342209072,0.9006307774024511
25587,LOF,0.028721764167000712,0.05855519703777306,0.9127230387952263
25588,LOF,0.028068267302257425,0.07854914182746849,0.8933825908702742
25589,Neutral,0.6220428965711565,0.07679971891757842,0.301157384511265
25590,LOF,0.024656442198647086,0.11440059677867467,0.8609429610226783
25591,LOF,0.09946612544634505,0.051856712155173186,0.8486771623984817
25592,LOF,0.08964660247313386,0.1256657929622648,0.7846876045646013
25593,LOF,0.014235032231981139,0.1975430530938865,0.7882219146741324
25594,LOF,0.03424159357080144,0.19989663486942613,0.7658617715597724
25595,LOF,0.0655014527840755,0.1641438965279427,0.7703546506879819
25596,LOF,0.08584418736328932,0.09832468450681145,0.8158311281298993
25597,LOF,0.07553298607926136,0.04701065591649959,0.877456358004239
25598,LOF,0.045858446112756364,0.20944336242754372,0.7446981914597
25599,GOF,0.007467827331714856,0.5741283439542835,0.41840382871400167
25600,GOF,0.008318309226486418,0.5386720415018088,0.4530096492717047
25601,LOF,0.007410287807221617,0.36323539362561413,0.6293543185671642
25602,LOF,0.014275072811126178,0.0734081089805102,0.9123168182083636
25603,LOF,0.040610934722424955,0.031062769024119124,0.9283262962534559
25604,LOF,0.0356906967237679,0.06851429147676835,0.8957950117994637
25605,LOF,0.01080037239423283,0.20430292163561078,0.7848967059701565
25606,GOF,0.05302414256965965,0.49219901928117565,0.45477683814916464
25607,LOF,0.003625542449501818,0.151383496137954,0.8449909614125442
25608,LOF,0.04940433507630576,0.050795601699324164,0.89980006322437
25609,LOF,0.055050127281102534,0.2815599096259787,0.6633899630929188
25610,LOF,0.04323187643271393,0.06002498243494407,0.8967431411323421
25611,LOF,0.05211051955692601,0.041537912911887805,0.9063515675311862
25612,LOF,0.11182982912180162,0.09468598978734769,0.7934841810908506
25613,LOF,0.09586684025590247,0.08645147390152028,0.8176816858425774
25614,LOF,0.03603636013898722,0.07460376788102842,0.8893598719799843
25615,LOF,0.07709952593063495,0.09152937611996477,0.8313710979494002
25616,LOF,0.03862905593307888,0.10488881521529325,0.8564821288516279
25617,LOF,0.04505089540499795,0.09355336074892108,0.8613957438460811
25618,LOF,0.26874296778024226,0.07899595677799642,0.6522610754417614
25619,LOF,0.04283648097576462,0.07374133106429188,0.8834221879599435
25620,LOF,0.03536645320081928,0.1089642508448244,0.8556692959543564
25621,LOF,0.038131163644806045,0.07773808716694369,0.8841307491882503
25622,LOF,0.030937806931259616,0.10924986008614661,0.8598123329825937
25623,LOF,0.05257998070123303,0.07204299726798143,0.8753770220307856
25624,LOF,0.029461924531026883,0.08643411578603419,0.884103959682939
25625,LOF,0.03889023074315287,0.11467758338440977,0.8464321858724373
25626,LOF,0.07202383347991198,0.07037736404422801,0.8575988024758601
25627,Neutral,0.5895475827458788,0.09895336136405171,0.31149905589006954
25628,LOF,0.20297487849784432,0.0543123199132375,0.7427128015889182
25629,LOF,0.07437978861295926,0.11849147913774519,0.8071287322492956
25630,LOF,0.18734583817106404,0.08365848455800211,0.7289956772709338
25631,Neutral,0.5969478830805336,0.057598369228811834,0.34545374769065457
25632,LOF,0.021529019723366714,0.08825160499064388,0.8902193752859894
25633,LOF,0.21936838175727288,0.09464538633883492,0.6859862319038922
25634,LOF,0.03779064826408477,0.08659519278402232,0.8756141589518929
25635,LOF,0.03528873730299809,0.07785702104014941,0.8868542416568526
25636,GOF,0.005288789276834749,0.6859926475874967,0.3087185631356685
25637,GOF,0.0035724812393731946,0.6126697058144417,0.38375781294618505
25638,GOF,0.006219850553546804,0.5730907545470405,0.42068939489941265
25639,GOF,0.003887871283979909,0.5322946572960529,0.46381747141996715
25640,GOF,0.33411259684787603,0.615582383674556,0.050305019477567964
25641,LOF,0.00552551502077729,0.34732293931038666,0.647151545668836
25642,LOF,0.25862321158831214,0.12372848476283856,0.6176483036488494
25643,LOF,0.23496440742550018,0.22678159390529454,0.5382539986692052
25644,GOF,0.014935323906121848,0.6991632507323488,0.2859014253615294
25645,GOF,0.012254244614149132,0.6273364173467989,0.36040933803905195
25646,LOF,0.0123506263896155,0.42280690015693784,0.5648424734534467
25647,LOF,0.011832657447030315,0.31713462516031704,0.6710327173926527
25648,LOF,0.008254818524765072,0.4330568924465603,0.5586882890286746
25649,LOF,0.008841703742705525,0.24568242034820478,0.7454758759090897
25650,GOF,0.026211785136259172,0.5475667256775624,0.42622148918617847
25651,LOF,0.006545530676452744,0.28880167099536574,0.7046527983281815
25652,LOF,0.012669688002083202,0.39678376906184654,0.5905465429360703
25653,GOF,0.0533511925433518,0.5884262849925859,0.35822252246406244
25654,LOF,0.008390099808306992,0.37839964615749216,0.6132102540342008
25655,GOF,0.08304145757215528,0.5459272008387028,0.37103134158914197
25656,LOF,0.09489469359955298,0.1541450404403028,0.7509602659601443
25657,LOF,0.2827704653117917,0.06878625772976552,0.6484432769584428
25658,LOF,0.03558206368053729,0.2514360322636274,0.7129819040558354
25659,LOF,0.2333568312648137,0.13705943568724607,0.6295837330479401
25660,LOF,0.09075155993237746,0.09657151844774282,0.8126769216198797
25661,LOF,0.06905074866105805,0.07193591424224559,0.8590133370966964
25662,LOF,0.03866349125413166,0.06302190535783352,0.8983146033880347
25663,LOF,0.04565906429271936,0.11516269502545688,0.8391782406818238
25664,LOF,0.03008764708181424,0.14177364604900639,0.8281387068691793
25665,LOF,0.042227345458348796,0.07236636082461083,0.8854062937170403
25666,LOF,0.04146845141419953,0.1619935418576095,0.796538006728191
25667,LOF,0.03870594115301113,0.0520903617854379,0.909203697061551
25668,LOF,0.055072318066159504,0.06623757230420943,0.878690109629631
25669,LOF,0.05347305237556724,0.09273015642003406,0.8537967912043987
25670,LOF,0.07247467761522212,0.09053125416934378,0.8369940682154341
25671,LOF,0.04725842691437468,0.053138892284611924,0.8996026808010135
25672,LOF,0.04805572479930674,0.07974198039211657,0.8722022948085767
25673,LOF,0.03760204495977359,0.0708158879377377,0.8915820671024887
25674,LOF,0.026805731495524565,0.08908685630643132,0.8841074121980441
25675,LOF,0.03380156123184354,0.06821278050388732,0.8979856582642691
25676,LOF,0.03523072117594473,0.07291912196487332,0.8918501568591819
25677,LOF,0.08873506835990712,0.06053854103884481,0.8507263906012481
25678,LOF,0.19440540355994887,0.04699978249336131,0.7585948139466898
25679,LOF,0.13182120365440078,0.051402137767147346,0.8167766585784518
25680,LOF,0.09260592757243642,0.09970172024652016,0.8076923521810434
25681,LOF,0.108088652580189,0.09690642248078359,0.7950049249390274
25682,LOF,0.050554279071304886,0.057943909072183046,0.891501811856512
25683,LOF,0.080200788752058,0.08044605114048972,0.8393531601074522
25684,LOF,0.07148046386060491,0.06275137403813087,0.8657681621012642
25685,LOF,0.1238801072316165,0.04242135955588449,0.833698533212499
25686,LOF,0.0258566927041631,0.08962371485116738,0.8845195924446695
25687,LOF,0.05502275506806273,0.098825666287279,0.8461515786446584
25688,LOF,0.020796688635020984,0.07018938969845707,0.909013921666522
25689,LOF,0.01842392827148352,0.034789615904321856,0.9467864558241945
25690,LOF,0.018489485611846386,0.041657209314800804,0.9398533050733527
25691,LOF,0.11705939590786432,0.06745307953047815,0.8154875245616575
25692,LOF,0.2877185589715876,0.013215755460218087,0.6990656855681944
25693,LOF,0.03481287394542784,0.26678302306384344,0.6984041029907286
25694,LOF,0.2365319268925271,0.013841660366705307,0.7496264127407675
25695,LOF,0.1805259620232772,0.02714382588269901,0.7923302120940238
25696,LOF,0.09156058177783974,0.026436845613837513,0.8820025726083228
25697,LOF,0.08074277973730248,0.051193531258223575,0.868063689004474
25698,LOF,0.016399299598416302,0.4161363213422294,0.5674643790593543
25699,LOF,0.10191380701075786,0.12321419145630935,0.7748720015329328
25700,LOF,0.034886649801322125,0.021226019465509786,0.9438873307331682
25701,LOF,0.013913055382116646,0.11877109836776281,0.8673158462501205
25702,GOF,0.025249163012960197,0.7735895615906627,0.201161275396377
25703,LOF,0.014426127192853702,0.2746348349730564,0.71093903783409
25704,LOF,0.06505347349432285,0.1896378737088848,0.7453086527967924
25705,LOF,0.059614016812080756,0.18494897889257958,0.7554370042953396
25706,GOF,0.01727773888459027,0.6609687195656383,0.3217535415497715
25707,GOF,0.027358995609442535,0.550796367006881,0.42184463738367645
25708,GOF,0.007229592647077637,0.49898516507649904,0.49378524227642323
25709,LOF,0.029630371722743118,0.07866706425003171,0.8917025640272251
25710,LOF,0.0059763986214896835,0.1449334850714057,0.8490901163071045
25711,LOF,0.030352062235241596,0.1398610664210584,0.8297868713436999
25712,LOF,0.008381417348052297,0.21512405949245306,0.7764945231594946
25713,LOF,0.02917496520565549,0.11691039036114206,0.8539146444332024
25714,LOF,0.025883653861873118,0.1500390115734192,0.8240773345647077
25715,LOF,0.03496489591001235,0.134164518474859,0.8308705856151286
25716,LOF,0.006487595557425042,0.15080908420579645,0.8427033202367785
25717,LOF,0.005868429040223853,0.12733219836910192,0.8667993725906742
25718,LOF,0.0325534379579599,0.08586015329802271,0.8815864087440174
25719,LOF,0.040806050193846956,0.11472883185125589,0.8444651179548972
25720,LOF,0.03592646038694523,0.13501476795450368,0.8290587716585511
25721,LOF,0.029460519483314646,0.13149109420740718,0.8390483863092782
25722,LOF,0.019184067440284714,0.1583847158056714,0.8224312167540438
25723,LOF,0.033543093802855806,0.11227352759472575,0.8541833786024183
25724,LOF,0.051184786771692255,0.2554328250569708,0.6933823881713369
25725,LOF,0.034755949893854304,0.10000022948298366,0.8652438206231621
25726,LOF,0.02113887894816638,0.14762889745632066,0.8312322235955131
25727,LOF,0.029620258673573974,0.11676058137051205,0.853619159955914
25728,LOF,0.03237716448161443,0.13286021103620438,0.8347626244821812
25729,LOF,0.029397917529686776,0.14841455392125968,0.8221875285490535
25730,LOF,0.03924979200541119,0.0888138285526284,0.8719363794419605
25731,LOF,0.010158815710243315,0.1056765180624536,0.884164666227303
25732,LOF,0.02206988404107005,0.08434013094018743,0.8935899850187425
25733,LOF,0.03727108725104373,0.08733199993696285,0.8753969128119934
25734,LOF,0.006787549204532785,0.26109233084656613,0.732120119948901
25735,LOF,0.027045109659847404,0.09893304707292266,0.87402184326723
25736,LOF,0.024208210856051286,0.17704398597703858,0.7987478031669101
25737,LOF,0.03485958117973752,0.12112497587185893,0.8440154429484037
25738,LOF,0.028222427818696865,0.16867949182694733,0.8030980803543557
25739,LOF,0.028539720439014357,0.1163959181872059,0.8550643613737797
25740,LOF,0.03885895008242668,0.15239877628788465,0.8087422736296886
25741,LOF,0.04342556141125034,0.11862594675232441,0.8379484918364253
25742,LOF,0.05421182229864403,0.12610805650089765,0.8196801212004584
25743,LOF,0.011044649551625067,0.036493919901778894,0.952461430546596
25744,LOF,0.20675704301072204,0.2167389780071314,0.5765039789821466
25745,LOF,0.03367995814955691,0.07584107670479705,0.890478965145646
25746,LOF,0.014257755240909366,0.12488481840156639,0.8608574263575244
25747,LOF,0.051396819196035795,0.0451167762094482,0.903486404594516
25748,LOF,0.3013068820472005,0.09194980980127762,0.6067433081515219
25749,LOF,0.015531558119576731,0.06775953788606275,0.9167089039943606
25750,LOF,0.020434176692021144,0.07424633062110857,0.9053194926868704
25751,LOF,0.04852916249452892,0.06879391354450601,0.8826769239609651
25752,GOF,0.06847428247842699,0.7229915756209095,0.20853414190066333
25753,GOF,0.006022978245451284,0.4994698656635881,0.4945071560909606
25754,GOF,0.007589513198528202,0.9118988217643217,0.08051166503715014
25755,LOF,0.006229353727846658,0.47622132605435835,0.517549320217795
25756,GOF,0.019332201422462968,0.5079896918562706,0.4726781067212663
25757,GOF,0.00750722266366325,0.8824734335914759,0.11001934374486079
25758,GOF,0.008113860883117881,0.9154219220506472,0.0764642170662348
25759,GOF,0.0055064261832894895,0.7056243610624584,0.2888692127542522
25760,LOF,0.004696753845259244,0.38301798854995056,0.6122852576047901
25761,GOF,0.04039054718355058,0.8844317249458948,0.07517772787055457
25762,LOF,0.021604900483451258,0.42912803280005535,0.5492670667164933
25763,LOF,0.005117215117676408,0.3667729831599226,0.6281098017224009
25764,GOF,0.05862172373859138,0.7407742039640266,0.20060407229738209
25765,GOF,0.00781448585277984,0.9104259467255746,0.08175956742164545
25766,GOF,0.022540264695898714,0.8863853076623653,0.09107442764173601
25767,GOF,0.017550735886223214,0.5627190488642524,0.41973021524952436
25768,LOF,0.05919475201840151,0.04331213171663943,0.8974931162649591
25769,LOF,0.023913548705919854,0.09183555513544028,0.8842508961586399
25770,LOF,0.1386172150116378,0.16218076715193966,0.6992020178364226
25771,LOF,0.017752460938876776,0.10219860815745957,0.8800489309036637
25772,LOF,0.02861365238261879,0.04142865612441643,0.9299576914929647
25773,LOF,0.014089300675522817,0.09311825031441855,0.8927924490100587
25774,LOF,0.02370255144982013,0.2547488937588528,0.721548554791327
25775,LOF,0.017978324651226597,0.049987957861670915,0.9320337174871026
25776,LOF,0.029524791027121113,0.02709789169047573,0.9433773172824031
25777,LOF,0.30438293724403237,0.1516465466170247,0.5439705161389429
25778,LOF,0.024884433356939798,0.09507393408367995,0.8800416325593802
25779,GOF,0.05345880192333237,0.8769992201322413,0.06954197794442633
25780,GOF,0.061045289456398845,0.8767513337693038,0.06220337677429725
25781,GOF,0.029241416800119078,0.84484638329786,0.12591219990202082
25782,GOF,0.035359572813553834,0.8996543432563202,0.06498608393012603
25783,GOF,0.03522537089950831,0.9095386381670149,0.055235990933476926
25784,GOF,0.11637068160266663,0.8379219851407259,0.04570733325660759
25785,GOF,0.11123581441966063,0.8549897151820289,0.03377447039831059
25786,GOF,0.010265832134377375,0.8720629057400917,0.11767126212553093
25787,GOF,0.24369742723037022,0.7086603596360856,0.047642213133544054
25788,LOF,0.018557814918867887,0.19022693118216039,0.7912152538989717
25789,GOF,0.019079807687005033,0.8644772247383762,0.11644296757461878
25790,GOF,0.02720034042013797,0.8936364148296129,0.07916324475024923
25791,GOF,0.02500560249189874,0.752513839135612,0.22248055837248928
25792,GOF,0.030856967862476617,0.8016868420363219,0.16745619010120166
25793,GOF,0.04313059241372967,0.8185822539694785,0.13828715361679175
25794,GOF,0.042726353151400435,0.7462403472643683,0.21103329958423117
25795,GOF,0.051823713451947924,0.7500455231833635,0.19813076336468868
25796,GOF,0.12298337922652881,0.7953949273460119,0.08162169342745938
25797,GOF,0.07356230457504391,0.7133554731138644,0.21308222231109175
25798,GOF,0.007073882029691223,0.8207106126788475,0.17221550529146137
25799,GOF,0.004850433914688412,0.7180254501412386,0.27712411594407294
25800,GOF,0.025569045132370512,0.8432882391603495,0.13114271570728006
25801,GOF,0.024282911580064584,0.8941128127183124,0.08160427570162301
25802,GOF,0.026213544733756332,0.7899898823412727,0.183796572924971
25803,GOF,0.01985947608780667,0.7440579901325044,0.23608253377968877
25804,GOF,0.03172605665368149,0.809457838256082,0.1588161050902365
25805,GOF,0.028869891913758345,0.8454339745730728,0.12569613351316894
25806,GOF,0.03905651658000845,0.8421149313666846,0.11882855205330686
25807,GOF,0.0150283727819915,0.804023614532214,0.1809480126857944
25808,GOF,0.02466218063481795,0.8126834989157751,0.16265432044940703
25809,GOF,0.013921297391674194,0.7750899753283292,0.21098872727999668
25810,GOF,0.011994588828779632,0.764456887978199,0.22354852319302124
25811,GOF,0.07000322030654368,0.8601610081803136,0.06983577151314276
25812,GOF,0.033022569541666595,0.7902136466071585,0.17676378385117483
25813,GOF,0.17951287651896006,0.7438875145448981,0.07659960893614198
25814,GOF,0.029378531150424693,0.7873817066662752,0.18323976218330018
25815,GOF,0.05930432253369445,0.8065407485935304,0.13415492887277525
25816,GOF,0.009803860546443144,0.8730282927830224,0.11716784667053447
25817,GOF,0.1158223559774727,0.7634149615739364,0.12076268244859094
25818,GOF,0.029645452653900468,0.8071316503003312,0.16322289704576842
25819,GOF,0.04597477373005953,0.7797376525810323,0.17428757368890818
25820,GOF,0.05169283981252268,0.7630767699633677,0.18523039022410953
25821,GOF,0.03705017151629618,0.8066280405316074,0.15632178795209656
25822,GOF,0.052785530245444245,0.7863732553442744,0.1608412144102813
25823,GOF,0.030437322364229302,0.7271398452089026,0.24242283242686813
25824,GOF,0.029627981374654635,0.7951650375854362,0.17520698103990906
25825,GOF,0.022987246626402686,0.7989682390408298,0.1780445143327675
25826,GOF,0.01228473281884599,0.74577256641467,0.24194270076648397
25827,GOF,0.016795170135143988,0.7517758943699342,0.23142893549492172
25828,GOF,0.011021229299130618,0.7973451849937153,0.19163358570715394
25829,GOF,0.004649319143927449,0.6970890240763891,0.2982616567796834
25830,GOF,0.04795529332238174,0.5467671211965599,0.40527758548105836
25831,GOF,0.06957633254729972,0.8107345009945508,0.11968916645814939
25832,GOF,0.011120026933282602,0.7547155975662094,0.2341643755005081
25833,GOF,0.03860442647365609,0.8239072603234605,0.13748831320288352
25834,GOF,0.011445767022772174,0.778594482642904,0.20995975033432399
25835,GOF,0.025406694817439103,0.8411481664409308,0.13344513874162997
25836,GOF,0.007546256483817031,0.7713130296001526,0.22114071391603052
25837,GOF,0.009363489192084086,0.8012173567125878,0.18941915409532817
25838,GOF,0.019805453934977044,0.8556185790095328,0.12457596705549018
25839,GOF,0.045757234012809844,0.8222606164217197,0.13198214956547036
25840,GOF,0.08297154154129344,0.7799409645970327,0.13708749386167393
25841,GOF,0.07288093292673714,0.8231686389733659,0.10395042809989702
25842,GOF,0.026770691630117898,0.8910055594846714,0.08222374888521088
25843,GOF,0.02488922551701593,0.8945213998022704,0.08058937468071374
25844,GOF,0.020221005775195713,0.8318265851058726,0.14795240911893168
25845,GOF,0.007318149530282939,0.7354210601638027,0.2572607903059144
25846,GOF,0.06741021681047164,0.8408266131982056,0.09176316999132272
25847,GOF,0.0165981760751409,0.8885528236728263,0.09484900025203265
25848,GOF,0.024445513750858485,0.834520605478494,0.14103388077064746
25849,GOF,0.00779200833049449,0.8132767215680092,0.17893127010149634
25850,GOF,0.006929464550778036,0.7340894163688364,0.25898111908038557
25851,GOF,0.006303476362818428,0.6746621516158168,0.3190343720213648
25852,GOF,0.1458764254713534,0.5395944018960446,0.314529172632602
25853,GOF,0.04667606788002165,0.8110442206372106,0.1422797114827677
25854,GOF,0.0066941755642454595,0.7540574718445031,0.23924835259125152
25855,GOF,0.022766277073841202,0.6292757901719562,0.34795793275420256
25856,GOF,0.04387493318136313,0.7190275611788549,0.237097505639782
25857,GOF,0.02288610681166963,0.6244635774800241,0.35265031570830624
25858,GOF,0.009449398550396925,0.6193459867379836,0.37120461471161953
25859,GOF,0.00709803891218525,0.594501647644005,0.39840031344380966
25860,GOF,0.08227315426764618,0.7386193504815202,0.17910749525083375
25861,GOF,0.10158074908963872,0.820057199364125,0.07836205154623635
25862,GOF,0.02291270743369766,0.9072077386231125,0.06987955394318975
25863,GOF,0.019364751455645014,0.8876755071706823,0.09295974137367254
25864,GOF,0.03675288916263257,0.8951047069142486,0.06814240392311884
25865,GOF,0.036181921885339315,0.8697975890019829,0.09402048911267767
25866,GOF,0.018474178346961363,0.8733638780736456,0.10816194357939302
25867,GOF,0.03923684396738782,0.8723881782139187,0.08837497781869345
25868,GOF,0.05921015179428913,0.7889888641356166,0.1518009840700944
25869,GOF,0.29584013388152747,0.598344964308403,0.10581490181006946
25870,GOF,0.0659500030801168,0.6036076815966493,0.33044231532323387
25871,GOF,0.009602698548622293,0.8277569405617564,0.16264036088962133
25872,GOF,0.02106881433062726,0.8262746713277186,0.15265651434165398
25873,GOF,0.020126777772939742,0.8916750700570039,0.08819815217005635
25874,LOF,0.025398636147965423,0.1858255322001194,0.7887758316519152
25875,LOF,0.02299922952294121,0.12066355545509806,0.8563372150219608
25876,LOF,0.023564313695946238,0.06191107771156194,0.9145246085924917
25877,LOF,0.10607794735855529,0.21532714738348857,0.6785949052579562
25878,LOF,0.06764981148874973,0.3241915972499957,0.6081585912612546
25879,LOF,0.010996283215350462,0.18732415154801957,0.80167956523663
25880,LOF,0.04648961992189278,0.021169742621657613,0.9323406374564496
25881,Neutral,0.5244364223298057,0.1413159353723722,0.334247642297822
25882,LOF,0.04505525254637866,0.0369635708632089,0.9179811765904123
25883,LOF,0.028297241356825556,0.02967909963137634,0.9420236590117981
25884,LOF,0.01584549742503121,0.04691622567648556,0.9372382768984833
25885,LOF,0.15141615890573512,0.015753073553482537,0.8328307675407823
25886,LOF,0.2611966828128296,0.05898019639901337,0.679823120788157
25887,LOF,0.06908813289039761,0.19329966677379243,0.7376122003358099
25888,LOF,0.007185354577333008,0.22815161677531282,0.7646630286473541
25889,LOF,0.02387778433164227,0.04109949829411101,0.9350227173742467
25890,LOF,0.21145123589973988,0.07084238169530771,0.7177063824049524
25891,LOF,0.12487383048127243,0.04489906914803339,0.8302271003706941
25892,LOF,0.008253546111675461,0.029168846515670973,0.9625776073726536
25893,LOF,0.2989022580309542,0.010244001929886809,0.690853740039159
25894,LOF,0.32849111689753635,0.006567390629231866,0.6649414924732319
25895,LOF,0.260121079388139,0.014274311278174313,0.7256046093336865
25896,LOF,0.08599110990405268,0.02965866281396082,0.8843502272819865
25897,LOF,0.11410166343174942,0.012901862753009915,0.8729964738152407
25898,LOF,0.1133028266032788,0.028582471167367934,0.8581147022293533
25899,LOF,0.3925819214243447,0.03416622108871867,0.5732518574869365
25900,Neutral,0.6905174556370841,0.011625833416572884,0.29785671094634303
25901,LOF,0.0576134927670512,0.013212962470230094,0.9291735447627187
25902,LOF,0.0682943027800954,0.0091264069658619,0.9225792902540427
25903,LOF,0.1491080163872368,0.029986737787477836,0.8209052458252852
25904,LOF,0.4634946730934483,0.06012307186160273,0.4763822550449489
25905,LOF,0.00710116616285685,0.3978962039176784,0.5950026299194648
25906,LOF,0.008658158778928587,0.07922823781596267,0.9121136034051086
25907,LOF,0.008500574989526388,0.27722434843290483,0.7142750765775687
25908,LOF,0.008024482498231109,0.2532866096670088,0.7386889078347602
25909,LOF,0.030512369325551382,0.15379527912411614,0.8156923515503325
25910,LOF,0.017114571788399403,0.10461082451699628,0.8782746036946042
25911,LOF,0.17908264016985717,0.031522902392436825,0.7893944574377061
25912,LOF,0.12796625724829194,0.028312025416442885,0.8437217173352651
25913,LOF,0.018814857276964622,0.02829359342340418,0.9528915492996312
25914,LOF,0.0446447931154399,0.038536580898945204,0.9168186259856149
25915,LOF,0.204150719531834,0.30385246598551213,0.4919968144826538
25916,LOF,0.013870254149654464,0.16983873921697568,0.8162910066333698
25917,LOF,0.06549200469774251,0.04887243006436534,0.8856355652378921
25918,LOF,0.05299070248352344,0.023747636548393306,0.9232616609680833
25919,LOF,0.04122514641902945,0.027582641304515997,0.9311922122764547
25920,LOF,0.3624548332592695,0.2271577515542206,0.4103874151865099
25921,LOF,0.01980408535294458,0.021449656186736072,0.9587462584603194
25922,LOF,0.021565518824245462,0.020573665175028625,0.9578608160007258
25923,LOF,0.4438102912405389,0.012870562718890692,0.5433191460405704
25924,LOF,0.030402337256415553,0.01943664950036459,0.9501610132432198
25925,LOF,0.1162933552320682,0.027062784682732686,0.8566438600851991
25926,LOF,0.09320117053912921,0.020464352964093675,0.8863344764967771
25927,LOF,0.028170332791005313,0.02627215730003078,0.9455575099089639
25928,LOF,0.015070525872185036,0.01294598876190037,0.9719834853659146
25929,Neutral,0.5833513145357965,0.012522720209697481,0.40412596525450606
25930,LOF,0.06452395086755479,0.01243939872523844,0.9230366504072068
25931,LOF,0.01662279495421381,0.01278148595317103,0.9705957190926151
25932,LOF,0.08421184571262667,0.011306727398041994,0.9044814268893313
25933,LOF,0.087850491094351,0.007535821602544379,0.9046136873031047
25934,LOF,0.08893825867545331,0.00787201894502719,0.9031897223795194
25935,LOF,0.10833375776001425,0.0226495096099788,0.869016732630007
25936,LOF,0.09964658044442067,0.008204311845107793,0.8921491077104716
25937,LOF,0.017195718256222747,0.01770013735228437,0.9651041443914928
25938,LOF,0.10803350053677153,0.020408170895243823,0.8715583285679848
25939,LOF,0.06594201768636254,0.013804284118260297,0.9202536981953772
25940,GOF,0.009430409432166656,0.5025290604466819,0.48804053012115145
25941,LOF,0.4774868785475824,0.04136857059524109,0.4811445508571765
25942,LOF,0.011778675434320157,0.05557761548800734,0.9326437090776726
25943,LOF,0.049223425453010276,0.15479966420244232,0.7959769103445474
25944,LOF,0.045684779765998655,0.10724646406194571,0.8470687561720556
25945,LOF,0.18366746807475456,0.029902184948709467,0.786430346976536
25946,LOF,0.07562091845425616,0.07102050579632282,0.8533585757494211
25947,Neutral,0.500234344923107,0.18794851091531845,0.31181714416157463
25948,Neutral,0.5313688126274556,0.017762171804356,0.4508690155681883
25949,LOF,0.117418791228362,0.05168514258833428,0.8308960661833038
25950,GOF,0.0842868532519133,0.6728814073516323,0.24283173939645447
25951,GOF,0.013657774101418413,0.5675707109975844,0.4187715149009971
25952,LOF,0.14507119175406288,0.35041227778761386,0.5045165304583233
25953,LOF,0.006914155690065295,0.38387715615760315,0.6092086881523315
25954,GOF,0.06242679985702482,0.5486312958890508,0.3889419042539244
25955,LOF,0.0075076966836866476,0.3824420356604516,0.6100502676558618
25956,LOF,0.010496067646447362,0.37740766134709436,0.6120962710064582
25957,LOF,0.178194375744002,0.04890146997120007,0.7729041542847979
25958,LOF,0.025410563508352274,0.06264921861363769,0.91194021787801
25959,GOF,0.007043009596797387,0.7253229780254071,0.2676340123777955
25960,LOF,0.005609964686904671,0.10974830415792464,0.8846417311551708
25961,LOF,0.026304089835750288,0.05689634631807366,0.9167995638461761
25962,LOF,0.03894454136104031,0.09679743333446893,0.8642580253044908
25963,LOF,0.010807136607396151,0.13362828242584995,0.8555645809667539
25964,LOF,0.04632460976083909,0.09349130118792762,0.8601840890512333
25965,LOF,0.17254030319845076,0.1735639028563859,0.6538957939451633
25966,LOF,0.3460663842191548,0.15210679669112515,0.50182681908972
25967,LOF,0.007288474855277529,0.10907489041585419,0.8836366347288683
25968,LOF,0.057929351966639765,0.22393469416093156,0.7181359538724287
25969,LOF,0.13436965387650587,0.052654267216081685,0.8129760789074125
25970,LOF,0.052198673636469024,0.066481620470652,0.8813197058928789
25971,LOF,0.0667212248085911,0.03199288119709499,0.9012858939943139
25972,LOF,0.07797796087817847,0.0347313577879624,0.887290681333859
25973,LOF,0.07955415491897096,0.011758751981443782,0.9086870930995852
25974,LOF,0.06250676984460404,0.03431633907556748,0.9031768910798285
25975,LOF,0.02788212365960903,0.013296248485348819,0.9588216278550421
25976,LOF,0.08615671822766802,0.014209663579385122,0.8996336181929467
25977,LOF,0.2442105045979877,0.06473189233065557,0.6910576030713568
25978,LOF,0.1733463352560663,0.09752571067402992,0.7291279540699038
25979,LOF,0.12858054492428406,0.10682128872671755,0.7645981663489984
25980,LOF,0.2010658235327987,0.1929453773529585,0.6059887991142429
25981,LOF,0.20160456899844872,0.19831276447423649,0.6000826665273148
25982,LOF,0.27472411317338186,0.10263969434598563,0.6226361924806325
25983,LOF,0.4445427128667942,0.09640286292995569,0.45905442420325
25984,LOF,0.06491352391505341,0.06298716291185343,0.8720993131730932
25985,Neutral,0.4774541507365804,0.12870994083999232,0.3938359084234273
25986,LOF,0.0120185342835821,0.39356423272086144,0.5944172329955564
25987,LOF,0.033379688944076655,0.0875176438609621,0.8791026671949612
25988,LOF,0.048824669799178176,0.10032773809709473,0.8508475921037272
25989,LOF,0.04493646596900095,0.12063401991760181,0.8344295141133972
25990,LOF,0.04708719604657651,0.2345702447222795,0.718342559231144
25991,GOF,0.019737842426659123,0.6477109844679626,0.33255117310537835
25992,LOF,0.01198174693868729,0.48397143911021895,0.5040468139510939
25993,LOF,0.017956253631215058,0.08458388281695137,0.8974598635518335
25994,LOF,0.02477252205423224,0.10041201705672972,0.874815460889038
25995,LOF,0.01636948908622813,0.17640505651785568,0.8072254543959162
25996,GOF,0.3057301481401795,0.518776799102566,0.17549305275725444
25997,GOF,0.05853245156614237,0.6807636900083589,0.26070385842549865
25998,LOF,0.25004066148864945,0.03500127538555414,0.7149580631257965
25999,LOF,0.026614762100535327,0.2409524977276841,0.7324327401717805
26000,LOF,0.16537273154652202,0.009258677438000795,0.8253685910154772
26001,LOF,0.15171871091032382,0.014590879239771455,0.8336904098499047
26002,LOF,0.10403460590415468,0.011096503234369233,0.884868890861476
26003,GOF,0.007683413180447253,0.5098978227421809,0.48241876407737183
26004,GOF,0.01860159185676976,0.5138107600784504,0.4675876480647798
26005,LOF,0.00598755997883289,0.44112981980215416,0.5528826202190129
26006,GOF,0.10447623796950087,0.44871991401512157,0.4468038480153777
26007,GOF,0.010264199040141177,0.5143594008270346,0.4753764001328243
26008,GOF,0.007393916594512343,0.5269700258898813,0.4656360575156063
26009,GOF,0.012642670655013715,0.5527923853063403,0.43456494403864604
26010,LOF,0.012581484318388044,0.4661964160133038,0.5212220996683081
26011,LOF,0.006580609927232906,0.3579114369164219,0.6355079531563451
26012,LOF,0.006069023109250105,0.49228323222168124,0.5016477446690687
26013,LOF,0.011352334158171306,0.42752936359840654,0.5611183022434222
26014,LOF,0.054058895348584185,0.07370682602476464,0.8722342786266513
26015,LOF,0.39804570977985204,0.03586124463112741,0.5660930455890206
26016,LOF,0.26183454171645915,0.05777491395272289,0.6803905443308179
26017,LOF,0.015136051281082839,0.20588288018483236,0.7789810685340849
26018,LOF,0.019307531392698443,0.12289331431794036,0.8577991542893612
26019,LOF,0.019133218245156926,0.11127509836215323,0.8695916833926899
26020,LOF,0.006774968630495072,0.1854015958640586,0.8078234355054462
26021,LOF,0.07820123269838164,0.08925103916756777,0.8325477281340505
26022,LOF,0.04272295132940507,0.03891982252498284,0.918357226145612
26023,LOF,0.03101907169866277,0.08460431958817922,0.884376608713158
26024,LOF,0.04874876743427446,0.06624848332693575,0.8850027492387897
26025,LOF,0.15079130354031056,0.08382520003376408,0.7653834964259253
26026,LOF,0.12940919811108623,0.059618308187638566,0.8109724937012752
26027,LOF,0.027053741905657853,0.049747993645655825,0.9231982644486862
26028,LOF,0.0799157118977225,0.2049690010232067,0.7151152870790707
26029,LOF,0.033692910229134954,0.16715548527043383,0.7991516045004312
26030,LOF,0.12897197522858092,0.020508106853988572,0.8505199179174304
26031,LOF,0.01664282873432495,0.16090559737183582,0.8224515738938393
26032,LOF,0.0289725972050216,0.031199652088067117,0.9398277507069113
26033,LOF,0.048161971566076496,0.05272766267509065,0.8991103657588327
26034,LOF,0.021209588109965902,0.10230600182262195,0.8764844100674122
26035,LOF,0.012880522182942823,0.12568399602136873,0.8614354817956884
26036,LOF,0.012070444432546151,0.10110850612428358,0.8868210494431702
26037,LOF,0.012091291867609601,0.10756955987759169,0.8803391482547988
26038,LOF,0.02581680042595611,0.030242792988399627,0.9439404065856443
26039,LOF,0.035123116647368266,0.1467239770298406,0.8181529063227911
26040,LOF,0.07426577477017013,0.1780689365954576,0.7476652886343722
26041,LOF,0.01419624872123131,0.11489703071131813,0.8709067205674506
26042,LOF,0.013606373886665225,0.1213581875998479,0.8650354385134869
26043,LOF,0.025027729949859974,0.054894046610120734,0.9200782234400193
26044,LOF,0.007908898564630609,0.056308795852319425,0.9357823055830499
26045,LOF,0.08904964270053146,0.24054600379357452,0.670404353505894
26046,LOF,0.02521767486354847,0.052313337271109525,0.9224689878653419
26047,LOF,0.07191802215404146,0.05117720011910209,0.8769047777268564
26048,LOF,0.08226801597937679,0.024363106261262153,0.893368877759361
26049,Neutral,0.9386186097922654,0.006454906187175528,0.054926484020559094
26050,Neutral,0.8966254247688152,0.007919975983223915,0.09545459924796085
26051,LOF,0.028826703162696667,0.26816252647938515,0.7030107703579181
26052,LOF,0.03216670736667325,0.19095662011610287,0.7768766725172238
26053,LOF,0.024981990979719263,0.17550963861937435,0.7995083704009064
26054,LOF,0.05452546604015583,0.07420851004991307,0.8712660239099311
26055,LOF,0.07024833021140998,0.08056774524588199,0.8491839245427081
26056,LOF,0.06760214919606214,0.08250304532350278,0.8498948054804352
26057,LOF,0.0466146896350282,0.020307667510264398,0.9330776428547075
26058,LOF,0.051411246986397624,0.0159784898110132,0.9326102632025891
26059,LOF,0.2655308904052627,0.09889468939172143,0.6355744202030159
26060,LOF,0.019052253422228334,0.18746845287218192,0.7934792937055897
26061,LOF,0.013400347833373214,0.011883539333473171,0.9747161128331536
26062,LOF,0.006332401367989134,0.02531379227640197,0.9683538063556089
26063,LOF,0.042779869407688846,0.015341916969554222,0.9418782136227569
26064,LOF,0.009030319604154466,0.015985988281472695,0.974983692114373
26065,LOF,0.046931505305657026,0.02197170032352426,0.9310967943708187
26066,LOF,0.04127412481213998,0.01371425463550776,0.9450116205523523
26067,LOF,0.046493516128995285,0.01497210262011186,0.9385343812508927
26068,LOF,0.0536919749761789,0.0543590871018128,0.8919489379220082
26069,LOF,0.20091683148428977,0.04658908318130896,0.7524940853344012
26070,LOF,0.43560195398862406,0.026073794951685172,0.5383242510596908
26071,LOF,0.04862270684414684,0.020289692575004938,0.9310876005808483
26072,LOF,0.008951120851231613,0.019796330706360745,0.9712525484424075
26073,LOF,0.05014181359232879,0.014692096504450972,0.9351660899032201
26074,Neutral,0.6924212749332626,0.02011999664518582,0.2874587284215518
26075,LOF,0.043077653366554315,0.04055494278501605,0.9163674038484296
26076,LOF,0.049859366164394424,0.019131013340544824,0.9310096204950608
26077,LOF,0.1729975489477696,0.016864270712449166,0.8101381803397811
26078,LOF,0.0068158048786316336,0.024143361162085597,0.9690408339592828
26079,LOF,0.05982401921431416,0.038868405735257676,0.9013075750504281
26080,LOF,0.058841717330306124,0.03887111142835569,0.9022871712413381
26081,LOF,0.04820977463745991,0.01742881744312039,0.9343614079194197
26082,LOF,0.0069660252917218115,0.024618713149020803,0.9684152615592573
26083,LOF,0.06449026579032661,0.03166387560160149,0.9038458586080719
26084,LOF,0.07863773646757526,0.0195787756642499,0.9017834878681747
26085,LOF,0.0677853939581874,0.01726928912047068,0.9149453169213418
26086,LOF,0.04340093364411335,0.022859103176300084,0.9337399631795865
26087,LOF,0.044081696428433396,0.01702195274695865,0.938896350824608
26088,LOF,0.007554685473099461,0.03757555451902974,0.9548697600078708
26089,LOF,0.03856471997066928,0.06247789636034442,0.8989573836689864
26090,LOF,0.0386327508959106,0.05430702361961228,0.9070602254844771
26091,LOF,0.03431402662219882,0.015272895901773026,0.9504130774760282
26092,LOF,0.046120360772859484,0.014183408733566081,0.9396962304935745
26093,LOF,0.06848978969832614,0.008862042849121956,0.9226481674525518
26094,LOF,0.043475151733443455,0.011900291204070688,0.9446245570624858
26095,LOF,0.014208816368589564,0.02932091259800583,0.9564702710334047
26096,LOF,0.29384299134943165,0.005392734801368522,0.7007642738491998
26097,LOF,0.007375475972061398,0.054323941306514086,0.9383005827214246
26098,LOF,0.0596911951818755,0.03885217023845364,0.901456634579671
26099,LOF,0.05254750666730186,0.038060895855314074,0.9093915974773842
26100,LOF,0.05254750666730186,0.038060895855314074,0.9093915974773842
26101,LOF,0.0542890197389673,0.04968809772351985,0.8960228825375129
26102,LOF,0.04345257691160938,0.02159492466164192,0.9349524984267488
26103,Neutral,0.8901101950798025,0.04713245793922754,0.06275734698096992
26104,LOF,0.04863511753011942,0.1098459889184221,0.8415188935514586
26105,LOF,0.23665436139040183,0.0716516291190571,0.691694009490541
26106,LOF,0.2881057877930383,0.03942837689500683,0.672465835311955
26107,LOF,0.016457155269564053,0.054668825868169665,0.9288740188622662
26108,LOF,0.17118314712179594,0.06724244695917399,0.76157440591903
26109,LOF,0.050207617342372085,0.04485299242741879,0.9049393902302091
26110,LOF,0.4880862778991399,0.019174900415714506,0.49273882168514566
26111,LOF,0.05994755249975902,0.1253376568042521,0.8147147906959888
26112,LOF,0.06904554614233327,0.013639748532956391,0.9173147053247103
26113,LOF,0.06802200652329116,0.02697442672916415,0.9050035667475448
26114,LOF,0.10492764017479249,0.010439016370439497,0.884633343454768
26115,LOF,0.021896057164323746,0.06778029539132766,0.9103236474443487
26116,LOF,0.06628506054922673,0.01936801710748997,0.9143469223432833
26117,LOF,0.36489290334370666,0.061885657659032395,0.573221438997261
26118,LOF,0.03573034098848473,0.025831677432268076,0.9384379815792473
26119,LOF,0.005713979646370402,0.09349279056903743,0.9007932297845922
26120,LOF,0.02981155319707831,0.019508637041033797,0.9506798097618878
26121,LOF,0.004049206839932168,0.11427226164463158,0.8816785315154362
