feature0,prediction,LoGoFunc_Neutral,LoGoFunc_GOF,LoGoFunc_LOF
25546,Neutral,0.6573307213492153,0.037098797971715496,0.30557048067906917
25547,Neutral,0.5529642601399337,0.07436539990844365,0.3726703399516226
25548,Neutral,0.519984972626633,0.05572798024864623,0.4242870471247207
25549,Neutral,0.49299663888393436,0.05529982836723926,0.4517035327488264
25550,LOF,0.4034250988577675,0.08702570016363048,0.5095492009786019
25551,LOF,0.3355997144782318,0.08456436670865491,0.5798359188131132
25552,LOF,0.20637265543915945,0.09763298660150621,0.6959943579593343
25553,Neutral,0.8212279424872815,0.026621481984657497,0.15215057552806108
25554,LOF,0.24882798000284526,0.09409716626428871,0.657074853732866
25555,LOF,0.19898441802724048,0.09000552677630505,0.7110100551964544
25556,Neutral,0.5292361112224377,0.07018251369066957,0.4005813750868926
25557,LOF,0.19067205951446964,0.0919204796411,0.7174074608444303
25558,LOF,0.2489131976108127,0.09892304094976366,0.6521637614394236
25559,LOF,0.3973334313420101,0.07816187645582638,0.5245046922021636
25560,LOF,0.06799883387476605,0.17687475155388635,0.7551264145713475
25561,LOF,0.11141745709453342,0.1996678316950978,0.6889147112103688
25562,LOF,0.1280081366764824,0.08860704342553773,0.7833848198979799
25563,LOF,0.12296958858703728,0.11158255456967257,0.7654478568432901
25564,LOF,0.13221449793611703,0.21450295825084476,0.6532825438130383
25565,LOF,0.12260745904448504,0.2321275704201126,0.6452649705354023
25566,GOF,0.014638574916269903,0.7539231279298974,0.2314382971538327
25567,LOF,0.013499777083128326,0.12850283254791556,0.8579973903689562
25568,LOF,0.05170529475952806,0.06373597849603492,0.8845587267444369
25569,LOF,0.06528038846551716,0.0603571887328796,0.8743624228016033
25570,LOF,0.060507009687318196,0.0901225594575124,0.8493704308551694
25571,LOF,0.0608511409562742,0.0816422830139766,0.8575065760297492
25572,LOF,0.06571950096208658,0.12787625469076402,0.8064042443471494
25573,LOF,0.03184338908157902,0.07881323294296184,0.8893433779754593
25574,LOF,0.019088418543219545,0.13937748495428903,0.8415340965024916
25575,LOF,0.05510833537573895,0.0826274738889703,0.8622641907352907
25576,LOF,0.021075413028103153,0.09342014202644974,0.8855044449454471
25577,LOF,0.015109271373262022,0.1303669222276346,0.8545238063991034
25578,LOF,0.2623110903291807,0.07375850980320381,0.6639303998676154
25579,LOF,0.26522587085085814,0.07306746527940679,0.6617066638697351
25580,LOF,0.036079564222801674,0.08073463347579399,0.8831858023014043
25581,LOF,0.05336887786749409,0.06549196768741992,0.8811391544450861
25582,LOF,0.053287574541724045,0.06192683611154248,0.8847855893467333
25583,LOF,0.04483862601024647,0.08096300302833433,0.8741983709614193
25584,Neutral,0.4834858246793292,0.07541026519131368,0.44110391012935724
25585,LOF,0.033880750957965514,0.0921628243401343,0.8739564247019003
25586,LOF,0.042322991651518815,0.06445716657406438,0.8932198417744168
25587,LOF,0.036658296030951054,0.062147865060138884,0.90119383890891
25588,LOF,0.036199474042245675,0.07928782718463484,0.8845126987731196
25589,Neutral,0.601386247604042,0.08676110827715354,0.3118526441188044
25590,LOF,0.030130134209816854,0.11217608486431595,0.8576937809258672
25591,LOF,0.11849968966839874,0.050750710955135066,0.8307495993764662
25592,LOF,0.11337258868882319,0.10736243052803797,0.7792649807831388
25593,LOF,0.01715615750180954,0.20533375609710905,0.7775100864010814
25594,LOF,0.03637641649597605,0.15958512942289316,0.8040384540811308
25595,LOF,0.06806523374194318,0.11984433055246178,0.812090435705595
25596,LOF,0.08077589886243489,0.08749819703728078,0.8317259041002844
25597,LOF,0.07014833441406203,0.04913270581884555,0.8807189597670925
25598,LOF,0.04813090819912289,0.1574937307873143,0.7943753610135629
25599,GOF,0.0071875849604302695,0.668595796233233,0.3242166188063368
25600,GOF,0.007613041767198465,0.5671638460404063,0.4252231121923953
25601,LOF,0.006855917449668677,0.433714548497092,0.5594295340532393
25602,LOF,0.014514036563245625,0.0861428576580065,0.8993431057787479
25603,LOF,0.03622607476168821,0.04123479155903294,0.9225391336792789
25604,LOF,0.034228068114752264,0.08809645200541429,0.8776754798798335
25605,LOF,0.009566958543675808,0.2838680042817268,0.7065650371745973
25606,GOF,0.05083258890650045,0.6040251640626538,0.3451422470308457
25607,LOF,0.0033314254220858162,0.1992663746886266,0.7974021998892876
25608,LOF,0.04801784873679697,0.03833766478270678,0.9136444864804962
25609,LOF,0.0599694700394893,0.3043289581975585,0.6357015717629522
25610,LOF,0.04855465328445273,0.03512724785175711,0.9163180988637902
25611,LOF,0.055633722021266103,0.030895392982016677,0.9134708849967172
25612,LOF,0.12847302177975806,0.06532149906329612,0.8062054791569458
25613,LOF,0.10965423900763675,0.060672529275496385,0.829673231716867
25614,LOF,0.03960201892167259,0.04265553135780415,0.9177424497205233
25615,LOF,0.08538956148703032,0.047760725272821825,0.8668497132401478
25616,LOF,0.03949985649551048,0.050769127937724354,0.9097310155667652
25617,LOF,0.0413856767154069,0.051690672574449155,0.9069236507101439
25618,LOF,0.27549647990772536,0.04429567455948894,0.6802078455327858
25619,LOF,0.03952415527042513,0.040823909795165356,0.9196519349344096
25620,LOF,0.03898149270948535,0.05357685207717725,0.9074416552133374
25621,LOF,0.044229251452833525,0.038226155622726195,0.9175445929244402
25622,LOF,0.035481500584617354,0.06043538616316386,0.9040831132522189
25623,LOF,0.057749464272902534,0.045724018074422806,0.8965265176526748
25624,LOF,0.03248038916918006,0.05605057774942291,0.9114690330813972
25625,LOF,0.044129949391755,0.06454637231775422,0.8913236782904908
25626,LOF,0.08259069384756906,0.04845501815352928,0.8689542879989015
25627,Neutral,0.563860854514365,0.09497103622075376,0.34116810926488134
25628,LOF,0.2164363964650782,0.047081930965932384,0.7364816725689893
25629,LOF,0.08427991176100452,0.11516611321412636,0.800553975024869
25630,LOF,0.1962319955618891,0.08135324275580548,0.7224147616823053
25631,Neutral,0.5963777569895823,0.049120846784145494,0.3545013962262723
25632,LOF,0.021072919241351584,0.0954700905669302,0.8834569901917182
25633,LOF,0.2052169641607644,0.1110669427654714,0.6837160930737642
25634,LOF,0.034238875991134524,0.1058316409785113,0.8599294830303542
25635,LOF,0.03860171238202576,0.09372075117441787,0.8676775364435564
25636,GOF,0.005962231280963664,0.6658410036490586,0.3281967650699777
25637,GOF,0.004219671108839154,0.5475240963348802,0.4482562325562808
25638,LOF,0.007407640199609055,0.48783519587587226,0.5047571639245186
25639,LOF,0.0045155582759765014,0.4627745019699037,0.5327099397541198
25640,GOF,0.4181050035630466,0.5206987613649849,0.061196235071968384
25641,LOF,0.005089695298878222,0.36399759293001005,0.6309127117711119
25642,LOF,0.25357489813732903,0.1312339528788983,0.6151911489837726
25643,LOF,0.24039775215590029,0.2646733628348827,0.49492888500921706
25644,GOF,0.02676543546858173,0.6502641510407303,0.32297041349068795
25645,GOF,0.0206221116713879,0.5574237541695483,0.42195413415906385
25646,LOF,0.01978878968993485,0.38676432859486887,0.5934468817151962
25647,LOF,0.016680450630655534,0.28376864481231084,0.6995509045570336
25648,LOF,0.013897319347589627,0.33492257404817344,0.6511801066042369
25649,LOF,0.013826154166057394,0.23891257712141026,0.7472612687125324
25650,GOF,0.04167402271470269,0.5264944405087828,0.4318315367765145
25651,LOF,0.011420074020066628,0.2675762252065658,0.7210037007733675
25652,LOF,0.019634650892965115,0.38230603355780096,0.598059315549234
25653,GOF,0.08258340891374219,0.5293683745509674,0.3880482165352905
25654,LOF,0.014301178435249794,0.3490447791330703,0.6366540424316799
25655,GOF,0.11022159847554788,0.49162700241008683,0.3981513991143653
25656,LOF,0.054328481366532316,0.09161552505630306,0.8540559935771646
25657,LOF,0.28266372963998015,0.03817298380942419,0.6791632865505957
25658,LOF,0.03137071781216412,0.19208031185988225,0.7765489703279536
25659,LOF,0.1956075374679674,0.10085244389581734,0.7035400186362153
25660,LOF,0.0952089462728388,0.11027618149093701,0.7945148722362243
25661,LOF,0.07918049509579095,0.07170894515764507,0.849110559746564
25662,LOF,0.03758455223501138,0.06575188675496343,0.8966635610100251
25663,LOF,0.0443386123026183,0.11727460494147378,0.8383867827559078
25664,LOF,0.03046075360440336,0.13577782547415795,0.8337614209214386
25665,LOF,0.04413242664773644,0.0620934896264524,0.8937740837258111
25666,LOF,0.04418037208832965,0.16511816132229773,0.7907014665893727
25667,LOF,0.03704054028584034,0.06214425531829006,0.9008152043958695
25668,LOF,0.05144198221899633,0.06238675902807379,0.8861712587529299
25669,LOF,0.051051272779360425,0.10040363797966935,0.8485450892409702
25670,LOF,0.07666086185285961,0.09385956104280348,0.8294795771043368
25671,LOF,0.04535793289046872,0.054511628076651955,0.9001304390328795
25672,LOF,0.05004146102916045,0.0733394941381592,0.8766190448326804
25673,LOF,0.04008346036465762,0.07467506582771977,0.8852414738076227
25674,LOF,0.026498907512570197,0.09237235129354772,0.881128741193882
25675,LOF,0.03425768662356838,0.07354686619156868,0.892195447184863
25676,LOF,0.036446455311979584,0.07218994010302147,0.8913636045849989
25677,LOF,0.08039290141628909,0.06333526871717753,0.8562718298665335
25678,LOF,0.1327604659903285,0.05165005412779537,0.815589479881876
25679,LOF,0.12274531330764794,0.06069897913953169,0.8165557075528203
25680,LOF,0.08448447596847126,0.09882289355731999,0.8166926304742087
25681,LOF,0.10204650430847392,0.09062581444839293,0.8073276812431331
25682,LOF,0.051721592317067556,0.06422695188668237,0.88405145579625
25683,LOF,0.08073955801136401,0.08151279595661298,0.837747646032023
25684,LOF,0.061800070329122124,0.07095058331845068,0.8672493463524271
25685,LOF,0.13138026295115085,0.044804862724888345,0.8238148743239607
25686,LOF,0.030584562833741877,0.10081072907679614,0.8686047080894619
25687,LOF,0.06148371332038392,0.0926755700897193,0.8458407165898969
25688,LOF,0.021013133226233476,0.056293292621187006,0.9226935741525795
25689,LOF,0.01739621788921297,0.04046731880030895,0.9421364633104781
25690,LOF,0.017974708977657038,0.04439457895458943,0.9376307120677536
25691,LOF,0.12194443089826125,0.061063731818242956,0.8169918372834958
25692,LOF,0.18949003674915443,0.011777478974917188,0.7987324842759284
25693,LOF,0.035528599385147075,0.252279708156445,0.7121916924584079
25694,LOF,0.2232707483199636,0.015570829338713546,0.7611584223413228
25695,LOF,0.17349383724382517,0.03436409347544232,0.7921420692807325
25696,LOF,0.07075920120299448,0.02886477369515109,0.9003760251018544
25697,LOF,0.14030189251376068,0.04165666185414005,0.8180414456320994
25698,LOF,0.015123932708608338,0.4321110477501081,0.5527650195412835
25699,LOF,0.0872928990603793,0.0934353942772906,0.8192717066623302
25700,LOF,0.03281253712471423,0.019375294575695853,0.9478121682995899
25701,LOF,0.014380779153179982,0.12646369004340835,0.8591555308034116
25702,GOF,0.02349302551324945,0.8004384400662361,0.17606853442051457
25703,LOF,0.014334624569258587,0.32187605641475175,0.6637893190159896
25704,LOF,0.08430153688598183,0.24211524183236255,0.6735832212816556
25705,LOF,0.08400566338359078,0.29285755483146925,0.62313678178494
25706,GOF,0.01613977408155531,0.650020480145182,0.33383974577326275
25707,GOF,0.024309466694847265,0.5465836119355529,0.42910692136959977
25708,GOF,0.007726174503215127,0.5506771352613568,0.44159669023542814
25709,LOF,0.02706876683404264,0.09522422413187696,0.8777070090340804
25710,LOF,0.005917896809093036,0.1792782204005423,0.8148038827903648
25711,LOF,0.02762253441770196,0.17102937117065653,0.8013480944116416
25712,LOF,0.00792873124515127,0.2432854212938467,0.7487858474610021
25713,LOF,0.02690824911600085,0.15007592212451207,0.8230158287594871
25714,LOF,0.025207897998487556,0.18922256107305474,0.7855695409284578
25715,LOF,0.030452362894032123,0.1615107951990431,0.8080368419069248
25716,LOF,0.005855051281194999,0.19117282644961484,0.8029721222691901
25717,LOF,0.00544129123679659,0.18298619850576317,0.8115725102574401
25718,LOF,0.027920724032061243,0.10699211629991338,0.8650871596680253
25719,LOF,0.03509146772203745,0.17031005731533663,0.7945984749626259
25720,LOF,0.03734145559374173,0.1455665700396359,0.8170919743666225
25721,LOF,0.027839469481489784,0.13567660158674757,0.8364839289317627
25722,LOF,0.01996917783999571,0.18070665442447853,0.7993241677355257
25723,LOF,0.030094261546506247,0.15087534170946024,0.8190303967440336
25724,LOF,0.028122647780496716,0.2548850027184835,0.7169923495010198
25725,LOF,0.031796642269277905,0.12760152353632226,0.8406018341943998
25726,LOF,0.0209665663594989,0.1728570215926813,0.8061764120478198
25727,LOF,0.028549007699093607,0.1618012748977015,0.809649717403205
25728,LOF,0.026597656964553885,0.15989640208702258,0.8135059409484235
25729,LOF,0.026227851949303153,0.17872871934665355,0.7950434287040432
25730,LOF,0.03159773238444993,0.11661718254434207,0.851785085071208
25731,LOF,0.009245192266675297,0.17361720306421066,0.8171376046691141
25732,LOF,0.02295320330348176,0.12535766909510598,0.8516891276014122
25733,LOF,0.03553806389303133,0.12084774541521116,0.8436141906917575
25734,LOF,0.006268383342400694,0.29120892953321276,0.7025226871243866
25735,LOF,0.026392561789302812,0.10891146548608358,0.8646959727246137
25736,LOF,0.024121467609146525,0.2077723094137349,0.7681062229771186
25737,LOF,0.06003245552397178,0.169680231360945,0.7702873131150831
25738,LOF,0.024796063188044812,0.22719398080606076,0.7480099560058945
25739,LOF,0.028701616916361233,0.13579044214904182,0.835507940934597
25740,LOF,0.031582734888746904,0.16455697103745257,0.8038602940738004
25741,LOF,0.03774565917709712,0.15123408869322955,0.8110202521296734
25742,LOF,0.04711114615595271,0.15709951198314884,0.7957893418608984
25743,LOF,0.011428923132643806,0.023218755515209313,0.9653523213521469
25744,LOF,0.1794580743206703,0.1920162741609593,0.6285256515183705
25745,LOF,0.03050350842268959,0.059965656756168544,0.9095308348211418
25746,LOF,0.012805707218165012,0.08275366765739428,0.9044406251244408
25747,LOF,0.039151887256673415,0.02624741743818207,0.9346006953051446
25748,LOF,0.28056076167383137,0.047426006217295535,0.6720132321088731
25749,LOF,0.013970891602206001,0.05400606386489016,0.9320230445329037
25750,LOF,0.018515053488744722,0.056620619627062004,0.9248643268841933
25751,LOF,0.03888978896477627,0.03959453470174866,0.9215156763334751
25752,GOF,0.06814213398739463,0.718996943431545,0.21286092258106046
25753,GOF,0.006699458219421298,0.4989750845603606,0.49432545722021803
25754,GOF,0.0070860432786514806,0.9075185718526342,0.08539538486871426
25755,LOF,0.006573998444494436,0.4736553882898753,0.5197706132656302
25756,GOF,0.022128777041385765,0.5174059766155523,0.46046524634306185
25757,GOF,0.007723695687310208,0.8878860627882044,0.10439024152448541
25758,GOF,0.007988112954554125,0.9091445240369734,0.08286736300847236
25759,GOF,0.00552065496342057,0.7137767879399597,0.2807025570966197
25760,LOF,0.005877129630378471,0.3724649727561632,0.6216578976134582
25761,GOF,0.04518026752553496,0.8710279659087579,0.08379176656570715
25762,LOF,0.025385146407454855,0.45062527985312173,0.5239895737394236
25763,LOF,0.00606709422582474,0.35297947868849794,0.6409534270856774
25764,GOF,0.05982047566651853,0.7107602286413609,0.22941929569212055
25765,GOF,0.008019612947500537,0.8971437375368306,0.0948366495156689
25766,GOF,0.02498237993488645,0.8658741042282444,0.10914351583686911
25767,GOF,0.018902951057605404,0.5454201664454449,0.4356768824969497
25768,LOF,0.05327697531745314,0.05083199943367718,0.8958910252488697
25769,LOF,0.039235219447324124,0.06853239979628108,0.8922323807563947
25770,LOF,0.14079342809924317,0.09184801165710188,0.7673585602436549
25771,LOF,0.019204966702226305,0.07066673534798795,0.9101282979497858
25772,LOF,0.02982947102868635,0.03102891304838664,0.939141615922927
25773,LOF,0.015033555617760711,0.07257438588402514,0.9123920584982141
25774,LOF,0.026806310285531116,0.1400002417908514,0.8331934479236174
25775,LOF,0.018823944977426135,0.040787512934135406,0.9403885420884385
25776,LOF,0.030672280020890494,0.021068574263357426,0.9482591457157521
25777,LOF,0.30992657070464347,0.07959873081793656,0.61047469847742
25778,LOF,0.028274355203684844,0.06257716534589246,0.9091484794504227
25779,GOF,0.059552037953940026,0.85599004525408,0.0844579167919801
25780,GOF,0.07083552606756884,0.8612027129949038,0.06796176093752723
25781,GOF,0.03142045563582606,0.8134313106238947,0.15514823374027925
25782,GOF,0.03945884646750371,0.8755430119645256,0.08499814156797077
25783,GOF,0.035372584461235514,0.898791967102972,0.0658354484357925
25784,GOF,0.11935359619538059,0.8218648859777917,0.05878151782682756
25785,GOF,0.11291567863151324,0.8436575240549088,0.043426797313578056
25786,GOF,0.009214514997232108,0.8454870217592338,0.14529846324353413
25787,GOF,0.24140491610352252,0.6957630208921604,0.06283206300431725
25788,LOF,0.017706624213837466,0.19174831533985578,0.7905450604463068
25789,GOF,0.019117822308800304,0.8198889248773226,0.16099325281387714
25790,GOF,0.028160261222891107,0.8668022790828733,0.1050374596942355
25791,GOF,0.02703349997564424,0.7089884228738476,0.26397807715050825
25792,GOF,0.032263362374969656,0.7625690645934986,0.2051675730315317
25793,GOF,0.04045319820015068,0.7863112095687557,0.17323559223109364
25794,GOF,0.04520280433807778,0.7036715884137954,0.25112560724812677
25795,GOF,0.05590066650010269,0.7170037880309302,0.22709554546896718
25796,GOF,0.14145785862070517,0.7558749230288421,0.10266721835045277
25797,GOF,0.06506433924606912,0.6833192535426437,0.2516164072112873
25798,GOF,0.006493185227132151,0.752272421933339,0.24123439283952897
25799,GOF,0.00458148665649246,0.6540846912523097,0.3413338220911979
25800,GOF,0.027151068270296265,0.818667716727087,0.15418121500261658
25801,GOF,0.02471395659424972,0.8745421742908097,0.10074386911494058
25802,GOF,0.02765207045532122,0.7522894394082136,0.22005849013646514
25803,GOF,0.02009931835445617,0.6746055063728535,0.30529517527269023
25804,GOF,0.0345777224960661,0.745729761243499,0.219692516260435
25805,GOF,0.031149774952675156,0.7871346165486205,0.18171560849870433
25806,GOF,0.04122518632172486,0.7943513181088636,0.16442349556941166
25807,GOF,0.014542463359346515,0.7286712906578299,0.2567862459828236
25808,GOF,0.024780330926059187,0.7488505164995781,0.22636915257436258
25809,GOF,0.012005901406697377,0.6774653739534022,0.31052872463990044
25810,GOF,0.010249389002839534,0.6645412470709019,0.3252093639262585
25811,GOF,0.07252568513024843,0.8404263837449104,0.08704793112484113
25812,GOF,0.030504984372179828,0.740155121748514,0.2293398938793061
25813,GOF,0.17966813285937833,0.732718112354096,0.08761375478652561
25814,GOF,0.026015907562346997,0.7472091418867379,0.22677495055091526
25815,GOF,0.05688241792047348,0.7938307022125248,0.1492868798670017
25816,GOF,0.008970854036985961,0.8459757496106204,0.1450533963523936
25817,GOF,0.11507415454562689,0.7489602988277135,0.13596554662665944
25818,GOF,0.028870709630622906,0.7667029346761066,0.20442635569327067
25819,GOF,0.0517405194763489,0.7530702994058781,0.19518918111777303
25820,GOF,0.05258784869400648,0.7165533601558987,0.23085879115009475
25821,GOF,0.03638068953276372,0.7598048161025127,0.20381449436472363
25822,GOF,0.059716746110037404,0.7235247701744737,0.21675848371548884
25823,GOF,0.030228642081565938,0.7024882307986748,0.26728312711975927
25824,GOF,0.030773049404839048,0.7473730415039127,0.22185390909124822
25825,GOF,0.024471121445676775,0.7422934715203497,0.23323540703397358
25826,GOF,0.0112020433920034,0.7010569520449322,0.2877410045630644
25827,GOF,0.018012863450386406,0.6966012511450252,0.2853858854045885
25828,GOF,0.010889250719259506,0.7283524275308533,0.26075832174988733
25829,GOF,0.004264526485061665,0.6506522125748888,0.34508326094004943
25830,GOF,0.03856727055218894,0.5385059775977168,0.42292675185009415
25831,GOF,0.07260200991842879,0.7977690525364626,0.12962893754510865
25832,GOF,0.009467933822186542,0.7063893404243649,0.28414272575344857
25833,GOF,0.03296062374221982,0.7873215985619625,0.17971777769581768
25834,GOF,0.009857270940013289,0.7288452813041403,0.2612974477558464
25835,GOF,0.0250669711637966,0.8026510814731277,0.1722819473630756
25836,GOF,0.007015904741273405,0.7185034742417554,0.2744806210169711
25837,GOF,0.008079906944536131,0.7337427894703654,0.2581773035850985
25838,GOF,0.019137537540817758,0.8074313008612553,0.17343116159792696
25839,GOF,0.04466413755457877,0.7783220234782913,0.17701383896713008
25840,GOF,0.0829312038733618,0.7472812314806162,0.16978756464602196
25841,GOF,0.07602038785779218,0.787142851006219,0.13683676113598886
25842,GOF,0.026417181172949417,0.8590693513561679,0.1145134674708827
25843,GOF,0.02501888616036811,0.8632056472842604,0.11177546655537164
25844,GOF,0.020066556297290223,0.7861241188342927,0.193809324868417
25845,GOF,0.006367347517627904,0.6795986970136837,0.31403395546868845
25846,GOF,0.07507058206161527,0.8205876918686373,0.10434172606974754
25847,GOF,0.015315764989038827,0.8490541686157983,0.1356300663951628
25848,GOF,0.021436054246678358,0.7976015576085178,0.18096238814480384
25849,GOF,0.006901154640648267,0.7547250766404718,0.2383737687188797
25850,GOF,0.006496363216304814,0.6740035624930977,0.31950007429059746
25851,GOF,0.005901164686829752,0.6204877122860957,0.3736111230270745
25852,GOF,0.13446677242119304,0.5647455665291251,0.30078766104968185
25853,GOF,0.05860691708382346,0.7689371422233654,0.1724559406928112
25854,GOF,0.005964867556169406,0.6780164602209953,0.3160186722228353
25855,GOF,0.022419695431895665,0.6140347846492746,0.3635455199188298
25856,GOF,0.04380463543905048,0.6984965835937488,0.25769878096720067
25857,GOF,0.02244904968577625,0.6159729458227537,0.36157800449147
25858,GOF,0.008237305368387631,0.5790741063429671,0.4126885882886453
25859,GOF,0.006126733406461956,0.5617642109220519,0.4321090556714862
25860,GOF,0.08256263315825425,0.728740804996452,0.18869656184529382
25861,GOF,0.1184144962721502,0.7751332049928217,0.10645229873502815
25862,GOF,0.02233153701389847,0.8766601862182036,0.10100827676789788
25863,GOF,0.020600775036280338,0.8465625020939486,0.132836722869771
25864,GOF,0.038096151780666394,0.867422546889808,0.09448130132952552
25865,GOF,0.04132868198766906,0.8513009387824176,0.10737037922991313
25866,GOF,0.01973792004818985,0.8448157440001286,0.1354463359516815
25867,GOF,0.041357888824559604,0.847998340160178,0.11064377101526233
25868,GOF,0.06181431544052281,0.7722794344737277,0.16590625008574947
25869,GOF,0.3018594513913667,0.5799008349399323,0.11823971366870094
25870,GOF,0.060343433930790696,0.5719577880247558,0.36769877804445333
25871,GOF,0.00841355612101426,0.7775056225042695,0.21408082137471618
25872,GOF,0.020243022125514046,0.7712843474173224,0.2084726304571635
25873,GOF,0.020226384854278752,0.8527527815373607,0.12702083360836067
25874,LOF,0.018062176034977236,0.19358050316915318,0.7883573207958695
25875,LOF,0.0228367491718029,0.12457711265740225,0.852586138170795
25876,LOF,0.02676316423619774,0.06555608715255594,0.9076807486112464
25877,LOF,0.09941360897189269,0.21930935314159683,0.6812770378865105
25878,LOF,0.06398245750146399,0.30339784202198455,0.6326197004765515
25879,LOF,0.010850846704987151,0.17737117648651823,0.8117779768084946
25880,LOF,0.0693241555554268,0.022126734756596433,0.9085491096879768
25881,Neutral,0.5590047440374865,0.11667006388173234,0.32432519208078125
25882,LOF,0.051056229812305245,0.03246209529056968,0.9164816748971252
25883,LOF,0.030072554143214095,0.02732700946106419,0.9426004363957217
25884,LOF,0.0187184630701793,0.041514486869649106,0.9397670500601717
25885,LOF,0.1582310766303565,0.016148346441280628,0.8256205769283629
25886,LOF,0.25968361285135505,0.05072095459971913,0.6895954325489257
25887,LOF,0.08209673807759471,0.18482627068462973,0.7330769912377756
25888,LOF,0.007906725552056367,0.21400272601602008,0.7780905484319235
25889,LOF,0.026968125811972977,0.0346590144146464,0.9383728597733807
25890,LOF,0.18293439475679393,0.06384685869130466,0.7532187465519015
25891,LOF,0.11061863018577499,0.040026820462940656,0.8493545493512844
25892,LOF,0.008418836974872721,0.030337501428857924,0.9612436615962693
25893,LOF,0.29372093854405923,0.01073534853188311,0.6955437129240577
25894,LOF,0.3302219792195868,0.007509589198683574,0.6622684315817295
25895,LOF,0.2626197739198779,0.014705272170183106,0.722674953909939
25896,LOF,0.09284323694859853,0.025063622632737155,0.8820931404186644
25897,LOF,0.12467832986367659,0.011737118287100437,0.863584551849223
25898,LOF,0.14028134055920413,0.026555575567738302,0.8331630838730575
25899,LOF,0.42213621054383976,0.028477853535415282,0.5493859359207449
25900,Neutral,0.6970200969245427,0.010631901768961763,0.29234800130649563
25901,LOF,0.09073657504978756,0.013509352099676634,0.8957540728505358
25902,LOF,0.1046918924070179,0.012948477853031184,0.882359629739951
25903,LOF,0.18091612834331883,0.028181548511591114,0.79090232314509
25904,Neutral,0.5373892992367457,0.0398479751126314,0.42276272565062273
25905,LOF,0.007131263721504217,0.3758723413822058,0.6169963948962899
25906,LOF,0.009815798553717399,0.05367369921996265,0.9365105022263199
25907,LOF,0.008360155460379602,0.2528706478999244,0.738769196639696
25908,LOF,0.007927855029010904,0.23019617626104388,0.7618759687099451
25909,LOF,0.034497605930491705,0.0848880415049412,0.8806143525645671
25910,LOF,0.013685775375515257,0.10703059160657796,0.8792836330179067
25911,LOF,0.1972577916250053,0.019973854552680376,0.7827683538223142
25912,LOF,0.13929107034825386,0.020844806709783746,0.8398641229419623
25913,LOF,0.019412094977430752,0.023992812776173947,0.9565950922463954
25914,LOF,0.04504310649886628,0.025981718895823354,0.9289751746053104
25915,LOF,0.23097760611177998,0.2489842475207281,0.520038146367492
25916,LOF,0.01410581881162235,0.12295351107900035,0.8629406701093773
25917,LOF,0.06320545785447097,0.03192171818464813,0.9048728239608809
25918,LOF,0.04032255689090329,0.015898135872161833,0.9437793072369349
25919,LOF,0.03400681882199028,0.017327018506752317,0.9486661626712574
25920,LOF,0.32262390482103925,0.1764294245965452,0.5009466705824156
25921,LOF,0.019082595895063056,0.01572570731512832,0.9651916967898085
25922,LOF,0.02052420163610978,0.01695714389080244,0.9625186544730877
25923,LOF,0.4671986895958474,0.010858861110411505,0.5219424492937411
25924,LOF,0.029215249128295085,0.01607105486676921,0.9547136960049357
25925,LOF,0.11906102171201655,0.023473885726760936,0.8574650925612225
25926,LOF,0.09793038536510551,0.018240624738334783,0.8838289898965597
25927,LOF,0.029370571631911254,0.02237005319130023,0.9482593751767884
25928,LOF,0.014571518640936431,0.011960384571030921,0.9734680967880327
25929,Neutral,0.5925326096647276,0.010723719927118276,0.3967436704081542
25930,LOF,0.1110349159504182,0.010936727258812614,0.8780283567907692
25931,LOF,0.015877333061712618,0.010994951902492148,0.9731277150357952
25932,LOF,0.10399032434208608,0.010802058663794672,0.8852076169941192
25933,LOF,0.09825940904020798,0.008564418876014213,0.8931761720837779
25934,LOF,0.10648800048708462,0.007211835126306874,0.8863001643866084
25935,LOF,0.11031435064107323,0.020458717914399946,0.8692269314445268
25936,LOF,0.10950513898298836,0.00735602994913061,0.883138831067881
25937,LOF,0.018135119299814248,0.015544238682817287,0.9663206420173684
25938,LOF,0.11089625003375661,0.018919388539097096,0.8701843614271463
25939,LOF,0.06613398989720906,0.010802327658225303,0.9230636824445656
25940,GOF,0.008543533790296973,0.5614279680615882,0.4300284981481148
25941,Neutral,0.49315758319754355,0.03551527295091324,0.47132714385154306
25942,LOF,0.012558149944987695,0.054373992068079,0.9330678579869334
25943,LOF,0.05822856120897739,0.17510077301731095,0.7666706657737117
25944,LOF,0.04887709045725191,0.10192237250332686,0.8492005370394211
25945,LOF,0.19430482692012208,0.028319002461029478,0.7773761706188483
25946,LOF,0.09287676637989811,0.0393071273438109,0.8678161062762909
25947,Neutral,0.4662541747281604,0.1366785672908753,0.3970672579809643
25948,LOF,0.36581364427286356,0.018913339100046472,0.6152730166270901
25949,LOF,0.14212466485429753,0.07401366070780692,0.7838616744378956
25950,GOF,0.10145163272208735,0.6505668122122855,0.24798155506562708
25951,LOF,0.015088707275780544,0.46504303951595344,0.519868253208266
25952,LOF,0.17016258133752302,0.3015340448091628,0.5283033738533142
25953,LOF,0.0071586836013021815,0.3045628702097018,0.6882784461889959
25954,GOF,0.06201034901118296,0.4736399897532715,0.4643496612355456
25955,LOF,0.008054187116687041,0.3262698384540663,0.6656759744292466
25956,LOF,0.009134077876645493,0.397715792519214,0.5931501296041405
25957,LOF,0.16689453744700364,0.04354509093185212,0.7895603716211442
25958,LOF,0.027612614008892082,0.06537716690029481,0.907010219090813
25959,GOF,0.006649535482385221,0.73659806343917,0.2567524010784447
25960,LOF,0.005148590104197209,0.11307353526243093,0.8817778746333719
25961,LOF,0.02302223007282871,0.0577359197919488,0.9192418501352224
25962,LOF,0.03005643089361107,0.09759861507819807,0.8723449540281909
25963,LOF,0.010483870652141323,0.14206541175617393,0.8474507175916847
25964,LOF,0.04452063215788631,0.10595544701050272,0.8495239208316109
25965,LOF,0.17011767973968292,0.17357840863509186,0.6563039116252252
25966,LOF,0.30386571796981254,0.1014965764007392,0.5946377056294482
25967,LOF,0.006428136781158851,0.09386862550914676,0.8997032377096943
25968,LOF,0.045177866605651845,0.34482974103145536,0.6099923923628927
25969,LOF,0.11445324551126122,0.10541740486672328,0.7801293496220155
25970,LOF,0.05860788824745096,0.06540179024773723,0.8759903215048119
25971,LOF,0.06397412956277669,0.027703423399551525,0.9083224470376717
25972,LOF,0.07300784013918148,0.034932956156088,0.8920592037047306
25973,LOF,0.07282463172587011,0.011132667814483544,0.9160427004596464
25974,LOF,0.061095726026537185,0.04387524846333991,0.895029025510123
25975,LOF,0.03131304693819263,0.013473730328309175,0.9552132227334983
25976,LOF,0.08871048523802702,0.013425540194138403,0.8978639745678345
25977,LOF,0.24760909382946403,0.061686946403725865,0.6907039597668101
25978,LOF,0.17707997608057735,0.1268395807016096,0.696080443217813
25979,LOF,0.13123946814409057,0.12716051070483797,0.7416000211510714
25980,LOF,0.21115895560541947,0.23247989895614854,0.556361145438432
25981,LOF,0.2120491631431011,0.23739152295368204,0.5505593139032169
25982,LOF,0.2952489382248655,0.12681576976483488,0.5779352920102997
25983,Neutral,0.4901020324387326,0.10865595596837992,0.40124201159288736
25984,LOF,0.05606331584030827,0.07464801263844174,0.86928867152125
25985,Neutral,0.4748947797520133,0.1357349972183856,0.38937022302960106
25986,LOF,0.012131796582851014,0.40931705961604814,0.5785511438011008
25987,LOF,0.03361603189865702,0.07461442788304391,0.891769540218299
25988,LOF,0.06278303767677876,0.1238073432646439,0.8134096190585773
25989,LOF,0.07276012232549371,0.20605729194924213,0.7211825857252642
25990,LOF,0.06458775258893953,0.33060918577686954,0.6048030616341911
25991,GOF,0.021139110709957568,0.5251824162810248,0.45367847300901765
25992,LOF,0.010211813190299634,0.44230181879451785,0.5474863680151826
25993,LOF,0.017788564137303595,0.059193761603734754,0.9230176742589618
25994,LOF,0.024087831407651448,0.0669690858577077,0.9089430827346409
25995,LOF,0.01617869861067772,0.10125164194346797,0.8825696594458544
25996,GOF,0.3076087491608112,0.44002599703743145,0.25236525380175734
25997,GOF,0.05200151715950945,0.6004668466304645,0.34753163621002614
25998,LOF,0.22319069284392637,0.03667637092314341,0.7401329362329303
25999,LOF,0.028282516003819723,0.2963820168627921,0.6753354671333882
26000,LOF,0.1508189089124758,0.013213564450243503,0.8359675266372808
26001,LOF,0.14756959356417296,0.01809669165533461,0.8343337147804925
26002,LOF,0.10145999092200066,0.017916246396974318,0.880623762681025
26003,GOF,0.006264304137183524,0.5267726833426335,0.46696301252018313
26004,GOF,0.015838957649137887,0.5689639851824347,0.41519705716842736
26005,LOF,0.0052997040994473815,0.46522790613745246,0.5294723897631002
26006,GOF,0.09477980238547552,0.4887734285184209,0.41644676909610356
26007,LOF,0.009293111504510176,0.4908058623710134,0.4999010261244763
26008,GOF,0.006719446329514819,0.5434918319619756,0.4497887217085095
26009,GOF,0.011745159073632924,0.5887405148874244,0.3995143260389427
26010,GOF,0.0103840562767046,0.5284238530517007,0.4611920906715946
26011,LOF,0.005650146145081281,0.38303672461819227,0.6113131292367264
26012,LOF,0.005040005127904015,0.4716669769151441,0.5232930179569519
26013,LOF,0.01124707356515223,0.44025767745864747,0.5484952489762004
26014,LOF,0.03860542649977801,0.07744040724709828,0.8839541662531237
26015,LOF,0.3327327156818413,0.02142462117228136,0.6458426631458772
26016,LOF,0.26563216828887204,0.025928813269648212,0.7084390184414797
26017,LOF,0.018194480827587498,0.10413223323177288,0.8776732859406396
26018,LOF,0.0333691331683128,0.05130503267417307,0.915325834157514
26019,LOF,0.03310440270724379,0.04449818351140403,0.9223974137813522
26020,LOF,0.007729886803557341,0.09995720301292976,0.892312910183513
26021,LOF,0.08679608334912885,0.048687488754828374,0.8645164278960428
26022,LOF,0.04546030229003824,0.0174992228656287,0.9370404748443331
26023,LOF,0.02449983777396253,0.030486509371996522,0.9450136528540408
26024,LOF,0.05564345949235654,0.0358502409985889,0.9085062995090545
26025,LOF,0.14969330463161812,0.03796597607913436,0.8123407192892474
26026,LOF,0.12015094590151368,0.03177589322326104,0.8480731608752253
26027,LOF,0.03220523898058296,0.018428927329587924,0.9493658336898292
26028,LOF,0.08230789506818907,0.203070215030404,0.714621889901407
26029,LOF,0.03421938986585307,0.15984526183583866,0.8059353482983084
26030,LOF,0.11256839300414949,0.01658817793104616,0.8708434290648045
26031,LOF,0.014626527850743002,0.16248752323292687,0.8228859489163302
26032,LOF,0.036843742928092775,0.05217470040574781,0.9109815566661593
26033,LOF,0.03604765618567982,0.05335417123488507,0.9105981725794352
26034,LOF,0.02120570302903111,0.10898154873213235,0.8698127482388366
26035,LOF,0.012126105343025896,0.1257001946769852,0.8621736999799889
26036,LOF,0.011678780314681721,0.09928926978302853,0.8890319499022897
26037,LOF,0.011802658812154315,0.10398313146307675,0.8842142097247688
26038,LOF,0.03113499169428666,0.0486780045755904,0.9201870037301229
26039,LOF,0.035253050991312256,0.1432740914432426,0.8214728575654451
26040,LOF,0.081143755924528,0.17492164774512134,0.7439345963303506
26041,LOF,0.014261899237384258,0.10624234048162753,0.8794957602809882
26042,LOF,0.013328075374049017,0.11246471623033402,0.874207208395617
26043,LOF,0.033447006462666115,0.08899046292480867,0.8775625306125252
26044,LOF,0.007951105897373446,0.04373171081236478,0.9483171832902617
26045,LOF,0.0930229661507985,0.20825947528399094,0.6987175585652106
26046,LOF,0.029022274258043067,0.0568314133870461,0.9141463123549107
26047,LOF,0.06821326105237285,0.053829826977914316,0.8779569119697128
26048,LOF,0.08236319947339661,0.021860655544460098,0.8957761449821433
26049,Neutral,0.9403107674442119,0.00626353037415978,0.05342570218162828
26050,Neutral,0.8954641868482174,0.007562090287552773,0.09697372286422987
26051,LOF,0.026601260591584318,0.3199322588217381,0.6534664805866776
26052,LOF,0.03088288307161386,0.26425945436384124,0.704857662564545
26053,LOF,0.01911601242813633,0.21325140069598697,0.7676325868758767
26054,LOF,0.05679043122512305,0.05552341643158004,0.8876861523432968
26055,LOF,0.0744153617772625,0.057533697023371605,0.8680509411993658
26056,LOF,0.06948444415757063,0.05974209645807391,0.8707734593843554
26057,LOF,0.06955291946238727,0.025907247137807555,0.904539833399805
26058,LOF,0.07724071572222108,0.02099438009132531,0.9017649041864536
26059,LOF,0.25610559563367874,0.07276758758536146,0.6711268167809598
26060,LOF,0.018655381732024474,0.21955840792282713,0.7617862103451484
26061,LOF,0.01302861462510498,0.015610438539339315,0.9713609468355557
26062,LOF,0.00582014317432231,0.029854379387070442,0.9643254774386072
26063,LOF,0.05065151737850538,0.015341430759777867,0.9340070518617167
26064,LOF,0.008812599731167018,0.021793499929864974,0.9693939003389679
26065,LOF,0.07353709695149888,0.02410204911939559,0.9023608539291055
26066,LOF,0.061641536563849006,0.01620373954598417,0.9221547238901667
26067,LOF,0.057991044500958815,0.014715773941174818,0.9272931815578663
26068,LOF,0.05568274615556709,0.04569969207805387,0.898617561766379
26069,LOF,0.19444840937664684,0.036215124364620134,0.769336466258733
26070,LOF,0.44566701316717733,0.022098079402745687,0.5322349074300771
26071,LOF,0.05193391495320238,0.018245234814796618,0.9298208502320009
26072,LOF,0.008128198012857673,0.02131881582213494,0.9705529861650074
26073,LOF,0.048759023103848574,0.014833382894248211,0.9364075940019031
26074,Neutral,0.6786160537215925,0.01892769259107664,0.3024562536873309
26075,LOF,0.04432031016790877,0.032077925558165625,0.9236017642739256
26076,LOF,0.04486285128528906,0.019175207467134164,0.9359619412475768
26077,LOF,0.17462888101882182,0.01654928278293602,0.8088218361982421
26078,LOF,0.006896670939268686,0.03846122468468009,0.9546421043760513
26079,LOF,0.05900729578853716,0.032213568225709976,0.9087791359857529
26080,LOF,0.05787026446850561,0.03256572542615502,0.9095640101053394
26081,LOF,0.046520969822915086,0.01638958621560417,0.9370894439614808
26082,LOF,0.006911193333692307,0.02536395762165212,0.9677248490446556
26083,LOF,0.10952050299498878,0.028125922547213262,0.862353574457798
26084,LOF,0.13914051984907677,0.02406567575713044,0.8367938043937928
26085,LOF,0.11880824230167626,0.02084675077144923,0.8603450069268745
26086,LOF,0.04067826589432976,0.02361827182668929,0.935703462278981
26087,LOF,0.0439753281711957,0.01970405002274804,0.9363206218060561
26088,LOF,0.0076456614137662875,0.04879993829954613,0.9435544002866875
26089,LOF,0.040322618615867445,0.04589955554600776,0.9137778258381248
26090,LOF,0.03994159101058056,0.04127859490432364,0.9187798140850959
26091,LOF,0.03293130420869619,0.015431523329299571,0.9516371724620043
26092,LOF,0.04110511922070895,0.01308826017836846,0.9458066206009226
26093,LOF,0.06349628010432175,0.008731368213093473,0.9277723516825848
26094,LOF,0.04183147459632045,0.011157897154652943,0.9470106282490267
26095,LOF,0.014142758270889748,0.028244089753869033,0.9576131519752413
26096,LOF,0.2850253086676441,0.005532162941484545,0.7094425283908714
26097,LOF,0.006856436860858198,0.06080655382163065,0.9323370093175112
26098,LOF,0.057608354775723035,0.03339865486130417,0.9089929903629729
26099,LOF,0.05474640207971908,0.03383812381687928,0.9114154741034017
26100,LOF,0.054677199036233456,0.03384060114270922,0.9114821998210574
26101,LOF,0.04863565454837779,0.05546136588711474,0.8959029795645075
26102,LOF,0.040633804452236466,0.020683687389092043,0.9386825081586715
26103,Neutral,0.8994100478861015,0.03509535266842885,0.0654945994454697
26104,LOF,0.05132107758392029,0.07950376088592503,0.8691751615301547
26105,LOF,0.2502436150189916,0.06499763580984914,0.6847587491711593
26106,LOF,0.26915039992481965,0.035661711973547276,0.695187888101633
26107,LOF,0.015637424657279745,0.06143995948298017,0.92292261585974
26108,LOF,0.16723064836447568,0.059064696211902044,0.7737046554236223
26109,LOF,0.05291975553285892,0.06307728761931976,0.8840029568478214
26110,LOF,0.3964219794937394,0.012144257397804913,0.5914337631084556
26111,LOF,0.05863036816172128,0.07668222244623081,0.864687409392048
26112,LOF,0.06868698453802219,0.012160371905760711,0.9191526435562172
26113,LOF,0.11735435091699498,0.02574784172793067,0.8568978073550744
26114,LOF,0.09952037454423616,0.009652434123308276,0.8908271913324556
26115,LOF,0.020612538644334804,0.06981852094439137,0.9095689404112739
26116,LOF,0.07507144559483067,0.023406913072185714,0.9015216413329836
26117,LOF,0.3748544590502885,0.03263439207321016,0.5925111488765014
26118,LOF,0.0408630345363766,0.019765902302780754,0.9393710631608426
26119,LOF,0.0060070125668131615,0.08387267318026907,0.9101203142529177
26120,LOF,0.0324956691413361,0.014522178704033129,0.9529821521546308
26121,LOF,0.004304956672657255,0.1065271979904857,0.889167845336857
