feature0,prediction,LoGoFunc_Neutral,LoGoFunc_GOF,LoGoFunc_LOF
25546,Neutral,0.6627302414778885,0.06585745536024457,0.27141230316186704
25547,LOF,0.3206865533870746,0.26961711397377947,0.4096963326391459
25548,LOF,0.27871031333035234,0.15584437598018888,0.5654453106894588
25549,LOF,0.2011216241347357,0.18979408385715335,0.609084292008111
25550,Neutral,0.609829358602268,0.06968836440243098,0.3204822769953012
25551,Neutral,0.47134682976244585,0.06570607263278926,0.4629470976047648
25552,LOF,0.11126974561667781,0.15130286423554884,0.7374273901477735
25553,Neutral,0.4658522680268586,0.07126437054779666,0.46288336142534475
25554,LOF,0.14703626411846316,0.22531644943788245,0.6276472864436544
25555,LOF,0.11168958575896155,0.134224077645532,0.7540863365955064
25556,LOF,0.17521668727985,0.17589030732152372,0.6488930053986264
25557,LOF,0.09694202147146391,0.14178630556785982,0.7612716729606762
25558,LOF,0.1735407914045601,0.17268544392252386,0.653773764672916
25559,Neutral,0.4987969127629006,0.11781172388798257,0.38339136334911683
25560,LOF,0.06240607605144571,0.21097880032408772,0.7266151236244666
25561,LOF,0.11100246542202966,0.2218092011440492,0.6671883334339211
25562,LOF,0.36082029689966755,0.0458721261207272,0.5933075769796053
25563,Neutral,0.5152169506764952,0.052525698384901336,0.4322573509386034
25564,LOF,0.05271298173082973,0.2193128818955408,0.7279741363736295
25565,LOF,0.1395169354252627,0.3254508410321988,0.5350322235425385
25566,GOF,0.03749956977222075,0.5414193730221071,0.4210810572056723
25567,LOF,0.31610562812244575,0.09449654450809404,0.5893978273694601
25568,Neutral,0.7027728839014242,0.07405985147348283,0.22316726462509287
25569,Neutral,0.6839224602426024,0.054362248435679425,0.2617152913217181
25570,LOF,0.05624088919904991,0.2889209117088114,0.6548381990921386
25571,LOF,0.0648796928954806,0.22164291719809134,0.7134773899064281
25572,LOF,0.3746228362329635,0.2425559908362369,0.3828211729307996
25573,LOF,0.3854051872312813,0.09921297813950938,0.5153818346292093
25574,GOF,0.08095598329481649,0.5191560796574565,0.399887937047727
25575,LOF,0.07144459095837324,0.06710583096810672,0.8614495780735201
25576,LOF,0.2750663045144174,0.045921084571379424,0.6790126109142032
25577,LOF,0.3904680283911249,0.09858624803686113,0.510945723572014
25578,Neutral,0.44303740739882636,0.2002790578093048,0.3566835347918688
25579,Neutral,0.44303740739882636,0.2002790578093048,0.3566835347918688
25580,LOF,0.04937420529016357,0.09780724969283512,0.8528185450170014
25581,Neutral,0.7107796703774781,0.056282032422806716,0.23293829719971515
25582,Neutral,0.7107796703774781,0.056282032422806716,0.23293829719971515
25583,LOF,0.055544690851521514,0.12673397611098902,0.8177213330374894
25584,LOF,0.3225193402430347,0.2988790234779663,0.3786016362789989
25585,LOF,0.2972162610593233,0.0709736943770276,0.6318100445636491
25586,LOF,0.06666145578573504,0.12797333620324855,0.8053652080110165
25587,LOF,0.058092794144303274,0.12849492386789624,0.8134122819878006
25588,LOF,0.057309455675535616,0.17517384753918447,0.7675166967852799
25589,Neutral,0.6534478917355219,0.21557129765305974,0.13098081061141842
25590,LOF,0.2810934588596847,0.15568693839786127,0.5632196027424541
25591,Neutral,0.6829393359156923,0.07635703574261354,0.24070362834169406
25592,LOF,0.05940123681401713,0.12312997764370026,0.8174687855422826
25593,GOF,0.04952905330362296,0.6818952379954899,0.26857570870088715
25594,Neutral,0.7101063039221487,0.04772890479276959,0.24216479128508175
25595,Neutral,0.6885253906317274,0.05844695575985029,0.25302765360842233
25596,Neutral,0.5527198666905166,0.11300182950690514,0.33427830380257817
25597,Neutral,0.4449209642987707,0.1162587269816894,0.4388203087195398
25598,Neutral,0.7442052716019805,0.045607278555296046,0.21018744984272342
25599,GOF,0.040724702450248354,0.7423350227656265,0.21694027478412514
25600,GOF,0.043368583867114896,0.5946172610103078,0.36201415512257723
25601,GOF,0.03394425174439104,0.5542709464958278,0.41178480175978127
25602,LOF,0.4014541103316479,0.045780322322671894,0.5527655673456802
25603,LOF,0.07946737993310232,0.26070293072393036,0.6598296893429673
25604,Neutral,0.4873987922611987,0.15961356626134987,0.3529876414774515
25605,LOF,0.01897185076652131,0.3689328372492527,0.6120953119842261
25606,LOF,0.025859133338824777,0.47965696028203897,0.49448390637913625
25607,LOF,0.03782397120633424,0.257530767886508,0.7046452609071578
25608,LOF,0.31936028222216417,0.16269661651995398,0.5179431012578818
25609,LOF,0.1638056845072989,0.15162899106801758,0.6845653244246835
25610,LOF,0.0699196559169774,0.09923825781252313,0.8308420862704995
25611,LOF,0.04647532002425157,0.17315995193675773,0.7803647280389908
25612,Neutral,0.6589306625607501,0.06741070570808781,0.2736586317311621
25613,Neutral,0.6257969046889782,0.06492966646375328,0.30927342884726855
25614,LOF,0.06542254528516418,0.16809738678963776,0.7664800679251981
25615,LOF,0.3670454485131716,0.09933185942596255,0.5336226920608658
25616,LOF,0.050015902723068204,0.30901883403568325,0.6409652632412485
25617,LOF,0.05919937251352987,0.092041810838438,0.848758816648032
25618,LOF,0.05641029398935187,0.19666086279305364,0.7469288432175945
25619,LOF,0.056454349575862116,0.15855749953506273,0.784988150889075
25620,LOF,0.055483454987528276,0.27396715004212707,0.6705493949703447
25621,LOF,0.41567245488094345,0.048079570852684314,0.5362479742663723
25622,LOF,0.403330623741378,0.09416394905055318,0.5025054272080688
25623,Neutral,0.46771348936999413,0.09021059679060184,0.44207591383940414
25624,LOF,0.04887596683211135,0.2111450002942047,0.7399790328736839
25625,LOF,0.420780519919745,0.09277241162001196,0.4864470684602431
25626,Neutral,0.6518256071215819,0.058782383771004434,0.28939200910741386
25627,GOF,0.026014992017886006,0.6052106004450887,0.36877440753702523
25628,LOF,0.3324722472997691,0.1877575074817974,0.47977024521843353
25629,Neutral,0.6894810057242676,0.05897337688535007,0.25154561739038234
25630,LOF,0.05871380853270437,0.3581202253091278,0.5831659661581677
25631,Neutral,0.5113940500242351,0.28434615208434716,0.20425979789141774
25632,LOF,0.4203638874373184,0.03238288505301833,0.5472532275096632
25633,LOF,0.2741623885195573,0.3584421949956498,0.3673954164847929
25634,Neutral,0.6973055448299764,0.07534068353332043,0.22735377163670306
25635,LOF,0.060631489609625173,0.08601618600214622,0.8533523243882286
25636,GOF,0.07862195904928773,0.6322080265273,0.28917001442341217
25637,LOF,0.05183509812591427,0.47388878443537774,0.4742761174387081
25638,GOF,0.02855454997527122,0.7185879081655292,0.25285754185919956
25639,LOF,0.04526282387515151,0.4079887503006918,0.5467484258241567
25640,GOF,0.12284481049006242,0.7721393568376663,0.1050158326722712
25641,GOF,0.05664234887825936,0.5283785253232932,0.41497912579844737
25642,Neutral,0.5816177274807541,0.16225819829718774,0.25612407422205813
25643,LOF,0.4083633134774659,0.04407396264994089,0.5475627238725932
25644,GOF,0.05368839705791974,0.5378978349125263,0.4084137680295539
25645,GOF,0.023116221187641183,0.6504105445466539,0.32647323426570496
25646,GOF,0.02850334372769264,0.4992380194868674,0.47225863678543983
25647,GOF,0.04468915568758624,0.6339717460851861,0.32133909822722756
25648,GOF,0.04375398323016946,0.7710294577080825,0.18521655906174792
25649,GOF,0.03753155906223606,0.6035043702022972,0.3589640707354668
25650,GOF,0.06873299126718499,0.567536844436046,0.363730164296769
25651,GOF,0.02646777061560395,0.579244164174933,0.394288065209463
25652,LOF,0.030755777777469857,0.4014664848162255,0.5677777374063046
25653,GOF,0.09999410294187898,0.46882142994401826,0.43118446711410274
25654,GOF,0.08408397623029285,0.5980836346777448,0.31783238909196226
25655,GOF,0.0486029659176665,0.7488917571806241,0.20250527690170947
25656,LOF,0.04254960827441794,0.2339617159432055,0.7234886757823766
25657,Neutral,0.581208807396658,0.022443995034944545,0.3963471975683973
25658,LOF,0.043446646103882595,0.41716221550620786,0.5393911383899096
25659,LOF,0.18098287547502342,0.1834626577108624,0.6355544668141141
25660,LOF,0.10121794273934191,0.23841002543302803,0.6603720318276302
25661,LOF,0.08058985567163715,0.10561693178589177,0.8137932125424711
25662,LOF,0.04789817884267862,0.17506804330271503,0.7770337778546063
25663,LOF,0.08423855083233248,0.13931195391393883,0.7764494952537286
25664,LOF,0.2596369377102616,0.10877199885827128,0.6315910634314671
25665,Neutral,0.6137022634146949,0.07817814121863846,0.30811959536666655
25666,LOF,0.3317187836383079,0.05262618812746485,0.6156550282342271
25667,LOF,0.05093409782869068,0.08898514880426898,0.8600807533670405
25668,LOF,0.0514907838532278,0.09746001680737088,0.8510491993394013
25669,LOF,0.052172604503316955,0.12814202453489754,0.8196853709617854
25670,Neutral,0.46228617141964196,0.11114542417691863,0.4265684044034394
25671,LOF,0.06468537612262334,0.1801576985082497,0.755156925369127
25672,Neutral,0.6267105135908545,0.08032615881215727,0.2929633275969883
25673,LOF,0.2569911828351075,0.1506420501564996,0.5923667670083929
25674,LOF,0.3997825384708289,0.12502618109360594,0.47519128043556513
25675,LOF,0.3562895721971382,0.16379698517880092,0.47991344262406094
25676,LOF,0.045640008244371054,0.16860901649295917,0.7857509752626699
25677,LOF,0.06441921960939725,0.13260560301563154,0.8029751773749713
25678,Neutral,0.5155295271275273,0.1207391972907448,0.3637312755817279
25679,Neutral,0.5997089830559382,0.08980489736847468,0.31048611957558714
25680,LOF,0.10031567701268218,0.2019523131706459,0.6977320098166718
25681,LOF,0.10882353589335582,0.20824452384669176,0.6829319402599524
25682,LOF,0.06914246255511758,0.19254023278532584,0.7383173046595567
25683,LOF,0.420899169457766,0.13733587436058514,0.4417649561816489
25684,LOF,0.0907551748451725,0.2649531693362562,0.6442916558185713
25685,Neutral,0.4798330317218187,0.16309622476462182,0.3570707435135595
25686,GOF,0.05140347938678031,0.5651615018135779,0.38343501879964176
25687,GOF,0.10695178741020216,0.5491615482038845,0.34388666438591325
25688,GOF,0.02886947880508258,0.5633914662966683,0.40773905489824913
25689,LOF,0.03199551942527326,0.43049369998227643,0.5375107805924504
25690,GOF,0.0157946468371767,0.5739778543194614,0.410227498843362
25691,LOF,0.0419461420542497,0.460581504815765,0.4974723531299852
25692,LOF,0.42928228912806426,0.08392267910169457,0.4867950317702411
25693,GOF,0.08134620881976158,0.7069103497500074,0.21174344143023097
25694,Neutral,0.5095128149249276,0.042322785529349295,0.4481643995457231
25695,LOF,0.19050763857738365,0.11011857214391145,0.6993737892787049
25696,Neutral,0.46982587272131066,0.13699169116110013,0.39318243611758924
25697,Neutral,0.4288186507032258,0.15435001461146958,0.4168313346853047
25698,GOF,0.04475296215881142,0.7644476753041339,0.19079936253705465
25699,GOF,0.05342270402863439,0.6449790324181836,0.301598263553182
25700,LOF,0.06107976071379291,0.0944260094009786,0.8444942298852285
25701,GOF,0.04323288315788893,0.49013047840901575,0.4666366384330952
25702,GOF,0.11761884703584127,0.7237960399664293,0.15858511299772937
25703,LOF,0.41030691699135907,0.033615724884768106,0.5560773581238728
25704,LOF,0.05113476128023309,0.15944952206922414,0.7894157166505428
25705,LOF,0.10221836458187988,0.2348323087969838,0.6629493266211364
25706,GOF,0.0491973937310574,0.65528468038483,0.29551792588411263
25707,LOF,0.026571171339915513,0.41622209854168685,0.5572067301183977
25708,GOF,0.041789756234910054,0.481857908070875,0.47635233569421503
25709,LOF,0.0527345924529279,0.16287461008213733,0.7843907974649347
25710,Neutral,0.4059157811605446,0.20249052583897975,0.3915936930004757
25711,LOF,0.04761499626851555,0.3191238171342022,0.6332611865972824
25712,Neutral,0.6362442875055921,0.07500899232792478,0.2887467201664831
25713,LOF,0.08183203040348404,0.1711827430184477,0.7469852265780682
25714,LOF,0.06495423491590493,0.37690287621044655,0.5581428888736485
25715,LOF,0.04853247111380424,0.29291751223649726,0.6585500166496985
25716,LOF,0.4190787273146378,0.15386922114077103,0.4270520515445911
25717,Neutral,0.5161104515995634,0.13058795499206347,0.3533015934083733
25718,LOF,0.05637698229650316,0.1300769171716032,0.8135461005318936
25719,LOF,0.05096479091245843,0.2763296586388695,0.6727055504486721
25720,LOF,0.07037122423768775,0.15416871717721276,0.7754600585850995
25721,LOF,0.047005792389761734,0.10122129228120315,0.8517729153290352
25722,LOF,0.0669369342096432,0.11961018520219559,0.8134528805881613
25723,LOF,0.05976398602012438,0.28224690731878394,0.6579891066610918
25724,LOF,0.06475102027231301,0.275202087378946,0.6600468923487409
25725,LOF,0.08557127357210315,0.14697171041832852,0.7674570160095684
25726,LOF,0.05261035750295949,0.14364175779836671,0.8037478846986739
25727,LOF,0.06410037905077537,0.1091448933895649,0.8267547275596596
25728,LOF,0.05266012218586242,0.1946578863915833,0.7526819914225542
25729,LOF,0.053665232978431614,0.18815991901808454,0.7581748480034839
25730,LOF,0.03844980709992321,0.2584600279914657,0.7030901649086112
25731,LOF,0.2745191418079846,0.11023274440379625,0.6152481137882192
25732,LOF,0.07559473798699977,0.10966829487352892,0.8147369671394713
25733,LOF,0.04697765139547907,0.29920391802950097,0.65381843057502
25734,LOF,0.3061199123453954,0.08231532843123336,0.6115647592233713
25735,LOF,0.043466183960194575,0.14175611598691035,0.8147777000528951
25736,LOF,0.04772110398424717,0.20899131650192876,0.7432875795138242
25737,LOF,0.05288079264668171,0.2137953312857751,0.7333238760675431
25738,LOF,0.05251866638966269,0.33654138317973054,0.6109399504306068
25739,LOF,0.05018609345612726,0.30703835941864305,0.6427755471252297
25740,LOF,0.08962809840499213,0.19391439409722988,0.7164575074977779
25741,LOF,0.08565441537056671,0.18810939128655366,0.7262361933428795
25742,LOF,0.10392195137649714,0.26545135439200673,0.6306266942314961
25743,LOF,0.2682117666026555,0.05583105041533761,0.6759571829820069
25744,GOF,0.08109313506926989,0.6655728284473033,0.25333403648342684
25745,GOF,0.03765028621172534,0.745341633566822,0.2170080802214526
25746,GOF,0.04766120374530029,0.6951176574635727,0.257221138791127
25747,LOF,0.051824189249136426,0.11196637692658892,0.8362094338242747
25748,GOF,0.26229179447056955,0.3806969750168594,0.35701123051257105
25749,GOF,0.037763782547611306,0.6904332640072244,0.27180295344516436
25750,GOF,0.04644616956152617,0.6966977851454447,0.25685604529302924
25751,LOF,0.062346033229230706,0.2508508087450496,0.6868031580257197
25752,LOF,0.3299100582910808,0.31518818726441117,0.35490175444450806
25753,LOF,0.30546774490979106,0.08462095459485088,0.6099113004953581
25754,GOF,0.03206227422076123,0.6858434859913045,0.28209423978793435
25755,LOF,0.24488988768233563,0.18002725279620063,0.5750828595214637
25756,Neutral,0.6758029087662923,0.06634200649518195,0.25785508473852575
25757,GOF,0.04883489657709684,0.6506483408891116,0.30051676253379145
25758,GOF,0.035168646906831004,0.7373418253291515,0.22748952776401757
25759,GOF,0.026955159502772028,0.6107049345427102,0.3623399059545178
25760,LOF,0.2911332904367326,0.09492894187943907,0.6139377676838284
25761,GOF,0.03042519542891539,0.6607802392258136,0.308794565345271
25762,Neutral,0.6973055448299764,0.07534068353332043,0.22735377163670306
25763,LOF,0.3114817393193001,0.08081731726984687,0.607700943410853
25764,GOF,0.2598237646635708,0.46188336328895085,0.2782928720474783
25765,GOF,0.02774740228035797,0.6951062408880928,0.2771463568315494
25766,GOF,0.07791549282217095,0.6126092339245521,0.3094752732532769
25767,GOF,0.03737414826246969,0.814755168345044,0.14787068339248635
25768,LOF,0.05049676974882517,0.2081446922332292,0.7413585380179456
25769,LOF,0.05226555690732579,0.26821918095636754,0.6795152621363065
25770,Neutral,0.6279948604658334,0.0650964304070219,0.3069087091271447
25771,LOF,0.2633686079877208,0.11385639939392785,0.6227749926183515
25772,LOF,0.0652816572893053,0.06532557031358417,0.8693927723971105
25773,LOF,0.42181201962427767,0.07609910455283532,0.5020888758228871
25774,Neutral,0.669147133844063,0.08312820157090195,0.2477246645850351
25775,LOF,0.29788569530893844,0.09088559856079205,0.6112287061302694
25776,LOF,0.03872300431596713,0.11819660895635567,0.8430803867276772
25777,Neutral,0.6346913978049672,0.05294117115202727,0.31236743104300563
25778,LOF,0.072273200063915,0.0910487899723135,0.8366780099637716
25779,GOF,0.09853261849560972,0.7165000170726016,0.18496736443178868
25780,GOF,0.07073689170491235,0.7796844927908151,0.14957861550427265
25781,GOF,0.07480622809005202,0.7759393266742197,0.14925444523572823
25782,GOF,0.05905314463385947,0.7397093275607539,0.20123752780538667
25783,GOF,0.09058759885756083,0.7278575736674469,0.18155482747499221
25784,GOF,0.12251850975746419,0.7158163822901826,0.1616651079523531
25785,GOF,0.09132169333773275,0.6730168656111548,0.23566144105111234
25786,GOF,0.05736296567635598,0.6569309870323434,0.28570604729130067
25787,GOF,0.05110881959981527,0.5196743104577579,0.42921686994242697
25788,LOF,0.060228867812917974,0.1305907414024952,0.8091803907845868
25789,GOF,0.06158019527402024,0.735928075796904,0.20249172892907577
25790,GOF,0.04982962242054393,0.734490077218801,0.21568030036065514
25791,GOF,0.026062840164211537,0.6717767965480301,0.3021603632877583
25792,GOF,0.02675203844277709,0.6616252151649425,0.31162274639228027
25793,GOF,0.029611466208651505,0.7052578197795641,0.26513071401178434
25794,GOF,0.05872060879767436,0.7379466459384101,0.20333274526391562
25795,GOF,0.1001578629331863,0.6861451738807378,0.21369696318607584
25796,GOF,0.05740666522157618,0.6694320374477798,0.273161297330644
25797,GOF,0.06329243488400833,0.6703112428674574,0.2663963222485342
25798,GOF,0.06389974911797573,0.7888212841915756,0.14727896669044854
25799,GOF,0.08571379630392047,0.7764256152792219,0.1378605884168577
25800,GOF,0.07786905056441061,0.7972281074866463,0.12490284194894316
25801,GOF,0.07077105615434907,0.7505119614897641,0.17871698235588673
25802,GOF,0.09029738086810608,0.7227144883092893,0.18698813082260468
25803,GOF,0.04664469651305387,0.7009721647960098,0.25238313869093637
25804,GOF,0.08379304869005734,0.652028587623328,0.2641783636866147
25805,GOF,0.05674629349605932,0.743540560299059,0.19971314620488168
25806,GOF,0.054300121796572016,0.7480788228094836,0.1976210553939445
25807,GOF,0.07505278131522537,0.6707483238487533,0.2541988948360214
25808,GOF,0.06858810007048403,0.770517714721962,0.16089418520755394
25809,GOF,0.05977673682069265,0.7793285879593831,0.16089467521992434
25810,GOF,0.052818668801300525,0.7966557640488977,0.15052556714980173
25811,GOF,0.049685786696483124,0.5477339067001723,0.4025803066033446
25812,GOF,0.03880273261642021,0.7902888317233643,0.17090843566021563
25813,GOF,0.048918247952076874,0.740401620999759,0.21068013104816408
25814,GOF,0.06316366074248646,0.7903606562135131,0.14647568304400047
25815,GOF,0.03868157544873089,0.7786419272357294,0.1826764973155396
25816,GOF,0.04599276787895205,0.7879998427637558,0.16600738935729223
25817,GOF,0.03742169156329536,0.792140903867228,0.1704374045694766
25818,GOF,0.03357029322419966,0.5304285664813286,0.43600114029447173
25819,GOF,0.04288348334050446,0.7375621514316988,0.21955436522779678
25820,GOF,0.04398247930393156,0.7524237935152205,0.20359372718084798
25821,GOF,0.04497644453809254,0.7531077602979647,0.20191579516394276
25822,GOF,0.06567733220160475,0.7148401744416503,0.21948249335674502
25823,GOF,0.10327770225795968,0.6264012317565889,0.27032106598545147
25824,GOF,0.06940501240097421,0.7046617507973055,0.22593323680172017
25825,GOF,0.06469864716021667,0.7088160530259852,0.22648529981379822
25826,GOF,0.06940501240097421,0.7046617507973055,0.22593323680172017
25827,GOF,0.04679857605819277,0.7635708071824779,0.1896306167593292
25828,GOF,0.04472363665499682,0.7428250675710187,0.21245129577398442
25829,LOF,0.4017471821979909,0.0422037338558818,0.5560490839461274
25830,LOF,0.04185333544847193,0.16707579504598916,0.7910708695055388
25831,GOF,0.04034223115533578,0.5944503377322682,0.36520743111239606
25832,GOF,0.07226017562267043,0.6676741628780002,0.26006566149932936
25833,GOF,0.06868437355800595,0.6827634621129651,0.24855216432902885
25834,GOF,0.06709868321026607,0.6441630565343316,0.2887382602554023
25835,GOF,0.07658600386543774,0.6886192060530971,0.23479479008146517
25836,GOF,0.07173288974290216,0.6680266794086773,0.2602404308484204
25837,GOF,0.056467935054448415,0.7018781413948352,0.2416539235507165
25838,GOF,0.05629680302019314,0.6945915621859123,0.2491116347938945
25839,GOF,0.07802760789828252,0.6770267358415627,0.2449456562601548
25840,GOF,0.05455765069921831,0.7049469713076479,0.24049537799313375
25841,GOF,0.0551498278857823,0.6909994118267564,0.25385076028746134
25842,GOF,0.045205400990610996,0.725512676981951,0.22928192202743802
25843,GOF,0.04590149351443406,0.7195674088805691,0.23453109760499688
25844,GOF,0.05234057614609247,0.6694095646041142,0.27824985924979334
25845,GOF,0.05406132986335995,0.6757248134408637,0.2702138566957764
25846,GOF,0.0516918617446167,0.6694751735713993,0.278832964683984
25847,GOF,0.05937606331223497,0.6406482387941682,0.29997569789359685
25848,GOF,0.056018018451773274,0.7076234551513368,0.23635852639688984
25849,GOF,0.053540569974821914,0.703263704293151,0.24319572573202705
25850,GOF,0.11902509274118363,0.6524477107793749,0.22852719647944145
25851,GOF,0.13711857486075602,0.6296793562596714,0.23320206887957254
25852,GOF,0.12226305209919805,0.5432144448394035,0.3345225030613983
25853,GOF,0.07376994914934969,0.6775079364621507,0.2487221143884997
25854,GOF,0.051609689101772736,0.778395478114832,0.16999483278339533
25855,GOF,0.05971315139191725,0.7050060734979244,0.2352807751101583
25856,GOF,0.06126402902256077,0.701415686429867,0.23732028454757229
25857,GOF,0.06368901780385053,0.7141648660505265,0.22214611614562302
25858,GOF,0.07767136520432434,0.5860969709404942,0.33623166385518155
25859,GOF,0.07682970142609964,0.5945428200799175,0.32862747849398266
25860,GOF,0.07959304686532943,0.5109119757396922,0.4094949773949783
25861,GOF,0.08589306112694753,0.6690828382902974,0.24502410058275523
25862,GOF,0.06229164121669163,0.6927614453706883,0.24494691341262
25863,GOF,0.06198334726532558,0.6978197540387312,0.24019689869594313
25864,GOF,0.05840467062000874,0.7638922375281945,0.17770309185179672
25865,GOF,0.060868160654146776,0.770395289662496,0.1687365496833573
25866,GOF,0.05734122432463748,0.7817068349824879,0.16095194069287455
25867,GOF,0.05768401668025155,0.7753755625630424,0.166940420756706
25868,GOF,0.044668663038542646,0.5870927024907397,0.36823863447071764
25869,GOF,0.05847963845101296,0.6488879630834035,0.29263239846558353
25870,LOF,0.049462447838474775,0.18918409687492732,0.7613534552865979
25871,GOF,0.04386597512321795,0.738650796442356,0.21748322843442625
25872,GOF,0.045937620437856194,0.5509519223079207,0.4031104572542231
25873,GOF,0.06137961751272641,0.6402365524907361,0.29838382999653756
25874,LOF,0.07540473541685942,0.08842777863795798,0.8361674859451826
25875,GOF,0.08221737780421691,0.6634684103958424,0.2543142117999408
25876,Neutral,0.5114735343461532,0.08007420810335461,0.4084522575504922
25877,GOF,0.07839191971150193,0.6299379127071717,0.29167016758132636
25878,GOF,0.0475959730791781,0.7871663884106268,0.16523763851019518
25879,GOF,0.039267784775486994,0.5151454440419354,0.4455867711825776
25880,LOF,0.08404309986666585,0.10157304398140067,0.8143838561519335
25881,Neutral,0.6043360922761725,0.2984514808085333,0.09721242691529429
25882,LOF,0.360805567468513,0.11426538968689533,0.5249290428445917
25883,LOF,0.05936846115751003,0.15457675381001626,0.7860547850324737
25884,LOF,0.3849955730900531,0.08261568788118041,0.5323887390287665
25885,Neutral,0.5001840896697345,0.021461786487962736,0.47835412384230286
25886,Neutral,0.44303740739882636,0.2002790578093048,0.3566835347918688
25887,GOF,0.27872044305483173,0.5504241402465654,0.1708554166986028
25888,GOF,0.06391613613375992,0.5216594843332916,0.4144243795329485
25889,LOF,0.22735347607955078,0.12189827382329668,0.6507482500971525
25890,LOF,0.16529986851311443,0.3312090252689202,0.5034911062179653
25891,LOF,0.2878405116699036,0.277620327266413,0.4345391610636834
25892,LOF,0.01329331120110621,0.42522323695477404,0.5614834518441197
25893,LOF,0.3896865816309393,0.1527601066111396,0.4575533117579212
25894,LOF,0.4480292316237071,0.06633291622783273,0.48563785214846017
25895,LOF,0.4043495370770252,0.046560184392807666,0.5490902785301671
25896,Neutral,0.6323606636597986,0.06630751868310757,0.3013318176570939
25897,LOF,0.23496504314759747,0.1664564483363917,0.5985785085160108
25898,GOF,0.05160013159197535,0.6837075470400943,0.2646923213679303
25899,LOF,0.2741129250460038,0.3581732783715931,0.3677137965824031
25900,Neutral,0.8131506680869294,0.04878706646876417,0.13806226544430644
25901,LOF,0.06308543129796619,0.10069000310701198,0.8362245655950218
25902,LOF,0.42783196838006626,0.09925653499949395,0.4729114966204398
25903,LOF,0.23830943236752394,0.25644589142403257,0.5052446762084435
25904,Neutral,0.44303740739882636,0.2002790578093048,0.3566835347918688
25905,LOF,0.0697119239404075,0.27442429253143397,0.6558637835281586
25906,LOF,0.3759444241076549,0.08713789466171674,0.5369176812306283
25907,LOF,0.03763117292039134,0.47194706208081966,0.4904217649987891
25908,GOF,0.04308745694016819,0.5721778495890133,0.38473469347081857
25909,LOF,0.0770335011431566,0.4160977999345057,0.5068686989223378
25910,LOF,0.02573544662907984,0.45345007982940533,0.5208144735415148
25911,Neutral,0.6828940345035871,0.06651629839350895,0.250589667102904
25912,Neutral,0.562285679141161,0.024363924787221203,0.4133503960716179
25913,LOF,0.021064144160129365,0.4858613225427884,0.4930745332970823
25914,LOF,0.04841103365037204,0.3030859783342474,0.6485029880153806
25915,GOF,0.0896472876281678,0.6668041961126289,0.2435485162592033
25916,GOF,0.07854232209113013,0.768424187250189,0.1530334906586809
25917,Neutral,0.7508791481571019,0.055826793309077416,0.1932940585338206
25918,LOF,0.05024371973826158,0.19955589554373607,0.7502003847180024
25919,LOF,0.04367494212014204,0.06636438071499726,0.8899606771648607
25920,LOF,0.3136793838581648,0.3132331358439282,0.37308748029790695
25921,LOF,0.2636585253030075,0.060516969762327,0.6758245049346655
25922,LOF,0.1894776316476607,0.062365966492705906,0.7481564018596334
25923,Neutral,0.44303740739882636,0.2002790578093048,0.3566835347918688
25924,LOF,0.27452092375130693,0.15113787701564715,0.5743411992330458
25925,Neutral,0.6262217102875818,0.07217460237853551,0.3016036873338826
25926,Neutral,0.6789544161452105,0.08255659658244631,0.23848898727234322
25927,LOF,0.025306686183688875,0.44966858642927493,0.5250247273870362
25928,LOF,0.29195357153662865,0.03938645830156067,0.6686599701618107
25929,Neutral,0.44303740739882636,0.2002790578093048,0.3566835347918688
25930,LOF,0.04554592807255667,0.18810139179977894,0.7663526801276643
25931,LOF,0.3994300053770254,0.0714897419710991,0.5290802526518755
25932,LOF,0.07358269797641183,0.09343780901600045,0.8329794930075877
25933,LOF,0.07450646058261877,0.0824280799868855,0.8430654594304957
25934,LOF,0.10536693540674719,0.10764999830863077,0.786983066284622
25935,Neutral,0.669147133844063,0.08312820157090195,0.2477246645850351
25936,LOF,0.06641220775899667,0.10358158576769604,0.8300062064733073
25937,LOF,0.32685287138064817,0.15312422214848642,0.5200229064708654
25938,Neutral,0.6828940345035871,0.06651629839350895,0.250589667102904
25939,LOF,0.0519436221596436,0.18875156329076487,0.7593048145495915
25940,GOF,0.05788790296955094,0.7984298630007389,0.14368223402971006
25941,Neutral,0.5222311930933958,0.10948094751481365,0.3682878593917905
25942,LOF,0.22014966388218374,0.15104791036909881,0.6288024257487174
25943,GOF,0.029469210256141333,0.4911944072441573,0.47933638249970134
25944,LOF,0.021088567088011056,0.4160804357783467,0.5628309971336423
25945,LOF,0.042417628659094486,0.1154740773929711,0.8421082939479344
25946,LOF,0.45412048279183,0.06139422473934649,0.4844852924688235
25947,Neutral,0.6750662244074377,0.04368418664790772,0.28124958894465457
25948,Neutral,0.5096946432309647,0.06607153063148388,0.4242338261375515
25949,LOF,0.38777653444027976,0.06406940317413591,0.5481540623855843
25950,GOF,0.05478306223840779,0.6760331535108312,0.269183784250761
25951,GOF,0.025864352889365866,0.763240105056307,0.21089554205432715
25952,LOF,0.18496144871031509,0.39684129199820845,0.4181972592914764
25953,LOF,0.04225262104124306,0.3428913784319386,0.6148560005268183
25954,GOF,0.06130756725836339,0.6940041770441691,0.24468825569746752
25955,GOF,0.02441294476779944,0.510940177797808,0.4646468774343927
25956,GOF,0.037867617232113265,0.6186999339264583,0.34343244884142843
25957,Neutral,0.6281009818278042,0.058174542011851516,0.3137244761603443
25958,LOF,0.08065814882463884,0.15350952743707633,0.7658323237382848
25959,LOF,0.023819646147542502,0.4708859250330189,0.5052944288194386
25960,LOF,0.22757891408637587,0.08741101565292304,0.685010070260701
25961,LOF,0.04311704422127441,0.3345320532823317,0.6223509024963938
25962,LOF,0.402161730029421,0.04854145649061879,0.5492968134799602
25963,GOF,0.04265982918577365,0.5728437262262787,0.38449644458794774
25964,LOF,0.07194986368064395,0.351018898894451,0.577031237424905
25965,GOF,0.1265905769100411,0.5607299932198248,0.3126794298701341
25966,Neutral,0.44303740739882636,0.2002790578093048,0.3566835347918688
25967,LOF,0.3386834487396303,0.06573436501034666,0.595582186250023
25968,GOF,0.2733678102651158,0.5070218422642719,0.21961034747061242
25969,Neutral,0.5556672704944876,0.035078873284680304,0.40925385622083205
25970,Neutral,0.4158829594668388,0.2199688935536653,0.3641481469794959
25971,LOF,0.11767291184530235,0.1711556313873554,0.7111714567673422
25972,LOF,0.14001521608095716,0.11484476862777283,0.74514001529127
25973,LOF,0.42663586866688974,0.019086995175152655,0.5542771361579576
25974,GOF,0.07466987519923272,0.4736498762306571,0.45168024857011024
25975,LOF,0.06546709476998404,0.0339554268310919,0.9005774783989241
25976,LOF,0.40684083055481535,0.009437751369835646,0.5837214180753489
25977,Neutral,0.598664828708553,0.054930141065640405,0.34640503022580665
25978,LOF,0.1733369450504688,0.17288836532563284,0.6537746896238984
25979,LOF,0.10128272080897929,0.16468055893390954,0.7340367202571113
25980,LOF,0.20963156636688637,0.371946004491738,0.41842242914137556
25981,GOF,0.21948378326873993,0.44183008260455736,0.3386861341267027
25982,LOF,0.175526881643996,0.29466438856452365,0.5298087297914803
25983,LOF,0.124826065814551,0.3031687220864468,0.5720052120990021
25984,LOF,0.06540563375369264,0.07978292556314183,0.8548114406831656
25985,Neutral,0.6726436673688346,0.2131452561704124,0.1142110764607529
25986,GOF,0.03532352790273059,0.5586358294147616,0.4060406426825079
25987,LOF,0.3973288189501501,0.12656609504141828,0.4761050860084317
25988,LOF,0.03991628266288355,0.2703725286569779,0.6897111886801386
25989,LOF,0.06101892626971101,0.311112151510637,0.627868922219652
25990,LOF,0.04954758738202714,0.31551506400049334,0.6349373486174795
25991,GOF,0.11725232270951817,0.5735808541099886,0.3091668231804931
25992,LOF,0.10498842668889313,0.30943076771038996,0.5855808056007169
25993,LOF,0.06745202237243532,0.03644446512519449,0.8961035125023701
25994,LOF,0.09765492831801885,0.05563671098061849,0.8467083607013627
25995,LOF,0.04583283169795467,0.1307150069102845,0.8234521613917609
25996,GOF,0.24081914775198462,0.47552929154338214,0.28365156070463327
25997,GOF,0.1366966577561091,0.5501839101244439,0.31311943211944704
25998,LOF,0.36228459165743987,0.2464723227682512,0.3912430855743089
25999,LOF,0.021201241584584297,0.29523336789963356,0.6835653905157821
26000,LOF,0.29527025235764626,0.09283035031345528,0.6118993973288984
26001,LOF,0.17158419868475044,0.3082352924983217,0.5201805088169278
26002,LOF,0.2913649250539144,0.12864599425321807,0.5799890806928675
26003,GOF,0.05742840261882609,0.6448181248092135,0.2977534725719604
26004,GOF,0.10458260645455031,0.7310051078598548,0.16441228568559477
26005,GOF,0.040038033714305324,0.766638024922827,0.19332394136286785
26006,GOF,0.05988389333206311,0.6834605553122179,0.25665555135571905
26007,GOF,0.04474529023548032,0.7504283617601503,0.20482634800436939
26008,GOF,0.1024909108461035,0.6204532850738386,0.2770558040800579
26009,GOF,0.05422331789549422,0.7580460961073651,0.18773058599714068
26010,GOF,0.05032461200855857,0.7015307080618843,0.24814467992955716
26011,GOF,0.053925661325895255,0.6317702670988549,0.31430407157525
26012,GOF,0.04807750126083737,0.7537913833611227,0.19813111537804007
26013,GOF,0.06482100772921294,0.5382480935110969,0.39693089875969023
26014,LOF,0.4516586564650252,0.036365180308952964,0.5119761632260219
26015,LOF,0.2791225840316562,0.17707575979347673,0.5438016561748672
26016,LOF,0.2165297942809308,0.19811838576578264,0.5853518199532867
26017,LOF,0.04825095849589449,0.3014837270164403,0.6502653144876652
26018,LOF,0.04374716617683748,0.24590053882817725,0.7103522949949853
26019,LOF,0.04870520438437489,0.13335629246177166,0.8179385031538534
26020,GOF,0.023099685583737508,0.496850602568111,0.48004971184815154
26021,LOF,0.28805835669754637,0.22878777764307784,0.48315386565937574
26022,LOF,0.21294671544729732,0.12951480022157805,0.6575384843311247
26023,LOF,0.06367314213713772,0.09953586310943857,0.8367909947534238
26024,LOF,0.09919095860696878,0.23681619476520327,0.663992846627828
26025,LOF,0.03964219793334741,0.33340302731033317,0.6269547747563194
26026,LOF,0.043232288731299626,0.42791261187017804,0.5288550993985224
26027,LOF,0.07504547037777926,0.1422370895483142,0.7827174400739066
26028,GOF,0.10662335361889479,0.45724434563134847,0.4361323007497568
26029,GOF,0.06451205111308755,0.7460354131656074,0.189452535721305
26030,Neutral,0.556034445860131,0.07030122916067655,0.3736643249791925
26031,GOF,0.031767347135681495,0.7097608680063574,0.25847178485796096
26032,LOF,0.05811758578094195,0.16172161374223024,0.7801608004768277
26033,LOF,0.05236717335151092,0.16288024085692276,0.7847525857915664
26034,GOF,0.028467830330048686,0.625560876821981,0.3459712928479703
26035,GOF,0.02412831191542269,0.7167707751624924,0.25910091292208487
26036,GOF,0.022786396701516918,0.6401928239324617,0.3370207793660214
26037,GOF,0.02860271009571773,0.6492565741691169,0.3221407157351653
26038,LOF,0.046755809880842554,0.16484314061929986,0.7884010494998576
26039,GOF,0.02925286639355365,0.5846381455456359,0.38610898806081045
26040,LOF,0.04686308237832971,0.12909029167121497,0.8240466259504554
26041,GOF,0.04621072355885688,0.5293245930303851,0.424464683410758
26042,GOF,0.04107794380440158,0.534504298842952,0.4244177573526464
26043,LOF,0.03352658820491703,0.2592423802806409,0.7072310315144421
26044,LOF,0.3115168592057483,0.12165716191956087,0.5668259788746908
26045,GOF,0.028782400737521575,0.6996601448539316,0.27155745440854673
26046,LOF,0.04782033310748459,0.22722713221366742,0.7249525346788479
26047,LOF,0.11949427270380453,0.15327736243474593,0.7272283648614496
26048,Neutral,0.48204553294888225,0.06767388208117757,0.45028058496994017
26049,Neutral,0.6254094299353138,0.13219117765205513,0.24239939241263117
26050,Neutral,0.669147133844063,0.08312820157090195,0.2477246645850351
26051,GOF,0.03516289944179098,0.5780097809346038,0.38682731962360517
26052,GOF,0.048990500299969764,0.7597741560661846,0.19123534363384573
26053,Neutral,0.49203057761171914,0.06859151235622958,0.4393779100320511
26054,Neutral,0.6828940345035871,0.06651629839350895,0.250589667102904
26055,Neutral,0.6828940345035871,0.06651629839350895,0.250589667102904
26056,Neutral,0.6828940345035871,0.06651629839350895,0.250589667102904
26057,LOF,0.05933221543031054,0.10807660876565475,0.8325911758040347
26058,LOF,0.06598135683668689,0.09566065778622622,0.8383579853770868
26059,Neutral,0.8361128984588053,0.05211502271081804,0.1117720788303767
26060,GOF,0.040756412188823095,0.6460262034584131,0.3132173843527637
26061,LOF,0.3428994262606514,0.04843084514561159,0.608669728593737
26062,LOF,0.44657242324432544,0.07787703602697861,0.4755505407286959
26063,LOF,0.07692632100305379,0.05441797077466016,0.868655708222286
26064,LOF,0.3868210446207978,0.03313698879694874,0.5800419665822535
26065,LOF,0.04758808188935916,0.09557588530791618,0.8568360328027246
26066,LOF,0.07833032032573768,0.0996488252401178,0.8220208544341444
26067,LOF,0.07002807415365811,0.1600092209691656,0.7699627048771762
26068,Neutral,0.6267105135908545,0.08032615881215727,0.2929633275969883
26069,Neutral,0.6058434108472144,0.0880852920274712,0.3060712971253144
26070,Neutral,0.6058434108472144,0.0880852920274712,0.3060712971253144
26071,LOF,0.06978112765688828,0.12883347240009338,0.8013853999430184
26072,LOF,0.40220453368997217,0.10624327022710753,0.49155219608292033
26073,LOF,0.07383805083708768,0.11019201909768715,0.8159699300652251
26074,Neutral,0.8140546397005809,0.059540375867852005,0.12640498443156717
26075,Neutral,0.6181343037412881,0.0887598339653803,0.29310586229333163
26076,LOF,0.05136825357275518,0.18638589098976233,0.7622458554374825
26077,Neutral,0.639636823396998,0.036765227617922815,0.32359794898507926
26078,LOF,0.4060248016003479,0.0724608908639321,0.52151430753572
26079,Neutral,0.6663040463245375,0.09814714252976364,0.2355488111456988
26080,Neutral,0.6663040463245375,0.09814714252976364,0.2355488111456988
26081,LOF,0.059415978412538,0.05997835772360009,0.880605663863862
26082,LOF,0.3806145323809358,0.09524025026669612,0.5241452173523682
26083,LOF,0.03608956844698569,0.23535808475150005,0.7285523468015143
26084,LOF,0.04603185536474691,0.1589397453498701,0.795028399285383
26085,LOF,0.05076852736897392,0.11841785445138635,0.8308136181796398
26086,LOF,0.05733195133791973,0.13979528779844944,0.8028727608636309
26087,LOF,0.04683432475000898,0.26015959597170923,0.6930060792782817
26088,LOF,0.40026102656283313,0.12520208135609534,0.4745368920810715
26089,Neutral,0.664529868137786,0.07990052816587673,0.2555696036963373
26090,Neutral,0.664529868137786,0.07990052816587673,0.2555696036963373
26091,LOF,0.0929663171020161,0.0791965907648292,0.8278370921331547
26092,LOF,0.06975349852043088,0.08564384521474067,0.8446026562648284
26093,LOF,0.07019902961625944,0.07993837796504678,0.8498625924186939
26094,LOF,0.09106941944512528,0.09412351171217619,0.8148070688426986
26095,LOF,0.26269209031709584,0.12069033527968244,0.6166175744032217
26096,Neutral,0.5634727048367186,0.02805621138842766,0.40847108377485375
26097,LOF,0.3650567081661136,0.06120957121020038,0.573733720623686
26098,Neutral,0.6758029087662923,0.06634200649518195,0.25785508473852575
26099,LOF,0.04034359830656415,0.34201698240060974,0.6176394192928262
26100,LOF,0.04034359830656415,0.34201698240060974,0.6176394192928262
26101,LOF,0.05787877689198644,0.13912239580571176,0.8029988273023018
26102,LOF,0.05968039465433574,0.12554338183415725,0.8147762235115069
26103,Neutral,0.44303740739882636,0.2002790578093048,0.3566835347918688
26104,Neutral,0.715347407956523,0.08578393287421616,0.1988686591692608
26105,LOF,0.3014270491044979,0.15676442460873619,0.5418085262867659
26106,LOF,0.3402935892503053,0.18369970255602466,0.47600670819366997
26107,GOF,0.017056781042016807,0.5828117968133308,0.40013142214465247
26108,GOF,0.34770459535735293,0.3558246026253059,0.2964708020173412
26109,Neutral,0.5499438208381316,0.16186112897870278,0.28819505018316555
26110,Neutral,0.5119333326473466,0.04886507849026152,0.43920158886239197
26111,LOF,0.04870505545943247,0.2770989288203673,0.6741960157202003
26112,LOF,0.10839177034702174,0.05434736807771158,0.8372608615752667
26113,LOF,0.07601364593647798,0.08642677318215398,0.8375595808813681
26114,LOF,0.36152520286521506,0.1667129641048089,0.47176183302997604
26115,GOF,0.030685275974026677,0.5904236638414608,0.37889106018451246
26116,LOF,0.11226658433068656,0.28167813650420825,0.606055279165105
26117,Neutral,0.44303740739882636,0.2002790578093048,0.3566835347918688
26118,LOF,0.05980452589368643,0.07209730134211548,0.8680981727641981
26119,GOF,0.014621937607684597,0.5221340318493866,0.46324403054292884
26120,LOF,0.08920527184002568,0.0952375463728327,0.8155571817871416
26121,LOF,0.04183774089987874,0.19072488083899244,0.7674373782611288
26122,LOF,0.017721140903550123,0.23781855664370585,0.744460302452744
