feature0,prediction,LoGoFunc_Neutral,LoGoFunc_GOF,LoGoFunc_LOF
25546,Neutral,0.6660791656015199,0.06689418198627416,0.26702665241220597
25547,LOF,0.31816903074897185,0.26868125295863077,0.41314971629239744
25548,LOF,0.27756951281652587,0.16194388032966686,0.5604866068538072
25549,LOF,0.1949881378630798,0.19591230539317367,0.6090995567437465
25550,Neutral,0.6065239580830691,0.07059077526065011,0.3228852666562807
25551,Neutral,0.4689012305640745,0.06582090451960793,0.4652778649163176
25552,LOF,0.10780625615950343,0.15019473102260691,0.7419990128178897
25553,Neutral,0.4670518999250773,0.07202053320193184,0.4609275668729909
25554,LOF,0.14818238078900586,0.23437529815278083,0.6174423210582133
25555,LOF,0.10687127052381261,0.14039332852711092,0.7527354009490765
25556,LOF,0.1737041107974055,0.1813601361627248,0.6449357530398696
25557,LOF,0.09334975677122859,0.14883743905145067,0.7578128041773207
25558,LOF,0.17500900939782274,0.17762957384474776,0.6473614167574295
25559,Neutral,0.4619178040326664,0.14018431104270482,0.3978978849246288
25560,LOF,0.05977174674616543,0.2502635281655256,0.6899647250883089
25561,LOF,0.10850550577053523,0.26024502681665895,0.6312494674128057
25562,LOF,0.35819328544363044,0.07966689819114679,0.5621398163652228
25563,Neutral,0.4967632619511618,0.09550699859806283,0.40772973945077545
25564,LOF,0.051799449945187905,0.2528491266800683,0.6953514233747438
25565,LOF,0.14043827232003706,0.33083230408286696,0.5287294235970961
25566,GOF,0.04279263478476473,0.5163508066746432,0.44085655854059214
25567,LOF,0.3321817371102412,0.10949531198507831,0.5583229509046805
25568,Neutral,0.702471839453919,0.0740168374197399,0.22351132312634114
25569,Neutral,0.6847480499485392,0.054478934139100474,0.2607730159123604
25570,LOF,0.05837972957319441,0.31755221047811066,0.6240680599486949
25571,LOF,0.06500112886320818,0.25667760399083944,0.6783212671459523
25572,Neutral,0.36295244636398566,0.28068863529841265,0.35635891833760175
25573,LOF,0.39669884431320074,0.08796408771943857,0.5153370679673607
25574,GOF,0.0936951876658662,0.49272191189965164,0.41358290043448215
25575,LOF,0.07205632760354597,0.06803827842532513,0.8599053939711289
25576,LOF,0.27787037064867537,0.040713357813958996,0.6814162715373655
25577,LOF,0.38755791624112673,0.08973051132294375,0.5227115724359296
25578,Neutral,0.443077866758456,0.1988443330925324,0.3580778001490116
25579,Neutral,0.443077866758456,0.1988443330925324,0.3580778001490116
25580,LOF,0.05039474580725818,0.12215320705696449,0.8274520471357774
25581,Neutral,0.7126333491249178,0.05531978431846287,0.2320468665566194
25582,Neutral,0.7126333491249178,0.05531978431846287,0.2320468665566194
25583,LOF,0.05503264541515916,0.1329534216887272,0.8120139328961137
25584,LOF,0.35485840773519517,0.2515177020532788,0.3936238902115261
25585,LOF,0.2982463583218734,0.06770917681176387,0.6340444648663628
25586,LOF,0.06415382894665332,0.14626077169944704,0.7895853993538997
25587,LOF,0.051771560106846824,0.1420503581921751,0.806178081700978
25588,LOF,0.05313699533780559,0.19109840627034272,0.7557645983918517
25589,Neutral,0.6454923195852554,0.22582212329295864,0.1286855571217859
25590,LOF,0.2987543329196932,0.15211762296345216,0.5491280441168547
25591,Neutral,0.6830484765236635,0.07622913888145902,0.24072238459487746
25592,LOF,0.056826021824358974,0.11680672107997876,0.8263672570956623
25593,GOF,0.04981699439508352,0.6554430730087019,0.2947399325962145
25594,Neutral,0.710343545834104,0.04588533754421551,0.24377111662168055
25595,Neutral,0.6909290723306769,0.058542139587834385,0.25052878808148865
25596,Neutral,0.5431006382340552,0.12409236283933085,0.33280699892661386
25597,Neutral,0.4748395131621369,0.1198292023040193,0.40533128453384376
25598,Neutral,0.7461963095728301,0.0449348979007022,0.20886879252646767
25599,GOF,0.04004998108920957,0.7222611321954865,0.23768888671530392
25600,GOF,0.046187648157818964,0.5774711297409535,0.3763412221012275
25601,GOF,0.035854629367079095,0.4978100498714392,0.4663353207614819
25602,LOF,0.39265565356565924,0.03704019836888886,0.5703041480654519
25603,LOF,0.08098871672109532,0.24110452543139338,0.6779067578475113
25604,Neutral,0.4802474586005264,0.16342798707938425,0.35632455432008936
25605,LOF,0.018959422154202266,0.3364038475538721,0.6446367302919257
25606,LOF,0.025100756520991953,0.47371896809537034,0.5011802753836376
25607,LOF,0.03783958202197518,0.1965501066616177,0.7656103113164071
25608,LOF,0.3088125256590925,0.16943898650282826,0.5217484878380793
25609,LOF,0.15848273754371967,0.14200018704729403,0.6995170754089863
25610,LOF,0.07866349072231531,0.09610598306980367,0.8252305262078812
25611,LOF,0.04886065140874007,0.16519748451417585,0.7859418640770841
25612,Neutral,0.656915619777054,0.0674772316891449,0.275607148533801
25613,Neutral,0.6260551911626554,0.06233482159637106,0.31160998724097366
25614,LOF,0.05759219069218868,0.15419123695384995,0.7882165723539614
25615,LOF,0.3232848254548519,0.12127042978671221,0.555444744758436
25616,LOF,0.05135468252679722,0.3454178508732174,0.6032274665999855
25617,LOF,0.060093087054075706,0.10259018463724388,0.8373167283086804
25618,LOF,0.059296023688977954,0.23062981558111542,0.7100741607299067
25619,LOF,0.05553920640963556,0.18199874685727876,0.7624620467330858
25620,LOF,0.046860957643794006,0.2652432574547388,0.6878957849014672
25621,LOF,0.45047773849411776,0.0537778105623948,0.49574445094348746
25622,LOF,0.4080738800017523,0.10796433753087221,0.4839617824673754
25623,LOF,0.41068717907135605,0.10322181057472993,0.4860910103539139
25624,LOF,0.055707798853969516,0.25565995322988555,0.688632247916145
25625,LOF,0.3973948600589517,0.08114472177243168,0.5214604181686165
25626,Neutral,0.6507820178332598,0.05699771877357918,0.29222026339316093
25627,GOF,0.027396432486849316,0.5635798289712912,0.40902373854185936
25628,LOF,0.33133035457220045,0.13474434239069719,0.5339253030371024
25629,Neutral,0.6904579577266415,0.058668285731563435,0.250873756541795
25630,LOF,0.0555297790565241,0.3842776548380864,0.5601925661053896
25631,Neutral,0.5374306878311084,0.22830168331543815,0.23426762885345348
25632,LOF,0.4156113718229692,0.03752571675065465,0.5468629114263762
25633,LOF,0.26707655117910944,0.360286357766996,0.3726370910538945
25634,Neutral,0.6963156188668993,0.07475338435732459,0.22893099677577597
25635,LOF,0.05905130186033775,0.1003465707190604,0.8406021274206019
25636,GOF,0.08216462773307469,0.5629589281484569,0.35487644411846847
25637,GOF,0.05773585517525444,0.5580980202182177,0.3841661246065278
25638,GOF,0.029567851244244277,0.7330993418267606,0.2373328069289951
25639,GOF,0.042037766009316316,0.4893436932055351,0.4686185407851486
25640,GOF,0.11176338260171384,0.7956422296490683,0.09259438774921795
25641,GOF,0.0603501607197428,0.47188682424973183,0.46776301503052536
25642,Neutral,0.5822472417884927,0.16933738250391106,0.24841537570759617
25643,LOF,0.41254302697752027,0.046310770900539776,0.5411462021219399
25644,GOF,0.057411406627018144,0.5998168812826105,0.34277171209037144
25645,GOF,0.02631040723509825,0.6630341057940932,0.31065548697080864
25646,GOF,0.028824945674738898,0.5735812591157634,0.3975937952094976
25647,GOF,0.047083919947573875,0.619631419162276,0.3332846608901499
25648,GOF,0.045077950263944275,0.7460873406283527,0.20883470910770316
25649,GOF,0.04303721659934273,0.6560235927565384,0.30093919064411884
25650,GOF,0.07160795356327293,0.5814916949250425,0.3469003515116847
25651,GOF,0.02643868263500273,0.5545846415115374,0.4189766758534598
25652,LOF,0.03196011420124736,0.40424695790698384,0.5637929278917689
25653,LOF,0.08973266906300738,0.4436188367702122,0.4666484941667804
25654,GOF,0.07242103166071162,0.55149018278557,0.37608878555371833
25655,GOF,0.037781588109535656,0.758833730875071,0.2033846810153934
25656,LOF,0.04376752015696527,0.22121070834692538,0.7350217714961094
25657,Neutral,0.5903811326563364,0.03270629391130087,0.3769125734323627
25658,LOF,0.04599223969661431,0.4341220245400766,0.5198857357633091
25659,LOF,0.154234378172575,0.25130210731037295,0.594463514517052
25660,LOF,0.10351920672899127,0.24423529423086515,0.6522454990401436
25661,LOF,0.0731362747428896,0.11489868325236192,0.8119650420047485
25662,LOF,0.050625638218120037,0.20373122605015365,0.7456431357317264
25663,LOF,0.0726893287937033,0.157290062276036,0.7700206089302608
25664,LOF,0.2583371410891771,0.11580764358401394,0.625855215326809
25665,Neutral,0.6136927689050831,0.07896967511874438,0.30733755597617257
25666,LOF,0.3447878302004519,0.05536376385592556,0.5998484059436225
25667,LOF,0.05247792382816429,0.10191664425123381,0.845605431920602
25668,LOF,0.05650924970975302,0.1130353059145002,0.8304554443757469
25669,LOF,0.05750135663903221,0.13727492570469363,0.8052237176562741
25670,LOF,0.4143428554718651,0.1425732666623541,0.44308387786578085
25671,LOF,0.05910079156316531,0.18547597393786147,0.7554232344989732
25672,Neutral,0.6281002188431384,0.07985901728172196,0.2920407638751396
25673,LOF,0.2637334933511587,0.13630049922302231,0.599966007425819
25674,LOF,0.4019995263435772,0.09762841363638164,0.5003720600200412
25675,LOF,0.3723320580674777,0.13851252905811265,0.4891554128744098
25676,LOF,0.04921150585684595,0.1869653825404839,0.76382311160267
25677,LOF,0.051309217809230694,0.1277496536816744,0.8209411285090948
25678,Neutral,0.4702453709387416,0.19126259785920174,0.33849203120205656
25679,Neutral,0.5931983161067584,0.10731401815951108,0.2994876657337306
25680,LOF,0.09930207773213222,0.19846601914717663,0.7022319031206912
25681,LOF,0.1046235643397704,0.22982844375338302,0.6655479919068464
25682,LOF,0.06635893617011022,0.23090542899891545,0.7027356348309743
25683,LOF,0.40628210527635067,0.16110041831004732,0.43261747641360204
25684,LOF,0.0864153775727352,0.26079589850166246,0.6527887239256024
25685,Neutral,0.45790667318597855,0.16630460661671817,0.3757887201973032
25686,GOF,0.04964779465538694,0.6043929552587162,0.3459592500858969
25687,GOF,0.09830179689522757,0.5158218769252142,0.3858763261795582
25688,GOF,0.03225460330456031,0.516305906211948,0.4514394904834917
25689,LOF,0.033536200532834785,0.3698750188850287,0.5965887805821365
25690,GOF,0.01770456661104433,0.5702027421743361,0.41209269121461956
25691,GOF,0.04666808237456207,0.483869391679355,0.46946252594608284
25692,LOF,0.44820377865129424,0.08400015066073699,0.46779607068796875
25693,GOF,0.0910473652304927,0.6752616691790679,0.23369096559043928
25694,Neutral,0.488716822907791,0.05338498684751989,0.45789819024468903
25695,LOF,0.1820242562363408,0.12161576616869059,0.6963599775949686
25696,Neutral,0.4692199296404842,0.14060908217063245,0.39017098818888335
25697,Neutral,0.43846808691347916,0.14443125174873975,0.4171006613377812
25698,GOF,0.04839786359547175,0.7525194596124429,0.19908267679208538
25699,GOF,0.055633578221620544,0.6423420579312401,0.30202436384713943
25700,LOF,0.05881412938262001,0.10122996643242776,0.8399559041849523
25701,GOF,0.04147476669135536,0.49807871980623847,0.46044651350240606
25702,GOF,0.1173115805791326,0.694336559114142,0.18835186030672532
25703,LOF,0.392550846751109,0.03016026496603077,0.5772888882828602
25704,LOF,0.05020662816575451,0.17777994840565237,0.7720134234285931
25705,LOF,0.0998120615099727,0.2656454974915463,0.634542440998481
25706,GOF,0.04644556310885417,0.6540531035283383,0.2995013333628076
25707,LOF,0.025963255634342146,0.45108033216346727,0.5229564122021907
25708,LOF,0.03610840294652135,0.47761643846381907,0.4862751585896596
25709,LOF,0.053393979704255974,0.15583210497687675,0.7907739153188672
25710,LOF,0.41954448281290535,0.15799413377811006,0.4224613834089845
25711,LOF,0.05298464778545316,0.2797538613805896,0.6672614908339571
25712,Neutral,0.6210951901525799,0.07320429514019341,0.30570051470722664
25713,LOF,0.07736124213176361,0.17778294917075185,0.7448558086974846
25714,LOF,0.06935226674710669,0.3796674595646367,0.5509802736882566
25715,LOF,0.04753180185550839,0.30388400396023135,0.6485841941842603
25716,Neutral,0.4281648170930228,0.15350647341029394,0.41832870949668327
25717,Neutral,0.528774549426678,0.13095596731806944,0.3402694832552526
25718,LOF,0.05924956982945575,0.12810829264410498,0.8126421375264392
25719,LOF,0.05657710307466341,0.27161111356095535,0.6718117833643813
25720,LOF,0.06557989175674206,0.1465416656797207,0.7878784425635372
25721,LOF,0.048267457766754146,0.10409129100427804,0.8476412512289678
25722,LOF,0.06891220517760475,0.12118048228085387,0.8099073125415414
25723,LOF,0.06286104305024395,0.25332952025511807,0.683809436694638
25724,LOF,0.06300445844727469,0.26862783339400687,0.6683677081587184
25725,LOF,0.08120884660210381,0.1586188549012268,0.7601722984966695
25726,LOF,0.0532788159635147,0.1453488744309091,0.8013723096055761
25727,LOF,0.06501096242532035,0.11623056823948673,0.8187584693351929
25728,LOF,0.05491582075904246,0.19928407417831892,0.7458001050626387
25729,LOF,0.05615139907570489,0.19451459467216442,0.7493340062521308
25730,LOF,0.04075629879294752,0.26471745409648795,0.6945262471105645
25731,LOF,0.2613087993829843,0.10892534004796273,0.629765860569053
25732,LOF,0.08101202650601086,0.11097151960351004,0.8080164538904792
25733,LOF,0.04931494979198375,0.313827515477127,0.6368575347308892
25734,LOF,0.30590837843441565,0.08221771986909568,0.6118739016964886
25735,LOF,0.04300612485354542,0.1642188594490984,0.7927750156973561
25736,LOF,0.048889828285200006,0.23434385676347166,0.7167663149513283
25737,LOF,0.05313035765480687,0.19857570948500292,0.7482939328601902
25738,LOF,0.05320540126549773,0.2698755087634424,0.6769190899710599
25739,LOF,0.05669127085864637,0.26627873013077347,0.6770299990105803
25740,LOF,0.08756976579731772,0.1843605258930295,0.7280697083096528
25741,LOF,0.08738556590987089,0.1860446473494183,0.7265697867407108
25742,LOF,0.10641942170248098,0.258528709700438,0.6350518685970811
25743,LOF,0.2659531721604216,0.052616010978650964,0.6814308168609273
25744,GOF,0.0695905812533535,0.6432799682660771,0.2871294504805693
25745,GOF,0.039922121780859826,0.7237576837600759,0.2363201944590643
25746,GOF,0.046833882254449476,0.6880157386024607,0.26515037914308986
25747,LOF,0.048523397946852516,0.1162434526736389,0.8352331493795087
25748,GOF,0.2542069890904788,0.3853394027383419,0.36045360817117933
25749,GOF,0.03477193180846814,0.7076397853023597,0.2575882828891723
25750,GOF,0.04673061911278194,0.6998463643678398,0.25342301651937826
25751,LOF,0.05793776860242846,0.275100221612802,0.6669620097847696
25752,LOF,0.2923088540192165,0.33221695950177316,0.3754741864790104
25753,LOF,0.31003233884445003,0.08000044636871333,0.6099672147868367
25754,GOF,0.032899144983074155,0.6683220476542081,0.29877880736271784
25755,LOF,0.24894843267296046,0.12901963105236253,0.622031936274677
25756,Neutral,0.675282111690388,0.06660818276354269,0.2581097055460692
25757,GOF,0.04907825409752206,0.6505002083335116,0.30042153756896633
25758,GOF,0.03918240149488788,0.7092017029148202,0.25161589559029185
25759,GOF,0.026210263360237858,0.6416461007361801,0.3321436359035821
25760,LOF,0.2779469553583946,0.10387932203495547,0.6181737226066499
25761,GOF,0.02988692969912168,0.6742597763852245,0.29585329391565385
25762,Neutral,0.6963156188668993,0.07475338435732459,0.22893099677577597
25763,LOF,0.2858879123733974,0.057882398848997305,0.6562296887776052
25764,GOF,0.2634074456771705,0.4062899132734126,0.33030264104941687
25765,GOF,0.0280101057619607,0.684423233481643,0.28756666075639625
25766,GOF,0.05483512165685046,0.618665950234294,0.32649892810885556
25767,GOF,0.03884269417597164,0.8036207354775917,0.15753657034643664
25768,LOF,0.04968298260833947,0.22198581884718074,0.7283311985444797
25769,LOF,0.0492069899408069,0.2645027076393314,0.6862903024198617
25770,Neutral,0.6277502917264126,0.06260026528252564,0.3096494429910618
25771,LOF,0.30976338996947533,0.0863951864400281,0.6038414235904965
25772,LOF,0.07111603348549594,0.06492303923169966,0.8639609272828044
25773,LOF,0.4151806254177819,0.0654641542491203,0.5193552203330978
25774,Neutral,0.6692183785051254,0.08226418686502598,0.2485174346298485
25775,LOF,0.27301401838967804,0.043672737351690596,0.6833132442586314
25776,LOF,0.042901334168342596,0.10780667210842801,0.8492919937232294
25777,Neutral,0.6359629930300252,0.052272850950339456,0.31176415601963536
25778,LOF,0.0687022029374315,0.09104907592920254,0.8402487211333659
25779,GOF,0.0934713591085187,0.7113782749128557,0.19515036597862565
25780,GOF,0.06915579892135876,0.7725864065080094,0.1582577945706319
25781,GOF,0.07067452844615683,0.7724903171504692,0.156835154403374
25782,GOF,0.05500263081829674,0.7299742391681946,0.21502313001350867
25783,GOF,0.08166331399321644,0.7292672923927701,0.18906939361401343
25784,GOF,0.1337640721631058,0.686988508300521,0.1792474195363731
25785,GOF,0.097291669929213,0.6386132547854976,0.2640950752852895
25786,GOF,0.05532280922388372,0.6745388452378512,0.2701383455382651
25787,GOF,0.049967786622679033,0.5228903990864684,0.4271418142908526
25788,LOF,0.06266019824800391,0.13152243976402833,0.8058173619879678
25789,GOF,0.06920790205509574,0.7328279473298573,0.19796415061504694
25790,GOF,0.04985390169613557,0.7389401716798775,0.21120592662398707
25791,GOF,0.02734583527185798,0.6923350287839535,0.2803191359441884
25792,GOF,0.028027187507348145,0.6856706187833047,0.2863021937093472
25793,GOF,0.027566392510726023,0.6938662230166888,0.2785673844725851
25794,GOF,0.054277584018792416,0.7201936448411074,0.22552877114010014
25795,GOF,0.08927798637392745,0.709833931713638,0.20088808191243473
25796,GOF,0.05758383400632664,0.6508204026273287,0.29159576336634474
25797,GOF,0.04938891518847828,0.6916612155473075,0.2589498692642141
25798,GOF,0.05404525391249732,0.8056119409736121,0.14034280511389044
25799,GOF,0.08028018926984508,0.7873747170935067,0.1323450936366483
25800,GOF,0.07321142418195582,0.8080953732498051,0.11869320256823908
25801,GOF,0.06643299187200136,0.7408908452782009,0.19267616284979777
25802,GOF,0.0844905383133869,0.7336399174867805,0.18186954419983262
25803,GOF,0.04287843644410996,0.7089256543575315,0.24819590919835854
25804,GOF,0.07923119548997735,0.6816330371190618,0.23913576739096082
25805,GOF,0.052361596909349634,0.7646816221449073,0.18295678094574302
25806,GOF,0.05015758373033388,0.7633637773468459,0.18647863892282024
25807,GOF,0.06606219946534655,0.6791414726328953,0.25479632790175816
25808,GOF,0.06578196299192855,0.7653093464482236,0.16890869055984786
25809,GOF,0.054403232797251976,0.7894082235972315,0.1561885436055166
25810,GOF,0.049502011354695466,0.8064009548465366,0.14409703379876787
25811,GOF,0.054625513992249256,0.5492570355638698,0.3961174504438809
25812,GOF,0.044869661350521416,0.7905846200121373,0.1645457186373413
25813,GOF,0.05469063161176624,0.7491797885678857,0.19612957982034815
25814,GOF,0.0695329321032786,0.7934826093640367,0.1369844585326848
25815,GOF,0.04317898428261532,0.763111916291982,0.1937090994254026
25816,GOF,0.04692755407310748,0.7837479274115619,0.16932451851533073
25817,GOF,0.03812753296879274,0.7778759226187755,0.18399654441243174
25818,GOF,0.033072644878043844,0.5873857568472926,0.37954159827466355
25819,GOF,0.04321192667448873,0.7030487490210874,0.253739324304424
25820,GOF,0.04595120313372128,0.6887412857972066,0.2653075110690721
25821,GOF,0.04702985515292173,0.6943388901724924,0.25863125467458586
25822,GOF,0.06488826956255615,0.6444665278405517,0.29064520259689214
25823,GOF,0.12129905775360526,0.5284574274326708,0.350243514813724
25824,GOF,0.07231618803182374,0.6535762279595498,0.2741075840086263
25825,GOF,0.0682434846786317,0.6534224134609478,0.2783341018604205
25826,GOF,0.07231618803182374,0.6535762279595498,0.2741075840086263
25827,GOF,0.04076281373059609,0.7746182525595667,0.18461893370983726
25828,GOF,0.038759349524295564,0.7522748100319624,0.208965840443742
25829,LOF,0.3715209361678889,0.036485176171654886,0.5919938876604562
25830,LOF,0.044190428558593065,0.2095008021296301,0.7463087693117769
25831,GOF,0.0444703210678286,0.5889626007036765,0.366567078228495
25832,GOF,0.06369848722544913,0.7037105882650061,0.2325909245095448
25833,GOF,0.06134261410854856,0.7208046299199924,0.21785275597145914
25834,GOF,0.06045688788667403,0.6888630778948206,0.25068003421850543
25835,GOF,0.07534604798781351,0.6726779059032338,0.2519760461089526
25836,GOF,0.07025368956404836,0.6483621042976334,0.2813842061383181
25837,GOF,0.06161097155249932,0.6666245141027654,0.2717645143447352
25838,GOF,0.06154876456717811,0.6593671178632117,0.27908411756961016
25839,GOF,0.08023522861715957,0.6120085585843016,0.3077562127985388
25840,GOF,0.0539454325796829,0.6614033937172612,0.2846511737030559
25841,GOF,0.05501098632527623,0.6451714369200621,0.2998175767546617
25842,GOF,0.04410010479322465,0.6870393909493253,0.2688605042574501
25843,GOF,0.04505217995639323,0.6811323213037682,0.27381549873983846
25844,GOF,0.052448667156378644,0.6144298902380441,0.3331214426055773
25845,GOF,0.05486285839957513,0.62970407134372,0.31543307025670486
25846,GOF,0.05169052471780774,0.6144098572606937,0.33389961802149853
25847,GOF,0.057364886215006954,0.6225481211909084,0.3200869925940847
25848,GOF,0.05157387771682297,0.729972714836507,0.21845340744667002
25849,GOF,0.04902542057368676,0.7284434184675502,0.22253116095876302
25850,GOF,0.11267582809506545,0.6656203813641582,0.22170379054077624
25851,GOF,0.1279665650322441,0.645535467594182,0.22649796737357394
25852,GOF,0.12475757512765188,0.5625178507039672,0.31272457416838095
25853,GOF,0.0680312658561536,0.6624289739397315,0.2695397602041147
25854,GOF,0.04924231513956451,0.7703728610786009,0.1803848237818345
25855,GOF,0.06492451087154025,0.745034483719265,0.1900410054091948
25856,GOF,0.06917593786292255,0.7332442995425275,0.19757976259455004
25857,GOF,0.06885933896921934,0.7496502010553798,0.1814904599754008
25858,GOF,0.08739183724455851,0.623739439628486,0.2888687231269554
25859,GOF,0.08539115687024738,0.6356453322820588,0.27896351084769394
25860,GOF,0.0848814156443849,0.5759767473561247,0.33914183699949035
25861,GOF,0.0748456401202978,0.6552549013796714,0.2698994585000308
25862,GOF,0.053927470850081954,0.6904554561492111,0.255617073000707
25863,GOF,0.05675207118375272,0.686459377102142,0.25678855171410525
25864,GOF,0.06263131083318177,0.7469733725138183,0.19039531665299989
25865,GOF,0.06650869564038235,0.7555148115915616,0.17797649276805613
25866,GOF,0.0622934440845521,0.7656022224620685,0.1721043334533792
25867,GOF,0.06272453383720591,0.7560636259502829,0.18121184021251138
25868,GOF,0.04764955099574871,0.6029726960071887,0.3493777529970626
25869,GOF,0.062027670437793295,0.7072136508527214,0.23075867870948544
25870,LOF,0.04859096274285555,0.25121864727219323,0.7001903899849513
25871,GOF,0.04055462342263165,0.7106771306144926,0.2487682459628758
25872,GOF,0.04909847207675167,0.5902045588945172,0.36069696902873116
25873,GOF,0.06678979354385974,0.6374558053640008,0.29575440109213946
25874,LOF,0.07657602313117211,0.08153385670167428,0.8418901201671536
25875,GOF,0.0710158600750134,0.7166956227763359,0.21228851714865074
25876,Neutral,0.4952860987479902,0.06470296283712244,0.44001093841488736
25877,GOF,0.06100063819917413,0.61991741426972,0.31908194753110597
25878,GOF,0.03767436661950357,0.7719923967008712,0.19033323667962515
25879,GOF,0.03572841299106349,0.5190645257867114,0.4452070612222252
25880,LOF,0.07629788592927561,0.09956887192063568,0.8241332421500887
25881,Neutral,0.6400521642244154,0.2534244722815697,0.10652336349401481
25882,LOF,0.33711109926417215,0.1134691837005297,0.5494197170352982
25883,LOF,0.06154321011660958,0.1312886631601668,0.8071681267232236
25884,LOF,0.3813523457592041,0.09168727735424811,0.5269603768865478
25885,Neutral,0.504051926914147,0.025394343354250132,0.4705537297316029
25886,Neutral,0.443077866758456,0.1988443330925324,0.3580778001490116
25887,GOF,0.28539682322179694,0.5269639578978851,0.187639218880318
25888,GOF,0.06176466663185926,0.5894482588783905,0.3487870744897502
25889,LOF,0.23816772387819857,0.10603356097789156,0.6557987151439099
25890,LOF,0.1593757531967601,0.3663699422738919,0.4742543045293481
25891,LOF,0.2616171823774747,0.3449272282880915,0.3934555893344338
25892,LOF,0.01465451727562092,0.4377263554398588,0.5476191272845202
25893,LOF,0.4010553325729985,0.13655687332760547,0.46238779409939584
25894,LOF,0.45019718067513614,0.06921866503557338,0.48058415428929047
25895,LOF,0.4269194203639511,0.07533324891604624,0.49774733072000255
25896,Neutral,0.6341404496944596,0.0643541261318506,0.30150542417368975
25897,LOF,0.24650266466227652,0.12544647947389823,0.6280508558638254
25898,GOF,0.05097229610268212,0.6788790223882857,0.2701486815090323
25899,LOF,0.26660741813384004,0.3610030423765903,0.37238953948956965
25900,Neutral,0.8120512137012884,0.05067935852285007,0.1372694277758616
25901,LOF,0.06626340793059883,0.11295445645244316,0.820782135616958
25902,LOF,0.43175943693630625,0.10377377368322227,0.46446678938047153
25903,LOF,0.2631252052219442,0.24775068434146855,0.4891241104365871
25904,Neutral,0.443077866758456,0.1988443330925324,0.3580778001490116
25905,LOF,0.0746440553168038,0.35644914948242185,0.5689067952007743
25906,LOF,0.3734901139927734,0.0739313391924787,0.5525785468147479
25907,GOF,0.03659749109324302,0.4817911434820803,0.48161136542467664
25908,GOF,0.04160025380718859,0.5675145151505776,0.3908852310422339
25909,LOF,0.0821705660455135,0.3726573964798245,0.545172037474662
25910,LOF,0.027815801796335436,0.44982843614855683,0.5223557620551077
25911,Neutral,0.6830177294754894,0.06676825638922929,0.2502140141352811
25912,Neutral,0.5230930690311854,0.023259560789290284,0.4536473701795243
25913,LOF,0.024809475002557976,0.4538691265640215,0.5213213984334205
25914,LOF,0.0481325439972275,0.28849924025333673,0.6633682157494357
25915,GOF,0.08161816908936527,0.6649685637620201,0.2534132671486146
25916,GOF,0.08925401492614221,0.7660312148812469,0.14471477019261084
25917,Neutral,0.7526760315210476,0.055982831495244134,0.1913411369837083
25918,LOF,0.05544776277630776,0.19912578004843204,0.7454264571752602
25919,LOF,0.04457929602474858,0.09626232123278898,0.8591583827424625
25920,LOF,0.31492139407835074,0.3012917823296717,0.38378682359197763
25921,LOF,0.29514871873003173,0.04769278812582483,0.6571584931441435
25922,LOF,0.2068096708501215,0.05086276835840985,0.7423275607914686
25923,Neutral,0.443077866758456,0.1988443330925324,0.3580778001490116
25924,LOF,0.2629157083307398,0.13612666524050684,0.6009576264287534
25925,Neutral,0.627992405573466,0.07114704723401352,0.3008605471925204
25926,Neutral,0.6798430568068229,0.08409928632427467,0.23605765686890248
25927,LOF,0.028122939542091236,0.4675399490383376,0.5043371114195712
25928,LOF,0.3032454104034096,0.04145290289158072,0.6553016867050098
25929,Neutral,0.443077866758456,0.1988443330925324,0.3580778001490116
25930,LOF,0.04710390307394169,0.15275012854976702,0.8001459683762914
25931,LOF,0.39040543821749074,0.06717533735557482,0.5424192244269345
25932,LOF,0.07714241201308854,0.08504790729628085,0.8378096806906307
25933,LOF,0.08184317423087124,0.08267001304462859,0.8354868127245001
25934,LOF,0.09741935787561319,0.11762849717888867,0.7849521449454981
25935,Neutral,0.6692183785051254,0.08226418686502598,0.2485174346298485
25936,LOF,0.06546999694813939,0.10346739276345779,0.8310626102884029
25937,LOF,0.3463719731189143,0.18055206578348532,0.4730759610976003
25938,Neutral,0.6830177294754894,0.06676825638922929,0.2502140141352811
25939,LOF,0.05458939326705348,0.14967365626354745,0.7957369504693991
25940,GOF,0.06622784494527965,0.774810125404732,0.15896202964998837
25941,Neutral,0.5190970207544809,0.13915193965267453,0.3417510395928445
25942,LOF,0.20116356558579912,0.12325467485739941,0.6755817595568014
25943,LOF,0.027956921962468136,0.4230405433068273,0.5490025347307045
25944,LOF,0.021033135357994996,0.47150679609526236,0.5074600685467426
25945,LOF,0.040425608429454696,0.14244877247934112,0.8171256190912041
25946,LOF,0.44985121038191683,0.0720120982043662,0.478136691413717
25947,Neutral,0.6730546633069243,0.04796254880330589,0.27898278788976977
25948,Neutral,0.4982859005427291,0.06743124306909791,0.43428285638817304
25949,LOF,0.40961619612795114,0.07814493500358798,0.5122388688684609
25950,GOF,0.05749010815210013,0.6613504304688029,0.2811594613790971
25951,GOF,0.026497226862136528,0.7154172191815401,0.2580855539563234
25952,GOF,0.18331346042096108,0.4231811308516966,0.39350540872734224
25953,LOF,0.04225906288317192,0.3143562593454375,0.6433846777713906
25954,GOF,0.06142894167367417,0.6640274266376043,0.2745436316887216
25955,GOF,0.024526532197209325,0.529144565311088,0.44632890249170265
25956,GOF,0.03941291571154392,0.5930344277438903,0.36755265654456587
25957,Neutral,0.6140439652813154,0.07682369906119645,0.3091323356574881
25958,LOF,0.0811513679488623,0.15670198851608172,0.762146643535056
25959,GOF,0.021732787068105257,0.4923605382370349,0.4859066746948598
25960,LOF,0.25109913234724984,0.11668421316110991,0.6322166544916402
25961,LOF,0.04380003383177055,0.381799835609769,0.5744001305584604
25962,LOF,0.4370731876793148,0.0506391175917807,0.5122876947289046
25963,GOF,0.04189941408083638,0.6194532329599942,0.3386473529591695
25964,LOF,0.07078309687916474,0.34368159256038827,0.5855353105604469
25965,GOF,0.14921524345540146,0.5280844002730293,0.3227003562715693
25966,Neutral,0.443077866758456,0.1988443330925324,0.3580778001490116
25967,LOF,0.3306549943380644,0.07450786542813592,0.5948371402337997
25968,GOF,0.24921270987795377,0.49957403939126943,0.2512132507307769
25969,Neutral,0.5915334324359437,0.03976469585533177,0.36870187170872454
25970,LOF,0.3882615514121223,0.21964497912157777,0.3920934694663
25971,LOF,0.11617298420753594,0.18596906792571236,0.6978579478667517
25972,LOF,0.144090362001376,0.13731748250464443,0.7185921554939796
25973,LOF,0.41747045116237186,0.019428409474008968,0.563101139363619
25974,GOF,0.06274135617264448,0.511925366312781,0.42533327751457456
25975,LOF,0.06315578479730581,0.03172878767099276,0.9051154275317014
25976,LOF,0.4059194932146138,0.009445196130735734,0.5846353106546505
25977,Neutral,0.5704911129120651,0.06946496445984815,0.3600439226280867
25978,LOF,0.1737966180486443,0.17764128753283456,0.6485620944185211
25979,LOF,0.09639927579979146,0.16843900407229812,0.7351617201279105
25980,LOF,0.208334825340803,0.3750969873361291,0.4165681873230679
25981,GOF,0.21844101584860534,0.44212137287199754,0.3394376112793972
25982,LOF,0.17697812139499167,0.29419991210869434,0.5288219664963141
25983,LOF,0.1237740514468874,0.29662426532192715,0.5796016832311854
25984,LOF,0.06424150768745251,0.0913525461728546,0.844405946139693
25985,Neutral,0.6755896305954413,0.19876693720779703,0.12564343219676158
25986,GOF,0.032896033644176155,0.6195708228847564,0.3475331434710674
25987,LOF,0.40468430498893726,0.11991906224313376,0.4753966327679288
25988,LOF,0.0417241262663759,0.33709004033465995,0.6211858333989642
25989,LOF,0.05961953773035407,0.27294272470989733,0.6674377375597484
25990,LOF,0.05225657717081211,0.2834461650764539,0.6642972577527338
25991,GOF,0.13270089372446298,0.5399776747489913,0.3273214315265458
25992,LOF,0.11596225172209158,0.29725547689512544,0.5867822713827829
25993,LOF,0.07212959999339448,0.03602095658235012,0.8918494434242554
25994,LOF,0.09494328471190112,0.062446719413642944,0.842609995874456
25995,LOF,0.04521605029664119,0.12730435255571532,0.8274795971476434
25996,GOF,0.2684544776030999,0.4585735377069556,0.27297198468994444
25997,GOF,0.15860158867977242,0.5130736981287839,0.3283247131914438
25998,LOF,0.26915243893099183,0.3411217069509588,0.3897258541180493
25999,LOF,0.019338373082083048,0.34824194231646166,0.6324196846014553
26000,LOF,0.3017089830468282,0.08902091902273267,0.6092700979304392
26001,LOF,0.16348350925483307,0.3520469626715175,0.4844695280736494
26002,LOF,0.32440778224712186,0.12103172931450433,0.5545604884383738
26003,GOF,0.05485033865664816,0.6473014579911827,0.29784820335216916
26004,GOF,0.11003180832127318,0.6934438854440513,0.19652430623467546
26005,GOF,0.04039117760017924,0.7592383784853813,0.20037044391443942
26006,GOF,0.0527537076584063,0.6491835835245224,0.29806270881707125
26007,GOF,0.041879441215360885,0.7856870157958259,0.17243354298881317
26008,GOF,0.08643350598883015,0.6956537530694321,0.2179127409417378
26009,GOF,0.055435876494171574,0.7265081658071615,0.21805595769866687
26010,GOF,0.04696111635092585,0.729285989950173,0.22375289369890114
26011,GOF,0.04958291499586133,0.6164200001833028,0.33399708482083607
26012,GOF,0.04706841574290974,0.744174221622912,0.20875736263417832
26013,GOF,0.05942608728506416,0.630717235986603,0.3098566767283327
26014,LOF,0.4556931217888785,0.03305208647685607,0.5112547917342655
26015,LOF,0.27736554026590265,0.2225567797036273,0.5000776800304699
26016,LOF,0.2181346328760567,0.1785350867059359,0.6033302804180074
26017,LOF,0.04263619955485435,0.33933624898442966,0.6180275514607161
26018,LOF,0.04162307063035132,0.33235294441574864,0.6260239849539
26019,LOF,0.04511754531609023,0.13827923836900377,0.816603216314906
26020,LOF,0.0233831519601299,0.4683402323035383,0.5082766157363318
26021,LOF,0.2541185552117436,0.24087743890623875,0.5050040058820177
26022,LOF,0.20363266837932525,0.1416100577987603,0.6547572738219145
26023,LOF,0.06825933324234294,0.09206210541431009,0.8396785613433471
26024,LOF,0.09381854680623371,0.2293392322176784,0.6768422209760878
26025,LOF,0.04001461892047951,0.32560117845914727,0.6343842026203733
26026,LOF,0.04350178767237239,0.38200178027977183,0.5744964320478558
26027,LOF,0.08108627193213264,0.14771877360559593,0.7711949544622714
26028,LOF,0.11717406147717396,0.4289445440145696,0.4538813945082565
26029,GOF,0.06295648680601686,0.7265163314753674,0.21052718171861576
26030,Neutral,0.5602608710562502,0.06597381117148297,0.37376531777226674
26031,GOF,0.032987349068451716,0.7142274681935408,0.2527851827380075
26032,LOF,0.05958058766637925,0.1687144143282989,0.771704998005322
26033,LOF,0.05599010137587397,0.15534932130950796,0.7886605773146181
26034,GOF,0.0301914140483738,0.6524235032461786,0.31738508270544774
26035,GOF,0.027258998715847756,0.7090273555881526,0.26371364569599975
26036,GOF,0.02552339697320124,0.6223408862790859,0.3521357167477129
26037,GOF,0.031341401456757276,0.654777775408974,0.3138808231342688
26038,LOF,0.04763997124903492,0.15088263625276985,0.8014773924981953
26039,GOF,0.03147211183928256,0.5790847745358977,0.38944311362481976
26040,LOF,0.04579508259051435,0.1375716299127756,0.81663328749671
26041,GOF,0.0435535849197282,0.5547797132375769,0.401666701842695
26042,GOF,0.038816120233983675,0.560490340466131,0.4006935392998854
26043,LOF,0.03433232841619454,0.24252209322729734,0.7231455783565081
26044,LOF,0.31460566012547897,0.11625288276888314,0.5691414571056379
26045,GOF,0.028733127942183932,0.688533088517842,0.2827337835399742
26046,LOF,0.04972869126575243,0.24010625276433067,0.7101650559699169
26047,LOF,0.11545508609418818,0.16411000404385426,0.7204349098619575
26048,Neutral,0.4767440965814768,0.07952751774603968,0.4437283856724835
26049,Neutral,0.624643666072952,0.1326166479079707,0.24273968601907736
26050,Neutral,0.6692183785051254,0.08226418686502598,0.2485174346298485
26051,GOF,0.03867455570789212,0.5993611725607781,0.3619642717313298
26052,GOF,0.050763932413640855,0.7546257442791434,0.19461032330721578
26053,LOF,0.4310561119060318,0.056616715250529887,0.5123271728434382
26054,Neutral,0.6830177294754894,0.06676825638922929,0.2502140141352811
26055,Neutral,0.6830177294754894,0.06676825638922929,0.2502140141352811
26056,Neutral,0.6830177294754894,0.06676825638922929,0.2502140141352811
26057,LOF,0.05988136925803262,0.13224996627840147,0.807868664463566
26058,LOF,0.06891050182505579,0.1280902564484527,0.8029992417264915
26059,Neutral,0.8367773762832751,0.053561639700811424,0.10966098401591343
26060,GOF,0.035167738791189264,0.6906004844834628,0.27423177672534793
26061,LOF,0.32804747321523114,0.044595271336020204,0.6273572554487487
26062,LOF,0.4602194612638498,0.05218745149519405,0.48759308724095624
26063,LOF,0.07443673795338553,0.060519093701353624,0.8650441683452608
26064,LOF,0.3828089044328465,0.03012893108564988,0.5870621644815036
26065,LOF,0.04599478347314728,0.11032233933917152,0.8436828771876812
26066,LOF,0.07753536483274072,0.11240721736522803,0.8100574178020312
26067,LOF,0.06760229095842044,0.17429017103407068,0.7581075380075089
26068,Neutral,0.6281002188431384,0.07985901728172196,0.2920407638751396
26069,Neutral,0.6068877534070224,0.08627293362806282,0.3068393129649148
26070,Neutral,0.6068877534070224,0.08627293362806282,0.3068393129649148
26071,LOF,0.06510727678551481,0.14623524661464926,0.7886574765998359
26072,LOF,0.39690024953525094,0.08929462504439163,0.5138051254203575
26073,LOF,0.08207568131042722,0.10011137914564586,0.8178129395439269
26074,Neutral,0.8114311531821501,0.060640635717178336,0.12792821110067154
26075,Neutral,0.6183434636000875,0.08727666409936882,0.29437987230054363
26076,LOF,0.054688356320916856,0.1723290946538007,0.7729825490252824
26077,Neutral,0.6260313961605871,0.041971391403564796,0.3319972124358482
26078,LOF,0.4212379092801645,0.06705160227107419,0.5117104884487613
26079,Neutral,0.6670518487715048,0.0986064013231551,0.23434174990534004
26080,Neutral,0.6670518487715048,0.0986064013231551,0.23434174990534004
26081,LOF,0.05596517110551235,0.07047701323537302,0.8735578156591146
26082,LOF,0.39749597492360894,0.09385993919814375,0.5086440858782473
26083,LOF,0.0363425633942475,0.25062826870439797,0.7130291679013544
26084,LOF,0.04630298764295237,0.18079926072590338,0.7728977516311443
26085,LOF,0.051390161961197035,0.1341145677976106,0.8144952702411924
26086,LOF,0.05815792083734184,0.136170604833054,0.8056714743296043
26087,LOF,0.04243994046708785,0.2724574709080131,0.685102588624899
26088,LOF,0.4003388393554822,0.11048912544454878,0.4891720351999691
26089,Neutral,0.6643873221219433,0.08045199191732798,0.2551606859607288
26090,Neutral,0.6643873221219433,0.08045199191732798,0.2551606859607288
26091,LOF,0.09418665892279775,0.08608937005141216,0.8197239710257901
26092,LOF,0.0686086185144725,0.08294160259476621,0.8484497788907613
26093,LOF,0.07133851784621296,0.08110994443636259,0.8475515377174244
26094,LOF,0.09318403194511554,0.09543670553837681,0.8113792625165077
26095,LOF,0.2759624520921737,0.11116264833124773,0.6128748995765787
26096,Neutral,0.5805582174533147,0.036992481163803416,0.3824493013828819
26097,LOF,0.32703107880777105,0.06239337580745596,0.6105755453847731
26098,Neutral,0.675282111690388,0.06660818276354269,0.2581097055460692
26099,LOF,0.04098874474820399,0.2878531476796376,0.6711581075721584
26100,LOF,0.04098874474820399,0.2878531476796376,0.6711581075721584
26101,LOF,0.06158372456379715,0.16408701740868195,0.774329258027521
26102,LOF,0.062366691297275546,0.12882917756181111,0.8088041311409133
26103,Neutral,0.443077866758456,0.1988443330925324,0.3580778001490116
26104,Neutral,0.7155709399946729,0.08704682086711875,0.19738223913820835
26105,LOF,0.31373268797379417,0.12137491631959997,0.5648923957066058
26106,LOF,0.33042004651741524,0.17848208139826024,0.4910978720843245
26107,GOF,0.016803333851578457,0.5709816715369365,0.41221499461148514
26108,GOF,0.3157399677498989,0.3953469758511549,0.2889130563989462
26109,Neutral,0.5668092434633019,0.11070099743270428,0.32248975910399386
26110,Neutral,0.48942410921485563,0.043920028007809774,0.4666558627773347
26111,LOF,0.05059665429560789,0.2556244114239757,0.6937789342804163
26112,LOF,0.09769791773520682,0.055420411805479755,0.8468816704593134
26113,LOF,0.08049127497625665,0.08190369885601263,0.8376050261677308
26114,LOF,0.36432255107858236,0.16050429122067078,0.4751731577007468
26115,GOF,0.03176497242040253,0.5710094704601836,0.3972255571194138
26116,LOF,0.11243196260742941,0.26134749873834306,0.6262205386542276
26117,Neutral,0.443077866758456,0.1988443330925324,0.3580778001490116
26118,LOF,0.055167003521071914,0.06988128162372655,0.8749517148552016
26119,LOF,0.015396632349420845,0.4821060253853982,0.502497342265181
26120,LOF,0.08442045164351857,0.08865301874589493,0.8269265296105865
26121,LOF,0.037840622563324794,0.19447801001333312,0.7676813674233421
26122,LOF,0.017758548038921195,0.2120237264629499,0.770217725498129
26123,LOF,0.028526536286930443,0.3610946064951883,0.6103788572178811
