feature0,prediction,LoGoFunc_Neutral,LoGoFunc_GOF,LoGoFunc_LOF
25546,Neutral,0.6533146597618887,0.05336756128591572,0.2933177789521955
25547,Neutral,0.5235132670857464,0.11804755757684446,0.35843917533740904
25548,Neutral,0.4892103550475552,0.08289148920920182,0.42789815574324286
25549,LOF,0.4568480423197769,0.08154753680822328,0.4616044208719999
25550,LOF,0.3885758180575308,0.14483180319541825,0.46659237874705095
25551,LOF,0.3201531320869032,0.14322654478544003,0.5366203231276567
25552,LOF,0.18994986193365615,0.15104914007464063,0.6590009979917032
25553,Neutral,0.8189008064761297,0.03826911852738521,0.1428300749964851
25554,LOF,0.22911582901795968,0.14605068161356358,0.6248334893684767
25555,LOF,0.18405486850882313,0.1358586556435138,0.680086475847663
25556,Neutral,0.4974977808530775,0.10413506265580064,0.39836715649112187
25557,LOF,0.17780774060892762,0.1405708100015732,0.6816214493894991
25558,LOF,0.22632843184855797,0.15346535050761834,0.6202062176438238
25559,Neutral,0.578189271289622,0.07012382462509462,0.3516869040852834
25560,LOF,0.045652105819652344,0.306499688352676,0.6478482058276717
25561,LOF,0.07802104171130303,0.3471148904481624,0.5748640678405346
25562,LOF,0.09882915148980492,0.17474618062195466,0.7264246678882403
25563,LOF,0.11357092650688057,0.18309400547780225,0.7033350680153171
25564,LOF,0.06857968724393315,0.2686697319952869,0.6627505807607801
25565,LOF,0.15288640349832272,0.16585620166728593,0.6812573948343914
25566,GOF,0.015706781008216607,0.7527104634533648,0.2315827555384187
25567,LOF,0.013609573800654893,0.1206307854625121,0.8657596407368331
25568,LOF,0.04794569906456002,0.07701797280241687,0.8750363281330231
25569,LOF,0.05936717565670667,0.0761293878016071,0.8645034365416862
25570,LOF,0.066081084310492,0.10914226677090377,0.8247766489186042
25571,LOF,0.06843606607808628,0.10597774178946139,0.8255861921324524
25572,LOF,0.06805463438677402,0.1450838479270215,0.7868615176862045
25573,LOF,0.02756632284383505,0.08753303104416027,0.8849006461120048
25574,LOF,0.016223215732439428,0.1351957355375453,0.8485810487300153
25575,LOF,0.054133606437125045,0.10483972440730575,0.8410266691555691
25576,LOF,0.020981679167975983,0.1005754121093215,0.8784429087227026
25577,LOF,0.013138875678734816,0.13645533257972703,0.8504057917415381
25578,LOF,0.23097919185892302,0.0975854098419831,0.6714353982990939
25579,LOF,0.23325592116718416,0.09720531167138866,0.6695387671614272
25580,LOF,0.036420942120744385,0.09906316232614513,0.8645158955531106
25581,LOF,0.048173925512302866,0.0784320821866831,0.8733939923010141
25582,LOF,0.04780748913954104,0.07548026558032273,0.8767122452801362
25583,LOF,0.04317335013411589,0.11039821490610986,0.8464284349597743
25584,Neutral,0.48162868894213295,0.08519071376518955,0.4331805972926775
25585,LOF,0.03160799067413254,0.10255707723725857,0.865834932088609
25586,LOF,0.033288187630659986,0.07978293256364351,0.8869288798056965
25587,LOF,0.030979704570605882,0.07003692242303068,0.8989833730063633
25588,LOF,0.03114458106036475,0.08623951979796111,0.8826158991416742
25589,Neutral,0.6178724539371203,0.0831031773774483,0.2990243686854314
25590,LOF,0.023732951982055165,0.12114791570326475,0.8551191323146802
25591,LOF,0.10696313900005634,0.06336683284217048,0.8296700281577731
25592,LOF,0.10228778780285616,0.12644567704149834,0.7712665351556456
25593,LOF,0.014098705063974188,0.2079979378428389,0.7779033570931869
25594,LOF,0.03448961248462489,0.21019856032433837,0.7553118271910368
25595,LOF,0.06342809777913135,0.16547953887263253,0.7710923633482362
25596,LOF,0.08802219682182082,0.11519913798826285,0.7967786651899162
25597,LOF,0.07929545985552708,0.053006145288196214,0.8676983948562766
25598,LOF,0.04252073643077971,0.21209815145495287,0.7453811121142675
25599,GOF,0.006508866647353592,0.6261186427535069,0.36737249059913946
25600,GOF,0.007769469447954865,0.5790280678315178,0.4132024627205273
25601,LOF,0.006813005092959569,0.3988746376888628,0.5943123572181777
25602,LOF,0.014392849370874991,0.0740461211178599,0.9115610295112652
25603,LOF,0.03937523953893656,0.03286763222339638,0.9277571282376671
25604,LOF,0.035380134779666735,0.07130529013116983,0.8933145750891635
25605,LOF,0.010952624762228002,0.20168190233659072,0.7873654729011812
25606,GOF,0.05576701346557662,0.4809247297174022,0.46330825681702115
25607,LOF,0.003828116910894641,0.14843411059389486,0.8477377724952104
25608,LOF,0.04885028885760245,0.045301594351003234,0.9058481167913943
25609,LOF,0.06279076818439361,0.27822728218510906,0.6589819496304973
25610,LOF,0.04959496996855382,0.03863368955347748,0.9117713404779687
25611,LOF,0.05824915710063829,0.029652773623677835,0.9120980692756839
25612,LOF,0.12016917610639498,0.07429264219766851,0.8055381816959366
25613,LOF,0.10739612708400925,0.06503244423562454,0.8275714286803663
25614,LOF,0.038987739548650334,0.044958508983266476,0.9160537514680831
25615,LOF,0.08200818605964166,0.06898145105729736,0.8490103628830609
25616,LOF,0.04480767760009774,0.06649017465708007,0.8887021477428222
25617,LOF,0.05111746119558895,0.06708188274811917,0.8818006560562918
25618,LOF,0.2729771063799971,0.04741776255731178,0.6796051310626912
25619,LOF,0.04662697860744233,0.049438959353976845,0.9039340620385808
25620,LOF,0.041494975940400504,0.06753066760215318,0.8909743564574463
25621,LOF,0.04067246421584946,0.05136987398118496,0.9079576618029656
25622,LOF,0.03333882442075737,0.07089738679555685,0.8957637887836858
25623,LOF,0.05487755675366482,0.044794630959862795,0.9003278122864724
25624,LOF,0.03325885348207793,0.05641321485290136,0.9103279316650207
25625,LOF,0.04106193674464626,0.0741691330665333,0.8847689301888204
25626,LOF,0.08149153119012116,0.052734497475207746,0.8657739713346712
25627,Neutral,0.577691772033087,0.11029084860507207,0.312017379361841
25628,LOF,0.21055019322597054,0.05532380767367409,0.7341259991003554
25629,LOF,0.07511955897597519,0.14540316500315556,0.7794772760208692
25630,LOF,0.18843673673217445,0.08196123640888327,0.7296020268589424
25631,Neutral,0.5988909239580144,0.05731369329352871,0.34379538274845695
25632,LOF,0.02169424184147811,0.08617809319974803,0.8921276649587738
25633,LOF,0.22228063591426392,0.1003586629677114,0.6773607011180247
25634,LOF,0.039749590261082476,0.09071836030249124,0.8695320494364263
25635,LOF,0.038360931064572376,0.07727830684271476,0.8843607620927129
25636,GOF,0.005391795870955448,0.6641170575110951,0.3304911466179496
25637,GOF,0.003862613148057066,0.5715114129358405,0.42462597391610235
25638,GOF,0.00668510371414043,0.5422390312221346,0.45107586506372493
25639,LOF,0.004179696151580721,0.4918136689168702,0.5040066349315492
25640,GOF,0.3553053847267648,0.5928554633813554,0.05183915189187969
25641,LOF,0.00566818550338162,0.3445135154914843,0.6498182990051341
25642,LOF,0.2416546672540212,0.13274281881669325,0.6256025139292856
25643,LOF,0.2232740063094759,0.2837773447720657,0.4929486489184585
25644,GOF,0.014282719172709218,0.6533290985510797,0.33238818227621114
25645,GOF,0.010967837981256407,0.5809576386228396,0.408074523395904
25646,LOF,0.01177988398656725,0.4120262129368861,0.5761939030765466
25647,LOF,0.010602572360791419,0.30959210719742175,0.6798053204417868
25648,LOF,0.007758933795386806,0.40578450528934945,0.5864565609152639
25649,LOF,0.008294703175505218,0.23077727911878432,0.7609280177057104
25650,GOF,0.02441589933237476,0.5483562777319888,0.42722782293563644
25651,LOF,0.006430118875558552,0.2700440259449134,0.723525855179528
25652,LOF,0.012831432301658856,0.3598537447559168,0.6273148229424244
25653,GOF,0.05744637500591497,0.5438305001855573,0.39872312480852784
25654,LOF,0.008832044677038941,0.33792727818898327,0.6532406771339777
25655,GOF,0.08145722241028153,0.517231777138403,0.4013110004513156
25656,LOF,0.0980937074002568,0.10422604951729231,0.7976802430824509
25657,LOF,0.282679703024501,0.045658038118853286,0.6716622588566458
25658,LOF,0.03451001737057088,0.21924124463726738,0.7462487379921617
25659,LOF,0.22091047512045103,0.11477570302937676,0.6643138218501723
25660,LOF,0.09718629490065114,0.07828858207193959,0.8245251230274093
25661,LOF,0.07245353395150875,0.06676462934996512,0.8607818366985261
25662,LOF,0.03692370474328322,0.05421276191023688,0.90886353334648
25663,LOF,0.04631987419398088,0.09880570786388071,0.8548744179421384
25664,LOF,0.03125342885419904,0.12946868695075267,0.8392778841950482
25665,LOF,0.04255586098632286,0.06154021915656184,0.8959039198571154
25666,LOF,0.04125717462747367,0.13961809497376101,0.8191247303987652
25667,LOF,0.0386563825872022,0.048442298698994045,0.9129013187138038
25668,LOF,0.05449040257257844,0.059738768269568435,0.8857708291578532
25669,LOF,0.05534182721298719,0.08379240740632739,0.8608657653806854
25670,LOF,0.08340420984076069,0.07793852744794538,0.8386572627112939
25671,LOF,0.04907676595703372,0.041930810127756346,0.9089924239152101
25672,LOF,0.04954987994579044,0.06806954529284882,0.8823805747613608
25673,LOF,0.038602392176255725,0.05988073781680062,0.9015168700069436
25674,LOF,0.027395653564389468,0.07587332294255637,0.8967310234930541
25675,LOF,0.035860089634661974,0.05975927633067629,0.9043806340346617
25676,LOF,0.03496794907496429,0.05906968726440679,0.905962363660629
25677,LOF,0.09153868403435049,0.051537454184679116,0.8569238617809705
25678,LOF,0.19128581986206825,0.04553013728156575,0.7631840428563661
25679,LOF,0.13373874451195225,0.05025218390416623,0.8160090715838816
25680,LOF,0.09585857251212801,0.08496372798339487,0.8191776995044772
25681,LOF,0.10854197787791138,0.0794078505434243,0.8120501715786643
25682,LOF,0.05021238163852405,0.05109868901242415,0.8986889293490518
25683,LOF,0.09052699599892089,0.06747182696731815,0.842001177033761
25684,LOF,0.07017906235313891,0.056798682982894276,0.8730222546639667
25685,LOF,0.13403554838603507,0.042772038553241944,0.823192413060723
25686,LOF,0.027889996338599888,0.08558954240535034,0.8865204612560497
25687,LOF,0.05794820946792577,0.09254254170961619,0.8495092488224579
25688,LOF,0.020631458502961924,0.06262376676631642,0.9167447747307217
25689,LOF,0.02051964773797164,0.03560425998986497,0.9438760922721635
25690,LOF,0.018599424635433657,0.04305267226373404,0.9383479031008324
25691,LOF,0.11290362542807979,0.06764840846971469,0.8194479661022055
25692,LOF,0.29593618742479266,0.012293631656424178,0.6917701809187832
25693,LOF,0.03514370818646509,0.2809230327382185,0.6839332590753164
25694,LOF,0.2338505035348925,0.01448677434889899,0.7516627221162085
25695,LOF,0.18020023265062116,0.034597158674636974,0.7852026086747419
25696,LOF,0.08140880294968061,0.031721113581278125,0.8868700834690412
25697,LOF,0.08007882429926476,0.04245708744353233,0.877464088257203
25698,LOF,0.015778805714973258,0.4254588788416899,0.5587623154433369
25699,LOF,0.0832448646252364,0.10630949486535028,0.8104456405094134
25700,LOF,0.03719783259183819,0.02013920465893465,0.9426629627492272
25701,LOF,0.0131071524267585,0.09925636544281202,0.8876364821304296
25702,GOF,0.02673150319485261,0.7683761109893702,0.20489238581577723
25703,LOF,0.015225811797387571,0.24987153143131594,0.7349026567712965
25704,LOF,0.06839950283464412,0.17351197946563318,0.7580885176997226
25705,LOF,0.05870696923563518,0.20390471374816224,0.7373883170162026
25706,GOF,0.01917322622269011,0.6886058385774334,0.2922209351998765
25707,GOF,0.029922720482002382,0.5645464968083048,0.4055307827096926
25708,GOF,0.007671466356511643,0.5218008305515616,0.4705277030919267
25709,LOF,0.03046600145032119,0.08043128809285709,0.8891027104568218
25710,LOF,0.006038404856288288,0.15631526587740094,0.8376463292663108
25711,LOF,0.0309370913336927,0.16058060898484017,0.8084822996814671
25712,LOF,0.00839761120231588,0.21931911461142328,0.7722832741862607
25713,LOF,0.029128709062628252,0.13278698005624245,0.8380843108811293
25714,LOF,0.02633899494355052,0.17265351321893907,0.8010074918375103
25715,LOF,0.03654467314499739,0.15059729234360494,0.8128580345113977
25716,LOF,0.00638954772477702,0.1631771052500644,0.8304333470251585
25717,LOF,0.006828750508073987,0.13013963355150093,0.8630316159404251
25718,LOF,0.033759546479630975,0.09254444948067961,0.8736960040396894
25719,LOF,0.0457731845563533,0.13142151141231856,0.8228053040313281
25720,LOF,0.03989382809528977,0.14034018046656566,0.8197659914381445
25721,LOF,0.028927127849502566,0.13973565518702102,0.8313372169634763
25722,LOF,0.01922847155196471,0.17588744299604978,0.8048840854519855
25723,LOF,0.03452132371686923,0.130129780069715,0.8353488962134159
25724,LOF,0.04875531959576616,0.2796238288024334,0.6716208516018004
25725,LOF,0.035722896505926666,0.10857329341956917,0.8557038100745041
25726,LOF,0.021056391891898518,0.1671431485401834,0.811800459567918
25727,LOF,0.02974971722323686,0.1319607182344964,0.8382895645422669
25728,LOF,0.03118663881980718,0.13981758341338785,0.828995777766805
25729,LOF,0.027923350822362168,0.16054822647938216,0.8115284226982556
25730,LOF,0.03744736745457809,0.0973046400516774,0.8652479924937444
25731,LOF,0.009997348867523244,0.1098030497106283,0.8801996014218485
25732,LOF,0.022039152701479145,0.09032878474627626,0.8876320625522446
25733,LOF,0.03925613755891646,0.09443491161006082,0.8663089508310228
25734,LOF,0.0063183640571851446,0.28399541159020164,0.7096862243526132
25735,LOF,0.027468538789879236,0.10259176023778709,0.8699397009723338
25736,LOF,0.02524814128640134,0.18106651961818407,0.7936853390954146
25737,LOF,0.036914510006484796,0.12694349558256685,0.8361419944109484
25738,LOF,0.028905751974211594,0.17624840898574176,0.7948458390400466
25739,LOF,0.027979629348078055,0.12837122503273482,0.8436491456191871
25740,LOF,0.038702107550597685,0.15484725454748993,0.8064506379019124
25741,LOF,0.04459175545114613,0.12977395638368122,0.8256342881651726
25742,LOF,0.058128606407880326,0.136992758764393,0.8048786348277267
25743,LOF,0.011888795970611503,0.025123556802957366,0.9629876472264313
25744,LOF,0.22018304938143768,0.14422319472977066,0.6355937558887916
25745,LOF,0.03539327938018458,0.05852811057647793,0.9060786100433375
25746,LOF,0.015501264354457011,0.09244276259692627,0.8920559730486167
25747,LOF,0.055917080169115396,0.029624030535992534,0.9144588892948922
25748,LOF,0.33465822863731065,0.05408359217214455,0.6112581791905448
25749,LOF,0.015981813641540582,0.050949899144861914,0.9330682872135976
25750,LOF,0.022886559019921746,0.05699267665418109,0.9201207643258972
25751,LOF,0.05017927308894461,0.0476638813785777,0.9021568455324777
25752,GOF,0.07061304562525954,0.6848968830451829,0.24449007132955755
25753,LOF,0.0076783348120130455,0.4369398755844345,0.5553817896035526
25754,GOF,0.007516874411590285,0.897379950253805,0.09510317533460462
25755,LOF,0.007288053728675083,0.42569682722923624,0.5670151190420886
25756,LOF,0.023900466215211063,0.4407969625053549,0.535302571279434
25757,GOF,0.008267915653813924,0.8751006828065958,0.11663140153959028
25758,GOF,0.008576819516393995,0.8978424537979023,0.09358072668570369
25759,GOF,0.005768247484089829,0.6841181584962895,0.3101135940196206
25760,LOF,0.005928379930525086,0.32938240592161644,0.6646892141478585
25761,GOF,0.047353849977557635,0.8655513903468356,0.08709475967560679
25762,LOF,0.0276772243278166,0.3640265494783766,0.6082962261938067
25763,LOF,0.0059670987629400285,0.3070283236864394,0.6870045775506207
25764,GOF,0.061913020735001024,0.690596703994284,0.24749027527071493
25765,GOF,0.008317300470755839,0.8948856002141489,0.09679709931509527
25766,GOF,0.02479310650044652,0.8609340654074897,0.11427282809206363
25767,GOF,0.016059297545766366,0.5377672076572282,0.4461734947970054
25768,LOF,0.052213318696223185,0.055142619785662,0.8926440615181148
25769,LOF,0.02499975077907062,0.08018962574469124,0.8948106234762382
25770,LOF,0.12815865662633522,0.14582733346134513,0.7260140099123198
25771,LOF,0.018043671659750456,0.1035704804439946,0.878385847896255
25772,LOF,0.028676900357927623,0.03963891490363116,0.9316841847384412
25773,LOF,0.013903188008542447,0.0875550954176358,0.8985417165738216
25774,LOF,0.02432160854223551,0.22601524779504087,0.7496631436627237
25775,LOF,0.01804222676094172,0.04973482423620019,0.9322229490028581
25776,LOF,0.029505633402743606,0.026505470593435252,0.9439888960038212
25777,LOF,0.2956175954935313,0.12894870945287915,0.5754336950535895
25778,LOF,0.025320895325083196,0.08905419917953844,0.8856249054953783
25779,GOF,0.04837637805170149,0.8877419063049728,0.06388171564332566
25780,GOF,0.06035206710923964,0.8837382636784735,0.05590966921228671
25781,GOF,0.02693361200379251,0.8591253452905914,0.11394104270561616
25782,GOF,0.033668688836571634,0.9030110881834751,0.06332022297995327
25783,GOF,0.033435199383056266,0.9176209066240447,0.048943893992898925
25784,GOF,0.11380339404274974,0.8423742644641969,0.04382234149305348
25785,GOF,0.10601479249919898,0.8610685966605149,0.032916610840286055
25786,GOF,0.009777389766248111,0.8769220931322042,0.1133005171015478
25787,GOF,0.23119893933450572,0.7255785061433474,0.043222554522146815
25788,LOF,0.019036912428460135,0.19929421127976635,0.7816688762917736
25789,GOF,0.019620661845612546,0.8800844312617568,0.10029490689263053
25790,GOF,0.027198756780214068,0.9010735641713187,0.07172767904846716
25791,GOF,0.02398626007519885,0.7704190553383152,0.2055946845864858
25792,GOF,0.03104402348164136,0.8201175013620599,0.14883847515629864
25793,GOF,0.037015863247526794,0.8368028189162304,0.1261813178362428
25794,GOF,0.0418413590143197,0.774639548168158,0.18351909281752227
25795,GOF,0.04890371951739788,0.7818551657630338,0.1692411147195682
25796,GOF,0.12104090841484147,0.8077808917212214,0.07117819986393722
25797,GOF,0.07560496557140467,0.7387733545644982,0.18562167986409725
25798,GOF,0.0070124818509014015,0.8175811367941581,0.17540638135494024
25799,GOF,0.004560742848922934,0.7311196199051264,0.26431963724595076
25800,GOF,0.025302906663024646,0.8609821806277917,0.11371491270918364
25801,GOF,0.025028267065213525,0.9066315024456749,0.06834023048911157
25802,GOF,0.028208144769166877,0.8148949667147729,0.1568968885160602
25803,GOF,0.020129550046213793,0.7592008930220714,0.22066955693171478
25804,GOF,0.03295523747144094,0.8167815874143453,0.15026317511421383
25805,GOF,0.02862728298302378,0.8535742522255763,0.11779846479140006
25806,GOF,0.036323761333200845,0.8570542149819104,0.10662202368488878
25807,GOF,0.015352944393232594,0.81344934094876,0.1711977146580073
25808,GOF,0.02566278934573879,0.8336388139226911,0.14069839673157014
25809,GOF,0.012769530876349458,0.7903236698685435,0.19690679925510696
25810,GOF,0.011198424008685232,0.7671672954369309,0.22163428055438392
25811,GOF,0.06860513691654473,0.870425650975037,0.06096921210841837
25812,GOF,0.030712999997559103,0.8134877748564242,0.15579922514601663
25813,GOF,0.16873430525455219,0.7622310217571663,0.06903467298828145
25814,GOF,0.028690576948965738,0.8069793533424724,0.16433006970856182
25815,GOF,0.05404111261357124,0.825144852533268,0.12081403485316065
25816,GOF,0.00919276576564974,0.8724514275879476,0.11835580664640258
25817,GOF,0.11203029719236668,0.7854994903639789,0.1024702124436545
25818,GOF,0.02915325314334464,0.8253876933571338,0.14545905349952148
25819,GOF,0.046340017883423984,0.8013742460654316,0.15228573605114445
25820,GOF,0.04912120863077951,0.7810349931531093,0.1698437982161113
25821,GOF,0.03573289655480666,0.8232555227310879,0.1410115807141056
25822,GOF,0.05500607176911456,0.805013435136486,0.13998049309439922
25823,GOF,0.03052431313899328,0.7628726288601729,0.20660305800083384
25824,GOF,0.02820083508525411,0.8234471563683626,0.14835200854638309
25825,GOF,0.02125237722604856,0.8242888504558198,0.1544587723181315
25826,GOF,0.011135387570259475,0.7623975945772516,0.2264670178524887
25827,GOF,0.016351664705957985,0.757792079170348,0.22585625612369406
25828,GOF,0.011349127927175358,0.8014034898564694,0.1872473822163553
25829,GOF,0.004401657971476073,0.6933642894445181,0.3022340525840058
25830,GOF,0.048202323399781435,0.5758220138854708,0.3759756627147478
25831,GOF,0.068303260436243,0.822974113388987,0.10872262617477
25832,GOF,0.010928454886359509,0.7643219516605269,0.22474959345311357
25833,GOF,0.036851802404634745,0.8352949098008997,0.12785328779446561
25834,GOF,0.011302207383104092,0.7881248584997331,0.2005729341171627
25835,GOF,0.025402741699167983,0.8418686364097985,0.1327286218910335
25836,GOF,0.007085515797762937,0.7803559530735051,0.21255853112873188
25837,GOF,0.008622778739104426,0.8000995381764552,0.19127768308444035
25838,GOF,0.018815430095875264,0.8560380930283336,0.12514647687579114
25839,GOF,0.040829105525460756,0.8313805574791877,0.12779033699535144
25840,GOF,0.07845884997306433,0.7991967216064714,0.12234442842046439
25841,GOF,0.0700371239803586,0.839845490509667,0.09011738550997427
25842,GOF,0.02599550955513298,0.8946642534033971,0.0793402370414699
25843,GOF,0.024018749611142313,0.8996547403286805,0.0763265100601772
25844,GOF,0.019347260373821177,0.846394583427153,0.13425815619902573
25845,GOF,0.00664801217371097,0.7525358976899148,0.2408160901363742
25846,GOF,0.06754398171668555,0.8528798813080172,0.07957613697529728
25847,GOF,0.01652898048510609,0.895139225788279,0.08833179372661482
25848,GOF,0.023885952418607023,0.8492234142517154,0.12689063332967757
25849,GOF,0.007620296611397875,0.8257800905044786,0.16659961288412345
25850,GOF,0.006965216245350485,0.7448945624629205,0.24814022129172905
25851,GOF,0.006100167292526939,0.6874581305929157,0.30644170211455724
25852,GOF,0.14033863265740923,0.5811485796534971,0.27851278768909365
25853,GOF,0.04753928860567211,0.8384918920989114,0.11396881929541647
25854,GOF,0.006083517587632176,0.7614637839113898,0.2324526985009781
25855,GOF,0.02246570911608078,0.6627978517923698,0.31473643909154936
25856,GOF,0.04283870782274574,0.755664857500288,0.20149643467696637
25857,GOF,0.022791709324056032,0.6691710850574638,0.3080372056184802
25858,GOF,0.008757530224558033,0.6320755709952139,0.3591668987802279
25859,GOF,0.006449294819672729,0.6053638177098961,0.38818688747043106
25860,GOF,0.08039113388125955,0.7611459371028274,0.15846292901591302
25861,GOF,0.09715143404722612,0.8213426901290433,0.08150587582373069
25862,GOF,0.021385548262059267,0.9078890279925882,0.07072542374535246
25863,GOF,0.018897171452754102,0.8858784923560493,0.09522433619119647
25864,GOF,0.03473581833794474,0.9014183820348034,0.06384579962725184
25865,GOF,0.038361327628462276,0.8745411802536632,0.08709749211787458
25866,GOF,0.017676537456189564,0.8766209353558301,0.10570252718798036
25867,GOF,0.036048489969569435,0.875786470532028,0.08816503949840258
25868,GOF,0.0604748532966992,0.8060764668633918,0.13344867983990902
25869,GOF,0.29570198168851985,0.6128713229290106,0.09142669538246952
25870,GOF,0.06718496400894668,0.5984201062144469,0.33439492977660656
25871,GOF,0.008710664894631848,0.8364463593001163,0.15484297580525175
25872,GOF,0.020862632979740406,0.8324459912983605,0.14669137572189916
25873,GOF,0.020187209942304014,0.894628625151004,0.08518416490669184
25874,LOF,0.023411373369026406,0.20616958592263926,0.7704190407083342
25875,LOF,0.02410324976712433,0.09593425010672091,0.8799625001261548
25876,LOF,0.024829644779895858,0.044969670834589366,0.9302006843855147
25877,LOF,0.1092271508875384,0.16125684260598425,0.7295160065064774
25878,LOF,0.0696355288032454,0.22436991932022707,0.7059945518765276
25879,LOF,0.010896099191887327,0.15487068557328842,0.8342332152348242
25880,LOF,0.05010264325968255,0.01655196434656941,0.9333453923937481
25881,Neutral,0.5217221400386304,0.15473796472475412,0.32353989523661564
25882,LOF,0.04701990668578613,0.04029026520401061,0.9126898281102032
25883,LOF,0.02739187677228094,0.03130802488595825,0.9413000983417608
25884,LOF,0.015462524562448763,0.050539285350817816,0.9339981900867335
25885,LOF,0.14999442271607175,0.015957824187533262,0.834047753096395
25886,LOF,0.2641145829396939,0.0721347702412843,0.6637506468190217
25887,LOF,0.06683054681035924,0.2082571794286726,0.7249122737609682
25888,LOF,0.007178364326670981,0.22669908855710805,0.7661225471162211
25889,LOF,0.024778062867344748,0.04438263453865117,0.9308393025940039
25890,LOF,0.19741105515881993,0.07255244876417605,0.730036496077004
25891,LOF,0.11299332704702214,0.04184900483932392,0.8451576681136539
25892,LOF,0.008163357571666056,0.03702028109820612,0.9548163613301278
25893,LOF,0.27949918941610774,0.013871965759310878,0.7066288448245814
25894,LOF,0.32261608310221546,0.00908768100708802,0.6682962358906965
25895,LOF,0.26327200549540464,0.018367404566585716,0.7183605899380097
25896,LOF,0.08354146769479838,0.04058994300169021,0.8758685893035115
25897,LOF,0.11345889686514968,0.0168186314281592,0.869722471706691
25898,LOF,0.11695045917139726,0.03675845007761929,0.8462910907509834
25899,LOF,0.3771460653131991,0.044975199021468945,0.577878735665332
25900,Neutral,0.6762106400572331,0.015358383176319837,0.30843097676644715
25901,LOF,0.05483563362291571,0.017771274666138908,0.9273930917109453
25902,LOF,0.0653943333786515,0.013754073356131453,0.920851593265217
25903,LOF,0.14467366255491093,0.036201276344127994,0.8191250611009611
25904,LOF,0.43424976305335555,0.08879602194300086,0.47695421500364366
25905,LOF,0.0076341332811690026,0.34044399210889653,0.6519218746099346
25906,LOF,0.008764767595861547,0.05581101170969663,0.9354242206944419
25907,LOF,0.00925339851231259,0.23997130479905784,0.7507752966886295
25908,LOF,0.008356547414597872,0.20713189759054557,0.7845115549948566
25909,LOF,0.033508184818984446,0.1060045478083169,0.8604872673726986
25910,LOF,0.016668780767454414,0.10515259769850954,0.878178621534036
25911,LOF,0.18036413414856325,0.027595799058183858,0.7920400667932529
25912,LOF,0.1278087331093031,0.023169250011530237,0.8490220168791666
25913,LOF,0.018251532242662603,0.02661147264434887,0.9551369951129884
25914,LOF,0.040972192509238316,0.028783658720551754,0.93024414877021
25915,LOF,0.18754891696768541,0.26368253030679806,0.5487685527255165
25916,LOF,0.013902433768275855,0.14337105920326135,0.8427265070284629
25917,LOF,0.07164010102430277,0.0410938871877887,0.8872660117879085
25918,LOF,0.04773100765554765,0.020539579139335132,0.9317294132051172
25919,LOF,0.0390181271324651,0.021818137247017044,0.9391637356205179
25920,LOF,0.3487795617967264,0.24276371233173985,0.4084567258715337
25921,LOF,0.01844488009294176,0.02018834707990119,0.961366772827157
25922,LOF,0.018898110095848995,0.018938651662067364,0.9621632382420836
25923,LOF,0.44422072637525917,0.012648592729760707,0.5431306808949801
25924,LOF,0.025794517304018244,0.016433423732360106,0.9577720589636217
25925,LOF,0.10954958340268894,0.02503351480176942,0.8654169017955416
25926,LOF,0.09489314388581373,0.018447292583072407,0.886659563531114
25927,LOF,0.025782659450299495,0.0254403324477191,0.9487770081019814
25928,LOF,0.013899621616589595,0.01172462750835375,0.9743757508750567
25929,Neutral,0.5864888348452895,0.012348427075149736,0.4011627380795608
25930,LOF,0.05999826298522225,0.01121541289213985,0.928786324122638
25931,LOF,0.014559658845836081,0.011174658425196686,0.9742656827289673
25932,LOF,0.07972589589650164,0.009747843846159043,0.9105262602573394
25933,LOF,0.09006357630421893,0.0067914475905002545,0.9031449761052809
25934,LOF,0.08801786909928834,0.0074433041953846915,0.9045388267053269
25935,LOF,0.10558842331603353,0.020945368458728335,0.8734662082252381
25936,LOF,0.10006133351697673,0.007161536652829783,0.8927771298301934
25937,LOF,0.016098253300093665,0.014546399630588151,0.9693553470693183
25938,LOF,0.10472237662732135,0.01896675657534125,0.8763108667973375
25939,LOF,0.06361026342009665,0.012049829433062702,0.9243399071468406
25940,LOF,0.009398660242656042,0.4782666454788493,0.5123346942784947
25941,Neutral,0.48583885477316113,0.03511209969276708,0.4790490455340718
25942,LOF,0.012267543770094754,0.053133792610318226,0.9345986636195871
25943,LOF,0.053132148704570385,0.159657655367595,0.7872101959278345
25944,LOF,0.0467419049609064,0.10514368692112515,0.8481144081179685
25945,LOF,0.17767354642144048,0.028851071804753867,0.7934753817738056
25946,LOF,0.08614820848414469,0.06165006048144062,0.8522017310344147
25947,Neutral,0.5128252699621241,0.12654800392393944,0.3606267261139364
25948,Neutral,0.5124525583912116,0.01790599642442272,0.4696414451843657
25949,LOF,0.11694755824446507,0.042645380286408706,0.8404070614691264
25950,GOF,0.09394526060240327,0.6616362874355215,0.24441845196207534
25951,GOF,0.013015823474167399,0.5253715015178709,0.4616126750079617
25952,LOF,0.1436113717938203,0.297157098726858,0.5592315294793216
25953,LOF,0.006728400515680089,0.33405632353274645,0.6592152759515735
25954,GOF,0.058506424143128045,0.49010645821059795,0.451387117646274
25955,LOF,0.008177103093791977,0.3532031330290299,0.638619763877178
25956,LOF,0.010353200175963011,0.3603122987403539,0.6293345010836832
25957,LOF,0.169895772771233,0.04616537881878346,0.7839388484099835
25958,LOF,0.024695224256462946,0.06600180472484997,0.9093029710186872
25959,GOF,0.0066449773272722465,0.7339364413174031,0.25941858135532453
25960,LOF,0.005358249827115087,0.11121387279997513,0.8834278773729097
25961,LOF,0.025156586613654407,0.06306649057904984,0.9117769228072957
25962,LOF,0.04282193338221529,0.08502124443953485,0.8721568221782497
25963,LOF,0.011037419975707336,0.1347263870057261,0.8542361930185665
25964,LOF,0.046273874697059576,0.08083086685588015,0.8728952584470602
25965,LOF,0.19148983118846405,0.14884905801599407,0.6596611107955418
25966,LOF,0.34096991572917484,0.13673753162111676,0.5222925526497083
25967,LOF,0.00716694856730988,0.11380354086443717,0.8790295105682531
25968,LOF,0.055846435731917644,0.25023318753126683,0.6939203767368155
25969,LOF,0.14293749223106753,0.07785151938829167,0.7792109883806407
25970,LOF,0.0517101618342133,0.06571560621259527,0.8825742319531913
25971,LOF,0.07198180789984301,0.027087551396468307,0.9009306407036888
25972,LOF,0.08285218208224977,0.02967515817291627,0.8874726597448339
25973,LOF,0.07618139810307696,0.013185665803611892,0.9106329360933112
25974,LOF,0.06202582849567473,0.04168646508263795,0.8962877064216873
25975,LOF,0.02735147886275261,0.01594668586356495,0.9567018352736824
25976,LOF,0.08370307108623834,0.01497320779279028,0.9013237211209715
25977,LOF,0.22107974338095301,0.0724839743941268,0.7064362822249202
25978,LOF,0.1638086179770277,0.16043344688545746,0.6757579351375148
25979,LOF,0.1228881339600132,0.1576952177215085,0.7194166483184783
25980,LOF,0.1847017530434372,0.28613833312765885,0.5291599138289039
25981,LOF,0.1859734586686973,0.2907560892117301,0.5232704521195726
25982,LOF,0.27427891904726137,0.1411657410520678,0.5845553399006709
25983,Neutral,0.45498380654108167,0.12446440086573231,0.420551792593186
25984,LOF,0.06385445508243447,0.07053437383476487,0.8656111710828007
25985,Neutral,0.4629818655503997,0.1277173869359042,0.4093007475136961
25986,LOF,0.011521218357515422,0.39223239860576775,0.5962463830367168
25987,LOF,0.03545656632086687,0.09177093181588775,0.8727725018632454
25988,LOF,0.04464268603271196,0.11671484659717664,0.8386424673701114
25989,LOF,0.04463443823256168,0.13059029943485442,0.8247752623325839
25990,LOF,0.04910650496689499,0.25480027322954696,0.696093221803558
25991,GOF,0.023520790907085323,0.5530251802865008,0.4234540288064138
25992,LOF,0.01231342382242561,0.39672874161999977,0.5909578345575746
25993,LOF,0.020874106862250247,0.056676375673532634,0.9224495174642171
25994,LOF,0.02702626158819933,0.06994678591910913,0.9030269524926916
25995,LOF,0.018844723401960327,0.11246654575616462,0.868688730841875
25996,GOF,0.34917300126232836,0.4208795931540389,0.22994740558363272
25997,GOF,0.06127957524498735,0.6015642888716933,0.3371561358833193
25998,LOF,0.2500324120814255,0.030257198533949068,0.7197103893846254
25999,LOF,0.02751934229218413,0.22727052399392333,0.7452101337138927
26000,LOF,0.14342691293597845,0.014954827444071752,0.8416182596199497
26001,LOF,0.15211857826389472,0.018795501705761872,0.8290859200303434
26002,LOF,0.10510491065635183,0.017612558929938807,0.8772825304137093
26003,GOF,0.006542575537794714,0.5691264206891702,0.4243310037730351
26004,GOF,0.0166561897663627,0.569381190416903,0.4139626198167343
26005,LOF,0.005354365728440098,0.49228615198723946,0.5023594822843205
26006,GOF,0.10088189555404149,0.49821977532350237,0.4008983291224561
26007,GOF,0.009410201488430255,0.5490931846104334,0.4414966139011363
26008,GOF,0.006531516407295372,0.5875095658259631,0.4059589177667416
26009,GOF,0.012663135386263692,0.6140561977850999,0.3732806668286364
26010,GOF,0.010986869886592036,0.5299788036268002,0.4590343264866078
26011,LOF,0.0057197933412973315,0.4138331134197968,0.580447093238906
26012,GOF,0.00545066817304592,0.5306455725879402,0.46390375923901395
26013,LOF,0.010379533808496058,0.49378387069795626,0.4958365954935476
26014,LOF,0.05408729671918715,0.08210220710446142,0.8638104961763514
26015,LOF,0.3816489723308923,0.027228830509147157,0.5911221971599605
26016,LOF,0.2557753920847591,0.0500652634329536,0.6941593444822874
26017,LOF,0.01603650161379448,0.17189580641239252,0.812067691973813
26018,LOF,0.019666775472815316,0.09628774653051458,0.8840454779966701
26019,LOF,0.019653132151369202,0.08592244981083193,0.8944244180377989
26020,LOF,0.006655054898047798,0.151903596198,0.8414413489039522
26021,LOF,0.07858034575192538,0.07942387199999759,0.8419957822480771
26022,LOF,0.04067258894813015,0.036067973928283655,0.9232594371235862
26023,LOF,0.030097293037367277,0.07221632299166972,0.8976863839709631
26024,LOF,0.04841210284497225,0.06261543378159268,0.888972463373435
26025,LOF,0.1446067477804807,0.06773486258950731,0.7876583896300121
26026,LOF,0.12672366756924203,0.05314167724606854,0.8201346551846894
26027,LOF,0.027346458148636826,0.04585224646233701,0.9268012953890262
26028,LOF,0.08695638572530617,0.20248908896016252,0.7105545253145314
26029,LOF,0.03487569179911692,0.1740531598415345,0.7910711483593486
26030,LOF,0.12147144085244407,0.02296198234003453,0.8555665768075214
26031,LOF,0.013799100534180049,0.17592592570088042,0.8102749737649395
26032,LOF,0.0283451666353298,0.033616256534412164,0.9380385768302582
26033,LOF,0.043215550189852237,0.05874476189182259,0.8980396879183252
26034,LOF,0.02009409387408644,0.11283244187203653,0.8670734642538771
26035,LOF,0.011529604258127659,0.13878200193461704,0.8496883938072554
26036,LOF,0.010894443526858269,0.1098718121399812,0.8792337443331606
26037,LOF,0.01076290670654411,0.1174965949594771,0.8717404983339788
26038,LOF,0.02458995610864932,0.03231713452498941,0.9430929093663613
26039,LOF,0.03208165301381596,0.16085656408484922,0.8070617829013348
26040,LOF,0.06501331155108571,0.18176832087283387,0.7532183675760804
26041,LOF,0.01239856251814995,0.12603142493106875,0.8615700125507813
26042,LOF,0.01153447620323315,0.1312636565897314,0.8572018672070355
26043,LOF,0.024496513536563343,0.057644465464214166,0.9178590209992225
26044,LOF,0.007393953163528438,0.05702864276683823,0.9355774040696333
26045,LOF,0.07960431635927459,0.24642264093582567,0.6739730427048998
26046,LOF,0.024198722995477685,0.057020281785450655,0.9187809952190717
26047,LOF,0.06930615021891062,0.05525397939196435,0.8754398703891251
26048,LOF,0.07714667370673922,0.02637024931187156,0.8964830769813892
26049,Neutral,0.938513387745746,0.006811627199597027,0.05467498505465698
26050,Neutral,0.8945506113861497,0.008320669016230993,0.09712871959761936
26051,LOF,0.033888489533665675,0.28864599004275043,0.6774655204235838
26052,LOF,0.039706897491147516,0.19798801781288658,0.7623050846959659
26053,LOF,0.02450510450865092,0.14881295445699913,0.8266819410343499
26054,LOF,0.05462511981494544,0.0767437195714837,0.8686311606135709
26055,LOF,0.07456680307435232,0.07801817474106897,0.8474150221845786
26056,LOF,0.07130986169240638,0.08190750429715409,0.8467826340104395
26057,LOF,0.0470345545333491,0.02004012752954318,0.9329253179371076
26058,LOF,0.0505390079011156,0.016207045573137603,0.9332539465257469
26059,LOF,0.2514908297483034,0.09681384443584123,0.6516953258158553
26060,LOF,0.019679886208986776,0.20740019977327218,0.7729199140177411
26061,LOF,0.014176213589072352,0.012411977518399906,0.9734118088925277
26062,LOF,0.006457937191701683,0.024792125454075272,0.968749937354223
26063,LOF,0.04478015234751711,0.015005117311282993,0.9402147303411998
26064,LOF,0.00896306427082475,0.016313455043222683,0.9747234806859526
26065,LOF,0.05004631875810227,0.021731517236623175,0.9282221640052746
26066,LOF,0.04280511459628587,0.013880875763172703,0.9433140096405414
26067,LOF,0.04815829995935538,0.015342951378983364,0.9364987486616614
26068,LOF,0.05487840855251776,0.05244531154887632,0.892676279898606
26069,LOF,0.20518029759837395,0.04589971649529903,0.748919985906327
26070,LOF,0.44852004771524345,0.02637468614808801,0.5251052661366685
26071,LOF,0.0521657297472206,0.019519535752280968,0.9283147345004985
26072,LOF,0.008495933794213291,0.021543825382697595,0.9699602408230892
26073,LOF,0.04845490724981512,0.01467618705581766,0.9368689056943672
26074,Neutral,0.6985088996836958,0.020383802259984596,0.2811072980563196
26075,LOF,0.04403966323691144,0.04046283936228963,0.9154974974007989
26076,LOF,0.05051384376213458,0.02000395288383609,0.9294822033540292
26077,LOF,0.18137511130640602,0.01810421663116785,0.800520672062426
26078,LOF,0.00712077858352464,0.02608038203847952,0.9667988393779959
26079,LOF,0.05918747758335598,0.038435892591447376,0.9023766298251967
26080,LOF,0.057793786295864125,0.03852881147327774,0.9036774022308581
26081,LOF,0.052338649909922354,0.0175148973966447,0.930146452693433
26082,LOF,0.007076867627955654,0.02606671423982294,0.9668564181322213
26083,LOF,0.0702844268703074,0.03104808721877353,0.8986674859109192
26084,LOF,0.07887561097716303,0.019817327119137643,0.9013070619036994
26085,LOF,0.06987118589768983,0.017035069616864153,0.913093744485446
26086,LOF,0.04511252334271454,0.022223090114815804,0.9326643865424697
26087,LOF,0.046264577689486476,0.01687135210920888,0.9368640702013047
26088,LOF,0.007781552789960149,0.036525828374712944,0.9556926188353269
26089,LOF,0.03953100274988111,0.058475180798758755,0.9019938164513602
26090,LOF,0.03928189927831429,0.05116193496826503,0.9095561657534207
26091,LOF,0.03604215967167732,0.015299177324570845,0.9486586630037519
26092,LOF,0.0477692102817631,0.014774738031988116,0.9374560516862488
26093,LOF,0.0759911848752022,0.009054617429830289,0.9149541976949674
26094,LOF,0.04626537412646264,0.01202846962889027,0.9417061562446472
26095,LOF,0.014373043248784419,0.030714603806789576,0.954912352944426
26096,LOF,0.30311758933545524,0.005738563088960157,0.6911438475755847
26097,LOF,0.007357441601253998,0.053722163205108114,0.9389203951936378
26098,LOF,0.05844803761566313,0.0393425172112062,0.9022094451731307
26099,LOF,0.055794860453279055,0.03817313556573001,0.9060320039809909
26100,LOF,0.055794860453279055,0.03817313556573001,0.9060320039809909
26101,LOF,0.05792376930106953,0.05054652604341909,0.8915297046555115
26102,LOF,0.043127786974640765,0.022076614315622096,0.934795598709737
26103,Neutral,0.8964886633338043,0.04416952818288819,0.05934180848330741
26104,LOF,0.049313539717082425,0.09891356602835098,0.8517728942545667
26105,LOF,0.24305192624494565,0.07418938054638997,0.6827586932086643
26106,LOF,0.2898019397843571,0.0459266027260196,0.6642714574896234
26107,LOF,0.017475701866549426,0.0666207069112143,0.9159035912222363
26108,LOF,0.1737775529600964,0.06893752731123003,0.7572849197286736
26109,LOF,0.05510133298003803,0.045656861598709866,0.899241805421252
26110,LOF,0.4872816634126212,0.016810013503522958,0.49590832308385585
26111,LOF,0.05563764832633178,0.10431751215495663,0.8400448395187117
26112,LOF,0.07118869559025419,0.01361453766780325,0.9151967667419425
26113,LOF,0.06923916440094759,0.027835161865634596,0.9029256737334179
26114,LOF,0.10993162691590908,0.010621073279559887,0.879447299804531
26115,LOF,0.022066707290489793,0.06176577551269172,0.9161675171968184
26116,LOF,0.06616461898003245,0.020507502084054247,0.9133278789359133
26117,LOF,0.35799416596592054,0.05931602777310542,0.5826898062609741
26118,LOF,0.03579318368453615,0.025746242628651692,0.938460573686812
26119,LOF,0.005597212557123532,0.09253893178169169,0.9018638556611849
26120,LOF,0.028827124161548666,0.019666964923217744,0.9515059109152335
26121,LOF,0.00410381093323199,0.10992590491967999,0.885970284147088
