feature0,prediction,LoGoFunc_Neutral,LoGoFunc_GOF,LoGoFunc_LOF
25546,Neutral,0.7550268987709078,0.03542240345459167,0.20955069777450056
25547,Neutral,0.6025044833602407,0.07635649337553561,0.3211390232642237
25548,Neutral,0.611799391815501,0.05713737379129914,0.33106323439319985
25549,Neutral,0.5327727343789583,0.05692313481968479,0.4103041308013567
25550,LOF,0.36621052580607893,0.11217067111826627,0.5216188030756548
25551,LOF,0.29691940323999244,0.12448793520727865,0.5785926615527289
25552,LOF,0.21899006422136974,0.1151750605620347,0.6658348752165957
25553,Neutral,0.8582188303717413,0.02750431011908833,0.11427685950917041
25554,LOF,0.25920832461142856,0.1116930376664537,0.6290986377221176
25555,LOF,0.21397062763549965,0.0958171491320391,0.6902122232324613
25556,Neutral,0.4538968963943737,0.09860002918682116,0.4475030744188051
25557,LOF,0.20187828175182848,0.10095199104982143,0.69716972719835
25558,LOF,0.23844578453122056,0.1117172176361389,0.6498369978326406
25559,LOF,0.3838788882507527,0.10008542376192055,0.5160356879873267
25560,LOF,0.057504435777576725,0.13190343118136094,0.8105921330410624
25561,LOF,0.12156248722137336,0.1361419387509878,0.7422955740276389
25562,LOF,0.08376979284722642,0.07555408771337495,0.8406761194393986
25563,LOF,0.1042026593268965,0.06791017448450452,0.827887166188599
25564,LOF,0.2510535707717078,0.12634912312580626,0.6225973061024859
25565,LOF,0.13442083299513669,0.13206932701544405,0.7335098399894192
25566,GOF,0.011242558097782917,0.7572359830391001,0.2315214588631168
25567,LOF,0.018955105912363365,0.20072584035873392,0.7803190537289028
25568,LOF,0.05463194862786284,0.07440520866153154,0.8709628427106056
25569,LOF,0.057298224675603776,0.07555898707952273,0.8671427882448736
25570,LOF,0.058780970401853073,0.11446193418762571,0.8267570954105212
25571,LOF,0.049809279706872475,0.11534649190301434,0.8348442283901131
25572,LOF,0.06130900678645277,0.13334554946736685,0.8053454437461803
25573,LOF,0.03181695375900132,0.10873956452920006,0.8594434817117987
25574,LOF,0.019524168188629874,0.1701548050565192,0.8103210267548511
25575,LOF,0.041111154308337186,0.12801258242783298,0.8308762632638298
25576,LOF,0.01927120014625498,0.14872247732557753,0.8320063225281676
25577,LOF,0.01536880014053817,0.13225090178282073,0.8523802980766412
25578,LOF,0.2969564879762278,0.09677238439159684,0.6062711276321754
25579,LOF,0.1277420169930364,0.11432743281513695,0.7579305501918266
25580,LOF,0.029168774977482725,0.09757665368276736,0.8732545713397499
25581,LOF,0.05100101832454736,0.07797131674949352,0.8710276649259592
25582,LOF,0.0505405843659364,0.07614162131208062,0.873317794321983
25583,LOF,0.03477894465224255,0.11531906881865321,0.8499019865291043
25584,Neutral,0.4939330805987356,0.12809515297537383,0.3779717664258906
25585,LOF,0.02192460490054032,0.15348028185818738,0.8245951132412723
25586,LOF,0.028594213986309507,0.09134690946648945,0.880058876547201
25587,LOF,0.028181360729436885,0.08670909319571825,0.8851095460748448
25588,LOF,0.028524378503780423,0.10202609192548305,0.8694495295707365
25589,Neutral,0.6255673068633903,0.13013848480787843,0.24429420832873108
25590,LOF,0.03359048700577357,0.14300676284653102,0.8234027501476954
25591,LOF,0.09451749200967974,0.0666367044727432,0.8388458035175771
25592,LOF,0.09225936452177465,0.1580065887353064,0.7497340467429189
25593,LOF,0.031069665618721265,0.2973515617333125,0.6715787726479663
25594,LOF,0.04581409398070602,0.16082949081630216,0.7933564152029918
25595,LOF,0.057865639681650836,0.10808833916461828,0.8340460211537308
25596,LOF,0.05289607212633944,0.07387210136297093,0.8732318265106896
25597,LOF,0.03588357558319151,0.07266812259568967,0.8914483018211189
25598,LOF,0.051828390433891265,0.11106854821448474,0.8371030613516239
25599,GOF,0.006695333789080211,0.6151323050801527,0.378172361130767
25600,GOF,0.011770963415471878,0.5949980916734148,0.39323094491111327
25601,LOF,0.009329009967378949,0.4422571250670647,0.5484138649655562
25602,LOF,0.018173250551062402,0.04461680644868242,0.9372099430002552
25603,LOF,0.0654380915853002,0.01794765785420331,0.9166142505604965
25604,LOF,0.03420924919433617,0.04660855180168768,0.9191821990039762
25605,LOF,0.010056737714390099,0.19690798767271347,0.7930352746128965
25606,LOF,0.09942301179872426,0.34615126621031445,0.5544257219909613
25607,LOF,0.006309254041384264,0.18893012578629909,0.8047606201723168
25608,LOF,0.015510556677609004,0.10342756532658734,0.8810618779958037
25609,LOF,0.05528678957332708,0.41328990628337375,0.5314233041432992
25610,LOF,0.032407111392750224,0.02416953386572508,0.9434233547415247
25611,LOF,0.039729873080276465,0.022430873666535518,0.937839253253188
25612,LOF,0.09866486397261516,0.03750940130027299,0.8638257347271119
25613,LOF,0.08626682037252097,0.03884002026777129,0.8748931593597078
25614,LOF,0.032048869252271975,0.030087228478422625,0.9378639022693054
25615,LOF,0.036051165919021654,0.04350178873786813,0.9204470453431103
25616,LOF,0.02653030156282839,0.02938527864683517,0.9440844197903365
25617,LOF,0.02718385777085924,0.033209978758157566,0.9396061634709831
25618,LOF,0.1397583993214656,0.026723825603596648,0.8335177750749377
25619,LOF,0.02797019829085207,0.02786043983101142,0.9441693618781364
25620,LOF,0.03232742219390248,0.03467412809975285,0.9329984497063447
25621,LOF,0.025856941349401023,0.03158819363093373,0.9425548650196653
25622,LOF,0.03385870864470635,0.035274273670197434,0.9308670176850962
25623,LOF,0.05604370007436788,0.025050285165324974,0.9189060147603071
25624,LOF,0.025659201214952052,0.03379243382837656,0.9405483649566714
25625,LOF,0.03351713443791332,0.039029240811267234,0.9274536247508194
25626,LOF,0.07664187958455008,0.03318436231972808,0.8901737580957219
25627,Neutral,0.5685120725959334,0.11863574008855994,0.3128521873155066
25628,LOF,0.21020585021166469,0.05329218047464933,0.736501969313686
25629,LOF,0.05695955845852002,0.06446648042864582,0.8785739611128341
25630,LOF,0.17371568287128006,0.0848194752070981,0.7414648419216219
25631,Neutral,0.6064604096762364,0.055186268568595306,0.33835332175516836
25632,LOF,0.01284994392480852,0.11178621025143223,0.8753638458237591
25633,LOF,0.10353310327974541,0.08159845510566718,0.8148684416145874
25634,LOF,0.03334493891443604,0.1046522711697586,0.8620027899158054
25635,LOF,0.03605392418585221,0.07898357789999418,0.8849624979141537
25636,GOF,0.004169093104784676,0.6087242457063902,0.38710666118882514
25637,GOF,0.0039012172327143684,0.652565840089124,0.3435329426781616
25638,LOF,0.006358543480029402,0.3686666711419605,0.6249747853780101
25639,GOF,0.0038019093835778154,0.5149662364369606,0.4812318541794615
25640,GOF,0.45553542272864184,0.484427736381808,0.060036840889550046
25641,LOF,0.00923577663968546,0.3004754945968654,0.690288728763449
25642,LOF,0.2418381211990427,0.06289452951237191,0.6952673492885854
25643,LOF,0.2829028728700147,0.15454847200435995,0.5625486551256254
25644,GOF,0.014937720201008569,0.52625125422322,0.45881102557577136
25645,LOF,0.012186326074183615,0.46068036694041353,0.5271333069854028
25646,LOF,0.017048950217661046,0.32183640831833443,0.6611146414640046
25647,LOF,0.013816476088330457,0.26841531275187336,0.7177682111597962
25648,LOF,0.013383915164288692,0.27484177537312693,0.7117743094625844
25649,LOF,0.011489997585161517,0.19395839003147028,0.7945516123833682
25650,LOF,0.020909614793964706,0.42286921202881816,0.5562211731772172
25651,LOF,0.008274204890388576,0.2711893666573757,0.7205364284522358
25652,LOF,0.01305994342204833,0.25515620252020305,0.7317838540577487
25653,LOF,0.046606795320330185,0.36847735424737604,0.5849158504322939
25654,LOF,0.014969480104553092,0.1425383119186888,0.8424922079767582
25655,LOF,0.07913324080744492,0.3753911694693033,0.5454755897232518
25656,LOF,0.09477478163885382,0.07051800497764593,0.8347072133835003
25657,LOF,0.3130093642641061,0.03505769246908889,0.651932943266805
25658,LOF,0.044540988991071874,0.09579753232926837,0.8596614786796597
25659,LOF,0.3668095811498452,0.07902859843154808,0.5541618204186067
25660,LOF,0.05989387071215071,0.08574196718299625,0.8543641621048531
25661,LOF,0.04554598755053307,0.06635896718770364,0.8880950452617634
25662,LOF,0.027203635362516257,0.04440903171667271,0.928387332920811
25663,LOF,0.03768842882630588,0.07090803458591712,0.891403536587777
25664,LOF,0.04359513070620274,0.0872916292256833,0.8691132400681139
25665,LOF,0.05782986719388516,0.045563677996510905,0.8966064548096039
25666,LOF,0.03857137928368415,0.12169532609982392,0.8397332946164919
25667,LOF,0.02994072711478268,0.051316829366157155,0.9187424435190602
25668,LOF,0.03279239829722595,0.05177744483355504,0.9154301568692189
25669,LOF,0.03841753890070894,0.07555561838210345,0.8860268427171877
25670,LOF,0.08175631183879942,0.09193188990761449,0.8263117982535861
25671,LOF,0.0379991738687447,0.04676195354507936,0.915238872586176
25672,LOF,0.06377687758824344,0.063659654634814,0.8725634677769425
25673,LOF,0.04509402333052791,0.06978444877375439,0.8851215278957176
25674,LOF,0.04073775146306504,0.07129659114728366,0.8879656573896513
25675,LOF,0.04974264764932184,0.06278579513875321,0.8874715572119249
25676,LOF,0.033670064900930066,0.05943547657083545,0.9068944585282346
25677,LOF,0.05967308533633621,0.06316813277330927,0.8771587818903546
25678,LOF,0.28545599819723955,0.03419879608988225,0.6803452057128782
25679,LOF,0.17734394513928448,0.07064205100106687,0.7520140038596486
25680,LOF,0.058482505436099785,0.09892048991078357,0.8425970046531166
25681,LOF,0.10124116951360668,0.0909540442254263,0.807804786260967
25682,LOF,0.044238452960402894,0.07861277452536179,0.8771487725142353
25683,LOF,0.10361182209168879,0.08977506836497592,0.8066131095433353
25684,LOF,0.05489805538379961,0.08768664164407185,0.8574153029721286
25685,LOF,0.10673984578965784,0.055812364148049486,0.8374477900622926
25686,LOF,0.0363883162079933,0.11015156585497195,0.8534601179370348
25687,LOF,0.04270053069392559,0.09593076394360428,0.8613687053624701
25688,LOF,0.02730720027146519,0.0904165886816399,0.8822762110468949
25689,LOF,0.019517768027923404,0.07476493895434133,0.9057172930177352
25690,LOF,0.019030229162761137,0.07215331138026827,0.9088164594569705
25691,LOF,0.21202160683919188,0.09737072840771308,0.690607664753095
25692,LOF,0.2785024454722971,0.009131262879337012,0.7123662916483658
25693,LOF,0.09591791139381298,0.16302460546452877,0.7410574831416582
25694,LOF,0.26206986203275046,0.016397320984489226,0.7215328169827603
25695,LOF,0.1613279966973613,0.022893339317158833,0.8157786639854798
25696,LOF,0.16535888401471893,0.009442657157505502,0.8251984588277755
25697,LOF,0.13442674455366493,0.028641957208331972,0.836931298238003
25698,LOF,0.03564042110380335,0.42985013060759886,0.5345094482885978
25699,LOF,0.061406968171799414,0.0902370041841738,0.8483560276440268
25700,LOF,0.032431043127064796,0.01038721221046263,0.9571817446624725
25701,LOF,0.01806847707612885,0.07641792172684238,0.9055136011970287
25702,GOF,0.03654125353348451,0.7336301165239589,0.2298286299425565
25703,LOF,0.012935432410787527,0.19047365196868185,0.7965909156205306
25704,LOF,0.09439948995134295,0.15436131286865934,0.7512391971799977
25705,LOF,0.05449269804872248,0.26167536531478336,0.6838319366364941
25706,GOF,0.057679518734781866,0.5615110929804883,0.38080938828472977
25707,GOF,0.03405161193479606,0.4964329158222751,0.4695154722429288
25708,LOF,0.009682802628314459,0.4390756246392853,0.5512415727324003
25709,LOF,0.018947693142798736,0.06741192911262751,0.9136403777445739
25710,LOF,0.009150197954483415,0.1709571051670936,0.819892696878423
25711,LOF,0.020172108854816306,0.1291911242919174,0.8506367668532664
25712,LOF,0.01007312128007247,0.23669430231737368,0.7532325764025538
25713,LOF,0.018308220134286554,0.10388723775716578,0.8778045421085477
25714,LOF,0.019914093190543502,0.1427731401004086,0.837312766709048
25715,LOF,0.020116901108006995,0.12037666114149942,0.8595064377504936
25716,LOF,0.010636492889752913,0.11794767360988748,0.8714158335003597
25717,LOF,0.006620153341180953,0.13297593453995332,0.8604039121188658
25718,LOF,0.018037636974096043,0.08218276510991623,0.8997795979159878
25719,LOF,0.03232301622933271,0.08611795620959521,0.8815590275610721
25720,LOF,0.021425346665430462,0.09439669574390357,0.884177957590666
25721,LOF,0.02337113509237453,0.09729866819783542,0.87933019670979
25722,LOF,0.018139392266381688,0.12543586670182896,0.8564247410317892
25723,LOF,0.020714625041582183,0.07163190563800448,0.9076534693204135
25724,LOF,0.03498980711497161,0.10346884694448215,0.8615413459405462
25725,LOF,0.02173302802282395,0.06990623576389635,0.9083607362132797
25726,LOF,0.016047101028678443,0.10185855120642837,0.8820943477648933
25727,LOF,0.01965455529816107,0.08644498157764027,0.8939004631241987
25728,LOF,0.018368798493142085,0.10452492769127301,0.8771062738155848
25729,LOF,0.019487574037137006,0.10429522853877651,0.8762171974240865
25730,LOF,0.019813638303631604,0.08219425950247339,0.8979921021938951
25731,LOF,0.012326919512603384,0.1617355570037553,0.8259375234836414
25732,LOF,0.01772946703831807,0.09834968439536274,0.8839208485663193
25733,LOF,0.028394232235072446,0.07518746456647586,0.8964183031984518
25734,LOF,0.007793128933743051,0.190471956707306,0.801734914358951
25735,LOF,0.022867017525718215,0.07153773894375973,0.905595243530522
25736,LOF,0.02165674008914188,0.10537062175691872,0.8729726381539394
25737,LOF,0.04206230110998256,0.08335825139545831,0.8745794474945592
25738,LOF,0.02071558276448208,0.12874672407223808,0.8505376931632798
25739,LOF,0.021448192668241144,0.1238072705850195,0.8547445367467394
25740,LOF,0.05094254117654891,0.11725532570353496,0.8318021331199161
25741,LOF,0.025327302473459337,0.09490660189414325,0.8797660956323974
25742,LOF,0.03437646977320903,0.11446470146937877,0.8511588287574121
25743,LOF,0.010868555009784136,0.0525006961670008,0.9366307488232151
25744,GOF,0.12249143833557935,0.4523029867478328,0.4252055749165879
25745,LOF,0.0205148565391508,0.07439079304340196,0.9050943504174472
25746,LOF,0.010898152363258416,0.09660108351179239,0.8925007641249493
25747,LOF,0.03461178509528199,0.041818918669072044,0.923569296235646
25748,LOF,0.19299272467498854,0.0724758704151732,0.7345314049098383
25749,LOF,0.013707786260904995,0.06303308401233325,0.9232591297267617
25750,LOF,0.015317443715774868,0.09303440682991661,0.8916481494543086
25751,LOF,0.03647213337314922,0.07754042766246885,0.8859874389643819
25752,GOF,0.08052431665291736,0.6539501447030257,0.265525538644057
25753,LOF,0.006902396371176139,0.36932562416998377,0.6237719794588401
25754,GOF,0.00526099144738042,0.8594498531769584,0.13528915537566125
25755,LOF,0.00979891847262205,0.4412843088081844,0.5489167727191936
25756,LOF,0.0446956486582807,0.44318651364075484,0.5121178377009644
25757,GOF,0.007109540770076982,0.8790644276894685,0.1138260315404544
25758,GOF,0.008269161907462555,0.8666199367496509,0.12511090134288638
25759,GOF,0.004768659724747953,0.5633883480369828,0.4318429922382692
25760,LOF,0.006653173720895682,0.31140707520103816,0.6819397510780661
25761,GOF,0.04813231684854047,0.8218596800150079,0.13000800313645175
25762,LOF,0.028115308793537113,0.3747602913668993,0.5971243998395637
25763,LOF,0.009457449059816577,0.24828046661278094,0.7422620843274025
25764,GOF,0.1060982445105197,0.5619974211860482,0.331904334303432
25765,GOF,0.007411900926372694,0.8336014429203694,0.15898665615325788
25766,GOF,0.02774976201653504,0.8288602939725369,0.14338994401092817
25767,LOF,0.022088420388572207,0.46962637841032356,0.5082852012011043
25768,LOF,0.03826928013677276,0.0794387022180458,0.8822920176451814
25769,LOF,0.022553010392421958,0.08282448542361227,0.8946225041839657
25770,LOF,0.15083232196246693,0.06665598037707512,0.7825116976604579
25771,LOF,0.016743975205534615,0.07120890532385561,0.9120471194706098
25772,LOF,0.02384406478406813,0.028763503537449657,0.9473924316784821
25773,LOF,0.013922776973774165,0.07191329527832348,0.9141639277479023
25774,LOF,0.025376832892365697,0.10144155088557656,0.8731816162220577
25775,LOF,0.02106971263026779,0.043325918085016124,0.9356043692847161
25776,LOF,0.02572670827722289,0.026649332083134577,0.9476239596396425
25777,LOF,0.17829373380936853,0.07393094607763022,0.7477753201130012
25778,LOF,0.019086216238329557,0.0516207208660943,0.929293062895576
25779,GOF,0.03892223462234372,0.8988394644335505,0.06223830094410573
25780,GOF,0.07145734521050759,0.8706777330315113,0.057864921757981025
25781,GOF,0.025838473083811615,0.8785096840111815,0.09565184290500688
25782,GOF,0.03213372092454436,0.9016566067436939,0.06620967233176167
25783,GOF,0.01892751417597036,0.7407748692272097,0.24029761659681986
25784,GOF,0.12104447812584276,0.8281402268332493,0.050815295040908
25785,GOF,0.07209050486327857,0.886960032927265,0.04094946220945631
25786,GOF,0.00544867419929215,0.8463357764497346,0.14821554935097325
25787,GOF,0.17214695680611686,0.7964067614118304,0.031446281782052846
25788,LOF,0.01631595418365641,0.18315907641068027,0.8005249694056633
25789,GOF,0.01924585205061676,0.8554960646016417,0.12525808334774158
25790,GOF,0.02365873955594751,0.885248094073608,0.09109316637044455
25791,GOF,0.015980973412235866,0.831640455893942,0.15237857069382219
25792,GOF,0.02685789374087244,0.8411409858580253,0.13200112040110232
25793,GOF,0.0790592918670478,0.8319965129522098,0.08894419518074245
25794,GOF,0.057844896279004764,0.787366403565168,0.1547887001558272
25795,GOF,0.04377940525834894,0.770509282960254,0.18571131178139708
25796,GOF,0.07225821485399979,0.8270062423660266,0.10073554277997367
25797,GOF,0.040218345889028076,0.6702289969187433,0.28955265719222867
25798,GOF,0.003373208138953134,0.6698816701654932,0.3267451216955537
25799,GOF,0.003253589552392124,0.5387499524132904,0.4579964580343174
25800,GOF,0.013669624434539696,0.7429478362662267,0.24338253929923345
25801,GOF,0.015791607470724847,0.8785217004500879,0.10568669207918722
25802,GOF,0.021842003182548423,0.816187973897666,0.16197002291978568
25803,GOF,0.011797104072227706,0.723407452358988,0.26479544356878426
25804,GOF,0.014058507215094622,0.627067996427353,0.35887349635755234
25805,GOF,0.02395538710967871,0.7299070828048874,0.2461375300854338
25806,GOF,0.01941794013723315,0.764007596086762,0.21657446377600476
25807,GOF,0.0056899231922188515,0.7223765959117805,0.2719334808960008
25808,GOF,0.01543333587670716,0.7653034849838393,0.2192631791394534
25809,GOF,0.006977264134880618,0.7511853414110573,0.24183739445406202
25810,GOF,0.005953193126983947,0.7625528803149765,0.23149392655803952
25811,GOF,0.049567396472703515,0.8546256870520544,0.09580691647524212
25812,GOF,0.015734813519822394,0.7100280813415858,0.2742371051385919
25813,GOF,0.10406478114881136,0.7976651180940153,0.09827010075717332
25814,GOF,0.026654050497589295,0.8129791262051635,0.1603668232972472
25815,GOF,0.04215230799557571,0.8199642427772487,0.13788344922717558
25816,GOF,0.008235247318928787,0.8576866581839757,0.1340780944970956
25817,GOF,0.10494407628310638,0.7633298354255996,0.131726088291294
25818,GOF,0.026345657033904974,0.80405544657564,0.16959889639045508
25819,GOF,0.06124535450976989,0.769871284231053,0.16888336125917722
25820,GOF,0.031902578027342886,0.7749161971629903,0.19318122480966682
25821,GOF,0.0190315829425904,0.763494609962599,0.21747380709481062
25822,GOF,0.038674846574440376,0.7827137356847894,0.1786114177407703
25823,GOF,0.014595057624214525,0.6629475710119981,0.3224573713637874
25824,GOF,0.026329250305003698,0.7580746027944649,0.21559614690053142
25825,GOF,0.0163279386034089,0.7457295662375713,0.23794249515901986
25826,GOF,0.005728305318221232,0.7241208443276593,0.2701508503541193
25827,GOF,0.009003132231712544,0.7005981152433637,0.29039875252492386
25828,GOF,0.006131284119407175,0.6582524611740711,0.3356162547065216
25829,GOF,0.0030929438207346486,0.7011850818022309,0.2957219743770344
25830,GOF,0.039018795468908116,0.49807612004948093,0.46290508448161105
25831,GOF,0.05153263701836426,0.8307874160169685,0.11767994696466734
25832,GOF,0.00843543243802764,0.7960891730216902,0.19547539454028212
25833,GOF,0.03150145423457947,0.8457452681564588,0.12275327760896175
25834,GOF,0.008558383111597801,0.8057985978393052,0.1856430190490972
25835,GOF,0.01918610409300758,0.8547589459640043,0.12605494994298821
25836,GOF,0.0064781405277097555,0.8095495017446782,0.1839723577276119
25837,GOF,0.006978651877717299,0.7132603470364901,0.2797610010857925
25838,GOF,0.019991925284843802,0.8674252538159434,0.11258282089921298
25839,GOF,0.04072593298582477,0.8450423189617694,0.11423174805240591
25840,GOF,0.063853778420849,0.8344644626112034,0.10168175896794754
25841,GOF,0.05926249012929328,0.8457506395510543,0.09498687031965228
25842,GOF,0.02701069223788794,0.8978224270506816,0.07516688071143038
25843,GOF,0.02668264468806148,0.9059202228930806,0.06739713241885796
25844,GOF,0.01901348450267038,0.8464743824861808,0.13451213301114878
25845,GOF,0.006079105469753243,0.6587953942555058,0.3351255002747409
25846,GOF,0.0435764488906076,0.8583799539053685,0.09804359720402388
25847,GOF,0.019770082629811146,0.9096966714439166,0.07053324592627226
25848,GOF,0.018749622964527313,0.8624677633501882,0.11878261368528448
25849,GOF,0.00561022439362512,0.7563720221935065,0.23801775341286835
25850,GOF,0.006827767550892891,0.7506378813041129,0.24253435114499422
25851,GOF,0.0059391107604034885,0.6360837973964084,0.35797709184318804
25852,GOF,0.13238291134700791,0.5943535286967522,0.27326355995623985
25853,GOF,0.06748506575225577,0.8582617284926825,0.07425320575506184
25854,GOF,0.005613889683446227,0.6950765046673288,0.299309605649225
25855,GOF,0.014872591210151243,0.6365996562905694,0.34852775249927936
25856,GOF,0.03567748518667475,0.7856926409405602,0.17862987387276505
25857,GOF,0.013057267809271241,0.6354225051398676,0.35152022705086106
25858,GOF,0.007899602134938047,0.6283849119925915,0.3637154858724704
25859,GOF,0.005622929533519802,0.611732564458214,0.38264450600826616
25860,GOF,0.07893039098000337,0.8187529664686812,0.10231664255131558
25861,GOF,0.08587706249715359,0.8075848944615484,0.10653804304129808
25862,GOF,0.021863521576281887,0.8716845133589216,0.1064519650647966
25863,GOF,0.021985438301505702,0.8777136497123296,0.10030091198616475
25864,GOF,0.04922036074070914,0.8634581688025764,0.08732147045671447
25865,GOF,0.036916262587898256,0.8258462401506635,0.13723749726143825
25866,GOF,0.027495573983251576,0.8608176664681496,0.11168675954859875
25867,GOF,0.03360189945307387,0.8744935710068136,0.09190452954011254
25868,GOF,0.05812579689302509,0.8227542127944811,0.11911999031249376
25869,GOF,0.35177791348499693,0.5842159821294165,0.06400610438558661
25870,GOF,0.07201913957503958,0.6722331288405822,0.25574773158437825
25871,GOF,0.01181532320545606,0.8906121067728759,0.09757257002166814
25872,GOF,0.02139566645143779,0.8711388423441498,0.10746549120441234
25873,GOF,0.020401944194611357,0.900291308723026,0.07930674708236264
25874,LOF,0.01762113135928291,0.19545920083314672,0.7869196678075704
25875,LOF,0.050183920927477636,0.04641497308008551,0.9034011059924368
25876,LOF,0.017745829749418955,0.03812519763300619,0.9441289726175748
25877,LOF,0.12170465025741309,0.08738487985740954,0.7909104698851773
25878,LOF,0.0630769482624464,0.1158594836051883,0.8210635681323651
25879,LOF,0.026650245169955084,0.08212311197468848,0.8912266428553565
25880,LOF,0.05712537751488724,0.013089906660509017,0.9297847158246038
25881,Neutral,0.5417351139469904,0.05789872462842528,0.40036616142458437
25882,LOF,0.059073952623709465,0.025936470811612232,0.9149895765646784
25883,LOF,0.028583446477907445,0.023496867316721806,0.9479196862053707
25884,LOF,0.02731055513972212,0.03845419872782424,0.9342352461324537
25885,LOF,0.21963708370204213,0.011300483255810057,0.7690624330421478
25886,LOF,0.14974099063033608,0.05248751264964132,0.7977714967200226
25887,LOF,0.20453636394222877,0.054937412942341037,0.7405262231154301
25888,LOF,0.012156009229127357,0.1353199423456171,0.8525240484252554
25889,LOF,0.03285666425252522,0.027143660428865568,0.9399996753186092
25890,LOF,0.12090118439998486,0.10734248911779438,0.7717563264822207
25891,LOF,0.08714034868412085,0.020810609623028203,0.892049041692851
25892,LOF,0.009264891737379904,0.03413831380824097,0.9565967944543791
25893,LOF,0.39759122297152794,0.009197978039771326,0.5932107989887008
25894,LOF,0.4524887888683979,0.005427409486253966,0.5420838016453481
25895,LOF,0.34425090092982585,0.010755553795732052,0.6449935452744421
25896,LOF,0.06921338331658318,0.01635915242669958,0.9144274642567173
25897,LOF,0.18088330097662791,0.009003355501790062,0.8101133435215819
25898,LOF,0.16157006714464045,0.027769196053447062,0.8106607368019125
25899,LOF,0.32775344097753767,0.017192553554716685,0.6550540054677456
25900,LOF,0.4395977036167273,0.00757210558374481,0.5528301907995279
25901,LOF,0.062366026778874,0.007582993182555061,0.930050980038571
25902,LOF,0.16636446277001327,0.00919900236089269,0.8244365348690941
25903,LOF,0.4155243342540049,0.025055003434674,0.5594206623113211
25904,LOF,0.47831119260376886,0.02262732624053102,0.49906148115570015
25905,LOF,0.003965927740033548,0.46787602524895056,0.528158047011016
25906,LOF,0.008674258335637472,0.11696268670793313,0.8743630549564295
25907,LOF,0.003990591951179458,0.35394978416403017,0.6420596238847904
25908,LOF,0.004436621058716525,0.260882690639156,0.7346806883021274
25909,LOF,0.021752349364812882,0.16054519023018174,0.8177024604050053
25910,LOF,0.010440485868191358,0.14262046249285157,0.8469390516389571
25911,LOF,0.31318604866415106,0.04925288267901385,0.637561068656835
25912,LOF,0.060235504951457325,0.06445266075412132,0.8753118342944215
25913,LOF,0.04568347914916505,0.0722904572629779,0.8820260635878571
25914,LOF,0.03891849655345076,0.04367742062320558,0.9174040828233436
25915,LOF,0.18891157248374194,0.19416905775157156,0.6169193697646865
25916,LOF,0.029646564559189993,0.12327632670043473,0.8470771087403752
25917,LOF,0.06998137875410114,0.03964732621125014,0.8903712950346486
25918,LOF,0.048328624345298506,0.02880390628731089,0.9228674693673907
25919,LOF,0.04232789192857138,0.02789590450946371,0.929776203561965
25920,LOF,0.1579032741881399,0.20190108942146626,0.6401956363903939
25921,LOF,0.01647915737809923,0.0395886247040722,0.9439322179178287
25922,LOF,0.01670411473773971,0.03581467124388582,0.9474812140183746
25923,LOF,0.46776646286775747,0.035451349990097074,0.4967821871421454
25924,LOF,0.02400580315489039,0.05433538379892518,0.9216588130461844
25925,LOF,0.08427815272454542,0.04974963513472759,0.865972212140727
25926,LOF,0.05886740459619684,0.04827248251487631,0.8928601128889269
25927,LOF,0.02350644226750514,0.08866643827953187,0.887827119452963
25928,LOF,0.01042999833945895,0.059076086600471936,0.9304939150600692
25929,Neutral,0.55750149718809,0.033975797149625384,0.40852270566228466
25930,LOF,0.07363009070453136,0.03212643920675242,0.8942434700887163
25931,LOF,0.01433377658517955,0.037061978277089125,0.9486042451377312
25932,LOF,0.059744739161654827,0.03065034221638708,0.9096049186219581
25933,LOF,0.05714418701859776,0.02055724208811757,0.9222985708932847
25934,LOF,0.05015604580374033,0.019440627909727788,0.9304033262865318
25935,LOF,0.070044005812025,0.06224362073793906,0.867712373450036
25936,LOF,0.09141048807668606,0.022573950974306072,0.8860155609490078
25937,LOF,0.01372325828324283,0.03877973534186145,0.9474970063748956
25938,LOF,0.06835103102697554,0.05996384954707285,0.8716851194259517
25939,LOF,0.04031465105261217,0.028501992317771535,0.9311833566296163
25940,LOF,0.009968750876225405,0.32924057186648514,0.6607906772572893
25941,Neutral,0.5215970787290809,0.03792516759554756,0.44047775367537145
25942,LOF,0.009189817300143803,0.04785738340337585,0.9429527992964803
25943,LOF,0.04945293786468039,0.19040201780601965,0.7601450443292999
25944,LOF,0.07038640399573833,0.09489182287592697,0.8347217731283347
25945,LOF,0.11369600825376129,0.017811572682224133,0.8684924190640146
25946,LOF,0.07034508586223025,0.040128862288721326,0.8895260518490484
25947,Neutral,0.46136094880326756,0.09772405607804933,0.4409149951186831
25948,LOF,0.43020783815761215,0.013473505748248004,0.5563186560941398
25949,LOF,0.13267859250480613,0.0715840592206628,0.795737348274531
25950,GOF,0.06953191069276406,0.6264370330818514,0.3040310562253845
25951,LOF,0.01278041293269305,0.42148243566392457,0.5657371514033824
25952,LOF,0.301154544037351,0.25430451143267613,0.4445409445299728
25953,LOF,0.008038487457595314,0.18740297603451486,0.8045585365078898
25954,LOF,0.0989709097712231,0.4447113095035029,0.456317780725274
25955,LOF,0.0071857152007245495,0.1576743117905272,0.8351399730087483
25956,LOF,0.019577911642967828,0.2520769434135454,0.7283451449434867
25957,LOF,0.21722352196378267,0.03595249550779365,0.7468239825284236
25958,LOF,0.03178409671634762,0.03346378253858243,0.93475212074507
25959,GOF,0.015010573859501301,0.5222553939919761,0.46273403214852266
25960,LOF,0.007347424500392448,0.05319990015951765,0.9394526753400899
25961,LOF,0.02920621473966393,0.031803128649692425,0.9389906566106437
25962,LOF,0.03802918776875745,0.059002013051664026,0.9029687991795784
25963,LOF,0.004746995186853887,0.18719434066989335,0.8080586641432528
25964,LOF,0.03162199009020021,0.0926787838550377,0.875699226054762
25965,LOF,0.2582841555297258,0.11478784537783288,0.6269279990924413
25966,Neutral,0.45577481099562234,0.14175812283025171,0.402467066174126
25967,LOF,0.009255981281547221,0.08572488124231215,0.9050191374761407
25968,LOF,0.045408876539731115,0.2082450397660786,0.7463460836941903
25969,LOF,0.12229280451582615,0.04920850484182372,0.8284986906423502
25970,LOF,0.02346015183780215,0.08128066828549102,0.8952591798767068
25971,LOF,0.07718553696020726,0.026754576976699068,0.8960598860630936
25972,LOF,0.058570319580641135,0.04140987408517813,0.9000198063341807
25973,LOF,0.06398067602690789,0.009389951969483532,0.9266293720036085
25974,LOF,0.05220117083425729,0.039655220852608336,0.9081436083131345
25975,LOF,0.04725021548455825,0.017810080209174916,0.9349397043062668
25976,LOF,0.11221002474240246,0.010173218692052708,0.8776167565655448
25977,LOF,0.19012775535070092,0.07535725515871226,0.7345149894905868
25978,LOF,0.18681851392500992,0.11036007340079171,0.7028214126741985
25979,LOF,0.15065051367532215,0.1231153809815791,0.7262341053430987
25980,LOF,0.253097124696361,0.16647736385038858,0.5804255114532504
25981,LOF,0.25485291629520196,0.16802460241282496,0.5771224812919731
25982,Neutral,0.4818271334841699,0.08752705924675706,0.43064580726907303
25983,Neutral,0.49312398759558,0.10523394422389691,0.40164206818052306
25984,LOF,0.034754031320851926,0.09081969325809919,0.8744262754210489
25985,LOF,0.40799452868306074,0.14672030572269704,0.44528516559424225
25986,LOF,0.013746866443625565,0.39835655547032545,0.587896578086049
25987,LOF,0.0550544798603659,0.12080016032091616,0.824145359818718
25988,LOF,0.04134893552780274,0.18221573161717391,0.7764353328550232
25989,LOF,0.03699058851171012,0.2199237748808818,0.7430856366074081
25990,LOF,0.039561947174946197,0.3075077954519588,0.6529302573730951
25991,LOF,0.029166004707471303,0.40874649401941976,0.5620875012731089
25992,LOF,0.02376858692459062,0.40870945663615366,0.5675219564392557
25993,LOF,0.025411308349494986,0.07513422519391304,0.899454466456592
25994,LOF,0.022378123739641,0.07233084641146414,0.9052910298488949
25995,LOF,0.019803976745207716,0.14805227909935628,0.8321437441554359
25996,Neutral,0.35169711558841654,0.3310571781305296,0.31724570628105375
25997,LOF,0.06423965202166927,0.38176610090645535,0.5539942470718754
25998,LOF,0.24804246071176572,0.043614751489029546,0.7083427877992048
25999,LOF,0.02774854762126861,0.1976624979895377,0.7745889543891937
26000,LOF,0.19759386360858278,0.03547703687192311,0.7669290995194942
26001,LOF,0.2579364104507299,0.047529421273773256,0.6945341682754969
26002,LOF,0.11149419476420333,0.060218026873631036,0.8282877783621656
26003,GOF,0.0057307805817567205,0.6250650648707295,0.3692041545475137
26004,GOF,0.008097247326327064,0.6833976932465066,0.3085050594271664
26005,LOF,0.003936214298518726,0.48124010942267853,0.5148236762788028
26006,GOF,0.10251088494956025,0.5551428177912,0.3423462972592397
26007,GOF,0.007659476258018718,0.5264411856526267,0.46589933808935463
26008,GOF,0.006159359561884992,0.6360161963471829,0.35782444409093206
26009,GOF,0.007869211739035653,0.6677627626411874,0.32436802561977696
26010,GOF,0.008890927729393625,0.6249879341795334,0.36612113809107305
26011,LOF,0.0035203756320216486,0.4525922119646919,0.5438874124032865
26012,GOF,0.00517227654532146,0.515488903094933,0.4793388203597456
26013,GOF,0.00683420996677978,0.5834221474921102,0.40974364254111006
26014,LOF,0.05941558631858903,0.13201784279330592,0.808566570888105
26015,LOF,0.3952988379483545,0.027813478169420626,0.5768876838822249
26016,LOF,0.3344245405924223,0.04576862595699571,0.6198068334505821
26017,LOF,0.024555792846510802,0.23989365979198646,0.7355505473615026
26018,LOF,0.0286951975666225,0.06816463103335564,0.9031401714000218
26019,LOF,0.02866373452584356,0.05935425227266576,0.9119820132014906
26020,LOF,0.00992672928047782,0.20661851995291314,0.7834547507666091
26021,LOF,0.08251442361242756,0.07433013768177854,0.8431554387057939
26022,LOF,0.044069561588074235,0.03401002293141267,0.9219204154805131
26023,LOF,0.03088526124173124,0.03728079548905169,0.9318339432692171
26024,LOF,0.05304356810939062,0.07232560929923154,0.8746308225913779
26025,LOF,0.06592777739876482,0.09282815052306527,0.8412440720781699
26026,LOF,0.13056954731046977,0.07079949143155803,0.7986309612579722
26027,LOF,0.02591916367841029,0.029813104277481333,0.9442677320441083
26028,LOF,0.1198051312132579,0.13934588861931493,0.7408489801674272
26029,LOF,0.017580030320753438,0.17999685586239814,0.8024231138168484
26030,LOF,0.16632916402219386,0.02209181518633759,0.8115790207914686
26031,LOF,0.009311181840987014,0.15126973437646193,0.839419083782551
26032,LOF,0.04399818077237026,0.047650298209103006,0.9083515210185267
26033,LOF,0.06790408885021153,0.04278691238863428,0.8893089987611541
26034,LOF,0.013854766265399028,0.13952336920647024,0.8466218645281307
26035,LOF,0.011327063372276827,0.10083137697073984,0.8878415596569834
26036,LOF,0.01159087713568886,0.1153104278835613,0.8730986949807498
26037,LOF,0.009738809593354207,0.09245638066124215,0.8978048097454036
26038,LOF,0.03724196375409096,0.04332099916003043,0.9194370370858787
26039,LOF,0.023602300823287636,0.11945157588235879,0.8569461232943536
26040,LOF,0.109857615156917,0.12150899515823979,0.7686333896848431
26041,LOF,0.01267436392057601,0.08151587247881985,0.9058097636006042
26042,LOF,0.011164903036980785,0.09028087806636667,0.8985542188966524
26043,LOF,0.03597989224620612,0.05882650071172757,0.9051936070420663
26044,LOF,0.013704443161301516,0.04253298857024135,0.9437625682684572
26045,LOF,0.06702337653871264,0.09786715967637998,0.8351094637849074
26046,LOF,0.031791286908256285,0.04597513864373989,0.9222335744480038
26047,LOF,0.05226219638952566,0.04673473197908867,0.9010030716313856
26048,LOF,0.08352959230060075,0.022018501606549213,0.8944519060928501
26049,Neutral,0.9494272440540108,0.0066223222461059324,0.043950433699883225
26050,Neutral,0.9274178981588054,0.007214205075401536,0.0653678967657933
26051,LOF,0.01571817499762303,0.09324824286986359,0.8910335821325135
26052,LOF,0.030701527291700562,0.10925399597962433,0.860044476728675
26053,LOF,0.030126837515465785,0.15304984656067558,0.8168233159238586
26054,LOF,0.042586536629985655,0.03197073756585615,0.9254427258041582
26055,LOF,0.0626266845722749,0.02700744330018701,0.9103658721275381
26056,LOF,0.049405432675300474,0.03524576624657643,0.9153488010781231
26057,LOF,0.05198945916218191,0.015483125677502749,0.9325274151603155
26058,LOF,0.05451248625656626,0.01227761635216149,0.9332098973912722
26059,LOF,0.1972120686894092,0.033266752357012284,0.7695211789535785
26060,LOF,0.016304531876398996,0.18813359592534862,0.7955618721982525
26061,LOF,0.012004134392688114,0.011494551539302837,0.9765013140680091
26062,LOF,0.006848025783303633,0.0196296159706629,0.9735223582460335
26063,LOF,0.03671015318354047,0.011668016165021673,0.9516218306514378
26064,LOF,0.011229831995985009,0.023685579062397565,0.9650845889416174
26065,LOF,0.04938007658262465,0.012983487656589006,0.9376364357607863
26066,LOF,0.04426205308031041,0.010999931326945652,0.9447380155927438
26067,LOF,0.050927369186094834,0.010766699825437447,0.9383059309884676
26068,LOF,0.05102504390366543,0.05414517082542462,0.8948297852709101
26069,LOF,0.1543402746844874,0.03290461176933038,0.8127551135461824
26070,LOF,0.3298912962252157,0.026452559837086387,0.6436561439376979
26071,LOF,0.041693486034527036,0.01327737931310305,0.9450291346523699
26072,LOF,0.01016279144234619,0.023570898602474123,0.9662663099551796
26073,LOF,0.03652561983404288,0.014686910603571307,0.9487874695623859
26074,Neutral,0.9261662360639367,0.009675629513040823,0.06415813442302247
26075,LOF,0.05089267317204491,0.024537660427608167,0.924569666400347
26076,LOF,0.05359334099265836,0.012684179302459336,0.9337224797048823
26077,LOF,0.17697410693520235,0.0075851496734231265,0.8154407433913746
26078,LOF,0.008885580996178519,0.016394188166559912,0.9747202308372616
26079,LOF,0.0630334411978739,0.02803560581673629,0.9089309529853897
26080,LOF,0.06220128064251971,0.028051434965598643,0.9097472843918817
26081,LOF,0.03073409906008342,0.009526552460325846,0.9597393484795907
26082,LOF,0.007576197573560536,0.015275598119941152,0.9771482043064984
26083,LOF,0.09418048426651814,0.021924476619466733,0.8838950391140151
26084,LOF,0.09855759787809233,0.015450478282558392,0.8859919238393493
26085,LOF,0.09226810606723047,0.013212473602227897,0.8945194203305415
26086,LOF,0.03955439620609196,0.013426753639176886,0.9470188501547312
26087,LOF,0.034492483929091926,0.011205852759718572,0.9543016633111896
26088,LOF,0.00929609860593905,0.02140369635876662,0.9693002050352943
26089,LOF,0.041823759495798106,0.043225003163181015,0.9149512373410208
26090,LOF,0.04274481165571512,0.03284848883485788,0.924406699509427
26091,LOF,0.02952251046623892,0.008257284950251879,0.9622202045835091
26092,LOF,0.03970882689435349,0.009233091725571591,0.9510580813800749
26093,LOF,0.0716790190275438,0.006242262001109265,0.9220787189713469
26094,LOF,0.03367724690787099,0.007308824706622722,0.9590139283855063
26095,LOF,0.03640756392631949,0.01935471246732737,0.944237723606353
26096,LOF,0.23472064630790132,0.005479485755281731,0.759799867936817
26097,LOF,0.008583270046983105,0.03191650391082969,0.9595002260421872
26098,LOF,0.08017983706019814,0.02257581622209429,0.8972443467177075
26099,LOF,0.042009466796510284,0.01594568327892796,0.9420448499245617
26100,LOF,0.04194637600503398,0.01594673342059829,0.9421068905743678
26101,LOF,0.05829216841955682,0.028287240609220353,0.9134205909712227
26102,LOF,0.0320611957526439,0.016694156533342972,0.9512446477140132
26103,Neutral,0.8770904968926525,0.02992395235519159,0.09298555075215577
26104,LOF,0.056710102987761815,0.04513202002825796,0.8981578769839801
26105,LOF,0.23221829903609317,0.17005468436484342,0.5977270165990635
26106,LOF,0.303611474003492,0.15252951667643092,0.543859009320077
26107,LOF,0.019079508914790502,0.10046576992514905,0.8804547211600604
26108,LOF,0.25600061320169226,0.050050322030388505,0.6939490647679193
26109,LOF,0.09138741322602309,0.039485772717654716,0.8691268140563222
26110,LOF,0.47307437624957593,0.008124563807898172,0.5188010599425259
26111,LOF,0.045830053902778604,0.1524143933948015,0.8017555527024199
26112,LOF,0.05401997085189999,0.009003950042495863,0.9369760791056042
26113,LOF,0.10331665679204442,0.018962697932189587,0.877720645275766
26114,LOF,0.09359606859892658,0.006386707334274711,0.9000172240667987
26115,LOF,0.014164918580355707,0.0419956603564626,0.9438394210631817
26116,LOF,0.06975573102555578,0.0221606054489645,0.9080836635254798
26117,LOF,0.39576101977038475,0.03810660132115188,0.5661323789084634
26118,LOF,0.04571952150433308,0.017434570336731778,0.9368459081589352
26119,LOF,0.006352220160585864,0.03818338251385382,0.9554643973255603
26120,LOF,0.034846553021147295,0.01673915780196537,0.9484142891768873
26121,LOF,0.004742197076933453,0.127614491638529,0.8676433112845375
