feature0,prediction,LoGoFunc_Neutral,LoGoFunc_GOF,LoGoFunc_LOF
25546,Neutral,0.772206108688979,0.0239054280871991,0.20388846322382187
25547,Neutral,0.650507270074342,0.04660919816302656,0.3028835317626315
25548,Neutral,0.6152968200692275,0.03675223665760889,0.3479509432731635
25549,Neutral,0.5337213894521597,0.03766602306484894,0.42861258748299125
25550,LOF,0.35744489175122107,0.0960176608973627,0.5465374473514162
25551,LOF,0.2923933660060904,0.10689462708977844,0.6007120069041313
25552,LOF,0.1826653186900732,0.11172239374015701,0.7056122875697698
25553,Neutral,0.8295124052415578,0.02971822563904274,0.14076936911939936
25554,LOF,0.23087077917153137,0.10362376800090137,0.6655054528275672
25555,LOF,0.1788274602359095,0.08647446968177651,0.734698070082314
25556,LOF,0.405193838260501,0.08314654914358902,0.51165961259591
25557,LOF,0.17429719510243433,0.09505692333667812,0.7306458815608876
25558,LOF,0.2280671859329027,0.1062639052877014,0.6656689087793958
25559,LOF,0.3707716988557626,0.06463037370065763,0.5645979274435797
25560,LOF,0.06603420922001846,0.18563530709335768,0.7483304836866238
25561,LOF,0.11665042546822647,0.20252984321536405,0.6808197313164095
25562,LOF,0.10997974252507012,0.09800339388918335,0.7920168635857466
25563,LOF,0.11760775137069174,0.09633492006799105,0.7860573285613173
25564,LOF,0.14992900143287347,0.20905229967548947,0.641018698891637
25565,LOF,0.12198851928073091,0.18029179638234935,0.6977196843369199
25566,GOF,0.014383906035093387,0.6988150638102005,0.2868010301547062
25567,LOF,0.01314716447181727,0.12696494310437142,0.8598878924238113
25568,LOF,0.049121625143389164,0.058274373816732575,0.8926040010398782
25569,LOF,0.062573726489953,0.05582531783679632,0.8816009556732507
25570,LOF,0.06625604320870347,0.0947765770226509,0.8389673797686457
25571,LOF,0.058051937901565966,0.08403953706328425,0.8579085250351497
25572,LOF,0.0610535727350582,0.12860530780455337,0.8103411194603886
25573,LOF,0.02588030035449056,0.0857743256909476,0.8883453739545617
25574,LOF,0.01718809182688267,0.13799862942979943,0.8448132787433179
25575,LOF,0.05049265046431927,0.09777144458414247,0.8517359049515382
25576,LOF,0.017509482822253324,0.10969231167414849,0.8727982055035981
25577,LOF,0.01419039507524495,0.13715625363626097,0.8486533512884942
25578,LOF,0.23441907593929506,0.07741197214082479,0.6881689519198801
25579,LOF,0.23542959821624718,0.07718676694746152,0.6873836348362914
25580,LOF,0.03493599932939983,0.07800525902175759,0.8870587416488425
25581,LOF,0.050980940199772784,0.06007106719837524,0.888947992601852
25582,LOF,0.050945870826912876,0.05665787400488993,0.8923962551681971
25583,LOF,0.04512295550854203,0.08326270574529882,0.8716143387461591
25584,Neutral,0.4653037885569464,0.0714607228651274,0.46323548857792635
25585,LOF,0.03675341347252224,0.09922557142571324,0.8640210151017645
25586,LOF,0.04177889321448681,0.07382071271171957,0.8844003940737937
25587,LOF,0.0364337413502386,0.07015272787171647,0.893413530778045
25588,LOF,0.03839453740598587,0.08690531234556509,0.874700150248449
25589,Neutral,0.6152627445562387,0.09557524314211939,0.28916201230164196
25590,LOF,0.029365941789539305,0.1253672876587168,0.8452667705517438
25591,LOF,0.12167594648894317,0.04664288284961232,0.8316811706614445
25592,LOF,0.1046064874923548,0.12918811128770796,0.7662054012199373
25593,LOF,0.016207207732305228,0.2505145243125145,0.7332782679551803
25594,LOF,0.03690204501060861,0.18137776219677618,0.7817201927926152
25595,LOF,0.05434963134708756,0.15473986897350742,0.7909104996794051
25596,LOF,0.064351586284823,0.09435907337692508,0.8412893403382519
25597,LOF,0.05925453740253417,0.07828786799193807,0.8624575946055277
25598,LOF,0.047236608723378974,0.1876660121539368,0.7650973791226842
25599,GOF,0.007044260539676036,0.7166345875061882,0.2763211519541357
25600,GOF,0.008103472766689272,0.5875001952187193,0.4043963320145916
25601,LOF,0.006390650628871939,0.455022914262235,0.538586435108893
25602,LOF,0.018764896280073638,0.06368916139450861,0.9175459423254179
25603,LOF,0.03835393081231626,0.02735272153917007,0.9342933476485136
25604,LOF,0.047564108735128265,0.05882673640782467,0.893609154857047
25605,LOF,0.008977003946251233,0.2892281925885197,0.7017948034652292
25606,GOF,0.059073118937174554,0.49298072718120456,0.447946153881621
25607,LOF,0.003856015810506089,0.16463778073785756,0.8315062034516363
25608,LOF,0.06976616900710153,0.05206782080271722,0.8781660101901813
25609,LOF,0.05409493693777228,0.3709710027107756,0.5749340603514522
25610,LOF,0.05155782380384183,0.033831564761794844,0.9146106114343633
25611,LOF,0.06128637382092603,0.028273610894842913,0.9104400152842311
25612,LOF,0.12970296176129076,0.05302937350623601,0.8172676647324733
25613,LOF,0.1061786340634807,0.04236762559564789,0.8514537403408713
25614,LOF,0.04387730558296434,0.03808936810854862,0.918033326308487
25615,LOF,0.059669259277589315,0.03931133441289959,0.901019406309511
25616,LOF,0.041351488577550916,0.04221105931278638,0.9164374521096628
25617,LOF,0.04328722348036937,0.04099120387436226,0.9157215726452684
25618,LOF,0.27458434651445784,0.0369587351047497,0.6884569183807925
25619,LOF,0.039127335026494806,0.03797212134602553,0.9229005436274798
25620,LOF,0.044942074234881016,0.04612526895378502,0.9089326568113338
25621,LOF,0.0395221063684908,0.03076101899771539,0.9297168746337938
25622,LOF,0.03374263976129962,0.04574834790248696,0.9205090123362135
25623,LOF,0.06529288794716213,0.03423938642646348,0.9004677256263743
25624,LOF,0.03281973819299613,0.045678971732287806,0.921501290074716
25625,LOF,0.04005855115839534,0.05021503538282477,0.9097264134587798
25626,LOF,0.09121672798996382,0.0344392613568591,0.8743440106531771
25627,Neutral,0.5973947558171602,0.09622587608887247,0.30637936809396743
25628,LOF,0.2155870947140433,0.046513325659015566,0.7378995796269411
25629,LOF,0.09324928208598572,0.11925116267475512,0.7874995552392593
25630,LOF,0.20487842799876665,0.08380135216815446,0.7113202198330789
25631,Neutral,0.6160035911348197,0.059799333770157254,0.32419707509502305
25632,LOF,0.025338328991640176,0.09116520029170265,0.8834964707166572
25633,LOF,0.22114799333885443,0.09670626005687608,0.6821457466042694
25634,LOF,0.03816448462046391,0.1064877629413954,0.8553477524381408
25635,LOF,0.03460198369526146,0.09910632039794506,0.8662916959067934
25636,GOF,0.007132523986396768,0.6711494844233468,0.3217179915902565
25637,GOF,0.004847551504105744,0.5545849724104861,0.440567476085408
25638,LOF,0.009079760279178872,0.4650574737504839,0.5258627659703372
25639,GOF,0.004778051160410305,0.5020828169180688,0.49313913192152087
25640,GOF,0.3652489960968466,0.5905666800929361,0.044184323810217245
25641,LOF,0.0066958562948585204,0.34017415605359663,0.6531299876515447
25642,LOF,0.2680249385310295,0.1000112183113116,0.6319638431576589
25643,LOF,0.22343961287329625,0.37513364415042594,0.4014267429762779
25644,GOF,0.029772596746452582,0.660065325187328,0.3101620780662195
25645,GOF,0.021826332697066974,0.6268503833264826,0.35132328397645046
25646,LOF,0.026274772812724355,0.4535285552680166,0.5201966719192591
25647,LOF,0.01988277687329769,0.31129780884780545,0.6688194142788968
25648,LOF,0.01554089187085759,0.3824827596587413,0.6019763484704012
25649,LOF,0.015121740081959604,0.2755784315159537,0.7092998284020867
25650,GOF,0.0478469243790902,0.6500729951512384,0.3020800804696715
25651,LOF,0.013485985316486161,0.3147470112771215,0.6717670034063923
25652,LOF,0.024040876714457635,0.35481094675219127,0.6211481765333512
25653,GOF,0.10155223052239333,0.5976536968441772,0.3007940726334295
25654,LOF,0.01688308183424938,0.3908323482779877,0.5922845698877629
25655,GOF,0.13666001998715147,0.5161330968769354,0.3472068831359131
25656,LOF,0.05021905563121204,0.10060276624900331,0.8491781781197847
25657,LOF,0.28623272392872917,0.04314193797093044,0.6706253381003404
25658,LOF,0.03279250147862929,0.20247184238227656,0.7647356561390941
25659,LOF,0.19439972369681047,0.09204144768989424,0.7135588286132953
25660,LOF,0.09934667868262197,0.10397595854534149,0.7966773627720366
25661,LOF,0.07963977565494793,0.07210471435589545,0.8482555099891567
25662,LOF,0.035774391308670675,0.04973750315144009,0.9144881055398892
25663,LOF,0.043327363629334995,0.0896591035046267,0.8670135328660383
25664,LOF,0.030477402697310387,0.1405261189625106,0.828996478340179
25665,LOF,0.04687210259981846,0.06451441803436377,0.8886134793658177
25666,LOF,0.04098094379343875,0.16952177397249693,0.7894972822340642
25667,LOF,0.033833735111693665,0.05928387771352812,0.9068823871747783
25668,LOF,0.045753923571609005,0.05314223963003286,0.901103836798358
25669,LOF,0.054796617552286354,0.09720478849432126,0.8479985939533924
25670,LOF,0.12455615881095515,0.10439810019401813,0.7710457409950268
25671,LOF,0.043479366707212266,0.055187964884532474,0.9013326684082552
25672,LOF,0.04518988994701588,0.07628300383346145,0.8785271062195228
25673,LOF,0.035800990532736145,0.0724197156834004,0.8917792937838633
25674,LOF,0.025715923499872905,0.0852286471270475,0.8890554293730796
25675,LOF,0.034787297084029216,0.07983224177226961,0.8853804611437012
25676,LOF,0.033418719817592035,0.06393376565058526,0.9026475145318227
25677,LOF,0.08572723507113987,0.06049411143717425,0.8537786534916859
25678,LOF,0.1558946959923002,0.05120879516870657,0.7928965088389933
25679,LOF,0.10548291544309175,0.08221063370572199,0.8123064508511864
25680,LOF,0.08404054642622753,0.09648988579043559,0.8194695677833368
25681,LOF,0.10583238024573922,0.08452633850036204,0.8096412812538988
25682,LOF,0.054061285896249,0.06668958658744968,0.8792491275163014
25683,LOF,0.07041643919681707,0.10502593816228813,0.8245576226408948
25684,LOF,0.06590636358714125,0.08096169782707932,0.8531319385857793
25685,LOF,0.1145201047872984,0.05404290190080641,0.8314369933118952
25686,LOF,0.035664766913849344,0.1204422799756161,0.8438929531105346
25687,LOF,0.0601079281844818,0.11594861730065212,0.8239434545148661
25688,LOF,0.018805591846981936,0.07605085630995508,0.9051435518430629
25689,LOF,0.015612519233090186,0.04658675994169718,0.9378007208252126
25690,LOF,0.015715636351164762,0.056626253323979414,0.9276581103248559
25691,LOF,0.11910850522952637,0.0814784829572871,0.7994130118131866
25692,LOF,0.1769426445318591,0.013682736112430623,0.8093746193557103
25693,LOF,0.04475920435904818,0.14602755257905092,0.8092132430619009
25694,LOF,0.26777078571979757,0.010961793487544001,0.7212674207926584
25695,LOF,0.21228354429646654,0.020136130230005763,0.7675803254735276
25696,LOF,0.1522122314933627,0.01695611236120562,0.8308316561454316
25697,LOF,0.1212357518945276,0.03547144080121781,0.8432928073042546
25698,LOF,0.02320135965585571,0.29113047882538623,0.6856681615187581
25699,LOF,0.0905632752763285,0.09455042199052308,0.8148863027331485
25700,LOF,0.0329613462506553,0.017824917683366758,0.9492137360659779
25701,LOF,0.01670268008133958,0.10704344163715707,0.8762538782815033
25702,GOF,0.021467839438055948,0.7419876538561739,0.23654450670577024
25703,LOF,0.01735364540467275,0.20643146519633532,0.776214889398992
25704,LOF,0.10334457207729239,0.21071060953383547,0.685944818388872
25705,LOF,0.08900585113063346,0.3074048264893953,0.6035893223799713
25706,GOF,0.021216455686822917,0.6816257501349843,0.2971577941781928
25707,GOF,0.03143827689925156,0.6187193321559595,0.3498423909447889
25708,GOF,0.009819647588409546,0.6164184761271263,0.3737618762844642
25709,LOF,0.02704636314031294,0.09443680983881167,0.8785168270208753
25710,LOF,0.005518376120760004,0.24911019573389936,0.7453714281453406
25711,LOF,0.02995266675061682,0.1573977346967567,0.8126495985526265
25712,LOF,0.007031099587408753,0.3199874443558368,0.6729814560567544
25713,LOF,0.024511204874316853,0.1330235637126391,0.842465231413044
25714,LOF,0.027371801196308727,0.17670576150280062,0.7959224373008907
25715,LOF,0.028503941880557795,0.15417889080168043,0.8173171673177618
25716,LOF,0.008962690059708886,0.20614429951270777,0.7848930104275834
25717,LOF,0.005939901060725164,0.21792900663740053,0.7761310923018744
25718,LOF,0.028007202482322604,0.10294790157135252,0.8690448959463248
25719,LOF,0.037414083860394666,0.1475583773551253,0.8150275387844801
25720,LOF,0.039347948350534366,0.13142300872789806,0.8292290429215676
25721,LOF,0.031164220917601047,0.11908699297080819,0.8497487861115908
25722,LOF,0.020794681536908843,0.15883894219632405,0.820366376266767
25723,LOF,0.030259077181028684,0.12106212733481567,0.8486787954841556
25724,LOF,0.02892263911023544,0.2162951682575198,0.7547821926322447
25725,LOF,0.030095960245426073,0.11296501648528166,0.8569390232692923
25726,LOF,0.02096041877704572,0.14805343880434402,0.8309861424186102
25727,LOF,0.02780650856943569,0.15209857060237617,0.820094920828188
25728,LOF,0.026884383541221187,0.13886134040071085,0.8342542760580679
25729,LOF,0.02580817335347182,0.15805798449342703,0.8161338421531011
25730,LOF,0.030889007865865042,0.10648418676774248,0.8626268053663924
25731,LOF,0.009953516172473852,0.23807760534719521,0.7519688784803309
25732,LOF,0.022840029644451868,0.1268634046682884,0.8502965656872598
25733,LOF,0.04036355344342798,0.11503255292825164,0.8446038936283204
25734,LOF,0.006569181841508688,0.33911933742700207,0.6543114807314893
25735,LOF,0.025431116858636294,0.10686830977716033,0.8677005733642034
25736,LOF,0.024706835997402594,0.1682179449002942,0.8070752191023032
25737,LOF,0.060254670300209486,0.1664009137472096,0.773344415952581
25738,LOF,0.0262115579204698,0.19761607536374542,0.7761723667157847
25739,LOF,0.03200999857607365,0.12296093620994612,0.8450290652139802
25740,LOF,0.03240221761842769,0.15383754502161517,0.8137602373599572
25741,LOF,0.03604030012419607,0.14397317676842367,0.8199865231073802
25742,LOF,0.05389884552963893,0.15140942418660913,0.794691730283752
25743,LOF,0.011162773925798123,0.0228554211426068,0.965981804931595
25744,LOF,0.21628554397507826,0.2527763368567471,0.5309381191681747
25745,LOF,0.04193196542928168,0.0591675569460064,0.8989004776247119
25746,LOF,0.016825099618955713,0.07920683461434294,0.9039680657667013
25747,LOF,0.038327967716037185,0.022521536188766334,0.9391504960951964
25748,LOF,0.2861762623084985,0.04480617751419272,0.6690175601773087
25749,LOF,0.017215890862196312,0.052545220865472295,0.9302388882723313
25750,LOF,0.022298053857116168,0.053122226466894934,0.9245797196759888
25751,LOF,0.039520699084414315,0.03883454649381568,0.9216447544217701
25752,GOF,0.07499350521270051,0.722329732373858,0.2026767624134415
25753,LOF,0.006247886635548145,0.48727956525025923,0.5064725481141926
25754,GOF,0.007206936109891627,0.8928643705536654,0.099928693336443
25755,GOF,0.006604241722504427,0.5075404777757019,0.4858552805017936
25756,GOF,0.023027836229009533,0.5022283004915473,0.4747438632794431
25757,GOF,0.007365074966632094,0.8839520662904377,0.10868285874293022
25758,GOF,0.008221205923170398,0.9056119902980825,0.08616680377874707
25759,GOF,0.005447150693879078,0.6929439478631689,0.30160890144295194
25760,LOF,0.005408145366378219,0.3911646779917174,0.6034271766419044
25761,GOF,0.045518948698539466,0.8734865622514929,0.08099448904996764
25762,LOF,0.0261768356053554,0.4500677696795293,0.5237553947151153
25763,LOF,0.005343276250186387,0.3595624976238867,0.6350942261259269
25764,GOF,0.055269830717703576,0.7152945132097214,0.229435656072575
25765,GOF,0.0072837947475574835,0.8980957221929066,0.09462048305953574
25766,GOF,0.04045794880272993,0.8595776782936176,0.09996437290365244
25767,GOF,0.01795406091989983,0.5152698776429584,0.46677606143714184
25768,LOF,0.051648769664459956,0.043954718331192036,0.9043965120043481
25769,LOF,0.03995044121253724,0.07757504359866649,0.8824745151887964
25770,LOF,0.19319045838231183,0.08140766446311096,0.7254018771545773
25771,LOF,0.018684018371444604,0.06900616401260412,0.9123098176159513
25772,LOF,0.03196874063984032,0.02784365249257998,0.9401876068675797
25773,LOF,0.02025080463951217,0.0707447721360255,0.9090044232244624
25774,LOF,0.027633903050352186,0.14680130927105275,0.825564787678595
25775,LOF,0.01999084708953602,0.044252870153132715,0.9357562827573311
25776,LOF,0.029114398557515235,0.021915845577307136,0.9489697558651775
25777,LOF,0.29714591157770753,0.09802967706174173,0.6048244113605508
25778,LOF,0.027982209160878912,0.05451517994938532,0.9175026108897357
25779,GOF,0.07878756264534001,0.8482072349857225,0.07300520236893747
25780,GOF,0.09291820071864988,0.8514230276090166,0.055658771672333684
25781,GOF,0.0419108923042293,0.8362927137571536,0.12179639393861699
25782,GOF,0.0525380153326043,0.8803726757250594,0.06708930894233633
25783,GOF,0.0420852533829772,0.9022467435657885,0.05566800305123426
25784,GOF,0.15051626390041295,0.8024556897680305,0.04702804633155649
25785,GOF,0.1725911642359012,0.7879186977076567,0.0394901380564422
25786,GOF,0.012998293102698491,0.8593660349656319,0.12763567193166955
25787,GOF,0.29322066149988907,0.6609194885147749,0.04585984998533596
25788,LOF,0.019164632229759577,0.1506890621633129,0.8301463056069276
25789,GOF,0.022294807062535303,0.8228077841070456,0.15489740883041914
25790,GOF,0.040576591363870235,0.856433940787679,0.10298946784845077
25791,GOF,0.03417550300738301,0.6857890554526171,0.2800354415399999
25792,GOF,0.04073280640834718,0.7371276912474316,0.22213950234422114
25793,GOF,0.056676873206794424,0.8116884566983503,0.13163467009485527
25794,GOF,0.06986283424176724,0.7061752645509498,0.223961901207283
25795,GOF,0.06841408473270211,0.692055350396234,0.23953056487106378
25796,GOF,0.1526621571243282,0.7554660699040215,0.09187177297165025
25797,GOF,0.11291881243818809,0.6785862491441985,0.2084949384176134
25798,GOF,0.007833774410987536,0.7608235370608414,0.23134268852817103
25799,GOF,0.005017891003453436,0.6529538229812967,0.34202828601524987
25800,GOF,0.03133118931965663,0.8043196879814105,0.16434912269893284
25801,GOF,0.0324092171080605,0.8796328384385961,0.0879579444533434
25802,GOF,0.03511325784920435,0.7622046927474874,0.20268204940330814
25803,GOF,0.024857525389329872,0.6818562065464292,0.2932862680642408
25804,GOF,0.04069778447049336,0.7407600315430479,0.21854218398645878
25805,GOF,0.03826205547815439,0.7724925840019776,0.18924536051986798
25806,GOF,0.04928405586519701,0.7808742334152821,0.169841710719521
25807,GOF,0.016440686818832505,0.7297429584764853,0.2538163547046821
25808,GOF,0.030468193019936623,0.7374473229813787,0.2320844839986847
25809,GOF,0.014193032221276585,0.6688217673506593,0.31698520042806405
25810,GOF,0.012198526754847738,0.6476693288733011,0.34013214437185124
25811,GOF,0.06895543691004118,0.8361146096406349,0.09492995344932388
25812,GOF,0.039315218522304046,0.7446041019636959,0.2160806795140001
25813,GOF,0.2084731654437934,0.7021256297150043,0.08940120484120241
25814,GOF,0.04246804849623008,0.7353846097406376,0.22214734176313247
25815,GOF,0.07113880018654693,0.7913164893758656,0.13754471043758748
25816,GOF,0.011673365117658843,0.8330403448960356,0.15528628998630548
25817,GOF,0.14304015897806774,0.7339502782802788,0.12300956274165342
25818,GOF,0.034278066247331526,0.7457660851087996,0.21995584864386875
25819,GOF,0.06653412720457781,0.7446246565555121,0.18884121623991001
25820,GOF,0.07279448184451197,0.704695363781529,0.22251015437395896
25821,GOF,0.047959124152035716,0.7561987871649369,0.19584208868302744
25822,GOF,0.08363322448953305,0.705655382777267,0.21071139273319986
25823,GOF,0.03867717852348211,0.657140605628983,0.3041822158475349
25824,GOF,0.03704720987453328,0.7269585199064514,0.23599427021901523
25825,GOF,0.030097287439947985,0.7137776025008962,0.25612511005915584
25826,GOF,0.013277293427558838,0.6720261383958591,0.314696568176582
25827,GOF,0.019045088023066373,0.6525792241826701,0.32837568779426335
25828,GOF,0.016295864693321064,0.7078500681563368,0.27585406715034205
25829,GOF,0.005103353461518978,0.608957017110625,0.385939629427856
25830,GOF,0.04293800780029279,0.502030252115539,0.45503174008416813
25831,GOF,0.07516081878355343,0.7822328443598655,0.14260633685658103
25832,GOF,0.013177123604711573,0.6988456073019438,0.28797726909334453
25833,GOF,0.051354510219239854,0.7689136203854672,0.179731869395293
25834,GOF,0.013460624163948458,0.7223238273404633,0.26421554849558837
25835,GOF,0.03329078039504937,0.7889557374515513,0.17775348215339914
25836,GOF,0.008896559857636209,0.7126927908780551,0.27841064926430853
25837,GOF,0.010042405189828088,0.7182355634262652,0.27172203138390677
25838,GOF,0.025806035148226592,0.7952841325612094,0.1789098322905639
25839,GOF,0.07996163656330231,0.7427147722711673,0.17732359116553037
25840,GOF,0.10545601872143921,0.7227311234974856,0.17181285778107513
25841,GOF,0.09796281961470524,0.7659350120230116,0.1361021683622832
25842,GOF,0.037024606830075295,0.8493534836856964,0.11362190948422823
25843,GOF,0.03356635963323908,0.8581993338072698,0.10823430655949118
25844,GOF,0.028751670076024576,0.7789272518336043,0.19232107809037116
25845,GOF,0.007965966083050797,0.6722711694547491,0.31976286446220015
25846,GOF,0.0820243869030005,0.8076332933409771,0.11034231975602228
25847,GOF,0.01933207721665614,0.8457007937500554,0.1349671290332886
25848,GOF,0.03030763431767687,0.7961479197499247,0.17354444593239823
25849,GOF,0.008562490094890475,0.7623790617728052,0.22905844813230433
25850,GOF,0.007873542378532794,0.6614986979325592,0.330627759688908
25851,GOF,0.007297488522135487,0.613738681960618,0.37896382951724644
25852,GOF,0.16027800227298705,0.5215454287595591,0.31817656896745394
25853,GOF,0.07588842085033652,0.7476804784817003,0.17643110066796316
25854,GOF,0.0068472763311654234,0.6646874900327233,0.3284652336361112
25855,GOF,0.027028169828952175,0.6402471862320694,0.3327246439389785
25856,GOF,0.05465783581625738,0.7185868312996927,0.22675533288404998
25857,GOF,0.02684277193606662,0.648923146364046,0.3242340816998874
25858,GOF,0.01086100564144998,0.6026234707824563,0.3865155235760937
25859,GOF,0.007710627397301685,0.5674098128982369,0.42487955970446145
25860,GOF,0.09753697467526014,0.7403175795974343,0.1621454457273058
25861,GOF,0.11230113662143264,0.7680845052987887,0.11961435807977872
25862,GOF,0.027885702477635468,0.8605269863061052,0.1115873112162592
25863,GOF,0.02423338970687567,0.8440272921648645,0.13173931812825992
25864,GOF,0.06548058970395712,0.8272826950503005,0.10723671524574246
25865,GOF,0.05294379204776205,0.8050498111821819,0.14200639677005608
25866,GOF,0.02575465180119535,0.8168134709325584,0.1574318772662463
25867,GOF,0.04281191838703489,0.8266715153565111,0.13051656625645403
25868,GOF,0.08132235671730308,0.7323841604458422,0.18629348283685473
25869,GOF,0.4052415613969513,0.4826676780737221,0.11209076052932672
25870,GOF,0.07771347747769358,0.4928019113933985,0.4294846111289078
25871,GOF,0.01084698205604299,0.7919395342356105,0.19721348370834657
25872,GOF,0.025959414309046094,0.7986258564871787,0.17541472920377524
25873,GOF,0.024303566334630114,0.8612750197949258,0.11442141387044405
25874,LOF,0.019011943999136506,0.17874021354498934,0.8022478424558741
25875,LOF,0.0234729769890564,0.11230482604381321,0.8642221969671304
25876,LOF,0.021473481197276427,0.05945719375436495,0.9190693250483586
25877,LOF,0.10291222252090831,0.2165021568474049,0.6805856206316868
25878,LOF,0.06228332896592004,0.2895149131536132,0.6482017578804666
25879,LOF,0.01116287500238477,0.18942952728201623,0.7994075977155991
25880,LOF,0.06193376577447315,0.020868595437397656,0.9171976387881292
25881,Neutral,0.5402736747670359,0.0943388112235616,0.3653875140094024
25882,LOF,0.0708689683270657,0.02275438452935555,0.9063766471435788
25883,LOF,0.0315719866591337,0.029418589494147038,0.9390094238467193
25884,LOF,0.02002232002562672,0.04132247556721455,0.9386552044071587
25885,LOF,0.1874628423571111,0.012607556865355944,0.799929600777533
25886,LOF,0.24778135262870074,0.05842792683044021,0.693790720540859
25887,LOF,0.0909980778661249,0.13630141223681075,0.7727005098970644
25888,LOF,0.009170227681162976,0.1826005248916458,0.8082292474271912
25889,LOF,0.027730088784620167,0.036319126399613204,0.9359507848157667
25890,LOF,0.1895267695842454,0.0725201082262161,0.7379531221895385
25891,LOF,0.10511509725899211,0.03286805576890626,0.8620168469721017
25892,LOF,0.00882347092953957,0.03247937791892544,0.958697151151535
25893,LOF,0.31454909292349986,0.011837506129644472,0.6736134009468556
25894,LOF,0.3427636397307618,0.008246167403281159,0.6489901928659572
25895,LOF,0.29114979114974815,0.014657356259251091,0.6941928525910008
25896,LOF,0.09062797761355257,0.03052608070603213,0.8788459416804153
25897,LOF,0.13498674117756312,0.011734091331588417,0.8532791674908485
25898,LOF,0.13086711327839542,0.03228774061717064,0.836845146104434
25899,LOF,0.414901715160236,0.03895451221404652,0.5461437726257176
25900,Neutral,0.6578969337058286,0.012329296399548814,0.3297737698946224
25901,LOF,0.10331026985542197,0.014497436347983039,0.882192293796595
25902,LOF,0.10790663050772666,0.015240650463306138,0.8768527190289672
25903,LOF,0.20510564770679443,0.03152946985553691,0.7633648824376686
25904,Neutral,0.5528083564001466,0.042217249047825166,0.4049743945520282
25905,LOF,0.007403646389034295,0.3950562799505055,0.5975400736604602
25906,LOF,0.008222935166819174,0.07240917438977232,0.9193678904434086
25907,LOF,0.008891006543441153,0.25237194095101567,0.7387370525055432
25908,LOF,0.008471993856727407,0.24744069816034647,0.7440873079829262
25909,LOF,0.03081855668903568,0.09540693844839843,0.8737745048625659
25910,LOF,0.013142705364191792,0.1336133957916953,0.853243898844113
25911,LOF,0.18167679506312684,0.02752716620311391,0.7907960387337593
25912,LOF,0.11176380705217792,0.020415636894853723,0.8678205560529683
25913,LOF,0.020064984056635128,0.030723562059130703,0.9492114538842341
25914,LOF,0.041815903636847306,0.03142082191697218,0.9267632744461806
25915,LOF,0.15766342408201758,0.2009297246762112,0.6414068512417712
25916,LOF,0.012592120190331332,0.09099169756673851,0.8964161822429301
25917,LOF,0.07072543639901388,0.030228395421929812,0.8990461681790562
25918,LOF,0.04229695059065188,0.01548608935110179,0.9422169600582464
25919,LOF,0.03324438209375147,0.016654768427312956,0.9501008494789356
25920,LOF,0.33430628365217946,0.16371695812363782,0.5019767582241828
25921,LOF,0.02004653227644551,0.018255360814482615,0.961698106909072
25922,LOF,0.018654878717226545,0.020947705492165805,0.9603974157906077
25923,LOF,0.4586561807158808,0.012815841955414145,0.528527977328705
25924,LOF,0.029488295813944916,0.0210879871729113,0.9494237170131439
25925,LOF,0.1136852527687502,0.028112020751005187,0.8582027264802445
25926,LOF,0.09511860341945962,0.021848972694375756,0.8830324238861647
25927,LOF,0.029839087472347547,0.03280402325228549,0.937356889275367
25928,LOF,0.014899840146399303,0.019540224506302044,0.9655599353472987
25929,Neutral,0.6016598420891451,0.012576991425562064,0.38576316648529285
25930,LOF,0.10980619278025362,0.0122553078385106,0.8779384993812358
25931,LOF,0.017057288274189248,0.015765955261160966,0.9671767564646498
25932,LOF,0.10125941830484977,0.012143576431586103,0.8865970052635641
25933,LOF,0.10876180027015281,0.008808485450660649,0.8824297142791865
25934,LOF,0.10049412174143806,0.008194577148117324,0.8913113011104445
25935,LOF,0.11552315329763142,0.02293973929055063,0.8615371074118179
25936,LOF,0.10606665393252025,0.00807805071200474,0.885855295355475
25937,LOF,0.02547705814907637,0.017933318755143042,0.9565896230957807
25938,LOF,0.11196747630342758,0.020478795240983415,0.8675537284555891
25939,LOF,0.06936052514776483,0.012456919278190181,0.9181825555740449
25940,GOF,0.011424469613529071,0.5439274096320961,0.44464812075437476
25941,Neutral,0.509185874969685,0.050927337062581936,0.439886787967733
25942,LOF,0.010970367315754667,0.05205416997359573,0.9369754627106496
25943,LOF,0.05270869531880382,0.18054597714852225,0.7667453275326739
25944,LOF,0.05610685742633484,0.09791926166997815,0.8459738809036871
25945,LOF,0.18728223247798037,0.030645704714324,0.7820720628076956
25946,LOF,0.08332737900787705,0.04525633717887469,0.8714162838132482
25947,Neutral,0.49505855820723355,0.15425142832950406,0.35069001346326245
25948,LOF,0.37413930256032646,0.010911120437628454,0.6149495770020451
25949,LOF,0.1401366007024151,0.06564275234354436,0.7942206469540405
25950,GOF,0.10571491538802845,0.6406956333004762,0.25358945131149535
25951,LOF,0.014130731249028356,0.4318602722320867,0.554008996518885
25952,LOF,0.15387658650112102,0.2998251649066297,0.5462982485922493
25953,LOF,0.007303656773552001,0.31137505371373986,0.6813212895127081
25954,GOF,0.0764357512787422,0.4623472769512124,0.4612169717700455
25955,LOF,0.010426516860664054,0.26751348127301994,0.722060001866316
25956,LOF,0.012055227299513895,0.3925462635122458,0.5953985091882403
25957,LOF,0.1803157462702017,0.04437944404279538,0.7753048096870029
25958,LOF,0.030864813444079518,0.06874164520269109,0.9003935413532295
25959,GOF,0.006864125913304742,0.7157305011937842,0.2774053728929112
25960,LOF,0.004890458844939506,0.12283445618424811,0.8722750849708123
25961,LOF,0.026806255213380363,0.05551375147643607,0.9176799933101835
25962,LOF,0.033781954687312474,0.08165171633538196,0.8845663289773056
25963,LOF,0.009669080609310418,0.13812151215744276,0.8522094072332468
25964,LOF,0.04500134502545424,0.10702958928471228,0.8479690656898334
25965,LOF,0.17323755490369153,0.14573060052787587,0.6810318445684327
25966,LOF,0.30297733202501625,0.10972122148008065,0.5873014464949031
25967,LOF,0.005704935896286574,0.1028225677948106,0.8914724963089029
25968,LOF,0.051280205667884916,0.25164788044669717,0.6970719138854179
25969,LOF,0.1399312541399757,0.07162259464706733,0.7884461512129569
25970,LOF,0.06625261668004762,0.05809999732003839,0.8756473859999139
25971,LOF,0.06805253109596686,0.027294629179793514,0.9046528397242397
25972,LOF,0.08028695642827875,0.04282419391188447,0.8768888496598367
25973,LOF,0.05972783881834382,0.00992691414873257,0.9303452470329237
25974,LOF,0.06011610502487364,0.04296241169860472,0.8969214832765217
25975,LOF,0.033407432418463966,0.014232672944704759,0.9523598946368312
25976,LOF,0.10094671786673692,0.013075928934734042,0.8859773531985291
25977,LOF,0.24195087541105686,0.05293668022404897,0.7051124443648943
25978,LOF,0.15182789102989752,0.16309478183536935,0.6850773271347332
25979,LOF,0.11977145665020388,0.17265844335123698,0.7075700999985591
25980,LOF,0.20406078108839498,0.2534742763068584,0.5424649426047466
25981,LOF,0.20525306820607372,0.2584036350807444,0.5363432967131819
25982,LOF,0.3492754161526023,0.12743284176019679,0.523291742087201
25983,LOF,0.43486193764595743,0.1277951328045835,0.4373429295494591
25984,LOF,0.06832741781377084,0.09622654691208905,0.8354460352741401
25985,LOF,0.43192479844484544,0.12243675112297751,0.4456384504321771
25986,LOF,0.01443380861860361,0.4171865674169859,0.5683796239644106
25987,LOF,0.03903475748089532,0.09973339025296317,0.8612318522661416
25988,LOF,0.06839262831753402,0.16155937612279497,0.770047995559671
25989,LOF,0.07012745582088076,0.23684947880300158,0.6930230653761177
25990,LOF,0.06512480084138327,0.3567883578853698,0.578086841273247
25991,GOF,0.023084526476870388,0.5404466159427139,0.43646885758041576
25992,LOF,0.011066766045667404,0.44457363096349867,0.5443596029908339
25993,LOF,0.018930782371259343,0.05928910805952115,0.9217801095692195
25994,LOF,0.023999141928454825,0.0713541976505648,0.9046466604209804
25995,LOF,0.017087501487898164,0.12397331194231716,0.8589391865697847
25996,GOF,0.3024445205880332,0.4343261683862093,0.2632293110257575
25997,GOF,0.05868747780847582,0.5215432658383009,0.41976925635322343
25998,LOF,0.2396008584033074,0.03805233090191038,0.7223468106947822
25999,LOF,0.02370270519584256,0.3361709285166482,0.6401263662875093
26000,LOF,0.1446616040096396,0.013563101458041828,0.8417752945323186
26001,LOF,0.16447589438150484,0.022787781913384503,0.8127363237051106
26002,LOF,0.09223339236152053,0.023314074639300544,0.884452532999179
26003,GOF,0.006325305439187979,0.5932854140353844,0.4003892805254276
26004,GOF,0.017491916374304303,0.5898564294912159,0.39265165413447994
26005,LOF,0.005031248053421005,0.4682118814339578,0.5267568705126212
26006,GOF,0.09301272436961248,0.4820259249627954,0.42496135066759205
26007,LOF,0.009462105713927273,0.46497841563939274,0.5255594786466801
26008,GOF,0.006698953494518681,0.5473766797770876,0.4459243667283937
26009,GOF,0.011934935530407505,0.5897581046572765,0.3983069598123159
26010,GOF,0.009673632410505999,0.5387126374255735,0.4516137301639204
26011,LOF,0.005832896491986404,0.40648337788091965,0.5876837256270939
26012,LOF,0.005344117451724345,0.4789598768367048,0.5156960057115708
26013,GOF,0.01194600546759698,0.5320866489768435,0.45596734555555957
26014,LOF,0.039735374893917846,0.07695224060053152,0.8833123845055506
26015,LOF,0.3923893727479368,0.02208441220403841,0.5855262150480248
26016,LOF,0.2611130635262317,0.026268506668634544,0.7126184298051337
26017,LOF,0.016956740758112696,0.1158340281574409,0.8672092310844464
26018,LOF,0.03296566947203937,0.053623265843864634,0.9134110646840959
26019,LOF,0.03249101970101425,0.04650346697144068,0.921005513327545
26020,LOF,0.0069392493718235075,0.10587664718765373,0.8871841034405228
26021,LOF,0.07910903515539289,0.048012947367192416,0.8728780174774147
26022,LOF,0.041702599658884246,0.022234240568053783,0.9360631597730619
26023,LOF,0.02517223682319404,0.035552347128135174,0.9392754160486708
26024,LOF,0.05403905659408735,0.03699104019276011,0.9089699032131526
26025,LOF,0.11826864231955521,0.04250416063942776,0.839227197041017
26026,LOF,0.11673516769363362,0.031416350797726346,0.85184848150864
26027,LOF,0.031761860739202175,0.021853385257769704,0.946384754003028
26028,LOF,0.06634632677767198,0.18287520270386148,0.7507784705184665
26029,LOF,0.029591139893711125,0.18690601989166136,0.7835028402146276
26030,LOF,0.117821878080754,0.025621607997226993,0.856556513922019
26031,LOF,0.013051936213419671,0.17351752754094166,0.8134305362456385
26032,LOF,0.03531809718679027,0.04756354470404483,0.9171183581091649
26033,LOF,0.038987329491488545,0.04733119012467006,0.9136814803838414
26034,LOF,0.017677368324099905,0.11556216309701729,0.8667604685788829
26035,LOF,0.012033204523175349,0.11793548426161993,0.8700313112152046
26036,LOF,0.011082154059299418,0.09331813942923017,0.8955997065114704
26037,LOF,0.011202556847755559,0.10006508825823367,0.8887323548940107
26038,LOF,0.03046365308418841,0.04236100900919189,0.9271753379066198
26039,LOF,0.02967572824386534,0.1389494091625054,0.8313748625936294
26040,LOF,0.08043007733316683,0.14198475060980642,0.7775851720570267
26041,LOF,0.013130727414446836,0.1027216705144235,0.8841476020711296
26042,LOF,0.012333669302414271,0.1069762070934095,0.8806901236041762
26043,LOF,0.03127727401319388,0.07524198586732729,0.893480740119479
26044,LOF,0.007418496053250513,0.056529179706812996,0.9360523242399365
26045,LOF,0.09673848615939719,0.19707613538286348,0.7061853784577393
26046,LOF,0.02799428221480256,0.04809792303032403,0.9239077947548734
26047,LOF,0.06570737670544775,0.04938209157487132,0.8849105317196809
26048,LOF,0.08784092243399473,0.022801649808995218,0.8893574277570101
26049,Neutral,0.9435258703239289,0.006357182858304193,0.05011694681776696
26050,Neutral,0.9103824576235371,0.007027904289984635,0.0825896380864784
26051,LOF,0.029249065051974176,0.3533317785366252,0.6174191564114007
26052,LOF,0.027062014403172,0.2770090670545173,0.6959289185423106
26053,LOF,0.01693973292906339,0.18692905407739743,0.7961312129935392
26054,LOF,0.05911328253078153,0.047026245633831294,0.8938604718353871
26055,LOF,0.08290219876126441,0.04097503205356067,0.8761227691851748
26056,LOF,0.06816566342478014,0.04846946680188045,0.8833648697733394
26057,LOF,0.07002559818727006,0.024475646107125854,0.905498755705604
26058,LOF,0.07703729202940196,0.020161238881924066,0.9028014690886739
26059,LOF,0.21689541160604045,0.05639991667283482,0.7267046717211246
26060,LOF,0.015440590992327311,0.21771180983701058,0.766847599170662
26061,LOF,0.010203333302606936,0.015478878253562285,0.9743177884438309
26062,LOF,0.0057479618172204,0.02653909894801966,0.96771293923476
26063,LOF,0.05288666340680381,0.01567633174488965,0.9314370048483065
26064,LOF,0.01439552497443371,0.021356822580652753,0.9642476524449135
26065,LOF,0.0710542535024343,0.02339017862461761,0.9055555678729481
26066,LOF,0.05874724886038586,0.0176862211547308,0.9235665299848833
26067,LOF,0.057758872241740346,0.014834775579668294,0.9274063521785912
26068,LOF,0.05469799890724806,0.03879250206746886,0.906509499025283
26069,LOF,0.18294491361542922,0.03365241306732643,0.7834026733172442
26070,LOF,0.38758431546134703,0.019528257880583752,0.5928874266580691
26071,LOF,0.058958531374378606,0.018324344311738263,0.9227171243138831
26072,LOF,0.006274434439659602,0.021746155172303508,0.9719794103880368
26073,LOF,0.04691999513922658,0.017163943357981895,0.9359160615027915
26074,Neutral,0.6738921001845891,0.013407574963141544,0.31270032485226923
26075,LOF,0.04608468982816162,0.029737403866744495,0.9241779063050939
26076,LOF,0.04484012256191616,0.02338583421875567,0.9317740432193282
26077,LOF,0.15997294936287043,0.014180071893242904,0.8258469787438866
26078,LOF,0.005662179342511405,0.03556487256581683,0.9587729480916718
26079,LOF,0.06000146272784427,0.030157385266693797,0.9098411520054618
26080,LOF,0.05872707857228963,0.03045300671960318,0.9108199147081072
26081,LOF,0.04714638890695466,0.01532034240079879,0.9375332686922465
26082,LOF,0.006073742909783721,0.025018355917014873,0.9689079011732015
26083,LOF,0.11428642968465477,0.028961090916343146,0.856752479399002
26084,LOF,0.14611336594241153,0.024104270045543268,0.8297823640120452
26085,LOF,0.128594725642276,0.020995850700205158,0.8504094236575188
26086,LOF,0.04092257566423815,0.022624947663309244,0.9364524766724525
26087,LOF,0.04522173640850796,0.021366721732845654,0.9334115418586464
26088,LOF,0.006369907914386091,0.05500048591803036,0.9386296061675835
26089,LOF,0.04348321128456986,0.04239570456010514,0.914121084155325
26090,LOF,0.04302031338469021,0.03844496232273076,0.9185347242925791
26091,LOF,0.034872427790891274,0.015005974781603067,0.9501215974275057
26092,LOF,0.04649190237222837,0.014060252091449397,0.9394478455363223
26093,LOF,0.06411028813445802,0.009057657529244015,0.926832054336298
26094,LOF,0.0383438130312315,0.012377299721816332,0.9492788872469521
26095,LOF,0.010477039045204105,0.03245280059639852,0.9570701603583973
26096,LOF,0.2475074006906548,0.006957529939211274,0.7455350693701339
26097,LOF,0.006258300294233952,0.06776642095448518,0.9259752787512808
26098,LOF,0.054598264246109744,0.02726567814519313,0.9181360576086971
26099,LOF,0.0474568590066531,0.030768974620628376,0.9217741663727186
26100,LOF,0.0474568590066531,0.030768974620628376,0.9217741663727186
26101,LOF,0.04871111729246909,0.05519919283388442,0.8960896898736466
26102,LOF,0.04009381020637989,0.02318553731084628,0.9367206524827738
26103,Neutral,0.8997183433389617,0.035370601353800026,0.0649110553072382
26104,LOF,0.053264348376202135,0.060798804026070886,0.8859368475977271
26105,LOF,0.26068076901920473,0.08979690207897564,0.6495223289018196
26106,LOF,0.2533546689297134,0.035124660447475,0.7115206706228117
26107,LOF,0.0156553028048317,0.05640495958803138,0.9279397376071369
26108,LOF,0.17258482045279086,0.05041551825799205,0.7769996612892172
26109,LOF,0.050864586820384,0.05117853636913874,0.8979568768104773
26110,LOF,0.41198460715521884,0.011058378690406847,0.5769570141543744
26111,LOF,0.07066326182521597,0.06445830112067176,0.8648784370541123
26112,LOF,0.07120122517827546,0.011131334455160962,0.9176674403665637
26113,LOF,0.11032161309376119,0.026745109512764816,0.8629332773934739
26114,LOF,0.09650875724643196,0.008329315621445036,0.895161927132123
26115,LOF,0.017790690035068616,0.07136980056967128,0.91083950939526
26116,LOF,0.08186824017314805,0.022961532575445216,0.8951702272514067
26117,LOF,0.36915349588658586,0.03728625273965154,0.5935602513737626
26118,LOF,0.038491968885072794,0.016206482091406627,0.9453015490235206
26119,LOF,0.005907576065155031,0.08092684921493346,0.9131655747199116
26120,LOF,0.03367938742362974,0.01342814289819006,0.9528924696781803
26121,LOF,0.004396139061002577,0.09643478255761566,0.8991690783813818
26122,LOF,0.005388413342864568,0.08627135531298921,0.9083402313441462
