feature0,prediction,LoGoFunc_Neutral,LoGoFunc_GOF,LoGoFunc_LOF
25546,Neutral,0.6265561925021228,0.09304969301712111,0.280394114480756
25547,GOF,0.3021129869991179,0.4362128544622324,0.2616741585386496
25548,LOF,0.2683772433188144,0.2713585078479684,0.4602642488332172
25549,LOF,0.2702133820038813,0.2664018696177787,0.4633847483783401
25550,Neutral,0.6265561925021228,0.09304969301712111,0.280394114480756
25551,Neutral,0.6265561925021228,0.09304969301712111,0.280394114480756
25552,LOF,0.1548594865843338,0.3021037615667245,0.5430367518489417
25553,Neutral,0.6265561925021228,0.09304969301712111,0.280394114480756
25554,LOF,0.2816344311317315,0.2417142717058849,0.47665129716238364
25555,LOF,0.15093678742703562,0.25772646797091914,0.5913367446020453
25556,LOF,0.2671439911683299,0.253792041334581,0.47906396749708907
25557,LOF,0.14166180009846757,0.26734905079507526,0.5909891491064572
25558,LOF,0.267434192623375,0.25520453033470103,0.4773612770419241
25559,LOF,0.25305529872160326,0.20243457920613664,0.5445101220722601
25560,GOF,0.04961829640819287,0.4927372539924673,0.45764444959933975
25561,LOF,0.1133391014627979,0.38658742855297984,0.5000734699842222
25562,LOF,0.35166400744241577,0.1477530552057765,0.5005829373518077
25563,Neutral,0.476208187872513,0.07541520183140712,0.44837661029607995
25564,LOF,0.22543285851403258,0.2860995094281548,0.4884676320578126
25565,LOF,0.09104676766721491,0.32327578164823145,0.5856774506845537
25566,GOF,0.042739899301853394,0.5834871431052849,0.37377295759286167
25567,LOF,0.295884712032264,0.08700383947300017,0.6171114484947358
25568,Neutral,0.6265561925021228,0.09304969301712111,0.280394114480756
25569,Neutral,0.6265561925021228,0.09304969301712111,0.280394114480756
25570,LOF,0.24533751639765336,0.14243736042857713,0.6122251231737694
25571,LOF,0.24467111123141347,0.11837355279834612,0.6369553359702405
25572,LOF,0.2511242791648862,0.09433908105063539,0.6545366397844784
25573,LOF,0.27839754205244416,0.13531142763974116,0.5862910303078147
25574,GOF,0.06542595208129004,0.6552076845133105,0.2793663634053995
25575,LOF,0.293264153735494,0.08810699854897525,0.6186288477155307
25576,LOF,0.29469353846310326,0.0874310245788458,0.617875436958051
25577,LOF,0.27839754205244416,0.13531142763974116,0.5862910303078147
25578,Neutral,0.6265561925021228,0.09304969301712111,0.280394114480756
25579,Neutral,0.6265561925021228,0.09304969301712111,0.280394114480756
25580,LOF,0.25880182002688534,0.11035335781556084,0.6308448221575539
25581,Neutral,0.6265561925021228,0.09304969301712111,0.280394114480756
25582,Neutral,0.6265561925021228,0.09304969301712111,0.280394114480756
25583,LOF,0.2690725564188206,0.14343070857226253,0.5874967350089169
25584,GOF,0.35326901429034085,0.3614049729974907,0.28532601271216834
25585,LOF,0.29533909379917717,0.0985966185205452,0.6060642876802776
25586,LOF,0.2706818763427604,0.18685462462451188,0.5424634990327277
25587,LOF,0.2704034526252988,0.1895731233176637,0.5400234240570375
25588,LOF,0.21931451397220497,0.20669834339677554,0.5739871426310195
25589,Neutral,0.6405946639659921,0.22831717164283835,0.13108816439116946
25590,LOF,0.21931451397220497,0.20669834339677554,0.5739871426310195
25591,Neutral,0.6265561925021228,0.09304969301712111,0.280394114480756
25592,LOF,0.2651652871653816,0.14554654158754846,0.5892881712470699
25593,GOF,0.09319171074923095,0.6568356726220427,0.24997261662872622
25594,Neutral,0.6265561925021228,0.09304969301712111,0.280394114480756
25595,Neutral,0.6265561925021228,0.09304969301712111,0.280394114480756
25596,LOF,0.2738460459040872,0.18947515582074043,0.5366787982751724
25597,LOF,0.2614237432676909,0.14473921263821657,0.5938370440940924
25598,Neutral,0.6265561925021228,0.09304969301712111,0.280394114480756
25599,GOF,0.050283640827579794,0.7202489699115924,0.22946738926082774
25600,GOF,0.05740862007791196,0.673905002598531,0.26868637732355705
25601,GOF,0.054306892608090365,0.6556947181432133,0.28999838924869636
25602,LOF,0.26170902879161756,0.12234261596806467,0.6159483552403178
25603,LOF,0.28510561485131375,0.12651166807681175,0.5883827170718745
25604,LOF,0.2728387203045273,0.17695955128308424,0.5502017284123885
25605,LOF,0.02271559153414691,0.36155544306746973,0.6157289653983834
25606,GOF,0.03419436755499391,0.5630557046431672,0.40274992780183877
25607,LOF,0.01929290479168485,0.35480220150917524,0.6259048936991398
25608,LOF,0.20962726159377026,0.28658169827353525,0.5037910401326945
25609,LOF,0.21646692828277092,0.19155178672422238,0.5919812849930067
25610,LOF,0.2754078351235529,0.1331242117081914,0.5914679531682557
25611,LOF,0.292396133083004,0.11280830636775468,0.5947955605492413
25612,Neutral,0.6265561925021228,0.09304969301712111,0.280394114480756
25613,Neutral,0.6265561925021228,0.09304969301712111,0.280394114480756
25614,LOF,0.2690725564188206,0.14343070857226253,0.5874967350089169
25615,LOF,0.2196798156074196,0.24099218506644218,0.5393279993261382
25616,LOF,0.22361710479086638,0.18968609526920638,0.5866967999399273
25617,LOF,0.2579193262763028,0.09311713069513591,0.6489635430285613
25618,LOF,0.2619684198101794,0.14640655884149373,0.591625021348327
25619,LOF,0.2810239971878157,0.16546803281301609,0.5535079699991683
25620,LOF,0.2814971605343978,0.12670811528644207,0.5917947241791601
25621,LOF,0.23709583122828587,0.17673042973287684,0.5861737390388373
25622,LOF,0.2553933104855446,0.10952479867051519,0.6350818908439402
25623,LOF,0.26895336110474855,0.13453017981604104,0.5965164590792105
25624,LOF,0.21931451397220497,0.20669834339677554,0.5739871426310195
25625,LOF,0.2639967443533501,0.1364075286862279,0.599595726960422
25626,Neutral,0.6265561925021228,0.09304969301712111,0.280394114480756
25627,GOF,0.05151034138588819,0.6508066410002553,0.2976830176138566
25628,LOF,0.42995457570620227,0.10102339524248566,0.4690220290513121
25629,Neutral,0.6265561925021228,0.09304969301712111,0.280394114480756
25630,LOF,0.07647740083691654,0.3650634450913952,0.5584591540716883
25631,Neutral,0.5671886168984981,0.2721363436801137,0.16067503942138825
25632,LOF,0.29254613534220314,0.1369475059679357,0.5705063586898611
25633,Neutral,0.6265561925021228,0.09304969301712111,0.280394114480756
25634,Neutral,0.6265561925021228,0.09304969301712111,0.280394114480756
25635,LOF,0.2815952312316693,0.12872913896416704,0.5896756298041637
25636,GOF,0.05094783382503382,0.7411899838946832,0.20786218228028308
25637,GOF,0.050062091169057174,0.5251390839814275,0.42479882484951526
25638,GOF,0.04158229825466459,0.7377636104604551,0.22065409128488023
25639,GOF,0.0381191432595303,0.5086686838121813,0.45321217292828825
25640,GOF,0.09990632509833897,0.7670569766480981,0.13303669825356287
25641,LOF,0.047424960393184515,0.3908598492060289,0.5617151904007867
25642,Neutral,0.6606037437538235,0.07093717049521464,0.26845908575096183
25643,LOF,0.26396719097763993,0.2111988610315024,0.5248339479908577
25644,GOF,0.05520417719780861,0.6625552791443127,0.28224054365787865
25645,GOF,0.05030916670114776,0.6284807130003124,0.32121012029853996
25646,GOF,0.048433144755708514,0.6799754875219127,0.2715913677223788
25647,GOF,0.047659123040615516,0.6947003878588787,0.25764048910050574
25648,GOF,0.043441214810480966,0.7321818063678976,0.22437697882162136
25649,GOF,0.05821302599282428,0.6787575248878278,0.263029449119348
25650,GOF,0.056110408682696684,0.6051639608544631,0.33872563046284027
25651,GOF,0.05000244946327957,0.5527188040528112,0.3972787464839092
25652,GOF,0.06826290707047837,0.5003926721185198,0.4313444208110019
25653,GOF,0.06572243406727588,0.5058970422485564,0.42838052368416774
25654,GOF,0.08098268022560685,0.6331159369746329,0.28590138279976024
25655,GOF,0.058884420344624766,0.7204936095891336,0.2206219700662416
25656,LOF,0.26531829781934574,0.26630034538412695,0.4683813567965273
25657,Neutral,0.5401488863743878,0.0655463560307331,0.39430475759487915
25658,GOF,0.0489881163898743,0.48616725963416274,0.46484462397596304
25659,GOF,0.12616095715268785,0.46042810422417507,0.41341093862313716
25660,LOF,0.3378693768754167,0.2392118079306013,0.42291881519398206
25661,LOF,0.28368392025684314,0.12397151168342764,0.5923445680597292
25662,LOF,0.27336622171956415,0.17512994788278718,0.5515038303976487
25663,LOF,0.2794985077347766,0.1374469233034487,0.5830545689617748
25664,LOF,0.2794985077347766,0.1374469233034487,0.5830545689617748
25665,Neutral,0.6265561925021228,0.09304969301712111,0.280394114480756
25666,LOF,0.25570571469733755,0.14840365837807154,0.5958906269245909
25667,LOF,0.27052319809238023,0.20315983439441407,0.5263169675132057
25668,LOF,0.2171498118590513,0.2134645556694586,0.5693856324714901
25669,LOF,0.22048200346100527,0.21337322421466476,0.5661447723243299
25670,LOF,0.2706818763427604,0.18685462462451188,0.5424634990327277
25671,LOF,0.2814971605343978,0.12670811528644207,0.5917947241791601
25672,Neutral,0.6265561925021228,0.09304969301712111,0.280394114480756
25673,LOF,0.2579193262763028,0.09311713069513591,0.6489635430285613
25674,LOF,0.2579193262763028,0.09311713069513591,0.6489635430285613
25675,LOF,0.26239086299880154,0.20016606935356887,0.5374430676476296
25676,LOF,0.2619684198101794,0.14640655884149373,0.591625021348327
25677,LOF,0.263752053095744,0.2588172802206276,0.4774306666836284
25678,LOF,0.2951502148479458,0.26214393586060447,0.44270584929144985
25679,LOF,0.3656253633216185,0.1163512953419823,0.5180233413363993
25680,LOF,0.36409527037807915,0.11633050089548695,0.519574228726434
25681,LOF,0.36409527037807915,0.11633050089548695,0.519574228726434
25682,LOF,0.2680307455329822,0.23317726679427728,0.4987919876727405
25683,LOF,0.263752053095744,0.2588172802206276,0.4774306666836284
25684,LOF,0.26685443470807985,0.2354445381510911,0.49770102714082903
25685,LOF,0.26531829781934574,0.26630034538412695,0.4683813567965273
25686,GOF,0.07688264297716133,0.6915899408505207,0.23152741617231776
25687,GOF,0.09249692138990638,0.7604090951961496,0.14709398341394403
25688,GOF,0.0323584839621183,0.5329228813473045,0.4347186346905772
25689,LOF,0.019856934748002823,0.44381947886555567,0.5363235863864415
25690,GOF,0.021690849815808048,0.5352842475003642,0.4430249026838277
25691,GOF,0.051327843324255516,0.547483971934773,0.40118818474097145
25692,LOF,0.2939520023468349,0.14405904739687378,0.5619889502562913
25693,GOF,0.15802531843712392,0.6199261191252471,0.2220485624376289
25694,Neutral,0.5647191354463788,0.032687187461164224,0.402593677092457
25695,LOF,0.26368234479001684,0.14144637525627224,0.5948712799537109
25696,LOF,0.26735802876762504,0.18611123812984792,0.5465307331025271
25697,LOF,0.2674081558903177,0.17800709827628222,0.5545847458334001
25698,GOF,0.06510655412094103,0.7550367299436176,0.17985671593544142
25699,GOF,0.05378022608503709,0.7087344784809432,0.2374852954340196
25700,LOF,0.2619684198101794,0.14640655884149373,0.591625021348327
25701,GOF,0.049374321082310185,0.5811568851592608,0.36946879375842895
25702,GOF,0.06241636754246851,0.740855613885512,0.19672801857201946
25703,LOF,0.25416586039879685,0.09373145170771871,0.6521026878934844
25704,LOF,0.24745109230298934,0.11665190911566806,0.6358969985813425
25705,LOF,0.375936316801633,0.12874328631072482,0.4953203968876422
25706,GOF,0.08646383050263594,0.6551604143443074,0.25837575515305655
25707,GOF,0.06913155936390625,0.49702422120942835,0.43384421942666535
25708,GOF,0.05885284249589196,0.521525303539708,0.4196218539643999
25709,LOF,0.25446309558091473,0.1959083648041076,0.5496285396149777
25710,LOF,0.26531829781934574,0.26630034538412695,0.4683813567965273
25711,LOF,0.28401412551178895,0.17788797453929617,0.5380978999489149
25712,LOF,0.2890202513643345,0.16635938951563362,0.5446203591200318
25713,LOF,0.28109427362831485,0.25015286605409126,0.4687528603175938
25714,LOF,0.3378693768754167,0.2392118079306013,0.42291881519398206
25715,LOF,0.2738460459040872,0.18947515582074043,0.5366787982751724
25716,LOF,0.27531688606268023,0.1487566021563345,0.5759265117809852
25717,LOF,0.26396719097763993,0.2111988610315024,0.5248339479908577
25718,LOF,0.26396719097763993,0.2111988610315024,0.5248339479908577
25719,LOF,0.2653655667697314,0.14450130317189422,0.5901331300583744
25720,LOF,0.2656137237933728,0.19294384707430146,0.5414424291323258
25721,LOF,0.28401412551178895,0.17788797453929617,0.5380978999489149
25722,LOF,0.28401412551178895,0.17788797453929617,0.5380978999489149
25723,LOF,0.2831048843894875,0.16541723899364827,0.5514778766168642
25724,LOF,0.2661184451827262,0.1893668983688528,0.544514656448421
25725,LOF,0.28401412551178895,0.17788797453929617,0.5380978999489149
25726,LOF,0.283609259459901,0.16024742492709448,0.5561433156130045
25727,LOF,0.283609259459901,0.16024742492709448,0.5561433156130045
25728,LOF,0.2890202513643345,0.16635938951563362,0.5446203591200318
25729,LOF,0.2890202513643345,0.16635938951563362,0.5446203591200318
25730,LOF,0.2890202513643345,0.16635938951563362,0.5446203591200318
25731,LOF,0.3022452679299706,0.11522761128808744,0.5825271207819419
25732,LOF,0.2769506883654836,0.13417316820961636,0.5888761434249001
25733,LOF,0.26328849997872544,0.17344725616241247,0.5632642438588621
25734,LOF,0.2619684198101794,0.14640655884149373,0.591625021348327
25735,LOF,0.2738460459040872,0.18947515582074043,0.5366787982751724
25736,LOF,0.2810239971878157,0.16546803281301609,0.5535079699991683
25737,LOF,0.2592885843063848,0.1704397676105354,0.5702716480830798
25738,LOF,0.28109427362831485,0.25015286605409126,0.4687528603175938
25739,LOF,0.29460592158044707,0.21907579612727485,0.4863182822922782
25740,LOF,0.375936316801633,0.12874328631072482,0.4953203968876422
25741,LOF,0.36653432312296935,0.13012632950415282,0.5033393473728778
25742,LOF,0.375936316801633,0.12874328631072482,0.4953203968876422
25743,LOF,0.24684872177774186,0.1350513339013652,0.6180999443208929
25744,GOF,0.06267288518497696,0.5622158890699425,0.3751112257450805
25745,GOF,0.04726869039325898,0.6653980459733561,0.2873332636333849
25746,GOF,0.04409022689519816,0.713275168591091,0.24263460451371086
25747,LOF,0.2247410264560935,0.1582124907098187,0.6170464828340878
25748,Neutral,0.6265561925021228,0.09304969301712111,0.280394114480756
25749,GOF,0.04700871814227185,0.6974758385763192,0.25551544328140885
25750,GOF,0.04492679297525775,0.6891099357415601,0.26596327128318203
25751,LOF,0.2680307455329822,0.23317726679427728,0.4987919876727405
25752,GOF,0.28182472319659685,0.38658279811113333,0.3315924786922699
25753,LOF,0.2450766531546731,0.18152617648402627,0.5733971703613006
25754,GOF,0.03736365597054496,0.620101933224907,0.342534410804548
25755,LOF,0.22315713567180162,0.2567393028443532,0.5201035614838453
25756,Neutral,0.6265561925021228,0.09304969301712111,0.280394114480756
25757,GOF,0.038337722455808056,0.661445566685892,0.3002167108582998
25758,GOF,0.038661209786076886,0.676148954794079,0.28518983541984405
25759,GOF,0.038274234723529775,0.670766332343146,0.2909594329333242
25760,LOF,0.21400772949090624,0.2801598324231405,0.5058324380859532
25761,GOF,0.043943860649540686,0.7133742780188861,0.24268186133157332
25762,Neutral,0.6265561925021228,0.09304969301712111,0.280394114480756
25763,LOF,0.24467111123141347,0.11837355279834612,0.6369553359702405
25764,GOF,0.2113144970707726,0.5055677457408929,0.28311775718833454
25765,GOF,0.03915966679264826,0.6727306196925037,0.288109713514848
25766,GOF,0.055650948971233676,0.7100983608410627,0.23425069018770353
25767,GOF,0.04812231927345281,0.7004576411894353,0.2514200395371119
25768,LOF,0.27531688606268023,0.1487566021563345,0.5759265117809852
25769,LOF,0.26103503851461896,0.12045501311701726,0.6185099483683638
25770,Neutral,0.6265561925021228,0.09304969301712111,0.280394114480756
25771,LOF,0.293264153735494,0.08810699854897525,0.6186288477155307
25772,LOF,0.28368392025684314,0.12397151168342764,0.5923445680597292
25773,LOF,0.2794877973963323,0.13115703636807366,0.5893551662355941
25774,Neutral,0.6265561925021228,0.09304969301712111,0.280394114480756
25775,LOF,0.26353121372387744,0.11340072081169696,0.6230680654644255
25776,LOF,0.2511242791648862,0.09433908105063539,0.6545366397844784
25777,Neutral,0.6265561925021228,0.09304969301712111,0.280394114480756
25778,LOF,0.26456416039876307,0.11083304603262038,0.6246027935686166
25779,GOF,0.07766642719412097,0.6931910405494642,0.22914253225641482
25780,GOF,0.07025869688639465,0.7553046034321886,0.17443669968141667
25781,GOF,0.06959894467759371,0.7423538492951569,0.18804720602724947
25782,GOF,0.06803294986599617,0.7698236023218589,0.16214344781214485
25783,GOF,0.06482152443724158,0.7502478788275584,0.18493059673520015
25784,GOF,0.07253442202318497,0.7177495576779397,0.20971602029887526
25785,GOF,0.054060842828450896,0.7551362520412571,0.19080290513029202
25786,GOF,0.062130784066099884,0.774548969202928,0.1633202467309722
25787,GOF,0.06441845119865486,0.7001880149386316,0.2353935338627135
25788,LOF,0.21931451397220497,0.20669834339677554,0.5739871426310195
25789,GOF,0.07284668427699094,0.7528275849031221,0.17432573081988684
25790,GOF,0.05770614151608314,0.7167770207713857,0.22551683771253106
25791,GOF,0.05730772903379234,0.6855302051935114,0.2571620657726963
25792,GOF,0.05999383346435608,0.6848824170478158,0.2551237494878282
25793,GOF,0.06028319211866526,0.7236108738908492,0.2161059339904857
25794,GOF,0.05717549288292309,0.709456549163288,0.23336795795378895
25795,GOF,0.047498396592927435,0.7392591809876552,0.21324242241941746
25796,GOF,0.0566265023656026,0.7610385085405179,0.18233498909387935
25797,GOF,0.06597842481481525,0.7770587015257698,0.15696287365941494
25798,GOF,0.06033532148545528,0.7669894605048994,0.17267521800964536
25799,GOF,0.06185529299852436,0.7620118905148834,0.1761328164865922
25800,GOF,0.06117278183235286,0.7755638746641778,0.16326334350346947
25801,GOF,0.05781433648130615,0.7548799884094123,0.18730567510928156
25802,GOF,0.0635321938677417,0.7688697352429357,0.16759807088932266
25803,GOF,0.057982009190239985,0.7430416796866077,0.1989763111231522
25804,GOF,0.08666424297032056,0.7262740517623288,0.1870617052673506
25805,GOF,0.06399138741515747,0.7589942113301881,0.17701440125465434
25806,GOF,0.060393944514983346,0.7605475759898471,0.17905847949516954
25807,GOF,0.054038037147087076,0.7105332529231742,0.23542870992973877
25808,GOF,0.05686367664123203,0.7135119795258824,0.2296243438328856
25809,GOF,0.06556197728643141,0.7217268486740377,0.21271117403953096
25810,GOF,0.061036213931063385,0.7360470587651631,0.2029167273037736
25811,GOF,0.06241981661661003,0.7072305673649378,0.23034961601845214
25812,GOF,0.06192753875885181,0.7425762875770748,0.19549617366407337
25813,GOF,0.05959481454622807,0.752329453678604,0.1880757317751679
25814,GOF,0.06709308061021137,0.7125228307282208,0.2203840886615679
25815,GOF,0.06790384763687704,0.7002311978482135,0.23186495451490952
25816,GOF,0.05107070917662628,0.7299975229838195,0.2189317678395541
25817,GOF,0.05130261155144903,0.7227652228157823,0.22593216563276877
25818,GOF,0.05886293420468253,0.6789304991019101,0.2622065666934075
25819,GOF,0.06354320901976847,0.6999503907463326,0.23650640023389907
25820,GOF,0.06611243979803906,0.7032767896964272,0.23061077050553377
25821,GOF,0.06818704709821323,0.7089581650798533,0.22285478782193338
25822,GOF,0.06647571545938537,0.7003056674170193,0.2332186171235954
25823,GOF,0.08628630458562525,0.6211745131397237,0.2925391822746509
25824,GOF,0.06569266891583232,0.6732473252719018,0.261060005812266
25825,GOF,0.06212300213588713,0.68411005729783,0.2537669405662828
25826,GOF,0.06569266891583232,0.6732473252719018,0.261060005812266
25827,GOF,0.06477539150317549,0.7711026005416737,0.16412200795515086
25828,GOF,0.05941993474931776,0.7612925704115828,0.17928749483909937
25829,LOF,0.2620596496136271,0.17122488392055207,0.5667154664658208
25830,LOF,0.24321952857168735,0.15067780498950237,0.6061026664388103
25831,GOF,0.05218176754960335,0.6411172533686973,0.30670097908169935
25832,GOF,0.05727920763445556,0.6888692730895657,0.25385151927597877
25833,GOF,0.057986270076941335,0.6981174974544981,0.24389623246856068
25834,GOF,0.05867996268035829,0.6288343329253581,0.31248570439428364
25835,GOF,0.05977921322942715,0.722723380762064,0.21749740600850886
25836,GOF,0.056784612732365396,0.6954150446062896,0.24780034266134512
25837,GOF,0.05901055606228117,0.6989594420894665,0.24203000184825238
25838,GOF,0.05725060169003167,0.7020691896300755,0.24068020867989287
25839,GOF,0.06066887703058568,0.640185509582943,0.29914561338647133
25840,GOF,0.061113955325529136,0.6716974294805864,0.2671886151938845
25841,GOF,0.05893681570611443,0.6592901983063862,0.2817729859874994
25842,GOF,0.06061785369619063,0.654935392358572,0.2844467539452373
25843,GOF,0.060634526306296996,0.6558259080980058,0.28353956559569726
25844,GOF,0.06107851652148543,0.6420032141247843,0.2969182693537302
25845,GOF,0.057574933683139165,0.7012211161263937,0.24120395019046717
25846,GOF,0.059319317180502,0.6458257145552816,0.2948549682642165
25847,GOF,0.06445868340156533,0.637164168219253,0.2983771483791816
25848,GOF,0.0716028852941611,0.7293249358706017,0.1990721788352372
25849,GOF,0.06947328372872177,0.7235010457691151,0.20702567050216314
25850,GOF,0.05889020211462728,0.7780142905380625,0.16309550734731043
25851,GOF,0.06639202379363657,0.7672684571981391,0.16633951900822427
25852,GOF,0.14868902464631137,0.5633583335893247,0.28795264176436386
25853,GOF,0.05767161791206249,0.7273148730516172,0.2150135090363203
25854,GOF,0.0662409079480381,0.7722851366840562,0.16147395536790562
25855,GOF,0.07022792803805009,0.6937456939751976,0.23602637798675238
25856,GOF,0.06699967590242344,0.6924883299754755,0.24051199412210117
25857,GOF,0.07345073502479442,0.7075265258303012,0.21902273914490444
25858,GOF,0.07022792803805009,0.6937456939751976,0.23602637798675238
25859,GOF,0.06847490787541959,0.703456424054085,0.22806866807049536
25860,GOF,0.06389434327605316,0.7145120357337348,0.22159362099021207
25861,GOF,0.0658213544687564,0.7089297507267358,0.22524889480450772
25862,GOF,0.05018302952407321,0.7741684227841391,0.17564854769178764
25863,GOF,0.057898334805394025,0.7462358777636119,0.19586578743099395
25864,GOF,0.05533948706029678,0.7381249295345453,0.20653558340515782
25865,GOF,0.05902674878383912,0.7531649768487877,0.1878082743673733
25866,GOF,0.05710759098087949,0.7509660118973965,0.1919263971217241
25867,GOF,0.05507143741666477,0.7496370862387965,0.1952914763445388
25868,GOF,0.058299255052886016,0.753717090536965,0.18798365441014897
25869,GOF,0.06402851561757664,0.7014583045820733,0.23451317980035008
25870,LOF,0.2728387203045273,0.17695955128308424,0.5502017284123885
25871,GOF,0.06806684915237306,0.6727348949342314,0.2591982559133954
25872,GOF,0.07203074803553135,0.6206754944970453,0.30729375746742355
25873,GOF,0.06376543315179911,0.7109310347894685,0.22530353205873235
25874,LOF,0.2559702700747762,0.11647828602032881,0.6275514439048951
25875,GOF,0.07236750097769107,0.6832414588929586,0.24439104012935026
25876,LOF,0.26292417169999116,0.2583618717515211,0.4787139565484877
25877,GOF,0.07345103113603986,0.690959127675422,0.23558984118853812
25878,GOF,0.07837704384175376,0.6709775504112558,0.25064540574699035
25879,GOF,0.08646383050263594,0.6551604143443074,0.25837575515305655
25880,LOF,0.27770632337788653,0.13889208058393365,0.5834015960381798
25881,Neutral,0.716800234693724,0.21161847144192275,0.07158129386435322
25882,LOF,0.2614237432676909,0.14473921263821657,0.5938370440940924
25883,LOF,0.24467111123141347,0.11837355279834612,0.6369553359702405
25884,LOF,0.2706818763427604,0.18685462462451188,0.5424634990327277
25885,Neutral,0.6229262404870042,0.02622823037236454,0.35084552914063144
25886,Neutral,0.6265561925021228,0.09304969301712111,0.280394114480756
25887,GOF,0.38716928580567994,0.45462637869193157,0.15820433550238852
25888,GOF,0.06980087414656934,0.7597347066455856,0.1704644192078449
25889,LOF,0.24684872177774186,0.1350513339013652,0.6180999443208929
25890,LOF,0.1335975426865984,0.20135522252045043,0.6650472347929512
25891,LOF,0.22314114533575777,0.0897061807251455,0.6871526739390967
25892,LOF,0.019873963692211304,0.43608479662706,0.5440412396807286
25893,LOF,0.3681447356820129,0.1269633772059949,0.5048918871119922
25894,LOF,0.3834731611600091,0.15810374632591767,0.4584230925140732
25895,Neutral,0.46501665827627553,0.2092742894084886,0.32570905231523595
25896,Neutral,0.6265561925021228,0.09304969301712111,0.280394114480756
25897,LOF,0.2511132541577196,0.19788898290016751,0.550997762942113
25898,GOF,0.07236232308294126,0.7439791839431393,0.1836584929739194
25899,Neutral,0.6265561925021228,0.09304969301712111,0.280394114480756
25900,Neutral,0.8129546116188375,0.0499551746331523,0.13709021374801017
25901,LOF,0.2741241280288842,0.1925117023355842,0.5333641696355316
25902,LOF,0.27451193939729596,0.12429597028343821,0.6011920903192658
25903,GOF,0.17493547099719295,0.5217573514615913,0.30330717754121583
25904,Neutral,0.6265561925021228,0.09304969301712111,0.280394114480756
25905,LOF,0.05537278177983314,0.44532117230706686,0.49930604591309996
25906,LOF,0.2358734831587717,0.1765952445891781,0.5875312722520502
25907,GOF,0.038122431266478705,0.597960832699961,0.36391673603356023
25908,GOF,0.03894656171151228,0.5963483553537667,0.364705082934721
25909,LOF,0.23173073404515554,0.3562739693609604,0.4119952965938841
25910,LOF,0.01998458768379519,0.4160807002278834,0.5639347120883215
25911,Neutral,0.6265561925021228,0.09304969301712111,0.280394114480756
25912,LOF,0.43781281911492237,0.03660264547014865,0.525584535414929
25913,GOF,0.02321686516969188,0.5971570413755397,0.3796260934547684
25914,LOF,0.2831048843894875,0.16541723899364827,0.5514778766168642
25915,GOF,0.07682614832721951,0.7310785457269696,0.19209530594581092
25916,GOF,0.062430372225436834,0.7047647808675718,0.23280484690699144
25917,Neutral,0.6265561925021228,0.09304969301712111,0.280394114480756
25918,LOF,0.23421585336060854,0.20292917764377336,0.562854968995618
25919,LOF,0.2635339829940146,0.12003872789567463,0.6164272891103107
25920,Neutral,0.36182901331147765,0.3540325910890326,0.28413839559948967
25921,LOF,0.2559619353103567,0.16332280483160638,0.580715259858037
25922,LOF,0.2511242791648862,0.09433908105063539,0.6545366397844784
25923,Neutral,0.6265561925021228,0.09304969301712111,0.280394114480756
25924,LOF,0.24388475765753337,0.14687104482248078,0.6092441975199859
25925,Neutral,0.6265561925021228,0.09304969301712111,0.280394114480756
25926,Neutral,0.6265561925021228,0.09304969301712111,0.280394114480756
25927,GOF,0.05450046741438843,0.609626949510624,0.3358725830749876
25928,LOF,0.2833981799195748,0.14224974610976115,0.5743520739706641
25929,Neutral,0.6265561925021228,0.09304969301712111,0.280394114480756
25930,LOF,0.27382533184844304,0.12102910862224746,0.6051455595293095
25931,LOF,0.28141191404702576,0.13071241692264113,0.5878756690303332
25932,LOF,0.293264153735494,0.08810699854897525,0.6186288477155307
25933,LOF,0.292396133083004,0.11280830636775468,0.5947955605492413
25934,LOF,0.2882171939874091,0.12119633236273615,0.5905864736498547
25935,Neutral,0.6265561925021228,0.09304969301712111,0.280394114480756
25936,LOF,0.2701669437483663,0.1342790630983644,0.5955539931532692
25937,LOF,0.21931451397220497,0.20669834339677554,0.5739871426310195
25938,Neutral,0.6265561925021228,0.09304969301712111,0.280394114480756
25939,LOF,0.2619684198101794,0.14640655884149373,0.591625021348327
25940,GOF,0.06338625617342904,0.7594292095579739,0.1771845342685971
25941,Neutral,0.4646611315321041,0.22621105975795983,0.3091278087099361
25942,LOF,0.2519746630050038,0.109270915391246,0.6387544216037502
25943,GOF,0.022411953035630417,0.6016451649595292,0.3759428820048405
25944,GOF,0.021002526923476678,0.5862516135873699,0.3927458594891535
25945,LOF,0.22361710479086638,0.18968609526920638,0.5866967999399273
25946,LOF,0.4047349274406321,0.051843068734799116,0.5434220038245688
25947,Neutral,0.6585250493431368,0.10699076752162466,0.23448418313523847
25948,LOF,0.24200056512798174,0.11871609223522306,0.6392833426367952
25949,LOF,0.27531688606268023,0.1487566021563345,0.5759265117809852
25950,GOF,0.05931738720443814,0.7064179764488249,0.23426463634673683
25951,GOF,0.03647989672797628,0.7595703250351579,0.20394977823686583
25952,LOF,0.1394998134511354,0.4157501589208131,0.4447500276280515
25953,GOF,0.04608315801526965,0.4871233184719577,0.4667935235127726
25954,GOF,0.040327898597070415,0.69503051879727,0.26464158260565956
25955,GOF,0.022149257745474042,0.6468283732825403,0.3310223689719857
25956,GOF,0.05471817827226513,0.5270602067618576,0.4182216149658773
25957,Neutral,0.6531324508294675,0.04367141521628679,0.3031961339542458
25958,LOF,0.2661956720656452,0.0996160208826206,0.6341883070517342
25959,GOF,0.02805534714205961,0.5790580093918263,0.3928866434661141
25960,LOF,0.27770632337788653,0.13889208058393365,0.5834015960381798
25961,LOF,0.2081436818789494,0.29100518871308273,0.5008511294079678
25962,LOF,0.24533751639765336,0.14243736042857713,0.6122251231737694
25963,GOF,0.022215328888746305,0.6195032413110919,0.35828142980016187
25964,LOF,0.3333122889845284,0.2350817767485353,0.4316059342669363
25965,GOF,0.15741906417588053,0.6301146411246081,0.2124662946995113
25966,Neutral,0.6265561925021228,0.09304969301712111,0.280394114480756
25967,LOF,0.28510561485131375,0.12651166807681175,0.5883827170718745
25968,GOF,0.24605267613864898,0.5392718763659508,0.21467544749540032
25969,Neutral,0.5168797935049771,0.03730575660174014,0.44581444989328267
25970,LOF,0.26292417169999116,0.2583618717515211,0.4787139565484877
25971,LOF,0.3571348641088706,0.14263926146401165,0.5002258744271177
25972,LOF,0.3571348641088706,0.14263926146401165,0.5002258744271177
25973,LOF,0.2754078351235529,0.1331242117081914,0.5914679531682557
25974,GOF,0.06716707333882366,0.6404139897698469,0.2924189368913294
25975,LOF,0.26875115307405606,0.13643063791413404,0.5948182090118099
25976,LOF,0.4064337363406829,0.0567534509396204,0.5368128127196966
25977,Neutral,0.5234967483169763,0.10486367422674331,0.3716395774562803
25978,LOF,0.27725885798897404,0.24507525595384766,0.4776658860571783
25979,LOF,0.14167695233777916,0.27201678223207226,0.5863062654301485
25980,Neutral,0.6265561925021228,0.09304969301712111,0.280394114480756
25981,Neutral,0.6265561925021228,0.09304969301712111,0.280394114480756
25982,LOF,0.2518201026437702,0.271426940557905,0.4767529567983248
25983,LOF,0.16324366217300318,0.3479238270799547,0.48883251074704215
25984,LOF,0.2565564098296771,0.16108562621964512,0.5823579639506778
25985,Neutral,0.6977456853412449,0.20901328885591805,0.09324102580283695
25986,GOF,0.04922647393456057,0.6764006874753853,0.2743728385900543
25987,LOF,0.2770827997120483,0.12281873666314426,0.6000984636248073
25988,LOF,0.24628669683449625,0.14477599950210107,0.6089373036634027
25989,LOF,0.20962726159377026,0.28658169827353525,0.5037910401326945
25990,LOF,0.22201578238865557,0.37185006825186206,0.4061341493594825
25991,GOF,0.06847827873892433,0.5276553549389742,0.4038663663221015
25992,GOF,0.07142398365671539,0.6922860812692974,0.23628993507398738
25993,LOF,0.29772009109359215,0.1048005290103645,0.5974793798960433
25994,LOF,0.24388475765753337,0.14687104482248078,0.6092441975199859
25995,LOF,0.25305529872160326,0.20243457920613664,0.5445101220722601
25996,GOF,0.2723464882967038,0.46000054084185404,0.2676529708614422
25997,GOF,0.15929019838188693,0.5951458074419437,0.24556399417616948
25998,GOF,0.24998690463979817,0.3956832272967534,0.35432986806344846
25999,LOF,0.018809383772221754,0.4902663463188389,0.49092426990893934
26000,LOF,0.35640445219273215,0.05633866418585068,0.5872568836214171
26001,LOF,0.22753128661048863,0.2911917911427019,0.48127692224680957
26002,LOF,0.23421585336060854,0.20292917764377336,0.562854968995618
26003,GOF,0.04812231927345281,0.7004576411894353,0.2514200395371119
26004,GOF,0.11135235534052607,0.692425424098706,0.19622222056076805
26005,GOF,0.0583391595051539,0.7371135609976972,0.20454727949714885
26006,GOF,0.06126944334877076,0.6931329239588392,0.24559763269239007
26007,GOF,0.0567062193345918,0.7594295907949019,0.1838641898705062
26008,GOF,0.14423055983566843,0.6039050922906194,0.25186434787371215
26009,GOF,0.0512310674027015,0.7044748194476232,0.24429411314967528
26010,GOF,0.04979679863530484,0.7576390236169578,0.19256417774773726
26011,GOF,0.051952500721709004,0.7725310616397509,0.17551643763854
26012,GOF,0.045613724891402044,0.7146773957607988,0.2397088793477992
26013,GOF,0.05036824709069613,0.7541400180580953,0.19549173485120847
26014,LOF,0.27001544310650943,0.19886220322788042,0.5311223536656102
26015,LOF,0.21400772949090624,0.2801598324231405,0.5058324380859532
26016,LOF,0.2034570477928746,0.3886746446070074,0.4078683076001181
26017,GOF,0.017734208621798045,0.6194023034418956,0.3628634879363063
26018,LOF,0.24479542134487206,0.15390221491757836,0.6013023637375496
26019,LOF,0.2545188395516181,0.11094166852619583,0.6345394919221861
26020,GOF,0.027569471504359705,0.5689965511977918,0.4034339772978485
26021,LOF,0.35844429973722064,0.21267870202672728,0.42887699823605213
26022,LOF,0.38249682465103907,0.07998904335975011,0.5375141319892107
26023,LOF,0.29533909379917717,0.0985966185205452,0.6060642876802776
26024,LOF,0.1580490352845245,0.23852281196505082,0.6034281527504246
26025,GOF,0.02595549174849945,0.5134381250675419,0.4606063831839586
26026,GOF,0.021744074572077686,0.6014807450178101,0.3767751804101122
26027,LOF,0.28510561485131375,0.12651166807681175,0.5883827170718745
26028,GOF,0.23050378498442758,0.43738700296050487,0.33210921205506755
26029,GOF,0.047558848240601546,0.6908937072782723,0.2615474444811262
26030,Neutral,0.5795059413667075,0.027097578722058167,0.3933964799112342
26031,GOF,0.05258189029178675,0.6399550827062858,0.30746302700192757
26032,LOF,0.2544647821793938,0.09177271400312205,0.653762503817484
26033,LOF,0.3026058757477399,0.11650229546662667,0.5808918287856335
26034,GOF,0.05977106635088465,0.6655050730544606,0.27472386059465476
26035,GOF,0.057486960041408075,0.6603081454732319,0.28220489448535996
26036,GOF,0.0511172284107949,0.5062190860194181,0.442663685569787
26037,GOF,0.05426844460977672,0.7382640372270968,0.20746751816312642
26038,LOF,0.2653655667697314,0.14450130317189422,0.5901331300583744
26039,GOF,0.06652201234554152,0.5132339775021086,0.4202440101523498
26040,LOF,0.283609259459901,0.16024742492709448,0.5561433156130045
26041,GOF,0.08694967731162992,0.6193995389542456,0.2936507837341245
26042,GOF,0.08611791120706429,0.6113935814801957,0.30248850731274
26043,LOF,0.2661728321032055,0.3151747404027754,0.4186524274940191
26044,LOF,0.2998944354291097,0.2439226822625473,0.456182882308343
26045,GOF,0.09502327826874728,0.7260099041944289,0.17896681753682378
26046,LOF,0.28109427362831485,0.25015286605409126,0.4687528603175938
26047,LOF,0.35719285859496475,0.14182139643278557,0.5009857449722497
26048,LOF,0.3656253633216185,0.1163512953419823,0.5180233413363993
26049,Neutral,0.6265561925021228,0.09304969301712111,0.280394114480756
26050,Neutral,0.6265561925021228,0.09304969301712111,0.280394114480756
26051,GOF,0.03602700681095056,0.7704352732520003,0.19353771993704924
26052,GOF,0.03824189082442248,0.7619303372399294,0.199827771935648
26053,LOF,0.27052319809238023,0.20315983439441407,0.5263169675132057
26054,Neutral,0.6265561925021228,0.09304969301712111,0.280394114480756
26055,Neutral,0.6265561925021228,0.09304969301712111,0.280394114480756
26056,Neutral,0.6265561925021228,0.09304969301712111,0.280394114480756
26057,LOF,0.23547968561692095,0.23820765999785792,0.5263126543852211
26058,LOF,0.2326143870456619,0.22592000264329,0.541465610311048
26059,Neutral,0.813486236049159,0.0499494848227092,0.13656427912813174
26060,GOF,0.047632127212987006,0.6996552845580594,0.2527125882289536
26061,LOF,0.27382533184844304,0.12102910862224746,0.6051455595293095
26062,LOF,0.29469353846310326,0.0874310245788458,0.617875436958051
26063,LOF,0.2817313239814893,0.12645657827239154,0.5918120977461192
26064,LOF,0.2728387203045273,0.17695955128308424,0.5502017284123885
26065,LOF,0.2741241280288842,0.1925117023355842,0.5333641696355316
26066,LOF,0.2769506883654836,0.13417316820961636,0.5888761434249001
26067,LOF,0.3022452679299706,0.11522761128808744,0.5825271207819419
26068,Neutral,0.6265561925021228,0.09304969301712111,0.280394114480756
26069,Neutral,0.6265561925021228,0.09304969301712111,0.280394114480756
26070,Neutral,0.6265561925021228,0.09304969301712111,0.280394114480756
26071,LOF,0.2641008811738735,0.1235510025537976,0.6123481162723289
26072,LOF,0.26353121372387744,0.11340072081169696,0.6230680654644255
26073,LOF,0.2631070982818144,0.11189187705619963,0.6250010246619859
26074,Neutral,0.8286230698813009,0.05010512896050351,0.12127180115819554
26075,Neutral,0.6265561925021228,0.09304969301712111,0.280394114480756
26076,LOF,0.24467111123141347,0.11837355279834612,0.6369553359702405
26077,Neutral,0.5244174348660812,0.030934876016362793,0.444647689117556
26078,LOF,0.2950511137608893,0.14236564519343192,0.5625832410456788
26079,Neutral,0.6265561925021228,0.09304969301712111,0.280394114480756
26080,Neutral,0.6265561925021228,0.09304969301712111,0.280394114480756
26081,LOF,0.28094448802328664,0.1306449718019569,0.5884105401747564
26082,LOF,0.2639967443533501,0.1364075286862279,0.599595726960422
26083,LOF,0.21931451397220497,0.20669834339677554,0.5739871426310195
26084,LOF,0.21931451397220497,0.20669834339677554,0.5739871426310195
26085,LOF,0.2171498118590513,0.2134645556694586,0.5693856324714901
26086,LOF,0.26328849997872544,0.17344725616241247,0.5632642438588621
26087,LOF,0.27336622171956415,0.17512994788278718,0.5515038303976487
26088,LOF,0.27336622171956415,0.17512994788278718,0.5515038303976487
26089,Neutral,0.6265561925021228,0.09304969301712111,0.280394114480756
26090,Neutral,0.6265561925021228,0.09304969301712111,0.280394114480756
26091,LOF,0.27451193939729596,0.12429597028343821,0.6011920903192658
26092,LOF,0.28141687921390357,0.13377226904008327,0.5848108517460131
26093,LOF,0.28141687921390357,0.13377226904008327,0.5848108517460131
26094,LOF,0.29533909379917717,0.0985966185205452,0.6060642876802776
26095,LOF,0.30363527858599815,0.09206948174142121,0.6042952396725806
26096,Neutral,0.5285539441514672,0.03455000763240605,0.4368960482161268
26097,LOF,0.27451193939729596,0.12429597028343821,0.6011920903192658
26098,Neutral,0.6265561925021228,0.09304969301712111,0.280394114480756
26099,LOF,0.2815952312316693,0.12872913896416704,0.5896756298041637
26100,LOF,0.2815952312316693,0.12872913896416704,0.5896756298041637
26101,LOF,0.2728387203045273,0.17695955128308424,0.5502017284123885
26102,LOF,0.26310172472991006,0.12018769820437837,0.6167105770657115
26103,Neutral,0.6265561925021228,0.09304969301712111,0.280394114480756
26104,Neutral,0.6265561925021228,0.09304969301712111,0.280394114480756
26105,LOF,0.2868094468198632,0.1985881084975654,0.5146024446825714
26106,Neutral,0.47250368312492486,0.19132897184296271,0.3361673450321125
26107,GOF,0.041051320038910835,0.6424246030443278,0.3165240769167614
26108,GOF,0.2675045547048845,0.4760236411343073,0.2564718041608081
26109,LOF,0.22379026161716895,0.28602708685591643,0.4901826515269147
26110,LOF,0.3571348641088706,0.14263926146401165,0.5002258744271177
26111,LOF,0.04543435367096116,0.46972775045065784,0.48483789587838105
26112,LOF,0.28510561485131375,0.12651166807681175,0.5883827170718745
26113,LOF,0.29460592158044707,0.21907579612727485,0.4863182822922782
26114,LOF,0.36242929938475416,0.19210536916542034,0.4454653314498256
26115,GOF,0.01972831605197609,0.7081461868538232,0.2721254970942008
26116,LOF,0.233417489894953,0.3683094379293796,0.3982730721756673
26117,Neutral,0.6265561925021228,0.09304969301712111,0.280394114480756
26118,LOF,0.24324029676684367,0.15799830347692778,0.5987613997562286
26119,LOF,0.019193598405923235,0.37485942145927986,0.6059469801347969
26120,LOF,0.25880182002688534,0.11035335781556084,0.6308448221575539
26121,LOF,0.01916893749323854,0.39893235520738973,0.5818987072993718
26122,LOF,0.02097646888999708,0.3273700786335923,0.6516534524764105
26123,LOF,0.02036860155373997,0.343503675876035,0.636127722570225
26124,LOF,0.019008851946180776,0.4453838911830368,0.5356072568707825
26125,LOF,0.11313408959100019,0.3108008347569858,0.576065075652014
