feature0,prediction,LoGoFunc_Neutral,LoGoFunc_GOF,LoGoFunc_LOF
25546,Neutral,0.7378789847063599,0.0352568282431852,0.22686418705045486
25547,Neutral,0.5728660032400673,0.07732596312607332,0.34980803363385926
25548,Neutral,0.5977738398195402,0.05888557623414018,0.3433405839463195
25549,Neutral,0.4996664151949968,0.057867964977228396,0.4424656198277749
25550,LOF,0.3527447882438577,0.10993834611162401,0.5373168656445182
25551,LOF,0.300780391419277,0.12331236332692443,0.5759072452537985
25552,LOF,0.22139556411819536,0.11354593636065752,0.665058499521147
25553,Neutral,0.8464757524486686,0.03027272677225397,0.12325152077907761
25554,LOF,0.2548681007161168,0.10971433771418106,0.6354175615697022
25555,LOF,0.2115657833227492,0.09183925371649082,0.69659496296076
25556,LOF,0.4133338955558713,0.10161438801803385,0.48505171642609485
25557,LOF,0.20558748974275162,0.09980206005607599,0.6946104502011724
25558,LOF,0.24553729840771976,0.11133174277911223,0.6431309588131681
25559,LOF,0.3630804869460725,0.17871968050792167,0.4581998325460059
25560,LOF,0.04648337454586528,0.1578605044532953,0.7956561210008395
25561,LOF,0.09610442397852831,0.1601774216400399,0.7437181543814319
25562,LOF,0.09287727349681628,0.05253590898081974,0.8545868175223641
25563,LOF,0.09052147394039355,0.07577096336050096,0.8337075626991055
25564,LOF,0.1939070869115683,0.11994920966125333,0.6861437034271783
25565,LOF,0.15783049282732223,0.0940958449083929,0.7480736622642848
25566,GOF,0.017767775883951974,0.7770231186387557,0.2052091054772922
25567,LOF,0.013739343205799021,0.14841810379781453,0.8378425529963864
25568,LOF,0.05389221076519392,0.05678890431719578,0.8893188849176104
25569,LOF,0.06057480770565842,0.053403897749395385,0.886021294544946
25570,LOF,0.06562456628826922,0.0898668691435435,0.8445085645681873
25571,LOF,0.061768670667727066,0.08319970476228189,0.855031624569991
25572,LOF,0.07178734603182922,0.10755016193089036,0.8206624920372805
25573,LOF,0.026617513338643744,0.07544916902953432,0.8979333176318219
25574,LOF,0.015863398538734478,0.13268264534692867,0.8514539561143368
25575,LOF,0.04827595904747255,0.09733023126891606,0.8543938096836113
25576,LOF,0.01943825088681971,0.10288317275594085,0.8776785763572396
25577,LOF,0.015318618538264028,0.11472885603820748,0.8699525254235284
25578,LOF,0.2486648803646504,0.06922695669863432,0.6821081629367153
25579,LOF,0.24931096034727396,0.06865152201160629,0.6820375176411198
25580,LOF,0.032986750168334016,0.06795688672883358,0.8990563631028324
25581,LOF,0.056688936196533014,0.056315334450267075,0.8869957293531998
25582,LOF,0.05631101557664512,0.05384920420903956,0.8898397802143154
25583,LOF,0.045433563272227896,0.07878558332362831,0.8757808534041437
25584,Neutral,0.4630825850677476,0.10182776050001194,0.4350896544322404
25585,LOF,0.0358832113775538,0.10529588193353584,0.8588209066889104
25586,LOF,0.030867385565082155,0.06621873209437407,0.9029138823405437
25587,LOF,0.029877408008411096,0.06268373153529788,0.907438860456291
25588,LOF,0.03130351084399968,0.08000425537665908,0.8886922337793413
25589,Neutral,0.616326646772234,0.11330916841687662,0.2703641848108893
25590,LOF,0.03017166014075304,0.1122520444506936,0.8575762954085533
25591,LOF,0.11863660712650395,0.04789796898871173,0.8334654238847843
25592,LOF,0.09321751308957511,0.11294934065657242,0.7938331462538524
25593,LOF,0.022205250735563273,0.22381214179823283,0.7539826074662039
25594,LOF,0.041699150187371796,0.21802621578716974,0.7402746340254585
25595,LOF,0.04804512150249932,0.1630895454707951,0.7888653330267056
25596,LOF,0.05316777544115508,0.07636673557282166,0.8704654889860233
25597,LOF,0.0459529605496338,0.08755172869607204,0.8664953107542942
25598,LOF,0.04473355006966513,0.15448693253637547,0.8007795173939595
25599,GOF,0.00868892804808053,0.6866725266250467,0.30463854532687273
25600,GOF,0.012502317799217632,0.5863333045346136,0.4011643776661687
25601,LOF,0.006659199923997165,0.46582965648219216,0.5275111435938107
25602,LOF,0.025587745410950234,0.03852397874231789,0.935888275846732
25603,LOF,0.05561179961044489,0.025986287604469003,0.9184019127850861
25604,LOF,0.06612111208855583,0.02688581196680405,0.9069930759446401
25605,LOF,0.017241471638677428,0.18068607831267816,0.8020724500486444
25606,LOF,0.1236690349519082,0.4070875701793343,0.4692433948687576
25607,LOF,0.006355534896205862,0.17829064377676251,0.8153538213270316
25608,LOF,0.0745626238340919,0.04744553498440912,0.8779918411814989
25609,LOF,0.03466132483079888,0.40737208086717985,0.5579665943020212
25610,LOF,0.04156051425510725,0.025133615789063743,0.933305869955829
25611,LOF,0.04052255924200219,0.02529061559265744,0.9341868251653405
25612,LOF,0.09756468660902703,0.03329063670778718,0.8691446766831857
25613,LOF,0.08123518227998323,0.0337618929743087,0.8850029247457082
25614,LOF,0.030393062672476552,0.03270426995206658,0.9369026673754568
25615,LOF,0.059969325415610404,0.031585100003493335,0.9084455745808964
25616,LOF,0.03316189919133903,0.031059506220664407,0.9357785945879966
25617,LOF,0.030970776816408394,0.03551779129272929,0.9335114318908623
25618,LOF,0.18210140289456306,0.027477400352718073,0.7904211967527189
25619,LOF,0.02991901742473578,0.028882215939202833,0.9411987666360613
25620,LOF,0.03298216185746751,0.0400773078682957,0.9269405302742368
25621,LOF,0.03222347269778825,0.027114806164650344,0.9406617211375614
25622,LOF,0.036142389177463645,0.03312134264098753,0.9307362681815488
25623,LOF,0.07735809407850178,0.024690452385675056,0.8979514535358231
25624,LOF,0.028040872924861182,0.03437127113757197,0.9375878559375669
25625,LOF,0.03802553760928266,0.04208157570457304,0.9198928866861443
25626,LOF,0.08429157316651434,0.029839413089229046,0.8858690137442565
25627,Neutral,0.5478293569298646,0.14093795854993718,0.31123268452019826
25628,LOF,0.17162841585784686,0.07323332092090497,0.7551382632212481
25629,LOF,0.06806884455330635,0.08157203075173618,0.8503591246949574
25630,LOF,0.14953793725447098,0.11490025637474631,0.7355618063707827
25631,Neutral,0.549326822926792,0.09167498644343612,0.3589981906297719
25632,LOF,0.02452399938501667,0.06128470213066062,0.9141912984843226
25633,LOF,0.21753094901639555,0.06698789324173428,0.7154811577418703
25634,LOF,0.0338782637452884,0.1042926793514264,0.8618290569032853
25635,LOF,0.036044886265569794,0.07581235830499336,0.8881427554294369
25636,GOF,0.004568041622931564,0.6266075131646369,0.3688244452124316
25637,GOF,0.005355800206174174,0.6033009644606824,0.3913432353331435
25638,LOF,0.010305926689576408,0.4062248033757547,0.583469269934669
25639,LOF,0.004785118521210734,0.47568578334358824,0.519529098135201
25640,Neutral,0.5039439292360895,0.4300954136592948,0.06596065710461559
25641,LOF,0.008418539596097032,0.3075494379313108,0.6840320224725922
25642,LOF,0.27844929928964274,0.059823087143274584,0.6617276135670827
25643,LOF,0.24199431999278168,0.13252665621232088,0.6254790237948975
25644,GOF,0.015548111653562536,0.6331401409437916,0.35131174740264587
25645,GOF,0.01495135701187918,0.5955384149080569,0.3895102280800639
25646,LOF,0.016773838709015762,0.3928294853044404,0.5903966759865438
25647,LOF,0.014203793212219611,0.3191019526292063,0.666694254158574
25648,LOF,0.012956407076695911,0.35114544922915103,0.6358981436941531
25649,LOF,0.012355146636097,0.262608687178636,0.725036166185267
25650,GOF,0.031613957782092826,0.6050303990508289,0.3633556431670783
25651,LOF,0.009951805766829452,0.36335596141612075,0.6266922328170498
25652,LOF,0.017542632607676856,0.3175529943334673,0.6649043730588557
25653,GOF,0.0760531920894025,0.46829115265604465,0.45565565525455287
25654,LOF,0.015819711625792997,0.19210713154740033,0.7920731568268067
25655,GOF,0.10821896681650293,0.4557894568338299,0.43599157634966723
25656,LOF,0.0623320116847161,0.08633333234745638,0.8513346559678275
25657,LOF,0.2703388189207118,0.04016395223523197,0.6894972288440561
25658,LOF,0.04253669609136446,0.09500672379972408,0.8624565801089114
25659,LOF,0.2630905846595637,0.059925761739246436,0.6769836536011898
25660,LOF,0.07752821423153161,0.0980544876213514,0.8244172981471171
25661,LOF,0.050430352584464905,0.07007177746881994,0.8794978699467151
25662,LOF,0.029685164588498764,0.04364721910039519,0.9266676163111062
25663,LOF,0.041216346633550414,0.06786770760495188,0.8909159457614977
25664,LOF,0.04050343088461152,0.08395889134796368,0.8755376777674249
25665,LOF,0.05939751539318393,0.04850805691300452,0.8920944276938116
25666,LOF,0.04062234890460175,0.12884730686694806,0.8305303442284503
25667,LOF,0.0291015817402888,0.05418555375185445,0.9167128645078567
25668,LOF,0.035444189429817405,0.05746981581797572,0.9070859947522067
25669,LOF,0.04161339062846254,0.09646081209508608,0.8619257972764512
25670,LOF,0.17985373766535614,0.0587198034437466,0.7614264588908973
25671,LOF,0.03910108151742924,0.04627659875719111,0.9146223197253797
25672,LOF,0.0581709769457988,0.06626210722091176,0.8755669158332895
25673,LOF,0.04375566634786417,0.06159075039792517,0.8946535832542105
25674,LOF,0.03379827055714142,0.07011643946387851,0.8960852899789801
25675,LOF,0.04520546746743162,0.05246457469672823,0.9023299578358402
25676,LOF,0.03324588464796873,0.05733057274913237,0.9094235426028988
25677,LOF,0.05884848421769335,0.06303561637894324,0.8781158994033634
25678,LOF,0.2523353654906638,0.04742699941120509,0.7002376350981311
25679,LOF,0.15332916115710318,0.057967939445193024,0.7887028993977038
25680,LOF,0.06327197920039035,0.09113175663396027,0.8455962641656494
25681,LOF,0.10812501106956025,0.08643157255631154,0.8054434163741282
25682,LOF,0.044023022693223134,0.07345044749296614,0.8825265298138107
25683,LOF,0.07758881631490072,0.08588407149722763,0.8365271121878716
25684,LOF,0.05269140080212947,0.07644838846997598,0.8708602107278945
25685,LOF,0.1252203246713741,0.032056416146293,0.8427232591823328
25686,LOF,0.039517022282307135,0.096725178032486,0.8637577996852068
25687,LOF,0.05545416825373381,0.07774313058963263,0.8668027011566337
25688,LOF,0.02501028827514144,0.09036691114075242,0.8846228005841061
25689,LOF,0.018701207821976762,0.08070649794342104,0.9005922942346022
25690,LOF,0.018076287732364322,0.07721911820614875,0.9047045940614868
25691,LOF,0.15116647278335274,0.10357290286836364,0.7452606243482836
25692,LOF,0.22536527179518748,0.01591261142230473,0.7587221167825078
25693,LOF,0.05426461471935936,0.14575322686587538,0.7999821584147652
25694,LOF,0.26624700307080734,0.013616392475320767,0.7201366044538718
25695,LOF,0.16606807435477539,0.020328323259018337,0.8136036023862063
25696,LOF,0.1670518380243347,0.011220716590620248,0.8217274453850452
25697,LOF,0.13731086422887942,0.029936286249989216,0.8327528495211313
25698,LOF,0.030328533732036533,0.36812443710170334,0.6015470291662601
25699,LOF,0.07876398233814552,0.060432938193346865,0.8608030794685076
25700,LOF,0.033989336173536264,0.00962276632490135,0.9563878975015625
25701,LOF,0.012267920339526846,0.06274386091404587,0.9249882187464273
25702,GOF,0.03308291751219174,0.7203785242591643,0.24653855822864393
25703,LOF,0.018177928326049038,0.16007742949925186,0.8217446421746992
25704,LOF,0.08511272877964854,0.15254362143077524,0.7623436497895764
25705,LOF,0.0691154286293187,0.23534366166316892,0.6955409097075124
25706,GOF,0.03666264957482701,0.5846196933080356,0.3787176571171374
25707,LOF,0.033160241694241664,0.4744181140651697,0.49242164424058854
25708,LOF,0.007863157040301796,0.4687598336168339,0.5233770093428642
25709,LOF,0.01827759257165835,0.06749477359957654,0.914227633828765
25710,LOF,0.008119235595866832,0.15352906493009538,0.8383516994740378
25711,LOF,0.021279459089636108,0.1207020407409921,0.8580185001693719
25712,LOF,0.009301272304101604,0.21347556762998643,0.7772231600659121
25713,LOF,0.019593291484634186,0.1094944839633493,0.8709122245520164
25714,LOF,0.021299154678483177,0.13913514400778412,0.8395657013137328
25715,LOF,0.020487725800935764,0.12301092082994668,0.8565013533691176
25716,LOF,0.013528905849737273,0.11464558066717469,0.8718255134830881
25717,LOF,0.006211755616394915,0.11385752203135772,0.8799307223522473
25718,LOF,0.020419888187665877,0.08152435823867497,0.8980557535736592
25719,LOF,0.03586371434631305,0.08918449310423851,0.8749517925494484
25720,LOF,0.028789971660693255,0.08292569413499462,0.8882843342043121
25721,LOF,0.024322618303163394,0.09278034837318641,0.8828970333236501
25722,LOF,0.016669601453736176,0.12427696638078553,0.8590534321654784
25723,LOF,0.02177885790314651,0.07658216846116005,0.9016389736356935
25724,LOF,0.0263505851356346,0.13099587659159065,0.8426535382727748
25725,LOF,0.02117363258333254,0.06908311743681708,0.9097432499798503
25726,LOF,0.016436287894938655,0.10047352691610849,0.8830901851889529
25727,LOF,0.021591397693831563,0.09052638769464257,0.8878822146115258
25728,LOF,0.020533409637925448,0.09810876998473574,0.8813578203773389
25729,LOF,0.02020281270429761,0.10712139522302834,0.8726757920726741
25730,LOF,0.021857829868796766,0.08164161445972057,0.8965005556714826
25731,LOF,0.010982101920972598,0.1679089345510365,0.821108963527991
25732,LOF,0.020044785195164908,0.09478164341874944,0.8851735713860857
25733,LOF,0.027989517922984982,0.09199589994568681,0.8800145821313281
25734,LOF,0.007330814523656838,0.19450130039085278,0.7981678850854904
25735,LOF,0.022210631879962375,0.07774619623260984,0.9000431718874278
25736,LOF,0.020287594679286845,0.12947601902750724,0.850236386293206
25737,LOF,0.03789227205387981,0.11247116941719626,0.849636558528924
25738,LOF,0.02143584040614979,0.15221744632302975,0.8263467132708204
25739,LOF,0.023035662534512266,0.13974211583380008,0.8372222216316877
25740,LOF,0.05023139255902142,0.14757192475940645,0.8021966826815721
25741,LOF,0.02710266548006425,0.11997219612846413,0.8529251383914715
25742,LOF,0.04704418208133368,0.12680332454407606,0.8261524933745902
25743,LOF,0.012664865736037183,0.030944557480436324,0.9563905767835265
25744,LOF,0.15552739520317627,0.37090799326921836,0.4735646115276053
25745,LOF,0.029868497771952607,0.0661761864446623,0.9039553157833851
25746,LOF,0.01337033183109247,0.08916448600831862,0.897465182160589
25747,LOF,0.0305753961721683,0.03056097197589474,0.938863631851937
25748,LOF,0.25489789563098897,0.05352113093565752,0.6915809734333535
25749,LOF,0.013018894901858105,0.05355370865305122,0.9334273964450905
25750,LOF,0.016430469887963563,0.08878203285066441,0.894787497261372
25751,LOF,0.04146499197363934,0.05270881720652901,0.9058261908198316
25752,GOF,0.09734427877132891,0.6907929907535874,0.21186273047508378
25753,LOF,0.00706158419820977,0.37932890434936134,0.6136095114524289
25754,GOF,0.0075561840671118175,0.857606221271483,0.13483759466140516
25755,LOF,0.008341616283306114,0.42963420349900083,0.5620241802176931
25756,LOF,0.049103657611600196,0.4323118649851904,0.5185844774032093
25757,GOF,0.007536090712775708,0.8617289010829605,0.13073500820426365
25758,GOF,0.00939527477067794,0.8618658083891814,0.1287389168401407
25759,GOF,0.005871471674417393,0.5916470915303557,0.4024814367952269
25760,LOF,0.005907439512450872,0.3070467212067119,0.6870458392808373
25761,GOF,0.057477327248383996,0.8430718564997346,0.09945081625188147
25762,LOF,0.02912836146712334,0.36827317854701286,0.6025984599858637
25763,LOF,0.006692459981412363,0.2775385028404072,0.7157690371781804
25764,GOF,0.0745220118681759,0.6149779035225132,0.3105000846093109
25765,GOF,0.008520732007852062,0.8440765210814549,0.14740274691069308
25766,GOF,0.037667025118495664,0.8118100766933952,0.15052289818810916
25767,GOF,0.01058716910677653,0.5291618211489072,0.4602510097443163
25768,LOF,0.03591383212944307,0.0791715746123487,0.8849145932582082
25769,LOF,0.023830292559413047,0.08791007741683059,0.8882596300237563
25770,LOF,0.17623768130176407,0.06868124236937984,0.755081076328856
25771,LOF,0.015375742665212074,0.07441498668545833,0.9102092706493297
25772,LOF,0.023503358887764277,0.03373472637297712,0.9427619147392586
25773,LOF,0.02045675133602167,0.061129669960253215,0.918413578703725
25774,LOF,0.029391400058048467,0.10622055971641309,0.8643880402255384
25775,LOF,0.0224303030388156,0.04809618419760834,0.9294735127635759
25776,LOF,0.025457704105664728,0.02999061109706848,0.9445516847972667
25777,LOF,0.24182417570620784,0.08015947409819552,0.6780163501955967
25778,LOF,0.018860367209659036,0.06243329528337303,0.918706337506968
25779,GOF,0.03605766428327046,0.903423564724416,0.060518770992313474
25780,GOF,0.07512549253797748,0.8747943661840094,0.05008014127801325
25781,GOF,0.03614334991412422,0.8823067153294709,0.08154993475640482
25782,GOF,0.032759317519020524,0.909564801457989,0.057675881022990386
25783,GOF,0.02793707103367465,0.8576432575945993,0.11441967137172623
25784,GOF,0.08049901666011929,0.8797691740508224,0.039731809289058145
25785,GOF,0.07107622258521305,0.895122517529573,0.03380125988521395
25786,GOF,0.008399750893083575,0.8761017076949301,0.11549854141198634
25787,GOF,0.17275917738920993,0.7895131812694179,0.03772764134137228
25788,LOF,0.014874388493723927,0.19622741921579295,0.788898192290483
25789,GOF,0.018329747372224755,0.8879263978589614,0.09374385476881376
25790,GOF,0.017619333331996865,0.8909506837285558,0.09142998293944732
25791,GOF,0.019294146390739748,0.8628941191099885,0.11781173449927183
25792,GOF,0.02370412241771487,0.8694303465333573,0.10686553104892793
25793,GOF,0.05408426071994148,0.8337702946135288,0.11214544466652972
25794,GOF,0.05385753236876547,0.7904111090808363,0.1557313585503983
25795,GOF,0.04073365282001614,0.7955920369461064,0.16367431023387752
25796,GOF,0.08950132018256758,0.8335058350020564,0.07699284481537583
25797,GOF,0.06270005378534292,0.8039947374673626,0.13330520874729446
25798,GOF,0.004495000953881929,0.775142797309119,0.22036220173699897
25799,GOF,0.003723804906762823,0.6730481635452435,0.3232280315479937
25800,GOF,0.02155125475314867,0.8386565768566056,0.13979216839024597
25801,GOF,0.015912345671333386,0.8964536065391286,0.08763404778953786
25802,GOF,0.02607768787214765,0.8670147510886571,0.10690756103919517
25803,GOF,0.0177389522162212,0.7595791650622902,0.2226818827214887
25804,GOF,0.023271926125072596,0.7242672038417599,0.2524608700331674
25805,GOF,0.027126897096866616,0.781757979502979,0.19111512340015446
25806,GOF,0.023947058534276176,0.8300636111313642,0.14598933033435968
25807,GOF,0.007272142041429403,0.809855803118828,0.18287205483974264
25808,GOF,0.01612757629259518,0.8116025969203328,0.17226982678707212
25809,GOF,0.0087546748416976,0.8151780128936708,0.1760673122646317
25810,GOF,0.0069485092539000705,0.7992572752599554,0.19379421548614448
25811,GOF,0.04232989403368616,0.893009440169549,0.06466066579676481
25812,GOF,0.0273791124820968,0.8411483022293683,0.1314725852885349
25813,GOF,0.12033252303593173,0.8065648233119052,0.07310265365216298
25814,GOF,0.028180082446453883,0.8295152778711704,0.14230463968237567
25815,GOF,0.048205189485387906,0.852806788926038,0.09898802158857399
25816,GOF,0.008186016501193,0.8715337027371369,0.12028028076167008
25817,GOF,0.09160247230563627,0.8262257650868216,0.0821717626075422
25818,GOF,0.021858698396204263,0.852456166808153,0.12568513479564275
25819,GOF,0.06833595928077403,0.7867848528110967,0.14487918790812934
25820,GOF,0.027915727670596434,0.7949832446341494,0.17710102769525413
25821,GOF,0.020195165981574083,0.8004361616512008,0.17936867236722528
25822,GOF,0.035514023998158124,0.7951768537859466,0.16930912221589522
25823,GOF,0.02137874734278215,0.7131998573301179,0.26542139532709985
25824,GOF,0.02171232669187958,0.8417575802721987,0.13653009303592184
25825,GOF,0.017784192257184247,0.8350954228242355,0.14712038491858034
25826,GOF,0.007006915728329962,0.7848993822020687,0.20809370206960132
25827,GOF,0.011854660517881747,0.7551569234378844,0.23298841604423387
25828,GOF,0.00905614879247751,0.7571917054565186,0.23375214575100398
25829,GOF,0.003904705321197593,0.7563468009656344,0.239748493713168
25830,GOF,0.03125827483097584,0.5599263408403249,0.4088153843286993
25831,GOF,0.0503263341197466,0.832240093129157,0.11743357275109628
25832,GOF,0.007755358399242553,0.7955062626683119,0.19673837893244553
25833,GOF,0.029874809296761846,0.8454118966201628,0.12471329408307541
25834,GOF,0.008616395721851255,0.8084882882001673,0.18289531607798162
25835,GOF,0.02102759265447233,0.8742471479728565,0.10472525937267108
25836,GOF,0.005973881200055265,0.8175370154124199,0.17648910338752472
25837,GOF,0.0072970369061396735,0.7453143524054462,0.247388610688414
25838,GOF,0.01975822667249923,0.8595872157245135,0.12065455760298746
25839,GOF,0.046591834742513064,0.8378952264667685,0.11551293879071835
25840,GOF,0.07194629417154663,0.8183680743258,0.10968563150265324
25841,GOF,0.06690305437669562,0.8419658490731639,0.09113109655014034
25842,GOF,0.025680974448186816,0.9026005466804845,0.07171847887132868
25843,GOF,0.02257532280540383,0.8925037870101743,0.08492089018442188
25844,GOF,0.016301306151092116,0.8592126751981837,0.12448601865072435
25845,GOF,0.005584506947351237,0.7053421209197317,0.28907337213291706
25846,GOF,0.06432088541551431,0.8452615230133491,0.09041759157113663
25847,GOF,0.01591390495608244,0.9053638097439761,0.07872228529994145
25848,GOF,0.018940647679613776,0.8691336832624348,0.11192566905795134
25849,GOF,0.006399225960541087,0.7853028372685927,0.20829793677086622
25850,GOF,0.005435404011763703,0.7832763785859426,0.21128821740229378
25851,GOF,0.00494531687820584,0.6694482138403777,0.32560646928141646
25852,GOF,0.13646684421403443,0.6152400712086616,0.2482930845773039
25853,GOF,0.06226517160176511,0.8460734361259717,0.09166139227226308
25854,GOF,0.005636769039751045,0.7631737839432328,0.23118944701701624
25855,GOF,0.022995838391529622,0.7698852330205717,0.20711892858789874
25856,GOF,0.04121208545468248,0.8263437920138028,0.13244412253151486
25857,GOF,0.02453952342996668,0.7045526123952432,0.27090786417479007
25858,GOF,0.008844236275742675,0.7373960913234681,0.2537596724007893
25859,GOF,0.007049198887172584,0.7343706209315171,0.25858018018131035
25860,GOF,0.07706706932295417,0.8362827174796867,0.08665021319735904
25861,GOF,0.07982553688603343,0.8312225376754168,0.08895192543854999
25862,GOF,0.02055170275905332,0.8999265564054243,0.07952174083552242
25863,GOF,0.02178142956831364,0.8946334236044271,0.0835851468272592
25864,GOF,0.05172545865585995,0.9008596406563812,0.047414900687758825
25865,GOF,0.037829722034352316,0.8709560535764609,0.09121422438918686
25866,GOF,0.02469374303078877,0.8971509517952913,0.07815530517391986
25867,GOF,0.03946917516285796,0.8854062366426648,0.075124588194477
25868,GOF,0.05927936596956607,0.8525820516409479,0.08813858238948606
25869,GOF,0.3360467224157377,0.6031721332902008,0.06078114429406162
25870,GOF,0.05590993364037787,0.6960102910149657,0.24807977534465633
25871,GOF,0.010300207732501482,0.8933747789658654,0.09632501330163316
25872,GOF,0.01845045202538524,0.8767284830408165,0.10482106493379807
25873,GOF,0.019008934654826525,0.8984610247262995,0.08253004061887408
25874,LOF,0.015054570246887871,0.24270695738960182,0.7422384723635103
25875,LOF,0.029063758168037492,0.049162582217995444,0.921773659613967
25876,LOF,0.01932919617451445,0.03213535889781207,0.9485354449276735
25877,LOF,0.10229391568886499,0.08185656334236753,0.8158495209687675
25878,LOF,0.06928765399412432,0.1119142108940156,0.8187981351118602
25879,LOF,0.016183745052218576,0.08863173881224144,0.8951845161355401
25880,LOF,0.05939044926901339,0.012355401111149099,0.9282541496198374
25881,LOF,0.4577520167204988,0.06864952403784932,0.4735984592416518
25882,LOF,0.06720286584906139,0.022350365598105132,0.9104467685528336
25883,LOF,0.028315936797372262,0.027350784342474607,0.9443332788601532
25884,LOF,0.016609578678143052,0.05130149049890366,0.9320889308229533
25885,LOF,0.17522237911331864,0.01204621657792254,0.8127314043087588
25886,LOF,0.27032173294226375,0.05265852751051613,0.6770197395472202
25887,LOF,0.11149182945913944,0.07063382223927026,0.8178743483015903
25888,LOF,0.008711073198246202,0.1263770835413577,0.8649118432603962
25889,LOF,0.02187338416815303,0.0358611681862412,0.9422654476456058
25890,LOF,0.16827403483817407,0.0849727100969167,0.7467532550649092
25891,LOF,0.12123503895210543,0.02552676021005218,0.8532382008378424
25892,LOF,0.0091904996384707,0.02999682333551126,0.9608126770260181
25893,LOF,0.358912209760719,0.009332776658413958,0.6317550135808669
25894,LOF,0.40185808293957265,0.006159585212906205,0.5919823318475211
25895,LOF,0.339737012038692,0.01218845718332577,0.6480745307779823
25896,LOF,0.07007884449766939,0.021741942363839892,0.9081792131384907
25897,LOF,0.15594561672859417,0.007794857436116944,0.836259525835289
25898,LOF,0.1305780996812548,0.02667813855579845,0.8427437617629466
25899,LOF,0.43447200493570026,0.02218349516624329,0.5433444998980563
25900,Neutral,0.4982363086039269,0.0078980600939112,0.4938656313021617
25901,LOF,0.06373526717920891,0.009873373855012017,0.9263913589657791
25902,LOF,0.17187796740996436,0.010745485719359151,0.8173765468706764
25903,LOF,0.3393994802751587,0.022151855430554167,0.6384486642942871
25904,Neutral,0.52450437061102,0.030496139301633453,0.44499949008734657
25905,GOF,0.00689475232972072,0.5093070178589645,0.48379822981131476
25906,LOF,0.007308612546431025,0.10614467476937761,0.8865467126841915
25907,LOF,0.00623305027359505,0.37745726445827193,0.616309685268133
25908,LOF,0.006176209260093189,0.2892507473847401,0.7045730433551667
25909,LOF,0.02524526595680801,0.1506655949552953,0.8240891390878967
25910,LOF,0.013201494029572979,0.12795972715757167,0.8588387788128553
25911,LOF,0.23459212938613727,0.05327199044702155,0.7121358801668412
25912,LOF,0.10938415442947304,0.034269864908336486,0.8563459806621905
25913,LOF,0.02780502568639506,0.061383909507093284,0.9108110648065116
25914,LOF,0.03724791439879639,0.04213970430187205,0.9206123812993317
25915,LOF,0.19973872570541568,0.1470492058939888,0.6532120684005955
25916,LOF,0.027582947262586265,0.08917572528795283,0.8832413274494609
25917,LOF,0.07761030353530562,0.03398269380184465,0.8884070026628498
25918,LOF,0.042600232989491046,0.025800194036097172,0.9315995729744119
25919,LOF,0.039692519286729705,0.024197100411142987,0.9361103803021272
25920,Neutral,0.40334249789976934,0.22324896894245397,0.3734085331577766
25921,LOF,0.014688131087321024,0.03943551819765563,0.9458763507150233
25922,LOF,0.01737097778418486,0.042015341682488445,0.9406136805333266
25923,LOF,0.42503687087988373,0.0316491996181687,0.5433139295019475
25924,LOF,0.026169808224307593,0.05315513674459029,0.920675055031102
25925,LOF,0.08642469352446164,0.045979642970282154,0.8675956635052562
25926,LOF,0.07093337545492195,0.04275316406758263,0.8863134604774954
25927,LOF,0.021030505933025054,0.06370010485315444,0.9152693892138204
25928,LOF,0.010473254964116788,0.05985023860170958,0.9296765064341737
25929,Neutral,0.5592152875294522,0.02994678564993705,0.4108379268206108
25930,LOF,0.07841805016559307,0.03190292462062469,0.8896790252137824
25931,LOF,0.01409502821515789,0.042262160201739424,0.9436428115831027
25932,LOF,0.06400511888225552,0.03789547261821545,0.8980994084995291
25933,LOF,0.06552650767639955,0.02147967004961766,0.9129938222739828
25934,LOF,0.0565210075480504,0.020710725792171068,0.9227682666597786
25935,LOF,0.08077051333085568,0.054425067190987636,0.8648044194781567
25936,LOF,0.11242825294071826,0.022465764464015638,0.865105982595266
25937,LOF,0.02110090685525791,0.02824499964258818,0.9506540935021539
25938,LOF,0.07546781270566295,0.04980699778584798,0.8747251895084892
25939,LOF,0.05014824157503862,0.030362445862267703,0.9194893125626936
25940,LOF,0.009273169614031986,0.3964266225290816,0.5943002078568864
25941,Neutral,0.4950784140792515,0.05022211228680886,0.4546994736339396
25942,LOF,0.009748011366392735,0.05315286924381819,0.937099119389789
25943,LOF,0.04732110540148872,0.18366996012934467,0.7690089344691665
25944,LOF,0.04252000269058555,0.08813436362947846,0.8693456336799359
25945,LOF,0.11628373056313357,0.03047411833140302,0.8532421511054634
25946,LOF,0.06999529572568633,0.042200789292155386,0.8878039149821583
25947,Neutral,0.5458207973122482,0.09166429908791784,0.362514903599834
25948,LOF,0.38768473291753497,0.018991860187807,0.593323406894658
25949,LOF,0.1695866146069905,0.06854794339973976,0.7618654419932698
25950,GOF,0.06653748213303777,0.6118926189816655,0.3215698988852967
25951,LOF,0.013603372809308952,0.4285351044696505,0.5578615227210406
25952,LOF,0.24009872426266043,0.3130513325082704,0.4468499432290692
25953,LOF,0.00836539809174761,0.17714941008237345,0.814485191825879
25954,LOF,0.059495261187530436,0.40350232973339495,0.5370024090790746
25955,LOF,0.007366309047742719,0.1672823896609239,0.8253513012913334
25956,LOF,0.01522960078620387,0.2452161242000657,0.7395542750137304
25957,LOF,0.1661723758898789,0.02989918004581323,0.8039284440643079
25958,LOF,0.033155627085440474,0.06606379094909531,0.9007805819654642
25959,GOF,0.007305710963984493,0.6597522234918156,0.33294206554419986
25960,LOF,0.004771393941296307,0.10735834188041207,0.8878702641782915
25961,LOF,0.032016495819455024,0.05243316128536523,0.9155503428951797
25962,LOF,0.05460213638961123,0.07404874027805809,0.8713491233323307
25963,LOF,0.006806031857504092,0.17226629468120347,0.8209276734612924
25964,LOF,0.027171319735081353,0.11108451843877487,0.8617441618261439
25965,LOF,0.2421800996423708,0.13203369399914608,0.6257862063584831
25966,LOF,0.39417863100873834,0.11515783741295356,0.49066353157830817
25967,LOF,0.007784717681125644,0.08258639846826513,0.9096288838506091
25968,LOF,0.035848058882362845,0.2635309933088383,0.7006209478087989
25969,LOF,0.16614917419424496,0.051351445483577216,0.7824993803221778
25970,LOF,0.06825245053727311,0.08269947414388368,0.8490480753188432
25971,LOF,0.0772777831463975,0.036692225094156296,0.8860299917594463
25972,LOF,0.07109782309274831,0.06240585089907887,0.8664963260081728
25973,LOF,0.06572025777553622,0.009639165935746194,0.9246405762887175
25974,LOF,0.04114621094079751,0.04215436152614914,0.9166994275330534
25975,LOF,0.04191661565829983,0.018660652831161997,0.939422731510538
25976,LOF,0.08137163709836912,0.011104875346206034,0.9075234875554248
25977,LOF,0.23593307306002745,0.06359118738208018,0.7004757395578924
25978,LOF,0.17178163653941197,0.1263541969891437,0.7018641664714442
25979,LOF,0.14889157571702155,0.14550042513465686,0.7056079991483216
25980,LOF,0.23364833775496496,0.18989052647674462,0.5764611357682905
25981,LOF,0.2347508311468713,0.1910462498197592,0.5742029190333695
25982,LOF,0.4213326939007627,0.09728769155098801,0.4813796145482493
25983,Neutral,0.4475614626473624,0.12566656617729352,0.426771971175344
25984,LOF,0.03987500153408986,0.09743977466399203,0.8626852238019181
25985,Neutral,0.4393897933752975,0.13608327083059063,0.4245269357941119
25986,LOF,0.011610702937563213,0.45499990008292507,0.5333893969795117
25987,LOF,0.045189691832544475,0.10796980680183932,0.8468405013656163
25988,LOF,0.036494317741315556,0.17255472079688444,0.7909509614617999
25989,LOF,0.0423847643533261,0.1882011281988926,0.7694141074477814
25990,LOF,0.03660120356275703,0.2941609245146827,0.6692378719225602
25991,GOF,0.020000245698956177,0.5204048652799079,0.459594889021136
25992,GOF,0.01302534302979582,0.5049461913758365,0.48202846559436757
25993,LOF,0.02580272077418959,0.07246269530132403,0.9017345839244864
25994,LOF,0.024560829556597226,0.07456617577293036,0.9008729946704723
25995,LOF,0.019995306298660743,0.13408697387313137,0.845917719828208
25996,Neutral,0.4159453516396477,0.37272834889341705,0.21132629946693526
25997,LOF,0.06750331316881376,0.43754119821560916,0.49495548861557703
25998,LOF,0.27003405240314693,0.043388008732131285,0.6865779388647218
25999,LOF,0.03990059546219956,0.13785727906581602,0.8222421254719844
26000,LOF,0.15716146199778763,0.021804978280307457,0.8210335597219048
26001,LOF,0.2520887661145047,0.030028541922367875,0.7178826919631275
26002,LOF,0.12130015316925738,0.03689301632033899,0.8418068305104037
26003,GOF,0.007961872102564415,0.6907310034565756,0.30130712444086005
26004,GOF,0.0174616332571841,0.6803195531775301,0.30221881356528585
26005,GOF,0.0055468874297225695,0.518563629603909,0.4758894829663684
26006,GOF,0.11697415695611384,0.5511767874085354,0.33184905563535083
26007,GOF,0.011759794634929753,0.530551836070244,0.4576883692948262
26008,GOF,0.0065044972932517,0.586776281520082,0.4067192211866664
26009,GOF,0.013357627019555694,0.6535116624833675,0.3331307104970769
26010,GOF,0.011039042122773804,0.6292590057104791,0.3597019521667471
26011,LOF,0.004450012768037928,0.44176821994543886,0.5537817672865233
26012,GOF,0.004951883158372297,0.5182091202937769,0.4768389965478508
26013,GOF,0.010246996170386826,0.5935556959644709,0.3961973078651421
26014,LOF,0.06691987237357674,0.11039024187195139,0.8226898857544719
26015,LOF,0.3638848705392856,0.03324171875722125,0.6028734107034932
26016,LOF,0.2784830368883453,0.05042903632760034,0.6710879267840544
26017,LOF,0.01481299561161268,0.23430730009869868,0.7508797042896885
26018,LOF,0.024648825609247197,0.06928256566199986,0.9060686087287529
26019,LOF,0.0243584335953788,0.05961287882749613,0.9160286875771252
26020,LOF,0.007839850990817335,0.21806970415733665,0.774090444851846
26021,LOF,0.07465107932391558,0.09645988682629884,0.8288890338497856
26022,LOF,0.03826080185141944,0.03597195795126764,0.925767240197313
26023,LOF,0.020590154840919514,0.046009060968277456,0.9334007841908031
26024,LOF,0.05623745039097072,0.07645753601217922,0.8673050135968502
26025,LOF,0.11000413727044403,0.08148619299962405,0.8085096697299319
26026,LOF,0.1140636491387955,0.06224146650003907,0.8236948843611654
26027,LOF,0.025026041600861366,0.030384321705555377,0.9445896366935832
26028,LOF,0.08824335415472011,0.1834361366019049,0.728320509243375
26029,LOF,0.02334580673727207,0.20539440876474666,0.7712597844979814
26030,LOF,0.1308038279154077,0.028753843810976763,0.8404423282736155
26031,LOF,0.010307091501429664,0.17326782371996435,0.816425084778606
26032,LOF,0.036548404686402275,0.045837769529973565,0.9176138257836242
26033,LOF,0.03902439217365541,0.04815178720942113,0.9128238206169235
26034,LOF,0.016606329372909574,0.15193110298609475,0.8314625676409956
26035,LOF,0.012314503450783965,0.10453720808336067,0.8831482884658555
26036,LOF,0.011710813589089618,0.11711363561373862,0.8711755507971718
26037,LOF,0.0108227165492845,0.10124363668052488,0.8879336467701906
26038,LOF,0.03109880244263624,0.042265122087959586,0.9266360754694041
26039,LOF,0.03495068399870658,0.12973283829437515,0.8353164777069183
26040,LOF,0.07009114590596394,0.10960244726963038,0.8203064068244057
26041,LOF,0.013240611334626238,0.09231057931142898,0.8944488093539447
26042,LOF,0.012744554293860526,0.1050614928679208,0.8821939528382187
26043,LOF,0.030862713926848376,0.0628041568663458,0.9063331292068059
26044,LOF,0.009050159782049065,0.05148415044794275,0.9394656897700081
26045,LOF,0.07268981798771074,0.11235017105653314,0.8149600109557561
26046,LOF,0.027763683272755857,0.05001002096150358,0.9222262957657406
26047,LOF,0.05302752140075269,0.05141908049557072,0.8955533981036766
26048,LOF,0.08489295005536232,0.01934235636640967,0.8957646935782281
26049,Neutral,0.9436363972366839,0.008366609412955505,0.047996993350360714
26050,Neutral,0.9122051519010473,0.008895537318354591,0.07889931078059804
26051,LOF,0.025679848876243205,0.11577422142441911,0.8585459296993376
26052,LOF,0.03138976656229301,0.11467081558104765,0.8539394178566593
26053,LOF,0.024511253681476407,0.1338284359287726,0.841660310389751
26054,LOF,0.04701955815429472,0.03441084568262282,0.9185695961630825
26055,LOF,0.07263304750634256,0.03133163883282646,0.896035313660831
26056,LOF,0.060044419984761684,0.03876720742075688,0.9011883725944815
26057,LOF,0.05595760455875228,0.016646149549663678,0.9273962458915841
26058,LOF,0.059100269223244975,0.013458980510544196,0.9274407502662108
26059,LOF,0.19968906790113441,0.03534084400420539,0.7649700880946602
26060,LOF,0.025856102860413618,0.15952862478795488,0.8146152723516316
26061,LOF,0.012365345074438098,0.009668143472834295,0.9779665114527277
26062,LOF,0.006698690241492576,0.015259656448584116,0.9780416533099232
26063,LOF,0.04486482817773311,0.012426890844799239,0.9427082809774676
26064,LOF,0.015395184090458768,0.01677037265603286,0.9678344432535084
26065,LOF,0.053540313872815354,0.016103740862332207,0.9303559452648524
26066,LOF,0.04060873826476251,0.012490874593070972,0.9469003871421664
26067,LOF,0.04584652392230214,0.011703428139210862,0.9424500479384871
26068,LOF,0.05407626669736234,0.051433064277300586,0.8944906690253371
26069,LOF,0.2933339949008357,0.030764109924600217,0.6759018951745639
26070,Neutral,0.5335880262802447,0.021516910720741092,0.4448950629990142
26071,LOF,0.04850792362872663,0.01287117969716975,0.9386208966741035
26072,LOF,0.008319071147210401,0.018597568419123994,0.9730833604336656
26073,LOF,0.04046700024254615,0.014650909141591928,0.9448820906158619
26074,Neutral,0.866616041574901,0.01109581218409107,0.1222881462410078
26075,LOF,0.05816870755028021,0.02595751605049148,0.9158737763992284
26076,LOF,0.05748429199513903,0.012419032860389867,0.9300966751444711
26077,LOF,0.15031565075956885,0.007242553586945155,0.8424417956534861
26078,LOF,0.007222027922455755,0.01645262950871485,0.9763253425688294
26079,LOF,0.06420074727493513,0.025122638523382642,0.9106766142016822
26080,LOF,0.06364565836635094,0.025026610927642717,0.9113277307060064
26081,LOF,0.036633406774814525,0.010593798564617549,0.952772794660568
26082,LOF,0.006154316288360647,0.01701383826117772,0.9768318454504615
26083,LOF,0.1135800582656225,0.023600641341304605,0.8628193003930729
26084,LOF,0.11523493751114396,0.016372658137337934,0.8683924043515181
26085,LOF,0.09766338227898926,0.014277999938454794,0.888058617782556
26086,LOF,0.04129080620776827,0.013602971504736255,0.9451062222874955
26087,LOF,0.03883673500285255,0.011860778260541131,0.9493024867366063
26088,LOF,0.007484395484467488,0.02200328406183219,0.9705123204537003
26089,LOF,0.04403250438954063,0.04326314096166578,0.9127043546487936
26090,LOF,0.04429662706534364,0.03235232986106635,0.92335104307359
26091,LOF,0.0302739361425109,0.009215659112564202,0.9605104047449249
26092,LOF,0.04918386830380074,0.009282897905695739,0.9415332337905036
26093,LOF,0.08579929696394445,0.006884431374346349,0.9073162716617093
26094,LOF,0.036529513015682774,0.009265006834696476,0.9542054801496207
26095,LOF,0.02098818863881617,0.018178273609671496,0.9608335377515124
26096,LOF,0.19709308884753568,0.00527384739305936,0.797633063759405
26097,LOF,0.007506407112243675,0.03802616328227786,0.9544674296054785
26098,LOF,0.1236108285541527,0.021353176858649837,0.8550359945871974
26099,LOF,0.04190513053006971,0.0226447238976977,0.9354501455722326
26100,LOF,0.04187053444863629,0.022645541581558622,0.9354839239698051
26101,LOF,0.0705392327321562,0.035620850142899244,0.8938399171249445
26102,LOF,0.03488420287445448,0.019782863280686052,0.9453329338448594
26103,Neutral,0.8921683824568523,0.028341436648011382,0.0794901808951364
26104,LOF,0.060121546576074235,0.04656835837368487,0.893310095050241
26105,LOF,0.28126473323718443,0.12984497363363898,0.5888902931291765
26106,LOF,0.31576571633743067,0.0655447026131965,0.6186895810493729
26107,LOF,0.021173919568517923,0.08084496601043341,0.8979811144210487
26108,LOF,0.27875202543806965,0.03687915427876368,0.6843688202831667
26109,LOF,0.07651652481185868,0.027401236091839448,0.8960822390963018
26110,LOF,0.40673140058997614,0.0112209631341981,0.5820476362758258
26111,LOF,0.07283070043607033,0.11464730288689966,0.81252199667703
26112,LOF,0.05968899579227894,0.009946945066178159,0.9303640591415429
26113,LOF,0.12107281764460667,0.021200314298338976,0.8577268680570543
26114,LOF,0.09900345108406507,0.008341667445517096,0.8926548814704178
26115,LOF,0.014977574301133507,0.049573944441237576,0.9354484812576289
26116,LOF,0.07507507651758744,0.025101344718893095,0.8998235787635195
26117,LOF,0.3382632829818209,0.04405549415248041,0.6176812228656988
26118,LOF,0.049016570404614275,0.019571862573458214,0.9314115670219275
26119,LOF,0.00657636198476052,0.04452640442068868,0.9488972335945508
26120,LOF,0.033901585799149224,0.01949165438762674,0.9466067598132241
26121,LOF,0.003531041553905735,0.1416704923936944,0.8547984660523998
