feature0,prediction,LoGoFunc_Neutral,LoGoFunc_GOF,LoGoFunc_LOF
25546,Neutral,0.740219736847865,0.04013670291682958,0.2196435602353055
25547,Neutral,0.5926889450851935,0.07865108673089079,0.32865996818391563
25548,Neutral,0.5909662901128414,0.05930500867967016,0.34972870120748845
25549,Neutral,0.5125693400049561,0.05900714539868403,0.42842351459635997
25550,LOF,0.36304921341007573,0.11057497513705239,0.5263758114528718
25551,LOF,0.3145768924148779,0.11815066767484286,0.5672724399102793
25552,LOF,0.22021841380672028,0.109163372135161,0.6706182140581187
25553,Neutral,0.8426705365040629,0.03005609827864702,0.12727336521729024
25554,LOF,0.2567524817722484,0.10855956943504513,0.6346879487927065
25555,LOF,0.20987181298261054,0.09402983282783914,0.6960983541895504
25556,LOF,0.42897567248813584,0.08862481017168546,0.4823995173401786
25557,LOF,0.20642988866801165,0.09834624169772453,0.6952238696342637
25558,LOF,0.2470653762272247,0.11136745518276644,0.641567168590009
25559,LOF,0.3781759218711685,0.17129654544059364,0.4505275326882379
25560,LOF,0.046196088915146864,0.16432979554242666,0.7894741155424266
25561,LOF,0.09520013621004192,0.16947522151693845,0.7353246422730197
25562,LOF,0.10219988672566573,0.061605738368559884,0.8361943749057743
25563,LOF,0.09194496755719882,0.0822982115946832,0.8257568208481179
25564,LOF,0.1842581191155595,0.14058756076765938,0.6751543201167811
25565,LOF,0.16145807867114895,0.09311792195794212,0.745423999370909
25566,GOF,0.01797275328968307,0.7598784801155903,0.22214876659472663
25567,LOF,0.013139158134114377,0.16001602819208477,0.8268448136738009
25568,LOF,0.05127621125255259,0.06734358409250939,0.8813802046549379
25569,LOF,0.06134761972434601,0.06272128447941404,0.87593109579624
25570,LOF,0.06395327643743037,0.09922815813255002,0.8368185654300195
25571,LOF,0.05741355409388351,0.09230536308701366,0.8502810828191028
25572,LOF,0.0695583600825759,0.11845783159214951,0.8119838083252746
25573,LOF,0.02773187544960702,0.08883619852723275,0.8834319260231602
25574,LOF,0.015074307051381615,0.16206623243836835,0.82285946051025
25575,LOF,0.048812218517767965,0.10714031110893552,0.8440474703732964
25576,LOF,0.019044495553808997,0.11630416891554254,0.8646513355306484
25577,LOF,0.013342806038811793,0.1260860220418361,0.860571171919352
25578,LOF,0.23674605452496308,0.08340249659852321,0.6798514488765137
25579,LOF,0.23765981402109754,0.0821022992244567,0.6802378867544457
25580,LOF,0.031135007352241385,0.07646022023156995,0.8924047724161887
25581,LOF,0.05485392404479933,0.0647771768595247,0.8803688990956761
25582,LOF,0.054599612295764446,0.06286409425347439,0.8825362934507612
25583,LOF,0.04449411275751382,0.09006042865003493,0.8654454585924513
25584,LOF,0.44325269187520194,0.10603346908181055,0.4507138390429876
25585,LOF,0.036529677059443,0.10187002599929298,0.8616002969412639
25586,LOF,0.03193054527738539,0.07860524453217294,0.8894642101904418
25587,LOF,0.02968011266985064,0.07559845837316673,0.8947214289569826
25588,LOF,0.030601345074696838,0.08625400497899353,0.8831446499463096
25589,Neutral,0.6188155589531861,0.127923866594751,0.2532605744520629
25590,LOF,0.030347979679846097,0.11701173086517462,0.8526402894549793
25591,LOF,0.1096144411259906,0.05521465493315665,0.8351709039408528
25592,LOF,0.08476307032963667,0.13367447370289365,0.7815624559674696
25593,LOF,0.020937643138964134,0.2481229775894572,0.7309393792715786
25594,LOF,0.04381624224512655,0.19300015471165977,0.7631836030432138
25595,LOF,0.05043261942734588,0.13768688266271026,0.8118804979099439
25596,LOF,0.055714390920076635,0.06858447920516342,0.8757011298747599
25597,LOF,0.049734334488608326,0.07543410887129741,0.8748315566400942
25598,LOF,0.04889473702985563,0.12600163092978214,0.8251036320403622
25599,GOF,0.009439056118714801,0.730576529534304,0.25998441434698116
25600,GOF,0.012334342090257015,0.5256506839844695,0.46201497392527346
25601,LOF,0.006895897694701007,0.4381075596013755,0.5549965427039235
25602,LOF,0.030170247958158654,0.0394710974419335,0.9303586545999077
25603,LOF,0.05990169434385431,0.02745174841951012,0.9126465572366357
25604,LOF,0.06510602963596328,0.028712127527209398,0.9061818428368273
25605,LOF,0.015305565594758382,0.23110418987398146,0.7535902445312602
25606,LOF,0.1230535283811943,0.4149187668972294,0.4620277047215763
25607,LOF,0.006462305922589902,0.1434527673823913,0.8500849266950188
25608,LOF,0.0643189635966618,0.05096636511199045,0.8847146712913477
25609,LOF,0.03707930726635031,0.41358311708462026,0.5493375756490294
25610,LOF,0.043623605123010716,0.02607016468710253,0.9303062301898869
25611,LOF,0.04337303627310655,0.024237697015906147,0.9323892667109873
25612,LOF,0.10485680445509543,0.03160615578121004,0.8635370397636947
25613,LOF,0.08950238121730965,0.0323696123100859,0.8781280064726045
25614,LOF,0.03035341300879896,0.03540470340069955,0.9342418835905014
25615,LOF,0.058174978844825614,0.03311850032063745,0.9087065208345368
25616,LOF,0.033466319158819036,0.030575561154770024,0.935958119686411
25617,LOF,0.030304048279938062,0.03386045643289089,0.9358354952871711
25618,LOF,0.1914888803489516,0.03216901992807684,0.7763420997229715
25619,LOF,0.029890669401209016,0.028971733039277015,0.9411375975595141
25620,LOF,0.03371922980700267,0.04096664745497284,0.9253141227380245
25621,LOF,0.034286940754620736,0.02786642358673834,0.9378466356586409
25622,LOF,0.03720663155934934,0.03302496871331523,0.9297683997273355
25623,LOF,0.08028583799744829,0.02877518815609321,0.8909389738464585
25624,LOF,0.02752056526337856,0.037966083864543594,0.9345133508720779
25625,LOF,0.03926352729971062,0.03998329310897862,0.9207531795913108
25626,LOF,0.08937741313707925,0.027205353501594802,0.8834172333613259
25627,Neutral,0.5431031367276583,0.13346328639733857,0.3234335768750032
25628,LOF,0.15410975197269763,0.07146465064933177,0.7744255973779706
25629,LOF,0.07093960369316832,0.0863285145553763,0.8427318817514555
25630,LOF,0.15174679126488602,0.11154950812307743,0.7367037006120366
25631,Neutral,0.5420546406814176,0.09903069874488889,0.35891466057369353
25632,LOF,0.022483897215671317,0.0534828666359941,0.9240332361483345
25633,LOF,0.21174402736491782,0.06852372707044395,0.7197322455646382
25634,LOF,0.03259367561414511,0.10434305385819082,0.8630632705276641
25635,LOF,0.037306590998750916,0.07208563237318306,0.8906077766280661
25636,GOF,0.005041330655974126,0.6266646464362386,0.36829402290778734
25637,GOF,0.005369844179101259,0.5764746053463657,0.4181555504745331
25638,LOF,0.009268696313520137,0.46399442683219716,0.5267368768542827
25639,LOF,0.004995446209619085,0.432214091121371,0.5627904626690099
25640,Neutral,0.49672711267991476,0.42984326185383076,0.07342962546625459
25641,LOF,0.007728017360107181,0.35534000059649123,0.6369319820434016
25642,LOF,0.27324315761548157,0.06806097445929474,0.6586958679252236
25643,LOF,0.25515277255040225,0.20162693989936784,0.5432202875502299
25644,GOF,0.016057985598771675,0.5993549189171599,0.3845870954840685
25645,GOF,0.016511491565884818,0.58199555251206,0.40149295592205514
25646,LOF,0.01999982159629714,0.3793995599597064,0.6006006184439964
25647,LOF,0.016672606168415982,0.28296046862130114,0.7003669252102828
25648,LOF,0.015062688008681794,0.3133478037194398,0.6715895082718784
25649,LOF,0.013511811105585345,0.25930968663799375,0.7271785022564209
25650,GOF,0.036900891111330505,0.5853266864005547,0.3777724224881148
25651,LOF,0.011141270958098602,0.3198046947015695,0.6690540343403318
25652,LOF,0.01876953905638982,0.32149857347980293,0.6597318874638073
25653,LOF,0.07699114482504225,0.422669220204567,0.5003396349703907
25654,LOF,0.015786652815770186,0.26529660032539,0.7189167468588398
25655,LOF,0.12639429344369524,0.4251619082727329,0.4484437982835718
25656,LOF,0.05892574189900496,0.08276942560670009,0.858304832494295
25657,LOF,0.2710622513219245,0.03611004715254476,0.6928277015255307
25658,LOF,0.0386604468384632,0.09043324198686387,0.870906311174673
25659,LOF,0.26893801877528173,0.058122105811942375,0.672939875412776
25660,LOF,0.07600006397983121,0.10314733756945092,0.8208525984507178
25661,LOF,0.050691217394856894,0.07182672947784377,0.8774820531272993
25662,LOF,0.029757765225909696,0.049039323188607126,0.9212029115854832
25663,LOF,0.04032424213806421,0.06947666585571974,0.890199092006216
25664,LOF,0.040852147208806956,0.0841922666099051,0.8749555861812879
25665,LOF,0.056984666208454916,0.046868186999245005,0.8961471467923
25666,LOF,0.04048731543020433,0.1364506418322827,0.823062042737513
25667,LOF,0.02885524133025828,0.057742018662779206,0.9134027400069625
25668,LOF,0.03597145709492847,0.06500014115428604,0.8990284017507854
25669,LOF,0.041193250476771526,0.09753594540584663,0.8612708041173819
25670,LOF,0.1623563972195041,0.06058060928792001,0.7770629934925759
25671,LOF,0.040246029428407985,0.04856623777710926,0.9111877327944828
25672,LOF,0.059254585066561435,0.06894878099347218,0.8717966339399663
25673,LOF,0.04434809071014042,0.06065822636861234,0.8949936829212473
25674,LOF,0.03356692693567822,0.070680753413334,0.8957523196509878
25675,LOF,0.04561063513420864,0.054135150897160284,0.900254213968631
25676,LOF,0.03293675737678622,0.062202906584060566,0.9048603360391533
25677,LOF,0.059996421250751254,0.06542396845375095,0.8745796102954978
25678,LOF,0.24973661982898562,0.04748209717900096,0.7027812829920134
25679,LOF,0.15684493200474384,0.0668902277489428,0.7762648402463135
25680,LOF,0.06258368837736528,0.09445806732412278,0.842958244298512
25681,LOF,0.10732153956721317,0.08699856586644315,0.8056798945663437
25682,LOF,0.04527375202530874,0.07518489269449445,0.8795413552801968
25683,LOF,0.0821586485950531,0.09494405305478633,0.8228972983501606
25684,LOF,0.05008923490395564,0.07483209583577316,0.8750786692602712
25685,LOF,0.12064973459116292,0.034373028637314326,0.8449772367715228
25686,LOF,0.035473490968629846,0.08866498018705829,0.8758615288443118
25687,LOF,0.057073120527039306,0.08229877845906397,0.8606281010138968
25688,LOF,0.022525283748328236,0.09477226298502248,0.8827024532666493
25689,LOF,0.017423801772807522,0.06622218007927294,0.9163540181479195
25690,LOF,0.017735610305690253,0.07917096504228431,0.9030934246520254
25691,LOF,0.1548886973591314,0.13417679972512062,0.710934502915748
25692,LOF,0.24949817237723196,0.016672770494844755,0.7338290571279233
25693,LOF,0.05497718218675212,0.13932777760167783,0.8056950402115701
25694,LOF,0.2570862446577311,0.01215268116163677,0.7307610741806322
25695,LOF,0.1632171029991006,0.017450429291181752,0.8193324677097176
25696,LOF,0.16554276172794263,0.009258362354442582,0.8251988759176148
25697,LOF,0.12342582952606382,0.026544411457207436,0.8500297590167288
25698,LOF,0.02904704427348136,0.3545146903214758,0.6164382654050429
25699,LOF,0.07571521233623182,0.07087708378555738,0.8534077038782107
25700,LOF,0.03118869531259998,0.011686730632053636,0.9571245740553465
25701,LOF,0.012303500340447887,0.07371536526571597,0.9139811343938361
25702,GOF,0.03407442550280741,0.6893188174697426,0.2766067570274501
25703,LOF,0.019717525614771227,0.1633712999581518,0.8169111744270771
25704,LOF,0.08516863302990993,0.1543086876719229,0.7605226792981673
25705,LOF,0.06309319535922885,0.2540799570308597,0.6828268476099114
25706,GOF,0.035045546181863514,0.5944984462569657,0.37045600756117075
25707,GOF,0.03068870725210749,0.6040813648719058,0.36522992787598674
25708,GOF,0.0076597263676873775,0.5639212954477495,0.42841897818456315
25709,LOF,0.01760300175796516,0.07760730984026905,0.9047896884017659
25710,LOF,0.008064660974534803,0.16855652262006815,0.823378816405397
25711,LOF,0.020314280383980077,0.13789021109772723,0.8417955085182927
25712,LOF,0.009117245283484902,0.2352302758902883,0.7556524788262269
25713,LOF,0.01767205097333498,0.12079560026589885,0.8615323487607661
25714,LOF,0.019734704025741203,0.17685695587267578,0.803408340101583
25715,LOF,0.01871463705576691,0.14731897177562378,0.8339663911686093
25716,LOF,0.01408347087343119,0.12676694541547814,0.8591495837110906
25717,LOF,0.006349486302898763,0.12830505250644764,0.8653454611906537
25718,LOF,0.01917165208420749,0.09947972141847387,0.8813486264973186
25719,LOF,0.03479952473480418,0.11250061198984442,0.8526998632753514
25720,LOF,0.02749148153187865,0.09676588654318523,0.8757426319249362
25721,LOF,0.022687691340238177,0.11431635487617539,0.8629959537835865
25722,LOF,0.01585378483762151,0.16028524201487868,0.8238609731474998
25723,LOF,0.021047601259850925,0.10177727800200244,0.8771751207381466
25724,LOF,0.023474564213828177,0.1795040920014596,0.7970213437847123
25725,LOF,0.019815215795588377,0.09116508723956325,0.8890196969648483
25726,LOF,0.014967414667972398,0.1283844166876641,0.8566481686443636
25727,LOF,0.02022959620907104,0.11573296315044634,0.8640374406404826
25728,LOF,0.01920783757221291,0.12122148757037529,0.8595706748574119
25729,LOF,0.01858600989084699,0.1330738793914448,0.8483401107177082
25730,LOF,0.020875944881169624,0.09427949965714505,0.8848445554616853
25731,LOF,0.011147958754235654,0.18354353232578652,0.805308508919978
25732,LOF,0.01758775220351939,0.11856127695573868,0.8638509708407419
25733,LOF,0.027196384430977587,0.10675772027580906,0.8660458952932134
25734,LOF,0.007332851176741446,0.21402862088842844,0.7786385279348301
25735,LOF,0.02166730890128207,0.0903757468623434,0.8879569442363745
25736,LOF,0.019574940689009182,0.14950028799298926,0.8309247713180016
25737,LOF,0.03698602688770993,0.12213928854034636,0.8408746845719437
25738,LOF,0.020501624100427693,0.17254724853742967,0.8069511273621426
25739,LOF,0.022794936864941148,0.14808732797215177,0.8291177351629072
25740,LOF,0.046127097362521234,0.16703568450453546,0.7868372181329434
25741,LOF,0.026225104731227075,0.13425420686383305,0.83952068840494
25742,LOF,0.04360110037228515,0.1433822524213502,0.8130166472063647
25743,LOF,0.011429592813971315,0.029239064607380023,0.9593313425786487
25744,LOF,0.15442978441836017,0.36289537350092205,0.4826748420807179
25745,LOF,0.030205032442647727,0.12341447786905162,0.8463804896883006
25746,LOF,0.014111425269434208,0.16158648761298658,0.8243020871175792
25747,LOF,0.02994162977033541,0.03233229648900306,0.9377260737406615
25748,LOF,0.25488911960299004,0.05946482885915394,0.6856460515378561
25749,LOF,0.011956782467472803,0.10496225321975383,0.8830809643127734
25750,LOF,0.018132110794101323,0.10455406586618794,0.8773138233397108
25751,LOF,0.03802931037553463,0.05577415027072059,0.9061965393537448
25752,GOF,0.10633920603858878,0.6575882511230393,0.23607254283837198
25753,LOF,0.0074515894537144295,0.3409448005838008,0.6516036099624849
25754,GOF,0.0073368710612026255,0.844374637401699,0.1482884915370984
25755,LOF,0.008606766805652772,0.38690501506075853,0.6044882181335886
25756,LOF,0.04862290083491754,0.3880353206813403,0.5633417784837421
25757,GOF,0.00830254059193144,0.8500408688279492,0.14165659058011942
25758,GOF,0.009427466068393288,0.8567494212601287,0.13382311267147806
25759,GOF,0.0062364309100966025,0.5526364171025995,0.4411271519873038
25760,LOF,0.00596125051102405,0.26377729812006295,0.730261451368913
25761,GOF,0.06315193815209615,0.8315718223968674,0.10527623945103644
25762,LOF,0.029167714053591465,0.30641615903952873,0.6644161269068798
25763,LOF,0.006766203836830907,0.23780477105037356,0.7554290251127955
25764,GOF,0.08085963994749867,0.6128668387608772,0.3062735212916242
25765,GOF,0.008621503728268703,0.8494927461859543,0.1418857500857769
25766,GOF,0.039305808060530016,0.8007747153284812,0.1599194766109887
25767,GOF,0.010528105690686681,0.5294531558557839,0.4600187384535295
25768,LOF,0.03319578741670859,0.08134834725082987,0.8854558653324616
25769,LOF,0.02327944324652295,0.10641124155384062,0.8703093151996364
25770,LOF,0.17831202316066563,0.08075153059005975,0.7409364462492747
25771,LOF,0.015529133345108047,0.0911532648204581,0.8933176018344338
25772,LOF,0.02240834022947471,0.04169737709700972,0.9358942826735155
25773,LOF,0.021933926633028206,0.0750334398185484,0.9030326335484234
25774,LOF,0.029807215877281953,0.12211164774189828,0.8480811363808197
25775,LOF,0.02409160471469235,0.05008759259619063,0.9258208026891172
25776,LOF,0.023681535596133608,0.03768531429199001,0.9386331501118763
25777,LOF,0.2471773694520482,0.09560066153027401,0.6572219690176778
25778,LOF,0.018591383196030174,0.08521680926565056,0.8961918075383193
25779,GOF,0.03571075698885785,0.892738836308276,0.07155040670286616
25780,GOF,0.0695126148927664,0.8825671894367373,0.04792019567049638
25781,GOF,0.03541895274423729,0.8711840751921495,0.09339697206361328
25782,GOF,0.03026557176627695,0.9047196083065161,0.06501481992720692
25783,GOF,0.025697180902412405,0.9164439223944304,0.05785889670315717
25784,GOF,0.08469188387636324,0.8727174617242698,0.04259065439936704
25785,GOF,0.06761946833006195,0.8911502307735063,0.041230300896431676
25786,GOF,0.008445358595866976,0.8868320044653838,0.10472263693874923
25787,GOF,0.17394143895811567,0.7809490967342296,0.0451094643076547
25788,LOF,0.015239111397613544,0.17592955539774438,0.8088313332046422
25789,GOF,0.017672744257449663,0.8679688900865363,0.11435836565601419
25790,GOF,0.018638929342566675,0.8796496821642515,0.10171138849318194
25791,GOF,0.01833966858753461,0.8080371700429633,0.17362316136950223
25792,GOF,0.021785234048410658,0.8303100426946928,0.1479047232568967
25793,GOF,0.055974588983062054,0.8494062305127514,0.09461918050418659
25794,GOF,0.05348757510112999,0.7857972306360479,0.16071519426282233
25795,GOF,0.04421982815580977,0.7500763424799244,0.20570382936426582
25796,GOF,0.08696202441645724,0.8282676034922499,0.0847703720912929
25797,GOF,0.06151231693748565,0.7802148770909031,0.15827280597161117
25798,GOF,0.004499490844465007,0.7745773417059896,0.22092316744954535
25799,GOF,0.0038695935702223586,0.7353277121679285,0.26080269426184916
25800,GOF,0.021814270098609374,0.8472235137913505,0.13096221611004014
25801,GOF,0.01613671548190675,0.899408462460704,0.08445482205738913
25802,GOF,0.026092450649597185,0.8563842342971796,0.11752331505322317
25803,GOF,0.01900447828528152,0.7421614738242891,0.23883404789042928
25804,GOF,0.025831505320424802,0.7870890230515553,0.18707947162801988
25805,GOF,0.027509425176960683,0.8187293913643814,0.15376118345865786
25806,GOF,0.024557268206177416,0.8171642635225727,0.1582784682712499
25807,GOF,0.007596742942781806,0.7488810013438069,0.24352225571341127
25808,GOF,0.01630201345800911,0.7940755477472559,0.18962243879473503
25809,GOF,0.009330281115820524,0.7723224437420587,0.21834727514212085
25810,GOF,0.007442847556588397,0.7519889062444879,0.24056824619892359
25811,GOF,0.04607444508390407,0.8771599779425784,0.07676557697351767
25812,GOF,0.02714513984056021,0.8138632171654572,0.15899164299398266
25813,GOF,0.11386743352104892,0.8116851310511684,0.07444743542778291
25814,GOF,0.027636845727955064,0.8149373769837889,0.15742577728825613
25815,GOF,0.050644816303648865,0.8531240952155763,0.09623108848077487
25816,GOF,0.0089284762233493,0.8597526519117759,0.13131887186487484
25817,GOF,0.09638853355912189,0.8193283018742945,0.08428316456658355
25818,GOF,0.021443099722389298,0.8142284709098565,0.1643284293677543
25819,GOF,0.0652136379554684,0.7784268668335993,0.1563594952109323
25820,GOF,0.02633021307905865,0.7439004679566115,0.22976931896432976
25821,GOF,0.01949273527845591,0.7487447054893527,0.23176255923219144
25822,GOF,0.035406593956693426,0.7471458425255197,0.2174475635177869
25823,GOF,0.02304027779806628,0.7390848773118966,0.23787484489003718
25824,GOF,0.022878888474553015,0.7973554849739279,0.17976562655151906
25825,GOF,0.018572715511371726,0.7810247567159676,0.20040252777266054
25826,GOF,0.007495639023442278,0.7354092335284917,0.2570951274480659
25827,GOF,0.0118093737416804,0.714065161275471,0.2741254649828486
25828,GOF,0.008741303951057582,0.7383704179555798,0.25288827809336256
25829,GOF,0.0038928945493907218,0.6751691895184936,0.3209379159321157
25830,LOF,0.0355591922506504,0.4336358009696152,0.5308050067797344
25831,GOF,0.05420672532793021,0.7932682926536871,0.15252498201838272
25832,GOF,0.008092250041036683,0.758185632649445,0.23372211730951833
25833,GOF,0.033286945935375505,0.8234206330267003,0.14329242103792414
25834,GOF,0.009366806784546334,0.781833451276612,0.2087997419388417
25835,GOF,0.022640908585190512,0.855942331889854,0.12141675952495562
25836,GOF,0.005979859646904001,0.7825231693575774,0.21149697099551856
25837,GOF,0.007988600142834347,0.7704648589666396,0.22154654089052603
25838,GOF,0.02002321897443625,0.8441311916759339,0.13584558934962995
25839,GOF,0.04776849739729339,0.8146444564336885,0.13758704616901804
25840,GOF,0.07445870701811842,0.8112747520055139,0.11426654097636758
25841,GOF,0.07801674129178192,0.824013217288854,0.09797004141936407
25842,GOF,0.026716354001330076,0.8933375148215442,0.07994613117712572
25843,GOF,0.023962886717253974,0.8910747819104728,0.08496233137227296
25844,GOF,0.015725829319953213,0.8466616738711944,0.1376124968088526
25845,GOF,0.0059417087867929255,0.7823879041181486,0.2116703870950586
25846,GOF,0.06060414554274007,0.8375378847400674,0.10185796971719235
25847,GOF,0.015559398780618544,0.8923651665040631,0.09207543471531837
25848,GOF,0.01987070739185515,0.8434405018509518,0.13668879075719317
25849,GOF,0.00693054526970403,0.8436709101790539,0.149398544551242
25850,GOF,0.0052988057179795545,0.7365295097636689,0.2581716845183515
25851,GOF,0.0051025525012879285,0.693410096031546,0.301487351467166
25852,GOF,0.14436424829657055,0.5819028395407794,0.27373291216265
25853,GOF,0.06213033021733707,0.8232739847212714,0.11459568506139148
25854,GOF,0.005382141696747269,0.7320571333868197,0.26256072491643295
25855,GOF,0.022032017335714985,0.6939069966250839,0.28406098603920116
25856,GOF,0.04127697076317693,0.7932616734073583,0.16546135582946492
25857,GOF,0.02416094684606022,0.7198518931566832,0.25598715999725663
25858,GOF,0.009457601792375403,0.7432926378756514,0.24724976033197324
25859,GOF,0.0073972237297346855,0.7495768618540876,0.2430259144161778
25860,GOF,0.07641829110383178,0.8165523761432837,0.10702933275288447
25861,GOF,0.08449099533388765,0.825229173080048,0.0902798315860645
25862,GOF,0.02025247795782139,0.895307418615324,0.0844401034268546
25863,GOF,0.022210298042397755,0.8784373739262273,0.0993523280313749
25864,GOF,0.0550643092558044,0.8906855535556525,0.054250137188543116
25865,GOF,0.04166786018371982,0.8623857921012693,0.09594634771501072
25866,GOF,0.024755858285775326,0.8804296800096733,0.0948144617045514
25867,GOF,0.040148803855036753,0.8799575053319189,0.07989369081304441
25868,GOF,0.06357742382275736,0.8272191120763019,0.10920346410094069
25869,GOF,0.36123403076385185,0.5670565909127515,0.07170937832339672
25870,GOF,0.06066248949337559,0.5378758488971687,0.4014616616094557
25871,GOF,0.010569691547701463,0.8712283977966576,0.11820191065564088
25872,GOF,0.01874465220185921,0.8547524297433388,0.1265029180548019
25873,GOF,0.018691658249496115,0.8880691557862068,0.09323918596429694
25874,LOF,0.01528422947153711,0.2027709387495705,0.7819448317788924
25875,LOF,0.03067840944604461,0.049878347313159065,0.9194432432407964
25876,LOF,0.018760805346588083,0.030921008606718075,0.9503181860466937
25877,LOF,0.10583249176379607,0.07667142067909477,0.8174960875571091
25878,LOF,0.07241023537157253,0.12279394353917707,0.8047958210892503
25879,LOF,0.01695280496345,0.08225964277825658,0.9007875522582935
25880,LOF,0.05733771613890294,0.011500996379885114,0.931161287481212
25881,Neutral,0.4684939235223268,0.06557939264976803,0.465926683827905
25882,LOF,0.07292912671749056,0.022039834088694907,0.9050310391938144
25883,LOF,0.02836875503485274,0.028123106222569572,0.9435081387425778
25884,LOF,0.018156441682994812,0.0524588668038918,0.9293846915131134
25885,LOF,0.17853865540894512,0.011564583666690158,0.8098967609243648
25886,LOF,0.2709659962931694,0.05226102667175429,0.6767729770350763
25887,LOF,0.12108763654397887,0.06914544841874704,0.8097669150372742
25888,LOF,0.008688492869238224,0.11587222745340639,0.8754392796773554
25889,LOF,0.024267554347909677,0.036668173228494944,0.9390642724235954
25890,LOF,0.17773306818025295,0.09087976702299569,0.7313871647967514
25891,LOF,0.12047897596892188,0.0331966208001359,0.8463244032309422
25892,LOF,0.00945481875470746,0.0350022091894287,0.9555429720558637
25893,LOF,0.37642318708968237,0.00926191039485992,0.6143149025154577
25894,LOF,0.421444775036359,0.006807634653583368,0.5717475903100577
25895,LOF,0.3611248917693693,0.013478729687881467,0.6253963785427492
25896,LOF,0.07069947534237551,0.022799393329588587,0.9065011313280358
25897,LOF,0.15718054017252228,0.009909271433836707,0.8329101883936411
25898,LOF,0.14013896484489208,0.03735077802912144,0.8225102571259865
25899,LOF,0.4212986616781622,0.023913779501938806,0.5547875588198989
25900,Neutral,0.508361530207825,0.0073315654382675325,0.4843069043539074
25901,LOF,0.06823566475359495,0.010869861208093306,0.9208944740383117
25902,LOF,0.1690115575164699,0.012058714797096593,0.8189297276864335
25903,LOF,0.37180686201156404,0.026152971118535852,0.6020401668699001
25904,Neutral,0.5284641817016308,0.03199214286100348,0.4395436754373658
25905,LOF,0.007362707558289061,0.46859713165301303,0.5240401607886979
25906,LOF,0.007485886524670855,0.08954488087121652,0.9029692326041125
25907,LOF,0.00724213168246587,0.29277743436491294,0.6999804339526212
25908,LOF,0.006301785103505472,0.2760168915104176,0.7176813233860769
25909,LOF,0.027677132833893527,0.13520930673577838,0.8371135604303281
25910,LOF,0.012262376022393343,0.12676263996212767,0.860974984015479
25911,LOF,0.22314026428689007,0.07530019220058089,0.701559543512529
25912,LOF,0.108396415109439,0.04326181474716418,0.8483417701433968
25913,LOF,0.025551514817690416,0.06837235178466965,0.9060761333976399
25914,LOF,0.03862576100842817,0.03178166347873784,0.9295925755128339
25915,LOF,0.18356216246637602,0.13681693058256728,0.6796209069510567
25916,LOF,0.026171882414280218,0.07414265833013998,0.8996854592555797
25917,LOF,0.07310693756652353,0.026921123744332014,0.8999719386891445
25918,LOF,0.04444902269753787,0.019775747163622202,0.9357752301388398
25919,LOF,0.039898503367499304,0.019366937528682196,0.9407345591038185
25920,Neutral,0.3430365373355292,0.3180721249371047,0.3388913377273661
25921,LOF,0.014651424818343767,0.03963475966194067,0.9457138155197156
25922,LOF,0.01686633097600383,0.040848203500982186,0.9422854655230141
25923,LOF,0.42743594109680416,0.03485726034368443,0.5377067985595114
25924,LOF,0.0262230216715627,0.04799708360009925,0.925779894728338
25925,LOF,0.08899196544969419,0.047131072907536965,0.8638769616427688
25926,LOF,0.07245198375865346,0.04450031469848648,0.88304770154286
25927,LOF,0.018215434285293746,0.0809660377034501,0.9008185280112561
25928,LOF,0.009972200587495147,0.050065445332034456,0.9399623540804702
25929,Neutral,0.5651572962916035,0.03299077592020212,0.40185192778819445
25930,LOF,0.07553168109794961,0.03356178914561201,0.8909065297564385
25931,LOF,0.01294580229845124,0.036961264663525194,0.9500929330380237
25932,LOF,0.0596691635061538,0.03567520628167799,0.9046556302121682
25933,LOF,0.06295186148436548,0.02139276655302267,0.9156553719626119
25934,LOF,0.05562372478996172,0.021800635451270325,0.9225756397587679
25935,LOF,0.08116630205096344,0.059059832270012824,0.8597738656790238
25936,LOF,0.10077288722265883,0.022070585197831255,0.8771565275795099
25937,LOF,0.02144385695974917,0.02753095572314747,0.9510251873171034
25938,LOF,0.07722290180148814,0.05102136721458599,0.8717557309839258
25939,LOF,0.04770251050570524,0.030345156071272413,0.9219523334230223
25940,LOF,0.009034369449550161,0.4557613845249801,0.5352042460254697
25941,LOF,0.46095405206015366,0.04387532831988334,0.49517061961996295
25942,LOF,0.009514092650427153,0.05924608420627468,0.9312398231432982
25943,LOF,0.04871045571187172,0.17504871605677466,0.7762408282313535
25944,LOF,0.04874992952798037,0.07915067719118878,0.8720993932808309
25945,LOF,0.11184085233176802,0.03671553076553436,0.8514436169026975
25946,LOF,0.06714642835136024,0.052470141064820536,0.8803834305838192
25947,Neutral,0.5254857537128393,0.07741613022947157,0.397098116057689
25948,LOF,0.40552821599678435,0.02133038777693468,0.5731413962262809
25949,LOF,0.14447046412998757,0.08728867106320191,0.7682408648068105
25950,GOF,0.06856784748955803,0.49978117544007794,0.4316509770703641
25951,LOF,0.014129057364767262,0.381525731700867,0.6043452109343657
25952,LOF,0.23997400135037877,0.2517844469256132,0.508241551724008
25953,LOF,0.008248363064034054,0.23475945307059304,0.7569921838653729
25954,LOF,0.06314500274086284,0.351890545306156,0.5849644519529812
25955,LOF,0.006705407227602553,0.2348480635063968,0.7584465292660006
25956,LOF,0.013936702112168589,0.3308132979901127,0.6552499998977187
25957,LOF,0.15906491520920163,0.0327416324187048,0.8081934523720936
25958,LOF,0.030260674940664138,0.0729331927059888,0.8968061323533472
25959,GOF,0.007412679225336314,0.810045978305362,0.18254134246930181
25960,LOF,0.004856685576324399,0.11118098918422795,0.8839623252394476
25961,LOF,0.02897375406443689,0.054657981378967394,0.9163682645565957
25962,LOF,0.050206564367283185,0.07832560654993337,0.8714678290827835
25963,LOF,0.006469622562282471,0.1651273586356187,0.8284030188020988
25964,LOF,0.026478150606905494,0.11960643112677648,0.8539154182663179
25965,LOF,0.2463857631893004,0.12971470256005682,0.6238995342506427
25966,LOF,0.38662896134436653,0.09311730051117634,0.5202537381444572
25967,LOF,0.008513405851406221,0.07070742527781225,0.9207791688707816
25968,LOF,0.039540208250350484,0.2162238258713943,0.7442359658782552
25969,LOF,0.16401257223743965,0.050594512698865654,0.7853929150636947
25970,LOF,0.06631650101190034,0.07551121388674262,0.858172285101357
25971,LOF,0.08286679244332,0.036740515611820165,0.8803926919448598
25972,LOF,0.07682753030131552,0.06562944833009177,0.8575430213685926
25973,LOF,0.0664191258160532,0.009071272309243787,0.924509601874703
25974,LOF,0.03870638419918766,0.03646454255831161,0.9248290732425009
25975,LOF,0.04039798312367047,0.0183137793860938,0.9412882374902357
25976,LOF,0.08436265175973066,0.010119546786213601,0.9055178014540557
25977,LOF,0.2460151173097958,0.06318700316551928,0.6907978795246849
25978,LOF,0.17230588542412822,0.15368883523184418,0.6740052793440277
25979,LOF,0.14020202295824769,0.1661878809098743,0.6936100961318781
25980,LOF,0.23785000879920992,0.2226642933709071,0.539485697829883
25981,LOF,0.2391686045023862,0.2255516331201818,0.5352797623774319
25982,Neutral,0.4469496994759836,0.11217954693473726,0.4408707535892791
25983,Neutral,0.45679005055895233,0.13111401701020797,0.4120959324308398
25984,LOF,0.04342752401561761,0.0941005057671921,0.8624719702171902
25985,LOF,0.4210342959029873,0.12962314884973883,0.4493425552472739
25986,LOF,0.011394758557981702,0.45443430997107515,0.5341709314709432
25987,LOF,0.043484251723325915,0.10315390380469827,0.8533618444719758
25988,LOF,0.0415856412761425,0.15976181351875432,0.7986525452051031
25989,LOF,0.04574835301470179,0.18146587511589707,0.7727857718694011
25990,LOF,0.03916666845912712,0.2765881029629952,0.6842452285778776
25991,GOF,0.02305457638481101,0.49931544263582295,0.47762998097936604
25992,LOF,0.01465323538867972,0.46669788190721684,0.5186488827041035
25993,LOF,0.026131880977010594,0.09193877240428446,0.8819293466187049
25994,LOF,0.023167362690987386,0.09648632038436973,0.8803463169246429
25995,LOF,0.019431917389856612,0.160604534727828,0.8199635478823153
25996,GOF,0.37156706661602645,0.38143178414675205,0.24700114923722152
25997,LOF,0.06696662441263886,0.44669124196326304,0.48634213362409817
25998,LOF,0.2529122881292032,0.04208007845676057,0.7050076334140364
25999,LOF,0.037559644956018066,0.10996672279021355,0.8524736322537684
26000,LOF,0.14028936498636405,0.014002504419057048,0.8457081305945788
26001,LOF,0.25455668436192397,0.015936221975810544,0.7295070936622656
26002,LOF,0.12449529512120858,0.02215557223786022,0.8533491326409312
26003,GOF,0.00797112390563351,0.5961793586140711,0.39584951748029523
26004,GOF,0.016671237239633374,0.6306331821544684,0.35269558060589823
26005,LOF,0.0058355988749765435,0.4570108792256896,0.5371535218993339
26006,GOF,0.10946396569447878,0.5057024157709537,0.38483361853456755
26007,LOF,0.011007398477231376,0.48956931013125815,0.49942329139151037
26008,GOF,0.006390087412824793,0.5672548923586533,0.4263550202285219
26009,GOF,0.012843212985926146,0.6134830965435795,0.3736736904704944
26010,GOF,0.01094813814492792,0.5627579642321653,0.4262938976229067
26011,LOF,0.00446491634721846,0.40873454583700886,0.5868005378157727
26012,GOF,0.005192936853493757,0.5312588432302023,0.46354821991630396
26013,GOF,0.01129305476333956,0.5542766287724105,0.4344303164642499
26014,LOF,0.06781727776939676,0.11793115938473508,0.8142515628458682
26015,LOF,0.36222115776216124,0.03866398409372991,0.5991148581441088
26016,LOF,0.2768730337562052,0.06053789094534372,0.6625890752984511
26017,LOF,0.013211967749096798,0.2613197817039069,0.7254682505469963
26018,LOF,0.023273864842502375,0.08627641342907363,0.8904497217284241
26019,LOF,0.02279272576044081,0.07667349754697517,0.9005337766925839
26020,LOF,0.007479612682598079,0.23667451309315743,0.7558458742242445
26021,LOF,0.07218052584234223,0.11233047933574566,0.8154889948219121
26022,LOF,0.036434594156907384,0.041546546476279395,0.9220188593668132
26023,LOF,0.01947096142898499,0.062019078962730255,0.9185099596082846
26024,LOF,0.054859489947053246,0.08471325604983015,0.8604272540031166
26025,LOF,0.11338124714473259,0.09468749215306885,0.7919312607021987
26026,LOF,0.1129977513826577,0.0741224281177569,0.8128798204995854
26027,LOF,0.023638501306895533,0.0377378238579619,0.9386236748351425
26028,LOF,0.09109752876908059,0.1846131470356359,0.7242893241952836
26029,LOF,0.022975237641109078,0.17998382389860856,0.7970409384602823
26030,LOF,0.13317779772718277,0.025693938519241507,0.8411282637535757
26031,LOF,0.010777174092789414,0.15489522139110926,0.8343276045161014
26032,LOF,0.03459439699937157,0.0443232873603785,0.92108231564025
26033,LOF,0.03639992686096557,0.04740748467304712,0.9161925884659873
26034,LOF,0.017074874524216195,0.1237741093711527,0.859151016104631
26035,LOF,0.012838519723599454,0.12160460996271177,0.8655568703136888
26036,LOF,0.012121475533390482,0.10387793509321488,0.8840005893733947
26037,LOF,0.011911952754343962,0.11011425076530586,0.8779737964803502
26038,LOF,0.02957679044612994,0.04050185069224999,0.9299213588616201
26039,LOF,0.03585456549187198,0.1378281304469724,0.8263173040611556
26040,LOF,0.07487357808661071,0.11360528949910619,0.811521132414283
26041,LOF,0.014772507884621481,0.10545499739988014,0.8797724947154983
26042,LOF,0.014256123369722708,0.11351049562777019,0.8722333810025071
26043,LOF,0.02896260129776635,0.06010041639303821,0.9109369823091955
26044,LOF,0.009394097657745184,0.04669368422092611,0.9439122181213286
26045,LOF,0.08030928001827355,0.14129242977933976,0.7783982902023867
26046,LOF,0.02649277211519321,0.048448922667997156,0.9250583052168095
26047,LOF,0.04997938188650496,0.04853976370548977,0.9014808544080052
26048,LOF,0.08174834873792763,0.01860911445565883,0.8996425368064136
26049,Neutral,0.9413650658122791,0.007671883575424349,0.05096305061229675
26050,Neutral,0.9090823137777082,0.008374984802427788,0.08254270141986395
26051,LOF,0.023508132586699097,0.06796940716150326,0.9085224602517977
26052,LOF,0.03114169212964249,0.061114223797835675,0.9077440840725217
26053,LOF,0.024741318911983827,0.12410964344323186,0.8511490376447844
26054,LOF,0.04836794947621303,0.03533063195974291,0.916301418564044
26055,LOF,0.07508672776583296,0.033219663367650705,0.8916936088665164
26056,LOF,0.061988224477712094,0.04218963057530776,0.8958221449469802
26057,LOF,0.059974462176628225,0.01917066079474393,0.9208548770286279
26058,LOF,0.06454933581062279,0.015399813367242074,0.9200508508221352
26059,LOF,0.22270869192062212,0.035215172014902874,0.742076136064475
26060,LOF,0.02764998441169112,0.15087893933598287,0.821471076252326
26061,LOF,0.013579008472959807,0.011529892623494966,0.9748910989035453
26062,LOF,0.0067805107421433485,0.017665615081173945,0.9755538741766826
26063,LOF,0.04382045394401057,0.014880888458319431,0.94129865759767
26064,LOF,0.016001133537296906,0.018656615988495145,0.965342250474208
26065,LOF,0.05421985554046741,0.018509140501596605,0.927271003957936
26066,LOF,0.043291289914602495,0.014160587815566674,0.9425481222698309
26067,LOF,0.04582941419888933,0.014210361186902193,0.9399602246142085
26068,LOF,0.055183402595915226,0.04776517472901862,0.8970514226750661
26069,LOF,0.2952137242732885,0.03170771155435325,0.6730785641723583
26070,Neutral,0.5641852703915383,0.0235460658038629,0.41226866380459865
26071,LOF,0.04777616659992437,0.016416393834043905,0.9358074395660317
26072,LOF,0.008174939164761133,0.022276553217252124,0.9695485076179868
26073,LOF,0.03847349277020155,0.017575188928691428,0.943951318301107
26074,Neutral,0.8577522716432986,0.012443944770401085,0.1298037835863002
26075,LOF,0.058216741570173376,0.0262943567632942,0.9154889016665324
26076,LOF,0.05652243259850575,0.013696816302288486,0.9297807510992058
26077,LOF,0.17163593326640997,0.007756715870889479,0.8206073508627005
26078,LOF,0.007709111875981875,0.01709730657523163,0.9751935815487864
26079,LOF,0.06573791704731977,0.024968428775247478,0.9092936541774328
26080,LOF,0.06440711412973979,0.025135339436318464,0.9104575464339417
26081,LOF,0.03589787392252328,0.01178766777588244,0.9523144583015942
26082,LOF,0.006334016154276236,0.020188863613972215,0.9734771202317515
26083,LOF,0.11021365666876455,0.027351670284510857,0.8624346730467246
26084,LOF,0.11347425004467353,0.02129529564417053,0.865230454311156
26085,LOF,0.09377773440816138,0.0177219105004781,0.8885003550913605
26086,LOF,0.04209810916016315,0.01556211684034986,0.9423397739994871
26087,LOF,0.03856094353585856,0.013276869683107559,0.9481621867810339
26088,LOF,0.007556772044027315,0.024582418408054307,0.9678608095479184
26089,LOF,0.04472394731982583,0.03990770048060805,0.9153683521995661
26090,LOF,0.04515792599886612,0.03205372551574373,0.92278834848539
26091,LOF,0.029845657973523922,0.010216951824485884,0.9599373902019902
26092,LOF,0.0487239294772295,0.011318430003577023,0.9399576405191934
26093,LOF,0.07916754358674277,0.00786877590494559,0.9129636805083117
26094,LOF,0.035271991149791855,0.01065149977672033,0.9540765090734878
26095,LOF,0.022018560922133865,0.018981958369705555,0.9589994807081607
26096,LOF,0.21416837508950093,0.0053065320118322054,0.7805250928986669
26097,LOF,0.007522592683471342,0.04217217315772774,0.950305234158801
26098,LOF,0.1246667385845507,0.021163429688817712,0.8541698317266315
26099,LOF,0.04283557022962944,0.026934356525237367,0.9302300732451332
26100,LOF,0.04278439360331388,0.026935796622106902,0.9302798097745791
26101,LOF,0.069197768607212,0.044420357574519384,0.8863818738182686
26102,LOF,0.03419788018546374,0.023307597718438284,0.942494522096098
26103,Neutral,0.8942918749471476,0.029838508999398414,0.07586961605345405
26104,LOF,0.05987363021490132,0.04806455299691543,0.8920618167881833
26105,LOF,0.2848002653034143,0.10566696560434809,0.6095327690922377
26106,LOF,0.3129507829367906,0.05641892570821559,0.6306302913549937
26107,LOF,0.020608235765799055,0.07252408096770147,0.9068676832664994
26108,LOF,0.2668065197932312,0.03898500684475793,0.6942084733620109
26109,LOF,0.08462413849803087,0.030433285533237,0.8849425759687322
26110,LOF,0.42586212450697153,0.012175271914852412,0.5619626035781761
26111,LOF,0.06278900453032465,0.10330132216936375,0.8339096733003115
26112,LOF,0.05891761268422107,0.010586654395228937,0.93049573292055
26113,LOF,0.1179212818169256,0.02532195051723512,0.8567567676658394
26114,LOF,0.09309958435537509,0.006395580267273024,0.9005048353773519
26115,LOF,0.014679285252096032,0.04624648144942254,0.9390742332984814
26116,LOF,0.0780242184102279,0.018162451579482538,0.9038133300102895
26117,LOF,0.3431635417328206,0.04479346681158024,0.6120429914555992
26118,LOF,0.04607601729840798,0.02078926044060785,0.9331347222609842
26119,LOF,0.006145099597656699,0.11122205195226376,0.8826328484500795
26120,LOF,0.03304924237661441,0.02006629943564041,0.9468844581877451
26121,LOF,0.0034036274099206207,0.17464016543707325,0.8219562071530062
