feature0,prediction,LoGoFunc_Neutral,LoGoFunc_GOF,LoGoFunc_LOF
25546,Neutral,0.7401401523544825,0.03455690164596102,0.22530294599955647
25547,Neutral,0.5853998367724973,0.07247900387204104,0.3421211593554616
25548,Neutral,0.5988823872193759,0.05019156325590628,0.35092604952471784
25549,Neutral,0.5147855647899369,0.0503393338734487,0.43487510133661444
25550,LOF,0.37507963323732835,0.08938012526828897,0.5355402414943827
25551,LOF,0.32366261638826627,0.09947778086777964,0.5768596027439541
25552,LOF,0.23968798964795704,0.09304976872982473,0.6672622416222181
25553,Neutral,0.8460230828779614,0.026453704700467772,0.12752321242157097
25554,LOF,0.27021980932934786,0.09095207386422167,0.6388281168064305
25555,LOF,0.22735077376015042,0.0821893035707346,0.6904599226691149
25556,LOF,0.4449304523426368,0.08390224858088323,0.47116729907648
25557,LOF,0.22319313050023157,0.08410970477210822,0.6926971647276602
25558,LOF,0.2577400650553801,0.09024371224699479,0.652016222697625
25559,LOF,0.3643972796813243,0.16670888715389734,0.4688938331647784
25560,LOF,0.05250122877780998,0.1425231895853689,0.804975581636821
25561,LOF,0.11877299131188267,0.1515076087911662,0.7297193998969511
25562,LOF,0.13738415725918451,0.04815131760159181,0.8144645251392237
25563,LOF,0.10897651540912726,0.07044928579464463,0.8205741987962281
25564,LOF,0.2377867906727744,0.1291733219449124,0.6330398873823132
25565,LOF,0.14648300973083073,0.10030505004676997,0.7532119402223993
25566,GOF,0.018271213578590285,0.7820068194146781,0.19972196700673167
25567,LOF,0.015808436378528624,0.16055005607737563,0.8236415075440958
25568,LOF,0.04938463775783739,0.06253373272287062,0.888081629519292
25569,LOF,0.060002809398457944,0.061249062917955725,0.8787481276835865
25570,LOF,0.054855396127986164,0.09750510400871402,0.8476394998632998
25571,LOF,0.052577782924887184,0.08916482042637751,0.8582573966487352
25572,LOF,0.06136844482030971,0.12546090301817736,0.813170652161513
25573,LOF,0.036270907847753546,0.09696340328047523,0.8667656888717712
25574,LOF,0.020589211383757442,0.1384242599254055,0.8409865286908371
25575,LOF,0.04405851864484806,0.10176486688549644,0.8541766144696555
25576,LOF,0.016748866121743283,0.1181990470604416,0.865052086817815
25577,LOF,0.01486183315269627,0.12390579574509347,0.8612323711022102
25578,LOF,0.23806388453665384,0.07728451686428262,0.6846515985990634
25579,LOF,0.23863128495429448,0.07682308227935974,0.6845456327663457
25580,LOF,0.029731311944959968,0.07250622870712821,0.8977624593479118
25581,LOF,0.052064379380869386,0.06166868248486915,0.8862669381342615
25582,LOF,0.05206998506520961,0.06000723307799384,0.8879227818567966
25583,LOF,0.04150046217265115,0.08240408787173902,0.8760954499556097
25584,Neutral,0.47176173916872455,0.10433909457548662,0.4238991662557887
25585,LOF,0.029732379424929022,0.1082148001058089,0.8620528204692621
25586,LOF,0.029454367343492518,0.06906262969842998,0.9014830029580774
25587,LOF,0.028488332702406964,0.06590692545584852,0.9056047418417446
25588,LOF,0.02943357908271828,0.08095344583731676,0.889612975079965
25589,Neutral,0.624690367443534,0.11889479382440211,0.25641483873206383
25590,LOF,0.027936518944784716,0.12763896593138804,0.8444245151238272
25591,LOF,0.11163226183505838,0.05323329709000287,0.8351344410749387
25592,LOF,0.08140518956263502,0.12542867561476997,0.793166134822595
25593,LOF,0.026902720142765686,0.2356969237540308,0.7374003561032034
25594,LOF,0.04597267904861033,0.2055090891040039,0.7485182318473859
25595,LOF,0.05170552374733527,0.14626037352544125,0.8020341027272234
25596,LOF,0.0484693917612562,0.10738998165563511,0.8441406265831088
25597,LOF,0.0424082835040893,0.11745434572017055,0.8401373707757401
25598,LOF,0.051157635331915564,0.14574686285587737,0.803095501812207
25599,GOF,0.007552285773771447,0.6913178097613145,0.30112990446491406
25600,GOF,0.017941050797392492,0.6239367585899426,0.3581221906126648
25601,LOF,0.005771296267374361,0.4607135246162562,0.5335151791163695
25602,LOF,0.02840099239222037,0.045650972510774955,0.9259480350970046
25603,LOF,0.06154736891695822,0.029019935491029634,0.9094326955920121
25604,LOF,0.04817126051803363,0.0318000904842626,0.9200286489977038
25605,LOF,0.014649629717188547,0.19089030334442605,0.7944600669383854
25606,LOF,0.1110582272571608,0.42145564614752346,0.4674861265953157
25607,LOF,0.006346532741455221,0.195139616219128,0.7985138510394169
25608,LOF,0.031010577938056533,0.0573725348084122,0.9116168872535312
25609,LOF,0.03235107329379266,0.456367438077206,0.5112814886290014
25610,LOF,0.03752218565081892,0.025093200174032826,0.9373846141751482
25611,LOF,0.041561339299892266,0.024053733730767596,0.9343849269693402
25612,LOF,0.095783321660659,0.03343884372480419,0.8707778346145368
25613,LOF,0.07944536237053215,0.03467436658535526,0.8858802710441127
25614,LOF,0.02924432437334558,0.03322979210834842,0.9375258835183059
25615,LOF,0.0412922803437422,0.04064374436724016,0.9180639752890177
25616,LOF,0.030435855666872236,0.03232116756516526,0.9372429767679625
25617,LOF,0.02956345311305121,0.03573658533770749,0.9346999615492412
25618,LOF,0.1550496071400891,0.03047178019962704,0.8144786126602839
25619,LOF,0.027381955902907908,0.03100626844837451,0.9416117756487177
25620,LOF,0.03447813500196974,0.039418126690094965,0.9261037383079354
25621,LOF,0.02682210112360652,0.03176717047774856,0.9414107283986448
25622,LOF,0.02872916736850926,0.036578247185616676,0.9346925854458741
25623,LOF,0.05403919909825398,0.034562853730814136,0.9113979471709319
25624,LOF,0.02751604423327824,0.03674102788748918,0.9357429278792326
25625,LOF,0.03160851545350951,0.04494441700039153,0.923447067546099
25626,LOF,0.08690493593123969,0.030872784914559484,0.8822222791542008
25627,Neutral,0.5315144655724616,0.13746360056019638,0.33102193386734213
25628,LOF,0.19560008089077396,0.06320177546550113,0.741198143643725
25629,LOF,0.07299382980005138,0.06519931319169044,0.8618068570082581
25630,LOF,0.1613503977636577,0.09882804559391223,0.7398215566424301
25631,Neutral,0.5428252216556416,0.07692733601246914,0.3802474423318893
25632,LOF,0.0173927932865677,0.07749670729719135,0.9051104994162409
25633,LOF,0.20448355906880614,0.06355122324958458,0.7319652176816093
25634,LOF,0.03439085092630382,0.09522001272393248,0.8703891363497638
25635,LOF,0.03652328779306295,0.06356502354254626,0.8999116886643909
25636,GOF,0.004705886578558675,0.6812040652182104,0.314090048203231
25637,GOF,0.005269579019161905,0.6717520117152463,0.3229784092655917
25638,LOF,0.007774998991197275,0.41699736049232433,0.5752276405164785
25639,GOF,0.004712189388557214,0.5412870861015354,0.45400072450990747
25640,GOF,0.4439124465102168,0.47979009627710634,0.07629745721267685
25641,LOF,0.008877439092034738,0.36410594106050537,0.6270166198474598
25642,LOF,0.29108072882718444,0.06610763815987028,0.6428116330129453
25643,LOF,0.2638577075254048,0.1525628781434739,0.5835794143311211
25644,GOF,0.013314003025206932,0.5685932363665502,0.4180927606082429
25645,GOF,0.01204671860341301,0.5033675213930331,0.4845857600035538
25646,LOF,0.01602787788060805,0.3764354271439391,0.6075366949754528
25647,LOF,0.014506332583896107,0.30451463349132124,0.6809790339247825
25648,LOF,0.01286535959319151,0.3237421280797001,0.6633925123271084
25649,LOF,0.009686737777468387,0.2414990598136019,0.7488142024089297
25650,GOF,0.02698677629140443,0.5095202871579204,0.4634929365506751
25651,LOF,0.009112262932974523,0.2949927733430368,0.6958949637239887
25652,LOF,0.015486584722796877,0.275144553332547,0.7093688619446562
25653,LOF,0.055904998792637196,0.38666055718885034,0.5574344440185125
25654,LOF,0.015212476522716505,0.15708427370343897,0.8277032497738445
25655,LOF,0.08530678261200575,0.4461843030019249,0.46850891438606923
25656,LOF,0.07693908067565236,0.08299620800910373,0.840064711315244
25657,LOF,0.2816020550735266,0.039905104211785856,0.6784928407146875
25658,LOF,0.04373784220204705,0.095103368300344,0.861158789497609
25659,LOF,0.2770172503972706,0.07371959595879454,0.6492631536439348
25660,LOF,0.07504212616238795,0.09386401278479488,0.8310938610528172
25661,LOF,0.052099578499543706,0.06795169810948078,0.8799487233909755
25662,LOF,0.02880178798543934,0.04132876108689641,0.9298694509276644
25663,LOF,0.038226259241113794,0.0686297073085547,0.8931440334503317
25664,LOF,0.033841888587309354,0.08442978469924597,0.8817283267134447
25665,LOF,0.05921317211875221,0.0418205843003107,0.8989662435809371
25666,LOF,0.03457809352750428,0.12546624149398444,0.8399556649785114
25667,LOF,0.030389047557582084,0.05225152657950548,0.9173594258629125
25668,LOF,0.03585477907680743,0.05461969055855504,0.9095255303646375
25669,LOF,0.0434813993469584,0.08215446098774332,0.8743641396652982
25670,LOF,0.1013015028462468,0.08288558551294735,0.8158129116408058
25671,LOF,0.0420716476737185,0.04379781980061839,0.9141305325256631
25672,LOF,0.05839736413773707,0.05952094438106017,0.8820816914812027
25673,LOF,0.036190477277890945,0.06399810714173478,0.8998114155803744
25674,LOF,0.02832559509883016,0.07111619387108392,0.900558211030086
25675,LOF,0.04001959199285619,0.0505731742837472,0.9094072337233967
25676,LOF,0.03225206579636846,0.05583527118618906,0.9119126630174424
25677,LOF,0.05748059241377169,0.06180105346335895,0.8807183541228694
25678,LOF,0.2633290860670611,0.036704868430767604,0.6999660455021712
25679,LOF,0.17249017424861546,0.08059088764294048,0.7469189381084441
25680,LOF,0.06871695998437223,0.09384943649326183,0.837433603522366
25681,LOF,0.11584417293596098,0.08576061966642382,0.7983952073976152
25682,LOF,0.04680760374687864,0.06933336313427291,0.8838590331188484
25683,LOF,0.08833660605707792,0.08133112435661664,0.8303322695863055
25684,LOF,0.051989360477466294,0.07386912378858082,0.8741415157339528
25685,LOF,0.09296402228337997,0.04755894760480866,0.8594770301118113
25686,LOF,0.03175024028419358,0.09717331340128095,0.8710764463145255
25687,LOF,0.04978071144870179,0.0769182682133811,0.873301020337917
25688,LOF,0.023927893878652583,0.08846641786410522,0.8876056882572422
25689,LOF,0.018609803510771517,0.07565745026634343,0.9057327462228849
25690,LOF,0.020328351224315973,0.08396922701357205,0.895702421762112
25691,LOF,0.1562931120981748,0.1285358505367706,0.7151710373650545
25692,LOF,0.268755007024165,0.012614540373061846,0.7186304526027731
25693,LOF,0.050924464340405325,0.13232553767532332,0.8167499979842714
25694,LOF,0.23939891019985557,0.01314210245694733,0.747458987343197
25695,LOF,0.15094681414747804,0.01903216821622693,0.8300210176362951
25696,LOF,0.15013278233768138,0.010174024519888965,0.8396931931424297
25697,LOF,0.152161431172438,0.024583216755722972,0.8232553520718391
25698,LOF,0.02518251428395323,0.35553204491217405,0.6192854408038727
25699,LOF,0.052364215799926804,0.050754765826015145,0.8968810183740581
25700,LOF,0.03099025454842876,0.009386311577989115,0.9596234338735821
25701,LOF,0.01152935021135301,0.06961527276435149,0.9188553770242954
25702,GOF,0.036785333321183195,0.7467466819648834,0.21646798471393347
25703,LOF,0.01591568817933663,0.17872828729710533,0.8053560245235581
25704,LOF,0.09137263724858087,0.1423436160606893,0.76628374669073
25705,LOF,0.07607978076883262,0.22476865064897275,0.6991515685821946
25706,GOF,0.04524169095287581,0.6178487969398729,0.33690951210725134
25707,GOF,0.025816426044858634,0.5431891549645629,0.4309944189905786
25708,LOF,0.006913331756628596,0.4831413163865348,0.5099453518568366
25709,LOF,0.018209666664514512,0.06834937818773516,0.9134409551477503
25710,LOF,0.008423763967842977,0.17156142228440335,0.8200148137477538
25711,LOF,0.021038339476008375,0.1257673059371576,0.853194354586834
25712,LOF,0.008776973561104469,0.23518654603652056,0.756036480402375
25713,LOF,0.018852944207684182,0.10831676189692552,0.8728302938953904
25714,LOF,0.02085167077950414,0.1474602684280404,0.8316880607924554
25715,LOF,0.020174236723973213,0.12796254061913667,0.8518632226568901
25716,LOF,0.011300022207573744,0.1463896007656686,0.8423103770267576
25717,LOF,0.0056051815690849206,0.14838393890879756,0.8460108795221176
25718,LOF,0.01941298104589154,0.08491914219678513,0.8956678767573234
25719,LOF,0.03351200398930896,0.0953144153645416,0.8711735806461494
25720,LOF,0.025718342051895385,0.09311560782120054,0.8811660501269041
25721,LOF,0.022977153565606447,0.09850544022375783,0.8785174062106357
25722,LOF,0.016323153053830763,0.13150408645489503,0.8521727604912741
25723,LOF,0.022116253498188295,0.07961021873110803,0.8982735277707037
25724,LOF,0.02858195608683418,0.1314179602551632,0.8400000836580026
25725,LOF,0.020677495401828894,0.07466152765479493,0.9046609769433761
25726,LOF,0.015612227293621479,0.10810720930098805,0.8762805634053905
25727,LOF,0.021488880718448556,0.08755600681715198,0.8909551124643995
25728,LOF,0.019916960297153098,0.1062061911979231,0.8738768485049238
25729,LOF,0.01904482178145301,0.11200536192147108,0.8689498162970759
25730,LOF,0.02194960868062641,0.0875783497013999,0.8904720416179738
25731,LOF,0.009525033566733994,0.2091223654314505,0.7813526010018154
25732,LOF,0.018875141728040466,0.09837429474023306,0.8827505635317265
25733,LOF,0.027391856698443722,0.08968978834723687,0.8829183549543195
25734,LOF,0.0064706405630279235,0.22750850936791925,0.7660208500690528
25735,LOF,0.021632185029128125,0.07839232480204951,0.8999754901688225
25736,LOF,0.020052587647139245,0.13553003528701382,0.844417377065847
25737,LOF,0.04119967475112424,0.11207857731359734,0.8467217479352783
25738,LOF,0.020394105085733267,0.15300052343685322,0.8266053714774135
25739,LOF,0.02352156138303262,0.13821884435858048,0.8382595942583869
25740,LOF,0.05011022588144169,0.14652873408782022,0.803361040030738
25741,LOF,0.02744585947627356,0.12267658698569264,0.8498775535380338
25742,LOF,0.046691206747723556,0.13424617399430888,0.8190626192579676
25743,LOF,0.01231733054851656,0.03846098001646281,0.9492216894350207
25744,GOF,0.17126300880248876,0.47938733422897556,0.34934965696853565
25745,LOF,0.025635254525130977,0.07237954789270101,0.901985197582168
25746,LOF,0.01236850251785835,0.09798416904504938,0.8896473284370923
25747,LOF,0.02832713355838092,0.03618092606699055,0.9354919403746286
25748,LOF,0.25510660783552863,0.0638695005773998,0.6810238915870717
25749,LOF,0.0141300806961186,0.06267084105250642,0.9231990782513749
25750,LOF,0.015928729108074493,0.09969874942233913,0.8843725214695864
25751,LOF,0.037171723048414845,0.0629168845246546,0.8999113924269305
25752,GOF,0.08216769952650027,0.6833137853338771,0.23451851513962255
25753,LOF,0.007161259609492973,0.39358643323089215,0.5992523071596149
25754,GOF,0.006535991187131499,0.8737878849143113,0.1196761238985572
25755,LOF,0.008175887106424104,0.45904313490986276,0.532780977983713
25756,LOF,0.04999693348723489,0.44646783892631065,0.5035352275864544
25757,GOF,0.00700559384201923,0.8791722899531843,0.11382211620479647
25758,GOF,0.009813292550825975,0.8735650571563994,0.11662165029277465
25759,GOF,0.005475881101296556,0.5944489982669247,0.4000751206317788
25760,LOF,0.006463106703675229,0.3010365256352421,0.6925003676610827
25761,GOF,0.06450502726875525,0.8588626137044577,0.07663235902678713
25762,LOF,0.028076715082124584,0.3722553225265453,0.5996679623913301
25763,LOF,0.007493322432873163,0.2595702647382279,0.732936412828899
25764,GOF,0.07495523367484898,0.6271266236382005,0.29791814268695055
25765,GOF,0.008240922704222971,0.845458780513475,0.1463002967823021
25766,GOF,0.042745735338296106,0.8250894840704112,0.13216478059129277
25767,GOF,0.011452342897834908,0.5375853808225168,0.4509622762796482
25768,LOF,0.03505455074044573,0.06888414947955722,0.8960612997799972
25769,LOF,0.024925862042486768,0.08555289455240865,0.8895212434051045
25770,LOF,0.17166200886090757,0.06481674039563105,0.7635212507434613
25771,LOF,0.01293391199567314,0.07456477489793467,0.9125013131063922
25772,LOF,0.023968471754675,0.03341889785523922,0.9426126303900857
25773,LOF,0.01631309669787836,0.08095967805411701,0.9027272252480047
25774,LOF,0.02927867242921483,0.09494396680532907,0.8757773607654561
25775,LOF,0.018784353589219992,0.04491467916292358,0.9363009672478564
25776,LOF,0.02609048925089085,0.030454993586718517,0.9434545171623906
25777,LOF,0.2630387883179864,0.07519991405327366,0.6617612976287398
25778,LOF,0.019011939247033083,0.06328385650766856,0.9177042042452984
25779,GOF,0.0305729423845637,0.898221507028734,0.0712055505867022
25780,GOF,0.0646030357369795,0.8855034289096059,0.0498935353534146
25781,GOF,0.030657170685013835,0.8754402562143375,0.09390257310064873
25782,GOF,0.027301863384896364,0.9079032870079885,0.06479484960711507
25783,GOF,0.01963641611706949,0.8064318338545423,0.17393175002838815
25784,GOF,0.07760749411964972,0.8850926075525187,0.037299898327831586
25785,GOF,0.053228232858031854,0.9073804377846593,0.03939132935730878
25786,GOF,0.007832437780781399,0.8671664157343373,0.1250011464848813
25787,GOF,0.14266439265989703,0.8222279505705079,0.03510765676959501
25788,LOF,0.016737981804207838,0.2181440970056293,0.7651179211901629
25789,GOF,0.01539335569198399,0.8716641078109437,0.11294253649707231
25790,GOF,0.015329489623957521,0.8735800770693009,0.11109043330674158
25791,GOF,0.015877483604782278,0.8477762918847758,0.136346224510442
25792,GOF,0.019730291390389957,0.8555511823755426,0.12471852623406744
25793,GOF,0.04722891193374992,0.8453567920237538,0.10741429604249629
25794,GOF,0.043482876887935965,0.7649426302811375,0.19157449283092648
25795,GOF,0.04911233540575523,0.7779726556402761,0.17291500895396877
25796,GOF,0.07663539791270282,0.8313638551431846,0.09200074694411259
25797,GOF,0.04272848743856671,0.7208296754995909,0.2364418370618424
25798,GOF,0.0029960725539506594,0.692845873415894,0.3041580540301553
25799,GOF,0.0028897385294102923,0.5938298328295468,0.40328042864104285
25800,GOF,0.016683631596501245,0.7896133265635549,0.19370304183994383
25801,GOF,0.013308802756923097,0.8855075366789822,0.10118366056409456
25802,GOF,0.02048870279857889,0.8427453094873987,0.1367659877140226
25803,GOF,0.013715890417115056,0.7453853746936279,0.2408987348892571
25804,GOF,0.016193266455800253,0.6741959798350025,0.30961075370919744
25805,GOF,0.023082018201099643,0.7585513109467764,0.218366670852124
25806,GOF,0.017501207676775855,0.8148392529866318,0.1676595393365923
25807,GOF,0.005926600456774895,0.7645783574970058,0.22949504204621934
25808,GOF,0.014631348850339461,0.7919863055871298,0.1933823455625308
25809,GOF,0.006804205973697131,0.7718694496361057,0.22132634439019716
25810,GOF,0.005584337215973664,0.7629707309981326,0.23144493178589376
25811,GOF,0.03638661141795208,0.8846231353734904,0.07899025320855739
25812,GOF,0.01703338214239041,0.7680028726170165,0.21496374524059295
25813,GOF,0.08921032327443257,0.8222856161159687,0.08850406060959867
25814,GOF,0.02179185331962326,0.8191059292739903,0.15910221740638644
25815,GOF,0.03852694607526389,0.8268423172540585,0.13463073667067765
25816,GOF,0.007709516482645491,0.868471894711488,0.12381858880586648
25817,GOF,0.09631901052468991,0.8238181605968796,0.0798628288784304
25818,GOF,0.019202818997387135,0.8354074074160319,0.14538977358658112
25819,GOF,0.04706392152863722,0.7885039491931833,0.1644321292781794
25820,GOF,0.023830850216554435,0.7920851821555775,0.18408396762786794
25821,GOF,0.016347477359874036,0.7849580263241623,0.19869449631596361
25822,GOF,0.029258118799139653,0.7929704071203885,0.177771474080472
25823,GOF,0.018619391248536628,0.7074030548281605,0.273977553923303
25824,GOF,0.01592039714873222,0.7874700124124623,0.19660959043880546
25825,GOF,0.01377002138902111,0.7836421467531076,0.20258783185787124
25826,GOF,0.0055684694207472725,0.7661579212751977,0.22827360930405505
25827,GOF,0.009458471137765751,0.7225452863546223,0.26799624250761195
25828,GOF,0.007436623135767876,0.6945194942957601,0.298043882568472
25829,GOF,0.003160976207800217,0.7228341167618584,0.27400490703034136
25830,GOF,0.03577500212345217,0.554568732578226,0.4096562652983218
25831,GOF,0.05803415765495087,0.8357874143180217,0.10617842802702737
25832,GOF,0.008334264639526606,0.8186341982208373,0.17303153713963604
25833,GOF,0.03029253935824085,0.8620516556675754,0.10765580497418395
25834,GOF,0.008050431595229697,0.8234615010992311,0.16848806730553928
25835,GOF,0.0183532125895488,0.8786489064044979,0.10299788100595329
25836,GOF,0.005818100712410431,0.825388901693939,0.16879299759365052
25837,GOF,0.005933049864115406,0.7224516194050719,0.27161533073081273
25838,GOF,0.017396589292847073,0.877836820929003,0.10476658977815016
25839,GOF,0.03855019287122461,0.8586698054789639,0.10278000164981155
25840,GOF,0.07729327318079716,0.8205903345577152,0.10211639226148764
25841,GOF,0.07672474171109107,0.835700808277196,0.08757445001171278
25842,GOF,0.020100772214272526,0.8959767505644491,0.0839224772212783
25843,GOF,0.019920364728075953,0.903821043499034,0.07625859177288988
25844,GOF,0.011676290180295689,0.8444882266063873,0.143835483213317
25845,GOF,0.004451459412293919,0.6835852950086022,0.31196324557910393
25846,GOF,0.05628651100146923,0.850822612522265,0.09289087647626586
25847,GOF,0.01315183221968238,0.9082906971018557,0.07855747067846185
25848,GOF,0.015316368046373175,0.8647020901760691,0.11998154177755772
25849,GOF,0.005083341002227882,0.7694899009224977,0.22542675807527454
25850,GOF,0.004853807824681696,0.77567053991013,0.21947565226518814
25851,GOF,0.004367487929151198,0.667813460099227,0.32781905197162187
25852,GOF,0.1409789188519266,0.5955056324441433,0.26351544870393007
25853,GOF,0.05842001194926503,0.8574791517427492,0.08410083630798576
25854,GOF,0.0038444333308933648,0.7120991464644768,0.28405642020462984
25855,GOF,0.015824121240191426,0.6948351681364866,0.289340710623322
25856,GOF,0.0334995606513818,0.8023609012729009,0.16413953807571724
25857,GOF,0.01792011161982708,0.6753676759363821,0.3067122124437909
25858,GOF,0.006098032440419753,0.6756883443660718,0.31821362319350843
25859,GOF,0.0053229445817044975,0.6765358998428059,0.3181411555754896
25860,GOF,0.07385636268975303,0.839539168709435,0.08660446860081195
25861,GOF,0.08058147379378953,0.831184285923835,0.08823424028237559
25862,GOF,0.014629995890085578,0.890942597660217,0.09442740644969742
25863,GOF,0.01578402556971401,0.8832903691434567,0.10092560528682937
25864,GOF,0.04560236860863014,0.8902727961469407,0.06412483524442929
25865,GOF,0.03319426290639566,0.8578063678523734,0.10899936924123091
25866,GOF,0.01917285574014215,0.8799237198249119,0.10090342443494589
25867,GOF,0.029611975439910714,0.8912805676300587,0.0791074569300305
25868,GOF,0.046731170719282226,0.8579293204194401,0.0953395088612777
25869,GOF,0.31675801554359395,0.6250219111265789,0.05822007332982712
25870,GOF,0.06358102707112973,0.6710128102726627,0.26540616265620764
25871,GOF,0.008571829433550048,0.8888252161985181,0.10260295436793176
25872,GOF,0.01790272509065082,0.8848003813842212,0.09729689352512799
25873,GOF,0.01646446366074474,0.8988970701097266,0.08463846622952848
25874,LOF,0.015914149910606527,0.2606411824702746,0.7234446676191189
25875,LOF,0.04682066280718932,0.04627169603779242,0.9069076411550182
25876,LOF,0.017089357413671798,0.037320657828472714,0.9455899847578555
25877,LOF,0.13080953834097045,0.09106456554752035,0.7781258961115093
25878,LOF,0.088359055273844,0.1283129521654521,0.783327992560704
25879,LOF,0.027764585829117592,0.08825508445158262,0.8839803297192999
25880,LOF,0.06409934288993202,0.012895813187222993,0.923004843922845
25881,Neutral,0.5298414009428023,0.06819416882427272,0.40196443023292505
25882,LOF,0.061618235624993335,0.024579905981574716,0.913801858393432
25883,LOF,0.027847920265594676,0.025216238771013554,0.9469358409633918
25884,LOF,0.020004810843040923,0.046119116688773276,0.9338760724681859
25885,LOF,0.21194986398804472,0.014328352693384085,0.7737217833185712
25886,LOF,0.2772561498397062,0.0519572417925767,0.6707866083677171
25887,LOF,0.15825496312755968,0.07280130059234916,0.7689437362800913
25888,LOF,0.010489610721006737,0.13432983870905305,0.8551805505699404
25889,LOF,0.02558711504506615,0.036356920439993286,0.9380559645149404
25890,LOF,0.17195809983109064,0.09963479743887536,0.728407102730034
25891,LOF,0.11466365844755508,0.026117948459056056,0.859218393093389
25892,LOF,0.00891184014059218,0.03629446269889564,0.9547936971605121
25893,LOF,0.32898243203290334,0.01078415945640275,0.6602334085106939
25894,LOF,0.39638684283950576,0.006568223960928722,0.5970449331995655
25895,LOF,0.33423183620066327,0.013650884258355043,0.6521172795409816
25896,LOF,0.06854021261078797,0.021095505275712387,0.9103642821134997
25897,LOF,0.1849161545484761,0.009588710422025108,0.8054951350294989
25898,LOF,0.1630434617750203,0.03373095027396031,0.8032255879510193
25899,LOF,0.4377810489892516,0.021955852851168967,0.5402630981595795
25900,Neutral,0.5015066524017149,0.0074547623333019895,0.49103858526498323
25901,LOF,0.05966312891108457,0.009564438446832394,0.9307724326420831
25902,LOF,0.17578134047648322,0.010151105029949288,0.8140675544935675
25903,LOF,0.37136374690780727,0.025368060184853363,0.6032681929073395
25904,Neutral,0.494704199805195,0.03189398309169539,0.47340181710310963
25905,GOF,0.005673636982917162,0.5143048318055313,0.48002153121155156
25906,LOF,0.008022380650894377,0.11383352956468827,0.8781440897844173
25907,LOF,0.005055289953937805,0.37943969705802966,0.6155050129880326
25908,LOF,0.004667489428206161,0.3025741553275441,0.6927583552442497
25909,LOF,0.026625889418645136,0.1594543850106419,0.8139197255707129
25910,LOF,0.011362504574900062,0.14159148549586534,0.8470460099292345
25911,LOF,0.23583137478001284,0.050877134922098444,0.7132914902978886
25912,LOF,0.09388032315751682,0.044144137377273386,0.8619755394652098
25913,LOF,0.02505790013712272,0.08069308066397286,0.8942490191989045
25914,LOF,0.03290603891516217,0.042119056198329195,0.9249749048865087
25915,LOF,0.20513647259526616,0.17587971979584358,0.6189838076088904
25916,LOF,0.0311210301244565,0.10136839265883901,0.8675105772167044
25917,LOF,0.07101727215551372,0.031647396549815625,0.8973353312946707
25918,LOF,0.03736177133763083,0.026009132799777755,0.9366290958625914
25919,LOF,0.03427422314498257,0.024456837426067135,0.9412689394289503
25920,LOF,0.34070713907645944,0.20453512346390595,0.45475773745963477
25921,LOF,0.014814577900168645,0.0318563748452661,0.9533290472545651
25922,LOF,0.017148524710639185,0.03148743909108112,0.9513640361982798
25923,LOF,0.421212843443444,0.03151514055931366,0.5472720159972424
25924,LOF,0.020603906584945163,0.050910858369156015,0.9284852350458989
25925,LOF,0.08535570213045147,0.040294959633547824,0.8743493382360008
25926,LOF,0.06697111084536145,0.03791166374064678,0.8951172254139919
25927,LOF,0.019663651197483003,0.06481941965448701,0.9155169291480298
25928,LOF,0.008929561022223139,0.04952438317853418,0.9415460557992427
25929,Neutral,0.5440198194015257,0.029757453030530068,0.4262227275679442
25930,LOF,0.07661301324316125,0.031006923553458157,0.8923800632033806
25931,LOF,0.01310886564140612,0.035643025820999895,0.951248108537594
25932,LOF,0.05890212979148204,0.033044497745136035,0.9080533724633819
25933,LOF,0.0651203798442986,0.018221037200996208,0.9166585829547053
25934,LOF,0.05769907799187913,0.01737146825536969,0.9249294537527512
25935,LOF,0.07868319593270572,0.051316128316768975,0.8700006757505253
25936,LOF,0.09317288825291199,0.01752040384272542,0.8893067079043625
25937,LOF,0.013975030317715766,0.042471352002657684,0.9435536176796265
25938,LOF,0.07920158161628268,0.04519339138842053,0.8756050269952967
25939,LOF,0.0475097139071979,0.02422930960525444,0.9282609764875477
25940,LOF,0.009045532886214036,0.3701850250943372,0.6207694420194488
25941,Neutral,0.5129976794475709,0.058965034785899165,0.42803728576653
25942,LOF,0.009530029426019954,0.059338857464311515,0.9311311131096686
25943,LOF,0.05247952631514705,0.21584876137447556,0.7316717123103773
25944,LOF,0.04974265695015539,0.09770214031764154,0.852555202732203
25945,LOF,0.1254981693887792,0.03257119014762451,0.8419306404635963
25946,LOF,0.07471178543626057,0.04014368120618174,0.8851445333575577
25947,Neutral,0.4584607108448285,0.11843162619015679,0.42310766296501473
25948,LOF,0.4046729411162489,0.01918931495440068,0.5761377439293505
25949,LOF,0.14497113046183555,0.08048654747479768,0.7745423220633668
25950,GOF,0.0641541663441173,0.5730374871144777,0.3628083465414049
25951,LOF,0.012998341856302316,0.44174665910401517,0.5452549990396826
25952,LOF,0.2766990320697775,0.2597593142349287,0.4635416536952939
25953,LOF,0.008476708810200092,0.19206103055186774,0.7994622606379321
25954,GOF,0.0718993762815319,0.4854796142381512,0.44262100948031696
25955,LOF,0.00679093498015394,0.18573833145562965,0.8074707335642164
25956,LOF,0.016054354818918096,0.23492886857696263,0.7490167766041192
25957,LOF,0.16472971601868258,0.03233973831286634,0.8029305456684511
25958,LOF,0.03350290956061385,0.058145444452390276,0.9083516459869958
25959,GOF,0.012358431466276326,0.6951537152655592,0.29248785326816445
25960,LOF,0.0055675486301421375,0.0882513640248334,0.9061810873450246
25961,LOF,0.030899834916315132,0.049754644256887595,0.9193455208267972
25962,LOF,0.05376915324417435,0.06300641813329219,0.8832244286225335
25963,LOF,0.005584944400738304,0.16519547474399973,0.8292195808552619
25964,LOF,0.027816527994021303,0.10785473606183546,0.8643287359441433
25965,LOF,0.2510005436676311,0.11603858112177168,0.6329608752105972
25966,LOF,0.41644199296502793,0.1333797754543346,0.4501782315806374
25967,LOF,0.008118935792826387,0.09177829499394767,0.900102769213226
25968,LOF,0.0450880782912337,0.26421344492415666,0.6906984767846096
25969,LOF,0.13169793753966647,0.05720733476350634,0.8110947276968271
25970,LOF,0.05463234164047594,0.09033308899373384,0.8550345693657904
25971,LOF,0.08077880214671358,0.03257202302397667,0.8866491748293098
25972,LOF,0.076601564410825,0.057757644981901585,0.8656407906072734
25973,LOF,0.06100580319398457,0.008061205778282569,0.9309329910277329
25974,LOF,0.050589295138932476,0.04097313841621055,0.9084375664448571
25975,LOF,0.03928625926449224,0.016428626271984333,0.9442851144635234
25976,LOF,0.09497529095720574,0.010420976379493947,0.8946037326633003
25977,LOF,0.22019275582058961,0.07621794564365726,0.703589298535753
25978,LOF,0.18825517126763006,0.10424673030871322,0.7074980984236569
25979,LOF,0.15650256848952512,0.1199560739700822,0.7235413575403926
25980,LOF,0.2581597380950648,0.17031687112544464,0.5715233907794905
25981,LOF,0.25888917788878507,0.1714758189837241,0.5696350031274908
25982,LOF,0.45667749137780816,0.08642155346109502,0.45690095516109674
25983,Neutral,0.46335240917039033,0.10288251101616265,0.4337650798134469
25984,LOF,0.04169925419074457,0.09702452237104645,0.861276223438209
25985,LOF,0.36351804536273863,0.15881176126961055,0.4776701933676509
25986,LOF,0.011472725155377717,0.44234076840522724,0.546186506439395
25987,LOF,0.05202162266329122,0.10119912707463788,0.8467792502620709
25988,LOF,0.037555188224093095,0.16287831181549445,0.7995664999604124
25989,LOF,0.04187692821189062,0.20115315025301822,0.7569699215350911
25990,LOF,0.04006805308308238,0.3196770061174293,0.6402549407994883
25991,LOF,0.02113233267008066,0.4382163966685878,0.5406512706613315
25992,LOF,0.019656988752347653,0.4382800681714446,0.5420629430762078
25993,LOF,0.02882160989757051,0.06072661965443595,0.9104517704479934
25994,LOF,0.02435740200961442,0.05853528006692444,0.9171073179234611
25995,LOF,0.0212118363605853,0.10633058631907631,0.8724575773203384
25996,Neutral,0.35157540449221597,0.3273458292877005,0.3210787662200836
25997,LOF,0.05108937311524466,0.38667494358682436,0.562235683297931
25998,LOF,0.30223548162110747,0.04425279581712292,0.6535117225617696
25999,LOF,0.040043278913984286,0.1976086016761812,0.7623481194098346
26000,LOF,0.16738932578389418,0.024381772174165654,0.8082289020419401
26001,LOF,0.28033751466905815,0.035689458430461424,0.6839730269004805
26002,LOF,0.1205678885921045,0.03596457851959928,0.8434675328882961
26003,GOF,0.007123558723721438,0.6479085229171045,0.34496791835917395
26004,GOF,0.017847888117800692,0.6941050176987954,0.2880470941834039
26005,LOF,0.004960738892937623,0.46720712206678955,0.5278321390402728
26006,GOF,0.13639499361632243,0.5399291212791679,0.32367588510450973
26007,GOF,0.01161216637924741,0.5476122322540715,0.44077560136668104
26008,GOF,0.005863330439904883,0.5895054027060129,0.4046312668540822
26009,GOF,0.009960774522865133,0.6602776603174558,0.32976156515967897
26010,GOF,0.010044194032203562,0.6040650062015206,0.38589079976627577
26011,LOF,0.0043464798611993725,0.4315831735302621,0.5640703466085385
26012,GOF,0.00445893655368212,0.5049611391492321,0.49057992429708575
26013,GOF,0.00865641392624565,0.5683741748334481,0.42296941124030624
26014,LOF,0.07047286857376737,0.11176628261506615,0.8177608488111664
26015,LOF,0.3676394694375513,0.043616620880161834,0.5887439096822868
26016,LOF,0.2829305357170619,0.05957326361994784,0.6574962006629902
26017,LOF,0.01609546700035996,0.27001897467793373,0.7138855583217064
26018,LOF,0.02474668645093757,0.08650614735139454,0.888747166197668
26019,LOF,0.02467719609821969,0.07682094981137219,0.8985018540904081
26020,LOF,0.00742530250907951,0.25675291479907747,0.735821782691843
26021,LOF,0.09884830569074021,0.10047260303995648,0.8006790912693033
26022,LOF,0.03400842445622428,0.04212170305568354,0.9238698724880922
26023,LOF,0.021635261582963205,0.05954570928785136,0.9188190291291854
26024,LOF,0.05303717829532775,0.0815360069971235,0.8654268147075488
26025,LOF,0.07995371431959533,0.12192735621038593,0.7981189294700186
26026,LOF,0.10667552432787569,0.100552751300455,0.7927717243716693
26027,LOF,0.025022657433202,0.040329270057699707,0.9346480725090983
26028,LOF,0.09840440990333646,0.16650979900237886,0.7350857910942847
26029,LOF,0.030685011984371943,0.19072697037853578,0.7785880176370922
26030,LOF,0.1692235291990016,0.025137246869266314,0.805639223931732
26031,LOF,0.011769422956226338,0.1617772047003151,0.8264533723434585
26032,LOF,0.04527893882849793,0.05310258306189827,0.9016184781096038
26033,LOF,0.0535367454275257,0.04674075141193953,0.8997225031605348
26034,LOF,0.016565773674828997,0.17052300943706408,0.8129112168881069
26035,LOF,0.013568305378967761,0.12017060163229157,0.8662610929887405
26036,LOF,0.014341739214224459,0.1348359210110924,0.850822339774683
26037,LOF,0.01138622596117577,0.10968109958063432,0.87893267445819
26038,LOF,0.037571328146168495,0.04833341344837248,0.9140952584054591
26039,LOF,0.03901049951536469,0.15021304357491705,0.8107764569097182
26040,LOF,0.09086185597327442,0.12813328508956615,0.7810048589371594
26041,LOF,0.01496275116311604,0.09719360779741376,0.8878436410394701
26042,LOF,0.01388446281783695,0.1101893216945386,0.8759262154876245
26043,LOF,0.03725681774233686,0.06710867853760646,0.8956345037200567
26044,LOF,0.01205290183420413,0.052404613954982276,0.9355424842108137
26045,LOF,0.07491392707157994,0.11343492967398296,0.8116511432544372
26046,LOF,0.03243868463803048,0.052591012040903426,0.9149703033210661
26047,LOF,0.06150660726008342,0.051376966325236556,0.88711642641468
26048,LOF,0.07313070804807828,0.02488272683984811,0.9019865651120736
26049,Neutral,0.9454785433105773,0.008697186813561908,0.04582426987586075
26050,Neutral,0.9182167272095503,0.009293283422346052,0.0724899893681036
26051,LOF,0.023775845452655875,0.11137745476521976,0.8648466997821243
26052,LOF,0.03894255342507331,0.12423719232715892,0.8368202542477677
26053,LOF,0.021501065314559295,0.14439028068793183,0.8341086539975089
26054,LOF,0.049845650186969535,0.03322962184553646,0.916924727967494
26055,LOF,0.07825009433695622,0.03156558253371745,0.8901843231293264
26056,LOF,0.06285123731872676,0.038929248072493844,0.8982195146087795
26057,LOF,0.05646259379839148,0.017323132274295883,0.9262142739273127
26058,LOF,0.06119554582758966,0.014110790189921688,0.9246936639824888
26059,LOF,0.21739010125837457,0.03429464775829508,0.7483152509833303
26060,LOF,0.019319404634906348,0.1650322627475598,0.8156483326175338
26061,LOF,0.009593395914756246,0.012351751129307777,0.978054852955936
26062,LOF,0.005986788149930519,0.01718722201857319,0.9768259898314964
26063,LOF,0.04209507466441161,0.012706234415007905,0.9451986909205804
26064,LOF,0.009971918580599872,0.02890834665483996,0.96111973476456
26065,LOF,0.05156282767736573,0.015983534570008392,0.9324536377526259
26066,LOF,0.04176459472189251,0.01278140527245653,0.945454000005651
26067,LOF,0.0467536780114468,0.01325848217262329,0.9399878398159298
26068,LOF,0.0566030204746148,0.04709009538752671,0.8963068841378584
26069,LOF,0.29834701540670094,0.03471753100242284,0.6669354535908762
26070,Neutral,0.5667298233832884,0.02379375051236275,0.40947642610434887
26071,LOF,0.04648424702297244,0.01393642969147552,0.9395793232855519
26072,LOF,0.008432895133817673,0.02109505396871307,0.9704720508974691
26073,LOF,0.03888094437227699,0.014997800703294614,0.9461212549244283
26074,Neutral,0.8731873094431151,0.011865291059089218,0.11494739949779577
26075,LOF,0.057072395804810196,0.02444238169609532,0.9184852224990946
26076,LOF,0.05584972337480869,0.014255374853198778,0.9298949017719926
26077,LOF,0.15434913664642308,0.007844448797984268,0.8378064145555928
26078,LOF,0.006381155777957773,0.019648542417150177,0.9739703018048921
26079,LOF,0.06817137291681465,0.023629555187214213,0.9081990718959713
26080,LOF,0.06700414997648914,0.02364896353637984,0.909346886487131
26081,LOF,0.034456844695839706,0.01104656946356465,0.9544965858405956
26082,LOF,0.005946180469198636,0.01935436244028184,0.9746994570905195
26083,LOF,0.10991257119712822,0.025632484745071803,0.8644549440578
26084,LOF,0.10744625694070072,0.017847771990092954,0.8747059710692062
26085,LOF,0.09616463413118101,0.014716574267973612,0.8891187916008453
26086,LOF,0.03986020738455665,0.014577380676127629,0.9455624119393158
26087,LOF,0.03728277772472966,0.012417825922817507,0.9502993963524529
26088,LOF,0.007064468026395944,0.0258138979279267,0.9671216340456773
26089,LOF,0.04437004720709392,0.04219871351015132,0.9134312392827548
26090,LOF,0.0448381748836635,0.030711496106927527,0.924450329009409
26091,LOF,0.029067571873952425,0.00947000799689782,0.9614624201291497
26092,LOF,0.04600597204376243,0.010459988497305098,0.9435340394589325
26093,LOF,0.08667369685132156,0.007471727148349448,0.905854576000329
26094,LOF,0.033768647586184544,0.009674757199186515,0.956556595214629
26095,LOF,0.02844605232471331,0.019082170971367843,0.9524717767039189
26096,LOF,0.19481546890489865,0.006540939987442792,0.7986435911076586
26097,LOF,0.0067225986535798185,0.04195210184778259,0.9513252994986375
26098,LOF,0.1308586610089557,0.021003763476135945,0.8481375755149084
26099,LOF,0.04246217672481278,0.022625077234986073,0.934912746040201
26100,LOF,0.04246217672481278,0.022625077234986073,0.934912746040201
26101,LOF,0.06243620919882608,0.03850239250130966,0.8990613982998642
26102,LOF,0.03296335537464658,0.01911905148641304,0.9479175931389403
26103,Neutral,0.8898573254408579,0.03252966804083989,0.07761300651830211
26104,LOF,0.0605207668885252,0.04637917234588346,0.8931000607655912
26105,LOF,0.24537352173755048,0.13909809037246518,0.6155283878899843
26106,LOF,0.29636830578313017,0.06812864027615399,0.6355030539407158
26107,LOF,0.02154865728628782,0.08265708873459349,0.8957942539791187
26108,LOF,0.21673536678593125,0.0359665882399226,0.7472980449741461
26109,LOF,0.0805525806405776,0.034872099924398776,0.8845753194350237
26110,LOF,0.42677600070453936,0.010045616622090511,0.5631783826733703
26111,LOF,0.054284749470679496,0.13074697444909333,0.8149682760802273
26112,LOF,0.05544858819875711,0.009588677168307113,0.9349627346329358
26113,LOF,0.11074248906163207,0.02171226659549786,0.8675452443428701
26114,LOF,0.08769599638639948,0.011346467435283478,0.900957536178317
26115,LOF,0.017238862304149113,0.05935512023733207,0.9234060174585187
26116,LOF,0.07276840969977165,0.027167165777974893,0.9000644245222535
26117,LOF,0.32859242862771554,0.0470465946686709,0.6243609767036135
26118,LOF,0.04952228317777882,0.020227115692251652,0.9302506011299695
26119,LOF,0.006481442342564886,0.04495432082229434,0.9485642368351408
26120,LOF,0.03386998576844429,0.020328844847645973,0.9458011693839098
26121,LOF,0.0037951409980068614,0.14149127156682761,0.8547135874351656
