feature0,prediction,LoGoFunc_Neutral,LoGoFunc_GOF,LoGoFunc_LOF
25546,Neutral,0.6528619715467777,0.059809219369487084,0.28732880908373515
25547,Neutral,0.4597211712612762,0.12334918934859938,0.41692963939012445
25548,Neutral,0.4588329222276584,0.08606379752702685,0.45510328024531477
25549,LOF,0.40249816479565903,0.08391551181135913,0.5135863233929817
25550,LOF,0.36574945000222925,0.146178767099352,0.4880717828984186
25551,LOF,0.265167304723109,0.17087781622422035,0.5639548790526706
25552,LOF,0.20170074223531304,0.1613440100290556,0.6369552477356314
25553,Neutral,0.8009319465548986,0.04209440932012903,0.15697364412497242
25554,LOF,0.23203275015786973,0.1513688621681153,0.6165983876740151
25555,LOF,0.19942138645846108,0.13177402626192702,0.6688045872796119
25556,LOF,0.3902306222559697,0.13800505810606103,0.4717643196379692
25557,LOF,0.1827047179079725,0.13974786070991646,0.6775474213821111
25558,LOF,0.21507079125484,0.15047089296505464,0.6344583157801053
25559,LOF,0.19311525296342316,0.13750551875932063,0.6693792282772563
25560,LOF,0.07255270902428622,0.13445159572257992,0.7929956952531338
25561,LOF,0.15335329755412822,0.12299891694776867,0.7236477854981032
25562,LOF,0.07209747793917007,0.0909941991924221,0.8369083228684079
25563,LOF,0.10534550431727226,0.08434215593360489,0.8103123397491229
25564,LOF,0.20475203899158725,0.16343954521010653,0.6318084157983062
25565,LOF,0.13982484635816209,0.15017861402672886,0.709996539615109
25566,GOF,0.017598081148183037,0.7647369455855189,0.21766497326629797
25567,LOF,0.01843153909522791,0.21069351621212054,0.7708749446926515
25568,LOF,0.049156991944687325,0.09622988110471838,0.8546131269505943
25569,LOF,0.05127998051990729,0.0939060931380605,0.8548139263420322
25570,LOF,0.030833723163877242,0.1390392375503618,0.830127039285761
25571,LOF,0.029679700079529657,0.1334694435873569,0.8368508563331135
25572,LOF,0.034972254666454046,0.1541001419949466,0.8109276033385994
25573,LOF,0.028089900759244366,0.13261903190447616,0.8392910673362796
25574,LOF,0.020777486674439332,0.19532703309154203,0.7838954802340186
25575,LOF,0.02428704198099657,0.14338189767196544,0.8323310603470379
25576,LOF,0.012378450609911898,0.18655253175194547,0.8010690176381425
25577,LOF,0.010655456760475893,0.15293537699349755,0.8364091662460266
25578,LOF,0.24932930924702856,0.13046530883768362,0.6202053819152878
25579,LOF,0.1585038524401235,0.13865071107955795,0.7028454364803186
25580,LOF,0.017526980153330058,0.11509168320046158,0.8673813366462084
25581,LOF,0.04240077625514583,0.09499414940008512,0.8626050743447691
25582,LOF,0.042271366313321714,0.09308787731923981,0.8646407563674384
25583,LOF,0.02015425752548404,0.13151752725178054,0.8483282152227355
25584,Neutral,0.5137866958033164,0.13656893004351933,0.34964437415316435
25585,LOF,0.013101026530276491,0.17525863688443363,0.8116403365852899
25586,LOF,0.01590628732673772,0.1097595064835716,0.8743342061896906
25587,LOF,0.016271237849072875,0.10458206315698028,0.8791466989939468
25588,LOF,0.016423428646657193,0.12258214143375097,0.8609944299195917
25589,Neutral,0.5820026221411968,0.16090975725085235,0.2570876206079508
25590,LOF,0.019828580559576148,0.15853681002819023,0.8216346094122337
25591,LOF,0.07581223162500464,0.08195479986639555,0.8422329685085999
25592,LOF,0.04388605960597207,0.17586591909829133,0.7802480212957367
25593,LOF,0.022823227053718396,0.3058711780748776,0.6713055948714041
25594,LOF,0.038161693046184136,0.12589873275148136,0.8359395742023346
25595,LOF,0.04245652170838633,0.09076715823096226,0.8667763200606514
25596,LOF,0.057153342948835825,0.06996530896581697,0.8728813480853471
25597,LOF,0.03944469817258813,0.07670412765753455,0.8838511741698774
25598,LOF,0.03811633122663383,0.10939799306864861,0.8524856757047176
25599,GOF,0.008243583154678021,0.5607783423898411,0.4309780744554808
25600,GOF,0.028281917515393593,0.5935494989260274,0.3781685835585789
25601,LOF,0.014661690579969617,0.37867271516971057,0.6066655942503197
25602,LOF,0.014203755588448129,0.05336409211122093,0.9324321523003308
25603,LOF,0.05778853872476679,0.019181803152019835,0.9230296581232134
25604,LOF,0.014800708125332625,0.0790391912069604,0.906160100667707
25605,LOF,0.008768400603511965,0.2140841879185187,0.7771474114779693
25606,LOF,0.11554746974508054,0.3500564168725102,0.5343961133824092
25607,LOF,0.005386461653343506,0.2331006417530115,0.7615128965936451
25608,LOF,0.011022175248740235,0.11275994986003426,0.8762178748912254
25609,LOF,0.06896747225789193,0.4004676573222678,0.5305648704198402
25610,LOF,0.020245223161423263,0.029995047671408006,0.9497597291671687
25611,LOF,0.02110772987880484,0.030115626987087286,0.9487766431341078
25612,LOF,0.06664037636680357,0.041479317023305005,0.8918803066098915
25613,LOF,0.05521378629333041,0.04354178564346335,0.9012444280632063
25614,LOF,0.026256128213642125,0.03404501624036103,0.9396988555459969
25615,LOF,0.018975903561787247,0.04270195002868028,0.9383221464095325
25616,LOF,0.05878384264566608,0.030856976115560805,0.9103591812387731
25617,LOF,0.057143840519126805,0.035458121091667974,0.9073980383892052
25618,LOF,0.07338165201662764,0.038715366937727085,0.8879029810456452
25619,LOF,0.01822198328436703,0.036209961496698015,0.9455680552189348
25620,LOF,0.07063144143336536,0.0410713333325264,0.8882972252341083
25621,LOF,0.01947249894206587,0.04052664399175398,0.9400008570661802
25622,LOF,0.024303796401728375,0.03755968064827896,0.9381365229499926
25623,LOF,0.0395025477925069,0.028870665371909444,0.9316267868355836
25624,LOF,0.021606922630976532,0.04192640860143251,0.936466668767591
25625,LOF,0.027506421200499363,0.051318076168811635,0.9211755026306889
25626,LOF,0.0615882156281197,0.03524976715805714,0.9031620172138233
25627,Neutral,0.5649361260552919,0.13538632070821988,0.2996775532364882
25628,LOF,0.21799747642600192,0.06177613962841434,0.7202263839455837
25629,LOF,0.04630996780710678,0.06228116958835907,0.8914088626045341
25630,LOF,0.13750922611441194,0.09940322606637886,0.7630875478192092
25631,Neutral,0.5935273730697502,0.06919527849426561,0.33727734843598434
25632,LOF,0.00811922018632237,0.09614485218765775,0.8957359276260198
25633,LOF,0.28746479016330223,0.0728763231691926,0.6396588866675053
25634,LOF,0.029974456303263432,0.1265159905045686,0.8435095531921679
25635,LOF,0.031655901376094545,0.08334597237761279,0.8849981262462927
25636,GOF,0.005659957842801017,0.5366523473707581,0.4576876947864409
25637,GOF,0.007627868076527261,0.5862695020913783,0.4061026298320944
25638,LOF,0.011335075898391684,0.2774447241712224,0.7112201999303859
25639,LOF,0.006045259177067116,0.4545451053214646,0.5394096355014684
25640,Neutral,0.47940498676651955,0.43091002342911056,0.08968498980436992
25641,LOF,0.011062666378921268,0.3291007872908438,0.6598365463302349
25642,LOF,0.24835657723419854,0.08068021015919298,0.6709632126066085
25643,LOF,0.13778449808804155,0.18750274969367553,0.6747127522182829
25644,GOF,0.010751105943428138,0.5313833783833211,0.45786551567325084
25645,LOF,0.00846937807285474,0.4725734350306874,0.5189571868964578
25646,LOF,0.01300763734049703,0.3307550455470335,0.6562373171124695
25647,LOF,0.012145885355230502,0.2977826233184569,0.6900714913263126
25648,LOF,0.00981648839348367,0.2762465372087993,0.7139369743977171
25649,LOF,0.008580035113020678,0.20518591078413403,0.7862340541028453
25650,LOF,0.014901924830357807,0.42853793031236903,0.5565601448572731
25651,LOF,0.006272215366026161,0.29509727102776073,0.6986305136062131
25652,LOF,0.01072898900739707,0.26801794913383864,0.7212530618587644
25653,LOF,0.03257367860944914,0.42493585245660914,0.5424904689339417
25654,LOF,0.01181354699522058,0.1668690727106334,0.8213173802941459
25655,LOF,0.05472305394030754,0.4390608202802468,0.5062161257794456
25656,LOF,0.20121585127823616,0.04398899222186637,0.7547951564998975
25657,LOF,0.2659016595204585,0.026798257422255316,0.7073000830572862
25658,LOF,0.07507677895646135,0.07075510784283065,0.854168113200708
25659,LOF,0.3876492512949018,0.06422999383566372,0.5481207548694346
25660,LOF,0.03333688811061191,0.10349608107272762,0.8631670308166605
25661,LOF,0.10804923112293065,0.06449707346928885,0.8274536954077805
25662,LOF,0.025620683530812392,0.04775258649326824,0.9266267299759194
25663,LOF,0.03419394116040337,0.07039660412298632,0.8954094547166104
25664,LOF,0.03720983450846855,0.08119743314529784,0.8815927323462337
25665,LOF,0.04998487051338436,0.03798623910342404,0.9120288903831917
25666,LOF,0.04761365253703059,0.09707744251367577,0.8553089049492937
25667,LOF,0.07414415753146883,0.0512129776382294,0.8746428648303017
25668,LOF,0.027967829672649117,0.05633577454157521,0.9156963957857757
25669,LOF,0.03157527205242209,0.08309000077689936,0.8853347271706785
25670,LOF,0.0535846256615915,0.06048951851508941,0.8859258558233191
25671,LOF,0.09057761007700617,0.048823531391727196,0.8605988585312667
25672,LOF,0.04861761310463199,0.05048705212775371,0.9008953347676142
25673,LOF,0.027905716175125463,0.06292792245306529,0.9091663613718092
25674,LOF,0.021129828811422488,0.0746102057549771,0.9042599654336004
25675,LOF,0.03624691759703049,0.07342838638228175,0.8903246960206879
25676,LOF,0.02061011244264101,0.06957412486236665,0.9098157626949922
25677,LOF,0.029982741873324587,0.07462173514635674,0.8953955229803185
25678,LOF,0.19384411137326038,0.056105746335674805,0.7500501422910648
25679,LOF,0.14402555390962837,0.07716413922923625,0.7788103068611355
25680,LOF,0.04017397408609414,0.11782040068753236,0.8420056252263736
25681,LOF,0.0633463874643181,0.10951734761191241,0.8271362649237696
25682,LOF,0.1191859839503031,0.0762325412328149,0.804581474816882
25683,LOF,0.08806065441256476,0.1005237485249525,0.8114155970624828
25684,LOF,0.043529579515211754,0.08249504363049376,0.8739753768542945
25685,LOF,0.08206170923806544,0.07511124146903321,0.8428270492929014
25686,LOF,0.03313087223243301,0.10003358147839062,0.8668355462891764
25687,LOF,0.049077407713708505,0.0828151387874681,0.8681074534988235
25688,LOF,0.04647715045472211,0.052122418691457714,0.90140043085382
25689,LOF,0.02906832006906359,0.06391140486873687,0.9070202750621996
25690,LOF,0.037480739166008525,0.04755739552719091,0.9149618653068006
25691,LOF,0.28404242122272494,0.06392570082773556,0.6520318779495394
25692,LOF,0.24291152264481986,0.007025016206922012,0.7500634611482582
25693,LOF,0.08174394098379263,0.19352123410444053,0.7247348249117669
25694,LOF,0.26164076641352707,0.013543491667590103,0.7248157419188828
25695,LOF,0.16665849336428845,0.02852289693790062,0.804818609697811
25696,LOF,0.12659590856433364,0.014903212419684325,0.858500879015982
25697,LOF,0.094249915785462,0.02918977697855571,0.8765603072359822
25698,LOF,0.04303619761981717,0.476339332518182,0.4806244698620009
25699,LOF,0.07056947068707028,0.08254362370199897,0.8468869056109308
25700,LOF,0.06259449783522687,0.009204172727832092,0.928201329436941
25701,LOF,0.017578108565438063,0.07477231404681524,0.9076495773877467
25702,GOF,0.02825428534495911,0.6999670709746507,0.2717786436803902
25703,LOF,0.008549834500609171,0.17562498293192244,0.8158251825674684
25704,LOF,0.046118343644251346,0.17151193912640292,0.7823697172293458
25705,LOF,0.060214393669078374,0.21699362740147385,0.7227919789294478
25706,GOF,0.03735663988874727,0.5284046368082418,0.43423872330301083
25707,LOF,0.02163323435672972,0.4775853305752742,0.5007814350679961
25708,LOF,0.008071817776189469,0.37764740366016575,0.6142807785636447
25709,LOF,0.055556958735217495,0.06151468951401022,0.8829283517507723
25710,LOF,0.005227106021188999,0.16953782180923155,0.8252350721695794
25711,LOF,0.019734226780974192,0.11713362840066902,0.8631321448183569
25712,LOF,0.00716353674628416,0.18390546495205912,0.8089309983016568
25713,LOF,0.0182783800367832,0.10163600227072855,0.8800856176924882
25714,LOF,0.06920244040897118,0.12142152153167748,0.8093760380593513
25715,LOF,0.0133362997525124,0.1362425430161717,0.850421157231316
25716,LOF,0.005624871610780162,0.10454219559273663,0.8898329327964833
25717,LOF,0.005143097986106706,0.10438174438593767,0.8904751576279556
25718,LOF,0.013946779137217927,0.08553253563538238,0.9005206852273996
25719,LOF,0.02302146051906398,0.0882891506396119,0.8886893888413241
25720,LOF,0.023637963505898474,0.08354003603607786,0.8928220004580236
25721,LOF,0.016095940801147637,0.11037216502915896,0.8735318941696935
25722,LOF,0.013493122986123823,0.1371681243763824,0.8493387526374937
25723,LOF,0.019595876946138433,0.07221348283693418,0.9081906402169275
25724,LOF,0.021404881183611446,0.10720245262317986,0.8713926661932087
25725,LOF,0.013702140865422782,0.07750870209347806,0.9087891570410992
25726,LOF,0.011708837071010192,0.10695055346003111,0.8813406094689586
25727,LOF,0.014694123724004665,0.09233230170808619,0.8929735745679092
25728,LOF,0.01249563487959325,0.11231223323212144,0.8751921318882854
25729,LOF,0.013215181990557679,0.11600608621266191,0.8707787317967804
25730,LOF,0.013560591952660664,0.09780093014660216,0.8886384779007371
25731,LOF,0.007204526953248443,0.14329835262615576,0.8494971204205959
25732,LOF,0.013902738991646174,0.10272462011767568,0.8833726408906781
25733,LOF,0.018769292008614272,0.08046565587784561,0.9007650521135401
25734,LOF,0.005024918044974813,0.1431382926875278,0.8518367892674974
25735,LOF,0.01581985012705765,0.08584912876944392,0.8983310211034984
25736,LOF,0.014714518764480378,0.12895771648552673,0.856327764749993
25737,LOF,0.023126389781281047,0.09636113241826462,0.8805124778004543
25738,LOF,0.014948193439191012,0.13996209048606612,0.8450897160747429
25739,LOF,0.022365472205826374,0.11816222955997675,0.8594722982341969
25740,LOF,0.03225297422847394,0.1314571045015039,0.8362899212700222
25741,LOF,0.017621834146825503,0.10922393739684393,0.8731542284563306
25742,LOF,0.11932801103323148,0.10001630885112481,0.7806556801156438
25743,LOF,0.01613530469553907,0.03903287063769668,0.9448318246667643
25744,LOF,0.21163237987862593,0.39181156959717384,0.39655605052420034
25745,LOF,0.027180059504792055,0.053687967743421466,0.9191319727517865
25746,LOF,0.015804826301901168,0.06930572426917009,0.9148894494289288
25747,LOF,0.027321380606045723,0.03429538158518987,0.9383832378087645
25748,LOF,0.155624632114303,0.05363947616531638,0.7907358917203805
25749,LOF,0.015553041927119583,0.04573905754168128,0.9387079005311991
25750,LOF,0.03065568538135099,0.06441090228334823,0.9049334123353007
25751,LOF,0.11804917932722687,0.05837238762013037,0.8235784330526428
25752,GOF,0.10124851089264532,0.6462251752193007,0.25252631388805397
25753,LOF,0.007231014588257496,0.3750450903703952,0.6177238950413474
25754,GOF,0.004916314299627899,0.8514335678413539,0.14365011785901813
25755,LOF,0.009563953795543725,0.427039276449717,0.5633967697547393
25756,LOF,0.04481834969280574,0.4289496501094298,0.5262320001977645
25757,GOF,0.006012887697417351,0.8609299753639984,0.13305713693858431
25758,GOF,0.006176658973857083,0.8490552484972373,0.14476809252890552
25759,GOF,0.004509065814739832,0.5226759732011257,0.47281496098413445
25760,LOF,0.00445366399131508,0.291765136533569,0.703781199475116
25761,GOF,0.0338409461468082,0.8462880299104882,0.11987102394270356
25762,LOF,0.029329735021505002,0.3414949062556522,0.6291753587228427
25763,LOF,0.005571127820284869,0.24247887878831834,0.7519499933913968
25764,GOF,0.14764494438437034,0.4992782550839831,0.35307680053164653
25765,GOF,0.011919703006617575,0.7902149447490917,0.19786535224429072
25766,GOF,0.01783584826590432,0.7822168797515967,0.19994727198249906
25767,LOF,0.02094994448777221,0.47807115683213264,0.5009788986800952
25768,LOF,0.0874889314513599,0.06379722812737461,0.8487138404212655
25769,LOF,0.07694012615233374,0.0467362990465222,0.8763235748011442
25770,LOF,0.23402423062714864,0.05830854150336179,0.7076672278694897
25771,LOF,0.01181595487453374,0.05542510450303338,0.9327589406224329
25772,LOF,0.016678375108926207,0.024234883044470662,0.9590867418466031
25773,LOF,0.009916893084148615,0.0905953271004698,0.8994877798153816
25774,LOF,0.023349620626807524,0.06259575828707128,0.9140546210861212
25775,LOF,0.013692036369986931,0.04173268250553916,0.944575281124474
25776,LOF,0.08053367373117158,0.019019219175317195,0.9004471070935112
25777,LOF,0.26206779762783206,0.040889901299190505,0.6970423010729775
25778,LOF,0.0646617471672396,0.036245447505218215,0.8990928053275421
25779,GOF,0.05184927862592598,0.8769569492003565,0.0711937721737175
25780,GOF,0.05908036203830798,0.8601212726578514,0.08079836530384074
25781,GOF,0.023517089103121606,0.8332586443175798,0.14322426657929876
25782,GOF,0.027315943906724857,0.8807597818763808,0.09192427421689434
25783,GOF,0.01267597420703167,0.6852041310509415,0.30211989474202694
25784,GOF,0.11325157240243182,0.8323036868600334,0.05444474073753465
25785,GOF,0.07227943306563414,0.8794393168545644,0.048281250079801545
25786,GOF,0.004702493982723146,0.8131982643995057,0.1820992416177713
25787,GOF,0.18427555314846877,0.7770410628936858,0.03868338395784537
25788,LOF,0.04512150667842401,0.13990216862602387,0.8149763246955521
25789,GOF,0.02950828359154945,0.8296047764990366,0.14088693990941384
25790,GOF,0.035758457852699134,0.8728757948382782,0.09136574730902271
25791,GOF,0.024476743103249772,0.815429721354106,0.16009353554264436
25792,GOF,0.04187721284645915,0.816548179353674,0.14157460779986691
25793,GOF,0.08717334623235616,0.8080606441888823,0.1047660095787615
25794,GOF,0.07911008796790216,0.7379422315895672,0.1829476804425306
25795,GOF,0.022323923589731735,0.7464653367874623,0.23121073962280597
25796,GOF,0.12569180037690456,0.7643523165064979,0.1099558831165975
25797,GOF,0.026752316041387315,0.6271741642781641,0.3460735196804485
25798,GOF,0.00276985343358382,0.5821831698773237,0.41504697668909263
25799,LOF,0.0025764042836070645,0.4689417485058545,0.5284818472105385
25800,GOF,0.008503023112597922,0.6641401049939423,0.32735687189345974
25801,GOF,0.0238684670316764,0.8212089332254148,0.1549225997429088
25802,GOF,0.0156652462743684,0.7375349321821075,0.2467998215435241
25803,GOF,0.009114401175442766,0.64864810247967,0.34223749634488715
25804,GOF,0.00978406253630314,0.543759265190154,0.4464566722735428
25805,GOF,0.01856978807650784,0.6556701320917103,0.32576007983178185
25806,GOF,0.015755626014720175,0.6924691267211462,0.2917752472641335
25807,GOF,0.004541136020533518,0.6656297506887087,0.32982911329075776
25808,GOF,0.012375594997868089,0.6734981338829177,0.31412627111921415
25809,GOF,0.005075174141401184,0.6662994872710487,0.32862533858755005
25810,GOF,0.004324428645777122,0.6753407927832867,0.32033477857093623
25811,GOF,0.07328938527892553,0.8238336495775093,0.10287696514356523
25812,GOF,0.012617428860925773,0.6677836575925566,0.3195989135465176
25813,GOF,0.09390993535242087,0.784756975949028,0.12133308869855124
25814,GOF,0.0230792610291466,0.7415733982128073,0.2353473407580462
25815,GOF,0.036411778142663075,0.7547195500027278,0.20886867185460917
25816,GOF,0.007165316468889124,0.8077202240553136,0.1851144594757972
25817,GOF,0.06108910162345417,0.7686216404883569,0.17028925788818888
25818,GOF,0.01886836295532378,0.7492605236571586,0.23187111338751765
25819,GOF,0.06288679645941896,0.7676425002237881,0.16947070331679304
25820,GOF,0.027899527655288605,0.746494069422499,0.22560640292221248
25821,GOF,0.01629078720492699,0.7313911082075462,0.25231810458752696
25822,GOF,0.03130626932113718,0.763918424900405,0.20477530577845784
25823,GOF,0.011329975292994125,0.5934263332713458,0.3952436914356603
25824,GOF,0.02039659676911171,0.7380557266118126,0.24154767661907559
25825,GOF,0.011737122719094785,0.7137764240193504,0.2744864532615548
25826,GOF,0.005003137905033924,0.6620788952016935,0.3329179668932726
25827,GOF,0.007424751562262497,0.6678442092077377,0.3247310392299998
25828,GOF,0.004513671842718525,0.5991091476574506,0.3963771804998309
25829,GOF,0.0027686937169874646,0.6637148690074297,0.3335164372755828
25830,LOF,0.030078300451771966,0.3936206169054827,0.5763010826427453
25831,GOF,0.030315373627098335,0.8431373202969492,0.1265473060759525
25832,GOF,0.007000854866489435,0.7640426759101328,0.2289564692233778
25833,GOF,0.024498498245059987,0.8140765203388054,0.16142498141613462
25834,GOF,0.007003568311181073,0.7725761849943922,0.22042024669442667
25835,GOF,0.016308010350355354,0.8268988819602017,0.15679310768944293
25836,GOF,0.005759642235170031,0.7652094553144523,0.22903090245037772
25837,GOF,0.005508556898936255,0.6868747331704106,0.3076167099306531
25838,GOF,0.016338843525997362,0.8477101509959671,0.13595100547803537
25839,GOF,0.031378041182043744,0.818467342545699,0.15015461627225726
25840,GOF,0.03314722790779295,0.8307690968612994,0.13608367523090759
25841,GOF,0.030081329516423966,0.8470211880982406,0.12289748238533546
25842,GOF,0.022753576496585902,0.8742466431269595,0.1029997803764547
25843,GOF,0.024038670201050414,0.8858240944497221,0.09013723534922738
25844,GOF,0.014260177155142327,0.8074065797040628,0.178333243140795
25845,GOF,0.004908812679089628,0.5998463583353463,0.3952448289855641
25846,GOF,0.025423478746477615,0.850097691219014,0.12447883003450828
25847,GOF,0.016083882318281045,0.8853592203896223,0.0985568972920965
25848,GOF,0.013564638704487734,0.8458335196461574,0.140601841649355
25849,GOF,0.004548758869260646,0.7191649874179951,0.2762862537127442
25850,GOF,0.005588222905998344,0.7118186980620169,0.2825930790319847
25851,GOF,0.004933498694534175,0.5922014964154377,0.4028650048900281
25852,GOF,0.13074828808415606,0.5829015046492111,0.2863502072666328
25853,GOF,0.068679818078209,0.8394533821049232,0.09186679981686784
25854,GOF,0.008418639237181138,0.681895406479836,0.30968595428298284
25855,GOF,0.011320127177566136,0.6278386795614759,0.36084119326095787
25856,GOF,0.0315955396215351,0.7512549408543062,0.2171495195241586
25857,GOF,0.013913016690614706,0.5795748731864411,0.4065121101229442
25858,GOF,0.00688869157184976,0.5871415456082382,0.40596976281991215
25859,GOF,0.00474642331452072,0.5639644872819101,0.4312890894035692
25860,GOF,0.06402595727568232,0.8063340357490768,0.12964000697524083
25861,GOF,0.0954675342364401,0.8081081552063891,0.09642431055717075
25862,GOF,0.01801868261704599,0.8500671963537768,0.13191412102917716
25863,GOF,0.016833626830109236,0.8542047197197715,0.1289616534501194
25864,GOF,0.035891796027504565,0.8670347099894815,0.09707349398301406
25865,GOF,0.023848430115025833,0.8331964338926909,0.14295513599228316
25866,GOF,0.01970262811910666,0.8415393120699245,0.13875805981096895
25867,GOF,0.022064918922791155,0.8635389839735236,0.11439609710368531
25868,GOF,0.04449949602960959,0.811114357893294,0.14438614607709646
25869,GOF,0.29523197921794264,0.613476177176197,0.09129184360586039
25870,GOF,0.17959146500523748,0.5701316370688833,0.2502768979258792
25871,GOF,0.018021029614921576,0.8762621994030816,0.10571677098199701
25872,GOF,0.01590298098056783,0.8577072613173213,0.12638975770211078
25873,GOF,0.015977439893419768,0.8716730370525203,0.11234952305406
25874,LOF,0.015490690545021779,0.14765381524065527,0.836855494214323
25875,LOF,0.031438364070699464,0.04105996960102754,0.927501666328273
25876,LOF,0.01463005602108371,0.030460146777639526,0.9549097972012768
25877,LOF,0.1320349616367539,0.060935015590177596,0.8070300227730686
25878,LOF,0.053134875414358726,0.0898224882976574,0.8570426362879838
25879,LOF,0.02425322622187685,0.0772835499150766,0.8984632238630464
25880,LOF,0.04422437727335973,0.009755972084652745,0.9460196506419876
25881,Neutral,0.5796029093083988,0.06857169963727323,0.35182539105432814
25882,LOF,0.02143670023725388,0.046647181311491565,0.9319161184512547
25883,LOF,0.056036235403319,0.025308610098706684,0.9186551544979743
25884,LOF,0.011736575818775996,0.05878970122040133,0.9294737229608225
25885,LOF,0.1923998199573955,0.009768839655945327,0.7978313403866591
25886,LOF,0.21683710398107206,0.053662311092573634,0.7295005849263543
25887,LOF,0.16256936356539595,0.06958045739100036,0.7678501790436038
25888,LOF,0.01345322150843389,0.1458002503882732,0.840746528103293
25889,LOF,0.01753503190116094,0.036663846159026695,0.9458011219398124
25890,LOF,0.11878937535716766,0.11568837286905807,0.7655222517737742
25891,LOF,0.047737096438097135,0.06310230188706209,0.8891606016748409
25892,LOF,0.01065875884778194,0.044533687799595344,0.9448075533526227
25893,LOF,0.37236834663246626,0.012862434943872174,0.6147692184236615
25894,LOF,0.4319941397175007,0.007741690110180914,0.5602641701723183
25895,LOF,0.3547507709027284,0.015719130938140237,0.6295300981591313
25896,LOF,0.04259107133800568,0.032586340112459394,0.9248225885495349
25897,LOF,0.19998781561991272,0.012568319386599386,0.7874438649934878
25898,LOF,0.2163071948308517,0.04041314766859936,0.7432796575005489
25899,LOF,0.2316223277025413,0.0343141227547416,0.7340635495427171
25900,LOF,0.45801120706076004,0.010924310397853798,0.5310644825413862
25901,LOF,0.0483565611286666,0.012586266206874652,0.9390571726644588
25902,LOF,0.09327861757613792,0.018255591983025638,0.8884657904408364
25903,LOF,0.3377662787983129,0.03501337625134045,0.6272203449503466
25904,Neutral,0.49222120428628974,0.04147794902647118,0.4663008466872392
25905,LOF,0.0073068880147275144,0.4071841132800883,0.5855089987051842
25906,LOF,0.007632517498274527,0.10610977823163573,0.8862577042700898
25907,LOF,0.0040607355966669895,0.32098855423976896,0.674950710163564
25908,LOF,0.00393431044277087,0.22669380866915326,0.7693718808880758
25909,LOF,0.015729499549651933,0.14750541190852257,0.8367650885418254
25910,LOF,0.01628206444425544,0.13627872465801819,0.8474392108977263
25911,LOF,0.17493299765330808,0.03235145753288849,0.7927155448138035
25912,LOF,0.07228653973121484,0.052769637485513575,0.8749438227832715
25913,LOF,0.0576525614212875,0.05893904928599271,0.8834083892927198
25914,LOF,0.022598421491885345,0.07032459630550608,0.9070769822026086
25915,LOF,0.12980873459907002,0.2834929700246848,0.5866982953762451
25916,LOF,0.020230617656830194,0.1928741501246047,0.786895232218565
25917,LOF,0.05708914497393317,0.04787484965487066,0.8950360053711962
25918,LOF,0.0273164908484367,0.04216768270363661,0.9305158264479266
25919,LOF,0.02321308836464388,0.042391612552447645,0.9343952990829084
25920,LOF,0.11557511612929736,0.20668219208044705,0.6777426917902556
25921,LOF,0.009095910803614923,0.03386697454747665,0.9570371146489084
25922,LOF,0.011265247631286985,0.0280505884802164,0.9606841638884966
25923,LOF,0.3994854099303623,0.03267244420784335,0.5678421458617944
25924,LOF,0.016883462914254754,0.04116322001531282,0.9419533170704325
25925,LOF,0.07131107967649611,0.04493755622259417,0.8837513641009097
25926,LOF,0.04974943053829408,0.041045059680012215,0.9092055097816937
25927,LOF,0.021193752168496758,0.06012674661864623,0.918679501212857
25928,LOF,0.006966150780401797,0.04933013928570881,0.9437037099338893
25929,LOF,0.4776511629846975,0.030316858299113545,0.4920319787161888
25930,LOF,0.0824443932885141,0.026511531720463354,0.8910440749910226
25931,LOF,0.009523618245224496,0.032822557753495823,0.9576538240012797
25932,LOF,0.03538542443407494,0.025817873669311465,0.9387967018966136
25933,LOF,0.04270504435526203,0.016064133609446887,0.9412308220352911
25934,LOF,0.028508450531924672,0.01727334441837691,0.9542182050496983
25935,LOF,0.07034295573621217,0.049891248866817596,0.8797657953969702
25936,LOF,0.04223106017133823,0.020361179557711603,0.9374077602709501
25937,LOF,0.008812770384348766,0.02998869625964799,0.9611985333560034
25938,LOF,0.06496183788974855,0.0465919396474985,0.8884462224627528
25939,LOF,0.03285605580661352,0.021261152239603075,0.9458827919537834
25940,LOF,0.008965159553681361,0.33192651525348554,0.659108325192833
25941,Neutral,0.5292145258441551,0.027070595585145227,0.4437148785706998
25942,LOF,0.005613634454255929,0.04509727931041664,0.9492890862353275
25943,LOF,0.03492058064757714,0.14053049009796312,0.8245489292544598
25944,LOF,0.11494557505152934,0.07079445081420994,0.8142599741342608
25945,LOF,0.05884739105758796,0.020080834541172616,0.9210717744012394
25946,LOF,0.07605550014831514,0.046885294601540874,0.8770592052501441
25947,Neutral,0.4973290322659348,0.0795221894501311,0.42314877828393405
25948,LOF,0.3257337684352021,0.01000079775999997,0.664265433804798
25949,LOF,0.09185691874563796,0.04822785064139065,0.8599152306129714
25950,GOF,0.041479864393166775,0.6151717861088338,0.34334834949799936
25951,LOF,0.012734331673163023,0.4256359684469629,0.5616296998798741
25952,LOF,0.25158672846797636,0.28112462116266607,0.4672886503693576
25953,LOF,0.011733311445404933,0.18710919790490713,0.8011574906496879
25954,LOF,0.05449501377309205,0.42486897061860457,0.5206360156083034
25955,LOF,0.010316435949637532,0.1393369073129079,0.8503466567374547
25956,LOF,0.02744010160297223,0.27077180937067186,0.7017880890263559
25957,LOF,0.22307210495741192,0.03912890190097759,0.7377989931416105
25958,LOF,0.05347650525117684,0.0317554606607155,0.9147680340881076
25959,LOF,0.01363146940104944,0.4726085946075501,0.5137599359914004
25960,LOF,0.005306221780185554,0.054488406912133185,0.9402053713076813
25961,LOF,0.05146130345964002,0.028910992431098157,0.9196277041092619
25962,LOF,0.03571826033637579,0.088189835556596,0.8760919041070283
25963,LOF,0.005909191703541312,0.248982232340002,0.7451085759564567
25964,LOF,0.030456266608828476,0.09795386984244982,0.8715898635487217
25965,LOF,0.29118905250127675,0.14737076293474521,0.5614401845639779
25966,LOF,0.42162376410901614,0.12312423256362956,0.45525200332735427
25967,LOF,0.0056771147033090295,0.06935370419746839,0.9249691810992224
25968,LOF,0.0438554287233198,0.18947156938272589,0.7666730018939543
25969,LOF,0.12239302667313243,0.05791062248750082,0.8196963508393668
25970,LOF,0.019045265578255068,0.09700972389410292,0.883945010527642
25971,LOF,0.06740217301234744,0.02885084982816244,0.9037469771594902
25972,LOF,0.05708088906449487,0.041027955307125455,0.9018911556283797
25973,LOF,0.05439230824260194,0.012715707443921656,0.9328919843134764
25974,LOF,0.04320195562345304,0.03957175223089774,0.9172262921456492
25975,LOF,0.04111980849425699,0.02311452437023308,0.93576566713551
25976,LOF,0.11388154824596827,0.011883570666163157,0.8742348810878686
25977,LOF,0.2162963330646338,0.05325557370091632,0.7304480932344499
25978,LOF,0.1398327691584324,0.1594271953255777,0.7007400355159898
25979,LOF,0.12328564076257464,0.17257673943750823,0.7041376197999172
25980,LOF,0.23663296960770908,0.1769746782761079,0.586392352116183
25981,LOF,0.237631460120491,0.1781162042278765,0.5842523356516325
25982,LOF,0.3896256204898158,0.12017206191376531,0.4902023175964189
25983,LOF,0.3824916119834431,0.15251963141661315,0.4649887565999437
25984,LOF,0.033861573690577275,0.07015320932710291,0.8959852169823198
25985,LOF,0.43370491410692225,0.1252710663439962,0.44102401954908144
25986,LOF,0.011974822583701798,0.4469337888594905,0.5410913885568077
25987,LOF,0.039254990425210357,0.12199116057313499,0.8387538490016546
25988,LOF,0.13156646314118467,0.13029303330785869,0.7381405035509566
25989,LOF,0.03777857267071005,0.17238948135030907,0.7898319459789809
25990,LOF,0.041845800639036715,0.2590798093818141,0.6990743899791492
25991,LOF,0.023617306168171016,0.32270212775177126,0.6536805660800576
25992,LOF,0.028340948868008344,0.331485738483238,0.6401733126487537
25993,LOF,0.022260968726898145,0.08176324041884762,0.8959757908542543
25994,LOF,0.016696001862754852,0.07452619162419308,0.9087778065130522
25995,LOF,0.01815492547241317,0.15049409539568134,0.8313509791319056
25996,LOF,0.30041607501028683,0.2815352814921833,0.4180486434975298
25997,LOF,0.07915513302428383,0.3339434901713266,0.5869013768043897
25998,LOF,0.3194554748923415,0.0564782562757022,0.6240662688319563
25999,LOF,0.02119687595737667,0.23118143936909816,0.7476216846735251
26000,LOF,0.1624353107055531,0.03821277674430842,0.7993519125501385
26001,LOF,0.31450726744601176,0.031245635850436167,0.6542470967035521
26002,LOF,0.06808305905370214,0.061423150618784776,0.8704937903275131
26003,GOF,0.003771995639793523,0.6306728137575207,0.36555519060268576
26004,GOF,0.006185450738261564,0.7125736663149863,0.2812408829467521
26005,GOF,0.002889036613068231,0.5099931107521476,0.48711785263478424
26006,GOF,0.08687165284054761,0.61285725610649,0.3002710910529624
26007,GOF,0.005891205481269973,0.5918239626957428,0.4022848318229871
26008,GOF,0.004770797896937104,0.6751928834843356,0.32003631861872744
26009,GOF,0.005556718826336129,0.6930591707993535,0.3013841103743104
26010,GOF,0.006522157689433397,0.6734792478185329,0.3199985944920336
26011,LOF,0.0027736120494213506,0.4835701919245,0.5136561960260787
26012,GOF,0.0036433127128230706,0.5592464069775787,0.4371102803095983
26013,GOF,0.00427785845589616,0.605288242326093,0.39043389921801086
26014,LOF,0.04215512650667759,0.1124136929685738,0.8454311805247486
26015,LOF,0.1405517914289247,0.020364545974865086,0.8390836625962103
26016,LOF,0.26466665908959647,0.03949646055328938,0.6958368803571142
26017,LOF,0.024511007633798,0.20786241524648075,0.7676265771197213
26018,LOF,0.05302826226770151,0.03807371693894179,0.9088980207933566
26019,LOF,0.052109819695994944,0.032739064029544976,0.9151511162744601
26020,LOF,0.009478026700890058,0.19374079784965592,0.7967811754494539
26021,LOF,0.07560957026253395,0.07211710913919121,0.8522733205982748
26022,LOF,0.03011010875259788,0.025108028812434537,0.9447818624349675
26023,LOF,0.043365942204016454,0.02298217755652959,0.933651880239454
26024,LOF,0.04721755798002325,0.06415947838841554,0.8886229636315612
26025,LOF,0.04986038973658051,0.07993677236532407,0.8702028378980954
26026,LOF,0.08601283177017038,0.0634318689130834,0.8505552993167462
26027,LOF,0.044567706123293124,0.018810293540005393,0.9366220003367014
26028,LOF,0.09452469172126894,0.13407063547965636,0.7714046727990747
26029,LOF,0.020836912614213093,0.22584060740097284,0.753322479984814
26030,LOF,0.14646498489119295,0.03399092415040387,0.8195440909584032
26031,LOF,0.013370841939845784,0.16982967282446895,0.8167994852356854
26032,LOF,0.06446779999140188,0.06755957706424218,0.8679726229443558
26033,LOF,0.08395074155848731,0.06596473385821071,0.8500845245833019
26034,LOF,0.015498574665201117,0.1727294571594269,0.8117719681753719
26035,LOF,0.014011857444654214,0.13490748478738737,0.8510806577679584
26036,LOF,0.014913975773398438,0.16246079772582875,0.8226252265007729
26037,LOF,0.012770788772510411,0.11360381348662212,0.8736253977408676
26038,LOF,0.055431444416010334,0.0632468873447491,0.8813216682392405
26039,LOF,0.026443277538991918,0.15815860861702125,0.8153981138439867
26040,LOF,0.1087495904587125,0.14794388402888972,0.7433065255123978
26041,LOF,0.015248396038774958,0.09718499976468169,0.8875666041965434
26042,LOF,0.0137467298935719,0.10253776968389094,0.8837155004225371
26043,LOF,0.05389120892938801,0.08204054289347887,0.8640682481771331
26044,LOF,0.011455249412376441,0.06695354953730358,0.9215912010503199
26045,LOF,0.04879540220616674,0.11716621484525429,0.834038382948579
26046,LOF,0.048262173975720746,0.06575830481296281,0.8859795212113165
26047,LOF,0.08184825098421078,0.06099966671799257,0.8571520822977967
26048,LOF,0.04331939560001854,0.04772865281413297,0.9089519515858485
26049,Neutral,0.962313158060738,0.007618177280363316,0.03006866465889859
26050,Neutral,0.9458385761114435,0.008197128811638405,0.04596429507691802
26051,LOF,0.013837839616612248,0.13518774330538483,0.8509744170780028
26052,LOF,0.02221776821751295,0.16569683802182827,0.8120853937606588
26053,LOF,0.024113199173063694,0.13798482114646538,0.8379019796804709
26054,LOF,0.04083016924647969,0.02177629844942025,0.9373935323041002
26055,LOF,0.05499410427809811,0.01790641102865508,0.9270994846932469
26056,LOF,0.04787632486006492,0.022569652983918585,0.9295540221560163
26057,LOF,0.03404081127511947,0.014965392247098381,0.9509937964777823
26058,LOF,0.03489090174960001,0.012611587577485855,0.9524975106729141
26059,LOF,0.30938747118847554,0.020075324909266667,0.6705372039022578
26060,LOF,0.010884014967424407,0.19179547280581052,0.797320512226765
26061,LOF,0.005142816008513612,0.015482329064664228,0.9793748549268221
26062,LOF,0.0038099067868456074,0.02346455008571004,0.9727255431274443
26063,LOF,0.021657037549897055,0.012301110380088139,0.9660418520700148
26064,LOF,0.005346136271693286,0.030178226217312996,0.9644756375109939
26065,LOF,0.02616933393256311,0.013743812407169468,0.9600868536602674
26066,LOF,0.02429290771101351,0.012121226508273622,0.9635858657807129
26067,LOF,0.030452274459205127,0.010786992763245502,0.9587607327775494
26068,LOF,0.03934091998257815,0.04710141888750639,0.9135576611299154
26069,LOF,0.2698855067080609,0.024427773342166684,0.7056867199497724
26070,LOF,0.4181479930356518,0.018298537220629095,0.5635534697437191
26071,LOF,0.024238605143517805,0.013921987208022815,0.9618394076484593
26072,LOF,0.00483307469403194,0.028075666708876634,0.9670912585970914
26073,LOF,0.022553080301825835,0.016608532887282913,0.9608383868108913
26074,Neutral,0.9135679220141939,0.007328683007923652,0.07910339497788255
26075,LOF,0.03783849097673604,0.022845487797109213,0.9393160212261547
26076,LOF,0.03638303390771015,0.011773717610655116,0.9518432484816347
26077,LOF,0.1212223429038785,0.009457456654320007,0.8693202004418014
26078,LOF,0.0047991792751570644,0.018991495240998975,0.9762093254838441
26079,LOF,0.047914565931189694,0.02438026107097326,0.9277051729978372
26080,LOF,0.04619053710952893,0.024527875352200034,0.9292815875382711
26081,LOF,0.029461074000664875,0.00951831888195671,0.9610206071173785
26082,LOF,0.0035502224998344286,0.019877232303575035,0.9765725451965905
26083,LOF,0.11551428846795207,0.01984132960044352,0.8646443819316044
26084,LOF,0.042086463997451126,0.01583189842016014,0.9420816375823888
26085,LOF,0.036802719178563294,0.013881456620945441,0.9493158242004912
26086,LOF,0.023875120161797114,0.013696370840036252,0.9624285089981667
26087,LOF,0.022652759256861863,0.011427436067669184,0.9659198046754689
26088,LOF,0.005233959122352939,0.02183419537692347,0.9729318455007235
26089,LOF,0.0358813389913842,0.026134514962171666,0.9379841460464442
26090,LOF,0.03623093554434193,0.02121747045634822,0.9425515939993099
26091,LOF,0.028520860230705734,0.008508852313990078,0.9629702874553043
26092,LOF,0.023806597958425917,0.009609602870175156,0.9665837991713988
26093,LOF,0.04280534605961692,0.007549873778974797,0.9496447801614083
26094,LOF,0.03343571195366621,0.007967163451448638,0.9585971245948851
26095,LOF,0.017989370429612867,0.019605254844511904,0.9624053747258752
26096,LOF,0.18681167725774153,0.006365940006413041,0.8068223827358454
26097,LOF,0.0047660428419493,0.03705907517960753,0.9581748819784431
26098,LOF,0.07236668215268278,0.017856112309170797,0.9097772055381463
26099,LOF,0.023002201085649026,0.017358831341055633,0.9596389675732954
26100,LOF,0.023002201085649026,0.017358831341055633,0.9596389675732954
26101,LOF,0.056011292517599405,0.024691849440368382,0.9192968580420322
26102,LOF,0.02174022356532943,0.017413403265286294,0.9608463731693844
26103,Neutral,0.8337955824349237,0.02500972443355161,0.14119469313152477
26104,LOF,0.061964927654980365,0.027064169222562058,0.9109709031224577
26105,LOF,0.24014080692500675,0.18033275206207935,0.5795264410129138
26106,LOF,0.3385123947004716,0.134611409955365,0.5268761953441634
26107,LOF,0.01907459147127004,0.10538686102805682,0.8755385475006732
26108,LOF,0.33712881312940585,0.046481814012925254,0.6163893728576689
26109,LOF,0.04145372825547993,0.05896914384092793,0.8995771279035922
26110,LOF,0.2099710512794118,0.007129416719742406,0.7828995320008458
26111,LOF,0.07222361559351763,0.08304037190048857,0.8447360125059938
26112,LOF,0.034034731946797736,0.007017908402714022,0.9589473596504882
26113,LOF,0.059238742552945416,0.015470412226494484,0.9252908452205602
26114,LOF,0.08041581189856203,0.011560291216603185,0.9080238968848349
26115,LOF,0.016595006267891423,0.06727680221856912,0.9161281915135394
26116,LOF,0.10459142715912652,0.03589788694621187,0.8595106858946616
26117,LOF,0.40276964576911406,0.037095030574537786,0.5601353236563482
26118,LOF,0.03220531180415875,0.01755932366402452,0.9502353645318167
26119,LOF,0.005192509506019646,0.03653088254208695,0.9582766079518934
26120,LOF,0.026410514549177217,0.01678158040957556,0.9568079050412472
26121,LOF,0.004379215376389765,0.12128225658351652,0.8743385280400936
