feature0,prediction,LoGoFunc_Neutral,LoGoFunc_GOF,LoGoFunc_LOF
25546,Neutral,0.6473345578754879,0.037247088493487755,0.31541835363102433
25547,Neutral,0.5614759007461512,0.08983546673308938,0.3486886325207594
25548,Neutral,0.5213619612321708,0.05912359890186464,0.4195144398659646
25549,Neutral,0.48993340193313917,0.0628822785107452,0.44718431955611565
25550,LOF,0.3803397325452221,0.06352643896252706,0.5561338284922509
25551,LOF,0.29140943398956615,0.06657301585456356,0.6420175501558704
25552,LOF,0.19748801838681015,0.07831492070726236,0.7241970609059275
25553,Neutral,0.8124751618570514,0.020482846690497887,0.16704199145245072
25554,LOF,0.21953553559794514,0.08221326502604702,0.6982511993760079
25555,LOF,0.18584368142877247,0.07224572287377616,0.7419105956974513
25556,Neutral,0.5480812871250782,0.05429538622867202,0.3976233266462496
25557,LOF,0.1932382626521553,0.07752452389155466,0.72923721345629
25558,LOF,0.23181435388952673,0.08324278789143857,0.6849428582190346
25559,Neutral,0.5802387679602469,0.0386803130068053,0.3810809190329477
25560,LOF,0.036363693876978194,0.19000804716300712,0.7736282589600147
25561,LOF,0.10963945813744566,0.19973564079023665,0.6906249010723177
25562,LOF,0.12529409438994496,0.051924293033799626,0.8227816125762555
25563,LOF,0.1381786447110872,0.0799262183090946,0.7818951369798182
25564,LOF,0.06273089553225736,0.09699322782861249,0.8402758766391302
25565,LOF,0.11542928058534739,0.29855884441835967,0.586011874996293
25566,GOF,0.03137415156948142,0.5859624865678458,0.3826633618626729
25567,LOF,0.014246434937846435,0.07238645163969948,0.9133671134224541
25568,LOF,0.08941559115536724,0.04719160858937329,0.8633928002552594
25569,LOF,0.1645879087503065,0.027788305840552065,0.8076237854091414
25570,LOF,0.0887626463398623,0.06560866167904636,0.8456286919810913
25571,LOF,0.10109624617295189,0.04814512147018373,0.8507586323568643
25572,LOF,0.04969007487939119,0.05564006468127048,0.8946698604393384
25573,LOF,0.027327587200836032,0.06041862358749585,0.912253789211668
25574,LOF,0.01484616572447079,0.15473488862003776,0.8304189456554916
25575,LOF,0.09786266495308696,0.02590255224068828,0.8762347828062247
25576,LOF,0.020330605202210392,0.022933845108981773,0.9567355496888079
25577,LOF,0.012658894033350606,0.029577478262753497,0.957763627703896
25578,LOF,0.3811485648370542,0.07966823716836517,0.5391831979945807
25579,LOF,0.31496892796725207,0.07078919967358915,0.6142418723591588
25580,LOF,0.05739482489110308,0.017826433221922924,0.924778741886974
25581,LOF,0.07218059016651561,0.0762365067767199,0.8515829030567645
25582,LOF,0.07144004468630155,0.054726934903818525,0.87383302040988
25583,LOF,0.06767328094861985,0.016848718091137405,0.9154780009602427
25584,Neutral,0.521275594519541,0.031001732654401093,0.447722672826058
25585,LOF,0.03615789910205795,0.027784620751648684,0.9360574801462934
25586,LOF,0.059123200354092506,0.028678142167736707,0.9121986574781709
25587,LOF,0.04591156615804618,0.024292595252416567,0.9297958385895372
25588,LOF,0.050572200401022706,0.039347090860683095,0.9100807087382942
25589,Neutral,0.7499839027870928,0.06169515344571133,0.18832094376719594
25590,LOF,0.02446087082968631,0.07144417747944787,0.9040949516908658
25591,LOF,0.11595305724209311,0.03233716603500974,0.8517097767228972
25592,LOF,0.23343429520393774,0.06450986991378883,0.7020558348822734
25593,LOF,0.017718609864826096,0.28871759902954175,0.6935637911056322
25594,LOF,0.053458757105357295,0.12163048511156213,0.8249107577830805
25595,LOF,0.10354217890492207,0.19811463793347397,0.698343183161604
25596,LOF,0.09238214733194808,0.08415541734054595,0.8234624353275058
25597,LOF,0.0856097224216407,0.05103603232595886,0.8633542452524006
25598,LOF,0.13000446119822304,0.13510130790484956,0.7348942308969274
25599,LOF,0.013718903603873175,0.23205156410545996,0.754229532290667
25600,LOF,0.019310711866341593,0.2949761828745027,0.6857131052591556
25601,LOF,0.00932436825147077,0.1649258287047008,0.8257498030438285
25602,LOF,0.025846777626921714,0.08793242607437617,0.8862207962987022
25603,LOF,0.04417168218957857,0.08682497982391782,0.8690033379865036
25604,LOF,0.03834606454097291,0.15257111368314424,0.8090828217758829
25605,LOF,0.013848018304742537,0.3476903103693069,0.6384616713259506
25606,LOF,0.08725842644946959,0.39907273120009107,0.5136688423504393
25607,LOF,0.0031985935136607134,0.1693184187677013,0.827482987718638
25608,LOF,0.06623811361633138,0.036640831638469123,0.8971210547451994
25609,LOF,0.10026763757504685,0.15928096062017516,0.7404514018047779
25610,LOF,0.039589596748922797,0.09586366706804036,0.8645467361830369
25611,LOF,0.059284431129227474,0.06566739028298954,0.875048178587783
25612,LOF,0.19673695098781838,0.06507872521887738,0.7381843237933043
25613,LOF,0.09239476308094764,0.09340429465688067,0.8142009422621717
25614,LOF,0.03369706927768896,0.13063529330906637,0.8356676374132447
25615,LOF,0.061935411188902,0.11445525476945097,0.823609334041647
25616,LOF,0.023531776070611216,0.17086399079137657,0.8056042331380121
25617,LOF,0.04547764533616635,0.12020506175446884,0.8343172929093648
25618,LOF,0.12060908854267353,0.3209447738659088,0.5584461375914177
25619,LOF,0.04087866325455589,0.11315789847904595,0.8459634382663982
25620,LOF,0.03500925941525081,0.15152044231963527,0.8134702982651139
25621,LOF,0.029429625447915574,0.07655622195684963,0.8940141525952348
25622,LOF,0.02244303920343924,0.10919259147053617,0.8683643693260246
25623,LOF,0.04366045163087115,0.11681768264426069,0.8395218657248681
25624,LOF,0.033719073958764785,0.16184692263899453,0.8044340034022407
25625,LOF,0.03156160653880899,0.09480339754761706,0.8736349959135741
25626,LOF,0.09541615778593608,0.06453393120948958,0.8400499110045744
25627,Neutral,0.46015632346550467,0.16585152199185949,0.3739921545426358
25628,LOF,0.17055820940446556,0.047100506608747324,0.7823412839867872
25629,LOF,0.08960148888871054,0.06338252679942412,0.8470159843118653
25630,LOF,0.1511708673101636,0.06080511596597454,0.7880240167238619
25631,Neutral,0.519405554335391,0.10990972548533726,0.3706847201792717
25632,LOF,0.016216933989978425,0.08222858357472737,0.9015544824352942
25633,LOF,0.3092360640040618,0.29480382779086134,0.39596010820507693
25634,LOF,0.046608811852484965,0.13137112141086227,0.8220200667366527
25635,LOF,0.04201058998457599,0.07328873919704448,0.8847006708183796
25636,GOF,0.00540342959068116,0.5768748263709566,0.41772174403836226
25637,LOF,0.005200433453625683,0.2995160071245919,0.6952835594217825
25638,LOF,0.006396783143693516,0.3533225089202065,0.6402807079361
25639,LOF,0.005581669505191716,0.2538088703202865,0.7406094601745218
25640,Neutral,0.5174005837764845,0.3795975372806671,0.1030018789428484
25641,LOF,0.008724113380124437,0.1560997575881345,0.8351761290317411
25642,LOF,0.2383385677374,0.03709068618097615,0.7245707460816239
25643,LOF,0.23369109716216666,0.018614729183453235,0.7476941736543802
25644,LOF,0.00994381567167507,0.3252571717982999,0.664799012530025
25645,LOF,0.007598960280342894,0.41650090692785324,0.5759001327918039
25646,LOF,0.010037820784594458,0.29962132293812227,0.6903408562772833
25647,LOF,0.00999800289905758,0.24664326917340168,0.7433587279275408
25648,LOF,0.007221898879398533,0.3076536385670397,0.6851244625535617
25649,LOF,0.008057292454021384,0.15552472635232917,0.8364179811936495
25650,LOF,0.024657566246662686,0.36888403113890583,0.6064584026144314
25651,LOF,0.006620522582601517,0.2149914980041073,0.7783879794132912
25652,LOF,0.010723205237003411,0.313009161537038,0.6762676332259585
25653,LOF,0.05003806572576059,0.47413186898681675,0.4758300652874225
25654,LOF,0.0070756685642454735,0.4065664943206267,0.5863578371151278
25655,GOF,0.07437675290484243,0.5098231125515362,0.41580013454362125
25656,LOF,0.07219436148209714,0.3630023222203976,0.5648033162975054
25657,LOF,0.27624907412176336,0.04710983490489894,0.6766410909733377
25658,LOF,0.019927391010538434,0.27952041695390994,0.7005521920355516
25659,LOF,0.19099371565967604,0.21546356984043813,0.5935427144998857
25660,LOF,0.10458260040527892,0.10834893779175742,0.7870684618029637
25661,LOF,0.0729747406305562,0.08015753879661708,0.8468677205728268
25662,LOF,0.050719602796480315,0.0684224557691139,0.8808579414344058
25663,LOF,0.04900416206571238,0.09965854119744345,0.8513372967368442
25664,LOF,0.02728376536173103,0.1349458563670191,0.8377703782712499
25665,LOF,0.04745069849820102,0.09418174104377453,0.8583675604580244
25666,LOF,0.0379577736147073,0.17574741238682584,0.7862948139984669
25667,LOF,0.046606498687055894,0.02778185835240078,0.9256116429605433
25668,LOF,0.04796198502860285,0.04564757917066223,0.906390435800735
25669,LOF,0.03815619979885396,0.0917282436112596,0.8701155565898864
25670,LOF,0.06810486163408293,0.07840904063861856,0.8534860977272986
25671,LOF,0.06532839190025667,0.055505242887123205,0.87916636521262
25672,LOF,0.06823502139126196,0.054578443289325054,0.8771865353194129
25673,LOF,0.03875004770626705,0.061304662195932176,0.8999452900978007
25674,LOF,0.024131682404918236,0.0947932647859621,0.8810750528091197
25675,LOF,0.035987204507048766,0.04083504420012291,0.9231777512928283
25676,LOF,0.045850300598998084,0.08817666204580418,0.8659730373551977
25677,LOF,0.07699489159283233,0.05972882867757118,0.8632762797295964
25678,LOF,0.18045318432433874,0.0912728482686506,0.7282739674070106
25679,LOF,0.11318762791996444,0.11039861194526655,0.7764137601347689
25680,LOF,0.11405169524384381,0.13238566836078344,0.7535626363953727
25681,LOF,0.1271908407770051,0.12516951452126923,0.7476396447017256
25682,LOF,0.05841674083870782,0.08219288606606986,0.8593903730952224
25683,LOF,0.07843741080527589,0.10152959609467227,0.820032993100052
25684,LOF,0.08227273754895675,0.10902475007751246,0.8087025123735309
25685,LOF,0.111037142099435,0.045816302642228475,0.8431465552583365
25686,LOF,0.02140521159975802,0.2204508920575621,0.75814389634268
25687,LOF,0.03525509967751207,0.1862544031264639,0.778490497196024
25688,LOF,0.013575982077927512,0.409510443561866,0.5769135743602064
25689,LOF,0.009011963335607333,0.25913828594652766,0.7318497507178651
25690,GOF,0.01001209988208401,0.5091444345603965,0.48084346555751956
25691,GOF,0.06345784918776613,0.6751525930883165,0.26138955772391714
25692,LOF,0.2963159621253011,0.0385297559167962,0.6651542819579027
25693,LOF,0.03866847717266443,0.4038226079203264,0.5575089149070092
25694,LOF,0.22421080841862398,0.04083018961885827,0.7349590019625177
25695,LOF,0.1542358216082757,0.06107522352419147,0.7846889548675329
25696,LOF,0.06589028284842949,0.059553509709230436,0.87455620744234
25697,LOF,0.0628836934380951,0.04453404571567001,0.8925822608462349
25698,GOF,0.015745388021151545,0.4977273456629265,0.4865272663159221
25699,LOF,0.0673541492377077,0.24911615551275235,0.68352969524954
25700,LOF,0.06729214877086435,0.022000321225701582,0.910707530003434
25701,LOF,0.011742458134750526,0.26903423104123153,0.7192233108240179
25702,GOF,0.022470151221281334,0.5165323342359712,0.4609975145427474
25703,LOF,0.014599717437229343,0.09029861380077182,0.8951016687619989
25704,LOF,0.06297539766756234,0.1003917868284629,0.8366328155039747
25705,LOF,0.11740868647536878,0.21429607562628764,0.6682952378983436
25706,GOF,0.022633233091180312,0.6560554532044153,0.32131131370440447
25707,GOF,0.022277572911907,0.6231322208359252,0.35459020625216764
25708,GOF,0.0072214466458726265,0.6111113634369787,0.3816671899171487
25709,LOF,0.047131291883194947,0.10301866286458423,0.8498500452522209
25710,LOF,0.007321969666661355,0.23333872321493335,0.7593393071184052
25711,LOF,0.04567420413163791,0.1332223669776917,0.8211034288906703
25712,LOF,0.012454761620981764,0.19402490280868015,0.793520335570338
25713,LOF,0.04443483821469149,0.1292290857927612,0.8263360759925472
25714,LOF,0.035391730658414014,0.30972666611317484,0.6548816032284112
25715,LOF,0.03684688275894415,0.189961788695744,0.7731913285453119
25716,LOF,0.007189443129796161,0.09005387762823325,0.9027566792419706
25717,LOF,0.006977417358408349,0.05887693322924272,0.9341456494123489
25718,LOF,0.046492692919209454,0.058826650225921734,0.8946806568548687
25719,LOF,0.038523361404616666,0.13643445396457485,0.8250421846308085
25720,LOF,0.04058702767081729,0.18845687123305238,0.7709561010961303
25721,LOF,0.04624919283370234,0.07752327950484621,0.8762275276614514
25722,LOF,0.04084338430294323,0.11590176900696567,0.8432548466900911
25723,LOF,0.049964729977118136,0.16625884034504165,0.7837764296778402
25724,LOF,0.06223996788774378,0.4276235158627922,0.5101365162494641
25725,LOF,0.06474865899353632,0.14784462158908643,0.7874067194173772
25726,LOF,0.04148391109023562,0.14422380334816806,0.8142922855615964
25727,LOF,0.05629234190625436,0.1018039142485575,0.8419037438451881
25728,LOF,0.03637095012834817,0.2172269895309021,0.7464020603407497
25729,LOF,0.0423064764937583,0.20242777855942656,0.7552657449468151
25730,LOF,0.05305855103173233,0.1424740073412722,0.8044674416269955
25731,LOF,0.009802312996879147,0.10151810970849282,0.8886795772946281
25732,LOF,0.0341281013787259,0.08603637063739279,0.8798355279838812
25733,LOF,0.044995316526378226,0.21699436985091716,0.7380103136227046
25734,LOF,0.006825344678043152,0.20834267128592407,0.7848319840360327
25735,LOF,0.04139558124110874,0.09657591949542832,0.8620284992634629
25736,LOF,0.04041098664759705,0.1576639938738412,0.8019250194785618
25737,LOF,0.062441760287865786,0.10921986739196547,0.8283383723201687
25738,LOF,0.05704799316104733,0.20859860695337262,0.73435339988558
25739,LOF,0.040156153801431047,0.16329126350095902,0.79655258269761
25740,LOF,0.05980028017459552,0.17439815288360322,0.7658015669418013
25741,LOF,0.057202539971939505,0.1694624691664928,0.7733349908615677
25742,LOF,0.06264184882808234,0.1842525298544382,0.7531056213174794
25743,LOF,0.011158678682281278,0.023276508129290868,0.9655648131884279
25744,LOF,0.10277602095769313,0.24738102046817495,0.6498429585741319
25745,LOF,0.020136240723477507,0.22499026741992298,0.7548734918565996
25746,LOF,0.010809202815910692,0.221725191561962,0.7674656056221274
25747,LOF,0.04430437894846286,0.06081873896360236,0.8948768820879347
25748,LOF,0.21341302281544747,0.237272164294287,0.5493148128902655
25749,LOF,0.014295234512173086,0.22403828573466616,0.7616664797531607
25750,LOF,0.013990570898629255,0.26477529869148553,0.7212341304098852
25751,LOF,0.027788917039180516,0.21257142978235166,0.7596396531784679
25752,GOF,0.10615616677731547,0.6405336059243866,0.25331022729829794
25753,LOF,0.008247945069487951,0.2298075921816139,0.761944462748898
25754,GOF,0.010573067857780012,0.886969497988912,0.10245743415330785
25755,LOF,0.009071212280317759,0.2584931979387862,0.7324355897808961
25756,LOF,0.030394968080359436,0.4293346440977341,0.5402703878219065
25757,GOF,0.010598657420288772,0.8213494273070127,0.16805191527269853
25758,GOF,0.012049948969402416,0.870663603939143,0.11728644709145455
25759,GOF,0.0066021916800046215,0.7123130524157669,0.2810847559042285
25760,LOF,0.0068354287211885734,0.1749334468666676,0.8182311244121439
25761,GOF,0.06267697241512396,0.8514165985317688,0.08590642905310732
25762,LOF,0.031150806872424438,0.40873476228436945,0.5601144308432061
25763,LOF,0.00759964001814949,0.1337408406177656,0.8586595193640849
25764,GOF,0.09989801827141857,0.6519221974932043,0.24817978423537707
25765,GOF,0.010748109438214977,0.8797977080371456,0.10945418252463937
25766,GOF,0.03524760869090987,0.8063835315101633,0.15836885979892684
25767,GOF,0.007859851985856064,0.6517781280843568,0.34036201992978704
25768,LOF,0.05183602233674427,0.06730183150713095,0.8808621461561248
25769,LOF,0.03414336959983444,0.19754503600447795,0.7683115943956875
25770,Neutral,0.4849863328550577,0.1805421736055314,0.33447149353941086
25771,LOF,0.021124289540835048,0.11301209449054708,0.8658636159686177
25772,LOF,0.050235687440488265,0.16600279190887057,0.7837615206506411
25773,LOF,0.01629208518477736,0.29378586491337355,0.689922049901849
25774,LOF,0.031024231184435765,0.3445567567466587,0.6244190120689056
25775,LOF,0.020617336959521955,0.09207864397371762,0.8873040190667605
25776,LOF,0.03169538913438115,0.16221170499470663,0.8060929058709122
25777,LOF,0.08778804790037911,0.23854859102772433,0.6736633610718965
25778,LOF,0.0402628275006883,0.17168982375306657,0.788047348746245
25779,GOF,0.10530785177261584,0.5160625491564595,0.3786295990709246
25780,GOF,0.10229349415124331,0.5507420118653021,0.3469644939834545
25781,GOF,0.05265773791677346,0.5442614722074363,0.40308078987579027
25782,GOF,0.045547306141744306,0.6197326028482534,0.3347200910100023
25783,GOF,0.08523022176261817,0.5768115823234645,0.3379581959139174
25784,GOF,0.19574430002944368,0.59163442556797,0.2126212744025864
25785,GOF,0.3107333907974813,0.4730253077199806,0.21624130148253806
25786,LOF,0.016490982590323253,0.28780311737866193,0.6957059000310148
25787,Neutral,0.48581522403991984,0.32711868024925855,0.18706609571082153
25788,LOF,0.03934423439512338,0.05251080492503231,0.9081449606798443
25789,GOF,0.03270460129679271,0.6402213296416672,0.32707406906154
25790,LOF,0.06008196047820554,0.46189278827016617,0.4780252512516283
25791,LOF,0.047899003081115686,0.4151681713881624,0.5369328255307219
25792,LOF,0.05703750432649723,0.4555119295526413,0.48745056612086163
25793,LOF,0.0944531388813019,0.4515634727904168,0.4539833883282814
25794,LOF,0.08913963865182825,0.23913629555125274,0.671724065796919
25795,LOF,0.10416547371329074,0.30211317449849096,0.5937213517882183
25796,LOF,0.2421732191151225,0.23489773289374963,0.5229290479911278
25797,LOF,0.08572545260715861,0.3176052974210294,0.596669249971812
25798,GOF,0.010581798229001311,0.6229145184117334,0.3665036833592652
25799,LOF,0.007691022442391584,0.47625713732005837,0.5160518402375501
25800,GOF,0.045006887229531355,0.7195670758552325,0.23542603691523611
25801,GOF,0.04169500533879575,0.5235319409480631,0.4347730537131411
25802,GOF,0.052890399580923356,0.5019176182241297,0.44519198219494693
25803,LOF,0.03875934716249331,0.3536282497256017,0.6076124031119051
25804,LOF,0.0750592087634461,0.2861861316107971,0.6387546596257568
25805,GOF,0.051117446814496,0.4829249424847206,0.46595761070078323
25806,GOF,0.06632473807646816,0.46998087915201303,0.4636943827715188
25807,LOF,0.024423746218940195,0.41466666590068707,0.5609095878803727
25808,GOF,0.054015225181733705,0.49960701548346714,0.44637775933479923
25809,LOF,0.021384208778418012,0.3895211230493973,0.5890946681721847
25810,LOF,0.018772011293309306,0.4294888376469637,0.5517391510597269
25811,GOF,0.13191493810298308,0.6334229422559099,0.2346621196411071
25812,LOF,0.07640897921934858,0.36474643231677306,0.5588445884638783
25813,Neutral,0.366507364965167,0.35077102139370897,0.28272161364112414
25814,LOF,0.06704903491795434,0.4509204217088951,0.48203054337315043
25815,GOF,0.11928620645559149,0.5647773024149423,0.31593649112946615
25816,GOF,0.015215141114148331,0.5414990460160082,0.4432858128698434
25817,GOF,0.20163312131702008,0.4033087778502053,0.39505810083277465
25818,GOF,0.052140890973377714,0.5362457252558814,0.4116133837707408
25819,LOF,0.09419223059939115,0.31476601674926824,0.5910417526513406
25820,LOF,0.09444798113691727,0.32461116688376424,0.5809408519793184
25821,LOF,0.06892295056805137,0.35939556898069847,0.5716814804512501
25822,LOF,0.1467265072214174,0.27761401074221903,0.5756594820363636
25823,LOF,0.07379180918670271,0.23431581614814828,0.6918923746651491
25824,GOF,0.05330161778664992,0.5142882147752431,0.43241016743810695
25825,GOF,0.03761327808528377,0.5306998178807487,0.4316869040339676
25826,LOF,0.015363905480324794,0.39088083819161673,0.5937552563280585
25827,GOF,0.03262473949354447,0.4956817341233919,0.4716935263830638
25828,LOF,0.020054733455447823,0.45640401370656736,0.5235412528379848
25829,LOF,0.008119553595484592,0.25351817419199346,0.738362272212522
25830,LOF,0.1438795889372264,0.09961850812669934,0.7565019029360742
25831,GOF,0.12466506222720516,0.673766192540189,0.20156874523260587
25832,LOF,0.014750709968840547,0.3806835032250007,0.6045657868061587
25833,GOF,0.05789971769621403,0.5000725053525733,0.4420277769512127
25834,LOF,0.014670855006811314,0.3901802272823389,0.5951489177108498
25835,GOF,0.05364665070433519,0.6165341955683411,0.3298191537273237
25836,LOF,0.011375876068037884,0.46431250971269067,0.5243116142192714
25837,LOF,0.01895368824223494,0.3285353315886495,0.6525109801691156
25838,GOF,0.04513875886113451,0.4983576207220403,0.4565036204168253
25839,GOF,0.14632750207424353,0.4330877377413753,0.42058476018438123
25840,GOF,0.15299106951355293,0.5598885619943975,0.2871203684920496
25841,GOF,0.12091513205454164,0.6455518926635786,0.23353297528187972
25842,GOF,0.04998376209766909,0.6232116511453802,0.3268045867569507
25843,GOF,0.04416047722648555,0.6175421037668533,0.33829741900666116
25844,GOF,0.04008816421865199,0.49548640694281837,0.46442542883852955
25845,LOF,0.01140676134612315,0.2820981507248761,0.7064950879290008
25846,GOF,0.12861563923591862,0.6156242249825367,0.25576013578154466
25847,GOF,0.038413417638420946,0.5834626805912156,0.3781239017703635
25848,GOF,0.0412481065002556,0.5790792687002102,0.3796726247995343
25849,LOF,0.01139091238134485,0.492810039862909,0.4957990477557462
25850,LOF,0.015835909279951616,0.4181338886949811,0.5660302020250673
25851,LOF,0.01381346072721121,0.327895746994446,0.6582907922783428
25852,LOF,0.25201734384780844,0.308791806878271,0.43919084927392066
25853,LOF,0.09388139045361105,0.4250224847311795,0.4810961248152095
25854,LOF,0.011859292235734896,0.36923728469277217,0.6189034230714929
25855,LOF,0.04102095566903624,0.4365292954414245,0.5224497488895393
25856,GOF,0.08875964865965291,0.597143262731452,0.31409708860889507
25857,LOF,0.04168812439493544,0.3821041170703243,0.5762077585347403
25858,LOF,0.013831421921175154,0.29028659012941965,0.6958819879494051
25859,LOF,0.009692410373296025,0.2734564525339671,0.716851137092737
25860,LOF,0.1259442398665898,0.35714725244825196,0.5169085076851583
25861,GOF,0.14869605560119778,0.5585106414760863,0.29279330292271594
25862,GOF,0.031055985220749153,0.6843405874625234,0.2846034273167274
25863,GOF,0.03060898121998523,0.6178021228353056,0.3515888959447094
25864,GOF,0.045598749715122525,0.7494026803519485,0.20499856993292903
25865,GOF,0.051019272141793186,0.7493378438767955,0.19964288398141142
25866,GOF,0.0338837631776898,0.6412245565668927,0.3248916802554175
25867,GOF,0.06127820530832094,0.6871009446138058,0.2516208500778731
25868,GOF,0.1291898976592369,0.47114502339561043,0.39966507894515263
25869,Neutral,0.468831265756789,0.32027749310631176,0.21089124113689936
25870,LOF,0.18956109964514015,0.20706540360973782,0.6033734967451221
25871,LOF,0.016655833220765505,0.30024068884151583,0.6831034779377186
25872,LOF,0.04759704700798936,0.30000973851442114,0.6523932144775895
25873,LOF,0.040291592029423264,0.449767995084204,0.5099404128863727
25874,LOF,0.05709161070903135,0.021732575732369665,0.9211758135585991
25875,LOF,0.017396232969683522,0.4090137230068394,0.573590044023477
25876,LOF,0.018379752839150564,0.1221912632111532,0.8594289839496962
25877,GOF,0.06857122551561796,0.546099776738269,0.3853289977461131
25878,GOF,0.0453925743663738,0.7495741865147683,0.2050332391188578
25879,LOF,0.009581129343795819,0.34929918813995037,0.6411196825162537
25880,LOF,0.05122005161012649,0.05560367153387958,0.8931762768559939
25881,Neutral,0.44292705113749364,0.33585630149068596,0.2212166473718204
25882,LOF,0.04304517097860786,0.2544983513767729,0.7024564776446192
25883,LOF,0.030139436567713826,0.10044965667177214,0.869410906760514
25884,LOF,0.013561641036272639,0.1281173213529761,0.8583210376107513
25885,LOF,0.15836735183075978,0.039054156961284836,0.8025784912079553
25886,LOF,0.13054151893252658,0.148826072141303,0.7206324089261704
25887,GOF,0.04632754131460503,0.5734181097533066,0.38025434893208826
25888,LOF,0.006138313492777224,0.38741424506266414,0.6064474414445586
25889,LOF,0.024957110306045284,0.0800471111642425,0.8949957785297122
25890,LOF,0.16981169622652686,0.2762499591614253,0.5539383446120478
25891,LOF,0.12558943413925716,0.06602825411189715,0.8083823117488457
25892,LOF,0.0053641115689204415,0.16990577172612756,0.824730116704952
25893,LOF,0.25427571572295604,0.07364244296773641,0.6720818413093077
25894,LOF,0.307490587920794,0.03659316948194136,0.6559162425972647
25895,LOF,0.25656952155735224,0.05282141733949866,0.690609061103149
25896,LOF,0.057383900544779265,0.09340049339630924,0.8492156060589114
25897,LOF,0.09127893933171682,0.06872937073895688,0.8399916899293263
25898,LOF,0.0631484954916797,0.44239767629321614,0.49445382821510414
25899,LOF,0.2457929982295307,0.1615858525977286,0.5926211491727407
25900,Neutral,0.9210153620243329,0.016468818310788107,0.06251581966487922
25901,LOF,0.06078595867895931,0.03163182593704319,0.9075822153839974
25902,LOF,0.07956255455499608,0.018328415264042067,0.9021090301809619
25903,LOF,0.13367780997633172,0.14632183513586508,0.7200003548878032
25904,LOF,0.37038933720620554,0.22790600193718352,0.401704660856611
25905,LOF,0.010357359646698134,0.3806137379409802,0.6090289024123217
25906,LOF,0.010634971349453149,0.05442833806736916,0.9349366905831777
25907,LOF,0.008208577474527967,0.27955139794932166,0.7122400245761503
25908,LOF,0.009054941260468992,0.28435963642990797,0.7065854223096231
25909,LOF,0.03719585538452647,0.21256129252904082,0.7502428520864326
25910,LOF,0.014578826342682719,0.15008445414615168,0.8353367195111657
25911,LOF,0.1159925301959306,0.11109606321973295,0.7729114065843363
25912,LOF,0.13227193902172957,0.024577024065397184,0.8431510369128733
25913,LOF,0.015263136458771094,0.08613977974615505,0.8985970837950739
25914,LOF,0.037005195295229505,0.1949173996803896,0.7680774050243809
25915,GOF,0.06526692137993205,0.8418573611754658,0.09287571744460214
25916,GOF,0.015799513807551336,0.714398701986006,0.26980178420644274
25917,LOF,0.10824370848681569,0.09487551928388743,0.7968807722292969
25918,LOF,0.042589463832743736,0.14314447292819718,0.8142660632390591
25919,LOF,0.04307601522113391,0.09452717691246314,0.862396807866403
25920,GOF,0.2757853087020176,0.380051632723424,0.3441630585745584
25921,LOF,0.020570492436486832,0.03439205342131257,0.9450374541422005
25922,LOF,0.01676067264058172,0.033341467208496345,0.949897860150922
25923,LOF,0.3692856218790404,0.05515865467870479,0.5755557234422548
25924,LOF,0.024488363161736634,0.050808914145085836,0.9247027226931774
25925,LOF,0.20569629149506602,0.029630950053602615,0.7646727584513314
25926,LOF,0.12409273576968015,0.07450214205923635,0.8014051221710835
25927,LOF,0.018232984163484095,0.09286300665989569,0.8889040091766202
25928,LOF,0.014235464036781246,0.025579805299614056,0.9601847306636047
25929,Neutral,0.5670973193987973,0.055911215975680675,0.37699146462552197
25930,LOF,0.039028236506213454,0.05963354545574171,0.9013382180380448
25931,LOF,0.015130882116181897,0.03722632988329274,0.9476427880005254
25932,LOF,0.06878055254933918,0.03746718728455079,0.89375226016611
25933,LOF,0.06712303211427934,0.020119718278355084,0.9127572496073655
25934,LOF,0.0663952220406443,0.024710260536759093,0.9088945174225967
25935,LOF,0.21364694323812605,0.03665642609114419,0.7496966306707298
25936,LOF,0.06305639285741499,0.025176519413804,0.911767087728781
25937,LOF,0.016605761106385782,0.0469096229139633,0.9364846159796509
25938,LOF,0.20928374341161188,0.032231136247108265,0.7584851203412798
25939,LOF,0.049183962545321404,0.0253054554360561,0.9255105820186225
25940,GOF,0.0057872539530467206,0.5649514153430016,0.4292613307039516
25941,LOF,0.44055037441301037,0.0673154266730762,0.49213419891391336
25942,LOF,0.010961412538118593,0.12180299115896469,0.8672355963029168
25943,GOF,0.023518835546444503,0.6166757865974569,0.35980537785609856
25944,LOF,0.0187080572418017,0.42336854698715704,0.5579233957710413
25945,LOF,0.08128699151220087,0.07346911531794818,0.845243893169851
25946,LOF,0.08851284769759171,0.07568462083664595,0.8358025314657623
25947,LOF,0.452114577961109,0.03055466685147203,0.517330755187419
25948,Neutral,0.5706591849497686,0.02009076638016548,0.4092500486700659
25949,LOF,0.10445887420270876,0.04141611226170957,0.8541250135355817
25950,GOF,0.04800243847741478,0.7648156974107789,0.1871818641118063
25951,LOF,0.013231428410196986,0.3608649606500188,0.6259036109397842
25952,LOF,0.08362832242853163,0.2918440384665067,0.6245276391049618
25953,LOF,0.005951714979518927,0.47738659814626283,0.5166616868742183
25954,GOF,0.025586075074589095,0.5229814031350611,0.45143252179034976
25955,GOF,0.005259355142550655,0.5392772213960647,0.45546342346138474
25956,GOF,0.00879145935507228,0.6731150096884708,0.31809353095645687
25957,LOF,0.2603445933006103,0.0727178029438425,0.6669376037555471
25958,LOF,0.0249634389089328,0.1862051203922079,0.7888314406988592
25959,GOF,0.006250521072979203,0.5774856871347953,0.41626379179222556
25960,LOF,0.00547864399791728,0.12157307620244633,0.8729482797996364
25961,LOF,0.021941853380892804,0.1778838336464083,0.8001743129726988
25962,LOF,0.0466679714523081,0.0746228377539842,0.8787091907937077
25963,LOF,0.010115173661899388,0.15196293280225723,0.8379218935358433
25964,LOF,0.051076055340285885,0.11226020895570299,0.8366637357040111
25965,LOF,0.20372293573672154,0.1844976753740041,0.6117793888892743
25966,LOF,0.26897063827218937,0.23076899965271017,0.5002603620751004
25967,LOF,0.0074696799467147915,0.037450885059257366,0.9550794349940278
25968,LOF,0.08376823813376223,0.3292440619748909,0.5869876998913468
25969,LOF,0.16527985912217322,0.02674346828756834,0.8079766725902585
25970,LOF,0.026744591810629853,0.16564817055233935,0.8076072376370309
25971,LOF,0.07920421380646889,0.13462106774416124,0.7861747184493697
25972,LOF,0.06826028102107316,0.11520300135697006,0.8165367176219568
25973,LOF,0.10577126968410508,0.010911966118099135,0.8833167641977959
25974,LOF,0.07389530611916945,0.263638628011073,0.6624660658697574
25975,LOF,0.04585589571419533,0.026742163741453783,0.9274019405443509
25976,LOF,0.07240248201429571,0.01865656697823961,0.9089409510074646
25977,LOF,0.16711945188930294,0.09334620781260432,0.7395343402980926
25978,LOF,0.12657740569579148,0.1556694457367686,0.7177531485674399
25979,LOF,0.10468235897683056,0.17496370171666392,0.7203539393065055
25980,LOF,0.12401812847371964,0.4067774616389695,0.469204409887311
25981,LOF,0.12707837987281034,0.4287378717931576,0.4441837483340321
25982,LOF,0.24478410624323232,0.21030230523264223,0.5449135885241255
25983,Neutral,0.4459566633705774,0.22064634010475243,0.3333969965246702
25984,LOF,0.03873248488930341,0.084220504063646,0.8770470110470506
25985,Neutral,0.5017931182000174,0.18481357952543392,0.31339330227454854
25986,GOF,0.009667097574057109,0.6253485988120145,0.36498430361392836
25987,LOF,0.015726822328045502,0.11226812887445849,0.8720050487974959
25988,LOF,0.03691907578429207,0.11009163983019252,0.8529892843855155
25989,LOF,0.049728527271516464,0.11607889997188481,0.8341925727565987
25990,LOF,0.05166733559425644,0.23196460674676692,0.7163680576589767
25991,GOF,0.05107468373508767,0.6672519600742464,0.2816733561906661
25992,LOF,0.01507325457515511,0.41956485932183574,0.5653618861030091
25993,LOF,0.050528417648068924,0.02617611381677895,0.9232954685351521
25994,LOF,0.04730721596261964,0.06019395078902108,0.8924988332483593
25995,LOF,0.036275317543130015,0.06156849230061215,0.9021561901562579
25996,Neutral,0.3511746361211245,0.3484154804876311,0.30040988339124436
25997,GOF,0.07701783563679038,0.5097317673005913,0.4132503970626183
25998,LOF,0.175509529960909,0.1265226707480943,0.6979677992909967
25999,GOF,0.016387459421227463,0.6078620661129918,0.3757504744657807
26000,LOF,0.1412990281419422,0.010065011141781995,0.8486359607162757
26001,LOF,0.1412691017770331,0.028020560898810287,0.8307103373241567
26002,LOF,0.09692385345661837,0.011071354907386742,0.8920047916359949
26003,GOF,0.01040772772105972,0.5951960448337889,0.39439622744515146
26004,LOF,0.02728462873829256,0.426544814419331,0.5461705568423765
26005,GOF,0.006989575658613412,0.5168517425223702,0.4761586818190164
26006,GOF,0.1990403412211074,0.5672165031614013,0.23374315561749134
26007,GOF,0.01481470234867152,0.5799978759021074,0.4051874217492211
26008,LOF,0.011621228745645935,0.44663883010467686,0.5417399411496773
26009,GOF,0.025407706856047693,0.6576015513018288,0.3169907418421235
26010,GOF,0.010824637679326123,0.6211766863807462,0.36799867593992774
26011,LOF,0.007527220244462924,0.3929266840116422,0.599546095743895
26012,GOF,0.009189898067017081,0.507911800376598,0.4828983015563849
26013,LOF,0.01636930201001371,0.450883071404668,0.5327476265853183
26014,LOF,0.08211621778814761,0.01454235308761957,0.9033414291242329
26015,LOF,0.39481804046376795,0.1768731178416547,0.4283088416945774
26016,LOF,0.21520407509660644,0.3031980201420389,0.4815979047613547
26017,GOF,0.014771972355096738,0.6366621476780624,0.3485658799668408
26018,LOF,0.019783467775179718,0.35020987309245344,0.6300066591323668
26019,LOF,0.019702397652018915,0.2745887570961276,0.7057088452518535
26020,LOF,0.007873358338396336,0.4029656844969803,0.5891609571646234
26021,LOF,0.08691066765419171,0.32951516587556745,0.5835741664702409
26022,LOF,0.06319695160020752,0.12441582191272449,0.812387226487068
26023,LOF,0.037285266612205,0.26949696836142806,0.693217765026367
26024,LOF,0.050364445334746384,0.22137068320024486,0.7282648714650087
26025,LOF,0.12222298484728229,0.3457890247280509,0.5319879904246668
26026,LOF,0.10761558648292596,0.3153536096262953,0.5770308038907788
26027,LOF,0.03184919252445953,0.16275411012188368,0.8053966973536568
26028,LOF,0.054564949427457266,0.28567178261875337,0.6597632679537893
26029,LOF,0.0347892698303843,0.24669321391461815,0.7185175162549975
26030,LOF,0.19798740613536728,0.033089827650759886,0.7689227662138729
26031,LOF,0.01835085232251692,0.22908031576026347,0.7525688319172197
26032,LOF,0.031062299836035617,0.06991994793053226,0.8990177522334323
26033,LOF,0.045973180404495564,0.16359980599080498,0.7904270136046994
26034,LOF,0.018885330932979352,0.1676941539370455,0.8134205151299752
26035,LOF,0.014124388731951978,0.1874155632578306,0.7984600480102173
26036,LOF,0.014042833494160644,0.14673245887255576,0.8392247076332837
26037,LOF,0.013000289356720965,0.12579396916860522,0.8612057414746739
26038,LOF,0.023975543367942585,0.07154497349010386,0.9044794831419536
26039,LOF,0.030702047617856585,0.16582335988333236,0.803474592498811
26040,LOF,0.053254892865620185,0.30128362302966927,0.6454614841047105
26041,LOF,0.015152251790838917,0.16477202055507864,0.8200757276540825
26042,LOF,0.013779690067055157,0.16399021942311795,0.8222300905098269
26043,LOF,0.024064587663327145,0.17425988156061312,0.8016755307760598
26044,LOF,0.010170212155620117,0.16495165656322894,0.8248781312811511
26045,LOF,0.0807290120265274,0.36520703618056993,0.5540639517929027
26046,LOF,0.02360411687297989,0.1871215144798498,0.7892743686471704
26047,LOF,0.07071922417859657,0.10704802649151375,0.8222327493298898
26048,LOF,0.07717929416892681,0.120311265559135,0.8025094402719382
26049,Neutral,0.8870652632536659,0.021839645299703295,0.09109509144663087
26050,Neutral,0.7996062320439946,0.023833615848385996,0.1765601521076194
26051,GOF,0.0150670492955577,0.6690925703887585,0.3158403803156839
26052,GOF,0.015518845539199154,0.6193073812078844,0.36517377325291656
26053,LOF,0.02871022952650969,0.02207443827847802,0.9492153321950123
26054,LOF,0.09590356307635607,0.1111561311560284,0.7929403057676155
26055,LOF,0.10104994365911169,0.11988054211768362,0.7790695142232047
26056,LOF,0.09131799129783219,0.13458057252382702,0.7741014361783408
26057,LOF,0.053760596796997275,0.03819884266178052,0.9080405605412221
26058,LOF,0.06194361908990739,0.03003068258290784,0.9080256983271848
26059,Neutral,0.6484384560577612,0.1101080552685914,0.24145348867364744
26060,LOF,0.014761146494776965,0.32686235142073217,0.6583765020844908
26061,LOF,0.010563591324693589,0.026170743492070676,0.9632656651832358
26062,LOF,0.00591414027059283,0.05084931265286968,0.9432365470765376
26063,LOF,0.0508214675066549,0.03498621242000703,0.914192320073338
26064,LOF,0.009841680481757235,0.03453480121035428,0.9556235183078885
26065,LOF,0.038511077596255806,0.04792581242998123,0.9135631099737629
26066,LOF,0.04728865598821256,0.03495973632038557,0.9177516076914018
26067,LOF,0.05651077584019576,0.047764019609133165,0.8957252045506712
26068,LOF,0.09678823773097142,0.07606622410902991,0.8271455381599987
26069,LOF,0.08127659563040623,0.0681350950503612,0.8505883093192326
26070,LOF,0.24371858081612485,0.04009827227808381,0.7161831469057913
26071,LOF,0.05425071127047167,0.03843589284703885,0.9073133958824894
26072,LOF,0.007662106346282025,0.03223256526569412,0.9601053283880239
26073,LOF,0.04313176962865016,0.031362668874070125,0.9255055614972797
26074,Neutral,0.8454941580294497,0.02203517848450163,0.1324706634860487
26075,LOF,0.05129435262791036,0.08124729166459163,0.867458355707498
26076,LOF,0.05326632135511791,0.06005416600907672,0.8866795126358054
26077,LOF,0.16998300097193542,0.08336478870661829,0.7466522103214464
26078,LOF,0.00632500985752081,0.061591186163939174,0.9320838039785401
26079,LOF,0.11297577164577959,0.053521622026647245,0.8335026063275732
26080,LOF,0.11297577164577959,0.053521622026647245,0.8335026063275732
26081,LOF,0.05275300685568549,0.03139640940659033,0.9158505837377242
26082,LOF,0.006843617119073711,0.08825258561916488,0.9049037972617614
26083,LOF,0.03734612357435194,0.09601247126635486,0.8666414051592933
26084,LOF,0.04689542681797018,0.04667957256783094,0.906425000614199
26085,LOF,0.04329691745548601,0.040716602280202116,0.9159864802643118
26086,LOF,0.03952633005026423,0.053780806048051286,0.9066928639016845
26087,LOF,0.050259198974056354,0.05815699825051943,0.8915838027754243
26088,LOF,0.008597141374807597,0.10750678317187613,0.8838960754533162
26089,LOF,0.03912481065252341,0.1612857753114992,0.7995894140359774
26090,LOF,0.041508607478639596,0.12983294570662895,0.8286584468147314
26091,LOF,0.0461580132596495,0.0489532649921752,0.9048887217481753
26092,LOF,0.0539758438870144,0.029202770511757035,0.9168213856012286
26093,LOF,0.07045351359660348,0.024410095358117796,0.9051363910452788
26094,LOF,0.04359203705057243,0.04135729212345681,0.9150506708259708
26095,LOF,0.010126633688452598,0.04603823154720915,0.9438351347643383
26096,LOF,0.29590796097330546,0.010691168078207185,0.6934008709484873
26097,LOF,0.007622483376613733,0.03884445948620259,0.9535330571371837
26098,LOF,0.10785753899277424,0.04426210737238796,0.8478803536348377
26099,LOF,0.032925806276093324,0.06318274742215473,0.903891446301752
26100,LOF,0.032925806276093324,0.06318274742215473,0.903891446301752
26101,LOF,0.03296908938594954,0.08666282005173453,0.880368090562316
26102,LOF,0.043032391778348195,0.03850762858265873,0.918459979638993
26103,Neutral,0.8016911895370863,0.06882469542997727,0.12948411503293644
26104,LOF,0.10566720447521459,0.13048716100727853,0.7638456345175069
26105,LOF,0.23238365723263305,0.23354697612741013,0.5340693666399569
26106,LOF,0.3200790029295165,0.20698673059223646,0.47293426647824705
26107,LOF,0.008375913124280647,0.2925683869219041,0.6990556999538151
26108,LOF,0.14100141940553898,0.27234307161471405,0.5866555089797469
26109,LOF,0.029417576762776905,0.11740655505486844,0.8531758681823546
26110,LOF,0.43152741773052156,0.07391656074731676,0.4945560215221616
26111,LOF,0.050696126592397216,0.384971020817398,0.5643328525902048
26112,LOF,0.04814949307143291,0.03934394173478577,0.9125065651937813
26113,LOF,0.04095044381092771,0.08348304396334325,0.875566512225729
26114,LOF,0.08799072360447645,0.06104828342421238,0.8509609929713111
26115,LOF,0.010228695733539043,0.33910287968051717,0.6506684245859438
26116,LOF,0.06383044261997038,0.12972376751827933,0.8064457898617503
26117,LOF,0.17312768620804503,0.07657467444564045,0.7502976393463144
26118,LOF,0.040479559510933655,0.026985338729891083,0.9325351017591752
26119,LOF,0.0054488379204860075,0.09940150716864815,0.895149654910866
26120,LOF,0.04298183439111057,0.027805528843598833,0.9292126367652905
26121,LOF,0.004138519077239934,0.19954721627760993,0.7963142646451502
26122,LOF,0.0040086360170235955,0.20552754349402266,0.7904638204889538
26123,LOF,0.004766784981967572,0.18684000359618258,0.8083932114218498
