feature0,prediction,LoGoFunc_Neutral,LoGoFunc_GOF,LoGoFunc_LOF
25546,Neutral,0.6423435761572194,0.06691784988851406,0.29073857395426667
25547,Neutral,0.44323679837773217,0.11929590865112377,0.43746729297114406
25548,Neutral,0.4831440275132601,0.09103765876767472,0.4258183137190652
25549,LOF,0.4062680943212002,0.0920496861932773,0.5016822194855225
25550,LOF,0.33495638032613323,0.15444210547027204,0.5106015142035948
25551,LOF,0.2771692261478293,0.18375605070288362,0.5390747231492872
25552,LOF,0.19763645149717107,0.173036475081842,0.629327073420987
25553,Neutral,0.7819813122327072,0.05759300155294427,0.16042568621434858
25554,LOF,0.23292798562569944,0.1692455591836477,0.5978264551906528
25555,LOF,0.19737429939892318,0.1459662414734378,0.656659459127639
25556,LOF,0.4097114920011734,0.13466392041120306,0.4556245875876235
25557,LOF,0.18199528138776874,0.1563844050010873,0.6616203136111439
25558,LOF,0.22301353876385324,0.16318956650884825,0.6137968947272985
25559,LOF,0.17231965347281478,0.11531595373625224,0.712364392790933
25560,LOF,0.0763473811108593,0.14841913490378056,0.7752334839853602
25561,LOF,0.14826357846885177,0.13765046178733725,0.7140859597438111
25562,LOF,0.06648608086923757,0.08768935463430774,0.8458245644964547
25563,LOF,0.09472325430192598,0.10105900088373376,0.8042177448143403
25564,LOF,0.2259714655819329,0.18520693275684538,0.5888216016612218
25565,LOF,0.1525239327223553,0.12959341554015166,0.717882651737493
25566,GOF,0.020636718248573514,0.7727875426894056,0.2065757390620208
25567,LOF,0.017371851961970126,0.1888583433054251,0.7937698047326047
25568,LOF,0.055919821168585244,0.08232831366224384,0.8617518651691709
25569,LOF,0.056279957748448205,0.08380303414583086,0.8599170081057209
25570,LOF,0.03050770680667752,0.10638359035793411,0.8631087028353883
25571,LOF,0.02972279239155556,0.10201981633999165,0.8682573912684528
25572,LOF,0.032966182469128955,0.1410207095013984,0.8260131080294727
25573,LOF,0.026498800885873496,0.11206007737343793,0.8614411217406885
25574,LOF,0.017023764675088367,0.16959360349228544,0.8133826318326262
25575,LOF,0.025401494309402157,0.11383587019931928,0.8607626354912785
25576,LOF,0.012388570852316384,0.16106776329031722,0.8265436658573664
25577,LOF,0.010585834965964696,0.1294550100112953,0.8599591550227399
25578,LOF,0.2742634194913967,0.09352265514083466,0.6322139253677687
25579,LOF,0.11740521138124163,0.09850116995071946,0.784093618668039
25580,LOF,0.018087830799960947,0.0864655520242051,0.8954466171758341
25581,LOF,0.04425746900836091,0.08030890675684521,0.875433624234794
25582,LOF,0.0441765260264779,0.07907810972081204,0.8767453642527101
25583,LOF,0.018865479575339697,0.09726779012563086,0.8838667302990294
25584,Neutral,0.5447398330979213,0.10755110534927065,0.3477090615528081
25585,LOF,0.011063557332960817,0.16440213751474658,0.8245343051522926
25586,LOF,0.017236432893487575,0.08104113680685428,0.9017224302996582
25587,LOF,0.01620804897392737,0.07337143697890289,0.9104205140471698
25588,LOF,0.016470277067950786,0.08989897379353508,0.8936307491385143
25589,Neutral,0.6224491762097502,0.15425797382218423,0.22329284996806564
25590,LOF,0.01944426151224302,0.1329327515655106,0.8476229869222464
25591,LOF,0.07639414666536053,0.06554500406669628,0.8580608492679432
25592,LOF,0.04883555164479024,0.1415243595667682,0.8096400887884415
25593,LOF,0.021304985702521075,0.23480283948665953,0.7438921748108195
25594,LOF,0.039406445271654426,0.10776534218030297,0.8528282125480425
25595,LOF,0.039681682405942054,0.08237326552743775,0.8779450520666202
25596,LOF,0.05044416397939579,0.067782973593751,0.8817728624268533
25597,LOF,0.03620607109321606,0.06977847746484454,0.8940154514419394
25598,LOF,0.03825918234394422,0.09039860559111984,0.871342212064936
25599,GOF,0.008301936670585049,0.60778258613745,0.3839154771919649
25600,GOF,0.030676706426118864,0.6393506566061531,0.329972636967728
25601,LOF,0.01156325190474436,0.4367323366125145,0.5517044114827413
25602,LOF,0.01425094367500709,0.04839749836579861,0.9373515579591943
25603,LOF,0.04897621600995579,0.02023887771696044,0.9307849062730839
25604,LOF,0.016257119952627925,0.07060765665310643,0.9131352233942657
25605,LOF,0.008338945507637018,0.20311605465189278,0.7885449998404701
25606,LOF,0.08754690586373995,0.3484726136733828,0.5639804804628772
25607,LOF,0.005229853300384822,0.24881467457176734,0.745955472127848
25608,LOF,0.012570845113150724,0.1209254713771548,0.8665036835096944
25609,LOF,0.08133060484685226,0.3794490184941482,0.5392203766589996
25610,LOF,0.018582083646844737,0.02305491032847036,0.9583630060246848
25611,LOF,0.018554081789319613,0.025757775370647544,0.9556881428400329
25612,LOF,0.05916819400026512,0.035709150807070156,0.9051226551926647
25613,LOF,0.05138234567609023,0.03791973460904156,0.9106979197148682
25614,LOF,0.02709919362222758,0.02777831957796382,0.9451224867998087
25615,LOF,0.016922822375353586,0.039687149692542584,0.9433900279321038
25616,LOF,0.048918184688589994,0.027482019469496053,0.9235997958419139
25617,LOF,0.04895907952344787,0.03147015734960671,0.9195707631269454
25618,LOF,0.0583715254532776,0.03263737778830563,0.9089910967584167
25619,LOF,0.018213378050054557,0.028728242651083088,0.9530583792988624
25620,LOF,0.06621392920741126,0.035908086370047526,0.8978779844225412
25621,LOF,0.017745303417897623,0.03858587850733771,0.9436688180747648
25622,LOF,0.022138493096781967,0.04164404843079184,0.9362174584724262
25623,LOF,0.03521492845945682,0.03655476655710682,0.9282303049834363
25624,LOF,0.022053281950508895,0.03607668119064856,0.9418700368588426
25625,LOF,0.023124870099853305,0.052160129129291195,0.9247150007708554
25626,LOF,0.05043709425949236,0.036257852354521496,0.9133050533859862
25627,Neutral,0.5883325043864712,0.09592570381918888,0.31574179179434
25628,LOF,0.1972313333572982,0.05291912983306691,0.7498495368096348
25629,LOF,0.039751504737757466,0.05704888779259094,0.9031996074696514
25630,LOF,0.13480711044966118,0.09227678403872357,0.7729161055116153
25631,Neutral,0.5918555017794478,0.061245037339412,0.3468994608811402
25632,LOF,0.007618095803671134,0.06684425008804458,0.9255376541082844
25633,LOF,0.21825197721834458,0.044167196471220437,0.7375808263104349
25634,LOF,0.0294927988413756,0.08934005263803368,0.8811671485205906
25635,LOF,0.036641017562447434,0.048597506481031345,0.9147614759565214
25636,GOF,0.005213192292243331,0.5810512317963898,0.41373557591136695
25637,GOF,0.007291618010155081,0.6145263748254534,0.37818200716439154
25638,LOF,0.010399539108196687,0.28583451954148476,0.7037659413503186
25639,LOF,0.0047385263413592844,0.45555246423785983,0.5397090094207809
25640,Neutral,0.45678558349051324,0.4516819240226942,0.09153249248679246
25641,LOF,0.014276935888987612,0.30546460196821085,0.6802584621428016
25642,LOF,0.25678625513289444,0.05692699162015699,0.6862867532469487
25643,LOF,0.1654753283670943,0.15326041637369064,0.6812642552592151
25644,LOF,0.009149446891765861,0.43604911986127115,0.554801433246963
25645,LOF,0.007618977512942079,0.40220466499348123,0.5901763574935767
25646,LOF,0.01385583083787824,0.3041533783095112,0.6819907908526105
25647,LOF,0.01019824084029568,0.24865335474914566,0.7411484044105586
25648,LOF,0.009721558309450058,0.2485396529610974,0.7417387887294526
25649,LOF,0.008184029682175353,0.18928941374962469,0.8025265565682
25650,LOF,0.01489063917882019,0.38015368065219374,0.604955680168986
25651,LOF,0.006132629566856849,0.2517185276592247,0.7421488427739185
25652,LOF,0.009993949242456942,0.2442095484502046,0.7457965023073384
25653,LOF,0.026936912010069234,0.3547635455893144,0.6182995424006164
25654,LOF,0.011063164246409985,0.1447180051124823,0.8442188306411076
25655,LOF,0.04864516736015246,0.38023293879831904,0.5711218938415284
25656,LOF,0.1946097405979553,0.04523470238375492,0.7601555570182896
25657,LOF,0.26268248202034744,0.025477687568006713,0.7118398304116459
25658,LOF,0.08293857516628168,0.07529831084168565,0.8417631139920326
25659,LOF,0.43749138371989504,0.06062313097105019,0.5018854853090547
25660,LOF,0.028182005740675246,0.10231149554158676,0.869506498717738
25661,LOF,0.09090589960409741,0.06809388311970906,0.8410002172761936
25662,LOF,0.031066227349197742,0.04355359127112537,0.9253801813796769
25663,LOF,0.0369910365572584,0.06551144032285841,0.8974975231198831
25664,LOF,0.044596617958220064,0.07907140173156395,0.876331980310216
25665,LOF,0.05426840028727495,0.0348948452435432,0.9108367544691819
25666,LOF,0.0350827623667041,0.10776624786744907,0.8571509897658468
25667,LOF,0.06492842270557185,0.0481451888365435,0.8869263884578846
25668,LOF,0.03291232415540409,0.05352338635252081,0.9135642894920751
25669,LOF,0.031449842085609525,0.07531816675766466,0.8932319911567258
25670,LOF,0.054062743820982376,0.06857398236715784,0.8773632738118599
25671,LOF,0.09243405602095976,0.041289026074130396,0.8662769179049099
25672,LOF,0.053936751840921233,0.04528739540837394,0.9007758527507047
25673,LOF,0.024329314942626173,0.059626812550258354,0.9160438725071154
25674,LOF,0.021223916418228284,0.07051846568150574,0.908257617900266
25675,LOF,0.03347382266479356,0.06864568805628263,0.8978804892789237
25676,LOF,0.019272912659247143,0.06140625277088335,0.9193208345698696
25677,LOF,0.029881989719238125,0.07192635901162443,0.8981916512691375
25678,LOF,0.1957074529503816,0.061305364804896775,0.7429871822447217
25679,LOF,0.16355579930300798,0.09452455956620215,0.7419196411307899
25680,LOF,0.040668180356142745,0.11346493463287352,0.8458668850109837
25681,LOF,0.06718049325588524,0.10552194374681163,0.8272975629973031
25682,LOF,0.1357524402190235,0.08496666226630098,0.7792808975146754
25683,LOF,0.0781393805369061,0.1317455560629457,0.7901150634001481
25684,LOF,0.04621352577490977,0.07704684234489852,0.8767396318801918
25685,LOF,0.07199464233384137,0.05878515838729109,0.8692201992788676
25686,LOF,0.024403673138951913,0.08527430381391377,0.8903220230471344
25687,LOF,0.04472674922554103,0.06949898818315184,0.8857742625913071
25688,LOF,0.04647641510140597,0.0589998012444923,0.8945237836541018
25689,LOF,0.029118787854637448,0.06843819001927856,0.902443022126084
25690,LOF,0.03855656387206319,0.056370905928438526,0.9050725301994984
25691,LOF,0.2401893220115264,0.08299691096834726,0.6768137670201264
25692,LOF,0.26301261689840605,0.0070235897552488255,0.7299637933463452
25693,LOF,0.08643586170193714,0.2525682638294478,0.6609958744686151
25694,LOF,0.2402035689412439,0.012373935272526533,0.7474224957862295
25695,LOF,0.1491503144706455,0.02121212095905047,0.829637564570304
25696,LOF,0.11841154457615423,0.010120033218950608,0.8714684222048952
25697,LOF,0.10134922220354158,0.021537587573163222,0.8771131902232953
25698,LOF,0.05718851568720631,0.4414431066217424,0.5013683776910514
25699,LOF,0.06781240200689231,0.08781949811067165,0.8443680998824361
25700,LOF,0.05060383656762435,0.010002946808649096,0.9393932166237265
25701,LOF,0.01666668597685603,0.07080109646012694,0.9125322175630171
25702,GOF,0.03831742292300177,0.6955473325473105,0.2661352445296878
25703,LOF,0.008579709309376954,0.1769395922126805,0.8144806984779426
25704,LOF,0.05628107605402946,0.1492103516259962,0.7945085723199743
25705,LOF,0.06497087745255564,0.2512713621283357,0.6837577604191087
25706,GOF,0.022948907210049066,0.5150825252476205,0.4619685675423304
25707,LOF,0.018515259566826064,0.4804262358266438,0.5010585046065301
25708,LOF,0.00769780492302772,0.4599399798944994,0.5323622151824728
25709,LOF,0.059680804231303904,0.06607289353179743,0.8742463022368987
25710,LOF,0.004976969209693049,0.1716154357452375,0.8234075950450693
25711,LOF,0.018241241065178014,0.1442749000170404,0.8374838589177817
25712,LOF,0.006233998134710087,0.2253213050908917,0.7684446967743982
25713,LOF,0.018149560071038528,0.12210783250624488,0.8597426074227166
25714,LOF,0.06051696998844718,0.15531622057537692,0.7841668094361759
25715,LOF,0.011710854826935752,0.17028542528677953,0.8180037198862846
25716,LOF,0.005804034800589985,0.13672471058397515,0.8574712546154348
25717,LOF,0.005597363674673939,0.10728531939316517,0.8871173169321609
25718,LOF,0.012391263841780607,0.1124907162858723,0.875118019872347
25719,LOF,0.019146545879474626,0.12151591515261909,0.8593375389679063
25720,LOF,0.01991067439112106,0.11315651874150268,0.8669328068673764
25721,LOF,0.01663479247442464,0.12845178526255022,0.8549134222630251
25722,LOF,0.014170519787593623,0.15388309824853208,0.8319463819638742
25723,LOF,0.02007656907016629,0.08660383078585669,0.8933196001439772
25724,LOF,0.017999144193362567,0.12946416300512828,0.8525366928015091
25725,LOF,0.012355330154500811,0.09825789520465965,0.8893867746408396
25726,LOF,0.014797553368403571,0.14701752027116874,0.8381849263604277
25727,LOF,0.01339621073444834,0.10642445990773851,0.8801793293578132
25728,LOF,0.010992202874609842,0.13880657096359583,0.8502012261617943
25729,LOF,0.011361685074912028,0.14379924856434514,0.8448390663607428
25730,LOF,0.01616325882848498,0.11086660962585292,0.872970131545662
25731,LOF,0.007520717947369289,0.15187972610277792,0.8405995559498528
25732,LOF,0.01598330708209838,0.1031993718607737,0.880817321057128
25733,LOF,0.016192224211883252,0.0975149067228632,0.8862928690652536
25734,LOF,0.005443361846519406,0.1571279111732243,0.8374287269802563
25735,LOF,0.01447348614766156,0.09236612998591329,0.8931603838664252
25736,LOF,0.014989427217101675,0.1276098502650475,0.8574007225178507
25737,LOF,0.02040568314929448,0.10754959402752862,0.8720447228231769
25738,LOF,0.013323084916373839,0.1525700280667659,0.8341068870168603
25739,LOF,0.019806708857207256,0.13205900997067865,0.8481342811721141
25740,LOF,0.031448707834899704,0.13538882948590747,0.8331624626791928
25741,LOF,0.015050717829007663,0.12530355753533445,0.8596457246356579
25742,LOF,0.09362378781493393,0.12502521845335293,0.7813509937317131
25743,LOF,0.015355463000329037,0.029307624836625915,0.9553369121630452
25744,LOF,0.2208283847667058,0.31920818810444057,0.4599634271288537
25745,LOF,0.028815208392209714,0.039994842675140085,0.9311899489326502
25746,LOF,0.01837884909596194,0.0473855981183639,0.9342355527856742
25747,LOF,0.028102181726777982,0.024723396324965796,0.9471744219482562
25748,LOF,0.1276242850074144,0.04122000524476713,0.8311557097478184
25749,LOF,0.01598582407877083,0.03560904924452465,0.9484051266767045
25750,LOF,0.03354301812545144,0.055506991283795874,0.9109499905907528
25751,LOF,0.1170493949239866,0.044488487392567555,0.8384621176834458
25752,GOF,0.10683728661015844,0.6377265469811177,0.2554361664087238
25753,LOF,0.00800192612170043,0.3111022675485507,0.6808958063297489
25754,GOF,0.004947444786718544,0.7869698740627404,0.2080826811505408
25755,LOF,0.009364433282427451,0.3903184574486019,0.6003171092689707
25756,LOF,0.04301920823933562,0.40905882688546913,0.5479219648751952
25757,GOF,0.005651726621006347,0.8467927514423795,0.14755552193661395
25758,GOF,0.0071004461688590845,0.8360382413001234,0.15686131253101745
25759,GOF,0.004342005512455538,0.5433758546812496,0.4522821398062947
25760,LOF,0.00469596684872907,0.27364627894112603,0.721657754210145
25761,GOF,0.044566515068733374,0.8113726174213922,0.1440608675098744
25762,LOF,0.03093448753723638,0.3070893654334079,0.6619761470293557
25763,LOF,0.006144481152461073,0.21993771983187646,0.7739177990156624
25764,GOF,0.15080832736164648,0.5225037816850091,0.3266878909533445
25765,GOF,0.012043746640295304,0.7790601737274016,0.2088960796323033
25766,GOF,0.01983354039478902,0.8072392879425715,0.17292717166263952
25767,LOF,0.0201398134695697,0.4756159331653656,0.5042442533650647
25768,LOF,0.07811461779626137,0.06563271398813951,0.8562526682155992
25769,LOF,0.08119693137632639,0.051801432322425366,0.8670016363012483
25770,LOF,0.3130206699176753,0.06010771645289634,0.6268716136294283
25771,LOF,0.013716231138676685,0.049666507204073784,0.9366172616572496
25772,LOF,0.02065052385215787,0.025812455449570202,0.9535370206982718
25773,LOF,0.011496215471112195,0.10464373207660545,0.8838600524522823
25774,LOF,0.02457269624803125,0.06445318658520399,0.9109741171667648
25775,LOF,0.014547191878268905,0.04406834286674311,0.9413844652549879
25776,LOF,0.08383096333945667,0.020357770666982404,0.8958112659935609
25777,LOF,0.2925913465909177,0.041803262078220424,0.6656053913308618
25778,LOF,0.06853410207643465,0.03868485077857308,0.8927810471449922
25779,GOF,0.06411388688442621,0.878650644955479,0.0572354681600949
25780,GOF,0.062013536622651744,0.8586811397538776,0.07930532362347063
25781,GOF,0.028512776845459543,0.852969852742185,0.11851737041235537
25782,GOF,0.03220710094459723,0.875443234144471,0.09234966491093162
25783,GOF,0.012318323120420109,0.6766918282538715,0.3109898486257084
25784,GOF,0.1108085963883051,0.8351409785752729,0.054050425036421865
25785,GOF,0.07535943180293937,0.8674735555930212,0.05716701260403932
25786,GOF,0.005750464774938431,0.8092183445286218,0.18503119069643972
25787,GOF,0.21301053499330258,0.7437221601653154,0.04326730484138192
25788,LOF,0.04781857013382141,0.111083267827972,0.8410981620382066
25789,GOF,0.040282173261520386,0.8027641923244889,0.15695363441399066
25790,GOF,0.04204303493672271,0.8326169045227255,0.12534006054055177
25791,GOF,0.030155504393341144,0.7683918117624953,0.20145268384416354
25792,GOF,0.04861864419805485,0.7770810298303619,0.1743003259715833
25793,GOF,0.08150232067996499,0.7127287295097443,0.20576894981029065
25794,GOF,0.1076477256990238,0.6909994110548159,0.20135286324616028
25795,GOF,0.025347747867078534,0.7527214327674948,0.22193081936542663
25796,GOF,0.13297775112073684,0.7591094712865949,0.1079127775926683
25797,GOF,0.03498518600521873,0.5938037192387959,0.3712110947559852
25798,GOF,0.0033120925088721133,0.5424695834721841,0.45421832401894374
25799,LOF,0.0030529779627110503,0.4249915331292852,0.5719554889080037
25800,GOF,0.011416863722178762,0.6466611709422235,0.34192196533559766
25801,GOF,0.02927590454563199,0.8138157485935344,0.15690834686083338
25802,GOF,0.017420085437461204,0.7093868520575773,0.2731930625049614
25803,GOF,0.010180042087532738,0.6118512436226249,0.3779687142898424
25804,LOF,0.012459268547686067,0.48740846256866016,0.5001322688836538
25805,GOF,0.021265919047967898,0.6063770473029529,0.372357033649079
25806,GOF,0.019452770426188568,0.6523026944435845,0.32824453513022694
25807,GOF,0.005197268480578427,0.6404315697951068,0.3543711617243148
25808,GOF,0.015602308408625984,0.6364640790435591,0.34793361254781496
25809,GOF,0.005965772825769466,0.6234384527025543,0.3705957744716762
25810,GOF,0.004962829273262073,0.6300132709265299,0.36502389980020794
25811,GOF,0.0904224218150203,0.7842348184955877,0.1253427596893919
25812,GOF,0.013783232818846958,0.6435217854861818,0.34269498169497115
25813,GOF,0.10398932827271269,0.7484719048038838,0.1475387669234035
25814,GOF,0.030846562482479047,0.7107155103073849,0.2584379272101361
25815,GOF,0.04662783031797084,0.7205938599703066,0.23277830971172264
25816,GOF,0.008006080996278022,0.7605534455457482,0.23144047345797378
25817,GOF,0.07358741124357936,0.7663274436732518,0.1600851450831689
25818,GOF,0.017204330275191883,0.7056323084740019,0.2771633612508062
25819,GOF,0.07124512768477073,0.7260169659745899,0.20273790634063948
25820,GOF,0.033965266534052706,0.7023179029607725,0.26371683050517475
25821,GOF,0.015769049875583193,0.6985099794250583,0.28572097069935853
25822,GOF,0.03567883187626643,0.7149345635138317,0.24938660460990197
25823,GOF,0.01159871131200425,0.5587882431112702,0.4296130455767256
25824,GOF,0.02448188791683247,0.6754601395073353,0.3000579725758322
25825,GOF,0.01306764934924734,0.659535570392158,0.3273967802585946
25826,GOF,0.00504688826141648,0.6299605675178546,0.36499254422072896
25827,GOF,0.007441053037282188,0.6141876389146257,0.37837130804809205
25828,GOF,0.0047496941869549026,0.5467110218041721,0.44853928400887305
25829,GOF,0.0027855336331936457,0.6091583474251113,0.38805611894169484
25830,LOF,0.03837751090980244,0.34949896772738837,0.6121235213628093
25831,GOF,0.03499867773231923,0.8307480527090569,0.13425326955862382
25832,GOF,0.007411453413872616,0.7776261797029683,0.21496236688315906
25833,GOF,0.025443204383287336,0.8199810755717944,0.15457572004491812
25834,GOF,0.007717166591185637,0.784169483476281,0.2081133499325333
25835,GOF,0.01614782015479846,0.8353121869122316,0.14853999293296985
25836,GOF,0.006601664866772574,0.7836338776429417,0.20976445749028566
25837,GOF,0.006055138985092635,0.6704924854042005,0.3234523756107069
25838,GOF,0.020390777498696954,0.8446591193378429,0.1349501031634602
25839,GOF,0.0483983457109174,0.7912144499152921,0.16038720437379064
25840,GOF,0.0399278119998118,0.8218620434778863,0.13821014452230201
25841,GOF,0.03485859220869539,0.8400550979111653,0.1250863098801393
25842,GOF,0.02442049750922218,0.8586693996481952,0.11691010284258264
25843,GOF,0.027172604352344577,0.8783535860265914,0.09447380962106396
25844,GOF,0.017470212297328445,0.8089515797822127,0.1735782079204588
25845,GOF,0.005075588080948684,0.5824801370724635,0.41244427484658785
25846,GOF,0.02665794646396526,0.85646605015427,0.11687600338176479
25847,GOF,0.018698621748352413,0.871292082002192,0.11000929624945555
25848,GOF,0.013383123079494732,0.7653919553889675,0.2212249215315378
25849,GOF,0.0044567397897836624,0.6604409268571657,0.33510233335305045
25850,GOF,0.007270657825920543,0.6943140512903089,0.29841529088377056
25851,GOF,0.00630296601500311,0.5671340402972397,0.42656299368775724
25852,GOF,0.15748685111504995,0.5278618158741011,0.31465133301084897
25853,GOF,0.0658472346756449,0.8360866153023041,0.098066150022051
25854,GOF,0.008924718349675313,0.6509644569361811,0.34011082471414356
25855,GOF,0.015143691361593459,0.5969878102772349,0.3878684983611717
25856,GOF,0.041346106274020064,0.712996593198929,0.24565730052705076
25857,GOF,0.01437549068518312,0.5414519867224667,0.4441725225923501
25858,GOF,0.007678086076681185,0.5436024211616169,0.4487194927617018
25859,GOF,0.005138025558714093,0.5264449037953843,0.4684170706459017
25860,GOF,0.07538654952383805,0.7884361796841336,0.13617727079202824
25861,GOF,0.10650251440808932,0.798458109380758,0.09503937621115266
25862,GOF,0.018549208016882052,0.8356790115375953,0.14577178044552258
25863,GOF,0.017620444462872108,0.8531033697821454,0.1292761857549826
25864,GOF,0.039241172600524926,0.8684071047796739,0.09235172261980114
25865,GOF,0.03146681494652872,0.8445715624999621,0.12396162255350911
25866,GOF,0.02406692829003395,0.8349205666082075,0.14101250510175856
25867,GOF,0.02593975704315057,0.866724871078843,0.1073353718780064
25868,GOF,0.04994478131863071,0.8045180374803977,0.14553718120097148
25869,GOF,0.3146761262775826,0.5886566365487752,0.09666723717364206
25870,GOF,0.18034479798174752,0.5306296705711102,0.28902553144714227
25871,GOF,0.028515693152174938,0.8406419793534056,0.1308423274944195
25872,GOF,0.015214259122817727,0.7640897060885302,0.22069603478865218
25873,GOF,0.01780436398133697,0.847295590307756,0.13490004571090713
25874,LOF,0.017816981108371082,0.11776061249710183,0.8644224063945269
25875,LOF,0.02333106731039373,0.03995062999826393,0.9367183026913424
25876,LOF,0.01476101267727946,0.03182995002486583,0.9534090372978546
25877,LOF,0.11119205412656939,0.0771637388503881,0.8116442070230425
25878,LOF,0.0479659302375003,0.09723426919891125,0.8547998005635885
25879,LOF,0.020726919376970177,0.07784299667118573,0.9014300839518441
25880,LOF,0.04373018835472176,0.012089222559933019,0.9441805890853451
25881,Neutral,0.6012885999984477,0.04662978092178513,0.352081619079767
25882,LOF,0.02416736923617291,0.03359515601754196,0.9422374747462852
25883,LOF,0.07700260236254125,0.025395983872730496,0.8976014137647282
25884,LOF,0.012024454068968553,0.04319208477435547,0.9447834611566759
25885,LOF,0.18642096595631416,0.006973669306339189,0.8066053647373468
25886,LOF,0.3386597196634457,0.047202439988991124,0.6141378403475631
25887,LOF,0.15843973794363922,0.05947037748581865,0.7820898845705421
25888,LOF,0.013766053339379674,0.10584217987410728,0.880391766786513
25889,LOF,0.014792134961721454,0.03386023878535869,0.9513476262529199
25890,LOF,0.11633432053019556,0.08986998129896794,0.7937956981708365
25891,LOF,0.044199261882950376,0.042758169956469486,0.9130425681605802
25892,LOF,0.011562755633888134,0.04179905881600903,0.9466381855501027
25893,LOF,0.39424804494825316,0.012893096969538964,0.5928588580822078
25894,LOF,0.42137061680679194,0.007303197111920503,0.5713261860812875
25895,LOF,0.3530154490624137,0.016029341719001458,0.6309552092185847
25896,LOF,0.04303287789884764,0.026533482364743816,0.9304336397364086
25897,LOF,0.1928176140083144,0.012912492337614852,0.7942698936540707
25898,LOF,0.22650156722679035,0.034775961047368895,0.7387224717258407
25899,LOF,0.20921868110544795,0.028246444459228876,0.7625348744353232
25900,LOF,0.47310047292646656,0.012306885566558548,0.5145926415069749
25901,LOF,0.048936680084366656,0.011233294336875267,0.939830025578758
25902,LOF,0.10901251636025618,0.016065527880441473,0.8749219557593024
25903,LOF,0.37214790129204156,0.03171600911330048,0.596136089594658
25904,LOF,0.3317159853767706,0.0441552105695242,0.6241288040537053
25905,LOF,0.006257611723895768,0.4058273410233612,0.587915047252743
25906,LOF,0.008423261996159795,0.11590092422821205,0.8756758137756281
25907,LOF,0.0041578073724348776,0.3437673502155118,0.6520748424120533
25908,LOF,0.003740759392393677,0.24647830541534904,0.7497809351922573
25909,LOF,0.013691749830571313,0.14847317849900354,0.8378350716704251
25910,LOF,0.01659361265265987,0.14385695802977738,0.8395494293175627
25911,LOF,0.16336928373115425,0.02906979976174635,0.8075609165070994
25912,LOF,0.07144242345920981,0.03946773784260653,0.8890898386981836
25913,LOF,0.0772984873447701,0.04828726930067235,0.8744142433545575
25914,LOF,0.022322687803514513,0.05249730209419927,0.9251800101022862
25915,LOF,0.13330381156615026,0.25055900084581545,0.6161371875880343
25916,LOF,0.021160892616320256,0.16687781582406247,0.8119612915596172
25917,LOF,0.051411192557500096,0.040132785489589,0.9084560219529109
25918,LOF,0.026412536891048725,0.030048533006055568,0.9435389301028958
25919,LOF,0.022703969827553974,0.02895683115610046,0.9483391990163454
25920,LOF,0.10284585976016453,0.2195845680937348,0.6775695721461007
25921,LOF,0.010390307534814203,0.03982585656999962,0.9497838358951862
25922,LOF,0.012874724571799282,0.03339302314421893,0.9537322522839817
25923,Neutral,0.5088992884779683,0.043771469873487664,0.44732924164854404
25924,LOF,0.01725115193554036,0.04618690036158059,0.9365619477028789
25925,LOF,0.07904774839026033,0.05056074130800656,0.8703915103017332
25926,LOF,0.059903607626025056,0.04456462523065372,0.8955317671433212
25927,LOF,0.01919796510650158,0.07045627630892735,0.9103457585845711
25928,LOF,0.008075057101346934,0.05709217335670016,0.9348327695419529
25929,Neutral,0.6279803438650556,0.046931417189903145,0.3250882389450411
25930,LOF,0.07205700907331346,0.03842108395066061,0.8895219069760261
25931,LOF,0.009938964029387811,0.03714239131602869,0.9529186446545835
25932,LOF,0.032362043330327196,0.030590088339958136,0.9370478683297147
25933,LOF,0.04091932086519547,0.021350497219704966,0.9377301819150995
25934,LOF,0.028238246800426463,0.022329282060081834,0.9494324711394918
25935,LOF,0.07435905201836437,0.05482371160268893,0.8708172363789467
25936,LOF,0.04609795061389013,0.025892591660733596,0.9280094577253761
25937,LOF,0.010311650311852806,0.04024274542543748,0.9494456042627099
25938,LOF,0.0693118275888847,0.06551251396471156,0.8651756584464039
25939,LOF,0.039776039145381345,0.026810295789510958,0.9334136650651076
25940,LOF,0.009086291834496519,0.3060826044141305,0.6848311037513729
25941,Neutral,0.5252784361118883,0.03210579578452744,0.44261576810358433
25942,LOF,0.004869669293793234,0.044180744152307085,0.9509495865538997
25943,LOF,0.03524945883034741,0.13389664316409755,0.8308538980055551
25944,LOF,0.11718418871535873,0.07343428099226867,0.8093815302923727
25945,LOF,0.05558087720404247,0.0189917391755236,0.925427383620434
25946,LOF,0.06873719481777915,0.06743123971171278,0.8638315654705081
25947,LOF,0.45100215227182394,0.07768057171694862,0.47131727601122747
25948,LOF,0.30947177522017055,0.00899410426471865,0.6815341205151109
25949,LOF,0.10136108316201345,0.05090740093331787,0.8477315159046688
25950,GOF,0.03724052031641783,0.5805454716046783,0.38221400807890393
25951,LOF,0.0161635201934198,0.43498374941143836,0.5488527303951417
25952,LOF,0.26033095927342453,0.2925755224361762,0.4470935182903994
25953,LOF,0.013203358198168208,0.19799860326247712,0.7887980385393546
25954,GOF,0.05436998392722859,0.48991449699085876,0.45571551908191255
25955,LOF,0.009659497576807183,0.17299122531900835,0.8173492771041845
25956,LOF,0.027825898533019207,0.31326886816246907,0.6589052333045118
25957,LOF,0.15990214167721215,0.036815280664160045,0.8032825776586278
25958,LOF,0.050280725891580856,0.026358370668739993,0.9233609034396792
25959,LOF,0.01301321204488118,0.45864842798575733,0.5283383599693615
25960,LOF,0.006003833299345134,0.05419734854436373,0.9397988181562912
25961,LOF,0.04044899813088712,0.025200660177580277,0.9343503416915326
25962,LOF,0.03385077479734889,0.08307186306041156,0.8830773621422394
25963,LOF,0.005329099463781471,0.23915028545659778,0.7555206150796206
25964,LOF,0.034374564533292774,0.1057391702771477,0.8598862651895595
25965,LOF,0.34603053867772693,0.1377776918613548,0.5161917694609183
25966,Neutral,0.5139886233857502,0.1482937247072065,0.3377176519070433
25967,LOF,0.0075275081185068845,0.08736923767842919,0.9051032542030639
25968,LOF,0.05387585513793908,0.2510770119080636,0.6950471329539974
25969,LOF,0.12344100122701744,0.06154113781039669,0.8150178609625858
25970,LOF,0.017950845832488342,0.10318318966099853,0.878865964506513
25971,LOF,0.06910466193150998,0.02753646317323199,0.9033588748952581
25972,LOF,0.06404707833230684,0.037295858995315595,0.8986570626723775
25973,LOF,0.05786007581316218,0.010134378466127927,0.9320055457207099
25974,LOF,0.033169070517413565,0.03494920155894287,0.9318817279236435
25975,LOF,0.0431373902907209,0.02200368852266339,0.9348589211866156
25976,LOF,0.09776643677108927,0.011393139591471802,0.890840423637439
25977,LOF,0.18494103340599666,0.053069102473659625,0.7619898641203438
25978,LOF,0.12916191775820313,0.12989882935328032,0.7409392528885166
25979,LOF,0.11480257307949726,0.13335626868081502,0.7518411582396878
25980,LOF,0.22952575305489428,0.15026953831486986,0.6202047086302359
25981,LOF,0.2543776304616011,0.14764298628282235,0.5979793832555765
25982,LOF,0.3882495338185398,0.1136591018853319,0.49809136429612827
25983,LOF,0.3645227057347911,0.12018159883162143,0.5152956954335874
25984,LOF,0.040675049478455926,0.0625633163401209,0.8967616341814232
25985,LOF,0.4071324526406506,0.1208801410948531,0.47198740626449637
25986,LOF,0.010757863818180472,0.3874855949086936,0.6017565412731259
25987,LOF,0.03416842308912612,0.09373945483012402,0.8720921220807498
25988,LOF,0.15621669310666295,0.09338135733566227,0.7504019495576748
25989,LOF,0.03580809605494884,0.1361302768872027,0.8280616270578485
25990,LOF,0.038711867604424584,0.21264060056528863,0.7486475318302869
25991,LOF,0.020307683845719456,0.31057675951520236,0.6691155566390782
25992,LOF,0.021339938742652914,0.32094523677479136,0.6577148244825558
25993,LOF,0.02227199501842488,0.07915106746936046,0.8985769375122147
25994,LOF,0.01697834643723985,0.07356972712443004,0.9094519264383302
25995,LOF,0.020878689305316566,0.1555674821565548,0.8235538285381286
25996,LOF,0.3179399210727931,0.27521323976630474,0.4068468391609021
25997,LOF,0.07992618965175793,0.31333349901372015,0.606740311334522
25998,LOF,0.2911168436618504,0.045025422467940404,0.6638577338702092
25999,LOF,0.01715744971001217,0.23568017608031702,0.7471623742096708
26000,LOF,0.14921448915862406,0.0306567580428399,0.820128752798536
26001,LOF,0.3156790109889274,0.023422585360873195,0.6608984036501994
26002,LOF,0.07016915202338576,0.048691095228000504,0.8811397527486137
26003,GOF,0.004116479655576543,0.6278483051249515,0.36803521521947197
26004,GOF,0.007012395224935783,0.7102200440489818,0.28276756072608245
26005,GOF,0.0031001701777134054,0.5066477528698334,0.4902520769524532
26006,GOF,0.07995421297079548,0.5740149603230508,0.34603082670615387
26007,GOF,0.006717028935830465,0.5840242925018572,0.40925867856231235
26008,GOF,0.006071565607625781,0.6666216739102471,0.32730676048212715
26009,GOF,0.00679956726530345,0.6713139354090603,0.3218864973256363
26010,GOF,0.0073688999875072755,0.6960600114121862,0.2965710886003064
26011,LOF,0.0027888273774853175,0.4975287868627097,0.49968238575980495
26012,GOF,0.0041338764589466245,0.5824384321397129,0.41342769140134045
26013,GOF,0.005589366507319632,0.6373679728032136,0.35704266068946683
26014,LOF,0.045904246087118156,0.12169340722671994,0.8324023466861619
26015,LOF,0.13876947742001833,0.023877639654146934,0.8373528829258348
26016,LOF,0.2783729874026669,0.04792143416831275,0.6737055784290203
26017,LOF,0.023744318301086663,0.22020610811445462,0.7560495735844588
26018,LOF,0.06494915151885419,0.04434591137666173,0.8907049371044841
26019,LOF,0.062201752575306385,0.037236413619771584,0.900561833804922
26020,LOF,0.00821562731847487,0.21549773766852232,0.7762866350130029
26021,LOF,0.06427502414803628,0.07893630397550859,0.8567886718764551
26022,LOF,0.026652746128493096,0.02765002757519795,0.945697226296309
26023,LOF,0.04174730034524094,0.026495039755712192,0.9317576598990469
26024,LOF,0.04098108184169652,0.08180152995588887,0.8772173882024146
26025,LOF,0.05622100540974656,0.0915273949019372,0.8522515996883162
26026,LOF,0.11781437643720176,0.06733686065368495,0.8148487629091133
26027,LOF,0.05612777087177365,0.021063421938497254,0.9228088071897291
26028,LOF,0.08728780027103665,0.12144118343342189,0.7912710162955415
26029,LOF,0.02444999797744824,0.195090867494219,0.7804591345283327
26030,LOF,0.1396778811172469,0.02960839566100394,0.8307137232217492
26031,LOF,0.013528148423637615,0.1498561684441896,0.8366156831321727
26032,LOF,0.07906246391412865,0.06676611594472337,0.854171420141148
26033,LOF,0.07969138954513769,0.06280424554225679,0.8575043649126055
26034,LOF,0.014844881326620095,0.170742511721617,0.814412606951763
26035,LOF,0.013661563601374613,0.13927067165893514,0.8470677647396903
26036,LOF,0.017240882952718067,0.1721218918154078,0.8106372252318742
26037,LOF,0.012048284526950183,0.11844230730624523,0.8695094081668046
26038,LOF,0.06756227792799156,0.06248803625233258,0.8699496858196758
26039,LOF,0.025124864445144248,0.16261279294908737,0.8122623426057684
26040,LOF,0.11756850879439212,0.1470143752359259,0.7354171159696821
26041,LOF,0.01375616521720187,0.10411175545823106,0.882132079324567
26042,LOF,0.01259707217115234,0.10549197806041806,0.8819109497684295
26043,LOF,0.06847848663818216,0.08004841974853488,0.8514730936132829
26044,LOF,0.013111253882582751,0.06853111828879231,0.9183576278286248
26045,LOF,0.05338330894270061,0.10749218774871887,0.8391245033085807
26046,LOF,0.059644491429119685,0.0628646100141227,0.8774908985567575
26047,LOF,0.09886915384128825,0.06585443202754633,0.8352764141311654
26048,LOF,0.043740839425060685,0.040815971764667724,0.9154431888102715
26049,Neutral,0.9659149236772259,0.005839531536420684,0.0282455447863534
26050,Neutral,0.9531831841648878,0.00755808070794895,0.03925873512716343
26051,LOF,0.014626717303208428,0.16181846315887988,0.8235548195379118
26052,LOF,0.021950560059815067,0.20065497876455568,0.7773944611756292
26053,LOF,0.02204724941738354,0.1480290670132881,0.8299236835693283
26054,LOF,0.05058529740290156,0.015371702482454532,0.9340430001146439
26055,LOF,0.06487405075447587,0.013541362934673512,0.9215845863108506
26056,LOF,0.05289574909676683,0.015868777913372385,0.9312354729898608
26057,LOF,0.031211836968816756,0.010299963106944776,0.9584881999242385
26058,LOF,0.032273772134791365,0.009003783407270271,0.9587224444579384
26059,LOF,0.2992477762004311,0.016740216608853536,0.6840120071907154
26060,LOF,0.00977859106692772,0.1326899930284535,0.8575314159046187
26061,LOF,0.0049453663104144716,0.012621195538187822,0.9824334381513976
26062,LOF,0.004159837628019917,0.01725100396449461,0.9785891584074855
26063,LOF,0.02157566986562218,0.009106330122690734,0.9693180000116871
26064,LOF,0.0068808503827415615,0.01975796203902091,0.9733611875782376
26065,LOF,0.022352277638870263,0.01018880175095861,0.967458920610171
26066,LOF,0.02114397808049305,0.009936826966614859,0.9689191949528921
26067,LOF,0.028982919194677707,0.007635194374443714,0.9633818864308785
26068,LOF,0.042513711043551575,0.026572149350137377,0.930914139606311
26069,LOF,0.26923757889943517,0.015800555330554043,0.7149618657700109
26070,LOF,0.4476895858464667,0.012007196749817942,0.5403032174037153
26071,LOF,0.02101457017698769,0.009640327872378814,0.9693451019506334
26072,LOF,0.0056119941772568085,0.021617528812204155,0.972770477010539
26073,LOF,0.018655210923881574,0.01173690151070297,0.9696078875654155
26074,Neutral,0.9162124182272278,0.005260877833389215,0.07852670393938312
26075,LOF,0.04095920042158238,0.013616584327414182,0.9454242152510035
26076,LOF,0.03859517821608593,0.008325615185042266,0.9530792065988719
26077,LOF,0.10884822639871872,0.007871575182748607,0.8832801984185327
26078,LOF,0.005601984776683137,0.01271415926380166,0.9816838559595151
26079,LOF,0.05442452252482364,0.014804389246818895,0.9307710882283574
26080,LOF,0.05229629422468083,0.014851323513679203,0.93285238226164
26081,LOF,0.029928358086203165,0.0065731602141150345,0.9634984816996819
26082,LOF,0.00485834026178313,0.014753277507626542,0.9803883822305904
26083,LOF,0.13747108960252527,0.013927002490224886,0.8486019079072499
26084,LOF,0.03561757495814389,0.01144565972263474,0.9529367653192212
26085,LOF,0.03240718979490814,0.010536503079824488,0.9570563071252675
26086,LOF,0.02025524724773725,0.010202374404578751,0.9695423783476841
26087,LOF,0.021906519119253905,0.007950985714916467,0.9701424951658296
26088,LOF,0.00573963142944829,0.022285604001639266,0.9719747645689124
26089,LOF,0.03993883565910822,0.019097754867892735,0.940963409472999
26090,LOF,0.03893098890930578,0.015106364159920482,0.9459626469307738
26091,LOF,0.028796239672484493,0.006157523810779482,0.965046236516736
26092,LOF,0.020243506122900535,0.007342030347729112,0.9724144635293703
26093,LOF,0.03880603579741767,0.005704528384977189,0.9554894358176053
26094,LOF,0.028902209928951754,0.00606466820755311,0.9650331218634951
26095,LOF,0.016973539322147502,0.015690204470488744,0.9673362562073637
26096,LOF,0.15894378626998001,0.005654972273970653,0.8354012414560493
26097,LOF,0.004826617270307212,0.03773635697920272,0.9574370257504901
26098,LOF,0.07093962228234904,0.011886647549074935,0.917173730168576
26099,LOF,0.019352496658980544,0.01196193275050778,0.9686855705905117
26100,LOF,0.021737542415852455,0.011377634090371335,0.9668848234937762
26101,LOF,0.04654607771914062,0.017699057073152242,0.9357548652077072
26102,LOF,0.02139808554694014,0.012011098606095045,0.9665908158469648
26103,Neutral,0.8738325873624925,0.017372222040775508,0.108795190596732
26104,LOF,0.0669344687205274,0.019799956956821605,0.9132655743226509
26105,LOF,0.20402492461892738,0.14673802574890626,0.6492370496321664
26106,LOF,0.32966946644637474,0.10942334947233498,0.5609071840812903
26107,LOF,0.020747360385060507,0.0987883745450664,0.8804642650698732
26108,LOF,0.34464485279601387,0.04119334547710143,0.6141618017268847
26109,LOF,0.032521535356051394,0.06382899076358646,0.9036494738803622
26110,LOF,0.2157961176792865,0.006408949952162143,0.7777949323685514
26111,LOF,0.09179364104793795,0.06844516073828634,0.8397611982137757
26112,LOF,0.037247570814755666,0.006566086074376044,0.9561863431108684
26113,LOF,0.06358862274420132,0.014284524861298479,0.9221268523945003
26114,LOF,0.06796680861169355,0.016094169196661713,0.9159390221916447
26115,LOF,0.015837677641460577,0.08806135369402032,0.8961009686645192
26116,LOF,0.08118894703131715,0.05097946781547193,0.8678315851532108
26117,LOF,0.4114127749008007,0.04123250235909384,0.5473547227401055
26118,LOF,0.03310878811772961,0.024385528344941405,0.942505683537329
26119,LOF,0.004409861007603679,0.04656158262363111,0.9490285563687653
26120,LOF,0.02376183192476668,0.01866199462376101,0.9575761734514723
