feature0,prediction,LoGoFunc_Neutral,LoGoFunc_GOF,LoGoFunc_LOF
25546,Neutral,0.7522201331513964,0.02905767874628949,0.2187221881023142
25547,Neutral,0.5941733318725427,0.0622769125376153,0.343549755589842
25548,Neutral,0.6162733557064287,0.04506671566182799,0.3386599286317432
25549,Neutral,0.5242064561598542,0.04473600495494334,0.43105753888520254
25550,LOF,0.3668881370558056,0.08371230650560793,0.5493995564385865
25551,LOF,0.3010988033692896,0.09854695924742642,0.600354237383284
25552,LOF,0.21934688881374131,0.09106534331737304,0.6895877678688856
25553,Neutral,0.8518285897232877,0.02326289481143167,0.1249085154652806
25554,LOF,0.24931777890423462,0.08848231686280629,0.662199904232959
25555,LOF,0.20334233227964,0.07596456496757568,0.7206931027527842
25556,LOF,0.4143035665874969,0.07924617243813335,0.5064502609743698
25557,LOF,0.1976872910315746,0.08143864346644106,0.7208740655019843
25558,LOF,0.23261869109989933,0.09110953677225003,0.6762717721278506
25559,LOF,0.35360505197986175,0.17173870673205943,0.4746562412880787
25560,LOF,0.05769713192795296,0.14091642328218823,0.8013864447898589
25561,LOF,0.1303406493975921,0.1418583967683475,0.7278009538340604
25562,LOF,0.09843434764983974,0.05645053581457897,0.8451151165355812
25563,LOF,0.1119928224881571,0.07448568064683539,0.8135214968650075
25564,LOF,0.2582952347875621,0.11461859027428542,0.6270861749381524
25565,LOF,0.1426002151512878,0.10494337983604203,0.7524564050126703
25566,GOF,0.014785005913870247,0.7942084797368865,0.19100651434924326
25567,LOF,0.017495930284273545,0.15356312328632804,0.8289409464293984
25568,LOF,0.05191898313841308,0.057929685553466476,0.8901513313081205
25569,LOF,0.06310296681292209,0.05776366306514016,0.8791333701219378
25570,LOF,0.060366679930640633,0.09052907817861269,0.8491042418907467
25571,LOF,0.05329663273889455,0.08740738681795204,0.8592959804431533
25572,LOF,0.0685528871318661,0.10407999774201404,0.8273671151261198
25573,LOF,0.03979550819496225,0.0811363243822326,0.8790681674228052
25574,LOF,0.023169996015928673,0.11989344485751739,0.8569365591265539
25575,LOF,0.04775243740113691,0.10213636350355469,0.8501111990953083
25576,LOF,0.018748570120634172,0.11462922968672169,0.8666222001926441
25577,LOF,0.01707508273540813,0.10779295035133109,0.8751319669132607
25578,LOF,0.2534363650923862,0.07843255283935413,0.6681310820682597
25579,LOF,0.25478582259301635,0.07775958217185569,0.667454595235128
25580,LOF,0.03276464520940372,0.07292379047974548,0.8943115643108509
25581,LOF,0.05428432954624049,0.058204058009984565,0.887511612443775
25582,LOF,0.054185195752914604,0.05743262965044778,0.8883821745966376
25583,LOF,0.043085806360107046,0.07998561709157344,0.8769285765483195
25584,Neutral,0.5023813226258858,0.08938000867929478,0.40823866869481956
25585,LOF,0.02381719608712034,0.1139531575067085,0.8622296464061713
25586,LOF,0.028997701849897396,0.06691904904053132,0.9040832491095713
25587,LOF,0.029382032685634645,0.0628482600959285,0.907769707218437
25588,LOF,0.03296312781198654,0.07578344348558859,0.8912534287024249
25589,Neutral,0.5920810348544583,0.11395748256798967,0.2939614825775521
25590,LOF,0.03426835584755635,0.11164188883973326,0.8540897553127105
25591,LOF,0.12579993140745718,0.05013542966104877,0.8240646389314941
25592,LOF,0.09735088550278771,0.11647469576882055,0.7861744187283917
25593,LOF,0.02980428102886414,0.23317908764086204,0.7370166313302737
25594,LOF,0.04341105526730751,0.20405810547664513,0.7525308392560475
25595,LOF,0.04755658224821121,0.14181142576962139,0.8106319919821674
25596,LOF,0.051875490351152624,0.10791815782256174,0.8402063518262857
25597,LOF,0.03924960526394216,0.10858749549887795,0.8521628992371799
25598,LOF,0.047494702903455664,0.13972273657885842,0.8127825605176858
25599,GOF,0.008091034585839199,0.669219643517487,0.3226893218966738
25600,GOF,0.02005920207926386,0.6362971771157162,0.34364362080502
25601,LOF,0.006862815950929592,0.4562895949373778,0.5368475891116926
25602,LOF,0.026135681672954287,0.051335325039019435,0.9225289932880263
25603,LOF,0.060583195232813025,0.02858087327432503,0.9108359314928619
25604,LOF,0.03574264743588003,0.03668537030898086,0.927571982255139
25605,LOF,0.012929036060603655,0.1942324502798089,0.7928385136595875
25606,LOF,0.10007073995708367,0.39476906667014944,0.5051601933727669
25607,LOF,0.007176805840805266,0.18526170190244737,0.8075614922567473
25608,LOF,0.05072772356854336,0.06087241936068403,0.8883998570707725
25609,LOF,0.04539115496519482,0.4628526641920954,0.49175618084270983
25610,LOF,0.03496796582821624,0.026914025683567294,0.9381180084882165
25611,LOF,0.041048657497403176,0.026579486473389223,0.9323718560292077
25612,LOF,0.08753815028355172,0.04400264144369758,0.8684592082727507
25613,LOF,0.07486503405919996,0.044438283601628804,0.8806966823391713
25614,LOF,0.026747801441087425,0.03654949597226704,0.9367027025866456
25615,LOF,0.04819884123764442,0.03908519062263364,0.9127159681397219
25616,LOF,0.02677991972554487,0.034394994742007294,0.9388250855324479
25617,LOF,0.026499379139919586,0.038178749650679904,0.9353218712094006
25618,LOF,0.14974077042051756,0.030880273512073342,0.8193789560674092
25619,LOF,0.028966003683303296,0.03371024088167287,0.9373237554350238
25620,LOF,0.03224794106115849,0.042930214488683185,0.9248218444501584
25621,LOF,0.02980781915779739,0.03282853056797282,0.9373636502742297
25622,LOF,0.034206749567547115,0.038674849700672025,0.9271184007317808
25623,LOF,0.05274023063847674,0.03858612664056177,0.9086736427209614
25624,LOF,0.024497664570162236,0.041011161796600276,0.9344911736332374
25625,LOF,0.03543217212880787,0.044783478652334174,0.9197843492188579
25626,LOF,0.07750498088615161,0.04059255765220195,0.8819024614616465
25627,Neutral,0.5375914561580594,0.12682692865438983,0.335581615187551
25628,LOF,0.19891876585774385,0.05708049495259076,0.7440007391896655
25629,LOF,0.06240115595742402,0.06145572746627517,0.8761431165763007
25630,LOF,0.14962520410483798,0.09378415336039272,0.7565906425347693
25631,Neutral,0.6017580925093995,0.07170211146530363,0.3265397960252968
25632,LOF,0.014260520145411302,0.08735817308305684,0.8983813067715317
25633,LOF,0.19852767846100886,0.07193718019179382,0.7295351413471973
25634,LOF,0.03308698349431217,0.09427483121099246,0.8726381852946954
25635,LOF,0.035578333992558345,0.07688008873224371,0.887541577275198
25636,GOF,0.004158988133546367,0.6679423691939511,0.3278986426725025
25637,GOF,0.005007761878618724,0.697712021895842,0.2972802162255394
25638,LOF,0.008936890856356532,0.42259269096361285,0.5684704181800305
25639,GOF,0.004428469486605326,0.5769919011749092,0.4185796293384855
25640,Neutral,0.4771147120342423,0.4617457687180878,0.06113951924766988
25641,LOF,0.009278383361773784,0.36118765642178485,0.6295339602164414
25642,LOF,0.28423717652012165,0.07278154341455817,0.6429812800653202
25643,LOF,0.27455994120146876,0.15341517658500578,0.5720248822135254
25644,GOF,0.015896210314898337,0.5893012362715349,0.3948025534135668
25645,GOF,0.012598190088784373,0.5024785486527871,0.4849232612584284
25646,LOF,0.018734297181754674,0.3837677497592169,0.5974979530590283
25647,LOF,0.01677161405797454,0.3055599658084042,0.6776684201336213
25648,LOF,0.014564942008359661,0.3375230925615406,0.6479119654300998
25649,LOF,0.011736315701470724,0.24763596517953093,0.7406277191189983
25650,GOF,0.027420647102021595,0.4896563324404567,0.4829230204575216
25651,LOF,0.00971564292096852,0.2964152626144045,0.693869094464627
25652,LOF,0.014737264122579228,0.28540395735154683,0.699858778525874
25653,LOF,0.06306676791405137,0.3745892908182625,0.5623439412676863
25654,LOF,0.0181171679939727,0.1350788889460477,0.8468039430599795
25655,LOF,0.07548900501866264,0.43179649276178383,0.49271450221955365
25656,LOF,0.08866518915373146,0.07091626526187199,0.8404185455843965
25657,LOF,0.28693672441023516,0.03469147129564404,0.6783718042941208
25658,LOF,0.035123483730697146,0.10511633814852792,0.859760178120775
25659,LOF,0.2756728859889268,0.072033085675108,0.6522940283359652
25660,LOF,0.07445611893962119,0.09512885595920091,0.8304150251011778
25661,LOF,0.050136946454345625,0.07001592721676941,0.8798471263288848
25662,LOF,0.027051890736647717,0.04207491688244281,0.9308731923809095
25663,LOF,0.03712788000919939,0.06932021152204317,0.8935519084687574
25664,LOF,0.03899566193991496,0.08405808247351164,0.8769462555865734
25665,LOF,0.05811032365749122,0.04259386600087211,0.8992958103416366
25666,LOF,0.034725401950772984,0.12739523128337255,0.8378793667658545
25667,LOF,0.030167301844169905,0.0527358183459846,0.9170968798098454
25668,LOF,0.03273696950948711,0.05410408613768507,0.9131589443528277
25669,LOF,0.040679815695721586,0.0848152935709166,0.8745048907333618
25670,LOF,0.07689395144610514,0.08412967908479807,0.8389763694690967
25671,LOF,0.04228732124352458,0.04460931851322341,0.9131033602432521
25672,LOF,0.05708151407936529,0.06450471448447427,0.8784137714361605
25673,LOF,0.04155590110190543,0.07032291092011327,0.8881211879779813
25674,LOF,0.03859585084600661,0.07177377979420436,0.889630369359789
25675,LOF,0.04292376225041647,0.060185948611721454,0.8968902891378621
25676,LOF,0.03443720949625097,0.05695742490536063,0.9086053655983883
25677,LOF,0.061828274704720576,0.06358084579332808,0.8745908795019514
25678,LOF,0.27908657986669516,0.035825024182214255,0.6850883959510906
25679,LOF,0.17292921285461121,0.06662677088067442,0.7604440162647144
25680,LOF,0.06280729767361551,0.09787344071947447,0.83931926160691
25681,LOF,0.11461554718491757,0.08834433298056274,0.7970401198345198
25682,LOF,0.04503223131769839,0.08164486258938049,0.8733229060929211
25683,LOF,0.08092707947682058,0.09734125889177091,0.8217316616314085
25684,LOF,0.056184854733197793,0.07848095000561024,0.8653341952611919
25685,LOF,0.08649147536678235,0.052658292500504814,0.8608502321327128
25686,LOF,0.02953141970936493,0.09487868862873508,0.8755898916618999
25687,LOF,0.04937004965765319,0.07493227017330756,0.8756976801690394
25688,LOF,0.019869982766082483,0.09864766062462511,0.8814823566092923
25689,LOF,0.016564105739735654,0.08549302551125758,0.8979428687490068
25690,LOF,0.018701168663351232,0.09665654803148638,0.8846422833051623
25691,LOF,0.18692703894688695,0.13035523872813623,0.682717722324977
25692,LOF,0.29929269591921354,0.013554099832045077,0.6871532042487413
25693,LOF,0.0525602028689766,0.13947401744243346,0.80796577968859
25694,LOF,0.2514009245867312,0.011501467657977153,0.7370976077552918
25695,LOF,0.17521072443722407,0.01883058643994968,0.8059586891228263
25696,LOF,0.16976053683601267,0.010668592983078479,0.8195708701809089
25697,LOF,0.14937432160787636,0.019986210696268866,0.8306394676958548
25698,LOF,0.02274315744489499,0.37663883389561015,0.6006180086594948
25699,LOF,0.05107460483002074,0.056460166029029674,0.8924652291409495
25700,LOF,0.03269957378934657,0.009152433727404147,0.9581479924832493
25701,LOF,0.010339760414115527,0.06495824064068614,0.9247019989451983
25702,GOF,0.03005854442581435,0.7440869823819493,0.2258544731922365
25703,LOF,0.020425782086392712,0.1899771920812013,0.789597025832406
25704,LOF,0.0867858574026959,0.15203182796788617,0.761182314629418
25705,LOF,0.06485142277023223,0.22735488656150984,0.7077936906682579
25706,GOF,0.050456387413986184,0.6457774064477161,0.3037662061382976
25707,GOF,0.025843045800429384,0.5674166242325219,0.40674032996704873
25708,GOF,0.007332329120155838,0.5071213728875417,0.4855462979923025
25709,LOF,0.019142754331552218,0.06550140186403046,0.9153558438044173
25710,LOF,0.00850327812828586,0.18189407250195572,0.8096026493697585
25711,LOF,0.022194217764163433,0.12127617614685282,0.8565296060889838
25712,LOF,0.009427418773213302,0.2373119112431054,0.7532606699836814
25713,LOF,0.018405710457418126,0.10844535648546481,0.873148933057117
25714,LOF,0.01985568292141639,0.15138666037289278,0.8287576567056909
25715,LOF,0.017937427683705667,0.12418970690893202,0.8578728654073623
25716,LOF,0.011759201711156629,0.16115519124438824,0.8270856070444551
25717,LOF,0.0052621412613335,0.1443526963908521,0.8503851623478144
25718,LOF,0.01789180295304831,0.08641119103872141,0.8956970060082302
25719,LOF,0.03709713842282229,0.0855228294541777,0.8773800321230001
25720,LOF,0.024441089891565754,0.08673038775607225,0.8888285223523621
25721,LOF,0.022380889663644533,0.09299081448122658,0.8846282958551289
25722,LOF,0.016584353900827065,0.12659726843669808,0.8568183776624748
25723,LOF,0.023023551391203087,0.07189452989594564,0.9050819187128514
25724,LOF,0.03126627013932713,0.1207104498776335,0.8480232799830393
25725,LOF,0.021396052329928483,0.06878090328570646,0.9098230443843651
25726,LOF,0.01640932742721867,0.10146886753614744,0.882121805036634
25727,LOF,0.020593780033726066,0.08712132463985565,0.8922848953264184
25728,LOF,0.01868181963371361,0.09995723653243867,0.8813609438338477
25729,LOF,0.01892260378047304,0.10017823556862697,0.8808991606508999
25730,LOF,0.01986311444688899,0.08533798966671262,0.8947988958863984
25731,LOF,0.009603611668865232,0.18192262389128835,0.8084737644398465
25732,LOF,0.017671013997379796,0.08958398659909411,0.8927449994035261
25733,LOF,0.030384384513334767,0.07790956988758155,0.8917060455990836
25734,LOF,0.006365512179433116,0.22435437784267898,0.769280109977888
25735,LOF,0.022155790476421466,0.0752686405178077,0.9025755690057707
25736,LOF,0.021670131884192572,0.11958074483785859,0.8587491232779487
25737,LOF,0.0394216178059941,0.09616899968599453,0.8644093825080114
25738,LOF,0.019287355552727724,0.14163090435053238,0.8390817400967399
25739,LOF,0.02285187694600139,0.1428837813326125,0.8342643417213861
25740,LOF,0.04989864894743191,0.14067014529284938,0.8094312057597187
25741,LOF,0.025125087971108,0.11798635664816783,0.8568885553807243
25742,LOF,0.038157647127363775,0.13224161994452105,0.8296007329281152
25743,LOF,0.011888734647019918,0.045273105701113425,0.9428381596518667
25744,GOF,0.18414648618569363,0.42912183917925195,0.3867316746350544
25745,LOF,0.022303106511942304,0.07499143811432252,0.9027054553737351
25746,LOF,0.012768237638256902,0.0937548065873819,0.8934769557743613
25747,LOF,0.02755232958169881,0.041064622937679505,0.9313830474806217
25748,LOF,0.2696114838037341,0.06190672516225306,0.6684817910340128
25749,LOF,0.014358405300168684,0.05739245165648587,0.9282491430433454
25750,LOF,0.014356458502095775,0.09151780658738105,0.8941257349105232
25751,LOF,0.036065004997085245,0.07663324255621386,0.8873017524467008
25752,GOF,0.09161087055028445,0.6683044087703829,0.2400847206793326
25753,LOF,0.006856380331866966,0.3788558564622404,0.6142877632058926
25754,GOF,0.006236263278593459,0.8474459133201554,0.14631782340125118
25755,LOF,0.008539815775430703,0.44371626193615193,0.5477439222884174
25756,LOF,0.048850007253966043,0.44935247575633924,0.5017975169896948
25757,GOF,0.006844360909477836,0.8743864842276545,0.11876915486286768
25758,GOF,0.009073356652205157,0.8671401418567642,0.12378650149103072
25759,GOF,0.005408153406559487,0.5940114012392721,0.4005804453541684
25760,LOF,0.0071791048121757515,0.29437541878895596,0.6984454763988683
25761,GOF,0.056905601568886396,0.8611547667655025,0.08193963166561116
25762,LOF,0.027839628675814465,0.38185761168105814,0.5903027596431275
25763,LOF,0.008023579352634256,0.2553327260002523,0.7366436946471134
25764,GOF,0.0678715104405755,0.6202015118171198,0.3119269777423047
25765,GOF,0.008872090881255621,0.8514178421377877,0.13971006698095662
25766,GOF,0.058527799113705585,0.8244332840918905,0.1170389167944037
25767,GOF,0.00993674688105643,0.5348048351046312,0.4552584180143123
25768,LOF,0.03559037743651831,0.0734781829409846,0.8909314396224971
25769,LOF,0.022873130382187624,0.07969117846034464,0.8974356911574677
25770,LOF,0.1749128743024937,0.08009553811838897,0.7449915875791173
25771,LOF,0.012431205013460324,0.07987846851170143,0.9076903264748382
25772,LOF,0.022823005418085986,0.028919239645145166,0.9482577549367689
25773,LOF,0.014355870412057718,0.08244722831420528,0.903196901273737
25774,LOF,0.02638085838893496,0.09542134956415303,0.8781977920469121
25775,LOF,0.02045580126825293,0.043150678761093506,0.9363935199706536
25776,LOF,0.02629375677055856,0.02815295671778042,0.9455532865116612
25777,LOF,0.22640069424222836,0.07514653018470911,0.6984527755730624
25778,LOF,0.020035643870614447,0.05620095959236483,0.9237633965370207
25779,GOF,0.027506275670623036,0.9054797602142317,0.06701396411514526
25780,GOF,0.0621101630865338,0.8911036131637967,0.04678622374966951
25781,GOF,0.026902144480432953,0.8887905554300123,0.08430730008955475
25782,GOF,0.02662589549342256,0.9172355147191443,0.05613858978743328
25783,GOF,0.016874955460855295,0.7911869450982337,0.19193809944091103
25784,GOF,0.08301992096460926,0.882721845397797,0.0342582336375937
25785,GOF,0.0655451546955229,0.8954175948186,0.03903725048587727
25786,GOF,0.007248674097812163,0.8573803415960524,0.13537098430613548
25787,GOF,0.14375683213949503,0.8190013087502989,0.03724185911020624
25788,LOF,0.015758523719757948,0.20710545515664266,0.7771360211235994
25789,GOF,0.015516782111104053,0.862584181489869,0.121899036399027
25790,GOF,0.016786199494125596,0.8734322638404514,0.10978153666542305
25791,GOF,0.015981362729903706,0.8503937595243037,0.13362487774579257
25792,GOF,0.020220372871465046,0.86341496561909,0.11636466150944483
25793,GOF,0.053125285301980144,0.8527382998386951,0.09413641485932474
25794,GOF,0.04878807349495608,0.7717159871266557,0.17949593937838823
25795,GOF,0.05678108861742415,0.8039366980612519,0.13928221332132396
25796,GOF,0.0722886952749336,0.8424536377572213,0.08525766696784506
25797,GOF,0.03581153913165285,0.7251711643130939,0.23901729655525336
25798,GOF,0.0033683122716397836,0.6786829395679069,0.3179487481604534
25799,GOF,0.003198662847726314,0.5725274627136474,0.4242738744386264
25800,GOF,0.015485655833471303,0.7851532623770792,0.19936108178944956
25801,GOF,0.014207831036192485,0.8954105504470505,0.09038161851675694
25802,GOF,0.0236651504042244,0.8439345266943498,0.13240032290142575
25803,GOF,0.01392680561258537,0.757599473372943,0.2284737210144716
25804,GOF,0.015801367779355795,0.6643839333452547,0.3198146988753895
25805,GOF,0.026122805039431565,0.7508096846838715,0.223067510276697
25806,GOF,0.022107083891376497,0.8141383938342113,0.16375452227441215
25807,GOF,0.005403059932996558,0.7763836391898141,0.21821330087718938
25808,GOF,0.01723212122599431,0.7951118970176269,0.18765598175637874
25809,GOF,0.007429051006997966,0.7640807202957776,0.22849022869722452
25810,GOF,0.006573395538914724,0.7601698002276895,0.23325680423339584
25811,GOF,0.041126230318012186,0.886058934754216,0.07281483492777185
25812,GOF,0.019700698763974407,0.7775662656485564,0.20273303558746925
25813,GOF,0.08994646428450409,0.809337632299923,0.10071590341557296
25814,GOF,0.023371179796401062,0.8294547644177402,0.1471740557858588
25815,GOF,0.046294519715826425,0.8422798194004391,0.11142566088373447
25816,GOF,0.007572559069927348,0.8810254743933231,0.11140196653674961
25817,GOF,0.0848026418112003,0.8318439517562279,0.08335340643257173
25818,GOF,0.019600021628878996,0.8368386429166909,0.14356133545443014
25819,GOF,0.05215990293844657,0.7664729478766056,0.18136714918494787
25820,GOF,0.02559933381711359,0.7728290264851586,0.20157163969772776
25821,GOF,0.017270294999923046,0.7744896270811248,0.2082400779189521
25822,GOF,0.03384356179382593,0.7735339793306257,0.1926224588755482
25823,GOF,0.017194166346748953,0.6760218315822445,0.3067840020710066
25824,GOF,0.019172076894659492,0.7773215952172442,0.20350632788809633
25825,GOF,0.015029719821339356,0.7700972526652753,0.21487302751338538
25826,GOF,0.005861613718522641,0.7481229702693204,0.24601541601215687
25827,GOF,0.00870074393113748,0.7449850835476375,0.2463141725212251
25828,GOF,0.006455553839342331,0.7015447098720355,0.2919997362886221
25829,GOF,0.003308386441912939,0.7382284747603228,0.2584631387977642
25830,GOF,0.036344645126543326,0.5364532705429366,0.42720208433052015
25831,GOF,0.07070525165482727,0.8149649426536243,0.11432980569154844
25832,GOF,0.007959579497583108,0.8154479107548229,0.1765925097475938
25833,GOF,0.028215015240485707,0.8581663152273584,0.11361866953215598
25834,GOF,0.007498551975242676,0.8284771167728697,0.16402433125188748
25835,GOF,0.016077096365823627,0.8644623052983947,0.1194605983357815
25836,GOF,0.005930905975038701,0.8231298052817597,0.1709392887432016
25837,GOF,0.00548730190821661,0.7276706964248881,0.2668420016668954
25838,GOF,0.01879674539502353,0.8753874634701847,0.10581579113479174
25839,GOF,0.03263431189871262,0.8689577701020502,0.09840791799923733
25840,GOF,0.061895440195446405,0.846559892416242,0.0915446673883117
25841,GOF,0.057193289213062694,0.8588575662670036,0.08394914451993363
25842,GOF,0.02026498335534689,0.8983055878463544,0.08142942879829856
25843,GOF,0.021387834628444662,0.9019610081865032,0.0766511571850522
25844,GOF,0.010331623061772018,0.8403198985836908,0.1493484783545371
25845,GOF,0.0043953869770641425,0.659584275090267,0.3360203379326689
25846,GOF,0.0625052268173379,0.8581558474157699,0.07933892576689204
25847,GOF,0.014090392811369425,0.9088983073960263,0.07701129979260432
25848,GOF,0.014065040702156546,0.865212030486226,0.12072292881161734
25849,GOF,0.005337273641325977,0.7812975215695751,0.21336520478909893
25850,GOF,0.00523675907641361,0.7986742852408935,0.19608895568269308
25851,GOF,0.004641574044829224,0.6900856170998264,0.3052728088553444
25852,GOF,0.1286735945809412,0.5954419780309896,0.27588442738806906
25853,GOF,0.07357719213215494,0.8450178612414668,0.08140494662637829
25854,GOF,0.004663757049941068,0.7267109102833172,0.2686253326667416
25855,GOF,0.012644253942703071,0.6744439965075971,0.31291174954969986
25856,GOF,0.025902553439411103,0.7875064065093316,0.18659104005125735
25857,GOF,0.015623591103668122,0.6764721233819937,0.3079042855143381
25858,GOF,0.006801810817634156,0.6726577070347777,0.32054048214758823
25859,GOF,0.005964451252676531,0.6692739701790792,0.3247615785682442
25860,GOF,0.08839303999684543,0.823735806086001,0.0878711539171537
25861,GOF,0.06492710106487597,0.8358389513623962,0.09923394757272769
25862,GOF,0.014911622218877032,0.8689288855615047,0.11615949221961835
25863,GOF,0.015692493928373154,0.8762618678637987,0.1080456382078281
25864,GOF,0.034022434347915013,0.8784650923577693,0.0875124732943156
25865,GOF,0.026897537119688605,0.8558416313611727,0.11726083151913855
25866,GOF,0.01683873551728639,0.8740139793185612,0.10914728516415238
25867,GOF,0.02707362274778985,0.8893258448501444,0.08360053240206565
25868,GOF,0.04236382524371922,0.8505980695174319,0.1070381052388488
25869,GOF,0.3105568068516823,0.6254826858504593,0.06396050729785835
25870,GOF,0.05938204688984015,0.721001543178041,0.21961640993211887
25871,GOF,0.007413793946099886,0.8878852688319399,0.10470093722196028
25872,GOF,0.017149010945249413,0.8822898790546654,0.10056111000008526
25873,GOF,0.01745784420875589,0.8990372509943223,0.08350490479692181
25874,LOF,0.017411741819120186,0.23743324182126985,0.7451550163596099
25875,LOF,0.04105707399565095,0.046473345577066984,0.912469580427282
25876,LOF,0.01651789503395731,0.04343911679260929,0.9400429881734333
25877,LOF,0.11199474149800889,0.08573062230356325,0.8022746361984279
25878,LOF,0.0667344840711718,0.12703822560148947,0.8062272903273388
25879,LOF,0.022203020408442298,0.09283370893733553,0.8849632706542221
25880,LOF,0.055592414630871216,0.013171507965087658,0.931236077404041
25881,Neutral,0.5277996812946403,0.07985241153459456,0.3923479071707652
25882,LOF,0.09057737834052743,0.028767843670884405,0.8806547779885883
25883,LOF,0.027459713010180794,0.03077635390983886,0.9417639330799803
25884,LOF,0.02295709979794706,0.06091079567139997,0.9161321045306529
25885,LOF,0.2189944015806121,0.013470850282939862,0.7675347481364481
25886,LOF,0.2754114550694764,0.06293108675929907,0.6616574581712246
25887,LOF,0.18496184903330384,0.08003580716296056,0.7350023438037356
25888,LOF,0.011609412264071093,0.14322193275535816,0.8451686549805707
25889,LOF,0.02847009146646007,0.04302935837944841,0.9285005501540916
25890,LOF,0.16308714446847197,0.09651127132769795,0.7404015842038301
25891,LOF,0.09580127690533809,0.024972213506445334,0.8792265095882166
25892,LOF,0.008795166367300305,0.037102456266705636,0.954102377365994
25893,LOF,0.36301616700150063,0.010664135198220554,0.6263196978002789
25894,LOF,0.4088717071886237,0.006023837674742625,0.5851044551366336
25895,LOF,0.3387462958395188,0.015072507850206921,0.6461811963102743
25896,LOF,0.06570215457523201,0.021820515070234445,0.9124773303545335
25897,LOF,0.18014530614585847,0.00986686889559801,0.8099878249585435
25898,LOF,0.15409148879521287,0.034495550089593194,0.8114129611151939
25899,LOF,0.4437165902795103,0.019486024831730307,0.5367973848887593
25900,Neutral,0.4984542296162953,0.01011576308528979,0.4914300072984148
25901,LOF,0.06587389198072754,0.009726483869706912,0.9243996241495656
25902,LOF,0.1865247167024301,0.009749371006697035,0.803725912290873
25903,LOF,0.3563529079685057,0.02847568245840658,0.6151714095730877
25904,Neutral,0.5106962476498306,0.033218130644488315,0.4560856217056811
25905,LOF,0.005761066879875976,0.4758910265637711,0.5183479065563529
25906,LOF,0.00912196824382208,0.11204206788589288,0.878835963870285
25907,LOF,0.00551241528378979,0.3677484178733897,0.6267391668428206
25908,LOF,0.0047316684543623495,0.2835918501879099,0.7116764813577278
25909,LOF,0.023422777621486496,0.1590319464978977,0.8175452758806159
25910,LOF,0.011803232463740569,0.13562350051475408,0.8525732670215054
25911,LOF,0.24551888680490758,0.04884980518158456,0.7056313080135078
25912,LOF,0.07519886548556179,0.04938741664329005,0.8754137178711481
25913,LOF,0.024643277681986254,0.08033329955160749,0.8950234227664063
25914,LOF,0.03678311984410617,0.0401726126142429,0.9230442675416509
25915,LOF,0.21479183817414294,0.16632249616169442,0.6188856656641627
25916,LOF,0.0340408644368621,0.1132477105192734,0.8527114250438644
25917,LOF,0.07089772508959043,0.03525319101579006,0.8938490838946195
25918,LOF,0.041753324625385835,0.025217416508818886,0.9330292588657952
25919,LOF,0.0364214185914532,0.024682960256781135,0.9388956211517656
25920,LOF,0.24387737746824428,0.2043224105134406,0.5518002120183151
25921,LOF,0.01536374335477618,0.04215542646583794,0.9424808301793859
25922,LOF,0.01884558476292844,0.03792219717169758,0.943232218065374
25923,LOF,0.4184233159581091,0.03899774461073066,0.5425789394311602
25924,LOF,0.02031289616207663,0.0678305550305387,0.9118565488073846
25925,LOF,0.07808034815930873,0.05223275295961024,0.869686898881081
25926,LOF,0.06319906510515647,0.044614386973940066,0.8921865479209035
25927,LOF,0.02172963243088151,0.06917442440209218,0.9090959431670262
25928,LOF,0.010115209591770832,0.06104515471395015,0.928839635694279
25929,Neutral,0.5455519308805323,0.036142366632334735,0.41830570248713295
25930,LOF,0.08080776825895233,0.038443367055679245,0.8807488646853684
25931,LOF,0.013118857058755352,0.04488705846863441,0.9419940844726103
25932,LOF,0.06803901599519707,0.03911720854540786,0.892843775459395
25933,LOF,0.06392122770926931,0.0237787308899615,0.9123000414007691
25934,LOF,0.06111935342265485,0.021433918346662393,0.9174467282306829
25935,LOF,0.07201149910954131,0.06526889264734419,0.8627196082431144
25936,LOF,0.10290276449892237,0.02451334703861615,0.8725838884624615
25937,LOF,0.020034788487942514,0.04897402464922883,0.9309911868628287
25938,LOF,0.07084776811427472,0.05975755092813762,0.8693946809575877
25939,LOF,0.044295784809837625,0.031072298247181104,0.9246319169429813
25940,LOF,0.00904477210055083,0.3756957128917493,0.6152595150076999
25941,Neutral,0.510256677198757,0.052292731601973334,0.4374505911992697
25942,LOF,0.008918518077832813,0.06281148941103681,0.9282699925111303
25943,LOF,0.05259144818190967,0.2174080555721351,0.7300004962459552
25944,LOF,0.0438462766474737,0.09625964114897126,0.8598940822035549
25945,LOF,0.11322222224739086,0.029179982712448347,0.8575977950401608
25946,LOF,0.07660712821476871,0.03774232892765218,0.885650542857579
25947,LOF,0.4251536302965332,0.10847292444034881,0.46637344526311797
25948,LOF,0.4371766860130002,0.019556432062253385,0.5432668819247465
25949,LOF,0.14772616904914948,0.08026492565184715,0.7720089052990033
25950,GOF,0.06888383236378907,0.5992026872589659,0.33191348037724494
25951,LOF,0.010667839024605875,0.4085315332848715,0.5808006276905227
25952,LOF,0.25438563659687874,0.26683497949103374,0.4787793839120876
25953,LOF,0.009197446971423906,0.1724885190754704,0.8183140339531056
25954,LOF,0.07373588951669853,0.43842673953327865,0.48783737095002283
25955,LOF,0.0055540810650533175,0.17778294706298145,0.8166629718719651
25956,LOF,0.016458824923480064,0.2221324229372215,0.7614087521392986
25957,LOF,0.18899706736787714,0.029547404007767158,0.7814555286243557
25958,LOF,0.03220597529570105,0.06813172396199467,0.8996623007423044
25959,GOF,0.013110948795465475,0.7020143259610155,0.2848747252435189
25960,LOF,0.006160773903547707,0.09608381918396224,0.89775540691249
25961,LOF,0.030395191371943377,0.05699855749332715,0.9126062511347296
25962,LOF,0.04454744549441728,0.0565298125710728,0.8989227419345099
25963,LOF,0.005758282318919769,0.17944302453069286,0.8147986931503873
25964,LOF,0.025328205502251344,0.10782429456700579,0.866847499930743
25965,LOF,0.2507626317020308,0.11258423611739143,0.6366531321805777
25966,LOF,0.41808209072872715,0.12631859202679843,0.45559931724447433
25967,LOF,0.008355052062977621,0.0810665323853854,0.910578415551637
25968,LOF,0.0430501616121797,0.2544243369892951,0.7025255013985252
25969,LOF,0.16049920981803426,0.05569416629766362,0.783806623884302
25970,LOF,0.03644461688782284,0.10573285050882324,0.8578225326033541
25971,LOF,0.07954629074513118,0.03380259246470394,0.886651116790165
25972,LOF,0.06280885245272008,0.06104695319068777,0.8761441943565921
25973,LOF,0.060422316776680106,0.009431407302795854,0.9301462759205241
25974,LOF,0.04850708341846661,0.038646967790605724,0.9128459487909276
25975,LOF,0.0382871171332432,0.01791761448420375,0.943795268382553
25976,LOF,0.09888611617794726,0.010491327745084995,0.8906225560769677
25977,LOF,0.19951901743128936,0.06776859339429556,0.7327123891744152
25978,LOF,0.18890193075707795,0.11721909249689745,0.6938789767460246
25979,LOF,0.1535239824864279,0.12939383187920867,0.7170821856343633
25980,LOF,0.26293976924277046,0.17812112507909816,0.5589391056781314
25981,LOF,0.264306389502239,0.1798876179117926,0.5558059925859684
25982,Neutral,0.4917677182455431,0.08509478214202228,0.4231374996124346
25983,Neutral,0.4783355309557883,0.10531420854991157,0.4163502604943002
25984,LOF,0.0416789622066314,0.09419323307062312,0.8641278047227454
25985,LOF,0.36490436628027273,0.15356169599116784,0.48153393772855935
25986,LOF,0.010451511617457167,0.4293079960975488,0.560240492284994
25987,LOF,0.04722184246276075,0.10074229796446565,0.8520358595727736
25988,LOF,0.0422475910062643,0.1560015778494766,0.8017508311442592
25989,LOF,0.040513073802306586,0.19325319048993558,0.7662337357077578
25990,LOF,0.040746518749405894,0.2941735677745039,0.6650799134760903
25991,LOF,0.02229740893392375,0.3774281215124203,0.600274469553656
25992,LOF,0.021015087969711216,0.3844563781826328,0.5945285338476559
25993,LOF,0.028319242660823064,0.06601242194138801,0.905668335397789
25994,LOF,0.024953773737868702,0.0632401672067897,0.9118060590553416
25995,LOF,0.02307808021429197,0.11901955055759438,0.8579023692281136
25996,Neutral,0.371214950753507,0.30772575699694504,0.321059292249548
25997,LOF,0.05818869536095054,0.36316145569495173,0.5786498489440977
25998,LOF,0.2842137425244207,0.044941194179246746,0.6708450632963324
25999,LOF,0.03139023082935849,0.17587524374390362,0.7927345254267378
26000,LOF,0.19366235728103232,0.02400409075936144,0.7823335519596063
26001,LOF,0.29663313863038915,0.03882530023674461,0.6645415611328662
26002,LOF,0.13217969217266953,0.03616850022462497,0.8316518076027054
26003,GOF,0.007413192101321572,0.6699128785096715,0.32267392938900696
26004,GOF,0.011513381625438919,0.6901070002548633,0.29837961811969776
26005,LOF,0.004281068966016301,0.4798539248508885,0.5158650061830952
26006,GOF,0.14596488016041698,0.5290531212640548,0.32498199857552823
26007,GOF,0.008846481506099159,0.5422795620715224,0.44887395642237843
26008,GOF,0.006599201511722923,0.6022653483171367,0.39113545017114026
26009,GOF,0.009784478086925901,0.6662661990257165,0.3239493228873577
26010,GOF,0.009047317870864196,0.6291676542866387,0.3617850278424971
26011,LOF,0.003901750196690859,0.4279402628858731,0.5681579869174361
26012,GOF,0.004744771678378996,0.5034201365759047,0.4918350917457163
26013,GOF,0.011946556134708599,0.566119904786985,0.42193353907830644
26014,LOF,0.05988750015635991,0.10568290290417823,0.834429596939462
26015,LOF,0.36337662229718476,0.03632919645239396,0.6002941812504212
26016,LOF,0.28013410770276015,0.05813125806274892,0.6617346342344909
26017,LOF,0.015022945147851716,0.26489050394450503,0.7200865509076432
26018,LOF,0.023598482541206365,0.08194992837496755,0.894451589083826
26019,LOF,0.02366695657631171,0.0692854999379119,0.9070475434857763
26020,LOF,0.008140273520668264,0.2429776347576635,0.7488820917216682
26021,LOF,0.1006209442535218,0.10689123642930157,0.7924878193171765
26022,LOF,0.038057167270309084,0.042367286611353576,0.9195755461183374
26023,LOF,0.02572747538309897,0.054961788024632946,0.919310736592268
26024,LOF,0.0574457960337377,0.08713457927090056,0.8554196246953618
26025,LOF,0.07277746620760293,0.11598618784625102,0.811236345946146
26026,LOF,0.10097761870831647,0.09335527660001938,0.8056671046916641
26027,LOF,0.022953629635332914,0.04105611480659812,0.9359902555580688
26028,LOF,0.11347151892415273,0.15683850486020462,0.7296899762156427
26029,LOF,0.026072989690124795,0.20516302997451122,0.7687639803353639
26030,LOF,0.15271242949894914,0.02637466877490424,0.8209129017261466
26031,LOF,0.009699000180457561,0.16218746269339074,0.8281135371261517
26032,LOF,0.047328381541516265,0.06286989374362972,0.889801724714854
26033,LOF,0.06517149998415721,0.0552784850580983,0.8795500149577444
26034,LOF,0.013087450077597637,0.1747258932205025,0.8121866567018999
26035,LOF,0.012932595631543895,0.11684692483962439,0.8702204795288319
26036,LOF,0.013481520997644297,0.1293829057011398,0.8571355733012159
26037,LOF,0.009990847503529583,0.11186043457149869,0.8781487179249716
26038,LOF,0.0390413737930645,0.05489991747778034,0.9060587087291551
26039,LOF,0.0267195863426111,0.15606220624354136,0.8172182074138475
26040,LOF,0.10325395869405324,0.13328392329934394,0.7634621180066029
26041,LOF,0.013920427293308557,0.08903141788760678,0.8970481548190847
26042,LOF,0.012648397302509117,0.10489331146007569,0.8824582912374153
26043,LOF,0.038575876124408506,0.07974169786717034,0.8816824260084212
26044,LOF,0.011403056213227425,0.060185335710934526,0.928411608075838
26045,LOF,0.09571044947533701,0.11508185615472331,0.7892076943699396
26046,LOF,0.03318632061557065,0.05805369852413562,0.9087599808602937
26047,LOF,0.0628673255641745,0.057708779730977974,0.8794238947048474
26048,LOF,0.06188131133430952,0.029543973440148252,0.9085747152255423
26049,Neutral,0.9475243272248012,0.008379030038378253,0.044096642736820645
26050,Neutral,0.9239744955068553,0.008944128264467818,0.06708137622867691
26051,LOF,0.024013942958278474,0.09916808278635006,0.8768179742553714
26052,LOF,0.035352883414750846,0.12038096664558605,0.8442661499396632
26053,LOF,0.02763010052368617,0.16427446297648265,0.8080954364998312
26054,LOF,0.045816891478457085,0.030965444245047966,0.923217664276495
26055,LOF,0.0670307932868748,0.02955634940844514,0.9034128573046801
26056,LOF,0.05497991052098276,0.03607724990591198,0.9089428395731052
26057,LOF,0.05627735535482053,0.016671582152992147,0.9270510624921873
26058,LOF,0.06095767378006181,0.013877152788705749,0.9251651734312324
26059,LOF,0.1945748404819569,0.03630291092969653,0.7691222485883465
26060,LOF,0.018224906961891368,0.187870945793692,0.7939041472444166
26061,LOF,0.01148293492511745,0.011142357954232247,0.9773747071206502
26062,LOF,0.006052988341001064,0.01800972183952036,0.9759372898194787
26063,LOF,0.038419090398443295,0.012655151714297116,0.9489257578872595
26064,LOF,0.009533461375852675,0.03181141077371231,0.9586551278504349
26065,LOF,0.047792502237959104,0.015513094998992718,0.9366944027630483
26066,LOF,0.044213424390672405,0.01156803472734008,0.9442185408819876
26067,LOF,0.05468670171445563,0.01163996939437062,0.9336733288911738
26068,LOF,0.05404795030887827,0.0482363692592985,0.8977156804318233
26069,LOF,0.3139979673425726,0.032725528653715016,0.6532765040037123
26070,Neutral,0.5863881564166902,0.022767294314421704,0.3908445492688882
26071,LOF,0.04522455170050683,0.013837211390333108,0.94093823690916
26072,LOF,0.010394153631304302,0.01998507737946803,0.9696207689892277
26073,LOF,0.03761428470583866,0.015179675882549305,0.9472060394116121
26074,Neutral,0.8725162563367765,0.011030191729142371,0.11645355193408106
26075,LOF,0.05508086187161938,0.02344866985914804,0.9214704682692326
26076,LOF,0.05224526245047156,0.015117168710934345,0.932637568838594
26077,LOF,0.14802311467806958,0.007371843404223683,0.8446050419177067
26078,LOF,0.008282087402723362,0.016235820928422275,0.9754820916688544
26079,LOF,0.06308723668120861,0.02352969730770846,0.913383066011083
26080,LOF,0.06241703775784986,0.02351699893678805,0.9140659633053622
26081,LOF,0.03317057764834192,0.011214278819511751,0.9556151435321464
26082,LOF,0.006527147667955761,0.01832115167553819,0.9751517006565061
26083,LOF,0.11237717582701194,0.025474687095480505,0.8621481370775076
26084,LOF,0.1174558061777092,0.01825153868548108,0.8642926551368098
26085,LOF,0.10849026118268258,0.015907718574871728,0.8756020202424456
26086,LOF,0.03884901055197385,0.015505088833214406,0.9456459006148117
26087,LOF,0.03870394153869207,0.011573292989978575,0.9497227654713294
26088,LOF,0.007702747641001838,0.022756977512133313,0.9695402748468648
26089,LOF,0.04142135129655213,0.038523736606998815,0.9200549120964491
26090,LOF,0.041812517367846413,0.02915271421783256,0.9290347684143211
26091,LOF,0.031863810949250546,0.009270281988569858,0.9588659070621797
26092,LOF,0.04396117489294602,0.009825880464210767,0.9462129446428431
26093,LOF,0.08177644173005691,0.007137045674072954,0.9110865125958701
26094,LOF,0.0375308676945747,0.008696659624613736,0.9537724726808117
26095,LOF,0.03148513775710225,0.017924435654020212,0.9505904265888775
26096,LOF,0.18332337665205942,0.0058620575908984425,0.8108145657570421
26097,LOF,0.007480485479826026,0.03525043202079409,0.9572690824993799
26098,LOF,0.12327738957016623,0.019682525259959727,0.8570400851698741
26099,LOF,0.043934971326682545,0.01975856711618773,0.9363064615571297
26100,LOF,0.04389467061215395,0.019760654399238194,0.9363446749886079
26101,LOF,0.05774591737938599,0.03336154367473826,0.9088925389458757
26102,LOF,0.0347419394735365,0.018619509092921833,0.9466385514335416
26103,Neutral,0.884174883971585,0.030756344755168613,0.0850687712732466
26104,LOF,0.056170156373865215,0.04619683099300918,0.8976330126331256
26105,LOF,0.2567311199178999,0.12367275057399864,0.6195961295081015
26106,LOF,0.31118122288447514,0.07437598126713472,0.6144427958483901
26107,LOF,0.02100321226868717,0.08593145152582649,0.8930653362054862
26108,LOF,0.24011396519240202,0.03521637316983189,0.7246696616377661
26109,LOF,0.09248927876230632,0.036340286034221826,0.8711704352034717
26110,LOF,0.45640648668175765,0.00966382788672677,0.5339296854315155
26111,LOF,0.05284205480972588,0.14757279329569337,0.7995851518945807
26112,LOF,0.05445006222623574,0.009430531010660643,0.9361194067631036
26113,LOF,0.11293234660966088,0.02425094423316614,0.8628167091571729
26114,LOF,0.0923218886626172,0.010650626416143925,0.897027484921239
26115,LOF,0.019948321131596447,0.05726361993539741,0.9227880589330061
26116,LOF,0.07282163134295563,0.02281958126300479,0.9043587873940395
26117,LOF,0.33962226898223646,0.045801001310999234,0.6145767297067644
26118,LOF,0.04517995185032311,0.020814270073001063,0.9340057780766758
26119,LOF,0.006815618064126742,0.03746467562253293,0.9557197063133404
26120,LOF,0.03641313278528099,0.01914433562508099,0.944442531589638
26121,LOF,0.004112666028273718,0.13395093863711455,0.8619363953346117
