feature0,prediction,LoGoFunc_Neutral,LoGoFunc_GOF,LoGoFunc_LOF
25546,Neutral,0.7102647903948305,0.03772378964277798,0.25201141996239146
25547,Neutral,0.563743166688492,0.07694249654800692,0.35931433676350105
25548,Neutral,0.5702899851942078,0.05586344629800483,0.37384656850778747
25549,Neutral,0.49366693739878176,0.05664820413983566,0.44968485846138256
25550,LOF,0.3451343685266808,0.10640133317631048,0.5484642982970087
25551,LOF,0.29460012009404374,0.11576954142724487,0.5896303384787115
25552,LOF,0.20840914171219932,0.10677878825776338,0.6848120700300373
25553,Neutral,0.8323389252018006,0.030848092882022733,0.13681298191617672
25554,LOF,0.24566244824607633,0.09931328576435161,0.6550242659895721
25555,LOF,0.20159488381215615,0.089081417792181,0.7093236983956629
25556,LOF,0.4105508153146177,0.08751993138337578,0.5019292533020066
25557,LOF,0.2009210359101354,0.09220578212469735,0.7068731819651672
25558,LOF,0.2373582700679291,0.10123122795489452,0.6614105019771764
25559,LOF,0.400497089697807,0.14158884503270275,0.4579140652694902
25560,LOF,0.04716008301915919,0.1576314912516209,0.7952084257292199
25561,LOF,0.09864750407244588,0.16105378974227372,0.7402987061852804
25562,LOF,0.09409373939953555,0.06712987152933539,0.8387763890711291
25563,LOF,0.09124632948754674,0.07652329402617501,0.8322303764862782
25564,LOF,0.1859282207183984,0.15690861078742624,0.6571631684941754
25565,LOF,0.15376279612892793,0.11613129786353385,0.7301059060075382
25566,GOF,0.018228941630301802,0.7427454184388262,0.23902563993087195
25567,LOF,0.013661698004315596,0.15256974874055862,0.8337685532551258
25568,LOF,0.049979851066310484,0.07705772483184116,0.8729624241018483
25569,LOF,0.06149779882071223,0.06969428005280066,0.8688079211264871
25570,LOF,0.06399213374507584,0.11252694338586224,0.8234809228690619
25571,LOF,0.05618473317949476,0.1054026826197878,0.8384125842007174
25572,LOF,0.06540011799114073,0.13643089609515152,0.7981689859137077
25573,LOF,0.025392942654662125,0.10001307720410146,0.8745939801412363
25574,LOF,0.014578300043286347,0.16213826391029415,0.8232834360464195
25575,LOF,0.04255227726229398,0.11883522448214456,0.8386124982555615
25576,LOF,0.0178306519496618,0.13199219353665495,0.8501771545136833
25577,LOF,0.013494467319266902,0.14172575103668228,0.8447797816440508
25578,LOF,0.23680962188811266,0.09437326941462784,0.6688171086972595
25579,LOF,0.23725488519205096,0.09330779558679475,0.6694373192211543
25580,LOF,0.03113403478854632,0.08632885713891587,0.8825371080725378
25581,LOF,0.05525395425261067,0.07163791509059382,0.8731081306567955
25582,LOF,0.05498953149107458,0.07024611688510331,0.874764351623822
25583,LOF,0.04479722483010993,0.09992190984483396,0.855280865325056
25584,Neutral,0.47200989414836186,0.09975370580065689,0.4282364000509811
25585,LOF,0.03624695136561081,0.10995740482562465,0.8537956438087645
25586,LOF,0.03158795959289583,0.08693961347886313,0.8814724269282411
25587,LOF,0.029501863363500212,0.08105341473018474,0.889444721906315
25588,LOF,0.03091946726935005,0.10247607569787401,0.8666044570327759
25589,Neutral,0.6173355573995803,0.12657146174553385,0.2560929808548858
25590,LOF,0.027198283782313877,0.13481051195102625,0.83799120426666
25591,LOF,0.11156968420282384,0.06151870569831758,0.8269116100988585
25592,LOF,0.08588970643411448,0.15110666779879425,0.7630036257670914
25593,LOF,0.021244684295175814,0.2619233660913494,0.7168319496134747
25594,LOF,0.040843405983287624,0.221562187767723,0.7375944062489894
25595,LOF,0.04704846291548719,0.15386855716676764,0.7990829799177452
25596,LOF,0.05437387548264568,0.07164255401813274,0.8739835704992216
25597,LOF,0.04589463345183943,0.09279586453909455,0.861309502009066
25598,LOF,0.04340262415192262,0.14932942263509483,0.8072679532129825
25599,GOF,0.009874548869361906,0.7681236620778169,0.22200178905282125
25600,GOF,0.013583444676116085,0.5655708394500623,0.42084571587382164
25601,LOF,0.007380807574690715,0.47819081835725696,0.5144283740680522
25602,LOF,0.024090212561286396,0.045356605157721004,0.9305531822809926
25603,LOF,0.05541612119410158,0.03604618038335504,0.9085376984225433
25604,LOF,0.05937705734316462,0.033843802225842205,0.9067791404309933
25605,LOF,0.014866305751389189,0.24876113378797593,0.7363725604606348
25606,GOF,0.1228950918076659,0.4389591085778565,0.4381457996144777
25607,LOF,0.00608635056061925,0.16654141420841753,0.8273722352309631
25608,LOF,0.0707364286445786,0.05177852514719018,0.8774850462082312
25609,LOF,0.03517061891472112,0.43491300404396543,0.5299163770413133
25610,LOF,0.042735563970911175,0.03204903061456534,0.9252154054145234
25611,LOF,0.041220316410720735,0.028845593491771016,0.9299340900975083
25612,LOF,0.10624272374045098,0.04460753706533822,0.8491497391942109
25613,LOF,0.08891462760218029,0.04352182829197288,0.8675635441058469
25614,LOF,0.030845270196720204,0.04421035140795457,0.9249443783953252
25615,LOF,0.05491951592043516,0.03729685223320579,0.907783631846359
25616,LOF,0.032795933636304696,0.0395439024015029,0.9276601639621924
25617,LOF,0.03028729602226031,0.042804758726287945,0.9269079452514517
25618,LOF,0.1821723488909506,0.0402744496076334,0.7775532015014159
25619,LOF,0.030836313511442576,0.0367558015478601,0.9324078849406974
25620,LOF,0.03267580752095585,0.04995713600978895,0.9173670564692552
25621,LOF,0.029798953045416354,0.037119740522967924,0.9330813064316157
25622,LOF,0.03469869677798641,0.04518582805017131,0.9201154751718422
25623,LOF,0.07234734245914282,0.03407212522649864,0.8935805323143586
25624,LOF,0.0278687760684849,0.04782306209389086,0.9243081618376242
25625,LOF,0.03661376582843492,0.05012185342872106,0.913264380742844
25626,LOF,0.09075286414491443,0.03591030709466267,0.873336828760423
25627,Neutral,0.5729390528221953,0.1624886438303289,0.2645723033474758
25628,LOF,0.15936056220707873,0.07943266074728361,0.7612067770456377
25629,LOF,0.0724746100542658,0.11067171670402588,0.8168536732417084
25630,LOF,0.15318347409055977,0.12361985555521196,0.7231966703542283
25631,Neutral,0.5738606967603123,0.10203158359940248,0.32410771964028534
25632,LOF,0.024406175657741235,0.06656775044699251,0.9090260738952662
25633,LOF,0.23305874999352624,0.07659722999461677,0.690344020011857
25634,LOF,0.0347695471033489,0.11164868177732722,0.8535817711193239
25635,LOF,0.034401553595857,0.0893140544310275,0.8762843919731156
25636,GOF,0.005667600591699487,0.611699579994982,0.38263281941331845
25637,GOF,0.005542474520977598,0.5707931067737163,0.42366441870530613
25638,LOF,0.00988389711611793,0.4827823926452796,0.5073337102386024
25639,LOF,0.0048478436109357075,0.429889646950256,0.5652625094388083
25640,GOF,0.44529493095317696,0.49844672634891946,0.05625834269790364
25641,LOF,0.008337356779882725,0.33720299291311057,0.6544596503070067
25642,LOF,0.26126689834625094,0.0726641220119749,0.6660689796417741
25643,LOF,0.21597685295783953,0.18330506753093154,0.600718079511229
25644,GOF,0.017915556919479565,0.5514870799802822,0.4305973631002381
25645,GOF,0.01678437073832656,0.5124314030776138,0.4707842261840597
25646,LOF,0.01991355787421799,0.2955070198454536,0.6845794222803284
25647,LOF,0.016947905917478707,0.22278705488633652,0.7602650391961847
25648,LOF,0.014859267765214509,0.23976315666414458,0.7453775755706408
25649,LOF,0.01217333543073618,0.20324835553803475,0.784578309031229
25650,GOF,0.03523236341099159,0.537016513372051,0.4277511232169574
25651,LOF,0.010547011145811245,0.2560988074320787,0.7333541814221101
25652,LOF,0.017969066665137194,0.24797312350372253,0.7340578098311403
25653,LOF,0.07253654318997779,0.36446870841284723,0.5629947483971751
25654,LOF,0.015192232627129812,0.2007996247661868,0.7840081426066835
25655,LOF,0.1199275698965996,0.36463724352422533,0.515435186579175
25656,LOF,0.0595968192126762,0.05140794699701625,0.8889952337903076
25657,LOF,0.2702490334881315,0.024784469483105455,0.7049664970287631
25658,LOF,0.042186212798865,0.05963297470212281,0.8981808124990123
25659,LOF,0.2718494508744061,0.04195479182022346,0.6861957573053704
25660,LOF,0.07883869339258479,0.10462915813533336,0.8165321484720818
25661,LOF,0.050415377934072705,0.07546013484287753,0.8741244872230497
25662,LOF,0.02908633027419757,0.04596696404628583,0.9249467056795166
25663,LOF,0.03881165083284384,0.0729038338219756,0.8882845153451805
25664,LOF,0.03733744881555469,0.08889750334176584,0.8737650478426795
25665,LOF,0.05719275848656327,0.04912069024915882,0.893686551264278
25666,LOF,0.03694155808756059,0.14428731221546698,0.8187711296969724
25667,LOF,0.02838992626880908,0.059068387761732455,0.9125416859694585
25668,LOF,0.03392390382319317,0.06685245156477851,0.8992236446120283
25669,LOF,0.040656727181234774,0.1023602912771363,0.856982981541629
25670,LOF,0.1528246233237426,0.07263653041456854,0.7745388462616889
25671,LOF,0.03745528933115042,0.050065018646086284,0.9124796920227634
25672,LOF,0.05824060074835743,0.0788787835606306,0.862880615691012
25673,LOF,0.04008491873382022,0.06354785735693376,0.896367223909246
25674,LOF,0.03175239977231595,0.07555673898070502,0.8926908612469789
25675,LOF,0.04029955055372726,0.05640822718972693,0.9032922222565458
25676,LOF,0.03036555809082278,0.06616018670061824,0.903474255208559
25677,LOF,0.06103594905626252,0.0670171118303421,0.8719469391133954
25678,LOF,0.24404098256691112,0.050440610380361725,0.7055184070527272
25679,LOF,0.1553883175236836,0.07508912887401858,0.7695225536022977
25680,LOF,0.065646849975897,0.10229440678025549,0.8320587432438477
25681,LOF,0.11002869325385878,0.0931007982943055,0.7968705084518357
25682,LOF,0.04187487761306013,0.07801693125243209,0.8801081911345079
25683,LOF,0.07118488383348048,0.10494150482442861,0.8238736113420908
25684,LOF,0.050916078689678526,0.07679176472288338,0.8722921565874382
25685,LOF,0.12642251055998105,0.030739027160663124,0.8428384622793559
25686,LOF,0.0378876499370239,0.08330601405566483,0.8788063360073112
25687,LOF,0.06293057407173308,0.07273915101410017,0.8643302749141668
25688,LOF,0.026803520423911695,0.12392119517275374,0.8492752844033347
25689,LOF,0.02048077497917834,0.08625491419107462,0.893264310829747
25690,LOF,0.01970355172085472,0.10660669801917773,0.8736897502599674
25691,LOF,0.17297382469313619,0.16309580157948853,0.6639303737273753
25692,LOF,0.24528915153850359,0.021495245982497656,0.7332156024789988
25693,LOF,0.060256848992303734,0.1317806112596377,0.8079625397480585
25694,LOF,0.2690005327775916,0.010635102798194506,0.7203643644242138
25695,LOF,0.17644078843551675,0.01584661506151153,0.8077125965029718
25696,LOF,0.16445554700073084,0.00871876370205297,0.8268256892972162
25697,LOF,0.13379361247608484,0.033480774406175993,0.8327256131177392
25698,LOF,0.030815304099207172,0.31340403769603975,0.6557806582047532
25699,LOF,0.07269732702975809,0.07980768691779466,0.8474949860524472
25700,LOF,0.03017876819001151,0.013246382492724815,0.9565748493172637
25701,LOF,0.011715397954018516,0.08208581767900786,0.9061987843669735
25702,GOF,0.03348783502284906,0.7033648464235365,0.26314731855361456
25703,LOF,0.018978013296476325,0.18226822299641326,0.7987537637071105
25704,LOF,0.08577886469156262,0.16343626008183879,0.7507848752265985
25705,LOF,0.06592096396631573,0.2826802961913294,0.6513987398423549
25706,GOF,0.041795898049934194,0.6207221726925318,0.3374819292575339
25707,GOF,0.035236396999322926,0.6427930011850295,0.3219706018156477
25708,GOF,0.007675829408152182,0.5961731033467143,0.39615106724513377
25709,LOF,0.0179450838036603,0.09175786553212145,0.8902970506642183
25710,LOF,0.007980935051763362,0.196562951170003,0.7954561137782338
25711,LOF,0.021232648295926238,0.15086535910299928,0.8279019926010744
25712,LOF,0.008682463676908031,0.2609217503518225,0.7303957859712694
25713,LOF,0.018851476242743026,0.12663613142372743,0.8545123923335296
25714,LOF,0.020271528818196063,0.194009683341504,0.7857187878403
25715,LOF,0.01982658727638254,0.1629951285359192,0.8171782841876983
25716,LOF,0.013285123663246058,0.1387079914941383,0.8480068848426157
25717,LOF,0.006563367224852019,0.1518012576114498,0.8416353751636982
25718,LOF,0.018519553732210974,0.10861991929962828,0.8728605269681606
25719,LOF,0.03607242607409731,0.11961362804063638,0.8443139458852663
25720,LOF,0.027308661900833676,0.110055781358107,0.8626355567410594
25721,LOF,0.021940012227229633,0.12414015537076815,0.8539198324020022
25722,LOF,0.015472042702407509,0.16921590627884503,0.8153120510187474
25723,LOF,0.022378540063123252,0.10631537129324152,0.8713060886436352
25724,LOF,0.025315188447353188,0.1831467578925733,0.7915380536600736
25725,LOF,0.021265859866831625,0.09548490708541717,0.8832492330477513
25726,LOF,0.015398120411971751,0.13866513466827837,0.8459367449197499
25727,LOF,0.020663468045403578,0.12367602047499283,0.8556605114796035
25728,LOF,0.019692522670910772,0.14080853814639405,0.8394989391826952
25729,LOF,0.01857693360548625,0.1543437617148207,0.827079304679693
25730,LOF,0.021174820488096248,0.10873047169551378,0.8700947078163899
25731,LOF,0.01157210021974195,0.2046179552318969,0.7838099445483613
25732,LOF,0.01769200247759747,0.13685913226304952,0.8454488652593529
25733,LOF,0.026752850247079032,0.12391693730655873,0.8493302124463622
25734,LOF,0.007276995112552512,0.24037904963456883,0.7523439552528787
25735,LOF,0.02033940051515157,0.10163110534138863,0.8780294941434598
25736,LOF,0.018601911978898888,0.16355527009609275,0.8178428179250083
25737,LOF,0.03883910686706928,0.13923508263508627,0.8219258104978444
25738,LOF,0.020368587428624345,0.19504952794250638,0.7845818846288692
25739,LOF,0.022251170914463592,0.1752427030825703,0.8025061260029661
25740,LOF,0.0472837591724446,0.18354278994782425,0.7691734508797312
25741,LOF,0.028405898986915725,0.15295221894829342,0.8186418820647908
25742,LOF,0.049770888836397936,0.1582195044113317,0.7920096067522704
25743,LOF,0.0128901461010904,0.028249217222979114,0.9588606366759305
25744,LOF,0.20631706307977632,0.3150490428026837,0.4786338941175399
25745,LOF,0.03626538076367028,0.11651955946503074,0.8472150597712989
25746,LOF,0.015083758355397483,0.15707094511533112,0.8278452965292714
25747,LOF,0.03417894570510053,0.029851426387229135,0.9359696279076704
25748,LOF,0.27647326829120783,0.052616464557262266,0.6709102671515298
25749,LOF,0.014842622397198975,0.10090995536349603,0.884247422239305
25750,LOF,0.018602572053376593,0.10289276473721357,0.8785046632094099
25751,LOF,0.0491481313573997,0.046652492472444906,0.9041993761701554
25752,GOF,0.1066532509495778,0.6569564093830907,0.23639033966733147
25753,LOF,0.00711320933550623,0.35605833236919343,0.6368284582953003
25754,GOF,0.007579005807430612,0.8475453774424901,0.14487561675007923
25755,LOF,0.008257769372500551,0.40685995602004027,0.5848822746074591
25756,LOF,0.0511828184271416,0.3941510008912646,0.5546661806815939
25757,GOF,0.007568717399325799,0.8342304898866424,0.15820079271403184
25758,GOF,0.009213824057497008,0.8553771201478896,0.13540905579461338
25759,GOF,0.005326737489745648,0.5565016136058101,0.4381716489044443
25760,LOF,0.006254723140952401,0.2758673269326459,0.7178779499264017
25761,GOF,0.06261175106808918,0.8375628329609943,0.09982541597091664
25762,LOF,0.030252799861998123,0.31786820168179986,0.651878998456202
25763,LOF,0.007012217179172718,0.24511829884181383,0.7478694839790134
25764,GOF,0.07914358983116036,0.6019597105107023,0.3188966996581374
25765,GOF,0.008231685134527773,0.8500219391361542,0.1417463757293182
25766,GOF,0.040371207515387864,0.8085053188222495,0.1511234736623625
25767,GOF,0.01222447835045109,0.5606898461328632,0.42708567551668564
25768,LOF,0.03990881816236878,0.07401693962720257,0.8860742422104285
25769,LOF,0.02464438276224955,0.0863357707660305,0.8890198464717199
25770,LOF,0.16427089614683657,0.06211301298731873,0.7736160908658447
25771,LOF,0.014890197529818789,0.06778561321892615,0.917324189251255
25772,LOF,0.024033361530750315,0.028037353002245313,0.9479292854670043
25773,LOF,0.020447398912623052,0.05823029932581706,0.9213223017615599
25774,LOF,0.030507059820814753,0.09859364844360224,0.8708992917355831
25775,LOF,0.02192913274292304,0.034793376292009834,0.9432774909650671
25776,LOF,0.025982259341985968,0.02644945712774258,0.9475682835302713
25777,LOF,0.25334600613789066,0.07383624045505445,0.672817753407055
25778,LOF,0.018794047277766606,0.06251339688889644,0.9186925558333369
25779,GOF,0.03699175665556552,0.8964915124221421,0.06651673092229225
25780,GOF,0.061598462290674144,0.8932249015901134,0.04517663611921256
25781,GOF,0.03311451443084324,0.8867485552127924,0.08013693035636446
25782,GOF,0.02996504250466868,0.9094973998729471,0.06053755762238424
25783,GOF,0.026382107524597263,0.9273557743870664,0.04626211808833632
25784,GOF,0.07803342209767668,0.8831651534712006,0.038801424431122826
25785,GOF,0.07704974565907631,0.8877865856162117,0.03516366872471189
25786,GOF,0.009202586125372359,0.902938005520231,0.0878594083543968
25787,GOF,0.16261785769449066,0.7989014281007571,0.038480714204752214
25788,LOF,0.015397539112584631,0.22017260108775444,0.7644298597996608
25789,GOF,0.017071853136867612,0.8786478341676754,0.10428031269545689
25790,GOF,0.01875247864147278,0.881819680673489,0.09942784068503834
25791,GOF,0.019769500412819913,0.8307568379301944,0.14947366165698575
25792,GOF,0.022580540309183158,0.8488651191213473,0.1285543405694695
25793,GOF,0.06462600145812632,0.8567446975301983,0.07862930101167534
25794,GOF,0.049971047782855944,0.8076751246872205,0.14235382752992343
25795,GOF,0.042000181837409827,0.7767200876485109,0.18127973051407945
25796,GOF,0.09128126275854498,0.8356203245073677,0.07309841273408746
25797,GOF,0.06775546270030951,0.7904242822291795,0.14182025507051096
25798,GOF,0.005069678056741677,0.804847150902515,0.19008317104074327
25799,GOF,0.004170306024105987,0.7519784055482179,0.24385128842767617
25800,GOF,0.022519936644874866,0.8523600587907723,0.12512000456435293
25801,GOF,0.0164222218219568,0.9058708056009573,0.07770697257708598
25802,GOF,0.027166233762485285,0.8605785067672683,0.11225525947024641
25803,GOF,0.018924092963439977,0.7602824198244297,0.22079348721213035
25804,GOF,0.024610276981182302,0.8044159082305582,0.17097381478825963
25805,GOF,0.02860194412268888,0.8329497997503558,0.13844825612695538
25806,GOF,0.026157044081247017,0.8309044808299388,0.14293847508881416
25807,GOF,0.007524143097377179,0.7756360014291774,0.21683985547344548
25808,GOF,0.016218576573712225,0.8027500994273096,0.18103132399897817
25809,GOF,0.009275047643833237,0.7811627401429975,0.2095622122131694
25810,GOF,0.007528293896517511,0.7709141894280419,0.22155751667544063
25811,GOF,0.04389420226096226,0.8880237270657605,0.06808207067327723
25812,GOF,0.02845817201080723,0.81781836854386,0.15372345944533278
25813,GOF,0.11389132390051615,0.8208080494700494,0.06530062662943441
25814,GOF,0.02701334963697747,0.8303176482163641,0.14266900214665834
25815,GOF,0.055801480710666984,0.8515828112711478,0.09261570801818522
25816,GOF,0.009293843407864226,0.8863974686295328,0.10430868796260302
25817,GOF,0.09497736391529635,0.8280749242783725,0.076947711806331
25818,GOF,0.021320728426837784,0.8399239646044413,0.13875530696872101
25819,GOF,0.06222238320151306,0.7944243382752425,0.14335327852324456
25820,GOF,0.029408803824395813,0.7515870927557862,0.21900410341981796
25821,GOF,0.020576616608711164,0.7702551622919599,0.20916822109932892
25822,GOF,0.034406076559952,0.7595632709205046,0.20603065251954347
25823,GOF,0.02462521700903984,0.764210835902136,0.2111639470888242
25824,GOF,0.022753523475270827,0.8150780041717383,0.16216847235299095
25825,GOF,0.018616724090205067,0.804725648154593,0.1766576277552018
25826,GOF,0.0075219206766423945,0.749507627243563,0.2429704520797946
25827,GOF,0.01256140890368185,0.7399400976695164,0.24749849342680164
25828,GOF,0.009262669189078998,0.7634044781048148,0.22733285270610612
25829,GOF,0.004057885584499434,0.7203831264194892,0.27555898799601125
25830,GOF,0.03677563806445664,0.5003234987856654,0.46290086314987794
25831,GOF,0.0497295655000523,0.8217459437457075,0.12852449075424024
25832,GOF,0.00839900771435895,0.7932262002128183,0.1983747920728226
25833,GOF,0.031206624161758567,0.8425073989056182,0.1262859769326233
25834,GOF,0.009347787010505787,0.8114622691598626,0.1791899438296317
25835,GOF,0.022786439309269338,0.8699924495962851,0.10722111109444575
25836,GOF,0.006351381011538369,0.8066640209054885,0.1869845980829733
25837,GOF,0.007510665458012906,0.808699821220586,0.1837895133214011
25838,GOF,0.020943339389813156,0.8586838170124491,0.12037284359773774
25839,GOF,0.046058373507109535,0.8249365919964158,0.12900503449647463
25840,GOF,0.07136708917787585,0.828069226899946,0.10056368392217817
25841,GOF,0.07307389604203565,0.8478586923336576,0.07906741162430662
25842,GOF,0.027009006564089985,0.9033932115160281,0.06959778191988174
25843,GOF,0.0235711257493988,0.9031170574321964,0.07331181681840467
25844,GOF,0.016559723049614315,0.8655154044073142,0.11792487254307138
25845,GOF,0.00614916125885932,0.8127587171231122,0.1810921216180285
25846,GOF,0.05941811271759072,0.8433593427338114,0.09722254454859783
25847,GOF,0.017519823435192,0.9049504819597664,0.07752969460504162
25848,GOF,0.020241953931672597,0.861003554270784,0.11875449179754345
25849,GOF,0.007325961790782251,0.8673543942102223,0.12531964399899548
25850,GOF,0.0060803413606016765,0.7585032124730027,0.23541644616639573
25851,GOF,0.0058181271750113945,0.718387783218798,0.27579408960619056
25852,GOF,0.14346265724661314,0.6140386422166297,0.24249870053675707
25853,GOF,0.06740755118437602,0.8279742363124107,0.10461821250321326
25854,GOF,0.006266193952878665,0.7517967938032153,0.24193701224390596
25855,GOF,0.023534147960940877,0.7361808564745287,0.24028499556453053
25856,GOF,0.046321467210464644,0.8192697795424474,0.134408753247088
25857,GOF,0.02391018655344041,0.7504855373195737,0.22560427612698597
25858,GOF,0.010143060526110581,0.7856747714245055,0.20418216804938402
25859,GOF,0.008027563496708667,0.7886039650928417,0.20336847141044975
25860,GOF,0.0800795398540673,0.8300861932310454,0.0898342669148873
25861,GOF,0.07991876510414504,0.8245656691394707,0.09551556575638408
25862,GOF,0.02125372678162436,0.8877658057228184,0.0909804674955572
25863,GOF,0.022581001325573342,0.8857357442987566,0.09168325437567024
25864,GOF,0.06059905295355667,0.8905353312172228,0.04886561582922047
25865,GOF,0.0444629896523184,0.8621010173512785,0.09343599299640297
25866,GOF,0.02637199412875225,0.8908561942482909,0.08277181162295694
25867,GOF,0.044031821229005175,0.8837630553276181,0.07220512344337678
25868,GOF,0.05935548032046613,0.84740359784305,0.09324092183648384
25869,GOF,0.34672166986393516,0.5942649688970458,0.05901336123901897
25870,GOF,0.061634618447210604,0.6193460039156824,0.3190193776371071
25871,GOF,0.009584872552171752,0.8930125520003526,0.0974025754474757
25872,GOF,0.019264181852527106,0.8698491974791046,0.11088662066836827
25873,GOF,0.019885401662035368,0.896018756534443,0.08409584180352159
25874,LOF,0.015681289563215774,0.24513030621626408,0.7391884042205201
25875,LOF,0.028517122778599312,0.05674229563244489,0.9147405815889558
25876,LOF,0.01913269019301146,0.03309691443175683,0.9477703953752317
25877,LOF,0.10055719330826207,0.08278437453417974,0.8166584321575582
25878,LOF,0.07659844155616655,0.12943701358598858,0.7939645448578448
25879,LOF,0.017225828204796307,0.08758106867110226,0.8951931031241014
25880,LOF,0.061714945792186275,0.0148845877870675,0.9234004664207464
25881,Neutral,0.4712394349191735,0.0742848843242804,0.45447568075654615
25882,LOF,0.06630045096932902,0.0289090025081883,0.9047905465224827
25883,LOF,0.027093585398679444,0.03465072605675767,0.9382556885445629
25884,LOF,0.016250280781442934,0.06457290159703553,0.9191768176215216
25885,LOF,0.1870861516501521,0.013371217581532658,0.7995426307683152
25886,LOF,0.26695966288158235,0.07276055134606424,0.6602797857723535
25887,LOF,0.12277635086226955,0.08418510070636098,0.7930385484313694
25888,LOF,0.008977830114395317,0.12213298043777072,0.8688891894478339
25889,LOF,0.022103050281277885,0.04649763325591311,0.9313993164628089
25890,LOF,0.17440714340016925,0.07852425643699627,0.7470686001628344
25891,LOF,0.13305277737080426,0.02807315693983727,0.8388740656893585
25892,LOF,0.010491151918606861,0.03139126439355865,0.9581175836878344
25893,LOF,0.38359645070255705,0.008623837045502769,0.6077797122519402
25894,LOF,0.4117031817656482,0.006395915482769466,0.5819009027515823
25895,LOF,0.38073348450882494,0.0125578291398489,0.6067086863513261
25896,LOF,0.07089037543362937,0.02862507498300506,0.9004845495833655
25897,LOF,0.16270835866813751,0.009609353825139815,0.8276822875067227
25898,LOF,0.13544328662711647,0.03414243508916275,0.8304142782837208
25899,LOF,0.415010207260804,0.033609405603350115,0.5513803871358459
25900,Neutral,0.5012375203183832,0.007792589835079264,0.4909698898465376
25901,LOF,0.06744445962586289,0.011111127444476732,0.9214444129296604
25902,LOF,0.17464852274059509,0.01084704786161646,0.8145044293977884
25903,LOF,0.35832569639895917,0.024555862297155548,0.6171184413038852
25904,Neutral,0.5387067098727808,0.04071952372826848,0.4205737663989507
25905,LOF,0.0070976401236177026,0.44898087818064175,0.5439214816957405
25906,LOF,0.008148328223306356,0.07804160634015557,0.9138100654365381
25907,LOF,0.00721648950676279,0.2853547083708367,0.7074288021224004
25908,LOF,0.006555431307763747,0.26416747175227906,0.7292770969399572
25909,LOF,0.030767423290950283,0.10851548737362156,0.8607170893354281
25910,LOF,0.011356801913092997,0.16562596924056594,0.8230172288463411
25911,LOF,0.2186924363881559,0.06846760483934422,0.7128399587725
25912,LOF,0.10311432422579812,0.04046840941242601,0.8564172663617758
25913,LOF,0.026818340895370198,0.07151031482488746,0.9016713442797423
25914,LOF,0.039294137427654474,0.023247578707816845,0.9374582838645287
25915,LOF,0.18358702279282116,0.11223093826860507,0.7041820389385738
25916,LOF,0.02841356400933253,0.057123879550646774,0.9144625564400206
25917,LOF,0.07935215077302601,0.023153923630832823,0.8974939255961413
25918,LOF,0.043354629598158216,0.013893953558461064,0.9427514168433807
25919,LOF,0.03828749877331825,0.013323035357916832,0.9483894658687649
25920,LOF,0.33981778227947845,0.28680446714167374,0.37337775057884776
25921,LOF,0.01583688819098465,0.03420315555147041,0.9499599562575449
25922,LOF,0.018177377293035382,0.03497560958310892,0.9468470131238558
25923,LOF,0.4268210417621654,0.029780071640485895,0.5433988865973487
25924,LOF,0.02591592055995278,0.04906816270413633,0.9250159167359109
25925,LOF,0.08625100390488367,0.04218063868451363,0.8715683574106026
25926,LOF,0.0693042320673294,0.03790547893095748,0.8927902890017132
25927,LOF,0.020240516008478378,0.06759723093457345,0.9121622530569482
25928,LOF,0.010624292837518956,0.04709937387428165,0.9422763332881994
25929,Neutral,0.5615243953612794,0.028305129479070996,0.41017047515964944
25930,LOF,0.0721346051208495,0.029427478090344253,0.8984379167888064
25931,LOF,0.013425697515161563,0.03508508052762381,0.9514892219572146
25932,LOF,0.06494100383471497,0.0340674999612718,0.9009914962040133
25933,LOF,0.06716795410877428,0.017134399339371033,0.9156976465518547
25934,LOF,0.05905389087711066,0.017266731111037967,0.9236793780118514
25935,LOF,0.08190800692068677,0.05165724815520203,0.8664347449241112
25936,LOF,0.10601274360155695,0.01896937976002634,0.8750178766384168
25937,LOF,0.019948332736089574,0.02434917042774631,0.9557024968361642
25938,LOF,0.07742271443569236,0.04395529213307317,0.8786219934312345
25939,LOF,0.04888906882792048,0.02528531296385448,0.925825618208225
25940,LOF,0.009259330445941972,0.4601499457282945,0.5305907238257634
25941,LOF,0.4721845772671612,0.04577185646432872,0.48204356626851025
25942,LOF,0.011031413582508745,0.05015891839940597,0.9388096680180854
25943,LOF,0.04873239738019403,0.16053695763953765,0.7907306449802683
25944,LOF,0.0413058666286389,0.06907989487206342,0.8896142384992975
25945,LOF,0.11573588656260368,0.030551917894465024,0.8537121955429312
25946,LOF,0.06678592070550815,0.041147994140865486,0.8920660851536264
25947,Neutral,0.5465157968669667,0.06671185770871796,0.3867723454243154
25948,LOF,0.3967126433538091,0.01678407781423686,0.5865032788319541
25949,LOF,0.16926793221494263,0.06897751748037685,0.7617545503046805
25950,GOF,0.0661896615568051,0.5089815699828308,0.42482876846036405
25951,LOF,0.014896452487914146,0.4190048798545997,0.5660986676574862
25952,LOF,0.26371406061637354,0.2280753609822734,0.5082105784013531
25953,LOF,0.008812847938817356,0.24715901341101915,0.7440281386501635
25954,LOF,0.08650564294686858,0.3406417845294449,0.5728525725236865
25955,LOF,0.007662478484971752,0.2317967686263038,0.7605407528887245
25956,LOF,0.0136668087654917,0.3055672863353797,0.6807659048991287
25957,LOF,0.16656294508072184,0.0314729228104875,0.8019641321087907
25958,LOF,0.029038832800445412,0.06282683331893082,0.9081343338806237
25959,GOF,0.006453959005016761,0.7701863663888195,0.2233596746061638
25960,LOF,0.004821278217847729,0.09675938363209961,0.8984193381500527
25961,LOF,0.027274826925553976,0.049422911657536435,0.9233022614169095
25962,LOF,0.052405188144915085,0.08841706755169047,0.8591777443033944
25963,LOF,0.007955856069488123,0.15207956414667417,0.8399645797838377
25964,LOF,0.02629058470070794,0.15195993028181218,0.8217494850174799
25965,LOF,0.24007723411944581,0.13160590046856643,0.6283168654119877
25966,LOF,0.37088515169848946,0.08556600701979551,0.543548841281715
25967,LOF,0.008381664431978086,0.06337298160299958,0.9282453539650223
25968,LOF,0.04305064602619162,0.21846443202836044,0.7384849219454479
25969,LOF,0.1817877327316724,0.050535640241938316,0.7676766270263893
25970,LOF,0.06969312240861691,0.06380220862087398,0.8665046689705092
25971,LOF,0.084600714104594,0.030609755884953925,0.8847895300104521
25972,LOF,0.08424274958695269,0.05465754670869691,0.8610997037043503
25973,LOF,0.06279603136079888,0.011413934644236404,0.9257900339949647
25974,LOF,0.036160979494380574,0.04310846552483718,0.9207305549807822
25975,LOF,0.0387122756323651,0.02175066939639555,0.9395370549712394
25976,LOF,0.07907048787973611,0.0129870907504714,0.9079424213697925
25977,LOF,0.25174402346842367,0.05104644835721922,0.6972095281743572
25978,LOF,0.16626635280656935,0.1522627517654491,0.6814708954279816
25979,LOF,0.1381537040843054,0.16637632895263246,0.6954699669630621
25980,LOF,0.21531519773968505,0.21987183473908162,0.5648129675212333
25981,LOF,0.21702757135232467,0.22279978124131872,0.5601726474063566
25982,LOF,0.42122050175026143,0.11451819512117764,0.46426130312856095
25983,LOF,0.4185301451814318,0.1501170270670278,0.43135282775154044
25984,LOF,0.0487512222841779,0.09215581590081984,0.8590929618150023
25985,Neutral,0.44393876694023615,0.11972297033269531,0.43633826272706855
25986,GOF,0.012214263351601602,0.49642069525160626,0.491365041396792
25987,LOF,0.0495085628774245,0.1014249270457396,0.849066510076836
25988,LOF,0.04648373677776686,0.15825405778673493,0.7952622054354982
25989,LOF,0.052878124977508295,0.21176796943546664,0.7353539055870252
25990,LOF,0.04455857582703633,0.31163929416385244,0.6438021300091112
25991,LOF,0.023597075870057167,0.38918648221522706,0.5872164419147158
25992,LOF,0.016738382822970105,0.3659410895449703,0.6173205276320596
25993,LOF,0.029444611671645915,0.048214886460057386,0.9223405018682966
25994,LOF,0.02514091957568587,0.05103969481236313,0.923819385611951
25995,LOF,0.021611127493964655,0.09282106467774061,0.8855678078282947
25996,Neutral,0.4105519560220248,0.3127076369933362,0.27674040698463903
25997,LOF,0.07112811937130496,0.3897297413548571,0.5391421392738378
25998,LOF,0.26039487421712676,0.03628384558941319,0.70332128019346
25999,LOF,0.03498885938362335,0.10882245454862509,0.8561886860677516
26000,LOF,0.14821409638354638,0.012617772999854076,0.8391681306165997
26001,LOF,0.24641958265336072,0.01804806832699105,0.7355323490196481
26002,LOF,0.1247448139638405,0.022442315644148756,0.8528128703920107
26003,GOF,0.007889976693723483,0.6160361004568655,0.37607392284941094
26004,GOF,0.01920423312991038,0.6331339602528356,0.34766180661725404
26005,LOF,0.005681492177190467,0.4523497295436263,0.5419687782791832
26006,GOF,0.10988994807905215,0.4960635043030199,0.39404654761792796
26007,LOF,0.011805720582702926,0.48990828307577694,0.4982859963415202
26008,GOF,0.006137874752684726,0.5813797735765871,0.4124823516707283
26009,GOF,0.013091820898633689,0.6109023656936958,0.3760058134076705
26010,GOF,0.010746750846633835,0.5629249872727407,0.4263282618806255
26011,LOF,0.004283881981741674,0.4008981123134566,0.5948180057048017
26012,GOF,0.0049245876709998245,0.5410942569265255,0.4539811554024747
26013,GOF,0.010659292326880704,0.545331449145889,0.44400925852723017
26014,LOF,0.0600474912207632,0.09813593900932266,0.8418165697699141
26015,LOF,0.3735203912454334,0.05007425060774357,0.576405358146823
26016,LOF,0.270227303822493,0.06377949694197967,0.6659931992355274
26017,LOF,0.014112570744929052,0.25626825004230147,0.7296191792127694
26018,LOF,0.02345673575091922,0.13637065929068598,0.8401726049583949
26019,LOF,0.02292197381341788,0.12418568218721425,0.8528923439993679
26020,LOF,0.007923823750249926,0.250334761559648,0.741741414690102
26021,LOF,0.0691932628459336,0.11180755244632605,0.8189991847077404
26022,LOF,0.034186788506787885,0.05857236433581712,0.9072408471573951
26023,LOF,0.018698102165060522,0.09627682753633385,0.8850250702986057
26024,LOF,0.04780705173492772,0.09101452877086308,0.8611784194942091
26025,LOF,0.11185319420598593,0.1086620356164511,0.7794847701775629
26026,LOF,0.11763220014809649,0.09263051554516208,0.7897372843067413
26027,LOF,0.02436016964659654,0.05867092571261327,0.9169689046407902
26028,LOF,0.09092127439829731,0.18779442745403083,0.7212842981476719
26029,LOF,0.026846829924982378,0.14528948455271007,0.8278636855223076
26030,LOF,0.13056219418279272,0.02034308075664336,0.8490947250605639
26031,LOF,0.010689028719852516,0.1172162763651281,0.8720946949150193
26032,LOF,0.0360754980976337,0.038537542821536146,0.9253869590808301
26033,LOF,0.038551233671566244,0.040675360623763895,0.9207734057046699
26034,LOF,0.015776753576700966,0.09703196883569454,0.8871912775876045
26035,LOF,0.013901239617305218,0.09162600709227718,0.8944727532904175
26036,LOF,0.012690521185748604,0.07892822492837856,0.9083812538858729
26037,LOF,0.01187706794925967,0.08602734339325335,0.902095588657487
26038,LOF,0.03014730451643912,0.035114993832387364,0.9347377016511735
26039,LOF,0.03991221740175486,0.10660415639093478,0.8534836262073103
26040,LOF,0.0825681264643115,0.0965303892620291,0.8209014842736594
26041,LOF,0.015405940624281248,0.08194184626097668,0.9026522131147422
26042,LOF,0.015058813192902771,0.08792305350936191,0.8970181332977353
26043,LOF,0.02941566191866399,0.054868471450720484,0.9157158666306154
26044,LOF,0.009877173447848369,0.037403668808015086,0.9527191577441365
26045,LOF,0.07847900703676763,0.1134748725491918,0.8080461204140406
26046,LOF,0.026521344737604133,0.039818010082462336,0.9336606451799334
26047,LOF,0.05475353449595782,0.03981770907768919,0.9054287564263531
26048,LOF,0.0854677165768808,0.01626376042040676,0.8982685230027124
26049,Neutral,0.9413244718923738,0.006391731201461811,0.05228379690616439
26050,Neutral,0.9110592167499095,0.0068703564147252595,0.08207042683536514
26051,LOF,0.026566029528640882,0.06672252719045092,0.9067114432809082
26052,LOF,0.03295196731700627,0.06010647943265954,0.9069415532503342
26053,LOF,0.02249090249933143,0.14974872205629466,0.8277603754443739
26054,LOF,0.04810358000276647,0.03506677082287753,0.9168296491743559
26055,LOF,0.07232921204208559,0.03132626811438443,0.8963445198435299
26056,LOF,0.058924036663805295,0.040577030490432056,0.9004989328457625
26057,LOF,0.05179958905845819,0.020493199853665336,0.9277072110878766
26058,LOF,0.05479903805904019,0.01560446207744424,0.9295964998635157
26059,LOF,0.1982240738966527,0.037261347144849785,0.7645145789584975
26060,LOF,0.026873446949432833,0.17651039805729185,0.7966161549932752
26061,LOF,0.012414663344209416,0.012468458358412331,0.9751168782973784
26062,LOF,0.006444764914377728,0.018792178172114586,0.9747630569135077
26063,LOF,0.035689122274114984,0.015341525016998897,0.9489693527088862
26064,LOF,0.013886161212032436,0.022454446614762782,0.9636593921732048
26065,LOF,0.04473921996277192,0.01976184561267219,0.9354989344245559
26066,LOF,0.03503241079265728,0.01452757551134014,0.9504400136960026
26067,LOF,0.03930286412902265,0.015285567639070297,0.945411568231907
26068,LOF,0.053670582702906186,0.046511385746445116,0.8998180315506487
26069,LOF,0.2680703696874135,0.031414559681526864,0.7005150706310597
26070,Neutral,0.5269593232709722,0.022485416862861755,0.45055525986616607
26071,LOF,0.040426027945259825,0.017737692578304612,0.9418362794764357
26072,LOF,0.008091511623312484,0.023482532336331338,0.9684259560403562
26073,LOF,0.03482004852718789,0.018812471065479217,0.9463674804073328
26074,Neutral,0.8531589725388472,0.012438054038379687,0.13440297342277321
26075,LOF,0.05567102381784176,0.025563226935828163,0.9187657492463301
26076,LOF,0.0436735295001415,0.01635517964053276,0.9399712908593257
26077,LOF,0.14948370947992745,0.008663142754407556,0.841853147765665
26078,LOF,0.007037762469583496,0.019986460766402384,0.972975776764014
26079,LOF,0.06429362932608852,0.025721346473910795,0.9099850242000007
26080,LOF,0.0631985762514602,0.02577914700865818,0.9110222767398817
26081,LOF,0.030612445705843806,0.01264306180399044,0.9567444924901658
26082,LOF,0.005670063486153796,0.022989045924455217,0.971340890589391
26083,LOF,0.10191222432752252,0.029639580959366564,0.868448194713111
26084,LOF,0.09331479328533236,0.02609140131152479,0.8805938054031428
26085,LOF,0.08053734991186343,0.020884652733778136,0.8985779973543584
26086,LOF,0.03405175076688149,0.018223205459738042,0.9477250437733804
26087,LOF,0.03382785367897031,0.013966211518468398,0.9522059348025612
26088,LOF,0.006897919647908262,0.02850826438167184,0.9645938159704199
26089,LOF,0.04405758526678956,0.04194219090235571,0.9140002238308549
26090,LOF,0.04454690885130342,0.031636181497160486,0.9238169096515361
26091,LOF,0.02552668918007403,0.011100419969374909,0.9633728908505511
26092,LOF,0.04128385383559474,0.012389554558621325,0.9463265916057839
26093,LOF,0.07460136866651983,0.008523277648991485,0.9168753536844887
26094,LOF,0.028360349868413976,0.010728865070740548,0.9609107850608455
26095,LOF,0.020598826120095535,0.019541268960348895,0.9598599049195556
26096,LOF,0.18454103506336766,0.005798881877604038,0.8096600830590283
26097,LOF,0.00705044790320387,0.04831321831503315,0.9446363337817629
26098,LOF,0.11670931350753709,0.021947617787012152,0.8613430687054507
26099,LOF,0.035278243371501074,0.029386802802707706,0.9353349538257911
26100,LOF,0.03526145422936829,0.02938665213685435,0.9353518936337774
26101,LOF,0.05446962997932222,0.04872424949268306,0.8968061205279947
26102,LOF,0.028795230188134735,0.02439024511136718,0.946814524700498
26103,Neutral,0.8828006314533653,0.03166135805500921,0.08553801049162536
26104,LOF,0.05966075975882647,0.04741374688964125,0.8929254933515323
26105,LOF,0.2673567098805396,0.10975622262855732,0.6228870674909031
26106,LOF,0.313506399585085,0.057502754857286606,0.6289908455576283
26107,LOF,0.021503073953900765,0.07299168963601918,0.90550523641008
26108,LOF,0.2710687256834701,0.03989454085124686,0.689036733465283
26109,LOF,0.07473955441939967,0.031761239937944524,0.8934992056426558
26110,LOF,0.4121064416103672,0.013601312060838503,0.5742922463287944
26111,LOF,0.061706333379586836,0.1118356174742827,0.8264580491461305
26112,LOF,0.05034743934841714,0.012438995133730965,0.937213565517852
26113,LOF,0.09678488726090766,0.03556314608021806,0.8676519666588742
26114,LOF,0.08868811382897276,0.0069922577702069685,0.9043196284008203
26115,LOF,0.014478640796826238,0.047686471514966015,0.9378348876882078
26116,LOF,0.0781828705623123,0.023787842173537643,0.8980292872641501
26117,LOF,0.3407498520503776,0.04903846698995082,0.6102116809596716
26118,LOF,0.050243240092581194,0.023102181453079598,0.9266545784543393
26119,LOF,0.005963449578897361,0.1071946733979071,0.8868418770231955
26120,LOF,0.03507594759640833,0.021270056411072078,0.9436539959925195
26121,LOF,0.0034343087208355823,0.1705179631269429,0.8260477281522215
