feature0,prediction,LoGoFunc_Neutral,LoGoFunc_GOF,LoGoFunc_LOF
25546,Neutral,0.6428625512739639,0.05130139197809496,0.30583605674794123
25547,Neutral,0.5220720201458263,0.11569682918216953,0.36223115067200407
25548,Neutral,0.48596313665067437,0.0792991595611569,0.43473770378816856
25549,LOF,0.4419656078335126,0.09408591258179308,0.4639484795846944
25550,Neutral,0.5962059219446998,0.05395115026813973,0.34984292778716036
25551,Neutral,0.6269504232118212,0.06767701977708634,0.30537255701109256
25552,LOF,0.30917643354463425,0.08691187318017919,0.6039116932751865
25553,Neutral,0.5488789109302009,0.057543557182161136,0.39357753188763794
25554,LOF,0.378801780039012,0.12459860571120303,0.49659961424978494
25555,LOF,0.28283648059864863,0.08521028676358651,0.6319532326377648
25556,LOF,0.38591200261264136,0.10398950881943587,0.5100984885679228
25557,LOF,0.28089569558239197,0.092600454366978,0.62650385005063
25558,LOF,0.39793972141920325,0.10306679142844882,0.49899348715234804
25559,LOF,0.23757598923837756,0.11906829782585773,0.6433557129357648
25560,LOF,0.05157656323026082,0.10304698085021033,0.8453764559195288
25561,LOF,0.13635699075653987,0.11516542239873324,0.748477586844727
25562,LOF,0.11835368667862907,0.02208034952975664,0.8595659637916142
25563,LOF,0.17598693277538918,0.038709317673048325,0.7853037495515625
25564,LOF,0.06569889020759945,0.07630349838712572,0.8579976114052749
25565,LOF,0.11696991476868843,0.30309880846619763,0.5799312767651139
25566,GOF,0.035865511800989514,0.616749923103842,0.3473845650951686
25567,LOF,0.017787391444188363,0.12717106984969298,0.8550415387061188
25568,LOF,0.08572349289881477,0.13899733162377215,0.775279175477413
25569,LOF,0.23052436259849332,0.025263987377412322,0.7442116500240943
25570,LOF,0.07813409846206802,0.11311552790111735,0.8087503736368146
25571,LOF,0.09229450596815386,0.0769575190875209,0.8307479749443252
25572,LOF,0.07038269428091777,0.12108213247012677,0.8085351732489555
25573,LOF,0.03496911007838168,0.10246771910487915,0.8625631708167393
25574,LOF,0.011788309994518647,0.249591581152778,0.7386201088527032
25575,LOF,0.08505876167383032,0.047530867678273137,0.8674103706478964
25576,LOF,0.021434907638204364,0.0397515553718319,0.9388135369899637
25577,LOF,0.015853569481765035,0.07403011409768954,0.9101163164205455
25578,LOF,0.26519376523340793,0.10866102784849238,0.6261452069180996
25579,LOF,0.09830392102844196,0.11304797581869101,0.788648103152867
25580,LOF,0.05083418389585035,0.035552275638779246,0.9136135404653704
25581,LOF,0.07975557097500927,0.15464053766877747,0.7656038913562132
25582,LOF,0.08045601952716158,0.1049470449038888,0.8145969355689496
25583,LOF,0.05716247236131413,0.03575104693309068,0.9070864807055952
25584,Neutral,0.48408139183019677,0.08167052812568842,0.43424808004411475
25585,LOF,0.017581734503154305,0.05406041153511648,0.9283578539617292
25586,LOF,0.05461505851106364,0.07407439180999416,0.8713105496789422
25587,LOF,0.04074800934255254,0.06244112218453931,0.8968108684729081
25588,LOF,0.04773798354110702,0.07522608011547023,0.8770359363434227
25589,Neutral,0.6887386700968594,0.1444998092667723,0.16676152063636843
25590,LOF,0.03389502991655233,0.11576236030047775,0.8503426097829698
25591,LOF,0.10724710661329188,0.08584838642842005,0.8069045069582881
25592,LOF,0.2242420290218816,0.18758472154567604,0.5881732494324423
25593,LOF,0.01869031382557921,0.37346539559899644,0.6078442905754244
25594,LOF,0.07529006425527254,0.10207540907516831,0.822634526669559
25595,LOF,0.059090130733786266,0.20568155734503638,0.7352283119211774
25596,LOF,0.11730914918372659,0.08611923734317439,0.796571613473099
25597,LOF,0.10485556798494586,0.047815432771194225,0.8473289992438598
25598,LOF,0.17782688741433125,0.061997375848209406,0.7601757367374594
25599,LOF,0.01212764344008685,0.17650698231115347,0.8113653742487597
25600,LOF,0.014565015938026196,0.18349552312452203,0.8019394609374517
25601,LOF,0.00977450488483582,0.10053972619710626,0.8896857689180578
25602,LOF,0.03617701244505958,0.11468188016423944,0.849141107390701
25603,LOF,0.04465953090225928,0.10011532108706588,0.8552251480106748
25604,LOF,0.02696558590763111,0.15826175667333725,0.8147726574190316
25605,LOF,0.014505816750801648,0.3618203611675928,0.6236738220816056
25606,GOF,0.07113436029883444,0.5563886004657767,0.37247703923538883
25607,LOF,0.0035096096813216847,0.21790299422256781,0.7785873960961105
25608,LOF,0.02667911167843567,0.04705748170471096,0.9262634066168534
25609,LOF,0.17443699104052784,0.1739838683803912,0.651579140579081
25610,LOF,0.038065297554648846,0.12765762818895407,0.8342770742563971
25611,LOF,0.054285138657395815,0.09613777356426657,0.8495770877783376
25612,LOF,0.11335915732691704,0.2200344507626957,0.6666063919103873
25613,LOF,0.03609605223903504,0.30073130900482925,0.6631726387561356
25614,LOF,0.03005327108090606,0.17432136188441374,0.7956253670346802
25615,LOF,0.029660679690272404,0.128313163735058,0.8420261565746696
25616,LOF,0.022813726073793752,0.23766607280108307,0.7395202011251232
25617,LOF,0.04553132242967194,0.15032084185074224,0.8041478357195859
25618,GOF,0.07852890489524651,0.5198142143821202,0.4016568807226332
25619,LOF,0.0431624211195121,0.13567255334975784,0.8211650255307301
25620,LOF,0.029059275018427543,0.21826496785992713,0.7526757571216455
25621,LOF,0.038862707955877526,0.1273299424976633,0.8338073495464591
25622,LOF,0.028324550275452033,0.18648524164692615,0.7851902080776219
25623,LOF,0.049668817124352206,0.14462580702271377,0.805705375852934
25624,LOF,0.029521693062743833,0.21989988462065155,0.7505784223166045
25625,LOF,0.03217894060928132,0.14618073963285402,0.8216403197578646
25626,LOF,0.140067253815922,0.14695964290414662,0.7129731032799315
25627,Neutral,0.4606421358199854,0.18789116915883006,0.35146669502118444
25628,LOF,0.16805450246673506,0.05198911405062444,0.7799563834826405
25629,LOF,0.18355805253612384,0.04768977412738765,0.7687521733364885
25630,LOF,0.08325229880733775,0.10514888870156178,0.8115988124911006
25631,Neutral,0.49633708596528364,0.1827792345400038,0.32088367949471247
25632,LOF,0.012237672224621472,0.06077763358748745,0.9269846941878911
25633,LOF,0.29720299820858287,0.2566222024725712,0.4461747993188459
25634,LOF,0.06520914323014436,0.23227842379079675,0.7025124329790589
25635,LOF,0.04685338868960939,0.05669676447217618,0.8964498468382144
25636,GOF,0.004849894646408764,0.5756932969587997,0.4194568083947916
25637,LOF,0.0052945413401385595,0.2950227604444539,0.6996826982154075
25638,LOF,0.006517579138040373,0.34768810950384704,0.6457943113581126
25639,LOF,0.006334367525783735,0.24381482027947876,0.7498508121947375
25640,Neutral,0.5342863775320931,0.32667785491565005,0.13903576755225694
25641,LOF,0.008785583506456411,0.219198967671234,0.7720154488223097
25642,LOF,0.30328654923586235,0.08567353993379143,0.6110399108303461
25643,LOF,0.3912781432108118,0.01822356889755688,0.5904982878916314
25644,LOF,0.01282240749541212,0.425750979460398,0.5614266130441898
25645,GOF,0.01015038895946192,0.6064114420148808,0.38343816902565725
25646,LOF,0.011442433222847515,0.3434435352291779,0.6451140315479745
25647,LOF,0.012326489395399787,0.32732881378279605,0.6603446968218042
25648,LOF,0.00877078582541044,0.4071936068243179,0.5840356073502716
25649,LOF,0.007587978575778335,0.28021536332867714,0.7121966580955446
25650,GOF,0.031752131396414245,0.545097016265767,0.42315085233781874
25651,LOF,0.007822984781639447,0.426031070644916,0.5661459445734445
25652,LOF,0.018863095002405017,0.2921808832429418,0.6889560217546533
25653,GOF,0.08749229315779146,0.5186326980880882,0.39387500875412035
25654,GOF,0.011808478213573616,0.4951299744055077,0.49306154738091873
25655,GOF,0.09535672084286008,0.5011431914304785,0.4035000877266614
25656,GOF,0.049849642716428104,0.50015388501414,0.4499964722694318
25657,LOF,0.24127530860008908,0.050823795852268275,0.7079008955476427
25658,LOF,0.01972954493649317,0.31811408225357174,0.6621563728099352
25659,LOF,0.1102837311921302,0.2512554686732477,0.6384608001346221
25660,LOF,0.08753245085783733,0.12149173175587724,0.7909758173862854
25661,LOF,0.06596502249089933,0.09040093970779947,0.8436340378013011
25662,LOF,0.05367238583898613,0.06908407136925537,0.8772435427917585
25663,LOF,0.05180126672843086,0.0817212769882725,0.8664774562832966
25664,LOF,0.03767670818963179,0.14802589185346976,0.8142973999568985
25665,LOF,0.06305121200489675,0.19349032053922613,0.7434584674558771
25666,LOF,0.059738393473593304,0.13780640921032666,0.8024551973160801
25667,LOF,0.041410201220447106,0.03290881818300771,0.9256809805965452
25668,LOF,0.05460355400899682,0.04136958604407517,0.904026859946928
25669,LOF,0.04352677399806685,0.07258119570981042,0.8838920302921227
25670,LOF,0.0637903516442901,0.05378557986908748,0.8824240684866224
25671,LOF,0.059968986287070584,0.08553060564086172,0.8545004080720677
25672,LOF,0.06988002646088105,0.12187506111478345,0.8082449124243354
25673,LOF,0.05576924242342038,0.06266245071567436,0.8815683068609053
25674,LOF,0.032259785502034,0.10031676622620282,0.8674234482717632
25675,LOF,0.060519471558639314,0.04287623078441345,0.8966042976569472
25676,LOF,0.05090495294968108,0.08901226478654174,0.8600827822637771
25677,LOF,0.07338679316876506,0.06044596751787114,0.8661672393133638
25678,LOF,0.2794857505721806,0.04863695536959039,0.6718772940582289
25679,LOF,0.1544511472565987,0.09377738784871228,0.7517714648946889
25680,LOF,0.10032257536159132,0.13698894375073628,0.7626884808876725
25681,LOF,0.11218996809502874,0.12940116317510092,0.7584088687298702
25682,LOF,0.05776247017472323,0.07778742546692875,0.864450104358348
25683,LOF,0.12180856000554097,0.07593855721129528,0.8022528827831638
25684,LOF,0.08240941340983535,0.11600745354376281,0.8015831330464018
25685,LOF,0.09625730344567249,0.04691305452439397,0.8568296420299336
25686,LOF,0.02680262360979294,0.18354482793527171,0.7896525484549354
25687,LOF,0.039575128257757365,0.1885760554625037,0.771848816279739
25688,LOF,0.014419252739234365,0.3611913373840693,0.6243894098766964
25689,LOF,0.01038330962010916,0.21365647341192293,0.7759602169679679
25690,LOF,0.011402011629737013,0.3955068460635904,0.5930911423066726
25691,GOF,0.08344047036517138,0.5139750964636228,0.40258443317120585
25692,LOF,0.1267630209084163,0.04331578573805792,0.8299211933535258
25693,GOF,0.02485405885397563,0.5500436043457267,0.4251023368002976
25694,LOF,0.206702202602686,0.06110621079883411,0.7321915865984799
25695,LOF,0.1594965965216737,0.08699416565321594,0.7535092378251104
25696,LOF,0.16713541822362743,0.06018078582464163,0.772683795951731
25697,LOF,0.15476333625081168,0.04248024942107338,0.802756414328115
25698,LOF,0.014122282214280706,0.45802429203400036,0.527853425751719
25699,LOF,0.06912674917862018,0.2829815473472971,0.6478917034740828
25700,LOF,0.062061476623426724,0.01642140153652665,0.9215171218400466
25701,LOF,0.00945317030791622,0.468946022762978,0.5216008069291058
25702,GOF,0.02135057974087318,0.6669080172584311,0.31174140300069575
25703,LOF,0.014660029671228843,0.0727199592531464,0.9126200110756247
25704,LOF,0.06632967154760472,0.10835927859477824,0.825311049857617
25705,LOF,0.09865169094475158,0.19882337309014309,0.7025249359651052
25706,GOF,0.022834047022500997,0.7852369432308377,0.19192900974666133
25707,GOF,0.018593514860529188,0.7284320800569927,0.25297440508247804
25708,GOF,0.007517066081931862,0.781003201386091,0.2114797325319772
25709,LOF,0.04675291961230543,0.11058520401798909,0.8426618763697055
25710,LOF,0.011836185793347142,0.21407429072674838,0.7740895234799045
25711,LOF,0.04664582143194638,0.12942452602067622,0.8239296525473774
25712,LOF,0.020690852340219057,0.13859403125290706,0.8407151164068738
25713,LOF,0.04125597364078328,0.13486768796831422,0.8238763383909025
25714,LOF,0.037395606181725036,0.31110451763159275,0.6514998761866823
25715,LOF,0.034301088999101094,0.20928379652975718,0.7564151144711417
25716,LOF,0.010725518438136619,0.09669714786425922,0.8925773336976042
25717,LOF,0.010399972704587309,0.0907622782869699,0.8988377490084427
25718,LOF,0.04172663143296659,0.09262697815961302,0.8656463904074203
25719,LOF,0.04106163227473516,0.13270769208505973,0.8262306756402051
25720,LOF,0.03912914773842705,0.1613864792061758,0.7994843730553972
25721,LOF,0.04127807870358907,0.09947685562871739,0.8592450656676935
25722,LOF,0.03812143789274338,0.12564420830298353,0.8362343538042731
25723,LOF,0.048738097261329924,0.15751691742871543,0.7937449853099547
25724,GOF,0.0671991171862251,0.4934334440715851,0.4393674387421899
25725,LOF,0.06471824244184793,0.1370868990247889,0.7981948585333631
25726,LOF,0.0398759105765678,0.14856617075274636,0.8115579186706859
25727,LOF,0.06108198775650185,0.09440158243315663,0.8445164298103416
25728,LOF,0.036855274398657274,0.22032113420368837,0.7428235913976544
25729,LOF,0.04197539574471078,0.2055588604304344,0.7524657438248549
25730,LOF,0.04986500315543818,0.16411210419937375,0.786022892645188
25731,LOF,0.014939806881628147,0.10051600475159708,0.8845441883667747
25732,LOF,0.03164196998572239,0.10576670504338538,0.8625913249708922
25733,LOF,0.04425014113982741,0.27945765884604223,0.6762922000141304
25734,LOF,0.009647494951249693,0.17729464137856016,0.8130578636701901
25735,LOF,0.04232577507490238,0.11701197504326528,0.8406622498818324
25736,LOF,0.03925171209211527,0.1893778034720358,0.7713704844358489
25737,LOF,0.06067949964730193,0.11241615935043693,0.8269043410022612
25738,LOF,0.052430151180387546,0.21256799494173773,0.7350018538778749
25739,LOF,0.03725746183719538,0.16563199976831378,0.7971105383944908
25740,LOF,0.05995930438034799,0.14652613301081222,0.7935145626088397
25741,LOF,0.05814717868587545,0.1479554543801694,0.7938973669339552
25742,LOF,0.06494225275730713,0.17788342979176683,0.757174317450926
25743,LOF,0.01273665958909001,0.03975630975884688,0.9475070306520631
25744,GOF,0.08834629852129709,0.4920487900741574,0.41960491140454553
25745,LOF,0.019463540307540262,0.452295025008386,0.5282414346840737
25746,LOF,0.012291332597945102,0.4447231550424865,0.5429855123595683
25747,LOF,0.04841556691500997,0.04356565770340027,0.9080187753815898
25748,LOF,0.10644475619927249,0.2523088271853846,0.6412464166153429
25749,LOF,0.011932125564673563,0.36503521139557565,0.6230326630397508
25750,LOF,0.014557939823365854,0.467017477008249,0.5184245831683851
25751,LOF,0.0304345368853651,0.16417556966093003,0.8053898934537049
25752,GOF,0.10403861647313309,0.604751928127981,0.29120945539888604
25753,LOF,0.009889059595904727,0.18751993820976043,0.8025910021943349
25754,GOF,0.01114459171220571,0.8741255395313253,0.11472986875646882
25755,LOF,0.009215547841948968,0.19831749649179528,0.7924669556662558
25756,LOF,0.05034223189633203,0.2645484062947335,0.6851093618089344
25757,GOF,0.00981702656167104,0.7763416783513478,0.21384129508698116
25758,GOF,0.009467925289503439,0.8585116260738231,0.1320204486366733
25759,GOF,0.005890429511667042,0.6759020030638256,0.3182075674245072
25760,LOF,0.00786981564391381,0.11486116227245954,0.8772690220836267
25761,GOF,0.03525068229117224,0.8475777111627276,0.11717160654610015
25762,LOF,0.05556367362244821,0.2909452853023256,0.6534910410752262
25763,LOF,0.00901325350959866,0.10759857905430384,0.8833881674360976
25764,GOF,0.08432400936090863,0.5958026538854901,0.3198733367536012
25765,GOF,0.00868528582221941,0.8440349413913141,0.14727977278646665
25766,GOF,0.02417060299050658,0.8165516733829058,0.15927772362658746
25767,GOF,0.009156768916396859,0.6787003550866784,0.31214287599692475
25768,LOF,0.04972817602029565,0.08831945772466739,0.861952366255037
25769,LOF,0.029794096220901664,0.22536154099964514,0.7448443627794531
25770,Neutral,0.723767141462705,0.07590335808756797,0.20032950044972683
25771,LOF,0.02994548890339178,0.1164700141100048,0.8535844969866033
25772,LOF,0.043973234893021705,0.1660172203766172,0.7900095447303611
25773,LOF,0.023128462245827614,0.3029851757288879,0.6738863620252845
25774,LOF,0.05335064734449423,0.22890077152684693,0.7177485811286588
25775,LOF,0.02680466635616827,0.10032706404883063,0.8728682695950011
25776,LOF,0.028262561624200294,0.14909650036836522,0.8226409380074344
25777,LOF,0.2844839578301494,0.1595153201061535,0.5560007220636971
25778,LOF,0.03725106304194368,0.1797696802288819,0.7829792567291743
25779,GOF,0.14854247480364674,0.5271932592648554,0.32426426593149804
25780,GOF,0.13461624207515013,0.5547613006089026,0.3106224573159473
25781,GOF,0.06557443654271813,0.4971976447244104,0.4372279187328715
25782,GOF,0.0509353492921732,0.5377687072750956,0.41129594343273124
25783,GOF,0.09859534485815882,0.5991312793653818,0.3022733757764594
25784,GOF,0.21900252509836218,0.5056557453493757,0.27534172955226194
25785,GOF,0.349022726158943,0.5318150488424744,0.11916222499858263
25786,LOF,0.01810043803950501,0.35907855371034225,0.6228210082501527
25787,Neutral,0.5200505136321031,0.30498493532403065,0.1749645510438663
25788,LOF,0.03911643114981955,0.07402208092461524,0.8868614879255651
25789,GOF,0.04053278530515993,0.6903244899070937,0.2691427247877463
25790,GOF,0.05350894849697361,0.5637522268639517,0.38273882463907477
25791,GOF,0.03766916437266607,0.6133340336023595,0.34899680202497446
25792,GOF,0.04995743748466162,0.647577538670794,0.30246502384454443
25793,LOF,0.08798179035829459,0.4528242636132463,0.45919394602845903
25794,LOF,0.09793430600151487,0.31475159667160546,0.5873140973268797
25795,LOF,0.05394793478803187,0.20146984729318643,0.7445822179187817
25796,LOF,0.3076784851915036,0.29503376113022417,0.3972877536782722
25797,LOF,0.09009374640378182,0.30649588790961546,0.6034103656866028
25798,GOF,0.011457484825517558,0.6801267973419153,0.30841571783256716
25799,GOF,0.009115331817643966,0.5634334222775873,0.42745124590476874
25800,GOF,0.042106838730628336,0.7528639824810045,0.2050291787883672
25801,GOF,0.057763222293668384,0.6294030048217087,0.3128337728846228
25802,GOF,0.06377223515573789,0.6244719892787802,0.31175577556548195
25803,LOF,0.0460102422602547,0.4422787269776316,0.5117110307621137
25804,LOF,0.09500386807175165,0.36364935407758936,0.541346777850659
25805,GOF,0.06060516457679898,0.5388109567417545,0.40058387868144657
25806,GOF,0.07827776291100587,0.5595650513598195,0.36215718572917466
25807,LOF,0.02885706192245876,0.4644832523933889,0.5066596856841523
25808,GOF,0.06611841511129353,0.6466710503413651,0.2872105345473413
25809,LOF,0.018651065091463144,0.4142455742267703,0.5671033606817666
25810,LOF,0.01631772693855798,0.4535159664368519,0.5301663066245902
25811,GOF,0.11599747058212655,0.5535230475050879,0.3304794819127855
25812,LOF,0.09178478889381952,0.4390027819489198,0.4692124291572607
25813,GOF,0.36229744283837584,0.3917054948323089,0.24599706232931534
25814,GOF,0.07758675433978367,0.5109952364467114,0.4114180092135049
25815,GOF,0.12289620593657603,0.49662895763458625,0.3804748364288378
25816,GOF,0.019658675520352456,0.6395058953285641,0.34083542915108356
25817,LOF,0.1318180881453187,0.3675295007528522,0.5006524111018291
25818,GOF,0.05972213101458831,0.5414134846815545,0.39886438430385734
25819,LOF,0.14316135181030398,0.38227793574002267,0.4745607124496734
25820,LOF,0.1340375415790163,0.3734932835083541,0.4924691749126296
25821,LOF,0.09961962875986173,0.4331619491070008,0.46721842213313747
25822,LOF,0.18800827598320716,0.31857965236030866,0.49341207165648415
25823,LOF,0.09312375937834909,0.2462308390543098,0.6606454015673411
25824,GOF,0.06588851494411013,0.5568120321219254,0.3772994529339644
25825,GOF,0.049266158133861676,0.570131604350314,0.3806022375158245
25826,LOF,0.017445635950136613,0.39940251215438277,0.5831518518954806
25827,GOF,0.015276485654959506,0.5543235742019955,0.43039994014304506
25828,GOF,0.015621642770547726,0.53913850511065,0.44523985211880235
25829,LOF,0.009385612386148481,0.28582419951769333,0.7047901880961581
25830,LOF,0.15701191951555457,0.055037691645526306,0.7879503888389192
25831,GOF,0.05482777473705651,0.6650548825825072,0.28011734268043625
25832,LOF,0.01650116106783938,0.33647764619126447,0.6470211927408962
25833,GOF,0.0727167492622623,0.48242746642339807,0.4448557843143397
25834,LOF,0.01772501222435734,0.3248372986054388,0.657437689170204
25835,GOF,0.056567686397643854,0.6596352445054399,0.28379706909691627
25836,LOF,0.015071510232642448,0.49035076842972575,0.4945777213376318
25837,LOF,0.024273569321165703,0.3743775507503895,0.6013488799284447
25838,GOF,0.05817558550127642,0.5620382834578781,0.3797861310408456
25839,LOF,0.16253470104399861,0.39244995305616176,0.4450153458998396
25840,GOF,0.1256371935724302,0.5254382439827001,0.34892456244486963
25841,GOF,0.11756397653079426,0.5553673485075483,0.32706867496165737
25842,GOF,0.06279506705263956,0.6579867038888337,0.27921822905852667
25843,GOF,0.04415577497284003,0.7048771593987334,0.2509670656284267
25844,GOF,0.047011182091519936,0.5259429106220299,0.4270459072864501
25845,LOF,0.012364915780985234,0.3047866873193771,0.6828483968996376
25846,GOF,0.06597818569422634,0.5303875360170811,0.4036342782886926
25847,GOF,0.05469618284493635,0.6363218948895614,0.30898192226550214
25848,GOF,0.04149406928444168,0.6863110440911098,0.2721948866244487
25849,GOF,0.010709285408589352,0.5855221088923414,0.40376860569906925
25850,GOF,0.016007176122694058,0.5618391838874475,0.42215363998985844
25851,LOF,0.016897648843765226,0.4818539998905967,0.501248351265638
25852,GOF,0.2273252776684296,0.4032193410726309,0.3694553812589395
25853,GOF,0.10116923516415356,0.4976391292802209,0.4011916355556255
25854,LOF,0.010705895475189863,0.4701905316076013,0.5191035729172088
25855,LOF,0.038477442353224776,0.43710239271980766,0.5244201649269676
25856,GOF,0.10607699930429042,0.5935793236241146,0.300343677071595
25857,LOF,0.04198265591716833,0.3672720816483586,0.590745262434473
25858,LOF,0.016047548447311925,0.30018148605204487,0.6837709655006432
25859,LOF,0.010969864737785539,0.285247354223216,0.7037827810389985
25860,LOF,0.11693367938476519,0.3524478478584063,0.5306184727568285
25861,GOF,0.14138973540677696,0.4562702790784712,0.40233998551475186
25862,GOF,0.036192733916906174,0.7042584145714503,0.25954885151164336
25863,GOF,0.03987150070590984,0.5915318658661421,0.368596633427948
25864,GOF,0.04843547442773096,0.642562566621494,0.3090019589507749
25865,GOF,0.041457127414244295,0.6553684751024793,0.3031743974832764
25866,GOF,0.05407844895629655,0.6366254578324642,0.30929609321123924
25867,GOF,0.14665315490346068,0.6292967739621874,0.2240500711343519
25868,GOF,0.11172762839299914,0.5274349032109076,0.3608374683960934
25869,Neutral,0.4854856401450651,0.34758797637031574,0.1669263834846192
25870,LOF,0.18687806336976404,0.08133069339336234,0.7317912432368736
25871,LOF,0.01583992556688345,0.3483802330684886,0.635779841364628
25872,LOF,0.048273493903394776,0.40460084873311125,0.547125657363494
25873,GOF,0.03317467179924934,0.6213661828883841,0.34545914531236666
25874,LOF,0.054268643362203384,0.02549454304889993,0.9202368135888966
25875,LOF,0.02408107580066176,0.4171527897255877,0.5587661344737506
25876,LOF,0.030455529953194272,0.11095083577820218,0.8585936342686036
25877,GOF,0.09883285994093162,0.4988763510974913,0.40229078896157716
25878,GOF,0.06671163524446633,0.6950950089864555,0.23819335576907813
25879,LOF,0.01455503720320996,0.3369870232389769,0.6484579395578132
25880,LOF,0.04520949898305159,0.04918064237195895,0.9056098586449894
25881,GOF,0.38006765300158313,0.3954148955390167,0.2245174514594002
25882,LOF,0.023927094562509077,0.31567853675571494,0.660394368681776
25883,LOF,0.025484870462503997,0.13688776874504835,0.8376273607924476
25884,LOF,0.01935519655756488,0.19495497092365907,0.7856898325187761
25885,LOF,0.14942045168216297,0.04290165914352337,0.8076778891743137
25886,LOF,0.05402763327758165,0.2436532460424158,0.7023191206800026
25887,GOF,0.03770534619329749,0.622122019057242,0.3401726347494606
25888,LOF,0.005615781748422171,0.42499878501625976,0.569385433235318
25889,LOF,0.037016773208616224,0.10643728259574885,0.856545944195635
25890,LOF,0.13238440767763437,0.3678286825689747,0.49978690975339096
25891,LOF,0.11521852926910657,0.10935151083996147,0.775429959890932
25892,LOF,0.005832419087844025,0.15396265584240296,0.8402049250697531
25893,LOF,0.2588852013519427,0.07445597035193613,0.6666588282961212
25894,LOF,0.32278378904490057,0.04196242627578761,0.6352537846793118
25895,LOF,0.22516703113631037,0.046390375702100785,0.7284425931615889
25896,LOF,0.08331957958772623,0.10546477607295637,0.8112156443393174
25897,LOF,0.09370592026029945,0.06859390658568047,0.83770017315402
25898,GOF,0.07393132162537205,0.4683894183214761,0.45767926005315174
25899,LOF,0.24414227566164615,0.1896253654095032,0.5662323589288507
25900,Neutral,0.8492091416870955,0.034828370542085166,0.11596248777081941
25901,LOF,0.06463052044163677,0.03308838016716892,0.9022810993911944
25902,LOF,0.17878332026996938,0.011097868995793653,0.810118810734237
25903,LOF,0.11567502236616206,0.19923619099464523,0.6850887866391927
25904,LOF,0.3612805490456534,0.20760868089257184,0.43111077006177473
25905,LOF,0.011476848317677257,0.3531788537090295,0.6353442979732933
25906,LOF,0.014238942058337999,0.036839274965719385,0.9489217829759427
25907,LOF,0.009701295069058204,0.27684795388682654,0.7134507510441154
25908,LOF,0.009694225956406392,0.24047554349185327,0.7498302305517403
25909,LOF,0.03929524218022803,0.15654173144597772,0.8041630263737943
25910,LOF,0.020598859315446305,0.17117448897497994,0.8082266517095736
25911,LOF,0.08831351497622357,0.09648554920622006,0.8152009358175564
25912,LOF,0.11264986316555474,0.02102160768120296,0.8663285291532423
25913,LOF,0.010492447035154062,0.06314074857072564,0.9263668043941203
25914,LOF,0.03510515198113983,0.19532592655200948,0.7695689214668506
25915,GOF,0.06271746119638702,0.8628493914822098,0.07443314732140312
25916,GOF,0.009887130332054477,0.6754347876354372,0.3146780820325084
25917,LOF,0.20655947477105366,0.10068933900117481,0.6927511862277715
25918,LOF,0.038723230825407795,0.09017507642583297,0.8711016927487591
25919,LOF,0.0382418324181863,0.07173132456956306,0.8900268430122507
25920,GOF,0.12478741088437828,0.49596468797890364,0.379247901136718
25921,LOF,0.02461887773974673,0.04093127954175273,0.9344498427185006
25922,LOF,0.01935138976883804,0.049709802223637224,0.9309388080075247
25923,LOF,0.3202054523603486,0.07817377629083283,0.6016207713488185
25924,LOF,0.02729794781601102,0.10282906855503474,0.8698729836289543
25925,LOF,0.2378727524959532,0.01899052770863727,0.7431367197954095
25926,LOF,0.103291150454147,0.09518590386034477,0.8015229456855082
25927,LOF,0.014413742143307685,0.07385329998720949,0.9117329578694827
25928,LOF,0.01401121703046371,0.04736163933054346,0.9386271436389927
25929,Neutral,0.6018245112965956,0.07696443947041456,0.32121104923298993
25930,LOF,0.03159185126481047,0.14048735702965176,0.8279207917055377
25931,LOF,0.013201980121420051,0.07295638903676181,0.9138416308418182
25932,LOF,0.06218707772793285,0.04279631253026018,0.895016609741807
25933,LOF,0.057740269021643996,0.024722244991873008,0.917537485986483
25934,LOF,0.054104916539173736,0.036784581951261004,0.9091105015095653
25935,LOF,0.24412315256806333,0.02562071461219388,0.7302561328197429
25936,LOF,0.05372873263843487,0.02658713025396909,0.9196841371075961
25937,LOF,0.01419524800274713,0.09097583390748296,0.8948289180897698
25938,LOF,0.24491062057351093,0.021356558993956144,0.733732820432533
25939,LOF,0.04261476494905507,0.038158250034870875,0.9192269850160741
25940,GOF,0.006758087562924422,0.605108567932419,0.3881333445046566
25941,LOF,0.36086622222985054,0.09761210214796025,0.5415216756221892
25942,LOF,0.012226261329406456,0.1348535419375331,0.8529201967330604
25943,GOF,0.018660726407831164,0.6335403397143986,0.3477989338777702
25944,LOF,0.017976069554359493,0.39660383684973427,0.5854200935959063
25945,LOF,0.06841655816368586,0.11000627350042542,0.8215771683358887
25946,LOF,0.08129924403018786,0.0701083695124072,0.848592386457405
25947,LOF,0.472732412378737,0.028036262454879987,0.4992313251663832
25948,LOF,0.23370359842955868,0.03410423521122782,0.7321921663592135
25949,LOF,0.2184517015994595,0.030511188742247144,0.7510371096582934
25950,GOF,0.047733046447814384,0.7758243568507945,0.17644259670139112
25951,LOF,0.01335589975245863,0.4083417392594247,0.5783023609881166
25952,LOF,0.087059873367146,0.357725961764142,0.5552141648687119
25953,LOF,0.007077481504667401,0.4168179982670931,0.5761045202282395
25954,GOF,0.027749106778326843,0.5238552239527952,0.44839566926887797
25955,GOF,0.004600897700015969,0.6385319597695263,0.35686714253045776
25956,GOF,0.011229653025127856,0.6543214506220242,0.334448896352848
25957,LOF,0.2420524724650525,0.05505946535603855,0.702888062178909
25958,LOF,0.021679768073545283,0.2191454092510212,0.7591748226754335
25959,GOF,0.004688077582707348,0.6080189231605436,0.3872929992567491
25960,LOF,0.006243861956193587,0.11973237506554191,0.8740237629782645
25961,LOF,0.020696188550002506,0.18810026882557337,0.7912035426244242
25962,LOF,0.1218514302115716,0.02460159962650771,0.8535469701619207
25963,LOF,0.012548758148758284,0.11383814403413801,0.8736130978171036
25964,LOF,0.05771386763558045,0.11071210379085736,0.8315740285735621
25965,LOF,0.15488972412612625,0.1916788409414492,0.6534314349324245
25966,GOF,0.159906992270618,0.4609525602221198,0.37914044750726233
25967,LOF,0.00969619869153725,0.13083797594986601,0.8594658253585966
25968,LOF,0.14177035200697632,0.39879348092238387,0.4594361670706397
25969,LOF,0.21443456089391955,0.024544975228085526,0.7610204638779949
25970,LOF,0.01991308956928027,0.20180479521262146,0.7782821152180983
25971,LOF,0.08246711194486461,0.13649068397907577,0.7810422040760596
25972,LOF,0.06692762215351818,0.12144822465249473,0.8116241531939871
25973,LOF,0.19354105923829804,0.012726431475187448,0.7937325092865145
25974,LOF,0.06415397554876372,0.34501398148128354,0.5908320429699526
25975,LOF,0.052328675732697005,0.028898977536325882,0.9187723467309771
25976,LOF,0.07235626796179373,0.020258683552290945,0.9073850484859154
25977,LOF,0.2043912075698836,0.06377489424721028,0.7318338981829061
25978,LOF,0.21768656873268685,0.17830223587897134,0.6040111953883418
25979,LOF,0.15115129766071242,0.2137615994275932,0.6350871029116943
25980,LOF,0.15419799473992316,0.35482660280843825,0.49097540245163857
25981,LOF,0.15822744725533353,0.3752333860188699,0.46653916672579643
25982,LOF,0.20295476429057172,0.29276198415443144,0.5042832515549968
25983,LOF,0.17325472104841438,0.3147591395441147,0.511986139407471
25984,LOF,0.04010078875381384,0.0812254791391819,0.8786737321070042
25985,Neutral,0.4405512841119377,0.28916727867854847,0.27028143720951375
25986,GOF,0.010122946625492766,0.668656312925415,0.32122074044909227
25987,LOF,0.022907066118946714,0.13642629249165739,0.8406666413893958
25988,LOF,0.03415013965297233,0.11452795146901733,0.8513219088780104
25989,LOF,0.04480450394247056,0.12874924010596075,0.8264462559515686
25990,LOF,0.048727185882892966,0.25414433261600217,0.6971284815011048
25991,GOF,0.046157100515978114,0.7360235973384017,0.21781930214562015
25992,LOF,0.020679755886463716,0.4757166168347717,0.5036036272787646
25993,LOF,0.05469272305830284,0.03972200662583194,0.9055852703158651
25994,LOF,0.058257113708860955,0.0655928346820153,0.8761500516091238
25995,LOF,0.04223882649333575,0.05920888708854301,0.8985522864181213
25996,GOF,0.2889338127083667,0.5502270121036213,0.1608391751880119
25997,GOF,0.056218632453468795,0.6999973056792228,0.2437840618673084
25998,LOF,0.20290945229070753,0.16768485006866812,0.6294056976406243
25999,GOF,0.012626944176828858,0.5980726520747154,0.3893004037484557
26000,LOF,0.12104331530903017,0.014766554415605076,0.8641901302753647
26001,LOF,0.12181110166669347,0.031142116266962613,0.8470467820663439
26002,LOF,0.17907577521885049,0.0077319573323711074,0.8131922674487785
26003,GOF,0.010077502086604144,0.5960338666020392,0.39388863131135676
26004,GOF,0.027948175873856146,0.5346606749975917,0.43739114912855215
26005,GOF,0.005728838732061,0.5166403022281602,0.4776308590397789
26006,GOF,0.1942068707682873,0.5888693339063505,0.21692379532536213
26007,GOF,0.01633678321407426,0.5578422344674864,0.42582098231843934
26008,GOF,0.012611864566118333,0.5530595906675122,0.43432854476636945
26009,GOF,0.028141698155075612,0.7403443024500697,0.23151399939485476
26010,GOF,0.01298834556849627,0.6286016577163978,0.35840999671510587
26011,LOF,0.006412366258692577,0.39485150591548873,0.5987361278258186
26012,GOF,0.007653170099868317,0.5903928799158504,0.4019539499842812
26013,LOF,0.008380287085481877,0.48206948919104226,0.5095502237234759
26014,LOF,0.17587780337128742,0.01229334349932146,0.8118288531293912
26015,LOF,0.13679050359749695,0.09856189561986055,0.7646476007826425
26016,LOF,0.2011106550517824,0.13055746124035905,0.6683318837078585
26017,LOF,0.02049270563294179,0.34759607967678074,0.6319112146902776
26018,LOF,0.024922326119916342,0.2781146310295545,0.6969630428505292
26019,LOF,0.02586604769537664,0.17789885541105407,0.7962350968935693
26020,LOF,0.007370447522752515,0.2104478518887047,0.7821817005885427
26021,LOF,0.06947580912067569,0.17694525245430748,0.7535789384250169
26022,LOF,0.06449820577611842,0.07522760072092556,0.860274193502956
26023,LOF,0.041250732040874025,0.24554885725487088,0.7132004107042551
26024,LOF,0.055026458856748464,0.12444305923927815,0.8205304819039735
26025,LOF,0.07817382646947718,0.24841697739026639,0.6734091961402565
26026,LOF,0.11836995562665883,0.2562755564634789,0.6253544879098624
26027,LOF,0.04097336636323306,0.09857840060413825,0.8604482330326287
26028,LOF,0.035292663709104596,0.365878801523888,0.5988285347670074
26029,LOF,0.02940359007223933,0.4377839054557322,0.5328125044720284
26030,LOF,0.2348211033338813,0.05556642472010772,0.709612471946011
26031,LOF,0.013637798088164151,0.45694520538143185,0.5294169965304041
26032,LOF,0.037791557590992716,0.057303801096934184,0.904904641312073
26033,LOF,0.06733851069197455,0.14634689620140856,0.7863145931066169
26034,LOF,0.01569110048072758,0.2783863546196509,0.7059225448996216
26035,LOF,0.01223030355501092,0.37629096783954524,0.6114787286054439
26036,LOF,0.01117609678301998,0.22936160740447414,0.7594622958125058
26037,LOF,0.011840922709364158,0.24483249595884826,0.7433265813317875
26038,LOF,0.02774580646618585,0.05893309952866273,0.9133210940051514
26039,LOF,0.030036230366116936,0.28927525433635803,0.680688515297525
26040,LOF,0.050798748819382296,0.24922829155254933,0.6999729596280685
26041,LOF,0.013280952530994773,0.2795037816176728,0.7072152658513324
26042,LOF,0.01207007973186712,0.3072821900787186,0.6806477301894143
26043,LOF,0.027187421604447724,0.17364515714069825,0.799167421254854
26044,LOF,0.009859688131828817,0.22643087088985658,0.7637094409783146
26045,GOF,0.05379586761781779,0.596632818139081,0.3495713142431013
26046,LOF,0.02586634927584331,0.1912281329253123,0.7829055177988444
26047,LOF,0.06968680035977225,0.10379084567076778,0.82652235396946
26048,LOF,0.08720284992818345,0.1307440500136156,0.782053100058201
26049,Neutral,0.85194196358556,0.04313289997314979,0.1049251364412904
26050,Neutral,0.8420655606863902,0.038153448170767906,0.11978099114284185
26051,GOF,0.009526738396144676,0.5648742145720493,0.42559904703180607
26052,LOF,0.012206585236566734,0.47559588056770946,0.5121975341957239
26053,LOF,0.02741948042567313,0.03340223980063523,0.9391782797736916
26054,LOF,0.16180989397701426,0.06920627056808781,0.7689838354548979
26055,LOF,0.1709717825005702,0.12094433410967323,0.7080838833897565
26056,LOF,0.1746704152419892,0.126620147551093,0.6987094372069179
26057,LOF,0.054646344274274006,0.032124556686823756,0.9132290990389023
26058,LOF,0.06289587003946935,0.02670641863554868,0.910397711324982
26059,Neutral,0.8320488694843516,0.06908052093393718,0.09887060958171107
26060,LOF,0.014080993363662172,0.298957711634572,0.6869612950017657
26061,LOF,0.014833407351992059,0.028977261349633885,0.956189331298374
26062,LOF,0.008387170898064834,0.07636289272827856,0.9152499363736566
26063,LOF,0.04650638976159226,0.03523151169445648,0.9182620985439514
26064,LOF,0.014649908293923193,0.03785168208778373,0.947498409618293
26065,LOF,0.037193272448583135,0.04546791903407817,0.9173388085173387
26066,LOF,0.046721920475189735,0.046855850847804664,0.9064222286770056
26067,LOF,0.06607705674577265,0.04721099185549398,0.8867119513987335
26068,LOF,0.169520329103705,0.07997740411792209,0.7505022667783728
26069,LOF,0.06910500652949426,0.11715357755470159,0.8137414159158041
26070,LOF,0.08083114318609046,0.11013414548830726,0.8090347113256023
26071,LOF,0.05268449728409416,0.03842545012569714,0.9088900525902087
26072,LOF,0.009892090685721456,0.03232789708834225,0.9577800122259362
26073,LOF,0.043288621846930206,0.029475841475157135,0.9272355366779126
26074,Neutral,0.8128751152710699,0.04567726027674943,0.14144762445218062
26075,LOF,0.05756785841471091,0.17188777661338453,0.7705443649719045
26076,LOF,0.05110079203442432,0.06772959413478744,0.8811696138307883
26077,LOF,0.16287519210940304,0.06880175080836874,0.7683230570822283
26078,LOF,0.00844237193171087,0.055073743354870454,0.9364838847134186
26079,LOF,0.1638072273000193,0.08163577835754138,0.7545569943424393
26080,LOF,0.1638072273000193,0.08163577835754138,0.7545569943424393
26081,LOF,0.05447038537725851,0.03589304978415372,0.9096365648385878
26082,LOF,0.009617701009964303,0.07977737522097839,0.9106049237690573
26083,LOF,0.03446797050335691,0.10933649854708169,0.8561955309495615
26084,LOF,0.05097972725535066,0.05474702127617158,0.8942732514684778
26085,LOF,0.0460341124098684,0.04778228521159246,0.9061836023785391
26086,LOF,0.039545760964271454,0.05998867783312064,0.9004655612026079
26087,LOF,0.055762270640631224,0.06431164851637282,0.879926080842996
26088,LOF,0.01058422266299091,0.13681142977955096,0.8526043475574582
26089,LOF,0.05292248509630268,0.2421333593982017,0.7049441555054956
26090,LOF,0.05706936313840355,0.22848432363140592,0.7144463132301905
26091,LOF,0.040214605995232626,0.04631234256795911,0.9134730514368083
26092,LOF,0.05064607394611477,0.03163621397251323,0.917717712081372
26093,LOF,0.0710340283664141,0.029792720589444627,0.8991732510441413
26094,LOF,0.043068413123908175,0.04630457016388375,0.9106270167122081
26095,LOF,0.015818554979949766,0.05389770776344691,0.9302837372566034
26096,LOF,0.2766011303046662,0.010821229475899863,0.7125776402194339
26097,LOF,0.009462640937846671,0.050188163407500645,0.9403491956546528
26098,LOF,0.16003409765729798,0.06870694213608983,0.7712589602066122
26099,LOF,0.032692645901066235,0.06958414643917395,0.8977232076597599
26100,LOF,0.032692645901066235,0.06958414643917395,0.8977232076597599
26101,LOF,0.03322718219903761,0.08013971546582367,0.8866331023351388
26102,LOF,0.04325159329643629,0.037645521053902745,0.9191028856496609
26103,Neutral,0.8275513597798471,0.06386108740474351,0.10858755281540956
26104,LOF,0.17289795597025998,0.09707586848546394,0.7300261755442762
26105,LOF,0.2536582650117499,0.19704056835368763,0.5493011666345625
26106,LOF,0.26434712835385593,0.2611570277072354,0.4744958439389087
26107,LOF,0.008311736561959212,0.34230985582774115,0.6493784076102995
26108,LOF,0.11759793309390702,0.27790931657514084,0.6044927503309521
26109,LOF,0.04920005696515968,0.07732455477969594,0.8734753882551444
26110,LOF,0.16117085674254528,0.10427076357715584,0.7345583796802989
26111,LOF,0.04123462270459905,0.23868737280672947,0.7200780044886714
26112,LOF,0.03903990994874147,0.05123735767827412,0.9097227323729844
26113,LOF,0.03419373507034189,0.07685020273215648,0.8889560621975016
26114,LOF,0.08725610261491215,0.05048098180365965,0.8622629155814282
26115,LOF,0.010785532086270611,0.4401802968260981,0.5490341710876313
26116,LOF,0.07352173621367096,0.1509563972064084,0.7755218665799207
26117,LOF,0.17933390816387393,0.11988565817414461,0.7007804336619814
26118,LOF,0.04357676172138265,0.026861660138161526,0.9295615781404558
26119,LOF,0.005979248569135908,0.10220597713423428,0.8918147742966298
26120,LOF,0.04604772067932008,0.02532327219386743,0.9286290071268124
26121,LOF,0.004777399261895457,0.2009118406445567,0.7943107600935478
26122,LOF,0.004224618872164532,0.2294250445733071,0.7663503365545284
26123,LOF,0.004926782531594547,0.2169654564531108,0.7781077610152947
