feature0,prediction,LoGoFunc_Neutral,LoGoFunc_GOF,LoGoFunc_LOF
25546,Neutral,0.6633435566955728,0.053415573639469596,0.2832408696649576
25547,Neutral,0.48043798542834293,0.09585910836278445,0.4237029062088726
25548,Neutral,0.4915787929498903,0.07976278805842159,0.42865841899168805
25549,LOF,0.41456436068293817,0.07950853603261565,0.5059271032844462
25550,LOF,0.34541753868945685,0.1130379508065757,0.5415445105039675
25551,LOF,0.2840661551048641,0.1255887905685025,0.5903450543266334
25552,LOF,0.21604149011279905,0.12332841660711494,0.6606300932800859
25553,Neutral,0.8066930048844538,0.042360708774838704,0.1509462863407075
25554,LOF,0.2721345515482425,0.11431199464954123,0.6135534538022163
25555,LOF,0.21685458679768585,0.10801377051120738,0.6751316426911067
25556,LOF,0.43825643676419773,0.09703667787103208,0.4647068853647702
25557,LOF,0.20743439464081748,0.11465664934449751,0.677908956014685
25558,LOF,0.2752035210388324,0.11532369718756856,0.609472781773599
25559,LOF,0.1951186921363664,0.16081127548393778,0.6440700323796957
25560,LOF,0.07270196571130373,0.12524113991604652,0.8020568943726497
25561,LOF,0.13638939264112768,0.1150233533953837,0.7485872539634887
25562,LOF,0.06297233043543651,0.07655943229672788,0.8604682372678356
25563,LOF,0.08866033261498807,0.06943961667561543,0.8419000507093964
25564,LOF,0.21234938228486377,0.15345895200175164,0.6341916657133846
25565,LOF,0.18723161397772792,0.12438722617678433,0.6883811598454878
25566,GOF,0.020571118512411557,0.7597035834223382,0.21972529806525026
25567,LOF,0.025886902490121117,0.13064456748467757,0.8434685300252013
25568,LOF,0.06256314704978161,0.07016417927225647,0.8672726736779619
25569,LOF,0.060902490337076925,0.06895096337479792,0.870146546288125
25570,LOF,0.031401735421134794,0.10084251092302127,0.867755753655844
25571,LOF,0.030931280993780355,0.09739690944234713,0.8716718095638726
25572,LOF,0.03465997642501867,0.12399068042430406,0.8413493431506773
25573,LOF,0.026963371192218647,0.0904437175211999,0.8825929112865813
25574,LOF,0.015497577846090706,0.16788666447223538,0.816615757681674
25575,LOF,0.025985952871746893,0.11011018174580615,0.8639038653824469
25576,LOF,0.012627659123023315,0.1470048718665508,0.8403674690104259
25577,LOF,0.011706246046825415,0.1127834779271071,0.8755102760260675
25578,LOF,0.2803141325927834,0.07732167836300075,0.6423641890442158
25579,LOF,0.12290377352093868,0.08405882745568677,0.7930373990233744
25580,LOF,0.0192456514161199,0.0726377661996581,0.9081165823842219
25581,LOF,0.04789906334366974,0.06936804302432792,0.8827328936320024
25582,LOF,0.04795634796159133,0.06814689823976852,0.8838967537986401
25583,LOF,0.021201136620941665,0.08116115399333194,0.8976377093857264
25584,Neutral,0.5106761514777894,0.10791619673747017,0.38140765178474034
25585,LOF,0.012660394546019286,0.1188499078779033,0.8684896975760773
25586,LOF,0.019180206268951814,0.06602288811966428,0.9147969056113839
25587,LOF,0.017884068538682706,0.057902389568219303,0.924213541893098
25588,LOF,0.018598148763633044,0.0719421600394891,0.9094596911968778
25589,Neutral,0.6324825302579006,0.1391127326369574,0.22840473710514203
25590,LOF,0.02040365805600667,0.1202275432884469,0.8593687986555464
25591,LOF,0.07478203391113379,0.06236779274060754,0.8628501733482588
25592,LOF,0.05431385638454475,0.12398483890918009,0.8217013047062751
25593,LOF,0.01867721238571337,0.2778807620501274,0.7034420255641591
25594,LOF,0.035134645599167014,0.13064747579273064,0.8342178786081023
25595,LOF,0.034848739201441103,0.10356765273905634,0.8615836080595024
25596,LOF,0.052167083557549426,0.0703248487802601,0.8775080676621906
25597,LOF,0.03380007338470998,0.0853720076494797,0.8808279189658103
25598,LOF,0.032854188713019115,0.1097449331181199,0.857400878168861
25599,GOF,0.00802633235673306,0.5557168571750822,0.43625681046818465
25600,GOF,0.0239052442043741,0.6050705630385641,0.3710241927570619
25601,LOF,0.012800875992123584,0.4070238529159987,0.5801752710918777
25602,LOF,0.012181033126322972,0.05427287720341935,0.9335460896702577
25603,LOF,0.040199934626044265,0.021127941551137862,0.9386721238228178
25604,LOF,0.016719024700483184,0.05235050728495756,0.9309304680145593
25605,LOF,0.009800407701863691,0.1619884601176848,0.8282111321804515
25606,LOF,0.11934588785756622,0.2587827944996771,0.6218713176427567
25607,LOF,0.005957256551177347,0.17928486492706716,0.8147578785217554
25608,LOF,0.011628687951885994,0.09636490231356408,0.8920064097345499
25609,LOF,0.0735763603746586,0.3968602135479124,0.529563426077429
25610,LOF,0.02037195734498773,0.024731001764460202,0.954897040890552
25611,LOF,0.01948379391513813,0.025728099696675832,0.954788106388186
25612,LOF,0.06342464131602281,0.03497398600179701,0.9016013726821801
25613,LOF,0.057175871308658074,0.03550394112956499,0.9073201875617769
25614,LOF,0.028004280613106117,0.03066395032191151,0.9413317690649825
25615,LOF,0.01795375712486811,0.042104221437233455,0.9399420214378984
25616,LOF,0.05220748835828059,0.029097276496347725,0.9186952351453715
25617,LOF,0.05238068850821941,0.030550229470467264,0.9170690820213133
25618,LOF,0.06479319067790891,0.03355892629944278,0.9016478830226483
25619,LOF,0.01889525092186433,0.03149209769954149,0.9496126513785942
25620,LOF,0.06922743523989719,0.038727261768929815,0.892045302991173
25621,LOF,0.018724975508027653,0.031998466464338605,0.9492765580276337
25622,LOF,0.024378485101582595,0.04052787008938846,0.935093644809029
25623,LOF,0.036347870369029055,0.03688341868758895,0.926768710943382
25624,LOF,0.023117996661260902,0.03750602231016009,0.939375981028579
25625,LOF,0.024196587721082193,0.05059988245509482,0.9252035298238229
25626,LOF,0.05579691689842781,0.033014915030795636,0.9111881680707766
25627,Neutral,0.6256239559701855,0.08430761013526196,0.29006843389455267
25628,LOF,0.18221238926726005,0.04856890755457246,0.7692187031781675
25629,LOF,0.039522589954499386,0.061072850185191783,0.8994045598603088
25630,LOF,0.15125256853448807,0.08581141528235149,0.7629360161831604
25631,Neutral,0.6129418481157238,0.052840032380891626,0.3342181195033846
25632,LOF,0.007574537421275089,0.06846874268689518,0.9239567198918298
25633,LOF,0.21425746581045588,0.0452790373749847,0.7404634968145594
25634,LOF,0.030484289294316697,0.09178664531745204,0.8777290653882311
25635,LOF,0.03769715264142548,0.049259182169473004,0.9130436651891015
25636,GOF,0.005757015113068338,0.4987788655533501,0.4954641193335815
25637,GOF,0.00726988814341667,0.5025472792431074,0.49018283261347595
25638,LOF,0.00940195258083945,0.24177872427241134,0.7488193231467491
25639,LOF,0.005727141354341303,0.3746582983390472,0.6196145603066114
25640,Neutral,0.508507716234157,0.41772273686729383,0.07376954689854913
25641,LOF,0.008498304162822191,0.49046753986452984,0.501034155972648
25642,LOF,0.23372054554626104,0.11299590063126365,0.6532835538224754
25643,LOF,0.12240688583722817,0.15821749852168226,0.7193756156410895
25644,GOF,0.007827132494266274,0.5229393915416001,0.4692334759641336
25645,LOF,0.0068168800597352966,0.4743526960850725,0.5188304238551922
25646,LOF,0.012020961709026215,0.38799723563604066,0.5999818026549331
25647,LOF,0.00890702662693444,0.32156344059187425,0.6695295327811913
25648,LOF,0.008130959733351319,0.3089584258589397,0.682910614407709
25649,LOF,0.006761401385368126,0.2547177174275014,0.7385208811871304
25650,LOF,0.011765188275552937,0.4647315795245614,0.5235032321998856
25651,LOF,0.005309324093695561,0.32191241059375975,0.6727782653125447
25652,LOF,0.008533469710659063,0.30191695444781513,0.6895495758415259
25653,LOF,0.02023829095794005,0.4525118417726407,0.5272498672694194
25654,LOF,0.009042432332392603,0.2198124429564739,0.7711451247111335
25655,LOF,0.03294432646181617,0.4550078256494384,0.5120478478887454
25656,LOF,0.20190812389215892,0.06245487250106775,0.7356370036067734
25657,LOF,0.27978280526671623,0.03220570651131541,0.6880114882219684
25658,LOF,0.07340949575545526,0.10042709604447365,0.8261634082000711
25659,LOF,0.4225159354474191,0.07782095712788685,0.4996631074246941
25660,LOF,0.0300623753973706,0.08548394392433845,0.884453680678291
25661,LOF,0.0956121481977853,0.062296845609315254,0.8420910061928994
25662,LOF,0.033145463972982,0.03631004360024321,0.9305444924267747
25663,LOF,0.041571011153688685,0.05074146471166628,0.907687524134645
25664,LOF,0.04695399484118046,0.06708641626818475,0.8859595888906348
25665,LOF,0.053672875830994705,0.028906149717866654,0.9174209744511387
25666,LOF,0.03916743896783133,0.08682004416116522,0.8740125168710033
25667,LOF,0.0672283819973733,0.039536279246799914,0.8932353387558268
25668,LOF,0.03610611242786818,0.04384522489039793,0.9200486626817339
25669,LOF,0.03289576715713305,0.06115551378076212,0.9059487190621047
25670,LOF,0.06063964460359779,0.05662887145086112,0.882731483945541
25671,LOF,0.09696101242730057,0.03534688147813295,0.8676921060945666
25672,LOF,0.05839436786060637,0.03798915123174017,0.9036164809076535
25673,LOF,0.026435647883352554,0.04904559254164544,0.924518759575002
25674,LOF,0.02281809676987629,0.06123465482799283,0.9159472484021308
25675,LOF,0.03641378601087633,0.05189650052361594,0.9116897134655078
25676,LOF,0.019474643053300777,0.04924440182385071,0.9312809551228486
25677,LOF,0.030127420724319624,0.06328961203293888,0.9065829672427415
25678,LOF,0.1942401738325075,0.05334279802367259,0.7524170281438199
25679,LOF,0.16540018040962395,0.07763978304407033,0.7569600365463058
25680,LOF,0.04589457228068626,0.10194595043283207,0.8521594772864818
25681,LOF,0.06907466896530474,0.096866049643791,0.8340592813909044
25682,LOF,0.14865028864802884,0.0688646535164374,0.7824850578355338
25683,LOF,0.08297801708518052,0.10610405304919732,0.8109179298656223
25684,LOF,0.04667082863608909,0.06828794104814662,0.8850412303157644
25685,LOF,0.09795880102230672,0.04218801742691804,0.8598531815507752
25686,LOF,0.030603780912105413,0.07749075774894779,0.8919054613389468
25687,LOF,0.054781618991198044,0.0673674117176674,0.8778509692911346
25688,LOF,0.04761711285831565,0.07691270678875568,0.8754701803529287
25689,LOF,0.029008209697789347,0.07727204562674611,0.8937197446754644
25690,LOF,0.035684171557990425,0.06771015421401183,0.8966056742279978
25691,LOF,0.25513008535591497,0.08986215150621153,0.6550077631378736
25692,LOF,0.26122218214414633,0.009184894393703612,0.72959292346215
25693,LOF,0.057212372453669454,0.32908581293982914,0.6137018146065014
25694,LOF,0.2205716155139489,0.01588559639950542,0.7635427880865456
25695,LOF,0.13747382585443033,0.021258453983618846,0.8412677201619507
25696,LOF,0.1004100036005932,0.01246013032724758,0.8871298660721592
25697,LOF,0.09307473274559878,0.023821779103070845,0.8831034881513304
25698,LOF,0.07969222374368441,0.4347569512808614,0.4855508249754543
25699,LOF,0.052497848716267434,0.07394750345745403,0.8735546478262786
25700,LOF,0.050616056185673,0.009218134460365285,0.9401658093539618
25701,LOF,0.016440107020081,0.09333339137606227,0.8902265016038567
25702,GOF,0.03754030622602759,0.6447540471875101,0.3177056465864625
25703,LOF,0.008817915372717786,0.15658787539667224,0.8345942092306099
25704,LOF,0.05904902113939725,0.10944753911278923,0.8315034397478135
25705,LOF,0.07172426620403893,0.24090271397800964,0.6873730198179514
25706,LOF,0.029252273794914484,0.4070327039702583,0.5637150222348273
25707,LOF,0.01876306926918571,0.32742948929073157,0.6538074414400828
25708,LOF,0.008108827655814043,0.29614992435850884,0.6957412479856772
25709,LOF,0.06454158761489621,0.04490588649733422,0.8905525258877697
25710,LOF,0.005867316193252644,0.13519192131389626,0.8589407624928511
25711,LOF,0.020594749874569693,0.1083584518589255,0.8710467982665048
25712,LOF,0.0076894178869243565,0.18315985147489738,0.8091507306381782
25713,LOF,0.022124354383400695,0.0909472971124703,0.8869283485041289
25714,LOF,0.06821926233882919,0.11880418964391164,0.8129765480172592
25715,LOF,0.013973602405099064,0.12150239276515987,0.8645240048297411
25716,LOF,0.0067782267102015365,0.11894624649785579,0.8742755267919428
25717,LOF,0.006758588944390657,0.07512740765401568,0.9181140034015937
25718,LOF,0.014752985433245488,0.08165396874568501,0.9035930458210695
25719,LOF,0.02279454981503543,0.07959230615040616,0.8976131440345584
25720,LOF,0.02417806700216002,0.07211159844977962,0.9037103345480604
25721,LOF,0.01961564863781515,0.09593778574332792,0.8844465656188569
25722,LOF,0.017628152990334947,0.10875855249519384,0.8736132945144711
25723,LOF,0.02296503080571265,0.05413597437349381,0.9228989948207936
25724,LOF,0.021861738526926366,0.08910226095719262,0.8890360005158809
25725,LOF,0.013998041119942402,0.06347700290208355,0.922524955977974
25726,LOF,0.017335691582556618,0.08994305504206423,0.8927212533753792
25727,LOF,0.015035884688701777,0.06919720078997882,0.9157669145213195
25728,LOF,0.012883165185626792,0.09326555573697497,0.8938512790773983
25729,LOF,0.013225071323690706,0.09464329450433653,0.8921316341719728
25730,LOF,0.019014834285968094,0.07643060678757163,0.9045545589264603
25731,LOF,0.008462273597859485,0.11709702422016907,0.8744407021819713
25732,LOF,0.01982457207369327,0.07587595368996863,0.904299474236338
25733,LOF,0.01894839960998207,0.06364506200076737,0.9174065383892505
25734,LOF,0.0058871650848038425,0.12195153932074373,0.8721612955944525
25735,LOF,0.016315531982597088,0.06159592286005672,0.9220885451573462
25736,LOF,0.01678236317002154,0.09145685745063992,0.8917607793793385
25737,LOF,0.023759508776018425,0.08128276543261137,0.8949577257913701
25738,LOF,0.015784678259843313,0.11803327054193712,0.8661820511982196
25739,LOF,0.02354241023304989,0.0946369706961938,0.8818206190707563
25740,LOF,0.034239163106720344,0.10831016560728993,0.8574506712859897
25741,LOF,0.0174546907313943,0.10284468864665311,0.8797006206219526
25742,LOF,0.10159845298500567,0.10102974965885728,0.7973717973561371
25743,LOF,0.017128271153646443,0.03335892181241807,0.9495128070339355
25744,GOF,0.2063880376758965,0.4114057818265828,0.3822061804975208
25745,LOF,0.028057607623345093,0.05973374732922896,0.9122086450474259
25746,LOF,0.01735089628449959,0.0694128743564998,0.9132362293590006
25747,LOF,0.02933245471029684,0.030703795549652017,0.939963749740051
25748,LOF,0.13910174628490068,0.05193210176272784,0.8089661519523714
25749,LOF,0.016029841302174594,0.062052333908899394,0.9219178247889259
25750,LOF,0.030766276945245037,0.07837522823543652,0.8908584948193183
25751,LOF,0.11567304533401541,0.06232973980459416,0.8219972148613904
25752,GOF,0.13154883170748233,0.5690041831787047,0.29944698511381296
25753,LOF,0.008724767068191827,0.2771945363114679,0.7140806966203403
25754,GOF,0.005017194592571382,0.7765722691803761,0.21841053622705253
25755,LOF,0.010367031340474047,0.37602910253584976,0.6136038661236761
25756,LOF,0.04872942163841794,0.35080241233570186,0.6004681660258802
25757,GOF,0.00559965336184273,0.8342334538913353,0.16016689274682205
25758,GOF,0.006423076625497551,0.8061455190927902,0.1874314042817121
25759,GOF,0.004388073623985317,0.5298462091769144,0.46576571719910037
25760,LOF,0.005839640535553325,0.23709457850124419,0.7570657809632024
25761,GOF,0.04427206898289024,0.8136189222852336,0.14210900873187618
25762,LOF,0.03759944950664663,0.2627049611734824,0.699695589319871
25763,LOF,0.006842905905099659,0.18084063144660006,0.8123164626483003
25764,GOF,0.17545969236446715,0.4878255502528628,0.33671475738267004
25765,GOF,0.010500826482033643,0.755226215493579,0.2342729580243874
25766,GOF,0.015573467595914174,0.7895547618384684,0.19487177056561755
25767,GOF,0.024604625094051646,0.5220185642322047,0.4533768106737436
25768,LOF,0.07973533683001172,0.08222028528913368,0.8380443778808546
25769,LOF,0.08678775578555667,0.06579975764965493,0.8474124865647884
25770,LOF,0.3487655248754727,0.08136410177737799,0.5698703733471494
25771,LOF,0.014268398076093263,0.05873205026686397,0.9269995516570427
25772,LOF,0.02104957296677809,0.02999996155822974,0.9489504654749923
25773,LOF,0.012602613165915212,0.11807823612372942,0.8693191507103554
25774,LOF,0.02782503639828625,0.0739305272361043,0.8982444363656096
25775,LOF,0.015659207149675856,0.049311471960397056,0.9350293208899271
25776,LOF,0.08579612409138562,0.027008633215588572,0.8871952426930259
25777,LOF,0.32567324101612977,0.0490462020525516,0.6252805569313187
25778,LOF,0.0734550167465678,0.0491380545080886,0.8774069287453437
25779,GOF,0.08331833583057945,0.8500789828293521,0.06660268134006858
25780,GOF,0.07596275547699766,0.834610143978035,0.08942710054496746
25781,GOF,0.027952362781501598,0.8497257753078955,0.1223218619106029
25782,GOF,0.0356070911726514,0.8601599416384446,0.10423296718890383
25783,GOF,0.012450270839800838,0.6470842235402519,0.3404655056199473
25784,GOF,0.13662698591386027,0.8043380657831388,0.05903494830300092
25785,GOF,0.0744779050958165,0.865292916735551,0.0602291781686325
25786,GOF,0.006176084734476503,0.7910388138563971,0.2027851014091265
25787,GOF,0.22029369297040943,0.7278106077829161,0.051895699246674545
25788,LOF,0.04812443861625519,0.12570045995131343,0.8261751014324314
25789,GOF,0.034554000603681266,0.7986760036784216,0.16676999571789702
25790,GOF,0.03716720515317129,0.8336971157784102,0.12913567906841852
25791,GOF,0.02669629241214135,0.7648985070029548,0.2084052005849037
25792,GOF,0.048911661346081374,0.7563967467474999,0.1946915919064187
25793,GOF,0.07111657018514624,0.7153045281537714,0.21357890166108234
25794,GOF,0.10518918058337996,0.6664417870569553,0.22836903235966483
25795,GOF,0.02535504568675056,0.7432953262717363,0.23134962804151304
25796,GOF,0.13394065897957794,0.7392003046136849,0.1268590364067372
25797,GOF,0.034057217689969575,0.5879332154796217,0.3780095668304087
25798,GOF,0.003396814992596668,0.5371681285427872,0.4594350564646162
25799,LOF,0.0032204528188107804,0.42685613304546516,0.5699234141357241
25800,GOF,0.011209934801755148,0.6219268452390775,0.3668632199591673
25801,GOF,0.03966681443298145,0.799682803932151,0.16065038163486753
25802,GOF,0.01891083885621962,0.712527579685263,0.26856158145851733
25803,GOF,0.010648027975510371,0.5833688463263244,0.40598312569816536
25804,LOF,0.011855929083994948,0.480756360005104,0.5073877109109011
25805,GOF,0.02144869061937596,0.6162622788990789,0.3622890304815451
25806,GOF,0.01826000388636295,0.6154846686072538,0.3662553275063832
25807,GOF,0.006112307223623476,0.6453038947148175,0.348583798061559
25808,GOF,0.014737573755087401,0.6506095736730002,0.33465285257191235
25809,GOF,0.006547381886681691,0.6036048908676722,0.38984772724564615
25810,GOF,0.005332477873388578,0.6221047081736254,0.37256281395298596
25811,GOF,0.11617985080456524,0.7516113639239689,0.13220878527146593
25812,GOF,0.0124250404927785,0.621873254484214,0.3657017050230075
25813,GOF,0.13029747219867868,0.6987733770437478,0.17092915075757364
25814,GOF,0.027396708713588732,0.7062065481483087,0.2663967431381025
25815,GOF,0.043094109592668246,0.7206126938725708,0.23629319653476083
25816,GOF,0.007268175920778922,0.7302494186285786,0.26248240545064244
25817,GOF,0.055693000900614124,0.7756247436985689,0.16868225540081702
25818,GOF,0.017434875616097727,0.7060662279385679,0.2764988964453343
25819,GOF,0.07354679749071029,0.7193792273866915,0.20707397512259823
25820,GOF,0.03188759834454958,0.7328699509695329,0.23524245068591731
25821,GOF,0.015969250504018376,0.7087703098376652,0.2752604396583165
25822,GOF,0.035881091562483876,0.7213623287313101,0.24275657970620604
25823,GOF,0.01115901425711084,0.5558600979089465,0.4329808878339425
25824,GOF,0.019497614275137378,0.6792953717406721,0.3012070139841905
25825,GOF,0.011730361012064322,0.6505962426119237,0.33767339637601185
25826,GOF,0.005163665520412124,0.6408352681700199,0.354001066309568
25827,GOF,0.00789105765323241,0.6519265963869659,0.34018234595980174
25828,GOF,0.005056482562771314,0.5715464810337301,0.4233970364034986
25829,GOF,0.003082825554011972,0.6044716319950478,0.3924455424509402
25830,LOF,0.044264093646732686,0.33186813846209684,0.6238677678911705
25831,GOF,0.047929977562160365,0.8179610847220401,0.13410893771579938
25832,GOF,0.008265784979776272,0.7582462234874358,0.23348799153278793
25833,GOF,0.03130926972626102,0.7905926922349082,0.17809803803883067
25834,GOF,0.009095468811994176,0.7663440157528592,0.2245605154351467
25835,GOF,0.01862634742426483,0.816163579808001,0.1652100727677341
25836,GOF,0.007673581804657584,0.7399565110052403,0.2523699071901022
25837,GOF,0.006617430738317742,0.6576062759573784,0.3357762933043039
25838,GOF,0.02242271947379065,0.8272631573183528,0.15031412320785661
25839,GOF,0.05724360621304621,0.7645953651712414,0.1781610286157122
25840,GOF,0.05372912723341581,0.7763630176466325,0.16990785511995163
25841,GOF,0.05176525724218148,0.8039443075009739,0.14429043525684465
25842,GOF,0.028936399160838164,0.8408704904029051,0.1301931104362568
25843,GOF,0.029985778739959664,0.8632775916155445,0.10673662964449585
25844,GOF,0.020721232131301687,0.7735144900435034,0.20576427782519496
25845,GOF,0.005875227725402644,0.5580621587716957,0.43606261350290154
25846,GOF,0.03690657971328157,0.8347230626417611,0.12837035764495733
25847,GOF,0.020800036706914913,0.8752501886956938,0.10394977459739141
25848,GOF,0.012955619540584499,0.787343745493315,0.19970063496610047
25849,GOF,0.004430796055545793,0.6675773379103489,0.32799186603410535
25850,GOF,0.006823074142398873,0.6971436677561768,0.2960332581014243
25851,GOF,0.006338861342460068,0.5805950082246855,0.41306613043285456
25852,GOF,0.1661207108468566,0.5302320206704065,0.30364726848273677
25853,GOF,0.07430245480009393,0.8169972119008013,0.10870033329910479
25854,GOF,0.008375954711886372,0.6561590202275129,0.3354650250606008
25855,GOF,0.012461456655251219,0.5970246562677576,0.39051388707699125
25856,GOF,0.047424889432677336,0.6939229442251948,0.2586521663421279
25857,GOF,0.012432065711930604,0.5432270730592342,0.4443408612288351
25858,GOF,0.0077004703569156,0.5320609997449991,0.4602385298980853
25859,GOF,0.0051720173568364156,0.517925165643355,0.4769028169998086
25860,GOF,0.08520116689402864,0.7890952583729964,0.125703574732975
25861,GOF,0.13006023033498962,0.7629745181443458,0.10696525152066459
25862,GOF,0.02031460096794159,0.8231273182753694,0.15655808075668906
25863,GOF,0.021160662633446507,0.8302742348726918,0.14856510249386162
25864,GOF,0.049276079981424414,0.8656961948726547,0.08502772514592097
25865,GOF,0.028987760143449486,0.8542881389759828,0.11672410088056767
25866,GOF,0.024116228813978048,0.8201525492133855,0.15573122197263634
25867,GOF,0.030817660422442605,0.8545590706635448,0.1146232689140127
25868,GOF,0.06705700322021305,0.7758486276585405,0.1570943691212466
25869,GOF,0.33504057946064886,0.5603549266505247,0.1046044938888265
25870,GOF,0.20574725084523154,0.4991600175369413,0.2950927316178273
25871,GOF,0.03248882475551088,0.8178330185498687,0.14967815669462034
25872,GOF,0.018741787901748234,0.7572967027359235,0.2239615093623282
25873,GOF,0.026141443907294618,0.8024593972868279,0.1713991588058775
25874,LOF,0.017570429805404145,0.14392691988691467,0.8385026503076812
25875,LOF,0.02947781137041545,0.046971231155336635,0.9235509574742479
25876,LOF,0.015975910877426287,0.03215710128040731,0.9518669878421665
25877,LOF,0.14174614382636366,0.07296828319022176,0.7852855729834146
25878,LOF,0.062096627322991364,0.11560056518677511,0.8223028074902334
25879,LOF,0.023490679359506075,0.09064800506823018,0.8858613155722637
25880,LOF,0.04780340127323988,0.011856751593621914,0.9403398471331382
25881,Neutral,0.5372579144490895,0.04171306299071697,0.4210290225601934
25882,LOF,0.02061696385288524,0.028131947994771842,0.9512510881523428
25883,LOF,0.05492184925248024,0.024875118441078,0.9202030323064417
25884,LOF,0.009125001756151808,0.038136071749977435,0.9527389264938708
25885,LOF,0.16635894025602552,0.0062407860370935885,0.827400273706881
25886,LOF,0.240177875853868,0.05631013551659312,0.7035119886295389
25887,LOF,0.14638937147556208,0.050923230755717266,0.8026873977687207
25888,LOF,0.012875769110476793,0.09947239798088135,0.8876518329086419
25889,LOF,0.01145366995463213,0.028879921581911994,0.9596664084634559
25890,LOF,0.13275930113566076,0.09323208677798,0.7740086120863592
25891,LOF,0.04320353854467292,0.056757789641670685,0.9000386718136565
25892,LOF,0.014237883247487681,0.04330672550841056,0.9424553912441018
25893,LOF,0.43587461425525215,0.013760742516780361,0.5503646432279675
25894,LOF,0.440870095510468,0.007494755632337361,0.5516351488571947
25895,LOF,0.3730732962296542,0.014815253893676295,0.6121114498766695
25896,LOF,0.04181343216534237,0.027473231657913898,0.9307133361767437
25897,LOF,0.20793524052086626,0.015525566536200765,0.776539192942933
25898,LOF,0.2486226259489661,0.03296341161173437,0.7184139624392997
25899,LOF,0.1859623393412687,0.0323429385895833,0.7816947220691481
25900,Neutral,0.49889096059842086,0.01440831288559981,0.48670072651597934
25901,LOF,0.04636650438793886,0.013053213102075134,0.9405802825099859
25902,LOF,0.09498952777434665,0.016675761010785647,0.8883347112148678
25903,LOF,0.40901358271073407,0.0372555312529097,0.5537308860363562
25904,LOF,0.3299109974954126,0.05019675027255611,0.6198922522320314
25905,LOF,0.006207850587030085,0.4227797576036637,0.5710123918093062
25906,LOF,0.009402081672806022,0.09616126620080026,0.8944366521263936
25907,LOF,0.0040354584763480136,0.3935168380175384,0.6024477035061135
25908,LOF,0.0035251067892251658,0.2934607642194565,0.7030141289913183
25909,LOF,0.013447609367684195,0.12430449946913318,0.8622478911631827
25910,LOF,0.01707141130690818,0.15930089654221816,0.8236276921508736
25911,LOF,0.2010590297862196,0.032329099205157814,0.7666118710086226
25912,LOF,0.06973791546225971,0.03713146764692029,0.8931306168908201
25913,LOF,0.0754454036984199,0.04782674860699777,0.8767278476945822
25914,LOF,0.02112491236664029,0.056769135142044756,0.9221059524913149
25915,LOF,0.1248387509397375,0.34740866925412395,0.5277525798061385
25916,LOF,0.017154033802932716,0.2517155933175698,0.7311303728794976
25917,LOF,0.05412449235528093,0.040257759349807985,0.905617748294911
25918,LOF,0.026028551104056566,0.032105612270890524,0.941865836625053
25919,LOF,0.022083757127905803,0.032108456662554796,0.9458077862095395
25920,LOF,0.0623499921988528,0.43937741572149375,0.4982725920796535
25921,LOF,0.010372119128838444,0.04759751086519679,0.9420303700059647
25922,LOF,0.012657888700928715,0.03570382554736862,0.9516382857517026
25923,LOF,0.47727187040130625,0.03930833527902736,0.4834197943196664
25924,LOF,0.017677248409573906,0.045507846477293036,0.9368149051131331
25925,LOF,0.07636667992057032,0.045871312153042805,0.8777620079263868
25926,LOF,0.057299103260230126,0.043538104953716926,0.899162791786053
25927,LOF,0.01577007943576278,0.15591407079950473,0.8283158497647326
25928,LOF,0.008117674325731615,0.06033239219592419,0.9315499334783442
25929,Neutral,0.590166339598605,0.041794524382183604,0.36803913601921145
25930,LOF,0.07119374714345823,0.03474670979332267,0.894059543063219
25931,LOF,0.01007160339685248,0.039105316149187344,0.9508230804539601
25932,LOF,0.03128280723561439,0.032711706905614424,0.9360054858587711
25933,LOF,0.041521813161462584,0.021296613586461524,0.9371815732520757
25934,LOF,0.028253621605897738,0.023172987237827885,0.9485733911562743
25935,LOF,0.06720648082810703,0.0591137539957266,0.8736797651761663
25936,LOF,0.04702200828823299,0.025589034808117216,0.9273889569036499
25937,LOF,0.010020030631493397,0.039996753116429695,0.9499832162520768
25938,LOF,0.06491526298736695,0.06306155178616184,0.8720231852264712
25939,LOF,0.040900566825609164,0.026600089879869136,0.9324993432945218
25940,LOF,0.0070937123041964565,0.2988528016379054,0.6940534860578982
25941,Neutral,0.5085797090747232,0.051321081753845,0.4400992091714319
25942,LOF,0.004729589834596472,0.042631354448779246,0.9526390557166242
25943,LOF,0.03443524907275692,0.13056739330354908,0.8349973576236941
25944,LOF,0.08894959470033001,0.07810959067249328,0.8329408146271766
25945,LOF,0.05661259021602945,0.02060471854560731,0.9227826912383633
25946,LOF,0.06445203598556151,0.0658370294730695,0.869710934541369
25947,Neutral,0.47901938963546364,0.08790147684287428,0.43307913352166216
25948,LOF,0.33356149910192573,0.009361004126239084,0.6570774967718351
25949,LOF,0.08780575235473749,0.04797979422132934,0.8642144534239331
25950,GOF,0.04811787667132475,0.5183511472951727,0.43353097603350244
25951,LOF,0.021749065239836572,0.3360858959380093,0.642165038822154
25952,LOF,0.2715270587459579,0.22845648461226312,0.5000164566417791
25953,LOF,0.01598848519604575,0.13059877176719326,0.853412743036761
25954,LOF,0.0700075084273701,0.3547184634258978,0.5752740281467321
25955,LOF,0.012215348610008083,0.0977058038238001,0.8900788475661918
25956,LOF,0.027821454257393248,0.16862625493899255,0.8035522908036142
25957,LOF,0.13683394089555417,0.020772958669213117,0.8423931004352327
25958,LOF,0.04652265183381627,0.034410278058547544,0.9190670701076361
25959,LOF,0.01247505249823229,0.3961387016535787,0.5913862458481891
25960,LOF,0.005911022034703236,0.057488503181523896,0.9366004747837728
25961,LOF,0.03614939840633149,0.031437058503612086,0.9324135430900565
25962,LOF,0.03465641065452459,0.061594112244517364,0.903749477100958
25963,LOF,0.0054718560295633975,0.27678092340710414,0.7177472205633324
25964,LOF,0.03207617532748496,0.11496441976178848,0.8529594049107264
25965,LOF,0.3459276190228393,0.08994558455884819,0.5641267964183125
25966,Neutral,0.5287683399100574,0.15545178193196257,0.3157798781579801
25967,LOF,0.006816688465887922,0.07711909968200616,0.916064211852106
25968,LOF,0.0364295392897215,0.3719835570747831,0.5915869036354954
25969,LOF,0.12021400754216403,0.06551677359504934,0.8142692188627867
25970,LOF,0.019173978457006965,0.07219359587340528,0.9086324256695878
25971,LOF,0.06561779205713059,0.029380497351122973,0.9050017105917464
25972,LOF,0.06391325544475031,0.040725952446896654,0.8953607921083531
25973,LOF,0.0525363973044582,0.00974370246505425,0.9377199002304876
25974,LOF,0.03401365906496574,0.03315735969187686,0.9328289812431575
25975,LOF,0.04566325803008611,0.023893972240907054,0.9304427697290069
25976,LOF,0.10698034430024837,0.01048168810819166,0.88253796759156
25977,LOF,0.18978890659364722,0.05488913212496477,0.7553219612813881
25978,LOF,0.16546856249967257,0.09899250753539511,0.7355389299649324
25979,LOF,0.14419636876168923,0.09550341812255896,0.7603002131157518
25980,LOF,0.2380559443044714,0.12492518076763123,0.6370188749278973
25981,LOF,0.26577678852310327,0.1244702736542891,0.6097529378226076
25982,LOF,0.4241365809362548,0.08406572247314391,0.4917976965906013
25983,LOF,0.4033804703635709,0.08497556111114256,0.5116439685252866
25984,LOF,0.04414050042156673,0.05053867291935237,0.905320826659081
25985,LOF,0.3960852990581499,0.14084596563511848,0.4630687353067315
25986,LOF,0.009444890556039448,0.38809080291048137,0.6024643065334792
25987,LOF,0.03330885972454878,0.08410715474902268,0.8825839855264286
25988,LOF,0.16494599493015205,0.07838161178147118,0.7566723932883768
25989,LOF,0.037069878482494614,0.12691411706685146,0.8360160044506538
25990,LOF,0.037511267645066265,0.19372116628722386,0.7687675660677099
25991,LOF,0.015643581388037654,0.3566454190880052,0.6277109995239571
25992,LOF,0.024817516813047214,0.33324250700944524,0.6419399761775074
25993,LOF,0.02219651001401924,0.0794895443465255,0.8983139456394552
25994,LOF,0.016655225759970593,0.07738556759765992,0.9059592066423695
25995,LOF,0.021712493539211317,0.1684595938741117,0.809827912586677
25996,LOF,0.31434430938335484,0.30153058178776526,0.3841251088288799
25997,LOF,0.05980349200011141,0.34783926036941926,0.5923572476304694
25998,LOF,0.27532813024941033,0.04244390497636165,0.6822279647742281
25999,LOF,0.016710040854386522,0.2129895856172129,0.7703003735284005
26000,LOF,0.14669236344173694,0.027033950820354934,0.8262736857379082
26001,LOF,0.3165533612832376,0.02134686782227117,0.6620997708944913
26002,LOF,0.06663944751272845,0.042273832001728615,0.8910867204855428
26003,GOF,0.0037414139374259033,0.6252208547729377,0.3710377312896365
26004,GOF,0.005702358474359675,0.6928963668604158,0.3014012746652245
26005,LOF,0.002836095905042529,0.4875638326297715,0.509600071465186
26006,GOF,0.07866571682384847,0.5608161046359168,0.3605181785402347
26007,GOF,0.00613263602772507,0.5442780304474596,0.4495893335248153
26008,GOF,0.004859661410679815,0.6239872199456803,0.37115311864363976
26009,GOF,0.005798836091512504,0.667638853674402,0.32656231023408544
26010,GOF,0.0062523998225907694,0.6879678199396098,0.3057797802377994
26011,LOF,0.0025603981510119622,0.4638288049774245,0.5336107968715635
26012,GOF,0.003667914893205491,0.5402811576682338,0.45605092743856074
26013,GOF,0.004823905601418754,0.6257915839494332,0.3693845104491481
26014,LOF,0.04899008287728258,0.07956197733820171,0.8714479397845157
26015,LOF,0.14860864070669125,0.020349756876887806,0.831041602416421
26016,LOF,0.3107053685081241,0.030151147890812573,0.6591434836010633
26017,LOF,0.023570701443672893,0.18254099237477392,0.7938883061815533
26018,LOF,0.07602087650158663,0.042540383626722966,0.8814387398716905
26019,LOF,0.07096197061712137,0.033826249307030896,0.8952117800758478
26020,LOF,0.009729547555834593,0.1819624028918588,0.8083080495523066
26021,LOF,0.07063087062963566,0.053324702048124936,0.8760444273222394
26022,LOF,0.02717173424146587,0.02295621379988409,0.9498720519586501
26023,LOF,0.04953130021252432,0.024033557745356187,0.9264351420421195
26024,LOF,0.04309700101211416,0.055317249662425155,0.9015857493254607
26025,LOF,0.06365801537319565,0.11688852912787115,0.8194534554989332
26026,LOF,0.13116376243224903,0.047727838515455846,0.821108399052295
26027,LOF,0.061166005370799366,0.018931626730929525,0.9199023678982711
26028,LOF,0.09367271423835813,0.11209195283175469,0.7942353329298873
26029,LOF,0.029119706467039593,0.1489165892638063,0.8219637042691541
26030,LOF,0.15781411873252102,0.01818443483733417,0.8240014464301448
26031,LOF,0.013940010568770407,0.11325967593449789,0.8728003134967317
26032,LOF,0.08470878618385753,0.0447349668903909,0.8705562469257516
26033,LOF,0.09077481652904494,0.04213977041689272,0.8670854130540624
26034,LOF,0.015564207660450132,0.11574785500816975,0.8686879373313801
26035,LOF,0.01412898565778483,0.09855250797513239,0.8873185063670828
26036,LOF,0.01663586150353846,0.1165485970370704,0.866815541459391
26037,LOF,0.01173998214408394,0.08625400773112038,0.9020060101247958
26038,LOF,0.07214505396288674,0.04229250554961959,0.8855624404874937
26039,LOF,0.025978557404798822,0.10933159451008426,0.864689848085117
26040,LOF,0.12272065878707586,0.08028638696899552,0.7969929542439286
26041,LOF,0.014287924917861395,0.0771429707574409,0.9085691043246976
26042,LOF,0.012733594567882752,0.08021247135833492,0.9070539340737822
26043,LOF,0.07080739962869485,0.05746565086371317,0.8717269495075919
26044,LOF,0.015609291883384054,0.044645267428289906,0.939745440688326
26045,LOF,0.05182384461846973,0.0776906527820553,0.8704855025994751
26046,LOF,0.06356917994543258,0.046995774487424084,0.8894350455671434
26047,LOF,0.10884777760927179,0.049631536648917444,0.8415206857418107
26048,LOF,0.051124486919247605,0.0318239937539621,0.9170515193267903
26049,Neutral,0.9663567441414724,0.005155573325509426,0.028487682533018022
26050,Neutral,0.9528986044122023,0.006330376167307851,0.04077101942048976
26051,LOF,0.012661563998442095,0.2668087967042628,0.7205296392972951
26052,LOF,0.0163660098781354,0.3254670586998918,0.6581669314219728
26053,LOF,0.023348498667487443,0.15828025679830407,0.8183712445342085
26054,LOF,0.0453601400603404,0.018772187179126973,0.9358676727605326
26055,LOF,0.06558975594290477,0.01892897203576419,0.9154812720213311
26056,LOF,0.053033844468472716,0.020726622524629652,0.9262395330068977
26057,LOF,0.030449622428798298,0.012678203961862174,0.9568721736093395
26058,LOF,0.03087860676753563,0.010811809732787569,0.9583095834996767
26059,LOF,0.28575393445545466,0.024564400100616047,0.6896816654439292
26060,LOF,0.0072114812759762675,0.2446059619131587,0.748182556810865
26061,LOF,0.004948981293075736,0.012634059186687918,0.9824169595202364
26062,LOF,0.004046055187447621,0.017180570865936457,0.9787733739466159
26063,LOF,0.021162117289437635,0.010382331905826525,0.9684555508047358
26064,LOF,0.006293033552842378,0.024557484571836763,0.9691494818753209
26065,LOF,0.022018967427853215,0.012091887343944023,0.9658891452282028
26066,LOF,0.020570633435822737,0.010616496829190036,0.9688128697349873
26067,LOF,0.027294137442425394,0.01004297220763388,0.9626628903499407
26068,LOF,0.04076483912540273,0.030198747169629853,0.9290364137049675
26069,LOF,0.24736765202607025,0.02066028548477788,0.7319720624891519
26070,LOF,0.3842787538733293,0.015913285915101463,0.5998079602115692
26071,LOF,0.020383153596924077,0.011936322216336843,0.9676805241867391
26072,LOF,0.005362570367628827,0.02051496483658687,0.9741224647957842
26073,LOF,0.017485388582831527,0.013999743957137167,0.9685148674600312
26074,Neutral,0.9029779992437746,0.006269446411922278,0.09075255434430307
26075,LOF,0.0443551019549568,0.014387992048579183,0.941256905996464
26076,LOF,0.038640069984205654,0.010284347115338724,0.9510755829004556
26077,LOF,0.11994285124608843,0.006730489410851591,0.87332665934306
26078,LOF,0.0057224514423299625,0.01261719180787239,0.9816603567497977
26079,LOF,0.05079946512472691,0.017514848901536248,0.9316856859737369
26080,LOF,0.04901058302172241,0.0175530971295965,0.9334363198486811
26081,LOF,0.028174054064132037,0.007773312203362341,0.9640526337325056
26082,LOF,0.004383475622273053,0.015182327047289524,0.9804341973304375
26083,LOF,0.13440871733677834,0.01708457791883304,0.8485067047443886
26084,LOF,0.03640210998102324,0.013650330542568551,0.9499475594764083
26085,LOF,0.032600477489776965,0.012365970167728581,0.9550335523424944
26086,LOF,0.018970316240006023,0.01234561244557371,0.9686840713144201
26087,LOF,0.02035046134804669,0.009689046897486621,0.9699604917544667
26088,LOF,0.005449483199820464,0.0244528322436816,0.9700976845564979
26089,LOF,0.0388256712957247,0.024747436550304952,0.9364268921539703
26090,LOF,0.03853940527414169,0.02006907862326755,0.9413915161025908
26091,LOF,0.026793175108855188,0.007394175899112015,0.9658126489920328
26092,LOF,0.019790914572015594,0.008002820540723776,0.9722062648872606
26093,LOF,0.03676009830751036,0.006477440078665576,0.9567624616138241
26094,LOF,0.027429549089244668,0.007257349581556939,0.9653131013291983
26095,LOF,0.014718562026525436,0.018588406568210432,0.9666930314052642
26096,LOF,0.14738094532825413,0.005715631145511012,0.8469034235262349
26097,LOF,0.00468204108911504,0.0369470401974224,0.9583709187134626
26098,LOF,0.06603128378916054,0.01572782914419413,0.9182408870666453
26099,LOF,0.018138979985941068,0.014497574635656022,0.967363445378403
26100,LOF,0.020694419787866687,0.014388658960876452,0.9649169212512568
26101,LOF,0.0452708605679528,0.021932874441233808,0.9327962649908134
26102,LOF,0.020186756823558492,0.014987226601904019,0.9648260165745376
26103,Neutral,0.8695282278454329,0.023021453183238262,0.10745031897132885
26104,LOF,0.05959519421703938,0.027234114816849845,0.9131706909661107
26105,LOF,0.21041001283446675,0.1609255731305577,0.6286644140349755
26106,LOF,0.37190191087060703,0.10965130389213436,0.5184467852372586
26107,LOF,0.024339805385503486,0.12010764569042666,0.8555525489240698
26108,LOF,0.393497229828265,0.04545427871450815,0.5610484914572269
26109,LOF,0.029376569283478596,0.06283004787608965,0.9077933828404319
26110,LOF,0.19976941505054444,0.00848418187720569,0.7917464030722499
26111,LOF,0.08687473547293882,0.07876634279954445,0.8343589217275167
26112,LOF,0.03140226472150338,0.008143340310499222,0.9604543949679974
26113,LOF,0.05676064626113421,0.016630977572663568,0.9266083761662023
26114,LOF,0.06467819809825993,0.013814592672073394,0.9215072092296667
26115,LOF,0.01677656317894625,0.07469180437237602,0.9085316324486777
26116,LOF,0.07781915478049072,0.042655273193590935,0.8795255720259183
26117,LOF,0.4221498266923807,0.0574440728561272,0.5204061004514922
26118,LOF,0.03406814260595628,0.0246116030299216,0.941320254364122
26119,LOF,0.005666304165613765,0.03988735941823144,0.9544463364161548
26120,LOF,0.024565719331473803,0.020116620466115048,0.955317660202411
26121,LOF,0.005320443920556699,0.1294587028386021,0.8652208532408412
