feature0,prediction,LoGoFunc_Neutral,LoGoFunc_GOF,LoGoFunc_LOF
25546,Neutral,0.6240529424469053,0.07435997544062811,0.3015870821124666
25547,Neutral,0.5120550260131379,0.1440279155793205,0.3439170584075417
25548,Neutral,0.4901525991425539,0.10339167009339002,0.40645573076405617
25549,Neutral,0.4632597466408911,0.10309219265816735,0.43364806070094153
25550,LOF,0.35465366329440884,0.18706852695526244,0.45827780975032867
25551,LOF,0.2866800871536926,0.17296664545136672,0.5403532673949406
25552,LOF,0.1624864086746708,0.17748887682298783,0.6600247145023413
25553,Neutral,0.810426995155691,0.04945108520890605,0.14012191963540296
25554,LOF,0.20405316526697762,0.1799203387302461,0.6160264960027764
25555,LOF,0.1585443608765275,0.15674910944406473,0.6847065296794077
25556,Neutral,0.4998707935407388,0.13375497179052606,0.3663742346687351
25557,LOF,0.1481832650540957,0.16703562634559135,0.6847811086003129
25558,LOF,0.197552462257298,0.1973141414575468,0.6051333962851552
25559,Neutral,0.5895673199481157,0.05314942358171532,0.3572832564701689
25560,LOF,0.04137184050084606,0.31914852563605733,0.6394796338630966
25561,LOF,0.07306422905794009,0.36905075532988035,0.5578850156121796
25562,LOF,0.11222864719429558,0.19521452988655172,0.6925568229191528
25563,LOF,0.10574960570679139,0.18082177734164337,0.7134286169515653
25564,LOF,0.06813923725627617,0.28828748172115054,0.6435732810225733
25565,LOF,0.15904468983555925,0.22237274188536788,0.6185825682790729
25566,GOF,0.015355619751281002,0.7601153514180258,0.22452902883069334
25567,LOF,0.012762141739667323,0.10877306539781234,0.8784647928625204
25568,LOF,0.04401691868358017,0.05778890377666778,0.898194177539752
25569,LOF,0.056910560197211274,0.060212954180189605,0.8828764856225991
25570,LOF,0.06361113840871707,0.09599945857322696,0.8403894030180561
25571,LOF,0.06773502807641464,0.09086214940030844,0.8414028225232769
25572,LOF,0.06533567785113975,0.10990476674615726,0.8247595554027031
25573,LOF,0.028903533512187912,0.07283202827760545,0.8982644382102066
25574,LOF,0.016029115704929334,0.1260906641208828,0.8578802201741879
25575,LOF,0.056121292509566253,0.09429974701757365,0.8495789604728601
25576,LOF,0.019249254452537636,0.09233300243356232,0.8884177431139001
25577,LOF,0.012796787132567988,0.10146534904684361,0.8857378638205885
25578,LOF,0.23646957914197395,0.06943892245128357,0.6940914984067426
25579,LOF,0.23694416073490457,0.06888645229646143,0.694169386968634
25580,LOF,0.03954951599590121,0.07606093102332943,0.8843895529807694
25581,LOF,0.04844780290516204,0.0633831704271432,0.8881690266676947
25582,LOF,0.04814819755498559,0.059762585255780466,0.892089217189234
25583,LOF,0.044115254681346645,0.0886874136852182,0.8671973316334353
25584,Neutral,0.5056878212248574,0.07087594330744826,0.42343623546769427
25585,LOF,0.029785387103975138,0.0824849628633676,0.8877296500326572
25586,LOF,0.03333927534514659,0.061496645959663275,0.9051640786951901
25587,LOF,0.030838545535302492,0.05010959460607549,0.919051859858622
25588,LOF,0.03435597520110397,0.06914296364201518,0.8965010611568808
25589,Neutral,0.6215434360550698,0.07115839332084373,0.30729817062408665
25590,LOF,0.02424979909452887,0.10246775864474919,0.8732824422607219
25591,LOF,0.10897210994713324,0.046570920834677246,0.8444569692181895
25592,LOF,0.09558681636939358,0.10714635379062169,0.7972668298399848
25593,LOF,0.014381710902381486,0.21826856573304526,0.7673497233645732
25594,LOF,0.034762641553780824,0.16473547725584842,0.8005018811903707
25595,LOF,0.06517408107739035,0.1144244618454558,0.820401457077154
25596,LOF,0.08065805575680639,0.08404644302962111,0.8352955012135725
25597,LOF,0.07508307038981249,0.04560203070344783,0.8793148989067396
25598,LOF,0.04641364574990977,0.173033843093094,0.7805525111569962
25599,GOF,0.007503924673186819,0.5816284311042152,0.410867644222598
25600,GOF,0.008437230087083983,0.5490605807293715,0.44250218918354467
25601,LOF,0.007179955192877556,0.37000474213946544,0.6228153026676571
25602,LOF,0.013935351208232178,0.06672328172962054,0.9193413670621473
25603,LOF,0.04298167617779256,0.037520754074446716,0.9194975697477609
25604,LOF,0.035863534270728394,0.07549896273049694,0.8886375029987746
25605,LOF,0.011504161995630032,0.22264620707134183,0.7658496309330282
25606,GOF,0.05591047817976188,0.53635201585283,0.4077375059674081
25607,LOF,0.003814383731528442,0.16142383990579076,0.8347617763626808
25608,LOF,0.049636413453547405,0.04803920779408903,0.9023243787523635
25609,LOF,0.06637483000316001,0.29286139076755774,0.6407637792292824
25610,LOF,0.053293888351665056,0.04020958960177649,0.9064965220465584
25611,LOF,0.06350834667890083,0.027600350025976293,0.9088913032951229
25612,LOF,0.11564943535205723,0.06296040921637544,0.8213901554315673
25613,LOF,0.09892081437037369,0.05157063586810401,0.8495085497615223
25614,LOF,0.0385200765581706,0.05098364664922222,0.9104962767926073
25615,LOF,0.07641517553145488,0.06399132464459327,0.8595934998239518
25616,LOF,0.04204243452812808,0.06764243940638426,0.8903151260654877
25617,LOF,0.04933319775462796,0.0618019596417875,0.8888648426035846
25618,LOF,0.2855482660378367,0.05176361962156796,0.6626881143405955
25619,LOF,0.04394574384766754,0.05365071518024668,0.9024035409720857
25620,LOF,0.04010084725660192,0.07333276911628576,0.8865663836271123
25621,LOF,0.04911385118723001,0.051562008663858135,0.8993241401489118
25622,LOF,0.03272815317986664,0.07639962452576024,0.890872222294373
25623,LOF,0.05351102964654226,0.049341983466872255,0.8971469868865855
25624,LOF,0.032584513392491535,0.058013557995893875,0.9094019286116146
25625,LOF,0.041668166273194376,0.07048268532470242,0.8878491484021033
25626,LOF,0.07661834052724137,0.043594541427907155,0.8797871180448514
25627,Neutral,0.5855588107412539,0.12111294133099959,0.29332824792774653
25628,LOF,0.196672225140315,0.06235698798161918,0.740970786878066
25629,LOF,0.061830214445086795,0.12624601401264363,0.8119237715422696
25630,LOF,0.19420998771225312,0.10148853501361806,0.7043014772741288
25631,Neutral,0.5955001466301303,0.0694602547096734,0.3350395986601963
25632,LOF,0.019569907241632448,0.06900964364731008,0.9114204491110575
25633,LOF,0.2356350845412482,0.06749621268723247,0.6968687027715192
25634,LOF,0.038227714048806316,0.06734769500292229,0.8944245909482714
25635,LOF,0.03914566801754991,0.06197827821185659,0.8988760537705934
25636,GOF,0.0052589690132967435,0.6462485614073391,0.34849246957936425
25637,GOF,0.0037883743826421074,0.6069354907501663,0.3892761348671916
25638,GOF,0.006755172544400061,0.5124578249864538,0.48078700246914624
25639,LOF,0.004369720863501403,0.4609714604236935,0.5346588187128051
25640,GOF,0.3158685313825843,0.6264305186605343,0.0577009499568815
25641,LOF,0.005824844786840143,0.2992806954805454,0.6948944597326144
25642,LOF,0.26649931206214406,0.09667231969197111,0.6368283682458847
25643,LOF,0.23734532419540072,0.18437506366836257,0.5782796121362368
25644,GOF,0.016449834840012972,0.6109697165523643,0.3725804486076225
25645,GOF,0.01404387295502319,0.583830005290492,0.40212612175448476
25646,LOF,0.01366882712088726,0.3854102772635893,0.6009208956155234
25647,LOF,0.01193701673031866,0.30653505638837036,0.6815279268813109
25648,LOF,0.008404758330135443,0.3995116142480025,0.592083627421862
25649,LOF,0.009013975018080255,0.21081543735022698,0.7801705876316928
25650,GOF,0.028715999956363418,0.5009574362520189,0.47032656379161764
25651,LOF,0.006750529937465199,0.2653280826388851,0.7279213874236496
25652,LOF,0.014584376795493948,0.3314943527560668,0.6539212704484392
25653,GOF,0.05826746243353992,0.49182474006551236,0.44990779750094756
25654,LOF,0.009178946415569095,0.33796956914824233,0.6528514844361887
25655,GOF,0.10497903383377913,0.46467420239005286,0.4303467637761681
25656,LOF,0.09672416007483904,0.1581310075864036,0.7451448323387574
25657,LOF,0.28545722461900863,0.06662059764703109,0.6479221777339602
25658,LOF,0.03349815578440878,0.24763223802479092,0.7188696061908003
25659,LOF,0.23756403644486085,0.1463236816638241,0.616112281891315
25660,LOF,0.11983659192811451,0.06534432875413633,0.8148190793177492
25661,LOF,0.08253742355584387,0.06293012315329262,0.8545324532908635
25662,LOF,0.04138763353324998,0.054896589341098735,0.9037157771256514
25663,LOF,0.05129550908826892,0.09532068124541179,0.8533838096663192
25664,LOF,0.03125972497520924,0.1596737307634662,0.8090665442613246
25665,LOF,0.04376936834169985,0.05051641048146303,0.9057142211768372
25666,LOF,0.040111282353523924,0.17476780703196979,0.7851209106145063
25667,LOF,0.041922452228499184,0.04298775408950647,0.9150897936819944
25668,LOF,0.05919487895183261,0.051985904341217165,0.8888192167069502
25669,LOF,0.05869053567584915,0.07676203370646567,0.8645474306176851
25670,LOF,0.07954573113871997,0.09016089894418958,0.8302933699170905
25671,LOF,0.05260111496044854,0.03948684794998759,0.9079120370895639
25672,LOF,0.04823294291335536,0.06161785877640762,0.8901491983102371
25673,LOF,0.035311653700252674,0.07352561771212208,0.8911627285876252
25674,LOF,0.027044111651785243,0.0924732917630768,0.880482596585138
25675,LOF,0.03076060091098923,0.06707476291632927,0.9021646361726816
25676,LOF,0.039647644386167843,0.056063928534727685,0.9042884270791044
25677,LOF,0.10475834769855621,0.04957644457169293,0.8456652077297507
25678,LOF,0.2072024849746464,0.03775845070115079,0.7550390643242029
25679,LOF,0.1255009531397915,0.05078404918639493,0.8237149976738135
25680,LOF,0.11261737861453394,0.07445305082856503,0.8129295705569011
25681,LOF,0.12781588398281826,0.07321425073738425,0.7989698652797976
25682,LOF,0.05622445998033695,0.0457933163113773,0.8979822237082857
25683,LOF,0.08458221718360152,0.07418396508863898,0.8412338177277594
25684,LOF,0.0791183144096244,0.05398549540731084,0.8668961901830647
25685,LOF,0.13288545150049838,0.0647957459796905,0.8023188025198111
25686,LOF,0.02649722098149731,0.10812223041309149,0.8653805486054112
25687,LOF,0.05841005526274616,0.11627115535448225,0.8253187893827717
25688,LOF,0.020081035104382576,0.06971174575165917,0.9102072191439583
25689,LOF,0.017075285578939895,0.0329611477935664,0.9499635666274936
25690,LOF,0.018523211379347013,0.038653058199499865,0.942823730421153
25691,LOF,0.1279135280868573,0.06190244126398679,0.8101840306491559
25692,LOF,0.28590482668415135,0.011856912582903278,0.7022382607329453
25693,LOF,0.030749381178318977,0.33611452584556084,0.6331360929761202
25694,LOF,0.24357772936797184,0.013286637107231799,0.7431356335247964
25695,LOF,0.17845240580177432,0.025764362434755758,0.7957832317634699
25696,LOF,0.08411984475608629,0.024215397482882012,0.8916647577610317
25697,LOF,0.06398642733536232,0.028040759577588264,0.9079728130870494
25698,LOF,0.015380671829655329,0.3837540977878203,0.6008652303825244
25699,LOF,0.09555283793926285,0.1444944638121936,0.7599526982485435
25700,LOF,0.0387183712497522,0.02377002399881806,0.9375116047514298
25701,LOF,0.013472278734860716,0.13846714557592915,0.8480605756892101
25702,GOF,0.026342807131081863,0.7644213125944377,0.20923588027448048
25703,LOF,0.015057348980578637,0.25381324858549836,0.731129402433923
25704,LOF,0.08088231667537095,0.15054846667891097,0.768569216645718
25705,LOF,0.07046075819334062,0.16901897667342733,0.760520265133232
25706,GOF,0.018301138613987435,0.6358030204538277,0.3458958409321848
25707,GOF,0.026742506549775447,0.5321969205057087,0.4410605729445159
25708,LOF,0.007018245919574467,0.49640782623640917,0.4965739278440164
25709,LOF,0.03133521925239033,0.06641362458605128,0.9022511561615583
25710,LOF,0.005368413005336937,0.14212837151567392,0.8525032154789892
25711,LOF,0.032753440476951855,0.11797160024525746,0.8492749592777907
25712,LOF,0.007460460135713157,0.19648824232584594,0.7960512975384408
25713,LOF,0.029820707870526268,0.10936544066712338,0.8608138514623502
25714,LOF,0.02667283052711539,0.1605082975079078,0.8128188719649767
25715,LOF,0.034904479881946525,0.12911284349406443,0.8359826766239891
25716,LOF,0.006196096361720421,0.14298723533468102,0.8508166683035985
25717,LOF,0.005764915164054343,0.11138638470510416,0.8828487001308416
25718,LOF,0.03296225107504432,0.07243997180647696,0.8945977771184788
25719,LOF,0.042554152600973894,0.10350707355827879,0.8539387738407473
25720,LOF,0.03796487443791025,0.11294843249336771,0.849086693068722
25721,LOF,0.03057563262012909,0.12029554664770035,0.8491288207321706
25722,LOF,0.019114399414586522,0.14959553350421004,0.8312900670812035
25723,LOF,0.03389084190826083,0.10771449448164597,0.8583946636100932
25724,LOF,0.049654499108416586,0.2427946403716844,0.707550860519899
25725,LOF,0.034824076176190204,0.09138630163300786,0.8737896221908019
25726,LOF,0.022298377606654565,0.1271783644612481,0.8505232579320973
25727,LOF,0.03376284844507945,0.09587895626623792,0.8703581952886826
25728,LOF,0.031148750160116437,0.1272122869649179,0.8416389628749658
25729,LOF,0.03270502917754899,0.12985014474350046,0.8374448260789505
25730,LOF,0.038782809829379095,0.08217190619879362,0.8790452839718274
25731,LOF,0.009543782381294432,0.11048684008589563,0.8799693775328098
25732,LOF,0.0216413813957873,0.06352647863739318,0.9148321399668194
25733,LOF,0.039191907823440966,0.07828776713587489,0.8825203250406842
25734,LOF,0.0056966093503041,0.26571341855140834,0.7285899720982875
25735,LOF,0.027463821464010697,0.08434824082366968,0.8881879377123195
25736,LOF,0.025021086041266287,0.14148289944650974,0.833496014512224
25737,LOF,0.03923494352519101,0.10381855009288073,0.8569465063819283
25738,LOF,0.028646625565544797,0.17007802487999577,0.8012753495544594
25739,LOF,0.028219153043752738,0.11379098433707212,0.8579898626191752
25740,LOF,0.03841008043601505,0.12767046668448276,0.8339194528795022
25741,LOF,0.045208681663891304,0.10671640478129905,0.8480749135548096
25742,LOF,0.05841496197194007,0.11033207438230895,0.8312529636457511
25743,LOF,0.012006986498622137,0.02578733665592806,0.9622056768454498
25744,LOF,0.22756232426899584,0.18618606638789326,0.5862516093431109
25745,LOF,0.047008193554612075,0.07253163278296426,0.8804601736624237
25746,LOF,0.015127588242346494,0.12701132342581825,0.8578610883318353
25747,LOF,0.04862937805676568,0.0352966448277359,0.9160739771154984
25748,LOF,0.2963332896526111,0.09205398766184936,0.6116127226855395
25749,LOF,0.017653279139965245,0.06051246069571469,0.9218342601643201
25750,LOF,0.02285632833755963,0.07524066872049598,0.9019030029419445
25751,LOF,0.046521206744790065,0.06148994742367737,0.8919888458315326
25752,GOF,0.07845821014823755,0.7041607599517768,0.2173810298999856
25753,GOF,0.0070411223428559705,0.5128845725919768,0.4800743050651671
25754,GOF,0.008377113118561933,0.8969279422523437,0.09469494462909421
25755,LOF,0.007346019919556671,0.4551953145550605,0.5374586655253829
25756,LOF,0.020870340793674884,0.4800265908093281,0.49910306839699714
25757,GOF,0.00840294747193671,0.8795695620454465,0.11202749048261691
25758,GOF,0.008673201283534937,0.9085533558396458,0.08277344287681933
25759,GOF,0.005928754810484451,0.6844914777309777,0.3095797674585377
25760,LOF,0.005099135814917891,0.35162555653402394,0.6432753076510581
25761,GOF,0.04523400454268812,0.8915601838362875,0.06320581162102439
25762,LOF,0.023323311838880707,0.4160692168917508,0.5606074712693685
25763,LOF,0.0056595608599135155,0.34729643883478445,0.647044000305302
25764,GOF,0.07295714932278569,0.7209461707314143,0.20609667994580005
25765,GOF,0.00909230658831264,0.9031601384912192,0.08774755492046814
25766,GOF,0.026673391462600546,0.8730188215035618,0.10030778703383753
25767,GOF,0.018344092110355405,0.5743136510635128,0.40734225682613173
25768,LOF,0.055904754959725834,0.0486634179824831,0.895431827057791
25769,LOF,0.024180556156844665,0.09191872672541175,0.8839007171177437
25770,LOF,0.14568124452804337,0.15861914421690682,0.6956996112550499
25771,LOF,0.01757867842121516,0.11247993876692561,0.8699413828118592
25772,LOF,0.03311595086630751,0.04472362277917166,0.9221604263545209
25773,LOF,0.013609006706404634,0.11328791505757936,0.873103078236016
25774,LOF,0.023089508211823914,0.25023782849296117,0.7266726632952148
25775,LOF,0.017994863754086942,0.04621679154146732,0.9357883447044456
25776,LOF,0.03196623744289578,0.027207081666448245,0.9408266808906559
25777,LOF,0.264402647958874,0.12730306440556477,0.6082942876355611
25778,LOF,0.024798357604014536,0.090549703302014,0.8846519390939713
25779,GOF,0.04816746267115825,0.8578001171837942,0.09403242014504755
25780,GOF,0.06868047780395196,0.8543691044940853,0.07695041770196258
25781,GOF,0.029994277949070752,0.7997986899280757,0.17020703212285374
25782,GOF,0.038985704984896806,0.8777421262798173,0.08327216873528599
25783,GOF,0.04006078042159235,0.8880107823844958,0.07192843719391194
25784,GOF,0.13046559005674266,0.8089895193458532,0.0605448905974042
25785,GOF,0.14046428982811862,0.8138318584554137,0.045703851716467694
25786,GOF,0.01151215344871575,0.7950707928567398,0.19341705369454443
25787,GOF,0.3131521826340961,0.6229873608193909,0.06386045654651291
25788,LOF,0.019145154720262424,0.12899169334568075,0.8518631519340568
25789,GOF,0.020191185626735518,0.8335701702727482,0.14623864410051632
25790,GOF,0.02803450128125949,0.859109442384905,0.11285605633383547
25791,GOF,0.02831261357507206,0.6759007582790801,0.2957866281458478
25792,GOF,0.03714757874292942,0.7425355966874349,0.2203168245696358
25793,GOF,0.05709679570376834,0.7882314805025855,0.15467172379364616
25794,GOF,0.05429604819479841,0.6522154490594516,0.2934885027457501
25795,GOF,0.05127495213657222,0.6583388880373846,0.29038615982604327
25796,GOF,0.13677711246170293,0.7339358789679669,0.1292870085703302
25797,GOF,0.07719563601309266,0.6853024114462375,0.23750195254066997
25798,GOF,0.007365980420570039,0.79395492070811,0.19867909887131996
25799,GOF,0.00475005518942259,0.70022451031651,0.2950254344940674
25800,GOF,0.02469793526100297,0.8449506304043595,0.13035143433463753
25801,GOF,0.02563118425939828,0.8675171757756139,0.10685163996498777
25802,GOF,0.0305294174957006,0.7598457090055623,0.20962487349873712
25803,GOF,0.026014220107548332,0.7515020814986728,0.22248369839377888
25804,GOF,0.039012724447269505,0.7794245000924466,0.1815627754602839
25805,GOF,0.03320056265075184,0.7790799988632764,0.18771943848597178
25806,GOF,0.043270605619032676,0.7875145284038106,0.16921486597715654
25807,GOF,0.01641631767177516,0.7515739530091644,0.23200972931906044
25808,GOF,0.027663597149202874,0.7850794305998411,0.18725697225095608
25809,GOF,0.014382201221710075,0.7032875720581281,0.2823302267201619
25810,GOF,0.013236209849517762,0.7021636493455746,0.2846001408049077
25811,GOF,0.07565829025949111,0.827834408822258,0.09650730091825079
25812,GOF,0.04015089691100673,0.7667977634476846,0.19305133964130877
25813,GOF,0.2142397310732526,0.6799117160791336,0.10584855284761387
25814,GOF,0.035885903070712336,0.7528057081126136,0.21130838881667394
25815,GOF,0.07156557136954557,0.7888023431560371,0.13963208547441736
25816,GOF,0.01202247136304809,0.86084792305908,0.12712960557787187
25817,GOF,0.12521739492823628,0.7028009045003084,0.17198170057145523
25818,GOF,0.029613067187984368,0.7682677224705824,0.20211921034143324
25819,GOF,0.056610787721916155,0.7302250600197363,0.21316415225834753
25820,GOF,0.06360215455070052,0.6845551364228937,0.2518427090264058
25821,GOF,0.043369753208122155,0.7422202652586433,0.2144099815332345
25822,GOF,0.07065779338344771,0.7185398508032547,0.21080235581329762
25823,GOF,0.035218300528610254,0.6874414893469047,0.27734021012448506
25824,GOF,0.03756505624584672,0.7491696228100564,0.21326532094409692
25825,GOF,0.02648417201685275,0.7475314710890617,0.2259843568940855
25826,GOF,0.013789833977339506,0.6920509153916884,0.29415925063097204
25827,GOF,0.018269449179460107,0.7061728749428322,0.27555767587770763
25828,GOF,0.011560945146854058,0.7326611908960112,0.2557778639571347
25829,GOF,0.004953443809808958,0.6504286502223231,0.344617905967868
25830,LOF,0.0577962411931105,0.4614977749778019,0.48070598382908747
25831,GOF,0.07156439750492259,0.7512522146235515,0.17718338787152593
25832,GOF,0.011886998748615105,0.7121677827555609,0.27594521849582404
25833,GOF,0.040684570446716944,0.7805033986963489,0.17881203085693423
25834,GOF,0.012290515546334297,0.7365428886181401,0.2511665958355255
25835,GOF,0.028299325088954413,0.8170529964647281,0.15464767844631763
25836,GOF,0.007967096416178678,0.7529842034361326,0.23904870014768878
25837,GOF,0.010970393288899195,0.7756120973738083,0.21341750933729253
25838,GOF,0.022787204533157208,0.8275194458161993,0.14969334965064346
25839,GOF,0.059123475607200965,0.7574939283481835,0.18338259604461546
25840,GOF,0.09440718773233917,0.7083618432333858,0.19723096903427514
25841,GOF,0.08623939688742929,0.7654980098270862,0.14826259328548466
25842,GOF,0.027959698838197614,0.8627366433759497,0.10930365778585273
25843,GOF,0.026097684685479135,0.8646217048191203,0.10928061049540069
25844,GOF,0.02305533622460851,0.8093084846286757,0.16763617914671586
25845,GOF,0.00785977559979126,0.7072441650849829,0.28489605931522577
25846,GOF,0.07719408052755743,0.8101075940123501,0.1126983254600924
25847,GOF,0.017398157466356038,0.8467852643197273,0.13581657821391674
25848,GOF,0.02376973179578526,0.7941528946713723,0.18207737353284245
25849,GOF,0.007604641248795228,0.7698872480487523,0.2225081107024523
25850,GOF,0.007283590930559943,0.6783305280622614,0.31438588100717874
25851,GOF,0.00656842459792064,0.6153798228512486,0.37805175255083084
25852,GOF,0.149085083683711,0.4526529861386296,0.3982619301776593
25853,GOF,0.062013157357382435,0.749359527341773,0.1886273153008445
25854,GOF,0.006986850226296161,0.7217981267906244,0.2712150229830794
25855,GOF,0.022646780691448216,0.5711231961368437,0.4062300231717081
25856,GOF,0.04751319822963951,0.6778049107226238,0.27468189104773666
25857,GOF,0.022815165602506907,0.5636357501127227,0.41354908428477033
25858,GOF,0.010478820179164293,0.5266314408205615,0.46288973900027425
25859,GOF,0.007613769528634447,0.5080626369981659,0.48432359347319964
25860,GOF,0.09668126697129842,0.6599476414402606,0.24337109158844095
25861,GOF,0.10374787215790936,0.7699608253878465,0.1262913024542441
25862,GOF,0.022498010585749628,0.8762045800832661,0.1012974093309843
25863,GOF,0.020414306016148714,0.837055863904155,0.14252983007969633
25864,GOF,0.0366643528802008,0.8676087736919106,0.09572687342788856
25865,GOF,0.038885812136105556,0.8565513530544999,0.10456283480939456
25866,GOF,0.019374603977034773,0.8606100050287002,0.12001539099426493
25867,GOF,0.04411334776499205,0.8575987224084801,0.09828792982652787
25868,GOF,0.07549095622989947,0.745577058925802,0.17893198484429854
25869,GOF,0.3560912897007383,0.5082411965375793,0.13566751376168248
25870,GOF,0.07568661088507363,0.49464611940348824,0.4296672697114381
25871,GOF,0.009566809481453045,0.7848668182129945,0.20556637230555244
25872,GOF,0.021806232301291053,0.7416505537606937,0.23654321393801536
25873,GOF,0.02132340524209771,0.8388268949180208,0.13984969983988163
25874,LOF,0.026765002940141183,0.13903901060801313,0.8341959864518457
25875,LOF,0.0228151059646677,0.11748332060627757,0.8597015734290546
25876,LOF,0.024967608713784215,0.06382373269190104,0.9112086585943147
25877,LOF,0.11760705192355429,0.19818791730387994,0.6842050307725658
25878,LOF,0.0735399758418021,0.28995736872266126,0.6365026554355366
25879,LOF,0.011257252528493491,0.17114676239116436,0.8175959850803421
25880,LOF,0.054317898255485574,0.018586275196230146,0.9270958265482842
25881,Neutral,0.49992751478910147,0.1783779270111967,0.3216945581997017
25882,LOF,0.04704946832293208,0.04899787842280335,0.9039526532542647
25883,LOF,0.031123041587615436,0.03628150980036127,0.9325954486120234
25884,LOF,0.01644965562138832,0.05905611584174106,0.9244942285368707
25885,LOF,0.15377832315029422,0.020742519002181402,0.8254791578475243
25886,LOF,0.2604855547182147,0.0658537785318343,0.673660666749951
25887,LOF,0.06618060560947327,0.26650556863644,0.6673138257540867
25888,LOF,0.007187529387517136,0.2654384930114227,0.7273739776010602
25889,LOF,0.022774298155632318,0.051901909328168384,0.9253237925161993
25890,LOF,0.19702858138571241,0.0691824332391001,0.7337889853751876
25891,LOF,0.11119974448880567,0.042493967004387546,0.8463062885068068
25892,LOF,0.007814689133806667,0.025023773418704858,0.9671615374474885
25893,LOF,0.2882169397819361,0.008878493814171981,0.702904566403892
25894,LOF,0.3242170312351015,0.006036152703662522,0.6697468160612361
25895,LOF,0.27473256252134926,0.013778211246802143,0.7114892262318486
25896,LOF,0.08833592071762171,0.027254425868923696,0.8844096534134546
25897,LOF,0.11638461029183349,0.011391577020780771,0.8722238126873857
25898,LOF,0.11263104965516783,0.026813523289861217,0.860555427054971
25899,LOF,0.4034242611954651,0.030263324139229927,0.5663124146653049
25900,Neutral,0.7689523794153365,0.010674258930743415,0.22037336165392027
25901,LOF,0.06745891057149647,0.01017820997068788,0.9223628794578156
25902,LOF,0.0714592794578507,0.008919885149824577,0.9196208353923248
25903,LOF,0.15686539433080565,0.02703739496501514,0.8160972107041793
25904,Neutral,0.4746333560230081,0.05359347842251704,0.4717731655544749
25905,LOF,0.008165770840962776,0.4034356538672236,0.5883985752918136
25906,LOF,0.008350253183105456,0.07235353316855131,0.9192962136483434
25907,LOF,0.009108366252814363,0.280441427423597,0.7104502063235887
25908,LOF,0.008250586127865332,0.24754136642679672,0.7442080474453379
25909,LOF,0.03373394112710135,0.12589471106331135,0.8403713478095872
25910,LOF,0.01635286772805111,0.10050362342030482,0.8831435088516442
25911,LOF,0.1727707543069498,0.03035442960981414,0.7968748160832361
25912,LOF,0.13117094622555595,0.013200302317256699,0.8556287514571874
25913,LOF,0.016258505339866405,0.02543889785614434,0.9583025968039892
25914,LOF,0.04964035116944038,0.037506175992007264,0.9128534728385523
25915,LOF,0.19869125053425285,0.3340222448254043,0.4672865046403428
25916,LOF,0.013209799321557528,0.1918012736139522,0.7949889270644903
25917,LOF,0.07255466353985641,0.047946504397074735,0.8794988320630689
25918,LOF,0.055694727996200025,0.022080204738796908,0.9222250672650031
25919,LOF,0.04242878796605258,0.02431982014785251,0.9332513918860948
25920,LOF,0.356809562532746,0.2319480228960859,0.4112424145711681
25921,LOF,0.02067521767293686,0.020632329507591647,0.9586924528194716
25922,LOF,0.020669736719618286,0.018278263082882742,0.9610520001974989
25923,LOF,0.4207225921890825,0.010951349735722333,0.5683260580751952
25924,LOF,0.031907122875121825,0.015889073825338083,0.95220380329954
25925,LOF,0.11329358323110628,0.022986736251863985,0.8637196805170297
25926,LOF,0.09470308668549392,0.015931158460918755,0.8893657548535874
25927,LOF,0.030906331743326135,0.02492087659782838,0.9441727916588454
25928,LOF,0.016215956354439245,0.010147404125782895,0.9736366395197779
25929,Neutral,0.5584120519556682,0.010739693500412784,0.43084825454391895
25930,LOF,0.06165376829718076,0.01001127980977249,0.9283349518930467
25931,LOF,0.01677789589874451,0.010735643714134487,0.972486460387121
25932,LOF,0.07998097291051666,0.008650615563020285,0.911368411526463
25933,LOF,0.09289626772492997,0.006443690912676015,0.900660041362394
25934,LOF,0.09751335226378248,0.006839327037426568,0.8956473206987909
25935,LOF,0.10869145716801626,0.019880702973379898,0.8714278398586037
25936,LOF,0.09258959441834098,0.0064659534648488495,0.9009444521168103
25937,LOF,0.016990657529878595,0.013278538840042507,0.9697308036300789
25938,LOF,0.10784224101634604,0.01773281147808034,0.8744249475055736
25939,LOF,0.06437722255207359,0.01206678084615641,0.92355599660177
25940,GOF,0.010399533361124286,0.5600861290207991,0.42951433761807667
25941,LOF,0.44600291743939385,0.028499359766462503,0.5254977227941436
25942,LOF,0.009129609033468888,0.05306791151646419,0.937802479450067
25943,LOF,0.04167810062761363,0.11548965772339964,0.8428322416489867
25944,LOF,0.03710289067689742,0.08675612890682098,0.8761409804162816
25945,LOF,0.14082204479944926,0.02277100612165856,0.8364069490788921
25946,LOF,0.08479621493789971,0.07058761322518864,0.8446161718369116
25947,Neutral,0.4515551096896839,0.21458393236849302,0.3338609579418232
25948,Neutral,0.5352098565128589,0.019764410671900254,0.4450257328152409
25949,LOF,0.1049451682726306,0.04627025894101587,0.8487845727863537
25950,GOF,0.0843009860646373,0.6992859316398278,0.21641308229553502
25951,GOF,0.01218740027870873,0.5329860002456144,0.4548265994756769
25952,LOF,0.13325086155370358,0.32712173487850027,0.5396274035677961
25953,LOF,0.006796888299684791,0.4068639142317132,0.5863391974686021
25954,GOF,0.058257267106986255,0.5906923885370137,0.35105034435600024
25955,LOF,0.0076480038748457605,0.40560692061922615,0.5867450755059281
25956,LOF,0.008579995266733382,0.4170937364153095,0.5743262683179572
25957,LOF,0.19242475297537148,0.04152251808101605,0.7660527289436124
25958,LOF,0.02464689175375208,0.06341673645342323,0.9119363717928247
25959,GOF,0.006853030582675296,0.7069202787281922,0.28622669068913265
25960,LOF,0.005375494020293748,0.11181927411667843,0.8828052318630277
25961,LOF,0.02435688002742943,0.06143455956825789,0.9142085604043126
25962,LOF,0.04422796625146512,0.10126658033858796,0.854505453409947
25963,LOF,0.0106066889851374,0.14919826477968326,0.8401950462351794
25964,LOF,0.04876870927478083,0.09750967992709175,0.8537216107981274
25965,LOF,0.1601121914001747,0.17351666506241692,0.6663711435374082
25966,LOF,0.29040382468663917,0.2541616434754023,0.4554345318379584
25967,LOF,0.00629665210806957,0.12288505824360364,0.8708182896483267
25968,LOF,0.06224288260177406,0.22275681970752756,0.7150002976906983
25969,LOF,0.1299269813833369,0.04998697534581734,0.8200860432708458
25970,LOF,0.05620734953406824,0.08391116955087365,0.8598814809150581
25971,LOF,0.07517288528704362,0.033824144297036535,0.8910029704159199
25972,LOF,0.08490552817794113,0.033727218785029704,0.8813672530370291
25973,LOF,0.07899243050236292,0.008890407158584463,0.9121171623390527
25974,LOF,0.06632049377276925,0.03317582010636222,0.9005036861208686
25975,LOF,0.0288960049740711,0.01038770954338132,0.9607162854825476
25976,LOF,0.09413275125743976,0.010617300754142873,0.8952499479884174
25977,LOF,0.24037072792901998,0.05924580118888752,0.7003834708820925
25978,LOF,0.17558179375128588,0.11407544921521291,0.7103427570335012
25979,LOF,0.1243464118964659,0.11375518558571862,0.7618984025178155
25980,LOF,0.2177686672344904,0.22077949848394757,0.5614518342815621
25981,LOF,0.2200997605108367,0.22670560414153557,0.5531946353476277
25982,LOF,0.3037032751670977,0.11433750273198608,0.5819592221009161
25983,Neutral,0.4899492306740239,0.10161636563700426,0.4084344036889718
25984,LOF,0.06120043753511212,0.059126319420607386,0.8796732430442805
25985,Neutral,0.49309174757800567,0.10998921496417471,0.3969190374578196
25986,LOF,0.012441044743542275,0.3682329880628177,0.61932596719364
25987,LOF,0.03633941768089424,0.07366425283970336,0.8899963294794025
25988,LOF,0.04970445604141738,0.0910721148416626,0.8592234291169201
25989,LOF,0.05509371818301204,0.10607436941465946,0.8388319124023286
25990,LOF,0.05205461684738498,0.22065691103120086,0.7272884721214141
25991,GOF,0.02339035579889134,0.6617700021521998,0.3148396420489088
25992,LOF,0.011919811134318451,0.4906713845997151,0.4974088042659663
25993,LOF,0.019755753761935772,0.0905103192151466,0.8897339270229178
25994,LOF,0.026176988105190546,0.10406783893485089,0.8697551729599586
25995,LOF,0.016277206509735784,0.17348333125006699,0.8102394622401973
25996,GOF,0.30981308665528007,0.5334401013923474,0.15674681195237247
25997,GOF,0.060139129370426064,0.6866654912822875,0.2531953793472865
25998,LOF,0.24082120592519035,0.031005503120312004,0.7281732909544977
25999,LOF,0.028690803013976373,0.28549804386718836,0.6858111531188353
26000,LOF,0.16523680987148612,0.012707986445994338,0.8220552036825196
26001,LOF,0.1616459000405408,0.01743814931585014,0.8209159506436091
26002,LOF,0.12164790389215158,0.015308435633540823,0.8630436604743077
26003,GOF,0.007176514093619708,0.600802452033472,0.3920210338729084
26004,GOF,0.015197458061125732,0.6047024795797934,0.38010006235908084
26005,LOF,0.0052054232355922565,0.49467659516855594,0.5001179815958519
26006,GOF,0.09521686078638604,0.5545508345835412,0.3502323046300728
26007,GOF,0.009591605948662858,0.5517564534100641,0.43865194064127294
26008,GOF,0.006756165404532292,0.6088824374753157,0.38436139712015205
26009,GOF,0.012460713735368282,0.6426764542650528,0.34486283199957896
26010,GOF,0.011964744414902369,0.5555476058451201,0.43248764973997744
26011,LOF,0.0063842573293932635,0.4184653166811583,0.5751504259894484
26012,GOF,0.006109350711553481,0.5529305611405342,0.44096008814791243
26013,GOF,0.011131240811211257,0.5131819134741152,0.47568684571467357
26014,LOF,0.05669777731348982,0.06508045073325852,0.8782217719532516
26015,LOF,0.3717859263878863,0.03518907497432213,0.5930249986377916
26016,LOF,0.2557419709490935,0.05833371912201974,0.6859243099288868
26017,LOF,0.015575915149334377,0.19068954926733503,0.7937345355833306
26018,LOF,0.02077987186663049,0.11212530961427719,0.8670948185190923
26019,LOF,0.02080504008816746,0.09552835111964762,0.883666608792185
26020,LOF,0.006718738572766241,0.1710405261894539,0.8222407352377799
26021,LOF,0.08444311484339945,0.08679564936349299,0.8287612357931076
26022,LOF,0.04641410891579113,0.035967094552958705,0.9176187965312501
26023,LOF,0.028786994207141557,0.08497648777470745,0.886236518018151
26024,LOF,0.04914149346114802,0.06424307180866164,0.8866154347301904
26025,LOF,0.1359196641060415,0.09552354116461309,0.7685567947293455
26026,LOF,0.11855133902658184,0.06891896747900611,0.8125296934944121
26027,LOF,0.02673103581595348,0.04981177738813435,0.9234571867959122
26028,LOF,0.07993246523491077,0.23401713673732968,0.6860503980277596
26029,LOF,0.03836646360158458,0.15262072903030893,0.8090128073681065
26030,LOF,0.12659669972230467,0.020665851894839875,0.8527374483828555
26031,LOF,0.016977334179577135,0.15228583721224095,0.8307368286081819
26032,LOF,0.02725561760796679,0.030333116884793867,0.9424112655072393
26033,LOF,0.042783111535520967,0.06174964180080822,0.8954672466636707
26034,LOF,0.022642561458165122,0.0942618156907013,0.8830956228511335
26035,LOF,0.013780178402264065,0.11554874229247557,0.8706710793052604
26036,LOF,0.012603174901896226,0.09316393830847247,0.8942328867896312
26037,LOF,0.012541312663234331,0.10018023921474192,0.8872784481220238
26038,LOF,0.024028165889348037,0.03047169339452643,0.9455001407161254
26039,LOF,0.03224373915738803,0.13949371128112417,0.8282625495614878
26040,LOF,0.06638579864689588,0.19245489793950082,0.7411593034136034
26041,LOF,0.014602904130056323,0.1068110132257465,0.8785860826441971
26042,LOF,0.01362547935108405,0.11370401139439769,0.8726705092545182
26043,LOF,0.024418187540072703,0.057707551788167354,0.9178742606717599
26044,LOF,0.008212076340528594,0.05904691271010893,0.9327410109493625
26045,LOF,0.08761455261582525,0.25409227255491856,0.6582931748292562
26046,LOF,0.02406069850932089,0.05635189020561722,0.9195874112850618
26047,LOF,0.07196610345004263,0.048434985910196564,0.8795989106397609
26048,LOF,0.07995462619979316,0.025201220681314654,0.8948441531188921
26049,Neutral,0.9332029140667689,0.006438564821108341,0.06035852111212285
26050,Neutral,0.8855784948972129,0.008075799694223609,0.10634570540856365
26051,LOF,0.02651218740423018,0.3071239489686076,0.6663638636271623
26052,LOF,0.029800526406916675,0.22153954164974726,0.748659931943336
26053,LOF,0.026148067200367803,0.1773398218833609,0.7965121109162713
26054,LOF,0.05350438219716739,0.07183131724073562,0.8746643005620971
26055,LOF,0.05920066143571047,0.06731776932436619,0.8734815692399233
26056,LOF,0.055904589005817795,0.070925698172596,0.8731697128215862
26057,LOF,0.04623256328701061,0.015049588304510706,0.9387178484084786
26058,LOF,0.05130514182936141,0.012060835928509593,0.936634022242129
26059,LOF,0.26040248887701356,0.09796957944428282,0.6416279316787037
26060,LOF,0.02113534371544687,0.19565084488364143,0.7832138114009116
26061,LOF,0.012125788997597538,0.010509468495391928,0.9773647425070106
26062,LOF,0.005916352462856323,0.021351111099384285,0.9727325364377594
26063,LOF,0.047703112714112116,0.01500785524194132,0.9372890320439466
26064,LOF,0.008218628462972288,0.015867554668568616,0.9759138168684591
26065,LOF,0.051033608450807164,0.018624266691282632,0.9303421248579101
26066,LOF,0.04389201053621108,0.012885098603922193,0.9432228908598667
26067,LOF,0.048250685422284285,0.012678082905285843,0.93907123167243
26068,LOF,0.04985095837744358,0.050413240311846755,0.8997358013107097
26069,LOF,0.16479379262217858,0.040373308979842856,0.7948328983979787
26070,LOF,0.372549068549619,0.023063316596650257,0.6043876148537306
26071,LOF,0.05379242436845135,0.018830339840436094,0.9273772357911125
26072,LOF,0.00854449803790024,0.018754519677878945,0.9727009822842207
26073,LOF,0.05009616410805982,0.012486249277928145,0.9374175866140121
26074,Neutral,0.7043797770805315,0.018805359576439515,0.27681486334302907
26075,LOF,0.03901965597990792,0.034495577533690036,0.926484766486402
26076,LOF,0.048550059042173514,0.018135277838334286,0.9333146631194922
26077,LOF,0.17130311196575498,0.016136672217431248,0.8125602158168137
26078,LOF,0.0066264215590442314,0.028597086597848438,0.9647764918431074
26079,LOF,0.05445251978568508,0.035567418150540396,0.9099800620637745
26080,LOF,0.05338863380204541,0.03560803926553385,0.9110033269324208
26081,LOF,0.05029392086424313,0.0152359234894106,0.9344701556463463
26082,LOF,0.007487848910212661,0.023066186356414397,0.9694459647333731
26083,LOF,0.061782096460838556,0.031486792769342346,0.9067311107698192
26084,LOF,0.07664763116906716,0.018122152465197883,0.905230216365735
26085,LOF,0.06661444661401601,0.014997635783042924,0.9183879176029411
26086,LOF,0.039991389586748284,0.01909610199652317,0.9409125084167287
26087,LOF,0.04382194223564504,0.016677755834667476,0.9395003019296876
26088,LOF,0.006916503710539041,0.0343761960854637,0.9587073002039972
26089,LOF,0.035618465045331685,0.05416104316774122,0.9102204917869271
26090,LOF,0.03520572425171288,0.0452476539733433,0.9195466217749437
26091,LOF,0.035824926123488574,0.014174860322485985,0.9500002135540254
26092,LOF,0.04803714373502742,0.012394188642391137,0.9395686676225815
26093,LOF,0.07565417532684043,0.008327450380399887,0.9160183742927597
26094,LOF,0.0421808603399064,0.01146890286513207,0.9463502367949616
26095,LOF,0.011834701699943004,0.028248514787904775,0.9599167835121521
26096,LOF,0.3029416487479067,0.004504370272189611,0.6925539809799037
26097,LOF,0.006846740594005304,0.05082402559725256,0.9423292338087422
26098,LOF,0.05884435622975632,0.034634714317928895,0.9065209294523149
26099,LOF,0.05362316461236044,0.03423091186818466,0.9121459235194548
26100,LOF,0.05362316461236044,0.03423091186818466,0.9121459235194548
26101,LOF,0.053730869992589164,0.05093095993608601,0.8953381700713248
26102,LOF,0.044751702999470525,0.02065911560446891,0.9345891813960606
26103,Neutral,0.8808866454163744,0.04130254112947986,0.07781081345414574
26104,LOF,0.04543522510658658,0.11232161802183678,0.8422431568715767
26105,LOF,0.2649161432805548,0.07367635963605122,0.661407497083394
26106,LOF,0.30437960848955603,0.03312306257063277,0.6624973289398112
26107,LOF,0.017981306877895217,0.05639126808730506,0.9256274250347998
26108,LOF,0.18018722522685318,0.06745472492177605,0.7523580498513708
26109,LOF,0.05521385570697355,0.041066203366349203,0.9037199409266773
26110,Neutral,0.5311907013958144,0.024482411487758326,0.4443268871164273
26111,LOF,0.06398709447742394,0.1528018462530076,0.7832110592695684
26112,LOF,0.07095078216379026,0.01812318361680329,0.9109260342194064
26113,LOF,0.06881631690747604,0.035294709442340776,0.8958889736501832
26114,LOF,0.11254933549543968,0.01371619935825083,0.8737344651463095
26115,LOF,0.018963028931385795,0.08103748527430771,0.8999994857943066
26116,LOF,0.053516794989410886,0.029344202784837257,0.9171390022257518
26117,LOF,0.32434432814990916,0.06871500394278145,0.6069406679073094
26118,LOF,0.03818612210548236,0.021566517166699377,0.9402473607278181
26119,LOF,0.005666021605338657,0.08546059840539952,0.9088733799892619
26120,LOF,0.03076594803776498,0.020440409785647623,0.9487936421765875
