feature0,prediction,LoGoFunc_Neutral,LoGoFunc_GOF,LoGoFunc_LOF
25546,Neutral,0.7611770622863206,0.03344451439926868,0.20537842331441075
25547,Neutral,0.6043943175449317,0.07389808624161635,0.3217075962134521
25548,Neutral,0.6402165973731053,0.052260775669937115,0.30752262695695753
25549,Neutral,0.551565102738648,0.05215035212930337,0.3962845451320486
25550,LOF,0.36632750752350485,0.10326774673089967,0.5304047457455955
25551,LOF,0.2959888174045426,0.11298209548028214,0.5910290871151752
25552,LOF,0.22570131065793486,0.10565737674980717,0.6686413125922579
25553,Neutral,0.8668743621199607,0.024132986772464265,0.10899265110757518
25554,LOF,0.26145182389074484,0.10166454228990418,0.636883633819351
25555,LOF,0.2190616058584641,0.08954228601323123,0.6913961081283047
25556,Neutral,0.47179108659717456,0.08886482392456485,0.43934408947826054
25557,LOF,0.20501081781475863,0.09550622177411587,0.6994829604111255
25558,LOF,0.2420610479198488,0.10361661358521039,0.6543223384949408
25559,LOF,0.3921159608125645,0.1053349137607303,0.5025491254267053
25560,LOF,0.0558754519302015,0.12363154997025609,0.8204929980995425
25561,LOF,0.11860249043644289,0.13116959574013498,0.750227913823422
25562,LOF,0.08189127329962484,0.07384925823213859,0.8442594684682365
25563,LOF,0.10782869889570579,0.0628544844661468,0.8293168166381475
25564,LOF,0.25040506828521486,0.123482253829348,0.6261126778854372
25565,LOF,0.13955937380131705,0.12704154376914575,0.7333990824295371
25566,GOF,0.011765581724180303,0.75492279757104,0.2333116207047797
25567,LOF,0.01942446175335901,0.20521959134538295,0.7753559469012581
25568,LOF,0.055295932028584426,0.07765108641000104,0.8670529815614146
25569,LOF,0.05693911733735139,0.07463134191750397,0.8684295407451447
25570,LOF,0.0621678795617767,0.11482358670670348,0.8230085337315198
25571,LOF,0.05298695555925596,0.10546252934086305,0.8415505150998809
25572,LOF,0.06557456938311915,0.1321686116438052,0.8022568189730757
25573,LOF,0.03305919444438209,0.10892187656101458,0.8580189289946033
25574,LOF,0.020771739070988254,0.16494755599148986,0.8142807049375219
25575,LOF,0.04254315586335541,0.12106871404958942,0.8363881300870553
25576,LOF,0.018399251084825485,0.14731567427603004,0.8342850746391445
25577,LOF,0.015554308775582774,0.13283330055388293,0.8516123906705344
25578,LOF,0.29208438456722796,0.09408356786184698,0.6138320475709251
25579,LOF,0.12806748890260763,0.1101115240656609,0.7618209870317315
25580,LOF,0.03011602633855033,0.09183713138631248,0.8780468422751372
25581,LOF,0.05035460194689636,0.07761222922946408,0.8720331688236397
25582,LOF,0.04996030351089661,0.0760172165707182,0.8740224799183852
25583,LOF,0.03636329493299989,0.10567958878792118,0.8579571162790789
25584,Neutral,0.4826905165677593,0.12912376961903446,0.38818571381320627
25585,LOF,0.02107064702613308,0.1454111196520036,0.8335182333218633
25586,LOF,0.028544275545737418,0.08405134554741826,0.8874043789068443
25587,LOF,0.02959779573133083,0.07817877467037922,0.8922234295982899
25588,LOF,0.02962919513195134,0.09719366058000942,0.8731771442880392
25589,Neutral,0.6244746120317372,0.12988376886817432,0.2456416191000885
25590,LOF,0.03242945725554193,0.1480986552680431,0.8194718874764151
25591,LOF,0.0938552105267763,0.06650755947831773,0.839637229994906
25592,LOF,0.08963984385385572,0.1519198222422035,0.7584403339039407
25593,LOF,0.035135778049403626,0.28070222854579246,0.6841619934048039
25594,LOF,0.04620689061959402,0.15021952862881105,0.803573580751595
25595,LOF,0.05626949748219067,0.10453762008626026,0.8391928824315491
25596,LOF,0.05074805834591714,0.07540116867457561,0.8738507729795072
25597,LOF,0.03593319316615092,0.06939299128901494,0.8946738155448342
25598,LOF,0.0505619026092596,0.10424475598437614,0.8451933414063642
25599,GOF,0.006192008664837713,0.6067976523517726,0.3870103389833897
25600,GOF,0.011225611627890356,0.6056618623767874,0.3831125259953222
25601,LOF,0.008830580713392183,0.45082326730664524,0.5403461519799626
25602,LOF,0.01857323245151181,0.041838942104917856,0.9395878254435703
25603,LOF,0.06741883991613054,0.01734440282630662,0.9152367572575629
25604,LOF,0.03538484300834208,0.044915934955057996,0.9196992220365999
25605,LOF,0.009702708085835067,0.20183069361891576,0.7884665982952491
25606,LOF,0.09384854562633257,0.32136768975098107,0.5847837646226863
25607,LOF,0.006602138274456426,0.1731065336527136,0.82029132807283
25608,LOF,0.016466499049693075,0.09761564663509409,0.8859178543152129
25609,LOF,0.05753116514759002,0.4339157658934652,0.5085530689589448
25610,LOF,0.03269207656692982,0.023506339013267992,0.9438015844198021
25611,LOF,0.041171059279298955,0.022860638921970947,0.9359683017987301
25612,LOF,0.09629158763334568,0.03374437599785287,0.8699640363688014
25613,LOF,0.08310569448603242,0.035370547945355206,0.8815237575686123
25614,LOF,0.03301615591867941,0.0307964670532087,0.9361873770281119
25615,LOF,0.03348453474375379,0.03918567731320992,0.9273297879430363
25616,LOF,0.026507179879628535,0.031188597321106026,0.9423042227992654
25617,LOF,0.02685834123198874,0.031715105916336056,0.9414265528516752
25618,LOF,0.13911851976642395,0.029097692443535213,0.8317837877900408
25619,LOF,0.029695923207803787,0.030315945176024685,0.9399881316161717
25620,LOF,0.03376722973377277,0.036794886885483526,0.9294378833807437
25621,LOF,0.025656440780308463,0.030327890141280674,0.944015669078411
25622,LOF,0.03464643031170245,0.034010160354440044,0.9313434093338576
25623,LOF,0.05275538411441474,0.025763526986435494,0.9214810888991498
25624,LOF,0.025191043112488695,0.03624152754013615,0.9385674293473752
25625,LOF,0.033858445398383986,0.040392364395133995,0.9257491902064819
25626,LOF,0.07755551474593614,0.030721932750591523,0.8917225525034724
25627,Neutral,0.5391942994820562,0.11022441848065076,0.35058128203729305
25628,LOF,0.21012674529599618,0.05612453504961452,0.7337487196543894
25629,LOF,0.05798385510625771,0.062459965046341284,0.879556179847401
25630,LOF,0.17441989226566365,0.08661403348160913,0.7389660742527273
25631,Neutral,0.6097476789957159,0.06063914854857542,0.32961317245570865
25632,LOF,0.013169710297282821,0.11535408454535773,0.8714762051573596
25633,LOF,0.10425121262813816,0.0828658330142591,0.8128829543576027
25634,LOF,0.03328001342617892,0.11376835850929352,0.8529516280645275
25635,LOF,0.038051471392752056,0.08671203827498765,0.8752364903322603
25636,GOF,0.004214519934569853,0.5974266769919825,0.3983588030734477
25637,GOF,0.003992017573983358,0.6776336656510402,0.3183743167749764
25638,LOF,0.006645966225065469,0.3765954286125961,0.6167586051623385
25639,GOF,0.0037309204215465732,0.5154788401201351,0.4807902394583183
25640,GOF,0.4584665278971899,0.48591388342889696,0.055619588673913214
25641,LOF,0.008550703072926187,0.3322484718251576,0.6592008251019162
25642,LOF,0.24066903285736338,0.0671723256608373,0.6921586414817993
25643,LOF,0.2681686062105773,0.16683314371730087,0.5649982500721218
25644,GOF,0.014607373045931536,0.522078091986331,0.4633145349677374
25645,LOF,0.011805943570139043,0.46188245672333217,0.5263115997065289
25646,LOF,0.017551505676349857,0.3232788436294409,0.6591696506942092
25647,LOF,0.013213072905644272,0.27804575887323596,0.7087411682211198
25648,LOF,0.013120699489866577,0.2747896912549134,0.71208960925522
25649,LOF,0.011239090720551306,0.202108334037853,0.7866525752415957
25650,LOF,0.019992236802567617,0.41067470468925965,0.5693330585081728
25651,LOF,0.007877121827350852,0.2745542959318605,0.7175685822407887
25652,LOF,0.01404487794714518,0.24665963908203548,0.7392954829708194
25653,LOF,0.051047278003106676,0.34577336154091226,0.6031793604559811
25654,LOF,0.014938189267659585,0.12840930544518625,0.8566525052871541
25655,LOF,0.07700075841066079,0.3670060455482447,0.5559931960410945
25656,LOF,0.09933069407338758,0.06585166414193128,0.8348176417846811
25657,LOF,0.3095686092546732,0.031011808852138698,0.6594195818931881
25658,LOF,0.04253872636435835,0.09098643048350805,0.8664748431521336
25659,LOF,0.3858138444626051,0.07598429921237379,0.538201856325021
25660,LOF,0.06321444488021127,0.09008236503392414,0.8467031900858646
25661,LOF,0.046027366786114396,0.06831595852845966,0.8856566746854259
25662,LOF,0.027149040485358326,0.04707584686817923,0.9257751126464624
25663,LOF,0.036824357838934625,0.06958831412540388,0.8935873280356615
25664,LOF,0.04195420977143681,0.08033113280794771,0.8777146574206155
25665,LOF,0.05818239020184903,0.04330951126415297,0.898508098533998
25666,LOF,0.037729110735125665,0.106242817699077,0.8560280715657974
25667,LOF,0.030488619942618766,0.04967394837368809,0.9198374316836933
25668,LOF,0.03294389647550816,0.05143702299500232,0.9156190805294895
25669,LOF,0.039047825648136046,0.07534753142483698,0.885604642927027
25670,LOF,0.08200692266115192,0.09019486193573685,0.8277982154031113
25671,LOF,0.037359861868206584,0.04834032096069234,0.9142998171711011
25672,LOF,0.06270118698930364,0.06138206774436876,0.8759167452663277
25673,LOF,0.04224668148060108,0.06782170042808762,0.8899316180913114
25674,LOF,0.03855242364379193,0.0699303127672437,0.8915172635889643
25675,LOF,0.049006760053361194,0.061579466902276024,0.8894137730443629
25676,LOF,0.033869755504034565,0.05953692181061148,0.906593322685354
25677,LOF,0.061475659585855845,0.06677243612640023,0.8717519042877439
25678,LOF,0.2724448972631743,0.03423408963149363,0.693321013105332
25679,LOF,0.16832860095854313,0.06730762050714408,0.7643637785343128
25680,LOF,0.0590365369015197,0.09971201763386858,0.8412514454646116
25681,LOF,0.10453454541888639,0.09041017059956456,0.805055283981549
25682,LOF,0.0440167404277159,0.08216071034908104,0.873822549223203
25683,LOF,0.1014823643659461,0.08961806288203937,0.8088995727520145
25684,LOF,0.054635930478053006,0.0815208628549224,0.8638432066670245
25685,LOF,0.09940350399470774,0.05225994416863739,0.8483365518366549
25686,LOF,0.04165419677303843,0.11397828970173803,0.8443675135252235
25687,LOF,0.04288635588514248,0.09902328333769794,0.8580903607771596
25688,LOF,0.027110400124159103,0.08853082099688547,0.8843587788789555
25689,LOF,0.019850921970117782,0.07343539709152826,0.9067136809383539
25690,LOF,0.019161559453405922,0.08052372436230647,0.9003147161842877
25691,LOF,0.2119177079976415,0.09981678772686262,0.6882655042754959
25692,LOF,0.2798484522549926,0.009218844310323656,0.7109327034346836
25693,LOF,0.09484283408432137,0.1721393922744063,0.7330177736412723
25694,LOF,0.2548591822332966,0.01839501626740681,0.7267458014992966
25695,LOF,0.16313302900900584,0.021571566124312064,0.815295404866682
25696,LOF,0.165104152740136,0.010895297942118574,0.8240005493177455
25697,LOF,0.1342803281993381,0.029478477643359282,0.8362411941573026
25698,LOF,0.03193176328218909,0.418549909356751,0.54951832736106
25699,LOF,0.0688732125715482,0.08475221865383392,0.8463745687746178
25700,LOF,0.034953245060864155,0.010900891155768729,0.9541458637833671
25701,LOF,0.01669634397836207,0.08110040879884095,0.9022032472227971
25702,GOF,0.0395861617203765,0.742003231255355,0.21841060702426862
25703,LOF,0.012823836433562493,0.19352665925913123,0.7936495043073062
25704,LOF,0.09542227908467166,0.15442593616626046,0.750151784749068
25705,LOF,0.056150569117881896,0.27287007711939937,0.6709793537627187
25706,GOF,0.05355067078588928,0.5843908286775135,0.3620585005365973
25707,GOF,0.02994044891631049,0.49686276050523176,0.47319679057845776
25708,LOF,0.00922804171922922,0.43380733289346646,0.5569646253873043
25709,LOF,0.019200584849815953,0.07013173975562478,0.9106676753945593
25710,LOF,0.008546055875316138,0.18311623866944132,0.8083377054552425
25711,LOF,0.019724507447440927,0.1383776179526977,0.8418978745998614
25712,LOF,0.00946650693797447,0.22815204638718437,0.7623814466748411
25713,LOF,0.017539121241339606,0.10756685047131079,0.8748940282873495
25714,LOF,0.01911299172967693,0.1446935397372552,0.836193468533068
25715,LOF,0.0196906180924278,0.12067881133164007,0.8596305705759321
25716,LOF,0.010153215164503328,0.12364536607344528,0.8662014187620514
25717,LOF,0.006005204948263913,0.13855361638500766,0.8554411786667285
25718,LOF,0.017387322796859457,0.0854494212123144,0.8971632559908262
25719,LOF,0.031279965641075956,0.09517090007562679,0.8735491342832973
25720,LOF,0.021882882547674815,0.09711154304607439,0.8810055744062508
25721,LOF,0.02318339748239699,0.10566920508919307,0.87114739742841
25722,LOF,0.017742612569216158,0.13413922059865963,0.8481181668321242
25723,LOF,0.020426991957206105,0.07961510539697138,0.8999579026458225
25724,LOF,0.034693108816623394,0.10469184198597267,0.860615049197404
25725,LOF,0.02135895573929502,0.07029934176019527,0.9083417025005096
25726,LOF,0.01560694459061529,0.1063813474977468,0.8780117079116379
25727,LOF,0.018949528394493407,0.09446037764565095,0.8865900939598556
25728,LOF,0.017895863811884898,0.10733151479908416,0.874772621389031
25729,LOF,0.018801719471192233,0.10815471877309749,0.8730435617557103
25730,LOF,0.019768949232883755,0.08614428562633276,0.8940867651407834
25731,LOF,0.011155928899318358,0.18028269275928507,0.8085613783413965
25732,LOF,0.017331585149996543,0.0997182715485323,0.8829501433014713
25733,LOF,0.028035713181029633,0.07851414720891416,0.8934501396100563
25734,LOF,0.007797645598222612,0.19520911220876813,0.7969932421930093
25735,LOF,0.021870162270887464,0.07615504146005594,0.9019747962690566
25736,LOF,0.020956876679078536,0.11201004711520728,0.8670330762057141
25737,LOF,0.03901673314379665,0.09023302185343784,0.8707502450027655
25738,LOF,0.019752746188175976,0.13071012081520295,0.849537132996621
25739,LOF,0.02120637506593387,0.124190636993672,0.8546029879403941
25740,LOF,0.048075956692028854,0.12188318125695316,0.8300408620510179
25741,LOF,0.024281523288028496,0.10460366270886254,0.871114814003109
25742,LOF,0.035539386863576494,0.12006241993590938,0.8443981932005141
25743,LOF,0.010968258492984839,0.047620318911587266,0.9414114225954278
25744,GOF,0.11867570986308468,0.4621126117224365,0.4192116784144788
25745,LOF,0.021849336699825278,0.0685125238561607,0.9096381394440141
25746,LOF,0.011258696362587571,0.09407984913710363,0.8946614545003088
25747,LOF,0.03380888941866905,0.035474176321912146,0.9307169342594187
25748,LOF,0.18831611147288188,0.0633030287125706,0.7483808598145474
25749,LOF,0.013450411121042736,0.05484963237492291,0.9316999565040345
25750,LOF,0.014713752053750811,0.088348051082643,0.8969381968636062
25751,LOF,0.03688336041445534,0.07494028773065656,0.8881763518548881
25752,GOF,0.08576616061277824,0.6381026787251476,0.27613116066207427
25753,LOF,0.0068707029640472355,0.3824088461638453,0.6107204508721074
25754,GOF,0.00512400197621141,0.8623617870235508,0.1325142110002378
25755,LOF,0.009859243028822177,0.42325571688244057,0.5668850400887373
25756,LOF,0.04622326369199545,0.43805602309850533,0.5157207132094993
25757,GOF,0.006990067969629564,0.8718897536093244,0.12112017842104596
25758,GOF,0.0080500634908912,0.8478025879071516,0.14414734860195716
25759,GOF,0.00501790987171132,0.5660019359462833,0.4289801541820054
25760,LOF,0.006680178593713945,0.3034975062153968,0.6898223151908892
25761,GOF,0.05024487688619056,0.8334472707963128,0.11630785231749666
25762,LOF,0.027677150200601068,0.3663553294667558,0.6059675203326432
25763,LOF,0.008818495612580916,0.25189079983448825,0.7392907045529308
25764,GOF,0.09577383301391913,0.5534412280113722,0.35078493897470864
25765,GOF,0.0070399027655435485,0.8396649805609636,0.15329511667349296
25766,GOF,0.03138269464348885,0.8145677963071951,0.1540495090493161
25767,LOF,0.0168916547108939,0.4631819689658242,0.5199263763232819
25768,LOF,0.036531124560671306,0.07614508399099151,0.8873237914483372
25769,LOF,0.022852213450054622,0.07678309438839603,0.9003646921615492
25770,LOF,0.13565966317434094,0.06910825288315177,0.7952320839425073
25771,LOF,0.015362628030769342,0.07692039293079342,0.9077169790384373
25772,LOF,0.022994052082949176,0.028871261866015196,0.9481346860510356
25773,LOF,0.013326735456283333,0.07661569752964109,0.9100575670140756
25774,LOF,0.024551629981599727,0.10080217326176516,0.8746461967566352
25775,LOF,0.021307488583017047,0.042954102161034666,0.9357384092559483
25776,LOF,0.024408000453635195,0.026846030356136464,0.9487459691902284
25777,LOF,0.1576691253283007,0.07169581489148978,0.7706350597802094
25778,LOF,0.01872578180047732,0.055380548119257786,0.9258936700802648
25779,GOF,0.03606912616085351,0.8988147368251402,0.06511613701400618
25780,GOF,0.07068151364908135,0.8696091949848622,0.059709291366056426
25781,GOF,0.02751356675841251,0.8683178106134752,0.10416862262811227
25782,GOF,0.033400620783021306,0.903530742478547,0.06306863673843179
25783,GOF,0.01794288055905634,0.7502369261787836,0.23182019326216002
25784,GOF,0.1083348678934153,0.8468615150135316,0.044803617093053145
25785,GOF,0.07023398869437002,0.891265541856534,0.03850046944909602
25786,GOF,0.0057865143971616954,0.8472929813897278,0.14692050421311062
25787,GOF,0.1630122972622787,0.8066361038898043,0.030351598847916966
25788,LOF,0.01578751345414786,0.1881350647579021,0.79607742178795
25789,GOF,0.02009210244678023,0.857342230401321,0.1225656671518989
25790,GOF,0.021739429250388798,0.8809956290642954,0.09726494168531587
25791,GOF,0.016990064402078342,0.8230718790821744,0.1599380565157472
25792,GOF,0.02763729047465415,0.8387094126778191,0.13365329684752686
25793,GOF,0.07564314297574477,0.8287960017972604,0.09556085522699477
25794,GOF,0.05421175721275323,0.7807024378167244,0.16508580497052225
25795,GOF,0.03933409839955527,0.7764200060217209,0.1842458955787238
25796,GOF,0.0752663164331356,0.8192179744760286,0.10551570909083573
25797,GOF,0.03505950591851793,0.67578773100119,0.289152763080292
25798,GOF,0.0031891936858850166,0.654317212983058,0.34249359333105694
25799,GOF,0.0030118764773640677,0.529786687722616,0.46720143580002005
25800,GOF,0.012065410286651585,0.7175570699598219,0.2703775197535265
25801,GOF,0.015982921817272396,0.8691787740586121,0.11483830412411537
25802,GOF,0.022095749582474955,0.7889214506127444,0.18898279980478058
25803,GOF,0.011408446923254295,0.6901232309451569,0.29846832213158875
25804,GOF,0.013181868517649005,0.5939767316273608,0.3928413998549902
25805,GOF,0.025386393296220847,0.7196087016991334,0.2550049050046458
25806,GOF,0.019641885936494,0.7545214079803569,0.22583670608314893
25807,GOF,0.005560796556300214,0.7107975151679985,0.28364168827570135
25808,GOF,0.01646153964706296,0.7413986026098803,0.24213985774305663
25809,GOF,0.006563200548784189,0.7309825473819692,0.26245425206924666
25810,GOF,0.00591975970891205,0.746447219884054,0.2476330204070339
25811,GOF,0.04519366060279963,0.8618461758127078,0.09296016358449269
25812,GOF,0.015678430859510185,0.7173693875679995,0.2669521815724903
25813,GOF,0.09917622832192943,0.8089699548159909,0.0918538168620797
25814,GOF,0.025760769276448856,0.8121115855309102,0.162127645192641
25815,GOF,0.0372172460391602,0.8250099806818567,0.13777277327898313
25816,GOF,0.007941887698881855,0.8650974302927646,0.12696068200835364
25817,GOF,0.09956532934266274,0.7683446517782369,0.1320900188791005
25818,GOF,0.02405186125458921,0.7837420992086201,0.19220603953679063
25819,GOF,0.06036659043568311,0.7778987700398006,0.16173463952451647
25820,GOF,0.03326147426180093,0.7783464251743119,0.18839210056388714
25821,GOF,0.018598861354475426,0.7636990685115493,0.21770207013397502
25822,GOF,0.03582585132696656,0.7820911578005769,0.18208299087245663
25823,GOF,0.013686528766459595,0.6326690850064921,0.35364438622704836
25824,GOF,0.02437699149341503,0.7486173928728898,0.2270056156336952
25825,GOF,0.014634003623980053,0.7295209767884465,0.2558450195875735
25826,GOF,0.005367444813780894,0.7053392338313637,0.2892933213548556
25827,GOF,0.008996283788686098,0.698813701083457,0.2921900151278571
25828,GOF,0.006093848556905521,0.6459222025668981,0.34798394887619644
25829,GOF,0.0030203933463571367,0.70533869647726,0.2916409101763828
25830,GOF,0.034781726796951434,0.513384850238285,0.4518334229647637
25831,GOF,0.04546235073083145,0.8442332813765081,0.11030436789266057
25832,GOF,0.008682647634848757,0.8007721505687327,0.19054520179641843
25833,GOF,0.03284125363160811,0.8442024410496719,0.12295630531871987
25834,GOF,0.008930243009208848,0.8186575714100494,0.17241218558074187
25835,GOF,0.017576095316444842,0.864089732136465,0.11833417254708999
25836,GOF,0.006681356217331574,0.8233293856482137,0.16998925813445476
25837,GOF,0.007138852868928154,0.7309162600727334,0.2619448870583385
25838,GOF,0.020847225868938984,0.8741534853810585,0.10499928875000261
25839,GOF,0.04057553348391773,0.862958184564723,0.09646628195135917
25840,GOF,0.05861154622580508,0.8457617103104937,0.09562674346370124
25841,GOF,0.05417883928700875,0.8532713091120316,0.09254985160095949
25842,GOF,0.028631808340222643,0.8942260095112723,0.0771421821485052
25843,GOF,0.029680083754378146,0.9008177667472885,0.0695021494983334
25844,GOF,0.017510288359634973,0.849341593154899,0.13314811848546604
25845,GOF,0.0060374751411618735,0.6712766207825814,0.32268590407625664
25846,GOF,0.04043400934762158,0.8606391555545826,0.09892683509779594
25847,GOF,0.020319054112201366,0.9083254130385583,0.0713555328492403
25848,GOF,0.01781723128844221,0.8537132885395031,0.1284694801720547
25849,GOF,0.005254929821825873,0.7381536947123629,0.25659137546581123
25850,GOF,0.006610770348832408,0.7680754934032747,0.22531373624789272
25851,GOF,0.005682924497836915,0.6477239071957002,0.34659316830646303
25852,GOF,0.12835693307000873,0.6226926273965793,0.24895043953341212
25853,GOF,0.0651978972493348,0.8629716825685971,0.07183042018206796
25854,GOF,0.005548770671962139,0.7057796869732903,0.28867154235474757
25855,GOF,0.014250189550239864,0.6411057867867272,0.34464402366303293
25856,GOF,0.03522375062001185,0.783634726372159,0.1811415230078292
25857,GOF,0.012258901822057177,0.634298483333252,0.3534426148446908
25858,GOF,0.007623648035697589,0.6509845303162036,0.3413918216480987
25859,GOF,0.005273318669197197,0.6273522090841962,0.3673744722466068
25860,GOF,0.07504923221005448,0.8264798057053775,0.0984709620845679
25861,GOF,0.08642118322100333,0.8138830592829943,0.09969575749600235
25862,GOF,0.022096014748972742,0.8708392449035464,0.10706474034748086
25863,GOF,0.020689412639874786,0.8736566211626413,0.10565396619748404
25864,GOF,0.04875634830781098,0.873384262788999,0.07785938890319002
25865,GOF,0.03524568194972325,0.8301735369390899,0.13458078111118674
25866,GOF,0.02747554514423168,0.8610293408388086,0.11149511401695988
25867,GOF,0.03554787980791298,0.8749028947703517,0.08954922542173553
25868,GOF,0.05284930539973322,0.8491412571685941,0.09800943743167276
25869,GOF,0.3301261601507445,0.6100217352231493,0.05985210462610615
25870,GOF,0.06444715486291645,0.6929655959945784,0.2425872491425052
25871,GOF,0.011957003164642323,0.8863299931068311,0.10171300372852653
25872,GOF,0.019732311280854824,0.8721056265786875,0.10816206214045775
25873,GOF,0.020101827345610883,0.8934978729388214,0.08640029971556763
25874,LOF,0.017172185277080157,0.20110923363409208,0.7817185810888277
25875,LOF,0.04779562779514866,0.04311911714050248,0.9090852550643489
25876,LOF,0.01695317500145955,0.0367831370843259,0.9462636879142146
25877,LOF,0.12106895799443708,0.07857396079251838,0.8003570812130445
25878,LOF,0.06611754112650282,0.10783926616064933,0.826043192712848
25879,LOF,0.027328646132225437,0.07540906160226271,0.8972622922655119
25880,LOF,0.054112896767688906,0.011486928452893591,0.9344001747794175
25881,Neutral,0.5511969997228852,0.054960955649565726,0.393842044627549
25882,LOF,0.05919195594176029,0.02709391172470419,0.9137141323335356
25883,LOF,0.027763806767680504,0.022906468390397006,0.9493297248419226
25884,LOF,0.027178407842362712,0.041013982923928195,0.9318076092337091
25885,LOF,0.22471846858404115,0.009955644166963862,0.7653258872489951
25886,LOF,0.14488906955306202,0.05211063156253712,0.8030002988844008
25887,LOF,0.1863119080810459,0.05098957468757762,0.7626985172313765
25888,LOF,0.012460454372409073,0.1166186777466702,0.8709208678809207
25889,LOF,0.03246040718846874,0.028264647992617305,0.9392749448189139
25890,LOF,0.12002207641058625,0.11071464286484503,0.7692632807245686
25891,LOF,0.0920335860893895,0.02068152609029706,0.8872848878203135
25892,LOF,0.009629858352603675,0.033442870078852285,0.9569272715685441
25893,LOF,0.4129270304213152,0.009062968283156381,0.5780100012955285
25894,LOF,0.45428943072541594,0.005577508294046772,0.5401330609805373
25895,LOF,0.3456236695525314,0.010623485072441397,0.6437528453750273
25896,LOF,0.0681532886132483,0.016717537487339208,0.9151291738994124
25897,LOF,0.19490637673864822,0.009360232681694237,0.7957333905796576
25898,LOF,0.16969029851103254,0.03045857172542554,0.799851129763542
25899,LOF,0.34790774430090965,0.01788601691520943,0.6342062387838809
25900,LOF,0.4537696348313947,0.008683495719802231,0.5375468694488031
25901,LOF,0.0664067781870438,0.007088936440623369,0.9265042853723329
25902,LOF,0.17043668670771656,0.009532503894190213,0.8200308093980931
25903,LOF,0.42076980984151474,0.025048929698053626,0.5541812604604316
25904,Neutral,0.4937571530784538,0.024705830808444674,0.4815370161131017
25905,LOF,0.0040178670191085755,0.47945117976391605,0.5165309532169753
25906,LOF,0.008709406405523609,0.12056500844752652,0.87072558514695
25907,LOF,0.004036801771966367,0.356168066162984,0.6397951320650497
25908,LOF,0.00448560716126408,0.2615613426466473,0.7339530501920886
25909,LOF,0.022815748947523036,0.17114256485145177,0.8060416862010252
25910,LOF,0.010109487290379839,0.1415274540263135,0.8483630586833066
25911,LOF,0.32372943365305373,0.05382853088431,0.6224420354626362
25912,LOF,0.06246834450553012,0.07137565467200316,0.8661560008224668
25913,LOF,0.04518025607980522,0.0781880344369965,0.8766317094831984
25914,LOF,0.04016797954213795,0.04250663982768352,0.9173253806301787
25915,LOF,0.1785171693555983,0.19743477719060323,0.6240480534537985
25916,LOF,0.032960385730841674,0.13335351265516662,0.8336861016139917
25917,LOF,0.07140365686490302,0.03776054413742852,0.8908357989976685
25918,LOF,0.05069090120399464,0.027148940190095443,0.9221601586059098
25919,LOF,0.04344743329946197,0.02598182656939392,0.930570740131144
25920,LOF,0.16118384487816614,0.18635452369652594,0.652461631425308
25921,LOF,0.016638744838605984,0.04189644629714781,0.9414648088642461
25922,LOF,0.016764098086589258,0.03707780437575526,0.9461580975376556
25923,LOF,0.4496666459723823,0.0388522063291528,0.5114811476984649
25924,LOF,0.02444517904724329,0.05928135533626466,0.916273465616492
25925,LOF,0.07749484974258679,0.05570840663890288,0.8667967436185102
25926,LOF,0.05591243334661173,0.056467339463107016,0.8876202271902813
25927,LOF,0.02363950413870893,0.08539629393269894,0.8909642019285922
25928,LOF,0.010822254610006143,0.06142237856079382,0.9277553668292001
25929,Neutral,0.5338613150865985,0.03692944314700358,0.42920924176639796
25930,LOF,0.07172595870319337,0.03457994090862136,0.8936941003881852
25931,LOF,0.014388210756716624,0.041442788558991375,0.944169000684292
25932,LOF,0.06492217052544602,0.03309321079994373,0.9019846186746103
25933,LOF,0.05831907109136782,0.022466608221018394,0.9192143206876138
25934,LOF,0.05920279226473267,0.0218456978518162,0.9189515098834512
25935,LOF,0.06526530924042875,0.0680583313652466,0.8666763593943246
25936,LOF,0.09948839283133665,0.023602367027459752,0.8769092401412035
25937,LOF,0.013810507630708627,0.040406811059667896,0.9457826813096235
25938,LOF,0.0638431884148697,0.06481499756858554,0.8713418140165446
25939,LOF,0.041723030305312214,0.027755506385657144,0.9305214633090307
25940,LOF,0.009795668086490808,0.35188322413464934,0.6383211077788599
25941,Neutral,0.5062037594829526,0.0349236757968724,0.4588725647201751
25942,LOF,0.009587504519667141,0.050711712184355225,0.9397007832959776
25943,LOF,0.04494302970692076,0.1685838566053083,0.786473113687771
25944,LOF,0.07194571916299759,0.09034612626736756,0.837708154569635
25945,LOF,0.1268435104401348,0.019412190128354247,0.8537442994315109
25946,LOF,0.07002060244996423,0.040758950592824555,0.8892204469572113
25947,Neutral,0.4688052783458828,0.10436769573188562,0.42682702592223154
25948,LOF,0.41260383193945144,0.012920615093107515,0.5744755529674411
25949,LOF,0.14298983930633732,0.06653050191109008,0.7904796587825726
25950,GOF,0.0652099417607112,0.6254631257267554,0.3093269325125334
25951,LOF,0.013677795896438163,0.41422314066356686,0.572099063439995
25952,LOF,0.29779570154865553,0.26524123806752054,0.4369630603838238
25953,LOF,0.008004033715857568,0.18824596559043794,0.8037500006937045
25954,GOF,0.09069829042230415,0.4702530245760581,0.4390486850016377
25955,LOF,0.007305902072624437,0.14978899519839523,0.8429051027289803
25956,LOF,0.022167769890862353,0.24010568172194435,0.7377265483871933
25957,LOF,0.2244324564785992,0.03412597471729306,0.7414415688041078
25958,LOF,0.03193673168444715,0.029995899154425184,0.9380673691611275
25959,GOF,0.016538037778564444,0.518190408791658,0.46527155342977755
25960,LOF,0.007148671380492441,0.05174013314567676,0.9411111954738307
25961,LOF,0.02895336913360766,0.029331449061292814,0.9417151818050995
25962,LOF,0.03548952534319598,0.06004769641019928,0.9044627782466047
25963,LOF,0.0050126571857527615,0.18372647142115647,0.8112608713930908
25964,LOF,0.02989768042342975,0.09796973573026845,0.8721325838463019
25965,LOF,0.2620374975483139,0.12649703494857129,0.6114654675031148
25966,Neutral,0.47737742476908157,0.14853477441179602,0.3740878008191225
25967,LOF,0.009093985688179727,0.08583007579596945,0.9050759385158508
25968,LOF,0.04447788889001447,0.21964803218093804,0.7358740789290474
25969,LOF,0.11438872262895054,0.04827858556859396,0.8373326918024554
25970,LOF,0.023607968021527672,0.0798940541340242,0.8964979778444482
25971,LOF,0.08512064464123467,0.028597166576892277,0.886282188781873
25972,LOF,0.06644210181817692,0.040819424199756184,0.8927384739820668
25973,LOF,0.06796389346827823,0.008704602440526172,0.9233315040911957
25974,LOF,0.05188755530844718,0.03718790922430204,0.9109245354672508
25975,LOF,0.048592527476137674,0.016510191557692074,0.9348972809661702
25976,LOF,0.10567201197081132,0.009427125952175671,0.8849008620770131
25977,LOF,0.1904671222613425,0.07703612656308553,0.7324967511755719
25978,LOF,0.19656875478514388,0.1313964738273833,0.6720347713874727
25979,LOF,0.15654358849529598,0.14609017000998012,0.6973662414947239
25980,LOF,0.258357644263293,0.18880943217765767,0.5528329235590493
25981,LOF,0.25897456181547596,0.19064680776609658,0.5503786304184275
25982,Neutral,0.48291838175883867,0.10550586131961519,0.4115757569215462
25983,Neutral,0.5024636064173176,0.12685511329028545,0.370681280292397
25984,LOF,0.03543479986774341,0.09066444562831075,0.8739007545039459
25985,LOF,0.4011005631415646,0.1541322994185992,0.4447671374398361
25986,LOF,0.013294861839482782,0.4143999928140544,0.5723051453464628
25987,LOF,0.05418831117501947,0.11900025906560598,0.8268114297593746
25988,LOF,0.043261667893844266,0.17559250576459765,0.781145826341558
25989,LOF,0.03835656283827309,0.2032779580109925,0.7583654791507344
25990,LOF,0.03962045189476871,0.3056397644487888,0.6547397836564425
25991,LOF,0.026852611576368805,0.4135238387446351,0.5596235496789961
25992,LOF,0.027307918581453098,0.40452824358615336,0.5681638378323935
25993,LOF,0.027793573289072032,0.07317862729477059,0.8990277994161573
25994,LOF,0.022195346127801784,0.07075475015793482,0.9070499037142634
25995,LOF,0.021899539496721406,0.1424408136281426,0.8356596468751359
25996,LOF,0.3279645797883993,0.3002187649180852,0.3718166552935155
25997,LOF,0.06285201901960577,0.36284714520543404,0.5743008357749602
25998,LOF,0.24758448292244384,0.043712187313150526,0.7087033297644055
25999,LOF,0.027902943412536584,0.18152746180237103,0.7905695947850925
26000,LOF,0.19528565384877464,0.03567210801236394,0.7690422381388614
26001,LOF,0.26326652859879673,0.047361553331968495,0.6893719180692348
26002,LOF,0.12895788559821805,0.062065612175382694,0.8089765022263992
26003,GOF,0.0056214924230442815,0.617075404456226,0.3773031031207297
26004,GOF,0.007711101545604123,0.6620661222888573,0.3302227761655386
26005,LOF,0.003959213313140566,0.49004104767378054,0.5059997390130789
26006,GOF,0.10149112428919906,0.5567839783971801,0.3417248973136209
26007,GOF,0.007688011670050012,0.5285274849313457,0.4637845033986044
26008,GOF,0.006151516202103433,0.642351643889245,0.3514968399086516
26009,GOF,0.007461231089018796,0.6662292439909874,0.3263095249199939
26010,GOF,0.008851305610270876,0.6304770996144567,0.3606715947752724
26011,LOF,0.00336849290408744,0.45700373196787997,0.5396277751280326
26012,GOF,0.0050938972584807386,0.5260032893723549,0.46890281336916445
26013,GOF,0.007355344436305854,0.5800763481716051,0.412568307392089
26014,LOF,0.05699934758812506,0.1274078678557278,0.815592784556147
26015,LOF,0.41775957891379617,0.026657148026142406,0.5555832730600615
26016,LOF,0.33747846624231664,0.0444955159817863,0.618026017775897
26017,LOF,0.02698070663863858,0.23516260840885753,0.7378566849525039
26018,LOF,0.03016710043847629,0.06615572348930106,0.9036771760722226
26019,LOF,0.03018494337542747,0.05727910866959716,0.9125359479549753
26020,LOF,0.011143760590337023,0.19448569985036296,0.7943705395592999
26021,LOF,0.08019152477130843,0.07228513858478623,0.8475233366439053
26022,LOF,0.042102866267156605,0.03120789854291969,0.9266892351899236
26023,LOF,0.03268017762720252,0.035677540729618956,0.9316422816431785
26024,LOF,0.05183428141220221,0.06938653473742168,0.878779183850376
26025,LOF,0.0676735669045552,0.09650753408265286,0.835818899012792
26026,LOF,0.1247560641002146,0.07334538303432564,0.8018985528654597
26027,LOF,0.027726626144578662,0.028977344356131435,0.94329602949929
26028,LOF,0.118579897118979,0.1431881341790433,0.7382319687019777
26029,LOF,0.018080589591471016,0.17680045358599908,0.80511895682253
26030,LOF,0.15189212624196705,0.021702482575355973,0.8264053911826769
26031,LOF,0.009303643052827059,0.1543912621525181,0.8363050947946549
26032,LOF,0.04305517334660022,0.0527137949945206,0.9042310316588792
26033,LOF,0.07234375614797971,0.04773206091914868,0.8799241829328716
26034,LOF,0.01286633693491086,0.13547019245226477,0.8516634706128243
26035,LOF,0.011370291336898361,0.10091269771580813,0.8877170109472935
26036,LOF,0.011470590252639482,0.11729500141954662,0.8712344083278138
26037,LOF,0.009646455128902807,0.09121745439471617,0.8991360904763811
26038,LOF,0.03672893796676322,0.04557021498291699,0.9177008470503197
26039,LOF,0.024755414034660337,0.11553314029969243,0.8597114456656472
26040,LOF,0.11349933347712526,0.12923027304902357,0.7572703934738513
26041,LOF,0.012805627777644032,0.07765797273496451,0.9095363994873914
26042,LOF,0.011436049399783462,0.08874106382609229,0.8998228867741243
26043,LOF,0.03592581892994313,0.06373518499589202,0.9003389960741648
26044,LOF,0.013655965550981093,0.04255724139750536,0.9437867930515135
26045,LOF,0.06433558137680587,0.09800047759052972,0.8376639410326644
26046,LOF,0.032132095578070674,0.04964694088780647,0.9182209635341229
26047,LOF,0.05289309211789901,0.04944133857001473,0.8976655693120863
26048,LOF,0.0848422763234217,0.022022606461203242,0.8931351172153751
26049,Neutral,0.948111056638164,0.0071795221021530966,0.04470942125968302
26050,Neutral,0.9261142229275553,0.007758642809618509,0.06612713426282618
26051,LOF,0.018610839250342216,0.0909174929450416,0.8904716678046163
26052,LOF,0.03242333938891295,0.11712359768461918,0.8504530629264678
26053,LOF,0.02890863256446162,0.15936567938294857,0.8117256880525898
26054,LOF,0.043267153793519794,0.029012425638298648,0.9277204205681817
26055,LOF,0.06281785694643123,0.02627912033993127,0.9109030227136374
26056,LOF,0.051094058232365715,0.03212737434111983,0.9167785674265145
26057,LOF,0.058602577890392325,0.014127309660289222,0.9272701124493186
26058,LOF,0.06217971430924641,0.011829178559958608,0.925991107130795
26059,LOF,0.19406197431440528,0.030071377015904947,0.7758666486696899
26060,LOF,0.01660548461622048,0.1914335837568106,0.7919609316269689
26061,LOF,0.012348928535157039,0.011575845542091878,0.9760752259227512
26062,LOF,0.006864617770780157,0.019079115355106407,0.9740562668741135
26063,LOF,0.039618278511299045,0.011195021430126397,0.9491867000585745
26064,LOF,0.011136103031672541,0.024392365185893685,0.9644715317824337
26065,LOF,0.049416264111784056,0.012201191101317387,0.9383825447868984
26066,LOF,0.04507068626597927,0.010863241929975391,0.9440660718040454
26067,LOF,0.05600200500576809,0.01024395573807787,0.933754039256154
26068,LOF,0.051728457531099635,0.0494693679960316,0.8988021744728688
26069,LOF,0.1555130884808178,0.02972672609027045,0.8147601854289117
26070,LOF,0.3467840214658599,0.023117611697110768,0.6300983668370294
26071,LOF,0.043748313176330954,0.012141231513230233,0.9441104553104388
26072,LOF,0.011557745872851672,0.022300071835823842,0.9661421822913245
26073,LOF,0.03774197931848048,0.014500173248353376,0.947757847433166
26074,Neutral,0.9249924902718205,0.009320514626358085,0.06568699510182144
26075,LOF,0.05204498709181147,0.02363777908778294,0.9243172338204056
26076,LOF,0.05603601925844498,0.01199201405859114,0.9319719666829639
26077,LOF,0.16764306645821742,0.00695316572208862,0.8254037678196939
26078,LOF,0.008915262412490094,0.01686838724963383,0.974216350337876
26079,LOF,0.06470193157971517,0.025917262051564655,0.9093808063687202
26080,LOF,0.0637485899496089,0.026068745267813363,0.9101826647825777
26081,LOF,0.03250154658012579,0.009001434842257345,0.9584970185776168
26082,LOF,0.00735116469679817,0.014922386958638859,0.9777264483445629
26083,LOF,0.09544294037650133,0.021145543293902176,0.8834115163295965
26084,LOF,0.10288041583631724,0.0150219216608641,0.8820976625028186
26085,LOF,0.09270548953776951,0.012862834785861104,0.8944316756763695
26086,LOF,0.038961058781540214,0.012333412050188609,0.9487055291682711
26087,LOF,0.03717199764067572,0.010032607218163165,0.9527953951411611
26088,LOF,0.00965959059049003,0.01936271772199707,0.9709776916875128
26089,LOF,0.04340982956492619,0.03840716998831122,0.9181830004467625
26090,LOF,0.04429427126592034,0.02975683200127504,0.9259488967328047
26091,LOF,0.03076609672208788,0.007825318831578066,0.961408584446334
26092,LOF,0.04457571541645815,0.008483361082014874,0.946940923501527
26093,LOF,0.08342930482617628,0.006150750806495974,0.9104199443673278
26094,LOF,0.0367431275082978,0.007484389591555791,0.9557724829001465
26095,LOF,0.039858894074055046,0.018525429909360715,0.9416156760165842
26096,LOF,0.22373974274705072,0.005219754835682436,0.7710405024172668
26097,LOF,0.008691079304722245,0.031105017285970638,0.9602039034093072
26098,LOF,0.08332138678264907,0.020834201628837506,0.8958444115885135
26099,LOF,0.04273339577215918,0.016287279114716127,0.9409793251131248
26100,LOF,0.04273339577215918,0.016287279114716127,0.9409793251131248
26101,LOF,0.056849893015460014,0.027865201838747695,0.9152849051457923
26102,LOF,0.03272736163097398,0.01602267705404286,0.9512499613149832
26103,Neutral,0.8776152539614341,0.027149973104684876,0.09523477293388095
26104,LOF,0.05890908026550352,0.04309805730013157,0.8979928624343649
26105,LOF,0.22691244541354688,0.19106513295605587,0.5820224216303973
26106,LOF,0.31069840224187445,0.12912123026458722,0.5601803674935384
26107,LOF,0.021970391402953128,0.09938621823765895,0.878643390359388
26108,LOF,0.28713229598049494,0.049832733827222454,0.6630349701922826
26109,LOF,0.0984226065961299,0.03570597578246069,0.8658714176214093
26110,LOF,0.4705003976148398,0.0077904814624152365,0.521709120922745
26111,LOF,0.05357998251265848,0.15826426776230565,0.7881557497250358
26112,LOF,0.05793985341696871,0.008347727368105668,0.9337124192149258
26113,LOF,0.11920952232264315,0.018420335485253122,0.8623701421921037
26114,LOF,0.0946894439361694,0.005916100854346328,0.8993944552094842
26115,LOF,0.014780207044557694,0.045821643063756794,0.9393981498916856
26116,LOF,0.0769512210543896,0.020187140423988018,0.9028616385216224
26117,LOF,0.3983495839447991,0.03826830323557261,0.5633821128196282
26118,LOF,0.04456532168243754,0.01681890345788956,0.9386157748596728
26119,LOF,0.006329796442916925,0.0372172353753028,0.9564529681817803
26120,LOF,0.03520505823923242,0.016619676829359522,0.948175264931408
26121,LOF,0.004522511127824915,0.12790289515649722,0.8675745937156779
