feature0,prediction,LoGoFunc_Neutral,LoGoFunc_GOF,LoGoFunc_LOF
25546,Neutral,0.6273005416217805,0.07522421865863953,0.29747523971958
25547,Neutral,0.5125485509808946,0.14080522818946523,0.3466462208296402
25548,Neutral,0.4766170419889511,0.10587134562693187,0.4175116123841171
25549,LOF,0.44184493926657115,0.10583182504428928,0.4523232356891397
25550,LOF,0.36298458976382186,0.17970541777060403,0.45730999246557413
25551,LOF,0.29263493668798296,0.16724860561142968,0.5401164577005874
25552,LOF,0.16478087173532727,0.17796380907288528,0.6572553191917874
25553,Neutral,0.8018471330273756,0.04745868422642977,0.1506941827461946
25554,LOF,0.20868429567464408,0.1805679160720058,0.6107477882533501
25555,LOF,0.16178944026101943,0.16021336647696607,0.6779971932620146
25556,Neutral,0.4762198424243349,0.13419371203036026,0.38958644554530486
25557,LOF,0.15679873959727797,0.16700506359717798,0.676196196805544
25558,LOF,0.2088965243601381,0.19357247662878074,0.5975309990110811
25559,Neutral,0.5230911609281218,0.05204011824587905,0.42486872082599914
25560,LOF,0.03930752097929665,0.32081899861968766,0.6398734804010158
25561,LOF,0.07331554557605215,0.33841704179588533,0.5882674126280625
25562,LOF,0.10666185209164498,0.1822542779661146,0.7110838699422404
25563,LOF,0.11702841083442761,0.17526248732772104,0.7077091018378513
25564,LOF,0.06654108412605114,0.2675534253652825,0.6659054905086664
25565,LOF,0.14691521178671796,0.24088774544194883,0.6121970427713332
25566,GOF,0.01528597683427331,0.75985024708654,0.22486377607918673
25567,LOF,0.011816334284220164,0.10362869171914822,0.8845549739966316
25568,LOF,0.045233037820755946,0.056487592134133895,0.8982793700451103
25569,LOF,0.05842446215071793,0.05956078866199064,0.8820147491872914
25570,LOF,0.05882555430018617,0.09924583161009111,0.8419286140897227
25571,LOF,0.06342348658009124,0.09143152064325265,0.8451449927766562
25572,LOF,0.052276120214733914,0.10341550598621571,0.8443083737990504
25573,LOF,0.02770897860387324,0.06748427266356205,0.9048067487325648
25574,LOF,0.016991834927217474,0.11436788489640067,0.868640280176382
25575,LOF,0.05750622754774838,0.09267627915697715,0.8498174932952746
25576,LOF,0.01910403359554822,0.09096728820887132,0.8899286781955804
25577,LOF,0.01285460009088463,0.10180785128273537,0.8853375486263799
25578,LOF,0.2312832323847379,0.07447250434402083,0.6942442632712412
25579,LOF,0.23294825371520667,0.07364071014072451,0.6934110361440688
25580,LOF,0.03973520067625288,0.0796427343514889,0.8806220649722581
25581,LOF,0.04829914343901459,0.06318314333957277,0.8885177132214126
25582,LOF,0.04829119732464135,0.058559913970455124,0.8931488887049035
25583,LOF,0.03559297687984687,0.094107975434553,0.8702990476856001
25584,Neutral,0.48490977901395826,0.06858168671207422,0.44650853427396753
25585,LOF,0.031124984663576907,0.08666151073252394,0.8822135046038991
25586,LOF,0.034215368143712524,0.06461170387291329,0.9011729279833741
25587,LOF,0.03108571645469239,0.05186108954401671,0.9170531940012908
25588,LOF,0.03294086800229728,0.07011904548679984,0.896940086510903
25589,Neutral,0.6238065845041924,0.07622636727058128,0.2999670482252263
25590,LOF,0.02448775942558708,0.0996732416179916,0.8758389989564214
25591,LOF,0.10944065366165545,0.04889793388394545,0.8416614124543991
25592,LOF,0.088975669174911,0.11406140198004469,0.7969629288450444
25593,LOF,0.014601559978012804,0.22763545660128226,0.7577629834207049
25594,LOF,0.034715614808621814,0.15790698351723487,0.8073774016741433
25595,LOF,0.06782348182346971,0.11081904734049694,0.8213574708360334
25596,LOF,0.0819513147402824,0.09005790044287838,0.8279907848168392
25597,LOF,0.07962377163131057,0.03817916618129561,0.8821970621873939
25598,LOF,0.048506890137015146,0.16074509685078545,0.7907480130121994
25599,GOF,0.00791092217763863,0.6012611410744877,0.3908279367478738
25600,GOF,0.007967630159783124,0.5434128633077385,0.4486195065324785
25601,LOF,0.007648396147241015,0.366468245003665,0.6258833588490941
25602,LOF,0.01354035771653069,0.0630329635512492,0.9234266787322202
25603,LOF,0.04139971615586572,0.03926338452950654,0.9193368993146278
25604,LOF,0.035525325882245364,0.07325936996012568,0.8912153041576288
25605,LOF,0.011655097433292374,0.23247323991489022,0.7558716626518174
25606,GOF,0.06035192715380593,0.5234101915469598,0.4162378812992343
25607,LOF,0.0037477402132721125,0.15152493328377953,0.8447273265029485
25608,LOF,0.04744315997987,0.058493369694600256,0.8940634703255297
25609,LOF,0.06555371740949646,0.3024513215875538,0.6319949610029496
25610,LOF,0.04308260686553972,0.04304155892606719,0.9138758342083931
25611,LOF,0.06244015046349613,0.030834152394082607,0.9067256971424212
25612,LOF,0.12246479247669219,0.06729508925347333,0.8102401182698344
25613,LOF,0.10269679424815227,0.05688972802467011,0.8404134777271777
25614,LOF,0.0373282711349261,0.05307180300158594,0.9095999258634878
25615,LOF,0.07321940631160924,0.06791098895229286,0.858869604736098
25616,LOF,0.033472965470575,0.07300406577451043,0.8935229687549145
25617,LOF,0.05231806307811616,0.06003600009694318,0.8876459368249406
25618,LOF,0.274831207380447,0.05015546008830944,0.6750133325312436
25619,LOF,0.04104420516411884,0.05290038627816902,0.906055408557712
25620,LOF,0.03879489062812991,0.0766691665336811,0.8845359428381889
25621,LOF,0.04322413145459255,0.05637000487229143,0.900405863673116
25622,LOF,0.030263736300032203,0.07162521861510387,0.898111045084864
25623,LOF,0.05356192256679388,0.050590276845596055,0.8958478005876102
25624,LOF,0.030180870582330994,0.06087297296684236,0.9089461564508267
25625,LOF,0.037127205989051594,0.07820458324968005,0.8846682107612683
25626,LOF,0.0787313169777959,0.048449372588711015,0.8728193104334931
25627,Neutral,0.5870967260594309,0.12431227511861577,0.2885909988219533
25628,LOF,0.20825636007420892,0.06288852074922381,0.7288551191765672
25629,LOF,0.06175481185017525,0.11523905537933887,0.823006132770486
25630,LOF,0.1830878076191923,0.1005014593741281,0.7164107330066797
25631,Neutral,0.5987886815512747,0.06891979699156048,0.3322915214571648
25632,LOF,0.021198493738239076,0.06751325550204852,0.9112882507597125
25633,LOF,0.2472824639781314,0.06940400175879914,0.6833135342630695
25634,LOF,0.04104759209440368,0.06862336709051407,0.8903290408150822
25635,LOF,0.04025037291227496,0.059277790675398394,0.9004718364123266
25636,GOF,0.005592946216468328,0.6699321540392639,0.3244748997442678
25637,GOF,0.0038816523788026357,0.6170612460097861,0.3790571016114113
25638,GOF,0.006986033858236391,0.5063574936576877,0.48665647248407595
25639,LOF,0.004364034287758841,0.46374341532046753,0.5318925503917736
25640,GOF,0.32060063137932243,0.6255450179015841,0.053854350719093454
25641,LOF,0.006072059096906039,0.3227015917441083,0.6712263491589857
25642,LOF,0.26229143344529304,0.09311136481685756,0.6445972017378494
25643,LOF,0.2540603543962729,0.16813977024186613,0.577799875361861
25644,GOF,0.016149905439168808,0.6086202134390407,0.3752298811217905
25645,GOF,0.012416827747766444,0.5883987588450316,0.39918441340720207
25646,LOF,0.012462644487656365,0.3985187573849322,0.5890185981274115
25647,LOF,0.012657203344267058,0.29633697233372136,0.6910058243220116
25648,LOF,0.00823579442772616,0.3929432406717309,0.5988209649005429
25649,LOF,0.009333912664856826,0.22435718203483868,0.7663089053003046
25650,GOF,0.028854413619886308,0.5233685596705956,0.44777702670951813
25651,LOF,0.007078068813767418,0.257828374801084,0.7350935563851485
25652,LOF,0.013596595805882674,0.3352944518794013,0.6511089523147161
25653,GOF,0.0509235707062884,0.4955595366129758,0.45351689268073575
25654,LOF,0.00969411214510298,0.35952889776765046,0.6307769900872465
25655,GOF,0.0923913084147634,0.485605910952651,0.42200278063258573
25656,LOF,0.08901528813999388,0.1520758832034033,0.7589088286566028
25657,LOF,0.28452047223987426,0.059908188470384094,0.6555713392897417
25658,LOF,0.03247981896061704,0.24760180445322053,0.7199183765861624
25659,LOF,0.2328426731531292,0.13866564525668973,0.6284916815901811
25660,LOF,0.10430388744408498,0.060362998899941026,0.8353331136559741
25661,LOF,0.07463341074010735,0.06117321923268738,0.8641933700272053
25662,LOF,0.04357358419340337,0.05203184121754209,0.9043945745890545
25663,LOF,0.053841790302229214,0.09310689623031039,0.8530513134674604
25664,LOF,0.03007895553634616,0.15252871931599546,0.8173923251476585
25665,LOF,0.044752074586256525,0.05002186663192864,0.9052260587818147
25666,LOF,0.04446369892434608,0.1568988342550303,0.7986374668206235
25667,LOF,0.04240461039043193,0.043059220672836795,0.9145361689367313
25668,LOF,0.06273582866782522,0.0513320539098438,0.885932117422331
25669,LOF,0.05551205580061467,0.07329244373798935,0.8711955004613959
25670,LOF,0.07426790229276431,0.08300622075846521,0.8427258769487704
25671,LOF,0.05780927771653198,0.0392024947107543,0.9029882275727137
25672,LOF,0.050059980842695334,0.05598534799963786,0.8939546711576669
25673,LOF,0.03732775899877279,0.06749401596449774,0.8951782250367295
25674,LOF,0.026342709976657212,0.08414373741700859,0.8895135526063342
25675,LOF,0.03285176169727696,0.061974055708930255,0.9051741825937928
25676,LOF,0.042092636428933586,0.052266018701592046,0.9056413448694745
25677,LOF,0.11358648852745663,0.043649789972260725,0.8427637215002827
25678,LOF,0.2095151425341674,0.03414835822195297,0.7563364992438797
25679,LOF,0.1367617959932781,0.04751788087815429,0.8157203231285677
25680,LOF,0.11961215269313057,0.06957253793269405,0.8108153093741755
25681,LOF,0.12771903465592363,0.06551371184170769,0.8067672535023687
25682,LOF,0.05560373158809033,0.0458585249521134,0.8985377434597962
25683,LOF,0.0889655122881668,0.07192687929327307,0.8391076084185601
25684,LOF,0.07680763085551166,0.05141966329565271,0.8717727058488356
25685,LOF,0.13538797268515024,0.06567649425381994,0.7989355330610297
25686,LOF,0.026881591258832185,0.10706287785531306,0.8660555308858549
25687,LOF,0.05125751953434722,0.11986178450035921,0.8288806959652935
25688,LOF,0.021391796852389195,0.07519310180420319,0.9034151013434076
25689,LOF,0.015328973837137523,0.03564256316212248,0.9490284630007401
25690,LOF,0.018964194077224494,0.040973713139749575,0.940062092783026
25691,LOF,0.12194315325754886,0.07732075912998133,0.8007360876124698
25692,LOF,0.2752231580777362,0.013665331630299517,0.7111115102919642
25693,LOF,0.03403563745408486,0.3081075141243156,0.6578568484215995
25694,LOF,0.24470592960150483,0.013480106416598584,0.7418139639818966
25695,LOF,0.17457344539348588,0.028121773494578974,0.7973047811119351
25696,LOF,0.08441692376109611,0.022763296504013014,0.892819779734891
25697,LOF,0.06816265491145497,0.026412729869415986,0.905424615219129
25698,LOF,0.015889618848702654,0.3647572772582246,0.6193531038930727
25699,LOF,0.0947868330041949,0.15166787404524384,0.7535452929505613
25700,LOF,0.03866415082836492,0.024251279089366373,0.9370845700822688
25701,LOF,0.013722920338648211,0.1507978134267127,0.8354792662346391
25702,GOF,0.026208710588396363,0.7539550904531925,0.21983619895841114
25703,LOF,0.017545189885666918,0.2772584820541461,0.705196328060187
25704,LOF,0.08228422971227997,0.17497476969072512,0.742741000596995
25705,LOF,0.06874294683253741,0.1768323751537431,0.7544246780137195
25706,GOF,0.017741660034588293,0.6354016329884188,0.34685670697699283
25707,GOF,0.02807482648209711,0.5207558746871375,0.4511692988307654
25708,LOF,0.008014329890601867,0.48522425266982117,0.506761417439577
25709,LOF,0.031070215385836524,0.06545298685322899,0.9034767977609345
25710,LOF,0.006132630923226535,0.150819123509021,0.8430482455677525
25711,LOF,0.03578679211895641,0.11015440753894291,0.8540588003421007
25712,LOF,0.008634133099361839,0.2123499945661413,0.7790158723344969
25713,LOF,0.028330344467329977,0.11564549183595273,0.8560241636967173
25714,LOF,0.02712051364170131,0.15861666029206364,0.814262826066235
25715,LOF,0.03328623638680621,0.12895078798536116,0.8377629756278326
25716,LOF,0.00667384278506634,0.14888209463085575,0.8444440625840779
25717,LOF,0.006200214240105234,0.12177843578258662,0.8720213499773082
25718,LOF,0.02917041706635373,0.07341193734311079,0.8974176455905355
25719,LOF,0.029409231770491536,0.10923115982265058,0.8613596084068579
25720,LOF,0.028030407286969115,0.12851582997477243,0.8434537627382585
25721,LOF,0.028529209617434693,0.11684518484071382,0.8546256055418515
25722,LOF,0.019249889190703286,0.15524345174772677,0.82550665906157
25723,LOF,0.03233407295622035,0.11478331951800833,0.8528826075257713
25724,LOF,0.049727412613967466,0.2440186643215402,0.7062539230644923
25725,LOF,0.034836942022594096,0.09554744697075422,0.8696156110066516
25726,LOF,0.02146370841557618,0.13059714683896542,0.8479391447454584
25727,LOF,0.032128184722964484,0.09836106911875908,0.8695107461582764
25728,LOF,0.03183409914561414,0.12201145520869917,0.8461544456456866
25729,LOF,0.0332311895148828,0.12268674749937403,0.8440820629857432
25730,LOF,0.03839457123133486,0.08100777643545883,0.8805976523332064
25731,LOF,0.011091464242019584,0.10127900494301736,0.887629530814963
25732,LOF,0.022825708239287337,0.0641296076818099,0.9130446840789028
25733,LOF,0.0322798185866212,0.07873513959821071,0.8889850418151681
25734,LOF,0.0063144683616265735,0.2675419937731186,0.7261435378652549
25735,LOF,0.029173486467132,0.08140777936322596,0.889418734169642
25736,LOF,0.026602723268779174,0.13372404439235014,0.8396732323388706
25737,LOF,0.04198119316676974,0.0974834813091593,0.860535325524071
25738,LOF,0.029719804669273566,0.16403139202788405,0.8062488033028423
25739,LOF,0.02959846487793769,0.11128582473292585,0.8591157103891364
25740,LOF,0.039954675208228124,0.11997139681175087,0.840073927980021
25741,LOF,0.04462569582064501,0.11200564223725847,0.8433686619420966
25742,LOF,0.04940771017476978,0.12036219409814336,0.8302300957270868
25743,LOF,0.01196314089820553,0.027681275951575164,0.9603555831502193
25744,LOF,0.21401696402577122,0.17806451850600058,0.6079185174682282
25745,LOF,0.04489120388375668,0.08169242340891986,0.8734163727073235
25746,LOF,0.015847340864333488,0.11111088837121845,0.8730417707644481
25747,LOF,0.04607990078788144,0.034361327453870105,0.9195587717582485
25748,LOF,0.3134217167835094,0.0895164175280338,0.5970618656884568
25749,LOF,0.017245924038479382,0.06770913751174147,0.9150449384497791
25750,LOF,0.02546740046666595,0.07525119687342935,0.8992814026599047
25751,LOF,0.04500567191069105,0.06189556894832105,0.8930987591409879
25752,GOF,0.07648817645320165,0.6934489143826771,0.23006290916412137
25753,LOF,0.007326844163447794,0.48745524396507783,0.5052179118714744
25754,GOF,0.007532294242322713,0.8955380404404529,0.09692966531722445
25755,LOF,0.007984878277174005,0.4710886427161876,0.5209264790066384
25756,LOF,0.021292554923820525,0.4690228084449562,0.5096846366312232
25757,GOF,0.007377246715573468,0.8739536496092399,0.11866910367518667
25758,GOF,0.008293827905158152,0.9099356669539297,0.08177050514091207
25759,GOF,0.006477517734788714,0.6692840040006693,0.324238478264542
25760,LOF,0.005438398123476548,0.3621070780088697,0.6324545238676537
25761,GOF,0.047418028853660275,0.8925108125386689,0.060071158607670816
25762,LOF,0.024582046667042886,0.4057502904080827,0.5696676629248745
25763,LOF,0.006086558953906046,0.3519556177754157,0.6419578232706783
25764,GOF,0.07247091966659595,0.7119897642766324,0.21553931605677154
25765,GOF,0.009455273208728207,0.910151480828283,0.08039324596298879
25766,GOF,0.025662767453695737,0.8572788052182645,0.11705842732803973
25767,GOF,0.01843290300222502,0.5716963678473308,0.4098707291504442
25768,LOF,0.05932357610252369,0.046020295076142935,0.8946561288213334
25769,LOF,0.023924541833047965,0.09368611512503335,0.8823893430419187
25770,LOF,0.1398486778270172,0.1538864569315389,0.7062648652414439
25771,LOF,0.017509949059979445,0.12057338071484396,0.8619166702251766
25772,LOF,0.03205931494517522,0.04747345289224752,0.9204672321625773
25773,LOF,0.013210979743859052,0.11992108811214197,0.866867932143999
25774,LOF,0.022951819089803028,0.24303947959000363,0.7340087013201932
25775,LOF,0.01742560716972088,0.047635916953044824,0.9349384758772344
25776,LOF,0.031204920656821927,0.02806180986517405,0.940733269478004
25777,LOF,0.24151137082190052,0.1257678834259881,0.6327207457521112
25778,LOF,0.023157876767797268,0.10259177201590595,0.8742503512162967
25779,GOF,0.053193935354683725,0.855938452657126,0.09086761198819031
25780,GOF,0.07176459064141161,0.8500634376558344,0.078171971702754
25781,GOF,0.03152619165007636,0.8010628981874853,0.16741091016243825
25782,GOF,0.03804493371479381,0.8750647108393668,0.08689035544583956
25783,GOF,0.0394702033973976,0.8890292980515709,0.07150049855103159
25784,GOF,0.10206161718833977,0.8302349771578807,0.0677034056537795
25785,GOF,0.1378861563099294,0.8108409100180647,0.05127293367200589
25786,GOF,0.011351172005868904,0.7796918620035879,0.20895696599054317
25787,GOF,0.30487919265603125,0.6352764107681482,0.059844396575820524
25788,LOF,0.018726065055146984,0.13946840116855516,0.8418055337762979
25789,GOF,0.020044332344602695,0.8353162788933689,0.14463938876202848
25790,GOF,0.029159822919792,0.8560740587434088,0.11476611833679923
25791,GOF,0.0314367198571386,0.6274147285739815,0.34114855156887997
25792,GOF,0.03842726050835268,0.6982741522165423,0.26329858727510497
25793,GOF,0.051254828175025594,0.7934746204350341,0.15527055138994025
25794,GOF,0.05055726417330149,0.6465659019940101,0.30287683383268843
25795,GOF,0.051354285915708175,0.6759894877012357,0.27265622638305603
25796,GOF,0.13446808950602018,0.7292885217092352,0.1362433887847446
25797,GOF,0.07330592350413673,0.6883380240022805,0.23835605249358288
25798,GOF,0.007674334460690513,0.7868707303316762,0.20545493520763333
25799,GOF,0.004559948212257676,0.6897435282130064,0.305696523574736
25800,GOF,0.022974892266983345,0.8354343551615752,0.14159075257144144
25801,GOF,0.024041784508556523,0.8568176659916322,0.11914054949981122
25802,GOF,0.029071007482106153,0.7675246213181729,0.20340437119972082
25803,GOF,0.024092830923456925,0.7580470327182812,0.21786013635826168
25804,GOF,0.03744252694562382,0.776226740307127,0.1863307327472491
25805,GOF,0.030656918593200036,0.7856349267391918,0.18370815466760812
25806,GOF,0.03945395157968007,0.7924043031441003,0.1681417452762196
25807,GOF,0.015357827442678272,0.72898028211041,0.25566189044691173
25808,GOF,0.02750467107254579,0.7768465676972738,0.1956487612301805
25809,GOF,0.015184424521761367,0.7033081154760614,0.28150746000217736
25810,GOF,0.014153887093810729,0.6994273853652078,0.2864187275409815
25811,GOF,0.08010069251572104,0.830394440467443,0.08950486701683585
25812,GOF,0.03916898112203525,0.7604299510094227,0.200401067868542
25813,GOF,0.2090411125464076,0.6898932426516164,0.10106564480197587
25814,GOF,0.03652949382414513,0.7180477340602439,0.2454227721156109
25815,GOF,0.07447847459657139,0.7858298797189893,0.13969164568443923
25816,GOF,0.012012142678321897,0.8583400265163122,0.12964783080536574
25817,GOF,0.1437514927613341,0.6998030121668272,0.15644549507183877
25818,GOF,0.03286620883948117,0.7603206374244201,0.20681315373609876
25819,GOF,0.05985886201418403,0.7279038245177019,0.21223731346811417
25820,GOF,0.06315625671759076,0.6668936855440878,0.2699500577383214
25821,GOF,0.04449727045145089,0.7196264826850993,0.23587624686344977
25822,GOF,0.07126676725824382,0.6955505192848942,0.233182713456862
25823,GOF,0.03486001977106223,0.7037163633462328,0.26142361688270516
25824,GOF,0.03451582494444722,0.7506152144455399,0.21486896061001273
25825,GOF,0.025088101805836906,0.7560286095130955,0.21888328868106752
25826,GOF,0.013916880615614613,0.6908346372407993,0.29524848214358607
25827,GOF,0.017585418096735046,0.7072927439847231,0.2751218379185418
25828,GOF,0.011790138233531302,0.7304282112960728,0.2577816504703959
25829,GOF,0.004817603822498932,0.6519489890386385,0.3432334071388625
25830,LOF,0.05525586100436697,0.46969735407819274,0.4750467849174403
25831,GOF,0.06994083636812805,0.767182416212458,0.1628767474194139
25832,GOF,0.00925582880900226,0.69819285267078,0.29255131852021776
25833,GOF,0.027823793880594153,0.7931613190525326,0.17901488706687313
25834,GOF,0.00944355513857358,0.7300468387899259,0.26050960607150053
25835,GOF,0.027230071922230863,0.8259754559252129,0.14679447215255612
25836,GOF,0.007923864285436935,0.7550528110387141,0.23702332467584888
25837,GOF,0.010616312792661007,0.7584162670417856,0.23096742016555347
25838,GOF,0.022040075954012195,0.8217809587015462,0.15617896534444153
25839,GOF,0.05371881026969506,0.7424339730415993,0.20384721668870567
25840,GOF,0.09671969336780094,0.7044731954109694,0.19880711122122977
25841,GOF,0.085126953897129,0.7675062933789313,0.14736675272393965
25842,GOF,0.026551353536766832,0.8542943954889675,0.11915425097426578
25843,GOF,0.025043785368148736,0.8623841439760334,0.11257207065581788
25844,GOF,0.02237792988851145,0.8198325566162347,0.1577895134952539
25845,GOF,0.008221038287301528,0.7109091701635226,0.2808697915491759
25846,GOF,0.07345094119829797,0.8190176117598238,0.10753144704187832
25847,GOF,0.01836870646728631,0.844441185470809,0.13719010806190463
25848,GOF,0.018344429027539588,0.8042544207152984,0.17740115025716197
25849,GOF,0.006591764211251683,0.7795935399016747,0.21381469588707366
25850,GOF,0.007659469875002002,0.6738429232424389,0.31849760688255907
25851,GOF,0.006882237123249306,0.6122887427073381,0.38082902016941267
25852,GOF,0.1475768276042173,0.46055033187201244,0.39187284052377036
25853,GOF,0.05993610935125308,0.7343158546476141,0.20574803600113273
25854,GOF,0.007364611849957676,0.7126633476233605,0.27997204052668184
25855,GOF,0.023734974999429614,0.6014087929869314,0.37485623201363905
25856,GOF,0.05006052660335466,0.7000884931240497,0.24985098027259564
25857,GOF,0.02324837819689953,0.5981514483464231,0.3786001734566775
25858,GOF,0.01037718887450783,0.5569827468160876,0.43264006430940455
25859,GOF,0.007494803902098438,0.5361878338894874,0.4563173622084141
25860,GOF,0.10330757796028893,0.6766382038755654,0.22005421816414558
25861,GOF,0.10229502595508597,0.7774243333047341,0.1202806407401798
25862,GOF,0.022689195719497922,0.8872660165899608,0.09004478769054122
25863,GOF,0.020902805329277033,0.8527894793028026,0.12630771536792046
25864,GOF,0.03611183734302062,0.8718331087840027,0.09205505387297666
25865,GOF,0.03518833142190844,0.8634215814969842,0.10139008708110746
25866,GOF,0.018983210058355522,0.8625562998276323,0.11846049011401216
25867,GOF,0.039848370154668585,0.8607596585957642,0.0993919712495673
25868,GOF,0.0776032587448689,0.7550402322233006,0.16735650903183039
25869,GOF,0.3422824769167377,0.5204907168326303,0.13722680625063194
25870,GOF,0.06767539395342458,0.5244264098197637,0.40789819622681167
25871,GOF,0.009550281382604973,0.7730004560879976,0.21744926252939736
25872,GOF,0.021338683324035587,0.7699597366291857,0.20870158004677866
25873,GOF,0.021066632183866292,0.8484680455999115,0.13046532221622228
25874,LOF,0.027880700802494687,0.1405732574755084,0.831546041721997
25875,LOF,0.02313962294303989,0.12782903697853104,0.8490313400784291
25876,LOF,0.026845497345196173,0.06814090661890908,0.9050135960358947
25877,LOF,0.10859861145931274,0.22452971661409074,0.6668716719265965
25878,LOF,0.07044537317721743,0.30441065704803777,0.625143969774745
25879,LOF,0.011139317101583944,0.19058142313812046,0.7982792597602956
25880,LOF,0.05202061005003478,0.01917188737754456,0.9288075025724206
25881,Neutral,0.499133927694984,0.16368144650545935,0.3371846257995567
25882,LOF,0.04502262489302755,0.0431025055888688,0.9118748695181036
25883,LOF,0.030501173845860225,0.034446662464036874,0.9350521636901029
25884,LOF,0.0160952293045493,0.051815204089268575,0.9320895666061821
25885,LOF,0.14670356985664312,0.017607007932059302,0.8356894222112975
25886,LOF,0.2667853062264443,0.06289040912063508,0.6703242846529206
25887,LOF,0.069050276774189,0.24965081055858457,0.6812989126672264
25888,LOF,0.007231627780866881,0.2540900857399859,0.7386782864791472
25889,LOF,0.02345882920834207,0.04480916499946955,0.9317320057921884
25890,LOF,0.18274177302177394,0.07649339053189029,0.7407648364463357
25891,LOF,0.09836663965958338,0.04362773930153173,0.858005621038885
25892,LOF,0.00805544737069501,0.023709338491578923,0.9682352141377261
25893,LOF,0.28596047548932524,0.00811334241980121,0.7059261820908735
25894,LOF,0.33486099590346485,0.005847407396335541,0.6592915967001997
25895,LOF,0.2847184433943672,0.013552026477084783,0.701729530128548
25896,LOF,0.08706194832416661,0.024938373925794937,0.8879996777500384
25897,LOF,0.1161733507158434,0.011074813840309759,0.8727518354438468
25898,LOF,0.11563446350036938,0.027285506431668074,0.8570800300679626
25899,LOF,0.41568105904068436,0.028444081029895363,0.5558748599294203
25900,Neutral,0.7636894212946216,0.010492204417996474,0.22581837428738197
25901,LOF,0.0628439838506687,0.009093070046523787,0.9280629461028075
25902,LOF,0.07639624631746496,0.008658004309077181,0.9149457493734579
25903,LOF,0.17099475193442795,0.0270654967767362,0.8019397512888358
25904,LOF,0.4732824598757994,0.04678286376883195,0.4799346763553687
25905,LOF,0.007761212156939844,0.401186686319689,0.5910521015233712
25906,LOF,0.009020750654584679,0.06883383913791549,0.9221454102075
25907,LOF,0.007844941564929155,0.25080770341699954,0.7413473550180713
25908,LOF,0.008066284317222018,0.23728708724188413,0.7546466284408937
25909,LOF,0.03353859226080701,0.12495283454348723,0.8415085731957057
25910,LOF,0.017951968284128525,0.10917643089687751,0.872871600818994
25911,LOF,0.16434468709394798,0.032540573276472674,0.8031147396295792
25912,LOF,0.12741910814600216,0.013431469655431426,0.8591494221985665
25913,LOF,0.016168933747190962,0.02412217980335397,0.959708886449455
25914,LOF,0.04853958298712442,0.0355541424625714,0.915906274550304
25915,LOF,0.19196473258189595,0.33686671793863443,0.47116854947946957
25916,LOF,0.013697335001447822,0.1850549214862136,0.8012477435123385
25917,LOF,0.07628871652733286,0.04811994936215228,0.8755913341105148
25918,LOF,0.057587787304737244,0.023588992572214442,0.9188232201230483
25919,LOF,0.046339127444829945,0.02569762738446667,0.9279632451707034
25920,LOF,0.34526136203504704,0.231478238181566,0.4232603997833869
25921,LOF,0.022873084637420615,0.023116524088135196,0.9540103912744442
25922,LOF,0.021696783804737496,0.017563286213895052,0.9607399299813675
25923,LOF,0.4156940225003758,0.011143761493063344,0.5731622160065608
25924,LOF,0.03327943423797014,0.01859139780817764,0.9481291679538523
25925,LOF,0.11955183705694798,0.023923440864554835,0.8565247220784972
25926,LOF,0.09312291798051467,0.01685607543674376,0.8900210065827416
25927,LOF,0.03262669192847063,0.0267060376751597,0.9406672703963697
25928,LOF,0.01676824348820134,0.011771412924161936,0.9714603435876368
25929,Neutral,0.5475524363584382,0.01085218174761096,0.4415953818939509
25930,LOF,0.06311535019022588,0.010671998946787338,0.9262126508629867
25931,LOF,0.017224020544269816,0.011624364594495992,0.9711516148612342
25932,LOF,0.08659144671184565,0.0089925200503137,0.9044160332378406
25933,LOF,0.10136021154848507,0.0069125710002314366,0.8917272174512834
25934,LOF,0.09967913302991421,0.007284269312575095,0.8930365976575106
25935,LOF,0.111524751785847,0.019519415922871656,0.8689558322912814
25936,LOF,0.09811405648951697,0.006780854069498566,0.8951050894409845
25937,LOF,0.017018376450647882,0.013325134481550547,0.9696564890678016
25938,LOF,0.11323815337132793,0.01770655068774413,0.869055295940928
25939,LOF,0.06650000824816324,0.011501156664843666,0.921998835086993
25940,GOF,0.011197763970247887,0.5189242523345929,0.4698779836951592
25941,LOF,0.43433387673366763,0.029980048998239264,0.5356860742680931
25942,LOF,0.010161777522844067,0.04999035208178665,0.9398478703953693
25943,LOF,0.041112961654562734,0.11845545532291928,0.840431583022518
25944,LOF,0.040215610606774324,0.07797622238776594,0.8818081670054598
25945,LOF,0.14347983922165672,0.023412675588983245,0.8331074851893601
25946,LOF,0.0828643376179275,0.07936525859789795,0.8377704037841746
25947,Neutral,0.4642137804548737,0.2132779030768246,0.32250831646830175
25948,Neutral,0.53828302748713,0.01899464542864488,0.44272232708422515
25949,LOF,0.1086243326088225,0.04636896955751028,0.8450066978336671
25950,GOF,0.08350179940326495,0.6854559596149846,0.23104224098175036
25951,GOF,0.013293519892617268,0.5263682528677447,0.46033822723963796
25952,LOF,0.1464588289288835,0.3172882269208033,0.5362529441503132
25953,LOF,0.0071093892547749275,0.4110110771006918,0.5818795336445333
25954,GOF,0.06189596136443457,0.5983464482690551,0.3397575903665103
25955,LOF,0.008005713063262091,0.39602917705409907,0.5959651098826388
25956,LOF,0.009383598162022796,0.4116810249630788,0.5789353768748984
25957,LOF,0.20011297587784097,0.04269757748038461,0.7571894466417745
25958,LOF,0.02386497743245625,0.05803140387706008,0.9181036186904837
25959,GOF,0.006981133777604126,0.6926135619550396,0.30040530426735623
25960,LOF,0.005675566317926709,0.10026373039934784,0.8940607032827255
25961,LOF,0.025124482282738652,0.05411574926075432,0.920759768456507
25962,LOF,0.040637886177120386,0.09882630074814085,0.8605358130747387
25963,LOF,0.011309613130791788,0.14375774984245124,0.8449326370267569
25964,LOF,0.04570417339769032,0.09910882072548399,0.8551870058768257
25965,LOF,0.1568417704207735,0.17529549367670838,0.6678627359025181
25966,LOF,0.2887580798889446,0.27060162589356757,0.44064029421748785
25967,LOF,0.007169570483512694,0.1265067658874054,0.8663236636290819
25968,LOF,0.06376464986050623,0.21688655456395214,0.7193487955755417
25969,LOF,0.1321280704430814,0.05681956970790522,0.8110523598490134
25970,LOF,0.05459573351818639,0.07679294482661389,0.8686113216551997
25971,LOF,0.07923699821622619,0.031145978054435714,0.889617023729338
25972,LOF,0.07818999912721628,0.03709126350022225,0.8847187373725615
25973,LOF,0.07539218027560779,0.009433495147195855,0.9151743245771964
25974,LOF,0.06293851245920569,0.0355131507695048,0.9015483367712895
25975,LOF,0.02842263778411492,0.010710528815025013,0.96086683340086
25976,LOF,0.09830432482613324,0.0108434829786199,0.8908521921952469
25977,LOF,0.19442773869236224,0.06942446642424714,0.7361477948833907
25978,LOF,0.1735661089508338,0.11969241441824795,0.7067414766309181
25979,LOF,0.1267945566653306,0.12277524067116273,0.7504302026635066
25980,LOF,0.21400133926408813,0.23039049655328528,0.5556081641826266
25981,LOF,0.21464168968455732,0.23562309177457685,0.5497352185408658
25982,LOF,0.2897686291497968,0.11957971248589055,0.5906516583643127
25983,Neutral,0.4780101580295666,0.10667304820618158,0.41531679376425173
25984,LOF,0.05854355319108191,0.05858538255761125,0.8828710642513069
25985,Neutral,0.48939428928661455,0.09436976039078666,0.4162359503225987
25986,LOF,0.012445200220416945,0.373950658777086,0.613604141002497
25987,LOF,0.037045641102307646,0.06576005849486462,0.8971943004028278
25988,LOF,0.049759068930868844,0.08997214557473344,0.8602687854943977
25989,LOF,0.05302968913949824,0.1019208193474755,0.8450494915130263
25990,LOF,0.050082207236335975,0.20823353586264487,0.7416842569010192
25991,GOF,0.02302014227157022,0.635888889007576,0.3410909687208538
25992,LOF,0.012562657869402914,0.4898314684625952,0.4976058736680019
25993,LOF,0.019397750241507614,0.09737726556329461,0.8832249841951978
25994,LOF,0.023360765073545574,0.10399111679058765,0.8726481181358667
25995,LOF,0.015345373797636489,0.17454196204543312,0.8101126641569304
25996,GOF,0.30964483551393956,0.5301187740349117,0.16023639045114874
25997,GOF,0.05971136988446194,0.6727089559261481,0.2675796741893898
25998,LOF,0.23356863979207523,0.0315418484268401,0.7348895117810846
25999,LOF,0.025835754234768235,0.28271670670257026,0.6914475390626615
26000,LOF,0.16052316992660454,0.013035079699160417,0.8264417503742352
26001,LOF,0.1593867958339703,0.0186547098863521,0.8219584942796776
26002,LOF,0.10831087752391001,0.014726561014576759,0.8769625614615133
26003,GOF,0.006901338309980352,0.6193904958215489,0.37370816586847067
26004,GOF,0.014903894632976405,0.6014928783195708,0.3836032270474528
26005,LOF,0.005540957674519887,0.4924322572347294,0.5020267850907507
26006,GOF,0.09795263227017623,0.5621003989255345,0.33994696880428915
26007,GOF,0.009618644512374907,0.5596147088003656,0.43076664668725956
26008,GOF,0.0074944424107648965,0.598174816793896,0.39433074079533914
26009,GOF,0.014145114685658471,0.6297660472724956,0.3560888380418458
26010,GOF,0.01046427738616091,0.5529278449894024,0.4366078776244366
26011,LOF,0.006465540473390193,0.43989348849526644,0.5536409710313434
26012,GOF,0.006341388594109044,0.5637778682917503,0.42988074311414065
26013,GOF,0.012232084414402138,0.5032080596309217,0.4845598559546761
26014,LOF,0.0531579289643294,0.07086585624808875,0.8759762147875818
26015,LOF,0.34406837469904916,0.03522953710473287,0.620702088196218
26016,LOF,0.25792388142774775,0.05408439937964183,0.6879917191926105
26017,LOF,0.01708933871966536,0.18177475549536723,0.8011359057849674
26018,LOF,0.02043446561557032,0.10938997953487538,0.8701755548495543
26019,LOF,0.020421953931762982,0.08803466423434043,0.8915433818338965
26020,LOF,0.00757517840049704,0.16679238599106666,0.8256324356084364
26021,LOF,0.08463593776062872,0.08236498715157184,0.8329990750877995
26022,LOF,0.04788414657073212,0.03441988268007109,0.9176959707491967
26023,LOF,0.029145489467880138,0.07639702642293675,0.8944574841091831
26024,LOF,0.05367298258943892,0.06308546937044969,0.8832415480401113
26025,LOF,0.16262453443436276,0.0859327906547225,0.7514426749109148
26026,LOF,0.1401735720641515,0.0645622330104588,0.7952641949253897
26027,LOF,0.030076907736765163,0.04711621224426936,0.9228068800189655
26028,LOF,0.08134395044751247,0.24295396708795144,0.6757020824645361
26029,LOF,0.035603788240120046,0.1502016833384254,0.8141945284214546
26030,LOF,0.1379410628747824,0.019473164430700806,0.8425857726945168
26031,LOF,0.017171729673596436,0.1623913783543838,0.8204368919720197
26032,LOF,0.02727880580671042,0.031213605512757415,0.9415075886805321
26033,LOF,0.04431991306104879,0.05844702698086725,0.897233059958084
26034,LOF,0.024564717589571093,0.09275528691205563,0.8826799954983734
26035,LOF,0.014171085837049173,0.11478887790452653,0.8710400362584242
26036,LOF,0.013191841080943496,0.09718066206810888,0.8896274968509477
26037,LOF,0.012929794172949453,0.09727088231785855,0.889799323509192
26038,LOF,0.023861147387189637,0.02982360887436083,0.9463152437384497
26039,LOF,0.03626570876399341,0.13853304934426514,0.8252012418917415
26040,LOF,0.0753684959350755,0.20619180521950384,0.7184396988454207
26041,LOF,0.01603666027478038,0.11106816272904738,0.8728951769961721
26042,LOF,0.015018090209373286,0.11894305403919654,0.8660388557514302
26043,LOF,0.02396238121386911,0.056791455216133824,0.9192461635699971
26044,LOF,0.008176770275173821,0.05546897742715721,0.9363542522976691
26045,LOF,0.09690425006044034,0.2418970662570372,0.6611986836825224
26046,LOF,0.023869189206395677,0.05900370324407131,0.9171271075495331
26047,LOF,0.060262028989575375,0.04879863747641597,0.8909393335340087
26048,LOF,0.08739229746739448,0.02462030892797582,0.8879873936046296
26049,Neutral,0.9333036241020888,0.006837301148091812,0.05985907474981928
26050,Neutral,0.8874367227873954,0.008654642161720488,0.10390863505088402
26051,LOF,0.028385268785021116,0.32074125727792013,0.6508734739370587
26052,LOF,0.03259190711007108,0.21697340403614923,0.7504346888537796
26053,LOF,0.02741141289831017,0.16943198522596264,0.8031566018757272
26054,LOF,0.052735754788368915,0.07413953894121772,0.8731247062704134
26055,LOF,0.05652214167053996,0.07005481706242302,0.8734230412670371
26056,LOF,0.054037547121967726,0.07295877699169753,0.8730036758863347
26057,LOF,0.04465438238178077,0.01546481746619643,0.9398808001520228
26058,LOF,0.04934508078504365,0.012450047660066172,0.9382048715548903
26059,LOF,0.2581786612562135,0.1026185556856541,0.6392027830581324
26060,LOF,0.021479365634557372,0.18186764061962304,0.7966529937458195
26061,LOF,0.014606025484057874,0.010594636083913835,0.9747993384320283
26062,LOF,0.0064318670885691025,0.021443008838451526,0.9721251240729794
26063,LOF,0.04481116043518996,0.014115996918256804,0.9410728426465532
26064,LOF,0.009723645311133108,0.01416389094310529,0.9761124637457617
26065,LOF,0.05128799575091531,0.01658759689984676,0.9321244073492378
26066,LOF,0.044166733510705526,0.013520300898703975,0.9423129655905905
26067,LOF,0.05115609897695524,0.012010773685448298,0.9368331273375964
26068,LOF,0.05156770857140612,0.04957074262634737,0.8988615488022464
26069,LOF,0.1678546273631767,0.04214006620329186,0.7900053064335315
26070,LOF,0.38065800316983556,0.02417519558347522,0.5951668012466892
26071,LOF,0.05147301499983942,0.016835568653756648,0.9316914163464041
26072,LOF,0.008640191655696522,0.019802542829994937,0.9715572655143087
26073,LOF,0.05226433569397308,0.011699822683451593,0.9360358416225752
26074,Neutral,0.7000576110817877,0.019149148182962757,0.2807932407352497
26075,LOF,0.038749763316852565,0.03524181727867967,0.9260084194044679
26076,LOF,0.055570934729228694,0.016864260011450565,0.9275648052593206
26077,LOF,0.17375471562348915,0.016728143450045713,0.8095171409264652
26078,LOF,0.006919756503846428,0.027581341011255242,0.9654989024848984
26079,LOF,0.05486588833799627,0.03683361278768903,0.9083004988743147
26080,LOF,0.053583865212182086,0.03696490214261846,0.9094512326451994
26081,LOF,0.052438471563390966,0.014324096623383785,0.9332374318132252
26082,LOF,0.008183630359540622,0.020347564815111786,0.9714688048253477
26083,LOF,0.0498168378603885,0.030418894776093514,0.9197642673635179
26084,LOF,0.07033240344777533,0.01599603500173594,0.9136715615504887
26085,LOF,0.0659848254464603,0.01379620525644117,0.9202189692970986
26086,LOF,0.04118007994453726,0.01844850270708678,0.9403714173483758
26087,LOF,0.048848940745394885,0.01589992722334349,0.9352511320312616
26088,LOF,0.007700578045350655,0.037455781011468604,0.9548436409431806
26089,LOF,0.035567506489156284,0.05336100155150024,0.9110714919593436
26090,LOF,0.03530175126745617,0.04513032601647917,0.9195679227160647
26091,LOF,0.03720135942267886,0.013513149657720065,0.9492854909196011
26092,LOF,0.048087809280628745,0.012631571525583451,0.9392806191937878
26093,LOF,0.07587661524569099,0.007991082178271429,0.9161323025760375
26094,LOF,0.04641337722458353,0.010948580767216847,0.9426380420081996
26095,LOF,0.013590786234942302,0.02684893541463489,0.9595602783504228
26096,LOF,0.3260370303558611,0.004487896671513672,0.6694750729726253
26097,LOF,0.007637934169634612,0.05011181279885925,0.9422502530315062
26098,LOF,0.056946538914055295,0.03733076821442027,0.9057226928715244
26099,LOF,0.04773840878732984,0.03428546639978461,0.9179761248128855
26100,LOF,0.04773840878732984,0.03428546639978461,0.9179761248128855
26101,LOF,0.04341100421386339,0.05158849749871535,0.9050004982874212
26102,LOF,0.04297046959329095,0.02023706749194688,0.9367924629147621
26103,Neutral,0.8787500757292888,0.04295152204901003,0.07829840222170117
26104,LOF,0.04557608415471365,0.10852674514417322,0.8458971707011131
26105,LOF,0.2589981001675995,0.06941260325015122,0.6715892965822492
26106,LOF,0.298659213806274,0.030866949901533457,0.6704738362921926
26107,LOF,0.018245592612687597,0.05776827518478045,0.9239861322025319
26108,LOF,0.18574967281806457,0.05914767440179687,0.7551026527801386
26109,LOF,0.05108574410266247,0.039830794486160406,0.909083461411177
26110,Neutral,0.5285330111830278,0.026388908528730343,0.44507808028824186
26111,LOF,0.05556388029412565,0.19064035846115607,0.7537957612447184
26112,LOF,0.07051929995215592,0.01844768703636481,0.9110330130114793
26113,LOF,0.07249987592557368,0.03574440686834983,0.8917557172060764
26114,LOF,0.10451938490446043,0.012368953466108265,0.8831116616294313
26115,LOF,0.021334486728427107,0.07958839802235367,0.8990771152492192
26116,LOF,0.055148502024864765,0.026239646032062768,0.9186118519430726
26117,LOF,0.3184698999172608,0.07384415011952951,0.6076859499632097
26118,LOF,0.03864621812951326,0.023658192961124806,0.937695588909362
26119,LOF,0.005819324954555546,0.08810747924401849,0.906073195801426
26120,LOF,0.029871863231300762,0.020574012493469962,0.9495541242752292
26121,LOF,0.003866628749960006,0.1178440838702736,0.8782892873797663
