feature0,prediction,LoGoFunc_Neutral,LoGoFunc_GOF,LoGoFunc_LOF
25546,Neutral,0.7398929073837224,0.03405441445289001,0.22605267816338753
25547,Neutral,0.6073235820837962,0.0725454122665956,0.3201310056496082
25548,Neutral,0.5989842214484806,0.05102214850311342,0.34999363004840595
25549,Neutral,0.5230337767991675,0.05160593987340586,0.4253602833274266
25550,LOF,0.36088245603538077,0.09872673736374141,0.5403908066008778
25551,LOF,0.30172465663483417,0.10978722886564644,0.5884881144995194
25552,LOF,0.2219071438677364,0.10355227020610486,0.6745405859261587
25553,Neutral,0.8451898428602411,0.027246077336489136,0.1275640798032697
25554,LOF,0.2497090109275652,0.09780610534027852,0.6524848837321562
25555,LOF,0.2102796001540207,0.08630816930721584,0.7034122305387634
25556,LOF,0.42445793336061227,0.08968927671177694,0.4858527899276108
25557,LOF,0.20170837163624603,0.09111091997437176,0.7071807083893823
25558,LOF,0.23376481244035563,0.09978437874247896,0.6664508088171655
25559,LOF,0.3612463577159682,0.1300110372660669,0.5087426050179649
25560,LOF,0.04915127309620475,0.11735198006915093,0.8334967468346444
25561,LOF,0.11545763593534421,0.11857187656417151,0.7659704875004844
25562,LOF,0.09887759105749777,0.053936330563620793,0.8471860783788814
25563,LOF,0.10565431154809266,0.06317293410013254,0.8311727543517747
25564,LOF,0.24422656928595304,0.11477517149855898,0.640998259215488
25565,LOF,0.14072310200294177,0.12150568036240102,0.7377712176346571
25566,GOF,0.014193005964705598,0.7992290433997211,0.18657795063557323
25567,LOF,0.014823740187988693,0.16969710934483584,0.8154791504671756
25568,LOF,0.04852989153689393,0.06715541047315479,0.8843146979899513
25569,LOF,0.058796458717405346,0.06498872112889195,0.8762148201537028
25570,LOF,0.057522806216950335,0.09918175145435129,0.8432954423286984
25571,LOF,0.051553502111949506,0.09697513516924293,0.8514713627188076
25572,LOF,0.0637868637971417,0.12190917355738554,0.8143039626454728
25573,LOF,0.03512801947514381,0.09914106523306558,0.8657309152917906
25574,LOF,0.021249608656519595,0.14709314785765915,0.8316572434858213
25575,LOF,0.043863161917457635,0.1098182279974931,0.8463186100850493
25576,LOF,0.016317003892655002,0.13471014840565637,0.8489728477016887
25577,LOF,0.015015150612681409,0.11991365082744411,0.8650711985598745
25578,LOF,0.2611161227228862,0.09011917147661118,0.6487647058005027
25579,LOF,0.2623663757496198,0.08934233110381494,0.6482912931465653
25580,LOF,0.03060783282748936,0.08305616917620769,0.886335997996303
25581,LOF,0.05193957164338602,0.0671155692832738,0.8809448590733402
25582,LOF,0.051319544230886395,0.06563468492705027,0.8830457708420634
25583,LOF,0.03845712428095509,0.09626381902484052,0.8652790566942044
25584,Neutral,0.4771644427483766,0.09878406389971421,0.4240514933519092
25585,LOF,0.022869588446504108,0.12481402563453055,0.8523163859189654
25586,LOF,0.028426655885812863,0.07527031969378986,0.8963030244203973
25587,LOF,0.02869462694369111,0.07095855625583548,0.9003468168004733
25588,LOF,0.030356526623459747,0.08527064496703048,0.8843728284095099
25589,Neutral,0.6070087884032016,0.1191289099144918,0.2738623016823065
25590,LOF,0.03053019807082697,0.12892032519640947,0.8405494767327636
25591,LOF,0.08860998688903701,0.06031390116267649,0.8510761119482865
25592,LOF,0.09892513090985074,0.1304540873607385,0.7706207817294107
25593,LOF,0.03298127324678744,0.2634473914362479,0.7035713353169646
25594,LOF,0.04771774486813986,0.17496141985329838,0.7773208352785618
25595,LOF,0.05254920347083283,0.12501539830663969,0.8224353982225275
25596,LOF,0.05021220262113813,0.09915800603085044,0.8506297913480114
25597,LOF,0.03790427538023559,0.10154500055916893,0.8605507240605955
25598,LOF,0.051353819680661585,0.1191312117644259,0.8295149685549125
25599,GOF,0.007599008883310703,0.6337131218732774,0.3586878692434119
25600,GOF,0.014764452031349296,0.5660308733834666,0.41920467458518396
25601,LOF,0.01046754248293504,0.44733875405289725,0.5421937034641676
25602,LOF,0.026300498354894727,0.04420960629842531,0.9294898953466799
25603,LOF,0.058568856764009074,0.02155915715405118,0.9198719860819398
25604,LOF,0.038959602773356646,0.0374711474923016,0.9235692497343417
25605,LOF,0.01065758664722243,0.18985163448170347,0.7994907788710741
25606,LOF,0.07104190665163242,0.3902941135741213,0.5386639797742463
25607,LOF,0.005929654629167637,0.18846880337821734,0.8056015419926151
25608,LOF,0.04925233904001493,0.06469112480686753,0.8860565361531174
25609,LOF,0.038080182941280905,0.4236020602142907,0.5383177568444284
25610,LOF,0.03295521585489839,0.02988348866157698,0.9371612954835247
25611,LOF,0.03682011208999305,0.02708149266671016,0.9360983952432967
25612,LOF,0.09642314102850971,0.04211427986375534,0.8614625791077349
25613,LOF,0.07874553196264392,0.046512932070990914,0.8747415359663653
25614,LOF,0.02663599495726898,0.03572513077362416,0.9376388742691067
25615,LOF,0.0523661866242384,0.044687690390635956,0.9029461229851258
25616,LOF,0.025417324824547644,0.036202602210560875,0.9383800729648915
25617,LOF,0.024169046615072645,0.04303385396993138,0.932797099414996
25618,LOF,0.12971434395505674,0.032336367641342824,0.8379492884036004
25619,LOF,0.026482082351313167,0.03494875487263813,0.9385691627760486
25620,LOF,0.029805696142728932,0.041246393925052166,0.9289479099322189
25621,LOF,0.02781859547966825,0.0386904077635713,0.9334909967567605
25622,LOF,0.031121710412147886,0.04188098557810542,0.9269973040097468
25623,LOF,0.0486468763765554,0.0427048986020278,0.9086482250214168
25624,LOF,0.02379364341643387,0.04605210769804991,0.9301542488855162
25625,LOF,0.032319218328362376,0.0534514736731343,0.9142293079985034
25626,LOF,0.08376930703450036,0.03660852842742672,0.879622164538073
25627,Neutral,0.5591158898948785,0.1083338613753265,0.33255024872979505
25628,LOF,0.20991217135432771,0.049335843042010816,0.7407519856036614
25629,LOF,0.06194621501216992,0.06030567476629043,0.8777481102215396
25630,LOF,0.16886927776569083,0.08483746982598672,0.7462932524083224
25631,Neutral,0.589437504328429,0.058114380982958215,0.3524481146886128
25632,LOF,0.014803936302052706,0.10822932753904868,0.8769667361588986
25633,LOF,0.18475341696992953,0.07897694570911003,0.7362696373209604
25634,LOF,0.03435351572812049,0.1126569210352013,0.8529895632366782
25635,LOF,0.033495208765231224,0.09271856196255797,0.873786229272211
25636,GOF,0.0036117963795469017,0.6416178240246005,0.35477037959585256
25637,GOF,0.0038982061459507324,0.6925885951630534,0.30351319869099586
25638,LOF,0.007659724754264444,0.42952929490212743,0.5628109803436081
25639,GOF,0.0036414498810528988,0.5376285292162275,0.4587300209027196
25640,GOF,0.4641229564551282,0.46937185475790505,0.06650518878696685
25641,LOF,0.007778131594498666,0.39891421149586853,0.5933076569096328
25642,LOF,0.26149394508278256,0.08271504668010161,0.6557910082371158
25643,LOF,0.2944421843771775,0.1760064066862582,0.5295514089365643
25644,GOF,0.01213350003408164,0.5478020044457482,0.44006449552017013
25645,LOF,0.010359947897005133,0.49190403391904514,0.49773601818394975
25646,LOF,0.016184164035887037,0.37903824211586995,0.6047775938482429
25647,LOF,0.013431526081794553,0.316779696749361,0.6697887771688446
25648,LOF,0.012748474625619665,0.32458924373948767,0.6626622816348927
25649,LOF,0.010202642337923866,0.2478064375539374,0.7419909201081388
25650,GOF,0.023791338759168904,0.5043681274047193,0.47184053383611185
25651,LOF,0.0077369798376570546,0.30716211534274374,0.6851009048195992
25652,LOF,0.011331586390086008,0.2802252331515415,0.7084431804583725
25653,LOF,0.04948947711315168,0.38787440002181356,0.5626361228650347
25654,LOF,0.013857660615174463,0.1706563620720389,0.8154859773127866
25655,LOF,0.06229152876781129,0.4341106418325075,0.5035978293996812
25656,LOF,0.08574325399501342,0.07242294079070337,0.8418338052142832
25657,LOF,0.2876151172500807,0.03438173456049915,0.6780031481894202
25658,LOF,0.03785470726387344,0.0938035061219374,0.8683417866141893
25659,LOF,0.3087058311013515,0.0638441625752045,0.627450006323444
25660,LOF,0.06806470475668791,0.09794429306616818,0.8339910021771438
25661,LOF,0.04560150449781215,0.07302243268424338,0.8813760628179445
25662,LOF,0.026782882345249774,0.04970253172193405,0.9235145859328161
25663,LOF,0.037839304174615396,0.07029354725375667,0.891867148571628
25664,LOF,0.03966134421849173,0.09015305427473355,0.8701856015067748
25665,LOF,0.056756877143769396,0.04794022887962309,0.8953028939766076
25666,LOF,0.035049769021538384,0.1389201401604825,0.8260300908179792
25667,LOF,0.03136669035111915,0.05385822661813651,0.9147750830307444
25668,LOF,0.03154738846104762,0.059646923896339875,0.9088056876426126
25669,LOF,0.03855862430071024,0.08816108484657711,0.8732802908527125
25670,LOF,0.07924038112063549,0.08906345864579669,0.8316961602335677
25671,LOF,0.03958792006939203,0.046118363089983815,0.9142937168406242
25672,LOF,0.06004971352224804,0.0674492635654608,0.8725010229122911
25673,LOF,0.04075594689691334,0.08401903283323225,0.8752250202698544
25674,LOF,0.03590663380403798,0.08627046435998409,0.877822901835978
25675,LOF,0.045798903063053883,0.0646823111356377,0.8895187858013084
25676,LOF,0.03242565985546076,0.059344543650141156,0.9082297964943981
25677,LOF,0.060112916093827136,0.06794108452626124,0.8719459993799116
25678,LOF,0.2778985519712588,0.03643231002746233,0.6856691380012789
25679,LOF,0.18618031651993294,0.07300426853609404,0.740815414943973
25680,LOF,0.05863581837841902,0.09807504210141879,0.8432891395201622
25681,LOF,0.10257656271509437,0.09348191423102914,0.8039415230538765
25682,LOF,0.041434786313325804,0.08304246147834927,0.875522752208325
25683,LOF,0.08217227413095568,0.11873967647641888,0.7990880493926255
25684,LOF,0.057985914138895325,0.07956949038191131,0.8624445954791934
25685,LOF,0.0917375987014752,0.05937493821064304,0.8488874630878817
25686,LOF,0.027136974776769875,0.09975451037247345,0.8731085148507567
25687,LOF,0.05017329147540409,0.0753190057513767,0.8745077027732191
25688,LOF,0.02410334737030308,0.08389247884260935,0.8920041737870876
25689,LOF,0.01822284604716666,0.07531766746751722,0.906459486485316
25690,LOF,0.022201990321637742,0.09436940719726432,0.8834286024810979
25691,LOF,0.22402305155588015,0.11702841234246729,0.6589485361016525
25692,LOF,0.2817147757050875,0.011587998092327651,0.7066972262025848
25693,LOF,0.08127303056920986,0.14571041623491743,0.7730165531958726
25694,LOF,0.24764683265919005,0.01230301613345496,0.7400501512073551
25695,LOF,0.16079363046252462,0.017332584901876478,0.8218737846355989
25696,LOF,0.17499986125890787,0.0098797133110704,0.8151204254300217
25697,LOF,0.14975652743954315,0.022863430070469513,0.8273800424899873
25698,LOF,0.042467488211940886,0.39347827328393,0.5640542385041291
25699,LOF,0.0673172746575943,0.07217499990865979,0.860507725433746
25700,LOF,0.031170618225480222,0.012764708063091643,0.9560646737114282
25701,LOF,0.01364334761337545,0.08042567093713959,0.905930981449485
25702,GOF,0.033923553504233456,0.7447354701147642,0.22134097638100242
25703,LOF,0.020372356250936915,0.18705143502871352,0.7925762087203496
25704,LOF,0.09349890856828454,0.14165439460823337,0.764846696823482
25705,LOF,0.0580250262071671,0.24085443342868748,0.7011205403641454
25706,GOF,0.05066410894058043,0.6432405375625296,0.30609535349688993
25707,GOF,0.030493594710417446,0.5420843092036413,0.4274220960859413
25708,LOF,0.009173801688520366,0.4583020788955875,0.5325241194158922
25709,LOF,0.01819367835196341,0.06427656002164839,0.9175297616263881
25710,LOF,0.008614717526938799,0.18238018782101031,0.8090050946520508
25711,LOF,0.02006137104705573,0.12519816211866877,0.8547404668342756
25712,LOF,0.009298638909913412,0.2182675636134271,0.7724337974766595
25713,LOF,0.018085818246357847,0.10911073169011117,0.872803450063531
25714,LOF,0.01884574563905339,0.14974053614247038,0.8314137182184762
25715,LOF,0.01850675281460354,0.12052178463001055,0.8609714625553858
25716,LOF,0.011031074182651531,0.14471179278228868,0.8442571330350598
25717,LOF,0.005259340232573265,0.13970349321462996,0.8550371665527967
25718,LOF,0.016517554382784187,0.08423242257032167,0.899250023046894
25719,LOF,0.03284446672400651,0.08547689048035849,0.8816786427956351
25720,LOF,0.022200191432189764,0.08317494082764497,0.8946248677401654
25721,LOF,0.021623805967758907,0.09724170978230239,0.8811344842499387
25722,LOF,0.01670392174150084,0.1222454795937288,0.8610505986647704
25723,LOF,0.020578603607748505,0.07191583065944729,0.9075055657328043
25724,LOF,0.029487058388120362,0.11137941644208722,0.8591335251697925
25725,LOF,0.021187300491870176,0.0670506105116469,0.9117620889964829
25726,LOF,0.015429894867576704,0.096270044916064,0.8883000602163593
25727,LOF,0.019376817360282822,0.0845708894240303,0.8960522932156869
25728,LOF,0.01773320447108407,0.10186290672881804,0.8804038888000979
25729,LOF,0.018283483995882952,0.1052680611432717,0.8764484548608453
25730,LOF,0.018839876110816695,0.08442507079011663,0.8967350530990668
25731,LOF,0.010106199483831858,0.17351167647472485,0.8163821240414433
25732,LOF,0.017870085011224744,0.0932717119289976,0.8888582030597777
25733,LOF,0.028936200060241717,0.08850589917731637,0.8825579007624419
25734,LOF,0.00660647100609258,0.2140413693942878,0.7793521595996196
25735,LOF,0.022009393286398757,0.0772173762017958,0.9007732305118055
25736,LOF,0.021099470117153407,0.11761830235403077,0.8612822275288159
25737,LOF,0.041500492132641585,0.09938242724306652,0.8591170806242919
25738,LOF,0.01860882337365947,0.15525504651699942,0.826136130109341
25739,LOF,0.02070677595445236,0.1518315562393601,0.8274616678061875
25740,LOF,0.048548521289584416,0.1409022263745751,0.8105492523358405
25741,LOF,0.02487210198757634,0.1172987354904776,0.8578291625219461
25742,LOF,0.036002324841078265,0.13263746849873523,0.8313602066601865
25743,LOF,0.012544906403145487,0.04009394839381095,0.9473611452030436
25744,GOF,0.13905361948601783,0.44331999028540875,0.4176263902285735
25745,LOF,0.024303221766750302,0.07725551455218038,0.8984412636810694
25746,LOF,0.012617247131426,0.09267322834654948,0.8947095245220246
25747,LOF,0.03217348076976558,0.03405612357895347,0.9337703956512808
25748,LOF,0.2788488671626501,0.057354752497058174,0.6637963803402916
25749,LOF,0.013233339930536969,0.06230995301829098,0.924456707051172
25750,LOF,0.015216197744067394,0.08778360852087465,0.897000193735058
25751,LOF,0.036579663590063566,0.07054152168957237,0.892878814720364
25752,GOF,0.09773884240840856,0.6708628946956215,0.23139826289596988
25753,LOF,0.006724061187163227,0.3739719989343669,0.6193039398784699
25754,GOF,0.005533299538536226,0.8617207531244648,0.13274594733699902
25755,LOF,0.009086259835069546,0.45979468808541174,0.5311190520795187
25756,LOF,0.047266829710556034,0.4444019277856325,0.5083312425038115
25757,GOF,0.006397858454515289,0.8787284953778378,0.11487364616764693
25758,GOF,0.008979891262002092,0.881236100161669,0.10978400857632878
25759,GOF,0.005063464957996309,0.5775830831635596,0.4173534518784442
25760,LOF,0.006809868851640017,0.3130138935242603,0.6801762376240997
25761,GOF,0.0453868375234358,0.8561257118127604,0.09848745066380361
25762,LOF,0.02680940142276643,0.38850178884546527,0.5846888097317683
25763,LOF,0.007760317568714058,0.269243579066124,0.722996103365162
25764,GOF,0.06866025832173482,0.6089292106257683,0.3224105310524969
25765,GOF,0.008276375489815158,0.850417558909881,0.1413060656003038
25766,GOF,0.048873521997584726,0.827937554950691,0.12318892305172437
25767,GOF,0.01154753541504246,0.5834076760632617,0.40504478852169584
25768,LOF,0.035141711490794536,0.08291108454016373,0.8819472039690418
25769,LOF,0.020743623165462445,0.07606947074816307,0.9031869060863744
25770,LOF,0.1409892711514295,0.06679701275811421,0.7922137160904563
25771,LOF,0.011700146697154938,0.08833326438387834,0.8999665889189667
25772,LOF,0.021969643059806473,0.03108826932411308,0.9469420876160806
25773,LOF,0.012430831726054779,0.08586202395415021,0.9017071443197949
25774,LOF,0.02906521433747501,0.08756518258011853,0.8833696030824065
25775,LOF,0.019466217317668472,0.04596915268461887,0.9345646299977126
25776,LOF,0.02463481245933849,0.02859116003005708,0.9467740275106045
25777,LOF,0.21029978700484198,0.06921314599663082,0.7204870669985272
25778,LOF,0.018956096854186248,0.055830667024726194,0.9252132361210875
25779,GOF,0.040737083134545014,0.9030127327746551,0.05625018409079979
25780,GOF,0.07003243324943348,0.8850656539059817,0.044901912844584904
25781,GOF,0.022684945368216903,0.8929137949581945,0.08440125967358857
25782,GOF,0.027824097435693567,0.91518496994313,0.05699093262117641
25783,GOF,0.01800645393001825,0.8045408236958571,0.17745272237412454
25784,GOF,0.11034956847451874,0.8604923619866702,0.02915806953881116
25785,GOF,0.06915209319411167,0.889619030828668,0.04122887597722042
25786,GOF,0.005899031590806126,0.8427942128273922,0.15130675558180184
25787,GOF,0.17425964442298314,0.7924615848152039,0.03327877076181293
25788,LOF,0.014695143059375198,0.20989107965987336,0.7754137772807514
25789,GOF,0.019650172934311354,0.8663828124689961,0.11396701459669255
25790,GOF,0.020514592718092462,0.8749272295716153,0.10455817771029215
25791,GOF,0.01429366140410514,0.8354737037657258,0.15023263483016905
25792,GOF,0.024635368231477026,0.8524564024974002,0.12290822927112281
25793,GOF,0.07684236262160948,0.8378055184143665,0.08535211896402416
25794,GOF,0.06228729138816805,0.7742493355303619,0.16346337308147008
25795,GOF,0.0713721431811829,0.7901239459430244,0.13850391087579278
25796,GOF,0.08191370825976212,0.8338505586475858,0.08423573309265203
25797,GOF,0.03621547229043589,0.7355821318936206,0.22820239581594348
25798,GOF,0.0030490242561813535,0.672863553788245,0.3240874219555737
25799,GOF,0.002739454181834192,0.5550484422107361,0.4422121036074297
25800,GOF,0.013373464694776896,0.7718581050956064,0.21476843020961675
25801,GOF,0.018744601145591816,0.8924038829917359,0.08885151586267238
25802,GOF,0.021962660682011546,0.8302758858355924,0.1477614534823959
25803,GOF,0.010933552017305354,0.7461673314537229,0.24289911652897164
25804,GOF,0.013017770828575888,0.6553502715164925,0.3316319576549315
25805,GOF,0.021028060133569487,0.7372921298624285,0.241679810004002
25806,GOF,0.017419593207445152,0.7968352560660176,0.18574515072653727
25807,GOF,0.004649890117803444,0.7650541535199539,0.23029595636224268
25808,GOF,0.01352928458199589,0.7710466592840672,0.2154240561339368
25809,GOF,0.0065793837527143946,0.7520908831150265,0.24132973313225906
25810,GOF,0.005888170452636479,0.7504378135799724,0.24367401596739108
25811,GOF,0.052229434648538034,0.8812476643782167,0.06652290097324512
25812,GOF,0.018557674609836965,0.7620638008530859,0.21937852453707724
25813,GOF,0.10294569371154184,0.8085021562950561,0.08855214999340211
25814,GOF,0.02676642596116754,0.8015007683563674,0.17173280568246516
25815,GOF,0.06448913278403742,0.8386263964435833,0.09688447077237937
25816,GOF,0.006072295450738852,0.8642554282507289,0.12967227629853229
25817,GOF,0.09301060416823516,0.8073832739418263,0.09960612188993843
25818,GOF,0.025676057514408077,0.835180184000774,0.1391437584848179
25819,GOF,0.06291707081960259,0.7767966390256635,0.1602862901547338
25820,GOF,0.03173322359105822,0.7822532385859028,0.18601353782303898
25821,GOF,0.021513634203564898,0.7759717049427522,0.2025146608536828
25822,GOF,0.044619843452896796,0.7966799050208195,0.1587002515262837
25823,GOF,0.01567286129631079,0.6876394440327253,0.2966876946709638
25824,GOF,0.028075134003971273,0.7993134530107885,0.17261141298524021
25825,GOF,0.015797040836559008,0.7869367741759764,0.19726618498746454
25826,GOF,0.005158671487990314,0.7423876898580214,0.2524536386539883
25827,GOF,0.006886353747433982,0.7267766907887604,0.26633695546380565
25828,GOF,0.006114009272693447,0.6985732524380092,0.2953127382892974
25829,GOF,0.002832966400710948,0.7218058701527381,0.2753611634465508
25830,GOF,0.036232557301756584,0.5158044806335316,0.4479629620647118
25831,GOF,0.084817601901427,0.8105220098753777,0.10466038822319526
25832,GOF,0.009124556059893062,0.8098066599708442,0.18106878396926263
25833,GOF,0.03533751830396684,0.8505776698775568,0.11408481181847642
25834,GOF,0.009658097514510019,0.8186226838828558,0.17171921860263417
25835,GOF,0.02106132870019524,0.8746703355216283,0.10426833577817655
25836,GOF,0.007282015306984302,0.823338675954602,0.16937930873841373
25837,GOF,0.006496597424809181,0.7324003811634017,0.2611030214117891
25838,GOF,0.023709751599122718,0.8681058108333484,0.10818443756752893
25839,GOF,0.03537726923787313,0.8729626533098788,0.09166007745224806
25840,GOF,0.07309269286161225,0.8482371216258521,0.0786701855125357
25841,GOF,0.07090055585443554,0.8559422521644432,0.07315719198112125
25842,GOF,0.025124701124738517,0.8987925679621851,0.07608273091307641
25843,GOF,0.02857718783306535,0.899573640494873,0.07184917167206165
25844,GOF,0.014686701518455594,0.8521961090539283,0.133117189427616
25845,GOF,0.005243586419248292,0.6723353854289498,0.32242102815180196
25846,GOF,0.07936030770582887,0.8480489108929302,0.07259078140124091
25847,GOF,0.015085416205432097,0.9059049192640796,0.07900966453048847
25848,GOF,0.016916292470514894,0.8694648311896267,0.11361887633985834
25849,GOF,0.005051553165678041,0.7632369325712264,0.2317115142630957
25850,GOF,0.006446197062612261,0.7844917564709243,0.2090620464664635
25851,GOF,0.005647073085155566,0.6670352377006279,0.32731768921421656
25852,GOF,0.1404435867089224,0.6188275648273278,0.24072884846374984
25853,GOF,0.0704113258854243,0.8462547496932208,0.08333392442135486
25854,GOF,0.005428615918498045,0.7148145288471968,0.2797568552343052
25855,GOF,0.01645981516836526,0.6892488410786273,0.2942913437530074
25856,GOF,0.03412490084276192,0.8209679544009086,0.14490714475632951
25857,GOF,0.0184057832641112,0.687463231698161,0.2941309850377278
25858,GOF,0.009353846910221883,0.6755750446017368,0.31507110848804115
25859,GOF,0.0053455243285278385,0.6532899335444339,0.34136454212703826
25860,GOF,0.0979647344996767,0.8244886283589735,0.07754663714134977
25861,GOF,0.07564561108514334,0.846214801110552,0.0781395878043045
25862,GOF,0.018225617907624905,0.8647336086144315,0.11704077347794355
25863,GOF,0.02173790905300697,0.873659210449659,0.1046028804973341
25864,GOF,0.043911022810026526,0.888453627170892,0.06763535001908152
25865,GOF,0.03304930371661962,0.8665981926345124,0.10035250364886793
25866,GOF,0.02328003833178562,0.8751084759539159,0.10161148571429839
25867,GOF,0.032013768627166525,0.8847393877302911,0.08324684364254227
25868,GOF,0.050872354296335145,0.8570034588134312,0.09212418689023366
25869,GOF,0.3271993832512123,0.6094939234264019,0.06330669332238584
25870,GOF,0.06409128271569335,0.6945858951854437,0.24132282209886285
25871,GOF,0.00879397890535969,0.8798497476203585,0.11135627347428191
25872,GOF,0.019630220443840975,0.8783390766969799,0.10203070285917916
25873,GOF,0.019323189123284887,0.8975678358461712,0.08310897503054394
25874,LOF,0.01642412587082616,0.2471971863054391,0.7363786878237347
25875,LOF,0.05496858079307741,0.050063984138359656,0.894967435068563
25876,LOF,0.01688917799856666,0.04515488470834883,0.9379559372930845
25877,LOF,0.12319055209179704,0.08978069590134734,0.7870287520068556
25878,LOF,0.07151588598276948,0.12155986437388454,0.8069242496433461
25879,LOF,0.028374971613938264,0.09383337527209482,0.8777916531139669
25880,LOF,0.053744097869361344,0.013835235308772668,0.9324206668218659
25881,Neutral,0.5167510470446135,0.07578397893083755,0.4074649740245489
25882,LOF,0.09319028031703232,0.025734774967440643,0.8810749447155269
25883,LOF,0.030044260195270064,0.02532062490172744,0.9446351149030026
25884,LOF,0.023333522555319806,0.04930066150207779,0.9273658159426024
25885,LOF,0.21984279436608073,0.011256168587585257,0.7689010370463341
25886,LOF,0.29685393332701665,0.05325622273259813,0.6498898439403852
25887,LOF,0.19310893592054262,0.07521514334176384,0.7316759207376936
25888,LOF,0.012956819542434555,0.15859305671312518,0.8284501237444404
25889,LOF,0.029512651210028627,0.035269095038262255,0.9352182537517092
25890,LOF,0.14262263410973136,0.11397721759254659,0.743400148297722
25891,LOF,0.09090895134802741,0.03098506282907805,0.8781059858228946
25892,LOF,0.008111846314031916,0.031070325456537595,0.9608178282294304
25893,LOF,0.4042025924461711,0.008678193055009826,0.5871192144988191
25894,LOF,0.4204736336327753,0.005193104077124016,0.5743332622901007
25895,LOF,0.3279666427459943,0.012295223611260935,0.6597381336427448
25896,LOF,0.0660741726636074,0.015990075536329366,0.9179357518000631
25897,LOF,0.190487508516384,0.007864765320750007,0.801647726162866
25898,LOF,0.17906456202549584,0.028087014478753405,0.7928484234957507
25899,LOF,0.4493810151459975,0.01672289197258508,0.5338960928814175
25900,LOF,0.4465288159172319,0.008497271726558689,0.5449739123562093
25901,LOF,0.0656744272046618,0.007630351074561111,0.9266952217207771
25902,LOF,0.19402642426147032,0.00826525522850876,0.7977083205100209
25903,LOF,0.38363389812159254,0.023406346162084327,0.5929597557163231
25904,Neutral,0.49631650608533195,0.02251534381560551,0.48116815009906244
25905,LOF,0.004735678513649458,0.45695418762319945,0.5383101338631512
25906,LOF,0.008617290828559861,0.10651256403136695,0.8848701451400732
25907,LOF,0.00449010027916511,0.33544120938062494,0.66006869034021
25908,LOF,0.0045280740183871035,0.2510968594683333,0.7443750665132797
25909,LOF,0.02373299392412549,0.15268036505814256,0.823586641017732
25910,LOF,0.010382673918213112,0.12932918169232632,0.8602881443894606
25911,LOF,0.3121640794809904,0.037276843514180404,0.6505590770048291
25912,LOF,0.07964469624350103,0.04882245112366655,0.8715328526328324
25913,LOF,0.03891525908443556,0.07276791129522679,0.8883168296203375
25914,LOF,0.03879711693864727,0.045681882236036524,0.9155210008253162
25915,LOF,0.20410176911868944,0.1835942633595367,0.6123039675217739
25916,LOF,0.03510974354423529,0.11885143586773085,0.8460388205880339
25917,LOF,0.07051600117144283,0.03856094867844438,0.8909230501501129
25918,LOF,0.04077376433967259,0.03062977592464606,0.9285964597356814
25919,LOF,0.0353007080969267,0.030081536250232722,0.9346177556528406
25920,LOF,0.2961495386258462,0.22424351915158006,0.4796069422225738
25921,LOF,0.016187685964705704,0.035791651308111794,0.9480206627271826
25922,LOF,0.02018523048188925,0.0319820837846587,0.9478326857334521
25923,LOF,0.4458289251039589,0.028941930938252376,0.5252291439577886
25924,LOF,0.021035643195509924,0.05176757002753995,0.92719678677695
25925,LOF,0.08517709038353975,0.04202436829370461,0.8727985413227557
25926,LOF,0.065577654779386,0.038738933717185335,0.8956834115034287
25927,LOF,0.0264526815283984,0.06314755240366773,0.9103997660679338
25928,LOF,0.009697951927248613,0.05225591252811971,0.9380461355446318
25929,Neutral,0.5461777976553239,0.02761155519834305,0.426210647146333
25930,LOF,0.08341303357736325,0.027590564116827934,0.8889964023058088
25931,LOF,0.013926115912927568,0.03406175370213305,0.9520121303849395
25932,LOF,0.07325889026501851,0.0283746210432007,0.8983664886917808
25933,LOF,0.06438380529400638,0.017584580550374453,0.9180316141556192
25934,LOF,0.06179895594325928,0.01614221771687019,0.9220588263398706
25935,LOF,0.07600096304573156,0.05141038697488905,0.8725886499793795
25936,LOF,0.09786987299155789,0.017155899253064204,0.8849742277553778
25937,LOF,0.019896173362148155,0.03725468509458273,0.9428491415432692
25938,LOF,0.07353302462092555,0.04512586656691564,0.8813411088121589
25939,LOF,0.04529291800496463,0.02408425478991564,0.9306228272051197
25940,LOF,0.00801417510116724,0.357800199421223,0.6341856254776098
25941,Neutral,0.4984018017203111,0.0450100148982517,0.4565881833814373
25942,LOF,0.00877958722678683,0.048379790200159915,0.9428406225730532
25943,LOF,0.035288293568199895,0.18019792510375468,0.7845137813280455
25944,LOF,0.05121586550130143,0.07891567170566113,0.8698684627930374
25945,LOF,0.11413357618091016,0.02308469701664309,0.8627817268024467
25946,LOF,0.06892406545718392,0.0455717534406682,0.8855041811021479
25947,LOF,0.4234358812085921,0.12600617960911237,0.45055793918229564
25948,LOF,0.4141028314687014,0.015528054705595845,0.5703691138257028
25949,LOF,0.14928992567341984,0.06864379352862604,0.7820662807979541
25950,GOF,0.05207542064313626,0.607503653925363,0.3404209254315007
25951,LOF,0.010476369699184886,0.4501735434230615,0.5393500868777537
25952,LOF,0.29948798112651465,0.30525503446970204,0.3952569844037833
25953,LOF,0.007681392880409196,0.19703358630606177,0.795285020813529
25954,GOF,0.08701214742077139,0.48622546969791447,0.42676238288131396
25955,LOF,0.004593821903672532,0.19604880498341168,0.7993573731129157
25956,LOF,0.02043364852469377,0.2316661032435555,0.7479002482317508
25957,LOF,0.17329889694895242,0.030415485519658215,0.7962856175313894
25958,LOF,0.035027222220882955,0.04424694196735383,0.9207258358117633
25959,GOF,0.015026135436856694,0.6584377102909585,0.32653615427218474
25960,LOF,0.0059932735623644305,0.0744074109367197,0.9195993155009159
25961,LOF,0.03240217869038571,0.04142252041164743,0.9261753008979667
25962,LOF,0.04543410100306407,0.068241434443776,0.8863244645531598
25963,LOF,0.005214231291100686,0.18565724195601127,0.809128526752888
25964,LOF,0.026985912138401853,0.12052705753592681,0.8524870303256713
25965,LOF,0.28282133550421573,0.12440778308165598,0.5927708814141283
25966,Neutral,0.45132644084283174,0.14216891050527397,0.40650464865189434
25967,LOF,0.00803865010262665,0.09225138641387837,0.8997099634834951
25968,LOF,0.03935458236040286,0.2587029843563644,0.7019424332832327
25969,LOF,0.1662633390775034,0.05676278438417935,0.7769738765383172
25970,LOF,0.030895754992069077,0.08990844726655879,0.8791957977413721
25971,LOF,0.0805415492082068,0.028716750353882534,0.8907417004379106
25972,LOF,0.06495829213862055,0.051321587786311906,0.8837201200750676
25973,LOF,0.0664137730372924,0.009065122926280787,0.9245211040364268
25974,LOF,0.05212935408180164,0.04366150916055705,0.9042091367576414
25975,LOF,0.0428108933766725,0.01770982775453488,0.9394792788687926
25976,LOF,0.09900022830316696,0.010164206530138683,0.8908355651666944
25977,LOF,0.21380368341134345,0.0784136165921444,0.7077826999965121
25978,LOF,0.1885406902553002,0.11136652635263718,0.7000927833920626
25979,LOF,0.16122756788564474,0.12093969976784424,0.7178327323465109
25980,LOF,0.2713362067039468,0.16958297287684637,0.5590808204192068
25981,LOF,0.2718822587434961,0.17138987811261006,0.5567278631438939
25982,Neutral,0.4810011226452381,0.08169356703881887,0.43730531031594316
25983,Neutral,0.48629477809160276,0.09445712162798235,0.4192481002804149
25984,LOF,0.04310623094198325,0.09108663039860246,0.8658071386594143
25985,LOF,0.41598099672840805,0.13814042494287132,0.4458785783287207
25986,LOF,0.013015977085846904,0.4191509490734798,0.5678330738406733
25987,LOF,0.04956218819160786,0.10259405981557254,0.8478437519928196
25988,LOF,0.043098264383957634,0.15246757895078356,0.8044341566652589
25989,LOF,0.03913936532570945,0.1929514640844264,0.7679091705898641
25990,LOF,0.04003225144064002,0.29167315131135635,0.6682945972480037
25991,LOF,0.028670633928192135,0.4387306121901227,0.5325987538816851
25992,LOF,0.02579922816259228,0.4447123294697552,0.5294884423676526
25993,LOF,0.02779850411444755,0.08377088619790393,0.8884306096876485
25994,LOF,0.023690621031976555,0.08432281370083834,0.8919865652671851
25995,LOF,0.020756175865154738,0.15534247353270486,0.8239013506021405
25996,GOF,0.3128545561779975,0.35950367075689743,0.327641773065105
25997,LOF,0.06848189135264723,0.42281403455293437,0.5087040740944184
25998,LOF,0.3160135537521689,0.04142231000528255,0.6425641362425485
25999,LOF,0.02421568293913677,0.19540248316773268,0.7803818338931305
26000,LOF,0.17011354997025102,0.03445511292328046,0.7954313371064685
26001,LOF,0.26759481284251124,0.05064101159057701,0.6817641755669118
26002,LOF,0.11983813077018556,0.05058731573132268,0.8295745534984917
26003,GOF,0.006226649251531549,0.6521914010114878,0.34158194973698075
26004,GOF,0.009303785310438682,0.697270683572261,0.29342553111730024
26005,LOF,0.004285407457036684,0.4948224683692804,0.5008921241736829
26006,GOF,0.12893263888419296,0.5370410928919472,0.3340262682238598
26007,GOF,0.00794497072584679,0.5504509829126341,0.4416040463615191
26008,GOF,0.005541853396476898,0.6027782495297921,0.39167989707373096
26009,GOF,0.007990466204977092,0.6596093116876713,0.3324002221073515
26010,GOF,0.008026048626273494,0.6204855886761513,0.3714883626975752
26011,LOF,0.0035634376178866442,0.4338533300148772,0.5625832323672362
26012,GOF,0.004281296277501585,0.508144126253762,0.4875745774687364
26013,GOF,0.010939004746965499,0.5696293540638478,0.41943164118918674
26014,LOF,0.06009014583898039,0.11294559511555288,0.8269642590454667
26015,LOF,0.3273967113287373,0.027527563460287792,0.6450757252109748
26016,LOF,0.3039686772553786,0.04280273365096928,0.6532285890936521
26017,LOF,0.01792770910308298,0.2201957207687895,0.7618765701281276
26018,LOF,0.02690572667569632,0.06006050622560432,0.9130337670986993
26019,LOF,0.026720760041623194,0.05231701288471032,0.9209622270736664
26020,LOF,0.00930489068763627,0.2137077828065709,0.7769873265057929
26021,LOF,0.08445391862188949,0.08093259682917837,0.8346134845489321
26022,LOF,0.03688567724755433,0.033266001907626824,0.9298483208448187
26023,LOF,0.027095979929098478,0.041102249387230116,0.9318017706836714
26024,LOF,0.05530770558024523,0.0664413851724457,0.878250909247309
26025,LOF,0.06814302487195412,0.0812090565561691,0.8506479185718768
26026,LOF,0.09391260629206247,0.06441701915167129,0.8416703745562661
26027,LOF,0.026655620385406927,0.029462556925578566,0.9438818226890144
26028,LOF,0.11799494296810947,0.15058330980715393,0.7314217472247366
26029,LOF,0.01918246551852905,0.2178883530964282,0.7629291813850428
26030,LOF,0.1619249292663634,0.025819856253092587,0.812255214480544
26031,LOF,0.009097807051235885,0.1653759308521508,0.8255262620966134
26032,LOF,0.046122085059321395,0.06374821280426157,0.8901297021364171
26033,LOF,0.06438366535424007,0.05762154454282392,0.8779947901029359
26034,LOF,0.010901033121330395,0.1789037841037302,0.8101951827749394
26035,LOF,0.011582029840965182,0.12201529824536024,0.8664026719136747
26036,LOF,0.01144169515542902,0.13439643781149135,0.8541618670330797
26037,LOF,0.009546418637729006,0.11623465538606732,0.8742189259762038
26038,LOF,0.0385385689791138,0.05668148624603062,0.9047799447748556
26039,LOF,0.02279023146613612,0.1572273461595974,0.8199824223742666
26040,LOF,0.11198012541412677,0.13006045364214203,0.7579594209437313
26041,LOF,0.013467817199541213,0.09444749707821157,0.8920846857222473
26042,LOF,0.012243949176707422,0.11039167481078042,0.8773643760125123
26043,LOF,0.03790329838234043,0.07774024777247152,0.884356453845188
26044,LOF,0.011579621305671287,0.05674579000870357,0.9316745886856251
26045,LOF,0.08060891371165214,0.11342966334363024,0.8059614229447176
26046,LOF,0.032537600954827606,0.05973560411787266,0.9077267949272998
26047,LOF,0.05641504058582655,0.05936143261055277,0.8842235268036207
26048,LOF,0.05900378000996586,0.031324016156476196,0.909672203833558
26049,Neutral,0.9402968176836786,0.008596796156949102,0.05110638615937237
26050,Neutral,0.9145871443177719,0.009118899365561884,0.07629395631666629
26051,LOF,0.018127341026477027,0.10582971392348169,0.8760429450500413
26052,LOF,0.03145605368154479,0.12482087160594767,0.8437230747125076
26053,LOF,0.025602207436131005,0.17067639365684162,0.8037213989070274
26054,LOF,0.04853678058819311,0.026121961163542512,0.9253412582482643
26055,LOF,0.06610922267327608,0.024148956066416358,0.9097418212603074
26056,LOF,0.0561979481058117,0.02920730015275472,0.9145947517414336
26057,LOF,0.05647745426679243,0.015482316206997861,0.9280402295262098
26058,LOF,0.060005500522762295,0.012703243397744327,0.9272912560794934
26059,LOF,0.187978444239755,0.032722752232649664,0.7792988035275953
26060,LOF,0.015265998537776177,0.18017771911849717,0.8045562823437267
26061,LOF,0.011524986107775512,0.009777820782161438,0.9786971931100631
26062,LOF,0.0059171534827178185,0.01799907654941869,0.9760837699678635
26063,LOF,0.040221078435543,0.010711629216498915,0.949067292347958
26064,LOF,0.010226127016641166,0.029240722844138558,0.9605331501392204
26065,LOF,0.04728639080682993,0.012696877962057155,0.940016731231113
26066,LOF,0.04828166784823441,0.010266718687052747,0.941451613464713
26067,LOF,0.05595344414975443,0.009596227569660668,0.9344503282805849
26068,LOF,0.055313900626086446,0.03972133038544456,0.904964768988469
26069,LOF,0.15139093787154864,0.025816369898493015,0.8227926922299583
26070,LOF,0.3222947937834796,0.020714187294755885,0.6569910189217645
26071,LOF,0.04699243047865245,0.011721277975581923,0.9412862915457657
26072,LOF,0.009220589375668577,0.016824067850617238,0.9739553427737141
26073,LOF,0.0412388166567828,0.013039756801220359,0.9457214265419969
26074,Neutral,0.9166138285197898,0.008401273421747221,0.07498489805846306
26075,LOF,0.05952963713376728,0.01926887836957789,0.9212014844966547
26076,LOF,0.05535109435824416,0.012065186041114825,0.9325837196006409
26077,LOF,0.1471959698479304,0.006988654898324381,0.8458153752537453
26078,LOF,0.008035318269317368,0.01524796501229532,0.9767167167183874
26079,LOF,0.0693488957843991,0.01969879119493595,0.9109523130206649
26080,LOF,0.06803247802976671,0.019702269733451114,0.9122652522367822
26081,LOF,0.03325399279137728,0.010006996858901914,0.9567390103497208
26082,LOF,0.0070325135044213265,0.01595194729649885,0.9770155391990798
26083,LOF,0.12137588432005714,0.01979831880109749,0.8588257968788454
26084,LOF,0.11820212990703428,0.014777118085113864,0.8670207520078518
26085,LOF,0.1106552468133543,0.01289316135983165,0.8764515918268141
26086,LOF,0.040081848079591205,0.012416499428617762,0.947501652491791
26087,LOF,0.038360051900089294,0.010310229412640651,0.9513297186872701
26088,LOF,0.007761184063488208,0.02207505560498034,0.9701637603315315
26089,LOF,0.043977705154814375,0.030844552134419088,0.9251777427107665
26090,LOF,0.044758330416660747,0.023846830205349792,0.9313948393779895
26091,LOF,0.032820056681082524,0.007587515508552845,0.9595924278103647
26092,LOF,0.04329041763221825,0.008646034773238487,0.9480635475945431
26093,LOF,0.08038474326479096,0.005992163182463624,0.9136230935527454
26094,LOF,0.03633289391034787,0.00710240439368916,0.9565647016959631
26095,LOF,0.03687288262732711,0.01591096350867564,0.9472161538639972
26096,LOF,0.19261366072170977,0.005356344469308981,0.8020299948089813
26097,LOF,0.007219258865531791,0.03127745250230077,0.9615032886321675
26098,LOF,0.07284263779408258,0.01787499955894322,0.9092823626469742
26099,LOF,0.046327762967926095,0.01656756764129034,0.9371046693907836
26100,LOF,0.046327762967926095,0.01656756764129034,0.9371046693907836
26101,LOF,0.0571270876580598,0.03039783188108801,0.9124750804608522
26102,LOF,0.035228180701315136,0.015577307125724865,0.94919451217296
26103,Neutral,0.8853951161212811,0.026799946534253733,0.08780493734446512
26104,LOF,0.06255130824222335,0.041489103212863664,0.895959588544913
26105,LOF,0.26548529220495126,0.1553790669233435,0.5791356408717052
26106,LOF,0.328515805551001,0.09245428850258423,0.5790299059464147
26107,LOF,0.024021357382991285,0.09630587385239135,0.8796727687646174
26108,LOF,0.29893782666150515,0.0464850043959923,0.6545771689425025
26109,LOF,0.09383738391266938,0.038566580833696844,0.8675960352536337
26110,LOF,0.45076949458982246,0.008471415606662246,0.5407590898035154
26111,LOF,0.06310590819695457,0.14731519888504077,0.7895788929180046
26112,LOF,0.05648460768742377,0.007728585139680578,0.9357868071728958
26113,LOF,0.10782943983623054,0.021772132347435785,0.8703984278163337
26114,LOF,0.08614357265487359,0.010383782803445636,0.9034726445416807
26115,LOF,0.015548689792297643,0.05273792199396378,0.9317133882137386
26116,LOF,0.0749514497706985,0.02019351739672795,0.9048550328325736
26117,LOF,0.3653023621556383,0.03444100798888643,0.6002566298554752
26118,LOF,0.04991796404883963,0.015349270007803131,0.9347327659433572
26119,LOF,0.006305399055962254,0.0348210946390229,0.9588735063050149
26120,LOF,0.03370362507362524,0.01438427191304208,0.9519121030133327
26121,LOF,0.0035000505689030095,0.12543484314323267,0.8710651062878644
