feature0,prediction,LoGoFunc_Neutral,LoGoFunc_GOF,LoGoFunc_LOF
25546,Neutral,0.6638379288521594,0.05721397401523412,0.27894809713260643
25547,LOF,0.32843230734732826,0.2700992032268397,0.40146848942583196
25548,LOF,0.2885333754577586,0.14475655173422514,0.5667100728080163
25549,LOF,0.19733013944952968,0.17586409413447399,0.6268057664159964
25550,Neutral,0.6080121275146961,0.06003852484057825,0.33194934764472567
25551,Neutral,0.4826923097902528,0.0772362453765194,0.4400714448332277
25552,LOF,0.09871803382107328,0.14623404639515794,0.7550479197837688
25553,LOF,0.46347725242542964,0.06271755477976108,0.4738051927948094
25554,LOF,0.14083439384479218,0.19839680753426356,0.6607687986209442
25555,LOF,0.09765575176796934,0.12396131101283324,0.7783829372191975
25556,LOF,0.1598942092575167,0.17051983045899596,0.6695859602834874
25557,LOF,0.08548996218613861,0.13865867673123639,0.7758513610826251
25558,LOF,0.16040062542660727,0.18277973048134205,0.6568196440920506
25559,Neutral,0.5564649572029153,0.1258527079707631,0.3176823348263215
25560,LOF,0.06972817512851684,0.12630762159716194,0.8039642032743213
25561,LOF,0.1611678109866486,0.14589020882359957,0.6929419801897517
25562,LOF,0.3419586225902781,0.03068104785175989,0.6273603295579621
25563,Neutral,0.5829769713669403,0.07202659819558188,0.34499643043747785
25564,LOF,0.06697310285859984,0.0715446148038028,0.8614822823375974
25565,LOF,0.12674364674554245,0.24615417476879595,0.6271021784856616
25566,LOF,0.038172449804846346,0.3945257978012574,0.5673017523938962
25567,LOF,0.34465406968775847,0.07854849606253321,0.5767974342497083
25568,Neutral,0.7145828590967193,0.0747143647531467,0.210702776150134
25569,Neutral,0.6847304404103566,0.05012028117643389,0.26514927841320945
25570,LOF,0.0771462849353036,0.26818107175990774,0.6546726433047887
25571,LOF,0.08379603723710345,0.2423196158673904,0.6738843468955061
25572,Neutral,0.38201722091063156,0.2689472384188644,0.3490355406705041
25573,LOF,0.36722135509548787,0.07453559333482343,0.5582430515696887
25574,LOF,0.07812036159579985,0.4241692103666021,0.4977104280375981
25575,LOF,0.10586632379392899,0.07739420799507649,0.8167394682109946
25576,LOF,0.38581359642959934,0.03343257996918574,0.580753823601215
25577,Neutral,0.48448845185494543,0.09397950328613684,0.42153204485891776
25578,Neutral,0.44363207709851343,0.20147395117816233,0.35489397172332426
25579,Neutral,0.44363207709851343,0.20147395117816233,0.35489397172332426
25580,LOF,0.04279872928681516,0.04962057297739855,0.9075806977357863
25581,Neutral,0.7100698984531444,0.051323582454590795,0.23860651909226493
25582,Neutral,0.7100698984531444,0.051323582454590795,0.23860651909226493
25583,LOF,0.0560229499553377,0.056104521492183985,0.8878725285524783
25584,LOF,0.3612972987001507,0.2668983444415582,0.37180435685829105
25585,LOF,0.4035889144839442,0.072174760418139,0.5242363250979168
25586,LOF,0.06376180512824278,0.0912420453062859,0.8449961495654713
25587,LOF,0.04651102989869364,0.11290990138494807,0.8405790687163582
25588,LOF,0.054225728316571936,0.11480538993859332,0.8309688817448349
25589,Neutral,0.7192715637889492,0.16172019615801983,0.11900824005303103
25590,LOF,0.3393444833864713,0.10074429880308579,0.5599112178104428
25591,Neutral,0.6821434891280763,0.0708463852876214,0.24701012558430213
25592,LOF,0.03506019031326313,0.10717850126734432,0.8577613084193926
25593,GOF,0.0313372792049981,0.6223110063439528,0.34635171445104923
25594,Neutral,0.7134179709555127,0.0476812333032055,0.23890079574128176
25595,Neutral,0.6866511578562636,0.053695305513435376,0.2596535366303009
25596,Neutral,0.5730852825838744,0.05836330303874703,0.36855141437737854
25597,LOF,0.40124640039805737,0.03415619507531001,0.5645974045266327
25598,Neutral,0.7454250653033102,0.042584616014544954,0.2119903186821448
25599,GOF,0.07050882531429406,0.6292342536632732,0.3002569210224326
25600,GOF,0.042765319272170144,0.5921098202391629,0.3651248604886668
25601,LOF,0.034614832921623324,0.4142520636367929,0.5511331034415838
25602,LOF,0.42803429306826474,0.12717024660199552,0.4447954603297397
25603,LOF,0.06988372558168053,0.24807182896020974,0.6820444454581097
25604,Neutral,0.4789302748822408,0.20684961972385243,0.3142201053939067
25605,LOF,0.021867400915594973,0.297343411699004,0.6807891873854011
25606,LOF,0.03213281633257222,0.3693127906903002,0.5985543929771276
25607,LOF,0.04203962915957528,0.2794772853438774,0.6784830854965473
25608,LOF,0.26930904784912424,0.10669036706872151,0.6240005850821543
25609,LOF,0.21334750671398048,0.14990474200945034,0.6367477512765691
25610,LOF,0.06889611140458511,0.050212104507500674,0.8808917840879142
25611,LOF,0.07210778253799599,0.054098771557762076,0.873793445904242
25612,Neutral,0.6521931735743244,0.05921195603681456,0.28859487038886117
25613,Neutral,0.6251932017845999,0.05923492954168757,0.31557186867371256
25614,LOF,0.07219525466089938,0.07866063119845544,0.8491441141406451
25615,LOF,0.4003528887854668,0.03892965296627612,0.560717458248257
25616,LOF,0.05528960067393748,0.1329703032247375,0.811740096101325
25617,LOF,0.08176950542114973,0.04322219751895237,0.8750082970598978
25618,LOF,0.08974902301984079,0.16390197706818174,0.7463489999119775
25619,LOF,0.10718080786978348,0.09840413132134093,0.7944150608088757
25620,LOF,0.04226332623052338,0.11486345414072305,0.8428732196287536
25621,LOF,0.45787016296507393,0.026624100173131385,0.5155057368617947
25622,LOF,0.42731857693087166,0.06143489232525633,0.511246530743872
25623,Neutral,0.5481627960863784,0.11137746547495643,0.3404597384386651
25624,LOF,0.05590045895852132,0.16236796409963855,0.7817315769418401
25625,LOF,0.4099220052611864,0.04263414360400453,0.5474438511348091
25626,Neutral,0.6523631213994068,0.05062600862513863,0.2970108699754546
25627,LOF,0.028786564048969402,0.31648857348849857,0.654724862462532
25628,LOF,0.30878811270859663,0.0695492535466473,0.621662633744756
25629,Neutral,0.6937393810731798,0.06305296394889387,0.24320765497792635
25630,LOF,0.06360707041310686,0.2633143481862707,0.6730785814006224
25631,Neutral,0.509940382858839,0.27131190175766884,0.2187477153834921
25632,LOF,0.3999524850970089,0.03891431880514896,0.5611331960978422
25633,GOF,0.310540164157958,0.3481891612947537,0.3412706745472883
25634,Neutral,0.6967849433542549,0.0675074431642913,0.2357076134814538
25635,LOF,0.06509862737780969,0.06873060863632126,0.866170763985869
25636,GOF,0.0679993569831432,0.6745072583740039,0.2574933846428529
25637,LOF,0.04146522003902801,0.3982964098385257,0.5602383701224463
25638,GOF,0.022790258392504648,0.757089566929605,0.22012017467789016
25639,LOF,0.039857287873480224,0.4653226132464707,0.49482009888004913
25640,GOF,0.14060652833324674,0.6978088440909958,0.16158462757575753
25641,LOF,0.058991460428163583,0.3410738849547995,0.5999346546170369
25642,Neutral,0.6199151754885114,0.11443611160634386,0.26564871290514475
25643,LOF,0.37540225425245083,0.02691273137188379,0.5976850143756653
25644,GOF,0.09093463875976401,0.5742860165791142,0.33477934466112186
25645,GOF,0.024009907057987025,0.6505788251239418,0.32541126781807106
25646,LOF,0.029443171317181722,0.39993593919043674,0.5706208894923815
25647,GOF,0.06893805269067403,0.5009712454436644,0.4300907018656615
25648,GOF,0.04053549810543068,0.5967515813603899,0.36271292053417953
25649,GOF,0.03710134584868489,0.4919811325412217,0.4709175216100935
25650,GOF,0.0638852960886751,0.6643271604264782,0.2717875434848466
25651,GOF,0.021884297594231716,0.535265591365669,0.4428501110400993
25652,LOF,0.06090418155958097,0.25659470211302476,0.6825011163273942
25653,GOF,0.0729223885749988,0.4781440593127655,0.4489335521122356
25654,GOF,0.07537290932521303,0.6014719018156769,0.32315518885911004
25655,GOF,0.06736398680955274,0.5879672016952033,0.344668811495244
25656,GOF,0.021990711973085896,0.5631782792558369,0.41483100877107715
25657,Neutral,0.6864714452779,0.035152915298202345,0.27837563942389765
25658,LOF,0.05651876835113507,0.4628723062649323,0.4806089253839326
25659,LOF,0.18480035928262437,0.18028950188817144,0.6349101388292042
25660,LOF,0.14687400422399083,0.13743986623351634,0.7156861295424929
25661,LOF,0.10078141525542055,0.08764321252349809,0.8115753722210813
25662,LOF,0.05508536977292046,0.09547881709038525,0.8494358131366943
25663,LOF,0.06168175612630075,0.1186820495462881,0.8196361943274112
25664,LOF,0.22625807273322687,0.14443095894623773,0.6293109683205353
25665,Neutral,0.6305659894044469,0.092850936279898,0.27658307431565515
25666,LOF,0.27154215158387407,0.1991159833154301,0.5293418651006958
25667,LOF,0.041550880940423286,0.09571688350008857,0.8627322355594881
25668,LOF,0.04643013731814058,0.060485861855828826,0.8930840008260306
25669,LOF,0.04189032786758436,0.11189787329586529,0.8462117988365505
25670,LOF,0.4045304075701848,0.09429800793951526,0.5011715844903
25671,LOF,0.05753512431269536,0.16136824462642702,0.7810966310608776
25672,Neutral,0.6327891734338046,0.07253477274323128,0.2946760538229642
25673,LOF,0.2575491673249149,0.12312321122849308,0.6193276214465919
25674,LOF,0.38797321585327527,0.09456966191019305,0.5174571222365317
25675,LOF,0.3387990549692843,0.07613850785144512,0.5850624371792705
25676,LOF,0.051127734593414915,0.12280577855119992,0.8260664868553851
25677,LOF,0.07907101572647159,0.10836349381988507,0.8125654904536433
25678,Neutral,0.5198750975151402,0.0946092909302607,0.3855156115545992
25679,Neutral,0.5427653312942179,0.10609355748964654,0.3511411112161356
25680,LOF,0.09912388849425884,0.1662622103559692,0.7346139011497719
25681,LOF,0.11382589148655477,0.14567301882802036,0.7405010896854249
25682,LOF,0.06214333470082971,0.1326770178739995,0.8051796474251707
25683,LOF,0.3724132689251044,0.11803264980513811,0.5095540812697574
25684,LOF,0.10485007349246321,0.19115838249186343,0.7039915440156733
25685,Neutral,0.574537475127125,0.051849674620146405,0.37361285025272845
25686,LOF,0.06407769229998056,0.31477392354091516,0.6211483841591042
25687,LOF,0.10623426356011557,0.37786952116364847,0.515896215276236
25688,LOF,0.028124058987566425,0.2567105781860055,0.715165362826428
25689,LOF,0.02979839034438919,0.228646278292681,0.7415553313629297
25690,GOF,0.018819059051730348,0.49414108489018715,0.4870398560580824
25691,LOF,0.04821309110463443,0.4658657035971531,0.4859212052982125
25692,Neutral,0.5392328286217333,0.08330040650013884,0.37746676487812786
25693,GOF,0.10112385313413239,0.5953552802920845,0.3035208665737831
25694,LOF,0.3914565192272108,0.04036118548154543,0.5681822952912438
25695,LOF,0.2324527915322283,0.07127219540735648,0.6962750130604152
25696,Neutral,0.5607891117869774,0.0540875744212553,0.3851233137917673
25697,Neutral,0.43758657331638073,0.19954281399962226,0.36287061268399695
25698,GOF,0.0514779039129358,0.7212504955798917,0.22727160050717243
25699,GOF,0.045615160384804974,0.6711410328866498,0.28324380672854527
25700,LOF,0.0558328814253002,0.08602641299144603,0.8581407055832537
25701,GOF,0.028542424084961274,0.6056255804582781,0.36583199545676065
25702,GOF,0.14476778018046862,0.6434436760397785,0.21178854377975298
25703,LOF,0.43318787190521757,0.11923816221911133,0.4475739658756712
25704,LOF,0.05952705232563546,0.2396110459894611,0.7008619016849035
25705,LOF,0.11409627510861672,0.17331337749008704,0.7125903474012962
25706,GOF,0.03977106570892576,0.6717357364242389,0.28849319786683536
25707,LOF,0.026949435069221536,0.4389343236877607,0.5341162412430178
25708,LOF,0.03599252614515844,0.4487079456443563,0.5152995282104852
25709,LOF,0.07056364156538723,0.11315298746093103,0.8162833709736816
25710,LOF,0.4050414399405453,0.12170068942556042,0.4732578706338942
25711,LOF,0.08893733964840563,0.14207883984696315,0.7689838205046311
25712,Neutral,0.6159350828933349,0.07252891788931293,0.31153599921735226
25713,LOF,0.0710806169875973,0.13134943954311332,0.7975699434692893
25714,LOF,0.056706338800824124,0.28000209292822414,0.6632915682709517
25715,LOF,0.04480047733200656,0.30484076106487007,0.6503587616031233
25716,LOF,0.45121094649373744,0.06451367378778738,0.4842753797184752
25717,Neutral,0.45129028533998405,0.1472221285149439,0.4014875861450722
25718,LOF,0.04304464373249198,0.15417943218366958,0.8027759240838384
25719,LOF,0.08730054017273517,0.14397366809966747,0.7687257917275974
25720,LOF,0.048215917556409325,0.2057145200328974,0.7460695624106933
25721,LOF,0.04092895187691149,0.09924593884758591,0.8598251092755025
25722,LOF,0.04487309930565946,0.1117812773677936,0.8433456233265471
25723,LOF,0.08642545653615707,0.12658752090031752,0.7869870225635255
25724,LOF,0.07197424225907298,0.2284386581698707,0.6995870995710565
25725,LOF,0.15607693073661474,0.10697459702247451,0.7369484722409108
25726,LOF,0.05196371988320522,0.18550499824166652,0.7625312818751282
25727,LOF,0.0846291418930568,0.07493318040041902,0.8404376777065242
25728,LOF,0.038978490827386185,0.1910145304055622,0.7700069787670516
25729,LOF,0.04953736082477166,0.13965243079534043,0.810810208379888
25730,LOF,0.053690915013686565,0.16388371998049653,0.7824253650058169
25731,LOF,0.30282914619510026,0.06286027524116417,0.6343105785637356
25732,LOF,0.05805307928629073,0.0802587608740797,0.8616881598396297
25733,LOF,0.054136378585594246,0.24651640888148957,0.6993472125329162
25734,LOF,0.35211571101559086,0.07640708353722916,0.57147720544718
25735,LOF,0.05544009479511819,0.09570115374851236,0.8488587514563695
25736,LOF,0.06183338973771596,0.13611261379616083,0.8020539964661232
25737,LOF,0.10956019719707662,0.09389490083552555,0.7965449019673978
25738,LOF,0.08401860260895323,0.14594108194964978,0.7700403154413971
25739,LOF,0.0426862823360374,0.17559569433788338,0.7817180233260792
25740,LOF,0.08299593834712396,0.1313788149778222,0.7856252466750538
25741,LOF,0.09069568456233736,0.12657371857833224,0.7827305968593303
25742,LOF,0.10151982572702427,0.16833540022903765,0.7301447740439381
25743,LOF,0.3003430627281039,0.06634787726485165,0.6333090600070443
25744,GOF,0.050902389084799285,0.6187202246351161,0.33037738628008456
25745,GOF,0.034596021682703454,0.584254032506701,0.3811499458105955
25746,GOF,0.058588301637427925,0.6159204228607176,0.3254912755018546
25747,LOF,0.053139426776604014,0.08764579617829428,0.8592147770451017
25748,LOF,0.23283886608061496,0.3138385522753122,0.45332258164407285
25749,GOF,0.03701973202740861,0.6520641414368887,0.31091612653570266
25750,GOF,0.054635354987630114,0.55805865382302,0.38730599118935
25751,LOF,0.05312758703525339,0.20168365361941692,0.7451887593453297
25752,GOF,0.22567133589704,0.3953225553155277,0.3790061087874323
25753,LOF,0.2877174090021217,0.13372020478167176,0.5785623862162066
25754,GOF,0.041968340268435864,0.7426719108116718,0.2153597489198923
25755,LOF,0.2679138773065114,0.1801999073885158,0.5518862153049727
25756,Neutral,0.671994308756,0.059042236669428184,0.26896345457457177
25757,GOF,0.048657634109921355,0.6641111903880552,0.2872311755020234
25758,GOF,0.03157020151516515,0.750015181399871,0.2184146170849639
25759,GOF,0.019065352785440616,0.6481291003563261,0.3328055468582332
25760,LOF,0.24733713977873303,0.1006406263953469,0.6520222338259201
25761,GOF,0.019537888151233387,0.752274030315107,0.2281880815336597
25762,Neutral,0.6967849433542549,0.0675074431642913,0.2357076134814538
25763,LOF,0.2825296674925407,0.09008650670400073,0.6273838258034586
25764,GOF,0.19770027746707575,0.41861132198036455,0.3836884005525596
25765,GOF,0.020265097679457576,0.6778524451070143,0.3018824572135282
25766,GOF,0.04569060406985397,0.6854428681934577,0.26886652773668823
25767,GOF,0.046597914515336514,0.7247023589154478,0.22869972656921567
25768,LOF,0.041051177068154365,0.24226714496191706,0.7166816779699285
25769,LOF,0.045938985384746306,0.22276694905447314,0.7312940655607805
25770,Neutral,0.6279427753446939,0.059679641404092966,0.3123775832512133
25771,LOF,0.1991690039534872,0.07113287138615447,0.7296981246603583
25772,LOF,0.06604119702462995,0.09209870911157557,0.8418600938637945
25773,LOF,0.40893534817124266,0.08450594749374211,0.5065587043350153
25774,Neutral,0.6705258257611769,0.0766555635360569,0.25281861070276623
25775,LOF,0.24894981330589294,0.053633422547437186,0.6974167641466699
25776,LOF,0.03606471459838839,0.11783557147078609,0.8460997139308256
25777,Neutral,0.6422841820467118,0.0630940815894828,0.2946217363638054
25778,LOF,0.07293531176189881,0.14835470123002778,0.7787099870080734
25779,GOF,0.1351178532859316,0.6900097752135822,0.1748723715004862
25780,GOF,0.06325316949563013,0.7739492262537685,0.16279760425060136
25781,GOF,0.1618017216216023,0.6565958427168362,0.1816024356615613
25782,GOF,0.06197848464221314,0.5329367001360552,0.4050848152217316
25783,GOF,0.2857853415242862,0.43379380306798776,0.2804208554077261
25784,GOF,0.14860255366501307,0.712300321561078,0.13909712477390884
25785,GOF,0.09969783603457942,0.7790891213881398,0.12121304257728081
25786,GOF,0.05770062257929032,0.5759870883566534,0.3663122890640562
25787,GOF,0.06284709225476476,0.5291941821853565,0.4079587255598788
25788,LOF,0.07823287658093839,0.10203753421772206,0.8197295892013396
25789,GOF,0.05835910909511361,0.779542112873435,0.16209877803145153
25790,GOF,0.069531463010054,0.6878428306466151,0.24262570634333103
25791,GOF,0.03385361224134936,0.69111765783846,0.2750287299201906
25792,GOF,0.0330545478024184,0.6864974706732025,0.280447981524379
25793,GOF,0.044836643813114814,0.6483480428135615,0.30681531337332374
25794,GOF,0.07358440878472082,0.7787695928415674,0.14764599837371156
25795,GOF,0.11790429605596066,0.6498552388738806,0.23224046507015877
25796,GOF,0.10090829490556351,0.5710456154213591,0.3280460896730774
25797,GOF,0.05868520712508995,0.6957814376522317,0.24553335522267844
25798,GOF,0.10384914013366801,0.7330704798320293,0.16308038003430267
25799,GOF,0.0842867094404139,0.7952546529140966,0.12045863764548935
25800,GOF,0.07708949078642628,0.8159857908952625,0.10692471831831113
25801,GOF,0.07895362120393908,0.7658462436379083,0.15520013515815262
25802,GOF,0.10590815518936121,0.7393243188496229,0.15476752596101584
25803,GOF,0.06632852196114983,0.7170390850495653,0.21663239298928483
25804,GOF,0.11788165358525822,0.6130974982494579,0.2690208481652838
25805,GOF,0.06988725223721308,0.7363730313118253,0.19373971645096164
25806,GOF,0.06594920979825551,0.7488585553862831,0.18519223481546146
25807,GOF,0.08503624691991628,0.732020762714126,0.18294299036595785
25808,GOF,0.0743278920063258,0.7724803606044529,0.15319174738922137
25809,GOF,0.10107448688763167,0.5875601765342588,0.31136533657810944
25810,GOF,0.09529118135443228,0.6023173423823468,0.30239147626322094
25811,GOF,0.07074149626200375,0.6559248611326784,0.2733336426053179
25812,GOF,0.10168975608193599,0.668490065644022,0.22982017827404203
25813,GOF,0.06626393471539867,0.6844811873565844,0.2492548779280169
25814,GOF,0.08538283665583832,0.7883827525232405,0.12623441082092118
25815,GOF,0.05856896193336172,0.762660470186324,0.17877056788031434
25816,GOF,0.0435923874894052,0.8408973726075842,0.11551023990301047
25817,GOF,0.04276609175107265,0.6822180916884476,0.27501581656047974
25818,GOF,0.04419996129057415,0.5388607385298821,0.41693930017954356
25819,GOF,0.07463959513476703,0.6427111490142173,0.2826492558510155
25820,GOF,0.07335683395106267,0.6885601298660604,0.238083036182877
25821,GOF,0.07610376638288753,0.6760728647207053,0.2478233688964072
25822,GOF,0.12407476508922279,0.6738512767816568,0.20207395812912046
25823,GOF,0.21643248261643083,0.5238009055949718,0.25976661178859733
25824,GOF,0.16936022991099173,0.7094505477325224,0.12118922235648603
25825,GOF,0.1605238843286341,0.7179723511749067,0.12150376449645917
25826,GOF,0.16936022991099173,0.7094505477325224,0.12118922235648603
25827,GOF,0.06059266141082202,0.7785019599594996,0.16090537862967844
25828,GOF,0.05917978335332391,0.7564937920851957,0.18432642456148038
25829,LOF,0.42138086967609795,0.050460262900307536,0.5281588674235945
25830,LOF,0.05259252225307752,0.06749337822767246,0.8799140995192499
25831,GOF,0.04843308562043062,0.592345216958559,0.35922169742101046
25832,GOF,0.09566440516745665,0.6154563990485438,0.28887919578399956
25833,GOF,0.08848250692993387,0.6248600529169629,0.2866574401531033
25834,GOF,0.08581052854583208,0.5858137688645373,0.32837570258963067
25835,GOF,0.08554674224647678,0.6654931821045484,0.24896007564897463
25836,GOF,0.08403986903608382,0.6463508225053658,0.2696093084585504
25837,GOF,0.12189793296249332,0.6266149979620669,0.25148706907543983
25838,GOF,0.1257515558608183,0.6240692359630975,0.25017920817608424
25839,GOF,0.1475517352635341,0.5710955208586436,0.2813527438778224
25840,GOF,0.08206405716028108,0.7132306873848732,0.20470525545484575
25841,GOF,0.0826300271899936,0.7083799387492388,0.2089900340607677
25842,GOF,0.045661259408993154,0.6898929458989308,0.26444579469207596
25843,GOF,0.04646759576419863,0.685586478771488,0.26794592546431334
25844,GOF,0.05913612737221937,0.5759567777827947,0.36490709484498596
25845,GOF,0.0636705037247673,0.6010056173756863,0.3353238788995464
25846,GOF,0.05811304130863569,0.5766660028074927,0.36522095588387166
25847,GOF,0.07317872790635033,0.6845116605325486,0.24230961156110106
25848,GOF,0.06543642931849279,0.6981557861021455,0.23640778457936173
25849,GOF,0.060797877195589746,0.6988205772330028,0.24038154557140748
25850,GOF,0.14993144238525644,0.6086965130751314,0.24137204453961217
25851,GOF,0.17340495154213936,0.583481206002729,0.24311384245513173
25852,GOF,0.1833669121050008,0.48578509600589304,0.3308479918891062
25853,GOF,0.11066817455513543,0.6357320294890215,0.2535997959558431
25854,GOF,0.07955051816476748,0.750797672832871,0.16965180900236157
25855,GOF,0.10129547463180452,0.6088474336423843,0.2898570917258113
25856,GOF,0.09651943988442348,0.6304889540915305,0.272991606024046
25857,GOF,0.10427930706671916,0.6251360057523824,0.27058468718089845
25858,GOF,0.08927825500157353,0.6293697330160737,0.2813520119823528
25859,GOF,0.0879402137195889,0.6347200438149639,0.2773397424654471
25860,GOF,0.09670976340244132,0.5077285323501965,0.39556170424736214
25861,GOF,0.08508888344213116,0.5678422585413253,0.3470688580165435
25862,GOF,0.06222937113410233,0.7652022358960124,0.17256839296988516
25863,GOF,0.0726610683516519,0.72010045844383,0.2072384732045181
25864,GOF,0.05516172060653898,0.759246828098635,0.18559145129482596
25865,GOF,0.07489924936026039,0.7940124456567721,0.13108830498296753
25866,GOF,0.06745709782765774,0.7985692476624112,0.13397365450993115
25867,GOF,0.06788343930968425,0.7974328995919648,0.13468366109835095
25868,GOF,0.06913983741307583,0.6427393359911713,0.288120826595753
25869,GOF,0.04849330517017969,0.6925329776057153,0.258973717224105
25870,LOF,0.04838808323636273,0.10123601501995314,0.850375901743684
25871,GOF,0.04281960032806369,0.628992322941052,0.32818807673088424
25872,GOF,0.04552505527995596,0.550501938503514,0.40397300621653
25873,GOF,0.055021855242976786,0.6472942824972158,0.29768386225980753
25874,LOF,0.09318301283963129,0.039404561425073106,0.8674124257352958
25875,GOF,0.09332105501441983,0.5691396747597766,0.3375392702258036
25876,Neutral,0.4649685238594239,0.08298298172125268,0.45204849441932354
25877,GOF,0.07190672811035453,0.7386028761711789,0.18949039571846668
25878,GOF,0.03904925880708097,0.7751043859910017,0.18584635520191728
25879,LOF,0.045513335834175314,0.39790357372189117,0.5565830904439335
25880,LOF,0.07583989902233806,0.09442682638191474,0.8297332745957471
25881,Neutral,0.6902965851568774,0.180212054841415,0.12949136000170766
25882,LOF,0.2362290903906454,0.16799857339556087,0.5957723362137938
25883,LOF,0.06752778108986754,0.16530057409587687,0.7671716448142556
25884,LOF,0.3775550725176461,0.11249250597465812,0.5099524215076958
25885,LOF,0.4729737165208732,0.016685597260435888,0.5103406862186909
25886,Neutral,0.44363207709851343,0.20147395117816233,0.35489397172332426
25887,GOF,0.21140298809081765,0.6483324222647898,0.1402645896443925
25888,GOF,0.05139203847436135,0.6317627021935117,0.316845259332127
25889,LOF,0.20750851941835527,0.10908399492246723,0.6834074856591774
25890,LOF,0.23251920224497674,0.3523221453369704,0.4151586524180529
25891,LOF,0.2776423424166562,0.21721338264338036,0.5051442749399634
25892,LOF,0.013448173828735744,0.3577408588160823,0.6288109673551819
25893,LOF,0.4367481399446422,0.07744186634805093,0.485809993707307
25894,LOF,0.42748703017793965,0.03900829226010238,0.533504677561958
25895,LOF,0.4551241972346391,0.05241058398187832,0.4924652187834826
25896,Neutral,0.6310217526761934,0.05951980565128224,0.3094584416725244
25897,LOF,0.2209766662636155,0.11985442399034076,0.6591689097460437
25898,GOF,0.04901901784225748,0.6517949998899163,0.29918598226782617
25899,LOF,0.29414727558158665,0.21127923324013187,0.4945734911782815
25900,Neutral,0.8170467387617,0.045959168975102015,0.13699409226319798
25901,LOF,0.09420993116496484,0.06678944767318482,0.8390006211618504
25902,Neutral,0.5046881189345517,0.04981997068382013,0.4454919103816282
25903,LOF,0.2933513363525227,0.12121222777216983,0.5854364358753075
25904,Neutral,0.44363207709851343,0.20147395117816233,0.35489397172332426
25905,LOF,0.07721093506588361,0.39484837658440475,0.5279406883497116
25906,LOF,0.3295567620201871,0.10233662572691776,0.5681066122528953
25907,GOF,0.03970344857231898,0.502487502411637,0.45780904901604397
25908,GOF,0.0393083727773166,0.5321632774681826,0.4285283497545009
25909,LOF,0.07393678844124348,0.4574421368536028,0.46862107470515374
25910,LOF,0.051769890933315736,0.2552677887354458,0.6929623203312384
25911,Neutral,0.6768673789398197,0.07726159942736015,0.2458710216328201
25912,LOF,0.4609896329362161,0.03955870254856721,0.4994516645152168
25913,LOF,0.02033995988562229,0.26773525623621697,0.7119247838781607
25914,LOF,0.05109562675961082,0.1912427219628193,0.75766165127757
25915,GOF,0.0846010135177972,0.7556178766337208,0.15978110984848196
25916,GOF,0.07499903086007252,0.5352266412053043,0.3897743279346232
25917,Neutral,0.7504137737042127,0.06046887091412343,0.18911735538166388
25918,LOF,0.04980792418796831,0.07456149861278337,0.8756305771992483
25919,LOF,0.04573543789128964,0.030623528666773224,0.923641033441937
25920,Neutral,0.3672494711685966,0.26841000096962125,0.3643405278617821
25921,LOF,0.2786192370487649,0.06791728601039852,0.6534634769408366
25922,LOF,0.21240119786737416,0.07428019192212794,0.7133186102104979
25923,Neutral,0.44363207709851343,0.20147395117816233,0.35489397172332426
25924,LOF,0.27520787214167,0.23381491813956679,0.4909772097187633
25925,Neutral,0.6327037592087614,0.06508190151398006,0.30221433927725855
25926,Neutral,0.6811899405701031,0.07234908146426464,0.2464609779656323
25927,LOF,0.024277866077409786,0.29754168181890966,0.6781804521036806
25928,LOF,0.2968393424817776,0.03443442871399992,0.6687262288042225
25929,Neutral,0.44363207709851343,0.20147395117816233,0.35489397172332426
25930,LOF,0.04502211860253027,0.20976024494997297,0.7452176364474967
25931,LOF,0.41754372112258115,0.08739996384291715,0.4950563150345016
25932,LOF,0.08494619106318929,0.062127910848681356,0.8529258980881292
25933,LOF,0.06295477131151656,0.10246141625991899,0.8345838124285645
25934,LOF,0.10383694553144061,0.06295138231475192,0.8332116721538074
25935,Neutral,0.6705258257611769,0.0766555635360569,0.25281861070276623
25936,LOF,0.10800828538563509,0.04256412541658281,0.849427589197782
25937,LOF,0.3477682664142495,0.10948925514627374,0.5427424784394768
25938,Neutral,0.6804697067881315,0.05939963795890041,0.2601306552529681
25939,LOF,0.08051335165525954,0.06544379325525017,0.8540428550894904
25940,GOF,0.04196958649682308,0.8008211954554505,0.15720921804772633
25941,Neutral,0.5305664225841784,0.062454331446569734,0.4069792459692519
25942,LOF,0.1866404427880006,0.11735161091916771,0.6960079462928318
25943,LOF,0.033008441608693914,0.39403795490539933,0.5729536034859067
25944,LOF,0.01669279672124727,0.29372688913255196,0.6895803141462008
25945,LOF,0.03544413978170756,0.0727285806707578,0.8918272795475347
25946,LOF,0.469743931236901,0.0577589637804117,0.4724971049826873
25947,Neutral,0.7033095873723431,0.04486873695782694,0.25182167566983005
25948,Neutral,0.5080463300009197,0.16573237850656064,0.3262212914925197
25949,Neutral,0.4494612777866908,0.1254390345093418,0.4250996877039674
25950,GOF,0.03640789990903666,0.8030257841180592,0.16056631597290408
25951,GOF,0.023921676608677653,0.6503385063065105,0.3257398170848118
25952,GOF,0.23679318477085323,0.43840540433764885,0.32480141089149783
25953,GOF,0.03694217312622634,0.4835009550779324,0.4795568717958413
25954,GOF,0.05275974914005904,0.756203140172356,0.19103711068758486
25955,GOF,0.018412478955371715,0.5404441082256332,0.4411434128189951
25956,GOF,0.043709218811203175,0.5364131799648636,0.41987760122393314
25957,Neutral,0.7203899382166336,0.028227952168649862,0.2513821096147166
25958,LOF,0.06740485126830799,0.11609785888876256,0.8164972898429294
25959,LOF,0.022147356385766086,0.47446284741059414,0.5033897962036398
25960,LOF,0.20816679613466121,0.08088834418853519,0.7109448596768037
25961,LOF,0.0560194727997468,0.20477887217254895,0.7392016550277043
25962,LOF,0.40914291889139437,0.053434124160833735,0.537422956947772
25963,LOF,0.0745735142827968,0.19733719421818466,0.7280892914990186
25964,LOF,0.09228126456687694,0.15400543920789242,0.7537132962252306
25965,GOF,0.11010330779213388,0.5757629087583154,0.3141337834495506
25966,Neutral,0.44363207709851343,0.20147395117816233,0.35489397172332426
25967,LOF,0.3338303058191863,0.07899032517217411,0.5871793690086397
25968,LOF,0.30460832307919733,0.24815206175754245,0.4472396151632601
25969,Neutral,0.5411563492555642,0.030333198535133533,0.4285104522093022
25970,Neutral,0.4002858690174162,0.20069439913990497,0.3990197318426788
25971,LOF,0.13710379115940904,0.12901075314181315,0.7338854556987778
25972,LOF,0.11135641168621664,0.14341453972670026,0.7452290485870832
25973,LOF,0.4147806135731468,0.024429932283310907,0.5607894541435423
25974,GOF,0.08529023706398867,0.582868977077872,0.3318407858581392
25975,LOF,0.05776295572846252,0.031002371916631067,0.9112346723549063
25976,LOF,0.3310374001741681,0.012795203032357445,0.6561673967934745
25977,Neutral,0.507061279758637,0.06835700841147399,0.4245817118298891
25978,LOF,0.15991362481026375,0.16160605299172237,0.6784803221980139
25979,LOF,0.08925586688784357,0.1706360263755511,0.7401081067366053
25980,LOF,0.21148258778828066,0.35891291848413326,0.4296044937275862
25981,GOF,0.21845362024259538,0.44376448489136217,0.33778189486604243
25982,LOF,0.16428851831337718,0.3010736755797636,0.5346378061068592
25983,LOF,0.11245032357581705,0.29340005566276484,0.5941496207614181
25984,LOF,0.05301615542735117,0.2565203446208826,0.6904634999517663
25985,Neutral,0.6047735069029381,0.19590575103279978,0.19932074206426212
25986,GOF,0.03263087144930334,0.5759572105665746,0.39141191798412217
25987,LOF,0.31855161159782874,0.14684593763315792,0.5346024507690134
25988,LOF,0.035993482826781796,0.32627765558168864,0.6377288615915295
25989,LOF,0.05086984561022623,0.4043051891044024,0.5448249652853714
25990,LOF,0.061338005074494203,0.431954582350471,0.5067074125750348
25991,GOF,0.12817846069418465,0.5584043202833551,0.31341721902246034
25992,LOF,0.08519108267086188,0.3275845608463284,0.5872243564828097
25993,LOF,0.04890857151127684,0.028557517465466566,0.9225339110232565
25994,LOF,0.0910685100158372,0.03405907426649708,0.8748724157176657
25995,LOF,0.05438384712474478,0.041126856340825316,0.9044892965344299
25996,Neutral,0.3682550124166348,0.3299886006292253,0.3017563869541398
25997,GOF,0.14382943465159082,0.6208694296498655,0.23530113569854377
25998,LOF,0.3039584468837297,0.1660499932080923,0.5299915599081779
25999,LOF,0.01967991089323449,0.41089953767318144,0.569420551433584
26000,LOF,0.29414539813176543,0.07004552345524213,0.6358090784129924
26001,LOF,0.1613963962950079,0.1418942110365422,0.6967093926684498
26002,LOF,0.33216688011869616,0.03695460136471548,0.6308785185165884
26003,GOF,0.06866673565624004,0.69477058112483,0.23656268321893
26004,GOF,0.10576757938325747,0.6779348748208329,0.21629754579590962
26005,GOF,0.03209313205675017,0.8307891106806787,0.13711775726257103
26006,GOF,0.048892502501867205,0.7983275650037464,0.15277993249438637
26007,GOF,0.028321129318875517,0.7645293245816615,0.207149546099463
26008,GOF,0.07460178505827463,0.7414709469068484,0.18392726803487702
26009,GOF,0.042522324434750354,0.8258942716322425,0.13158340393300713
26010,GOF,0.03375403756717848,0.7864429691599795,0.179802993272842
26011,GOF,0.03968811813251421,0.6665869443825344,0.2937249374849514
26012,GOF,0.036235788194338855,0.7840170191237641,0.17974719268189712
26013,GOF,0.05490848331563589,0.5582523972391352,0.38683911944522886
26014,LOF,0.4734600414239968,0.03071239556000765,0.4958275630159955
26015,LOF,0.28720292368325034,0.1373547148144447,0.575442361502305
26016,LOF,0.2252275004483826,0.10916475569010144,0.6656077438615159
26017,LOF,0.03832699894256085,0.3034655324453801,0.6582074686120589
26018,LOF,0.037946505074322005,0.3486984780044643,0.6133550169212136
26019,LOF,0.04358924960892819,0.0967096993146205,0.8597010510764512
26020,GOF,0.021407427451743087,0.5165276978901995,0.46206487465805735
26021,LOF,0.2077513031021049,0.23219368875950772,0.5600550081383873
26022,LOF,0.22988940914340772,0.0921436212501126,0.6779669696064796
26023,LOF,0.049071469264361206,0.09894628721024185,0.851982243525397
26024,LOF,0.08204934339552193,0.18186632526995594,0.736084331334522
26025,LOF,0.04608064954201854,0.2557385471955907,0.6981808032623907
26026,LOF,0.05244320485672719,0.2736232436120164,0.6739335515312563
26027,LOF,0.07389365914490706,0.09945137219970408,0.8266549686553888
26028,LOF,0.08628292923489037,0.44901280952066835,0.4647042612444412
26029,GOF,0.0854189517627697,0.6691744731269901,0.24540657511024017
26030,Neutral,0.6659341392301795,0.0639844992028949,0.2700813615669254
26031,GOF,0.026866064160325574,0.710161389928695,0.2629725459109795
26032,LOF,0.06807676984101681,0.14881334802485732,0.7831098821341259
26033,LOF,0.06306184553052478,0.14713248259523515,0.7898056718742401
26034,GOF,0.02815096353683171,0.5756031025212727,0.3962459339418955
26035,GOF,0.025874808110375767,0.6523995026158456,0.32172568927377865
26036,GOF,0.024024577392616986,0.5795845828027217,0.3963908398046612
26037,GOF,0.02922195986264036,0.5360872873393371,0.4346907527980226
26038,LOF,0.049548183303556294,0.13210095883512726,0.8183508578613164
26039,GOF,0.02286268387150241,0.5019289818143335,0.47520833431416404
26040,LOF,0.05080456071606906,0.13375419247156176,0.8154412468123692
26041,GOF,0.04457684321569274,0.5296835924483988,0.4257395643359085
26042,GOF,0.038913127093575986,0.5425274612536608,0.4185594116527633
26043,LOF,0.028782944959842377,0.30296477977736397,0.6682522752627936
26044,LOF,0.20910781559634137,0.22349576229368842,0.5673964221099702
26045,GOF,0.02796083144674448,0.7979086530573983,0.17413051549585715
26046,LOF,0.0341644957921029,0.3139032651856423,0.6519322390222547
26047,LOF,0.12542110841892268,0.17775490709353853,0.6968239844875388
26048,Neutral,0.5157075223307861,0.049513109309192276,0.43477936836002157
26049,Neutral,0.6154324766049734,0.1445459398450157,0.2400215835500109
26050,Neutral,0.6696155105978082,0.08807824394517536,0.24230624545701646
26051,LOF,0.0562205217643627,0.44270700230720467,0.5010724759284326
26052,LOF,0.11774880661509078,0.34700864239615153,0.5352425509887576
26053,Neutral,0.48714111443683117,0.05140593802153195,0.461452947541637
26054,Neutral,0.6804697067881315,0.05939963795890041,0.2601306552529681
26055,Neutral,0.6804697067881315,0.05939963795890041,0.2601306552529681
26056,Neutral,0.6804697067881315,0.05939963795890041,0.2601306552529681
26057,LOF,0.08466281703498146,0.049910280368137515,0.8654269025968809
26058,LOF,0.0835289378516841,0.04167031016552677,0.8748007519827891
26059,Neutral,0.8340892630242944,0.06044407242194076,0.10546666455376486
26060,GOF,0.0514799902733557,0.5377890201487335,0.4107309895779107
26061,LOF,0.3069866785875097,0.02477812312256881,0.6682351982899215
26062,LOF,0.3676078764786612,0.06561198560710843,0.5667801379142303
26063,LOF,0.06713973382560286,0.03556634909070787,0.8972939170836893
26064,LOF,0.3495487989009824,0.020727607243979217,0.6297235938550384
26065,LOF,0.036458833447802604,0.05818969571976867,0.9053514708324288
26066,LOF,0.08249394095370578,0.052427675963347575,0.8650783830829467
26067,LOF,0.07500798445862246,0.10720340326371641,0.817788612277661
26068,Neutral,0.6238013621306028,0.09048869076538511,0.2857099471040121
26069,Neutral,0.60818867356203,0.08275236743004784,0.30905895900792213
26070,Neutral,0.60818867356203,0.08275236743004784,0.30905895900792213
26071,LOF,0.0539352952848659,0.06843348556340653,0.8776312191517275
26072,LOF,0.3240926591986061,0.04034970521054346,0.6355576355908505
26073,LOF,0.06973129559047735,0.06332290990531063,0.8669457945042119
26074,Neutral,0.8218242598938421,0.05526849873007661,0.12290724137608125
26075,Neutral,0.6221401654171334,0.08317171371181442,0.2946881208710521
26076,LOF,0.05224763776415695,0.10933749412255243,0.8384148681132906
26077,Neutral,0.6448800035195458,0.02449993702390454,0.3306200594565497
26078,LOF,0.3213329817450956,0.03562721913323771,0.6430397991216666
26079,Neutral,0.6694244352004819,0.08489081310151272,0.2456847516980053
26080,Neutral,0.6694244352004819,0.08489081310151272,0.2456847516980053
26081,LOF,0.04854687029612595,0.06399992224612787,0.8874532074577461
26082,LOF,0.3442169720296493,0.0893773392689888,0.5664056887013619
26083,LOF,0.049684847012085705,0.1767409947443432,0.7735741582435711
26084,LOF,0.05165767449848116,0.1308503492184869,0.8174919762830319
26085,LOF,0.04604855349963856,0.1693592266675928,0.7845922198327687
26086,LOF,0.046508306979339074,0.1313740183638129,0.8221176746568479
26087,LOF,0.04854192124397013,0.18164000986857123,0.7698180688874585
26088,LOF,0.4233113201742185,0.10418848699379041,0.472500192831991
26089,Neutral,0.6753207459961799,0.08453476071713976,0.24014449328668044
26090,Neutral,0.6753207459961799,0.08453476071713976,0.24014449328668044
26091,LOF,0.07225358459702234,0.06361023462865922,0.8641361807743184
26092,LOF,0.04304481742218108,0.07761073075394792,0.879344451823871
26093,LOF,0.04883964667461027,0.06497254960534589,0.8861878037200438
26094,LOF,0.07209889112950367,0.08943983924217531,0.8384612696283209
26095,LOF,0.2484259025701449,0.11671192824672859,0.6348621691831264
26096,Neutral,0.6189560947150172,0.027996340646193732,0.3530475646387891
26097,LOF,0.30468137176647353,0.031621387985517495,0.6636972402480089
26098,Neutral,0.671994308756,0.059042236669428184,0.26896345457457177
26099,LOF,0.0361075354772581,0.18524759078642666,0.7786448737363153
26100,LOF,0.0361075354772581,0.18524759078642666,0.7786448737363153
26101,LOF,0.04840875489465681,0.14547860246094027,0.8061126426444029
26102,LOF,0.05234762814078346,0.07570778284894009,0.8719445890102765
26103,Neutral,0.44363207709851343,0.20147395117816233,0.35489397172332426
26104,Neutral,0.711832941375124,0.09391690049274469,0.19425015813213134
26105,LOF,0.3764347877298641,0.09148405673605389,0.532081155534082
26106,Neutral,0.4721781211699607,0.1912624251506142,0.336559453679425
26107,LOF,0.023207774994734094,0.31353165305727726,0.6632605719479886
26108,LOF,0.38471036001202974,0.1772076177959404,0.43808202219202985
26109,Neutral,0.5114048822477537,0.1508751050281173,0.33772001272412905
26110,LOF,0.45961483583391133,0.04093366383259196,0.49945150033349656
26111,LOF,0.05870202837549427,0.21042463317261326,0.7308733384518925
26112,LOF,0.07615532282366276,0.03677694837691262,0.8870677287994245
26113,LOF,0.06229414974472646,0.07014428359211546,0.8675615666631581
26114,LOF,0.314155849950834,0.15590798343136836,0.5299361666177976
26115,GOF,0.03082624482004942,0.5978157616745711,0.3713579935053795
26116,LOF,0.11155779541660756,0.3029379224651445,0.5855042821182479
26117,Neutral,0.44363207709851343,0.20147395117816233,0.35489397172332426
26118,LOF,0.04169525313991159,0.10348253264640113,0.8548222142136872
26119,LOF,0.012339102401525097,0.24285401813921242,0.7448068794592625
26120,LOF,0.07656915544912123,0.05080228407785394,0.8726285604730248
26121,LOF,0.04079655720808564,0.19813565225228946,0.7610677905396248
26122,LOF,0.01573823932727399,0.2654799573779699,0.718781803294756
