feature0,prediction,LoGoFunc_Neutral,LoGoFunc_GOF,LoGoFunc_LOF
25546,Neutral,0.6639013322478583,0.06024570398249837,0.2758529637696434
25547,LOF,0.3333183124754616,0.26486185638708226,0.4018198311374562
25548,LOF,0.28832816925530286,0.14823328876891537,0.5634385419757818
25549,LOF,0.19284441758610868,0.1818921821988221,0.6252634002150693
25550,Neutral,0.6058138272173251,0.06324031635017291,0.3309458564325019
25551,Neutral,0.4833157401607094,0.07827717979397641,0.43840708004531426
25552,LOF,0.10706442019665191,0.14559052075136356,0.7473450590519845
25553,LOF,0.4656936545487375,0.06342636210625781,0.4708799833450048
25554,LOF,0.14745250308762536,0.21225302039821514,0.6402944765141595
25555,LOF,0.10555712942434853,0.1234313408962761,0.7710115296793755
25556,LOF,0.16894004276454463,0.17468485754370033,0.656375099691755
25557,LOF,0.09310351277092678,0.13872167273874714,0.768174814490326
25558,LOF,0.16923548510535164,0.18649959426986942,0.6442649206247789
25559,Neutral,0.5553285742717634,0.1464431037050806,0.298228322023156
25560,LOF,0.07377398223386492,0.14387141436087253,0.7823546034052626
25561,LOF,0.16098211935062184,0.18209201583589418,0.656925864813484
25562,LOF,0.34141242754573503,0.03792110325624376,0.6206664691980212
25563,Neutral,0.5564486932930266,0.07566951877411963,0.36788178793285387
25564,LOF,0.065816525023551,0.07277597850962944,0.8614074964668196
25565,LOF,0.1299597328681191,0.24645969969761006,0.6235805674342708
25566,LOF,0.0358584718895753,0.39714361652491825,0.5669979115855065
25567,LOF,0.33210144625297844,0.09793228016756539,0.5699662735794562
25568,Neutral,0.712830687436553,0.07499284589028209,0.21217646667316487
25569,Neutral,0.6839311728386926,0.05046501047077823,0.2656038166905291
25570,LOF,0.07262842868826577,0.19160171937504092,0.7357698519366933
25571,LOF,0.07620271151679213,0.18358602995932466,0.7402112585238831
25572,LOF,0.369629111385832,0.24021228012722978,0.3901586084869381
25573,LOF,0.3933193459209758,0.07822245159589475,0.5284582024831295
25574,LOF,0.09108218958634788,0.45028167948118625,0.45863613093246597
25575,LOF,0.09036903375387627,0.06670835621807657,0.8429226100280472
25576,LOF,0.34613797979003846,0.031145594178078675,0.6227164260318828
25577,LOF,0.4408961737279594,0.10901175433724755,0.45009207193479306
25578,Neutral,0.4458828260916671,0.19917339523240724,0.3549437786759257
25579,Neutral,0.4458828260916671,0.19917339523240724,0.3549437786759257
25580,LOF,0.04282063787894529,0.06204968255639043,0.8951296795646643
25581,Neutral,0.7094344679197145,0.05155079027819375,0.23901474180209167
25582,Neutral,0.7094344679197145,0.05155079027819375,0.23901474180209167
25583,LOF,0.05795556073187352,0.058995853891470655,0.8830485853766559
25584,LOF,0.3417572232409847,0.3160019572244796,0.3422408195345357
25585,LOF,0.3559321510972845,0.05859395921472742,0.5854738896879881
25586,LOF,0.061132426971111854,0.11301837681259871,0.8258491962162894
25587,LOF,0.0478199755801483,0.12313315957869266,0.8290468648411591
25588,LOF,0.057966968954917375,0.12001708997585753,0.822015941069225
25589,Neutral,0.6852719036085166,0.1736819887744146,0.1410461076170687
25590,LOF,0.2468377263821351,0.1919688445138814,0.5611934291039835
25591,Neutral,0.6820070565838054,0.07095135540371089,0.24704158801248363
25592,LOF,0.04030358662456473,0.11351236019614089,0.8461840531792945
25593,GOF,0.030512277824177533,0.7279005374188071,0.24158718475701532
25594,Neutral,0.712745186485698,0.05097096402709587,0.23628384948720613
25595,Neutral,0.6861010806641102,0.05434922198219941,0.2595496973536903
25596,Neutral,0.5970884047252177,0.05101876584093244,0.35189282943384986
25597,LOF,0.40832064067855744,0.04218716507439729,0.5494921942470453
25598,Neutral,0.7440210786479078,0.04261950766986619,0.213359413682226
25599,GOF,0.060799647036427325,0.6597479277289253,0.2794524252346474
25600,GOF,0.04591769771776866,0.48420334096721773,0.4698789613150135
25601,GOF,0.03209212583307538,0.5031989334116062,0.4647089407553185
25602,Neutral,0.4503216563269227,0.1060687820797328,0.44360956159334447
25603,LOF,0.08679584227762967,0.2095013198341044,0.7037028378882659
25604,Neutral,0.5047015272086433,0.17412876067324307,0.3211697121181137
25605,LOF,0.020977602809166638,0.33236964220092274,0.6466527549899106
25606,LOF,0.029679770057115418,0.45519538595881165,0.5151248439840729
25607,LOF,0.04458495438825054,0.28300407907180525,0.6724109665399441
25608,LOF,0.2389878273653985,0.2518567214467038,0.5091554511878976
25609,LOF,0.14745473640015963,0.22550483261805612,0.6270404309817842
25610,LOF,0.07066495744919658,0.06368921920116584,0.8656458233496376
25611,LOF,0.0726165437453256,0.10355999442537785,0.8238234618292964
25612,Neutral,0.6526562987745723,0.05923605908707609,0.28810764213835155
25613,Neutral,0.6226418798030348,0.058927270098522985,0.3184308500984423
25614,LOF,0.06414700387603545,0.08363509980149458,0.8522178963224699
25615,LOF,0.3511294072059142,0.035204203316104576,0.6136663894779814
25616,LOF,0.05363407849755584,0.20687131777963952,0.7394946037228045
25617,LOF,0.08350650077236342,0.05432877832332945,0.8621647209043071
25618,LOF,0.07866555400916929,0.17936063879056297,0.7419738072002678
25619,LOF,0.10582364573261872,0.10338698932141446,0.7907893649459669
25620,LOF,0.04868530750223689,0.1124630843984721,0.838851608099291
25621,LOF,0.44061419527754,0.02357205182388171,0.5358137528985782
25622,LOF,0.42100047418783515,0.06928607376866285,0.509713452043502
25623,Neutral,0.499780229280661,0.10525118860456735,0.39496858211477165
25624,LOF,0.03936154428193439,0.25415700555079496,0.7064814501672708
25625,LOF,0.4137502402073925,0.05205846597507107,0.5341912938175365
25626,Neutral,0.6545012251225579,0.051468554849082,0.29403022002836005
25627,LOF,0.029065560553002006,0.45473886197794866,0.5161955774690493
25628,LOF,0.29106108448917023,0.1478277059351524,0.5611112095756774
25629,Neutral,0.6924619603289108,0.06336882219023904,0.24416921748085016
25630,LOF,0.05236673795684233,0.2438024709201738,0.7038307911229837
25631,Neutral,0.5251132409709357,0.2346316456250257,0.24025511340403863
25632,LOF,0.3944019003773437,0.04190381937057165,0.5636942802520847
25633,GOF,0.3246601906180392,0.354748882746497,0.3205909266354638
25634,Neutral,0.6977811917811391,0.06830591802397892,0.233912890194882
25635,LOF,0.0651377974810413,0.08834586728409514,0.8465163352348635
25636,GOF,0.06658456193148155,0.6512851871101412,0.2821302509583774
25637,LOF,0.04912569541523763,0.41043470381855135,0.540439600766211
25638,GOF,0.024658205159281167,0.7475760316703253,0.22776576317039346
25639,LOF,0.04487024345372514,0.47191371369908097,0.4832160428471939
25640,GOF,0.11722523028737367,0.7824680373471044,0.10030673236552193
25641,LOF,0.06475265812382769,0.3619157528457492,0.5733315890304231
25642,Neutral,0.6259760327608176,0.12660043877887228,0.2474235284603101
25643,LOF,0.35623959803096716,0.036316171465668796,0.607444230503364
25644,GOF,0.11422787229618017,0.5623213995021417,0.3234507282016782
25645,GOF,0.02730155838854695,0.6278146051444259,0.3448838364670272
25646,LOF,0.03328166699569936,0.35449032012478976,0.6122280128795109
25647,GOF,0.06978489496972812,0.5122362019739176,0.41797890305635427
25648,GOF,0.04479331237525895,0.6936866136525818,0.26152007397215926
25649,GOF,0.03319595239072019,0.6790681917246914,0.28773585588458844
25650,GOF,0.07647796627245858,0.659578388844278,0.26394364488326355
25651,GOF,0.02155824549519966,0.611218696005079,0.36722305849972126
25652,LOF,0.07255441558563136,0.20018534739191043,0.7272602370224582
25653,LOF,0.0711897061018912,0.45954292884259007,0.46926736505551886
25654,GOF,0.07898803363720291,0.6358572664859315,0.2851546998768656
25655,GOF,0.059817713710424526,0.687391797271039,0.25279048901853635
25656,GOF,0.025304701297069476,0.5229850620744967,0.4517102366284338
25657,Neutral,0.6306890024224185,0.035150637919988285,0.33416035965759316
25658,GOF,0.04749258419238076,0.5248387401034994,0.42766867570411987
25659,LOF,0.1738034116345871,0.22582325965902136,0.6003733287063916
25660,LOF,0.13678585484646516,0.15856811696348203,0.7046460281900528
25661,LOF,0.08925114099236636,0.08715560614438868,0.8235932528632449
25662,LOF,0.047347982670575835,0.09009169328056446,0.8625603240488597
25663,LOF,0.072632326350554,0.08449805403071296,0.8428696196187332
25664,LOF,0.21514596249965448,0.1688455173231031,0.6160085201772424
25665,Neutral,0.629440604124397,0.09335535646929848,0.27720403940630467
25666,LOF,0.28664213889789913,0.18929389770509858,0.5240639633970023
25667,LOF,0.040919714103974124,0.08390414672984292,0.8751761391661831
25668,LOF,0.0439700080907924,0.0684992050226156,0.887530786886592
25669,LOF,0.041590530638754265,0.12928222713383622,0.8291272422274095
25670,LOF,0.43997853135320525,0.0692379984135651,0.49078347023322977
25671,LOF,0.059897277003882615,0.12004269151130928,0.8200600314848081
25672,Neutral,0.631259147825366,0.07186217226564419,0.29687867990898986
25673,LOF,0.2509306934294858,0.1002300662061969,0.6488392403643174
25674,LOF,0.37731564194057454,0.08811692442471487,0.5345674336347106
25675,LOF,0.36538130463258894,0.07767073178966219,0.5569479635777489
25676,LOF,0.05287867896867187,0.09712316430819738,0.8499981567231307
25677,LOF,0.07157633225881435,0.1101561134846024,0.8182675542565833
25678,Neutral,0.5376530479824796,0.097225047023119,0.3651219049944015
25679,Neutral,0.5691851364984358,0.09238745357528197,0.33842740992628223
25680,LOF,0.10584845610629495,0.17029380252169898,0.7238577413720061
25681,LOF,0.11489378664493144,0.15941819887586997,0.7256880144791985
25682,LOF,0.06383844452815139,0.13587226683985998,0.8002892886319887
25683,LOF,0.376127224644298,0.1132334388338329,0.5106393365218692
25684,LOF,0.11147745716602549,0.1843300501571364,0.7041924926768381
25685,Neutral,0.5754357898352881,0.08597149474305181,0.33859271542166014
25686,LOF,0.06628168922010699,0.3527918691110777,0.5809264416688154
25687,LOF,0.10659444878396244,0.37197519898749326,0.5214303522285443
25688,LOF,0.029350925398756177,0.2657810605531515,0.7048680140480923
25689,LOF,0.029038940465075817,0.2691617421442535,0.7017993173906707
25690,LOF,0.01880367797190637,0.4654503996309956,0.515745922397098
25691,GOF,0.0532224177154925,0.5057617402555799,0.4410158420289277
25692,Neutral,0.5432038545922393,0.08479973970858122,0.3719964056991795
25693,GOF,0.09776430635501979,0.6240682150313916,0.2781674786135886
25694,LOF,0.3796086151340009,0.037552519352713046,0.582838865513286
25695,LOF,0.19494934657606544,0.06462743677730856,0.740423216646626
25696,Neutral,0.5756700011104363,0.04792050457395813,0.3764094943156056
25697,Neutral,0.47708684017518166,0.19105739402619035,0.3318557657986281
25698,GOF,0.052985787703502006,0.7704991755803501,0.17651503671614796
25699,GOF,0.050276373531081345,0.6225441619555067,0.3271794645134119
25700,LOF,0.0536217493660263,0.10445929025780655,0.8419189603761672
25701,GOF,0.031931697704949843,0.6276583033332133,0.3404099989618369
25702,GOF,0.1135710299135133,0.7048230563471912,0.18160591373929544
25703,LOF,0.44924970276460996,0.0839630609108038,0.4667872363245862
25704,LOF,0.0558192496124703,0.2252772732808581,0.7189034771066715
25705,LOF,0.11613010932361673,0.14739450115197894,0.7364753895244043
25706,GOF,0.041775257328803155,0.693986585450252,0.2642381572209447
25707,LOF,0.025681255927556122,0.4092868118023915,0.5650319322700523
25708,LOF,0.034345798059283936,0.45377137128882317,0.5118828306518929
25709,LOF,0.05841772901841108,0.10255088586213489,0.839031385119454
25710,LOF,0.3998048764967532,0.1631339096671269,0.43706121383611984
25711,LOF,0.08289234516382613,0.12256760071439869,0.7945400541217752
25712,Neutral,0.6310140223907325,0.06911520417742127,0.2998707734318463
25713,LOF,0.05962584028215038,0.1592017270559112,0.7811724326619385
25714,LOF,0.061381840219006965,0.28284034431477995,0.6557778154662132
25715,LOF,0.04762963708363086,0.24800500934036426,0.7043653535760049
25716,LOF,0.4326223740974103,0.05354591811646761,0.5138317077861221
25717,Neutral,0.44972305323641376,0.14662392262400112,0.403653024139585
25718,LOF,0.04519768027994058,0.11839991516400097,0.8364024045560584
25719,LOF,0.10327115762391652,0.11250509732079976,0.7842237450552837
25720,LOF,0.052453192807499265,0.13873998805821494,0.8088068191342859
25721,LOF,0.04557290697691773,0.09004199097173281,0.8643851020513496
25722,LOF,0.05637415159631462,0.11918851735398667,0.8244373310496987
25723,LOF,0.08560303851521006,0.13293244880045552,0.7814645126843345
25724,LOF,0.06459465404306164,0.20277280518887236,0.7326325407680659
25725,LOF,0.12251670812489854,0.10564933985702679,0.7718339520180747
25726,LOF,0.056994433199525525,0.16499637478444265,0.7780091920160318
25727,LOF,0.09503318941785599,0.06492767726553962,0.8400391333166044
25728,LOF,0.03334364351665254,0.18920161192011115,0.7774547445632362
25729,LOF,0.046114970733581166,0.14062787865856707,0.8132571506078518
25730,LOF,0.039736686430764105,0.16972190878866916,0.7905414047805668
25731,LOF,0.3394975679111204,0.05898478312746739,0.6015176489614122
25732,LOF,0.058683262613259325,0.07576360477090555,0.8655531326158351
25733,LOF,0.03125461486573982,0.3625341285210278,0.6062112566132324
25734,LOF,0.36049051569770746,0.06671859334060598,0.5727908909616866
25735,LOF,0.042833119001710884,0.07926902148319176,0.8778978595150974
25736,LOF,0.052291839973744036,0.1335340925472785,0.8141740674789775
25737,LOF,0.10358408357493112,0.10940995493413908,0.7870059614909297
25738,LOF,0.09023575906161654,0.1732926334777045,0.736471607460679
25739,LOF,0.04455647156904123,0.18020341538538545,0.7752401130455733
25740,LOF,0.07597392979482553,0.15244340523323907,0.7715826649719354
25741,LOF,0.09063946574416178,0.12177941189175363,0.7875811223640845
25742,LOF,0.10323473740989215,0.16522516326309794,0.7315400993270098
25743,LOF,0.2785767971254002,0.09231661657344219,0.6291065863011577
25744,GOF,0.05926065785244974,0.6449791715769595,0.2957601705705907
25745,GOF,0.031337587890856486,0.6988635432976883,0.26979886881145515
25746,GOF,0.05636065138719983,0.5786068842493841,0.3650324643634161
25747,LOF,0.046469266142811834,0.11295139713746835,0.8405793367197197
25748,LOF,0.22606941492265473,0.2843529772615195,0.48957760781582577
25749,GOF,0.04125755538397528,0.5790742905119386,0.3796681541040861
25750,GOF,0.05212595329037237,0.5306069579717441,0.41726708873788354
25751,LOF,0.05403524631450825,0.21283084464236718,0.7331339090431246
25752,GOF,0.23789412462522563,0.40902349059534066,0.35308238477943377
25753,LOF,0.30766431918767173,0.11767092904521881,0.5746647517671094
25754,GOF,0.03717842719828966,0.7229639456050734,0.2398576271966369
25755,LOF,0.25026179264169846,0.1801413509875484,0.5695968563707531
25756,Neutral,0.6734138625527063,0.05907657847655986,0.2675095589707339
25757,GOF,0.04877968391871303,0.6412619407191211,0.30995837536216586
25758,GOF,0.033645817664120704,0.7115227529619629,0.25483142937391634
25759,GOF,0.021341888683632522,0.6500096968448507,0.32864841447151677
25760,LOF,0.25033748182666815,0.10819751203755894,0.6414650061357728
25761,GOF,0.022243813428347806,0.7414541184191411,0.236302068152511
25762,Neutral,0.6977811917811391,0.06830591802397892,0.233912890194882
25763,LOF,0.2940478467188958,0.10985220385901062,0.5960999494220937
25764,GOF,0.2576179094110571,0.4053724205876245,0.3370096700013185
25765,GOF,0.02593154741972636,0.6493348489165135,0.3247336036637602
25766,GOF,0.052657750606686045,0.6450498311904355,0.3022924182028786
25767,GOF,0.03838528534187535,0.7595434157194954,0.20207129893862935
25768,LOF,0.042035367293155865,0.26979745875493266,0.6881671739519115
25769,LOF,0.04702976692418244,0.22960630162540863,0.723363931450409
25770,Neutral,0.624630426245587,0.05952398468851501,0.315845589065898
25771,LOF,0.22182342906537553,0.10783726805594648,0.670339302878678
25772,LOF,0.0631709429659001,0.11935720289785542,0.8174718541362445
25773,LOF,0.4350323331649817,0.07868226724269725,0.48628539959232114
25774,Neutral,0.6700448150006335,0.07748470547641324,0.2524704795229532
25775,LOF,0.26230620428141543,0.08405235900142013,0.6536414367171645
25776,LOF,0.04092905510975046,0.10806751747100715,0.8510034274192424
25777,Neutral,0.6420948553202412,0.06423482222813437,0.2936703224516245
25778,LOF,0.0664698451559293,0.13329758082873175,0.8002325740153391
25779,GOF,0.17825064507205607,0.6194577572179704,0.2022915977099736
25780,GOF,0.06026121290286528,0.7806386852964843,0.1591001018006504
25781,GOF,0.15299307862219658,0.6465555530465994,0.20045136833120397
25782,GOF,0.06167093974314856,0.6188868092437257,0.3194422510131256
25783,GOF,0.3035759037211959,0.4981872153936696,0.1982368808851344
25784,GOF,0.17897983495208822,0.6728674072293974,0.14815275781851422
25785,GOF,0.10156661622815563,0.7582416553260747,0.1401917284457697
25786,GOF,0.06471208230924053,0.6098694569413466,0.3254184607494127
25787,GOF,0.05868500294499789,0.5318787369957411,0.40943626005926104
25788,LOF,0.06418446548747272,0.11273022384349603,0.8230853106690312
25789,GOF,0.05848022367966101,0.7694654108458672,0.17205436547447198
25790,GOF,0.04668679048199373,0.6792403065755768,0.27407290294242964
25791,GOF,0.0334658984225012,0.7014522490742161,0.2650818525032827
25792,GOF,0.0334497851022912,0.69613737328285,0.2704128416148588
25793,GOF,0.03492852540089383,0.7050347909855933,0.26003668361351284
25794,GOF,0.08364277943547077,0.7346620440055823,0.18169517655894696
25795,GOF,0.12756819846758807,0.5728209259448372,0.29961087558757465
25796,GOF,0.09663795348193102,0.6268733773026121,0.27648866921545695
25797,GOF,0.06966050408919035,0.6188264339555335,0.31151306195527617
25798,GOF,0.09670292902251108,0.7014154382311686,0.20188163274632034
25799,GOF,0.09945868862399004,0.7679193263335725,0.1326219850424374
25800,GOF,0.09020621548979395,0.7949892793308109,0.11480450517939526
25801,GOF,0.09337077112887658,0.759749844686654,0.1468793841844695
25802,GOF,0.09337989981179518,0.7472699431105583,0.1593501570776465
25803,GOF,0.05181905755142905,0.7280965133566535,0.22008442909191747
25804,GOF,0.08602565120770096,0.6453286132665234,0.26864573552577564
25805,GOF,0.05983628665253634,0.769899642142426,0.1702640712050376
25806,GOF,0.057468326352830716,0.7840027448632793,0.15852892878389002
25807,GOF,0.09071221872730122,0.7298901706646659,0.17939761060803294
25808,GOF,0.07024156687394345,0.8025163698960689,0.12724206322998768
25809,GOF,0.08089443614816269,0.7507139735617692,0.16839159029006812
25810,GOF,0.07464690813898435,0.7606245241289066,0.16472856773210906
25811,GOF,0.0663670025388478,0.5729796799700543,0.360653317491098
25812,GOF,0.0847519560917565,0.7024435236387342,0.21280452026950933
25813,GOF,0.06234887485446642,0.7252783348993871,0.21237279024614653
25814,GOF,0.09074855656929588,0.7345029192102905,0.17474852422041356
25815,GOF,0.05274319272043324,0.7257266192432016,0.22153018803636523
25816,GOF,0.047930729040981425,0.8341835947634764,0.11788567619554219
25817,GOF,0.043009179236791976,0.639693550303281,0.317297270459927
25818,GOF,0.0385268383324499,0.6290808761548924,0.3323922855126577
25819,GOF,0.077878322847972,0.7373055469819758,0.18481613017005225
25820,GOF,0.08564819026135115,0.7343485990412415,0.18000321069740727
25821,GOF,0.08960703870407262,0.7233124643480493,0.18708049694787812
25822,GOF,0.12081863541082626,0.6901985348599662,0.18898282972920763
25823,GOF,0.17907816936884677,0.532365976719085,0.28855585391206817
25824,GOF,0.13403044914767523,0.7068250202400299,0.15914453061229486
25825,GOF,0.12736162732275,0.7121841350981643,0.16045423757908583
25826,GOF,0.13403044914767523,0.7068250202400299,0.15914453061229486
25827,GOF,0.055513028979038,0.7786014279786947,0.16588554304226724
25828,GOF,0.05341388861111967,0.7564821319298775,0.19010397945900287
25829,LOF,0.41105975842709,0.05036936345469732,0.5385708781182126
25830,LOF,0.05729005951510513,0.1075974598993321,0.8351124805855628
25831,GOF,0.04292225886612827,0.6666702313102241,0.29040750982364755
25832,GOF,0.10576349721929675,0.6115758822397348,0.28266062054096847
25833,GOF,0.09793571864663998,0.6263616357557652,0.27570264559759483
25834,GOF,0.09543835598347272,0.5904294840024487,0.31413216001407857
25835,GOF,0.10684562456757096,0.6476702893631184,0.24548408606931066
25836,GOF,0.10358888704618426,0.6339280532889513,0.2624830596648645
25837,GOF,0.11931971432799314,0.6162691695131138,0.2644111161588931
25838,GOF,0.12226524754213139,0.6074737479935065,0.270261004464362
25839,GOF,0.14316295208622637,0.59912816508143,0.25770888283234367
25840,GOF,0.0833583400257796,0.7070731302404829,0.20956852973373766
25841,GOF,0.08420460383407972,0.7030144415022339,0.2127809546636862
25842,GOF,0.054171098986488926,0.697665075821026,0.24816382519248503
25843,GOF,0.05550101670052423,0.6935230270793313,0.25097595622014446
25844,GOF,0.06789139478738329,0.61502045730699,0.3170881479056268
25845,GOF,0.07290221368957697,0.6267074737624372,0.3003903125479859
25846,GOF,0.06685302026516173,0.6142868971145392,0.318860082620299
25847,GOF,0.08512629057458893,0.6340075263832866,0.2808661830421244
25848,GOF,0.06599980915601018,0.7077583737586596,0.22624181708533025
25849,GOF,0.062319322716687955,0.7072475783597633,0.2304330989235489
25850,GOF,0.16333624279585793,0.5652795801534227,0.2713841770507193
25851,GOF,0.18207720876499736,0.5349943232379448,0.2829284679970578
25852,GOF,0.12056672253901957,0.6047309157563238,0.27470236170465673
25853,GOF,0.09753622518323381,0.663032282424012,0.23943149239275416
25854,GOF,0.07229530888322387,0.7542933328180413,0.17341135829873486
25855,GOF,0.09726441420953526,0.6955787704089306,0.20715681538153424
25856,GOF,0.0938971516706864,0.7096270108130899,0.1964758375162238
25857,GOF,0.10126087180919482,0.703816460750573,0.1949226674402322
25858,GOF,0.08788114212159533,0.6286457470311773,0.28347311084722737
25859,GOF,0.08741169470353438,0.6314605696899004,0.2811277356065653
25860,GOF,0.08594634736901109,0.5706948065979403,0.34335884603304856
25861,GOF,0.07378198815516225,0.5695770121411297,0.35664099970370805
25862,GOF,0.05439664826236345,0.7432376106209442,0.20236574111669223
25863,GOF,0.06343559656574044,0.7141301597564575,0.222434243677802
25864,GOF,0.06043415520410705,0.7691785790916522,0.17038726570424076
25865,GOF,0.07369589361229385,0.7890132440073597,0.1372908623803464
25866,GOF,0.06710349856814112,0.7960470890956561,0.1368494123362028
25867,GOF,0.06765539124165242,0.7941227252337487,0.13822188352459883
25868,GOF,0.05988651475928372,0.6866981842998108,0.2534153009409055
25869,GOF,0.05519979976872613,0.7313599020205727,0.21344029821070115
25870,LOF,0.060022074424645085,0.14423955165938965,0.7957383739159652
25871,GOF,0.04094237565834982,0.6373490148065641,0.32170860953508607
25872,GOF,0.04879516462171444,0.549079975098087,0.40212486028019845
25873,GOF,0.070180636661336,0.6675281642065575,0.2622911991321065
25874,LOF,0.08563297260356159,0.047191608120252825,0.8671754192761856
25875,GOF,0.10007712351844664,0.5848416663222784,0.3150812101592749
25876,Neutral,0.49467206798110236,0.09558068879872719,0.4097472432201704
25877,GOF,0.0689916422174408,0.6368481088699588,0.2941602489126005
25878,GOF,0.038830040531427495,0.7392340528967658,0.22193590657180678
25879,LOF,0.05003354474247283,0.3838343744213566,0.5661320808361705
25880,LOF,0.07230252502365113,0.07509602859096835,0.8526014463853806
25881,Neutral,0.6312488103745407,0.29035255256712883,0.0783986370583305
25882,LOF,0.2475759819789734,0.1586517735099967,0.59377224451103
25883,LOF,0.06836625784570388,0.13203313204040343,0.7996006101138927
25884,LOF,0.35206596944861107,0.11077789545973472,0.5371561350916543
25885,Neutral,0.5033795971271499,0.016704497608941892,0.47991590526390826
25886,Neutral,0.4458828260916671,0.19917339523240724,0.3549437786759257
25887,GOF,0.2101740530358343,0.5828446660506763,0.2069812809134894
25888,GOF,0.06040686014794623,0.5523122144506488,0.38728092540140496
25889,LOF,0.20897522061195437,0.13149413833119916,0.6595306410568466
25890,LOF,0.2536025420283227,0.3247857857150852,0.421611672256592
25891,LOF,0.2530272013460227,0.2224088656381041,0.5245639330158732
25892,LOF,0.0142939970501945,0.373081221038526,0.6126247819112794
25893,LOF,0.41876676913121524,0.13131178327117352,0.4499214475976111
25894,LOF,0.41074108009129184,0.04912300394552113,0.540135915963187
25895,Neutral,0.4750630040876105,0.050320230855280056,0.47461676505710937
25896,Neutral,0.6276756534561384,0.05969155942320911,0.3126327871206525
25897,LOF,0.2589596872828525,0.076638558196768,0.6644017545203795
25898,GOF,0.04997522643617421,0.5577107555824437,0.3923140179813822
25899,LOF,0.30144001067156795,0.18406282374990884,0.5144971655785232
25900,Neutral,0.8142378686775262,0.04502986665007631,0.14073226467239755
25901,LOF,0.08243100804467748,0.06489074679145783,0.8526782451638647
25902,LOF,0.45740745213933337,0.065880310264896,0.47671223759577075
25903,LOF,0.2873967668359831,0.13554161703257572,0.5770616161314412
25904,Neutral,0.4458828260916671,0.19917339523240724,0.3549437786759257
25905,LOF,0.07855742563328318,0.42671566260247457,0.49472691176424216
25906,LOF,0.35628713152995045,0.08448549659748399,0.5592273718725657
25907,GOF,0.038965716718300694,0.4962643078445918,0.4647699754371075
25908,GOF,0.04480733236126652,0.5964758292370692,0.35871683840166424
25909,GOF,0.06095729074940524,0.49643365318371424,0.4426090560668805
25910,LOF,0.04380771844903988,0.29615442590869895,0.6600378556422613
25911,Neutral,0.6766837223762967,0.07959780078916659,0.24371847683453665
25912,Neutral,0.49592878892946995,0.028381672827728983,0.475689538242801
25913,LOF,0.021663943389161444,0.32307376849937836,0.6552622881114604
25914,LOF,0.04324231746106249,0.23322327804799223,0.7235344044909453
25915,GOF,0.09469858647637028,0.70001122448432,0.20529018903930984
25916,GOF,0.06897581748149657,0.6177732781166912,0.3132509044018122
25917,Neutral,0.748522281394875,0.061023625808010594,0.19045409279711453
25918,LOF,0.050022410193225175,0.08809376997632695,0.8618838198304478
25919,LOF,0.046574082353746035,0.035360728836289414,0.9180651888099645
25920,LOF,0.3113465809391756,0.3019476937585283,0.38670572530229597
25921,LOF,0.25348161313952333,0.04525446355303099,0.7012639233074457
25922,LOF,0.19284188160851573,0.06471718155160615,0.7424409368398781
25923,Neutral,0.4458828260916671,0.19917339523240724,0.3549437786759257
25924,LOF,0.25218857477027895,0.20601260003818456,0.5417988251915365
25925,Neutral,0.6301687905213895,0.06337749879340121,0.3064537106852092
25926,Neutral,0.6807422956303246,0.07407366994265684,0.24518403442701842
25927,LOF,0.02267500927583238,0.38070315166376373,0.5966218390604039
25928,LOF,0.25295673205417407,0.03681819670045214,0.7102250712453737
25929,Neutral,0.4458828260916671,0.19917339523240724,0.3549437786759257
25930,LOF,0.04211650178561255,0.19954085049786682,0.7583426477165207
25931,LOF,0.40776460082877203,0.11160936754792822,0.48062603162329987
25932,LOF,0.08167006819868523,0.064134483905918,0.8541954478953968
25933,LOF,0.0668177490972447,0.07787576886155735,0.8553064820411979
25934,LOF,0.07936917441046698,0.07352910056046616,0.8471017250290668
25935,Neutral,0.6700448150006335,0.07748470547641324,0.2524704795229532
25936,LOF,0.07484464345875166,0.06933587373968662,0.8558194828015617
25937,LOF,0.33102179538465903,0.12957625232852468,0.5394019522868162
25938,Neutral,0.6815007379174196,0.05964969647889497,0.2588495656036854
25939,LOF,0.07231401802397887,0.07459245111878193,0.8530935308572392
25940,GOF,0.047025525598809334,0.7950279764208443,0.15794649798034618
25941,Neutral,0.5062960042048114,0.06994830542042463,0.42375569037476396
25942,LOF,0.1870103677360423,0.10603548066073083,0.7069541516032269
25943,LOF,0.028282820863932363,0.39483251129556024,0.5768846678405074
25944,LOF,0.01805508401507727,0.3354097400059469,0.6465351759789758
25945,LOF,0.037693336107413995,0.07962895932549768,0.8826777045670884
25946,LOF,0.4512350382959198,0.06043272577528238,0.48833223592879793
25947,Neutral,0.6946897738444248,0.046705061715307195,0.25860516444026815
25948,Neutral,0.5243911443884265,0.22306244397435238,0.2525464116372211
25949,LOF,0.41732297624255615,0.08830618561731045,0.4943708381401332
25950,GOF,0.041186784025885624,0.8070289606039563,0.15178425537015808
25951,GOF,0.02660112709049747,0.6651173096493496,0.30828156326015294
25952,GOF,0.22259655066454692,0.4756770297855363,0.30172641954991675
25953,LOF,0.034727376047872766,0.43969115686789406,0.5255814670842331
25954,GOF,0.05308084299629523,0.751234879640614,0.19568427736309088
25955,GOF,0.016784945554884603,0.59010043341995,0.3931146210251655
25956,GOF,0.041353489340337585,0.6162864270282938,0.3423600836313686
25957,Neutral,0.6896406328830715,0.031061746073875948,0.27929762104305256
25958,LOF,0.07749340419438965,0.13458727385841898,0.7879193219471914
25959,LOF,0.02396515952327657,0.40275009366979597,0.5732847468069274
25960,LOF,0.21402533796534612,0.07301008043309257,0.7129645816015614
25961,LOF,0.04552729408766597,0.22814442346628336,0.7263282824460506
25962,LOF,0.39853495861324584,0.05582181877403981,0.5456432226127144
25963,LOF,0.07298348910206656,0.2883025536629709,0.6387139572349626
25964,LOF,0.08815319052947383,0.1813602124464978,0.7304865970240284
25965,GOF,0.11426242507227016,0.6427795362844714,0.24295803864325852
25966,Neutral,0.4458828260916671,0.19917339523240724,0.3549437786759257
25967,LOF,0.36029971604363864,0.05481055916421518,0.5848897247921462
25968,GOF,0.3194380337763285,0.4195225253598703,0.2610394408638011
25969,Neutral,0.5362188512168772,0.04982725935043091,0.413953889432692
25970,Neutral,0.4258574307663548,0.15018005718726923,0.4239625120463761
25971,LOF,0.12823488552626416,0.11880040822095334,0.7529647062527826
25972,LOF,0.10852399967143841,0.12360648657022877,0.7678695137583328
25973,LOF,0.4131303675264395,0.026118807669756255,0.5607508248038042
25974,GOF,0.08745094941945791,0.5479461259870118,0.3646029245935303
25975,LOF,0.062079500716769216,0.028304098421513827,0.909616400861717
25976,LOF,0.32907642133631126,0.012826803028898293,0.6580967756347905
25977,Neutral,0.49952381690935627,0.07922162241246056,0.4212545606781832
25978,LOF,0.16752108787809117,0.16931090055781348,0.6631680115640954
25979,LOF,0.09760779977626237,0.16419374629747255,0.7381984539262652
25980,LOF,0.2033288101865793,0.36617865698199625,0.4304925328314243
25981,GOF,0.2122509173418565,0.44568761709200655,0.3420614655661369
25982,LOF,0.17138033381520448,0.30174874382148903,0.5268709223633065
25983,LOF,0.12476318364936867,0.29466394726718453,0.5805728690834469
25984,LOF,0.04565393175217986,0.22368868028362884,0.7306573879641913
25985,Neutral,0.5615697901709991,0.23539528821973257,0.20303492160926837
25986,GOF,0.036049731886482514,0.5489843844075436,0.41496588370597387
25987,LOF,0.30397524304442897,0.24359465684125883,0.4524301001143122
25988,LOF,0.03858936608990246,0.29145657543295755,0.66995405847714
25989,LOF,0.05030558503101474,0.35223456911284334,0.597459845856142
25990,LOF,0.039153735248521636,0.39030552567573507,0.5705407390757432
25991,GOF,0.11799562513990758,0.5818516917968589,0.3001526830632335
25992,LOF,0.08417418446455925,0.3365432598320613,0.5792825557033795
25993,LOF,0.0536929494847208,0.03272750980096764,0.9135795407143116
25994,LOF,0.09196085829580754,0.03932974030589777,0.8687094013982948
25995,LOF,0.05127893421654001,0.05130208617084855,0.8974189796126114
25996,GOF,0.30707596586540564,0.4092774020149065,0.2836466321196879
25997,GOF,0.17307061260519693,0.5275826051848346,0.29934678220996846
25998,LOF,0.3424814925003896,0.18646568859180482,0.4710528189078054
25999,LOF,0.020966498982918337,0.37646084153477416,0.6025726594823075
26000,LOF,0.27181463008742807,0.0986099502592368,0.6295754196533351
26001,LOF,0.15713883475830723,0.16118010293528648,0.6816810623064062
26002,LOF,0.3437892430142418,0.048919035235334564,0.6072917217504237
26003,GOF,0.06888171386905727,0.6829197215799394,0.24819856455100334
26004,GOF,0.09091091656652847,0.7262523478338477,0.18283673559962385
26005,GOF,0.03378999157809511,0.8203898880454127,0.14582012037649209
26006,GOF,0.04275642015665213,0.7332248870394042,0.22401869280394354
26007,GOF,0.030846780617911386,0.7778058019690995,0.19134741741298897
26008,GOF,0.07154114954721993,0.7954192190035078,0.13303963144927225
26009,GOF,0.03939919185577494,0.8631324010826277,0.09746840706159743
26010,GOF,0.03331902677986834,0.7887109404821129,0.17797003273801895
26011,GOF,0.039111749559195975,0.6636544335497466,0.29723381689105743
26012,GOF,0.04019623562107025,0.7210443962738667,0.23875936810506285
26013,GOF,0.04663003469838228,0.6508583200258764,0.3025116452757413
26014,LOF,0.465826524819445,0.02431613913338576,0.5098573360471693
26015,LOF,0.29484257869249125,0.1385856965168587,0.56657172479065
26016,LOF,0.21681832596260361,0.13816146272844973,0.6450202113089467
26017,LOF,0.0410943988866942,0.3415526104615922,0.6173529906517135
26018,LOF,0.03680933415875171,0.3257195315703603,0.6374711342708881
26019,LOF,0.043944688566453664,0.10615929114589187,0.8498960202876545
26020,LOF,0.023295347026529988,0.44013436085816987,0.5365702921153
26021,LOF,0.24144389970979244,0.15584683996719176,0.6027092603230159
26022,LOF,0.21310598780093734,0.07892082133216717,0.7079731908668955
26023,LOF,0.04884737909955236,0.10841797601227515,0.8427346448881725
26024,LOF,0.09459321217285806,0.13224694152857977,0.7731598462985622
26025,LOF,0.04318227727965435,0.2821118141041264,0.6747059086162193
26026,LOF,0.044132132386150554,0.3299177510642216,0.6259501165496277
26027,LOF,0.06754500439761142,0.11261915150046516,0.8198358441019236
26028,GOF,0.09288174192562362,0.48770171326014694,0.4194165448142294
26029,GOF,0.056938055810901195,0.7173440475969061,0.2257178965921928
26030,Neutral,0.5979474876764262,0.06567914027396221,0.33637337204961154
26031,GOF,0.027385987814744262,0.7196245524214824,0.25298945976377335
26032,LOF,0.0682358089648958,0.15788426837924938,0.7738799226558548
26033,LOF,0.05427538166979958,0.20301638113166418,0.7427082371985363
26034,GOF,0.028338921568448194,0.6334530281132142,0.3382080503183376
26035,GOF,0.02257234431014742,0.7225199755893589,0.2549076801004938
26036,GOF,0.020892436828770015,0.6570834291511455,0.3220241340200846
26037,GOF,0.027664127565310472,0.5549169952168753,0.41741887721781423
26038,LOF,0.04783420502832378,0.15573053118663396,0.7964352637850423
26039,GOF,0.025363236033289476,0.5538871101657759,0.4207496538009346
26040,LOF,0.04122630431718148,0.16569682238858843,0.79307687329423
26041,GOF,0.035733808916975744,0.6198822410092968,0.34438395007372746
26042,GOF,0.03222227429506876,0.6258072215454136,0.34197050415951763
26043,LOF,0.03573259252002656,0.2478022233858083,0.7164651840941652
26044,LOF,0.23545464745419015,0.168807540202346,0.5957378123434639
26045,GOF,0.033659607989733144,0.7277946301754746,0.23854576183479226
26046,LOF,0.0394706815422551,0.3023332518148105,0.6581960666429344
26047,LOF,0.13982407777803077,0.12398094150879688,0.7361949807131724
26048,Neutral,0.4705354076643272,0.06399186811357459,0.4654727242220981
26049,Neutral,0.6140410755472919,0.14655396538359083,0.23940495906911727
26050,Neutral,0.6679060317391313,0.08857373713717959,0.24352023112368917
26051,LOF,0.057264907190623514,0.43250989482118657,0.5102251979881899
26052,LOF,0.10845571039841334,0.3934899752504949,0.4980543143510917
26053,Neutral,0.4828301874241821,0.05780348518572493,0.45936632739009287
26054,Neutral,0.6815007379174196,0.05964969647889497,0.2588495656036854
26055,Neutral,0.6815007379174196,0.05964969647889497,0.2588495656036854
26056,Neutral,0.6815007379174196,0.05964969647889497,0.2588495656036854
26057,LOF,0.08712399050627748,0.05351638672930951,0.859359622764413
26058,LOF,0.08980482533620418,0.04543429966557521,0.8647608749982206
26059,Neutral,0.8292768116650805,0.060725529833142146,0.10999765850177746
26060,GOF,0.052034758011763486,0.5419920986942126,0.4059731432940239
26061,LOF,0.3098901636176662,0.03505702600145167,0.6550528103808821
26062,LOF,0.38399677164035245,0.10310579516745788,0.5128974331921897
26063,LOF,0.06781760227196383,0.040565727917021094,0.8916166698110151
26064,LOF,0.37481388924980347,0.019567338647590655,0.605618772102606
26065,LOF,0.04332242049870468,0.06703591357793685,0.8896416659233586
26066,LOF,0.07479069415289963,0.07113385695118657,0.8540754488959139
26067,LOF,0.08483088358393662,0.11019220902153543,0.8049769073945279
26068,Neutral,0.6199618608923297,0.0927457308686544,0.2872924082390159
26069,Neutral,0.6070040250532033,0.08351142282867526,0.3094845521181214
26070,Neutral,0.6070040250532033,0.08351142282867526,0.3094845521181214
26071,LOF,0.058165651700522715,0.10546975044685586,0.8363645978526214
26072,LOF,0.3300380264354898,0.058781852204112715,0.6111801213603976
26073,LOF,0.05952714075124725,0.06839525885710493,0.8720776003916477
26074,Neutral,0.8171322083407019,0.05547525651544427,0.12739253514385382
26075,Neutral,0.6205642775530481,0.08350038632499591,0.29593533612195605
26076,LOF,0.055524244104032484,0.10313390008674699,0.8413418558092205
26077,Neutral,0.6666076950634209,0.02517769782329023,0.3082146071132888
26078,LOF,0.3402282047145154,0.04240526482265028,0.6173665304628343
26079,Neutral,0.6717129287911467,0.08543151108912142,0.24285556011973175
26080,Neutral,0.6717129287911467,0.08543151108912142,0.24285556011973175
26081,LOF,0.05356129326212881,0.052519494153785526,0.8939192125840857
26082,LOF,0.3559775254908132,0.07789884804862962,0.5661236264605571
26083,LOF,0.04006617579415341,0.24504370467080033,0.7148901195350463
26084,LOF,0.046381581725738134,0.13881996661669163,0.8147984516575701
26085,LOF,0.03943564411978239,0.1888832254598891,0.7716811304203285
26086,LOF,0.045741130335759064,0.17772677236120293,0.776532097303038
26087,LOF,0.05269681233407358,0.16270277711131687,0.7846004105546096
26088,LOF,0.4150726862399206,0.10963601261073894,0.47529130114934054
26089,Neutral,0.6730965257134967,0.08457336612122297,0.24233010816528033
26090,Neutral,0.6730965257134967,0.08457336612122297,0.24233010816528033
26091,LOF,0.07706825933429565,0.09212564336331759,0.8308060973023867
26092,LOF,0.050725982166404095,0.09710148262514676,0.8521725352084492
26093,LOF,0.04844348156255236,0.07006879825956178,0.8814877201778859
26094,LOF,0.08245427844185027,0.08333897491576468,0.834206746642385
26095,LOF,0.2450996752462687,0.13957452149499328,0.615325803258738
26096,Neutral,0.5834873967703356,0.01993061938740545,0.396581983842259
26097,LOF,0.3374991070739479,0.04527231432666086,0.6172285785993911
26098,Neutral,0.6734138625527063,0.05907657847655986,0.2675095589707339
26099,LOF,0.038501935516654893,0.15754249863617198,0.8039555658471732
26100,LOF,0.038501935516654893,0.15754249863617198,0.8039555658471732
26101,LOF,0.04356412943485129,0.19365833046568973,0.762777540099459
26102,LOF,0.05380116738773357,0.0759614295612941,0.8702374030509724
26103,Neutral,0.4458828260916671,0.19917339523240724,0.3549437786759257
26104,Neutral,0.710055285278158,0.09341826245703509,0.19652645226480683
26105,LOF,0.31048261513347813,0.09426337567317876,0.5952540091933431
26106,Neutral,0.4448633226689412,0.2558064000964106,0.2993302772346482
26107,LOF,0.021308491108687388,0.36683243500932183,0.6118590738819908
26108,LOF,0.3593364632368818,0.2116476888419859,0.42901584792113234
26109,Neutral,0.5418352667724613,0.18636206289891002,0.27180267032862865
26110,LOF,0.4743013510107936,0.04064431651608782,0.48505433247311863
26111,LOF,0.05403549091166537,0.30573437172144796,0.6402301373668867
26112,LOF,0.07980288424263218,0.04556176435316433,0.8746353514042035
26113,LOF,0.06304485173798893,0.0639242880771792,0.8730308601848318
26114,LOF,0.31499761495448947,0.138442238661589,0.5465601463839216
26115,GOF,0.0285769681925797,0.5487276127492376,0.4226954190581827
26116,LOF,0.10441758352898871,0.27405004449540876,0.6215323719756025
26117,Neutral,0.4458828260916671,0.19917339523240724,0.3549437786759257
26118,LOF,0.04551991293268077,0.09591451697438842,0.8585655700929308
26119,LOF,0.012655003609621015,0.2743475008258826,0.7129974955644963
26120,LOF,0.071049977751071,0.05348364904320601,0.875466373205723
26121,LOF,0.03910834379453558,0.15751249929510358,0.8033791569103609
26122,LOF,0.017295848237967593,0.24130963840662537,0.7413945133554071
