feature0,prediction,LoGoFunc_Neutral,LoGoFunc_GOF,LoGoFunc_LOF
25546,Neutral,0.6397500431858392,0.06861774162711731,0.2916322151870435
25547,Neutral,0.464793658468667,0.12356083466160574,0.4116455068697274
25548,Neutral,0.45918317431455935,0.09220408752697301,0.44861273815846753
25549,LOF,0.4066545213034564,0.09166951069246541,0.5016759680040782
25550,LOF,0.338607829181689,0.15332010882832198,0.508072061989989
25551,LOF,0.2780124959708439,0.17643692243606773,0.5455505815930884
25552,LOF,0.20348423312947272,0.16067218421085144,0.6358435826596759
25553,Neutral,0.782847750648452,0.05375860500193269,0.16339364434961534
25554,LOF,0.23437028104785493,0.1533757718612068,0.6122539470909383
25555,LOF,0.19470374450430594,0.13573245210872287,0.6695638033869712
25556,LOF,0.37690773531638244,0.12186033631473489,0.5012319283688828
25557,LOF,0.18180420630061137,0.1450196409914646,0.6731761527079241
25558,LOF,0.22546319062051964,0.1544715398741857,0.6200652695052947
25559,LOF,0.18120919517545042,0.12843187065302006,0.6903589341715296
25560,LOF,0.07375151594279669,0.13593646353944652,0.7903120205177567
25561,LOF,0.15410218802840997,0.12897318208068345,0.7169246298909066
25562,LOF,0.06727402424934106,0.08087600261194997,0.8518499731387089
25563,LOF,0.09127894722056945,0.08717073708402934,0.8215503156954013
25564,LOF,0.2207112005270535,0.1680196842714974,0.6112691152014492
25565,LOF,0.16280893150465273,0.129833014898701,0.7073580535966463
25566,GOF,0.01778464917202886,0.7633529198284427,0.2188624309995284
25567,LOF,0.02226812263778557,0.1650966660619057,0.8126352113003088
25568,LOF,0.062182290046804825,0.0742076479567279,0.8636100619964673
25569,LOF,0.058556148584342084,0.07708108740678436,0.8643627640088735
25570,LOF,0.033869654226427064,0.10556052858586974,0.8605698171877033
25571,LOF,0.03220679931800049,0.10414761441208333,0.8636455862699162
25572,LOF,0.0349710173575068,0.13238873160173883,0.8326402510407545
25573,LOF,0.028905137494102,0.10142739196045819,0.8696674705454398
25574,LOF,0.01932795173821178,0.14948963702908166,0.8311824112327065
25575,LOF,0.02617912433902554,0.11382103451117365,0.8599998411498009
25576,LOF,0.012631588619720392,0.15635456178817525,0.8310138495921044
25577,LOF,0.01119569075057007,0.13201822668457622,0.8567860825648538
25578,LOF,0.29317268588555917,0.08373649716956844,0.6230908169448723
25579,LOF,0.12749398980323476,0.09205317337130889,0.7804528368254563
25580,LOF,0.019808337394095363,0.08398495154460257,0.896206711061302
25581,LOF,0.046367986333797004,0.07610238523458573,0.8775296284316172
25582,LOF,0.046008052443026276,0.07496962941586915,0.8790223181411047
25583,LOF,0.021863860165518476,0.09517261381365716,0.8829635260208243
25584,Neutral,0.5480286768828194,0.09428905385459987,0.35768226926258057
25585,LOF,0.012816297624958523,0.14749798094522354,0.839685721429818
25586,LOF,0.019110018104951613,0.07797985171197092,0.9029101301830775
25587,LOF,0.01833875365517768,0.07435852049372216,0.9073027258511002
25588,LOF,0.018789094594505843,0.0858752927589947,0.8953356126464994
25589,Neutral,0.6413073758348797,0.12607460666165596,0.23261801750346417
25590,LOF,0.020533520190190606,0.12714409629696563,0.8523223835128437
25591,LOF,0.08326923835496607,0.06195867980205263,0.8547720818429813
25592,LOF,0.051319719769300824,0.13311577220841875,0.8155645080222805
25593,LOF,0.023660957498237843,0.2342154135797568,0.7421236289220053
25594,LOF,0.038159375035448764,0.11283632736880207,0.8490042975957492
25595,LOF,0.040735455018170566,0.08006119071487774,0.8792033542669517
25596,LOF,0.050550572520235475,0.06540790310684992,0.8840415243729147
25597,LOF,0.03648061059946479,0.0682441709744034,0.8952752184261319
25598,LOF,0.03372774338134383,0.09507182461436282,0.8712004320042934
25599,GOF,0.007740169429702861,0.5931252579005182,0.3991345726697789
25600,GOF,0.03231694706370317,0.6572033882743576,0.31047966466193916
25601,LOF,0.012131149187190144,0.46006843992975294,0.527800410883057
25602,LOF,0.013775605347983345,0.04772262323632089,0.9385017714156959
25603,LOF,0.04694861873658605,0.02112624582446274,0.9319251354389513
25604,LOF,0.016617682212337982,0.06879275691221395,0.914589560875448
25605,LOF,0.007878475102611374,0.2032052237612727,0.7889163011361159
25606,LOF,0.09550492578186104,0.32248533227752035,0.5820097419406185
25607,LOF,0.0051142501957263135,0.22802558825387864,0.766860161550395
25608,LOF,0.011548866892140559,0.1092511004959189,0.8792000326119405
25609,LOF,0.0801809472222792,0.3442892432806162,0.5755298094971046
25610,LOF,0.02082288304579575,0.025531010896071103,0.953646106058133
25611,LOF,0.019133601434273107,0.027899263834215524,0.9529671347315114
25612,LOF,0.0613904621881082,0.036943000712032076,0.9016665370998597
25613,LOF,0.05458088632388758,0.03731482944200171,0.9081042842341107
25614,LOF,0.02734930064718698,0.02895558791677732,0.9436951114360357
25615,LOF,0.017641991950610527,0.037858833462117256,0.9444991745872723
25616,LOF,0.05431285570021731,0.028889296319756598,0.916797847980026
25617,LOF,0.05086029816565549,0.03134108928815248,0.917798612546192
25618,LOF,0.06385648549592175,0.03387879481947509,0.9022647196846031
25619,LOF,0.018572208703075348,0.031766385013524516,0.9496614062834001
25620,LOF,0.06855451505237878,0.037591928062085944,0.8938535568855352
25621,LOF,0.018800385611947933,0.03595507106898123,0.9452445433190709
25622,LOF,0.022885339717822042,0.038960849206871345,0.9381538110753066
25623,LOF,0.03664272141250428,0.03253014963111092,0.9308271289563849
25624,LOF,0.023448865097207387,0.03666596291603245,0.9398851719867601
25625,LOF,0.0246268122253518,0.04774556236997202,0.9276276254046762
25626,LOF,0.05369765538631158,0.03797063749100207,0.9083317071226864
25627,Neutral,0.5952804864323936,0.10906401797246046,0.2956554955951458
25628,LOF,0.20538255964008226,0.05326465800345234,0.7413527823564655
25629,LOF,0.03860685466718059,0.06079916122753587,0.9005939841052835
25630,LOF,0.1469453345867198,0.09038622842814747,0.7626684369851326
25631,Neutral,0.6199095751135966,0.06285094718360144,0.317239477702802
25632,LOF,0.007634367409893391,0.06704126466774803,0.9253243679223585
25633,LOF,0.20522522407465707,0.04362601580973363,0.7511487601156093
25634,LOF,0.028052541626955065,0.10177322224681792,0.870174236126227
25635,LOF,0.03668195649857044,0.05051393357546927,0.9128041099259604
25636,GOF,0.005216776308999795,0.6090443640551852,0.38573885963581483
25637,GOF,0.007243441201789485,0.5976174612999545,0.39513909749825593
25638,LOF,0.010517538779760272,0.32017504917725026,0.6693074120429895
25639,LOF,0.005193955003908343,0.45582369534454165,0.5389823496515499
25640,GOF,0.4425436102630905,0.4780374404441976,0.07941894929271194
25641,LOF,0.014381452433667431,0.30522565145651076,0.6803928961098218
25642,LOF,0.23632618780284373,0.0577309974656567,0.7059428147314996
25643,LOF,0.1316764205708645,0.15880833001989456,0.7095152494092409
25644,LOF,0.00911210789460941,0.42547152339039157,0.565416368714999
25645,LOF,0.0073471373930387406,0.40724685886336515,0.5854060037435961
25646,LOF,0.013654079742693524,0.29990771932112076,0.6864382009361858
25647,LOF,0.010000896804379366,0.2581732213950635,0.7318258818005572
25648,LOF,0.009273957060436152,0.24156974009987828,0.7491563028396855
25649,LOF,0.007735897560531975,0.19926749384982118,0.7929966085896468
25650,LOF,0.014239832190902036,0.38669998562373425,0.5990601821853637
25651,LOF,0.005747691814397843,0.2551881645717982,0.739064143613804
25652,LOF,0.009140448021692569,0.2446191369981838,0.7462404149801236
25653,LOF,0.02600229485675114,0.3662470500887326,0.6077506550545163
25654,LOF,0.010324679710023633,0.14398046881979534,0.845694851470181
25655,LOF,0.04862237198941041,0.406461322726922,0.5449163052836675
25656,LOF,0.2013016342858611,0.052072438375046576,0.7466259273390923
25657,LOF,0.25406930321930177,0.03177004651183577,0.7141606502688624
25658,LOF,0.08604705965534155,0.07875395346666472,0.8351989868779938
25659,LOF,0.44699185318571844,0.06721570505358952,0.4857924417606919
25660,LOF,0.027269603285044675,0.10130454918642812,0.8714258475285273
25661,LOF,0.09290510536582547,0.06829142999589206,0.8388034646382826
25662,LOF,0.030043757034501833,0.04594911753458608,0.9240071254309121
25663,LOF,0.03869812524659182,0.06828973981321795,0.8930121349401903
25664,LOF,0.04846973911886616,0.08724850834387658,0.8642817525372574
25665,LOF,0.052088292211762366,0.036304280021581946,0.9116074277666557
25666,LOF,0.03780209212098702,0.11327631713204751,0.8489215907469654
25667,LOF,0.06089264721702658,0.05058322021262722,0.8885241325703461
25668,LOF,0.03428150334153779,0.05402342573558188,0.9116950709228803
25669,LOF,0.03074378236252649,0.07477828980527709,0.8944779278321964
25670,LOF,0.05538825302043268,0.06577848377259239,0.8788332632069749
25671,LOF,0.08992671659688725,0.04551662079850556,0.8645566626046073
25672,LOF,0.056005647365169504,0.04550092896481291,0.8984934236700176
25673,LOF,0.024789982555792046,0.06353723192128292,0.9116727855229251
25674,LOF,0.021380195419303583,0.07629707110894762,0.9023227334717487
25675,LOF,0.03475201818924468,0.06612736720065211,0.8991206146101032
25676,LOF,0.01808744525836015,0.06162524508457831,0.9202873096570615
25677,LOF,0.02746475021904369,0.07168975324489171,0.9008454965360646
25678,LOF,0.19355272344337152,0.06338462614421311,0.7430626504124154
25679,LOF,0.1527865826536836,0.08412020303278665,0.7630932143135297
25680,LOF,0.041796719654320795,0.1151211376129559,0.8430821427327233
25681,LOF,0.07146828514829501,0.10389329112177481,0.8246384237299302
25682,LOF,0.13204641633377703,0.07877705038010692,0.7891765332861161
25683,LOF,0.0785339623335629,0.11919937039165679,0.8022666672747804
25684,LOF,0.04211033021223141,0.07945312534260975,0.878436544445159
25685,LOF,0.07740195582698413,0.053537074829686226,0.8690609693433297
25686,LOF,0.02565320815926934,0.08294446636232596,0.8914023254784047
25687,LOF,0.048435705038070556,0.07259827546256079,0.8789660194993687
25688,LOF,0.053031828764167684,0.06334854887784991,0.8836196223579823
25689,LOF,0.028220448157410608,0.07084413664068671,0.9009354152019028
25690,LOF,0.0380618732002719,0.060692247248885674,0.9012458795508423
25691,LOF,0.24047545294569095,0.07985253270662263,0.6796720143476864
25692,LOF,0.2681502540062661,0.007719893858842331,0.7241298521348916
25693,LOF,0.07853233001497376,0.26011779420388054,0.6613498757811458
25694,LOF,0.24250693585973498,0.0140583756232852,0.7434346885169798
25695,LOF,0.14226407728718918,0.02301672575637949,0.8347191969564314
25696,LOF,0.10446457119980072,0.013140910816809834,0.8823945179833895
25697,LOF,0.08756235038876745,0.024873460691853137,0.8875641889193795
25698,LOF,0.05299689397783437,0.4558003713949024,0.4912027346272632
25699,LOF,0.06381126565092342,0.10707079051212505,0.8291179438369516
25700,LOF,0.05572943391896594,0.010400244453604006,0.9338703216274301
25701,LOF,0.015864530649479108,0.08050784615178466,0.9036276231987362
25702,GOF,0.03895852856309709,0.6808544935379186,0.2801869778989843
25703,LOF,0.008294318784894731,0.17967667430616419,0.812029006908941
25704,LOF,0.052692222047923794,0.14280384318265912,0.8045039347694171
25705,LOF,0.06862200757077927,0.2636810248641235,0.6676969675650972
25706,GOF,0.024218104045656885,0.5130573721685441,0.46272452378579904
25707,LOF,0.017526919716676862,0.44140512006333654,0.5410679602199866
25708,LOF,0.007392546264346189,0.4221824517232224,0.5704250020124314
25709,LOF,0.05388215632095969,0.06366737928849009,0.8824504643905502
25710,LOF,0.005406780133580864,0.16406788534635144,0.8305253345200676
25711,LOF,0.016748800863632153,0.1327330780489419,0.8505181210874261
25712,LOF,0.006913819076856862,0.2126728151460698,0.7804133657770732
25713,LOF,0.01767986942177945,0.11746796691552323,0.8648521636626973
25714,LOF,0.05722576333884302,0.14223756203900953,0.8005366746221475
25715,LOF,0.011202408506831768,0.1575253758676401,0.8312722156255282
25716,LOF,0.005857494506486318,0.12259940000077524,0.8715431054927384
25717,LOF,0.005969199629894851,0.10298595976819522,0.8910448406019099
25718,LOF,0.012040686013749578,0.10294252503081588,0.8850167889554345
25719,LOF,0.017813419743476906,0.1156457080659606,0.8665408721905625
25720,LOF,0.020180889344116038,0.09934249301237666,0.8804766176435074
25721,LOF,0.015438739635837428,0.12238931897898819,0.8621719413851744
25722,LOF,0.013754646686839577,0.15067107654333514,0.8355742767698253
25723,LOF,0.01887961767377469,0.08630613544585714,0.8948142468803681
25724,LOF,0.016655104494535854,0.12883846041339392,0.8545064350920701
25725,LOF,0.010963938226022183,0.08980995341026535,0.8992261083637125
25726,LOF,0.014147417026217107,0.13119348025012528,0.8546591027236576
25727,LOF,0.012209974297775454,0.09942300363384048,0.8883670220683841
25728,LOF,0.010156680526773404,0.12931820835044763,0.860525111122779
25729,LOF,0.010513729015417916,0.13481038447539062,0.8546758865091916
25730,LOF,0.015355787203464987,0.10901736000068991,0.8756268527958452
25731,LOF,0.007684543891023622,0.1434512296270789,0.8488642264818974
25732,LOF,0.015313068780014339,0.10184580111552811,0.8828411301044575
25733,LOF,0.015497114494827232,0.09190495201310081,0.892597933492072
25734,LOF,0.005365311058819464,0.1442422368970188,0.8503924520441618
25735,LOF,0.0134367778197547,0.08613168821772185,0.9004315339625234
25736,LOF,0.01409258223989891,0.11933660931968552,0.8665708084404156
25737,LOF,0.019064793428612004,0.09773803262109762,0.8831971739502904
25738,LOF,0.012797384669613165,0.15248647593935344,0.8347161393910333
25739,LOF,0.019127570705627865,0.12756351195517848,0.8533089173391937
25740,LOF,0.029129969043188545,0.13415599434108666,0.8367140366157249
25741,LOF,0.014338434366997043,0.12293695713238847,0.8627246085006144
25742,LOF,0.08694670105420622,0.124775122954266,0.7882781759915278
25743,LOF,0.014723238566323925,0.027513665812255617,0.9577630956214204
25744,LOF,0.2233277932437065,0.2828895577685703,0.49378264898772334
25745,LOF,0.026899944530962717,0.037287617072762805,0.9358124383962745
25746,LOF,0.017258498585248288,0.044361288617210524,0.9383802127975412
25747,LOF,0.028447271228880508,0.02411168464396468,0.9474410441271548
25748,LOF,0.12087816048772686,0.03880053760527862,0.8403213019069946
25749,LOF,0.016219308500718385,0.03391398966827453,0.949866701831007
25750,LOF,0.036302151611488635,0.04907112900790827,0.9146267193806031
25751,LOF,0.11180401772196598,0.04469151136053107,0.843504470917503
25752,GOF,0.1111829282019088,0.6097651197619257,0.2790519520361655
25753,LOF,0.007124040920565091,0.33313974673672586,0.6597362123427091
25754,GOF,0.00472269832789844,0.7873209715372144,0.20795633013488715
25755,LOF,0.008774935372287972,0.4138917599710849,0.5773333046566271
25756,LOF,0.040857526762163324,0.4288887282125953,0.5302537450252415
25757,GOF,0.005802957422330413,0.8472440069820847,0.14695303559558487
25758,GOF,0.006926762813916935,0.8577154500997693,0.1353577870863136
25759,GOF,0.004213772462165467,0.5461833891083148,0.44960283842951976
25760,LOF,0.004842367426309697,0.28441387250432415,0.7107437600693661
25761,GOF,0.05102928736670261,0.8211801651735214,0.1277905474597759
25762,LOF,0.029304470043335123,0.31666798396436313,0.6540275459923017
25763,LOF,0.006182875267022723,0.2229656936835112,0.770851431049466
25764,GOF,0.17102099048250222,0.4978967533796149,0.3310822561378828
25765,GOF,0.011695949046895507,0.7869884576428113,0.2013155933102931
25766,GOF,0.019092430117231135,0.8157160994725011,0.16519147041026774
25767,LOF,0.021296692220934818,0.47937686884395664,0.4993264389351087
25768,LOF,0.07529612806369758,0.07136404294092477,0.8533398289953777
25769,LOF,0.08704988848020426,0.050688473322004206,0.8622616381977916
25770,LOF,0.33284415932544614,0.06320083754673585,0.6039550031278179
25771,LOF,0.014355648237761991,0.04609855329573988,0.9395457984664982
25772,LOF,0.01988134356853523,0.025241657320319445,0.9548769991111453
25773,LOF,0.011631873114961673,0.10930336486462362,0.8790647620204147
25774,LOF,0.023748379215052344,0.06562257421537719,0.9106290465695704
25775,LOF,0.015440962469475454,0.040894511937552294,0.9436645255929722
25776,LOF,0.08234406868007832,0.020417905558158065,0.8972380257617636
25777,LOF,0.2866369573086891,0.04207543083369888,0.6712876118576121
25778,LOF,0.06990932368825274,0.03740659834203513,0.892684077969712
25779,GOF,0.06987475189591179,0.8638669233033984,0.0662583248006898
25780,GOF,0.06390671850828221,0.8384122535357496,0.09768102795596835
25781,GOF,0.028944105368370873,0.8288566939813753,0.1421992006502539
25782,GOF,0.03673839813924053,0.8594838755708698,0.10377772628988953
25783,GOF,0.012149140334318083,0.6438754294930424,0.34397543017263954
25784,GOF,0.12760566398981968,0.8111861429374182,0.06120819307276201
25785,GOF,0.07952154371063407,0.8641768720610361,0.056301584228329926
25786,GOF,0.00575798908992598,0.7826516024701793,0.2115904084398948
25787,GOF,0.21550514203966317,0.7327726331892856,0.0517222247710511
25788,LOF,0.047741479833912415,0.11200691324620095,0.8402516069198867
25789,GOF,0.042096344868655086,0.7982818694148586,0.15962178571648644
25790,GOF,0.040069921352390875,0.8191159794003272,0.140814099247282
25791,GOF,0.028335628342774737,0.7675789872845469,0.2040853843726785
25792,GOF,0.04621053714254624,0.7684425023019997,0.18534696055545402
25793,GOF,0.07373389791661158,0.7182315125400354,0.20803458954335313
25794,GOF,0.10915387365305866,0.6718245656944875,0.219021560652454
25795,GOF,0.0263411527965215,0.7409612392072453,0.2326976079962332
25796,GOF,0.14012101751071593,0.7332338761970051,0.12664510629227904
25797,GOF,0.037305421677984646,0.5840337098795675,0.3786608684424479
25798,GOF,0.0034061043049508286,0.5211246038578541,0.4754692918371951
25799,LOF,0.0030926924660038394,0.41831379455545453,0.5785935129785416
25800,GOF,0.010334370537379216,0.6125274329148724,0.3771381965477483
25801,GOF,0.027596651808971636,0.8154565861151986,0.15694676207582994
25802,GOF,0.016636340049167333,0.6978250696460957,0.2855385903047371
25803,GOF,0.010008065425033614,0.5851253317808756,0.4048666027940908
25804,LOF,0.011418122941907393,0.4775222557522326,0.5110596213058599
25805,GOF,0.02146117960459534,0.5977934839377195,0.38074533645768527
25806,GOF,0.018625726207396623,0.6250796724785438,0.35629460131405954
25807,GOF,0.005291881639322019,0.6407303120758893,0.3539778062847887
25808,GOF,0.01532255137219381,0.6345615425590333,0.35011590606877285
25809,GOF,0.006023273893699053,0.6039168660157311,0.39005986009056987
25810,GOF,0.005070963853891877,0.6179792293420628,0.3769498068040453
25811,GOF,0.09739017563620517,0.7777857357161658,0.12482408864762892
25812,GOF,0.012850943384901335,0.6325887628162897,0.35456029379880893
25813,GOF,0.1173956642418154,0.7267806341274455,0.15582370163073897
25814,GOF,0.03083859917344348,0.6985110175667593,0.2706503832597972
25815,GOF,0.05098240843395679,0.7030755199886187,0.24594207157742443
25816,GOF,0.007516887999043339,0.7519232565703508,0.24055985543060587
25817,GOF,0.08085182954925788,0.7578073887064795,0.16134078174426264
25818,GOF,0.018617859725945294,0.6899038972635594,0.29147824301049535
25819,GOF,0.08404370603886774,0.7137923078946232,0.20216398606650904
25820,GOF,0.035824841519705504,0.7080926119081132,0.2560825465721813
25821,GOF,0.017598579607558052,0.7024173709664857,0.2799840494259562
25822,GOF,0.040791970047891195,0.7023345908498392,0.2568734391022696
25823,GOF,0.011581106418076977,0.537259039078646,0.45115985450327706
25824,GOF,0.02122159113045167,0.6432612999170271,0.33551710895252135
25825,GOF,0.012319555577935418,0.6307922680155191,0.35688817640654535
25826,GOF,0.004845207319712742,0.6011905513598671,0.3939642413204202
25827,GOF,0.00892132152204822,0.6184394018231043,0.3726392766548475
25828,GOF,0.005437917266135372,0.544399845255304,0.4501622374785606
25829,GOF,0.0026946833838271456,0.5796132213760672,0.4176920952401056
25830,LOF,0.04030625393004545,0.36115467846345206,0.5985390676065024
25831,GOF,0.03796010040031706,0.8333851870282235,0.12865471257145952
25832,GOF,0.007892107702511395,0.7600668635455575,0.2320410287519311
25833,GOF,0.026896535131355013,0.8148467892458775,0.15825667562276752
25834,GOF,0.008110638690184309,0.7682325284134595,0.22365683289635632
25835,GOF,0.016638680509705517,0.8254214362533197,0.15793988323697494
25836,GOF,0.006892485555703032,0.7563087153513757,0.23679879909292115
25837,GOF,0.006256977716702637,0.6664594898920317,0.3272835323912655
25838,GOF,0.01978365511696093,0.8400059460053704,0.14021039887766865
25839,GOF,0.055182370954272746,0.7951736593595353,0.14964396968619187
25840,GOF,0.042126584468955994,0.821983909215278,0.135889506315766
25841,GOF,0.04121280994107572,0.8350843344282831,0.12370285563064125
25842,GOF,0.027164306713404997,0.8637348249074569,0.10910086837913822
25843,GOF,0.028587466222878985,0.883496421346086,0.087916112431035
25844,GOF,0.016203999164027316,0.7912216654258121,0.19257433541016047
25845,GOF,0.005158302072015209,0.574879265072139,0.41996243285584567
25846,GOF,0.029029691975549526,0.8449104832882438,0.12605982473620653
25847,GOF,0.020071032219184826,0.8836327237501032,0.09629624403071198
25848,GOF,0.014264771337273508,0.7790650956579884,0.20667013300473802
25849,GOF,0.004704464261232224,0.6642821308906224,0.3310134048481455
25850,GOF,0.00704382789874587,0.7009734669463534,0.29198270515490077
25851,GOF,0.006399622792218224,0.5765769151304581,0.4170234620773238
25852,GOF,0.16148651101150424,0.5309560814602098,0.307557407528286
25853,GOF,0.07352118989887901,0.8183075069299053,0.10817130317121577
25854,GOF,0.009021441251604947,0.627041543955057,0.363937014793338
25855,GOF,0.01377060261908495,0.5793192847757048,0.40691011260521015
25856,GOF,0.03763842921152918,0.6920895162720724,0.27027205451639846
25857,GOF,0.013970921221316834,0.5315027990949607,0.45452627968372245
25858,GOF,0.007819096739866858,0.5403172483170662,0.45186365494306696
25859,GOF,0.0050918224563239346,0.528956187766407,0.4659519897772691
25860,GOF,0.07346674846565598,0.782803736466822,0.1437295150675219
25861,GOF,0.12755046421652963,0.7739595081770035,0.09849002760646677
25862,GOF,0.019224607939333022,0.8384456551177358,0.14232973694293113
25863,GOF,0.01844772347807465,0.8493998619231328,0.13215241459879243
25864,GOF,0.042730386036217816,0.8735068495096879,0.0837627644540944
25865,GOF,0.031075592505920856,0.844987807410679,0.1239366000834002
25866,GOF,0.021738619303961655,0.8233043913287907,0.15495698936724753
25867,GOF,0.02470407294626118,0.8651785394704377,0.11011738758330127
25868,GOF,0.05267912250262573,0.7924750923114662,0.154845785185908
25869,GOF,0.33310159504233755,0.5690419696251536,0.09785643533250883
25870,GOF,0.1961179210016569,0.5000746562448628,0.3038074227534803
25871,GOF,0.028376493457871133,0.8352903118497818,0.13633319469234711
25872,GOF,0.0161419460660229,0.7623163172146193,0.2215417367193578
25873,GOF,0.017393292964304172,0.8373028675523848,0.14530383948331102
25874,LOF,0.017405551785940825,0.11922447191142967,0.8633699763026295
25875,LOF,0.02429468120472732,0.03314242381260283,0.9425628949826698
25876,LOF,0.01587120527257243,0.03114240522230921,0.9529863895051184
25877,LOF,0.1171353003609052,0.055056760578947025,0.8278079390601477
25878,LOF,0.04415933349346903,0.07890454500879147,0.8769361214977395
25879,LOF,0.02204299420893199,0.060278079457076535,0.9176789263339915
25880,LOF,0.042148289360335565,0.010564984408727572,0.9472867262309369
25881,Neutral,0.5554830236917835,0.04925005596369582,0.39526692034452066
25882,LOF,0.0212665571711822,0.03279416289571855,0.9459392799330993
25883,LOF,0.0647172098813215,0.023733207750918157,0.9115495823677603
25884,LOF,0.010934797423775686,0.03762725202477278,0.9514379505514515
25885,LOF,0.17054917319576643,0.007375349616230338,0.8220754771880032
25886,LOF,0.26845560765842313,0.0477272195730953,0.6838171727684815
25887,LOF,0.1439705926831254,0.05749055351028827,0.7985388538065863
25888,LOF,0.01215631322746723,0.10149436407956326,0.8863493226929696
25889,LOF,0.013156376652881292,0.030089384840908215,0.9567542385062104
25890,LOF,0.11284038895505952,0.07946884406453501,0.8076907669804055
25891,LOF,0.042928854636872925,0.03538220936779131,0.9216889359953357
25892,LOF,0.011080069630989082,0.04500933228856624,0.9439105980804446
25893,LOF,0.4029833603590799,0.01416629037735447,0.5828503492635656
25894,LOF,0.4123143172709592,0.0072844496987484655,0.5804012330302925
25895,LOF,0.3386562646946138,0.016389369512580285,0.644954365792806
25896,LOF,0.04433407363642525,0.029178792597528456,0.9264871337660463
25897,LOF,0.20430077270551475,0.01367355672391985,0.7820256705705653
25898,LOF,0.20029178909679388,0.03681739345773021,0.7628908174454758
25899,LOF,0.17784609255441192,0.028134256311957057,0.7940196511336309
25900,LOF,0.47105682405183047,0.013621354349381498,0.515321821598788
25901,LOF,0.051852614625961135,0.012006789559140514,0.9361405958148985
25902,LOF,0.09401478457759532,0.01717173301583367,0.888813482406571
25903,LOF,0.4073528118917777,0.03412916597874587,0.5585180221294765
25904,LOF,0.2984476849479347,0.04633024180674752,0.6552220732453178
25905,LOF,0.0062035159922577965,0.4165056839885198,0.5772908000192224
25906,LOF,0.008421852637366025,0.12207783320284428,0.8695003141597897
25907,LOF,0.00406406372643463,0.38595132407280847,0.609984612200757
25908,LOF,0.0035389096799945887,0.2736755302594329,0.7227855600605725
25909,LOF,0.013520465004491512,0.16418834194722504,0.8222911930482835
25910,LOF,0.015525468381395843,0.14279082783870495,0.8416837037798993
25911,LOF,0.1864416496540462,0.030027707847097854,0.783530642498856
25912,LOF,0.07173481177455614,0.04102781120746586,0.8872373770179781
25913,LOF,0.07775188740331775,0.04431482503800477,0.8779332875586775
25914,LOF,0.021934455413321268,0.05969839211236028,0.9183671524743185
25915,LOF,0.169783735387181,0.2839239777871468,0.5462922868256722
25916,LOF,0.019987877167944135,0.18214811537756978,0.797864007454486
25917,LOF,0.053321013505756513,0.041433245890638716,0.9052457406036049
25918,LOF,0.026829314370631734,0.033919457249526,0.9392512283798422
25919,LOF,0.023318048687725048,0.03368483722648009,0.942997114085795
25920,LOF,0.11413357025569838,0.2146001283761978,0.6712663013681037
25921,LOF,0.010098852233356836,0.038942070032903224,0.95095907773374
25922,LOF,0.012827786773755633,0.031268394004140165,0.9559038192221041
25923,Neutral,0.511256155402915,0.04156877022742886,0.44717507436965614
25924,LOF,0.016610248288257662,0.04484136229866982,0.9385483894130726
25925,LOF,0.0789203357805777,0.05042090489378234,0.87065875932564
25926,LOF,0.05728355480152972,0.044281240150596805,0.8984352050478736
25927,LOF,0.019670584413118145,0.06900164405506856,0.9113277715318132
25928,LOF,0.007415817352586374,0.0517656178752201,0.9408185647721934
25929,Neutral,0.6196152148128283,0.044757405950391675,0.3356273792367799
25930,LOF,0.0662417440793237,0.036132612163979526,0.8976256437566968
25931,LOF,0.009462111236932502,0.03637025030823904,0.9541676384548285
25932,LOF,0.031585886613792365,0.02987449362322117,0.9385396197629865
25933,LOF,0.03938162032888106,0.020171173511942298,0.9404472061591767
25934,LOF,0.02673933499280655,0.020628470041777813,0.9526321949654156
25935,LOF,0.07215582650658799,0.05558670812636047,0.8722574653670515
25936,LOF,0.044250677676208876,0.025537774265382365,0.9302115480584087
25937,LOF,0.00943883988693803,0.04137159887505192,0.9491895612380101
25938,LOF,0.06863995867617993,0.06450376210767372,0.8668562792161463
25939,LOF,0.03732315825509384,0.026115750608259942,0.9365610911366461
25940,LOF,0.008850051250319997,0.30614847716190696,0.685001471587773
25941,Neutral,0.5052079763801542,0.033144268233883556,0.46164775538596226
25942,LOF,0.00497378651334391,0.03992203249059487,0.9551041809960612
25943,LOF,0.037098222139107885,0.14970201705289446,0.8131997608079977
25944,LOF,0.12099369262027505,0.08932495079321191,0.7896813565865131
25945,LOF,0.05703103876191645,0.020145758019127064,0.9228232032189565
25946,LOF,0.07009486830358669,0.059809527511571474,0.8700956041848419
25947,LOF,0.4506996743842897,0.07694795867374164,0.47235236694196875
25948,LOF,0.3025753206770411,0.009349737632223453,0.6880749416907355
25949,LOF,0.08786997573766957,0.048103314898718476,0.864026709363612
25950,GOF,0.0348899795353525,0.5934404398175238,0.37166958064712385
25951,LOF,0.014587252369082523,0.4399676545514019,0.5454450930795155
25952,LOF,0.2505482777462526,0.31823138895007586,0.4312203333036715
25953,LOF,0.013591897958003515,0.2000718460131814,0.7863362560288151
25954,LOF,0.05158665644338559,0.4698842419115373,0.47852910164507717
25955,LOF,0.00971342986900878,0.18479767240123635,0.805488897729755
25956,LOF,0.026972580547426687,0.2919974472422009,0.6810299722103724
25957,LOF,0.14649828315804356,0.027397635122566443,0.8261040817193901
25958,LOF,0.05101142602906086,0.028398773632647832,0.9205898003382913
25959,LOF,0.013010577665324376,0.4552391764484112,0.5317502458862644
25960,LOF,0.0060408205297438995,0.051766553120651336,0.9421926263496049
25961,LOF,0.03910739134885187,0.027274842462491986,0.9336177661886561
25962,LOF,0.031260672459518066,0.08455450392149363,0.8841848236189883
25963,LOF,0.005471027872105237,0.23499008420400133,0.7595388879238933
25964,LOF,0.033206409369054966,0.10244902308249046,0.8643445675484546
25965,LOF,0.33907776069538687,0.13027676583816408,0.5306454734664491
25966,Neutral,0.5100514526512521,0.14556119824750124,0.3443873491012467
25967,LOF,0.00661854248268455,0.0935885179971399,0.8997929395201756
25968,LOF,0.052429553774702244,0.23148765001534058,0.7160827962099571
25969,LOF,0.12949737906745626,0.06509517194821511,0.8054074489843286
25970,LOF,0.019058312559672778,0.10289370205006924,0.8780479853902581
25971,LOF,0.0674470530481808,0.03188007392454331,0.9006728730272758
25972,LOF,0.0650520404294655,0.041577524661254375,0.89337043490928
25973,LOF,0.05353284577408297,0.011576196254109192,0.9348909579718078
25974,LOF,0.03525578151685474,0.04062934933933625,0.924114869143809
25975,LOF,0.04550346071345844,0.022436251011853318,0.9320602882746883
25976,LOF,0.08823374659428611,0.01211612847402841,0.8996501249316856
25977,LOF,0.18281924456489085,0.056759528948114216,0.760421226486995
25978,LOF,0.1395755482621668,0.13599634925917176,0.7244281024786615
25979,LOF,0.12640695860063492,0.1403002604904796,0.7332927809088855
25980,LOF,0.23330895403724103,0.15114730937256127,0.6155437365901977
25981,LOF,0.26100401135225637,0.14936171731642506,0.5896342713313186
25982,LOF,0.38838974000427273,0.11695500139039379,0.49465525860533355
25983,LOF,0.3820770346043322,0.1198225344363657,0.4981004309593021
25984,LOF,0.04354036342085966,0.062249640677147645,0.8942099959019927
25985,LOF,0.41747579074284386,0.12241919290726845,0.4601050163498876
25986,LOF,0.010752359738389432,0.40304551728837806,0.5862021229732325
25987,LOF,0.030843629920418923,0.09080961863546487,0.8783467514441162
25988,LOF,0.16369343726853275,0.10066726786000783,0.7356392948714594
25989,LOF,0.03656070012007051,0.13990074181726586,0.8235385580626636
25990,LOF,0.038035541694039006,0.21489035860026928,0.7470740997056918
25991,LOF,0.017259147627779758,0.35780572754266704,0.6249351248295532
25992,LOF,0.02059779564437681,0.36175741751688256,0.6176447868387407
25993,LOF,0.021525916075801205,0.09909993908381447,0.8793741448403842
25994,LOF,0.015521083201049984,0.09431795758026736,0.8901609592186827
25995,LOF,0.020133695498377048,0.18522226246318663,0.7946440420384363
25996,Neutral,0.36795108797666487,0.28653523300841915,0.3455136790149159
25997,LOF,0.07351954729990516,0.3648417010978547,0.5616387516022402
25998,LOF,0.29323161575537865,0.04863957154454232,0.658128812700079
25999,LOF,0.01785459723771467,0.22307243003531962,0.7590729727269656
26000,LOF,0.14948125402974696,0.028332520932532017,0.822186225037721
26001,LOF,0.3119515184000511,0.024047817734543703,0.6640006638654051
26002,LOF,0.06781778567485366,0.0445169406222751,0.8876652737028712
26003,GOF,0.003828484465342134,0.6293572132192898,0.36681430231536805
26004,GOF,0.0059857973493325336,0.7120152870330585,0.28199891561760904
26005,GOF,0.0029389139055911134,0.5001551150584126,0.49690597103599626
26006,GOF,0.07226770116689221,0.5701063124157155,0.3576259864173923
26007,GOF,0.00588246650291408,0.5647907009896693,0.4293268325074166
26008,GOF,0.005685006882470206,0.6531333141473149,0.3411816789702148
26009,GOF,0.006361144634815057,0.6908525129265638,0.302786342438621
26010,GOF,0.007753352322405857,0.6825318856489508,0.3097147620286433
26011,LOF,0.0027403410070176676,0.4949447846255906,0.5023148743673918
26012,GOF,0.004029103244993891,0.5721682331401182,0.42380266361488794
26013,GOF,0.0058026136326861134,0.6457844076878916,0.3484129786794223
26014,LOF,0.04471899854502228,0.10559724578357468,0.849683755671403
26015,LOF,0.1421022238003005,0.023185511184431146,0.8347122650152684
26016,LOF,0.3124188396004808,0.04404050833587842,0.6435406520636408
26017,LOF,0.026950097469273647,0.21093160089421487,0.7621183016365115
26018,LOF,0.07357006466497958,0.043702462322636186,0.8827274730123843
26019,LOF,0.07020524825499261,0.03657014636494491,0.8932246053800625
26020,LOF,0.008264444725156963,0.22073304769687627,0.7710025075779668
26021,LOF,0.06848315368410815,0.07816807409864873,0.853348772217243
26022,LOF,0.027703545045292186,0.027531146669240544,0.9447653082854673
26023,LOF,0.04595418842998688,0.02595663319556724,0.9280891783744459
26024,LOF,0.04476498147540754,0.08234332746846863,0.8728916910561237
26025,LOF,0.05972304986133243,0.08141327144036725,0.8588636786983004
26026,LOF,0.1301441376027381,0.06019489908512195,0.8096609633121399
26027,LOF,0.055820833698423764,0.02104503066819089,0.9231341356333853
26028,LOF,0.08381463868432092,0.1184694568676823,0.7977159044479967
26029,LOF,0.028991608435272574,0.1922006496520766,0.7788077419126508
26030,LOF,0.13988368231305792,0.02773664675696186,0.8323796709299802
26031,LOF,0.014118495574713105,0.14923661624232684,0.83664488818296
26032,LOF,0.08232645780766291,0.06748086004748056,0.8501926821448567
26033,LOF,0.08077664980907899,0.060755289614973645,0.8584680605759474
26034,LOF,0.015893205762278352,0.1692239151684654,0.8148828790692563
26035,LOF,0.014342950719651283,0.13258832730992434,0.8530687219704244
26036,LOF,0.01836183045315857,0.17044511325718506,0.8111930562896564
26037,LOF,0.011899816620646878,0.1133139248484527,0.8747862585309005
26038,LOF,0.06885476738468405,0.05987496346543829,0.8712702691498777
26039,LOF,0.0265910090004397,0.16162325303551806,0.8117857379640422
26040,LOF,0.1106526449371849,0.15448402805241884,0.7348633270103963
26041,LOF,0.0134962984589852,0.09975379399247235,0.8867499075485425
26042,LOF,0.012623374111233411,0.10617653361966845,0.8812000922690981
26043,LOF,0.06810022414905713,0.0817324055731513,0.8501673702777917
26044,LOF,0.014351769219137939,0.06524638208003485,0.9204018487008272
26045,LOF,0.05013926234121058,0.10681901345461584,0.8430417242041736
26046,LOF,0.061107225906319354,0.0631826533159371,0.8757101207777436
26047,LOF,0.10567769616486443,0.06539798699038042,0.8289243168447552
26048,LOF,0.04463383223779556,0.04411479267507364,0.9112513750871307
26049,Neutral,0.9692487410461307,0.0061747567028940745,0.02457650225097531
26050,Neutral,0.957085052854906,0.00790040254008086,0.03501454460501327
26051,LOF,0.015106041492030532,0.16875123071187348,0.8161427277960959
26052,LOF,0.02307374250901264,0.2123631613394499,0.7645630961515375
26053,LOF,0.02404159888498101,0.14600770800967988,0.8299506931053391
26054,LOF,0.050983340064391175,0.016092604234799437,0.9329240557008095
26055,LOF,0.06437383916442699,0.015055082999017075,0.9205710778365559
26056,LOF,0.05376881151015806,0.018743690775463007,0.9274874977143789
26057,LOF,0.03193053340638035,0.01129729318660556,0.956772173407014
26058,LOF,0.032674655340100715,0.009932894990253197,0.957392449669646
26059,LOF,0.2923289676932098,0.01675727174256025,0.6909137605642299
26060,LOF,0.008924271688672826,0.1307224701697738,0.8603532581415534
26061,LOF,0.005000005686207067,0.012875101217015825,0.9821248930967771
26062,LOF,0.004039419695200789,0.016370166663587014,0.9795904136412122
26063,LOF,0.022276875474864954,0.00940931934721481,0.9683138051779203
26064,LOF,0.007042853513734306,0.01990660085288354,0.9730505456333821
26065,LOF,0.023176387220560143,0.01053290187852112,0.9662907109009188
26066,LOF,0.021813812814540867,0.009895095957834199,0.968291091227625
26067,LOF,0.02954354462087719,0.008100842747108577,0.9623556126320142
26068,LOF,0.04425517959781581,0.026554638311144376,0.9291901820910398
26069,LOF,0.2648294517408947,0.016202844892689087,0.7189677033664162
26070,LOF,0.428776588642483,0.011165326118537617,0.5600580852389793
26071,LOF,0.020547047213647297,0.009813927432526586,0.9696390253538262
26072,LOF,0.005471375625511934,0.01863059013631268,0.9758980342381754
26073,LOF,0.01816670170453933,0.012788096529990217,0.9690452017654705
26074,Neutral,0.9028509753187018,0.0054334110850320005,0.09171561359626622
26075,LOF,0.04186007043652878,0.015226744651058213,0.9429131849124129
26076,LOF,0.03853355085856727,0.008692224254960036,0.9527742248864727
26077,LOF,0.10814117695119625,0.007039228047952796,0.8848195950008511
26078,LOF,0.005550182761079362,0.01261573238849932,0.9818340848504213
26079,LOF,0.05678312104658222,0.016342959383271898,0.926873919570146
26080,LOF,0.05481531534415311,0.016442261905179414,0.9287424227506673
26081,LOF,0.029045417287949047,0.006924192482366025,0.9640303902296851
26082,LOF,0.004428223899328852,0.014290190984393578,0.9812815851162776
26083,LOF,0.13660607977459951,0.014501028515271311,0.8488928917101292
26084,LOF,0.03571206726678564,0.012084458509248521,0.9522034742239658
26085,LOF,0.03157353010763204,0.010811059740296666,0.9576154101520713
26086,LOF,0.020156545629041737,0.010708645910708,0.9691348084602504
26087,LOF,0.020886663485673355,0.009167494381959287,0.9699458421323675
26088,LOF,0.005629858523941862,0.020317322505238825,0.9740528189708194
26089,LOF,0.03989133496428284,0.02067623007436384,0.9394324349613533
26090,LOF,0.03956232940072106,0.017006513149868376,0.9434311574494105
26091,LOF,0.02951655464598547,0.006455483622483714,0.9640279617315308
26092,LOF,0.020327998945152526,0.007548605377051621,0.9721233956777959
26093,LOF,0.037174118155342564,0.006022017095884381,0.956803864748773
26094,LOF,0.029288995380141757,0.006257134823397528,0.9644538697964606
26095,LOF,0.0157952271337845,0.01688637486777265,0.9673183979984428
26096,LOF,0.15914685807252565,0.00528708310730815,0.8355660588201663
26097,LOF,0.004763489140359366,0.03534728299750994,0.9598892278621308
26098,LOF,0.07261828278338137,0.013712385738465558,0.913669331478153
26099,LOF,0.017986547828903913,0.013258563958291454,0.9687548882128046
26100,LOF,0.020355669763929923,0.012890527291887327,0.9667538029441828
26101,LOF,0.04966876258242745,0.01806827859869785,0.9322629588188747
26102,LOF,0.020799403262443016,0.012784512376422587,0.9664160843611344
26103,Neutral,0.8674375310090222,0.019396711612342812,0.11316575737863488
26104,LOF,0.06870107409729354,0.022046816531844458,0.9092521093708621
26105,LOF,0.2112736369738773,0.1618229309363055,0.6269034320898172
26106,LOF,0.3215938323157276,0.13077331880170734,0.5476328488825651
26107,LOF,0.022643630091804173,0.10771131752716792,0.869645052381028
26108,LOF,0.3683951878242028,0.04030372646067377,0.5913010857151234
26109,LOF,0.031162671491882742,0.07193702040938953,0.8969003080987278
26110,LOF,0.19955770460792713,0.006523936374390148,0.7939183590176828
26111,LOF,0.0682567745333962,0.07833529109929889,0.8534079343673049
26112,LOF,0.036187793187421775,0.007107958207290373,0.9567042486052879
26113,LOF,0.06251036484584328,0.014410779344122682,0.923078855810034
26114,LOF,0.069088124142699,0.012998499002458287,0.9179133768548428
26115,LOF,0.016377338456886166,0.08330119914159428,0.9003214624015196
26116,LOF,0.083503316568777,0.04716989254140689,0.8693267908898161
26117,LOF,0.42358972015802737,0.04552245770577623,0.5308878221361965
26118,LOF,0.03300709218940426,0.02423853675911667,0.9427543710514792
26119,LOF,0.004229178995523806,0.046420094852213815,0.9493507261522623
26120,LOF,0.022981862042297487,0.019663295736396916,0.9573548422213057
