feature0,prediction,LoGoFunc_Neutral,LoGoFunc_GOF,LoGoFunc_LOF
25546,Neutral,0.6932594171700729,0.03350906007540024,0.27323152275452683
25547,Neutral,0.5971832735345802,0.06938169193204358,0.33343503453337625
25548,Neutral,0.5548184679360018,0.050625880026217956,0.3945556520377803
25549,Neutral,0.5262940497421675,0.050359265580487554,0.423346684677345
25550,LOF,0.44805006890510535,0.08664265658956784,0.4653072745053269
25551,LOF,0.3707878161252266,0.08784153830534991,0.5413706455694235
25552,LOF,0.20456869151346607,0.1002877797196522,0.6951435287668817
25553,Neutral,0.8378921872234633,0.025841453562051597,0.1362663592144852
25554,LOF,0.25438398932487544,0.09683018470310491,0.6487858259720196
25555,LOF,0.1989491011095443,0.09125524636820434,0.7097956525222513
25556,Neutral,0.556220027061198,0.0668743673849584,0.3769056055538436
25557,LOF,0.19684657442423192,0.09276838416302773,0.7103850414127403
25558,LOF,0.2567936612371795,0.10143061378915497,0.6417757249736655
25559,LOF,0.3766352274323629,0.07932327297929727,0.5440414995883399
25560,LOF,0.06641801205602904,0.19034111175495605,0.7432408761890148
25561,LOF,0.1120839267941217,0.20543506896215458,0.6824810042437237
25562,LOF,0.12725052960290678,0.09419521407820905,0.7785542563188841
25563,LOF,0.130386572977691,0.10380555305162485,0.7658078739706843
25564,LOF,0.13609680576150426,0.2163191096771871,0.6475840845613087
25565,LOF,0.12501376113541185,0.19190751769119663,0.6830787211733915
25566,GOF,0.014853303031309386,0.756173991811815,0.22897270515687573
25567,LOF,0.01365094513332,0.11697235601550036,0.8693766988511796
25568,LOF,0.05191206581949907,0.0626728285328865,0.8854151056476144
25569,LOF,0.06508239213599547,0.05991342118668443,0.87500418667732
25570,LOF,0.06151892055035833,0.10072120952334049,0.8377598699263012
25571,LOF,0.058995438931540814,0.08692095945161891,0.8540836016168404
25572,LOF,0.06117248909693745,0.1250771822057299,0.8137503286973327
25573,LOF,0.027669281090507068,0.07861965391283404,0.8937110649966589
25574,LOF,0.01762869600921462,0.13071663535881378,0.8516546686319716
25575,LOF,0.05073897319539974,0.09234547805695081,0.8569155487476495
25576,LOF,0.01949843256233732,0.09442111478642733,0.8860804526512354
25577,LOF,0.013448668402114483,0.13544307749640835,0.8511082541014772
25578,LOF,0.2636739094800267,0.07922122287740478,0.6571048676425685
25579,LOF,0.2663837711840096,0.07870278207294037,0.6549134467430501
25580,LOF,0.03584003792402533,0.08649370088799735,0.8776662611879773
25581,LOF,0.05151343288883586,0.06479806304049547,0.8836885040706687
25582,LOF,0.0510117104331184,0.061771639205651256,0.8872166503612304
25583,LOF,0.041556603828869415,0.08244002837036653,0.8760033678007642
25584,Neutral,0.4632832578576086,0.07473414483618061,0.4619825973062108
25585,LOF,0.03285781394137065,0.09064782727979984,0.8764943587788294
25586,LOF,0.04230614177171137,0.07039994693400688,0.8872939112942817
25587,LOF,0.03696154193275818,0.06456761528185123,0.8984708427853907
25588,LOF,0.03601931393900506,0.08712770965995356,0.8768529764010414
25589,Neutral,0.6087319430237673,0.09389632596968536,0.29737173100654735
25590,LOF,0.02645931423133797,0.10681844242153953,0.8667222433471224
25591,LOF,0.1214467101807231,0.04972866578104079,0.8288246240382362
25592,LOF,0.11599116656644312,0.1201222431797603,0.7638865902537966
25593,LOF,0.015785914372312315,0.2062564692382727,0.777957616389415
25594,LOF,0.03420228222962498,0.17537813404491304,0.7904195837254621
25595,LOF,0.06743148620016612,0.12570552421518708,0.8068629895846469
25596,LOF,0.07484624593508209,0.09440928940824748,0.8307444646566704
25597,LOF,0.06767891295245927,0.05702426246155092,0.8752968245859899
25598,LOF,0.04561352826739908,0.1823356580876743,0.7720508136449267
25599,GOF,0.007308633322545789,0.6982419496195372,0.2944494170579171
25600,GOF,0.008369848477283446,0.5762657902671948,0.41536436125552173
25601,LOF,0.007095996552335422,0.4282178241932254,0.5646861792544392
25602,LOF,0.01402637275907101,0.0948431446728182,0.8911304825681108
25603,LOF,0.035240078471546754,0.03813575048169172,0.9266241710467615
25604,LOF,0.03348507081862203,0.08586960507007783,0.8806453241113001
25605,LOF,0.009647352615851496,0.2706379801636837,0.7197146672204648
25606,GOF,0.048628804696817456,0.5968091456097063,0.3545620496934762
25607,LOF,0.0035754279888197166,0.18050014824790306,0.8159244237632771
25608,LOF,0.0506464027703074,0.04782310747808731,0.9015304897516054
25609,LOF,0.048992867406330055,0.321733645511871,0.6292734870817991
25610,LOF,0.0532662997885125,0.035375971154950114,0.9113577290565373
25611,LOF,0.06343300720265935,0.02854681336726059,0.90802017943008
25612,LOF,0.12958306691106047,0.056104057388899224,0.8143128757000403
25613,LOF,0.11205719105006283,0.04920885774007362,0.8387339512098635
25614,LOF,0.04293773480446912,0.04501670587844402,0.912045559317087
25615,LOF,0.08596937875781913,0.03983625589127735,0.8741943653509036
25616,LOF,0.03969930414743139,0.04642345819938542,0.9138772376531832
25617,LOF,0.04538958927105959,0.04695188464990485,0.9076585260790354
25618,LOF,0.27312312562004587,0.0472638837432401,0.6796129906367141
25619,LOF,0.039943224602538324,0.04217415949586833,0.9178826159015934
25620,LOF,0.03956906777819395,0.05117774211997374,0.9092531901018323
25621,LOF,0.04198783131566551,0.03336284269037455,0.9246493259939599
25622,LOF,0.03448495910841909,0.05136186768897392,0.9141531732026071
25623,LOF,0.058748633994645486,0.04348675324015506,0.8977646127651994
25624,LOF,0.0337715879334867,0.05476206064747994,0.9114663514190332
25625,LOF,0.03966136402120917,0.055218659476722456,0.9051199765020683
25626,LOF,0.08575353954186833,0.03970034087353717,0.8745461195845945
25627,Neutral,0.575162059344673,0.11422929335205971,0.3106086473032671
25628,LOF,0.21429068953709318,0.05288684345263204,0.7328224670102748
25629,LOF,0.08408091892466033,0.1180401514560371,0.7978789296193026
25630,LOF,0.189695869717766,0.09336665454957259,0.7169374757326614
25631,Neutral,0.6153643640963099,0.05372704929230442,0.3309085866113858
25632,LOF,0.021442192656648734,0.09517300484060341,0.8833848025027479
25633,LOF,0.21040273315302488,0.10640304579539919,0.6831942210515759
25634,LOF,0.03583736411607951,0.10656372092311653,0.8575989149608041
25635,LOF,0.03315117851113363,0.09787719325858237,0.8689716282302841
25636,GOF,0.006143254726853013,0.7151061576740403,0.27875058759910687
25637,GOF,0.004362792931186104,0.5585927939524127,0.4370444131164013
25638,GOF,0.007484826321402708,0.502669649707348,0.48984552397124925
25639,LOF,0.004424280875189468,0.4806086764503846,0.514967042674426
25640,GOF,0.4228171453730751,0.5193713421949225,0.05781151243200238
25641,LOF,0.005718005892641955,0.3659220867928244,0.6283599073145336
25642,LOF,0.2738034187211841,0.12769361077495112,0.5985029705038648
25643,LOF,0.3240886504290713,0.25868082542314413,0.4172305241477845
25644,GOF,0.028036262694175296,0.6506139591686604,0.3213497781371643
25645,GOF,0.022434334347213068,0.5599536793768138,0.41761198627597307
25646,LOF,0.022083260236245093,0.4192135164877626,0.5587032232759923
25647,LOF,0.01764643383763477,0.29784165113498756,0.6845119150273775
25648,LOF,0.01391911590250841,0.3574475923746058,0.6286332917228858
25649,LOF,0.01449147794430079,0.2437059553039496,0.7418025667517496
25650,GOF,0.04759281466793237,0.5257023967426462,0.4267047885894214
25651,LOF,0.011591754134229892,0.27633714302238094,0.7120711028433893
25652,LOF,0.019038648122831583,0.39476971624908863,0.5861916356280799
25653,GOF,0.0884254896890973,0.528784968767416,0.3827895415434867
25654,LOF,0.013994884867783674,0.36453916555320415,0.6214659495790121
25655,GOF,0.1328734999166074,0.49238798590867017,0.3747385141747225
25656,LOF,0.05029897510918347,0.0909405528351918,0.8587604720556247
25657,LOF,0.29613584372645274,0.042339326063114725,0.6615248302104326
25658,LOF,0.03232886874871328,0.17961663254936014,0.7880544987019266
25659,LOF,0.2016648539306338,0.09345049892983921,0.7048846471395269
25660,LOF,0.0924436369558303,0.10708566711241463,0.8004706959317551
25661,LOF,0.07617227113357951,0.07513640663063371,0.8486913222357869
25662,LOF,0.03701534424400733,0.0670042241811556,0.8959804315748371
25663,LOF,0.04434967843909679,0.1083381765595569,0.8473121450013463
25664,LOF,0.029900045343814952,0.15079699700936502,0.8193029576468199
25665,LOF,0.04456389232215781,0.07245931526184526,0.8829767924159969
25666,LOF,0.04338071323300392,0.1731384247524145,0.7834808620145816
25667,LOF,0.03769536703908809,0.06302855220769424,0.8992760807532177
25668,LOF,0.05355983738753385,0.06402541793245319,0.882414744680013
25669,LOF,0.05238364437593599,0.09942724660870901,0.848189109015355
25670,LOF,0.08413350541512797,0.0878073198874139,0.8280591746974582
25671,LOF,0.04437657962599737,0.05406538430650696,0.9015580360674957
25672,LOF,0.05076394566229993,0.08717234015246954,0.8620637141852305
25673,LOF,0.0358888251619991,0.08716228171841013,0.8769488931195909
25674,LOF,0.025341596193888895,0.10464247874341388,0.8700159250626972
25675,LOF,0.03510210090098479,0.08249001949773996,0.8824078796012753
25676,LOF,0.03251553531606816,0.07341801815236211,0.8940664465315697
25677,LOF,0.0793637535229231,0.06454147221829186,0.8560947742587851
25678,LOF,0.1414078887897766,0.05266530025781352,0.8059268109524099
25679,LOF,0.1261841132920472,0.06374618373365899,0.8100697029742938
25680,LOF,0.08037232317249433,0.09706536773908493,0.8225623090884207
25681,LOF,0.1024973339271917,0.09356976133374242,0.8039329047390659
25682,LOF,0.05274175719479925,0.06478425078256388,0.8824739920226368
25683,LOF,0.07788186966769643,0.08498795971880634,0.8371301706134971
25684,LOF,0.0634699416568329,0.0710068701835717,0.8655231881595954
25685,LOF,0.13728288836481012,0.05637746325101381,0.8063396483841762
25686,LOF,0.029787953612540233,0.10974081009097701,0.8604712362964828
25687,LOF,0.05666172033805796,0.10475054004844374,0.8385877396134984
25688,LOF,0.01886939158159138,0.06544272311296064,0.9156878853054479
25689,LOF,0.01740393439010725,0.04352969207456613,0.9390663735353265
25690,LOF,0.01755492822831399,0.05080407369942683,0.9316409980722592
25691,LOF,0.11218032270703925,0.06758292070106622,0.8202367565918945
25692,LOF,0.17805204150677317,0.012163262192907821,0.8097846963003189
25693,LOF,0.03828593584156325,0.23666443100355536,0.7250496331548815
25694,LOF,0.23061458766712387,0.01346260345841332,0.7559228088744628
25695,LOF,0.173906765677633,0.026791096892173297,0.7993021374301938
25696,LOF,0.06724797401108656,0.02301231551343877,0.9097397104754746
25697,LOF,0.17564616084898022,0.04384520745303764,0.7805086316979821
25698,LOF,0.01461784264270702,0.45844546068438224,0.5269366966729108
25699,LOF,0.1018646182967701,0.1024351271613281,0.7957002545419019
25700,LOF,0.03496082726561286,0.018684339486310198,0.946354833248077
25701,LOF,0.015247630790910818,0.11814997679159574,0.8666023924174934
25702,GOF,0.02197977583014472,0.7662071846460109,0.21181303952384442
25703,LOF,0.012847462530951839,0.28241747564273467,0.7047350618263134
25704,LOF,0.08453953411085982,0.24341472272056872,0.6720457431685714
25705,LOF,0.07964275191882732,0.3118636576896198,0.6084935903915529
25706,GOF,0.018014461230836325,0.6600655162409517,0.3219200225282119
25707,GOF,0.023759176963830234,0.5624895324578716,0.4137512905782982
25708,GOF,0.007072508343408489,0.5584788964766991,0.4344485951798924
25709,LOF,0.02682182611756443,0.09008435374307641,0.883093820139359
25710,LOF,0.005632964468565953,0.19044125427081296,0.8039257812606212
25711,LOF,0.028272882639602637,0.15837547527746754,0.8133516420829299
25712,LOF,0.007735078066325063,0.26840892199711136,0.7238559999365637
25713,LOF,0.026471719601424054,0.13915783952750688,0.8343704408710692
25714,LOF,0.02410478492855412,0.18566461244046017,0.7902306026309857
25715,LOF,0.030559842563408747,0.15297976446609576,0.8164603929704956
25716,LOF,0.005830479768458964,0.2134443281270995,0.7807251921044416
25717,LOF,0.006241685050702937,0.1812939194663171,0.81246439548298
25718,LOF,0.02814621168633594,0.10659659718810359,0.8652571911255604
25719,LOF,0.03454367717314393,0.17164262918310094,0.7938136936437551
25720,LOF,0.039079214836830106,0.143733347009216,0.8171874381539539
25721,LOF,0.028249824625381715,0.13315143006041946,0.8385987453141988
25722,LOF,0.019374990618389678,0.18485202378193505,0.7957729855996754
25723,LOF,0.030380452014726722,0.14567245549858435,0.8239470924866888
25724,LOF,0.027151549701014088,0.26211741506459224,0.7107310352343937
25725,LOF,0.030710741105735694,0.12121451343320487,0.8480747454610595
25726,LOF,0.02036147560198021,0.1649850483556259,0.8146534760423938
25727,LOF,0.028076574893207383,0.15187503922264822,0.8200483858841444
25728,LOF,0.02683889771920057,0.16138143176120753,0.8117796705195919
25729,LOF,0.025902645513582612,0.17986396427357498,0.7942333902128424
25730,LOF,0.032836500773404324,0.11061201077700765,0.8565514884495881
25731,LOF,0.01014929433224966,0.17688100186227734,0.812969703805473
25732,LOF,0.022112860674933565,0.12306630762571,0.8548208316993564
25733,LOF,0.03590621717403712,0.1232304604341161,0.8408633223918467
25734,LOF,0.006441614389271808,0.30324669454343445,0.6903116910672937
25735,LOF,0.02487138171151567,0.11074408343671292,0.8643845348517714
25736,LOF,0.022815609888779887,0.20956068577213766,0.7676237043390824
25737,LOF,0.059333618283366085,0.16844465251178142,0.7722217292048524
25738,LOF,0.025581464273136036,0.21100962849821617,0.7634089072286478
25739,LOF,0.028684850930217772,0.13481791324181494,0.8364972358279673
25740,LOF,0.03269411787410436,0.17252153805943854,0.794784344066457
25741,LOF,0.036721135180542076,0.15415737376821864,0.8091214910512393
25742,LOF,0.047311721219243624,0.1654874422952774,0.787200836485479
25743,LOF,0.011469227171852656,0.02529724952322683,0.9632335233049206
25744,LOF,0.20835577841348407,0.1838081910232697,0.6078360305632462
25745,LOF,0.033766620342012256,0.05745659174333833,0.9087767879146494
25746,LOF,0.013450007092676427,0.0814083376699784,0.9051416552373451
25747,LOF,0.039471873215449184,0.0231040271736802,0.9374240996108706
25748,LOF,0.28345084129422465,0.04189776047090535,0.67465139823487
25749,LOF,0.01419072519602535,0.05106809483501309,0.9347411799689614
25750,LOF,0.019672545047138702,0.05610834832730555,0.9242191066255557
25751,LOF,0.03958234778388819,0.035041213345646145,0.9253764388704657
25752,GOF,0.06879475820522482,0.750401732256243,0.1808035095385324
25753,LOF,0.006951108484930928,0.49511895468959427,0.49792993682547465
25754,GOF,0.0071718875083912805,0.9141349425742433,0.07869316991736539
25755,LOF,0.0065505750034719635,0.4962723326920927,0.49717709230443546
25756,GOF,0.021381842779660907,0.49435757669445796,0.48426058052588095
25757,GOF,0.007758595488390317,0.8933364006665365,0.09890500384507314
25758,GOF,0.008146740587447503,0.9144582497298325,0.07739500968272
25759,GOF,0.0055477301252528895,0.7265826212245394,0.2678696486502077
25760,LOF,0.006169464149013259,0.3547698727954868,0.6390606630554999
25761,GOF,0.04795675508653931,0.8825786082906474,0.06946463662281321
25762,LOF,0.024600692824046786,0.4195515049394271,0.5558478022365262
25763,LOF,0.005881729922393923,0.3562615997220472,0.6378566703555589
25764,GOF,0.057544696083227646,0.748096891822063,0.1943584120947094
25765,GOF,0.007996632576994555,0.9044237197899582,0.08757964763304725
25766,GOF,0.02555976140862068,0.8828945411861395,0.09154569740523968
25767,GOF,0.018955732271889403,0.582032337216854,0.3990119305112566
25768,LOF,0.05864490778520968,0.04789686475250988,0.8934582274622805
25769,LOF,0.039402159089695944,0.07192369831208474,0.8886741425982192
25770,LOF,0.1500210679332183,0.10593276677817683,0.7440461652886049
25771,LOF,0.019580265053294875,0.07491973005828882,0.9055000048884163
25772,LOF,0.03177062927868738,0.03044185333494414,0.9377875173863683
25773,LOF,0.01485940910095538,0.07462858122639293,0.9105120096726517
25774,LOF,0.027985373255932887,0.15525470051160892,0.8167599262324582
25775,LOF,0.01877840366363694,0.04712572421276244,0.9340958721236006
25776,LOF,0.029072085907021174,0.019837745043828174,0.9510901690491506
25777,LOF,0.33722267977641235,0.08692527277480235,0.5758520474487854
25778,LOF,0.028594494570038907,0.05729049138084405,0.914115014049117
25779,GOF,0.06770484631487449,0.853567988675556,0.07872716500956956
25780,GOF,0.08075532415619578,0.8551450879299263,0.06409958791387789
25781,GOF,0.036170415032751244,0.8300190379834131,0.1338105469838357
25782,GOF,0.04242712654877508,0.8823537401357779,0.07521913331544704
25783,GOF,0.03585772878313982,0.9002216456989556,0.06392062551790471
25784,GOF,0.13447581456495789,0.8121308180068136,0.053393367428228374
25785,GOF,0.12932352767675687,0.8313969468426299,0.03927952548061332
25786,GOF,0.010575754887554696,0.8439843100312548,0.14543993508119057
25787,GOF,0.27785720018561194,0.6678242134159995,0.054318586398388644
25788,LOF,0.018215660091790903,0.180932740436495,0.8008515994717141
25789,GOF,0.0224000893397602,0.8278300998732117,0.14976981078702817
25790,GOF,0.03623751185328683,0.8749084773293594,0.08885401081735378
25791,GOF,0.030263655387165262,0.7117141227614207,0.25802222185141416
25792,GOF,0.038623104925586474,0.7740438984029345,0.18733299667147907
25793,GOF,0.049180408766616425,0.7737348101385391,0.17708478109484455
25794,GOF,0.05799970963337925,0.7178932296704283,0.2241070606961924
25795,GOF,0.06452345784963641,0.7094473309938741,0.22602921115648947
25796,GOF,0.14310101390421173,0.7705181390733047,0.08638084702248362
25797,GOF,0.07760718155468899,0.6806002046208647,0.24179261382444642
25798,GOF,0.007427499337783182,0.7546692214230273,0.2379032792391894
25799,GOF,0.004980629972205055,0.6660343341789534,0.3289850358488416
25800,GOF,0.03048040954508051,0.8160869813843813,0.15343260907053813
25801,GOF,0.032212158309438445,0.8785283702314125,0.08925947145914905
25802,GOF,0.035667599245392374,0.7739789588763188,0.19035344187828868
25803,GOF,0.024961509124516668,0.702233482894611,0.27280500798087237
25804,GOF,0.0418610680423041,0.7735232457537617,0.18461568620393423
25805,GOF,0.03861263429253628,0.8039060270314651,0.1574813386759987
25806,GOF,0.05058175315095228,0.8102350405610111,0.1391832062880365
25807,GOF,0.01680076400225618,0.7451175937911156,0.23808164220662809
25808,GOF,0.032363482183706035,0.7678296246800731,0.19980689313622083
25809,GOF,0.014086443325878124,0.6925789888404171,0.2933345678337047
25810,GOF,0.012129161475749412,0.6781259651051275,0.30974487341912305
25811,GOF,0.09003251284935133,0.8333050479466048,0.07666243920404384
25812,GOF,0.03755382260086131,0.7579734241287949,0.20447275327034384
25813,GOF,0.19814028275213663,0.7231612679724227,0.07869844927544048
25814,GOF,0.035190343902088514,0.7483531681780834,0.21645648791982802
25815,GOF,0.07258841671644943,0.7807494508989583,0.1466621323845923
25816,GOF,0.010686472745236843,0.8497586708298935,0.13955485642486967
25817,GOF,0.13921512534017166,0.7299174810886397,0.13086739357118854
25818,GOF,0.031751226826506516,0.7756462401915467,0.19260253298194677
25819,GOF,0.05522802164805116,0.7502915456276337,0.19448043272431503
25820,GOF,0.06061682800232338,0.717517390012567,0.2218657819851096
25821,GOF,0.042566007559042045,0.7662457111967462,0.19118828124421175
25822,GOF,0.0676304650093444,0.7389172133417081,0.19345232164894752
25823,GOF,0.03452828596204803,0.7020775726458363,0.2633941413921157
25824,GOF,0.03493591754351443,0.7577678151716409,0.20729626728484468
25825,GOF,0.027676604452654907,0.7507540717983108,0.22156932374903424
25826,GOF,0.012133900186304891,0.6999022121464633,0.2879638876672318
25827,GOF,0.020055171080980202,0.70833563553298,0.27160919338603984
25828,GOF,0.012043665560032425,0.7474518327807775,0.2405045016591901
25829,GOF,0.004618459488397693,0.6492614334259167,0.34612010708568547
25830,GOF,0.04127608784911988,0.5371463709275479,0.4215775412233323
25831,GOF,0.08577431246373939,0.7909673046734352,0.12325838286282535
25832,GOF,0.011507658124412007,0.7076951851357899,0.2807971567397981
25833,GOF,0.0439702381680834,0.7893595452595058,0.1666702165724108
25834,GOF,0.011720297234834701,0.7270028436164204,0.26127685914874493
25835,GOF,0.030349290300570507,0.818240101401691,0.1514106082977385
25836,GOF,0.008494589335167549,0.7259441546957341,0.26556125596909835
25837,GOF,0.009563564964029226,0.7387373159928212,0.2516991190431494
25838,GOF,0.024655795167861306,0.8144122204035426,0.1609319844285962
25839,GOF,0.058527720332616696,0.7700648132073894,0.171407466459994
25840,GOF,0.10468623032778032,0.7326536019429156,0.1626601677293041
25841,GOF,0.09051226376187883,0.7840811690791611,0.12540656715896006
25842,GOF,0.032571228425099866,0.8602173979429115,0.10721137363198864
25843,GOF,0.03025022035666158,0.868619466766014,0.10113031287732445
25844,GOF,0.024326174709088086,0.7965016689533921,0.17917215633751993
25845,GOF,0.006962338502873901,0.6818042169494237,0.31123344454770224
25846,GOF,0.08336992135810584,0.8119096800623774,0.10472039857951672
25847,GOF,0.01672057753676073,0.85965390508687,0.12362551737636926
25848,GOF,0.02670090469368487,0.8116755521083007,0.16162354319801456
25849,GOF,0.00774064441680211,0.7715169275776574,0.2207424280055404
25850,GOF,0.007371959729598306,0.6683578195210849,0.3242702207493169
25851,GOF,0.00662339644342964,0.6139491018482384,0.37942750170833195
25852,GOF,0.1401497166732524,0.559401877111433,0.30044840621531466
25853,GOF,0.07300298871886744,0.7650907336185793,0.1619062776625533
25854,GOF,0.006481146521168043,0.6976059091139557,0.29591294436487625
25855,GOF,0.025903327249279177,0.622640710288414,0.3514559624623068
25856,GOF,0.05089077695405217,0.7051533380508279,0.24395588499511983
25857,GOF,0.02617723011187946,0.628386217855332,0.3454365520327886
25858,GOF,0.009931855209840617,0.567449668592959,0.4226184761972003
25859,GOF,0.006931109117419297,0.5464303906524999,0.44663850023008084
25860,GOF,0.10382257765281147,0.7156632667223662,0.18051415562482215
25861,GOF,0.12966737682293272,0.785120790513674,0.08521183266339315
25862,GOF,0.02746840541452078,0.8798770958364313,0.09265449874904812
25863,GOF,0.02554039254278395,0.8597736706565422,0.11468593680067382
25864,GOF,0.04466516418796072,0.8566105953745174,0.09872424043752187
25865,GOF,0.045566945911080244,0.835629386842475,0.11880366724644467
25866,GOF,0.023371115854914234,0.8380987197488056,0.13853016439628024
25867,GOF,0.048384406693530974,0.8366745903771818,0.11494100292928718
25868,GOF,0.07692375591534184,0.7581942273370352,0.16488201674762298
25869,GOF,0.33741197345390356,0.5537473368471831,0.10884068969891333
25870,GOF,0.06447377557670361,0.5774149960385059,0.3581112283847904
25871,GOF,0.009441344774793652,0.7824266413225781,0.20813201390262842
25872,GOF,0.02435761742772513,0.7804235804078703,0.19521880216440443
25873,GOF,0.02407165278523474,0.8641248798632036,0.11180346735156158
25874,LOF,0.017908686158384708,0.1842927101647815,0.7977986036768338
25875,LOF,0.023411937704823818,0.12799271266563625,0.84859534962954
25876,LOF,0.02446084217555627,0.06216454833031537,0.9133746094941283
25877,LOF,0.10616001759999326,0.22303308540761357,0.6708068969923932
25878,LOF,0.06675146859594266,0.28475682718596934,0.648491704218088
25879,LOF,0.011199756408265617,0.1853777353712387,0.8034225082204958
25880,LOF,0.06711449704279676,0.02189757122843121,0.9109879317287719
25881,Neutral,0.5729250586307717,0.11087969188255292,0.3161952494866754
25882,LOF,0.053751655048767985,0.02931907282895036,0.9169292721222817
25883,LOF,0.030663316611365784,0.025631352064325454,0.9437053313243088
25884,LOF,0.017711500774184197,0.041412881954727,0.9408756172710888
25885,LOF,0.16755314279082395,0.014456384396592829,0.8179904728125832
25886,LOF,0.2771377055205654,0.048229632008267555,0.674632662471167
25887,LOF,0.08718898205966223,0.17715014521612912,0.7356608727242087
25888,LOF,0.008009181279816063,0.21526025055648157,0.7767305681637023
25889,LOF,0.026710826395405177,0.03413938654996636,0.9391497870546285
25890,LOF,0.1940780931539404,0.06693393071131387,0.7389879761347458
25891,LOF,0.10716367701463671,0.03875620616807036,0.8540801168172929
25892,LOF,0.008357665432086063,0.03315280872417436,0.9584895258437396
25893,LOF,0.29304946275782356,0.010815750065856758,0.6961347871763197
25894,LOF,0.34469928543941025,0.007165965377250426,0.6481347491833392
25895,LOF,0.285108264048474,0.013882370573879765,0.7010093653776462
25896,LOF,0.08843991158781732,0.027121838941347315,0.8844382494708354
25897,LOF,0.11868429077923812,0.012225055276431336,0.8690906539443306
25898,LOF,0.14406849927091786,0.0268474417718479,0.8290840589572342
25899,LOF,0.42900463827552326,0.027343651985130793,0.5436517097393458
25900,Neutral,0.7116421107723703,0.01278412166502925,0.2755737675626005
25901,LOF,0.10329081917908647,0.011944002818724929,0.8847651780021887
25902,LOF,0.1068098284708913,0.013439573733743828,0.8797505977953649
25903,LOF,0.17254193857821604,0.029200751220676217,0.7982573102011077
25904,Neutral,0.5647257794896291,0.04342162301715245,0.3918525974932184
25905,LOF,0.006979342486981236,0.3738938362405498,0.619126821272469
25906,LOF,0.008315919551122987,0.0573491672844999,0.934334913164377
25907,LOF,0.008288479382589772,0.23410845507193406,0.7576030655454762
25908,LOF,0.007957746873446222,0.23594961271194229,0.7560926404146115
25909,LOF,0.035022258668479224,0.08318487118013539,0.8817928701513854
25910,LOF,0.013297465440738163,0.11576813134875855,0.8709344032105033
25911,LOF,0.1865925413311215,0.020835647068508312,0.7925718116003702
25912,LOF,0.12787491169911636,0.02289321145841803,0.8492318768424656
25913,LOF,0.017852978455022258,0.029267874570211745,0.952879146974766
25914,LOF,0.04213813485920878,0.027248419719778028,0.9306134454210133
25915,LOF,0.1926092404314384,0.2033694387637813,0.6040213208047802
25916,LOF,0.012569556363414894,0.1109389552167426,0.8764914884198426
25917,LOF,0.06337995094166089,0.031278797797974184,0.9053412512603649
25918,LOF,0.040215227483620844,0.01610991494271992,0.9436748575736591
25919,LOF,0.033039502238825416,0.018274890871675286,0.9486856068894993
25920,LOF,0.35389964576543353,0.14573030859045227,0.5003700456441142
25921,LOF,0.01928421636458916,0.016991138123258274,0.9637246455121526
25922,LOF,0.02027135748914245,0.017942133709352586,0.9617865088015051
25923,LOF,0.46777640471534204,0.011522898473765846,0.5207006968108921
25924,LOF,0.02959526385232917,0.01761348809071835,0.9527912480569525
25925,LOF,0.11718578159075105,0.02694039978122162,0.8558738186280274
25926,LOF,0.09777602472323668,0.019354942680995628,0.8828690325957677
25927,LOF,0.027548782451250992,0.025387635807571775,0.9470635817411772
25928,LOF,0.014871782415368974,0.01403550219581246,0.9710927153888186
25929,Neutral,0.5951434559630124,0.011307032201153713,0.39354951183583403
25930,LOF,0.10442899557341943,0.012129759717987377,0.8834412447085931
25931,LOF,0.015640564105905815,0.012871901315593433,0.9714875345785007
25932,LOF,0.09594713390359633,0.012017354404478996,0.8920355116919247
25933,LOF,0.09336691389287423,0.008710843330776194,0.8979222427763497
25934,LOF,0.09395151608579429,0.007558571439572753,0.898489912474633
25935,LOF,0.113709442272417,0.022253883931048195,0.8640366737965347
25936,LOF,0.10075460923164187,0.007763763073591314,0.8914816276947668
25937,LOF,0.01754190371522623,0.017852733526613686,0.9646053627581601
25938,LOF,0.11130889731781006,0.02173079878580716,0.8669603038963828
25939,LOF,0.06524238554926488,0.010726634731770103,0.9240309797189651
25940,GOF,0.00901582431790044,0.5780309993398233,0.41295317634227635
25941,Neutral,0.5139597533117045,0.03682169117104854,0.449218555517247
25942,LOF,0.01222509348265435,0.05281295061428098,0.9349619559030645
25943,LOF,0.06271529390077486,0.18380990973383654,0.7534747963653886
25944,LOF,0.05067482034140841,0.1053785035085849,0.8439466761500066
25945,LOF,0.18857715650686405,0.027810490592253198,0.7836123529008828
25946,LOF,0.08638898058661036,0.03998785869634838,0.8736231607170412
25947,Neutral,0.499796084569894,0.13596960182445478,0.3642343136056512
25948,LOF,0.3380876593345665,0.01701594384608955,0.644896396819344
25949,LOF,0.1458427919139809,0.0727134487506698,0.7814437593353493
25950,GOF,0.09593682899135973,0.6407077585997623,0.2633554124088781
25951,LOF,0.01404798687172649,0.48195640812640916,0.5039956050018642
25952,LOF,0.15607725831811003,0.30730197723804714,0.5366207644438429
25953,LOF,0.00773840966988611,0.32272165606459885,0.669539934265515
25954,GOF,0.06898975918895506,0.5101485849926986,0.42086165581834645
25955,LOF,0.009716034665249547,0.3333589049914297,0.6569250603433208
25956,LOF,0.008640251950948155,0.3874895340939954,0.6038702139550564
25957,LOF,0.17245552071029624,0.043968145082026254,0.7835763342076775
25958,LOF,0.028974056981953655,0.05839489813679016,0.9126310448812561
25959,GOF,0.006693685360895872,0.7314698479325061,0.26183646670659805
25960,LOF,0.005161507899505687,0.10349926802511983,0.8913392240753745
25961,LOF,0.024582618825156558,0.05130660471166717,0.9241107764631762
25962,LOF,0.03328371159143596,0.102874923213012,0.863841365195552
25963,LOF,0.009768391375687073,0.15716157079980964,0.8330700378245034
25964,LOF,0.046206055167630315,0.11091735311375778,0.842876591718612
25965,LOF,0.16937255372456678,0.17848750561616145,0.6521399406592717
25966,LOF,0.3177630985959901,0.10081499471306665,0.5814219066909432
25967,LOF,0.006367718982327378,0.11237592471748833,0.8812563563001844
25968,LOF,0.04605201705062987,0.32642936741565953,0.6275186155337107
25969,LOF,0.11787470477698549,0.11619166105986074,0.7659336341631537
25970,LOF,0.05435296670221987,0.06849008102186255,0.8771569522759175
25971,LOF,0.0643327456015403,0.02646635513147642,0.9092008992669833
25972,LOF,0.07390279282657826,0.034354943545413776,0.891742263628008
25973,LOF,0.0766265854742836,0.011351478384702875,0.9120219361410135
25974,LOF,0.06103002015176797,0.04596403527705833,0.8930059445711737
25975,LOF,0.03341210928947509,0.012617931888953951,0.953969958821571
25976,LOF,0.08757200482198255,0.013520526138618072,0.8989074690393993
25977,LOF,0.22889128989434293,0.05403156021617485,0.7170771498894821
25978,LOF,0.16036402280519677,0.12364667730447616,0.7159892998903271
25979,LOF,0.11753748120924631,0.12855597606308042,0.7539065427276732
25980,LOF,0.21142952797094985,0.2412405181821515,0.5473299538468986
25981,LOF,0.21217605435486578,0.2453908408542587,0.5424331047908755
25982,LOF,0.2725843862579447,0.11450237314667788,0.6129132405953776
25983,LOF,0.4440615013511799,0.10492917091646159,0.4510093277323585
25984,LOF,0.05676694557695785,0.07234740429861604,0.8708856501244262
25985,Neutral,0.43621593577664913,0.13936898563816283,0.42441507858518807
25986,LOF,0.011253205009824175,0.4338016462132977,0.5549451487768782
25987,LOF,0.032064736198860626,0.10290953638656831,0.8650257274145712
25988,LOF,0.06334366798066358,0.13523698864245648,0.8014193433768799
25989,LOF,0.07144711310587917,0.22086957416316733,0.7076833127309535
25990,LOF,0.06135121579556774,0.32139140484154494,0.6172573793628874
25991,GOF,0.024089482684026966,0.5361625631401541,0.43974795417581897
25992,LOF,0.010995573094101237,0.4467236019567003,0.5422808249491985
25993,LOF,0.01938706941539043,0.05782433879174878,0.9227885917928607
25994,LOF,0.02598119528762836,0.07158780053032732,0.9024310041820442
25995,LOF,0.017360439812334323,0.11595126955879113,0.8666882906288746
25996,GOF,0.34754121844697433,0.403682129857667,0.24877665169535867
25997,GOF,0.05927094868509336,0.558163444331473,0.38256560698343367
25998,LOF,0.22749734156559576,0.04073899725187213,0.7317636611825321
25999,LOF,0.025446684258580085,0.2834857014548722,0.6910676142865477
26000,LOF,0.14561435481814478,0.013538269405139703,0.8408473757767155
26001,LOF,0.15372071234784182,0.02040412118539025,0.8258751664667678
26002,LOF,0.1082963964543079,0.018217445784755773,0.8734861577609364
26003,GOF,0.006309321722259313,0.5490059868307507,0.44468469144698997
26004,GOF,0.015404530659723466,0.5799047498478973,0.4046907194923793
26005,LOF,0.005291541593443139,0.4739392572075941,0.5207692011989628
26006,GOF,0.09478931520192083,0.4967331941909302,0.408477490607149
26007,LOF,0.009894849793431082,0.49448095268664666,0.49562419751992226
26008,GOF,0.006494396774843732,0.5558249497174137,0.4376806535077426
26009,GOF,0.010878103915339941,0.5900901883182886,0.39903170776637137
26010,GOF,0.008744332483622797,0.528043612655206,0.4632120548611711
26011,LOF,0.005701765045320469,0.39008915314161885,0.6042090818130607
26012,LOF,0.005223848921179411,0.48319551983584186,0.5115806312429787
26013,LOF,0.010313073952526126,0.45792840007131747,0.5317585259761565
26014,LOF,0.03980428485472998,0.0776692009630139,0.8825265141822561
26015,LOF,0.3457415062365229,0.022969491927908103,0.631289001835569
26016,LOF,0.27406324346095184,0.029540873326150272,0.6963958832128978
26017,LOF,0.019221839214162054,0.10776659910024466,0.8730115616855934
26018,LOF,0.03255744816959308,0.050949902574597326,0.9164926492558096
26019,LOF,0.03221677937755755,0.04463783870147224,0.9231453819209703
26020,LOF,0.0072559434251935895,0.10140903103827997,0.8913350255365264
26021,LOF,0.08166505858975454,0.05054326074314498,0.8677916806671006
26022,LOF,0.043708894007430735,0.01768811559025866,0.9386029904023105
26023,LOF,0.023217831376084175,0.029338366423710755,0.9474438022002052
26024,LOF,0.05163734338154616,0.03768374078580751,0.9106789158326463
26025,LOF,0.1573095095582741,0.04016788699488928,0.8025226034468366
26026,LOF,0.12602509579336094,0.034889457824569266,0.8390854463820697
26027,LOF,0.031630625889840905,0.018056081465610538,0.9503132926445484
26028,LOF,0.07589037241856357,0.2068069397784122,0.7173026878030241
26029,LOF,0.03066226599180269,0.21235483635646454,0.7569828976517328
26030,LOF,0.11574314059766493,0.026090853452877594,0.8581660059494575
26031,LOF,0.013566809419997014,0.20063097709613048,0.7858022134838726
26032,LOF,0.036298784436734,0.05178803043271404,0.911913185130552
26033,LOF,0.03405814412735763,0.05849641187362441,0.9074454439990179
26034,LOF,0.018125291401377554,0.131928498795757,0.8499462098028654
26035,LOF,0.011205779352451225,0.15278199168817566,0.8360122289593731
26036,LOF,0.010408379010792605,0.11933793895774718,0.8702536820314601
26037,LOF,0.010265789757212134,0.13014077201854704,0.8595934382242408
26038,LOF,0.031066522321726485,0.0485732419348039,0.9203602357434695
26039,LOF,0.03172961194354391,0.18446007891434066,0.7838103091421155
26040,LOF,0.08438863080414687,0.17965984970046195,0.7359515194953913
26041,LOF,0.012103403006502072,0.1303155179190846,0.8575810790744134
26042,LOF,0.011297243512363508,0.13643624300710674,0.8522665134805296
26043,LOF,0.031942412234582045,0.08501416462466448,0.8830434231407535
26044,LOF,0.0073152089600960115,0.0684934645752669,0.9241913264646372
26045,LOF,0.08474814452376227,0.27999850104489427,0.6352533544313436
26046,LOF,0.02852304820767443,0.05734129881124214,0.9141356529810835
26047,LOF,0.06475247686033525,0.05413585719497108,0.8811116659446936
26048,LOF,0.07571843193074201,0.03328282668981781,0.8909987413794401
26049,Neutral,0.9431444834374574,0.007815628677172472,0.0490398878853701
26050,Neutral,0.9016701860620552,0.009407902942891146,0.08892191099505364
26051,LOF,0.027506221914077936,0.33870968672282153,0.6337840913631007
26052,LOF,0.031180384812026833,0.2999436320502505,0.6688759831377227
26053,LOF,0.017487649490607406,0.20379978322829032,0.7787125672811024
26054,LOF,0.05630733100572146,0.04339375084834124,0.9002989181459372
26055,LOF,0.07205391601832711,0.04401878280815622,0.8839273011735167
26056,LOF,0.06672415711267268,0.045572808658785255,0.8877030342285421
26057,LOF,0.06615144114640334,0.024972451990660026,0.9088761068629367
26058,LOF,0.07422648103423798,0.019710007087169367,0.9060635118785926
26059,LOF,0.24367175732207036,0.05692269635507529,0.6994055463228543
26060,LOF,0.018774493054138038,0.2143980054419245,0.7668275015039374
26061,LOF,0.011852941034282721,0.013650323875456186,0.974496735090261
26062,LOF,0.005789366951295938,0.025493351094490857,0.9687172819542131
26063,LOF,0.049620562851801664,0.01597351398877261,0.9344059231594258
26064,LOF,0.007980843404841445,0.01950758808138803,0.9725115685137706
26065,LOF,0.07125799959405534,0.025379423860839842,0.9033625765451048
26066,LOF,0.06072767794787917,0.016814598807081308,0.9224577232450396
26067,LOF,0.056369311939205385,0.01574593202518138,0.9278847560356132
26068,LOF,0.0530092229691224,0.0386000485863151,0.9083907284445625
26069,LOF,0.19557047041121708,0.029041241198697467,0.7753882883900854
26070,LOF,0.42299264760492655,0.018334450009924702,0.5586729023851488
26071,LOF,0.052337740061617184,0.018022618305877553,0.9296396416325053
26072,LOF,0.007271645441177609,0.01823714102831315,0.9744912135305094
26073,LOF,0.046598506393708335,0.015717787335681653,0.93768370627061
26074,Neutral,0.6492687345315078,0.015644433261330293,0.335086832207162
26075,LOF,0.04240827562652442,0.026441915641625294,0.9311498087318502
26076,LOF,0.04732214549242978,0.018641824276561723,0.9340360302310086
26077,LOF,0.15877419268946066,0.01433757800812923,0.82688822930241
26078,LOF,0.0062022750656186565,0.03908685614869153,0.9547108687856899
26079,LOF,0.056628203719338896,0.026946035283426303,0.9164257609972347
26080,LOF,0.055846201729050554,0.026926198326026045,0.9172275999449234
26081,LOF,0.048038082657641194,0.01536796891307967,0.9365939484292792
26082,LOF,0.006308470036153251,0.021758021033523634,0.971933508930323
26083,LOF,0.11016201730292034,0.028057180696840725,0.8617808020002389
26084,LOF,0.15817938335766413,0.022515094019547027,0.8193055226227888
26085,LOF,0.14131982650482783,0.018991268820974794,0.8396889046741973
26086,LOF,0.04154123942608901,0.022338619125421972,0.936120141448489
26087,LOF,0.04471523920722334,0.019732637968266523,0.9355521228245101
26088,LOF,0.007351361839865868,0.038597199643484736,0.9540514385166493
26089,LOF,0.03879288321634541,0.0352250036619231,0.9259821131217315
26090,LOF,0.03826000787235559,0.03274258682720039,0.928997405300444
26091,LOF,0.03396983808317888,0.01521609119743469,0.9508140707193864
26092,LOF,0.04335807294103275,0.013308535418645866,0.9433333916403214
26093,LOF,0.06586688417800653,0.008723628425864103,0.9254094873961294
26094,LOF,0.038263581271708265,0.011998785219466788,0.949737633508825
26095,LOF,0.01241913636195364,0.02404131820249717,0.9635395454355492
26096,LOF,0.2734368094327442,0.005096786062176362,0.7214664045050795
26097,LOF,0.006372628316149399,0.047924201462466794,0.9457031702213837
26098,LOF,0.05861980326470415,0.025235477305457128,0.9161447194298387
26099,LOF,0.053523366241979384,0.03153987877689036,0.9149367549811303
26100,LOF,0.05332463447608292,0.03154650120747335,0.9151288643164437
26101,LOF,0.051834240512329814,0.05330015563560758,0.8948656038520626
26102,LOF,0.0400007892018272,0.022825151272374916,0.9371740595257979
26103,Neutral,0.9002516019479128,0.03322238456538425,0.06652601348670309
26104,LOF,0.050262376976458974,0.06528580124963965,0.8844518217739015
26105,LOF,0.2606954476532534,0.0741170826654579,0.6651874696812887
26106,LOF,0.2548019218433032,0.03710680024031217,0.7080912779163846
26107,LOF,0.015664108069015224,0.06194884780934864,0.9223870441216361
26108,LOF,0.16629875447044898,0.06679246698633706,0.7669087785432139
26109,LOF,0.04959176425641084,0.07283362464258997,0.8775746111009991
26110,LOF,0.4010507409614287,0.01291158404499053,0.5860376749935808
26111,LOF,0.072561448737824,0.0782171194373788,0.8492214318247973
26112,LOF,0.0748302459742923,0.011146434289557937,0.9140233197361498
26113,LOF,0.12956163436422263,0.02825196498433722,0.8421864006514401
26114,LOF,0.10348208617370239,0.012823769299106226,0.8836941445271913
26115,LOF,0.022371485032940987,0.0796623175838539,0.8979661973832052
26116,LOF,0.07851268022635365,0.025641982665480095,0.8958453371081664
26117,LOF,0.39239429735169445,0.03279506110712388,0.5748106415411817
26118,LOF,0.03934361506873267,0.019465948324389505,0.941190436606878
26119,LOF,0.005765740582571499,0.0867026987150994,0.9075315607023291
26120,LOF,0.031397829692655185,0.015150299490281712,0.953451870817063
26121,LOF,0.004391894117653845,0.11784709377092456,0.8777610121114217
26122,LOF,0.005188762597546459,0.10062091719682059,0.894190320205633
