feature0,prediction,LoGoFunc_Neutral,LoGoFunc_GOF,LoGoFunc_LOF
25546,Neutral,0.6510529305272855,0.04501444018779638,0.303932629284918
25547,Neutral,0.5364615555191473,0.09199495298317922,0.3715434914976736
25548,Neutral,0.5072184356428925,0.06517773957890705,0.4276038247782005
25549,Neutral,0.48155974910994853,0.0648681382597921,0.4535721126302593
25550,LOF,0.4109180841258451,0.11219123233029794,0.47689068354385694
25551,LOF,0.3392781108066165,0.10658974499180873,0.5541321442015748
25552,LOF,0.1925645380206753,0.12452370241122632,0.6829117595680984
25553,Neutral,0.8185255633566041,0.03084508501830879,0.1506293516250871
25554,LOF,0.23846697563816202,0.12115199516890333,0.6403810291929347
25555,LOF,0.18962243567987108,0.11348659441153165,0.6968909699085972
25556,Neutral,0.5125013461391852,0.0880673902023024,0.3994312636585125
25557,LOF,0.1830690867540242,0.11668525608741005,0.7002456571585657
25558,LOF,0.2384597152762559,0.12896963771412884,0.6325706470096152
25559,Neutral,0.5691637053019742,0.07756202580132793,0.3532742688966978
25560,LOF,0.04627360299502958,0.3021099831063969,0.6516164138985735
25561,LOF,0.07680884218471329,0.35677099012714125,0.5664201676881455
25562,LOF,0.10561024845945219,0.195130605238169,0.6992591463023787
25563,LOF,0.10494202619365194,0.2025265234283304,0.6925314503780177
25564,LOF,0.07305168562579535,0.293841267362174,0.6331070470120307
25565,LOF,0.15482320279314324,0.16437175469504278,0.680805042511814
25566,GOF,0.015627888251233343,0.761588579729173,0.22278353201959364
25567,LOF,0.012450718444792641,0.1312840305026489,0.8562652510525586
25568,LOF,0.04167946272807012,0.08185997522229106,0.8764605620496388
25569,LOF,0.053366519474832376,0.0792987895720469,0.8673346909531208
25570,LOF,0.05930077330844017,0.10867978500438727,0.8320194416871726
25571,LOF,0.06023286332367894,0.10286575906132585,0.8369013776149952
25572,LOF,0.060578241373869315,0.1373818933985289,0.8020398652276017
25573,LOF,0.02764061042752305,0.09352641983827784,0.878832969734199
25574,LOF,0.015513271634035854,0.14477945933463987,0.8397072690313243
25575,LOF,0.05374399355576562,0.10535174889313464,0.8409042575510998
25576,LOF,0.018432513569180912,0.1013508605441108,0.8802166258867083
25577,LOF,0.012284194198238238,0.13282620425208727,0.8548896015496744
25578,LOF,0.22749907004249623,0.104704271248947,0.6677966587085568
25579,LOF,0.229067639980752,0.10405450226832852,0.6668778577509195
25580,LOF,0.034647241907250985,0.10113793422678878,0.8642148238659603
25581,LOF,0.0465346424335244,0.08354634980804466,0.869919007758431
25582,LOF,0.04620965259141188,0.08029427083873339,0.8734960765698547
25583,LOF,0.04011350403678467,0.10837159508329734,0.851514900879918
25584,Neutral,0.47703922180971375,0.08399009498225438,0.43897068320803184
25585,LOF,0.02841778037782492,0.10335785476835174,0.8682243648538234
25586,LOF,0.03247159853486071,0.08048066326118591,0.8870477382039534
25587,LOF,0.030683394212247285,0.06714285150172893,0.9021737542860239
25588,LOF,0.030133410376092847,0.08800321800246569,0.8818633716214415
25589,Neutral,0.5941624159125937,0.08756777394995584,0.31826981013745054
25590,LOF,0.024307701962985463,0.12214271248252812,0.8535495855544865
25591,LOF,0.09768501591655601,0.06665307522277197,0.835661908860672
25592,LOF,0.08758448416494076,0.13681565061944728,0.775599865215612
25593,LOF,0.013318133656598025,0.2137534717644987,0.7729283945789033
25594,LOF,0.03205367992676964,0.2365425780315173,0.731403742041713
25595,LOF,0.06098117855480005,0.18120014502472945,0.7578186764204704
25596,LOF,0.08153028376704628,0.12304349729857567,0.795426218934378
25597,LOF,0.07734932815702558,0.059544624103778546,0.8631060477391957
25598,LOF,0.0419594595177869,0.233635181738308,0.7244053587439051
25599,GOF,0.006961726226232313,0.6077765112349888,0.3852617625387789
25600,GOF,0.007890862020431,0.5547181834582335,0.43739095452133536
25601,LOF,0.007023851580020936,0.3711832155992911,0.621792932820688
25602,LOF,0.014983326429165115,0.07371387563636768,0.9113027979344671
25603,LOF,0.0374018418893083,0.030741765276636673,0.931856392834055
25604,LOF,0.036789012022080195,0.06501261835085667,0.8981983696270631
25605,LOF,0.01095059624359427,0.20518803516428977,0.7838613685921161
25606,GOF,0.05477208080853062,0.4775356842977441,0.46769223489372536
25607,LOF,0.0037761468023767802,0.15177650071004575,0.8444473524875775
25608,LOF,0.04839340810676142,0.045198123625534437,0.9064084682677042
25609,LOF,0.06068992043278961,0.2578768636124263,0.6814332159547842
25610,LOF,0.04995803413491788,0.03553534018527436,0.9145066256798077
25611,LOF,0.05870256283796051,0.026385925110302005,0.9149115120517376
25612,LOF,0.1264571463073724,0.06858695341233127,0.8049559002802963
25613,LOF,0.10926171971573134,0.061560600337981164,0.8291776799462874
25614,LOF,0.039111406360148426,0.04229611157207951,0.9185924820677721
25615,LOF,0.0809123888724698,0.06138281776102894,0.8577047933665012
25616,LOF,0.0431099704487201,0.060158487603511585,0.8967315419477683
25617,LOF,0.04794248304329789,0.058163595853070606,0.8938939211036314
25618,LOF,0.26627233742022144,0.04563780820045706,0.6880898543793215
25619,LOF,0.0440436392265392,0.04629525071117537,0.9096611100622853
25620,LOF,0.04064370237063471,0.06556752404292035,0.8937887735864449
25621,LOF,0.04114066081599151,0.05187438897268894,0.9069849502113196
25622,LOF,0.033758147676942185,0.07068707979376995,0.8955547725292878
25623,LOF,0.05288157410254662,0.047119588734862564,0.8999988371625908
25624,LOF,0.03315178492484457,0.052726879177984465,0.9141213358971709
25625,LOF,0.03983941048944524,0.06947125738519622,0.8906893321253586
25626,LOF,0.0796647378040165,0.047331058289389695,0.8730042039065937
25627,Neutral,0.5558907362297927,0.1189553437242425,0.32515392004596494
25628,LOF,0.2175636296763179,0.05790718266706591,0.7245291876566162
25629,LOF,0.07127204024317273,0.149336994164185,0.7793909655926424
25630,LOF,0.1846830597155221,0.0926165085895583,0.7227004316949196
25631,Neutral,0.5888748680021555,0.06259152561236854,0.3485336063854761
25632,LOF,0.023058871881905564,0.07728113964730152,0.8996599884707929
25633,LOF,0.23329800348993926,0.09627763714721954,0.6704243593628412
25634,LOF,0.03975541965787128,0.08869250315796341,0.8715520771841653
25635,LOF,0.03856583442550825,0.08097101993187646,0.8804631456426154
25636,GOF,0.005541736771110086,0.6632461572668067,0.3312121059620832
25637,GOF,0.003701062191725092,0.5885725069256222,0.4077264308826527
25638,GOF,0.006800340515717927,0.5520793378087108,0.44112032167557125
25639,GOF,0.0039692871653902295,0.5156537486645152,0.48037696417009457
25640,GOF,0.3177687969777579,0.6251255453642781,0.05710565765796383
25641,LOF,0.0054166078742938955,0.35655494965378837,0.6380284424719177
25642,LOF,0.25764191143952575,0.13708199870447624,0.605276089855998
25643,LOF,0.25923233049757494,0.27819402663392706,0.46257364286849795
25644,GOF,0.015514782556129886,0.6732644338153033,0.31122078362856687
25645,GOF,0.011811360052943162,0.599095813303405,0.3890928266436518
25646,LOF,0.012102054770886552,0.4078256988795715,0.5800722463495419
25647,LOF,0.010903050424005948,0.3057559287351242,0.6833410208408699
25648,LOF,0.008095043781257015,0.39800416146574413,0.5939007947529988
25649,LOF,0.00845179030781184,0.22112588615975193,0.7704223235324362
25650,GOF,0.025517613143453667,0.5400599014910545,0.4344224853654919
25651,LOF,0.006716838910419167,0.26157208825151895,0.7317110728380619
25652,LOF,0.011782114977108234,0.36712603960948087,0.6210918454134109
25653,GOF,0.05350960403519228,0.54043736689351,0.4060530290712978
25654,LOF,0.008814234877007558,0.33910082588729773,0.6520849392356947
25655,GOF,0.07842450970490755,0.4906683112439136,0.4309071790511788
25656,LOF,0.09808152543612672,0.11925960283831086,0.7826588717255624
25657,LOF,0.2901615316865593,0.05149409143058348,0.6583443768828573
25658,LOF,0.03822556467859456,0.20569028763163777,0.7560841476897677
25659,LOF,0.2396688745642342,0.11495430784453588,0.6453768175912299
25660,LOF,0.09070434489730538,0.08255244367562443,0.8267432114270703
25661,LOF,0.07157903064188952,0.06366431282940375,0.8647566565287067
25662,LOF,0.039724437275775654,0.056828302547639216,0.9034472601765852
25663,LOF,0.045522662480320206,0.09677183687306493,0.8577055006466149
25664,LOF,0.03259330162964488,0.13724856949747427,0.8301581288728809
25665,LOF,0.04074680330536138,0.06435995194717688,0.8948932447474617
25666,LOF,0.044794858332112504,0.15087862694033174,0.8043265147275558
25667,LOF,0.04049965107898969,0.04798103340421161,0.9115193155167988
25668,LOF,0.058822234131109895,0.05755596914543413,0.883621796723456
25669,LOF,0.055225286131838046,0.0866151414897046,0.8581595723784574
25670,LOF,0.07527710261592381,0.08459172560777986,0.8401311717762964
25671,LOF,0.05043324128491909,0.04305702785761634,0.9065097308574646
25672,LOF,0.046465479080418315,0.07452195661839235,0.8790125643011895
25673,LOF,0.03829743233214102,0.06919988761527655,0.8925026800525825
25674,LOF,0.026814311406058552,0.08621138257007561,0.8869743060238658
25675,LOF,0.03504437659400523,0.0686100594201926,0.8963455639858022
25676,LOF,0.03656123381292956,0.06187272603381516,0.9015660401532554
25677,LOF,0.09226731279751647,0.05333434563514632,0.8543983415673373
25678,LOF,0.1966856373449843,0.043435061918087575,0.7598793007369281
25679,LOF,0.12984441607783723,0.054646496020414735,0.8155090879017481
25680,LOF,0.09785268061011743,0.0856666875526574,0.8164806318372252
25681,LOF,0.1111557856820005,0.08143666334369762,0.8074075509743018
25682,LOF,0.05102286107203443,0.05365148513598432,0.8953256537919811
25683,LOF,0.07958938083387283,0.0746638704800325,0.8457467486860947
25684,LOF,0.06945979346045238,0.060412134440803344,0.8701280720987442
25685,LOF,0.12970171077670742,0.04005635797167973,0.8302419312516127
25686,LOF,0.02541964136603683,0.08353575278482123,0.8910446058491419
25687,LOF,0.05280752050771222,0.08993389623400015,0.8572585832582876
25688,LOF,0.02186196047338324,0.06263512778735082,0.9155029117392659
25689,LOF,0.019225603358661355,0.03574854596885911,0.9450258506724796
25690,LOF,0.02038887215872568,0.040664562814222385,0.9389465650270519
25691,LOF,0.11547970563811252,0.06253358555282847,0.821986708809059
25692,LOF,0.2797704458549496,0.012314480669788547,0.7079150734752618
25693,LOF,0.034438808816590595,0.2704808676202394,0.6950803235631701
25694,LOF,0.24102725319987028,0.013438709354006194,0.7455340374461235
25695,LOF,0.181807016410269,0.029247545082087104,0.788945438507644
25696,LOF,0.09581001178735932,0.0279845825187562,0.8762054056938846
25697,LOF,0.07678567353150698,0.047455919957048065,0.8757584065114449
25698,LOF,0.017266936388808923,0.4092607109316667,0.5734723526795243
25699,LOF,0.08231626354553448,0.11127408566139593,0.8064096507930696
25700,LOF,0.03784206688665413,0.019562004753747496,0.9425959283595983
25701,LOF,0.01303747879310738,0.09476974776095295,0.8921927734459397
25702,GOF,0.026445281928076034,0.754320991479585,0.21923372659233917
25703,LOF,0.016086043203139958,0.26745277262718925,0.7164611841696709
25704,LOF,0.07608287199660853,0.1726085818669936,0.751308546136398
25705,LOF,0.06311272022590524,0.17713890615942424,0.7597483736146706
25706,GOF,0.018274302909494382,0.689938246335076,0.29178745075542967
25707,GOF,0.028246246531703573,0.5649075701857538,0.4068461832825427
25708,GOF,0.007374377241424727,0.5128651623461234,0.47976046041245185
25709,LOF,0.030615132784582604,0.07563318946166171,0.8937516777537556
25710,LOF,0.006066148004786322,0.14598903633219543,0.8479448156630182
25711,LOF,0.03023961303686876,0.13666545922526405,0.8330949277378673
25712,LOF,0.0085254066012006,0.21223755637809666,0.7792370370207028
25713,LOF,0.029945061100136807,0.12197117707441832,0.848083761825445
25714,LOF,0.025730640040492938,0.15693859386987738,0.8173307660896296
25715,LOF,0.03504789894266253,0.13822098886917206,0.8267311121881654
25716,LOF,0.006698458697847843,0.14888054192706607,0.8444209993750862
25717,LOF,0.006210721351943846,0.12299712205180804,0.870792156596248
25718,LOF,0.03179731569309912,0.08759727408606596,0.8806054102208349
25719,LOF,0.04081844865899433,0.12148443707535939,0.8376971142656462
25720,LOF,0.037922373273149367,0.12683599998878498,0.8352416267380657
25721,LOF,0.02977111962941477,0.12973195445935734,0.8404969259112279
25722,LOF,0.019625552976294015,0.15521906460819865,0.8251553824155073
25723,LOF,0.03304482695244351,0.12140395823007051,0.8455512148174859
25724,LOF,0.049472337315465124,0.2697649441909745,0.6807627184935603
25725,LOF,0.03218853742830174,0.10320251172841491,0.8646089508432835
25726,LOF,0.021605482722457207,0.15308939315172967,0.8253051241258131
25727,LOF,0.02834507951376222,0.11940102329300238,0.8522538971932354
25728,LOF,0.030817461180888597,0.13283650284924026,0.8363460359698711
25729,LOF,0.028203206482320897,0.14777250310841952,0.8240242904092595
25730,LOF,0.03679223195756982,0.08854732790664571,0.8746604401357845
25731,LOF,0.009934284505100902,0.10611693300384197,0.8839487824910571
25732,LOF,0.02208592918215431,0.07914816303904823,0.8987659077787974
25733,LOF,0.03728673835961993,0.08511240867747523,0.8776008529629048
25734,LOF,0.006673633237208354,0.27102177062951804,0.7223045961332736
25735,LOF,0.027415862738601863,0.09572418602742876,0.8768599512339693
25736,LOF,0.02570574152159209,0.17419323324511962,0.8001010252332883
25737,LOF,0.03598427184383737,0.11718266511015997,0.8468330630460026
25738,LOF,0.027739289948010518,0.17178951419533844,0.800471195856651
25739,LOF,0.028821883388012483,0.11829800570194346,0.8528801109100441
25740,LOF,0.039049572380862825,0.14120944234587443,0.8197409852732628
25741,LOF,0.045334378228436494,0.11750060331669461,0.8371650184548688
25742,LOF,0.05672782922870559,0.12261086670735319,0.8206613040639412
25743,LOF,0.01172513005567143,0.025908084050950683,0.9623667858933779
25744,LOF,0.20146437804556333,0.14158924614047638,0.6569463758139602
25745,LOF,0.03347930595937553,0.05513681084630158,0.9113838831943228
25746,LOF,0.014784196892809638,0.09087011464279889,0.8943456884643916
25747,LOF,0.05245528104340639,0.030533739515675114,0.9170109794409186
25748,LOF,0.316876141053408,0.05790499356269303,0.625218865383899
25749,LOF,0.015828730520585137,0.05262394498008218,0.9315473244993326
25750,LOF,0.022398663407330842,0.05707181777999154,0.9205295188126776
25751,LOF,0.049155024543846834,0.04536610919865306,0.9054788662575002
25752,GOF,0.06876689403070124,0.6859563995520541,0.2452767064172446
25753,LOF,0.007281108088943358,0.4657297884409546,0.5269891034701021
25754,GOF,0.007728576475368986,0.9025557767941575,0.08971564673047351
25755,LOF,0.007076437898423902,0.4441423195574634,0.5487812425441125
25756,LOF,0.02255677455938337,0.43437579414217575,0.5430674312984409
25757,GOF,0.007807689700370489,0.8833833309711348,0.10880897932849473
25758,GOF,0.0083318741639595,0.8977363560671712,0.09393176976886947
25759,GOF,0.0058944710810342376,0.6992378427368348,0.29486768618213094
25760,LOF,0.005653995951667925,0.3546938261450981,0.6396521779032339
25761,GOF,0.04584109694014305,0.8703074871065791,0.0838514159532777
25762,LOF,0.025615383788591305,0.3614935688238432,0.6128910473875655
25763,LOF,0.005548839675110654,0.3250942476954102,0.6693569126294792
25764,GOF,0.061800162064691515,0.6831500056908026,0.25504983224450595
25765,GOF,0.00834301563456601,0.8902921538227677,0.10136483054266629
25766,GOF,0.025692498552925862,0.8491159787970648,0.1251915226500095
25767,GOF,0.016547063497276245,0.5418980393056102,0.44155489719711355
25768,LOF,0.05045411167516589,0.046843971570428744,0.9027019167544053
25769,LOF,0.02461276283507246,0.07973965173522257,0.8956475854297049
25770,LOF,0.1300475831595095,0.15199072262822744,0.7179616942122631
25771,LOF,0.018652019825578948,0.10195666129055778,0.8793913188838632
25772,LOF,0.029556881483969778,0.035593838236456316,0.9348492802795739
25773,LOF,0.014564972574676082,0.08146729350100222,0.9039677339243217
25774,LOF,0.025442529750778785,0.2244745576375807,0.7500829126116405
25775,LOF,0.01886395462590483,0.04630355741879423,0.934832487955301
25776,LOF,0.02910426050564071,0.02331132941675637,0.9475844100776029
25777,LOF,0.3109536539865343,0.11479076856088233,0.5742555774525835
25778,LOF,0.0240287306544447,0.08582774332744617,0.8901435260181091
25779,GOF,0.05394997996354678,0.8810820492632717,0.06496797077318145
25780,GOF,0.06455880349895224,0.8808809628189613,0.0545602336820863
25781,GOF,0.028260437429824314,0.8489034602039454,0.12283610236623033
25782,GOF,0.03634639062935331,0.9020695053580725,0.06158410401257413
25783,GOF,0.03602438033472265,0.9153894732566118,0.04858614640866556
25784,GOF,0.1164795168526338,0.8394162568873798,0.04410422625998648
25785,GOF,0.11499198992149516,0.8533838791488617,0.03162413092964302
25786,GOF,0.010540639464919965,0.8854777595872135,0.1039816009478665
25787,GOF,0.24449910097399244,0.7126725325163418,0.042828366509665775
25788,LOF,0.019180364175232903,0.21439918432157246,0.7664204515031947
25789,GOF,0.01979504792693967,0.8657805272716397,0.11442442480142082
25790,GOF,0.028961125235351482,0.9055430045485735,0.06549587021607489
25791,GOF,0.026168711338725305,0.7710650682532496,0.2027662204080251
25792,GOF,0.03280168403894702,0.8167930866008148,0.1504052293602382
25793,GOF,0.039689310879282604,0.8158335791022135,0.14447711001850386
25794,GOF,0.04761505793346646,0.752923863727025,0.19946107833950863
25795,GOF,0.050461634978641895,0.7726617982393097,0.17687656678204838
25796,GOF,0.12664333492325752,0.8034418043719482,0.06991486070479426
25797,GOF,0.07102972456828201,0.7386897993127934,0.19028047611892468
25798,GOF,0.007277579143002575,0.8324963585920537,0.16022606226494374
25799,GOF,0.004726362943104893,0.7333251966312677,0.2619484404256274
25800,GOF,0.025241724854436792,0.8653883407713813,0.10936993437418191
25801,GOF,0.024482250784431756,0.9037007441642495,0.07181700505131877
25802,GOF,0.02751407292204403,0.7983404706198682,0.17414545645808785
25803,GOF,0.01967515029299692,0.7540600024515348,0.22626484725546814
25804,GOF,0.032016451657541675,0.818905981748818,0.14907756659364027
25805,GOF,0.02979909993173852,0.8533609419105848,0.11683995815767682
25806,GOF,0.03787692681947056,0.8500917335019854,0.11203133967854416
25807,GOF,0.015816049955496184,0.816767445479786,0.16741650456471793
25808,GOF,0.02634259927590424,0.8230775485367882,0.15057985218730766
25809,GOF,0.013764300277444064,0.7892024873937287,0.1970332123288272
25810,GOF,0.011870551153449092,0.7738368649593457,0.21429258388720518
25811,GOF,0.07138959949006009,0.8634124838911987,0.06519791661874125
25812,GOF,0.030504246069460728,0.7959688833429519,0.17352687058758734
25813,GOF,0.16950301581301716,0.7584072211088791,0.07208976307810383
25814,GOF,0.027449348358689087,0.7962093200449123,0.17634133159639856
25815,GOF,0.05588555660724099,0.8124602316934055,0.13165421169935346
25816,GOF,0.00969862202243101,0.8813454778506815,0.10895590012688745
25817,GOF,0.1064320407505508,0.7691275111238332,0.12444044812561605
25818,GOF,0.028948747572305637,0.8137453573338607,0.15730589509383378
25819,GOF,0.04889126040619094,0.7985030069467856,0.15260573264702337
25820,GOF,0.05449722644210658,0.7703230929635524,0.175179680594341
25821,GOF,0.03729366765337447,0.8155920129015338,0.1471143194450917
25822,GOF,0.05558105387318807,0.7879179733321987,0.1565009727946132
25823,GOF,0.029411538420307665,0.7423653370671953,0.22822312451249696
25824,GOF,0.02832586496835388,0.8049132432333987,0.1667608917982473
25825,GOF,0.02087256973382091,0.804419230744476,0.17470819952170313
25826,GOF,0.011379987245995659,0.7580658887996771,0.2305541239543273
25827,GOF,0.016864853684223947,0.7665191162309335,0.21661603008484254
25828,GOF,0.011065439179289274,0.8068850218254748,0.18204953899523585
25829,GOF,0.004501858504005089,0.6872443489738451,0.30825379252214974
25830,GOF,0.048173910168856214,0.5650787314195862,0.3867473584115576
25831,GOF,0.06849978841775071,0.818263436290631,0.11323677529161823
25832,GOF,0.011204482081300274,0.7661402442129712,0.22265527370572843
25833,GOF,0.03789595352217346,0.8279605298510483,0.1341435166267783
25834,GOF,0.011304104048509775,0.7797298799658586,0.2089660159856315
25835,GOF,0.025708793497048913,0.8417901325840168,0.1325010739189342
25836,GOF,0.007361699410101419,0.7773922628117547,0.21524603777814394
25837,GOF,0.00945583181116382,0.802781651946496,0.18776251624234017
25838,GOF,0.020091674599332622,0.8539010659738888,0.12600725942677862
25839,GOF,0.04355073445694564,0.818520522110741,0.13792874343231348
25840,GOF,0.08113821124869393,0.7852115749857069,0.13365021376559913
25841,GOF,0.07261814313295191,0.8207263498545762,0.10665550701247195
25842,GOF,0.026784844639469424,0.8895003093067615,0.08371484605376908
25843,GOF,0.025272952541499565,0.8925481762806614,0.082178871177839
25844,GOF,0.019573967003508816,0.8274680505071619,0.15295798248932926
25845,GOF,0.0068600446000041775,0.7370392361402595,0.2561007192597362
25846,GOF,0.06855872920245759,0.8454778427582923,0.08596342803925022
25847,GOF,0.016378194649424527,0.8889587431757888,0.09466306217478668
25848,GOF,0.023039197412095386,0.8391338473661542,0.13782695522175042
25849,GOF,0.007448799774995984,0.8103946552378426,0.18215654498716144
25850,GOF,0.0067832848852511455,0.7280235392651857,0.2651931758495632
25851,GOF,0.006169120063536885,0.6724592026862343,0.32137167725022886
25852,GOF,0.1392872782693182,0.555937466691516,0.3047752550391658
25853,GOF,0.051176922110820394,0.8169801505678417,0.13184292732133798
25854,GOF,0.006326771094152758,0.769264509471007,0.2244087194348402
25855,GOF,0.021261887588897275,0.6429985938703687,0.335739518540734
25856,GOF,0.04275652895859484,0.7346246093888699,0.2226188616525353
25857,GOF,0.021152537032579237,0.6358106030304186,0.3430368599370022
25858,GOF,0.009292616862145185,0.6442556279275751,0.34645175521027977
25859,GOF,0.006877233581554489,0.6160601675244775,0.37706259889396804
25860,GOF,0.08538784885603015,0.7520214875711283,0.16259066357284138
25861,GOF,0.09742227939452534,0.8232672016876791,0.07931051891779554
25862,GOF,0.022254117006290396,0.9072946323724315,0.07045125062127802
25863,GOF,0.01867669799455833,0.8823078429671383,0.09901545903830328
25864,GOF,0.03345209801469039,0.9013813484578109,0.06516655352749876
25865,GOF,0.033673497866889356,0.8771703223261191,0.08915617980699149
25866,GOF,0.017583038057737418,0.8755696848670843,0.10684727707517817
25867,GOF,0.04001469156467736,0.8744196974555712,0.08556561097975143
25868,GOF,0.06297012917433704,0.7998893915194414,0.13714047930622159
25869,GOF,0.30104686848438156,0.6039921261774441,0.09496100533817421
25870,GOF,0.06692309130821147,0.6154639540439873,0.31761295464780115
25871,GOF,0.00914111564060022,0.8444501912581907,0.14640869310120916
25872,GOF,0.02054499948416495,0.8293264781217432,0.15012852239409194
25873,GOF,0.01920284945474029,0.8914479683253164,0.08934918221994322
25874,LOF,0.024903061729823872,0.2206406401739587,0.7544562980962175
25875,LOF,0.02232151882761914,0.0967325531691924,0.8809459280031884
25876,LOF,0.024904976242714927,0.04547875946929468,0.9296162642879905
25877,LOF,0.1029912974846489,0.17919084111193848,0.7178178614034126
25878,LOF,0.0689179060250694,0.24511307676541255,0.6859690172095181
25879,LOF,0.01102179280142069,0.15530895680709647,0.8336692503914828
25880,LOF,0.05271378185216696,0.01612163583992965,0.9311645823079034
25881,Neutral,0.515117522603463,0.17026771743411884,0.31461475996241817
25882,LOF,0.04612757212698508,0.03679323231867866,0.9170791955543363
25883,LOF,0.027379456039790154,0.031724525117193834,0.940896018843016
25884,LOF,0.016351884259968103,0.048693763786814385,0.9349543519532176
25885,LOF,0.1497431689258746,0.01541647213430396,0.8348403589398214
25886,LOF,0.2633735815247831,0.06902217848800482,0.6676042399872122
25887,LOF,0.06627818137874004,0.2102879756989524,0.7234338429223075
25888,LOF,0.007036991877779142,0.22869339297174449,0.7642696151504764
25889,LOF,0.0241580917205578,0.042642376503152946,0.9331995317762891
25890,LOF,0.20200306985643388,0.07005407479999128,0.7279428553435748
25891,LOF,0.11064817360299774,0.04314122347188624,0.8462106029251161
25892,LOF,0.00854333917079939,0.035726985429255315,0.9557296753999452
25893,LOF,0.2840173777192178,0.012654829540242668,0.7033277927405395
25894,LOF,0.32670043264387794,0.009090958858306785,0.6642086084978153
25895,LOF,0.2742822091310285,0.017780759043555985,0.7079370318254156
25896,LOF,0.08501521647765076,0.04222455439564076,0.8727602291267086
25897,LOF,0.11396075802820009,0.0160228893836783,0.8700163525881216
25898,LOF,0.1094796055146029,0.038267806183630675,0.8522525883017664
25899,LOF,0.38269359999287095,0.04942089996448158,0.5678855000426476
25900,Neutral,0.6828522853612675,0.017063241479911354,0.3000844731588211
25901,LOF,0.05576094308175684,0.01807965455332443,0.9261594023649188
25902,LOF,0.07429951788562406,0.01243767246809587,0.91326280964628
25903,LOF,0.14560389717033884,0.03247788607030935,0.8219182167593517
25904,Neutral,0.4737869668848172,0.08447350494138557,0.4417395281737973
25905,LOF,0.007835916036862945,0.34225109865155595,0.649912985311581
25906,LOF,0.00817573951228366,0.06088327265480662,0.9309409878329098
25907,LOF,0.008910075008263248,0.2412841231952237,0.7498058017965131
25908,LOF,0.008210221092193838,0.21077019799512992,0.7810195809126762
25909,LOF,0.03320439914330736,0.10834367711653282,0.8584519237401598
25910,LOF,0.01539458877972695,0.10951229019748548,0.8750931210227876
25911,LOF,0.17794360643468018,0.024303204672880756,0.7977531888924391
25912,LOF,0.12463512245570797,0.02345662481744199,0.85190825272685
25913,LOF,0.018664091587214673,0.028367100822383334,0.9529688075904019
25914,LOF,0.04787532176179947,0.02670966724589635,0.9254150109923043
25915,LOF,0.22630676682563772,0.23482939273584205,0.5388638404385202
25916,LOF,0.014423868738871443,0.1354584834576807,0.8501176478034478
25917,LOF,0.06877978241371024,0.03945377903003279,0.8917664385562569
25918,LOF,0.05231301956789713,0.019400577806634695,0.9282864026254681
25919,LOF,0.04014349605549441,0.0214945080076431,0.9383619959368625
25920,LOF,0.36591921108358133,0.2047401085712718,0.429340680345147
25921,LOF,0.019021557693264596,0.01934657513008004,0.9616318671766553
25922,LOF,0.02003970750354939,0.019066663480252932,0.9608936290161977
25923,LOF,0.45077048883054194,0.012217103060797749,0.5370124081086602
25924,LOF,0.02783477272315074,0.01801856744907838,0.9541466598277708
25925,LOF,0.1064417837413368,0.02710841449592968,0.8664498017627336
25926,LOF,0.09002034658355243,0.01899796230556181,0.8909816911108859
25927,LOF,0.026480825612204658,0.025979975047640415,0.9475391993401548
25928,LOF,0.014243130909545418,0.011874956591669275,0.9738819124987853
25929,Neutral,0.5888385178058311,0.012011653813763528,0.3991498283804054
25930,LOF,0.058518493415743326,0.011303205102480474,0.9301783014817762
25931,LOF,0.015237694659216712,0.011032534738183244,0.9737297706026
25932,LOF,0.07562272900866596,0.010534642517094498,0.9138426284742395
25933,LOF,0.08120850559337098,0.007311748278591167,0.9114797461280378
25934,LOF,0.08226649888737221,0.007810782481973794,0.909922718630654
25935,LOF,0.09960393201272849,0.022076626946247235,0.8783194410410242
25936,LOF,0.09576674144675712,0.007678696807370754,0.8965545617458722
25937,LOF,0.015912839830991482,0.015076737513142915,0.9690104226558656
25938,LOF,0.10010034627813326,0.019678436972206545,0.8802212167496603
25939,LOF,0.06355262226112388,0.012828784170489566,0.9236185935683866
25940,LOF,0.010400425114087222,0.4656694525175021,0.5239301223684107
25941,LOF,0.47252065172814905,0.035002450736553836,0.49247689753529694
25942,LOF,0.011418920402114376,0.05224740153695155,0.9363336780609339
25943,LOF,0.05163135351174837,0.1611268507557182,0.7872417957325333
25944,LOF,0.05031038725394505,0.10214945714343987,0.8475401556026151
25945,LOF,0.19320259600972395,0.028132940356308568,0.7786644636339675
25946,LOF,0.09193839511246849,0.06496652891920651,0.843095075968325
25947,Neutral,0.5147794985177684,0.13645469697989204,0.3487658045023395
25948,Neutral,0.5217995581764122,0.02058409956082369,0.45761634226276404
25949,LOF,0.12888088410037643,0.046433341172689865,0.8246857747269337
25950,GOF,0.09384786603909534,0.6538828982363185,0.2522692357245862
25951,GOF,0.014100130693641381,0.5208107549208074,0.46508911438555117
25952,LOF,0.14899421028043908,0.3030222027348777,0.5479835869846832
25953,LOF,0.007059587039964808,0.32505817811132165,0.6678822348487136
25954,GOF,0.06511257675987027,0.48372301443469895,0.4511644088054307
25955,LOF,0.007431703050642714,0.3445421622727643,0.648026134676593
25956,LOF,0.010021750601493224,0.35866701520487587,0.6313112341936309
25957,LOF,0.17407687036490285,0.04785695173253103,0.7780661779025663
25958,LOF,0.025013725325299125,0.06439427293028119,0.9105920017444197
25959,GOF,0.006592412245569335,0.7193424723424541,0.27406511541197665
25960,LOF,0.005159517582452364,0.10876336240765444,0.8860771200098932
25961,LOF,0.02561225954792071,0.058292785698882875,0.9160949547531964
25962,LOF,0.04155994872368445,0.08856572659619952,0.869874324680116
25963,LOF,0.01048766023957593,0.11973588835622848,0.8697764514041957
25964,LOF,0.04923949671026998,0.08040601743653208,0.870354485853198
25965,LOF,0.1879327167922892,0.1491000352408494,0.6629672479668612
25966,LOF,0.36040949456904176,0.14156432189548693,0.49802618353547123
25967,LOF,0.007301484744788919,0.11423659289186668,0.8784619223633443
25968,LOF,0.05185239703022342,0.26333842613782993,0.6848091768319468
25969,LOF,0.13628514975363484,0.0667610509556399,0.7969537992907253
25970,LOF,0.05402819307609702,0.060389836295382006,0.885581970628521
25971,LOF,0.0686766393964685,0.028882594799435526,0.9024407658040959
25972,LOF,0.07578418183778807,0.032965146908044765,0.8912506712541671
25973,LOF,0.08092054907400706,0.012715814987625142,0.9063636359383679
25974,LOF,0.06599887910373343,0.039869084824464086,0.8941320360718025
25975,LOF,0.027666040301391057,0.015240486631468642,0.9570934730671404
25976,LOF,0.08950644857086774,0.015206920049457682,0.8952866313796746
25977,LOF,0.23440029181080785,0.07090970487357473,0.6946900033156175
25978,LOF,0.17049113234676833,0.14486852970227454,0.6846403379509572
25979,LOF,0.12497215553273405,0.14883882698180786,0.7261890174854582
25980,LOF,0.18810350810043988,0.26039660229802486,0.5514998896015353
25981,LOF,0.18999589640794376,0.26548388892552577,0.5445202146665306
25982,LOF,0.281263690163016,0.13684672579260035,0.5818895840443837
25983,Neutral,0.46395009448461044,0.1179702509622803,0.41807965455310925
25984,LOF,0.062244435142876475,0.07670013304044031,0.8610554318166832
25985,Neutral,0.4709638922238829,0.1310439970117247,0.3979921107643924
25986,LOF,0.012755918190075865,0.3867838979762528,0.6004601838336713
25987,LOF,0.034820344879143886,0.0959924250225759,0.8691872300982803
25988,LOF,0.04424066548155187,0.12211731724482837,0.8336420172736198
25989,LOF,0.04338517482320562,0.14186148425931588,0.8147533409174784
25990,LOF,0.04423108460483982,0.25510202143688104,0.7006668939582791
25991,GOF,0.023216738561599996,0.5322004920693169,0.44458276936908325
25992,LOF,0.012428149493509384,0.38734018676849363,0.6002316637379969
25993,LOF,0.022663295381190322,0.05316484747782324,0.9241718571409864
25994,LOF,0.028894095321492293,0.0625582967096817,0.908547607968826
25995,LOF,0.020471040811110126,0.09907510721824948,0.8804538519706404
25996,GOF,0.35683328082631466,0.40055255173391546,0.24261416743976996
25997,GOF,0.07180244512021063,0.5819105186484367,0.34628703623135265
25998,LOF,0.24666866143317434,0.03146991147708141,0.7218614270897443
25999,LOF,0.029295255796359738,0.2550460417490042,0.715658702454636
26000,LOF,0.15670788294610705,0.015091876047465109,0.8282002410064279
26001,LOF,0.15461282781119093,0.018293109092694285,0.8270940630961148
26002,LOF,0.10313623632067159,0.017838183979721308,0.879025579699607
26003,GOF,0.006482513131694698,0.5593587184144901,0.434158768453815
26004,GOF,0.01737723470881639,0.5834356024066253,0.39918716288455824
26005,LOF,0.005788156184053766,0.4892606702088641,0.5049511736070821
26006,GOF,0.10397003483553886,0.49876783989494927,0.3972621252695118
26007,GOF,0.009883902952018723,0.5457889151554142,0.44432718189256704
26008,GOF,0.006951170574696308,0.5945199893286842,0.3985288400966194
26009,GOF,0.013237207619094677,0.6130963467288703,0.3736664456520352
26010,GOF,0.011047459510258697,0.5281023354374716,0.4608502050522696
26011,LOF,0.006009445893073422,0.38875120680383923,0.6052393473030875
26012,GOF,0.005568283528026688,0.5123733129067017,0.4820584035652717
26013,LOF,0.011422499375705119,0.47454223639902815,0.5140352642252667
26014,LOF,0.05412575453405542,0.08806877169055206,0.8578054737753925
26015,LOF,0.36645657542212395,0.025287000699904884,0.6082564238779712
26016,LOF,0.2609372439738886,0.044539584023298225,0.6945231720028131
26017,LOF,0.01655700480501959,0.1596245918982929,0.8238184032966875
26018,LOF,0.020694564094141416,0.0933545659293395,0.8859508699765192
26019,LOF,0.02046852706432333,0.08534883266765901,0.8941826402680175
26020,LOF,0.006916606505406713,0.13900716229782487,0.8540762311967683
26021,LOF,0.07932636497506501,0.07136427187135828,0.8493093631535766
26022,LOF,0.04407663920162568,0.03169188836017841,0.9242314724381958
26023,LOF,0.03176316003984358,0.06761542266093004,0.9006214172992264
26024,LOF,0.04971393444946323,0.055904140168439476,0.8943819253820974
26025,LOF,0.13819518507368023,0.06550385926617684,0.7963009556601429
26026,LOF,0.10849294155581603,0.051631478460869275,0.8398755799833146
26027,LOF,0.028344764785158794,0.04149482527669855,0.9301604099381426
26028,LOF,0.0892538340034147,0.19720131850037192,0.7135448474962134
26029,LOF,0.035273622756795936,0.18726371533795708,0.7774626619052469
26030,LOF,0.12955077622962136,0.022409854538223167,0.8480393692321555
26031,LOF,0.016134513913407946,0.18457848850385145,0.7992869975827406
26032,LOF,0.029758815699804254,0.031234795633260287,0.9390063886669354
26033,LOF,0.050415092867792624,0.05326946022743049,0.8963154469047769
26034,LOF,0.022446702572433103,0.11838038762589939,0.8591729098016676
26035,LOF,0.01302838546282721,0.13768304344318857,0.8492885710939843
26036,LOF,0.012220984541617401,0.11135581401720042,0.8764232014411821
26037,LOF,0.0117330053978567,0.1263660356935058,0.8619009589086375
26038,LOF,0.025684039581609062,0.03036258938796251,0.9439533710304285
26039,LOF,0.03362266134087213,0.1695359691577259,0.7968413695014019
26040,LOF,0.07357729481640156,0.19121318962000458,0.7352095155635938
26041,LOF,0.014789433688477136,0.1326395214180725,0.8525710448934505
26042,LOF,0.01382504551979336,0.14028042647782027,0.8458945280023864
26043,LOF,0.025903042143395203,0.05454005341455377,0.9195569044420511
26044,LOF,0.007797147817564674,0.06086931327605888,0.9313335389063765
26045,LOF,0.08643610823989446,0.2764518142458088,0.6371120775142967
26046,LOF,0.02627490971993211,0.05269492884278706,0.9210301614372809
26047,LOF,0.07589124628817998,0.04769793231265801,0.8764108213991622
26048,LOF,0.08396310259922117,0.026905367193352316,0.8891315302074265
26049,Neutral,0.9396726089717174,0.006745474490373026,0.053581916537909446
26050,Neutral,0.8974434821585064,0.008440136663158189,0.09411638117833543
26051,LOF,0.033985079632824135,0.29121731586955457,0.6747976044976213
26052,LOF,0.03713098558914409,0.19136340604019794,0.771505608370658
26053,LOF,0.023561686281394243,0.18035719000876985,0.796081123709836
26054,LOF,0.05547485483910086,0.07282902874252589,0.8716961164183733
26055,LOF,0.07407889777805413,0.07693113614645455,0.8489899660754914
26056,LOF,0.07036701830452417,0.0804914267717364,0.8491415549237393
26057,LOF,0.04621692985973159,0.018464287485438862,0.9353187826548295
26058,LOF,0.05069810098075415,0.015137893472994221,0.9341640055462517
26059,LOF,0.2538719663298576,0.10824389261041129,0.6378841410597311
26060,LOF,0.021344901400992097,0.18556408165908986,0.793091016939918
26061,LOF,0.014462822173227727,0.012028468441536138,0.9735087093852361
26062,LOF,0.0061963743428561065,0.02416389752993575,0.9696397281272082
26063,LOF,0.04449423075235245,0.01442132714623766,0.94108444210141
26064,LOF,0.008910802622118004,0.016137320248206168,0.9749518771296758
26065,LOF,0.05224957986921031,0.02124702420290578,0.9265033959278839
26066,LOF,0.04328393174802214,0.01294943903430652,0.9437666292176713
26067,LOF,0.047575341011142074,0.014745748994611932,0.937678909994246
26068,LOF,0.05353355971735992,0.05662455766883948,0.8898418826138006
26069,LOF,0.20023992457001064,0.04659781678667209,0.7531622586433172
26070,Neutral,0.4888398721860835,0.025477366028987196,0.4856827617849292
26071,LOF,0.05329526395489083,0.01889524529410946,0.9278094907509997
26072,LOF,0.008694946247382197,0.02000044873088113,0.9713046050217367
26073,LOF,0.04989781781079373,0.01403227964835631,0.9360699025408501
26074,Neutral,0.7102949263231292,0.020973238784182724,0.2687318348926882
26075,LOF,0.04357672262997507,0.03976823867170878,0.9166550386983161
26076,LOF,0.05013013439438535,0.01943834557783444,0.9304315200277802
26077,LOF,0.18217647613160803,0.017544222342690728,0.8002793015257011
26078,LOF,0.006840365587118333,0.024985019590029505,0.9681746148228522
26079,LOF,0.059456388232373175,0.03885987324904575,0.9016837385185811
26080,LOF,0.058770740479452986,0.03913866348034574,0.9020905960402013
26081,LOF,0.05233624580802379,0.016719876735498088,0.9309438774564781
26082,LOF,0.007164583089703858,0.02462857976488151,0.9682068371454146
26083,LOF,0.0649317882196519,0.03185839468327327,0.9032098170970747
26084,LOF,0.07488905450343808,0.019508355874201053,0.9056025896223608
26085,LOF,0.06851859761635493,0.016537961529380484,0.9149434408542645
26086,LOF,0.04272369859792713,0.021234011023134946,0.9360422903789378
26087,LOF,0.04593308643538568,0.01628715929414869,0.9377797542704656
26088,LOF,0.007974252975977971,0.034323959587229155,0.9577017874367928
26089,LOF,0.03939077689085408,0.05989520868710423,0.9007140144220417
26090,LOF,0.039363658259541835,0.050676969424933244,0.9099593723155249
26091,LOF,0.03695262679646947,0.014638591758679861,0.9484087814448507
26092,LOF,0.048683832174230945,0.013999562119451428,0.9373166057063176
26093,LOF,0.07788977371483455,0.008349699565700808,0.9137605267194647
26094,LOF,0.04649245031518597,0.011221744919510676,0.9422858047653033
26095,LOF,0.014068610211449062,0.02991476247782884,0.956016627310722
26096,LOF,0.29441671450797213,0.005342718614691551,0.7002405668773364
26097,LOF,0.007625572886002265,0.052134102287845395,0.9402403248261523
26098,LOF,0.06000370567075916,0.03929549883129147,0.9007007954979493
26099,LOF,0.056631275470306906,0.0379794781642252,0.9053892463654679
26100,LOF,0.056631275470306906,0.0379794781642252,0.9053892463654679
26101,LOF,0.0545739642785188,0.049943777498148066,0.8954822582233333
26102,LOF,0.04681944178876198,0.022070592338954167,0.9311099658722838
26103,Neutral,0.8965519595203937,0.04531416740155224,0.05813387307805402
26104,LOF,0.049526366814743206,0.10827871498066662,0.8421949182045901
26105,LOF,0.24876394303089458,0.0661463871191862,0.6850896698499191
26106,LOF,0.293920562769803,0.04191633060939287,0.6641631066208041
26107,LOF,0.01686914057814678,0.05845610539489705,0.9246747540269562
26108,LOF,0.17687504556589836,0.058985431242171496,0.76413952319193
26109,LOF,0.05288889870686613,0.04672337617413439,0.9003877251189993
26110,LOF,0.462320575356614,0.016138008584236956,0.521541416059149
26111,LOF,0.05890463026917439,0.11059228603555508,0.8305030836952705
26112,LOF,0.0740156118240538,0.013148897602779456,0.9128354905731667
26113,LOF,0.07051049753812012,0.024497365338351965,0.9049921371235279
26114,LOF,0.11135065134830459,0.010065568532040341,0.8785837801196551
26115,LOF,0.022272205296582418,0.06095700459472659,0.916770790108691
26116,LOF,0.06701989640230473,0.0201280866261058,0.9128520169715895
26117,LOF,0.36289618834598103,0.05354630132071042,0.5835575103333086
26118,LOF,0.035256951147033665,0.023212562561258213,0.9415304862917081
26119,LOF,0.005457439132632142,0.09603949432216086,0.898503066545207
26120,LOF,0.028991317843213564,0.018100848791790827,0.9529078333649957
26121,LOF,0.0039845259921504365,0.11768434307697904,0.8783311309308705
