feature0,prediction,LoGoFunc_Neutral,LoGoFunc_GOF,LoGoFunc_LOF
25546,Neutral,0.7822731178674114,0.02581385941995873,0.19191302271262983
25547,Neutral,0.6517742043243614,0.055545662394987184,0.2926801332806515
25548,Neutral,0.6247517593084152,0.04504089104557212,0.33020734964601267
25549,Neutral,0.5521784585597354,0.04639887903082521,0.40142266240943936
25550,LOF,0.3566881186583896,0.10983725430532842,0.533474627036282
25551,LOF,0.29122454727095554,0.12363393518377198,0.5851415175452724
25552,LOF,0.1846373552300885,0.13604206750851344,0.679320577261398
25553,Neutral,0.8311976733818138,0.031193564927379926,0.13760876169080624
25554,LOF,0.22830542276915708,0.12817433716156604,0.6435202400692769
25555,LOF,0.18432015758678147,0.10368093292107161,0.7119989094921468
25556,LOF,0.4130429348213115,0.10450110200431198,0.48245596317437656
25557,LOF,0.17723159492589613,0.11749728811492269,0.7052711169591812
25558,LOF,0.22679084858821918,0.12943786503062396,0.6437712863811569
25559,LOF,0.3623120651390165,0.06345167215331331,0.5742362627076701
25560,LOF,0.06542551303801755,0.1826108765962038,0.7519636103657786
25561,LOF,0.11485474546099764,0.21116018750642002,0.6739850670325824
25562,LOF,0.11149265353195455,0.09815470864211949,0.7903526378259259
25563,LOF,0.1167259166786948,0.10699864790297249,0.7762754354183327
25564,LOF,0.1682747071492849,0.1984018746061482,0.6333234182445668
25565,LOF,0.11877292506416293,0.1762124631021209,0.7050146118337162
25566,GOF,0.014105794352799893,0.7340748227627377,0.2518193828844623
25567,LOF,0.013288927589979049,0.12428326712018174,0.8624278052898392
25568,LOF,0.04796549801917417,0.05669179431183151,0.8953427076689944
25569,LOF,0.06054019624247722,0.054523957974104045,0.8849358457834187
25570,LOF,0.06721525701968921,0.09452185146763385,0.838262891512677
25571,LOF,0.06224737156599284,0.08438152470553555,0.8533711037284716
25572,LOF,0.05837092875781605,0.12980099881868473,0.8118280724234993
25573,LOF,0.02878169679882589,0.08512992326551036,0.8860883799356638
25574,LOF,0.018372631498752692,0.14337955091942223,0.8382478175818251
25575,LOF,0.05329579446864282,0.09419146063556048,0.8525127448957965
25576,LOF,0.018313233708467817,0.1085935275297749,0.8730932387617573
25577,LOF,0.014787218626316956,0.13084100989130093,0.8543717714823821
25578,LOF,0.2344518927465235,0.07595517264569682,0.6895929346077796
25579,LOF,0.23664853610584113,0.07516193391507398,0.6881895299790849
25580,LOF,0.038099962137552415,0.0783663036328568,0.8835337342295908
25581,LOF,0.04934717704153439,0.05984356406457984,0.8908092588938856
25582,LOF,0.04903461189641502,0.057578797395324996,0.89338659070826
25583,LOF,0.044054582901338867,0.08260920723833481,0.8733362098603265
25584,LOF,0.4570235921409485,0.08190693629757319,0.4610694715614784
25585,LOF,0.03601804104536709,0.10190179033175781,0.8620801686228752
25586,LOF,0.041265736119452244,0.07726750315229322,0.8814667607282545
25587,LOF,0.03675056878878379,0.07411071758320027,0.8891387136280159
25588,LOF,0.037209171224965164,0.09088094297914757,0.8719098857958872
25589,Neutral,0.6114387197790248,0.09881173101720604,0.2897495492037691
25590,LOF,0.02967039781349138,0.12695304783427955,0.8433765543522291
25591,LOF,0.11398374792794387,0.04599616515835179,0.8400200869137043
25592,LOF,0.10197717914903172,0.12599268432564178,0.7720301365253265
25593,LOF,0.017684839901932394,0.24179822202234297,0.7405169380757246
25594,LOF,0.036263897096329045,0.1915388779574067,0.7721972249462642
25595,LOF,0.05557419376406627,0.1580031085046658,0.7864226977312679
25596,LOF,0.0597199471130577,0.09695393362487573,0.8433261192620666
25597,LOF,0.06320486066792119,0.07177583651763063,0.8650193028144482
25598,LOF,0.046104258129243396,0.19210561822272584,0.7617901236480308
25599,GOF,0.00684907932986812,0.7105689041335783,0.2825820165365535
25600,GOF,0.00796610575329347,0.5785935829077897,0.41344031133891684
25601,LOF,0.006120346655283178,0.4643937369402739,0.529485916404443
25602,LOF,0.017650675264571303,0.06267168121546261,0.919677643519966
25603,LOF,0.03624647154744802,0.02789051729423249,0.9358630111583195
25604,LOF,0.049436314512650285,0.06489255039126071,0.8856711350960891
25605,LOF,0.009691620414652666,0.29271584405869117,0.6975925355266561
25606,LOF,0.056224736940591054,0.4666179050725528,0.47715735798685627
25607,LOF,0.004045207271871282,0.1510260476426265,0.8449287450855022
25608,LOF,0.07074196515227361,0.059961341171035784,0.8692966936766905
25609,LOF,0.06099694330821988,0.38015032431370804,0.5588527323780721
25610,LOF,0.0523662749232223,0.03219504652940746,0.9154386785473703
25611,LOF,0.062257243614202054,0.026226566311027977,0.91151619007477
25612,LOF,0.12304356099991257,0.05396083344337043,0.822995605556717
25613,LOF,0.10496564308959098,0.04241427165933113,0.8526200852510779
25614,LOF,0.04490339084887456,0.03523970609895503,0.9198569030521704
25615,LOF,0.06622760935690823,0.040221489052738375,0.8935509015903533
25616,LOF,0.04191073408237134,0.03908287040662491,0.9190063955110038
25617,LOF,0.043410918794885255,0.037866505494407884,0.9187225757107068
25618,LOF,0.26989515052781105,0.03714269919145167,0.6929621502807373
25619,LOF,0.04181398313540642,0.03304916605019654,0.925136850814397
25620,LOF,0.04814633778741608,0.04158834332672032,0.9102653188858636
25621,LOF,0.04253005404448355,0.028786932970855474,0.9286830129846609
25622,LOF,0.034107309842005454,0.044066731844722595,0.9218259583132719
25623,LOF,0.0633840259939288,0.03309937729422337,0.9035165967118478
25624,LOF,0.03445541829164273,0.04164851314198443,0.9238960685663729
25625,LOF,0.041234440218862016,0.04866572197533913,0.910099837805799
25626,LOF,0.08624373531501255,0.03357828254274589,0.8801779821422414
25627,Neutral,0.5887667498880736,0.09113167362352628,0.3201015764884001
25628,LOF,0.21480807886862127,0.04833062091802963,0.7368613002133491
25629,LOF,0.08645246360720833,0.126204424590369,0.7873431118024227
25630,LOF,0.21982228493379424,0.08639307760561053,0.6937846374605953
25631,Neutral,0.6011688227953632,0.059656297674008506,0.3391748795306283
25632,LOF,0.02439822289815058,0.08762572321363668,0.8879760538882127
25633,LOF,0.2284587957657718,0.08997698414011504,0.6815642200941131
25634,LOF,0.03960227247564323,0.10553272484816305,0.8548650026761937
25635,LOF,0.03834144819638536,0.09047396335480525,0.8711845884488094
25636,GOF,0.007450431180840596,0.6893911472636045,0.303158421555555
25637,GOF,0.005097412006999626,0.5561823038452616,0.4387202841477388
25638,LOF,0.01006033436172837,0.44820399085841384,0.5417356747798578
25639,LOF,0.004676590157305436,0.4926535903253561,0.5026698195173385
25640,GOF,0.37617621893795483,0.583489261087038,0.04033451997500726
25641,LOF,0.006353624559641548,0.33844860833510654,0.6551977671052519
25642,LOF,0.27311951413794483,0.09269939555792318,0.634181090304132
25643,LOF,0.21866867454174402,0.3710730754544577,0.4102582500037982
25644,GOF,0.02753992497942528,0.6908530990420798,0.28160697597849493
25645,GOF,0.02010145078257363,0.6608767715146502,0.31902177770277607
25646,LOF,0.0233546320064606,0.4596037563254095,0.5170416116681298
25647,LOF,0.017842124272661127,0.341328899662163,0.640828976065176
25648,LOF,0.014649490025848071,0.4032856558640134,0.5820648541101385
25649,LOF,0.014099202486923288,0.29657108309383795,0.6893297144192386
25650,GOF,0.03962048113643875,0.6671571437123793,0.2932223751511819
25651,LOF,0.012354792802568694,0.31932516150457235,0.668320045692859
25652,LOF,0.020302429764322855,0.3832117428250088,0.5964858274106684
25653,GOF,0.08725240080220714,0.6187843760094026,0.2939632231883903
25654,LOF,0.015187264303346997,0.42070667866526046,0.5641060570313926
25655,GOF,0.1258128965887596,0.5379430787263916,0.3362440246848488
25656,LOF,0.0556551920382844,0.10238996335633573,0.84195484460538
25657,LOF,0.2923506234039242,0.04604640086960317,0.6616029757264726
25658,LOF,0.02933718623433408,0.19390464815332153,0.7767581656123443
25659,LOF,0.20044366602563593,0.09459939403271529,0.7049569399416488
25660,LOF,0.09742637338772228,0.10399847406254588,0.7985751525497319
25661,LOF,0.0828540050642846,0.07236127861755612,0.8447847163181593
25662,LOF,0.034175746318489617,0.04950935403259598,0.9163148996489144
25663,LOF,0.04472416006206126,0.08566474875742329,0.8696110911805154
25664,LOF,0.030145318531682192,0.15118207891072696,0.8186726025575909
25665,LOF,0.04726287713359349,0.05436771783718614,0.8983694050292205
25666,LOF,0.042195374669461196,0.1696526207913134,0.7881520045392254
25667,LOF,0.03544255118165496,0.057754035681944295,0.9068034131364008
25668,LOF,0.04782247237169827,0.05297014811293035,0.8992073795153713
25669,LOF,0.0545513456055076,0.09208088797978876,0.8533677664147036
25670,LOF,0.11887548351474055,0.11612843157083144,0.764996084914428
25671,LOF,0.0440070328194149,0.05509472328882978,0.9008982438917553
25672,LOF,0.04742016263981407,0.07437090455991774,0.8782089328002681
25673,LOF,0.03515248310876327,0.08076185657998923,0.8840856603112476
25674,LOF,0.02569230262541154,0.09379159377662306,0.8805161035979653
25675,LOF,0.03372901377789475,0.08434158742618265,0.8819293987959227
25676,LOF,0.03421536976676302,0.07046935699045155,0.8953152732427854
25677,LOF,0.09024173345407037,0.058424148453354995,0.8513341180925745
25678,LOF,0.16049959282055914,0.050404423771948294,0.7890959834074924
25679,LOF,0.10161185041948763,0.07581262115995924,0.8225755284205531
25680,LOF,0.09448038298471115,0.09369813781888142,0.8118214791964073
25681,LOF,0.11205764565153792,0.0829215782586109,0.8050207760898512
25682,LOF,0.05666361151340505,0.06749996596122232,0.8758364225253725
25683,LOF,0.07065972127372278,0.10555545807006748,0.8237848206562096
25684,LOF,0.06572111850325624,0.07992841123874578,0.854350470257998
25685,LOF,0.11003813745141139,0.053335273340432976,0.8366265892081556
25686,LOF,0.03962513564384963,0.1098172339065007,0.8505576304496496
25687,LOF,0.06369204605168347,0.1036854068982104,0.8326225470501062
25688,LOF,0.018068076146403603,0.08618072538443165,0.8957511984691646
25689,LOF,0.015375118763398685,0.051280361400569956,0.9333445198360313
25690,LOF,0.017367970395240972,0.06365640781188164,0.9189756217928773
25691,LOF,0.12156182731659264,0.08452993801976365,0.7939082346636436
25692,LOF,0.18646842210032064,0.012163424998132362,0.8013681529015471
25693,LOF,0.045923255271434045,0.14518772062225946,0.8088890241063064
25694,LOF,0.2708549336430991,0.010296654606642853,0.718848411750258
25695,LOF,0.2092653871261695,0.01835245300069846,0.7723821598731321
25696,LOF,0.15834689085107884,0.015736084300397458,0.8259170248485237
25697,LOF,0.11730616852649431,0.034227681106195146,0.8484661503673105
25698,LOF,0.0237993568912657,0.31690352607426175,0.6592971170344726
25699,LOF,0.09924288926212371,0.09552970958432713,0.8052274011535492
25700,LOF,0.03250919821033887,0.017199518187510452,0.9502912836021506
25701,LOF,0.016729958592500618,0.10501553159280003,0.8782545098146994
25702,GOF,0.023598634680966426,0.7561497310836606,0.22025163423537303
25703,LOF,0.016668729656793158,0.22634926904828154,0.7569820012949253
25704,LOF,0.10080564618308462,0.21729553453744896,0.6818988192794664
25705,LOF,0.09214037785315196,0.300828398911653,0.607031223235195
25706,GOF,0.022793314580973643,0.6778508332477603,0.299355852171266
25707,GOF,0.03156568329085216,0.6385246634926032,0.32990965321654475
25708,GOF,0.009926885032990308,0.6107148386518332,0.3793582763151765
25709,LOF,0.027182183420127303,0.09246266427708738,0.8803551523027854
25710,LOF,0.005282878303515875,0.2585002662368491,0.7362168554596351
25711,LOF,0.02892649777276155,0.15160066862645227,0.8194728336007863
25712,LOF,0.00702983011528056,0.32073786321773506,0.6722323066669844
25713,LOF,0.02425552604281092,0.12766864716322798,0.8480758267939612
25714,LOF,0.027286349941190013,0.17457402059239985,0.7981396294664101
25715,LOF,0.02893876533779644,0.14494894336245154,0.826112291299752
25716,LOF,0.008242905214260604,0.2091051020111251,0.7826519927746144
25717,LOF,0.0064116656237754545,0.21782515340063663,0.7757631809755878
25718,LOF,0.027965881710520935,0.10131943188990841,0.8707146863995706
25719,LOF,0.03417373358972332,0.14519731328928867,0.820628953120988
25720,LOF,0.0395517178887816,0.12386913351772004,0.8365791485934982
25721,LOF,0.030019591291034767,0.11794521072440711,0.8520351979845582
25722,LOF,0.020435432947026592,0.15650748602845138,0.823057081024522
25723,LOF,0.02915468220973887,0.12133565758767884,0.8495096602025822
25724,LOF,0.027105818555244007,0.20898378210393814,0.7639103993408178
25725,LOF,0.028446030019734742,0.10607393207979723,0.8654800379004681
25726,LOF,0.02059306457906989,0.14781137608626335,0.8315955593346668
25727,LOF,0.02763526847103548,0.14790128135639674,0.8244634501725677
25728,LOF,0.02692748605011614,0.13916577547391354,0.8339067384759702
25729,LOF,0.026127253894797406,0.16152504742419974,0.8123476986810029
25730,LOF,0.03068373781789638,0.10961806617847428,0.8596981960036294
25731,LOF,0.009782613482227533,0.2569622883440292,0.7332550981737433
25732,LOF,0.0229604606483826,0.13127349943430855,0.8457660399173088
25733,LOF,0.039027387465020866,0.11878149218769336,0.8421911203472858
25734,LOF,0.006396228783143249,0.3414018133113905,0.6522019579054662
25735,LOF,0.025680838802399207,0.10391462788213378,0.8704045333154671
25736,LOF,0.025498348050937095,0.16376243293393283,0.81073921901513
25737,LOF,0.060109288633486795,0.16392460142059911,0.7759661099459142
25738,LOF,0.025712339066899702,0.18836374664434843,0.785923914288752
25739,LOF,0.03297593677972445,0.12942267347669037,0.8376013897435851
25740,LOF,0.03451408620007994,0.15153840079381936,0.8139475130061007
25741,LOF,0.03850564409318417,0.14155804125856827,0.8199363146482475
25742,LOF,0.05354522392203293,0.1452864558007392,0.8011683202772278
25743,LOF,0.011269394058412244,0.02178789942615717,0.9669427065154306
25744,LOF,0.2155370432172247,0.26216526144517743,0.5222976953375978
25745,LOF,0.0392929601853122,0.05789015680643088,0.9028168830082568
25746,LOF,0.016489408381257356,0.07312239311403088,0.9103881985047119
25747,LOF,0.038425199480879337,0.023207485278465504,0.9383673152406552
25748,LOF,0.283716019058143,0.039887739852566884,0.6763962410892901
25749,LOF,0.016895393558352477,0.049224699417417084,0.9338799070242305
25750,LOF,0.0236559913086716,0.05019153718597531,0.9261524715053532
25751,LOF,0.038481201351150435,0.04112504605387775,0.9203937525949718
25752,GOF,0.07136360341198651,0.7211012110815772,0.20753518550643618
25753,LOF,0.006154058128241666,0.48083779887332767,0.5130081429984307
25754,GOF,0.006852166087818952,0.893852065697865,0.09929576821431595
25755,GOF,0.006195468119323096,0.4996091335863704,0.4941953982943066
25756,GOF,0.024044557418230146,0.5014038898583051,0.4745515527234647
25757,GOF,0.007017851875331885,0.8855055717890348,0.10747657633563341
25758,GOF,0.007718736266064073,0.9092609808617675,0.08302028287216845
25759,GOF,0.005344351284115392,0.6928315033615315,0.3018241453543531
25760,LOF,0.005528770445179728,0.3740427309024618,0.6204284986523584
25761,GOF,0.047392976898829535,0.8671603707828048,0.08544665231836555
25762,LOF,0.027309538376137116,0.45014085233292034,0.5225496092909425
25763,LOF,0.005772368477260312,0.3354220220794883,0.6588056094432513
25764,GOF,0.05135750589365052,0.6936420509485046,0.2550004431578447
25765,GOF,0.007318503563374566,0.8996705083047054,0.09301098813191994
25766,GOF,0.03978660003153138,0.8527016114462884,0.10751178852218012
25767,GOF,0.018831394535745623,0.5307448686111891,0.4504237368530653
25768,LOF,0.05150263128893845,0.0505480521655897,0.8979493165454719
25769,LOF,0.040016687279195724,0.07776026944933376,0.8822230432714706
25770,LOF,0.20939124975559256,0.0824186809711705,0.7081900692732369
25771,LOF,0.018612759691717426,0.07351043250412201,0.9078768078041606
25772,LOF,0.03281462786418115,0.02821310978037884,0.93897226235544
25773,LOF,0.020379679665275187,0.08488935558777386,0.894730964746951
25774,LOF,0.028349622437486247,0.15115219280900793,0.8204981847535058
25775,LOF,0.020969091661866182,0.04580499349243831,0.9332259148456956
25776,LOF,0.030918955279324246,0.02172077009486566,0.9473602746258101
25777,LOF,0.2919087945590687,0.09770788776176294,0.6103833176791683
25778,LOF,0.028271486153736505,0.05707979711324814,0.9146487167330154
25779,GOF,0.07622852942700944,0.8507367955778384,0.07303467499515229
25780,GOF,0.09764433006967024,0.8489580494580903,0.053397620472239456
25781,GOF,0.04103994026748923,0.8312727295922525,0.12768733014025826
25782,GOF,0.04774748388527523,0.8766685670371742,0.07558394907755066
25783,GOF,0.04384606446660106,0.8967520646811151,0.05940187085228384
25784,GOF,0.1282935766062899,0.8297383998746485,0.041968023519061703
25785,GOF,0.1573914344344665,0.8012201376186661,0.041388427946867604
25786,GOF,0.012359764508579745,0.8545873874636813,0.13305284802773895
25787,GOF,0.2879279708646233,0.6611968474322908,0.050875181703086005
25788,LOF,0.017780925270388655,0.1630352323608913,0.8191838423687201
25789,GOF,0.02161951448962275,0.8381872136060353,0.1401932719043419
25790,GOF,0.03829732879854897,0.8482913118469673,0.11341135935448386
25791,GOF,0.03511237636445267,0.695830753547122,0.2690568700884253
25792,GOF,0.04123163676330801,0.7427978772684599,0.2159704859682321
25793,GOF,0.055525946277773665,0.794912861111926,0.14956119261030024
25794,GOF,0.0611030984447579,0.7131054129857656,0.22579148856947653
25795,GOF,0.06751096092419102,0.695896078715953,0.23659296035985578
25796,GOF,0.13465632172736244,0.7647908626354858,0.10055281563715171
25797,GOF,0.1187890089242532,0.6868345102911505,0.1943764807845964
25798,GOF,0.007863063638176383,0.7565793281239624,0.23555760823786123
25799,GOF,0.005102377720487252,0.6481045648832432,0.34679305739626953
25800,GOF,0.031493852937521195,0.8056483881916133,0.16285775887086543
25801,GOF,0.029237352357728074,0.8788887919743612,0.09187385566791077
25802,GOF,0.034751316555848635,0.7579388091612993,0.20730987428285202
25803,GOF,0.024742934892124282,0.6869428107384637,0.28831425436941177
25804,GOF,0.04134310319185024,0.7400740511951114,0.21858284561303828
25805,GOF,0.03709765111757629,0.7818749771548215,0.1810273717276022
25806,GOF,0.04867425872340902,0.7905337445206919,0.1607919967558991
25807,GOF,0.01682527566964212,0.732115258595326,0.25105946573503185
25808,GOF,0.03056838669629138,0.7372767133414936,0.2321548999622151
25809,GOF,0.01399220075334755,0.6656108824798099,0.3203969167668425
25810,GOF,0.012270071636720148,0.6540956258190529,0.33363430254422693
25811,GOF,0.06390483278793521,0.847085942122204,0.08900922508986059
25812,GOF,0.03712663924515977,0.7270515963904647,0.23582176436437546
25813,GOF,0.1809861844486083,0.727952678539541,0.0910611370118506
25814,GOF,0.03794045878256166,0.7282853297473568,0.2337742114700816
25815,GOF,0.06860782427343011,0.7889643526783179,0.14242782304825197
25816,GOF,0.010619374481108163,0.8348638389549391,0.1545167865639526
25817,GOF,0.12908087273368993,0.7432290294677883,0.12769009779852164
25818,GOF,0.03400613597186146,0.7590513450668634,0.206942518961275
25819,GOF,0.066261582038077,0.7276761359056179,0.2060622820563051
25820,GOF,0.06747541902049965,0.6895267444072717,0.24299783657222873
25821,GOF,0.04496434197076273,0.7441810151505082,0.21085464287872907
25822,GOF,0.08016589499955015,0.6913531547836422,0.22848095021680764
25823,GOF,0.035647679627868696,0.6624079700536596,0.3019443503184717
25824,GOF,0.03388854924336462,0.7287164948219501,0.2373949559346852
25825,GOF,0.027160196483142263,0.7137200781141798,0.259119725402678
25826,GOF,0.01214701450562005,0.6625798228828489,0.3252731626115312
25827,GOF,0.019466756761841193,0.6730794236377802,0.3074538196003786
25828,GOF,0.01584883350319099,0.7258321827290795,0.25831898376772955
25829,GOF,0.004871608643982403,0.6291362564365631,0.3659921349194545
25830,GOF,0.04101670219808464,0.5067714927226656,0.45221180507924963
25831,GOF,0.07197133945434044,0.7882821402098621,0.13974652033579754
25832,GOF,0.012041195189936219,0.7001060571273653,0.2878527476826986
25833,GOF,0.04628363267002579,0.7715237141177158,0.18219265321225844
25834,GOF,0.012179898869668615,0.7222376485342062,0.2655824525961251
25835,GOF,0.030519920368161268,0.7842408314847974,0.18523924814704146
25836,GOF,0.00889253456745101,0.7091774034621476,0.28193006197040127
25837,GOF,0.009837300519734696,0.72998167333458,0.2601810261456854
25838,GOF,0.025907883469718545,0.795199131024708,0.1788929855055736
25839,GOF,0.07125357711804178,0.7555980693422547,0.17314835353970365
25840,GOF,0.11468700411716913,0.7280726872575375,0.15724030862529334
25841,GOF,0.1113475059857273,0.7668083519850432,0.12184414202922964
25842,GOF,0.03460747740089745,0.8457120042609612,0.11968051833814135
25843,GOF,0.0327445569672256,0.8563391375457641,0.11091630548701018
25844,GOF,0.02553276233613363,0.7572706282433991,0.21719660942046742
25845,GOF,0.0073062295397963856,0.6516299948815347,0.34106377557866896
25846,GOF,0.08531316975575125,0.800065956252673,0.1146208739915758
25847,GOF,0.018668091055851533,0.8352194630835065,0.14611244586064193
25848,GOF,0.03079943485824174,0.7808364215392274,0.18836414360253084
25849,GOF,0.008644720544660131,0.744575478218814,0.24677980123652582
25850,GOF,0.007802432715710811,0.6581465568081953,0.3340510104760939
25851,GOF,0.007260077165888713,0.6059764377896325,0.3867634850444788
25852,GOF,0.1683701633126254,0.5138665794412337,0.31776325724614096
25853,GOF,0.07339665603958323,0.7498758707002395,0.1767274732601772
25854,GOF,0.007030053141399025,0.6789662410824684,0.31400370577613274
25855,GOF,0.026681720657678053,0.6551203334553669,0.31819794588695505
25856,GOF,0.055501570981164323,0.7214502652573467,0.2230481637614889
25857,GOF,0.026461134177567014,0.6553683531225213,0.3181705126999117
25858,GOF,0.010774731589695968,0.5969313505964953,0.3922939178138088
25859,GOF,0.007767044172747286,0.5698266883491726,0.42240626747808
25860,GOF,0.0975439910652561,0.7368128716242369,0.16564313731050687
25861,GOF,0.11501252599611869,0.7646063030619037,0.12038117094197755
25862,GOF,0.027307976225869147,0.8664120674030794,0.10627995637105135
25863,GOF,0.023830046569006582,0.8544838720802795,0.12168608135071396
25864,GOF,0.06456924609454551,0.8426412942909457,0.09278945961450889
25865,GOF,0.053205995640998247,0.8098115277151993,0.1369824766438026
25866,GOF,0.02571831439848827,0.8171136668686629,0.15716801873284872
25867,GOF,0.044711945825948944,0.8253902585298538,0.12989779564419712
25868,GOF,0.07976455856699732,0.7488353334762435,0.1714001079567591
25869,GOF,0.40469447545803616,0.49117495775958475,0.10413056678237918
25870,GOF,0.0683691614675111,0.5066722434317814,0.4249585951007076
25871,GOF,0.01023023252150628,0.7912114052574118,0.198558362221082
25872,GOF,0.027577310470823672,0.78958511060453,0.18283757892464642
25873,GOF,0.02443208491971036,0.8502007926089533,0.12536712247133627
25874,LOF,0.018176196991253377,0.19846616945154624,0.7833576335572005
25875,LOF,0.022713878942993558,0.1268400767332761,0.8504460443237304
25876,LOF,0.019316581315241905,0.060396919957747514,0.9202864987270105
25877,LOF,0.10283120793478387,0.223988665342465,0.6731801267227511
25878,LOF,0.06384330022036688,0.2700442905293855,0.6661124092502476
25879,LOF,0.010621442770647084,0.19628715626112023,0.7930914009682327
25880,LOF,0.0627284224795376,0.021483410198185567,0.9157881673222769
25881,Neutral,0.5769682210772022,0.08770179079962674,0.335329988123171
25882,LOF,0.07900771605890214,0.024700843402468968,0.8962914405386289
25883,LOF,0.032447355189065843,0.02751066539055426,0.9400419794203799
25884,LOF,0.02273815755034548,0.0396899575356207,0.9375718849140339
25885,LOF,0.1919142109069798,0.013714200087284474,0.7943715890057358
25886,LOF,0.24729917781343713,0.05704890586832286,0.69565191631824
25887,LOF,0.09949732936618885,0.13863047402944176,0.7618721966043694
25888,LOF,0.009110586842698696,0.19788144590698634,0.7930079672503149
25889,LOF,0.02923297872513906,0.036313681074859154,0.9344533402000018
25890,LOF,0.2004613276390725,0.06985410206791123,0.7296845702930161
25891,LOF,0.10074573410286138,0.036137701729167124,0.8631165641679716
25892,LOF,0.008412713502991255,0.03008314885612205,0.9615041376408867
25893,LOF,0.3118702426672441,0.009994724720411931,0.6781350326123439
25894,LOF,0.3449132068190944,0.007244972414290781,0.6478418207666147
25895,LOF,0.2789711989812288,0.013813414442969614,0.7072153865758015
25896,LOF,0.08599163229105349,0.029644373920000352,0.8843639937889463
25897,LOF,0.1344881904897102,0.009821248686661193,0.8556905608236286
25898,LOF,0.13008988335340335,0.027450742378066665,0.84245937426853
25899,LOF,0.4169577862661042,0.035020772926112324,0.5480214408077834
25900,Neutral,0.6430970054081214,0.012468650777472914,0.3444343438144055
25901,LOF,0.11660672971794593,0.012668885174949115,0.8707243851071048
25902,LOF,0.12007173287709809,0.013009954563180404,0.8669183125597215
25903,LOF,0.20851719511474356,0.0254883240788171,0.7659944808064394
25904,Neutral,0.551371336803377,0.040987444893539005,0.4076412183030839
25905,LOF,0.007383343818824435,0.39651401658561203,0.5961026395955634
25906,LOF,0.008396855224077128,0.07102770419779844,0.9205754405781243
25907,LOF,0.008196247313484178,0.26143432347710444,0.7303694292094114
25908,LOF,0.008684680527947932,0.2513608428809755,0.7399544765910766
25909,LOF,0.030242092569257358,0.10320143361647371,0.8665564738142689
25910,LOF,0.012535542748275208,0.15845720968548843,0.8290072475662364
25911,LOF,0.18704209983457387,0.025737954989681237,0.7872199451757449
25912,LOF,0.10797203014748441,0.02022902800503727,0.8717989418474783
25913,LOF,0.019633095356258127,0.029661835041267615,0.9507050696024743
25914,LOF,0.04317243478508219,0.02867750958548563,0.9281500556294322
25915,LOF,0.1560719179636175,0.2114593794851789,0.6324687025512036
25916,LOF,0.012573049158902951,0.08849768457755107,0.898929266263546
25917,LOF,0.0692321054677623,0.030525056940638715,0.900242837591599
25918,LOF,0.04161865158246943,0.015614657707053031,0.9427666907104776
25919,LOF,0.03366622465309474,0.01620909767737651,0.9501246776695288
25920,LOF,0.3417083654045384,0.1504631178511259,0.5078285167443356
25921,LOF,0.019701860579602746,0.018038082798468125,0.9622600566219293
25922,LOF,0.019911687917554224,0.02041046692738827,0.9596778451550574
25923,LOF,0.4539217767113914,0.01251699615917001,0.5335612271294387
25924,LOF,0.029873257292737692,0.020836811321687614,0.9492899313855747
25925,LOF,0.1123139057019459,0.027483368090041687,0.8602027262080123
25926,LOF,0.09525894860459952,0.020990930860713797,0.8837501205346866
25927,LOF,0.028541093698394457,0.031465853601503495,0.9399930527001021
25928,LOF,0.014469226167253237,0.019019981300974664,0.9665107925317722
25929,Neutral,0.591001719727919,0.012345119613282544,0.39665316065879846
25930,LOF,0.11028506076003906,0.011959522555095569,0.8777554166848655
25931,LOF,0.016335711694572947,0.014961244942887334,0.9687030433625397
25932,LOF,0.10268025255542908,0.01270647450936492,0.884613272935206
25933,LOF,0.10969787629604162,0.008541029044812373,0.8817610946591461
25934,LOF,0.10614697353122989,0.007874688391041353,0.8859783380777287
25935,LOF,0.11439810232456143,0.0225625302788142,0.8630393673966243
25936,LOF,0.11944710487705872,0.0077303418613356625,0.8728225532616057
25937,LOF,0.026086404077823838,0.017093082117460842,0.9568205138047154
25938,LOF,0.1103047920913178,0.019871580433846063,0.8698236274748362
25939,LOF,0.07350204541276655,0.01262831640729503,0.9138696381799385
25940,GOF,0.010268134158868165,0.5293833446995031,0.4603485211416288
25941,Neutral,0.4968901154630625,0.05431062333454351,0.448799261202394
25942,LOF,0.01181617120447087,0.052933548844288775,0.9352502799512404
25943,LOF,0.059260922318223004,0.17658731096813335,0.7641517667136437
25944,LOF,0.0669875320520621,0.0905479688855644,0.8424644990623735
25945,LOF,0.18482132475662463,0.029295157519728478,0.7858835177236468
25946,LOF,0.08097422438033623,0.046505339390587985,0.8725204362290758
25947,Neutral,0.4964046771777544,0.1550939114002024,0.3485014114220433
25948,LOF,0.39841635860916275,0.010257583967191175,0.5913260574236462
25949,LOF,0.14257863664589987,0.067715253538044,0.7897061098160562
25950,GOF,0.10986986382072009,0.6471133647829979,0.24301677139628208
25951,LOF,0.01318380588304098,0.45127669150783883,0.5355395026091202
25952,LOF,0.1546245481591213,0.3024683300961734,0.5429071217447053
25953,LOF,0.006897629800030995,0.3104812598886883,0.6826211103112807
25954,GOF,0.07505309900907524,0.4740131403986545,0.4509337605922703
25955,LOF,0.0109237769186664,0.28191194995206764,0.7071642731292659
25956,LOF,0.009852579831384812,0.37943290337899965,0.6107145167896154
25957,LOF,0.16473451663858668,0.052092989429834174,0.7831724939315792
25958,LOF,0.03130139561916205,0.06024368551225738,0.9084549188685807
25959,GOF,0.007066532325745439,0.7238073358926066,0.26912613178164807
25960,LOF,0.005292972349200281,0.114829767630227,0.8798772600205726
25961,LOF,0.02682159877418005,0.04952349301172396,0.9236549082140959
25962,LOF,0.03379872684990891,0.08632678712371512,0.8798744860263759
25963,LOF,0.009588414273737146,0.136808814763234,0.8536027709630288
25964,LOF,0.04181956228446682,0.11990008702153944,0.8382803506939936
25965,LOF,0.1686694827651631,0.15748854590973688,0.6738419713250999
25966,LOF,0.303922149062829,0.11441019779174809,0.5816676531454229
25967,LOF,0.006020938359428366,0.11559315670649661,0.878385904934075
25968,LOF,0.04889593695023831,0.2530875510700023,0.6980165119797594
25969,LOF,0.14530325551747592,0.07570183632312841,0.7789949081593958
25970,LOF,0.06025566303008608,0.06590213641762152,0.8738422005522924
25971,LOF,0.06966494776990487,0.027663834189273692,0.9026712180408215
25972,LOF,0.07917743850034459,0.04124523363221897,0.8795773278674365
25973,LOF,0.05827206585991543,0.009673316886295979,0.9320546172537886
25974,LOF,0.06331124037021751,0.03969965330961547,0.896989106320167
25975,LOF,0.03436479286469325,0.013623120299883853,0.9520120868354229
25976,LOF,0.09492379776440518,0.012178802339948449,0.8928973998956463
25977,LOF,0.2394875823531641,0.052304994327041436,0.7082074233197945
25978,LOF,0.14848430405793472,0.15118211763838282,0.7003335783036825
25979,LOF,0.11871371517578799,0.16006075133670533,0.7212255334875067
25980,LOF,0.19224512159092258,0.24218525859820098,0.5655696198108764
25981,LOF,0.19307158777955288,0.245298717338949,0.561629694881498
25982,LOF,0.36199269400346046,0.12079618358870207,0.5172111224078375
25983,Neutral,0.4599763834312607,0.12363968147327269,0.4163839350954665
25984,LOF,0.0693290103507734,0.09794479518555615,0.8327261944636705
25985,Neutral,0.44164841819011735,0.1346936244490706,0.4236579573608119
25986,LOF,0.01576326566036095,0.40837954568976964,0.5758571886498693
25987,LOF,0.041824316863944076,0.10182277249280634,0.8563529106432495
25988,LOF,0.06742058342674206,0.17512046740232118,0.7574589491709367
25989,LOF,0.07673346590494624,0.23252132356032887,0.6907452105347249
25990,LOF,0.06448361846237834,0.3455019930248753,0.5900143885127463
25991,GOF,0.026451395604324583,0.5582980838172349,0.41525052057844053
25992,LOF,0.01203937963153807,0.451802485092456,0.5361581352760059
25993,LOF,0.019036268212521534,0.061004742575869665,0.9199589892116088
25994,LOF,0.022633818160505213,0.07694298169398243,0.9004232001455122
25995,LOF,0.017175685525148806,0.13788734802414035,0.8449369664507109
25996,GOF,0.3320692584659054,0.41897178188952083,0.24895895964457396
25997,GOF,0.06164241552436278,0.5350073630212047,0.40335022145443256
25998,LOF,0.2333430691756341,0.03851589416175792,0.728141036662608
25999,LOF,0.025518244746840904,0.3183242900037092,0.6561574652494498
26000,LOF,0.14291789967764934,0.014024865058884547,0.8430572352634662
26001,LOF,0.15955701197755315,0.020454534994831162,0.8199884530276156
26002,LOF,0.08732676277071402,0.022172668636413952,0.8905005685928721
26003,GOF,0.006857798482263928,0.5694524728675788,0.4236897286501572
26004,GOF,0.018772096377055767,0.5756970432224887,0.40553086040045544
26005,LOF,0.00534958097960728,0.4748345396928832,0.5198158793275095
26006,GOF,0.10110324339111458,0.47527740501370663,0.42361935159517883
26007,LOF,0.010586986574714494,0.46861772149487063,0.520795291930415
26008,GOF,0.00743018802215226,0.5481476848563046,0.4444221271215432
26009,GOF,0.013582149932526663,0.5917549534913967,0.39466289657607656
26010,GOF,0.010826133652143485,0.5239029454937687,0.46527092085408783
26011,LOF,0.0062092749200199325,0.40734501284642266,0.5864457122335573
26012,LOF,0.0060466340558562376,0.48570130980625165,0.508252056137892
26013,GOF,0.0129485568343816,0.5366277458874069,0.4504236972782116
26014,LOF,0.040834050700469464,0.07426108302659969,0.8849048662729309
26015,LOF,0.4095895254506412,0.022444281364995856,0.567966193184363
26016,LOF,0.25604320984880136,0.028005865225375747,0.7159509249258229
26017,LOF,0.017909806858958724,0.11982431513541303,0.8622658780056282
26018,LOF,0.03412024530624779,0.06047624549587143,0.9054035091978808
26019,LOF,0.03378755360898017,0.051490297912537196,0.9147221484784828
26020,LOF,0.006952265538472449,0.11850210667422921,0.8745456277872984
26021,LOF,0.07740925436135067,0.053955988051200894,0.8686347575874483
26022,LOF,0.03940860388185287,0.023848690175043055,0.936742705943104
26023,LOF,0.025050322141312725,0.038958655228387935,0.9359910226302992
26024,LOF,0.053310941891209385,0.03991815575279777,0.9067709023559929
26025,LOF,0.1344311013734831,0.03880967054915681,0.82675922807736
26026,LOF,0.12494847692277916,0.030735359546224555,0.8443161635309964
26027,LOF,0.033232683328729716,0.023591572977111022,0.9431757436941592
26028,LOF,0.06941178214475664,0.1718047293692181,0.7587834884860252
26029,LOF,0.030235708636620538,0.17727419617063678,0.7924900951927427
26030,LOF,0.11746196134775763,0.024825602807684928,0.8577124358445574
26031,LOF,0.013548323640411515,0.16054283139416908,0.8259088449654195
26032,LOF,0.03669263406080375,0.04480974416029571,0.9184976217789004
26033,LOF,0.037072730691976634,0.045033079892939046,0.9178941894150843
26034,LOF,0.018861158952353713,0.11046522409281014,0.8706736169548361
26035,LOF,0.012573938979276028,0.11116608406027098,0.876259976960453
26036,LOF,0.01152896168700554,0.08762435488008569,0.9008466834329087
26037,LOF,0.011714500654368963,0.09245575444770136,0.8958297448979297
26038,LOF,0.03158724012289452,0.039318912110168844,0.9290938477669367
26039,LOF,0.03123618863177682,0.1274097689735278,0.8413540423946955
26040,LOF,0.0842682797804084,0.12881364080713678,0.7869180794124547
26041,LOF,0.014033459665821391,0.09518255766504738,0.8907839826691313
26042,LOF,0.012971659472866796,0.1008772016703236,0.8861511388568096
26043,LOF,0.0331148813296471,0.06927526603948651,0.8976098526308663
26044,LOF,0.0075092801734461916,0.052293486419130134,0.9401972334074238
26045,LOF,0.094615844007897,0.18610304777432365,0.7192811082177794
26046,LOF,0.028442214095352327,0.046527074782945356,0.9250307111217022
26047,LOF,0.06841191821654412,0.044836077185833954,0.886752004597622
26048,LOF,0.0886541721251695,0.023799481339813786,0.8875463465350167
26049,Neutral,0.9458271983313618,0.006714158152015664,0.04745864351662255
26050,Neutral,0.9121899144522716,0.007644022424412987,0.08016606312331528
26051,LOF,0.026831166149208992,0.3301773221949482,0.6429915116558428
26052,LOF,0.026395657325468586,0.2638614547915107,0.7097428878830206
26053,LOF,0.017612607910822725,0.1978597414280362,0.7845276506611412
26054,LOF,0.05781626447402175,0.04837054458792199,0.8938131909380562
26055,LOF,0.07930750388595556,0.043689982417195614,0.8770025136968489
26056,LOF,0.06659023287434442,0.05078939374458012,0.8826203733810755
26057,LOF,0.06510446407732949,0.02808635832590784,0.9068091775967626
26058,LOF,0.07306129250630132,0.022700763400214624,0.904237944093484
26059,LOF,0.2129620264285603,0.06265992569441545,0.7243780478770242
26060,LOF,0.014871169830519742,0.22636020726902498,0.7587686229004553
26061,LOF,0.010217487881844907,0.016527352048186957,0.9732551600699682
26062,LOF,0.005825365200729184,0.027255310937345966,0.9669193238619249
26063,LOF,0.05275896004221809,0.0180180380360823,0.9292230019216997
26064,LOF,0.014470073997693032,0.024100041956084547,0.9614298840462225
26065,LOF,0.06840476011650175,0.026195512710140936,0.9053997271733573
26066,LOF,0.05961306784463446,0.019539691322171142,0.9208472408331944
26067,LOF,0.05941216499598827,0.016282585116139857,0.9243052498878719
26068,LOF,0.05543908374033668,0.040617264804670684,0.9039436514549926
26069,LOF,0.19098792681005888,0.03417205803309871,0.7748400151568424
26070,LOF,0.3878774675153569,0.020886811142554657,0.5912357213420885
26071,LOF,0.05001364341883612,0.021450595193611616,0.9285357613875522
26072,LOF,0.006986906198826697,0.023263890963477873,0.9697492028376955
26073,LOF,0.04645596186224167,0.019418334051483008,0.9341257040862753
26074,Neutral,0.6789717016380519,0.013757450482962808,0.30727084787898534
26075,LOF,0.04657993931293891,0.03028068433833047,0.9231393763487306
26076,LOF,0.04603244081176098,0.024867537411292554,0.9291000217769465
26077,LOF,0.15557063435518667,0.01678922178131949,0.8276401438634937
26078,LOF,0.005919318453330447,0.038243728941635635,0.955836952605034
26079,LOF,0.05956253671216769,0.030644595855837172,0.9097928674319952
26080,LOF,0.058901088356780415,0.03067199809989424,0.9104269135433254
26081,LOF,0.04587038720617321,0.01687018022493569,0.9372594325688912
26082,LOF,0.006567591017905498,0.033050346775768735,0.9603820622063257
26083,LOF,0.1090847282160281,0.032889905713720774,0.8580253660702511
26084,LOF,0.13191256359013293,0.028896702872615122,0.8391907335372519
26085,LOF,0.11710521183524987,0.02532589897334033,0.8575688891914097
26086,LOF,0.0396848227523194,0.02677701818756574,0.9335381590601148
26087,LOF,0.042954248591683133,0.025125171123354113,0.9319205802849628
26088,LOF,0.006351799107091184,0.0588251310197229,0.9348230698731859
26089,LOF,0.04314407541037903,0.041949098910997115,0.9149068256786238
26090,LOF,0.04236766891527612,0.03744157170451867,0.9201907593802052
26091,LOF,0.033462155310501486,0.016544507871908042,0.9499933368175904
26092,LOF,0.04758849998029974,0.01493332219743598,0.9374781778222644
26093,LOF,0.06743986516922325,0.010196473316782943,0.9223636615139937
26094,LOF,0.038920161698684286,0.014489720801286668,0.946590117500029
26095,LOF,0.01099728378293801,0.034693549847402805,0.9543091663696592
26096,LOF,0.23780591847610189,0.009053453638315813,0.7531406278855822
26097,LOF,0.006147598522954334,0.07597313073898673,0.917879270738059
26098,LOF,0.05431745593417492,0.028692286381512732,0.9169902576843123
26099,LOF,0.047438750411081726,0.03626025107057049,0.9163009985183479
26100,LOF,0.04741542699060637,0.03626006419569515,0.9163245088136985
26101,LOF,0.046570108059835205,0.06591959455078822,0.8875102973893766
26102,LOF,0.04001654409297696,0.025591926498292707,0.9343915294087303
26103,Neutral,0.8921680520272467,0.03836673795208345,0.06946521002066972
26104,LOF,0.053864292794003184,0.06404669097993212,0.8820890162260647
26105,LOF,0.24215006938408318,0.09727001943343667,0.6605799111824802
26106,LOF,0.255566091177094,0.03380050739934431,0.7106334014235618
26107,LOF,0.015391368479111229,0.061791164129106055,0.9228174673917826
26108,LOF,0.1470886712663447,0.052366308463840806,0.8005450202698144
26109,LOF,0.0553539046464071,0.050558060795614805,0.8940880345579781
26110,LOF,0.4109580827341063,0.01166433388845152,0.5773775833774422
26111,LOF,0.07155843419470731,0.06605334687858379,0.862388218926709
26112,LOF,0.07161859108165898,0.011261478010010368,0.9171199309083307
26113,LOF,0.12083018030162078,0.028598094474140436,0.8505717252242389
26114,LOF,0.09828860191660839,0.008759588886842558,0.8929518091965492
26115,LOF,0.018869156765497594,0.07145876854679692,0.9096720746877054
26116,LOF,0.08012194371114933,0.026975945957888187,0.8929021103309625
26117,LOF,0.3727965542487951,0.04074405136803346,0.5864593943831714
26118,LOF,0.03784904414831388,0.021074615172257918,0.9410763406794282
26119,LOF,0.006067932336132864,0.08788897201642139,0.9060430956474458
26120,LOF,0.03442303047089035,0.01610039393895706,0.9494765755901525
26121,LOF,0.004508440756759912,0.10155101282008765,0.8939405464231523
