feature0,prediction,LoGoFunc_Neutral,LoGoFunc_GOF,LoGoFunc_LOF
25546,Neutral,0.7570957699373267,0.036731022889224585,0.20617320717344878
25547,Neutral,0.6032370542189477,0.07621482844488246,0.3205481173361697
25548,Neutral,0.6443558628633616,0.060858474323158045,0.2947856628134804
25549,Neutral,0.5526529331933281,0.05859018482126886,0.38875688198540315
25550,LOF,0.3749850504155647,0.1306922415280426,0.4943227080563927
25551,LOF,0.29782484899425005,0.1445021624820545,0.5576729885236955
25552,LOF,0.21657384145620318,0.1351210918595987,0.6483050666841981
25553,Neutral,0.8550776960742341,0.028967947100360145,0.11595435682540564
25554,LOF,0.2533948827391699,0.12850669283609095,0.6180984244247392
25555,LOF,0.20861194114049053,0.11138953250028447,0.679998526359225
25556,Neutral,0.4817721463981258,0.10965078561201903,0.40857706798985505
25557,LOF,0.1996909856230252,0.11719035268361429,0.6831186616933604
25558,LOF,0.23817196272705002,0.12611995945758164,0.6357080778153683
25559,LOF,0.3248372070122738,0.12850425402418372,0.5466585389635426
25560,LOF,0.07218453015391925,0.14206593609612514,0.7857495337499556
25561,LOF,0.15878766220372964,0.1330381398084332,0.7081741979878372
25562,LOF,0.0886063279625699,0.07498495118980324,0.8364087208476269
25563,LOF,0.10421067154186571,0.0882624310510784,0.8075268974070559
25564,LOF,0.18124450364149503,0.15402947774848105,0.6647260186100239
25565,LOF,0.135192284284465,0.1307974904753814,0.7340102252401536
25566,GOF,0.01771870934349806,0.7824787865976662,0.19980250405883568
25567,LOF,0.017708143161042328,0.2344991891992433,0.7477926676397144
25568,LOF,0.05269278340545912,0.09608414306745947,0.8512230735270814
25569,LOF,0.05493392613268381,0.09353757113999253,0.8515285027273236
25570,LOF,0.03163018726914613,0.14830268510068564,0.8200671276301682
25571,LOF,0.0293075438501179,0.14203438323314294,0.8286580729167392
25572,LOF,0.04815800672190053,0.15521572963523242,0.796626263642867
25573,LOF,0.03045681379643834,0.1314401555601104,0.8381030306434513
25574,LOF,0.01889647290115006,0.1984354879825429,0.782668039116307
25575,LOF,0.023435215757095323,0.15609187035879138,0.8204729138841133
25576,LOF,0.01499937258199941,0.17426828502189431,0.8107323423961063
25577,LOF,0.01205685805042557,0.16085040108526175,0.8270927408643126
25578,LOF,0.2749418935624546,0.12115418118701013,0.6039039252505353
25579,LOF,0.12174929929919064,0.14086275506857246,0.737387945632237
25580,LOF,0.01771041274340457,0.121546971929941,0.8607426153266544
25581,LOF,0.04710577514740223,0.09871877890026481,0.854175445952333
25582,LOF,0.04721375145653661,0.09618850209876098,0.8565977464447023
25583,LOF,0.01874388123327185,0.13896604334013163,0.8422900754265965
25584,Neutral,0.4934710655407362,0.13795604287701788,0.36857289158224593
25585,LOF,0.01768359197079897,0.1610807935472417,0.8212356144819594
25586,LOF,0.015249462093283945,0.11176918235175479,0.8729813555549611
25587,LOF,0.015610145971247994,0.10321291371729996,0.881176940311452
25588,LOF,0.01626864729885665,0.12829162206960806,0.8554397306315353
25589,Neutral,0.5959215600218563,0.14675512086258707,0.2573233191155566
25590,LOF,0.028426837438405284,0.16273006972807497,0.8088430928335197
25591,LOF,0.09004469054901247,0.08562075643485213,0.8243345530161353
25592,LOF,0.04957889968067412,0.18575142440085143,0.7646696759184745
25593,LOF,0.02517692871232227,0.3161899198089073,0.6586331514787704
25594,LOF,0.04286145391160766,0.12787969333117982,0.8292588527572125
25595,LOF,0.05309335311068086,0.09426235305993805,0.852644293829381
25596,LOF,0.06684978436450531,0.06645187589210284,0.8666983397433918
25597,LOF,0.043145002243794854,0.06742603805059437,0.8894289597056109
25598,LOF,0.044067207119302815,0.11521360305406873,0.8407191898266284
25599,GOF,0.006650861716109059,0.5777905723845161,0.4155585658993748
25600,GOF,0.024024765862939893,0.617304409204218,0.35867082493284214
25601,LOF,0.013598743415640586,0.44804978574263277,0.5383514708417266
25602,LOF,0.03064303927518512,0.03769984859532648,0.9316571121294884
25603,LOF,0.05217224888275729,0.0155115818507099,0.9323161692665329
25604,LOF,0.02884377760647287,0.05883491375595551,0.9123213086375717
25605,LOF,0.008248914334299364,0.20316251247802083,0.7885885731876798
25606,LOF,0.11080885825870646,0.35961668011077136,0.5295744616305221
25607,LOF,0.0049190447287415584,0.20574868599122303,0.7893322692800354
25608,LOF,0.023112499423002943,0.0843152936005998,0.8925722069763973
25609,LOF,0.07808073659602797,0.42083333175092286,0.5010859316530492
25610,LOF,0.018632461700538717,0.024584229533881036,0.9567833087655803
25611,LOF,0.02065186986260258,0.024312945229816155,0.9550351849075812
25612,LOF,0.08550445818467005,0.03639399943447329,0.8781015423808566
25613,LOF,0.0741910730031648,0.03644947442069645,0.8893594525761387
25614,LOF,0.02495712533750144,0.027082386896457807,0.9479604877660407
25615,LOF,0.03109756509899896,0.04235656196671918,0.9265458729342819
25616,LOF,0.05632981483081914,0.026811873593593945,0.916858311575587
25617,LOF,0.057715077468277844,0.029111084784697892,0.9131738377470243
25618,LOF,0.07491776467341521,0.0326912301157768,0.8923910052108079
25619,LOF,0.016740948527468436,0.030175331716060252,0.9530837197564712
25620,LOF,0.0719024880222146,0.03284803145586504,0.8952494805219202
25621,LOF,0.032989577394346874,0.030842089689745222,0.936168332915908
25622,LOF,0.04638864552566149,0.028467511733138197,0.9251438427412003
25623,LOF,0.06415490143271807,0.02388446481469003,0.911960633752592
25624,LOF,0.020866253786297258,0.03422558207502673,0.9449081641386761
25625,LOF,0.048870487997198626,0.039722719076564626,0.9114067929262368
25626,LOF,0.06820169952285218,0.032837557389049574,0.8989607430880981
25627,Neutral,0.5724430267699806,0.12212026560906845,0.30543670762095104
25628,LOF,0.19713701169887551,0.05057499692927383,0.7522879913718507
25629,LOF,0.0519939640170214,0.059721210307553,0.8882848256754257
25630,LOF,0.15527758774384942,0.08689598157633685,0.7578264306798138
25631,Neutral,0.6267663013406357,0.05488485090513025,0.31834884775423405
25632,LOF,0.010411710882842132,0.12640959164084314,0.8631786974763147
25633,LOF,0.20457946461127124,0.07975326813260215,0.7156672672561265
25634,LOF,0.030488537639993544,0.1286975578678788,0.8408139044921278
25635,LOF,0.03025837295666227,0.08241439355793291,0.8873272334854049
25636,GOF,0.005983231249264517,0.6039576108663519,0.39005915788438367
25637,GOF,0.007232781188880896,0.6236018851766498,0.3691653336344693
25638,LOF,0.013024417790331795,0.30651263016745744,0.6804629520422107
25639,LOF,0.0065529208997095545,0.4814854349670814,0.5119616441332091
25640,GOF,0.44598363193785556,0.46629065203881676,0.08772571602332772
25641,LOF,0.014319771183054641,0.3170912837778565,0.6685889450390888
25642,LOF,0.26930040002223793,0.06387334975312628,0.6668262502246358
25643,LOF,0.2072787856274475,0.21806154645292228,0.5746596679196302
25644,GOF,0.0113006915732133,0.5215203710341315,0.4671789373926551
25645,LOF,0.009117761202180967,0.46677216323475024,0.5241100755630688
25646,LOF,0.014235321974778956,0.32118402356251263,0.6645806544627084
25647,LOF,0.012078677176948585,0.2786153712303014,0.70930595159275
25648,LOF,0.011470781871584816,0.26785848928542305,0.7206707288429922
25649,LOF,0.00914340171845357,0.18889027797465427,0.8019663203068921
25650,LOF,0.015949525144798422,0.41412077338380787,0.5699297014713937
25651,LOF,0.006732913723188397,0.27823192436632754,0.7150351619104841
25652,LOF,0.01088763714753014,0.25223881652529545,0.7368735463271744
25653,LOF,0.03711613644059585,0.3870678568898509,0.5758160066695533
25654,LOF,0.012057731065566051,0.14953066945615703,0.8384115994782769
25655,LOF,0.055892133753046414,0.42637887377856865,0.5177289924683849
25656,LOF,0.20628800255484325,0.04848770647343269,0.7452242909717242
25657,LOF,0.3547209534824308,0.023226185699413277,0.6220528608181558
25658,LOF,0.07354142980648268,0.07996045318976727,0.84649811700375
25659,LOF,0.3903152299074714,0.07042988907428138,0.5392548810182471
25660,LOF,0.032538077636583215,0.10100917563940355,0.8664527467240132
25661,LOF,0.10943020934333554,0.06210036153043316,0.8284694291262312
25662,LOF,0.02451659947489092,0.04449030708329256,0.9309930934418166
25663,LOF,0.03318044763326093,0.06055379325294424,0.9062657591137948
25664,LOF,0.059972545962008794,0.0713166593285716,0.8687107947094197
25665,LOF,0.05748216310250271,0.03698156830576911,0.9055362685917282
25666,LOF,0.06012230330482065,0.09949307269862148,0.8403846239965579
25667,LOF,0.07647354353130416,0.047373687715194436,0.8761527687535013
25668,LOF,0.028175294351261176,0.05076849635798225,0.9210562092907565
25669,LOF,0.030672108669898848,0.0769212572961564,0.8924066340339447
25670,LOF,0.10582929964725935,0.07689093367961462,0.817279766673126
25671,LOF,0.09887968521587956,0.041431975007725955,0.8596883397763945
25672,LOF,0.06343014797894297,0.049958813674602115,0.8866110383464549
25673,LOF,0.04616506327293105,0.05647162698860288,0.897363309738466
25674,LOF,0.042168289093049795,0.05719083202685671,0.9006408788800935
25675,LOF,0.06945340733893951,0.061755453401355825,0.8687911392597046
25676,LOF,0.02192588416560537,0.062381030633535464,0.9156930852008591
25677,LOF,0.031047652536661335,0.07326286256800894,0.8956894848953297
25678,LOF,0.19769377067767888,0.044213792781555905,0.7580924365407653
25679,LOF,0.15693121672340848,0.07185141841510609,0.7712173648614854
25680,LOF,0.03239663339241497,0.11023477462629075,0.8573685919812943
25681,LOF,0.05393808148725364,0.10525998582406348,0.8408019326886829
25682,LOF,0.11858058317101917,0.07028074905540034,0.8111386677735806
25683,LOF,0.13261121709184623,0.08479917111076458,0.7825896117973892
25684,LOF,0.04593122914534665,0.07498470743443575,0.8790840634202175
25685,LOF,0.14321117867926625,0.04903826780026446,0.8077505535204693
25686,LOF,0.037116972893748074,0.09770297953057266,0.8651800475756792
25687,LOF,0.0409243369062628,0.08558669742004818,0.8734889656736889
25688,LOF,0.03431275790118979,0.08443219853329685,0.8812550435655133
25689,LOF,0.02481116708494861,0.0772945799454923,0.8978942529695592
25690,LOF,0.025993243733096534,0.07930291417417094,0.8947038420927326
25691,LOF,0.22363700124485186,0.10945550394571608,0.6669074948094321
25692,LOF,0.33663756256515265,0.008716358121756697,0.6546460793130906
25693,LOF,0.08704229362041319,0.19856230808877023,0.7143953982908167
25694,LOF,0.2616010750331092,0.01591552003621014,0.7224834049306806
25695,LOF,0.17157517844357623,0.021677416379123886,0.8067474051772998
25696,LOF,0.15461148341163902,0.012821448890165612,0.8325670676981953
25697,LOF,0.17815113329918522,0.025720152836556286,0.7961287138642584
25698,LOF,0.0490038465217268,0.4423214004702057,0.5086747530080675
25699,LOF,0.0840506103861479,0.08213518260857545,0.8338142070052768
25700,LOF,0.06166125113168469,0.0088567840244824,0.9294819648438329
25701,LOF,0.01578042169012304,0.07979377102641255,0.9044258072834644
25702,GOF,0.02632455999986178,0.6976336062841645,0.27604183371597385
25703,LOF,0.010890145873055415,0.17361035821891357,0.8154994959080311
25704,LOF,0.04461245520914501,0.16659630758176622,0.7887912372090887
25705,LOF,0.049897659256619195,0.24265581757613136,0.7074465231672494
25706,GOF,0.04345926011537273,0.5855447436973503,0.37099599618727697
25707,GOF,0.023634338749909715,0.5053490778473275,0.4710165834027628
25708,LOF,0.007579028421175666,0.3924818468907742,0.5999391246880502
25709,LOF,0.05575730708340158,0.05951497115221851,0.8847277217643799
25710,LOF,0.006977710116843612,0.18466656781597016,0.8083557220671862
25711,LOF,0.01871013766639454,0.11575213301365846,0.8655377293199471
25712,LOF,0.009654895742054224,0.20290063659398233,0.7874444676639635
25713,LOF,0.01738901293061021,0.09801135419142813,0.8845996328779616
25714,LOF,0.0629673713528617,0.12663357250600857,0.8103990561411297
25715,LOF,0.01281275218703,0.13601897328531692,0.8511682745276531
25716,LOF,0.008806234134634567,0.11069936531941763,0.8804944005459477
25717,LOF,0.006444517068334676,0.10955808849750069,0.8839973944341646
25718,LOF,0.014166920948723197,0.08225124128138701,0.9035818377698898
25719,LOF,0.022235182998675773,0.09869711140222244,0.8790677055991019
25720,LOF,0.021604290441860127,0.08708331905192444,0.8913123905062155
25721,LOF,0.015609785430012131,0.11142807667952184,0.872962137890466
25722,LOF,0.012687953129932521,0.14800983248161292,0.8393022143884545
25723,LOF,0.019314764706575182,0.06792986738153531,0.9127553679118894
25724,LOF,0.022670814390829012,0.1177030463067489,0.8596261393024222
25725,LOF,0.0134971025666741,0.07694743051660617,0.9095554669167196
25726,LOF,0.011503347685414956,0.11558800015274888,0.8729086521618362
25727,LOF,0.014567714809133736,0.09649006999486996,0.8889422151959963
25728,LOF,0.01220505583382795,0.11566553464311369,0.8721294095230584
25729,LOF,0.012542392455646376,0.12526862103495662,0.862188986509397
25730,LOF,0.01335349365812953,0.09492208054020303,0.8917244258016674
25731,LOF,0.012050560047303094,0.1431545704014646,0.8447948695512324
25732,LOF,0.013160773318497103,0.10453580100591045,0.8823034256755925
25733,LOF,0.018650408486234653,0.08793837803403182,0.8934112134797335
25734,LOF,0.006581188972306074,0.166116761750397,0.8273020492772969
25735,LOF,0.01594740542983277,0.08409753752226534,0.8999550570479018
25736,LOF,0.0149084264573445,0.12737678114739256,0.8577147923952629
25737,LOF,0.02754367198396877,0.09903588221955675,0.8734204457964745
25738,LOF,0.013759416918812417,0.15698604973959102,0.8292545333415966
25739,LOF,0.02033518830155551,0.1203638832076575,0.8593009284907869
25740,LOF,0.030781775956144317,0.14188652419733577,0.82733169984652
25741,LOF,0.015947442358735558,0.11195460702772468,0.8720979506135397
25742,LOF,0.10418363001261385,0.1045982992542985,0.7912180707330876
25743,LOF,0.015798010764681705,0.045150010023149945,0.9390519792121684
25744,GOF,0.20538676759001165,0.4028860474838643,0.39172718492612413
25745,LOF,0.02461240689288165,0.06547164231329185,0.9099159507938265
25746,LOF,0.014174880016399211,0.07629756468665376,0.909527555296947
25747,LOF,0.02463572274966599,0.044779830478104514,0.9305844467722295
25748,LOF,0.14719092529046054,0.07445037711473022,0.7783586975948092
25749,LOF,0.014008753296100835,0.052288169789421274,0.9337030769144778
25750,LOF,0.03088579591049102,0.06824779333320972,0.9008664107562993
25751,LOF,0.10021061191850289,0.07255741417455856,0.8272319739069386
25752,GOF,0.10176741850152571,0.6447011733458987,0.2535314081525757
25753,LOF,0.010268514468149942,0.3828210080753946,0.6069104774564554
25754,GOF,0.004816926863043844,0.8422635371668574,0.15291953597009875
25755,LOF,0.014391145236541962,0.4182890802647452,0.5673197744987128
25756,LOF,0.04846956948817087,0.4254407706534355,0.5260896598583935
25757,GOF,0.006160225123312045,0.8628591447239622,0.13098063015272585
25758,GOF,0.007205232759313278,0.8396833580263297,0.1531114092143571
25759,GOF,0.004411077125155513,0.5476890022620303,0.44789992061281425
25760,LOF,0.006395191385039896,0.3039348216641118,0.6896699869508482
25761,GOF,0.04416339036265523,0.8173073041973419,0.13852930544000291
25762,LOF,0.02979310756000336,0.3477914333549612,0.6224154590850355
25763,LOF,0.007703692763691064,0.23621154155732038,0.7560847656789886
25764,GOF,0.10532975546996874,0.5654041256847757,0.3292661188452555
25765,GOF,0.011867651513212904,0.8020466387239419,0.18608570976284527
25766,GOF,0.025158223242510568,0.7998250936558549,0.1750166831016346
25767,LOF,0.02317267499046289,0.4646493358116316,0.5121779891979055
25768,LOF,0.07936818100669196,0.06667254606157211,0.8539592729317359
25769,LOF,0.06949755965392587,0.06977738946088988,0.8607250508851843
25770,LOF,0.14671053671547066,0.06498194151543943,0.7883075217690899
25771,LOF,0.020154786078152315,0.07744234073538428,0.9024028731864635
25772,LOF,0.014967060774266327,0.02961536188907536,0.9554175773366583
25773,LOF,0.017686423775620835,0.09176326866395733,0.890550307560422
25774,LOF,0.025375650942905104,0.08291094843434726,0.8917134006227476
25775,LOF,0.027057171665976452,0.041789008894284635,0.9311538194397389
25776,LOF,0.08129547923213108,0.023051048267471248,0.8956534725003976
25777,LOF,0.14689736573012596,0.06104815780428384,0.7920544764655901
25778,LOF,0.06342742451194824,0.047991214700848654,0.8885813607872032
25779,GOF,0.05132492449966114,0.8874289908155535,0.06124608468478546
25780,GOF,0.04836150494106723,0.8871946188780278,0.06444387618090508
25781,GOF,0.02202036602256639,0.8677517508523288,0.1102278831251048
25782,GOF,0.025177456482417714,0.9061663940824741,0.06865614943510821
25783,GOF,0.012859007890374868,0.7165213717431874,0.27061962036643783
25784,GOF,0.1352538770794232,0.8221500192690034,0.04259610365157332
25785,GOF,0.057205427069524674,0.8999637912439136,0.0428307816865618
25786,GOF,0.004669413984704421,0.8239957931754917,0.17133479283980385
25787,GOF,0.1294620727159649,0.839762391850815,0.030775535433220192
25788,LOF,0.04740867287549382,0.16011889522992703,0.7924724318945792
25789,GOF,0.029223055171571647,0.8654281999238518,0.10534874490457657
25790,GOF,0.03368110970863763,0.8706494577622451,0.09566943252911729
25791,GOF,0.026405040598698342,0.8334098279704607,0.14018513143084094
25792,GOF,0.04299152611146212,0.8364760437989627,0.12053243008957522
25793,GOF,0.09944957134938388,0.8103485098386178,0.09020191881199824
25794,GOF,0.09137965155314287,0.7598070694157983,0.14881327903105873
25795,GOF,0.04113601180719636,0.7546415980905656,0.2042223901022379
25796,GOF,0.09848741657063419,0.7987539296342702,0.10275865379509551
25797,GOF,0.035872709307029856,0.6578402611097709,0.3062870295831992
25798,GOF,0.002691917545376221,0.6178172070308526,0.37949087542377113
25799,GOF,0.0025493522273440463,0.5059007635142637,0.49154988425839224
25800,GOF,0.011494326640938798,0.6979596444470805,0.29054602891198067
25801,GOF,0.023571521346311516,0.8682048388320431,0.10822363982164515
25802,GOF,0.018100348676593596,0.7913239821346995,0.19057566918870686
25803,GOF,0.009638205403929977,0.6844094016069721,0.3059523929890981
25804,GOF,0.010987875026478256,0.5830029728780932,0.4060091520954285
25805,GOF,0.018775105479406633,0.687378136164488,0.29384675835610535
25806,GOF,0.015380778623188348,0.7298412426366832,0.2547779787401284
25807,GOF,0.004734094376957512,0.6884300389834231,0.3068358666396193
25808,GOF,0.012625378363318498,0.7252504056275432,0.2621242160091383
25809,GOF,0.005153565199171434,0.7025771795253819,0.2922692552754466
25810,GOF,0.004454184485694224,0.7077380090015765,0.2878078065127293
25811,GOF,0.072478528061829,0.8434615994171447,0.08405987252102616
25812,GOF,0.013847427253172905,0.6892738331844728,0.29687873956235433
25813,GOF,0.08464670736431487,0.8086897317915304,0.10666356084415471
25814,GOF,0.021713373840430424,0.7920323419164411,0.18625428424312854
25815,GOF,0.034046631373826776,0.8024517958981208,0.1635015727280525
25816,GOF,0.007276546645518534,0.8459204286510801,0.14680302470340142
25817,GOF,0.09604199931235889,0.7702321110309058,0.13372588965673532
25818,GOF,0.019966522498303753,0.7716121375677337,0.2084213399339626
25819,GOF,0.05206179737209481,0.7612661920183494,0.18667201060955568
25820,GOF,0.027103127419624583,0.7465641393959992,0.22633273318437602
25821,GOF,0.015595286131046346,0.7337157562734367,0.25068895759551696
25822,GOF,0.029070534053515364,0.7487450142295945,0.22218445171689005
25823,GOF,0.012221150467612789,0.5945948302337357,0.3931840192986516
25824,GOF,0.02001305584413188,0.7315887857193418,0.24839815843652627
25825,GOF,0.013326385605367898,0.7104923859497402,0.27618122844489185
25826,GOF,0.005247224882901102,0.677119780938966,0.317632994178133
25827,GOF,0.008057671169669402,0.6690421961064391,0.3229001327238914
25828,GOF,0.00526375946851397,0.6132047660601586,0.3815314744713274
25829,GOF,0.0026172084359595586,0.6656055427439742,0.33177724882006626
25830,LOF,0.02648440742461666,0.46083175536293297,0.5126838372124504
25831,GOF,0.04506567061195211,0.8422508295968048,0.11268349979124315
25832,GOF,0.006791640992310914,0.7833605790565685,0.20984777995112058
25833,GOF,0.024527127686052957,0.8340635604954035,0.14140931181854363
25834,GOF,0.0066948287948214134,0.793229472068622,0.20007569913655668
25835,GOF,0.013638880178568609,0.8385983708782061,0.14776274894322533
25836,GOF,0.005250483646837763,0.7828635862183254,0.21188593013483678
25837,GOF,0.004997438933243692,0.696678703062675,0.2983238580040813
25838,GOF,0.014628116928962024,0.8668571624420189,0.11851472062901906
25839,GOF,0.03043521480970246,0.8573128632986896,0.11225192189160792
25840,GOF,0.047152789923479335,0.8526505831039956,0.10019662697252522
25841,GOF,0.04372111252023524,0.8581637795156658,0.09811510796409885
25842,GOF,0.019569188770260454,0.8964802183286755,0.08395059290106392
25843,GOF,0.019091016034996754,0.9054214685666281,0.07548751539837527
25844,GOF,0.013265392774401436,0.8321071476107551,0.15462745961484348
25845,GOF,0.004375633039435458,0.6391464809941624,0.3564778859664021
25846,GOF,0.03465600481441015,0.8567777217465229,0.10856627343906691
25847,GOF,0.01412517075894616,0.9077566762372223,0.07811815300383167
25848,GOF,0.013684573496986043,0.8568160388100806,0.1294993876929333
25849,GOF,0.0041940309596398455,0.7292438477889255,0.2665621212514347
25850,GOF,0.005078539409302292,0.7450387880156999,0.24988267257499777
25851,GOF,0.004403729923023537,0.6239025267437128,0.3716937433332637
25852,GOF,0.1328860658212324,0.6141765879303608,0.25293734624840675
25853,GOF,0.0616267979153887,0.856950387515543,0.08142281456906843
25854,GOF,0.0084164649784369,0.7030448837472464,0.2885386512743167
25855,GOF,0.013266414263453465,0.6350222093154563,0.3517113764210904
25856,GOF,0.03452572264004226,0.7745256523514615,0.19094862500849627
25857,GOF,0.011503548406670372,0.6220839366417665,0.3664125149515632
25858,GOF,0.006531668002902545,0.6125181690772551,0.3809501629198424
25859,GOF,0.004861542564435866,0.5878773829602838,0.40726107447528037
25860,GOF,0.06388314506009196,0.8316835002225894,0.10443335471731868
25861,GOF,0.12227820176710787,0.7928872353705885,0.0848345628623036
25862,GOF,0.018096973677993542,0.8620148426481169,0.11988818367388966
25863,GOF,0.01700228482711434,0.8755085164076658,0.1074891987652199
25864,GOF,0.045450082296312734,0.8685807939837621,0.08596912371992518
25865,GOF,0.031728002060181976,0.8354771077562424,0.13279489018357551
25866,GOF,0.02099177266971392,0.8605377870513621,0.11847044027892406
25867,GOF,0.026043897565394093,0.8797665619340762,0.09418954050052976
25868,GOF,0.041815484321282556,0.844907343993504,0.11327717168521342
25869,GOF,0.3178874550301042,0.6186061701353017,0.06350637483459415
25870,GOF,0.21078577619745034,0.6168516684627067,0.17236255533984304
25871,GOF,0.020122115186961793,0.8881252323475608,0.09175265246547737
25872,GOF,0.01620017301316289,0.8713883117561457,0.11241151523069136
25873,GOF,0.016569238562880447,0.8967746620391285,0.08665609939799114
25874,LOF,0.015715456029375467,0.16195291552836297,0.8223316284422616
25875,LOF,0.037509953996754546,0.04294498322974625,0.9195450627734992
25876,LOF,0.022845250491288174,0.03223148060201263,0.9449232689066991
25877,LOF,0.12589717704553507,0.08303386757576905,0.7910689553786958
25878,LOF,0.054650717260188046,0.11580188626730371,0.8295473964725082
25879,LOF,0.022396307911335938,0.08483038208458324,0.8927733100040809
25880,LOF,0.05005893341589218,0.010875430948108146,0.9390656356359997
25881,Neutral,0.559278104774052,0.06752344316038723,0.3731984520655608
25882,LOF,0.05236000592176071,0.030655884476672328,0.916984109601567
25883,LOF,0.04322596525055047,0.02266571750092735,0.9341083172485222
25884,LOF,0.02750777155830599,0.03894500874441999,0.9335472196972742
25885,LOF,0.2185866756776336,0.012812562870377093,0.7686007614519893
25886,LOF,0.16792581451442634,0.05232953991756845,0.779744645568005
25887,LOF,0.1726452876680364,0.056294331770067194,0.7710603805618963
25888,LOF,0.012670320952880775,0.12063809087179853,0.8666915881753207
25889,LOF,0.03636186530054826,0.0251255595531474,0.9385125751463044
25890,LOF,0.1154717432988169,0.1098656579741299,0.7746625987270532
25891,LOF,0.08648376168140856,0.021583375128279236,0.8919328631903123
25892,LOF,0.009242543854310668,0.03236872800999355,0.9583887281356959
25893,LOF,0.3564573177376873,0.008766902992895849,0.6347757792694169
25894,LOF,0.43139989110593246,0.005282789234646609,0.5633173196594209
25895,LOF,0.35794873246629705,0.010491589353390006,0.6315596781803129
25896,LOF,0.0586701388539233,0.024044441949121653,0.9172854191969549
25897,LOF,0.18986864931430525,0.008498663079352204,0.8016326876063427
25898,LOF,0.2020581794848336,0.028551249791309866,0.7693905707238565
25899,LOF,0.22363672037145882,0.02205131593528426,0.7543119636932569
25900,LOF,0.46043493237095356,0.007943561021710906,0.5316215066073356
25901,LOF,0.042929523921887786,0.008696268844578208,0.9483742072335339
25902,LOF,0.08505332655344067,0.013127531637704607,0.9018191418088547
25903,LOF,0.3553353687894514,0.02402710218679659,0.6206375290237521
25904,LOF,0.46217701632572444,0.02999978095190963,0.5078232027223659
25905,LOF,0.006230157370764852,0.4521804247975951,0.5415894178316399
25906,LOF,0.011108640560490449,0.10341610937638986,0.8854752500631197
25907,LOF,0.003241982930085124,0.35592063202872687,0.6408373850411879
25908,LOF,0.0035523444039835296,0.24697615717498592,0.7494714984210306
25909,LOF,0.01381260189536676,0.1586333271345554,0.8275540709700779
25910,LOF,0.016180696981827915,0.10817602194290062,0.8756432810752715
25911,LOF,0.34507866551559885,0.029822633328464528,0.6250987011559366
25912,LOF,0.0686846795913334,0.047693569656633565,0.8836217507520331
25913,LOF,0.057996987928743596,0.056569088043520545,0.8854339240277359
25914,LOF,0.020991234362206544,0.06563902995007033,0.9133697356877231
25915,LOF,0.11086837725043627,0.26960527884138336,0.6195263439081803
25916,LOF,0.020636666784881595,0.19300437708655124,0.7863589561285673
25917,LOF,0.06419164530754501,0.049017621288328934,0.8867907334041262
25918,LOF,0.026661519344152,0.04022664750303342,0.9331118331528147
25919,LOF,0.023167126939835043,0.040859905002321666,0.9359729680578434
25920,LOF,0.1410345840824506,0.20535814078896508,0.6536072751285843
25921,LOF,0.013694772872408148,0.044125985424031594,0.9421792417035602
25922,LOF,0.01750905177013129,0.03887246099154809,0.9436184872383205
25923,LOF,0.44500873849412803,0.04278177362879586,0.5122094878770761
25924,LOF,0.018296687224578764,0.06457660348524707,0.9171267092901741
25925,LOF,0.07613930716478405,0.06036434936198127,0.8634963434732347
25926,LOF,0.0556484360066111,0.058552726615781085,0.8857988373776079
25927,LOF,0.01803830367171903,0.07533699678199271,0.9066246995462882
25928,LOF,0.008443867798565145,0.06277907833805568,0.928777053863379
25929,Neutral,0.5298077131569336,0.04106016095434423,0.42913212588872207
25930,LOF,0.08589001790310433,0.038916751670440085,0.8751932304264556
25931,LOF,0.010439991332168233,0.04131061974210073,0.948249388925731
25932,LOF,0.029298997348147483,0.03526444998512769,0.9354365526667249
25933,LOF,0.0384535408768085,0.02222661280278248,0.939319846320409
25934,LOF,0.025792980101507358,0.02363477795980391,0.9505722419386886
25935,LOF,0.06900915858678484,0.06906449442003708,0.861926346993178
25936,LOF,0.040574710097913615,0.02618531779379742,0.9332399721082889
25937,LOF,0.011407749952763816,0.04281457266559415,0.945777677381642
25938,LOF,0.06425800190823183,0.06856490038592455,0.8671770977058437
25939,LOF,0.030597849420224598,0.029311487577063762,0.9400906630027117
25940,LOF,0.009892041130665283,0.3492621333121449,0.6408458255571898
25941,Neutral,0.5289227960495679,0.03495632990995,0.436120874040482
25942,LOF,0.008046303396434477,0.04370186357564345,0.948251833027922
25943,LOF,0.030386020958714087,0.164846354523528,0.8047676245177579
25944,LOF,0.09561377225234695,0.08317323977491767,0.8212129879727353
25945,LOF,0.06310234516646701,0.021079590910111336,0.9158180639234216
25946,LOF,0.08612406438687797,0.04212743515245796,0.8717485004606641
25947,Neutral,0.48291825839915686,0.11411334394283627,0.4029683976580068
25948,LOF,0.4856818281979221,0.014399010269923705,0.4999191615321541
25949,LOF,0.0916557288870424,0.07401361392945582,0.8343306571835019
25950,GOF,0.05927842644215739,0.6396400325025628,0.3010815410552799
25951,LOF,0.011427685413732075,0.44907163884304613,0.5395006757432217
25952,LOF,0.24250758366490505,0.31707720241441245,0.4404152139206824
25953,LOF,0.012770526528799639,0.2003612783723695,0.7868681950988309
25954,GOF,0.0535457353699789,0.5020088986341559,0.44444536599586515
25955,LOF,0.010529206167980492,0.14165515642244608,0.8478156374095734
25956,LOF,0.026410774441726934,0.2552056336346325,0.7183835919236405
25957,LOF,0.26452959002255694,0.02956562664966233,0.7059047833277807
25958,LOF,0.04439806055659175,0.031083565003872198,0.9245183744395361
25959,GOF,0.013495979441330474,0.498451541547607,0.48805247901106247
25960,LOF,0.007683574603417347,0.042524484647578235,0.9497919407490045
25961,LOF,0.043345044330269894,0.02803062996294504,0.9286243257067851
25962,LOF,0.032470067413301745,0.06714321039641782,0.9003867221902804
25963,LOF,0.006311337824974685,0.21792903052876705,0.7757596316462583
25964,LOF,0.024126211420301455,0.09134273235762667,0.8845310562220718
25965,LOF,0.2603594514926303,0.1268700877762634,0.6127704607311063
25966,Neutral,0.4784951218171684,0.11800522821985089,0.4034996499629807
25967,LOF,0.008243017355603554,0.06976903392743174,0.9219879487169648
25968,LOF,0.04697565555605619,0.19180478109209212,0.7612195633518517
25969,LOF,0.13435036343741205,0.04396094138468457,0.8216886951779033
25970,LOF,0.023896522495793986,0.09030768945961998,0.885795788044586
25971,LOF,0.06227685175465866,0.030317119001926223,0.9074060292434151
25972,LOF,0.05203685993557127,0.04338163619644285,0.9045815038679859
25973,LOF,0.047046869287228,0.011678349387001099,0.941274781325771
25974,LOF,0.051055753951318054,0.035320156670548664,0.9136240893781332
25975,LOF,0.032110797282925166,0.022603583086518393,0.9452856196305564
25976,LOF,0.13230338956601023,0.010055927761480848,0.8576406826725089
25977,LOF,0.22650729893242988,0.08217046260030661,0.6913222384672636
25978,LOF,0.16839086737924153,0.11688523914131117,0.7147238934794473
25979,LOF,0.14240558820949917,0.12886293180406166,0.7287314799864392
25980,LOF,0.25199765110208683,0.15726524250719737,0.5907371063907157
25981,LOF,0.2531012362643095,0.15839382780367806,0.5885049359320125
25982,Neutral,0.46141068884809733,0.0858688499512648,0.45272046120063775
25983,Neutral,0.47183622312248125,0.11096336936489254,0.41720040751262616
25984,LOF,0.036301401678936154,0.0740891194745207,0.8896094788465432
25985,Neutral,0.4456249085126557,0.12426102105273691,0.43011407043460737
25986,LOF,0.013293484368872045,0.39754037898056765,0.5891661366505603
25987,LOF,0.09260967007492271,0.09449075267246092,0.8128995772526163
25988,LOF,0.13993082340063506,0.14176914619816983,0.7183000304011952
25989,LOF,0.04056702613052631,0.17884120514195265,0.780591768727521
25990,LOF,0.04170795330609355,0.28435083474916845,0.6739412119447379
25991,LOF,0.02570309408517319,0.3847915682618228,0.5895053376530041
25992,LOF,0.02696886098063413,0.3629894398238691,0.6100416991954968
25993,LOF,0.020705765246841725,0.08816382886828081,0.8911304058848775
25994,LOF,0.0162245000861675,0.08847319607145207,0.8953023038423804
25995,LOF,0.016105708047712455,0.17152367948652358,0.8123706124657639
25996,Neutral,0.3603896650616062,0.29935687912901643,0.34025345580937744
25997,LOF,0.07030799527946241,0.38461263819933555,0.545079366521202
25998,LOF,0.2857676582748552,0.047865317517722966,0.6663670242074219
25999,LOF,0.024994774695686152,0.23158720659920107,0.7434180187051128
26000,LOF,0.20346685230834324,0.0341282088418493,0.7624049388498075
26001,LOF,0.27704816484016975,0.033658441873911586,0.6892933932859188
26002,LOF,0.07538333592954732,0.05686358420793309,0.8677530798625196
26003,GOF,0.004240244033394934,0.6152778025331818,0.3804819534334233
26004,GOF,0.00572918082995048,0.6889404443593762,0.3053303748106734
26005,GOF,0.0029194914627010972,0.5168769094477169,0.4802035990895818
26006,GOF,0.08303409039651255,0.6242411763088254,0.2927247332946621
26007,GOF,0.006078691428326579,0.5908025458791358,0.4031187626925376
26008,GOF,0.005123909051836174,0.6616082092236919,0.3332678817244719
26009,GOF,0.0061263516710700445,0.6671070056134023,0.32676664271552763
26010,GOF,0.0064780598020502175,0.6767851471643109,0.31673679303363883
26011,LOF,0.002731080418094168,0.4956397915754492,0.5016291280064566
26012,GOF,0.003866905286650828,0.5507692942753816,0.4453638004379677
26013,GOF,0.005404132730448645,0.5983176679118434,0.3962781993577081
26014,LOF,0.045638221167566786,0.1194456602845881,0.8349161185478451
26015,LOF,0.4111191961031234,0.016768295605775165,0.5721125082911015
26016,LOF,0.30702854249311884,0.03717242971262653,0.6557990277942547
26017,LOF,0.027523385158976187,0.18826040846152803,0.7842162063794959
26018,LOF,0.04682360642361326,0.032906694845568324,0.9202696987308184
26019,LOF,0.04660398806112847,0.028192244873104677,0.9252037670657668
26020,LOF,0.010209613404441216,0.1702624015630716,0.8195279850324872
26021,LOF,0.07274336906074229,0.05880743412074516,0.8684491968185125
26022,LOF,0.0388312491417527,0.018906453447213412,0.942262297411034
26023,LOF,0.04318285202565336,0.02111728082642005,0.9356998671479265
26024,LOF,0.04267016102085076,0.05595310086437924,0.9013767381147699
26025,LOF,0.06383431539322534,0.06543287358843176,0.870732811018343
26026,LOF,0.11402792605634976,0.053035320377001205,0.8329367535666491
26027,LOF,0.04198986800165757,0.01746035908021658,0.9405497729181258
26028,LOF,0.11178214539560387,0.1405945985797678,0.7476232560246283
26029,LOF,0.024305592280902424,0.21780363549395362,0.7578907722251439
26030,LOF,0.1749033928826199,0.032474800321363996,0.7926218067960161
26031,LOF,0.012326492578678521,0.1992095584328556,0.7884639489884658
26032,LOF,0.058939278287058,0.07847693263387409,0.8625837890790679
26033,LOF,0.08200963857663893,0.06915803493556794,0.8488323264877932
26034,LOF,0.016698954810190434,0.1743076930511212,0.8089933521386885
26035,LOF,0.012871489895760868,0.13252747226657546,0.8546010378376636
26036,LOF,0.013310922981930177,0.1599593475223447,0.8267297294957251
26037,LOF,0.01067944289057054,0.13040756266699377,0.8589129944424356
26038,LOF,0.05111196109329431,0.07274908340119221,0.8761389555055135
26039,LOF,0.027752004645886518,0.16254329724280112,0.8097046981113123
26040,LOF,0.13669483442911828,0.1723640012966705,0.6909411642742113
26041,LOF,0.013192736257464577,0.10905104799864233,0.8777562157438932
26042,LOF,0.011638227806183567,0.12099506696926178,0.8673667052245547
26043,LOF,0.05005360733557843,0.09277943299588824,0.8571669596685333
26044,LOF,0.013437440150375615,0.06103774874607063,0.9255248111035537
26045,LOF,0.07090489186981076,0.13086868512400987,0.7982264230061794
26046,LOF,0.042678237839866066,0.07196069196207823,0.8853610701980558
26047,LOF,0.06652682723205727,0.06954696994490626,0.8639262028230363
26048,LOF,0.08078504558262678,0.028020756082641755,0.8911941983347313
26049,Neutral,0.9490467705292552,0.008594978360705463,0.042358251110039345
26050,Neutral,0.9277668608641861,0.009780442191321978,0.06245269694449169
26051,LOF,0.013659399267788924,0.11644715568777042,0.8698934450444407
26052,LOF,0.02132744558850057,0.13681834993272426,0.8418542044787751
26053,LOF,0.044134642046675936,0.1438813486560877,0.8119840092972365
26054,LOF,0.04754207607896814,0.02310131273055889,0.929356611190473
26055,LOF,0.07196578305154672,0.02295738608727345,0.9050768308611797
26056,LOF,0.05847078671146266,0.02739258624567939,0.9141366270428579
26057,LOF,0.02927032302342876,0.01447926004014443,0.9562504169364268
26058,LOF,0.030940969008448706,0.011965059363931262,0.95709397162762
26059,LOF,0.20955487195663677,0.023994679395128,0.7664504486482351
26060,LOF,0.011731793251032028,0.19530313260186394,0.7929650741471042
26061,LOF,0.009153151515176094,0.012260043559619477,0.9785868049252044
26062,LOF,0.005376834495212207,0.020348803711555476,0.9742743617932325
26063,LOF,0.01937448162571646,0.01236817404488373,0.9682573443293998
26064,LOF,0.007834860234389234,0.030209160525684783,0.9619559792399259
26065,LOF,0.023081109990862606,0.013159489335291295,0.963759400673846
26066,LOF,0.021495124635560893,0.011772905367737549,0.9667319699967016
26067,LOF,0.02724929411591187,0.010532600577857456,0.9622181053062308
26068,LOF,0.05135558720625477,0.05278600641236055,0.8958584063813848
26069,LOF,0.1676466595782236,0.030919630071331937,0.8014337103504444
26070,LOF,0.35077247806493167,0.02639333895046952,0.6228341829845988
26071,LOF,0.021170936128527527,0.01291669080551761,0.9659123730659548
26072,LOF,0.008025831147200721,0.024373410880768612,0.9676007579720307
26073,LOF,0.019927651648962187,0.014372909896065371,0.9656994384549724
26074,Neutral,0.9258925911554836,0.009502116497687159,0.06460529234682921
26075,LOF,0.0543628749719003,0.026306765079147653,0.919330359948952
26076,LOF,0.03133366238094375,0.012226345775596146,0.9564399918434602
26077,LOF,0.13556771350884872,0.00878474361591738,0.8556475428752339
26078,LOF,0.007964754136606009,0.015829365525786926,0.976205880337607
26079,LOF,0.06037185737199791,0.027297432179849465,0.9123307104481526
26080,LOF,0.059410349938310146,0.027315533200487366,0.9132741168612025
26081,LOF,0.02655122100057165,0.008391381461758555,0.9650573975376698
26082,LOF,0.005512218796770834,0.016916194250287158,0.9775715869529419
26083,LOF,0.12203810990894974,0.019732371396438443,0.8582295186946118
26084,LOF,0.04709574962295442,0.015929934376267912,0.9369743160007777
26085,LOF,0.04391444788875137,0.013588229227215944,0.9424973228840328
26086,LOF,0.02073650288427198,0.012927391509153936,0.9663361056065741
26087,LOF,0.019665994650881122,0.010757643840060626,0.9695763615090582
26088,LOF,0.007805019637039235,0.017601877766328333,0.9745931025966323
26089,LOF,0.045779695817073356,0.029838276725693624,0.924382027457233
26090,LOF,0.046731618520031805,0.024326109048921584,0.9289422724310465
26091,LOF,0.025890316448959786,0.007234656426858206,0.966875027124182
26092,LOF,0.021338311189439105,0.008751358317596361,0.9699103304929646
26093,LOF,0.03741868773392355,0.006369239076403512,0.9562120731896729
26094,LOF,0.03004320306688282,0.007293272886725183,0.9626635240463919
26095,LOF,0.03864516609019241,0.016492050674796963,0.9448627832350107
26096,LOF,0.2358943208712716,0.004868024248568914,0.7592376548801595
26097,LOF,0.00661410490577376,0.03191247349220307,0.9614734216020232
26098,LOF,0.08542861764951401,0.01938121117128599,0.8951901711792
26099,LOF,0.021145491297183055,0.015986952859362896,0.962867555843454
26100,LOF,0.021145491297183055,0.015986952859362896,0.962867555843454
26101,LOF,0.04678541576153084,0.024884750330649876,0.9283298339078192
26102,LOF,0.019303854307155185,0.016475308783186343,0.9642208369096585
26103,Neutral,0.8769018614333665,0.024890362895123825,0.09820777567150957
26104,LOF,0.06339438175811475,0.031382896136807115,0.9052227221050781
26105,LOF,0.22778278900280358,0.19233251880101973,0.5798846921961767
26106,LOF,0.32198393356959476,0.1382959084665785,0.5397201579638268
26107,LOF,0.021411477154065654,0.11491289682665291,0.8636756260192814
26108,LOF,0.31291811577110734,0.05140645409680365,0.6356754301320889
26109,LOF,0.07213709768184627,0.04532058259891323,0.8825423197192405
26110,LOF,0.3689228707870855,0.005678898485405246,0.6253982307275091
26111,LOF,0.0688693417712632,0.10173000795345896,0.829400650275278
26112,LOF,0.03229159852936575,0.0066487344013106365,0.9610596670693237
26113,LOF,0.05763265967154059,0.015401576062571497,0.9269657642658881
26114,LOF,0.08784630836796462,0.00959285374548062,0.9025608378865548
26115,LOF,0.013464122721999039,0.06009796155288387,0.926437915725117
26116,LOF,0.08419186953818064,0.03423838319336687,0.8815697472684525
26117,LOF,0.42464670782343356,0.03038882794823975,0.5449644642283268
26118,LOF,0.028804531647406446,0.015211656578271223,0.9559838117743225
26119,LOF,0.005364735140477982,0.032409864185733744,0.9622254006737883
26120,LOF,0.024625438495352314,0.014415816865323963,0.9609587446393236
