feature0,prediction,LoGoFunc_Neutral,LoGoFunc_GOF,LoGoFunc_LOF
25546,Neutral,0.7360746690556023,0.040109960765400104,0.22381537017899764
25547,Neutral,0.5552167099378302,0.09168259227967096,0.35310069778249886
25548,Neutral,0.5807886927912972,0.06611089200905784,0.353100415199645
25549,Neutral,0.5072945503893129,0.06586142888841838,0.42684402072226857
25550,LOF,0.35986980393686346,0.14195556431251852,0.49817463175061805
25551,LOF,0.28921657376947435,0.15115785085576955,0.5596255753747562
25552,LOF,0.21548911788621156,0.141588501797161,0.6429223803166274
25553,Neutral,0.8487597395484769,0.028799187336880666,0.12244107311464238
25554,LOF,0.24264048689937107,0.13492813881729598,0.622431374283333
25555,LOF,0.20879875963791858,0.11719593724852764,0.6740053031135538
25556,LOF,0.43392648776874526,0.11588051308364515,0.4501929991476097
25557,LOF,0.19755801151534494,0.1227198357977566,0.6797221526868985
25558,LOF,0.23031276828163347,0.13197691523965926,0.6377103164787072
25559,LOF,0.3658781490635541,0.11688090254228992,0.517240948394156
25560,LOF,0.06427362341617066,0.1382373361883996,0.7974890403954298
25561,LOF,0.15163803562405512,0.13182070067857599,0.7165412636973689
25562,LOF,0.0796764298655966,0.09025284604363745,0.830070724090766
25563,LOF,0.10627243712158504,0.08258361748050884,0.8111439453979061
25564,LOF,0.20040343221017534,0.14779140004201582,0.6518051677478087
25565,LOF,0.14088954819281835,0.1669226883229618,0.6921877634842197
25566,GOF,0.015395233673693007,0.8048047663737786,0.17979999995252824
25567,LOF,0.01909095185120101,0.20837763343262722,0.7725314147161718
25568,LOF,0.055765196367218176,0.08519164592660047,0.8590431577061813
25569,LOF,0.05765178756445167,0.08425706771602673,0.8580911447195215
25570,LOF,0.029409589474426463,0.1316296932449109,0.8389607172806626
25571,LOF,0.028007708260704423,0.13118132524731016,0.8408109664919854
25572,LOF,0.05367654567316021,0.1424311222724136,0.8038923320544261
25573,LOF,0.03788786976433855,0.1166272062711837,0.8454849239644777
25574,LOF,0.019822000881431604,0.1791970219851978,0.8009809771333707
25575,LOF,0.022278603674580053,0.1395858973652643,0.8381354989601556
25576,LOF,0.013633675323446186,0.1750655153263844,0.8113008093501693
25577,LOF,0.01283259997447988,0.14003517441484925,0.8471322256106709
25578,LOF,0.2912712395169919,0.11082843186645558,0.5979003286165525
25579,LOF,0.12905625451075586,0.12988627349113083,0.7410574719981132
25580,LOF,0.016853059722277824,0.10546819973231156,0.8776787405454105
25581,LOF,0.05190426208993883,0.08729259493038198,0.8608031429796792
25582,LOF,0.05188460699367794,0.08541522994493972,0.8627001630613824
25583,LOF,0.01839180239808155,0.12313260750098177,0.8584755901009367
25584,Neutral,0.5057192371999999,0.12485337595921306,0.369427386840787
25585,LOF,0.018653264514709354,0.15687255104285108,0.8244741844424396
25586,LOF,0.015825822149763843,0.10305578422581185,0.8811183936244242
25587,LOF,0.015601307890505095,0.09613961001915022,0.8882590820903445
25588,LOF,0.015323005271407175,0.11685147255103523,0.8678255221775575
25589,Neutral,0.5934947283244483,0.1443093876810276,0.26219588399452404
25590,LOF,0.03225248035156456,0.13724003744507168,0.8305074822033638
25591,LOF,0.09710288973761334,0.07400004235178602,0.8288970679106006
25592,LOF,0.0475956223645793,0.16800837812416816,0.7843959995112525
25593,LOF,0.022823762263744978,0.28518165173471205,0.691994586001543
25594,LOF,0.04526242712887683,0.12737768490444354,0.8273598879666796
25595,LOF,0.05916034886017321,0.09437011822981722,0.8464695329100096
25596,LOF,0.060609312714011356,0.08320097119001942,0.8561897160959692
25597,LOF,0.0404757475893628,0.08599393831870435,0.8735303140919328
25598,LOF,0.04663895818364777,0.11440868995722014,0.8389523518591321
25599,GOF,0.006571965270046089,0.5395127309697691,0.4539153037601848
25600,GOF,0.024259356573650855,0.5591649106787027,0.4165757327476464
25601,LOF,0.013749057061318057,0.4139873534835388,0.5722635894551432
25602,LOF,0.02071491350573327,0.05012196204221426,0.9291631244520525
25603,LOF,0.0476000841100237,0.017767696421839077,0.9346322194681371
25604,LOF,0.027241307164531804,0.07990768854455857,0.8928510042909096
25605,LOF,0.008489306797983003,0.20697912280482653,0.7845315703971905
25606,LOF,0.108681025073997,0.33292647103701867,0.5583925038889843
25607,LOF,0.005259791433303422,0.21177641127791216,0.7829637972887844
25608,LOF,0.02319406200916999,0.11117750034394938,0.8656284376468806
25609,LOF,0.06900162555663841,0.39583265457977634,0.5351657198635852
25610,LOF,0.018960928973759825,0.02752351268540199,0.9535155583408381
25611,LOF,0.019706484169441804,0.027942302092435735,0.9523512137381224
25612,LOF,0.09032426567788074,0.03982719864290931,0.86984853567921
25613,LOF,0.0778049536945636,0.03894116319318573,0.8832538831122506
25614,LOF,0.024072957949196148,0.0293418633639346,0.9465851786868692
25615,LOF,0.030383578402636533,0.042602289601656164,0.9270141319957073
25616,LOF,0.056064102955864635,0.02833317756129212,0.9156027194828432
25617,LOF,0.05622692493865851,0.0315998729234169,0.9121732021379245
25618,LOF,0.07387760230811785,0.03478627861105574,0.8913361190808264
25619,LOF,0.0159353585553802,0.0340714295087639,0.9499932119358558
25620,LOF,0.07498032403414316,0.03850473446923856,0.8865149414966182
25621,LOF,0.027311065317869664,0.03984750167546683,0.9328414330066636
25622,LOF,0.03353306102652361,0.036617758247943194,0.9298491807255331
25623,LOF,0.05340817300491778,0.026688691965833997,0.9199031350292483
25624,LOF,0.01996220242796239,0.03901285819349072,0.9410249393785468
25625,LOF,0.03849014762797745,0.04679633644911839,0.9147135159229042
25626,LOF,0.07079047500581388,0.03454421599831427,0.8946653089958718
25627,Neutral,0.6079389684973864,0.12252406734152264,0.269536964161091
25628,LOF,0.20377187112866754,0.05237211039135626,0.7438560184799762
25629,LOF,0.053483882581534095,0.06296700769599528,0.8835491097224706
25630,LOF,0.1576058053119303,0.09290307437475852,0.7494911203133112
25631,Neutral,0.633380804948149,0.05374573390199734,0.3128734611498536
25632,LOF,0.009949110450325602,0.08495163836314859,0.9050992511865258
25633,LOF,0.19759930716614932,0.0703316831922779,0.7320690096415727
25634,LOF,0.032722835274671194,0.10798795725994437,0.8592892074653844
25635,LOF,0.029240963146445018,0.07033131307577584,0.9004277237777791
25636,GOF,0.005610854508665061,0.555280100882249,0.4391090446090859
25637,GOF,0.006404858256181178,0.5796633180082972,0.4139318237355217
25638,LOF,0.012110909364794807,0.2829517695134281,0.704937321121777
25639,LOF,0.005705461993724634,0.4579427881300921,0.5363517498761833
25640,GOF,0.4416286583375297,0.4680312456327234,0.09034009602974694
25641,LOF,0.012279983872553333,0.2864689511389902,0.7012510649884565
25642,LOF,0.25318098702677827,0.05937626976643892,0.6874427432067829
25643,LOF,0.192607340504904,0.21466620299013678,0.5927264565049593
25644,GOF,0.00947404269980788,0.5053366558736346,0.4851893014265576
25645,LOF,0.008364826769420677,0.4475727955990208,0.5440623776315586
25646,LOF,0.01273388970105638,0.3277148205137017,0.6595512897852419
25647,LOF,0.010597131383933804,0.27431977811607966,0.7150830904999865
25648,LOF,0.010003017358076304,0.26646064957256993,0.7235363330693537
25649,LOF,0.008633762570657611,0.1964427099326354,0.794923527496707
25650,LOF,0.014170731666588818,0.40805797238534597,0.5777712959480652
25651,LOF,0.006140952049408803,0.27973806748405977,0.7141209804665315
25652,LOF,0.009688165418861824,0.26753273138173306,0.7227791031994051
25653,LOF,0.03464198377572402,0.3914483099811075,0.5739097062431685
25654,LOF,0.011588692394027995,0.1470111792429598,0.8414001283630121
25655,LOF,0.06126932065583393,0.42550121555253545,0.5132294637916307
25656,LOF,0.20110418721609563,0.04491315550760663,0.7539826572762979
25657,LOF,0.2932623295692039,0.027833257277877277,0.6789044131529188
25658,LOF,0.06753299774822676,0.07395195943238977,0.8585150428193834
25659,LOF,0.4166816418834661,0.06674580422068471,0.5165725538958492
25660,LOF,0.03131588455175755,0.10425356282472682,0.8644305526235155
25661,LOF,0.10429956559032086,0.06522392989405536,0.8304765045156238
25662,LOF,0.024201978592039246,0.04662949045441584,0.9291685309535449
25663,LOF,0.030115203040442608,0.06202985718118124,0.9078549397783763
25664,LOF,0.055563675490910965,0.07408732112355129,0.8703490033855378
25665,LOF,0.059527146225196344,0.04024340661106001,0.9002294471637436
25666,LOF,0.0642339496730409,0.09830882896319505,0.8374572213637641
25667,LOF,0.07484556831468424,0.05009192615570254,0.8750625055296132
25668,LOF,0.02600905011130446,0.054542974776143484,0.919447975112552
25669,LOF,0.028430568754231333,0.07882077865662057,0.892748652589148
25670,LOF,0.0954290473188604,0.06846987384203983,0.8361010788390998
25671,LOF,0.09922518479864521,0.0439878210847048,0.85678699411665
25672,LOF,0.06527705729335245,0.05479747802527264,0.8799254646813749
25673,LOF,0.042124614445818484,0.06810446555072372,0.8897709200034579
25674,LOF,0.034310446438188556,0.08262140329775264,0.8830681502640589
25675,LOF,0.05701925756543881,0.07726273950783046,0.8657180029267306
25676,LOF,0.02047206019797935,0.06697206781843915,0.9125558719835816
25677,LOF,0.031042298174364363,0.07668325928256181,0.8922744425430739
25678,LOF,0.19749561046924538,0.04953271025309333,0.7529716792776614
25679,LOF,0.15043060431139188,0.07644882623464569,0.7731205694539623
25680,LOF,0.03192895671155114,0.11764957798216137,0.8504214653062875
25681,LOF,0.056137135765281294,0.10744121617363021,0.8364216480610884
25682,LOF,0.11077672580040389,0.07727371055115913,0.811949563648437
25683,LOF,0.11267695845600355,0.09937452637117662,0.7879485151728198
25684,LOF,0.04367968107671781,0.08154904229385107,0.8747712766294312
25685,LOF,0.1152132662823285,0.06798744490663935,0.8167992888110321
25686,LOF,0.033823121654230175,0.09532051115125566,0.8708563671945142
25687,LOF,0.04062909450748397,0.07750285822709385,0.8818680472654221
25688,LOF,0.046968168442925735,0.05317061954523342,0.8998612120118408
25689,LOF,0.02564186985230093,0.06098400258879883,0.9133741275589004
25690,LOF,0.026086775481018506,0.05494467842050235,0.9189685460984792
25691,LOF,0.26005958120456746,0.06875181272983115,0.6711886060656014
25692,LOF,0.3755566640197682,0.006076540494829528,0.6183667954854024
25693,LOF,0.09057213376163586,0.1790973769170141,0.7303304893213501
25694,LOF,0.25751841506575796,0.014384112673801753,0.7280974722604403
25695,LOF,0.16766579829015404,0.03445478978909263,0.7978794119207533
25696,LOF,0.15489430840419385,0.014525046912789486,0.8305806446830166
25697,LOF,0.17185191216101606,0.026222186100618456,0.8019259017383654
25698,LOF,0.04919576335929649,0.4729477902544681,0.4778564463862355
25699,LOF,0.0625689968353942,0.10113371661210481,0.836297286552501
25700,LOF,0.05677175757827475,0.010214674614458531,0.9330135678072669
25701,LOF,0.015266939404371684,0.08841093043863936,0.8963221301569889
25702,GOF,0.025615626225772542,0.7098954078686553,0.26448896590557214
25703,LOF,0.011669523137720062,0.18441472748546603,0.8039157493768139
25704,LOF,0.0410563034565939,0.16850591720636554,0.7904377793370405
25705,LOF,0.047269346387742835,0.22793419976400975,0.7247964538482474
25706,GOF,0.030846733161386124,0.5534738072496425,0.41567945958897135
25707,GOF,0.018455066375696213,0.49815534876237133,0.48338958486193234
25708,LOF,0.006836414982367513,0.4076071934176595,0.585556391599973
25709,LOF,0.05370804696500807,0.05655988834231924,0.8897320646926727
25710,LOF,0.006303570109265511,0.17542132444054534,0.8182751054501891
25711,LOF,0.01697009646830038,0.11618368091474078,0.8668462226169588
25712,LOF,0.009379900950897246,0.20651636729843284,0.7841037317506699
25713,LOF,0.015929017726248936,0.099857979275915,0.884213002997836
25714,LOF,0.060354856387401914,0.12103887724158241,0.8186062663710157
25715,LOF,0.011769146487621339,0.13338398702790366,0.854846866484475
25716,LOF,0.009214270167961574,0.11500101025210006,0.8757847195799384
25717,LOF,0.007083042774534196,0.10411790816360393,0.8887990490618618
25718,LOF,0.01279025824656293,0.0855044695343963,0.9017052722190408
25719,LOF,0.020590397343792352,0.09730258748251332,0.8821070151736944
25720,LOF,0.02029669930890397,0.07917170463132174,0.9005315960597743
25721,LOF,0.0146398419501519,0.1227651737885198,0.8625949842613283
25722,LOF,0.012120977085964043,0.14390725016892858,0.8439717727451074
25723,LOF,0.017386645624468542,0.06834050794219941,0.914272846433332
25724,LOF,0.02552395220545239,0.11325887601687415,0.8612171717776734
25725,LOF,0.012726397316667103,0.08358085698013304,0.9036927457031999
25726,LOF,0.010630609021908594,0.12238729953620799,0.8669820914418835
25727,LOF,0.013078018997360484,0.09820721787073021,0.8887147631319093
25728,LOF,0.01110326831064848,0.12065469803004363,0.868242033659308
25729,LOF,0.011658339035732563,0.12387167327820978,0.8644699876860578
25730,LOF,0.012135788792325259,0.10059273846058497,0.8872714727470897
25731,LOF,0.009235101951791601,0.15989173542616406,0.8308731626220442
25732,LOF,0.012430543941227949,0.10611278649832344,0.8814566695604487
25733,LOF,0.017601880529292936,0.08257913046575817,0.8998189890049489
25734,LOF,0.005826414978601889,0.16525908439913986,0.8289145006222582
25735,LOF,0.014472959463879607,0.08090857324030903,0.9046184672958113
25736,LOF,0.013255389020026168,0.12392275166291905,0.8628218593170547
25737,LOF,0.023995056220326008,0.09555588370391903,0.880449060075755
25738,LOF,0.012806484734794085,0.14239463018506557,0.8447988850801403
25739,LOF,0.0187288486515621,0.11856016431784297,0.8627109870305949
25740,LOF,0.029154383356715434,0.12868043297101028,0.8421651836722742
25741,LOF,0.014985127753093451,0.10770696965519201,0.8773079025917147
25742,LOF,0.10573989864558579,0.09735483137129297,0.7969052699831212
25743,LOF,0.022798812813087075,0.04295704496925381,0.9342441422176591
25744,GOF,0.21787304683308933,0.4051666288110358,0.37696032435587484
25745,LOF,0.024233760759017325,0.055598183409746066,0.9201680558312365
25746,LOF,0.014027355034252483,0.06971891765588836,0.9162537273098591
25747,LOF,0.02426371283272593,0.040228734722155005,0.9355075524451191
25748,LOF,0.14655959313797612,0.06825447703306511,0.7851859298289587
25749,LOF,0.01456021007357374,0.044407070030716575,0.9410327198957096
25750,LOF,0.02871567654341505,0.06887979215503502,0.90240453130155
25751,LOF,0.10127558620391737,0.06841500303732802,0.8303094107587545
25752,GOF,0.11826147271622689,0.6008727582117945,0.28086576907197863
25753,LOF,0.008262959489115703,0.36767917294255786,0.6240578675683264
25754,GOF,0.004658495597365963,0.8469992569025202,0.14834224750011377
25755,LOF,0.011111538248803461,0.41752736247495614,0.5713610992762405
25756,LOF,0.0494316120173522,0.4296691655102194,0.5208992224724284
25757,GOF,0.005656492767144009,0.8676153904979637,0.1267281167348923
25758,GOF,0.006501019614433677,0.8577911280784213,0.13570785230714516
25759,GOF,0.004510798849885881,0.5300344575787248,0.4654547435713894
25760,LOF,0.005810063819133803,0.29624202111017284,0.6979479150706934
25761,GOF,0.04500132274984571,0.8217875938605269,0.13321108338962745
25762,LOF,0.03012722632283816,0.3458250823455308,0.6240476913316311
25763,LOF,0.006863692189185413,0.22989579895413367,0.7632405088566808
25764,GOF,0.12684350042887352,0.5108252523018937,0.3623312472692327
25765,GOF,0.010845377818636837,0.795197040728833,0.1939575814525302
25766,GOF,0.024665779367495,0.7876158794323278,0.18771834120017716
25767,GOF,0.022891603422084635,0.49857449803140846,0.47853389854650696
25768,LOF,0.07300601644983654,0.06509132460605689,0.8619026589441067
25769,LOF,0.06651037519127437,0.052451769537449344,0.8810378552712763
25770,LOF,0.15707657824277502,0.05682059887282882,0.7861028228843961
25771,LOF,0.017505565598950872,0.06720054414507155,0.9152938902559775
25772,LOF,0.015162375645867272,0.024029497904259775,0.9608081264498729
25773,LOF,0.01743036938086873,0.10717077429640982,0.8753988563227214
25774,LOF,0.03141378475286091,0.07230454504682299,0.8962816702003161
25775,LOF,0.02295758844677498,0.04220295570004491,0.9348394558531801
25776,LOF,0.07802544098165784,0.019438707185803098,0.9025358518325391
25777,LOF,0.17814760280352687,0.0529083042098755,0.7689440929865976
25778,LOF,0.061698798647885175,0.03866549810051769,0.8996357032515973
25779,GOF,0.05308763707020751,0.8715261318187324,0.07538623111105995
25780,GOF,0.05814862168157124,0.8560881889782056,0.08576318934022316
25781,GOF,0.023726436626748344,0.8453258298335631,0.13094773353968855
25782,GOF,0.027350700052952922,0.8813483471569852,0.09130095279006177
25783,GOF,0.014051829648596458,0.716369242515218,0.26957892783618564
25784,GOF,0.1259668369730749,0.8134028230581529,0.06063033996877221
25785,GOF,0.06542765966173655,0.8750475812954652,0.059524759042798185
25786,GOF,0.004530312095431369,0.8038119938542836,0.19165769405028504
25787,GOF,0.16442170102783654,0.7950660280388293,0.04051227093333418
25788,LOF,0.041930501266874164,0.1268684973100632,0.8312010014230626
25789,GOF,0.032511543241219756,0.8302744538109238,0.13721400294785635
25790,GOF,0.03287325011127906,0.8627716348436997,0.10435511504502133
25791,GOF,0.027248168913141826,0.8204814870578008,0.15227034402905737
25792,GOF,0.043816384090774554,0.8275715297551403,0.1286120861540851
25793,GOF,0.10807476243506532,0.7859106274377706,0.10601461012716423
25794,GOF,0.09077220020817335,0.7202016334501442,0.18902616634168237
25795,GOF,0.03257881469597887,0.7458319805151218,0.22158920478889937
25796,GOF,0.12617813594000052,0.7597419144978088,0.11407994956219067
25797,GOF,0.03836056922067744,0.6001385548469843,0.36150087593233826
25798,GOF,0.002857623207465031,0.5768254381156911,0.4203169386768438
25799,LOF,0.0027629255290473782,0.4686088465026508,0.5286282279683019
25800,GOF,0.011986803778862156,0.6531108446334479,0.33490235158768994
25801,GOF,0.02463850240195419,0.822328493384403,0.1530330042136429
25802,GOF,0.016719074157409263,0.7508131714609364,0.23246775438165437
25803,GOF,0.010016602724179757,0.6519291181498901,0.33805427912593017
25804,GOF,0.011244945120867333,0.5524684461162047,0.4362866087629279
25805,GOF,0.018531816580236553,0.6533541677121839,0.32811401570757953
25806,GOF,0.015319523242872769,0.6761129419993192,0.30856753475780807
25807,GOF,0.00439755693903886,0.6561030459765989,0.33949939708436233
25808,GOF,0.012136742379575618,0.672437253187383,0.31542600443304153
25809,GOF,0.005173267198492453,0.6480293030463731,0.3467974297551344
25810,GOF,0.004475248455056318,0.6585183261615613,0.3370064253833824
25811,GOF,0.09985597150123446,0.7810821251180626,0.119061903380703
25812,GOF,0.014797430727938102,0.6484989209340193,0.33670364833804267
25813,GOF,0.10117455748630971,0.758755676173272,0.1400697663404184
25814,GOF,0.024744454991587245,0.7329729802002746,0.2422825648081382
25815,GOF,0.04618109372919559,0.7302750455483241,0.22354386072248017
25816,GOF,0.006957935547812944,0.811284141459659,0.18175792299252802
25817,GOF,0.08565012197411637,0.7349152937661751,0.17943458425970837
25818,GOF,0.020560782435857614,0.7710238975325776,0.2084153200315647
25819,GOF,0.05784738898870393,0.7436375173456448,0.19851509366565126
25820,GOF,0.029147526267399873,0.7288840056962747,0.24196846803632557
25821,GOF,0.01617670999735444,0.7136485710076539,0.2701747189949916
25822,GOF,0.03175853461195902,0.7400617112375674,0.22817975415047367
25823,GOF,0.012227253546571223,0.5956609985675155,0.3921117478859132
25824,GOF,0.02079322995409102,0.7234582864495953,0.25574848359631364
25825,GOF,0.013260828887437709,0.7002039737905014,0.2865351973220609
25826,GOF,0.004666669771606525,0.6484546159520131,0.3468787142763802
25827,GOF,0.008609240229269996,0.6494690029514666,0.3419217568192633
25828,GOF,0.005365306990473218,0.5783400625982578,0.416294630411269
25829,GOF,0.002707342942490028,0.662115111503698,0.335177545553812
25830,LOF,0.025926618381691604,0.3797909800086229,0.5942824016096855
25831,GOF,0.0414626215622135,0.8181152428794963,0.14042213555829028
25832,GOF,0.006800189289000949,0.7563545708077503,0.23684523990324888
25833,GOF,0.025181847047204085,0.8037653664887794,0.17105278646401653
25834,GOF,0.006669864773803364,0.7717072705911654,0.2216228646350313
25835,GOF,0.01649477593474957,0.8128730312049057,0.1706321928603447
25836,GOF,0.005745030945301494,0.7622526039039723,0.2320023651507263
25837,GOF,0.005177033213839749,0.6498223553328005,0.34500061145335986
25838,GOF,0.01599761898540091,0.8366130729008218,0.14738930811377732
25839,GOF,0.0371891663376963,0.806669875514979,0.15614095814732468
25840,GOF,0.0461740441332113,0.8198789842672035,0.13394697159958505
25841,GOF,0.0426194432742896,0.8340039396223543,0.12337661710335592
25842,GOF,0.02321008206828106,0.8773415162497267,0.09944840168199222
25843,GOF,0.021469990533247184,0.891256955699575,0.0872730537671778
25844,GOF,0.015200305269903248,0.8018855309650675,0.18291416376502917
25845,GOF,0.004802389824969194,0.6033072370473085,0.3918903731277223
25846,GOF,0.03545893548163323,0.8390282288935041,0.12551283562486265
25847,GOF,0.016409241853873494,0.8890523013409367,0.09453845680518991
25848,GOF,0.014910766295068451,0.8400455503597397,0.14504368334519177
25849,GOF,0.004533749114927657,0.7078252891917851,0.2876409616932873
25850,GOF,0.0057729950776169,0.7132114068544178,0.28101559806796533
25851,GOF,0.004982302308676478,0.5907697063544932,0.4042479913368302
25852,GOF,0.14410868097439244,0.5676995858584517,0.28819173316715596
25853,GOF,0.06917659558844962,0.8392961574657848,0.09152724694576556
25854,GOF,0.008841759097894449,0.6876529902413088,0.3035052506607967
25855,GOF,0.015515758681070848,0.5955683659225625,0.38891587539636663
25856,GOF,0.04146750330006643,0.721018749110857,0.23751374758907667
25857,GOF,0.016007228597437355,0.5616295041421729,0.42236326726038975
25858,GOF,0.007243947617698214,0.582642669986864,0.4101133823954379
25859,GOF,0.005051730648441773,0.5673038933133223,0.427644376038236
25860,GOF,0.09512190286349435,0.7680707628398928,0.13680733429661282
25861,GOF,0.13951140712905238,0.7541113740432667,0.10637721882768097
25862,GOF,0.01957229228563161,0.841240363487225,0.13918734422714332
25863,GOF,0.01886119374772087,0.8536092442712921,0.12752956198098686
25864,GOF,0.0505087987744445,0.8360430330923566,0.1134481681331988
25865,GOF,0.037317411880343196,0.8002622714386005,0.1624203166810562
25866,GOF,0.02208844213538213,0.83554893317543,0.14236262468918792
25867,GOF,0.029043303916750484,0.8578366116400199,0.11312008444322962
25868,GOF,0.05345942434998883,0.80844950866541,0.13809106698460114
25869,GOF,0.3438517164025081,0.5688906321131111,0.08725765148438082
25870,GOF,0.18610228386015024,0.5470181552904875,0.2668795608493623
25871,GOF,0.020843027371423385,0.8661138953052399,0.1130430773233367
25872,GOF,0.018875805559090703,0.8492944085912181,0.1318297858496911
25873,GOF,0.017785915016862202,0.8664042879310194,0.11580979705211848
25874,LOF,0.015131226913422774,0.13869408071563752,0.8461746923709397
25875,LOF,0.035314907700700816,0.03773986578334258,0.9269452265159566
25876,LOF,0.017415056986985592,0.032620387596953716,0.9499645554160607
25877,LOF,0.12338339919089965,0.0640899431455697,0.8125266576635307
25878,LOF,0.053452079350327565,0.09244402615559383,0.8541038944940786
25879,LOF,0.02159888861409074,0.0709211678290443,0.9074799435568649
25880,LOF,0.04651796370880201,0.009221133959544171,0.9442609023316537
25881,Neutral,0.5727117035291175,0.07575143769660402,0.35153685877427837
25882,LOF,0.05478108361335756,0.03840254487759183,0.9068163715090506
25883,LOF,0.04201280290925875,0.02528656430738248,0.9327006327833588
25884,LOF,0.02044649828097828,0.05473085744468927,0.9248226442743325
25885,LOF,0.23639782058152894,0.008393590930048133,0.755208588488423
25886,LOF,0.1682941859278513,0.0559402030172564,0.7757656110548923
25887,LOF,0.1832703632208244,0.06562393054001238,0.7511057062391633
25888,LOF,0.012285588247166971,0.15367528047768064,0.8340391312751523
25889,LOF,0.026781004280841833,0.035116525528068716,0.9381024701910894
25890,LOF,0.11515393207872271,0.11724611907246876,0.7675999488488086
25891,LOF,0.06942404577037951,0.054853147771201365,0.8757228064584192
25892,LOF,0.009273010793539555,0.038260489782302905,0.9524664994241575
25893,LOF,0.3854567799990034,0.009668181101020914,0.6048750388999757
25894,LOF,0.4425451758997236,0.005608839760836426,0.55184598433944
25895,LOF,0.35429713304424676,0.011522011263682153,0.634180855692071
25896,LOF,0.05292075455973195,0.02975284301229925,0.9173264024279688
25897,LOF,0.17641775153811537,0.010168397704568052,0.8134138507573165
25898,LOF,0.19875570968501657,0.033442320474406054,0.7678019698405774
25899,LOF,0.2197423540710068,0.03119116395460654,0.7490664819743866
25900,LOF,0.46166897133418267,0.009184570654024771,0.5291464580117926
25901,LOF,0.038260194644412424,0.010957789842396945,0.9507820155131907
25902,LOF,0.09493721819481295,0.015587797659977006,0.8894749841452101
25903,LOF,0.36276986497068625,0.02696387953263195,0.6102662554966819
25904,LOF,0.4416074225714703,0.03898718268969321,0.5194053947388365
25905,LOF,0.006576350223106359,0.4218980226032635,0.5715256271736302
25906,LOF,0.011961809823822231,0.1049209132420174,0.8831172769341604
25907,LOF,0.0038266569436449602,0.33300387225654726,0.6631694707998077
25908,LOF,0.004028374059748809,0.23330558046945793,0.7626660454707932
25909,LOF,0.01371000472126369,0.1523862023581547,0.8339037929205816
25910,LOF,0.01900281328851932,0.11800122690165221,0.8629959598098285
25911,LOF,0.3331066167672726,0.02911000902000681,0.6377833742127207
25912,LOF,0.06608087146420141,0.048232749998665086,0.8856863785371335
25913,LOF,0.06552746508374041,0.04990268668907364,0.884569848227186
25914,LOF,0.02125382336276846,0.0731520829615759,0.9055940936756557
25915,LOF,0.12683784805479215,0.29626017044290903,0.5769019815022989
25916,LOF,0.021347014298754626,0.19796924613087888,0.7806837395703664
25917,LOF,0.06560431585371239,0.05022966930590044,0.8841660148403873
25918,LOF,0.028035522451286137,0.040819004301356134,0.9311454732473577
25919,LOF,0.022097894355715245,0.04068170130666189,0.9372204043376229
25920,LOF,0.14385769858260034,0.22126070533703346,0.6348815960803661
25921,LOF,0.011659875392569184,0.04046972236645803,0.9478704022409727
25922,LOF,0.01434273957299444,0.031819595037334225,0.9538376653896714
25923,LOF,0.4581858171182451,0.037213089882542044,0.5046010929992129
25924,LOF,0.024215567738421227,0.05049355643100748,0.9252908758305712
25925,LOF,0.07832509650934456,0.05158072253228589,0.8700941809583694
25926,LOF,0.06433927750370633,0.04716122849411511,0.8884994940021785
25927,LOF,0.019048850996087885,0.0625599865450302,0.918391162458882
25928,LOF,0.008251544530637405,0.055941602308188336,0.9358068531611744
25929,Neutral,0.5413295668399449,0.03507887208782938,0.4235915610722256
25930,LOF,0.08514123903929434,0.03345470276318758,0.8814040581975181
25931,LOF,0.011347511311298278,0.033955968979046666,0.9546965197096551
25932,LOF,0.029413752392242726,0.030599042510622117,0.9399872050971352
25933,LOF,0.036709655640946394,0.019254334142657516,0.944036010216396
25934,LOF,0.02543234193524642,0.020186779222141835,0.9543808788426118
25935,LOF,0.07574946002731622,0.05702692209813519,0.8672236178745485
25936,LOF,0.03821199682861144,0.0228423303060579,0.9389456728653307
25937,LOF,0.010779390571703878,0.03150657347348087,0.9577140359548152
25938,LOF,0.07148449533108064,0.05186509236028341,0.8766504123086359
25939,LOF,0.028808825662883144,0.024088886660750014,0.9471022876763667
25940,LOF,0.01026315188808861,0.3311207395380012,0.6586161085739103
25941,Neutral,0.5374903186986758,0.02887821144454969,0.4336314698567744
25942,LOF,0.007020676279727261,0.04764166762090468,0.945337656099368
25943,LOF,0.03901191815314917,0.15248226405323165,0.8085058177936192
25944,LOF,0.12210375590248235,0.07313410072631239,0.8047621433712053
25945,LOF,0.06124580291930307,0.019945566384757623,0.9188086306959392
25946,LOF,0.07279357043217803,0.054066486215332776,0.8731399433524891
25947,Neutral,0.4876910041922134,0.09085396890176492,0.4214550269060217
25948,Neutral,0.5016693828066012,0.011984988368742618,0.48634562882465604
25949,LOF,0.08811953940592639,0.063953963358253,0.8479264972358206
25950,GOF,0.05319070077190674,0.6329784709007475,0.3138308283273457
25951,LOF,0.012073059368195277,0.42278704035120795,0.5651399002805967
25952,LOF,0.2580682364452755,0.2870589259219968,0.4548728376327276
25953,LOF,0.011739734630865625,0.1956478150803118,0.7926124502888225
25954,LOF,0.05442137796887864,0.4724784673574885,0.47310015467363287
25955,LOF,0.010077252005749292,0.13339841393511698,0.8565243340591336
25956,LOF,0.025792473878779712,0.3071641829258596,0.6670433431953606
25957,LOF,0.21303003303321624,0.03977650277456866,0.747193464192215
25958,LOF,0.04217662889243802,0.02836831847089897,0.929455052636663
25959,LOF,0.014363382476238855,0.4856201328495766,0.5000164846741845
25960,LOF,0.006273432764586047,0.05237615739146475,0.9413504098439492
25961,LOF,0.03979815859545444,0.02803094865954927,0.9321708927449962
25962,LOF,0.03251914083099701,0.07167873526048334,0.8958021239085197
25963,LOF,0.00600423649026122,0.24471266154750862,0.7492831019622302
25964,LOF,0.023724667157599785,0.10570497842473951,0.8705703544176606
25965,LOF,0.29838954999527784,0.1482967019147208,0.5533137480900013
25966,Neutral,0.46257724448855786,0.11138507157836243,0.4260376839330797
25967,LOF,0.006887758471572215,0.06669529697449103,0.9264169445539369
25968,LOF,0.04575029215126319,0.19437368018322226,0.7598760276655145
25969,LOF,0.11962171619256709,0.052304124844891206,0.8280741589625418
25970,LOF,0.0274267610516451,0.08963863023283027,0.8829346087155245
25971,LOF,0.061292455342840856,0.026966299368728283,0.9117412452884309
25972,LOF,0.04843757124419286,0.037316683963488466,0.9142457447923186
25973,LOF,0.05225160725610568,0.014303682519065256,0.933444710224829
25974,LOF,0.04522453264510101,0.045214275401074595,0.9095611919538245
25975,LOF,0.034683404999074754,0.030386417320636294,0.9349301776802889
25976,LOF,0.11053588017877543,0.014863088849543968,0.8746010309716806
25977,LOF,0.20370127371863883,0.07104849344987858,0.7252502328314825
25978,LOF,0.1601446113518431,0.12422639419443149,0.7156289944537254
25979,LOF,0.1393359288316883,0.13605039963510085,0.7246136715332108
25980,LOF,0.24505935864595635,0.16987831026138844,0.5850623310926553
25981,LOF,0.24606861889783446,0.1709006675131414,0.5830307135890241
25982,LOF,0.4457768409262557,0.08476602460826026,0.4694571344654839
25983,Neutral,0.47689940436319894,0.10897141750836672,0.4141291781284342
25984,LOF,0.033618931149401995,0.06992935714020941,0.8964517117103886
25985,LOF,0.4131615037338657,0.12999593225651404,0.45684256400962037
25986,LOF,0.012798878612602278,0.44889722781166763,0.53830389357573
25987,LOF,0.06976491443402137,0.1079001713764359,0.8223349141895426
25988,LOF,0.13836498543001452,0.13454214547164148,0.727092869098344
25989,LOF,0.03713381821867918,0.1696496951660676,0.7932164866152531
25990,LOF,0.03672256223778195,0.2698748030279656,0.6934026347342525
25991,LOF,0.025237403877107392,0.337806300623091,0.6369562954998015
25992,LOF,0.02847278653415207,0.32761468215851575,0.6439125313073322
25993,LOF,0.020326665788216198,0.08369702087255051,0.8959763133392332
25994,LOF,0.015529780616964178,0.08058306781159733,0.9038871515714386
25995,LOF,0.016470343709298924,0.1610488791969403,0.8224807770937608
25996,LOF,0.34729386737909235,0.28522153003592815,0.36748460258497956
25997,LOF,0.0693960969859882,0.3297714102630661,0.6008324927509457
25998,LOF,0.26704655475613903,0.05377906338797876,0.6791743818558821
25999,LOF,0.02806055851672624,0.22901376678413338,0.7429256746991404
26000,LOF,0.18968459256426962,0.04259656810270283,0.7677188393330275
26001,LOF,0.286606874017926,0.03427942149841451,0.6791137044836595
26002,LOF,0.07434618214652972,0.07019925842806808,0.8554545594254022
26003,GOF,0.004176802958623691,0.6339834859868199,0.3618397110545565
26004,GOF,0.006105589040256448,0.7276580740099812,0.26623633694976234
26005,GOF,0.0029154335576488436,0.519878788959234,0.4772057774831172
26006,GOF,0.0779381959182109,0.5986436598096534,0.32341814427213567
26007,GOF,0.005578927771740975,0.5949126771273806,0.39950839510087843
26008,GOF,0.00501069578301621,0.66914591866956,0.32584338554742387
26009,GOF,0.006263210239662312,0.6790125979943366,0.3147241917660011
26010,GOF,0.006601434116103318,0.6766658306594507,0.31673273522444595
26011,GOF,0.0028849838769997712,0.5125190821141652,0.484595934008835
26012,GOF,0.00412538739272892,0.568229865030953,0.42764474757631815
26013,GOF,0.005866974031235307,0.6016658873300428,0.39246713863872196
26014,LOF,0.04640028980989687,0.11177984706902168,0.8418198631210814
26015,LOF,0.4122200300821199,0.018532387394402564,0.5692475825234775
26016,LOF,0.29902934145099364,0.03891347835709875,0.6620571801919076
26017,LOF,0.024100291524497896,0.19894177310902775,0.7769579353664743
26018,LOF,0.043454880805564165,0.03681976025838153,0.9197253589360542
26019,LOF,0.04321584520188437,0.031204696114622423,0.9255794586834931
26020,LOF,0.009351947991260498,0.19574403559565287,0.7949040164130867
26021,LOF,0.07103740997332064,0.06590569436293982,0.8630568956637396
26022,LOF,0.035466207139982185,0.024336648606834675,0.9401971442531832
26023,LOF,0.04367016751379897,0.022087601473152897,0.934242231013048
26024,LOF,0.04515870415192998,0.06258161972381873,0.8922596761242513
26025,LOF,0.055180341518268526,0.0784299927781625,0.8663896657035689
26026,LOF,0.10141172617359502,0.05604156144310176,0.8425467123833031
26027,LOF,0.03729853464828759,0.018774461587183777,0.9439270037645288
26028,LOF,0.09985761637764662,0.14078561768498482,0.7593567659373686
26029,LOF,0.021580744511297417,0.23227193316298997,0.7461473223257127
26030,LOF,0.17508595315575998,0.030038149010936908,0.7948758978333033
26031,LOF,0.013966522340864476,0.18578961158262872,0.8002438660765069
26032,LOF,0.05908835548668034,0.0752032386954493,0.8657084058178705
26033,LOF,0.09019199310003831,0.06290283690209786,0.8469051699978639
26034,LOF,0.016125972555004333,0.18379749653789315,0.8000765309071024
26035,LOF,0.013302500140009572,0.13275035689156262,0.8539471429684278
26036,LOF,0.013874285262494417,0.1636878685089561,0.8224378462285493
26037,LOF,0.012011532969078195,0.12054387207336036,0.8674445949575614
26038,LOF,0.04979745954823737,0.06891849967558339,0.8812840407761793
26039,LOF,0.028757919730611016,0.17012366479412822,0.8011184154752607
26040,LOF,0.13046218114018546,0.1608946432724467,0.7086431755873679
26041,LOF,0.01595368557907697,0.1037173847913137,0.8803289296296093
26042,LOF,0.014498667531249102,0.10734594987145217,0.8781553825972986
26043,LOF,0.048113808014422284,0.0899599628222892,0.8619262291632886
26044,LOF,0.013162260311552045,0.06712419296187593,0.919713546726572
26045,LOF,0.06888799423761695,0.13049702586702805,0.8006149798953549
26046,LOF,0.04281435291468032,0.06951022926958748,0.8876754178157322
26047,LOF,0.06821499945970393,0.07067190081306492,0.8611130997272312
26048,LOF,0.06397598118305914,0.04899167161833977,0.887032347198601
26049,Neutral,0.9475806472375398,0.008264019063365808,0.04415533369909456
26050,Neutral,0.9259159245863958,0.009323628289972144,0.0647604471236319
26051,LOF,0.014112260764137186,0.11918509445144762,0.8667026447844152
26052,LOF,0.02120910779383448,0.14743432975881107,0.8313565624473545
26053,LOF,0.03131473618327213,0.15158610096938135,0.8170991628473465
26054,LOF,0.040855635915747694,0.02159813922249116,0.9375462248617611
26055,LOF,0.06425235926956509,0.020718892553382016,0.9150287481770528
26056,LOF,0.05168146838600499,0.024471699218750705,0.9238468323952442
26057,LOF,0.025951497625462255,0.01461146442118009,0.9594370379533577
26058,LOF,0.02670041846099473,0.012067602521984076,0.9612319790170213
26059,LOF,0.19171114388553273,0.022096935315222107,0.7861919207992452
26060,LOF,0.010693941887550459,0.19699621397641112,0.7923098441360384
26061,LOF,0.00732250198059324,0.014852446607038031,0.9778250514123686
26062,LOF,0.004699459376245118,0.023110863947967054,0.9721896766757878
26063,LOF,0.018132975396067334,0.012305749116814526,0.9695612754871181
26064,LOF,0.007483339009596269,0.03171977256668843,0.9607968884237154
26065,LOF,0.021079368885390515,0.012818196472291796,0.9661024346423177
26066,LOF,0.02067115625104768,0.011439217424474242,0.9678896263244782
26067,LOF,0.025726970871351833,0.010008936053943058,0.9642640930747052
26068,LOF,0.04626372214396459,0.04434122124580668,0.9093950566102288
26069,LOF,0.15214593074199834,0.026842350654281488,0.8210117186037201
26070,LOF,0.32740193603692996,0.021048641271722558,0.6515494226913475
26071,LOF,0.01960903991032242,0.01196349316106342,0.9684274669286141
26072,LOF,0.0062618406083566995,0.028086212292093647,0.9656519470995497
26073,LOF,0.01927116978324594,0.014580270541757468,0.9661485596749965
26074,Neutral,0.9217590451514791,0.007532979318254969,0.07070797553026588
26075,LOF,0.04997088102277282,0.0222246366514167,0.9278044823258105
26076,LOF,0.03012488235721484,0.011614427883290932,0.9582606897594942
26077,LOF,0.12138023578571706,0.009733166651914888,0.8688865975623681
26078,LOF,0.006230882304283274,0.018805967458090586,0.9749631502376261
26079,LOF,0.05357626828152787,0.023381277283752024,0.9230424544347201
26080,LOF,0.053051217153500155,0.02341344248803647,0.9235353403584633
26081,LOF,0.023348578447969157,0.008180815788345572,0.9684706057636854
26082,LOF,0.004432869893621631,0.018619689991551176,0.9769474401148271
26083,LOF,0.11057416682279912,0.018796470429016186,0.8706293627481847
26084,LOF,0.0410670011484062,0.015181983442861122,0.9437510154087326
26085,LOF,0.03658913600154283,0.01326501100156774,0.9501458529968895
26086,LOF,0.019404588240759312,0.013290314363598095,0.9673050973956425
26087,LOF,0.018887253065813018,0.010822725885762842,0.9702900210484242
26088,LOF,0.006578011292540968,0.02229672533281278,0.9711252633746463
26089,LOF,0.041560286663535034,0.026562095539468786,0.9318776177969963
26090,LOF,0.0425603985363567,0.021098569039323327,0.93634103242432
26091,LOF,0.02264006975474755,0.007681400251941189,0.9696785299933113
26092,LOF,0.020313169063715733,0.008662700544366426,0.9710241303919178
26093,LOF,0.037282932069966516,0.006898005546638992,0.9558190623833945
26094,LOF,0.02810921201782131,0.007111550536711742,0.9647792374454669
26095,LOF,0.043145313080011315,0.017674287752479204,0.9391803991675095
26096,LOF,0.183241543644407,0.006173689795708161,0.8105847665598848
26097,LOF,0.005565536993768754,0.03498099121779621,0.9594534717884351
26098,LOF,0.07474404744249727,0.0187151781476689,0.9065407744098338
26099,LOF,0.01884566516105896,0.01576759213823702,0.965386742700704
26100,LOF,0.0188576620023917,0.015767399343592624,0.9653749386540157
26101,LOF,0.04555442284170489,0.022651945936547124,0.931793631221748
26102,LOF,0.018576327534901294,0.016333398590657102,0.9650902738744416
26103,Neutral,0.8732801851476043,0.02512773094112987,0.10159208391126588
26104,LOF,0.06278133466972335,0.02843401306259525,0.9087846522676813
26105,LOF,0.23484978032853393,0.20377244232465763,0.5613777773468085
26106,LOF,0.34364136777143783,0.1314300587601381,0.524928573468424
26107,LOF,0.020337446880821466,0.11434753272524635,0.8653150203939323
26108,LOF,0.3413949002883893,0.04844368011412106,0.6101614195974896
26109,LOF,0.059940388609444645,0.057132794923959986,0.8829268164665953
26110,LOF,0.37352554074945576,0.006793746684114506,0.6196807125664299
26111,LOF,0.05438375557686912,0.09563330377020925,0.8499829406529216
26112,LOF,0.030039141303390984,0.007614462713816498,0.9623463959827926
26113,LOF,0.05038140620951841,0.017435313176850504,0.9321832806136311
26114,LOF,0.08958591001448651,0.009481758120562043,0.9009323318649515
26115,LOF,0.016032313698682122,0.05977467227324048,0.9241930140280773
26116,LOF,0.09233791129607061,0.034239086428154104,0.8734230022757753
26117,LOF,0.43061301008816266,0.03425336292981965,0.5351336269820177
26118,LOF,0.027927453453282108,0.019120992258859243,0.9529515542878587
26119,LOF,0.005211437240767759,0.03234024854759812,0.9624483142116342
26120,LOF,0.023484348482177297,0.017925587177262125,0.9585900643405606
26121,LOF,0.004611097255447957,0.1315524929598962,0.8638364097846558
