feature0,prediction,LoGoFunc_Neutral,LoGoFunc_GOF,LoGoFunc_LOF
25546,Neutral,0.6396046398590158,0.06281824721458618,0.2975771129263979
25547,LOF,0.4399831662965406,0.11962712361991519,0.44038971008354405
25548,Neutral,0.48863184684987376,0.08981702833209537,0.4215511248180308
25549,LOF,0.41995933894708665,0.08977331745549678,0.4902673435974166
25550,LOF,0.34944388560038947,0.1486805733808234,0.5018755410187872
25551,LOF,0.27722345225068573,0.17761788063701187,0.5451586671123024
25552,LOF,0.1991308254852343,0.16513182335088739,0.6357373511638783
25553,Neutral,0.7890643019120896,0.05081433153498388,0.16012136655292647
25554,LOF,0.23556833847640976,0.15660489493189653,0.6078267665916938
25555,LOF,0.1949896579331372,0.13926095303436972,0.6657493890324931
25556,LOF,0.39888526952740416,0.12236705342665344,0.4787476770459424
25557,LOF,0.18787333412314683,0.15137806934879391,0.6607485965280594
25558,LOF,0.23093905117755864,0.15714171975096294,0.6119192290714784
25559,LOF,0.18734499878359917,0.11503162323980108,0.6976233779765998
25560,LOF,0.07362770262463421,0.13907436172832593,0.7872979356470399
25561,LOF,0.14088961502511818,0.13689933774027913,0.7222110472346027
25562,LOF,0.0658381480232351,0.09211816551205614,0.8420436864647087
25563,LOF,0.09122487251670061,0.09820058420271709,0.8105745432805823
25564,LOF,0.21404363111809416,0.18156315661077466,0.6043932122711312
25565,LOF,0.14959946503146865,0.13769096887222995,0.7127095660963015
25566,GOF,0.019179402924145796,0.7664925611342224,0.21432803594163188
25567,LOF,0.01861436244656226,0.18981085533998893,0.7915747822134489
25568,LOF,0.05758676512444413,0.08401497804891854,0.8583982568266374
25569,LOF,0.054807650312016,0.08705320095453933,0.8581391487334447
25570,LOF,0.02809815162826079,0.11769634838420054,0.8542054999875386
25571,LOF,0.02752721614345165,0.11418697732529041,0.858285806531258
25572,LOF,0.031435971689552845,0.14835927811122981,0.8202047501992173
25573,LOF,0.026844973254994443,0.11683212208253356,0.856322904662472
25574,LOF,0.017111262043656896,0.17720951312499494,0.8056792248313482
25575,LOF,0.02216333391578905,0.13069403517846304,0.8471426309057479
25576,LOF,0.01160505802688527,0.17471434716227927,0.8136805948108354
25577,LOF,0.01077724215492732,0.1446965397066731,0.8445262181383996
25578,LOF,0.27515857257958004,0.09823136791882128,0.6266100595015988
25579,LOF,0.11513973501999787,0.10524514837259674,0.7796151166074053
25580,LOF,0.017069716137716025,0.09282493964729147,0.8901053442149925
25581,LOF,0.04284100200112397,0.08142246685161963,0.8757365311472564
25582,LOF,0.04272138450050043,0.08032709460344777,0.8769515208960518
25583,LOF,0.01818556279521802,0.1045003745801327,0.8773140626246493
25584,Neutral,0.5376106142380577,0.11143871324088202,0.3509506725210603
25585,LOF,0.011460374759919133,0.16456393454982837,0.8239756906902524
25586,LOF,0.016589990175596106,0.08926925829534971,0.8941407515290543
25587,LOF,0.015844494145164877,0.08305716831566079,0.9010983375391743
25588,LOF,0.016495532311697564,0.09458191350260345,0.8889225541856991
25589,Neutral,0.6178074042017343,0.1501166729653667,0.232075922832899
25590,LOF,0.018124104838926725,0.14326022325453353,0.8386156719065397
25591,LOF,0.07741770397874333,0.07101925101147807,0.8515630450097785
25592,LOF,0.0466832319216281,0.15301742760908973,0.8002993404692822
25593,LOF,0.020668420278754387,0.25452680463574623,0.7248047750854993
25594,LOF,0.039571554762744605,0.10544041180257265,0.8549880334346828
25595,LOF,0.04049076168648589,0.0755269948811321,0.8839822434323821
25596,LOF,0.05380948254893643,0.06473421907885442,0.8814562983722091
25597,LOF,0.037738284994949925,0.06806538734575714,0.8941963276592929
25598,LOF,0.036729536875337414,0.0891362932727613,0.8741341698519013
25599,GOF,0.009259151895085962,0.5980138434797224,0.39272700462519156
25600,GOF,0.0319613137071174,0.6325948236980913,0.33544386259479136
25601,LOF,0.011932371127302574,0.4463751248137699,0.5416925040589275
25602,LOF,0.014471271616665816,0.05252822664083709,0.933000501742497
25603,LOF,0.048879787670409736,0.022112478166876424,0.9290077341627139
25604,LOF,0.015800093918805255,0.06975736299218219,0.9144425430890125
25605,LOF,0.007881471080335859,0.21717924417980544,0.7749392847398586
25606,LOF,0.08154507150687897,0.37182306576581176,0.5466318627273092
25607,LOF,0.0052898243523665876,0.246419553450879,0.7482906221967545
25608,LOF,0.011727045396720582,0.1057911950542745,0.8824817595490049
25609,LOF,0.07555052021485707,0.3678167592478369,0.5566327205373061
25610,LOF,0.018492424737315605,0.02620442365116538,0.9553031516115189
25611,LOF,0.01862777573599503,0.02851238113752764,0.9528598431264772
25612,LOF,0.05861095961217281,0.03974320483512166,0.9016458355527055
25613,LOF,0.05430754006959288,0.0413698141642315,0.9043226457661757
25614,LOF,0.02506720022900233,0.03138199644294549,0.9435508033280521
25615,LOF,0.016810172623767872,0.04045300849046467,0.9427368188857675
25616,LOF,0.050482332183638325,0.030219651519613266,0.9192980162967483
25617,LOF,0.05009340155992501,0.03540989284211414,0.9144967055979608
25618,LOF,0.05968473303770562,0.035678947156929375,0.9046363198053651
25619,LOF,0.018458663445832288,0.032394727103386874,0.9491466094507809
25620,LOF,0.06595319247177446,0.04137240293140053,0.892674404596825
25621,LOF,0.017774706699323156,0.04133828200903701,0.9408870112916399
25622,LOF,0.022661334692500375,0.041169877562024365,0.9361687877454753
25623,LOF,0.03402690111035546,0.033912373520093755,0.9320607253695508
25624,LOF,0.021185283842616986,0.039674041549854926,0.9391406746075281
25625,LOF,0.023604397755584296,0.05452142700175721,0.9218741752426585
25626,LOF,0.05124408104860816,0.04201092404656666,0.9067449949048251
25627,Neutral,0.5806555322441022,0.1057488454534019,0.31359562230249605
25628,LOF,0.1978666386579533,0.05550623970541674,0.74662712163663
25629,LOF,0.04247510464142327,0.059525985547848555,0.8979989098107283
25630,LOF,0.14416348504483426,0.09327159345820385,0.7625649214969619
25631,Neutral,0.5857132181251548,0.06474803538489515,0.3495387464899502
25632,LOF,0.008117611650673082,0.0701811619167104,0.9217012264326164
25633,LOF,0.20639794958143054,0.04687811275438656,0.746723937664183
25634,LOF,0.03104777765751674,0.09243935874180034,0.8765128636006829
25635,LOF,0.038854584674285465,0.051460567624912364,0.9096848477008022
25636,GOF,0.004930940040157499,0.6025124602794468,0.39255659968039563
25637,GOF,0.007443153017275775,0.6120430339517119,0.38051381303101234
25638,LOF,0.009677614961550523,0.3076029953415701,0.6827193896968794
25639,LOF,0.004581244442534482,0.4600951640941128,0.5353235914633528
25640,GOF,0.44433507315533777,0.47732067173936454,0.07834425510529765
25641,LOF,0.013902472842687226,0.2890494085932514,0.6970481185640615
25642,LOF,0.25269596493661206,0.055065719249077286,0.6922383158143106
25643,LOF,0.14847936846211354,0.160791651533308,0.6907289800045785
25644,LOF,0.008739639392610491,0.44094844741967437,0.5503119131877151
25645,LOF,0.007678389559486904,0.41026409244168216,0.582057517998831
25646,LOF,0.013143644596420357,0.2998399695550111,0.6870163858485686
25647,LOF,0.00929830576249073,0.2627403201576874,0.7279613740798219
25648,LOF,0.00911013960782812,0.25552657537521095,0.7353632850169609
25649,LOF,0.007481549467277052,0.19181092708579708,0.8007075234469259
25650,LOF,0.014035946498216956,0.39322252116142176,0.5927415323403613
25651,LOF,0.005755197749456214,0.2651355490644421,0.7291092531861016
25652,LOF,0.009206466995091476,0.2440626525885459,0.7467308804163626
25653,LOF,0.02819883639610485,0.36203633500091015,0.609764828602985
25654,LOF,0.010205384499364655,0.1555004655322284,0.834294149968407
25655,LOF,0.053585315609546644,0.3971590657338379,0.5492556186566154
25656,LOF,0.19266345262964196,0.04414825772593116,0.7631882896444269
25657,LOF,0.2614171201813217,0.025011045715029274,0.713571834103649
25658,LOF,0.07471285577083181,0.07030080302107403,0.8549863412080941
25659,LOF,0.4341871963821265,0.052914824721632385,0.5128979788962412
25660,LOF,0.030889735838247827,0.09740849225824223,0.8717017719035101
25661,LOF,0.09517344500317992,0.06887713742746929,0.8359494175693508
25662,LOF,0.03204003495951855,0.04564090939717371,0.9223190556433079
25663,LOF,0.039762112538685175,0.06459211819706571,0.8956457692642491
25664,LOF,0.04634448389200067,0.07930404559724935,0.8743514705107499
25665,LOF,0.054708178970736154,0.035473754708676336,0.9098180663205875
25666,LOF,0.03593079660740075,0.10149256950493427,0.8625766338876649
25667,LOF,0.06744017952130335,0.05004377580656702,0.8825160446721296
25668,LOF,0.03595634741012586,0.05351331733261245,0.9105303352572617
25669,LOF,0.03423359606289878,0.07850237392866853,0.8872640300084327
25670,LOF,0.05424155573809782,0.06743583509882732,0.8783226091630749
25671,LOF,0.0948771567107685,0.043464526881269235,0.8616583164079623
25672,LOF,0.05514291576404899,0.044860198715543746,0.8999968855204072
25673,LOF,0.02690547211474768,0.05696514970567834,0.916129378179574
25674,LOF,0.023348040169437406,0.06832507438969211,0.9083268854408705
25675,LOF,0.03383976810561162,0.06663876102872508,0.8995214708656633
25676,LOF,0.019302302043429007,0.05925935363351936,0.9214383443230517
25677,LOF,0.029339898946707094,0.07238043919991402,0.8982796618533788
25678,LOF,0.19239544021775545,0.06567421903729487,0.7419303407449497
25679,LOF,0.15946835313292723,0.09639093585562186,0.744140711011451
25680,LOF,0.0451370609425649,0.11250685749524829,0.8423560815621869
25681,LOF,0.06995919312876173,0.1077048490445,0.8223359578267383
25682,LOF,0.13954802077210804,0.08268498675350909,0.777766992474383
25683,LOF,0.0791344187708402,0.12268248302343313,0.7981830982057266
25684,LOF,0.04632302153869341,0.0816316060408103,0.8720453724204963
25685,LOF,0.07775110544120685,0.0538644179820069,0.8683844765767862
25686,LOF,0.024972041099122457,0.07354648036948738,0.9014814785313903
25687,LOF,0.04979549960292035,0.0666945284929316,0.883509971904148
25688,LOF,0.04789959631330599,0.06166036899362024,0.8904400346930738
25689,LOF,0.029206037424057047,0.06930887375073107,0.9014850888252118
25690,LOF,0.036513892805139045,0.06008232529022297,0.903403781904638
25691,LOF,0.2531707677156217,0.08071161763130845,0.6661176146530698
25692,LOF,0.26619437993604966,0.008327222288101494,0.7254783977758489
25693,LOF,0.09698959677533503,0.2565209165004766,0.6464894867241884
25694,LOF,0.24152068449037456,0.013055289513124754,0.7454240259965006
25695,LOF,0.15448854862271308,0.02048924402714029,0.8250222073501466
25696,LOF,0.11720024613382653,0.011793578720106048,0.8710061751460674
25697,LOF,0.0965885351546171,0.023251224614104223,0.8801602402312788
25698,LOF,0.0546428134513338,0.4514467574416495,0.49391042910701666
25699,LOF,0.06690691507795331,0.09039133798154246,0.8427017469405041
25700,LOF,0.05234413990664042,0.009945243253459664,0.9377106168399
25701,LOF,0.016372481339792164,0.07164297002108116,0.9119845486391268
25702,GOF,0.036010481761555774,0.6944652293833704,0.26952428885507373
25703,LOF,0.008670437632766485,0.1661107931009024,0.8252187692663311
25704,LOF,0.055980622496406056,0.13765984773707554,0.8063595297665184
25705,LOF,0.06310638617205494,0.273958588098711,0.6629350257292341
25706,GOF,0.02435091200569096,0.5031407162814394,0.47250837171286963
25707,LOF,0.017707718428012307,0.48625770150125114,0.4960345800707365
25708,LOF,0.008056223169329043,0.45737903550071274,0.5345647413299582
25709,LOF,0.05715203060574653,0.0706431174282224,0.8722048519660309
25710,LOF,0.005003981777921521,0.18355880169678618,0.8114372165252922
25711,LOF,0.01700064519659614,0.15548188187999568,0.8275174729234082
25712,LOF,0.0065980515669712475,0.23214194994963105,0.7612599984833978
25713,LOF,0.018302922629135177,0.1367046874117322,0.8449923899591326
25714,LOF,0.059693889292628435,0.15958731841470755,0.7807187922926639
25715,LOF,0.01124336117795947,0.17790859450760957,0.8108480443144309
25716,LOF,0.005772100896746723,0.15012400193659842,0.8441038971666549
25717,LOF,0.005560998795541514,0.12405884248805785,0.8703801587164006
25718,LOF,0.012145498724715272,0.12244292054093518,0.8654115807343495
25719,LOF,0.01963359174032187,0.13030544190421853,0.8500609663554596
25720,LOF,0.019961739019945902,0.11756062254539877,0.8624776384346554
25721,LOF,0.016732336652205037,0.13851225708713608,0.8447554062606588
25722,LOF,0.014064118517347785,0.16341993946059782,0.8225159420220544
25723,LOF,0.020080765619684658,0.09446191258163808,0.8854573217986772
25724,LOF,0.017161253858243592,0.1429340494880668,0.8399046966536897
25725,LOF,0.012031456603989901,0.10469196182822522,0.8832765815677849
25726,LOF,0.01419597944661531,0.15598951649557322,0.8298145040578114
25727,LOF,0.01262585312421878,0.11345599857596497,0.8739181482998162
25728,LOF,0.010377609995555042,0.1507914240229415,0.8388309659815035
25729,LOF,0.01104044538199689,0.1522696523036685,0.8366899023143346
25730,LOF,0.015820290947139767,0.1246611431394007,0.8595185659134595
25731,LOF,0.00727502754823167,0.1607541393147165,0.8319708331370519
25732,LOF,0.01534450479334029,0.11541427218147042,0.8692412230251894
25733,LOF,0.01581524029231338,0.10828113920121055,0.8759036205064762
25734,LOF,0.005260272056190936,0.1675228236055323,0.8272169043382767
25735,LOF,0.013752859347647707,0.10180790254109999,0.8844392381112524
25736,LOF,0.014104903350097389,0.14293502314010628,0.8429600735097963
25737,LOF,0.019115801527591948,0.11971500522280373,0.8611691932496043
25738,LOF,0.013127517328669,0.16977567645401445,0.8170968062173166
25739,LOF,0.01900025292223996,0.14783142077505337,0.8331683263027067
25740,LOF,0.029881971101652062,0.149049085990642,0.8210689429077058
25741,LOF,0.014896810061771423,0.13110309640786422,0.8540000935303643
25742,LOF,0.09269358605781255,0.13369035598305695,0.7736160579591305
25743,LOF,0.014411956040310656,0.028725441463581722,0.9568626024961077
25744,LOF,0.24992919267679853,0.3179158144574863,0.4321549928657152
25745,LOF,0.02879736016097829,0.043779157338470195,0.9274234825005516
25746,LOF,0.017973130066830323,0.05230533249097829,0.9297215374421913
25747,LOF,0.026862024426263943,0.023877903268404457,0.9492600723053316
25748,LOF,0.11522456435141623,0.03982370993679936,0.8449517257117845
25749,LOF,0.01499298061802877,0.03683430144848825,0.9481727179334829
25750,LOF,0.03465792344953515,0.05246260224216491,0.9128794743083
25751,LOF,0.11044278400988035,0.043819745573993756,0.8457374704161259
25752,GOF,0.12526896826283768,0.6227393758417787,0.25199165589538364
25753,LOF,0.007987492085850433,0.3036644703687505,0.6883480375453991
25754,GOF,0.0049992279548583705,0.8066728297062167,0.18832794233892505
25755,LOF,0.009639443593239504,0.39755817450995495,0.5928023818968055
25756,LOF,0.04285711295808803,0.4139613361859554,0.5431815508559567
25757,GOF,0.006038558547678865,0.858688778265273,0.1352726631870481
25758,GOF,0.00732859589276716,0.852281957524408,0.14038944658282487
25759,GOF,0.004455230290876187,0.5495671914899151,0.44597757821920875
25760,LOF,0.004893667777403144,0.2716764721021252,0.7234298601204716
25761,GOF,0.04189465067307005,0.8222377877283776,0.13586756159855234
25762,LOF,0.03142918281053491,0.3068086412807261,0.6617621759087389
25763,LOF,0.006263027473198298,0.2180032756653718,0.7757336968614299
25764,GOF,0.1788630981448718,0.5053810621517749,0.3157558397033533
25765,GOF,0.011814225551545422,0.7655142749820414,0.2226714994664131
25766,GOF,0.01854507966544609,0.8085268095009428,0.17292811083361118
25767,LOF,0.020732191051612597,0.4729089468950544,0.5063588620533329
25768,LOF,0.07872654292405125,0.07175076310427092,0.8495226939716779
25769,LOF,0.08415496769511073,0.05558245691118785,0.8602625753937013
25770,LOF,0.3146170215110601,0.06936412648061593,0.6160188520083241
25771,LOF,0.014753169738775457,0.05487486827428463,0.9303719619869399
25772,LOF,0.02049099346116641,0.027783218782749152,0.9517257877560845
25773,LOF,0.011128095305244598,0.11168817338066579,0.8771837313140896
25774,LOF,0.024270402802467266,0.06298260198604985,0.9127469952114828
25775,LOF,0.016183194774625775,0.04509936259073441,0.9387174426346399
25776,LOF,0.08095143634614756,0.021399593042518254,0.8976489706113342
25777,LOF,0.3087968138803045,0.04215888922873417,0.6490442968909612
25778,LOF,0.07598028996681551,0.039071595519678384,0.8849481145135062
25779,GOF,0.06288388844581326,0.8729486769526841,0.06416743460150273
25780,GOF,0.06146530709210977,0.8543281447953895,0.08420654811250061
25781,GOF,0.029364851885396368,0.8549214076093259,0.11571374050527782
25782,GOF,0.03431104946350744,0.8749433502578059,0.09074560027868664
25783,GOF,0.012481212580128572,0.6808100829545664,0.3067087044653051
25784,GOF,0.11744961507530118,0.8263602841126282,0.05619010081207051
25785,GOF,0.07950418729909178,0.862238492548414,0.05825732015249433
25786,GOF,0.006187808165523721,0.8156031709613897,0.1782090208730866
25787,GOF,0.19637127420179726,0.7566115375548609,0.047017188243341924
25788,LOF,0.04693245376264834,0.1181095206750117,0.83495802556234
25789,GOF,0.04064586770577262,0.8056516711439436,0.1537024611502837
25790,GOF,0.041973645260902956,0.830667495926846,0.12735885881225115
25791,GOF,0.028940749576771566,0.7825969200154602,0.1884623304077682
25792,GOF,0.04771061241367052,0.7807471697250662,0.17154221786126328
25793,GOF,0.07787169284609669,0.7380319796693033,0.1840963274845999
25794,GOF,0.10604120085970922,0.689349800153577,0.20460899898671372
25795,GOF,0.02657396861816141,0.7674938581894426,0.20593217319239596
25796,GOF,0.12728837526894363,0.7587295302449161,0.11398209448614018
25797,GOF,0.03650878027781244,0.6082160309975393,0.3552751887246482
25798,GOF,0.003269184734498214,0.5523994096864815,0.44433140557902034
25799,LOF,0.00299194217139341,0.426931163027679,0.5700768948009277
25800,GOF,0.010604076513979826,0.6431003872188477,0.34629553626717247
25801,GOF,0.030630001429297775,0.8196332161450864,0.1497367824256159
25802,GOF,0.01858587106756135,0.7303093804287252,0.2511047485037134
25803,GOF,0.010194911869891793,0.6239371673847859,0.36586792074532243
25804,GOF,0.013445488557925288,0.5079822446271152,0.4785722668149597
25805,GOF,0.022516970861134213,0.6158885279549993,0.3615945011838665
25806,GOF,0.019188637867785376,0.6446807471353484,0.33613061499686636
25807,GOF,0.005374509478666727,0.6558198913761962,0.3388055991451371
25808,GOF,0.016353729204673123,0.6509257182942152,0.33272055250111177
25809,GOF,0.006006028586013228,0.6298213447434086,0.3641726266705782
25810,GOF,0.005078382590591725,0.6386614108158322,0.3562602065935761
25811,GOF,0.09443577876156929,0.806280648846336,0.09928357239209468
25812,GOF,0.01383093948292097,0.6274518257739163,0.35871723474316264
25813,GOF,0.11093934264788426,0.7288940542914525,0.16016660306066333
25814,GOF,0.03033753262890629,0.7024703802252201,0.26719208714587356
25815,GOF,0.043817164157525616,0.7105581561474538,0.24562467969502058
25816,GOF,0.007847956331688572,0.7497946627210449,0.2423573809472665
25817,GOF,0.06932575765493464,0.7742881281460877,0.1563861141989777
25818,GOF,0.018682815419489542,0.7125402007166382,0.26877698386387217
25819,GOF,0.07058233163982518,0.7232968336197296,0.20612083474044518
25820,GOF,0.03272923794633518,0.7103330147224847,0.25693774733118
25821,GOF,0.016785118971274448,0.688399996473315,0.29481488455541055
25822,GOF,0.036734084621186075,0.6986856707359557,0.26458024464285823
25823,GOF,0.012354987834291911,0.5547586628659225,0.43288634929978564
25824,GOF,0.02394629300527412,0.6759287612781096,0.30012494571661624
25825,GOF,0.012935394704097802,0.652527668080063,0.3345369372158392
25826,GOF,0.005042407545306856,0.6149923407526878,0.3799652517020053
25827,GOF,0.007519864941165642,0.6223416012289301,0.37013853382990436
25828,GOF,0.005028188648707779,0.5482738241327214,0.4466979872185708
25829,GOF,0.0027848120413786715,0.593378462135339,0.4038367258232824
25830,LOF,0.03992920552859081,0.35013576837211724,0.609935026099292
25831,GOF,0.034997514637498034,0.8277594852626666,0.13724300009983534
25832,GOF,0.007612047224464592,0.75389684644882,0.23849110632671533
25833,GOF,0.026652297497317155,0.7980286160304846,0.17531908647219832
25834,GOF,0.007825240741078994,0.7550485947183128,0.23712616454060823
25835,GOF,0.016398431822082848,0.8080505003738048,0.17555106780411237
25836,GOF,0.006455675733112634,0.7526605638729901,0.24088376039389714
25837,GOF,0.006449086144177299,0.6624810316612632,0.3310698821945596
25838,GOF,0.02082808133034749,0.8295908568913759,0.1495810617782767
25839,GOF,0.050440039209203744,0.783346788353655,0.16621317243714123
25840,GOF,0.038907673160286545,0.8118542418988317,0.14923808494088164
25841,GOF,0.03591238918416038,0.8348904370527354,0.12919717376310427
25842,GOF,0.02669520060139129,0.857261735147441,0.11604306425116773
25843,GOF,0.0278188387732984,0.8763716482981925,0.09580951292850898
25844,GOF,0.017391766385549946,0.8014054828579749,0.1812027507564751
25845,GOF,0.005068353793243698,0.5978503924783036,0.3970812537284527
25846,GOF,0.027495425921873148,0.8476533526602633,0.12485122141786342
25847,GOF,0.01873067979662086,0.8785887314908364,0.10268058871254271
25848,GOF,0.013351700303846008,0.7799468020074237,0.20670149768873036
25849,GOF,0.004530929613025341,0.6655744092089565,0.3298946611780182
25850,GOF,0.007146636547542097,0.6992666226450596,0.2935867408073983
25851,GOF,0.006281432109759278,0.5750169785476752,0.4187015893425654
25852,GOF,0.15378304608570242,0.532657746607964,0.3135592073063335
25853,GOF,0.06824898946934477,0.8346319010063364,0.09711910952431889
25854,GOF,0.009217804414058941,0.6581366938643372,0.332645501721604
25855,GOF,0.014598909463355101,0.5943270815780581,0.3910740089585866
25856,GOF,0.03917657792382027,0.7163398930248971,0.2444835290512826
25857,GOF,0.013894733024371482,0.5378196530304746,0.4482856139451539
25858,GOF,0.007877796168955314,0.5525254742955477,0.439596729535497
25859,GOF,0.00526033941710151,0.5362911058419811,0.45844855474091745
25860,GOF,0.07203635928235698,0.7882357565146583,0.1397278842029847
25861,GOF,0.1099891888491304,0.8011970627108289,0.08881374844004061
25862,GOF,0.017689597844508968,0.8442359990874254,0.13807440306806568
25863,GOF,0.018027612968972442,0.8647548707062106,0.11721751632481707
25864,GOF,0.0420469614479224,0.8767637908322138,0.08118924771986381
25865,GOF,0.030545723174887858,0.8450277503813934,0.1244265264437187
25866,GOF,0.023824372847421355,0.835182751182878,0.14099287596970067
25867,GOF,0.024580338698158823,0.8662596769881882,0.10915998431365298
25868,GOF,0.05166823973706307,0.8002516473283982,0.14808011293453874
25869,GOF,0.30163863946741243,0.6010870661571366,0.09727429437545103
25870,GOF,0.1828691886440779,0.5060709843698245,0.3110598269860977
25871,GOF,0.029326303122663662,0.8611357670055828,0.10953792987175359
25872,GOF,0.016710054147986018,0.7792587811215561,0.2040311647304578
25873,GOF,0.019220451118723787,0.8444617452398683,0.13631780364140794
25874,LOF,0.017161477647218773,0.12589087120375114,0.85694765114903
25875,LOF,0.026361560546424148,0.03603579643247501,0.9376026430211007
25876,LOF,0.014235170245102884,0.02850685108539724,0.9572579786694998
25877,LOF,0.11274816531219371,0.06537431177428998,0.8218775229135163
25878,LOF,0.04942593206243621,0.08752883007901661,0.8630452378585471
25879,LOF,0.021941749500768798,0.0689287096982545,0.9091295408009766
25880,LOF,0.041976182619980984,0.011439890830864885,0.9465839265491541
25881,Neutral,0.5617969584005789,0.046131894156800045,0.3920711474426211
25882,LOF,0.023340214771482286,0.03040527578566556,0.9462545094428522
25883,LOF,0.07539309192896668,0.023126743617947802,0.9014801644530854
25884,LOF,0.012678364350832649,0.0410104285224982,0.9463112071266693
25885,LOF,0.18239576325677254,0.0066870615558828,0.8109171751873446
25886,LOF,0.32066715549797037,0.04438373581889549,0.6349491086831341
25887,LOF,0.14870242737187847,0.0657047041158113,0.7855928685123102
25888,LOF,0.013139711536077833,0.1110657988632761,0.8757944896006461
25889,LOF,0.013829443438890155,0.030432674308060795,0.955737882253049
25890,LOF,0.11826213839500965,0.08795204514024962,0.7937858164647407
25891,LOF,0.041702566119936654,0.04132514267309161,0.9169722912069717
25892,LOF,0.011538395170156552,0.045505697669576926,0.9429559071602664
25893,LOF,0.41980032674566736,0.014134843013201708,0.5660648302411309
25894,LOF,0.4375706838648745,0.007386921067598439,0.5550423950675271
25895,LOF,0.3695350144665966,0.016135293154348185,0.6143296923790553
25896,LOF,0.04490746334718531,0.02654581179000978,0.9285467248628049
25897,LOF,0.20737369700512504,0.01290856287269893,0.7797177401221761
25898,LOF,0.23539727295282445,0.03682254544099104,0.7277801816061844
25899,LOF,0.20590040764908704,0.026852939917279505,0.7672466524336334
25900,LOF,0.46909427018737737,0.011392740241354088,0.5195129895712686
25901,LOF,0.05340807898610836,0.012082913889596284,0.9345090071242953
25902,LOF,0.11030757259562632,0.019445296384445296,0.8702471310199285
25903,LOF,0.3561692986492229,0.037404861270797035,0.6064258400799801
25904,LOF,0.3425025245054808,0.04550636986375189,0.6119911056307673
25905,LOF,0.0060169027522382085,0.42168958408913165,0.5722935131586302
25906,LOF,0.00874187958244302,0.1281860884491745,0.8630720319683824
25907,LOF,0.0039021387976147584,0.3554547754421554,0.6406430857602299
25908,LOF,0.0034899421920387206,0.2621872749566302,0.7343227828513311
25909,LOF,0.012871152903725239,0.1565662801775301,0.8305625669187446
25910,LOF,0.015864202411346298,0.14184020656533897,0.8422955910233146
25911,LOF,0.15920581555439117,0.030887047973495518,0.8099071364721132
25912,LOF,0.0676393685002076,0.04241756503449727,0.889943066465295
25913,LOF,0.07150950295285109,0.053017973356537275,0.8754725236906116
25914,LOF,0.022198138895680522,0.05636918169774632,0.9214326794065731
25915,LOF,0.14555031463416498,0.27285737387110476,0.5815923114947302
25916,LOF,0.01993657503766812,0.1756837656697511,0.8043796592925808
25917,LOF,0.05467604531823229,0.0422965826014577,0.90302737208031
25918,LOF,0.02547171267582371,0.032916151655667907,0.9416121356685084
25919,LOF,0.021823287247756566,0.03274694106552169,0.9454297716867217
25920,LOF,0.10392218607809685,0.22806496235384893,0.6680128515680543
25921,LOF,0.010438148682615896,0.04853478916438395,0.9410270621530002
25922,LOF,0.013869294124967659,0.03954929552061923,0.9465814103544131
25923,Neutral,0.49005360219532224,0.04759880940725153,0.4623475883974263
25924,LOF,0.016846861187699888,0.05224000969204294,0.9309131291202571
25925,LOF,0.08054158045801806,0.05226820632281529,0.8671902132191667
25926,LOF,0.05858428289448444,0.05239171315411987,0.8890240039513956
25927,LOF,0.021133328755731984,0.07793865194907437,0.9009280192951936
25928,LOF,0.00804361135936416,0.06243542642077369,0.929520962219862
25929,Neutral,0.6048324516032285,0.0512800556692386,0.3438874927275328
25930,LOF,0.06919766288141813,0.042919964972758205,0.8878823721458238
25931,LOF,0.009931416293023692,0.04334204119449867,0.9467265425124776
25932,LOF,0.032284953829176774,0.03709981838213953,0.9306152277886837
25933,LOF,0.04324971851020776,0.024674381673152872,0.9320758998166393
25934,LOF,0.030217861323282046,0.02683712904322688,0.9429450096334911
25935,LOF,0.07377256571338958,0.06345083594301495,0.8627765983435955
25936,LOF,0.04718066339706799,0.030037177261823166,0.9227821593411089
25937,LOF,0.01026018179481229,0.04101879497250748,0.9487210232326804
25938,LOF,0.07079109906014794,0.0674713649915023,0.8617375359483498
25939,LOF,0.0391299203308374,0.030961886297771857,0.9299081933713907
25940,LOF,0.009514566908934477,0.28810476111980726,0.7023806719712583
25941,Neutral,0.5158584494225863,0.029938965058643466,0.4542025855187702
25942,LOF,0.004968447598816522,0.04066382781972443,0.954367724581459
25943,LOF,0.034437858774269026,0.13685369038991788,0.8287084508358131
25944,LOF,0.11909308677428763,0.07792923866333558,0.8029776745623769
25945,LOF,0.05948282930288805,0.018104020877860127,0.9224131498192518
25946,LOF,0.07279174839714471,0.0647067819454507,0.8625014696574046
25947,LOF,0.4274247031928837,0.08239736951989797,0.4901779272872184
25948,LOF,0.3114666455898444,0.009498298560999555,0.679035055849156
25949,LOF,0.09085093858513366,0.05104114457311319,0.858107916841753
25950,GOF,0.037056151352225106,0.5651896258472375,0.3977542228005373
25951,LOF,0.015453309777109434,0.4376174464155234,0.5469292438073673
25952,LOF,0.26233208908386324,0.27440434504567074,0.4632635658704661
25953,LOF,0.014272302027228597,0.1868145125699974,0.7989131854027741
25954,LOF,0.055872586848615534,0.44865584528604124,0.49547156786534335
25955,LOF,0.009501167343954422,0.17183160668037534,0.8186672259756703
25956,LOF,0.03089281340007293,0.28720736345121967,0.6818998231487073
25957,LOF,0.16148784136805078,0.03268486887110609,0.8058272897608432
25958,LOF,0.05291722661710912,0.02630178038608286,0.920780992996808
25959,LOF,0.011585985313073732,0.4667403248703339,0.5216736898165923
25960,LOF,0.005894137435428846,0.04983858707882958,0.9442672754857416
25961,LOF,0.04117625110533303,0.024117302180756164,0.9347064467139109
25962,LOF,0.0322894646601896,0.08533236250244847,0.882378172837362
25963,LOF,0.005424947479051446,0.23439848178728817,0.7601765707336604
25964,LOF,0.034438080882708805,0.10784786355307141,0.8577140555642199
25965,LOF,0.3285471405057318,0.14176215463897415,0.529690704855294
25966,Neutral,0.5282487577246691,0.14660809641675046,0.32514314585858045
25967,LOF,0.007400864936476765,0.09390195640868011,0.8986971786548431
25968,LOF,0.04990730184430715,0.2442145744154523,0.7058781237402405
25969,LOF,0.12596256514479934,0.06048583291314195,0.8135516019420588
25970,LOF,0.01827351174158607,0.0958529728892751,0.8858735153691388
25971,LOF,0.06573402827992603,0.02807121906126006,0.9061947526588138
25972,LOF,0.06275714249012594,0.0384721714301074,0.8987706860797667
25973,LOF,0.05644459804835592,0.012075789769127402,0.9314796121825166
25974,LOF,0.032536852477559844,0.039377447596594346,0.9280856999258459
25975,LOF,0.04364046264703913,0.024140133851812497,0.9322194035011484
25976,LOF,0.09872909668977203,0.01156326191620077,0.8897076413940272
25977,LOF,0.19932874653907315,0.05258265960537027,0.7480885938555567
25978,LOF,0.12524951719886812,0.12059708823208483,0.7541533945690471
25979,LOF,0.11181057070238874,0.12107192941862718,0.7671174998789841
25980,LOF,0.21958990279918464,0.14380141138628227,0.636608685814533
25981,LOF,0.24643351184907547,0.14262104246483026,0.6109454456860942
25982,LOF,0.38777781201327877,0.10175573601744174,0.5104664519692795
25983,LOF,0.3727435321241913,0.11435102113597992,0.5129054467398287
25984,LOF,0.0439809491643079,0.05708527456203253,0.8989337762736596
25985,LOF,0.415923880502656,0.10093359184990212,0.48314252764744187
25986,LOF,0.010418257006456844,0.37185330939923805,0.6177284335943051
25987,LOF,0.03355200436296622,0.09082479424576541,0.8756232013912684
25988,LOF,0.15708597525418116,0.09336084535582122,0.7495531793899977
25989,LOF,0.03869051354276998,0.12596770367303223,0.8353417827841978
25990,LOF,0.03795524865922877,0.2047118126416735,0.7573329386990977
25991,LOF,0.019798328801336872,0.32936404640109307,0.65083762479757
25992,LOF,0.02377726202971065,0.32345557749027365,0.6527671604800157
25993,LOF,0.021954354227740447,0.08241072581848712,0.8956349199537724
25994,LOF,0.01601494499933241,0.07827683168733941,0.9057082233133282
25995,LOF,0.020541551191296664,0.17788432577169935,0.8015741230370039
25996,Neutral,0.3731136736652053,0.2754861916437733,0.3514001346910214
25997,LOF,0.0755518542903829,0.34313393346710547,0.5813142122425116
25998,LOF,0.281324430492358,0.04538029984067515,0.6732952696669668
25999,LOF,0.0160448644889646,0.22847833897564118,0.7554767965353942
26000,LOF,0.14934826451794062,0.030871528278356666,0.8197802072037028
26001,LOF,0.29817829606371343,0.024214372966405242,0.6776073309698813
26002,LOF,0.07334216771474769,0.04542381640971615,0.8812340158755362
26003,GOF,0.004071230361471282,0.6059640873701232,0.3899646822684056
26004,GOF,0.006578664437614684,0.7051675979634332,0.2882537375989521
26005,LOF,0.003165927878535724,0.4889795872216771,0.5078544848997872
26006,GOF,0.07992290618641142,0.5768662266961545,0.343210867117434
26007,GOF,0.0069509264546192395,0.5817142987862722,0.4113347747591086
26008,GOF,0.005791143922948024,0.65326652662526,0.340942329451792
26009,GOF,0.006627233305030232,0.6677843921283498,0.32558837456662
26010,GOF,0.007702473173791319,0.6878980908313027,0.304399435994906
26011,LOF,0.002643117139707578,0.48376505666535274,0.5135918261949396
26012,GOF,0.004103477821002697,0.5703476966818334,0.4255488254971639
26013,GOF,0.005347836673395974,0.6243353065836892,0.3703168567429148
26014,LOF,0.04358016733833632,0.11639003724494863,0.8400297954167151
26015,LOF,0.13696594270392226,0.022989988181984822,0.8400440691140929
26016,LOF,0.27996613496947986,0.045238774701146664,0.6747950903293735
26017,LOF,0.023428879053043684,0.2031644855450839,0.7734066354018725
26018,LOF,0.06712381826531182,0.04672380717892311,0.886152374555765
26019,LOF,0.06492465637561448,0.03669752029178922,0.8983778233325963
26020,LOF,0.008208836615339993,0.2063827132240179,0.7854084501606421
26021,LOF,0.06696337301828838,0.07650915152651026,0.8565274754552014
26022,LOF,0.027405360593159032,0.025801858340285307,0.9467927810665556
26023,LOF,0.04478458240971432,0.02535584638162958,0.9298595712086561
26024,LOF,0.04165350676882748,0.07743317074605957,0.880913322485113
26025,LOF,0.05718015593202494,0.08275629215905561,0.8600635519089195
26026,LOF,0.12618954438704227,0.062039494534599816,0.811770961078358
26027,LOF,0.055234938584483036,0.021575834927070263,0.9231892264884468
26028,LOF,0.08501360205401606,0.11554991471943087,0.799436483226553
26029,LOF,0.02752641188381085,0.18998990887301917,0.7824836792431701
26030,LOF,0.14332597712551065,0.027502354645419093,0.8291716682290702
26031,LOF,0.013867618600553716,0.14934943494060549,0.8367829464588408
26032,LOF,0.08246627846430914,0.06844479636251315,0.8490889251731777
26033,LOF,0.08506585280143816,0.06565416257849645,0.8492799846200654
26034,LOF,0.015197691674014944,0.16580807728987143,0.8189942310361136
26035,LOF,0.013809291903076235,0.12619001875472693,0.8600006893421968
26036,LOF,0.01826484089559946,0.1690317680220245,0.8127033910823761
26037,LOF,0.01150760775509806,0.10515993763238642,0.8833324546125155
26038,LOF,0.07067691859018282,0.061996918854737744,0.8673261625550794
26039,LOF,0.024495227976579728,0.15541980655733006,0.8200849654660902
26040,LOF,0.11604563988618527,0.1521232579195091,0.7318311021943056
26041,LOF,0.014222282093436907,0.09921009132782928,0.8865676265787338
26042,LOF,0.013107355005280517,0.09859341277534013,0.8882992322193792
26043,LOF,0.07036526842820007,0.08213589965540438,0.8474988319163955
26044,LOF,0.014035259677059472,0.06773873429977183,0.9182260060231686
26045,LOF,0.05587843971315371,0.10467721774690512,0.839444342539941
26046,LOF,0.06197950679728715,0.06504093481292104,0.8729795583897918
26047,LOF,0.10396374790738046,0.0684198146125582,0.8276164374800613
26048,LOF,0.04865886323499563,0.04162616821107389,0.9097149685539304
26049,Neutral,0.9664913542500139,0.006030552730802762,0.02747809301918348
26050,Neutral,0.9534632318601324,0.008147423990267117,0.038389344149600615
26051,LOF,0.013797784089717505,0.16361156654950945,0.8225906493607731
26052,LOF,0.02074507905470977,0.20027293818816327,0.7789819827571269
26053,LOF,0.021692343242630183,0.1441521552998379,0.8341555014575318
26054,LOF,0.04876364298042979,0.016025158422684795,0.9352111985968854
26055,LOF,0.06016643065974347,0.01363678471112094,0.9261967846291356
26056,LOF,0.05011724747802789,0.016976228692718795,0.9329065238292533
26057,LOF,0.033102628135727306,0.010981139394855286,0.9559162324694174
26058,LOF,0.03439684078817121,0.0093856627993293,0.9562174964124995
26059,LOF,0.30349939013559063,0.01765572744625141,0.6788448824181579
26060,LOF,0.009659768632803902,0.13065329986402266,0.8596869315031735
26061,LOF,0.005157907450071729,0.012630706335943842,0.9822113862139844
26062,LOF,0.004159402141045578,0.01773083574377298,0.9781097621151814
26063,LOF,0.023033210002163785,0.009578674083983262,0.967388115913853
26064,LOF,0.0072143362863810005,0.019644647921368767,0.9731410157922503
26065,LOF,0.023302927235951457,0.010900317323220015,0.9657967554408285
26066,LOF,0.022022198024911635,0.010419298079000602,0.9675585038960878
26067,LOF,0.030844035377135984,0.0080525885274056,0.9611033760954585
26068,LOF,0.04346016088156656,0.0285324773192956,0.9280073617991378
26069,LOF,0.2704848800985937,0.016931401595366238,0.71258371830604
26070,LOF,0.4492440562414465,0.012399868916889323,0.5383560748416643
26071,LOF,0.02149401820033289,0.00987698606625632,0.9686289957334108
26072,LOF,0.005557622830188455,0.023778592641584922,0.9706637845282265
26073,LOF,0.01884800201872325,0.01290464332245063,0.9682473546588262
26074,Neutral,0.9123983373419164,0.005771517343714194,0.0818301453143693
26075,LOF,0.0424788063787652,0.014435293968167708,0.943085899653067
26076,LOF,0.03833702220543122,0.008304489564774427,0.9533584882297943
26077,LOF,0.11652758204828903,0.008657774223972986,0.874814643727738
26078,LOF,0.005795523971669877,0.013290772198525709,0.9809137038298044
26079,LOF,0.057572175962322794,0.01584281549694181,0.9265850085407354
26080,LOF,0.05437552741990316,0.0158933636309914,0.9297311089491054
26081,LOF,0.03094142986304693,0.006868086774100561,0.9621904833628526
26082,LOF,0.004510654482104545,0.01580419373871259,0.9796851517791828
26083,LOF,0.13753767630591762,0.013918040760003414,0.848544282934079
26084,LOF,0.035304886335673094,0.012192368571447244,0.9525027450928797
26085,LOF,0.03145455507906934,0.010974551038112361,0.9575708938828182
26086,LOF,0.019889776748443187,0.010280462444676385,0.9698297608068804
26087,LOF,0.021147471494552195,0.00831715924190418,0.9705353692635437
26088,LOF,0.005488975475442989,0.021692126409315095,0.9728188981152418
26089,LOF,0.03920122605939514,0.02026216777232109,0.9405366061682837
26090,LOF,0.03793295316635405,0.015857664175380447,0.9462093826582656
26091,LOF,0.029279602389967425,0.00626597882263372,0.9644544187873989
26092,LOF,0.020916414777145495,0.007595444045801367,0.9714881411770531
26093,LOF,0.039722141645911035,0.005693816924605414,0.9545840414294835
26094,LOF,0.029070351162096653,0.006044954389610236,0.9648846944482932
26095,LOF,0.016151695910184997,0.016566619920192895,0.9672816841696222
26096,LOF,0.16397106836884506,0.005681204602464998,0.8303477270286899
26097,LOF,0.0049006420656059315,0.035047765467115514,0.9600515924672787
26098,LOF,0.0669978098296204,0.01282369912624175,0.9201784910441378
26099,LOF,0.019721136644934332,0.011834103548915328,0.9684447598061503
26100,LOF,0.022376537521494048,0.011449203277873937,0.9661742592006319
26101,LOF,0.047814241549385655,0.01833328000071188,0.9338524784499025
26102,LOF,0.02109882276547153,0.012862716115831143,0.9660384611186973
26103,Neutral,0.8743575514622092,0.01784407759240933,0.10779837094538142
26104,LOF,0.067571301468456,0.021867191823331373,0.9105615067082126
26105,LOF,0.20199639906683048,0.16346349936768442,0.634540101565485
26106,LOF,0.3215126172244517,0.11650664582354597,0.5619807369520023
26107,LOF,0.0219514657054278,0.10975210318998084,0.8682964311045913
26108,LOF,0.3384989883790854,0.03962138692643507,0.6218796246944795
26109,LOF,0.03009034491266157,0.06557462848274395,0.9043350266045945
26110,LOF,0.19712571523164615,0.006468455858196497,0.7964058289101573
26111,LOF,0.0788812725544751,0.07583807388638582,0.8452806535591391
26112,LOF,0.03506330935123771,0.006282327137097229,0.9586543635116651
26113,LOF,0.06399615265284579,0.013290963075644043,0.9227128842715102
26114,LOF,0.07018067538117127,0.01351604096799815,0.9163032836508306
26115,LOF,0.015152278881259968,0.07655484392149503,0.908292877197245
26116,LOF,0.08147362763633131,0.04965573090011487,0.8688706414635539
26117,LOF,0.42038907173504103,0.03890685112507481,0.5407040771398841
26118,LOF,0.033739853068549215,0.02113160584294451,0.9451285410885063
26119,LOF,0.004642521178609968,0.05003374765378453,0.9453237311676055
26120,LOF,0.024562375879117353,0.017872821719162282,0.9575648024017204
26121,LOF,0.004101949892150446,0.14274952747926725,0.8531485226285822
