feature0,prediction,LoGoFunc_Neutral,LoGoFunc_GOF,LoGoFunc_LOF
25546,Neutral,0.7446014178396555,0.034919670878477305,0.22047891128186728
25547,Neutral,0.590843269101832,0.07033896761434971,0.33881776328381824
25548,Neutral,0.5934840933394891,0.05148442922824078,0.35503147743227015
25549,Neutral,0.5090183349135985,0.05072929155084087,0.44025237353556074
25550,LOF,0.3604180744218898,0.09767909805576852,0.5419028275223416
25551,LOF,0.301338954226161,0.10746474165346327,0.5911963041203757
25552,LOF,0.2273118116820394,0.10402874611245927,0.6686594422055013
25553,Neutral,0.8391443145082635,0.027074767477969715,0.1337809180137667
25554,LOF,0.25585214787582483,0.09886293609071894,0.6452849160334562
25555,LOF,0.21651013391855478,0.08971106092468407,0.6937788051567612
25556,LOF,0.4234853476949841,0.09160383669882988,0.48491081560618604
25557,LOF,0.20922743588335022,0.0937256328260717,0.6970469312905782
25558,LOF,0.24471644901841955,0.10100375196003043,0.6542797990215501
25559,LOF,0.3502183957980389,0.1455386357471292,0.5042429684548319
25560,LOF,0.05018255794347931,0.12439554232976376,0.825421899726757
25561,LOF,0.12577732347495985,0.11314971359425731,0.7610729629307827
25562,LOF,0.09425562418893375,0.054028757547273445,0.8517156182637927
25563,LOF,0.11249843677603202,0.06508030955552714,0.8224212536684408
25564,LOF,0.23665055160086074,0.11087646529958303,0.6524729830995563
25565,LOF,0.1281751223460455,0.13792691150710215,0.7338979661468524
25566,GOF,0.013674896506615273,0.7635763006463021,0.22274880284708268
25567,LOF,0.01407585268171231,0.17362686078290057,0.8122972865353871
25568,LOF,0.05057503270182119,0.06602808901505057,0.8833968782831282
25569,LOF,0.06107775284104779,0.06467834379058232,0.8742439033683699
25570,LOF,0.05754634915766588,0.09699259830987281,0.8454610525324613
25571,LOF,0.05198535720189696,0.0923489322138629,0.8556657105842401
25572,LOF,0.06009045793949297,0.11840478126515928,0.8215047607953478
25573,LOF,0.033808230988111726,0.0986833979465849,0.8675083710653034
25574,LOF,0.020419161780706276,0.1618400305670875,0.8177408076522061
25575,LOF,0.04472133866821654,0.1074414898913665,0.8478371714404169
25576,LOF,0.01716588821474153,0.13136465525275035,0.8514694565325082
25577,LOF,0.014941938520634024,0.11857283001724597,0.86648523146212
25578,LOF,0.28592503200467867,0.08441390628124695,0.6296610617140743
25579,LOF,0.16004953286375456,0.09685414318150212,0.7430963239547433
25580,LOF,0.029452135506862435,0.0781708937443017,0.8923769707488359
25581,LOF,0.053232641559225385,0.0668058806981734,0.8799614777426011
25582,LOF,0.053031564814606476,0.06501213844078495,0.8819562967446086
25583,LOF,0.038367703549384985,0.09158507605518415,0.8700472203954308
25584,Neutral,0.49196649211121124,0.1108315920591919,0.39720191582959696
25585,LOF,0.02241724533261503,0.12279743451164517,0.8547853201557398
25586,LOF,0.028571228531413813,0.074779614025644,0.8966491574429423
25587,LOF,0.029168272670974656,0.07065073020593478,0.9001809971230905
25588,LOF,0.031082268157293057,0.08326499924668955,0.8856527325960175
25589,Neutral,0.602228576695889,0.1416410477321513,0.25613037557195967
25590,LOF,0.03164165222790125,0.1254003143286669,0.8429580334434318
25591,LOF,0.0943665303798745,0.05790021077734962,0.8477332588427758
25592,LOF,0.09177021837030033,0.13091164106721892,0.7773181405624807
25593,LOF,0.029889765890701612,0.2820699178713682,0.6880403162379302
25594,LOF,0.04806008671180996,0.16836338859482264,0.7835765246933675
25595,LOF,0.05401474098697624,0.11478984630444836,0.8311954127085753
25596,LOF,0.05022846625449562,0.0904723818945341,0.8592991518509703
25597,LOF,0.03933625306172005,0.10406690395657485,0.856596842981705
25598,LOF,0.050239734896859935,0.11704104363782368,0.8327192214653164
25599,GOF,0.007754977740486235,0.623284589898691,0.36896043236082277
25600,GOF,0.014598866963443561,0.5764289403181381,0.40897219271841845
25601,LOF,0.009876474757384774,0.4359728296264004,0.5541506956162149
25602,LOF,0.020304291056059923,0.04326049715141507,0.936435211792525
25603,LOF,0.05364960243186832,0.022365532938231476,0.9239848646299003
25604,LOF,0.0364876102593988,0.036642244170210725,0.9268701455703906
25605,LOF,0.010377509770646212,0.19403804979984127,0.7955844404295125
25606,LOF,0.07152553131953364,0.3480021901905772,0.580472278489889
25607,LOF,0.006039962696949614,0.17416926223397083,0.8197907750690796
25608,LOF,0.05000256547617124,0.06576769218215864,0.8842297423416702
25609,LOF,0.04448248518225476,0.43511514451961036,0.520402370298135
25610,LOF,0.030634321638915774,0.03060481498271609,0.9387608633783681
25611,LOF,0.03606946989671972,0.029884748409861973,0.9340457816934183
25612,LOF,0.09559384040772205,0.045922426164981406,0.8584837334272966
25613,LOF,0.07898710958301154,0.045690873018311824,0.8753220173986767
25614,LOF,0.027338052080216998,0.04057255763361162,0.9320893902861713
25615,LOF,0.050590056302245674,0.0438382753550094,0.9055716683427449
25616,LOF,0.024773488840945195,0.0376334936600118,0.9375930174990431
25617,LOF,0.025167704980648253,0.04319829248345636,0.9316340025358955
25618,LOF,0.1399379793525956,0.03533767426882418,0.8247243463785802
25619,LOF,0.026759905210560014,0.03706788354003629,0.9361722112494036
25620,LOF,0.03188222302684916,0.04724344466578186,0.920874332307369
25621,LOF,0.027490093912150106,0.04118966588648463,0.9313202402013652
25622,LOF,0.03083335210612307,0.04588545319385105,0.9232811947000258
25623,LOF,0.050290294089873594,0.044356198718572847,0.9053535071915536
25624,LOF,0.022954908914434958,0.047459103721611565,0.9295859873639535
25625,LOF,0.034399569266499244,0.05537852258685294,0.9102219081466478
25626,LOF,0.08142521656340784,0.04146348395393567,0.8771112994826565
25627,Neutral,0.5229707692077338,0.1257557265866003,0.35127350420566594
25628,LOF,0.20743971738479414,0.05199191482441833,0.7405683677907876
25629,LOF,0.06444199445775417,0.05651344723911996,0.8790445583031259
25630,LOF,0.16507278298120853,0.08526825445442597,0.7496589625643655
25631,Neutral,0.6078311071943832,0.05769364676949676,0.3344752460361201
25632,LOF,0.014324902276333182,0.1061004459687946,0.8795746517548721
25633,LOF,0.11463710369088896,0.08995376228288121,0.7954091340262298
25634,LOF,0.03390144460193538,0.11792179427123683,0.8481767611268278
25635,LOF,0.03597476685632107,0.08998974902047253,0.8740354841232064
25636,GOF,0.0039299966716329305,0.6519392744627635,0.34413072886560364
25637,GOF,0.0034995861238220523,0.6897669145880465,0.30673349928813143
25638,LOF,0.007237921434295832,0.4274233768596533,0.5653387017060508
25639,GOF,0.0035923347703622436,0.5513712242179942,0.44503644101164347
25640,Neutral,0.4734149648426105,0.46055607499316326,0.06602896016422626
25641,LOF,0.007306455675912218,0.35807800706394416,0.6346155372601436
25642,LOF,0.2467404290927821,0.08879867369947554,0.6644608972077424
25643,LOF,0.23869396690904818,0.19983564418798763,0.5614703889029642
25644,GOF,0.012547910014018055,0.5204641913062206,0.4669878986797613
25645,LOF,0.011457046234638682,0.47428959780825425,0.5142533559571071
25646,LOF,0.01604610032354253,0.34309175902769457,0.6408621406487629
25647,LOF,0.014027346704244041,0.2981365895257308,0.6878360637700253
25648,LOF,0.012256090893915125,0.31611520391405146,0.6716287051920334
25649,LOF,0.01031822892831999,0.22266972506030347,0.7670120460113766
25650,LOF,0.025160548217192765,0.46653671077785974,0.5083027410049474
25651,LOF,0.00806729835147413,0.2836705568336933,0.7082621448148326
25652,LOF,0.011970888766698344,0.2557137753135237,0.7323153359197779
25653,LOF,0.048023720833822926,0.3591318839098037,0.5928443952563734
25654,LOF,0.014339520976782552,0.14712527458014388,0.8385352044430735
25655,LOF,0.06820299791137908,0.4143318051499865,0.5174651969386344
25656,LOF,0.08612925449524118,0.07060563697556653,0.8432651085291923
25657,LOF,0.3044418327764588,0.033706760604741516,0.6618514066187997
25658,LOF,0.04359439083948192,0.08806925356675062,0.8683363555937675
25659,LOF,0.3107507861170376,0.06757234621019824,0.6216768676727641
25660,LOF,0.06785221501690647,0.10299025668524865,0.8291575282978448
25661,LOF,0.04574756328457268,0.0730107136379908,0.8812417230774365
25662,LOF,0.027183185562786538,0.050387687960107806,0.9224291264771056
25663,LOF,0.03735089022011547,0.07167605071744376,0.8909730590624408
25664,LOF,0.038261312459905876,0.08955812091773911,0.8721805666223551
25665,LOF,0.060500388251528175,0.04903743276078651,0.8904621789876852
25666,LOF,0.033489629070550316,0.1372309003594374,0.8292794705700123
25667,LOF,0.030026555400871315,0.05499767682946112,0.9149757677696675
25668,LOF,0.03180108190751141,0.05923950546338022,0.9089594126291084
25669,LOF,0.03996866241561343,0.08777055233185944,0.8722607852525271
25670,LOF,0.07905372031152826,0.0879867175783033,0.8329595621101684
25671,LOF,0.03913752899954528,0.05045986601345943,0.9104026049869952
25672,LOF,0.06188997900627458,0.07001880597518825,0.8680912150185371
25673,LOF,0.040299407323332655,0.08097059113777749,0.8787300015388899
25674,LOF,0.03558106307395767,0.08506371978964102,0.8793552171364013
25675,LOF,0.04549788717109054,0.06849183710187384,0.8860102757270355
25676,LOF,0.034069884324546204,0.06468893657786416,0.9012411790975896
25677,LOF,0.06129851656239738,0.06853845312172896,0.8701630303158736
25678,LOF,0.2786195515126511,0.036820135714273276,0.6845603127730756
25679,LOF,0.18164438387399576,0.07613353831899786,0.7422220778070063
25680,LOF,0.059747383549614425,0.1034465658320445,0.8368060506183411
25681,LOF,0.10887204134065717,0.09487307321836236,0.7962548854409804
25682,LOF,0.04406561632070975,0.08319098288738233,0.8727434007919078
25683,LOF,0.08797976681590462,0.10858476409462138,0.8034354690894739
25684,LOF,0.061313991600975414,0.07681016016034603,0.8618758482386786
25685,LOF,0.09012761392103112,0.052555356302678984,0.8573170297762899
25686,LOF,0.026707297517998423,0.1004513773160967,0.8728413251659048
25687,LOF,0.05288142701300213,0.0796570705783731,0.8674615024086247
25688,LOF,0.02427583052468132,0.09098810963162582,0.8847360598436929
25689,LOF,0.01787596330178489,0.08033703310846255,0.9017870035897526
25690,LOF,0.021556642734072293,0.0899062305827996,0.8885371266831281
25691,LOF,0.20153966349455668,0.120540407014262,0.6779199294911814
25692,LOF,0.3043514993252222,0.010474389346487008,0.6851741113282909
25693,LOF,0.07196999035488408,0.14670610178160398,0.781323907863512
25694,LOF,0.2315231203914901,0.014356989336930165,0.7541198902715798
25695,LOF,0.1593842927231809,0.017785470211053773,0.8228302370657653
25696,LOF,0.1599544617275183,0.010573238296103413,0.8294722999763782
25697,LOF,0.13093251320341542,0.026820274864244594,0.84224721193234
25698,LOF,0.04129508316632769,0.3829559503113108,0.5757489665223616
25699,LOF,0.06797878085366021,0.07358250392678645,0.8584387152195533
25700,LOF,0.03191291423959752,0.010045329899803378,0.9580417558605991
25701,LOF,0.013030706778514372,0.07473759258062102,0.9122317006408647
25702,GOF,0.0359131710859521,0.7504944499817882,0.21359237893225966
25703,LOF,0.02122631696155047,0.19444396595484018,0.7843297170836094
25704,LOF,0.1009328953119822,0.1441375640017783,0.7549295406862394
25705,LOF,0.06066096946416566,0.2449715771686502,0.6943674533671842
25706,GOF,0.05929391919761821,0.6113863645755123,0.32931971622686956
25707,GOF,0.02758760969307121,0.5441479119425873,0.42826447836434145
25708,LOF,0.00918267112136423,0.45144699973703833,0.5393703291415973
25709,LOF,0.0179539288672745,0.06595521514092624,0.9160908559917993
25710,LOF,0.00840860331678544,0.19157038959671172,0.8000210070865028
25711,LOF,0.02039917520197874,0.1311565091971072,0.8484443156009142
25712,LOF,0.009341927319024767,0.23844954859835613,0.7522085240826191
25713,LOF,0.018731111961635207,0.10313526462930357,0.8781336234090612
25714,LOF,0.020846758461009664,0.14728306932414573,0.8318701722148446
25715,LOF,0.018937513302069425,0.12288675891370804,0.8581757277842225
25716,LOF,0.011319380498023807,0.15209539201019703,0.8365852274917791
25717,LOF,0.005170273175814427,0.1397533159591367,0.8550764108650488
25718,LOF,0.01764362802640962,0.07696773232925214,0.9053886396443382
25719,LOF,0.03387139015596407,0.08827203561739574,0.8778565742266402
25720,LOF,0.02255083430907785,0.09041624448803706,0.8870329212028851
25721,LOF,0.023724966372364653,0.09474305890686813,0.8815319747207672
25722,LOF,0.01735503539998652,0.13055460199570068,0.8520903626043128
25723,LOF,0.021284311559520607,0.07130375964510742,0.9074119287953719
25724,LOF,0.02851314184202423,0.1165338597050465,0.8549529984529294
25725,LOF,0.0220902928897731,0.06796470806315266,0.9099449990470743
25726,LOF,0.015823164675958137,0.10153660711341864,0.8826402282106232
25727,LOF,0.019716048250041987,0.0867159568505553,0.8935679948994028
25728,LOF,0.018186946746217132,0.10277998202782584,0.8790330712259571
25729,LOF,0.01869316557728663,0.10403128576159527,0.877275548661118
25730,LOF,0.019755454358183582,0.08316648738591098,0.8970780582559055
25731,LOF,0.009857348056887849,0.1868611073959802,0.803281544547132
25732,LOF,0.019264990078926552,0.09290580510795782,0.8878292048131156
25733,LOF,0.030144488155787533,0.08555818494606313,0.8842973268981493
25734,LOF,0.006623008796202966,0.22137173756102135,0.7720052536427757
25735,LOF,0.02310078234825252,0.0746458146719626,0.9022534029797848
25736,LOF,0.022119792786585355,0.11830914165228744,0.8595710655611272
25737,LOF,0.040519534960488345,0.0910886156782682,0.8683918493612436
25738,LOF,0.020967071136348752,0.14392733032084573,0.8351055985428054
25739,LOF,0.02148776358923993,0.1444863246467327,0.8340259117640273
25740,LOF,0.053764020352513986,0.13606457174901515,0.8101714078984709
25741,LOF,0.02728166930229306,0.1168696518121245,0.8558486788855825
25742,LOF,0.03774104312083484,0.13444081439525354,0.8278181424839117
25743,LOF,0.012194139372052566,0.04495593295012984,0.9428499276778175
25744,GOF,0.14681433154826587,0.4376167029264508,0.4155689655252834
25745,LOF,0.01961394132344975,0.0676042659394491,0.9127817927371011
25746,LOF,0.01179897260316344,0.08584691017316148,0.9023541172236752
25747,LOF,0.034423332817349765,0.03675240174720575,0.9288242654354445
25748,LOF,0.2172270834628357,0.05893747308358689,0.7238354434535775
25749,LOF,0.013099001050265706,0.053594381217510804,0.9333066177322235
25750,LOF,0.014930835595328911,0.08633355406443645,0.8987356103402346
25751,LOF,0.03680262516864151,0.07147437228893676,0.8917230025424218
25752,GOF,0.08880728947539769,0.6767137706225934,0.234478939902009
25753,LOF,0.006436658634527908,0.38894073818411307,0.6046226031813591
25754,GOF,0.005172581589397069,0.871838726966805,0.12298869144379809
25755,LOF,0.008291545292209174,0.44198825179353,0.5497202029142607
25756,LOF,0.04720435373179952,0.4515809069374264,0.5012147393307741
25757,GOF,0.006330101263598684,0.8702839459927539,0.12338595274364757
25758,GOF,0.009605608930910867,0.8634864381036346,0.1269079529654545
25759,GOF,0.004613077150410003,0.5840471552957602,0.4113397675538298
25760,LOF,0.006818385747741939,0.32034232449924915,0.6728392897530089
25761,GOF,0.04878597960654957,0.8539956318588784,0.09721838853457214
25762,LOF,0.027979823304558775,0.3977985998862803,0.574221576809161
25763,LOF,0.0077575120927849996,0.27096826353127906,0.7212742243759359
25764,GOF,0.08103228808724634,0.5997408577996276,0.3192268541131259
25765,GOF,0.008215050898148706,0.8459022197155925,0.14588272938625874
25766,GOF,0.04712567650493099,0.8203099883688653,0.13256433512620378
25767,GOF,0.01630502412837809,0.549287912868851,0.4344070630027709
25768,LOF,0.03516616267740568,0.08446391251218584,0.8803699248104084
25769,LOF,0.02160971314010979,0.08093382649481023,0.89745646036508
25770,LOF,0.14580369624988787,0.07257153765489982,0.7816247660952124
25771,LOF,0.012615637174763692,0.08428857978336227,0.903095783041874
25772,LOF,0.0220376903853414,0.03135972590663749,0.9466025837080211
25773,LOF,0.013773057889122755,0.07822479770799969,0.9080021444028776
25774,LOF,0.02842444198221244,0.09791268036894298,0.8736628776488445
25775,LOF,0.019786852559296124,0.04409978770754275,0.9361133597331611
25776,LOF,0.025391287881006874,0.02556266250012424,0.949046049618869
25777,LOF,0.20037260290683986,0.07714722402982432,0.7224801730633359
25778,LOF,0.01923281629901933,0.05681351522118053,0.9239536684798002
25779,GOF,0.03908307462453435,0.90397660942295,0.05694031595251573
25780,GOF,0.0715551716563381,0.8872277619569603,0.0412170663867016
25781,GOF,0.022757753854740194,0.8924534082253771,0.0847888379198827
25782,GOF,0.031200340194650775,0.9058457870446415,0.06295387276070774
25783,GOF,0.018591155476653066,0.8055992862945095,0.17580955822883726
25784,GOF,0.10894665997417212,0.8623740486385516,0.02867929138727641
25785,GOF,0.07152840993943092,0.8828540007434552,0.0456175893171137
25786,GOF,0.005356847832537069,0.8463038456302726,0.14833930653719044
25787,GOF,0.17052156602230284,0.7959099578892418,0.033568476088455416
25788,LOF,0.015064128138946776,0.2063334875396522,0.778602384321401
25789,GOF,0.01977408552261374,0.8714734931849973,0.10875242129238887
25790,GOF,0.021982150576997487,0.8859028009210597,0.09211504850194276
25791,GOF,0.013842498877585768,0.8249085000628119,0.16124900105960233
25792,GOF,0.023880582957782073,0.8410025404483585,0.13511687659385943
25793,GOF,0.07999059126204382,0.8403011939756286,0.07970821476232769
25794,GOF,0.05913001910204568,0.774854806322989,0.16601517457496542
25795,GOF,0.06913810076061329,0.7870994834730456,0.14376241576634108
25796,GOF,0.08231740007407308,0.827415499065015,0.09026710086091197
25797,GOF,0.039376607011021664,0.7352162462448286,0.22540714674414974
25798,GOF,0.0029710613847710034,0.6533590431520534,0.34366989546317567
25799,GOF,0.00297946391942918,0.5499504401400549,0.44707009594051583
25800,GOF,0.013789746849306969,0.7745900077564843,0.21162024539420876
25801,GOF,0.018303733627453918,0.893130413842964,0.08856585252958218
25802,GOF,0.021190644014055033,0.8328203050533464,0.1459890509325987
25803,GOF,0.01116166990642073,0.7384860017487983,0.2503523283447811
25804,GOF,0.013047881184378765,0.654181966062433,0.3327701527531882
25805,GOF,0.020387331731510007,0.724016599512669,0.2555960687558211
25806,GOF,0.01832911229877889,0.7896545014200104,0.19201638628121093
25807,GOF,0.00487056210521914,0.7623563027857903,0.23277313510899067
25808,GOF,0.014114294100101437,0.7846728983199694,0.2012128075799291
25809,GOF,0.006667264260729928,0.7426499863958108,0.2506827493434593
25810,GOF,0.005578663109462154,0.7415775643212745,0.25284377256926344
25811,GOF,0.05605484235399988,0.8783044070543427,0.06564075059165751
25812,GOF,0.01614300554335146,0.7482919366148753,0.23556505784177337
25813,GOF,0.09148308661514043,0.8157586697247272,0.09275824366013222
25814,GOF,0.02561900717195848,0.7975881316867611,0.17679286114128046
25815,GOF,0.05868060338188539,0.8383055376298322,0.10301385898828241
25816,GOF,0.006820423735888567,0.8615129301078724,0.13166664615623916
25817,GOF,0.09645724101939204,0.8112660852075405,0.09227667377306746
25818,GOF,0.025949261940567223,0.8345278690078849,0.13952286905154782
25819,GOF,0.06664359463720958,0.7800161847481888,0.15334022061460156
25820,GOF,0.0326380607632655,0.7793476657449304,0.18801427349180408
25821,GOF,0.019612836778581482,0.7676117103692339,0.2127754528521847
25822,GOF,0.03932625625237252,0.7875328994575956,0.1731408442900317
25823,GOF,0.014840323157062688,0.6678329226172837,0.3173267542256536
25824,GOF,0.02562754909088022,0.7856735791440584,0.18869887176506125
25825,GOF,0.015096631738505334,0.7684766617836273,0.2164267064778673
25826,GOF,0.005172041059227697,0.7417360040504742,0.25309195489029795
25827,GOF,0.007548720173219628,0.7409368757471742,0.25151440407960624
25828,GOF,0.00596789989011949,0.6981037403193471,0.2959283597905335
25829,GOF,0.002929079156859309,0.7458960462849816,0.251174874558159
25830,GOF,0.03644704128139371,0.5238921268423675,0.43966083187623883
25831,GOF,0.07974290731119676,0.8164323664475939,0.10382472624120945
25832,GOF,0.009807076728122586,0.8206739379671999,0.16951898530467754
25833,GOF,0.036282554119746534,0.860102994261706,0.10361445161854743
25834,GOF,0.010052539774073445,0.8300379831892843,0.15990947703664227
25835,GOF,0.021966131227468565,0.8755963523189907,0.10243751645354068
25836,GOF,0.007391674481896475,0.8339379203564653,0.15867040516163822
25837,GOF,0.006571369438410178,0.7402099832093787,0.2532186473522112
25838,GOF,0.021361306511010623,0.8807766500939851,0.0978620433950041
25839,GOF,0.04016698902747337,0.8711583778979811,0.08867463307454554
25840,GOF,0.06810144817485052,0.858107511085548,0.0737910407396017
25841,GOF,0.05979005925527583,0.8712548140692887,0.06895512667543545
25842,GOF,0.025745149302834117,0.8949963867958695,0.07925846390129637
25843,GOF,0.02694586844264779,0.9031779149216019,0.06987621663575024
25844,GOF,0.014781622979452352,0.8668592236181482,0.1183591534023995
25845,GOF,0.005750401399317806,0.6644575535817477,0.3297920450189344
25846,GOF,0.07585347039791894,0.8520683726452323,0.07207815695684877
25847,GOF,0.01837687584930931,0.9079680624713923,0.07365506167929826
25848,GOF,0.016184576669198633,0.8757926250478882,0.10802279828291296
25849,GOF,0.004926548666881262,0.7463347461636086,0.2487387051695103
25850,GOF,0.006743827373307732,0.7827757957819413,0.21048037684475096
25851,GOF,0.00583877569327656,0.6570830446037847,0.33707817970293874
25852,GOF,0.13965106884738798,0.6224789744385186,0.2378699567140933
25853,GOF,0.07577987115243638,0.8458405699214306,0.07837955892613309
25854,GOF,0.005700898316796532,0.7121836800197325,0.282115421663471
25855,GOF,0.01570855818712627,0.671035115282154,0.31325632653071966
25856,GOF,0.03822880009465328,0.8103465122683535,0.15142468763699332
25857,GOF,0.017861453222504514,0.6664680581005828,0.31567048867691266
25858,GOF,0.009197906928445283,0.6558800487112284,0.33492204436032624
25859,GOF,0.0057198750979641395,0.6254147556538203,0.3688653692482155
25860,GOF,0.10051149442479577,0.8197320983803723,0.07975640719483203
25861,GOF,0.07931396810980765,0.8454826152601655,0.07520341663002697
25862,GOF,0.020166517975521474,0.8701953308014148,0.10963815122306379
25863,GOF,0.020382247820031337,0.8802615287136728,0.09935622346629591
25864,GOF,0.050060905998379854,0.887105785070395,0.06283330893122502
25865,GOF,0.035172529316942945,0.8710470743610327,0.09378039632202433
25866,GOF,0.022505240753314063,0.8833398519361865,0.09415490731049964
25867,GOF,0.033098853674979924,0.891479807196615,0.07542133912840508
25868,GOF,0.04909452679104536,0.8571843161505615,0.0937211570583932
25869,GOF,0.3491188748433562,0.5886364506373283,0.06224467451931537
25870,GOF,0.06160736775231993,0.693702525100183,0.24469010714749706
25871,GOF,0.00888008347681349,0.8939315464390305,0.09718837008415598
25872,GOF,0.019717551884852347,0.8832240413747986,0.09705840674034902
25873,GOF,0.01951897685637546,0.8981933133159976,0.08228770982762704
25874,LOF,0.016996000691736943,0.22436319910877017,0.758640800199493
25875,LOF,0.056580516309649415,0.055265930770390034,0.8881535529199606
25876,LOF,0.01576621135456747,0.04199257430017703,0.9422412143452554
25877,LOF,0.12220373385005716,0.09563451638900175,0.782161749760941
25878,LOF,0.07149658325111496,0.12953676536504607,0.7989666513838389
25879,LOF,0.030750920053603314,0.09090375899091807,0.8783453209554786
25880,LOF,0.05660296171503036,0.014139990569831359,0.9292570477151383
25881,Neutral,0.49551043017777013,0.07512840921254776,0.4293611606096821
25882,LOF,0.0846670702816332,0.024674568411555173,0.8906583613068116
25883,LOF,0.026156352617863428,0.024177632111879677,0.9496660152702568
25884,LOF,0.021141554946818894,0.04909553105437272,0.9297629139988084
25885,LOF,0.2108255049794149,0.012179806414065691,0.7769946886065194
25886,LOF,0.16841249700407782,0.054383717986471077,0.7772037850094511
25887,LOF,0.1828994512845977,0.07253041796254213,0.7445701307528602
25888,LOF,0.01122693571020722,0.1522556273019765,0.8365174369878162
25889,LOF,0.025234954448391456,0.034811258786467694,0.9399537867651409
25890,LOF,0.1258893740836985,0.12368433585367378,0.7504262900626277
25891,LOF,0.09552194856468459,0.027604676330774423,0.8768733751045409
25892,LOF,0.007993549864555088,0.0325299144124228,0.9594765357230222
25893,LOF,0.3772812826119164,0.007919788537038642,0.614798928851045
25894,LOF,0.42408894719986207,0.004847875388766791,0.5710631774113712
25895,LOF,0.333797715083246,0.012143019751696378,0.6540592651650576
25896,LOF,0.06502664729630649,0.015393622269912982,0.9195797304337805
25897,LOF,0.1773887697081912,0.009325691469105593,0.8132855388227032
25898,LOF,0.178142165940443,0.027259455409345976,0.794598378650211
25899,LOF,0.3616353587251056,0.015731649460673392,0.6226329918142209
25900,LOF,0.4411275712886891,0.008457280420075701,0.5504151482912352
25901,LOF,0.06067751917157303,0.007368351563895293,0.9319541292645318
25902,LOF,0.1944994523643856,0.008073498658454392,0.7974270489771601
25903,LOF,0.4045047607322954,0.024534983837573184,0.5709602554301314
25904,Neutral,0.4930464794459718,0.021046344186984582,0.48590717636704345
25905,LOF,0.0044877054242584225,0.45607950610738573,0.5394327884683557
25906,LOF,0.00831779335807233,0.11612514737655173,0.8755570592653759
25907,LOF,0.004595351485246532,0.34179501899905457,0.653609629515699
25908,LOF,0.004724475367493617,0.24845204720898292,0.7468234774235234
25909,LOF,0.023758864101906033,0.15469256976124526,0.8215485661368488
25910,LOF,0.011005245178627868,0.12788152527779983,0.8611132295435722
25911,LOF,0.31035516845728917,0.03546433666967195,0.6541804948730388
25912,LOF,0.07649703381057163,0.039958810182812575,0.8835441560066157
25913,LOF,0.040990964951353966,0.0707973026461876,0.8882117324024583
25914,LOF,0.0377992364865938,0.04663195642844206,0.9155688070849642
25915,LOF,0.20382159401810113,0.1958201697137388,0.6003582362681601
25916,LOF,0.03209601989209739,0.13037564886897443,0.8375283312389282
25917,LOF,0.07188077233221425,0.044380010532840006,0.8837392171349459
25918,LOF,0.044319523268702504,0.02913930553169954,0.926541171199598
25919,LOF,0.038080931180918,0.028730512112525256,0.9331885567065568
25920,LOF,0.23761908382754604,0.2313888794769324,0.5309920366955215
25921,LOF,0.015419442976655498,0.03723444641822142,0.9473461106051232
25922,LOF,0.01843487107053302,0.03441234728425841,0.9471527816452086
25923,LOF,0.4729632400535802,0.029390900643433176,0.49764585930298666
25924,LOF,0.020527103349712302,0.05085473510497546,0.9286181615453123
25925,LOF,0.08326017012100814,0.0438148428014581,0.8729249870775336
25926,LOF,0.06679864620721042,0.039863348629347956,0.8933380051634415
25927,LOF,0.026871407409194255,0.061476393639998426,0.9116521989508074
25928,LOF,0.009529647343925493,0.05122803401216959,0.9392423186439051
25929,Neutral,0.5600115166084147,0.0281185354374611,0.4118699479541242
25930,LOF,0.07705567303391618,0.029225607617320657,0.8937187193487631
25931,LOF,0.013488154872375601,0.036274786717637154,0.9502370584099874
25932,LOF,0.0670048465973597,0.029458660897614307,0.903536492505026
25933,LOF,0.06133397905929684,0.01863997532794651,0.9200260456127566
25934,LOF,0.06013279968973923,0.017562344445645885,0.9223048558646149
25935,LOF,0.07610513282201045,0.053132111743700985,0.8707627554342885
25936,LOF,0.10308635753272848,0.01914223665309941,0.8777714058141722
25937,LOF,0.018421739883165797,0.03833983473284967,0.9432384253839845
25938,LOF,0.07428897429551508,0.04637102331581363,0.8793400023886713
25939,LOF,0.04703212562229122,0.024902307037634692,0.9280655673400742
25940,LOF,0.007804762085629221,0.3715353324341748,0.620659905480196
25941,Neutral,0.49636018088924216,0.05218554896202596,0.45145427014873185
25942,LOF,0.008301639188438088,0.048965969463666055,0.9427323913478959
25943,LOF,0.034850178079421604,0.18558141466677083,0.7795684072538075
25944,LOF,0.05467418245983522,0.0931818757193799,0.8521439418207849
25945,LOF,0.12076648161444836,0.02252018354479918,0.8567133348407525
25946,LOF,0.07043781188704665,0.044306254349176476,0.8852559337637768
25947,Neutral,0.44113806170811104,0.1185978163587415,0.44026412193314746
25948,LOF,0.41978260084511143,0.015164521098311899,0.5650528780565766
25949,LOF,0.13554453562098304,0.06981890638569435,0.7946365579933227
25950,GOF,0.0625727106816043,0.5826139144493596,0.3548133748690361
25951,LOF,0.014522767568234845,0.4438467310348955,0.5416305013968697
25952,LOF,0.2995007514812984,0.29572657944350633,0.40477266907519527
25953,LOF,0.007219138093040743,0.19404518879345017,0.7987356731135091
25954,GOF,0.10031886325514386,0.49901989301085264,0.4006612437340034
25955,LOF,0.005552185659939518,0.19155224200855095,0.8028955723315097
25956,LOF,0.019323222206696657,0.25103501246009774,0.7296417653332056
25957,LOF,0.18447546437211618,0.029628604835252453,0.7858959307926314
25958,LOF,0.030956739237722925,0.04408773255449796,0.9249555282077792
25959,GOF,0.01364479231801758,0.6857157420808233,0.30063946560115906
25960,LOF,0.006396760894603597,0.07153120885381989,0.9220720302515765
25961,LOF,0.029272280455598085,0.038772486951709616,0.9319552325926923
25962,LOF,0.04093125776157836,0.07189450191496173,0.8871742403234598
25963,LOF,0.005339999415639401,0.20874482055861177,0.7859151800257489
25964,LOF,0.0277552637760012,0.1268485979475875,0.8453961382764114
25965,LOF,0.2346277623840916,0.1184901335147749,0.6468821041011334
25966,Neutral,0.47382202310578225,0.13641461898029128,0.38976335791392647
25967,LOF,0.008626554339722332,0.08522134115308838,0.9061521045071893
25968,LOF,0.04260575016649621,0.2474998916484274,0.7098943581850764
25969,LOF,0.17063811602349654,0.052209221604176424,0.7771526623723269
25970,LOF,0.031207750245735317,0.08212330304204095,0.8866689467122236
25971,LOF,0.0845015973633662,0.02785456327154117,0.8876438393650927
25972,LOF,0.06485128587674449,0.04858768033672793,0.8865610337865275
25973,LOF,0.06867107985749403,0.008432590683825503,0.9228963294586805
25974,LOF,0.04735965774656851,0.04100923840330058,0.9116311038501309
25975,LOF,0.04408192103621507,0.01729186495408872,0.9386262140096963
25976,LOF,0.09893766550424789,0.009261477509826312,0.8918008569859257
25977,LOF,0.2155604685690667,0.0701421810588171,0.7142973503721162
25978,LOF,0.1919835739567103,0.11394631985245905,0.6940701061908305
25979,LOF,0.15853621463741455,0.12342750810292996,0.7180362772596555
25980,LOF,0.2761324626648936,0.1760586681461018,0.5478088691890046
25981,LOF,0.276542243151518,0.17746047906974477,0.5459972777787373
25982,Neutral,0.4947595886121466,0.08355921296563014,0.4216811984222234
25983,Neutral,0.49540195497705125,0.10493957106705526,0.3996584739558933
25984,LOF,0.040716276711999594,0.0955786664312842,0.8637050568567162
25985,LOF,0.41216028199260873,0.1362029173911864,0.4516368006162048
25986,LOF,0.012976407610007531,0.39801259117352045,0.5890110012164721
25987,LOF,0.05110100193797365,0.0945144593057297,0.8543845387562966
25988,LOF,0.03859027825023325,0.15728188974828772,0.8041278320014791
25989,LOF,0.03804372041610039,0.19241571793391357,0.769540561649986
25990,LOF,0.039792393220105755,0.28663351342033416,0.67357409335956
25991,LOF,0.027295181391433637,0.4192110141164638,0.5534938044921025
25992,LOF,0.024773025704911817,0.4321994582961857,0.5430275159989024
25993,LOF,0.02953399336203323,0.08781326542785012,0.8826527412101167
25994,LOF,0.024500487505914516,0.08765262883480261,0.8878468836592828
25995,LOF,0.021173542217672356,0.15055425763488373,0.828272200147444
25996,LOF,0.30882412884455146,0.33739962492550557,0.35377624622994297
25997,LOF,0.0659148173343171,0.39933833272285185,0.5347468499428312
25998,LOF,0.2893975443484526,0.04349120376988327,0.6671112518816641
25999,LOF,0.02218942791039258,0.22101719676803894,0.7567933753215685
26000,LOF,0.16745195529854912,0.03315628027500463,0.7993917644264463
26001,LOF,0.2467778343391193,0.04825879870557246,0.7049633669553083
26002,LOF,0.1257307016620997,0.04770024686122061,0.8265690514766798
26003,GOF,0.006235990449728904,0.6455997068064034,0.3481643027438677
26004,GOF,0.009925112544316678,0.7013023835660044,0.28877250388967896
26005,LOF,0.004310882799906775,0.47115695623482307,0.5245321609652701
26006,GOF,0.12225296426822022,0.5336906979020193,0.34405633782976053
26007,GOF,0.008397436482500312,0.5360463721804273,0.4555561913370725
26008,GOF,0.005758617869112501,0.6136639405953456,0.3805774415355419
26009,GOF,0.00819096486290646,0.6716254980247199,0.32018353711237374
26010,GOF,0.00791669064145688,0.6219670150481753,0.37011629431036785
26011,LOF,0.003371707677913388,0.43260232234522666,0.56402596997686
26012,GOF,0.004599252993743189,0.50815397555547,0.48724677145078665
26013,GOF,0.011702681804602018,0.5769470908322436,0.4113502273631544
26014,LOF,0.05953205346153177,0.12067929583365407,0.8197886507048141
26015,LOF,0.3580223132718391,0.02796625165087345,0.6140114350772876
26016,LOF,0.3191182255596599,0.03960729616849722,0.6412744782718428
26017,LOF,0.021597739849283093,0.22205205839055359,0.7563502017601634
26018,LOF,0.026055283759072387,0.05776461135477876,0.9161801048861488
26019,LOF,0.025795555897315147,0.05021041636296418,0.9239940277397206
26020,LOF,0.010134597595680623,0.20188209242147231,0.787983309982847
26021,LOF,0.0883454360412423,0.07712310045617844,0.8345314635025793
26022,LOF,0.03541006504903106,0.031718616514678444,0.9328713184362905
26023,LOF,0.026274903630684604,0.03624734248215036,0.9374777538871649
26024,LOF,0.05158868603161107,0.07504812561883646,0.8733631883495524
26025,LOF,0.0665131428320852,0.08068913140454194,0.8527977257633728
26026,LOF,0.10637418230018003,0.06628024495850753,0.8273455727413125
26027,LOF,0.025199950154450854,0.02660648285226342,0.9481935669932857
26028,LOF,0.11332362030586085,0.1446612224633788,0.7420151572307603
26029,LOF,0.01979725771054565,0.21754852396971136,0.762654218319743
26030,LOF,0.1650652186568593,0.024318833948678634,0.8106159473944621
26031,LOF,0.009161155924883521,0.17161216872246443,0.819226675352652
26032,LOF,0.04196485827851291,0.054011337929979426,0.9040238037915076
26033,LOF,0.05915002781046427,0.04818885799805661,0.8926611141914792
26034,LOF,0.011511341306280154,0.18236613900075627,0.8061225196929637
26035,LOF,0.011786451903790246,0.12083881231919917,0.8673747357770106
26036,LOF,0.010804009133696373,0.13449641259406037,0.8546995782722433
26037,LOF,0.009625078933474742,0.1075803206265797,0.8827946004399456
26038,LOF,0.03521678178244146,0.050307827897393256,0.9144753903201653
26039,LOF,0.024286165404174557,0.15323539353328577,0.8224784410625398
26040,LOF,0.09899348354540013,0.12722281212009692,0.7737837043345028
26041,LOF,0.013190164494327892,0.09256606437636414,0.894243771129308
26042,LOF,0.011989163386165838,0.10330698306176465,0.8847038535520695
26043,LOF,0.03482552506736864,0.06775839231206633,0.897416082620565
26044,LOF,0.0115266185240927,0.05348144893295058,0.9349919325429568
26045,LOF,0.07456279553102542,0.11171688422358259,0.813720320245392
26046,LOF,0.029972708210175954,0.05254232632333282,0.9174849654664913
26047,LOF,0.0512468376970603,0.05330258508085018,0.8954505772220894
26048,LOF,0.06463522508478171,0.028676535150937935,0.9066882397642804
26049,Neutral,0.9431110606056753,0.008533620069010513,0.04835531932531416
26050,Neutral,0.9179939398384211,0.009108833365566742,0.07289722679601214
26051,LOF,0.018530083408380298,0.10544361133450202,0.8760263052571176
26052,LOF,0.029468556546954832,0.12847762346935518,0.8420538199836899
26053,LOF,0.02639517730886342,0.16366508458699944,0.8099397381041371
26054,LOF,0.048589111852780136,0.02533477463932263,0.9260761135078972
26055,LOF,0.06745188472779338,0.02222508654147727,0.9103230287307292
26056,LOF,0.055786648991106746,0.02696187096201469,0.9172514800468785
26057,LOF,0.05997908710760154,0.01543137399780241,0.9245895388945959
26058,LOF,0.06385819761635418,0.012343200872644695,0.9237986015110011
26059,LOF,0.1861461755448611,0.02962788254586215,0.7842259419092766
26060,LOF,0.017573496690232043,0.16816331658082637,0.8142631867289416
26061,LOF,0.011418102884573051,0.009308862309884154,0.9792730348055427
26062,LOF,0.006045824623102788,0.017932932274025967,0.9760212431028712
26063,LOF,0.039685326260448635,0.011092482704590784,0.9492221910349605
26064,LOF,0.009556255118890942,0.028240652170386613,0.9622030927107225
26065,LOF,0.04916628311602896,0.0124600430061385,0.9383736738778327
26066,LOF,0.04522238517013375,0.010466528724433917,0.9443110861054322
26067,LOF,0.05619244054658252,0.009674634095363939,0.9341329253580536
26068,LOF,0.055910782458689086,0.03748798040981173,0.9066012371314992
26069,LOF,0.16527782293007565,0.024358096621476807,0.8103640804484475
26070,LOF,0.34508454391834287,0.019352773590252233,0.6355626824914048
26071,LOF,0.04677177444150558,0.011901461426925978,0.9413267641315683
26072,LOF,0.010283526717196425,0.019107657462352347,0.9706088158204512
26073,LOF,0.04045782908843622,0.013745716475822178,0.9457964544357417
26074,Neutral,0.9120240451789972,0.008427182048094502,0.07954877277290855
26075,LOF,0.061977337086998784,0.017320411801027728,0.9207022511119735
26076,LOF,0.058097877442935,0.011948199217089636,0.9299539233399754
26077,LOF,0.14341419154209012,0.006778550431755026,0.8498072580261549
26078,LOF,0.008308392531472362,0.014851358891861642,0.9768402485766661
26079,LOF,0.07302589705700308,0.01863843068483469,0.9083356722581623
26080,LOF,0.07172669789932706,0.01871984700345807,0.9095534550972147
26081,LOF,0.03572331429784045,0.00882957363079818,0.9554471120713615
26082,LOF,0.007346278678534312,0.016141737987587494,0.9765119833338781
26083,LOF,0.104017574952167,0.019090751846173117,0.8768916732016598
26084,LOF,0.12207002018301187,0.015124361731793264,0.8628056180851948
26085,LOF,0.11158006518678508,0.012798679570350009,0.8756212552428649
26086,LOF,0.042090352850235366,0.012141872414677624,0.9457677747350869
26087,LOF,0.036982510020039584,0.009910418666222304,0.9531070713137381
26088,LOF,0.007968840720905175,0.020618331317960037,0.9714128279611347
26089,LOF,0.04440985853018839,0.029648323124093257,0.9259418183457183
26090,LOF,0.04503174732660477,0.02272574188084455,0.9322425107925507
26091,LOF,0.03228026122017368,0.007781868347168679,0.9599378704326577
26092,LOF,0.04557991354387408,0.008564278722359061,0.9458558077337668
26093,LOF,0.08283031707342042,0.005705305625692176,0.9114643773008873
26094,LOF,0.03636114583326466,0.006969682166433647,0.9566691720003018
26095,LOF,0.038447509177477183,0.016231332902259473,0.9453211579202633
26096,LOF,0.20436796868599819,0.004915713047951374,0.7907163182660505
26097,LOF,0.007554282039120594,0.030906743205279426,0.9615389747556
26098,LOF,0.07783760686142947,0.015933322816633875,0.9062290703219366
26099,LOF,0.04779936778230304,0.016417848534869075,0.9357827836828279
26100,LOF,0.04779936778230304,0.016417848534869075,0.9357827836828279
26101,LOF,0.06159242914306367,0.031981646026042955,0.9064259248308933
26102,LOF,0.03588348137267412,0.016626860795368455,0.9474896578319574
26103,Neutral,0.8862711492478254,0.024689031766359868,0.08903981898581477
26104,LOF,0.06229042226654295,0.039398885109879676,0.8983106926235774
26105,LOF,0.2552229357179612,0.16622906277362096,0.5785480015084179
26106,LOF,0.3049948621437488,0.09617179559896766,0.5988333422572835
26107,LOF,0.020821431152089738,0.1054150418383938,0.8737635270095164
26108,LOF,0.29636366354979043,0.04149197016121874,0.6621443662889909
26109,LOF,0.0884060512318426,0.04014311512998416,0.8714508336381732
26110,LOF,0.4521306690986773,0.00872357044692249,0.5391457604544002
26111,LOF,0.048990912637407485,0.13480936937012641,0.8161997179924662
26112,LOF,0.05683870975843063,0.008462283375561297,0.934699006866008
26113,LOF,0.11532323453197547,0.020538591722531745,0.8641381737454928
26114,LOF,0.09064135454540444,0.009231064180134455,0.9001275812744612
26115,LOF,0.01565079978585181,0.05442964002551242,0.9299195601886358
26116,LOF,0.07019945463913546,0.02059061128213516,0.9092099340787294
26117,LOF,0.38162770663345985,0.03063814252606247,0.5877341508404776
26118,LOF,0.05001948946146675,0.014966039992178999,0.9350144705463541
26119,LOF,0.006272260409916634,0.032841473637058534,0.960886265953025
26120,LOF,0.03513092412513699,0.013724457212553729,0.9511446186623094
26121,LOF,0.0039323894983820055,0.11311523574340486,0.8829523747582131
