feature0,prediction,LoGoFunc_Neutral,LoGoFunc_GOF,LoGoFunc_LOF
25546,Neutral,0.7642256814987343,0.03402419550169296,0.2017501229995728
25547,Neutral,0.6039718259085609,0.07197278499374304,0.3240553890976961
25548,Neutral,0.6225264431017598,0.056102271371362186,0.32137128552687816
25549,Neutral,0.5473924490842627,0.05520667788016222,0.39740087303557514
25550,LOF,0.35980472267193053,0.10643676553918181,0.5337585117888877
25551,LOF,0.29276717824274934,0.11443716986523435,0.5927956518920163
25552,LOF,0.21593697732931863,0.10921957110614659,0.6748434515645347
25553,Neutral,0.8576735818203829,0.025960077143315084,0.11636634103630207
25554,LOF,0.24556745216376366,0.10272099269806706,0.6517115551381694
25555,LOF,0.2046279454177667,0.09188469373197497,0.7034873608502583
25556,Neutral,0.4634754421375318,0.09264033816154063,0.44388421970092756
25557,LOF,0.20079599503423565,0.09675680353114507,0.7024472014346191
25558,LOF,0.23916942940358368,0.10318375555509639,0.6576468150413198
25559,LOF,0.3994005499845199,0.10167850510599608,0.4989209449094841
25560,LOF,0.05307744389891467,0.1293483635652571,0.8175741925358282
25561,LOF,0.12554863909743785,0.12438314962830466,0.7500682112742575
25562,LOF,0.07620720013751094,0.07630500806493726,0.8474877917975517
25563,LOF,0.09934445299916765,0.07037160012393642,0.8302839468768959
25564,LOF,0.2548758967900242,0.13140022756898087,0.613723875640995
25565,LOF,0.13536585984351274,0.13177819652156605,0.7328559436349212
25566,GOF,0.011341743586867781,0.78482909498647,0.20382916142666221
25567,LOF,0.020251825193805684,0.18803338871323225,0.7917147860929621
25568,LOF,0.056087748448633755,0.07593463953752765,0.8679776120138386
25569,LOF,0.058320977999042796,0.07360150522094615,0.868077516780011
25570,LOF,0.053653488864835605,0.11087098552250137,0.835475525612663
25571,LOF,0.047844332240212784,0.10745530864652597,0.8447003591132612
25572,LOF,0.06536857056299894,0.12432629621863983,0.8103051332183613
25573,LOF,0.037165813379059956,0.10135719574580687,0.8614769908751332
25574,LOF,0.022211387887638743,0.15663493340234572,0.8211536787100155
25575,LOF,0.042112417992803304,0.1162982600070628,0.8415893220001338
25576,LOF,0.020098926427767484,0.14021807150809565,0.8396830020641368
25577,LOF,0.01642742507077239,0.12311949030548457,0.860453084623743
25578,LOF,0.30017675479126876,0.09377426331916128,0.6060489818895699
25579,LOF,0.12923271607965353,0.11345403986814845,0.757313244052198
25580,LOF,0.029897677730107743,0.09219081195040525,0.877911510319487
25581,LOF,0.050632459829502895,0.07789545829085388,0.8714720818796433
25582,LOF,0.049995442236641124,0.07595939468134993,0.8740451630820089
25583,LOF,0.03412637548585018,0.10570587772969374,0.8601677467844561
25584,Neutral,0.4780267025888279,0.11661876736101548,0.40535453005015676
25585,LOF,0.023548458772103216,0.13604979218805557,0.8404017490398412
25586,LOF,0.029883119327123297,0.0787185901651534,0.8913982905077232
25587,LOF,0.02882833082614768,0.0749838740707749,0.8961877951030773
25588,LOF,0.030132731593444522,0.09440176164025635,0.8754655067662991
25589,Neutral,0.6264182853005146,0.11725634543434298,0.2563253692651424
25590,LOF,0.03615124171305265,0.13446649743135541,0.829382260855592
25591,LOF,0.09439384961353701,0.06731054079493115,0.8382956095915319
25592,LOF,0.09487516806705716,0.14503426509331158,0.7600905668396312
25593,LOF,0.032846757131068785,0.27583311485012973,0.6913201280188014
25594,LOF,0.04881665149409241,0.16994292818882342,0.7812404203170842
25595,LOF,0.05785786004131601,0.11928893810015008,0.822853201858534
25596,LOF,0.0521088585849069,0.08222806032812638,0.8656630810869667
25597,LOF,0.03681454806029804,0.08428034295686133,0.8789051089828407
25598,LOF,0.05102766185073688,0.12396803722215609,0.825004300927107
25599,GOF,0.006369652747777922,0.6331658440519805,0.36046450320024154
25600,GOF,0.012837514421302473,0.6151216677245407,0.37204081785415677
25601,LOF,0.008857332608271314,0.4551153426426548,0.5360273247490738
25602,LOF,0.016985086283518528,0.058670355085796724,0.9243445586306847
25603,LOF,0.057571427144798536,0.022982634079355444,0.919445938775846
25604,LOF,0.0306335305611131,0.05509670721143709,0.9142697622274498
25605,LOF,0.008460118899163885,0.23750278913412795,0.7540370919667081
25606,LOF,0.08033215661157939,0.40410516268827545,0.5155626807001451
25607,LOF,0.0059578309474437935,0.1948456876325034,0.7991964814200528
25608,LOF,0.015974147639763514,0.07764209581986828,0.9063837565403682
25609,LOF,0.053261382197102976,0.39343674028725145,0.5533018775156456
25610,LOF,0.032856469776119945,0.02610012803788935,0.9410434021859907
25611,LOF,0.03859286996899021,0.02656874478177295,0.9348383852492368
25612,LOF,0.09291324782016422,0.04053518689727035,0.8665515652825654
25613,LOF,0.08177956096155219,0.04280226308490281,0.875418175953545
25614,LOF,0.027562530357025116,0.036602791667861775,0.9358346779751132
25615,LOF,0.03719940379581514,0.04903357976424006,0.9137670164399448
25616,LOF,0.025839729384226868,0.0333485749877815,0.9408116956279916
25617,LOF,0.02631559021797461,0.03935693977986908,0.9343274700021563
25618,LOF,0.13595499934481933,0.03067426467466894,0.8333707359805117
25619,LOF,0.028787034573410017,0.032753352512886094,0.9384596129137038
25620,LOF,0.03252331412480411,0.04161116787795575,0.92586551799724
25621,LOF,0.02573825289122928,0.034616446309635826,0.9396453007991348
25622,LOF,0.0357698486585055,0.036575809002162646,0.9276543423393319
25623,LOF,0.058137093124975676,0.028008921362476794,0.9138539855125476
25624,LOF,0.024801444984062004,0.04327361823125409,0.931924936784684
25625,LOF,0.03606981641268428,0.047430691395904785,0.9164994921914109
25626,LOF,0.07646771555889678,0.036311532944199934,0.8872207514969034
25627,Neutral,0.5538053251505709,0.12216229195999168,0.3240323828894374
25628,LOF,0.2049740236263509,0.0554220036552015,0.7396039727184476
25629,LOF,0.058100331051246124,0.06280190471370613,0.8790977642350477
25630,LOF,0.18403980925340738,0.0851110781336602,0.7308491126129325
25631,Neutral,0.6123775368345975,0.05810588379150333,0.3295165793738992
25632,LOF,0.01424412875603379,0.1140464846242723,0.8717093866196939
25633,LOF,0.09226306781234082,0.08777489969064675,0.8199620324970125
25634,LOF,0.032543367299622906,0.11512844178548153,0.8523281909148955
25635,LOF,0.03605938364269012,0.07944644507163923,0.8844941712856708
25636,GOF,0.0037974732643519596,0.6170085385493609,0.3791939881862872
25637,GOF,0.0033806653357621418,0.6694729384287849,0.32714639623545305
25638,LOF,0.0061941497354938155,0.40685512639711957,0.5869507238673866
25639,GOF,0.0034876300355683168,0.5308765833718674,0.4656357865925644
25640,GOF,0.45571344642910355,0.472562539185913,0.07172401438498327
25641,LOF,0.008298916597215614,0.29080467658065834,0.7008964068221261
25642,LOF,0.23715641256131592,0.06105293159816253,0.7017906558405215
25643,LOF,0.2930575199633661,0.150213144141028,0.5567293358956059
25644,GOF,0.017765172546599765,0.517544783180042,0.46469004427335825
25645,LOF,0.012895123990313737,0.45519680482008185,0.5319080711896045
25646,LOF,0.019426866096052813,0.30056001197036947,0.6800131219335778
25647,LOF,0.014801502498135777,0.2598565297598129,0.7253419677420514
25648,LOF,0.014604360086646844,0.2649306023763909,0.7204650375369622
25649,LOF,0.012068744874096067,0.18400530158289952,0.8039259535430043
25650,LOF,0.023072784169240964,0.41426907979951777,0.5626581360312413
25651,LOF,0.009029055498794446,0.269761163342443,0.7212097811587626
25652,LOF,0.014462894687819906,0.24785912882880237,0.7376779764833777
25653,LOF,0.052606481406618805,0.35540403246135316,0.5919894861320281
25654,LOF,0.015121403748377485,0.15574518488044858,0.8291334113711739
25655,LOF,0.0716387823339863,0.37408674266418873,0.554274475001825
25656,LOF,0.09739179504176973,0.07888068187405671,0.8237275230841735
25657,LOF,0.32711417192816394,0.03165779556618732,0.6412280325056486
25658,LOF,0.04331985924652702,0.09218159224405321,0.8644985485094198
25659,LOF,0.3666378487846216,0.07663041904532318,0.5567317321700553
25660,LOF,0.06491737861756161,0.09835162415101799,0.8367309972314205
25661,LOF,0.04457913163107587,0.07502915350440897,0.8803917148645153
25662,LOF,0.027194655252271487,0.04824990355569982,0.9245554411920286
25663,LOF,0.03707058820147993,0.07262708135813757,0.8903023304403825
25664,LOF,0.04459286442374454,0.08939970589298556,0.8660074296832699
25665,LOF,0.056786161362611706,0.04927012971391207,0.8939437089234762
25666,LOF,0.040008126648743134,0.12134582238095332,0.8386460509703035
25667,LOF,0.031597852526309485,0.054021371440306054,0.9143807760333844
25668,LOF,0.03273752304748304,0.06093351837534377,0.9063289585771732
25669,LOF,0.04213476464600301,0.0860150996133197,0.8718501357406774
25670,LOF,0.08316333606188417,0.09033995795111757,0.8264967059869982
25671,LOF,0.039825448106157214,0.0474160049774619,0.9127585469163809
25672,LOF,0.06117745848182104,0.06756066568943087,0.8712618758287481
25673,LOF,0.04420073319150276,0.07184625452251359,0.8839530122859837
25674,LOF,0.040388895768625664,0.07459632083177493,0.8850147833995993
25675,LOF,0.050334611782589515,0.06067786022350531,0.8889875279939051
25676,LOF,0.03212109271436792,0.060853593421468996,0.9070253138641631
25677,LOF,0.06123245475721643,0.07240572147922326,0.8663618237635604
25678,LOF,0.26943260609013,0.03869569500628582,0.6918716989035841
25679,LOF,0.17944453474142813,0.07637990165951862,0.7441755635990532
25680,LOF,0.058524743492661645,0.10263869494510246,0.8388365615622357
25681,LOF,0.10332982319884663,0.09256773508064468,0.8041024417205086
25682,LOF,0.04146296678102076,0.08187526185556374,0.8766617713634156
25683,LOF,0.10600996317219712,0.09815037978963433,0.7958396570381686
25684,LOF,0.05405962220800714,0.08636548146918933,0.8595748963228034
25685,LOF,0.11200459833496802,0.05143950501732025,0.8365558966477118
25686,LOF,0.0385864258298162,0.1009492481811244,0.8604643259890594
25687,LOF,0.04377750656433555,0.08301533154843466,0.8732071618872298
25688,LOF,0.027411486341295747,0.08459354051369977,0.8879949731450044
25689,LOF,0.021044362712431403,0.07016888532101437,0.9087867519665542
25690,LOF,0.020023657185686303,0.08671690535983306,0.8932594374544807
25691,LOF,0.21939100701905567,0.11347516868178208,0.6671338242991622
25692,LOF,0.30764759046320034,0.00937404688461181,0.6829783626521879
25693,LOF,0.10742364350810853,0.148215622962598,0.7443607335292934
25694,LOF,0.2571943818229376,0.014926373189879634,0.7278792449871828
25695,LOF,0.16934210236100633,0.01980478477220378,0.8108531128667898
25696,LOF,0.16620045513026108,0.008465909511333301,0.8253336353584056
25697,LOF,0.13125584327309006,0.02955678169329376,0.8391873750336162
25698,LOF,0.03219918574171873,0.42158223865727845,0.5462185756010028
25699,LOF,0.06881940684972215,0.0781660046032895,0.8530145885469883
25700,LOF,0.03477164532206126,0.01032174999333832,0.9549066046846004
25701,LOF,0.01662566449082903,0.06818159329064118,0.9151927422185298
25702,GOF,0.037014299616850155,0.7372602931549094,0.22572540722824044
25703,LOF,0.014038115151219166,0.20810961596306882,0.777852268885712
25704,LOF,0.09160982346716467,0.15396566156096095,0.7544245149718745
25705,LOF,0.06029794433323427,0.22480792212333942,0.7148941335434262
25706,GOF,0.06129282487897797,0.590492868088629,0.348214307032393
25707,GOF,0.030650812522045174,0.5110119416544588,0.458337245823496
25708,LOF,0.008992802108275702,0.43952818712979663,0.5514790107619275
25709,LOF,0.01989490164421985,0.06369760367470924,0.9164074946810709
25710,LOF,0.009415538271287898,0.168140843035996,0.8224436186927162
25711,LOF,0.021006139997404635,0.12474134305740824,0.8542525169451872
25712,LOF,0.01008136045162736,0.24226772413472172,0.7476509154136509
25713,LOF,0.018419294930781427,0.10812418354091087,0.8734565215283077
25714,LOF,0.020588981793865098,0.1412803338545595,0.8381306843515755
25715,LOF,0.019073050124986387,0.12312870425345071,0.8577982456215629
25716,LOF,0.01070144734953636,0.12834842313157913,0.8609501295188845
25717,LOF,0.006086149199271384,0.1321806686166971,0.8617331821840315
25718,LOF,0.018191198915821653,0.07357558663917753,0.9082332144450009
25719,LOF,0.03248537080011157,0.08305089879692455,0.8844637304029639
25720,LOF,0.02143688801420041,0.08821301665137211,0.8903500953344274
25721,LOF,0.02324032823530685,0.09790725006963243,0.8788524216950606
25722,LOF,0.018297392015580123,0.11906947057509244,0.8626331374093273
25723,LOF,0.02138172735342921,0.0717499561236439,0.9068683165229269
25724,LOF,0.03381863842820157,0.10855342084720732,0.8576279407245911
25725,LOF,0.021562134995282353,0.06667679032531827,0.9117610746793995
25726,LOF,0.01580348554583186,0.0973398534823763,0.8868566609717919
25727,LOF,0.019191397559601014,0.08544051116525021,0.8953680912751487
25728,LOF,0.018712458374450895,0.10121507104223905,0.8800724705833102
25729,LOF,0.019286693631269905,0.10131546443045306,0.879397841938277
25730,LOF,0.020330850607306012,0.07847528846604457,0.9011938609266495
25731,LOF,0.012099580511538373,0.16643440206595184,0.8214660174225097
25732,LOF,0.018652097156215793,0.09298417793702703,0.8883637249067572
25733,LOF,0.02847526882326236,0.08606315473235944,0.8854615764443783
25734,LOF,0.007761238025579131,0.20516382032977573,0.7870749416446452
25735,LOF,0.022734542602570865,0.07860666133042488,0.8986587960670043
25736,LOF,0.02168232450247124,0.11367998697294965,0.8646376885245792
25737,LOF,0.04114982115731236,0.09091681006386168,0.867933368778826
25738,LOF,0.021244653458277408,0.14307405355978162,0.8356812929819409
25739,LOF,0.022156032855382105,0.13438147612717205,0.8434624910174457
25740,LOF,0.055628995756276216,0.13431869455106377,0.81005230969266
25741,LOF,0.026636532231119846,0.1131613880779007,0.8602020796909794
25742,LOF,0.036235686735292656,0.1346488420351382,0.8291154712295691
25743,LOF,0.011900657650950816,0.04440341489948518,0.9436959274495641
25744,LOF,0.11951821217685518,0.4334293895100822,0.44705239831306265
25745,LOF,0.021226056360525176,0.07395266089386117,0.9048212827456136
25746,LOF,0.011528967801044537,0.09387843364066505,0.8945925985582904
25747,LOF,0.03376326062972099,0.03681948081714788,0.9294172585531311
25748,LOF,0.19641868542044993,0.06749403170322274,0.7360872828763273
25749,LOF,0.01389507996044649,0.05879952494282483,0.9273053950967286
25750,LOF,0.015135894676913465,0.09287924514298629,0.8919848601801004
25751,LOF,0.039268920341840895,0.07488153628308462,0.8858495433750746
25752,GOF,0.08175362203539119,0.6757705936219095,0.24247578434269917
25753,LOF,0.007198836420776068,0.38195384699720913,0.6108473165820149
25754,GOF,0.005500055532152596,0.8596432522045979,0.13485669226324945
25755,LOF,0.010427001087118555,0.44070869701281307,0.5488643019000683
25756,LOF,0.048104086852049116,0.4512460816834806,0.5006498314644703
25757,GOF,0.006971533386937945,0.8838607139604491,0.10916775265261286
25758,GOF,0.008464482623181972,0.8693687415600118,0.12216677581680635
25759,GOF,0.004898896882846404,0.5898378288513654,0.40526327426578823
25760,LOF,0.007146832398469364,0.31531297024349536,0.6775401973580353
25761,GOF,0.0486240597038636,0.833827193187473,0.11754874710866348
25762,LOF,0.026909823502784702,0.38470270128905637,0.5883874752081589
25763,LOF,0.00920225596589211,0.2669057974588409,0.723891946575267
25764,GOF,0.09388347277316564,0.6002999336350953,0.3058165935917391
25765,GOF,0.007724412049918355,0.8429274094159681,0.14934817853411358
25766,GOF,0.03167805571721675,0.827036797319573,0.14128514696321023
25767,LOF,0.02014105686871472,0.4462229203584693,0.533636022772816
25768,LOF,0.03985801170790005,0.07412463111640324,0.8860173571756966
25769,LOF,0.023369016350318284,0.07172175360351739,0.9049092300461644
25770,LOF,0.14842206532914914,0.061658702816999554,0.7899192318538513
25771,LOF,0.016953368586899734,0.0679119594810079,0.9151346719320925
25772,LOF,0.025507371287893807,0.02910750470505564,0.9453851240070507
25773,LOF,0.01399604573146948,0.06864288216134029,0.9173610721071902
25774,LOF,0.02611956760923218,0.0936705103636192,0.8802099220271487
25775,LOF,0.021927572999559268,0.03978107180971219,0.9382913551907286
25776,LOF,0.02583558102714719,0.027580049922547954,0.9465843690503049
25777,LOF,0.1898847230886319,0.07026246901145944,0.7398528078999087
25778,LOF,0.020216783533111994,0.05298749814014232,0.9267957183267458
25779,GOF,0.03483440331515434,0.8976665535590281,0.06749904312581746
25780,GOF,0.06281251111513658,0.8842561038161431,0.05293138506872027
25781,GOF,0.025759225428038365,0.8765468931132128,0.09769388145874881
25782,GOF,0.031150436558596065,0.9083741284436982,0.06047543499770568
25783,GOF,0.017185112875657674,0.7606557012282607,0.22215918589608155
25784,GOF,0.09843551444878185,0.8621507130865002,0.03941377246471794
25785,GOF,0.06474820943564023,0.8979954136931543,0.03725637687120551
25786,GOF,0.005356717997124788,0.8435713221621819,0.15107195984069338
25787,GOF,0.1628267636371636,0.807295375791583,0.029877860571253374
25788,LOF,0.016218574813285078,0.1964331641501467,0.7873482610365683
25789,GOF,0.01819321706567348,0.8632206966888119,0.11858608624551466
25790,GOF,0.021496246476706442,0.8779762951900447,0.10052745833324883
25791,GOF,0.015716786823467423,0.8385769450373091,0.14570626813922355
25792,GOF,0.02510038985029565,0.8504469502756639,0.12445265987404056
25793,GOF,0.06792758610904186,0.84432388635433,0.08774852753662804
25794,GOF,0.05340464286519543,0.7912624679461501,0.15533288918865445
25795,GOF,0.04189404708246717,0.7824989119033648,0.1756070410141679
25796,GOF,0.06799817008672299,0.8357960323103393,0.09620579760293776
25797,GOF,0.03723944548023127,0.7183362650447583,0.2444242894750104
25798,GOF,0.0032118817695982174,0.6764777038306137,0.32031041439978813
25799,GOF,0.003136953166247048,0.5561468296514162,0.4407162171823369
25800,GOF,0.012357537943673615,0.7391353392653082,0.24850712279101816
25801,GOF,0.014280561447324713,0.8731484861719834,0.11257095238069187
25802,GOF,0.020254372016593292,0.8125418880036019,0.16720373997980476
25803,GOF,0.011095721423144779,0.7241617230198886,0.2647425555569666
25804,GOF,0.013863443641040156,0.6371822918043464,0.3489542645546133
25805,GOF,0.022660520331446363,0.7346480107555079,0.24269146891304583
25806,GOF,0.017699639809890436,0.7717979601349573,0.2105024000551524
25807,GOF,0.005400615673835106,0.7406377052517423,0.2539616790744225
25808,GOF,0.014036616548514671,0.7684048692891221,0.21755851416236316
25809,GOF,0.006881767867375604,0.7553356062837786,0.2377826258488458
25810,GOF,0.0058486817855787545,0.7575957554380272,0.23655556277639414
25811,GOF,0.05091788679459054,0.8655464508834023,0.08353566232200718
25812,GOF,0.016198114695672765,0.7292265564973979,0.25457532880692946
25813,GOF,0.09492980977976581,0.8080146425757108,0.0970555476445234
25814,GOF,0.025661702716770648,0.8163588197166337,0.15797947756659567
25815,GOF,0.038035734941895646,0.8278839346460724,0.13408033041203202
25816,GOF,0.008068562200797123,0.867497523409129,0.124433914390074
25817,GOF,0.09087001958086972,0.7862234304876896,0.12290654993144057
25818,GOF,0.02510793689850525,0.8006372678447381,0.17425479525675672
25819,GOF,0.058158251342364936,0.7906820170424675,0.1511597316151675
25820,GOF,0.03115352202432939,0.7907354102364561,0.17811106773921453
25821,GOF,0.018618451849465912,0.7886288173225091,0.1927527308280249
25822,GOF,0.03564727835955874,0.7930353217542497,0.1713173998861915
25823,GOF,0.014624033602110202,0.6675965576256246,0.31777940877226524
25824,GOF,0.025227294997966034,0.7818909998252774,0.19288170517675646
25825,GOF,0.015559143141948588,0.7712921497043802,0.2131487071536713
25826,GOF,0.005538433050378431,0.7344662416753499,0.25999532527427166
25827,GOF,0.00913948463723897,0.7168062873016564,0.27405422806110463
25828,GOF,0.006086515111802876,0.6682214741110751,0.32569201077712207
25829,GOF,0.0031215005891632223,0.7381337645981125,0.2587447348127242
25830,GOF,0.04020483639753742,0.5278006287614276,0.43199453484103495
25831,GOF,0.04836518527513016,0.8403886353181867,0.11124617940668302
25832,GOF,0.008377680338244622,0.8181981380877922,0.1734241815739632
25833,GOF,0.02984288474555242,0.8542633817032884,0.11589373355115913
25834,GOF,0.008288181331495403,0.8312659962284522,0.16044582244005257
25835,GOF,0.017245965291516358,0.8693038896275546,0.11345014508092897
25836,GOF,0.006327482644818139,0.8286971054083854,0.1649754119467966
25837,GOF,0.006851696003180323,0.7528320058859661,0.24031629811085362
25838,GOF,0.01909856038342935,0.8770093087883297,0.10389213082824088
25839,GOF,0.04242092576641746,0.8586490926378394,0.09892998159574318
25840,GOF,0.05640788036042534,0.8449604522162466,0.09863166742332803
25841,GOF,0.05440087147301284,0.8533653088139822,0.09223381971300501
25842,GOF,0.02592174734725083,0.9074706813377266,0.06660757131502257
25843,GOF,0.026427626185524803,0.9116823382921627,0.06189003552231235
25844,GOF,0.016710483700671817,0.8592724196243375,0.12401709667499057
25845,GOF,0.005764692278958766,0.6859267890920743,0.3083085186289669
25846,GOF,0.04191013562831762,0.8700662084371763,0.08802365593450617
25847,GOF,0.018806614566220348,0.9169673885818292,0.0642259968519505
25848,GOF,0.01704266351959834,0.8644740979600847,0.1184832385203169
25849,GOF,0.005130872795464149,0.7687831637674939,0.22608596343704204
25850,GOF,0.006595198837217387,0.7885737310501738,0.20483107011260882
25851,GOF,0.005753073392710453,0.6700211172128601,0.32422580939442947
25852,GOF,0.13462857865399536,0.6201496075793758,0.24522181376662883
25853,GOF,0.07207154788801301,0.8547296802027061,0.07319877190928081
25854,GOF,0.005240052728276141,0.7370030676926239,0.2577568795790999
25855,GOF,0.01480567169291487,0.6675298292470837,0.3176644990600015
25856,GOF,0.03624152353219243,0.7917075390735926,0.17205093739421506
25857,GOF,0.013026324417793,0.6639137228543752,0.3230599527278317
25858,GOF,0.007843050586714393,0.6408223380013771,0.35133461141190864
25859,GOF,0.005554710200993637,0.62176457661295,0.37268071318605633
25860,GOF,0.07906331660332179,0.8297536284405097,0.09118305495616853
25861,GOF,0.08611815501102527,0.8326599401731959,0.08122190481577891
25862,GOF,0.0206917825815048,0.875391602999702,0.10391661441879327
25863,GOF,0.02075216219599049,0.8804032943728743,0.09884454343113508
25864,GOF,0.049491761637655285,0.8819852454261878,0.06852299293615666
25865,GOF,0.03270215048562204,0.8454517782325639,0.12184607128181418
25866,GOF,0.02457294884644289,0.8689775925629425,0.10644945859061468
25867,GOF,0.030481952922852967,0.8849592800173284,0.08455876705981863
25868,GOF,0.05418189830394707,0.8463286958010378,0.09948940589501507
25869,GOF,0.32837970912594266,0.6119005303724789,0.05971976050157848
25870,GOF,0.07208077127603996,0.6987080452807033,0.22921118344325664
25871,GOF,0.011383492242536554,0.8922986047294382,0.09631790302802534
25872,GOF,0.019736055885192054,0.8761597718291162,0.10410417228569174
25873,GOF,0.019159250710156457,0.8973064774112144,0.08353427187862925
25874,LOF,0.01759302909326812,0.21905043775972266,0.7633565331470091
25875,LOF,0.045586248750911385,0.05081784324787171,0.9035959080012168
25876,LOF,0.018471234898285765,0.04492260515867157,0.9366061599430426
25877,LOF,0.11721791891867954,0.0922724886883326,0.790509592392988
25878,LOF,0.06448134011881902,0.13056816037884203,0.8049504995023389
25879,LOF,0.028685317420194756,0.0968566402195658,0.8744580423602395
25880,LOF,0.05349810127121827,0.015597941701410262,0.9309039570273715
25881,Neutral,0.5519384622806339,0.0626509448398931,0.3854105928794729
25882,LOF,0.05810151131268752,0.031193174872919248,0.9107053138143932
25883,LOF,0.029302089635817773,0.02529072505294806,0.9454071853112342
25884,LOF,0.028741949585654115,0.04579504718318101,0.9254630032311649
25885,LOF,0.20783392709110352,0.012332355552274347,0.7798337173566221
25886,LOF,0.15757138813740246,0.06064312245713675,0.7817854894054608
25887,LOF,0.20594759847156044,0.06359771455365115,0.7304546869747883
25888,LOF,0.013489394858656318,0.1493872929930848,0.8371233121482587
25889,LOF,0.034123564403999336,0.03436623954943052,0.93151019604657
25890,LOF,0.12227905050370201,0.11644107207063159,0.7612798774256664
25891,LOF,0.0878379212175808,0.024340054500154792,0.8878220242822644
25892,LOF,0.00979422376359971,0.03288837113444696,0.9573174051019534
25893,LOF,0.40363799010006124,0.008513704653299897,0.5878483052466389
25894,LOF,0.44932722207000375,0.005267433706689155,0.5454053442233071
25895,LOF,0.3382644402947921,0.010390230995229536,0.6513453287099785
25896,LOF,0.07057012606488101,0.015624203048069689,0.9138056708870493
25897,LOF,0.20180027233456982,0.008858470193103098,0.7893412574723271
25898,LOF,0.16852507659820784,0.02946684100567185,0.8020080823961203
25899,LOF,0.35276627961336293,0.01773449947544585,0.6294992209111911
25900,LOF,0.4387192751464371,0.008087374017418977,0.5531933508361438
25901,LOF,0.07753033918806282,0.0072317184723986174,0.9152379423395385
25902,LOF,0.16574075939861596,0.008351000690430502,0.8259082399109536
25903,LOF,0.4279947901997761,0.025149815312743472,0.5468553944874804
25904,LOF,0.4871440123063906,0.02371001646474885,0.48914597122886055
25905,LOF,0.0040651912714781205,0.4706133249163807,0.525321483812141
25906,LOF,0.009030670222966154,0.1062767913807071,0.8846925383963268
25907,LOF,0.004046672730748408,0.3509749249663539,0.6449784023028977
25908,LOF,0.0042728736165570875,0.2581298738763195,0.7375972525071234
25909,LOF,0.022141867927483558,0.15859795021020037,0.8192601818623161
25910,LOF,0.010879678694669269,0.1239074753602994,0.8652128459450315
25911,LOF,0.338311766837903,0.04027308746183365,0.6214151457002633
25912,LOF,0.06537613695433313,0.05726494801299945,0.8773589150326674
25913,LOF,0.04623819623982174,0.0650748577738393,0.8886869459863389
25914,LOF,0.03875519144068991,0.04362891541795428,0.9176158931413558
25915,LOF,0.16527921470441617,0.21178754091331023,0.6229332443822736
25916,LOF,0.03278751967866748,0.1467295562317537,0.8204829240895788
25917,LOF,0.07196315051330876,0.04292253592590759,0.8851143135607837
25918,LOF,0.045632034966998726,0.02784524197515538,0.9265227230578459
25919,LOF,0.038915925725759706,0.027103666973163514,0.9339804073010768
25920,LOF,0.1637184078069071,0.17919175703224524,0.6570898351608476
25921,LOF,0.017355313881404686,0.039293650726453876,0.9433510353921414
25922,LOF,0.018089653091837313,0.03537635084463682,0.9465339960635258
25923,LOF,0.4711140075496105,0.0329368859023405,0.4959491065480489
25924,LOF,0.023248141105626317,0.05697852096252245,0.9197733379318512
25925,LOF,0.0834526162182212,0.0482867443988442,0.8682606393829345
25926,LOF,0.06054839164560064,0.04816038290511747,0.8912912254492819
25927,LOF,0.023996778413866743,0.0766378266927519,0.8993653948933814
25928,LOF,0.011208147420283213,0.0582572409782036,0.9305346116015132
25929,Neutral,0.550662001627092,0.03170448802045792,0.41763351035245005
25930,LOF,0.07749226266736746,0.0321027619999025,0.89040497533273
25931,LOF,0.015159773326066116,0.03655151358948206,0.9482887130844518
25932,LOF,0.06266318307825858,0.031591797511096545,0.9057450194106449
25933,LOF,0.059047079931388025,0.020729294126798005,0.920223625941814
25934,LOF,0.055291886541805675,0.02011383164371267,0.9245942818144817
25935,LOF,0.07198054234022616,0.06239658294842694,0.8656228747113469
25936,LOF,0.09259748529117302,0.02128776231068273,0.8861147523981442
25937,LOF,0.014717548292330395,0.03708449483853163,0.9481979568691379
25938,LOF,0.07100257030575441,0.057029374694449006,0.8719680549997965
25939,LOF,0.04217482333110362,0.02574176217942784,0.9320834144894686
25940,LOF,0.009699636726652094,0.33309632303784503,0.6572040402355028
25941,Neutral,0.5097144439172955,0.035096810473868735,0.45518874560883577
25942,LOF,0.009266490179927816,0.0549882559704489,0.9357452538496233
25943,LOF,0.0464150308724678,0.18654026311533578,0.7670447060121964
25944,LOF,0.06829039520738064,0.0936980998039785,0.8380115049886409
25945,LOF,0.11938897651717152,0.020581037629949492,0.8600299858528789
25946,LOF,0.0691976625679489,0.04117009490551817,0.8896322425265328
25947,Neutral,0.448452330270168,0.10343487278532312,0.4481127969445088
25948,LOF,0.4282847382601744,0.013943229594972243,0.5577720321448534
25949,LOF,0.14002664273997495,0.0633206467288619,0.7966527105311632
25950,GOF,0.06766952856868456,0.6217684212188563,0.31056205021245914
25951,LOF,0.013558966827608494,0.4378559659132416,0.5485850672591498
25952,LOF,0.26646206176412673,0.297379118368074,0.43615881986779925
25953,LOF,0.007241752205643542,0.1874743116020892,0.8052839361922673
25954,GOF,0.09431923015724554,0.46915172277279793,0.4365290470699565
25955,LOF,0.007024966765373172,0.16127070109705166,0.8317043321375751
25956,LOF,0.019320354014867935,0.2367940223406795,0.7438856236444525
25957,LOF,0.21544918551709846,0.03361877567611466,0.7509320388067869
25958,LOF,0.03274387704202389,0.039388820221872484,0.9278673027361036
25959,GOF,0.01367550987423421,0.5409456357385375,0.4453788543872283
25960,LOF,0.007054078161446422,0.06317627824756004,0.9297696435909935
25961,LOF,0.03335761929352354,0.035650783600548255,0.9309915971059282
25962,LOF,0.035360663527857376,0.0661686835298984,0.8984706529422443
25963,LOF,0.005432411816712331,0.19511378474311553,0.7994538034401721
25964,LOF,0.0274569457784759,0.11970383715087476,0.8528392170706494
25965,LOF,0.2730098855693218,0.1158169498038073,0.611173164626871
25966,Neutral,0.4760118611397531,0.13320655562998185,0.39078158323026513
25967,LOF,0.009691275299162389,0.07919488587163533,0.9111138388292023
25968,LOF,0.04314486082911141,0.2328933365462901,0.7239618026245985
25969,LOF,0.12667883066554997,0.049715786880954016,0.823605382453496
25970,LOF,0.021271350129647447,0.08385313560079924,0.8948755142695533
25971,LOF,0.08247723059457945,0.0309538921510201,0.8865688772544006
25972,LOF,0.06422270291824976,0.046516511052437814,0.8892607860293124
25973,LOF,0.07116597987525208,0.009681264986356432,0.9191527551383915
25974,LOF,0.057401845435878625,0.040997232915556896,0.9016009216485644
25975,LOF,0.0500385629736353,0.02007919387516246,0.9298822431512023
25976,LOF,0.0997819632890862,0.010478867228181591,0.8897391694827322
25977,LOF,0.2028232486205577,0.07395038275453712,0.7232263686249052
25978,LOF,0.18416446289203653,0.12721962285199104,0.6886159142559725
25979,LOF,0.14827353860099432,0.14110433607898584,0.7106221253200199
25980,LOF,0.2486985493962241,0.19422677264653382,0.5570746779572421
25981,LOF,0.2492151087541817,0.19596627444123138,0.554818616804587
25982,Neutral,0.47417189611305655,0.09457838010068795,0.43124972378625553
25983,Neutral,0.501666703461612,0.112495156341286,0.385838140197102
25984,LOF,0.03791622528256011,0.08984166756952625,0.8722421071479137
25985,LOF,0.41092697094343045,0.13205742863434977,0.45701560042221967
25986,LOF,0.014369763682750926,0.3779844256593085,0.6076458106579405
25987,LOF,0.05034756395567792,0.10729416634235579,0.8423582697019663
25988,LOF,0.04204940677013221,0.15543545224813438,0.8025151409817335
25989,LOF,0.03657099997310616,0.19827875011620194,0.7651502499106918
25990,LOF,0.038808302636275466,0.29353524200029507,0.6676564553634294
25991,LOF,0.025889189796899977,0.4270483044832911,0.5470625057198089
25992,LOF,0.022038644186480973,0.4381871746737568,0.5397741811397622
25993,LOF,0.026963137949448057,0.08012311566120994,0.8929137463893421
25994,LOF,0.023207867599931258,0.0821536883622745,0.8946384440377942
25995,LOF,0.020821687467437892,0.14176948942403023,0.8374088231085319
25996,LOF,0.32283562127365245,0.31958988251431675,0.3575744962120308
25997,LOF,0.06145035606910691,0.3936635739290067,0.5448860700018864
25998,LOF,0.23879485206137305,0.049556954284779575,0.7116481936538473
25999,LOF,0.027265815791035267,0.1797859521914623,0.7929482320175024
26000,LOF,0.18505727952815026,0.037292382890700346,0.7776503375811494
26001,LOF,0.27432396604108567,0.04550818899186504,0.6801678449670493
26002,LOF,0.12323869508610832,0.06269774559012312,0.8140635593237686
26003,GOF,0.005568894593036019,0.6557528904447532,0.33867821496221084
26004,GOF,0.008656548572282487,0.6925022332069508,0.2988412182207668
26005,GOF,0.00368334335774183,0.5042772493679454,0.4920394072743128
26006,GOF,0.13154083763580934,0.5735796281651991,0.2948795341989916
26007,GOF,0.008135925821252266,0.5432094922873631,0.4486545818913846
26008,GOF,0.005744928408749327,0.6521021914090476,0.3421528801822031
26009,GOF,0.007210451805039205,0.6748913820818762,0.31789816611308475
26010,GOF,0.008649130457546126,0.6617190772459919,0.3296317922964621
26011,LOF,0.0034552843258796734,0.4562536042687911,0.5402911114053293
26012,GOF,0.004664370803075187,0.5496625735868536,0.4456730556100713
26013,GOF,0.006272142432407556,0.6169797651654696,0.3767480924021229
26014,LOF,0.051886378273548715,0.12088628982595369,0.8272273319004976
26015,LOF,0.3919499422287045,0.024886243826719723,0.5831638139445757
26016,LOF,0.32043411511148034,0.045244538363368135,0.6343213465251516
26017,LOF,0.024556857168310197,0.23037931855035418,0.7450638242813357
26018,LOF,0.02865943711519656,0.06170655368737887,0.9096340091974247
26019,LOF,0.028806769457496415,0.0519459847270946,0.9192472458154091
26020,LOF,0.010345263531071356,0.21133449542537397,0.7783202410435548
26021,LOF,0.07904673732575485,0.07015770467782693,0.8507955579964183
26022,LOF,0.04451109803638979,0.03046044183893058,0.9250284601246795
26023,LOF,0.03298529042678789,0.0385574945339097,0.9284572150393023
26024,LOF,0.05166461845788446,0.07179397306852582,0.8765414084735897
26025,LOF,0.06767639779980796,0.09238260055759462,0.8399410016425973
26026,LOF,0.12817250782097322,0.07290133890095721,0.7989261532780696
26027,LOF,0.027534231901927306,0.030761302295401388,0.9417044658026713
26028,LOF,0.11380954892016358,0.14409286314139627,0.74209758793844
26029,LOF,0.0182958385493644,0.19247607500365996,0.7892280864469756
26030,LOF,0.16341183769168158,0.022867336451267813,0.8137208258570506
26031,LOF,0.009306810334368993,0.16498782406565032,0.8257053655999806
26032,LOF,0.0406621727435181,0.05190419885462978,0.9074336284018522
26033,LOF,0.0687528655879881,0.046704260130407974,0.8845428742816038
26034,LOF,0.012871067237092361,0.14420509688075617,0.8429238358821514
26035,LOF,0.011470614791103867,0.11022715876799848,0.8783022264408976
26036,LOF,0.011721832264941669,0.12918959595566787,0.8590885717793906
26037,LOF,0.0097944172107257,0.1032417989037156,0.8869637838855586
26038,LOF,0.03558382812951363,0.04786466214550097,0.9165515097249853
26039,LOF,0.025052767610843105,0.12662473858042855,0.8483224938087285
26040,LOF,0.10454363329226973,0.12664299569397494,0.7688133710137554
26041,LOF,0.01318681851147166,0.09274316068213541,0.8940700208063929
26042,LOF,0.011691060867520428,0.101294329246923,0.8870146098855566
26043,LOF,0.03499321490046177,0.06750763390823412,0.8974991511913041
26044,LOF,0.013955687359258777,0.050320613459909284,0.9357236991808319
26045,LOF,0.06742080659399467,0.11031403655539697,0.8222651568506083
26046,LOF,0.03026551697443539,0.052658111816331746,0.9170763712092328
26047,LOF,0.04980736515833062,0.05411686063859043,0.8960757742030788
26048,LOF,0.08181810958799852,0.02499964302314484,0.8931822473888568
26049,Neutral,0.9426294547725297,0.008331504759841167,0.04903904046762925
26050,Neutral,0.9164384757812476,0.00918445064043968,0.07437707357831284
26051,LOF,0.017265635621682443,0.09835482588169905,0.8843795384966184
26052,LOF,0.03221487166849908,0.11406666691951738,0.8537184614119836
26053,LOF,0.03240514994273454,0.18027317856618266,0.7873216714910828
26054,LOF,0.04464771608440561,0.027038061529014758,0.9283142223865796
26055,LOF,0.06466572595955493,0.023208157999909156,0.912126116040536
26056,LOF,0.052321539569904985,0.02985931428843391,0.9178191461416612
26057,LOF,0.06027625044456473,0.014640196080072752,0.9250835534753626
26058,LOF,0.06416097425524757,0.011624724933856289,0.9242143008108962
26059,LOF,0.20278775431180987,0.03022085315247395,0.7669913925357161
26060,LOF,0.015870175000575835,0.17272567482125328,0.8114041501781708
26061,LOF,0.012780611936257697,0.010486200897955567,0.9767331871657867
26062,LOF,0.006728999889477217,0.016898233528836775,0.976372766581686
26063,LOF,0.04002990626547321,0.011029210344667879,0.9489408833898589
26064,LOF,0.011071462614787236,0.024806160113398732,0.964122377271814
26065,LOF,0.050707952221250144,0.012438396732353724,0.9368536510463962
26066,LOF,0.04686762625582976,0.010288063965922856,0.9428443097782475
26067,LOF,0.05673737516819133,0.009942474170305343,0.9333201506615033
26068,LOF,0.053889739756086234,0.04742183340128092,0.8986884268426327
26069,LOF,0.16519178777100046,0.0274748904872629,0.8073333217417368
26070,LOF,0.36226993205492386,0.022262169203070187,0.615467898742006
26071,LOF,0.04532631871333815,0.011907872711216391,0.9427658085754455
26072,LOF,0.010825268895963474,0.020124609138972446,0.9690501219650641
26073,LOF,0.04010815469019239,0.013545253686273698,0.9463465916235339
26074,Neutral,0.9236265650020681,0.008220362980772644,0.06815307201715924
26075,LOF,0.05450506071376098,0.021697392463985863,0.9237975468222531
26076,LOF,0.05990812590726291,0.011699832619678193,0.928392041473059
26077,LOF,0.16694889711800276,0.006670655724670926,0.8263804471573263
26078,LOF,0.008850211874413828,0.014905209634541545,0.9762445784910447
26079,LOF,0.06609089975077168,0.02499292940772963,0.9089161708414988
26080,LOF,0.06512317749278804,0.024998190051268555,0.9098786324559434
26081,LOF,0.03411456101036884,0.00845436067917119,0.9574310783104599
26082,LOF,0.007596499803453222,0.013101538531793381,0.9793019616647535
26083,LOF,0.10322756494626394,0.020374694437719387,0.8763977406160166
26084,LOF,0.1058167644989527,0.01463532810922749,0.8795479073918198
26085,LOF,0.10201995126870944,0.012291882932497755,0.885688165798793
26086,LOF,0.040637696045955594,0.01198754242408618,0.9473747615299581
26087,LOF,0.036763816239646877,0.010390630365846896,0.9528455533945062
26088,LOF,0.009480360295023775,0.018331470800266685,0.9721881689047095
26089,LOF,0.04400408506758159,0.03855468154416332,0.917441233388255
26090,LOF,0.0450468354648423,0.029271724839544978,0.9256814396956128
26091,LOF,0.032692434526826894,0.007236468700858848,0.9600710967723143
26092,LOF,0.046399901908742644,0.00825492079504846,0.9453451772962089
26093,LOF,0.08306909685942114,0.005514775894820195,0.9114161272457587
26094,LOF,0.03799604917354785,0.007032935263371336,0.9549710155630807
26095,LOF,0.03873497740066525,0.01637143736001583,0.9448935852393189
26096,LOF,0.22191802554595844,0.00471740200625823,0.7733645724477833
26097,LOF,0.008385157614493115,0.028852306478001386,0.9627625359075055
26098,LOF,0.08357707295213146,0.0182882271414266,0.898134699906442
26099,LOF,0.04751895093197774,0.01447599615408061,0.9380050529139417
26100,LOF,0.04751895093197774,0.01447599615408061,0.9380050529139417
26101,LOF,0.05877231490291467,0.028423894420398575,0.9128037906766867
26102,LOF,0.03570086737082906,0.015845747776700888,0.9484533848524701
26103,Neutral,0.8822467496153233,0.02646610200410815,0.09128714838056834
26104,LOF,0.061660205770789844,0.04064100426119907,0.897698789968011
26105,LOF,0.25920018399985384,0.17470144448937525,0.5660983715107709
26106,LOF,0.3055362641895304,0.1121924896149889,0.5822712461954808
26107,LOF,0.023212494598983124,0.08829027362433074,0.8884972317766862
26108,LOF,0.2667003768436743,0.04526758407102959,0.6880320390852961
26109,LOF,0.09502011251545218,0.040497980044299844,0.8644819074402479
26110,LOF,0.4760105873910359,0.007533206446935815,0.5164562061620283
26111,LOF,0.043669971699548615,0.15010364243746843,0.8062263858629829
26112,LOF,0.058565920897108735,0.010137138024301277,0.9312969410785901
26113,LOF,0.10696610026111944,0.024985021512694144,0.8680488782261865
26114,LOF,0.08787656949878099,0.006402453264567127,0.9057209772366519
26115,LOF,0.013362526363124088,0.04520758880939284,0.941429884827483
26116,LOF,0.06389301011034984,0.018065991913391304,0.9180409979762589
26117,LOF,0.4014009018112521,0.032749309127890085,0.5658497890608578
26118,LOF,0.051724742485501754,0.014976413910990962,0.9332988436035073
26119,LOF,0.005996798668882478,0.035230897939647246,0.9587723033914702
26120,LOF,0.03579541686933923,0.014130655054974774,0.950073928075686
