feature0,prediction,LoGoFunc_Neutral,LoGoFunc_GOF,LoGoFunc_LOF
25546,Neutral,0.6786454791624763,0.0629059142581299,0.25844860657939384
25547,Neutral,0.5030408542452748,0.11722959121177659,0.37972955454294854
25548,Neutral,0.49378407137667,0.08749919547389348,0.4187167331494366
25549,LOF,0.4371322002852125,0.08474794155546128,0.4781198581593261
25550,LOF,0.36876041035361723,0.14262269778773287,0.4886168918586499
25551,LOF,0.269383735051751,0.163089712454,0.567526552494249
25552,LOF,0.19517080830724945,0.15786368768381626,0.6469655040089344
25553,Neutral,0.7846506041128269,0.047928309106639304,0.16742108678053377
25554,LOF,0.22838448731867428,0.15048125968867637,0.6211342529926492
25555,LOF,0.1872686269735079,0.1336875109750168,0.6790438620514754
25556,LOF,0.4015345361971732,0.13190273677573613,0.4665627270270906
25557,LOF,0.1760124470245193,0.14142589954837956,0.6825616534271012
25558,LOF,0.21824280699621734,0.15389512130178828,0.6278620717019944
25559,LOF,0.1737008859699571,0.17539392259836717,0.6509051914316757
25560,LOF,0.07496341659730002,0.14299788571926722,0.7820386976834328
25561,LOF,0.14324309902352475,0.1356621411891937,0.7210947597872815
25562,LOF,0.06894907486249145,0.09522180153794457,0.835829123599564
25563,LOF,0.09726378293053027,0.09310112648750658,0.8096350905819631
25564,LOF,0.21032426906654425,0.16174345947101207,0.6279322714624438
25565,LOF,0.14075737531674545,0.14321728397354622,0.7160253407097082
25566,GOF,0.01797188891775855,0.7793792633541852,0.20264884772805622
25567,LOF,0.01989997692633725,0.20862571247592487,0.771474310597738
25568,LOF,0.050365102401503034,0.08672749631947015,0.8629074012790269
25569,LOF,0.0514793671989501,0.08675245301707903,0.8617681797839709
25570,LOF,0.03126317245383109,0.1267110342297283,0.8420257933164407
25571,LOF,0.029964750376949314,0.1231024089731537,0.846932840649897
25572,LOF,0.03405265082437608,0.1553063146700118,0.8106410345056121
25573,LOF,0.02405116210579616,0.12333432117299553,0.8526145167212084
25574,LOF,0.01858148822297325,0.18167947852672203,0.7997390332503047
25575,LOF,0.024115059101775436,0.13295917991853617,0.8429257609796884
25576,LOF,0.01123464005012886,0.174422164738302,0.8143431952115691
25577,LOF,0.010294528572339604,0.1425355403827405,0.8471699310449199
25578,LOF,0.2627848267121935,0.11077821942089636,0.6264369538669101
25579,LOF,0.16638533364406974,0.11908958650883483,0.7145250798470955
25580,LOF,0.01729433486336274,0.09728689095018672,0.8854187741864507
25581,LOF,0.040222684009987374,0.09009888794961486,0.8696784280403979
25582,LOF,0.04027775980814318,0.08867248170444152,0.8710497584874153
25583,LOF,0.02064581514136219,0.11213729024981021,0.8672168946088277
25584,Neutral,0.5218438627169285,0.1238745239491326,0.35428161333393876
25585,LOF,0.011522376470865838,0.16150710500785656,0.8269705185212777
25586,LOF,0.016175090641661092,0.09297261805669302,0.8908522913016459
25587,LOF,0.01614088581488381,0.08502751088486793,0.8988316033002482
25588,LOF,0.016885663702170435,0.10635990401169435,0.8767544322861354
25589,Neutral,0.5915460311696958,0.159494121967867,0.24895984686243716
25590,LOF,0.019518003123114563,0.1415378708813206,0.8389441259955649
25591,LOF,0.07806405845402363,0.07534869783439689,0.8465872437115793
25592,LOF,0.04536487423709848,0.15589287013624048,0.7987422556266611
25593,LOF,0.023196893895398068,0.29091915157987247,0.6858839545247295
25594,LOF,0.03787219041536615,0.10689353142408417,0.8552342781605498
25595,LOF,0.04065435750846846,0.07311932965076469,0.8862263128407669
25596,LOF,0.05047736699684809,0.06363108358919083,0.8858915494139611
25597,LOF,0.03675427808522305,0.08045775997594257,0.8827879619388344
25598,LOF,0.034621889455624555,0.0950967323241574,0.8702813782202181
25599,GOF,0.008190092441701696,0.5540524040263972,0.43775750353190107
25600,GOF,0.02908680783230716,0.599830736809511,0.37108245535818185
25601,LOF,0.014244816609051629,0.4470137556840699,0.5387414277068785
25602,LOF,0.01364919584772698,0.05743534991261715,0.9289154542396559
25603,LOF,0.05545843341976958,0.021686194279180414,0.92285537230105
25604,LOF,0.014978038429990613,0.07305410424450134,0.911967857325508
25605,LOF,0.007966596329155442,0.2297737398030194,0.7622596638678251
25606,LOF,0.10130401054609425,0.37989997759504956,0.5187960118588562
25607,LOF,0.0048139247966939094,0.239452429007532,0.7557336461957741
25608,LOF,0.011816553429891238,0.09731551868400472,0.890867927886104
25609,LOF,0.08432987066374281,0.3786795194674377,0.5369906098688195
25610,LOF,0.019256259940159462,0.027291902016058227,0.9534518380437823
25611,LOF,0.020312233040704456,0.02738113513157305,0.9523066318277225
25612,LOF,0.0639174603635213,0.039556239338582884,0.8965263002978958
25613,LOF,0.056021645541328276,0.041223534779535644,0.9027548196791361
25614,LOF,0.02630430060313682,0.03326567787498816,0.940430021521875
25615,LOF,0.018692575638567997,0.042689225209002105,0.9386181991524298
25616,LOF,0.056525761763123475,0.029831038814617888,0.9136431994222586
25617,LOF,0.05459458468983891,0.03427798998949262,0.9111274253206685
25618,LOF,0.07648425040496705,0.034545066869522634,0.8889706827255103
25619,LOF,0.018954179509486968,0.03339034710110424,0.9476554733894088
25620,LOF,0.06953255675316486,0.0388792039714189,0.8915882392754163
25621,LOF,0.0192901826338337,0.03816248927104198,0.9425473280951244
25622,LOF,0.024916920504449262,0.040971717114385436,0.9341113623811652
25623,LOF,0.03904127728549358,0.030564137680913945,0.9303945850335925
25624,LOF,0.021181118377852925,0.03925979078648395,0.9395590908356631
25625,LOF,0.025619591267456186,0.05232855786105341,0.9220518508714904
25626,LOF,0.05149465070320806,0.03623733534640864,0.9122680139503834
25627,Neutral,0.6040870724779821,0.11216100472789033,0.2837519227941275
25628,LOF,0.20678020890756002,0.05198690098804507,0.741232890104395
25629,LOF,0.0399032361675931,0.05725874019051277,0.9028380236418941
25630,LOF,0.14655202027720535,0.0924631648391799,0.7609848148836147
25631,Neutral,0.6167370737162484,0.06312938232611208,0.32013354395763954
25632,LOF,0.007823808882216298,0.08561499843178759,0.9065611926859962
25633,LOF,0.2698965116999153,0.058337230683397925,0.6717662576166867
25634,LOF,0.028325866507382107,0.11338324777638292,0.8582908857162349
25635,LOF,0.0321765766602236,0.06721126915825891,0.9006121541815175
25636,GOF,0.006032239970108497,0.595162639910371,0.39880512011952046
25637,GOF,0.007312292642174172,0.6005421056656284,0.39214560169219753
25638,LOF,0.01154186381772894,0.2881352027995521,0.700322933382719
25639,LOF,0.005779415874326756,0.46502808310561927,0.5291925010200539
25640,Neutral,0.4573186353851289,0.4525574480201856,0.09012391659468542
25641,LOF,0.012456771432160344,0.31152798410036564,0.676015244467474
25642,LOF,0.25182278007182657,0.06397821151228546,0.684199008415888
25643,LOF,0.12362138976967617,0.16169706903006834,0.7146815412002555
25644,LOF,0.009768702134041997,0.4944004669009484,0.49583083096500963
25645,LOF,0.007676982605678816,0.44294545921283823,0.549377558181483
25646,LOF,0.012823938809964944,0.33099571434981895,0.6561803468402162
25647,LOF,0.010420244006727699,0.26657710984602184,0.7230026461472505
25648,LOF,0.00856771711947825,0.2745083804153241,0.7169239024651975
25649,LOF,0.00805924808626366,0.2026834203033213,0.789257331610415
25650,LOF,0.012675472230874597,0.420263645406594,0.5670608823625314
25651,LOF,0.005755597497767793,0.2768494907641865,0.7173949117380456
25652,LOF,0.009661104977816175,0.24962442241494032,0.7407144726072435
25653,LOF,0.02747315438858755,0.38631846696343675,0.5862083786479757
25654,LOF,0.010060563593767781,0.15895985023471473,0.8309795861715173
25655,LOF,0.046924018069661816,0.40960180349462816,0.5434741784357101
25656,LOF,0.18874212564951914,0.036524626955399764,0.7747332473950811
25657,LOF,0.26987036729414665,0.024360503694169183,0.7057691290116842
25658,LOF,0.07013977923415843,0.06623880226086058,0.8636214185049811
25659,LOF,0.41000403514108047,0.06247308497295237,0.5275228798859671
25660,LOF,0.03294616531157607,0.10059871026400517,0.8664551244244186
25661,LOF,0.10144266985950878,0.06541275846276048,0.8331445716777307
25662,LOF,0.0261492482189784,0.04461715167295138,0.9292336001080702
25663,LOF,0.03480743242240531,0.06491644632508714,0.9002761212525076
25664,LOF,0.0374564868646302,0.07501883161791811,0.8875246815174517
25665,LOF,0.054148621474353974,0.036554352055408246,0.9092970264702378
25666,LOF,0.04269170977244761,0.10248093652422559,0.8548273537033267
25667,LOF,0.07375878241408826,0.05063017192075728,0.8756110456651546
25668,LOF,0.02791722993940646,0.05687513468557636,0.9152076353750173
25669,LOF,0.030254433762115323,0.08040433953058074,0.889341226707304
25670,LOF,0.05965102240796637,0.06214620205978918,0.8782027755322445
25671,LOF,0.0935748919502398,0.04249118634521343,0.8639339217045469
25672,LOF,0.05561923318664765,0.04737989225796236,0.8970008745553901
25673,LOF,0.028325569040813365,0.05935223721535078,0.9123221937438359
25674,LOF,0.021884186043031457,0.07176388721049011,0.9063519267464784
25675,LOF,0.03728790296778704,0.06802788732996924,0.8946842097022437
25676,LOF,0.021352949502945466,0.062153044030528626,0.916494006466526
25677,LOF,0.03131190646096721,0.07599555289244782,0.8926925406465849
25678,LOF,0.21188130724689797,0.055974441808094376,0.7321442509450077
25679,LOF,0.17562257701377412,0.07549432828854538,0.7488830946976804
25680,LOF,0.039045931120367604,0.11659116079915283,0.8443629080804796
25681,LOF,0.06472683371740096,0.10942740491678743,0.8258457613658116
25682,LOF,0.12016870831573048,0.07834980356195322,0.8014814881223162
25683,LOF,0.07779685574425926,0.10701181212481393,0.8151913321309269
25684,LOF,0.045211772471310425,0.07781356767499084,0.8769746598536987
25685,LOF,0.07571176271569093,0.06616360483592872,0.8581246324483804
25686,LOF,0.025159383369774323,0.08944850445499422,0.8853921121752314
25687,LOF,0.043023204407412224,0.07020519631460365,0.8867715992779841
25688,LOF,0.04636718357267744,0.04866627584443051,0.9049665405828919
25689,LOF,0.0240783040140054,0.05822601142051384,0.9176956845654807
25690,LOF,0.030658088822144026,0.04792015542675019,0.9214217557511059
25691,LOF,0.24183215341851722,0.06365468086299558,0.6945131657184872
25692,LOF,0.2517674316312434,0.006687773384489492,0.7415447949842672
25693,LOF,0.08264748777228319,0.23117238433548432,0.6861801278922325
25694,LOF,0.24900869620235586,0.01346715995844827,0.7375241438391958
25695,LOF,0.16300094596016707,0.02420225137058168,0.8127968026692513
25696,LOF,0.11720912612781374,0.01238708422343496,0.8704037896487513
25697,LOF,0.08750928542347854,0.028254281546919852,0.8842364330296015
25698,LOF,0.04780604873483154,0.4606738988347631,0.49152005243040536
25699,LOF,0.06479528851843369,0.09496344743009072,0.8402412640514756
25700,LOF,0.06641237658956428,0.00801955343112046,0.9255680699793152
25701,LOF,0.01567242729265867,0.08737275272019288,0.8969548199871485
25702,GOF,0.030510390207865116,0.6957912920885427,0.2736983177035921
25703,LOF,0.00785035815608872,0.18058778895696034,0.811561852886951
25704,LOF,0.047044246590747726,0.1627050948942118,0.7902506585150405
25705,LOF,0.06381277415406264,0.21291590632727628,0.7232713195186612
25706,GOF,0.03339267409321399,0.5449849073953541,0.42162241851143184
25707,LOF,0.02352097103920861,0.48594884609910494,0.49053018286168654
25708,LOF,0.007868272405854937,0.3823269642205014,0.6098047633736436
25709,LOF,0.05973053595366025,0.05722323880558465,0.8830462252407552
25710,LOF,0.0057236873367328914,0.1473357860648586,0.8469405265984086
25711,LOF,0.020678491133550407,0.10967099801295703,0.8696505108534925
25712,LOF,0.0077363732887689544,0.17226933948597803,0.819994287225253
25713,LOF,0.01872240625954031,0.09237849112412329,0.8888991026163364
25714,LOF,0.07097801698325698,0.11735368135301844,0.8116683016637245
25715,LOF,0.013895163967541346,0.12334177607828278,0.8627630599541758
25716,LOF,0.006145127998511335,0.09775834595686396,0.8960965260446246
25717,LOF,0.005977216465025752,0.08892851559148769,0.9050942679434866
25718,LOF,0.01443719242490557,0.0800844526515096,0.9054783549235849
25719,LOF,0.024152760598449875,0.08254295837816357,0.8933042810233865
25720,LOF,0.02433880759988988,0.07436688867636118,0.9012943037237489
25721,LOF,0.016810587704715083,0.101477986461753,0.8817114258335318
25722,LOF,0.014809803403970945,0.12218112859586443,0.8630090680001646
25723,LOF,0.020428995723404945,0.06766631056380501,0.9119046937127901
25724,LOF,0.02228617471798712,0.09877572328706545,0.8789381019949474
25725,LOF,0.014237516524504975,0.0719707414406608,0.9137917420348343
25726,LOF,0.0124860680111596,0.09165823043425624,0.895855701554584
25727,LOF,0.015375969814529284,0.08189930149208237,0.9027247286933883
25728,LOF,0.013238922439788936,0.1074185519158459,0.8793425256443652
25729,LOF,0.013675361865722269,0.10801062337257689,0.8783140147617008
25730,LOF,0.014571298592783432,0.08530658642318716,0.9001221149840293
25731,LOF,0.008577513434946423,0.1264960664575495,0.8649264201075041
25732,LOF,0.014049861096256855,0.09150128362276472,0.8944488552809784
25733,LOF,0.019052027502847697,0.07791167700440788,0.9030362954927446
25734,LOF,0.005560600578936274,0.12840049708355555,0.8660389023375081
25735,LOF,0.016228117322350234,0.07755709344687509,0.9062147892307746
25736,LOF,0.015503042587602735,0.11643655456995751,0.8680604028424397
25737,LOF,0.023931455054593667,0.08709921828819425,0.8889693266572122
25738,LOF,0.015178033212953157,0.13629986370678246,0.8485221030802644
25739,LOF,0.023558187558565518,0.10933907038423366,0.8671027420572008
25740,LOF,0.030956163379641088,0.12378468302862194,0.845259153591737
25741,LOF,0.018288551996248938,0.10471151056939267,0.8769999374343583
25742,LOF,0.1155381872116787,0.09779060719299203,0.7866712055953292
25743,LOF,0.01598682806091215,0.033893983737084056,0.9501191882020037
25744,LOF,0.22364424465476138,0.34684857458764706,0.42950718075759164
25745,LOF,0.02759274686609053,0.0467223567812082,0.9256848963527013
25746,LOF,0.015922363910085294,0.053000710287322304,0.9310769258025925
25747,LOF,0.02823088852193299,0.033298008521698334,0.9384711029563688
25748,LOF,0.15053990045303423,0.051858697501529306,0.7976014020454365
25749,LOF,0.01687769769364039,0.040916622128932136,0.9422056801774276
25750,LOF,0.032149959821534596,0.05803018915401811,0.9098198510244473
25751,LOF,0.1153197009939075,0.056232145239656584,0.8284481537664359
25752,GOF,0.11264876215502012,0.6522847534529572,0.23506648439202274
25753,LOF,0.007560238359015218,0.36068007049711226,0.6317596911438725
25754,GOF,0.005201846176818201,0.8552036260234477,0.139594527799734
25755,LOF,0.00980187454904139,0.4300791367702409,0.5601189886807177
25756,LOF,0.041855526459193444,0.431292868449301,0.5268516050915055
25757,GOF,0.005283474472572304,0.8839342444922351,0.11078228103519254
25758,GOF,0.006077042823812276,0.8786395850009716,0.11528337217521607
25759,GOF,0.004579376166055758,0.5709236335248167,0.42449699030912763
25760,LOF,0.00450267545347139,0.30634578891805037,0.6891515356284782
25761,GOF,0.03321095523353284,0.8536693860399278,0.1131196587265395
25762,LOF,0.030521905585578973,0.3308046790536375,0.6386734153607835
25763,LOF,0.006336246803153994,0.24627658630964092,0.7473871668872051
25764,GOF,0.1502196558659679,0.5574135386242405,0.29236680550979166
25765,GOF,0.010457445420426776,0.7932434249081929,0.19629912967138038
25766,GOF,0.014391206499025736,0.837761749621498,0.1478470438794763
25767,GOF,0.02004421458368379,0.5131237510787284,0.46683203433758774
25768,LOF,0.08027605879687778,0.07089177949698712,0.8488321617061351
25769,LOF,0.07923677182009306,0.04906180322758532,0.8717014249523216
25770,LOF,0.26060314180351307,0.062048064949917534,0.6773487932465694
25771,LOF,0.012836625840876057,0.05909353913456306,0.9280698350245609
25772,LOF,0.016007591792176732,0.02524206542181617,0.958750342786007
25773,LOF,0.010833856862824435,0.1109285877072379,0.8782375554299376
25774,LOF,0.02402067855054809,0.06777211769551025,0.9082072037539416
25775,LOF,0.015983896760730684,0.04415472278381915,0.9398613804554502
25776,LOF,0.07795400535545902,0.019656236597546128,0.9023897580469948
25777,LOF,0.29797427642452035,0.03497172409052815,0.6670539994849515
25778,LOF,0.06707565386924824,0.036598616747771075,0.8963257293829807
25779,GOF,0.05752300385254411,0.8648885755791822,0.0775884205682737
25780,GOF,0.05796170080106598,0.8496874248035672,0.09235087439536688
25781,GOF,0.024067380573491552,0.8363214654759593,0.1396111539505492
25782,GOF,0.028064747857939148,0.8777343234377039,0.09420092870435699
25783,GOF,0.01408650141715098,0.6706869812772038,0.31522651730564516
25784,GOF,0.105998687640006,0.827778812227766,0.06622250013222811
25785,GOF,0.06659309038840376,0.8767080117875098,0.05669889782408649
25786,GOF,0.005133482544802698,0.7971718771612443,0.19769464029395314
25787,GOF,0.19197751828341722,0.7638018275840335,0.044220654132549254
25788,LOF,0.04303576490957229,0.12199597772761166,0.8349682573628161
25789,GOF,0.03380973141660858,0.8069857716779842,0.15920449690540714
25790,GOF,0.03827970335190184,0.8500535422874111,0.11166675436068695
25791,GOF,0.025085164009600345,0.7767890232351631,0.1981258127552365
25792,GOF,0.03991400150118839,0.7839764586738245,0.17610953982498723
25793,GOF,0.09151879275052854,0.7872606408647067,0.12122056638476468
25794,GOF,0.08813340614609484,0.6711771350407133,0.24068945881319173
25795,GOF,0.026178340902404944,0.749900765913473,0.22392089318412212
25796,GOF,0.12283679516277475,0.7416280253445054,0.13553517949271976
25797,GOF,0.03178353148921017,0.5848971219827664,0.3833193465280234
25798,GOF,0.003103099852597045,0.5552642494891364,0.44163265065826646
25799,LOF,0.002902647747259345,0.44424441037184326,0.5528529418808974
25800,GOF,0.009599806171134763,0.6079000839789329,0.3825001098499323
25801,GOF,0.0247866655770415,0.7944949081748466,0.1807184262481119
25802,GOF,0.01667141646486964,0.7107236826262724,0.27260490090885797
25803,GOF,0.0098781344189392,0.5970040390353076,0.3931178265457531
25804,LOF,0.01096215411440336,0.4864340118758841,0.5026038340097125
25805,GOF,0.01874345186113183,0.6005311421664999,0.38072540597236826
25806,GOF,0.01676982914814418,0.630748552655721,0.35248161819613477
25807,GOF,0.00506647960518672,0.6336452236181744,0.36128829677663893
25808,GOF,0.014038762859719016,0.6289151139615063,0.35704612317877465
25809,GOF,0.0055221839930204965,0.6062848067842409,0.3881930092227385
25810,GOF,0.004883242891923653,0.6159460628800528,0.37917069422802346
25811,GOF,0.08363838066622462,0.8026493590064132,0.11371226032736212
25812,GOF,0.014692964908071886,0.6127866288097933,0.3725204062821348
25813,GOF,0.09086991329086541,0.7473258026665828,0.1618042840425519
25814,GOF,0.024878328007286402,0.6838356582332871,0.29128601375942653
25815,GOF,0.03680498731391964,0.7173148025746082,0.24588021011147224
25816,GOF,0.008294720821983974,0.7851689450445061,0.2065363341335101
25817,GOF,0.06459100786143558,0.7615588884896741,0.17385010364889028
25818,GOF,0.020632894914359316,0.7349911252093148,0.24437597987632603
25819,GOF,0.056918215624270255,0.7194473449371115,0.22363443943861833
25820,GOF,0.028233342159156103,0.7023176176312582,0.2694490402095856
25821,GOF,0.015615359159272998,0.6787520080039796,0.3056326328367475
25822,GOF,0.03133149156325824,0.7126871881541244,0.2559813202826175
25823,GOF,0.01133668132344132,0.5526222894252315,0.43604102925132704
25824,GOF,0.022507129792926694,0.7052018464446131,0.2722910237624602
25825,GOF,0.012056860323129201,0.6765872044051455,0.3113559352717253
25826,GOF,0.004933083140618177,0.6241978705566039,0.37086904630277795
25827,GOF,0.007237883714213363,0.6387814230965759,0.35398069318921077
25828,GOF,0.004380563664178909,0.5653325661843757,0.43028687015144546
25829,GOF,0.0027385127760633657,0.6206337668655428,0.37662772035839387
25830,LOF,0.028923094885008414,0.38346808854770703,0.5876088165672846
25831,GOF,0.035454173714488314,0.8247749104178352,0.1397709158676765
25832,GOF,0.007581148209849709,0.7504008491318584,0.24201800265829182
25833,GOF,0.02448906677509142,0.7930689592736669,0.18244197395124168
25834,GOF,0.006900243419747285,0.7562431603444164,0.23685659623583621
25835,GOF,0.015632492649987065,0.8051272126904112,0.17924029465960173
25836,GOF,0.006155513396370424,0.7530403101453307,0.24080417645829888
25837,GOF,0.005641628906725835,0.6566081193430701,0.33775025175020396
25838,GOF,0.017560722934389247,0.8217602793697307,0.16067899769587998
25839,GOF,0.03540759920740021,0.7929119843973037,0.17168041639529624
25840,GOF,0.03507788313704805,0.8107784923631122,0.15414362449983982
25841,GOF,0.03265275648979739,0.8434805691458783,0.12386667436432433
25842,GOF,0.02227968144664031,0.8614829652105026,0.11623735334285717
25843,GOF,0.025567799404588573,0.8681806149299652,0.10625158566544637
25844,GOF,0.015236231249829953,0.7784475867901369,0.20631618196003307
25845,GOF,0.005280059657374238,0.5813511908561589,0.41336874948646685
25846,GOF,0.027876998278768092,0.8383776129229169,0.13374538879831507
25847,GOF,0.016334012459975605,0.8834593195987739,0.10020666794125062
25848,GOF,0.015434165049988525,0.8266189022273162,0.1579469327226953
25849,GOF,0.0048200205744649205,0.6983425811322072,0.29683739829332795
25850,GOF,0.006167470569845312,0.6933428784308011,0.3004896509993535
25851,GOF,0.005218902584111144,0.5775969525152752,0.4171841449006137
25852,GOF,0.1453289627584691,0.5459937341592815,0.30867730308224933
25853,GOF,0.0678291563229514,0.8336290242566601,0.0985418194203885
25854,GOF,0.009219363817630654,0.6426108487535974,0.34816978742877186
25855,GOF,0.012994392778300118,0.5781784880484502,0.4088271191732497
25856,GOF,0.03468560416305803,0.7016057412618362,0.2637086545751058
25857,GOF,0.015307363246174962,0.5372736638780989,0.44741897287572613
25858,GOF,0.008416054873375954,0.5486337425341518,0.44295020259247225
25859,GOF,0.005702020708461246,0.533889448424646,0.4604085308668927
25860,GOF,0.06526503606673185,0.7957290427675037,0.13900592116576443
25861,GOF,0.11862825682954771,0.7842626211322834,0.09710912203816904
25862,GOF,0.021225628069029195,0.8306876297692224,0.14808674216174844
25863,GOF,0.02034388197544174,0.8449495576192915,0.13470656040526677
25864,GOF,0.04026879111698517,0.8762397338537494,0.08349147502926525
25865,GOF,0.028387537005964757,0.839004460679564,0.1326080023144713
25866,GOF,0.024859070670473788,0.8289346892963193,0.14620624003320692
25867,GOF,0.024574754188097066,0.860681349626623,0.11474389618527983
25868,GOF,0.05017350101035303,0.8004752104470659,0.1493512885425811
25869,GOF,0.2911102566269903,0.6133894883252538,0.0955002550477559
25870,GOF,0.1788093335690704,0.5154456472475711,0.30574501918335845
25871,GOF,0.021557595778151382,0.8480751532918975,0.13036725092995105
25872,GOF,0.01910865992413356,0.8251941430743758,0.1556971970014907
25873,GOF,0.01878339705541579,0.8551327406429157,0.1260838623016686
25874,LOF,0.015868289493663527,0.13418661434454093,0.8499450961617956
25875,LOF,0.031160754123411183,0.0343593211844411,0.9344799246921477
25876,LOF,0.014056511483159034,0.02742838197089885,0.9585151065459421
25877,LOF,0.12619465676301142,0.05796870690845692,0.8158366363285318
25878,LOF,0.05228559816656483,0.07962197923145976,0.8680924226019755
25879,LOF,0.02220627637961563,0.061720028414137346,0.9160736952062472
25880,LOF,0.04558470129020106,0.008346701560768855,0.9460685971490301
25881,Neutral,0.5693555990367883,0.07225978855734398,0.3583846124058677
25882,LOF,0.021501428197860613,0.04901663161315629,0.929481940188983
25883,LOF,0.05364644648049996,0.03180258860266495,0.914550964916835
25884,LOF,0.011727137277724642,0.06799990317599904,0.9202729595462764
25885,LOF,0.1915346725368005,0.01032261258403863,0.7981427148791608
25886,LOF,0.2175958071140481,0.0625302868079355,0.7198739060780164
25887,LOF,0.1554875014595559,0.08620215772611249,0.7583103408143316
25888,LOF,0.012352771695808612,0.1706823481145483,0.8169648801896431
25889,LOF,0.01588773640965059,0.04746458618249064,0.9366476774078588
25890,LOF,0.12348696428391133,0.098047130231745,0.7784659054843436
25891,LOF,0.048027131383564244,0.042614927868786,0.9093579407476498
25892,LOF,0.01074412950417318,0.05123467342658777,0.938021197069239
25893,LOF,0.39562966844426906,0.01602300342016794,0.5883473281355629
25894,LOF,0.4315460530566592,0.008480103578404181,0.5599738433649366
25895,LOF,0.3586521427686104,0.017583072141082963,0.6237647850903068
25896,LOF,0.04162121849344001,0.0321579800049916,0.9262208015015683
25897,LOF,0.19915327594583207,0.01762095473944389,0.783225769314724
25898,LOF,0.2113041495695369,0.04614881061836212,0.742547039812101
25899,LOF,0.23951306270610592,0.03173538260647103,0.7287515546874231
25900,LOF,0.46377963353901286,0.015626326105955497,0.5205940403550317
25901,LOF,0.048263947724891613,0.011930214773472999,0.9398058375016355
25902,LOF,0.10147593887161992,0.02062628324436332,0.8778977778840168
25903,LOF,0.363627366009125,0.04046112349152353,0.5959115104993515
25904,Neutral,0.4860762314496157,0.04568162327593204,0.4682421452744522
25905,LOF,0.00703927443553703,0.417255233445197,0.5757054921192659
25906,LOF,0.007308023205028506,0.12059389513131474,0.8720980816636569
25907,LOF,0.003896401102348822,0.3608841492089144,0.6352194496887368
25908,LOF,0.0035638742915313523,0.2643473983431428,0.7320887273653258
25909,LOF,0.015162464636392361,0.16016476317707273,0.8246727721865349
25910,LOF,0.016176170507327357,0.12802635615916527,0.8557974733335074
25911,LOF,0.1814907577246799,0.025789386960447584,0.7927198553148724
25912,LOF,0.06686632461732424,0.04949546583918341,0.8836382095434923
25913,LOF,0.06338323793553466,0.05233749718450953,0.8842792648799558
25914,LOF,0.0212259243306346,0.06085859168243365,0.9179154839869317
25915,LOF,0.1214451262264344,0.2531878506930986,0.625367023080467
25916,LOF,0.019729154210557938,0.16992468941343936,0.8103461563760026
25917,LOF,0.053111482848380735,0.04388373323372872,0.9030047839178905
25918,LOF,0.026894345550326944,0.0358786759841261,0.9372269784655469
25919,LOF,0.022291356556299328,0.03520840233462571,0.9425002411090749
25920,LOF,0.11433373351025942,0.21708572692379385,0.6685805395659468
25921,LOF,0.010665630273742524,0.03299212240110452,0.9563422473251529
25922,LOF,0.014196161154218827,0.026035069231497395,0.9597687696142838
25923,LOF,0.41791976482969895,0.03318299081294779,0.5488972443573532
25924,LOF,0.019089970836352988,0.03760681274990593,0.9433032164137412
25925,LOF,0.07696827722275627,0.042016258888046644,0.8810154638891972
25926,LOF,0.05376469377679195,0.0360096938227648,0.9102256124004432
25927,LOF,0.023300240438079628,0.0670700722258934,0.9096296873360269
25928,LOF,0.008248980449692116,0.049005227839032446,0.9427457917112754
25929,Neutral,0.4950771831844253,0.030847229518807084,0.47407558729676774
25930,LOF,0.08955737292740473,0.029527098153852384,0.8809155289187428
25931,LOF,0.010156990880918428,0.029963765883162515,0.959879243235919
25932,LOF,0.035656309998975164,0.024277022255938537,0.9400666677450862
25933,LOF,0.04142075783331507,0.015443239918521333,0.9431360022481636
25934,LOF,0.02889520536698808,0.01620540785233268,0.9548993867806793
25935,LOF,0.07063897182139252,0.05082253508350434,0.8785384930951031
25936,LOF,0.04353669250652193,0.01893007414788172,0.9375332333455965
25937,LOF,0.009430270611649388,0.0357717447594268,0.9547979846289237
25938,LOF,0.0650887486861001,0.05114784244009703,0.8837634088738028
25939,LOF,0.03557527179307232,0.020402426194686216,0.9440223020122415
25940,LOF,0.008178305015005405,0.3798524803328199,0.6119692146521747
25941,Neutral,0.5165589911586657,0.02354621052998359,0.4598947983113507
25942,LOF,0.005100165793379043,0.04174636079676426,0.9531534734098566
25943,LOF,0.029456876952531113,0.1355163696799893,0.8350267533674797
25944,LOF,0.10781517108172005,0.07135284469585887,0.8208319842224211
25945,LOF,0.059339757088985645,0.018805270086833206,0.921854972824181
25946,LOF,0.06946836042857193,0.06660938668516461,0.8639222528862633
25947,Neutral,0.5236482560049651,0.07774672127738338,0.3986050227176516
25948,LOF,0.3237710459096404,0.010138235450215138,0.6660907186401446
25949,LOF,0.09704044823470999,0.05690755233426387,0.846051999431026
25950,GOF,0.0560131053319995,0.6034112216306337,0.3405756730373668
25951,LOF,0.017299798004510276,0.3911302176596278,0.5915699843358619
25952,LOF,0.28403871625956717,0.2881485723431863,0.4278127113972465
25953,LOF,0.013100492806994357,0.16675728928341624,0.8201422179095894
25954,LOF,0.04654384639296746,0.44213519983689703,0.5113209537701355
25955,LOF,0.011254515044930285,0.1637884258198489,0.8249570591352208
25956,LOF,0.024104171884101695,0.29566772668323454,0.6802281014326638
25957,LOF,0.21167074101437267,0.03536568320843026,0.7529635757771971
25958,LOF,0.052991225828131976,0.029685302852135245,0.9173234713197327
25959,GOF,0.013628153152379217,0.5052076260967193,0.48116422075090143
25960,LOF,0.006130333283868709,0.05502068590682012,0.9388489808093111
25961,LOF,0.05380100540794391,0.026892643573446378,0.9193063510186096
25962,LOF,0.03247205906527698,0.09065432092406542,0.8768736200106576
25963,LOF,0.005401384111544472,0.26410496313151505,0.7304936527569404
25964,LOF,0.03177642436454437,0.10934775216871988,0.8588758234667359
25965,LOF,0.3226218243732489,0.14514241021071667,0.5322357654160345
25966,Neutral,0.43548448116605304,0.16787857221375693,0.39663694662019006
25967,LOF,0.0059891354233929436,0.07539463631708458,0.9186162282595224
25968,LOF,0.03965348757487832,0.2801572525604509,0.6801892598646708
25969,LOF,0.11991447978137379,0.07896492609986906,0.8011205941187571
25970,LOF,0.020194855509259486,0.09536165856261015,0.8844434859281305
25971,LOF,0.0666704164941911,0.027983879018257853,0.905345704487551
25972,LOF,0.05573922517321844,0.04235842999910855,0.9019023448276731
25973,LOF,0.05473030129208323,0.012124186181983628,0.9331455125259331
25974,LOF,0.03833612314005678,0.044236100589918524,0.9174277762700246
25975,LOF,0.041473064127319666,0.02860579186541403,0.9299211440072662
25976,LOF,0.10971955900775464,0.01338195880712837,0.8768984821851169
25977,LOF,0.21245549019865437,0.05747397704049585,0.7300705327608499
25978,LOF,0.13564777058472083,0.12887212045050922,0.7354801089647699
25979,LOF,0.12368270127647568,0.1309029146146012,0.745414384108923
25980,LOF,0.2379912227964512,0.14932918404850387,0.6126795931550448
25981,LOF,0.23945203224214595,0.150733403351247,0.6098145644066071
25982,LOF,0.39178144923610786,0.092578042588888,0.5156405081750042
25983,LOF,0.3911213535551255,0.11330731782377261,0.49557132862110187
25984,LOF,0.03399947384343192,0.07230681890256463,0.8936937072540033
25985,LOF,0.3914595698575795,0.13573970127622637,0.47280072886619406
25986,LOF,0.011384151022782828,0.4315999523342422,0.5570158966429749
25987,LOF,0.03682949500000391,0.11232638560319268,0.8508441193968034
25988,LOF,0.13658440558007418,0.12994493052671244,0.7334706638932134
25989,LOF,0.039403077459392054,0.16124240512241803,0.7993545174181899
25990,LOF,0.03964665292928954,0.2618903112278528,0.6984630358428576
25991,LOF,0.01999587530288709,0.3707179909383895,0.6092861337587235
25992,LOF,0.027165893786441003,0.36426983583970246,0.6085642703738565
25993,LOF,0.021204719585687575,0.08412247318904034,0.8946728072252722
25994,LOF,0.016116146815258935,0.07814625142375128,0.9057376017609898
25995,LOF,0.018013808379979925,0.16215179835507137,0.8198343932649487
25996,LOF,0.3049268399558416,0.2618356026754322,0.4332375573687261
25997,LOF,0.0775623936997507,0.3194389015658148,0.6029987047344346
25998,LOF,0.287761123303539,0.06018594277888518,0.6520529339175759
25999,LOF,0.019721926293325257,0.2347771956524297,0.7455008780542451
26000,LOF,0.1571109680483257,0.038483241516089686,0.8044057904355847
26001,LOF,0.2989440891423379,0.026659246637589354,0.6743966642200727
26002,LOF,0.0676410554591828,0.056091118396384906,0.8762678261444322
26003,GOF,0.0035265459645588736,0.6410965488784103,0.3553769051570308
26004,GOF,0.005511118916918939,0.736786647329832,0.25770223375324897
26005,GOF,0.0028651134132967548,0.5392393138895555,0.45789557269714765
26006,GOF,0.06934109267938769,0.6499304810459536,0.2807284262746587
26007,GOF,0.0053809161505940445,0.6281733538939495,0.36644572995545655
26008,GOF,0.005214612972832968,0.6973098079611371,0.29747557906603
26009,GOF,0.006117802717334824,0.6932879570746899,0.30059424020797526
26010,GOF,0.006017834587533501,0.7084345897954913,0.2855475756169753
26011,GOF,0.0026033644069709053,0.5109504075679904,0.48644622802503873
26012,GOF,0.0036140907209671357,0.5851004635410783,0.4112854457379546
26013,GOF,0.00460742954565526,0.6474475981367729,0.3479449723175719
26014,LOF,0.038984445331101646,0.0931724607005802,0.8678430939683182
26015,LOF,0.11528394715481169,0.020187649593734477,0.8645284032514539
26016,LOF,0.26341206894797303,0.0372004980451509,0.6993874330068761
26017,LOF,0.021060399524578576,0.17714767220569866,0.8017919282697229
26018,LOF,0.05252246916032847,0.03505742599700371,0.9124201048426678
26019,LOF,0.05193419032317835,0.029577954373582897,0.9184878553032386
26020,LOF,0.008786548913567751,0.19638527073876413,0.7948281803476681
26021,LOF,0.06498145957996837,0.06805930851044506,0.8669592319095865
26022,LOF,0.029339377532982207,0.026305679547077587,0.9443549429199402
26023,LOF,0.040893616108786404,0.021819141826484013,0.9372872420647296
26024,LOF,0.04336471479087713,0.07119473532345463,0.8854405498856681
26025,LOF,0.05455050807234596,0.06854293700013753,0.8769065549275165
26026,LOF,0.10311618837761333,0.05096421051253241,0.8459196011098543
26027,LOF,0.045431391459472684,0.0182603735386718,0.9363082350018554
26028,LOF,0.08312222175129476,0.1400308137255009,0.7768469645232043
26029,LOF,0.02896971438002388,0.2119079592316556,0.7591223263883206
26030,LOF,0.15984762456575885,0.03306863137550505,0.8070837440587362
26031,LOF,0.01491715539125146,0.16687916013782084,0.8182036844709277
26032,LOF,0.0694911239349336,0.07767038041588865,0.8528384956491778
26033,LOF,0.0889627487717835,0.06963205390268201,0.8414051973255345
26034,LOF,0.015273879786111553,0.1897539133566966,0.7949722068571917
26035,LOF,0.013680431542671114,0.14244120829138177,0.8438783601659471
26036,LOF,0.014942261474850798,0.17413649023458833,0.8109212482905609
26037,LOF,0.012418733983963046,0.11950884253852521,0.8680724234775117
26038,LOF,0.058539257215726136,0.06927114837580339,0.8721895944084704
26039,LOF,0.025310589150662522,0.17116268928944087,0.8035267215598967
26040,LOF,0.11496031080482276,0.1541619156948264,0.7308777735003508
26041,LOF,0.014161530125020206,0.10547565581875462,0.8803628140562252
26042,LOF,0.01322898146356621,0.11117765717291575,0.875593361363518
26043,LOF,0.05675320326477954,0.08808787817365864,0.8551589185615618
26044,LOF,0.012110666367715423,0.07265376800226993,0.9152355656300146
26045,LOF,0.05227764349844443,0.1200874417734336,0.827634914728122
26046,LOF,0.05137634306330612,0.07136571823725751,0.8772579386994362
26047,LOF,0.08355960491925173,0.06771191767059587,0.8487284774101523
26048,LOF,0.05061066655139028,0.044838463967546795,0.9045508694810629
26049,Neutral,0.9629512829930266,0.006460368776102352,0.03058834823087103
26050,Neutral,0.9497376210169586,0.006915268478591709,0.04334711050444989
26051,LOF,0.014316634856397257,0.1602500598151155,0.8254333053284871
26052,LOF,0.02103370003107325,0.20621392563305044,0.7727523743358763
26053,LOF,0.023804933750195066,0.13507024376150756,0.8411248224882973
26054,LOF,0.04834876999738194,0.020664826841570616,0.9309864031610474
26055,LOF,0.05809859041964486,0.02068037895374225,0.921221030626613
26056,LOF,0.050804158907862114,0.02672902194298505,0.922466819149153
26057,LOF,0.0323149502426043,0.014886632235451903,0.9527984175219438
26058,LOF,0.03292697258522308,0.012837619511540773,0.9542354079032361
26059,LOF,0.3429427413582994,0.02583163846916902,0.6312256201725316
26060,LOF,0.011250410722234462,0.18738419487205726,0.8013653944057083
26061,LOF,0.0051738485243097605,0.01708392990986444,0.9777422215658257
26062,LOF,0.0039634458532680035,0.02306060250771746,0.9729759516390145
26063,LOF,0.0216298189665568,0.012676762824740558,0.9656934182087026
26064,LOF,0.006127156143020242,0.02891581745391136,0.9649570264030685
26065,LOF,0.026325091216266326,0.01366888643468675,0.9600060223490469
26066,LOF,0.024298587704710568,0.012259002912745991,0.9634424093825434
26067,LOF,0.029042859079202486,0.010400127421948105,0.9605570134988495
26068,LOF,0.040907884817497873,0.03767590171501316,0.9214162134674889
26069,LOF,0.32526206950565306,0.02419746966105013,0.6505404608332969
26070,LOF,0.46192324824772685,0.01820815135415477,0.5198686003981183
26071,LOF,0.023119465254050304,0.012638831648304361,0.9642417030976455
26072,LOF,0.005512010412807367,0.027932557496006403,0.9665554320911862
26073,LOF,0.021304065417426528,0.01658318495896587,0.9621127496236077
26074,Neutral,0.9261819983272354,0.007855004481364385,0.0659629971914002
26075,LOF,0.040247897661341604,0.018049813709034995,0.9417022886296235
26076,LOF,0.03447036755065421,0.011839750721935332,0.9536898817274104
26077,LOF,0.1115640021014515,0.009902647403010334,0.8785333504955382
26078,LOF,0.005389692761047141,0.017611102616652764,0.9769992046222999
26079,LOF,0.05619884675870892,0.020018489648178102,0.9237826635931129
26080,LOF,0.05482557006203841,0.020119554691044945,0.9250548752469165
26081,LOF,0.029047027431788094,0.009603208409581135,0.9613497641586307
26082,LOF,0.004355304192857398,0.01909756731728778,0.9765471284898547
26083,LOF,0.11172275707056069,0.021364615227451957,0.8669126277019873
26084,LOF,0.04032883812822076,0.015954425164662053,0.9437167367071172
26085,LOF,0.03626674704260325,0.013797135025493583,0.9499361179319032
26086,LOF,0.02224007481952985,0.013519853036006313,0.9642400721444638
26087,LOF,0.021485759462038085,0.011741290594371451,0.9667729499435904
26088,LOF,0.005595745227264449,0.022860520569661046,0.9715437342030746
26089,LOF,0.0386460492333491,0.02435409110498429,0.9369998596616667
26090,LOF,0.03825450035687808,0.020519095615980504,0.9412264040271414
26091,LOF,0.02697274772434675,0.008170655238512667,0.9648565970371407
26092,LOF,0.022875483431867696,0.009656289750170187,0.9674682268179622
26093,LOF,0.0385565197912518,0.008047955007245696,0.9533955252015025
26094,LOF,0.032611889452215236,0.007973163825875184,0.9594149467219095
26095,LOF,0.017594133944328436,0.023212423537343745,0.9591934425183278
26096,LOF,0.17191373400078913,0.0071917929145435,0.8208944730846675
26097,LOF,0.004651021772932662,0.04432899172177135,0.9510199865052961
26098,LOF,0.07600184485470132,0.020198621942997777,0.903799533202301
26099,LOF,0.021385856909564127,0.01703465133384156,0.9615794917565944
26100,LOF,0.021385856909564127,0.01703465133384156,0.9615794917565944
26101,LOF,0.05368933148759917,0.023410166715452905,0.9229005017969479
26102,LOF,0.02032825635812635,0.01692744099688093,0.9627443026449928
26103,Neutral,0.8372252984414073,0.02604559897501469,0.13672910258357807
26104,LOF,0.06811094036978671,0.03008014516560632,0.9018089144646071
26105,LOF,0.23221022538035005,0.17384139470201104,0.5939483799176389
26106,LOF,0.35604752518198124,0.14557531710921187,0.4983771577088069
26107,LOF,0.019626727375056136,0.11760412889285528,0.8627691437320887
26108,LOF,0.3330603488873291,0.04595279081111251,0.6209868603015584
26109,LOF,0.038165386344342744,0.06208810631573262,0.8997465073399246
26110,LOF,0.1947396972697811,0.00710965613384747,0.7981506465963715
26111,LOF,0.07211143235147258,0.0829902194889979,0.8448983481595295
26112,LOF,0.03372010928910175,0.007876500183265375,0.9584033905276329
26113,LOF,0.05769005738892294,0.01734426236469816,0.9249656802463789
26114,LOF,0.07437819370869442,0.011735644552971977,0.9138861617383337
26115,LOF,0.01470163634970199,0.069026109061274,0.9162722545890241
26116,LOF,0.10655607050279854,0.04200491972854551,0.8514390097686558
26117,LOF,0.402003247527603,0.03399825635733097,0.563998496115066
26118,LOF,0.029853912184886075,0.016582632700929342,0.9535634551141846
26119,LOF,0.00450498400887242,0.04385791305054294,0.9516371029405846
26120,LOF,0.025588379088083545,0.015699623252970467,0.958711997658946
26121,LOF,0.004066453346108261,0.12977965167491268,0.8661538949789791
