feature0,prediction,LoGoFunc_Neutral,LoGoFunc_GOF,LoGoFunc_LOF
25546,Neutral,0.6527148022828875,0.058780246525846375,0.28850495119126623
25547,Neutral,0.44758975697481485,0.10819727170239314,0.444212971322792
25548,Neutral,0.4802717702027858,0.08161116701635615,0.43811706278085816
25549,LOF,0.4083517700097195,0.08271773954088733,0.5089304904493932
25550,LOF,0.3413504331806511,0.13809766415372682,0.520551902665622
25551,LOF,0.288415347182887,0.1612958973442402,0.5502887554728727
25552,LOF,0.20056692424756767,0.14776225360950918,0.6516708221429233
25553,Neutral,0.7839437786812212,0.052151035047015806,0.16390518627176295
25554,LOF,0.23724133078927465,0.14363452821374548,0.61912414099698
25555,LOF,0.19801217988773778,0.12556490305243684,0.6764229170598255
25556,LOF,0.3880505131147382,0.12173531315178175,0.4902141737334801
25557,LOF,0.1845515623222665,0.136426247975142,0.6790221897025915
25558,LOF,0.2282735141930287,0.14482267997216075,0.6269038058348105
25559,LOF,0.19215371334817402,0.1265201377638746,0.6813261488879514
25560,LOF,0.0655303662412796,0.15027627775826163,0.7841933560004587
25561,LOF,0.13002437345724427,0.14956638457890498,0.7204092419638507
25562,LOF,0.06693821564725536,0.08873460242054207,0.8443271819322026
25563,LOF,0.09040822483961268,0.09943876648811482,0.8101530086722725
25564,LOF,0.19355688717826788,0.19257953994183172,0.6138635728799005
25565,LOF,0.15260926266727204,0.1265577276378741,0.7208330096948539
25566,GOF,0.02134389945716845,0.773570981884964,0.20508511865786763
25567,LOF,0.017915086040689036,0.1985361877314253,0.7835487262278856
25568,LOF,0.05945134826463133,0.08541392928572777,0.8551347224496408
25569,LOF,0.05851652583492814,0.08574199410842094,0.855741480056651
25570,LOF,0.026789158872033772,0.11999580397146337,0.8532150371565028
25571,LOF,0.027396139212022066,0.11666897620240535,0.8559348845855727
25572,LOF,0.032039728683923754,0.15134381061055868,0.8166164607055176
25573,LOF,0.028600983992408596,0.12009748645065409,0.8513015295569373
25574,LOF,0.018376227084248613,0.18139224882555363,0.8002315240901978
25575,LOF,0.021866669637511823,0.12994601042194817,0.8481873199405401
25576,LOF,0.011331910624222577,0.1747468925805062,0.8139211967952711
25577,LOF,0.009519072304663624,0.14368470245418302,0.8467962252411534
25578,LOF,0.28247396089803867,0.10300167552658394,0.6145243635753774
25579,LOF,0.11930890348257135,0.10986846444285721,0.7708226320745716
25580,LOF,0.016711259528595018,0.09427081161843226,0.8890179288529728
25581,LOF,0.043645570346704896,0.08508936096186386,0.8712650686914313
25582,LOF,0.043723391326229336,0.08339629407823684,0.8728803145955338
25583,LOF,0.018332212902627695,0.10525163351395868,0.8764161535834136
25584,Neutral,0.5498862313773736,0.10552016763034036,0.3445936009922861
25585,LOF,0.012303167461909676,0.17339405092358925,0.8143027816145011
25586,LOF,0.015912386466582978,0.09115034886527437,0.8929372646681427
25587,LOF,0.015116100956761934,0.08213496157768647,0.9027489374655515
25588,LOF,0.015580680077960292,0.09739323206014786,0.887026087861892
25589,Neutral,0.6273587549985098,0.14380220482262066,0.22883904017886966
25590,LOF,0.017256096634482923,0.14592705750568025,0.8368168458598368
25591,LOF,0.07408660987478567,0.06979831653312728,0.8561150735920869
25592,LOF,0.04472656454540669,0.15529017991801267,0.7999832555365806
25593,LOF,0.02079950501341498,0.2564832703959043,0.7227172245906807
25594,LOF,0.03787962229155713,0.09312408523789883,0.8689962924705441
25595,LOF,0.03781994500814649,0.06833517988413296,0.8938448751077206
25596,LOF,0.04694235841725617,0.06388970002052702,0.8891679415622168
25597,LOF,0.034063004269842455,0.06846976773904992,0.8974672279911076
25598,LOF,0.03639196560926864,0.07886209772433558,0.8847459366663959
25599,GOF,0.008352768287645841,0.592313824446461,0.39933340726589334
25600,GOF,0.028609620195136774,0.6469618366487854,0.32442854315607783
25601,LOF,0.011685378906702848,0.412128091924561,0.576186529168736
25602,LOF,0.01217888850608589,0.051203042696430695,0.9366180687974835
25603,LOF,0.05235638247405444,0.02039369614596997,0.9272499213799756
25604,LOF,0.01608105284665235,0.07160015147298046,0.9123187956803672
25605,LOF,0.007371828497113167,0.21611736043276134,0.7765108110701255
25606,LOF,0.08816394684605712,0.358880950008025,0.5529551031459179
25607,LOF,0.005129135160916618,0.2361916287116379,0.7586792361274454
25608,LOF,0.011655904809238346,0.11260779974405201,0.8757362954467097
25609,LOF,0.07293363953666306,0.40130405836814775,0.5257623020951893
25610,LOF,0.018987759502356254,0.027719946118949366,0.9532922943786943
25611,LOF,0.01893762115523475,0.02901804449578663,0.9520443343489786
25612,LOF,0.05840521642945646,0.0373876246517571,0.9042071589187866
25613,LOF,0.05417929835574888,0.03808434182741605,0.9077363598168351
25614,LOF,0.02553213839194015,0.03075864977720249,0.9437092118308574
25615,LOF,0.016402897446081192,0.03881266209826106,0.9447844404556577
25616,LOF,0.05150733877388767,0.03190222436117287,0.9165904368649396
25617,LOF,0.049212073715682605,0.0361247330802164,0.914663193204101
25618,LOF,0.059897777064562785,0.03748138393343783,0.9026208390019994
25619,LOF,0.018939368433021016,0.033219866337069436,0.9478407652299096
25620,LOF,0.06533996312702857,0.04012394137967296,0.8945360954932985
25621,LOF,0.017235057160696253,0.04026073790522798,0.9425042049340758
25622,LOF,0.021938645102049778,0.04208856141244658,0.9359727934855037
25623,LOF,0.034457448722659836,0.03495924634901436,0.9305833049283259
25624,LOF,0.022464497666682536,0.039218110572517166,0.9383173917608003
25625,LOF,0.022719162535970124,0.052577145189652376,0.9247036922743774
25626,LOF,0.05204868354245543,0.039212286219076076,0.9087390302384685
25627,Neutral,0.5883838106858175,0.09970002675756255,0.3119161625566199
25628,LOF,0.1944251329832337,0.05246402038370237,0.7531108466330639
25629,LOF,0.04109902683575521,0.057854947348707594,0.9010460258155372
25630,LOF,0.15217115029676223,0.08586514708142769,0.7619637026218101
25631,Neutral,0.5907191393622861,0.05949660263807951,0.3497842579996344
25632,LOF,0.007451114106022591,0.07732976152220286,0.9152191243717746
25633,LOF,0.20712410453841346,0.049953099436515325,0.7429227960250713
25634,LOF,0.029082688901106036,0.09684884038489468,0.8740684707139993
25635,LOF,0.03630330517454165,0.05437116367014465,0.9093255311553138
25636,GOF,0.005165800030239195,0.5988276443323675,0.39600655563739334
25637,GOF,0.0076406222387483775,0.6443540165118395,0.348005361249412
25638,LOF,0.010380167731801828,0.32822545164878747,0.6613943806194108
25639,LOF,0.004946199489055774,0.4863956643902205,0.5086581361207237
25640,Neutral,0.48774331565719053,0.41788332811790146,0.09437335622490807
25641,LOF,0.013203998309446451,0.32507595360351793,0.6617200480870356
25642,LOF,0.27105957623568727,0.06581800803773505,0.6631224157265777
25643,LOF,0.13499858601195922,0.1788151920846725,0.6861862219033683
25644,LOF,0.008933213149865914,0.4565766872945154,0.5344900995556187
25645,LOF,0.007901353171289567,0.429688963100318,0.5624096837283924
25646,LOF,0.013291977794920426,0.31731426993658013,0.6693937522684994
25647,LOF,0.009809609619252773,0.2652943025198397,0.7248960878609076
25648,LOF,0.009500112723397363,0.26540156386264996,0.7250983234139526
25649,LOF,0.007637113574369681,0.19703471002157208,0.7953281764040583
25650,LOF,0.014453665291483028,0.41099703121432274,0.5745493034941943
25651,LOF,0.005732361153842862,0.2843672902668135,0.7099003485793436
25652,LOF,0.00907346861225034,0.24814851810278188,0.7427780132849677
25653,LOF,0.026146453935393475,0.39289251990474783,0.5809610261598587
25654,LOF,0.010272410444271232,0.15330026197475585,0.8364273275809729
25655,LOF,0.04790552875660739,0.42134475606548505,0.5307497151779075
25656,LOF,0.18087787845211387,0.04208067177673844,0.7770414497711476
25657,LOF,0.26462863738470305,0.025803349880698496,0.7095680127345985
25658,LOF,0.08553899817158031,0.06904842707110939,0.8454125747573104
25659,LOF,0.40539384851993904,0.06214362798435064,0.5324625234957102
25660,LOF,0.030041574128349718,0.09600753672071884,0.8739508891509313
25661,LOF,0.08939843525247103,0.06497959164847962,0.8456219730990493
25662,LOF,0.030035521520641466,0.04387972839507323,0.9260847500842854
25663,LOF,0.038264887465093086,0.06529988739051683,0.89643522514439
25664,LOF,0.04050022155304422,0.0813697189523598,0.878130059494596
25665,LOF,0.050309584372967474,0.034844425709177555,0.914845989917855
25666,LOF,0.033329495367901495,0.10513003025305954,0.8615404743790389
25667,LOF,0.06206660001705959,0.04694858831062324,0.8909848116723171
25668,LOF,0.03269328779981926,0.05141359047603646,0.9158931217241444
25669,LOF,0.030464710545036012,0.07530825880218882,0.8942270306527752
25670,LOF,0.05613532669356021,0.06941726820702113,0.8744474050994187
25671,LOF,0.09060222403423598,0.04172354479747006,0.8676742311682939
25672,LOF,0.05617685400257294,0.04356609993723165,0.9002570460601954
25673,LOF,0.02529135181663454,0.060898285305267495,0.9138103628780979
25674,LOF,0.021433100726890513,0.07039162767822083,0.9081752715948886
25675,LOF,0.03304484973186728,0.06451805299153816,0.9024370972765946
25676,LOF,0.01937366704180387,0.05935149994702044,0.9212748330111756
25677,LOF,0.029066803763453757,0.0683396360076903,0.902593560228856
25678,LOF,0.19458128848117698,0.06238611686191794,0.7430325946569051
25679,LOF,0.1618121320084932,0.08513271808521261,0.7530551499062942
25680,LOF,0.042307570211684783,0.10601443914653962,0.8516779906417757
25681,LOF,0.06801442002971768,0.1004562893349312,0.831529290635351
25682,LOF,0.13132855902788584,0.07512557958601654,0.7935458613860976
25683,LOF,0.07753039151732116,0.11899629552454369,0.8034733129581351
25684,LOF,0.04407686260474024,0.07466652801381322,0.8812566093814465
25685,LOF,0.07407479071783954,0.055255212241691616,0.8706699970404688
25686,LOF,0.02883142069717899,0.07940590946191299,0.8917626698409081
25687,LOF,0.051470751779656876,0.0678471365363598,0.8806821116839832
25688,LOF,0.045706158390144996,0.04927182121664398,0.9050220203932109
25689,LOF,0.026017488687848877,0.058492975069427355,0.9154895362427238
25690,LOF,0.03521345650168664,0.05269722751557915,0.9120893159827342
25691,LOF,0.22633835416083567,0.0686322631237338,0.7050293827154305
25692,LOF,0.2627058080159626,0.0065083981256076825,0.7307857938584297
25693,LOF,0.09583144363449135,0.25367848753476263,0.6504900688307459
25694,LOF,0.24636492161511392,0.014999277099517424,0.7386358012853688
25695,LOF,0.14997767498700276,0.02349705664215584,0.8265252683708414
25696,LOF,0.13249116057267474,0.011742030530036756,0.8557668088972884
25697,LOF,0.09246036924111048,0.02522195385706927,0.8823176769018202
25698,LOF,0.05523841429940669,0.4466708003591519,0.49809078534144147
25699,LOF,0.06690831363961255,0.09293103517912267,0.8401606511812648
25700,LOF,0.05549396753049485,0.009618232217217127,0.934887800252288
25701,LOF,0.015764499021579264,0.07203781472818661,0.9121976862502341
25702,GOF,0.03911369490540633,0.6945647364730682,0.2663215686215255
25703,LOF,0.008357335232429992,0.15541318607768873,0.8362294786898813
25704,LOF,0.06134919829127574,0.13225748438463594,0.8063933173240883
25705,LOF,0.06476789456802165,0.2541633198763712,0.6810687855556071
25706,GOF,0.025017386824862934,0.506684013704484,0.468298599470653
25707,LOF,0.018361775426376084,0.4667766795517744,0.5148615450218494
25708,LOF,0.008093554344498832,0.4372605255940963,0.5546459200614049
25709,LOF,0.05614305231019422,0.06474111831764286,0.8791158293721629
25710,LOF,0.0052534204209651585,0.17356222851397193,0.821184351065063
25711,LOF,0.017936494177153605,0.13890500310396725,0.8431585027188793
25712,LOF,0.006555860498292536,0.21102447361112014,0.7824196658905873
25713,LOF,0.018609939794122343,0.12163544100389088,0.8597546192019868
25714,LOF,0.05824718868407379,0.15046616440330907,0.7912866469126171
25715,LOF,0.011970284812355481,0.16503245153493315,0.8229972636527113
25716,LOF,0.005807345322321744,0.1308065615903468,0.8633860930873315
25717,LOF,0.005501161202699004,0.10846348452722086,0.8860353542700801
25718,LOF,0.012438736837592598,0.11088028730341687,0.8766809758589906
25719,LOF,0.020273535825100577,0.12186308694291327,0.8578633772319861
25720,LOF,0.021074321845426732,0.101900343459811,0.8770253346947622
25721,LOF,0.016622112550512512,0.12630379021668112,0.8570740972328064
25722,LOF,0.014530569178781923,0.15596195192827936,0.8295074788929387
25723,LOF,0.02045676710184563,0.08781825312870263,0.8917249797694518
25724,LOF,0.017874507564346224,0.12920975433488616,0.8529157381007676
25725,LOF,0.012433758900755614,0.09474339322050454,0.8928228478787398
25726,LOF,0.014669527883690945,0.1422520124728162,0.8430784596434928
25727,LOF,0.013544949931068065,0.10025531419096707,0.886199735877965
25728,LOF,0.011023346204985868,0.142030391914639,0.8469462618803751
25729,LOF,0.01160568779001783,0.14757413771243472,0.8408201744975474
25730,LOF,0.016040423280274194,0.11431765278009248,0.8696419239396334
25731,LOF,0.007417230831140976,0.14940412708975231,0.8431786420791068
25732,LOF,0.015627546409908297,0.10454504640671834,0.8798274071833735
25733,LOF,0.015913393756218096,0.10251321464268026,0.8815733916011016
25734,LOF,0.0055225255126741,0.14319814633060293,0.851279328156723
25735,LOF,0.014995208274019648,0.09131445457767537,0.893690337148305
25736,LOF,0.014502832644356041,0.14199449350607807,0.8435026738495659
25737,LOF,0.021560070303203137,0.10201225117363118,0.8764276785231656
25738,LOF,0.013913487183199808,0.16412861357191194,0.8219578992448883
25739,LOF,0.020856481400171777,0.1309338243833326,0.8482096942164956
25740,LOF,0.03152134985377627,0.14640144187226056,0.8220772082739631
25741,LOF,0.01645154352579272,0.12302230381321264,0.8605261526609946
25742,LOF,0.09031970800902946,0.12839173021115763,0.7812885617798129
25743,LOF,0.014762087305032203,0.02864015816569943,0.9565977545292683
25744,LOF,0.22661417191621258,0.28657800126841304,0.48680782681537427
25745,LOF,0.02869143823736896,0.04018604081488301,0.9311225209477482
25746,LOF,0.016923449388350442,0.049875001612782896,0.9332015489988668
25747,LOF,0.026796359437762082,0.026025756408512134,0.9471778841537258
25748,LOF,0.11600129527111448,0.04382684323041511,0.8401718614984705
25749,LOF,0.014973864140707307,0.03732747529850661,0.947698660560786
25750,LOF,0.035718296070923736,0.054921973758630976,0.9093597301704454
25751,LOF,0.1063884889167959,0.047365461459168534,0.8462460496240356
25752,GOF,0.10670014935460619,0.6142904197681622,0.27900943087723146
25753,LOF,0.007313315548343,0.32942825762638084,0.6632584268252762
25754,GOF,0.004749138623457749,0.7924431595467225,0.2028077018298197
25755,LOF,0.008498180563064745,0.4093846806963518,0.5821171387405834
25756,LOF,0.04010581385611272,0.43579677000929823,0.5240974161345889
25757,GOF,0.005509234616322637,0.8682337162619042,0.12625704912177335
25758,GOF,0.0074507920110247145,0.8650776292580198,0.12747157873095544
25759,GOF,0.004481869880234675,0.561999486529276,0.4335186435904893
25760,LOF,0.00479582299350842,0.29415823267141084,0.7010459443350807
25761,GOF,0.04573278738747573,0.8187675426234812,0.13549966998904317
25762,LOF,0.030347612505451323,0.3300151515605908,0.6396372359339578
25763,LOF,0.006054903092631313,0.23360051773082374,0.760344579176545
25764,GOF,0.1663968178043789,0.5124487330679557,0.3211544491276653
25765,GOF,0.011497795604089759,0.7805310388936251,0.2079711655022851
25766,GOF,0.01865805240579537,0.8291402065895478,0.15220174100465692
25767,LOF,0.01858597857269137,0.47803108824675933,0.5033829331805493
25768,LOF,0.07022050999554931,0.07435009310234636,0.8554293969021043
25769,LOF,0.0813430194080695,0.057689028412061985,0.8609679521798685
25770,LOF,0.31610823154185236,0.06670902608371264,0.6171827423744349
25771,LOF,0.013994152265450336,0.05578078252613488,0.9302250652084149
25772,LOF,0.020656834255216736,0.028550576819361052,0.9507925889254223
25773,LOF,0.010848433777401306,0.12354353325885754,0.8656080329637411
25774,LOF,0.02529482102935105,0.06261140958566017,0.9120937693849887
25775,LOF,0.015201746502233554,0.04679589380069908,0.9380023596970674
25776,LOF,0.08359649068489929,0.02287275947448912,0.8935307498406115
25777,LOF,0.2958209724232606,0.04362305880931945,0.6605559687674198
25778,LOF,0.06915415021693025,0.043473533176356355,0.8873723166067133
25779,GOF,0.06109205253836674,0.8733544816227644,0.065553465838869
25780,GOF,0.058930010427123126,0.8551789211202958,0.08589106845258106
25781,GOF,0.024047437042239685,0.8531481968319001,0.12280436612586022
25782,GOF,0.030480149898323258,0.8799707752068705,0.08954907489480632
25783,GOF,0.012064888027558571,0.6836903675453817,0.30424474442705973
25784,GOF,0.11085808800664304,0.839140044584874,0.050001867408482926
25785,GOF,0.0739565999469215,0.8726575937618462,0.05338580629123239
25786,GOF,0.00573418748524184,0.8144854261318021,0.1797803863829562
25787,GOF,0.18719868767222964,0.7704397500247765,0.042361562302993844
25788,LOF,0.04634595546392172,0.1294180941223617,0.8242359504137167
25789,GOF,0.03415485161039329,0.8052266635390412,0.16061848485056548
25790,GOF,0.03802737533766765,0.8470378187244252,0.11493480593790714
25791,GOF,0.02733526148620105,0.7799955566732535,0.19266918184054543
25792,GOF,0.04456326309637797,0.7887885166963052,0.16664822020731682
25793,GOF,0.07581709239722136,0.7291949561705064,0.1949879514322721
25794,GOF,0.11007771793076174,0.6911872565467619,0.19873502552247635
25795,GOF,0.02635773492047562,0.7745454572627637,0.19909680781676073
25796,GOF,0.1256115486073799,0.7717018954544137,0.10268655593820639
25797,GOF,0.035554096342429856,0.602412314569049,0.3620335890885211
25798,GOF,0.0031298909327211392,0.5527993974197417,0.4440707116475371
25799,LOF,0.0030433874708594563,0.4286233060503063,0.5683333064788342
25800,GOF,0.010605013404768769,0.6246902223191112,0.36470476427612
25801,GOF,0.02791724095944446,0.8207602540936286,0.151322504946927
25802,GOF,0.018083934020178,0.7199084537617287,0.2620076122180935
25803,GOF,0.009491606496120953,0.6040262742181964,0.3864821192856825
25804,LOF,0.012342476341017249,0.4913080985872896,0.49634942507169305
25805,GOF,0.019377065625727406,0.618414452459034,0.3622084819152386
25806,GOF,0.017538546288376478,0.6359596324818034,0.34650182122982015
25807,GOF,0.005684649394597949,0.6424658538666445,0.35184949673875765
25808,GOF,0.01428194759131863,0.6471037953877519,0.3386142570209295
25809,GOF,0.006171070385901877,0.6308615165532053,0.3629674130608928
25810,GOF,0.005299094568067497,0.6378906764389592,0.35681022899297327
25811,GOF,0.10159195634183997,0.7950823727920682,0.10332567086609196
25812,GOF,0.012951463070392707,0.6395126462098341,0.3475358907197732
25813,GOF,0.10545024207140226,0.7407002402074219,0.1538495177211759
25814,GOF,0.027337025194489828,0.7020487948813008,0.2706141799242094
25815,GOF,0.043482499110209176,0.7179119362313705,0.2386055646584203
25816,GOF,0.007899729503421382,0.7686934399066842,0.22340683058989455
25817,GOF,0.0791459333216053,0.7505832340281654,0.17027083265022933
25818,GOF,0.017060287778602457,0.7197321984496274,0.26320751377177015
25819,GOF,0.07431154813540056,0.7387459782463965,0.18694247361820296
25820,GOF,0.030629988597828808,0.7241039240366695,0.2452660873655019
25821,GOF,0.015825267692411035,0.7121338377671692,0.27204089454041963
25822,GOF,0.03565222532593858,0.7069771815795016,0.2573705930945598
25823,GOF,0.01145572111969863,0.5683507378097521,0.42019354107054935
25824,GOF,0.02177907891064873,0.6806694070016299,0.29755151408772146
25825,GOF,0.012250947676145112,0.6544698293158112,0.3332792230080437
25826,GOF,0.004890131426389299,0.6348752456777355,0.3602346228958752
25827,GOF,0.007681350754939882,0.6117832396062093,0.3805354096388509
25828,GOF,0.00506532526897546,0.5500286922918477,0.44490598243917684
25829,GOF,0.0028028405171073253,0.6008943015092627,0.3963028579736301
25830,LOF,0.03714859330133553,0.37179634009462875,0.5910550666040357
25831,GOF,0.031582157674652875,0.831885705769193,0.13653213655615418
25832,GOF,0.0073348642673215,0.7758948281071356,0.21677030762554284
25833,GOF,0.024808426901220093,0.8131866790789374,0.1620048940198426
25834,GOF,0.007725915261548462,0.7868090649045243,0.20546501983392707
25835,GOF,0.015596127513383242,0.8254658580651204,0.1589380144214963
25836,GOF,0.006419664979723647,0.7727653590920605,0.22081497592821578
25837,GOF,0.006191229347347854,0.6726646148062864,0.3211441558463658
25838,GOF,0.018564696194629023,0.8385934831445803,0.14284182066079068
25839,GOF,0.044738899531130125,0.800649255954258,0.1546118445146119
25840,GOF,0.035305980818737384,0.8280771080983151,0.1366169110829474
25841,GOF,0.035162944314017286,0.8369710212346042,0.12786603445137867
25842,GOF,0.02196138171534397,0.8655498011059178,0.11248881717873814
25843,GOF,0.022876426332016874,0.8846088237079046,0.09251474996007865
25844,GOF,0.01601835692164123,0.8012644957102756,0.18271714736808325
25845,GOF,0.004803104396199476,0.5819622451944442,0.4132346504093564
25846,GOF,0.02653011850562328,0.8467414117871704,0.12672846970720636
25847,GOF,0.017092401082083288,0.8806567626652875,0.10225083625262935
25848,GOF,0.011620590720487491,0.7781966120179294,0.21018279726158293
25849,GOF,0.004158277129880915,0.6682011991169918,0.32764052375312724
25850,GOF,0.006880925599030952,0.6956663855188039,0.2974526888821652
25851,GOF,0.005893668560545178,0.5779354288778956,0.41617090256155925
25852,GOF,0.15967249338011982,0.5105262050695765,0.3298013015503037
25853,GOF,0.06805698207470506,0.836952240909388,0.0949907770159069
25854,GOF,0.008796776389767922,0.6736025870788981,0.3176006365313341
25855,GOF,0.013456771551428336,0.598521471770893,0.38802175667767863
25856,GOF,0.038840962208639786,0.7201576527819313,0.24100138500942883
25857,GOF,0.013938906796210999,0.5632143331628522,0.4228467600409369
25858,GOF,0.007533157160930324,0.56247808026211,0.42998876257695967
25859,GOF,0.005105392139474284,0.5386610563662321,0.4562335514942935
25860,GOF,0.06965019723530898,0.7799979501276211,0.15035185263707002
25861,GOF,0.1165929109840332,0.7836859777470284,0.09972111126893836
25862,GOF,0.017145444069588105,0.8396415410507847,0.14321301487962712
25863,GOF,0.016832762501820007,0.8541692377712385,0.12899799972694154
25864,GOF,0.03769126257146558,0.8736450187534422,0.08866371867509211
25865,GOF,0.02902846145769074,0.8365750104041287,0.13439652813818054
25866,GOF,0.02288009796967102,0.837393780354501,0.13972612167582796
25867,GOF,0.023769073715751245,0.8636913129277846,0.1125396133564643
25868,GOF,0.049896371138554635,0.7944792605896578,0.15562436827178755
25869,GOF,0.2997602332909682,0.597191463848525,0.10304830286050691
25870,GOF,0.16485542892628077,0.5460611102730731,0.2890834608006461
25871,GOF,0.028447726698529727,0.846482977878074,0.12506929542339626
25872,GOF,0.015218725818275533,0.7674062420338621,0.21737503214786236
25873,GOF,0.016924683818880782,0.8383341294427851,0.14474118673833408
25874,LOF,0.016916443971126807,0.1423626121463249,0.8407209438825483
25875,LOF,0.0275792022012617,0.031166018091323886,0.9412547797074146
25876,LOF,0.015380379529150813,0.032832792714876775,0.9517868277559725
25877,LOF,0.12438525379087446,0.059672790469897624,0.815941955739228
25878,LOF,0.05540305972428842,0.08259453288863154,0.8620024073870801
25879,LOF,0.0242806463697661,0.06087658507973499,0.914842768550499
25880,LOF,0.04491983685004716,0.01099011380834834,0.9440900493416045
25881,Neutral,0.5673648981734895,0.040330763127319605,0.3923043386991908
25882,LOF,0.023608365748337006,0.027641394339162673,0.9487502399125003
25883,LOF,0.07702536768494192,0.021738917089033145,0.901235715226025
25884,LOF,0.011943148026848349,0.03808039595223883,0.9499764560209129
25885,LOF,0.18826909677122158,0.006576534752723749,0.8051543684760546
25886,LOF,0.3319701632949169,0.04168795255301853,0.6263418841520646
25887,LOF,0.17077582413575668,0.05096401934295709,0.7782601565212862
25888,LOF,0.012720836801881259,0.10007972971079974,0.887199433487319
25889,LOF,0.014471910535578059,0.030843476789348952,0.954684612675073
25890,LOF,0.11571810495669646,0.08303416912069125,0.8012477259226123
25891,LOF,0.045100412405719555,0.040417876905918367,0.914481710688362
25892,LOF,0.011132451956013867,0.05275871073645619,0.93610883730753
25893,LOF,0.38128535778285366,0.01601618107693401,0.6026984611402123
25894,LOF,0.4208461839628783,0.008177488220472711,0.5709763278166491
25895,LOF,0.36808687242699656,0.016650731017154047,0.6152623965558494
25896,LOF,0.04482947762571982,0.02917522408360959,0.9259952982906705
25897,LOF,0.20883262323208363,0.015099074875816628,0.7760683018920999
25898,LOF,0.22130101388506146,0.04245259138596853,0.73624639472897
25899,LOF,0.1976289629986162,0.03039941090587503,0.7719716260955087
25900,LOF,0.4684215611030414,0.011931856528542223,0.5196465823684163
25901,LOF,0.047111711273709576,0.012907997476579473,0.9399802912497109
25902,LOF,0.10230716031013516,0.020631744273079594,0.8770610954167853
25903,LOF,0.38401385998017545,0.03862396697813293,0.5773621730416915
25904,LOF,0.33177580841465437,0.04514154309317545,0.6230826484921702
25905,LOF,0.00603786987439086,0.4381224511111763,0.5558396790144329
25906,LOF,0.008612696046292724,0.1259854405966719,0.8654018633570354
25907,LOF,0.00384846984085735,0.37961986385680774,0.6165316663023348
25908,LOF,0.00362744994981174,0.28381011379141313,0.7125624362587751
25909,LOF,0.012829735099101248,0.1638862625501202,0.8232840023507786
25910,LOF,0.015984043429247915,0.13622382366227662,0.8477921329084754
25911,LOF,0.16463290808057898,0.030734106864154013,0.804632985055267
25912,LOF,0.07135044271163164,0.04658438069406537,0.8820651765943031
25913,LOF,0.0798367679451177,0.05438892611113597,0.8657743059437464
25914,LOF,0.022853927846852386,0.05848678618488298,0.9186592859682647
25915,LOF,0.14231756921877778,0.310569800892226,0.5471126298889962
25916,LOF,0.021462282969330615,0.19370104112241895,0.7848366759082505
25917,LOF,0.05407194232647569,0.04159025876262399,0.9043377989109003
25918,LOF,0.028592176161791463,0.03469981902892279,0.9367080048092858
25919,LOF,0.02347759874660652,0.03448197246357042,0.942040428789823
25920,LOF,0.10518328713083952,0.20991785645877564,0.6848988564103848
25921,LOF,0.00996520597110684,0.032070066174143444,0.9579647278547497
25922,LOF,0.012815335275325348,0.027188842741872755,0.9599958219828018
25923,LOF,0.4729822000140137,0.03549262186541075,0.4915251781205755
25924,LOF,0.017085083199880856,0.04372179910885415,0.939193117691265
25925,LOF,0.07608881907351747,0.04064341031573435,0.8832677706107482
25926,LOF,0.055105716246091806,0.036914922686552644,0.9079793610673557
25927,LOF,0.02060674038143302,0.05827368804316474,0.9211195715754021
25928,LOF,0.007878202130653801,0.04803911534954856,0.9440826825197977
25929,Neutral,0.6029719466723642,0.03834237875896658,0.3586856745686693
25930,LOF,0.06842976194271758,0.03154766083610103,0.9000225772211813
25931,LOF,0.009884973120232335,0.034112605641415016,0.9560024212383527
25932,LOF,0.03326672897532156,0.028990652181091116,0.9377426188435872
25933,LOF,0.04047964697918285,0.018816657113775108,0.9407036959070421
25934,LOF,0.0292054953017723,0.019525042652665858,0.9512694620455618
25935,LOF,0.07191193445150663,0.044064334595875,0.8840237309526183
25936,LOF,0.046139824351890166,0.02278126560090646,0.9310789100472034
25937,LOF,0.010371254025443732,0.034325038957578866,0.9553037070169774
25938,LOF,0.07036700070692029,0.05136504409675051,0.8782679551963293
25939,LOF,0.03868839406886786,0.022304581411183307,0.9390070245199489
25940,LOF,0.008478714312878381,0.3292234989745108,0.6622977867126109
25941,Neutral,0.5214480934915665,0.026751991694649334,0.4517999148137842
25942,LOF,0.004661587504280978,0.04106735177063262,0.9542710607250864
25943,LOF,0.03471633867093132,0.13794445675951492,0.8273392045695538
25944,LOF,0.10855234949488772,0.07626353983680502,0.8151841106683073
25945,LOF,0.05580045457132514,0.017805386624657485,0.9263941588040174
25946,LOF,0.06998331120270916,0.05502762027918082,0.8749890685181101
25947,LOF,0.45451871984051934,0.07421373205190154,0.47126754810757915
25948,LOF,0.33808913264388957,0.008872542306885048,0.6530383250492254
25949,LOF,0.09997878643480454,0.04982868706456941,0.850192526500626
25950,GOF,0.03959496812884371,0.5460436687842783,0.41436136308687804
25951,LOF,0.016800682253058537,0.40784634772244754,0.575352970024494
25952,LOF,0.27080906285276224,0.2717437040415279,0.45744723310570984
25953,LOF,0.012909941714377997,0.16732648826341373,0.8197635700222083
25954,LOF,0.052368775335498156,0.4307607311806676,0.5168704934838342
25955,LOF,0.010298883978539843,0.16483265913479941,0.8248684568866608
25956,LOF,0.029266847839550268,0.2683272122548306,0.7024059399056191
25957,LOF,0.15989772835337712,0.031128433255038696,0.8089738383915842
25958,LOF,0.048468213293043357,0.029403687615522443,0.9221280990914341
25959,LOF,0.012510341623136701,0.4775031659528067,0.5099864924240566
25960,LOF,0.005732258028104351,0.06016593063490098,0.9341018113369948
25961,LOF,0.0398346214860712,0.02701772907351886,0.9331476494404101
25962,LOF,0.034984259342240163,0.08667237671204199,0.8783433639457178
25963,LOF,0.005508860706721596,0.2667365412898355,0.7277545980034429
25964,LOF,0.03466201270515357,0.0974353231741423,0.8679026641207042
25965,LOF,0.32296820753371264,0.13486466835185876,0.5421671241144286
25966,Neutral,0.4870713643988492,0.13495668124823484,0.377971954352916
25967,LOF,0.006618704903149169,0.07470549287581327,0.9186758022210375
25968,LOF,0.05380651826508622,0.26117321356685685,0.6850202681680568
25969,LOF,0.13274530284538916,0.07392291941590977,0.7933317777387011
25970,LOF,0.018389202754483643,0.09217759723101467,0.8894332000145018
25971,LOF,0.06784229138807307,0.026765107625382905,0.9053926009865441
25972,LOF,0.06290586993756915,0.035548298580401004,0.9015458314820299
25973,LOF,0.054429578145264244,0.012530047689291775,0.933040374165444
25974,LOF,0.03337408387107316,0.04002402133474168,0.9266018947941852
25975,LOF,0.042352562485400064,0.027829315665109357,0.9298181218494906
25976,LOF,0.10202661075050128,0.013863795016323888,0.8841095942331749
25977,LOF,0.1898973826923889,0.05341271068716974,0.7566899066204412
25978,LOF,0.13962535632855513,0.13326124914430637,0.7271133945271384
25979,LOF,0.12122421570999287,0.13387966761124473,0.7448961166787624
25980,LOF,0.2332751266743537,0.1644720630198916,0.6022528103057547
25981,LOF,0.2590464616659545,0.16127502688408685,0.5796785114499586
25982,LOF,0.40014941904089685,0.1095927861073594,0.49025779485174376
25983,LOF,0.3797104320526371,0.12501958417001016,0.4952699837773529
25984,LOF,0.04252662964911789,0.058024244499995624,0.8994491258508865
25985,LOF,0.43355609699639364,0.10398464708613629,0.4624592559174701
25986,LOF,0.011144217099369916,0.38012449783002333,0.6087312850706067
25987,LOF,0.03432357924526083,0.08728436457206121,0.8783920561826779
25988,LOF,0.1667038364111647,0.08699756668507266,0.7462985969037627
25989,LOF,0.039398897703658356,0.13291903937349,0.8276820629228516
25990,LOF,0.04189745700166242,0.20481979875743808,0.7532827442408995
25991,LOF,0.019943147659102822,0.3638670426431157,0.6161898096977815
25992,LOF,0.02223275309661548,0.36543064806296643,0.612336598840418
25993,LOF,0.022709439316060988,0.09130426336378906,0.88598629732015
25994,LOF,0.016106087093149687,0.08505203973892164,0.8988418731679287
25995,LOF,0.019635204456592843,0.18381103318024739,0.7965537623631598
25996,LOF,0.31799523887942566,0.31006057114110275,0.37194418997947154
25997,LOF,0.07729257398641746,0.34761998948057266,0.5750874365330099
25998,LOF,0.28401414660676744,0.05120299422897829,0.6647828591642543
25999,LOF,0.016804789894971427,0.24907278575196526,0.7341224243530633
26000,LOF,0.15092494833453168,0.03272461900392251,0.8163504326615457
26001,LOF,0.3205859675555788,0.026221950786071303,0.6531920816583501
26002,LOF,0.06848229151589955,0.05525417891716765,0.8762635295669329
26003,GOF,0.0037663555256791195,0.6186201140999937,0.3776135303743273
26004,GOF,0.006121280904196226,0.7291586305632205,0.26472008853258333
26005,GOF,0.0028634260893260354,0.5154903504518575,0.48164622345881647
26006,GOF,0.07431456148084677,0.5964130362295813,0.32927240228957183
26007,GOF,0.0064081834261592386,0.5869091483832759,0.40668266819056476
26008,GOF,0.0057402413559881045,0.663432458639599,0.33082730000441285
26009,GOF,0.005934134082369547,0.6748344074330075,0.3192314584846229
26010,GOF,0.006381073585284345,0.6992129315370144,0.2944059948777013
26011,LOF,0.002703491263467962,0.48756271235163545,0.5097337963848966
26012,GOF,0.003772865879913153,0.5831824650272924,0.4130446690927944
26013,GOF,0.005171895708497552,0.6447767809993992,0.35005132329210326
26014,LOF,0.04531072336646634,0.10636949532941371,0.8483197813041199
26015,LOF,0.1349447508434549,0.019370131953451754,0.8456851172030935
26016,LOF,0.2761292718897679,0.03581636942450331,0.6880543586857288
26017,LOF,0.023905523476711307,0.1866649855146917,0.7894294910085969
26018,LOF,0.06285423689768438,0.03700741886537124,0.9001383442369443
26019,LOF,0.06034197936958281,0.02988305800826378,0.9097749626221534
26020,LOF,0.007825907345960354,0.1931714547715382,0.7990026378825015
26021,LOF,0.06385047222585599,0.06466880574961348,0.8714807220245305
26022,LOF,0.02545027642646639,0.022362381510775766,0.9521873420627578
26023,LOF,0.03995075420856168,0.022103615780152307,0.9379456300112861
26024,LOF,0.04094449266587313,0.06816396317476049,0.8908915441593663
26025,LOF,0.05590462020777805,0.07099594712871006,0.8730994326635119
26026,LOF,0.11250882714200651,0.05141995761384264,0.8360712152441508
26027,LOF,0.05139889604994733,0.01761147959254633,0.9309896243575064
26028,LOF,0.08664598927079402,0.11830753570425635,0.7950464750249496
26029,LOF,0.02681771332201351,0.2030073683028243,0.7701749183751623
26030,LOF,0.1477196456495003,0.031204754130640742,0.8210756002198589
26031,LOF,0.013816141330424058,0.1561410690794858,0.83004278959009
26032,LOF,0.08082161723777649,0.06951799436233486,0.8496603883998887
26033,LOF,0.08402092049807164,0.06685691440371438,0.8491221650982139
26034,LOF,0.015338497579944916,0.18203933525814195,0.8026221671619131
26035,LOF,0.013474211742475255,0.14182919907131833,0.8446965891862065
26036,LOF,0.017467333031683192,0.17896116424312836,0.8035715027251884
26037,LOF,0.011807362007828132,0.1254666292627006,0.8627260087294714
26038,LOF,0.06794871963624778,0.0660625467149429,0.8659887336488094
26039,LOF,0.025042293858192344,0.17081067243888187,0.8041470337029257
26040,LOF,0.11732600337485664,0.146189335593038,0.7364846610321054
26041,LOF,0.014615346669643193,0.11012400622420863,0.8752606471061481
26042,LOF,0.013321113932784836,0.11194963831851452,0.8747292477487008
26043,LOF,0.06703422990495055,0.08596470421645047,0.8470010658785989
26044,LOF,0.012806941919454789,0.07367793668680858,0.9135151213937365
26045,LOF,0.0549288542136348,0.11217264233038736,0.8328985034559779
26046,LOF,0.05951954039649228,0.0687850760981807,0.8716953835053272
26047,LOF,0.10648995485807988,0.07089916265666424,0.8226108824852559
26048,LOF,0.04528715205552097,0.039567097227305816,0.9151457507171733
26049,Neutral,0.96471383338161,0.005861049255504225,0.029425117362885757
26050,Neutral,0.9514749805273787,0.0076607268279435,0.04086429264467771
26051,LOF,0.01536111186099803,0.1845657734387184,0.8000731147002835
26052,LOF,0.025401208779990584,0.2386772760714616,0.7359215151485478
26053,LOF,0.02477797975894679,0.16769508540215863,0.8075269348388946
26054,LOF,0.049120173028472346,0.016199205633819512,0.9346806213377081
26055,LOF,0.06056422647533177,0.014587747148734528,0.9248480263759338
26056,LOF,0.05175023769570495,0.017510517928656974,0.930739244375638
26057,LOF,0.033691212197309306,0.011239569242231476,0.9550692185604592
26058,LOF,0.034516086946264256,0.009687466332531121,0.9557964467212046
26059,LOF,0.2998209855527143,0.01833497708641909,0.6818440373608665
26060,LOF,0.009252167197962223,0.1458475273748942,0.8449003054271436
26061,LOF,0.004950910424101482,0.01402871682388876,0.9810203727520097
26062,LOF,0.003921442868542102,0.019423999506906563,0.9766545576245514
26063,LOF,0.021969470551314218,0.009937915606943492,0.9680926138417424
26064,LOF,0.006944008852385469,0.024451127029049724,0.9686048641185648
26065,LOF,0.02372749276200599,0.011818192983894518,0.9644543142540994
26066,LOF,0.022238883143871492,0.010674863868621638,0.967086252987507
26067,LOF,0.029906900226257756,0.008721083367100806,0.9613720164066414
26068,LOF,0.04299207919742889,0.029108512341276007,0.9278994084612951
26069,LOF,0.27266921819920026,0.01733756081948071,0.709993220981319
26070,LOF,0.4539732782621887,0.012540926051944895,0.5334857956858663
26071,LOF,0.021558747336199717,0.010819834495166441,0.9676214181686339
26072,LOF,0.005373402016590796,0.024249751811672125,0.970376846171737
26073,LOF,0.019310216199431008,0.01408118998028282,0.9666085938202863
26074,Neutral,0.9073524336324361,0.0061281171845596685,0.08651944918300422
26075,LOF,0.04153928655987544,0.014831831893479894,0.9436288815466447
26076,LOF,0.03820428536306005,0.009328579834619682,0.9524671348023201
26077,LOF,0.1071193834866754,0.0091026821562958,0.8837779343570289
26078,LOF,0.005691042661413528,0.015095562535073144,0.9792133948035133
26079,LOF,0.054067958911451636,0.015449598108252766,0.9304824429802957
26080,LOF,0.05201300395629349,0.015489224794454113,0.9324977712492525
26081,LOF,0.029496549527554875,0.007316741471175296,0.9631867090012698
26082,LOF,0.004568747814608627,0.016356578837293034,0.9790746733480984
26083,LOF,0.13519546172276317,0.015374634922939417,0.8494299033542975
26084,LOF,0.0360360376208832,0.013009084879544166,0.9509548774995726
26085,LOF,0.03203028908363477,0.011627906098837187,0.9563418048175281
26086,LOF,0.020465605032329925,0.011511702936340198,0.9680226920313298
26087,LOF,0.02205588661883536,0.009113563626808156,0.9688305497543565
26088,LOF,0.005507084628720094,0.023618429912478672,0.9708744854588013
26089,LOF,0.040198481862267765,0.0209470209774914,0.9388544971602409
26090,LOF,0.039140707070741645,0.016515946881746773,0.9443433460475117
26091,LOF,0.02901982969272898,0.006946064495416032,0.9640341058118549
26092,LOF,0.020798251319011883,0.007873077783458884,0.9713286708975294
26093,LOF,0.040570302268638704,0.005964807760549959,0.9534648899708115
26094,LOF,0.029428229482351076,0.006488751903020473,0.9640830186146283
26095,LOF,0.0156772412292498,0.018814813321093755,0.9655079454496565
26096,LOF,0.15016060016600224,0.006681075800700158,0.8431583240332977
26097,LOF,0.0049070710355008,0.04124245380395739,0.9538504751605418
26098,LOF,0.0712588281271406,0.013365082191502849,0.9153760896813566
26099,LOF,0.020239406696143547,0.013063647527559293,0.9666969457762971
26100,LOF,0.022642134866781644,0.012475585173311318,0.964882279959907
26101,LOF,0.04817618287956661,0.019119361641456566,0.9327044554789767
26102,LOF,0.021502586599312777,0.013659179168964619,0.9648382342317227
26103,Neutral,0.8756032754669297,0.018803964654298087,0.10559275987877226
26104,LOF,0.06632641914444384,0.02132462786985917,0.912348952985697
26105,LOF,0.1968476443845982,0.15317336693812914,0.6499789886772727
26106,LOF,0.3176654708043493,0.11537477826691603,0.5669597509287346
26107,LOF,0.022479409093303773,0.10292429856752869,0.8745962923391675
26108,LOF,0.34291896622330775,0.0399907210426211,0.6170903127340711
26109,LOF,0.0343988017519769,0.07518345359435771,0.8904177446536653
26110,LOF,0.20839370154007308,0.006952313302690854,0.7846539851572361
26111,LOF,0.08020421843086945,0.07536365172069409,0.8444321298484365
26112,LOF,0.037640751669742414,0.007280590758121345,0.9550786575721362
26113,LOF,0.07212050044456637,0.01581267390508937,0.9120668256503442
26114,LOF,0.06938815836854326,0.013804528470576543,0.9168073131608803
26115,LOF,0.01620059783926019,0.07613924301487864,0.9076601591458612
26116,LOF,0.07652107739328046,0.04548838165110205,0.8779905409556175
26117,LOF,0.41720176125218555,0.040198617371440974,0.5425996213763735
26118,LOF,0.03596186823325779,0.020981121431593527,0.9430570103351487
26119,LOF,0.004782789243413766,0.043722781731029836,0.9514944290255564
26120,LOF,0.02538689161676381,0.01906038959053331,0.9555527187927029
