feature0,prediction,LoGoFunc_Neutral,LoGoFunc_GOF,LoGoFunc_LOF
25546,Neutral,0.767720790327571,0.026636827588010097,0.20564238208441885
25547,Neutral,0.6087313488396601,0.07756034147812008,0.3137083096822199
25548,Neutral,0.5879137091093798,0.053386386866948715,0.3586999040236714
25549,Neutral,0.5007330959047355,0.05449749429622004,0.44476940979904456
25550,LOF,0.33566870676762656,0.12557845386829833,0.538752839364075
25551,LOF,0.2785138795925088,0.14166129532431723,0.579824825083174
25552,LOF,0.17880275295010825,0.14352693350504397,0.6776703135448476
25553,Neutral,0.8323610334617643,0.029214712160699468,0.13842425437753636
25554,LOF,0.21903499408849988,0.13524995827932476,0.6457150476321755
25555,LOF,0.16996761926618276,0.10901375259815185,0.7210186281356654
25556,LOF,0.3887506253998248,0.11359248448501388,0.4976568901151613
25557,LOF,0.16629448887899734,0.1223223876301037,0.7113831234908989
25558,LOF,0.21084622226067257,0.13665546596593664,0.6524983117733909
25559,LOF,0.37020873982875485,0.06179971337100657,0.5679915468002387
25560,LOF,0.0563510050122644,0.16775651557274182,0.7758924794149936
25561,LOF,0.1110311480372816,0.2011574659923782,0.6878113859703402
25562,LOF,0.10487973950578,0.09021726994255111,0.8049029905516689
25563,LOF,0.11215336344694551,0.08148156664586244,0.806365069907192
25564,LOF,0.16305161092498796,0.16275746563709942,0.6741909234379125
25565,LOF,0.13631960140277186,0.1758194971292812,0.6878609014679469
25566,GOF,0.01544204879549493,0.7556632897989836,0.22889466140552137
25567,LOF,0.013397102846405625,0.13740156905144915,0.8492013281021452
25568,LOF,0.054804291921470134,0.05811965049664137,0.8870760575818885
25569,LOF,0.06923325050604529,0.063504672277909,0.8672620772160458
25570,LOF,0.06444465801793557,0.0972094833701331,0.8383458586119313
25571,LOF,0.05983859709817649,0.09051537223497524,0.8496460306668483
25572,LOF,0.0678057981990842,0.12716249478505043,0.8050317070158652
25573,LOF,0.029750488212827372,0.09038957369702671,0.879859938090146
25574,LOF,0.018204202118507127,0.153397806940995,0.8283979909404978
25575,LOF,0.04642560020235679,0.10025763593624246,0.8533167638614009
25576,LOF,0.021553507940389155,0.11769811253824469,0.8607483795213662
25577,LOF,0.015520252178031192,0.1349442406102224,0.8495355072117464
25578,LOF,0.2373201897778647,0.0881780529980434,0.6745017572240919
25579,LOF,0.23927201668485215,0.08727574950501178,0.673452233810136
25580,LOF,0.033887685755134664,0.08616688186413991,0.8799454323807253
25581,LOF,0.051640921150755345,0.0670596281646049,0.8812994506846398
25582,LOF,0.05145144951722919,0.06505700730176468,0.8834915431810061
25583,LOF,0.04357931512841197,0.09424440391867801,0.86217628095291
25584,LOF,0.4477838611211258,0.08843995365846503,0.46377618522040925
25585,LOF,0.0352319630468071,0.10404677638798368,0.8607212605652093
25586,LOF,0.03748698496395809,0.0775732103956692,0.8849398046403728
25587,LOF,0.03404929870596667,0.0738969023108312,0.8920537989832021
25588,LOF,0.03538174571201874,0.10313636314522401,0.8614818911427573
25589,Neutral,0.6038456081307214,0.10688383652445992,0.28927055534481866
25590,LOF,0.029154301556996654,0.1361009639504878,0.8347447344925156
25591,LOF,0.12147875620722205,0.05487289533405023,0.8236483484587277
25592,LOF,0.10777052061270305,0.1363204554735852,0.7559090239137117
25593,LOF,0.01741598731166421,0.2547253021216771,0.7278587105666587
25594,LOF,0.03544293274122585,0.2011986099942894,0.7633584572644847
25595,LOF,0.05549991781458694,0.15078318151632766,0.7937169006690855
25596,LOF,0.061210660007887094,0.09171217963177815,0.8470771603603349
25597,LOF,0.06259038568896741,0.06643620737566819,0.8709734069353643
25598,LOF,0.04576730322594157,0.18520249825045262,0.7690301985236058
25599,GOF,0.007492606322326209,0.7886110197415129,0.20389637393616075
25600,GOF,0.009812391236856908,0.5718282840169205,0.41835932474622267
25601,LOF,0.007528814415404845,0.4709285511799359,0.5215426344046592
25602,LOF,0.02045479586006855,0.055447769211928774,0.9240974349280027
25603,LOF,0.034339981823741476,0.04103769297966138,0.9246223251965972
25604,LOF,0.04760506351276245,0.058283570379643136,0.8941113661075945
25605,LOF,0.011283239977079335,0.2514547964322753,0.7372619635906453
25606,LOF,0.06494523574845655,0.4418381289177601,0.49321663533378324
25607,LOF,0.004480610055682649,0.16905544182095084,0.8264639481233664
25608,LOF,0.06658068299956889,0.06013428438185582,0.8732850326185753
25609,LOF,0.06306559556596619,0.4034710653672983,0.5334633390667354
25610,LOF,0.04820681037249983,0.03570571079492612,0.916087478832574
25611,LOF,0.05506741800094675,0.03356848731779396,0.9113640946812593
25612,LOF,0.12570821745217936,0.0537273587218758,0.8205644238259449
25613,LOF,0.10006143497488665,0.05194795603382798,0.8479906089912853
25614,LOF,0.036818203434409,0.044534022889134287,0.9186477736764568
25615,LOF,0.06306088782178611,0.045984865573567076,0.8909542466046467
25616,LOF,0.03749015002974216,0.04355925471532581,0.9189505952549321
25617,LOF,0.035317115474482214,0.05294833299767711,0.9117345515278408
25618,LOF,0.251941888195979,0.039837897253153814,0.7082202145508673
25619,LOF,0.03855397827051389,0.0384957448584036,0.9229502768710826
25620,LOF,0.042748811624826764,0.05090841739082876,0.9063427709843445
25621,LOF,0.03498522939392546,0.03769741561555618,0.9273173549905184
25622,LOF,0.03358731449509711,0.05192702607313591,0.914485659431767
25623,LOF,0.07112503996975887,0.03891167676830611,0.8899632832619351
25624,LOF,0.030237617828815413,0.05171741907498939,0.9180449630961951
25625,LOF,0.03842925043978104,0.05597731238809531,0.9055934371721236
25626,LOF,0.08897356126763563,0.038665158836436696,0.8723612798959277
25627,Neutral,0.5793774492620024,0.0819812318179927,0.3386413189200049
25628,LOF,0.2051734807690858,0.048748511043875675,0.7460780081870385
25629,LOF,0.09090081314711783,0.11767926623922856,0.7914199206136535
25630,LOF,0.1897814672752885,0.09452151298355982,0.7156970197411516
25631,Neutral,0.6041619460287244,0.057393255878436286,0.33844479809283934
25632,LOF,0.023165953680196853,0.0846828217735968,0.8921512245462063
25633,LOF,0.24252905748201406,0.08140999087127092,0.676060951646715
25634,LOF,0.037248416825074696,0.10783850771649968,0.8549130754584257
25635,LOF,0.046463911398051935,0.08667370915125686,0.8668623794506913
25636,GOF,0.006002814489834933,0.6379703750824239,0.35602681042774115
25637,GOF,0.005159209942779432,0.5735326955726786,0.4213080944845421
25638,LOF,0.00964731888583286,0.46884202559955646,0.5215106555146107
25639,LOF,0.005193484872613691,0.4484673656723564,0.5463391494550299
25640,GOF,0.36715296670661673,0.5934987485239314,0.03934828476945179
25641,LOF,0.005952274949947831,0.324045762277608,0.6700019627724442
25642,LOF,0.24394292439883158,0.07591039815749655,0.6801466774436719
25643,LOF,0.1860125893202964,0.2792002300941966,0.534787180585507
25644,GOF,0.029101409693872454,0.6924164358268046,0.278482154479323
25645,GOF,0.022076710477365338,0.6502574166954307,0.327665872827204
25646,GOF,0.02286589561330134,0.4945244863023512,0.48260961808434744
25647,LOF,0.01870069451572829,0.358744557040173,0.6225547484440987
25648,LOF,0.015815851350500808,0.4099339786193173,0.5742501700301819
25649,LOF,0.015287793400933029,0.3055971152157335,0.6791150913833335
25650,GOF,0.0431850115131755,0.6845345366916412,0.27228045179518323
25651,LOF,0.013293974163597245,0.3483720748879502,0.6383339509484525
25652,LOF,0.021143968168083727,0.338828755423966,0.6400272764079502
25653,GOF,0.09416123783248437,0.5951506619487403,0.31068810021877524
25654,LOF,0.015310299965364552,0.3705989316469867,0.6140907683876486
25655,GOF,0.11211620770829762,0.5166123777747277,0.37127141451697465
25656,LOF,0.05949793171601052,0.0930140302224346,0.8474880380615548
25657,LOF,0.3076881865905627,0.035351103907620196,0.6569607095018171
25658,LOF,0.03202151844928759,0.1381532253657304,0.829825256184982
25659,LOF,0.2177856448845801,0.08128191078531298,0.7009324443301069
25660,LOF,0.09578356605487702,0.09120207821749989,0.8130143557276232
25661,LOF,0.08611007064495488,0.07023609388221186,0.8436538354728332
25662,LOF,0.034883902945294594,0.0443612376288561,0.9207548594258493
25663,LOF,0.042109488837599345,0.0854338692444283,0.8724566419179725
25664,LOF,0.03314611233036268,0.13297393976181066,0.8338799479078267
25665,LOF,0.054083869888734974,0.04680517428310667,0.8991109558281585
25666,LOF,0.039488365406904515,0.18596237073972585,0.7745492638533696
25667,LOF,0.033147295626853354,0.06352609542132737,0.9033266089518194
25668,LOF,0.041274395527280516,0.05875742937888957,0.89996817509383
25669,LOF,0.04516841944740144,0.09781651112642382,0.8570150694261747
25670,LOF,0.13468157712364903,0.10966726165286271,0.7556511612234883
25671,LOF,0.04286943588610368,0.05070948463903784,0.9064210794748584
25672,LOF,0.051783607628581065,0.08071300739840802,0.8675033849730109
25673,LOF,0.0378754672726706,0.08506224828796091,0.8770622844393685
25674,LOF,0.028845215584291487,0.09803219851297382,0.8731225859027348
25675,LOF,0.037998543105890736,0.08323671970511451,0.8787647371889948
25676,LOF,0.033819161670476626,0.06445951087048286,0.9017213274590404
25677,LOF,0.08584468723814002,0.05802073592039157,0.8561345768414684
25678,LOF,0.15637884305347574,0.05464518697991295,0.7889759699666113
25679,LOF,0.10558459670496226,0.07753004412351241,0.8168853591715254
25680,LOF,0.09023431596745263,0.09419581179222285,0.8155698722403245
25681,LOF,0.10117099436072437,0.09038639071547677,0.808442614923799
25682,LOF,0.05044159902007447,0.07216511058911797,0.8773932903908075
25683,LOF,0.08041018872766292,0.1148736874268321,0.8047161238455051
25684,LOF,0.06397922653565719,0.06980758950468767,0.8662131839596552
25685,LOF,0.11097750603262553,0.05186649970891602,0.8371559942584584
25686,LOF,0.036894925707072604,0.11700493155761701,0.8461001427353104
25687,LOF,0.06683786464427634,0.09420732381999988,0.8389548115357237
25688,LOF,0.019601822043951236,0.0793215299836607,0.9010766479723882
25689,LOF,0.015775425153032322,0.04914351863521109,0.9350810562117566
25690,LOF,0.016353891869784098,0.06316767244112971,0.9204784356890863
25691,LOF,0.1221434765791774,0.08969134386470072,0.7881651795561219
25692,LOF,0.17486665475989988,0.013141914139897104,0.811991431100203
25693,LOF,0.04594395935365475,0.1544957519540631,0.7995602886922821
25694,LOF,0.28102141591910235,0.016190546026027992,0.7027880380548697
25695,LOF,0.21465854386918348,0.02242375476129606,0.7629177013695204
25696,LOF,0.16727171039201094,0.016251290143045532,0.8164769994649436
25697,LOF,0.11743668909478915,0.03394111396930575,0.848622196935905
25698,LOF,0.023305661032335778,0.3293166025511435,0.6473777364165207
25699,LOF,0.08605739720663111,0.10667278517976235,0.8072698176136065
25700,LOF,0.0343936562574292,0.020534601602568456,0.9450717421400022
25701,LOF,0.016305224211298857,0.11191918089659365,0.8717755948921074
25702,GOF,0.022700450715765905,0.7353695398525979,0.2419300094316362
25703,LOF,0.015091580467530199,0.21141836244694834,0.7734900570855215
25704,LOF,0.09238570517856305,0.1996089866032728,0.7080053082181641
25705,LOF,0.09578171965609142,0.30111501336534396,0.6031032669785645
25706,GOF,0.022848387942424206,0.6335501827649478,0.343601429292628
25707,GOF,0.02583674141333442,0.6416996594035546,0.3324635991831109
25708,GOF,0.008601484519050347,0.5903701332801551,0.4010283822007945
25709,LOF,0.026170031339871773,0.1012207735336253,0.8726091951265028
25710,LOF,0.005289987686713974,0.26534223670611107,0.729367775607175
25711,LOF,0.030367456555738605,0.16136868704843668,0.8082638563958248
25712,LOF,0.006876254217830189,0.33045063374151407,0.6626731120406558
25713,LOF,0.024804559669748653,0.1436111298093417,0.8315843105209096
25714,LOF,0.0291289220679923,0.18591113455094346,0.7849599433810642
25715,LOF,0.03009654534091893,0.16408552870780954,0.8058179259512716
25716,LOF,0.00849691017173384,0.18972440269939128,0.8017786871288748
25717,LOF,0.005435450337242527,0.19343024186767407,0.8011343077950834
25718,LOF,0.0258980732258399,0.12032981184557622,0.8537721149285838
25719,LOF,0.03675998870821077,0.13143786456140213,0.8318021467303871
25720,LOF,0.03454054231784252,0.13441361245527242,0.831045845226885
25721,LOF,0.030670626229552342,0.1252519850610487,0.8440773887093989
25722,LOF,0.018956461815799203,0.1809535083791612,0.8000900298050396
25723,LOF,0.02999000380706003,0.11548959748184257,0.8545203987110973
25724,LOF,0.029658272509862162,0.1956936488101861,0.7746480786799518
25725,LOF,0.030964507183435932,0.10784829787897199,0.8611871949375921
25726,LOF,0.019587264140725334,0.15200175386705378,0.8284109819922209
25727,LOF,0.025487032910884465,0.1561954567649064,0.8183175103242092
25728,LOF,0.027405425115473527,0.14326368009063029,0.8293308947938962
25729,LOF,0.026802689002987802,0.16094007676219085,0.8122572342348213
25730,LOF,0.02959320597195805,0.11277459409466628,0.8576321999333757
25731,LOF,0.01059864559685921,0.25292779550465383,0.7364735588984869
25732,LOF,0.022537922333523676,0.12345118709324791,0.8540108905732284
25733,LOF,0.03517769201819611,0.12752059395404647,0.8373017140277574
25734,LOF,0.00630257769348981,0.3260666881399646,0.6676307341665457
25735,LOF,0.025691449972889493,0.10658057537514534,0.867727974651965
25736,LOF,0.02418375595874798,0.17910423910583428,0.7967120049354178
25737,LOF,0.06144838963497679,0.16550065223748828,0.773050958127535
25738,LOF,0.02611817589228065,0.1944602575464607,0.7794215665612586
25739,LOF,0.031927546651122685,0.16790739389980006,0.8001650594490772
25740,LOF,0.033548107052267614,0.18048042208557838,0.7859714708621539
25741,LOF,0.03853754010493407,0.16121602012440794,0.8002464397706579
25742,LOF,0.04973270723706163,0.16124227379376016,0.7890250189691781
25743,LOF,0.012831185944635956,0.021131402958335398,0.9660374110970286
25744,LOF,0.2182876847369484,0.20664444034054857,0.5750678749225031
25745,LOF,0.05133895406086705,0.058950094815313756,0.8897109511238193
25746,LOF,0.018562966729565963,0.09415271437852572,0.8872843188919084
25747,LOF,0.0370734090651352,0.023148830984636288,0.9397777599502286
25748,LOF,0.287337134436763,0.04196137617199232,0.6707014893912446
25749,LOF,0.015556428177813589,0.04405728927646878,0.9403862825457177
25750,LOF,0.02410116409362421,0.04735218217852805,0.9285466537278477
25751,LOF,0.03913686965881389,0.040947660236126976,0.919915470105059
25752,GOF,0.08153410775134827,0.7072383186033028,0.2112275736453489
25753,LOF,0.006151329671607314,0.4208009071791008,0.5730477631492918
25754,GOF,0.007108856641270221,0.8739921442016937,0.11889899915703606
25755,LOF,0.00604917244673756,0.44514106413561905,0.5488097634176433
25756,LOF,0.026353078219684554,0.4586851585308273,0.5149617632494882
25757,GOF,0.007730440244064592,0.8630515512708367,0.12921800848509876
25758,GOF,0.00875540261303831,0.8760024480583892,0.1152421493285724
25759,GOF,0.0057198423826360836,0.6290927582475917,0.3651873993697722
25760,LOF,0.005284001915289989,0.35085378880299384,0.6438622092817162
25761,GOF,0.04490257126686192,0.8537841372616893,0.10131329147144878
25762,LOF,0.027571173757775794,0.40594016457459936,0.5664886616676248
25763,LOF,0.005491193565098554,0.2956553149118959,0.6988534915230056
25764,GOF,0.05674857128901191,0.6492121730031736,0.2940392557078146
25765,GOF,0.007735029268838891,0.8658872101315895,0.1263777605995715
25766,GOF,0.0506654568584776,0.8025969994077521,0.14673754373377046
25767,GOF,0.019970642330951846,0.4936903069845877,0.4863390506844605
25768,LOF,0.05293462599127274,0.04955761363228453,0.8975077603764426
25769,LOF,0.035421282301544225,0.09035900370943806,0.8742197139890178
25770,LOF,0.1911776359327271,0.07386746841116032,0.7349548956561127
25771,LOF,0.018669919830381774,0.0661951909255322,0.9151348892440859
25772,LOF,0.03184353789480894,0.028013794272702106,0.9401426678324889
25773,LOF,0.020093770916430817,0.0786325973328989,0.9012736317506703
25774,LOF,0.029330523314175166,0.10679732204667251,0.8638721546391523
25775,LOF,0.021144925078331548,0.04176194109334886,0.9370931338283196
25776,LOF,0.03311824518433975,0.023280665992000085,0.9436010888236601
25777,LOF,0.2799375281239919,0.07011604929894508,0.649946422577063
25778,LOF,0.028582011064730392,0.052941608830378156,0.9184763801048914
25779,GOF,0.07253438762583178,0.8544193545028209,0.07304625787134729
25780,GOF,0.09888843656532736,0.8409496213433025,0.06016194209136998
25781,GOF,0.040049697425476226,0.8352984803374642,0.12465182223705948
25782,GOF,0.04567939323020622,0.8871023689038633,0.06721823786593058
25783,GOF,0.04526377162354477,0.9050520624798016,0.0496841658966536
25784,GOF,0.128499564930457,0.8214682993497453,0.050032135719797734
25785,GOF,0.13778025507935732,0.8200071328022126,0.042212612118430075
25786,GOF,0.013779530745915928,0.860144374712901,0.12607609454118301
25787,GOF,0.2869696866466486,0.6672363605966751,0.045793952756676255
25788,LOF,0.017848642779045343,0.14648243416716467,0.83566892305379
25789,GOF,0.02289287556031678,0.8130601702049178,0.1640469542347654
25790,GOF,0.03666312749516445,0.8433628491081054,0.11997402339673019
25791,GOF,0.03385123487442479,0.7315794124062865,0.23456935271928855
25792,GOF,0.0389757287453297,0.7708258619534221,0.19019840930124834
25793,GOF,0.0581440033092573,0.7955987982443957,0.14625719844634685
25794,GOF,0.057668161075604636,0.7012068600837676,0.24112497884062764
25795,GOF,0.0693513130081128,0.6709168916903918,0.25973179530149537
25796,GOF,0.15515571958517954,0.7328183638636816,0.11202591655113886
25797,GOF,0.11580822200470915,0.6737798724298664,0.2104119055654245
25798,GOF,0.007623055520874691,0.7019428532906531,0.2904340911884723
25799,GOF,0.005031526125028806,0.6252075699265391,0.36976090394843214
25800,GOF,0.03153971622409764,0.7804228588087943,0.1880374249671081
25801,GOF,0.02590286880919088,0.8769942044291037,0.09710292676170545
25802,GOF,0.03532139493521428,0.7456257026240545,0.21905290244073117
25803,GOF,0.023085273172051515,0.636390780873875,0.3405239459540735
25804,GOF,0.0366646031666086,0.7020395263263083,0.26129587050708314
25805,GOF,0.035469920418799185,0.7100420539856768,0.2544880255955242
25806,GOF,0.04877001468298514,0.7266430201070673,0.22458696520994748
25807,GOF,0.01577588520403665,0.6777280294109973,0.306496085384966
25808,GOF,0.028185234140652143,0.6905520469281035,0.28126271893124444
25809,GOF,0.013550719216670169,0.6380018152055784,0.34844746557775136
25810,GOF,0.011646626852273962,0.6272512504531348,0.3611021226945913
25811,GOF,0.06659397197135163,0.8538711586237144,0.07953486940493398
25812,GOF,0.0344060514498739,0.7392152945436011,0.2263786540065248
25813,GOF,0.17311383318709883,0.7356498225468755,0.09123634426602563
25814,GOF,0.0371496965416438,0.742680660418567,0.22016964303978923
25815,GOF,0.06969213983735635,0.8028716657332146,0.12743619442942913
25816,GOF,0.010978923592431182,0.8417579163158336,0.1472631600917352
25817,GOF,0.13320466569034,0.7448601115026606,0.12193522280699934
25818,GOF,0.03180277295949233,0.7292469119880306,0.23895031505247707
25819,GOF,0.05439089979507301,0.6894116926671644,0.25619740753776266
25820,GOF,0.05129454969877373,0.6428970835547192,0.30580836674650713
25821,GOF,0.0354141781613425,0.6854955483323063,0.2790902735063512
25822,GOF,0.06320775071766165,0.6539065152736883,0.2828857340086502
25823,GOF,0.03335172301869874,0.6526841622763455,0.3139641147049558
25824,GOF,0.038795843383272174,0.7289004702152714,0.23230368640145646
25825,GOF,0.030011009438857914,0.7141726903901395,0.2558163001710026
25826,GOF,0.013815577397562675,0.6691179890209077,0.31706643358152964
25827,GOF,0.018725410137467976,0.6477982754362678,0.3334763144262643
25828,GOF,0.014539579422258963,0.6794493171973288,0.30601110338041215
25829,GOF,0.004938619637499188,0.6129385871265836,0.38212279323591736
25830,LOF,0.04249545536482251,0.460837017261568,0.49666752737360936
25831,GOF,0.06764223298095683,0.7667611568599793,0.16559661015906393
25832,GOF,0.01175162857511769,0.6917209604822727,0.29652741094260954
25833,GOF,0.0419855822965152,0.764698925948998,0.1933154917544867
25834,GOF,0.012122691312725616,0.7052462490417187,0.2826310596455556
25835,GOF,0.029169557843220794,0.7701794062603764,0.20065103589640287
25836,GOF,0.008241774905474578,0.6781309335616001,0.31362729153292523
25837,GOF,0.011260807077143078,0.6890451229315593,0.2996940699912976
25838,GOF,0.029596636702681273,0.7756838158886628,0.19471954740865605
25839,GOF,0.07516446161592645,0.7594062680334895,0.16542927035058408
25840,GOF,0.10467032606813291,0.738702641609313,0.156627032322554
25841,GOF,0.10047949345068027,0.7737605311401303,0.12575997540918943
25842,GOF,0.03594048252867457,0.838897889630707,0.12516162784061843
25843,GOF,0.03727408656776919,0.8434275895776062,0.11929832385462469
25844,GOF,0.024202009160584386,0.7614935974902068,0.21430439334920873
25845,GOF,0.007471233092738615,0.6597921827353029,0.33273658417195834
25846,GOF,0.07604042788947693,0.7998061676090819,0.12415340450144118
25847,GOF,0.022385110161640073,0.8410914701082807,0.1365234197300792
25848,GOF,0.030665462929102157,0.7951006156750574,0.17423392139584054
25849,GOF,0.00938344670937837,0.762909793786212,0.22770675950440966
25850,GOF,0.007960567926794579,0.6459024394218322,0.34613699265137315
25851,GOF,0.007567393374637776,0.5931287732129921,0.3993038334123702
25852,GOF,0.16548724597799142,0.5053908548120463,0.3291218992099622
25853,GOF,0.0701396045244097,0.7512929024666222,0.17856749300896818
25854,GOF,0.0068796953195370035,0.634713705568084,0.358406599112379
25855,GOF,0.023657022799935847,0.6180720012472525,0.35827097595281165
25856,GOF,0.0476351541070782,0.693701525999407,0.2586633198935147
25857,GOF,0.02418387036886933,0.6055538995603462,0.37026223007078457
25858,GOF,0.012019437528469935,0.596671354398709,0.39130920807282105
25859,GOF,0.00878286122010149,0.5692445273989089,0.4219726113809896
25860,GOF,0.08674244079549973,0.7121904558828203,0.20106710332167999
25861,GOF,0.1266782335131445,0.7370790478076902,0.13624271867916532
25862,GOF,0.02863586890985813,0.8501529105245393,0.12121122056560267
25863,GOF,0.024974657229082927,0.8507282351528527,0.1242971076180645
25864,GOF,0.0711116549962502,0.8482452967951044,0.08064304820864535
25865,GOF,0.06253065920762814,0.8120245868263323,0.12544475396603952
25866,GOF,0.02984297458233319,0.8254231085605531,0.1447339168571138
25867,GOF,0.047529174483974264,0.831206313374571,0.12126451214145484
25868,GOF,0.07746948624824655,0.7467328142028788,0.17579769954887473
25869,GOF,0.40740545958468843,0.4524943059882004,0.14010023442711114
25870,GOF,0.07619066647424835,0.4898513173574982,0.4339580161682535
25871,GOF,0.011719620077431955,0.8040224482224798,0.18425793170008842
25872,GOF,0.026556992637739262,0.7809801208281746,0.19246288653408605
25873,GOF,0.024058818766642908,0.8449059177327422,0.13103526350061492
25874,LOF,0.018858040108143778,0.16596683966120399,0.8151751202306523
25875,LOF,0.024029112763942668,0.08807276418788977,0.8878981230481675
25876,LOF,0.020956638908150534,0.05953445382764323,0.9195089072642062
25877,LOF,0.10217946484597562,0.18283055950232285,0.7149899756517015
25878,LOF,0.08173707432947706,0.20503861145677552,0.7132243142137474
25879,LOF,0.011756777876800531,0.1580756652714351,0.8301675568517645
25880,LOF,0.07258964989604913,0.018233058415231262,0.9091772916887195
25881,Neutral,0.5550789606739178,0.08944335971551348,0.3554776796105688
25882,LOF,0.07003395903661312,0.029449849972789023,0.9005161909905979
25883,LOF,0.031570366676070216,0.026066820069040972,0.9423628132548887
25884,LOF,0.020496857426717897,0.041460410905364835,0.9380427316679172
25885,LOF,0.18652016994264992,0.01471012500082907,0.7987697050565211
25886,LOF,0.25245691405193466,0.052153768788095564,0.6953893171599698
25887,LOF,0.0853683760677914,0.11964762739208408,0.7949839965401246
25888,LOF,0.00860071135894961,0.15392322039826803,0.8374760682427824
25889,LOF,0.02769294066199998,0.038557780353048486,0.9337492789849515
25890,LOF,0.19992578492533528,0.06023985069489474,0.73983436437977
25891,LOF,0.10273685553899777,0.031433708172109096,0.8658294362888931
25892,LOF,0.008565322226792483,0.032004403930199564,0.9594302738430078
25893,LOF,0.33551487326416096,0.010337576512286494,0.6541475502235526
25894,LOF,0.3476922628673221,0.007217480474100598,0.6450902566585773
25895,LOF,0.28976613388062766,0.014840970963641802,0.6953928951557306
25896,LOF,0.08478272572143893,0.03236008918752898,0.8828571850910322
25897,LOF,0.11659729103277683,0.010889220494647436,0.8725134884725757
25898,LOF,0.1191088600465527,0.031089777140795076,0.8498013628126522
25899,LOF,0.42668707094582886,0.03438110009865402,0.5389318289555172
25900,Neutral,0.627655151775772,0.011696330515639506,0.3606485177085885
25901,LOF,0.10672720838226793,0.013354321622900314,0.8799184699948317
25902,LOF,0.10673868629994611,0.016181785933693467,0.8770795277663604
25903,LOF,0.21859255055712526,0.026530279624160883,0.7548771698187139
25904,Neutral,0.5386155095245931,0.04482170489195333,0.41656278558345355
25905,LOF,0.008450581832382736,0.3801466161476119,0.6114028020200054
25906,LOF,0.010861201988620159,0.06919624363087785,0.9199425543805021
25907,LOF,0.010037284479364885,0.23120242418461126,0.7587602913360239
25908,LOF,0.010431134389069601,0.22485473700214642,0.764714128608784
25909,LOF,0.03418540374377359,0.0861270699378736,0.8796875263183527
25910,LOF,0.011883791494958044,0.14181658640291722,0.8462996221021248
25911,LOF,0.18105699426020788,0.024429310961809638,0.7945136947779826
25912,LOF,0.10559992927469905,0.021544593718833528,0.8728554770064674
25913,LOF,0.01718278456644193,0.031209861614071376,0.9516073538194867
25914,LOF,0.04557448528206763,0.02685295831271445,0.927572556405218
25915,LOF,0.17134930179094246,0.17703625487165617,0.6516144433374014
25916,LOF,0.014552899434781393,0.0917503736539379,0.8936967269112808
25917,LOF,0.07982316461593077,0.03029648327504455,0.8898803521090247
25918,LOF,0.0403434138002377,0.015088755244391933,0.9445678309553703
25919,LOF,0.0351765031197165,0.014871741228336713,0.9499517556519468
25920,LOF,0.31523052061533846,0.21680142417232828,0.4679680552123331
25921,LOF,0.01932324291611421,0.019514706726553976,0.9611620503573318
25922,LOF,0.017177000357849272,0.02191855994183685,0.9609044397003139
25923,LOF,0.45276295461309085,0.013952233928705546,0.5332848114582036
25924,LOF,0.028093058144819577,0.025348316504783454,0.9465586253503969
25925,LOF,0.10924906695233852,0.026929145727302723,0.8638217873203589
25926,LOF,0.09443065297911504,0.017659999295589018,0.887909347725296
25927,LOF,0.028196255975113868,0.04656746025117074,0.9252362837737153
25928,LOF,0.014917183458510007,0.028583929050238925,0.9564988874912511
25929,Neutral,0.5898159187744535,0.013658113334299213,0.3965259678912473
25930,LOF,0.10154462703736693,0.01331898244150726,0.8851363905211259
25931,LOF,0.01753842172149895,0.019576478282270333,0.9628850999962307
25932,LOF,0.09258145004113379,0.0177848374741349,0.8896337124847313
25933,LOF,0.09456769233868194,0.01013153845669226,0.8953007692046258
25934,LOF,0.09065584682464996,0.008454341066067154,0.9008898121092829
25935,LOF,0.1085198263316772,0.02346258678611055,0.8680175868822122
25936,LOF,0.11263517197195268,0.009933241009347303,0.8774315870186999
25937,LOF,0.02498502203300089,0.016114713196765985,0.9589002647702332
25938,LOF,0.11407454641578783,0.02191975449529752,0.8640056990889147
25939,LOF,0.06867614684552116,0.013456158912775056,0.9178676942417038
25940,GOF,0.010927413381849545,0.5364893647061796,0.4525832219119708
25941,Neutral,0.4919588433845857,0.045239112863069746,0.4628020437523445
25942,LOF,0.011219475379158673,0.05055870695294402,0.9382218176678974
25943,LOF,0.05148741016048962,0.186381306439664,0.7621312833998465
25944,LOF,0.05352617671501127,0.08243194333256876,0.8640418799524199
25945,LOF,0.17220745321699707,0.029986825879551017,0.7978057209034518
25946,LOF,0.06901210764105915,0.03513275896501206,0.8958551333939287
25947,Neutral,0.4604896143884166,0.1261097472011815,0.41340063841040187
25948,LOF,0.3937042103868456,0.012933554694128893,0.5933622349190255
25949,LOF,0.14380379806738433,0.07057848522159259,0.7856177167110231
25950,GOF,0.11893690746318106,0.5669045725068632,0.31415852002995565
25951,LOF,0.01127883447228799,0.44130743853164844,0.5474137269960635
25952,LOF,0.1875163044092353,0.24518781962480385,0.5672958759659609
25953,LOF,0.009164211850327685,0.3255312197521468,0.6653045683975255
25954,GOF,0.09274704538936401,0.46119037718039463,0.4460625774302414
25955,LOF,0.01120114482377622,0.25002191455517975,0.7387769406210439
25956,LOF,0.009448892770650499,0.35024699315590707,0.6403041140734425
25957,LOF,0.15343432276392208,0.0433850122473818,0.8031806649886961
25958,LOF,0.03221408856713548,0.06498369520712882,0.9028022162257358
25959,GOF,0.006536371959511778,0.7501273885975565,0.24333623944293162
25960,LOF,0.004800468257987324,0.13557848616650253,0.8596210455755101
25961,LOF,0.02755243430681449,0.0519077048538206,0.920539860839365
25962,LOF,0.03395830420991947,0.08599578115353958,0.880045914636541
25963,LOF,0.00941936717835986,0.1306752117316031,0.859905421090037
25964,LOF,0.04427051989752615,0.13178771668353015,0.8239417634189438
25965,LOF,0.21798892273767548,0.1612700861018526,0.620740991160472
25966,LOF,0.29973995083966215,0.12772553163027248,0.5725345175300655
25967,LOF,0.006366070097033735,0.09843469524392395,0.8951992346590424
25968,LOF,0.053841474230878386,0.2510099672749544,0.6951485584941672
25969,LOF,0.15434208526941104,0.05929282397408024,0.7863650907565087
25970,LOF,0.06389537574314372,0.06421840537803859,0.8718862188788177
25971,LOF,0.06680286811093228,0.03168912942951779,0.9015080024595499
25972,LOF,0.07805981441691004,0.05641483343171453,0.8655253521513755
25973,LOF,0.058328741584374705,0.010611272627032348,0.931059985788593
25974,LOF,0.056601281392496275,0.03728055527611706,0.9061181633313866
25975,LOF,0.03629724262914953,0.01534877130799481,0.9483539860628556
25976,LOF,0.0861561506085438,0.010391985475523221,0.9034518639159329
25977,LOF,0.23506047990553375,0.05534192527453064,0.7095975948199356
25978,LOF,0.14163788318503545,0.1644361331296201,0.6939259836853443
25979,LOF,0.11364094947451955,0.18839205359781272,0.6979669969276676
25980,LOF,0.1830212360158467,0.2593938650689098,0.5575848989152435
25981,LOF,0.18410244292612707,0.2624491317967199,0.553448425277153
25982,LOF,0.3452698634738508,0.14405763824339612,0.5106724982827531
25983,LOF,0.4130799315745318,0.15216566283386124,0.434754405591607
25984,LOF,0.07338544384523021,0.08216715473104683,0.8444474014237229
25985,Neutral,0.4776147098238523,0.1444117635466689,0.37797352662947886
25986,LOF,0.013788054972824605,0.4581241102740226,0.5280878347531527
25987,LOF,0.04131572604700614,0.10052484759600153,0.8581594263569923
25988,LOF,0.07255071972211562,0.1362675660001166,0.7911817142777677
25989,LOF,0.07980402207151222,0.2150304051862387,0.705165572742249
25990,LOF,0.0639885239825607,0.36593796075940443,0.5700735152580347
25991,GOF,0.02590564112753058,0.5461036621359224,0.42799069673654694
25992,LOF,0.01238970711991936,0.46321602758745434,0.5243942652926263
25993,LOF,0.017674118129627794,0.06568731453887416,0.9166385673314981
25994,LOF,0.026732923160321696,0.06848871269865686,0.9047783641410214
25995,LOF,0.016557277315244555,0.13044376295212506,0.8529989597326304
25996,GOF,0.33931326886400115,0.4402164978401939,0.2204702332958049
25997,GOF,0.05255165711992365,0.5009917270116518,0.44645661586842456
25998,LOF,0.24336574833141805,0.03600442777212535,0.7206298238964567
25999,LOF,0.02550820319187735,0.29079818623514964,0.6836936105729731
26000,LOF,0.1313019347855075,0.012642609712766085,0.8560554555017263
26001,LOF,0.14660987901259387,0.021565015641094407,0.8318251053463117
26002,LOF,0.08866840683728316,0.02281881087375641,0.8885127822889605
26003,GOF,0.0069382757158952015,0.6118690329945756,0.3811926912895291
26004,GOF,0.014988324000760165,0.5643611628005955,0.42065051319864444
26005,LOF,0.00524576606689409,0.46486532829990596,0.5298889056331999
26006,GOF,0.10430880031928445,0.46644146942839776,0.4292497302523177
26007,LOF,0.009579090620780556,0.4823754182511981,0.5080454911280212
26008,GOF,0.0067485969731727385,0.5684801916428309,0.4247712113839964
26009,GOF,0.011972875356463568,0.6183262252395134,0.36970089940402306
26010,GOF,0.009068994399773744,0.5551690912259941,0.4357619143742321
26011,LOF,0.0051844340896350875,0.3826803187697407,0.6121352471406243
26012,GOF,0.0056479209738666296,0.5205887957807589,0.47376328324537453
26013,GOF,0.011376263554059147,0.5475811162302876,0.4410426202156533
26014,LOF,0.03514108210658257,0.08263818637968215,0.8822207315137353
26015,LOF,0.3872962493381714,0.018430135355779486,0.594273615306049
26016,LOF,0.2479758198351885,0.030106983384438655,0.7219171967803729
26017,LOF,0.015222177275052682,0.13157945353564468,0.8531983691893026
26018,LOF,0.03217400300867725,0.053652409639230486,0.9141735873520923
26019,LOF,0.031249366573761858,0.0485207664146207,0.9202298670116176
26020,LOF,0.0065831147147667555,0.13144134440526836,0.8619755408799648
26021,LOF,0.07606086814845722,0.05736896573890325,0.8665701661126396
26022,LOF,0.036952571861924334,0.024284589034851166,0.9387628391032246
26023,LOF,0.023585967009999646,0.035589835649691835,0.9408241973403085
26024,LOF,0.045127181150602685,0.044432153702725526,0.9104406651466718
26025,LOF,0.12640749159732845,0.04309812976765765,0.830494378635014
26026,LOF,0.1130001365297237,0.031565394545472,0.8554344689248043
26027,LOF,0.03112508287166514,0.024040335251317924,0.9448345818770169
26028,LOF,0.0568844627904632,0.15592834857566942,0.7871871886338674
26029,LOF,0.027653690338161226,0.2153109769216899,0.7570353327401488
26030,LOF,0.11367063860521691,0.03031196664660577,0.8560173947481774
26031,LOF,0.013121112548406023,0.19384783877284062,0.7930310486787533
26032,LOF,0.03470573858838677,0.05503322090772618,0.9102610405038871
26033,LOF,0.03495051842589143,0.05620413565026355,0.9088453459238451
26034,LOF,0.017851391149926635,0.12998162341486852,0.8521669854352047
26035,LOF,0.011819727809541023,0.13112500526297788,0.857055266927481
26036,LOF,0.010904459555167719,0.1060684314457758,0.8830271089990566
26037,LOF,0.010844697416661197,0.11960250197669381,0.869552800606645
26038,LOF,0.02964184654265515,0.04768780411570821,0.9226703493416366
26039,LOF,0.03261807410776266,0.1531213423821573,0.81426058351008
26040,LOF,0.08176097575591847,0.14713507363061065,0.771103950613471
26041,LOF,0.0124735115699575,0.11280313179456442,0.8747233566354781
26042,LOF,0.011665272363212383,0.11630348078672974,0.8720312468500578
26043,LOF,0.030447223298897683,0.0796645699133287,0.8898882067877737
26044,LOF,0.0063491028497498275,0.061939077450737935,0.9317118196995121
26045,LOF,0.08127330683397956,0.2174376702677928,0.7012890228982276
26046,LOF,0.027021410684856945,0.052116184141437615,0.9208624051737053
26047,LOF,0.05954542370965309,0.05174510500476286,0.8887094712855841
26048,LOF,0.07956047675532245,0.019099702584551972,0.9013398206601255
26049,Neutral,0.9423316582047625,0.006481290850840183,0.05118705094439728
26050,Neutral,0.9119112334035433,0.006832980708583494,0.08125578588787306
26051,LOF,0.03693877175216621,0.22990887893782974,0.7331523493100041
26052,LOF,0.02825436844488129,0.16483813997061847,0.8069074915845003
26053,LOF,0.017116668474839534,0.18510080247564883,0.7977825290495116
26054,LOF,0.053652375219924955,0.0466765676013089,0.8996710571787662
26055,LOF,0.07737341550137224,0.044984952103866785,0.8776416323947609
26056,LOF,0.06077284710700751,0.05611177559495731,0.8831153772980352
26057,LOF,0.06137047409707536,0.027528589707928416,0.9111009361949961
26058,LOF,0.07020744940595267,0.021514170761658284,0.908278379832389
26059,LOF,0.25409964643480104,0.03761226462123662,0.7082880889439623
26060,LOF,0.01472579411648631,0.2291241425584175,0.7561500633250962
26061,LOF,0.010662143139199245,0.017636486325482887,0.9717013705353179
26062,LOF,0.005384258355575441,0.026271337779278273,0.9683444038651462
26063,LOF,0.04762358251694369,0.01969893512223637,0.9326774823608198
26064,LOF,0.01496399382773738,0.02588181882184963,0.959154187350413
26065,LOF,0.061289699571564236,0.026340106558838717,0.912370193869597
26066,LOF,0.048011123035779014,0.019684151099958535,0.9323047258642625
26067,LOF,0.05814757361829225,0.016168761504495484,0.9256836648772122
26068,LOF,0.05197682882616897,0.0474294601734987,0.9005937110003324
26069,LOF,0.17317706171141456,0.03688105336449784,0.7899418849240877
26070,LOF,0.3653827322569268,0.026302646506932034,0.6083146212361411
26071,LOF,0.04795824471200846,0.020185213743115254,0.9318565415448762
26072,LOF,0.0062091878659688,0.029963211938167946,0.9638276001958633
26073,LOF,0.04058363043391209,0.02381118334205898,0.935605186224029
26074,Neutral,0.6450262624326762,0.016124636684591,0.3388491008827326
26075,LOF,0.04246325444801472,0.03574251664991392,0.9217942289020713
26076,LOF,0.04466263679346312,0.01735747023436545,0.9379798929721714
26077,LOF,0.16184394811194358,0.01385167459984903,0.8243043772882075
26078,LOF,0.006344142351219668,0.030846533079746805,0.9628093245690336
26079,LOF,0.05576119993786915,0.030466386541368094,0.9137724135207627
26080,LOF,0.05419677877377711,0.030746572840074444,0.9150566483861484
26081,LOF,0.041367153370337965,0.015893040231096837,0.9427398063985652
26082,LOF,0.005932515217537972,0.024417136447078994,0.9696503483353831
26083,LOF,0.10264469023459868,0.03293197356912223,0.8644233361962791
26084,LOF,0.12420240767012247,0.029141975360861574,0.8466556169690159
26085,LOF,0.1150816747170652,0.023280243002338035,0.8616380822805968
26086,LOF,0.04492588793519601,0.02341721477791888,0.9316568972868852
26087,LOF,0.043008802679097784,0.019075761682672047,0.9379154356382301
26088,LOF,0.0062799768405889245,0.04255085641126636,0.9511691667481448
26089,LOF,0.03920305865744698,0.04930124811999093,0.9114956932225621
26090,LOF,0.03937075195118832,0.038665127065398486,0.9219641209834132
26091,LOF,0.029822941577131102,0.014902523344872742,0.9552745350779961
26092,LOF,0.04419465440381314,0.015792777479344603,0.9400125681168422
26093,LOF,0.0650925486308643,0.010883841505900799,0.924023609863235
26094,LOF,0.03532700766187764,0.012729159506438334,0.951943832831684
26095,LOF,0.010255525764007161,0.028752213911770762,0.9609922603242221
26096,LOF,0.23637592497422946,0.006961531687949003,0.7566625433378215
26097,LOF,0.0059670750608583675,0.05719476247343341,0.9368381624657082
26098,LOF,0.04951141279066722,0.029083952014169672,0.9214046351951631
26099,LOF,0.04323045839435381,0.03517175904301267,0.9215977825626335
26100,LOF,0.04323045839435381,0.03517175904301267,0.9215977825626335
26101,LOF,0.045241286197923995,0.054704845491469575,0.9000538683106064
26102,LOF,0.03772505624604697,0.02927886028456259,0.9329960834693903
26103,Neutral,0.895867018644512,0.037354667091091955,0.06677831426439593
26104,LOF,0.05313134617345207,0.05736244320910705,0.889506210617441
26105,LOF,0.20127762687273876,0.11460498509975159,0.6841173880275097
26106,LOF,0.2692294381144422,0.04263816072371712,0.6881324011618406
26107,LOF,0.015342777337589288,0.049275161077622455,0.9353820615847882
26108,LOF,0.14360469599367828,0.04678580673611442,0.8096094972702073
26109,LOF,0.05895485641118476,0.04722356385264204,0.8938215797361732
26110,LOF,0.41674758916723886,0.01139605508551461,0.5718563557472465
26111,LOF,0.0563866366845217,0.07078415315159033,0.8728292101638879
26112,LOF,0.060711451080289386,0.01041341120424816,0.9288751377154624
26113,LOF,0.12292534292961554,0.028689145396693243,0.8483855116736913
26114,LOF,0.08669520751416986,0.007162652705993649,0.9061421397798364
26115,LOF,0.017592501640102152,0.05511632801808505,0.9272911703418129
26116,LOF,0.07534371364138205,0.021844633672461398,0.9028116526861566
26117,LOF,0.39311016304243346,0.03739793118027379,0.5694919057772928
26118,LOF,0.036909489891062956,0.017056797996980462,0.9460337121119566
26119,LOF,0.005995154743159879,0.08396831476787768,0.9100365304889625
26120,LOF,0.03311768065442659,0.015357634109041738,0.9515246852365317
26121,LOF,0.004133736926698519,0.1230178758534209,0.8728483872198807
26122,LOF,0.005305575518127924,0.10210813604804138,0.8925862884338307
