feature0,prediction,LoGoFunc_Neutral,LoGoFunc_GOF,LoGoFunc_LOF
25546,Neutral,0.6534229090176529,0.05094200499661517,0.2956350859857319
25547,Neutral,0.4818894776672064,0.09176344819524633,0.4263470741375473
25548,Neutral,0.47702294744213947,0.07715986472776844,0.4458171878300921
25549,LOF,0.40182800281069514,0.07814978136972917,0.5200222158195756
25550,LOF,0.3468385558595574,0.11071818086820508,0.5424432632722375
25551,LOF,0.28654343354922485,0.1235433882473838,0.5899131782033914
25552,LOF,0.22018181919160706,0.1187640715084801,0.6610541092999128
25553,Neutral,0.8041871623952823,0.04022666371269272,0.1555861738920251
25554,LOF,0.2798456012962418,0.11049366799522979,0.6096607307085284
25555,LOF,0.22197865572630804,0.1046135177143931,0.6734078265592989
25556,LOF,0.44199241124345623,0.0955675424290716,0.4624400463274722
25557,LOF,0.21059406067376094,0.10897498802732028,0.6804309512989188
25558,LOF,0.27565930678181527,0.11106330479962713,0.6132773884185577
25559,LOF,0.1987153290447219,0.16836999316966272,0.6329146777856154
25560,LOF,0.07262657530429378,0.11812315651565594,0.8092502681800502
25561,LOF,0.14026653137100087,0.11017059984200246,0.7495628687869966
25562,LOF,0.06279380302963779,0.07599358314445702,0.8612126138259051
25563,LOF,0.09272595760192344,0.06606095222797186,0.8412130901701046
25564,LOF,0.1975264228202771,0.13996793152509682,0.662505645654626
25565,LOF,0.18940929635080697,0.1319986338817376,0.6785920697674555
25566,GOF,0.01948447023583011,0.7714124209092826,0.20910310885488734
25567,LOF,0.024241452230361504,0.13421245983510255,0.8415460879345359
25568,LOF,0.06362348609914881,0.06990956781241733,0.8664669460884339
25569,LOF,0.06012502980929864,0.06991571581850863,0.8699592543721928
25570,LOF,0.03092800075005634,0.09964165616870951,0.8694303430812342
25571,LOF,0.030329378746439466,0.09536027113774191,0.8743103501158187
25572,LOF,0.03431491903381182,0.11671396075570344,0.8489711202104848
25573,LOF,0.024902693562921074,0.09324434486837252,0.8818529615687064
25574,LOF,0.015113445348444865,0.17807420182089206,0.8068123528306631
25575,LOF,0.025972388821443235,0.10968285076290143,0.8643447604156553
25576,LOF,0.01254519501744968,0.1437522985715795,0.8437025064109708
25577,LOF,0.011639577874524677,0.11424500469010303,0.8741154174353722
25578,LOF,0.2821659914234344,0.08044575239530379,0.6373882561812618
25579,LOF,0.128563796833919,0.0871878118729246,0.7842483912931565
25580,LOF,0.01913240365116277,0.07463402354231068,0.9062335728065265
25581,LOF,0.04987928617501624,0.06764982358122396,0.8824708902437599
25582,LOF,0.049795433347529894,0.06670160463056925,0.8835029620219009
25583,LOF,0.020668018381245164,0.07986963716270115,0.8994623444560538
25584,Neutral,0.5217247199324131,0.11399571919415566,0.3642795608734313
25585,LOF,0.012822156739582702,0.1227755346639506,0.8644023085964667
25586,LOF,0.018682046008666256,0.07003382936375759,0.9112841246275761
25587,LOF,0.01770377219050178,0.06313207951936815,0.91916414829013
25588,LOF,0.017935851587748575,0.07821507124192253,0.9038490771703289
25589,Neutral,0.6420311024925113,0.13765808725856274,0.22031081024892601
25590,LOF,0.02081121456245986,0.11422102408420083,0.8649677613533392
25591,LOF,0.0794041351113001,0.060958049764190746,0.8596378151245092
25592,LOF,0.05094853601335594,0.12251689867896098,0.8265345653076831
25593,LOF,0.020358740493715045,0.28220039696544696,0.697440862540838
25594,LOF,0.03919803948974894,0.1192606605615824,0.8415412999486687
25595,LOF,0.038271773006640177,0.0910179963223798,0.8707102306709801
25596,LOF,0.05243213077333665,0.07182245251896334,0.8757454167077
25597,LOF,0.03497414984678309,0.07906164466718467,0.8859642054860322
25598,LOF,0.03596624462698122,0.09930216971595751,0.8647315856570613
25599,GOF,0.008744468161137173,0.5545659061552627,0.4366896256836002
25600,GOF,0.028693026183898303,0.6267484677823195,0.3445585060337822
25601,LOF,0.0132446708080391,0.4090570389850654,0.5776982902068954
25602,LOF,0.012129844400303718,0.0543236386834587,0.9335465169162376
25603,LOF,0.042105431255548255,0.02363727716477946,0.9342572915796722
25604,LOF,0.014963114287421154,0.057708888833330085,0.9273279968792486
25605,LOF,0.009712297211239672,0.17537447479811175,0.8149132279906486
25606,LOF,0.09822114593308603,0.3071823502846795,0.5945965037822345
25607,LOF,0.006069448644453132,0.19257875404497732,0.8013517973105696
25608,LOF,0.011209996131228948,0.09727325843725265,0.8915167454315184
25609,LOF,0.07408761656786322,0.37925261636165863,0.5466597670704781
25610,LOF,0.019333595593048387,0.02549402731130666,0.955172377095645
25611,LOF,0.018226754712597475,0.02820679161289541,0.9535664536745072
25612,LOF,0.058914111647065566,0.0383750927861397,0.9027107955667947
25613,LOF,0.05434786602441854,0.03848524293298623,0.9071668910425953
25614,LOF,0.027053440577140243,0.03091263746749356,0.9420339219553663
25615,LOF,0.016395758062972585,0.04185023208040254,0.9417540098566248
25616,LOF,0.051280538232418904,0.03042846979486381,0.9182909919727174
25617,LOF,0.04993547808031396,0.032243537845558876,0.917820984074127
25618,LOF,0.05998149963529915,0.03515971443075294,0.904858785933948
25619,LOF,0.01802857441297156,0.03268358131078945,0.949287844276239
25620,LOF,0.07206116026974553,0.04078713512462721,0.8871517046056272
25621,LOF,0.0177140072005158,0.03413415097657957,0.9481518418229046
25622,LOF,0.021662141456584183,0.04209855141962028,0.9362393071237955
25623,LOF,0.03409417829976466,0.04038106507624134,0.9255247566239939
25624,LOF,0.022372127235285096,0.03954418040518451,0.9380836923595304
25625,LOF,0.02309634334784976,0.05137180080998708,0.9255318558421631
25626,LOF,0.053859416593293054,0.0355565896624269,0.9105839937442801
25627,Neutral,0.6300098978704853,0.0905406260057517,0.27944947612376303
25628,LOF,0.18108700281288115,0.0466761402967565,0.7722368568903624
25629,LOF,0.039733112419239554,0.06154697692380509,0.8987199106569554
25630,LOF,0.14131160561369657,0.0847396168639179,0.7739487775223857
25631,Neutral,0.6228599546269926,0.05600732411635348,0.32113272125665393
25632,LOF,0.007654457652701177,0.07061829824716927,0.9217272441001295
25633,LOF,0.20124488087137757,0.05106649879624992,0.7476886203323725
25634,LOF,0.029689796305465668,0.09265917391416954,0.8776510297803648
25635,LOF,0.037864818015241664,0.05111220486668654,0.9110229771180718
25636,LOF,0.005211100222716195,0.4815284382801003,0.5132604614971836
25637,GOF,0.006874888320615633,0.5014192745928605,0.49170583708652393
25638,LOF,0.009742319457503545,0.25248432079169636,0.7377733597508002
25639,LOF,0.005428217985216908,0.39446955945460305,0.6001022225601801
25640,Neutral,0.5007372515362586,0.42027364099921866,0.0789891074645228
25641,GOF,0.007952192321913057,0.5350436091687677,0.45700419850931934
25642,LOF,0.23303607356756723,0.12327955853799917,0.6436843678944337
25643,LOF,0.147801450747922,0.15576570161848804,0.6964328476335899
25644,LOF,0.007968413612739643,0.4950819552594555,0.4969496311278047
25645,LOF,0.006399026170950084,0.4532580139920867,0.5403429598369632
25646,LOF,0.011055429399316086,0.3860112156146248,0.6029333549860592
25647,LOF,0.008934773442465876,0.32229823257050333,0.6687669939870307
25648,LOF,0.008342102368452665,0.303839858378088,0.6878180392534593
25649,LOF,0.00715273235844301,0.26062694165565903,0.732220325985898
25650,LOF,0.011429194769579078,0.43480590973957656,0.5537648954908444
25651,LOF,0.004936016585245308,0.32479485185009127,0.6702691315646634
25652,LOF,0.008562627941720833,0.3002354261847666,0.6912019458735126
25653,LOF,0.021493420442797576,0.42408758083940384,0.5544189987177985
25654,LOF,0.009093530455243344,0.22856167260360516,0.7623447969411514
25655,LOF,0.034825263278518225,0.4410927381370997,0.5240819985843821
25656,LOF,0.18992962227741458,0.057143506848842146,0.7529268708737432
25657,LOF,0.2772258111795489,0.02816219512575029,0.6946119936947008
25658,LOF,0.06988397414430636,0.10098459421707139,0.8291314316386222
25659,LOF,0.4177269303834756,0.07496021099571043,0.5073128586208141
25660,LOF,0.03017178476527096,0.08592391690573306,0.8839042983289961
25661,LOF,0.09224978879426161,0.06046989021288443,0.8472803209928539
25662,LOF,0.031411247283477356,0.038595313440897,0.9299934392756257
25663,LOF,0.04028181885460316,0.055666417326321604,0.9040517638190753
25664,LOF,0.047102606425432375,0.07023668987023426,0.8826607037043335
25665,LOF,0.05420500495394321,0.02825663674750539,0.9175383582985513
25666,LOF,0.03840900101700009,0.09599382423929151,0.8655971747437085
25667,LOF,0.064473527941947,0.04283435649314824,0.8926921155649048
25668,LOF,0.03486243993733083,0.04410886598370674,0.9210286940789625
25669,LOF,0.03195410964686998,0.06362780760853567,0.9044180827445943
25670,LOF,0.06540717347391173,0.06476845085132187,0.8698243756747663
25671,LOF,0.08812771669348397,0.03824951524630386,0.8736227680602121
25672,LOF,0.05716770428578642,0.037302310925614805,0.9055299847885987
25673,LOF,0.024135855472989996,0.05132431230057689,0.9245398322264331
25674,LOF,0.02044095179508994,0.063861857751523,0.9156971904533872
25675,LOF,0.03373682216941914,0.055004387595112676,0.9112587902354681
25676,LOF,0.018889793239843317,0.0507535331951155,0.9303566735650411
25677,LOF,0.02871933192128136,0.06465687248975616,0.9066237955889624
25678,LOF,0.20737361594737905,0.05244468525760569,0.7401816987950153
25679,LOF,0.1728091808814678,0.0821372158945472,0.745053603223985
25680,LOF,0.042622701478700634,0.10498715793173412,0.8523901405895652
25681,LOF,0.06517010997358384,0.09990311946130707,0.8349267705651091
25682,LOF,0.13899619562690152,0.07058836088735204,0.7904154434857464
25683,LOF,0.08657452136934939,0.11325962614153384,0.8001658524891168
25684,LOF,0.04390978700251856,0.07464576041658175,0.8814444525808997
25685,LOF,0.08605915898690683,0.04133426492979756,0.8726065760832957
25686,LOF,0.02544984056897501,0.07917419043331181,0.8953759689977131
25687,LOF,0.052628480899163305,0.06810969758321465,0.879261821517622
25688,LOF,0.053384907197551665,0.07177936200421098,0.8748357307982373
25689,LOF,0.028368705851334754,0.07746966110262303,0.8941616330460423
25690,LOF,0.038707910331128074,0.0597563552068022,0.9015357344620698
25691,LOF,0.26385360657830453,0.0855053103513588,0.6506410830703366
25692,LOF,0.2627320618837946,0.009423836660575615,0.7278441014556297
25693,LOF,0.05651851852395661,0.33472423870884804,0.6087572427671955
25694,LOF,0.23038367283806158,0.014134093045618067,0.7554822341163203
25695,LOF,0.13786891844685667,0.020939119145642344,0.8411919624075009
25696,LOF,0.11217660220026071,0.012106605310119025,0.8757167924896202
25697,LOF,0.09006466498417436,0.025356728182175495,0.8845786068336501
25698,LOF,0.06545284180638931,0.43592759090200617,0.4986195672916046
25699,LOF,0.06287536366763576,0.06883218909413531,0.868292447238229
25700,LOF,0.05630007701722106,0.008911491408285024,0.934788431574494
25701,LOF,0.015965953774958262,0.0942204925101529,0.8898135537148888
25702,GOF,0.037897313727881285,0.6464325642334632,0.3156701220386556
25703,LOF,0.008793579338163068,0.15756803343947026,0.8336383872223666
25704,LOF,0.06024284233068065,0.1154683000004067,0.8242888576689127
25705,LOF,0.07131568695516946,0.21126499936737134,0.7174193136774591
25706,LOF,0.027874869135860236,0.4031932145526974,0.5689319163114424
25707,LOF,0.01929530448799494,0.34122288781053733,0.6394818077014677
25708,LOF,0.008438587276124477,0.3087974227480405,0.6827639899758351
25709,LOF,0.06065391953699378,0.045867456429574884,0.8934786240334314
25710,LOF,0.005774438142925118,0.1425428640843344,0.8516826977727404
25711,LOF,0.019634707221906425,0.10651915213005687,0.8738461406480367
25712,LOF,0.007635224536508572,0.19327911859183253,0.799085656871659
25713,LOF,0.020228499098220356,0.09891142118110222,0.8808600797206775
25714,LOF,0.06610643535927856,0.11886795623365283,0.8150256084070686
25715,LOF,0.013210466601941724,0.1244605740602752,0.8623289593377831
25716,LOF,0.0064135098746401055,0.11152811803651898,0.882058372088841
25717,LOF,0.006624140108981504,0.07996832091464505,0.9134075389763735
25718,LOF,0.014059627863072027,0.08644566946536111,0.8994947026715668
25719,LOF,0.021626876601452613,0.08174181423550325,0.8966313091630442
25720,LOF,0.022601253709322276,0.07222341958600219,0.9051753267046755
25721,LOF,0.017999671295227258,0.09503677082251623,0.8869635578822566
25722,LOF,0.01650207478835882,0.10577257171880554,0.8777253534928356
25723,LOF,0.022250964767255018,0.05772515688497995,0.920023878347765
25724,LOF,0.02053069474304625,0.08878663581829295,0.8906826694386608
25725,LOF,0.013336857439920007,0.06697468452055608,0.9196884580395239
25726,LOF,0.016510639710432217,0.09458244319246153,0.8889069170971062
25727,LOF,0.014125128361866149,0.07340106603062793,0.912473805607506
25728,LOF,0.01248560651877245,0.09608288823452565,0.8914315052467019
25729,LOF,0.012832819099908998,0.0964506087938158,0.8907165721062751
25730,LOF,0.01797268446480125,0.07701881053605998,0.9050085049991388
25731,LOF,0.00825179262464466,0.12278184415933957,0.8689663632160158
25732,LOF,0.018111331944202832,0.07397304053262588,0.9079156275231713
25733,LOF,0.017542091824161228,0.06807326882511723,0.9143846393507216
25734,LOF,0.006102423702492088,0.12400477522767453,0.8698928010698334
25735,LOF,0.01550956577209419,0.06505021803580328,0.9194402161921025
25736,LOF,0.016452279199797748,0.0890334692734146,0.8945142515267875
25737,LOF,0.023191450873779912,0.07920498292521398,0.8976035662010061
25738,LOF,0.015246192211490331,0.11934979781576319,0.8654040099727465
25739,LOF,0.022916124145845262,0.10462055209012287,0.8724633237640318
25740,LOF,0.03453374187576531,0.10821362350581214,0.8572526346184226
25741,LOF,0.01654162627507484,0.1004338848667494,0.8830244888581757
25742,LOF,0.09844802051943478,0.10310467577442531,0.7984473037061398
25743,LOF,0.016629462162592173,0.03503212164632627,0.9483384161910816
25744,GOF,0.18300743303765532,0.42123067060669256,0.3957618963556521
25745,LOF,0.02526907832015043,0.06737869838334697,0.9073522232965027
25746,LOF,0.01597370346316459,0.07866242596027928,0.9053638705765561
25747,LOF,0.030251448035459337,0.03163418232342641,0.9381143696411143
25748,LOF,0.13262397561841754,0.050808556442549314,0.8165674679390331
25749,LOF,0.014578498663992134,0.06765800732146804,0.9177634940145398
25750,LOF,0.030754180939123785,0.08145706473594669,0.8877887543249294
25751,LOF,0.11131532705917346,0.061879369079167995,0.8268053038616585
25752,GOF,0.13173839371664955,0.6047344678029337,0.26352713848041665
25753,LOF,0.009595322737756862,0.2641207597230366,0.7262839175392065
25754,GOF,0.004954002586539814,0.7808187086384465,0.21422728877501362
25755,LOF,0.010538550219189953,0.3664750812901397,0.6229863684906702
25756,LOF,0.05094457277298763,0.3489114687384767,0.6001439584885356
25757,GOF,0.005879263629565052,0.8407581458671477,0.15336259050328735
25758,GOF,0.007148891947888122,0.817611641174292,0.17523946687781977
25759,GOF,0.004375378522349154,0.5231671714760266,0.4724574500016243
25760,LOF,0.006179515685647185,0.24015959007673177,0.7536608942376211
25761,GOF,0.040383613120398884,0.8109289185089475,0.14868746837065355
25762,LOF,0.03787679310026856,0.25782504855937505,0.7042981583403565
25763,LOF,0.007851030702830242,0.17276837147932528,0.8193805978178444
25764,GOF,0.19523184889445097,0.48064633280507196,0.32412181830047715
25765,GOF,0.011617190873799236,0.7685239217559154,0.21985888737028528
25766,GOF,0.01547342260969809,0.8137451608217255,0.17078141656857648
25767,GOF,0.023246911392372904,0.5399981428034818,0.4367549458041454
25768,LOF,0.07981928700279817,0.08443543395080641,0.8357452790463955
25769,LOF,0.08314915561830623,0.06511699311342195,0.8517338512682718
25770,LOF,0.3566719897241426,0.08110684889595036,0.5622211613799071
25771,LOF,0.013339635086636562,0.06549930036232794,0.9211610645510355
25772,LOF,0.020284865838446492,0.030986339939947725,0.9487287942216057
25773,LOF,0.012009478110848404,0.12038941855024803,0.8676011033389036
25774,LOF,0.028946685024748245,0.07490126370799569,0.8961520512672561
25775,LOF,0.014976432489437877,0.05344848100193497,0.9315750865086271
25776,LOF,0.08368559473600456,0.02715557470351231,0.8891588305604832
25777,LOF,0.3263267391083528,0.05406193018203195,0.6196113307096153
25778,LOF,0.06451383751457553,0.05021495654985158,0.885271205935573
25779,GOF,0.08376693945551479,0.8546911732998268,0.061541887244658484
25780,GOF,0.06807874412939645,0.8468404764097225,0.08508077946088102
25781,GOF,0.027338109904468406,0.8543279266297763,0.11833396346575518
25782,GOF,0.03466366382614804,0.8754103374348072,0.08992599873904471
25783,GOF,0.013352813608785328,0.6740309720474579,0.3126162143437567
25784,GOF,0.13459947549717738,0.8051004153717144,0.06030010913110817
25785,GOF,0.080171508667116,0.8649932633720214,0.05483522796086263
25786,GOF,0.0061292329158593424,0.7999020821821602,0.1939686849019804
25787,GOF,0.22783421209974233,0.7240443034336207,0.048121484466636825
25788,LOF,0.04997916508778206,0.11374979753729167,0.8362710373749264
25789,GOF,0.03746115897773261,0.8017742259188967,0.1607646151033706
25790,GOF,0.03591069266926653,0.830530980902531,0.13355832642820248
25791,GOF,0.027938370395404515,0.7767592123624905,0.1953024172421051
25792,GOF,0.05081529659001987,0.7660086938512195,0.18317600955876057
25793,GOF,0.074711250276452,0.7199610440405804,0.2053277056829676
25794,GOF,0.10291126369852431,0.6663379625794541,0.23075077372202152
25795,GOF,0.025867684144524037,0.7502152200716656,0.2239170957838103
25796,GOF,0.1293021776976845,0.741390898560327,0.1293069237419885
25797,GOF,0.03157422866507162,0.5803958830258616,0.3880298883090668
25798,GOF,0.003237295046407435,0.5294735575160012,0.4672891474375913
25799,LOF,0.003171992881992969,0.4053756865552794,0.5914523205627276
25800,GOF,0.01072944694451094,0.598031601235117,0.39123895182037205
25801,GOF,0.039350899880443914,0.8058878756456569,0.15476122447389912
25802,GOF,0.018177279479243327,0.729775909607611,0.2520468109131457
25803,GOF,0.010019056156051854,0.5814803907414651,0.4085005531024832
25804,LOF,0.012146875956063442,0.4755257970131888,0.5123273270307478
25805,GOF,0.019734778230947037,0.6261255368800859,0.354139684888967
25806,GOF,0.01709173564040535,0.6287044263944529,0.3542038379651417
25807,GOF,0.0057417377213877215,0.6521676593053943,0.34209060297321797
25808,GOF,0.014212452891075436,0.6676587147442952,0.31812883236462935
25809,GOF,0.00680734652344562,0.6039960146359016,0.38919663884065275
25810,GOF,0.005448704273335278,0.6216047038122294,0.37294659191443524
25811,GOF,0.12140957599833217,0.7528967614448434,0.12569366255682432
25812,GOF,0.013265505769556735,0.6167702671331369,0.3699642270973063
25813,GOF,0.1341981590538131,0.6959849129383363,0.1698169280078506
25814,GOF,0.029339745054453747,0.6916732194533948,0.27898703549215137
25815,GOF,0.04041852318104541,0.6923902424658351,0.2671912343531194
25816,GOF,0.007465888907820774,0.7423057778968489,0.25022833319533033
25817,GOF,0.056834804136286825,0.7620268483542569,0.18113834750945626
25818,GOF,0.017839887423171098,0.7117427449199047,0.2704173676569242
25819,GOF,0.06955790260972301,0.7142841617310023,0.21615793565927457
25820,GOF,0.03391652500246136,0.7116466318283201,0.25443684316921844
25821,GOF,0.01686139434428415,0.6975818647103351,0.28555674094538064
25822,GOF,0.03586096365907743,0.7144078393785752,0.2497311969623473
25823,GOF,0.01217544809383616,0.5422803506651775,0.4455442012409862
25824,GOF,0.022113665302145306,0.6839072976758449,0.2939790370220098
25825,GOF,0.012442783425549444,0.6522893928154012,0.33526782375904945
25826,GOF,0.005098654897499159,0.6342308685581753,0.36067047654432555
25827,GOF,0.007177825763331758,0.6391754262950435,0.3536467479416247
25828,GOF,0.004903563083939503,0.562972957595133,0.43212347932092754
25829,GOF,0.0028057585683629524,0.5992479099416906,0.3979463314899463
25830,LOF,0.0438852618390082,0.2995298833088052,0.6565848548521867
25831,GOF,0.0519165713587415,0.8015658890402962,0.1465175396009623
25832,GOF,0.008346206464703326,0.7572232040321178,0.2344305895031788
25833,GOF,0.03276087047843595,0.7788414783807012,0.18839765114086288
25834,GOF,0.009563528348302338,0.7634030540562591,0.22703341759543863
25835,GOF,0.020367657534145742,0.8043908173096808,0.17524152515617344
25836,GOF,0.007645448780301608,0.7396435129393238,0.25271103828037456
25837,GOF,0.007703205351843587,0.6581001701345301,0.3341966245136263
25838,GOF,0.023989162818819625,0.8294974615752705,0.14651337560590993
25839,GOF,0.06211644464884268,0.7706408646713966,0.16724269067976064
25840,GOF,0.057754763386001884,0.7618516314045127,0.18039360520948527
25841,GOF,0.050909946873277594,0.7906763027220667,0.1584137504046557
25842,GOF,0.031834116798849156,0.8470449508077909,0.12112093239335997
25843,GOF,0.03292766903930786,0.8603226933688437,0.10674963759184837
25844,GOF,0.020750520346900093,0.7641807665941662,0.21506871305893369
25845,GOF,0.005769273082566379,0.5460855771149112,0.44814514980252235
25846,GOF,0.03779211725043863,0.8137950379782534,0.14841284477130795
25847,GOF,0.021249689669545636,0.8778052797004818,0.10094503062997251
25848,GOF,0.012411947367553132,0.7810754361914852,0.2065126164409616
25849,GOF,0.004379016643598289,0.656888933705259,0.33873204965114273
25850,GOF,0.006258064486765554,0.7058280919707148,0.28791384354251953
25851,GOF,0.005954214449671885,0.5765028584964468,0.4175429270538814
25852,GOF,0.17153888310389653,0.5068059372189577,0.3216551796771458
25853,GOF,0.07949533506979818,0.8022209539817134,0.11828371094848844
25854,GOF,0.008441999106552545,0.6406151765357199,0.3509428243577276
25855,GOF,0.012721401034568751,0.5821885136977967,0.40509008526763457
25856,GOF,0.04537383822932578,0.6879094250129838,0.26671673675769036
25857,GOF,0.012948209296824885,0.5387172012227303,0.4483345894804449
25858,GOF,0.007625132300584516,0.5371716670642324,0.4552032006351831
25859,GOF,0.0052468717988908824,0.5192760920173921,0.47547703618371695
25860,GOF,0.08524063380835203,0.781880137970119,0.13287922822152898
25861,GOF,0.13600558254344586,0.7576676084111149,0.10632680904543917
25862,GOF,0.02073243373283057,0.8377898326251882,0.14147773364198124
25863,GOF,0.022574448735184438,0.8497333779563591,0.12769217330845645
25864,GOF,0.049238670869928815,0.8716368141066572,0.07912451502341405
25865,GOF,0.028340526124333902,0.8491975776347462,0.12246189624091983
25866,GOF,0.02351952544557046,0.8258838264910516,0.1505966480633779
25867,GOF,0.03171843723178989,0.8543894172717185,0.11389214549649178
25868,GOF,0.06503685868108257,0.7877888276333652,0.14717431368555234
25869,GOF,0.3497470915320944,0.5482852605548422,0.10196764791306351
25870,GOF,0.20259096541635127,0.4623933785361686,0.33501565604748007
25871,GOF,0.03968932564590008,0.8202168786669196,0.14009379568718042
25872,GOF,0.02061668250749921,0.7488310604541909,0.2305522570383098
25873,GOF,0.026173734749594564,0.8085368496947041,0.16528941555570148
25874,LOF,0.017479563391874783,0.12475974533822268,0.8577606912699025
25875,LOF,0.02149193071027942,0.04875312976363307,0.9297549395260876
25876,LOF,0.014056034233396464,0.034133459316004526,0.9518105064505991
25877,LOF,0.13082449483335096,0.08368799239973919,0.7854875127669098
25878,LOF,0.05054470895090423,0.12020829104315302,0.8292470000059428
25879,LOF,0.02062116174707517,0.09158503015125,0.8877938081016747
25880,LOF,0.044675558471261444,0.012799166168104063,0.9425252753606346
25881,Neutral,0.5427974985599034,0.04099275895746064,0.4162097424826359
25882,LOF,0.019657156940779356,0.02707549090610913,0.9532673521531114
25883,LOF,0.055745258096567024,0.022772186459526358,0.9214825554439066
25884,LOF,0.008594236110352297,0.03888223562461418,0.9525235282650335
25885,LOF,0.16735829367921817,0.006215091672444184,0.8264266146483377
25886,LOF,0.24569000062872703,0.052302812912276606,0.7020071864589963
25887,LOF,0.15156754311662354,0.05042541552833604,0.7980070413550404
25888,LOF,0.013429035209764158,0.09822265586992032,0.8883483089203156
25889,LOF,0.01052907133112364,0.02984956402174002,0.9596213646471364
25890,LOF,0.1378365614842068,0.08565196936696148,0.7765114691488318
25891,LOF,0.04165237893567052,0.04570007662221125,0.9126475444421183
25892,LOF,0.013753055603573597,0.04193164115302961,0.9443153032433967
25893,LOF,0.4200909393877577,0.014382354035041806,0.5655267065772006
25894,LOF,0.431291235171657,0.008157470356784404,0.5605512944715586
25895,LOF,0.3661814572874699,0.014722177242607194,0.619096365469923
25896,LOF,0.04389443113202276,0.029607258768308126,0.9264983100996691
25897,LOF,0.21960251190796362,0.015551267010871488,0.764846221081165
25898,LOF,0.2765790140632979,0.037089476708053765,0.6863315092286484
25899,LOF,0.17571768032718685,0.03221511215529758,0.7920672075175156
25900,Neutral,0.4951965292690861,0.015938010718711263,0.48886546001220255
25901,LOF,0.04218942882242742,0.012690839910741014,0.9451197312668316
25902,LOF,0.09351509543617649,0.014838679922259032,0.8916462246415644
25903,LOF,0.41301494716036263,0.03302697605523645,0.5539580767844009
25904,LOF,0.3170886350711769,0.055481118132098405,0.6274302467967248
25905,LOF,0.005797147726568906,0.4303968290838318,0.5638060231895994
25906,LOF,0.0093201460197788,0.09699565307338638,0.8936842009068348
25907,LOF,0.0036868637703401223,0.40068377216577555,0.5956293640638842
25908,LOF,0.003393004063629947,0.29271435584642785,0.7038926400899421
25909,LOF,0.013690196313932168,0.12648683006545405,0.8598229736206138
25910,LOF,0.01616445473735548,0.1668580609857788,0.8169774842768658
25911,LOF,0.18992629775956574,0.031036317360921085,0.7790373848795131
25912,LOF,0.07172719350630267,0.036885374071994284,0.8913874324217032
25913,LOF,0.07821750216216586,0.05234587780774696,0.8694366200300871
25914,LOF,0.022078118427769106,0.05599146217892558,0.9219304193933053
25915,LOF,0.1428617629147372,0.35192153646323215,0.5052167006220307
25916,LOF,0.017679544832342676,0.22659870255315154,0.7557217526145058
25917,LOF,0.05528719135919581,0.039465108180273746,0.9052477004605305
25918,LOF,0.026580662966210377,0.0331774728053512,0.9402418642284385
25919,LOF,0.022702859811288112,0.030247393334037698,0.9470497468546742
25920,LOF,0.058168913241016466,0.4315793467452933,0.5102517400136902
25921,LOF,0.010459654281360961,0.04581797051914369,0.9437223751994954
25922,LOF,0.01286323791626992,0.03455611145986353,0.9525806506238665
25923,Neutral,0.4879452454911474,0.04583535384434072,0.46621940066451195
25924,LOF,0.01727236636173734,0.04518344144611051,0.9375441921921521
25925,LOF,0.07665336567878865,0.05377478752936671,0.8695718467918446
25926,LOF,0.05742215533252258,0.05046223856535026,0.8921156061021271
25927,LOF,0.015055015974890045,0.16795681214213373,0.8169881718829762
25928,LOF,0.007751086396859424,0.056218415994771655,0.9360304976083689
25929,Neutral,0.5972524373199246,0.04834740008852932,0.35440016259154605
25930,LOF,0.06903908636621105,0.03851564332735871,0.8924452703064303
25931,LOF,0.010400193539086736,0.0370931500769856,0.9525066563839276
25932,LOF,0.0323485583868086,0.02990877193199963,0.9377426696811918
25933,LOF,0.040128427740962744,0.020260924069065257,0.9396106481899721
25934,LOF,0.027540634004166932,0.022046708985733948,0.950412657010099
25935,LOF,0.07146898287012118,0.07030347355478994,0.8582275435750889
25936,LOF,0.04436541851075545,0.025662444662147146,0.9299721368270975
25937,LOF,0.009671026324032701,0.04279736999205134,0.947531603683916
25938,LOF,0.06923435214432709,0.07262176184969485,0.8581438860059781
25939,LOF,0.03908429637882926,0.02522163217505648,0.9356940714461142
25940,LOF,0.007551729285014487,0.32772877212396967,0.6647194985910159
25941,Neutral,0.503291109554238,0.04728703271359815,0.4494218577321639
25942,LOF,0.004924275583266941,0.04013109628436528,0.9549446281323678
25943,LOF,0.03401973848490306,0.131305952691891,0.8346743088232058
25944,LOF,0.0991702348358907,0.08260800150717748,0.8182217636569318
25945,LOF,0.05417002631008117,0.020247540678978136,0.9255824330109407
25946,LOF,0.062455286390800474,0.068353815483828,0.8691908981253715
25947,LOF,0.4475032747781932,0.07812045818976823,0.4743762670320386
25948,LOF,0.3265339619975006,0.00973267456450849,0.6637333634379908
25949,LOF,0.09382043625082626,0.04704766263935277,0.859131901109821
25950,GOF,0.040701126194290206,0.5288075690043265,0.4304913048013833
25951,LOF,0.02187306809639059,0.3262391636115096,0.6518877682920998
25952,LOF,0.23233879164828958,0.25040520784873066,0.5172560005029797
25953,LOF,0.015176481498589271,0.1436658413584075,0.8411576771430033
25954,LOF,0.06698070953111965,0.36437283072688753,0.5686464597419927
25955,LOF,0.011492936310397354,0.09895447788517198,0.8895525858044308
25956,LOF,0.03134248580533925,0.18177667297834327,0.7868808412163175
25957,LOF,0.14705619058004413,0.021124867768293667,0.8318189416516621
25958,LOF,0.049910748990921884,0.0340949263166682,0.91599432469241
25959,LOF,0.014330032211734293,0.3788404626654985,0.6068295051227672
25960,LOF,0.006083981497914794,0.05750927984455339,0.9364067386575318
25961,LOF,0.038974250155666176,0.032190622026402826,0.928835127817931
25962,LOF,0.03999328090486398,0.0622188164735695,0.8977879026215666
25963,LOF,0.005357139007528551,0.2720539278228245,0.7225889331696469
25964,LOF,0.03336317705448813,0.11039978746573498,0.8562370354797769
25965,LOF,0.36400929088864986,0.1024241787714093,0.5335665303399407
25966,Neutral,0.5092559520418055,0.16654628375875097,0.32419776419944357
25967,LOF,0.006664693074028202,0.09215869699922492,0.901176609926747
25968,LOF,0.037820269398161514,0.3650068497944594,0.597172880807379
25969,LOF,0.12191721821887547,0.05888725015492145,0.8191955316262031
25970,LOF,0.018274085382450924,0.07267195581740524,0.9090539588001438
25971,LOF,0.06799606734804377,0.029746205297735293,0.9022577273542208
25972,LOF,0.06202185731040092,0.04293403963047805,0.895044103059121
25973,LOF,0.054738234399472424,0.009030719490553615,0.9362310461099739
25974,LOF,0.03258719336325575,0.030499013975722813,0.9369137926610214
25975,LOF,0.045628154335028766,0.020316586987803847,0.9340552586771673
25976,LOF,0.0984436823666199,0.009910877708528781,0.8916454399248513
25977,LOF,0.19957294311087742,0.06029285684480664,0.7401342000443161
25978,LOF,0.16891076037463104,0.10533501174090296,0.725754227884466
25979,LOF,0.14227157457030934,0.10239170245593686,0.7553367229737539
25980,LOF,0.2379652739583295,0.12460713710111018,0.6374275889405603
25981,LOF,0.2652536390120595,0.12465350434360249,0.610092856644338
25982,LOF,0.419476306365686,0.09029477776078423,0.4902289158735298
25983,LOF,0.40087229667663776,0.09662809180478414,0.502499611518578
25984,LOF,0.04095268249492508,0.050200125991770844,0.9088471915133042
25985,LOF,0.37192037824442065,0.1364289210871754,0.49165070066840394
25986,LOF,0.010229971276752532,0.3908678457277081,0.5989021829955393
25987,LOF,0.035072223706333075,0.07989768139615963,0.8850300948975074
25988,LOF,0.15500565272012937,0.07260718583197644,0.7723871614478942
25989,LOF,0.03558234212221828,0.11666523104511613,0.8477524268326655
25990,LOF,0.03442991801382583,0.18454188882146091,0.7810281931647132
25991,LOF,0.016530403235795445,0.34110465285548675,0.6423649439087178
25992,LOF,0.02263772833398393,0.3349054484345499,0.6424568232314661
25993,LOF,0.023408561421142456,0.07440901302615828,0.9021824255526992
25994,LOF,0.01677656765139742,0.07349394452994573,0.9097294878186569
25995,LOF,0.02204266444594026,0.1578109697631804,0.8201463657908794
25996,LOF,0.3037238207350864,0.28380675103413416,0.41246942823077937
25997,LOF,0.06610822997827948,0.33521567574824673,0.5986760942734738
25998,LOF,0.29858285420564223,0.03780298120916622,0.6636141645851915
25999,LOF,0.014482524876753902,0.21913627738511043,0.7663811977381356
26000,LOF,0.13993921620280717,0.027456808129288537,0.8326039756679043
26001,LOF,0.2974128907839304,0.026335242257835623,0.676251866958234
26002,LOF,0.06886395193317114,0.04214974684373628,0.8889863012230925
26003,GOF,0.003626884695381745,0.6278779881376995,0.36849512716691885
26004,GOF,0.005661523539379136,0.7059505448347297,0.28838793162589105
26005,GOF,0.00279863120244332,0.49952109442671216,0.4976802743708446
26006,GOF,0.08123604341669993,0.562387230809293,0.3563767257740071
26007,GOF,0.005632153507857221,0.5485950516125022,0.4457727948796405
26008,GOF,0.004791465519063517,0.6137548678064787,0.3814536666744578
26009,GOF,0.0050774835788002124,0.6452902453047771,0.3496322711164227
26010,GOF,0.0062416701635140525,0.6778584161017633,0.31589991373472265
26011,LOF,0.0025461819380625515,0.4700131906933171,0.5274406273686203
26012,GOF,0.003537406284650919,0.5500095154149433,0.4464530783004058
26013,GOF,0.00444712158065481,0.6223911900899435,0.3731616883294017
26014,LOF,0.050883583483483964,0.08429543335189937,0.8648209831646166
26015,LOF,0.1499746409638831,0.02144319036658769,0.8285821686695293
26016,LOF,0.30521008884642586,0.031904413017780915,0.6628854981357932
26017,LOF,0.023038406982846957,0.18492279377374307,0.7920387992434099
26018,LOF,0.07943556545946676,0.045210822723382456,0.8753536118171508
26019,LOF,0.07601968326240668,0.036543530214081146,0.8874367865235121
26020,LOF,0.010421871914140346,0.17073542114775497,0.8188427069381046
26021,LOF,0.07429113672398775,0.06217874549447436,0.8635301177815379
26022,LOF,0.030026270899059945,0.0249211532300904,0.9450525758708497
26023,LOF,0.04885812455141985,0.02593097561355797,0.9252108998350221
26024,LOF,0.04767994102595386,0.06295461237349026,0.8893654466005558
26025,LOF,0.06472488828214144,0.13092333930694858,0.8043517724109099
26026,LOF,0.13451589529737973,0.05712111476420668,0.8083629899384137
26027,LOF,0.06150796966728101,0.02035719694311298,0.9181348333896061
26028,LOF,0.09628747627322608,0.11642609944922261,0.7872864242775514
26029,LOF,0.027375469815015933,0.16338566963610035,0.8092388605488836
26030,LOF,0.16176456312538584,0.018125382037944254,0.8201100548366699
26031,LOF,0.014039944285155913,0.11652378642310597,0.8694362692917382
26032,LOF,0.08424834735995226,0.046705787083210576,0.8690458655568373
26033,LOF,0.08541209559950945,0.0448085810471454,0.8697793233533452
26034,LOF,0.015890495142864496,0.125257942588424,0.8588515622687115
26035,LOF,0.01397866512151718,0.09875368649124532,0.8872676483872376
26036,LOF,0.017092886102950677,0.12448966197695409,0.8584174519200953
26037,LOF,0.011646486094549198,0.09206450558371716,0.8962890083217335
26038,LOF,0.07461925867018061,0.04341416480744602,0.8819665765223733
26039,LOF,0.024541585744880762,0.12146993834423253,0.8539884759108867
26040,LOF,0.11999002930095952,0.08801972996698493,0.7919902407320555
26041,LOF,0.013702830365448448,0.08074498887256411,0.9055521807619875
26042,LOF,0.012464193142678342,0.08338899305664207,0.9041468138006796
26043,LOF,0.07315971414940209,0.05873377002515547,0.8681065158254424
26044,LOF,0.01581642403540201,0.04384631462492868,0.9403372613396694
26045,LOF,0.04847940912610727,0.08465941130414885,0.866861179569744
26046,LOF,0.0665708163624269,0.048873966424494104,0.884555217213079
26047,LOF,0.11036998727970047,0.05369498669048432,0.8359350260298153
26048,LOF,0.05139653458721668,0.031226544298380128,0.9173769211144033
26049,Neutral,0.9702244402113077,0.00534543877982472,0.024430121008867565
26050,Neutral,0.9585768367385322,0.006571390755931504,0.03485177250553628
26051,LOF,0.013280553651002665,0.24230833726797454,0.7444111090810228
26052,LOF,0.01625144925770579,0.2860528628666278,0.6976956878756664
26053,LOF,0.024185910457039054,0.15163074609004856,0.8241833434529123
26054,LOF,0.04635129938473141,0.018876397132530042,0.9347723034827385
26055,LOF,0.06203141042939246,0.017905827235546377,0.9200627623350611
26056,LOF,0.050134533429449714,0.020346618306971473,0.9295188482635788
26057,LOF,0.03148262230328913,0.012590647284533452,0.9559267304121775
26058,LOF,0.0322212812980389,0.011087253201933513,0.9566914655000277
26059,LOF,0.2652369270314903,0.023850407239640364,0.7109126657288694
26060,LOF,0.00681189729373216,0.2459715467780796,0.7472165559281883
26061,LOF,0.004908994005296874,0.013469932227945508,0.9816210737667576
26062,LOF,0.004230219557893401,0.016417605041765503,0.979352175400341
26063,LOF,0.021789730345187896,0.010605577498173252,0.9676046921566388
26064,LOF,0.006566757544200016,0.02565255503248789,0.967780687423312
26065,LOF,0.022709754346094912,0.012020346315565061,0.96526989933834
26066,LOF,0.02124828395641204,0.010808129700456921,0.967943586343131
26067,LOF,0.029759235598502524,0.0095509587068907,0.9606898056946068
26068,LOF,0.042589530116951047,0.03214494243764101,0.9252655274454079
26069,LOF,0.2584564292136485,0.02125648771032274,0.7202870830760287
26070,LOF,0.3930974035875602,0.016331796143688654,0.5905708002687511
26071,LOF,0.0212915890314043,0.01180934209124073,0.966899068877355
26072,LOF,0.005505833450736459,0.022038555994265924,0.9724556105549977
26073,LOF,0.018100522806864274,0.01444837362177032,0.9674511035713654
26074,Neutral,0.8964805798018576,0.006754008500273631,0.09676541169786894
26075,LOF,0.043923935868276,0.015483067143113417,0.9405929969886105
26076,LOF,0.038065679673121106,0.00996600315777793,0.9519683171691009
26077,LOF,0.11650645572063548,0.0070953777317702155,0.8763981665475944
26078,LOF,0.005781307996327841,0.012183349621260846,0.9820353423824114
26079,LOF,0.051972596089627086,0.01876062465325386,0.929266779257119
26080,LOF,0.05014029834952242,0.018784089346759004,0.9310756123037186
26081,LOF,0.029325580597000446,0.008220594493278971,0.9624538249097205
26082,LOF,0.004642514548163408,0.015879711311359488,0.9794777741404772
26083,LOF,0.12887164531129167,0.017129315321677913,0.8539990393670305
26084,LOF,0.03562233079870306,0.014214749738884072,0.9501629194624129
26085,LOF,0.032128548043221884,0.013063657047428593,0.9548077949093495
26086,LOF,0.019482813420540406,0.012147968626197622,0.9683692179532619
26087,LOF,0.020727077597591466,0.009606867052645665,0.9696660553497628
26088,LOF,0.005698901406482519,0.02613610109502639,0.968164997498491
26089,LOF,0.03680866826467378,0.026409936685131922,0.9367813950501942
26090,LOF,0.03667101795714353,0.020998860826116607,0.9423301212167399
26091,LOF,0.027251615056247187,0.007598174946586134,0.9651502099971666
26092,LOF,0.020232322539343105,0.008771157900863875,0.9709965195597929
26093,LOF,0.03682898121611962,0.007008134613859798,0.9561628841700205
26094,LOF,0.027558043945177125,0.00759501052350335,0.9648469455313196
26095,LOF,0.013709750915201104,0.019341852225364418,0.9669483968594345
26096,LOF,0.1549137486856357,0.005794540091350624,0.8392917112230136
26097,LOF,0.005100391092729653,0.038866954500284656,0.9560326544069857
26098,LOF,0.0719428412856302,0.014877947336319846,0.9131792113780499
26099,LOF,0.018283555684146482,0.014706721801430796,0.9670097225144229
26100,LOF,0.020432518109731814,0.014255869488937154,0.9653116124013311
26101,LOF,0.04803198732122984,0.022798957973581044,0.9291690547051892
26102,LOF,0.02057856681847712,0.014785526437682977,0.9646359067438399
26103,Neutral,0.870114214728154,0.022245876599375446,0.1076399086724706
26104,LOF,0.06585322665263602,0.027166298870405267,0.9069804744769587
26105,LOF,0.200720888136929,0.1589518214491984,0.6403272904138726
26106,LOF,0.367480044358354,0.10821144652250082,0.5243085091191451
26107,LOF,0.026909615933531975,0.12350565589091161,0.8495847281755565
26108,LOF,0.39421846355609097,0.04659001370315471,0.5591915227407543
26109,LOF,0.026324850543422283,0.060910274749605545,0.9127648747069721
26110,LOF,0.19870377860959726,0.009010161673690793,0.7922860597167121
26111,LOF,0.09254333188708616,0.07810103292019221,0.8293556351927217
26112,LOF,0.03211276323397209,0.008062013957101771,0.9598252228089261
26113,LOF,0.05793476801610511,0.017946837803953328,0.9241183941799416
26114,LOF,0.06972919438780927,0.012766853286309662,0.9175039523258811
26115,LOF,0.01725286844874334,0.06810987888824664,0.9146372526630101
26116,LOF,0.08123544843564413,0.038335515990090795,0.8804290355742651
26117,LOF,0.4338092684832149,0.056903020228080865,0.5092877112887043
26118,LOF,0.0329866143944597,0.02625235537796442,0.9407610302275758
26119,LOF,0.005608144874920183,0.04888713576877321,0.9455047193563066
26120,LOF,0.024119480225354584,0.02019458513853469,0.9556859346361106
26121,LOF,0.005160550436014085,0.1250922433732595,0.8697472061907263
