feature0,prediction,LoGoFunc_Neutral,LoGoFunc_GOF,LoGoFunc_LOF
25546,Neutral,0.6710834429028186,0.06591948317930324,0.26299707391787813
25547,LOF,0.30939365820193826,0.31314149296709104,0.37746484883097076
25548,LOF,0.27670110679090265,0.18102777563639494,0.5422711175727024
25549,LOF,0.19066812040602474,0.20640758053740071,0.6029242990565746
25550,Neutral,0.6222884719916693,0.06873708379241952,0.30897444421591114
25551,Neutral,0.4851885577426255,0.05951648004971633,0.4552949622076581
25552,LOF,0.09634421233034417,0.24445964802443523,0.6591961396452206
25553,Neutral,0.4924232203939422,0.060686647191806505,0.44689013241425124
25554,LOF,0.13631283826409493,0.25418927826507914,0.6094978834708259
25555,LOF,0.09380320180609066,0.21218327870277234,0.6940135194911369
25556,LOF,0.16055188964195913,0.2080897069068,0.6313584034512408
25557,LOF,0.08426372450698479,0.2028859025503243,0.7128503729426909
25558,LOF,0.1612731562151358,0.2028442294265263,0.6358826143583379
25559,LOF,0.38562058570580826,0.1672895129300026,0.44708990136418914
25560,GOF,0.04772707895982928,0.4823196443930078,0.46995327664716285
25561,LOF,0.11019305069613071,0.38732556605039664,0.5024813832534726
25562,LOF,0.2871051843381115,0.15574448694007903,0.5571503287218096
25563,Neutral,0.47329067611046866,0.07171317918206419,0.4549961447074671
25564,LOF,0.05575270753303632,0.40454040217863607,0.5397068902883276
25565,LOF,0.1141484932101701,0.2846202734177578,0.6012312333720721
25566,GOF,0.04838665140326828,0.5467132777275256,0.404900070869206
25567,LOF,0.4498026546096916,0.07350441789193948,0.4766929274983688
25568,Neutral,0.7030777803128363,0.06535382034072906,0.2315683993464347
25569,Neutral,0.665022849392334,0.07254063502184666,0.26243651558581926
25570,LOF,0.062194926523593506,0.19625280855479105,0.7415522649216154
25571,LOF,0.06302703900333773,0.14874947650753179,0.7882234844891306
25572,LOF,0.3633114307939292,0.05907415968562371,0.5776144095204471
25573,Neutral,0.42755697141539006,0.15645397957246707,0.41598904901214295
25574,GOF,0.07487148319630689,0.6933000879789869,0.23182842882470628
25575,LOF,0.07935115043567761,0.11678262619065853,0.8038662233736639
25576,LOF,0.43146229480610326,0.056976843560394105,0.5115608616335027
25577,LOF,0.43865633784669655,0.07786480232801028,0.4834788598252933
25578,Neutral,0.4155463201218986,0.20808801823322418,0.37636566164487717
25579,Neutral,0.4155463201218986,0.20808801823322418,0.37636566164487717
25580,LOF,0.06443872563663455,0.14432383581554165,0.7912374385478239
25581,Neutral,0.7030777803128363,0.06535382034072906,0.2315683993464347
25582,Neutral,0.7030777803128363,0.06535382034072906,0.2315683993464347
25583,LOF,0.06503668328202782,0.17901991423625746,0.7559434024817148
25584,Neutral,0.36656015107394424,0.33260207986499024,0.3008377690610656
25585,LOF,0.3266568304241564,0.07139341388501315,0.6019497556908304
25586,LOF,0.06335992398174711,0.22566658106320273,0.7109734949550501
25587,LOF,0.06455121453799732,0.2528708923747554,0.6825778930872473
25588,LOF,0.05100385172607882,0.21859105402891,0.7304050942450112
25589,Neutral,0.6359976284668848,0.2519527670695183,0.11204960446359694
25590,LOF,0.3321598772445981,0.1752028700991933,0.4926372526562087
25591,Neutral,0.6891647440864715,0.06721538674794553,0.24361986916558304
25592,LOF,0.05870066048665433,0.18381705763165512,0.7574822818816905
25593,GOF,0.08816833991311666,0.6539958369652126,0.2578358231216708
25594,Neutral,0.6757150615652189,0.054022174841497884,0.2702627635932832
25595,Neutral,0.673991564121235,0.07368207618146189,0.2523263596973032
25596,Neutral,0.42970936724770564,0.15543940982206975,0.4148512229302247
25597,LOF,0.42099983185089085,0.0969690320134914,0.4820311361356176
25598,Neutral,0.743053193020935,0.04935407374926477,0.20759273322980035
25599,GOF,0.04049362688915442,0.7686680971693407,0.19083827594150476
25600,GOF,0.04345898463417243,0.6730469324058486,0.2834940829599791
25601,GOF,0.04297385260252395,0.6886526076278743,0.26837353976960177
25602,LOF,0.4164343896131037,0.08114655261971002,0.5024190577671863
25603,LOF,0.06504822693824949,0.16173728041318636,0.7732144926485641
25604,Neutral,0.4294779554579114,0.15598580384377508,0.4145362406983134
25605,LOF,0.03056591346472799,0.3820966849196337,0.5873374016156383
25606,GOF,0.031629777419050396,0.5965155321227837,0.3718546904581658
25607,LOF,0.027316955112825874,0.27539059047354,0.6972924544136341
25608,LOF,0.35234698402612863,0.20301331542141027,0.44463970055246116
25609,LOF,0.19533631450075067,0.20344802539796072,0.6012156601012886
25610,LOF,0.06712169563203473,0.15270671745723385,0.7801715869107315
25611,LOF,0.07689191291659109,0.14594711437763902,0.7771609727057698
25612,Neutral,0.6613479991250343,0.06092380543782859,0.2777281954371371
25613,Neutral,0.6329256813059595,0.0541444869287414,0.3129298317652991
25614,LOF,0.06503668328202782,0.17901991423625746,0.7559434024817148
25615,LOF,0.25803748727967263,0.18800389516571195,0.5539586175546154
25616,LOF,0.05439532044994559,0.24398606660492736,0.7016186129451271
25617,LOF,0.06836813019298782,0.1232327654114047,0.8083991043956075
25618,LOF,0.05905429568339669,0.18113436880547826,0.759811335511125
25619,LOF,0.06213002137076137,0.20842351426947128,0.7294464643597673
25620,LOF,0.06796688780338464,0.14904072007420952,0.7829923921224059
25621,LOF,0.37390285491014535,0.1089575325761779,0.5171396125136768
25622,LOF,0.42882747498508356,0.0834952703899871,0.48767725462492917
25623,LOF,0.36758391807837343,0.10996765287797343,0.5224484290436532
25624,LOF,0.05100385172607882,0.21859105402891,0.7304050942450112
25625,LOF,0.28738562233843074,0.08405117574648835,0.6285632019150809
25626,Neutral,0.6526255456200697,0.05840271461628031,0.28897173976365004
25627,GOF,0.03588901922192789,0.6191939594257682,0.34491702135230395
25628,Neutral,0.4752151756102715,0.09616296912464505,0.42862185526508345
25629,Neutral,0.6778216197293659,0.07164182260167454,0.2505365576689596
25630,LOF,0.08851732952790335,0.35118874401570693,0.5602939264563896
25631,Neutral,0.5426789074176519,0.29202100407301596,0.1653000885093322
25632,LOF,0.3601275587328213,0.07064243575601313,0.5692300055111656
25633,Neutral,0.4155463201218986,0.20808801823322418,0.37636566164487717
25634,Neutral,0.697773197553863,0.07007333626065147,0.23215346618548532
25635,LOF,0.0638281942790143,0.1643990207930203,0.7717727849279654
25636,GOF,0.059293676298845785,0.7206564685212914,0.2200498551798629
25637,GOF,0.045285162547287136,0.5592267445428062,0.3954880929099068
25638,GOF,0.039644597545218194,0.7712890084760086,0.1890663939787733
25639,GOF,0.0439577385308955,0.5278029110052571,0.42823935046384737
25640,GOF,0.14158188669005234,0.7352920792109239,0.12312603409902381
25641,LOF,0.04010921472835322,0.4335196187265963,0.5263711665450505
25642,Neutral,0.6517966527071346,0.07869366366122187,0.26950968363164357
25643,Neutral,0.4208727833245851,0.1869698836973892,0.39215733297802574
25644,GOF,0.03950666362199297,0.6244497550604152,0.3360435813175919
25645,GOF,0.03970280326941192,0.6539173012460024,0.3063798954845856
25646,GOF,0.03154251681067455,0.6459090920081605,0.3225483911811651
25647,GOF,0.0578341174746879,0.686914275104304,0.25525160742100805
25648,GOF,0.060175785880669845,0.7209626267001582,0.218861587419172
25649,GOF,0.055155086609333326,0.6902510832886403,0.2545938301020264
25650,GOF,0.048418932529440656,0.6173205119752982,0.3342605554952612
25651,LOF,0.03705425735736483,0.43767226925144953,0.5252734733911856
25652,GOF,0.04795856893125184,0.48319998434340916,0.4688414467253389
25653,GOF,0.0499412347341845,0.5157115394038465,0.43434722586196894
25654,GOF,0.05993677339663759,0.6503463497856881,0.28971687681767433
25655,GOF,0.052185233974298306,0.7234631790143794,0.22435158701132238
25656,LOF,0.05730838653777508,0.3016165702531885,0.6410750432090365
25657,Neutral,0.5426000619216267,0.05144019569083074,0.40595974238754257
25658,GOF,0.06349768783890009,0.5250317514290014,0.4114705607320985
25659,LOF,0.15898019866315474,0.348329387639143,0.4926904136977022
25660,LOF,0.08912998879055221,0.3052563540080472,0.6056136572014006
25661,LOF,0.07492109710286517,0.16880556013756587,0.7562733427595689
25662,LOF,0.05919004697640388,0.20596608117331416,0.734843871850282
25663,LOF,0.06521297130613825,0.17307749125819238,0.7617095374356694
25664,LOF,0.38353511669696805,0.10734876775560782,0.5091161155474241
25665,Neutral,0.6265501082715136,0.07907513960392727,0.2943747521245592
25666,LOF,0.28465215701518753,0.07138964127552044,0.6439582017092921
25667,LOF,0.061726870091360804,0.2717757365104403,0.6664973933981988
25668,LOF,0.05054975125183153,0.22802789234033546,0.7214223564078331
25669,LOF,0.05102632230836374,0.22662240034135625,0.7223512773502802
25670,LOF,0.43375152164239417,0.12797385408780051,0.43827462426980535
25671,LOF,0.06796688780338464,0.14904072007420952,0.7829923921224059
25672,Neutral,0.6343026706270659,0.07385068364009947,0.2918466457328347
25673,LOF,0.2566437985998217,0.09007055668985262,0.6532856447103257
25674,LOF,0.41261891832488434,0.07005044439460331,0.5173306372805123
25675,Neutral,0.4073097739079463,0.18573542420367622,0.40695480188837746
25676,LOF,0.05905429568339669,0.18113436880547826,0.759811335511125
25677,LOF,0.05675250997569047,0.29614317104125754,0.6471043189830521
25678,Neutral,0.47973485859481024,0.1819679240635414,0.3382972173416482
25679,Neutral,0.5378388201043184,0.07995789802825973,0.3822032818674219
25680,LOF,0.10959855384315204,0.16756710195588528,0.7228343442009626
25681,LOF,0.10959855384315204,0.16756710195588528,0.7228343442009626
25682,LOF,0.058741391592045826,0.2746774072076749,0.6665812012002793
25683,Neutral,0.4039061142425909,0.2616331890242218,0.33446069673318735
25684,LOF,0.058460307645820296,0.2768035472724375,0.6647361450817422
25685,Neutral,0.44538980369487774,0.2020029533981475,0.3526072429069747
25686,GOF,0.06958681464811038,0.6902278355530357,0.24018534979885386
25687,GOF,0.08167158919222202,0.7776677940312476,0.14066061677653044
25688,GOF,0.036324349529989156,0.5268890740855219,0.436786576384489
25689,LOF,0.02221462108559717,0.457207020508191,0.5205783584062117
25690,GOF,0.021171416391430782,0.521219338871763,0.45760924473680625
25691,GOF,0.04491620938237976,0.5883016372854689,0.36678215333215136
25692,LOF,0.42464757045813395,0.1205682085313277,0.45478422101053845
25693,GOF,0.1575054678078111,0.6451367142582976,0.19735781793389137
25694,Neutral,0.523944807832623,0.05468674159197475,0.42136845057540223
25695,LOF,0.20410784674483937,0.1433977527743339,0.6524944004808269
25696,LOF,0.4064396578103949,0.14508368307607028,0.44847665911353474
25697,Neutral,0.4840489654449373,0.13620385685944883,0.3797471776956137
25698,GOF,0.0628632791762542,0.759814439225054,0.17732228159869168
25699,GOF,0.03683756980055206,0.7273181698829054,0.23584426031654257
25700,LOF,0.05905429568339669,0.18113436880547826,0.759811335511125
25701,GOF,0.037690013287020846,0.6112682557151282,0.35104173099785096
25702,GOF,0.048813936207010064,0.7163817810573252,0.23480428273566473
25703,LOF,0.40159272196064355,0.06198908986997374,0.5364181881693827
25704,LOF,0.064448132789769,0.1529318604986863,0.7826200067115447
25705,LOF,0.108818715610139,0.1784285281755788,0.7127527562142821
25706,GOF,0.050815269097132784,0.6975217055661532,0.251663025336714
25707,GOF,0.04626733289992752,0.5256075305641039,0.42812513653596856
25708,GOF,0.05903241856211667,0.48886590707080946,0.45210167436707394
25709,LOF,0.05678459545741863,0.21722840800535537,0.725986996537226
25710,Neutral,0.40726189043637784,0.2644712419625457,0.32826686760107654
25711,LOF,0.0620236624617212,0.22010274740568556,0.7178735901325932
25712,LOF,0.42869627433366675,0.11664240265640338,0.45466132300992995
25713,LOF,0.0695438641159499,0.3131012702140541,0.617354865669996
25714,LOF,0.08912998879055221,0.3052563540080472,0.6056136572014006
25715,LOF,0.059796674613201636,0.22590546511385978,0.7142978602729386
25716,LOF,0.41993787177365677,0.11153512012986352,0.46852700809647974
25717,LOF,0.4176195735067345,0.13568876567656696,0.4466916608166985
25718,LOF,0.06129077172839312,0.28093241401566754,0.6577768142559394
25719,LOF,0.05952150216394254,0.1813074339591258,0.7591710638769317
25720,LOF,0.05687136228143969,0.21819820849867247,0.7249304292198878
25721,LOF,0.0620236624617212,0.22010274740568556,0.7178735901325932
25722,LOF,0.0620236624617212,0.22010274740568556,0.7178735901325932
25723,LOF,0.06223210003537922,0.20679696883696425,0.7309709311276564
25724,LOF,0.05732222237494978,0.21643012945356097,0.7262476481714892
25725,LOF,0.0620236624617212,0.22010274740568556,0.7178735901325932
25726,LOF,0.06242118536113397,0.20249648126430514,0.7350823333745609
25727,LOF,0.06242118536113397,0.20249648126430514,0.7350823333745609
25728,LOF,0.0636633045842549,0.20642236965877622,0.7299143257569689
25729,LOF,0.0636633045842549,0.20642236965877622,0.7299143257569689
25730,LOF,0.0636633045842549,0.20642236965877622,0.7299143257569689
25731,LOF,0.3295123713000928,0.08682457900041571,0.5836630496994915
25732,LOF,0.0684293557515468,0.15228950627954707,0.779281137968906
25733,LOF,0.057608343543068125,0.20575093164183586,0.7366407248150961
25734,LOF,0.32568216499699293,0.1061968520159679,0.5681209829870392
25735,LOF,0.059796674613201636,0.22590546511385978,0.7142978602729386
25736,LOF,0.06213002137076137,0.20842351426947128,0.7294464643597673
25737,LOF,0.057182062080228684,0.20627954457225964,0.7365383933475117
25738,LOF,0.0695438641159499,0.3131012702140541,0.617354865669996
25739,LOF,0.06752180028944377,0.268420623617295,0.6640575760932613
25740,LOF,0.108818715610139,0.1784285281755788,0.7127527562142821
25741,LOF,0.10771274275869328,0.1778864308205727,0.7144008264207339
25742,LOF,0.108818715610139,0.1784285281755788,0.7127527562142821
25743,LOF,0.29663398424634896,0.12438300436245044,0.5789830113912007
25744,GOF,0.042104751625638245,0.5723546587015715,0.3855405896727903
25745,GOF,0.040618330802920606,0.6986469229406025,0.2607347462564769
25746,GOF,0.06337547549378711,0.7072809691787663,0.22934355532744669
25747,LOF,0.054430403720458584,0.21832882977019735,0.7272407665093442
25748,Neutral,0.4155463201218986,0.20808801823322418,0.37636566164487717
25749,GOF,0.03278567584092737,0.6780785274052488,0.2891357967538239
25750,GOF,0.040875949443398535,0.6884692106663728,0.2706548398902286
25751,LOF,0.058741391592045826,0.2746774072076749,0.6665812012002793
25752,GOF,0.27246219018687257,0.42394133691603403,0.30359647289709335
25753,LOF,0.3380522320132485,0.16446893097348492,0.4974788370132667
25754,GOF,0.03285214314665534,0.6315051558608826,0.33564270099246213
25755,LOF,0.2523049546594742,0.17665454861590554,0.5710404967246203
25756,Neutral,0.6811232753137246,0.055782427645912715,0.2630942970403627
25757,GOF,0.044777880603533354,0.6411975492583665,0.3140245701381002
25758,GOF,0.03143864226921945,0.6864854334740171,0.2820759242567633
25759,GOF,0.028793520850949703,0.6445743901841225,0.32663208896492785
25760,LOF,0.310439913433941,0.2482189957311907,0.44134109083486833
25761,GOF,0.028998502972331152,0.7049353875579498,0.266066109469719
25762,Neutral,0.697773197553863,0.07007333626065147,0.23215346618548532
25763,LOF,0.3877058545619418,0.07395465624512519,0.5383394891929331
25764,GOF,0.22055383873314988,0.4867445118949116,0.2927016493719386
25765,GOF,0.033578159340810064,0.683344130653988,0.28307771000520204
25766,GOF,0.06782101558272845,0.7377114878780041,0.19446749653926745
25767,GOF,0.04549541340884331,0.6777055294537929,0.27679905713736375
25768,LOF,0.06299075871283165,0.17759099433867387,0.7594182469484945
25769,LOF,0.06341398271746658,0.1540251040515667,0.7825609132309667
25770,Neutral,0.6296268433876142,0.054175884178547774,0.3161972724338381
25771,LOF,0.3496982221574271,0.06354614454184401,0.5867556333007289
25772,LOF,0.07492109710286517,0.16880556013756587,0.7562733427595689
25773,Neutral,0.4712474195173681,0.09735372435811598,0.431398856124516
25774,Neutral,0.6778216197293659,0.07164182260167454,0.2505365576689596
25775,LOF,0.2766195692356935,0.09748106139056134,0.6258993693737452
25776,LOF,0.06655318943920947,0.12390444160008134,0.8095423689607093
25777,Neutral,0.6262979109468877,0.07643600948027356,0.2972660795728388
25778,LOF,0.06504845154273116,0.1481044993329945,0.7868470491242744
25779,GOF,0.056610689223181236,0.7131070993392752,0.23028221143754354
25780,GOF,0.04955605661690424,0.7758976963326543,0.1745462470504416
25781,GOF,0.04964211859666042,0.7683783765864628,0.18197950481687683
25782,GOF,0.04751367112728868,0.7861516619793917,0.16633466689331972
25783,GOF,0.06252155237313982,0.762385710538605,0.17509273708825526
25784,GOF,0.051238832762686884,0.742594823624565,0.20616634361274827
25785,GOF,0.04788719146466654,0.7746901324681802,0.1774226760671533
25786,GOF,0.05100321704073581,0.7342737343612504,0.21472304859801383
25787,GOF,0.04553606035855888,0.6151109005073636,0.33935303913407755
25788,LOF,0.05100385172607882,0.21859105402891,0.7304050942450112
25789,GOF,0.06496001260028901,0.7934109024978748,0.14162908490183615
25790,GOF,0.04261398358628032,0.7518788074866884,0.20550720892703125
25791,GOF,0.05124475864297293,0.7053844771178488,0.24337076423917822
25792,GOF,0.051489134533360056,0.711737591185515,0.23677327428112493
25793,GOF,0.03828418746646254,0.757387141287094,0.2043286712464434
25794,GOF,0.051891934646892325,0.7339084079640112,0.21419965738909647
25795,GOF,0.07591610410814717,0.7055275189817697,0.21855637691008306
25796,GOF,0.06630831096037619,0.7776494892326111,0.15604219980701278
25797,GOF,0.058431299968732316,0.7885380928798618,0.15303060715140604
25798,GOF,0.05590951729531095,0.769699974991177,0.174390507713512
25799,GOF,0.06535355796242777,0.7708277717317725,0.16381867030579966
25800,GOF,0.06307590663379972,0.788906428377898,0.1480176649883023
25801,GOF,0.05266351089747072,0.7729642631013279,0.17437222600120134
25802,GOF,0.049704281890389404,0.7921741170626054,0.1581216010470052
25803,GOF,0.04425222272309374,0.7586332225518951,0.19711455472501097
25804,GOF,0.08387842358279982,0.7311768602367993,0.18494471618040081
25805,GOF,0.05087624766312436,0.7835227138314367,0.16560103850543906
25806,GOF,0.04762221177014367,0.7855117959836432,0.16686599224621304
25807,GOF,0.04127233201536119,0.7390500421819823,0.2196776258026565
25808,GOF,0.06258321603371934,0.7259033987021719,0.21151338526410873
25809,GOF,0.051384452380357146,0.6762124583678872,0.27240308925175566
25810,GOF,0.047834439465624254,0.7149245618865506,0.23724099864782505
25811,GOF,0.04545853184783589,0.6314649933145555,0.3230764748376085
25812,GOF,0.043885997979191384,0.7580501866460073,0.1980638153748013
25813,GOF,0.04420863585565999,0.7488213782653176,0.20696998587902235
25814,GOF,0.04778674520442891,0.7343093602825657,0.21790389451300554
25815,GOF,0.048599904011394274,0.7254389250087543,0.22596117097985147
25816,GOF,0.03818933529027651,0.7715032395806142,0.19030742512910923
25817,GOF,0.03802760261830811,0.7684023424995247,0.19357005488216714
25818,GOF,0.03297856666325005,0.7222637404924284,0.24475769284432158
25819,GOF,0.06174322751069079,0.7220965117640636,0.2161602607252455
25820,GOF,0.06718712120548165,0.7163489610547009,0.21646391773981738
25821,GOF,0.06741206567940516,0.7228142452655194,0.2097736890550755
25822,GOF,0.06799429996998164,0.7127250101007866,0.21928068992923166
25823,GOF,0.10725369988713222,0.6363027439677926,0.25644355614507514
25824,GOF,0.08453466826864818,0.6694558530783395,0.24600947865301223
25825,GOF,0.08093687619175939,0.6734518641354538,0.24561125967278688
25826,GOF,0.08453466826864818,0.6694558530783395,0.24600947865301223
25827,GOF,0.06253124902986662,0.773939031907517,0.1635297190626164
25828,GOF,0.057595127821968635,0.7622524834704674,0.18015238870756392
25829,LOF,0.4187287000040067,0.11067139580468763,0.4705999041913057
25830,LOF,0.06159492131526931,0.20920113506108517,0.7292039436236455
25831,GOF,0.06786699974385504,0.5977237093230242,0.3344092909331208
25832,GOF,0.059738085806263344,0.6731941606400513,0.26706775355368534
25833,GOF,0.05768477846985068,0.6862946306243114,0.25602059090583806
25834,GOF,0.05614684095412249,0.6143426097178674,0.32951054932801005
25835,GOF,0.060586264129395974,0.7155228861611879,0.2238908497094161
25836,GOF,0.05717164559765804,0.6871786505487831,0.25564970385355873
25837,GOF,0.07442728010055731,0.6513158144728399,0.27425690542660286
25838,GOF,0.07207614003830128,0.6570372567234133,0.27088660323828545
25839,GOF,0.07521521208651327,0.5908963894114838,0.33388839850200286
25840,GOF,0.03898892373835542,0.7011257115092998,0.25988536475234464
25841,GOF,0.03852249085850713,0.6938027079774005,0.2676748011640922
25842,GOF,0.038912532978255455,0.6897679921940227,0.27131947482772184
25843,GOF,0.03955316415651329,0.6934581896796701,0.2669886461638167
25844,GOF,0.03915140637571888,0.6796089455697413,0.2812396480545399
25845,GOF,0.038846525454626336,0.7373569286222025,0.2237965459231713
25846,GOF,0.03812543651327782,0.6797452446502155,0.2821293188365068
25847,GOF,0.06274065827003679,0.6109013208661656,0.32635802086379756
25848,GOF,0.0473990494388147,0.7486026144308898,0.20399833613029536
25849,GOF,0.04663152455079629,0.7452731256433587,0.20809534980584507
25850,GOF,0.07397470766007978,0.7823573411149104,0.14366795122500967
25851,GOF,0.07991627767147651,0.779461432107088,0.14062229022143544
25852,GOF,0.17424275990020258,0.533888972817956,0.29186826728184145
25853,GOF,0.05298144688102185,0.7281540418425575,0.21886451127642056
25854,GOF,0.046271026951408986,0.7864123221130445,0.1673166509355465
25855,GOF,0.0640597479057533,0.6967142369543365,0.2392260151399101
25856,GOF,0.06122482515918744,0.6981411800496389,0.24063399479117376
25857,GOF,0.06631631733907198,0.7147231602222102,0.21896052243871775
25858,GOF,0.06792802509613963,0.7195153503888677,0.2125566245149927
25859,GOF,0.06645495678246724,0.7281610952282573,0.20538394798927542
25860,GOF,0.05635704567264852,0.7303416354848713,0.2133013188424802
25861,GOF,0.04802990933128145,0.6861770162315463,0.2657930744371723
25862,GOF,0.04498250263320949,0.7441173665109296,0.21090013085586096
25863,GOF,0.04765153913232455,0.7201241300981627,0.23222433076951282
25864,GOF,0.04692225325167307,0.6938885577906967,0.25918918895763016
25865,GOF,0.05015736774345098,0.7118836499467412,0.23795898230980786
25866,GOF,0.047577271047013196,0.6965643853992214,0.2558583435537654
25867,GOF,0.04702752865033441,0.695184337547989,0.25778813380167653
25868,GOF,0.05481896116759764,0.7429535087725851,0.20222753005981728
25869,GOF,0.060468929489559446,0.6931323732836339,0.24639869722680668
25870,LOF,0.06326937860877191,0.2463688386985563,0.6903617826926718
25871,GOF,0.044410954584550244,0.6929076377325409,0.2626814076829088
25872,GOF,0.04716505857501775,0.6298515296123791,0.32298341181260315
25873,GOF,0.0552488841773576,0.7204702987114464,0.22428081711119607
25874,LOF,0.06445990497691426,0.1475611294779499,0.7879789655451358
25875,GOF,0.07225285557849286,0.6690235266929798,0.25872361772852737
25876,LOF,0.3919187634903307,0.14606381805731053,0.46201741845235866
25877,GOF,0.07548957672623885,0.6734858954571198,0.2510245278166414
25878,GOF,0.0661688237738935,0.6724420350580953,0.2613891411680111
25879,GOF,0.05686651588636286,0.676404899042491,0.26672858507114616
25880,LOF,0.07441769382050202,0.174349641357318,0.75123266482218
25881,Neutral,0.7554096675069574,0.1711587676494246,0.07343156484361806
25882,Neutral,0.47497821298415127,0.13940649245341274,0.38561529456243593
25883,LOF,0.06302703900333773,0.14874947650753179,0.7882234844891306
25884,LOF,0.42396492211694964,0.13179835832953216,0.4442367195535182
25885,Neutral,0.6221391338912584,0.02432294306904891,0.3535379230396928
25886,Neutral,0.4155463201218986,0.20808801823322418,0.37636566164487717
25887,GOF,0.4119311385329698,0.4465723551385659,0.14149650632846422
25888,GOF,0.046909096519549595,0.7672698975888798,0.1858210058915708
25889,LOF,0.3020688396592143,0.17428117967695053,0.5236499806638352
25890,LOF,0.16056089979626226,0.2896540721187164,0.5497850280850213
25891,LOF,0.27315185801921016,0.09085012920651836,0.6359980127742715
25892,LOF,0.020660791865124293,0.37838928548943834,0.6009499226454373
25893,LOF,0.40421787072722287,0.10322164191246247,0.4925604873603147
25894,LOF,0.3644654599117003,0.14840097348302864,0.48713356660527096
25895,Neutral,0.44974377354786965,0.2243858500696508,0.3258703763824796
25896,Neutral,0.6475842343547199,0.05635993268788084,0.29605583295739923
25897,LOF,0.24532788541449432,0.2016349130115528,0.5530372015739529
25898,GOF,0.09411766111379555,0.748784009280402,0.15709832960580242
25899,Neutral,0.4155463201218986,0.20808801823322418,0.37636566164487717
25900,Neutral,0.809637562386985,0.049578381591962095,0.14078405602105298
25901,LOF,0.06279463759578767,0.2556920108941794,0.6815133515100329
25902,LOF,0.3965564024137702,0.10951507879502438,0.4939285187912054
25903,GOF,0.1955496388326826,0.4451611274291086,0.35928923373820876
25904,Neutral,0.4155463201218986,0.20808801823322418,0.37636566164487717
25905,GOF,0.05834378816131637,0.47458598284566883,0.46707022899301487
25906,LOF,0.3650773439487462,0.11434934450901436,0.5205733115422395
25907,GOF,0.04548777458605439,0.611206782739254,0.3433054426746917
25908,GOF,0.04833963368417529,0.6032493332749067,0.3484110330409181
25909,LOF,0.062404664571108194,0.4274006953537948,0.510194640075097
25910,LOF,0.017922292744205183,0.3959781905371504,0.5860995167186444
25911,Neutral,0.683665519525758,0.05448233623778487,0.261852144236457
25912,LOF,0.38270732078743586,0.043262883229671555,0.5740297959828926
25913,GOF,0.025524293684166702,0.5898174131560844,0.384658293159749
25914,LOF,0.06223210003537922,0.20679696883696425,0.7309709311276564
25915,GOF,0.07575794768047994,0.7271905194310538,0.19705153288846622
25916,GOF,0.06330751929224966,0.7358832554764756,0.20080922523127487
25917,Neutral,0.7515523398397029,0.051412555319338006,0.19703510484095907
25918,LOF,0.055463155287978044,0.2824211331972424,0.6621157115147795
25919,LOF,0.06353475740116094,0.15361988697127157,0.7828453556275674
25920,Neutral,0.35543608532419835,0.3436899954111716,0.30087391926463003
25921,LOF,0.26187906387602594,0.09329941585278716,0.6448215202711869
25922,LOF,0.25486753077324725,0.11013397369013483,0.6349984955366179
25923,Neutral,0.4155463201218986,0.20808801823322418,0.37636566164487717
25924,LOF,0.3537594899384594,0.07391509271500775,0.5723254173465327
25925,Neutral,0.6320483731687709,0.06650663278020937,0.3014449940510196
25926,Neutral,0.68340087175524,0.07734745909737079,0.23925166914738916
25927,GOF,0.03953308057003263,0.5799845381449736,0.3804823812849936
25928,LOF,0.34984326828551576,0.16344338944963768,0.48671334226484647
25929,Neutral,0.4155463201218986,0.20808801823322418,0.37636566164487717
25930,LOF,0.06363686119763858,0.14973302397825441,0.7866301148241069
25931,LOF,0.4295578836904026,0.09379636446655118,0.4766457518430462
25932,LOF,0.07935115043567761,0.11678262619065853,0.8038662233736639
25933,LOF,0.07689191291659109,0.14594711437763902,0.7771609727057698
25934,LOF,0.07387927715249451,0.1463790660917067,0.7797416567557988
25935,Neutral,0.6778216197293659,0.07164182260167454,0.2505365576689596
25936,LOF,0.06256871692273633,0.17119170505868803,0.7662395780185758
25937,LOF,0.3588892327582444,0.1394338389253445,0.5016769283164111
25938,Neutral,0.683665519525758,0.05448233623778487,0.261852144236457
25939,LOF,0.05905429568339669,0.18113436880547826,0.759811335511125
25940,GOF,0.10153763212657825,0.7370812207304227,0.1613811471429989
25941,Neutral,0.4503905448427823,0.23771240454326892,0.31189705061394873
25942,LOF,0.3001345004363441,0.11958152161815129,0.5802839779455047
25943,GOF,0.01933318647268153,0.5692819242130236,0.41138488931429495
25944,GOF,0.018390852161031545,0.5007483467216559,0.48086080111731255
25945,LOF,0.05439532044994559,0.24398606660492736,0.7016186129451271
25946,LOF,0.32068327652049244,0.05767636455043838,0.6216403589290692
25947,Neutral,0.6511650460641912,0.09017769536329165,0.2586572585725171
25948,LOF,0.37938401823949797,0.09780479631725983,0.5228111854432421
25949,LOF,0.40954692601677134,0.12483638346629339,0.46561669051693527
25950,GOF,0.05440749898939898,0.735729582886884,0.20986291812371696
25951,GOF,0.02671155305096704,0.789890351779831,0.18339809516920197
25952,LOF,0.18372008967475068,0.3825418915637331,0.43373801876151624
25953,GOF,0.04813074075476401,0.4806470402457179,0.47122221899951805
25954,GOF,0.034713080249611776,0.7534677641344698,0.2118191556159185
25955,GOF,0.021046181342767034,0.6797737930482517,0.29918002560898127
25956,GOF,0.06580506914524283,0.5075342977574089,0.4266606330973482
25957,Neutral,0.6249418209442378,0.0609879825591484,0.3140701964966139
25958,LOF,0.06961903143672757,0.12397297189752612,0.8064079966657464
25959,GOF,0.024617495938439697,0.6059023044800188,0.3694801995815416
25960,LOF,0.3192225502867618,0.1449585239115054,0.5358189258017328
25961,LOF,0.05159418082296566,0.41452552787398395,0.5338802913030504
25962,LOF,0.38595453797163076,0.07919815346745189,0.5348473085609173
25963,GOF,0.020463338211897674,0.6349214213494542,0.34461524043864805
25964,LOF,0.09145373461406117,0.30187699048489797,0.6066692749010408
25965,GOF,0.15095253721664498,0.632274627128218,0.216772835655137
25966,Neutral,0.4155463201218986,0.20808801823322418,0.37636566164487717
25967,LOF,0.35573805827613403,0.06939549988142893,0.5748664418424371
25968,GOF,0.23276885334556288,0.5264010257627713,0.24083012089166583
25969,Neutral,0.4756932474611835,0.049314255673625386,0.47499249686519107
25970,LOF,0.4054202806689487,0.13413226849700924,0.460447450834042
25971,LOF,0.10481841724509228,0.19427931454602554,0.7009022682088821
25972,LOF,0.10481841724509228,0.19427931454602554,0.7009022682088821
25973,LOF,0.3126381845360075,0.07987372490705787,0.6074880905569345
25974,GOF,0.0411489925558905,0.6253806228878251,0.3334703845562843
25975,LOF,0.06249276586374305,0.17151468236622702,0.76599255177003
25976,LOF,0.3505651715426241,0.04344152655264721,0.6059933019047287
25977,Neutral,0.4824957471919631,0.14791943652177247,0.36958481628626433
25978,LOF,0.1590974031919493,0.2003431004680948,0.6405594963399558
25979,LOF,0.08630123374477795,0.26004663282542057,0.6536521334298014
25980,LOF,0.19572197608827888,0.3689537515896765,0.4353242723220446
25981,GOF,0.2061192243117214,0.43490128945675155,0.3589794862315271
25982,LOF,0.1572254902183912,0.3279667486570002,0.5148077611246086
25983,LOF,0.10793473272328054,0.39548215227422495,0.49658311500249436
25984,LOF,0.06731412493417478,0.23770705861587713,0.6949788164499481
25985,Neutral,0.7278247831181146,0.17831720918130792,0.09385800770057752
25986,GOF,0.03948349598093173,0.6760866162078824,0.284429887811186
25987,LOF,0.3940072679979151,0.09807710994676622,0.5079156220553187
25988,LOF,0.06297994152548225,0.17206274250887746,0.7649573159656403
25989,LOF,0.054776673858128795,0.4049440365789513,0.5402792895629198
25990,LOF,0.061806388222071414,0.43631132940476763,0.5018822823731609
25991,GOF,0.04639361496684425,0.5615833747322456,0.39202301030091014
25992,GOF,0.07085802625552234,0.6823464062107757,0.24679556753370196
25993,LOF,0.07599821918718785,0.13209036154302256,0.7919114192697896
25994,LOF,0.0618055146522477,0.19805231584307495,0.7401421695046773
25995,LOF,0.056176813751264744,0.2326111576640342,0.711212028584701
25996,GOF,0.3015738966165669,0.4469632253336016,0.25146287804983136
25997,GOF,0.17494724255150665,0.6044958062247953,0.22055695122369803
25998,LOF,0.2620032255476079,0.319121857953271,0.418874916499121
25999,LOF,0.020453130491536478,0.48015081066978593,0.49939605883867744
26000,LOF,0.27883802321208895,0.08667576773430796,0.6344862090536031
26001,LOF,0.21666257435106742,0.3319830010018872,0.45135442464704545
26002,LOF,0.33475006445528427,0.12951986774643878,0.5357300677982769
26003,GOF,0.049123349252290366,0.6814060151844965,0.2694706355632132
26004,GOF,0.09969612404745982,0.6632741044713725,0.23702977148116766
26005,GOF,0.06193857938903802,0.7589295581546355,0.17913186245632656
26006,GOF,0.055711817748258126,0.7077101553483528,0.2365780269033891
26007,GOF,0.04161484582684177,0.7349958918530833,0.22338926232007486
26008,GOF,0.10921807605222401,0.6450865772518577,0.2456953466959183
26009,GOF,0.05813232918686186,0.6729538160311302,0.2689138547820079
26010,GOF,0.054707721633489775,0.7520284951594035,0.1932637832071067
26011,GOF,0.03997219615454426,0.7538581108555403,0.20616969298991542
26012,GOF,0.034649370645826134,0.7019956628300458,0.2633549665241281
26013,GOF,0.046314643704799124,0.739874874888071,0.21381048140712983
26014,Neutral,0.4779137116445927,0.1473016439087835,0.37478464444662385
26015,LOF,0.310439913433941,0.2482189957311907,0.44134109083486833
26016,LOF,0.19451388113018284,0.3425114444508208,0.46297467441899637
26017,GOF,0.027697103833190476,0.5509288144928477,0.42137408167396173
26018,LOF,0.056693215526154916,0.21607291322629701,0.7272338712475481
26019,LOF,0.06340592968092254,0.14465129008702501,0.7919427802320526
26020,GOF,0.03136020330020377,0.5464052913431183,0.42223450535667795
26021,LOF,0.3654993511772038,0.18461634058833462,0.44988430823446157
26022,LOF,0.3048061550219066,0.10796721799042308,0.5872266269876704
26023,LOF,0.07741372799417869,0.1293389289454228,0.7932473430603987
26024,LOF,0.14584870059450486,0.24220938559625566,0.6119419138092395
26025,GOF,0.029368193840804305,0.5283793399159684,0.44225246624322734
26026,GOF,0.028681119161964096,0.6217217629739383,0.34959711786409764
26027,LOF,0.06504822693824949,0.16173728041318636,0.7732144926485641
26028,GOF,0.2207922150798672,0.4381260165003768,0.34108176841975607
26029,GOF,0.058596428032799415,0.713919902055426,0.22748366991177452
26030,Neutral,0.5936564511159759,0.02855303219665754,0.3777905166873667
26031,GOF,0.04216533736970059,0.6843221717826603,0.27351249084763907
26032,LOF,0.0679498283359562,0.12065226225643826,0.8113979094076057
26033,LOF,0.07838230309443608,0.14695625609287988,0.7746614408126841
26034,GOF,0.04236395136530753,0.654898802657086,0.30273724597760643
26035,GOF,0.049370388566580686,0.6414263809152296,0.3092032305181897
26036,LOF,0.04391899984659796,0.4734392412285178,0.48264175892488415
26037,GOF,0.04797507473588204,0.7389502957795359,0.21307462948458208
26038,LOF,0.05952150216394254,0.1813074339591258,0.7591710638769317
26039,GOF,0.050019990682319236,0.5138875444779096,0.43609246483977115
26040,LOF,0.06242118536113397,0.20249648126430514,0.7350823333745609
26041,GOF,0.08302996747976285,0.615570742723136,0.3013992897971012
26042,GOF,0.08072233146935916,0.6073970977936581,0.3118805707369827
26043,LOF,0.06867717440280689,0.38057266401642226,0.5507501615807708
26044,Neutral,0.4758557218621651,0.20220202711614613,0.3219422510216888
26045,GOF,0.09797469410460999,0.7239783338616136,0.17804697203377653
26046,LOF,0.0695438641159499,0.3131012702140541,0.617354865669996
26047,LOF,0.1037938213108006,0.19483579070360119,0.7013703879855981
26048,Neutral,0.5145266132068689,0.09038196659847768,0.39509142019465354
26049,Neutral,0.6355877462431034,0.12152359459883172,0.24288865915806487
26050,Neutral,0.6778216197293659,0.07164182260167454,0.2505365576689596
26051,GOF,0.025405280795833728,0.775335116310881,0.19925960289328537
26052,GOF,0.03792011044143444,0.7810352477726813,0.18104464178588428
26053,Neutral,0.4215238806222665,0.17412373482000895,0.4043523845577245
26054,Neutral,0.683665519525758,0.05448233623778487,0.261852144236457
26055,Neutral,0.683665519525758,0.05448233623778487,0.261852144236457
26056,Neutral,0.683665519525758,0.05448233623778487,0.261852144236457
26057,LOF,0.056474049121309954,0.3674843644960525,0.5760415863826376
26058,LOF,0.05296421085478347,0.3059995297390773,0.6410362594061393
26059,Neutral,0.8356697684433962,0.04470535150341074,0.11962488005319281
26060,GOF,0.04007124648708231,0.6717836792937346,0.2881450742191831
26061,LOF,0.37878488643711394,0.08900999131262266,0.5322051222502634
26062,LOF,0.376059476322835,0.06559036659645492,0.5583501570807101
26063,LOF,0.06464358824014477,0.16160399654259333,0.7737524152172619
26064,Neutral,0.4294779554579114,0.15598580384377508,0.4145362406983134
26065,LOF,0.06279463759578767,0.2556920108941794,0.6815133515100329
26066,LOF,0.0684293557515468,0.15228950627954707,0.779281137968906
26067,LOF,0.07832210004454863,0.14580753495830062,0.7758703649971507
26068,Neutral,0.6343026706270659,0.07385068364009947,0.2918466457328347
26069,Neutral,0.6140482841978783,0.06801622947400128,0.31793548632812046
26070,Neutral,0.6140482841978783,0.06801622947400128,0.31793548632812046
26071,LOF,0.06415449934664146,0.15502762050351612,0.7808178801498423
26072,LOF,0.34138331918760223,0.07749513844494017,0.5811215423674576
26073,LOF,0.06450605696989374,0.1483801012366846,0.7871138417934217
26074,Neutral,0.8088031636396878,0.053498727127911795,0.13769810923240047
26075,Neutral,0.6308140106897038,0.07768846778153016,0.2914975215287661
26076,LOF,0.06302703900333773,0.14874947650753179,0.7882234844891306
26077,Neutral,0.5622006272130725,0.02410049391932357,0.41369887886760404
26078,LOF,0.4323359762967758,0.10741986849578063,0.4602441552074435
26079,Neutral,0.6822935883115727,0.07984428164016415,0.23786213004826323
26080,Neutral,0.6822935883115727,0.07984428164016415,0.23786213004826323
26081,LOF,0.07138380053023269,0.15114980554164484,0.7774663939281226
26082,LOF,0.43079295880640606,0.12836078825821806,0.4408462529353759
26083,LOF,0.05100385172607882,0.21859105402891,0.7304050942450112
26084,LOF,0.05100385172607882,0.21859105402891,0.7304050942450112
26085,LOF,0.05054975125183153,0.22802789234033546,0.7214223564078331
26086,LOF,0.057608343543068125,0.20575093164183586,0.7366407248150961
26087,LOF,0.05919004697640388,0.20596608117331416,0.734843871850282
26088,LOF,0.43477066030445205,0.12355874506696117,0.4416705946285867
26089,Neutral,0.665022849392334,0.07254063502184666,0.26243651558581926
26090,Neutral,0.665022849392334,0.07254063502184666,0.26243651558581926
26091,LOF,0.06336526260916485,0.15109590920130087,0.7855388281895344
26092,LOF,0.07476297235996154,0.17268724226728846,0.75254978537275
26093,LOF,0.07476297235996154,0.17268724226728846,0.75254978537275
26094,LOF,0.07741372799417869,0.1293389289454228,0.7932473430603987
26095,LOF,0.34493691916281854,0.10472207398463039,0.550341006852551
26096,Neutral,0.5428350145934832,0.04137707775374085,0.41578790765277596
26097,LOF,0.3298431267256319,0.06756037379038989,0.6025964994839782
26098,Neutral,0.6811232753137246,0.055782427645912715,0.2630942970403627
26099,LOF,0.0638281942790143,0.1643990207930203,0.7717727849279654
26100,LOF,0.0638281942790143,0.1643990207930203,0.7717727849279654
26101,LOF,0.06326937860877191,0.2463688386985563,0.6903617826926718
26102,LOF,0.06360137703895113,0.15393500558761086,0.7824636173734381
26103,Neutral,0.4155463201218986,0.20808801823322418,0.37636566164487717
26104,Neutral,0.7185684042036968,0.07489021349727015,0.20654138229903307
26105,LOF,0.29340597101784543,0.1599892474562205,0.5466047815259341
26106,Neutral,0.45136639140860957,0.2041726014524943,0.3444610071388962
26107,GOF,0.02479265850232348,0.6312608261106424,0.34394651538703414
26108,GOF,0.2991250428969123,0.4766733828320419,0.2242015742710458
26109,LOF,0.4005747928674066,0.1687580894110894,0.430667117721504
26110,Neutral,0.4880636317831344,0.1399957914425994,0.3719405767742661
26111,LOF,0.03995191518751558,0.4608271974141319,0.4992208873983526
26112,LOF,0.06504822693824949,0.16173728041318636,0.7732144926485641
26113,LOF,0.06752180028944377,0.268420623617295,0.6640575760932613
26114,LOF,0.30186625547395207,0.20613065918129325,0.49200308534475473
26115,GOF,0.020702797215556415,0.6802672372719508,0.29902996551249267
26116,LOF,0.06274038177617557,0.43371117085176214,0.5035484473720622
26117,Neutral,0.4155463201218986,0.20808801823322418,0.37636566164487717
26118,LOF,0.06540378661201375,0.1625149218286552,0.772081291559331
26119,LOF,0.016564544152595704,0.4339831119428902,0.5494523439045141
26120,LOF,0.06443872563663455,0.14432383581554165,0.7912374385478239
26121,LOF,0.026392915234043256,0.3096587356218838,0.663948349144073
