feature0,prediction,LoGoFunc_Neutral,LoGoFunc_GOF,LoGoFunc_LOF
25546,Neutral,0.7562943345807264,0.03179531225134003,0.21191035316793352
25547,Neutral,0.5931062926502568,0.07868010277476568,0.32821360457497756
25548,Neutral,0.565288451951496,0.05844742539537735,0.37626412265312653
25549,Neutral,0.4838000144822001,0.05836750464260123,0.4578324808751988
25550,LOF,0.3532648011896998,0.11417535811538068,0.5325598406949196
25551,LOF,0.29155849533750455,0.1268469290062548,0.5815945756562406
25552,LOF,0.20474517567517267,0.12238383382068192,0.6728709905041454
25553,Neutral,0.8310846180099201,0.03347889232144911,0.1354364896686308
25554,LOF,0.2297943388337218,0.11371377102736778,0.6564918901389105
25555,LOF,0.191564406730142,0.09700824410493149,0.7114273491649266
25556,LOF,0.39486136786845966,0.10073139771401378,0.5044072344175266
25557,LOF,0.1854177513930812,0.10371104440192774,0.7108712042049911
25558,LOF,0.21955356920451016,0.1154669475635543,0.6649794832319356
25559,LOF,0.4317990620792034,0.07466315854064301,0.4935377793801536
25560,LOF,0.04846908799479167,0.18808237493463237,0.7634485370705759
25561,LOF,0.10411141092222148,0.22367110318838937,0.6722174858893892
25562,LOF,0.10184958446325824,0.0883391282885588,0.809811287248183
25563,LOF,0.100208521444884,0.09356287719705496,0.8062286013580611
25564,LOF,0.15101790405184967,0.1698924073396379,0.6790896886085125
25565,LOF,0.14454919253564505,0.14071458444125745,0.7147362230230975
25566,GOF,0.013101430885464373,0.7640460285799359,0.22285254053459974
25567,LOF,0.014542854447259553,0.16102141095745606,0.8244357345952844
25568,LOF,0.051626779875724234,0.06956649168864756,0.8788067284356281
25569,LOF,0.06312849532423456,0.07741199594933461,0.8594595087264307
25570,LOF,0.06588030330068878,0.10657781051215293,0.8275418861871583
25571,LOF,0.05906557110460419,0.0991998717701322,0.8417345571252637
25572,LOF,0.06576968988222939,0.15159290170645778,0.7826374084113129
25573,LOF,0.02707872180764534,0.1040600763195837,0.8688612018727709
25574,LOF,0.01649823135095389,0.1808002418731397,0.8027015267759063
25575,LOF,0.04915415562346311,0.11022116416372667,0.8406246802128103
25576,LOF,0.020287385762714282,0.13171728539313707,0.8479953288441486
25577,LOF,0.015107976585515022,0.16844347236141777,0.8164485510530672
25578,LOF,0.24338316469793647,0.10014261998571478,0.6564742153163488
25579,LOF,0.2446915875585408,0.09921684623711152,0.6560915662043477
25580,LOF,0.03230329887660589,0.09327243167914968,0.8744242694442445
25581,LOF,0.049265774374796616,0.08019797484829137,0.8705362507769121
25582,LOF,0.049108812265393924,0.0786075093164299,0.8722836784181761
25583,LOF,0.04511927208533775,0.10824691603192875,0.8466338118827335
25584,Neutral,0.46115887165900915,0.10579178827952468,0.4330493400614661
25585,LOF,0.032256200903460513,0.12364458904305634,0.8440992100534832
25586,LOF,0.03658281810844581,0.09155032651042187,0.8718668553811324
25587,LOF,0.03471218765269073,0.08605779944220557,0.8792300129051036
25588,LOF,0.037014255793215226,0.11336402100757495,0.8496217231992098
25589,Neutral,0.6167223686460608,0.12286039113270905,0.2604172402212301
25590,LOF,0.02970451384241892,0.14826205804748002,0.8220334281101012
25591,LOF,0.10735515245717364,0.06887602050439826,0.8237688270384281
25592,LOF,0.09731701172240778,0.14199874376120236,0.7606842445163899
25593,LOF,0.018577963200475747,0.29644519167480166,0.6849768451247227
25594,LOF,0.030290508589970306,0.2528335900307334,0.7168759013792964
25595,LOF,0.0481909233214604,0.1913250874813998,0.7604839891971399
25596,LOF,0.06548216041826677,0.13170471315715665,0.8028131264245766
25597,LOF,0.06283873102499653,0.09372683947486461,0.8434344295001389
25598,LOF,0.03703555957437701,0.23330330010327205,0.7296611403223509
25599,GOF,0.006516968614142179,0.7978614754182274,0.1956215559676305
25600,GOF,0.009135136601682818,0.5624072337341768,0.4284576296641403
25601,LOF,0.007452226175670748,0.4935025871904829,0.49904518663384634
25602,LOF,0.021947121581319826,0.05760201410107271,0.9204508643176075
25603,LOF,0.034690790182510846,0.04086686268685885,0.9244423471306303
25604,LOF,0.04502147982055153,0.057986117580508145,0.8969924025989403
25605,LOF,0.010566303718312313,0.2179080524622425,0.7715256438194451
25606,LOF,0.06850420098522476,0.42712654050920906,0.5043692585055662
25607,LOF,0.004652530327273181,0.15287207008999443,0.8424753995827324
25608,LOF,0.058123537944874466,0.044086084239397846,0.8977903778157277
25609,LOF,0.045798201070182336,0.3408408664313775,0.6133609324984401
25610,LOF,0.0454764477996749,0.0338491242561362,0.920674427944189
25611,LOF,0.05131628710442902,0.03401608051497957,0.9146676323805913
25612,LOF,0.1018414266626493,0.055959725922808776,0.842198847414542
25613,LOF,0.08555780453201312,0.05582565076371777,0.8586165447042691
25614,LOF,0.03608851880077444,0.04352974409405454,0.9203817371051709
25615,LOF,0.0582451762422703,0.04507596971197577,0.896678854045754
25616,LOF,0.03695368610669669,0.0422011177994487,0.9208451960938546
25617,LOF,0.03494050232636964,0.048402977483619616,0.9166565201900106
25618,LOF,0.21663479462751514,0.04460867142391748,0.7387565339485674
25619,LOF,0.0351561110930446,0.03736048539755169,0.9274834035094036
25620,LOF,0.04210010593164067,0.04984626430136745,0.9080536297669919
25621,LOF,0.034417900089347045,0.03921954960733276,0.9263625503033202
25622,LOF,0.030974285650773904,0.05269373669382328,0.9163319776554029
25623,LOF,0.06957218831631087,0.03915733038656385,0.8912704812971253
25624,LOF,0.028463272607924524,0.050469099327952516,0.9210676280641229
25625,LOF,0.03847243029871545,0.056492221005492865,0.9050353486957917
25626,LOF,0.07379884536095191,0.040704186564121746,0.8854969680749264
25627,Neutral,0.5884124514203978,0.12790349375337695,0.2836840548262254
25628,LOF,0.1863150385374065,0.06513271098747901,0.7485522504751145
25629,LOF,0.06884518414190123,0.13780092713881983,0.7933538887192788
25630,LOF,0.19463043883340994,0.10855116299047139,0.6968183981761187
25631,Neutral,0.6043897005249921,0.08403368230602794,0.31157661716898
25632,LOF,0.022168993021200397,0.07944731262513129,0.8983836943536683
25633,LOF,0.23986724173434967,0.08536248665379544,0.6747702716118549
25634,LOF,0.03715477088689753,0.10060311728313996,0.8622421118299626
25635,LOF,0.04842266693045383,0.08930195545534123,0.8622753776142049
25636,GOF,0.005314225928489191,0.5059261523244127,0.488759621747098
25637,LOF,0.00487343471067438,0.4603302320129727,0.5347963332763529
25638,LOF,0.007939906797405397,0.3663936914657185,0.6256664017368762
25639,LOF,0.005040558566904675,0.35639964242864636,0.6385597990044489
25640,GOF,0.4247343354076241,0.530530568995995,0.044735095596380885
25641,LOF,0.006843777212161909,0.36870209574948404,0.624454127038354
25642,LOF,0.23931624758981784,0.07972709183748679,0.6809566605726953
25643,LOF,0.18570280043929152,0.26876169687599827,0.5455355026847102
25644,LOF,0.03148541987903425,0.4382603105042665,0.5302542696166992
25645,LOF,0.02221079411846824,0.3555285413113341,0.6222606645701977
25646,LOF,0.02149843055232641,0.23227909078477454,0.746222478662899
25647,LOF,0.01998089460313368,0.19812701236524427,0.7818920930316221
25648,LOF,0.017265284373823457,0.20335946188184392,0.7793752537443327
25649,LOF,0.0162475162822274,0.1523789307157803,0.8313735530019924
25650,LOF,0.044547881924285965,0.4040328309686057,0.5514192871071083
25651,LOF,0.014260321468717493,0.18747982727190782,0.7982598512593747
25652,LOF,0.019133570748531763,0.18485816926956347,0.7960082599819048
25653,LOF,0.09713594114181837,0.3259162626690657,0.576947796189116
25654,LOF,0.015961943942352376,0.18602617755030768,0.7980118785073399
25655,LOF,0.10525630536351459,0.24579731454143192,0.6489463800950535
25656,LOF,0.053247605929971825,0.05989587052910003,0.8868565235409281
25657,LOF,0.29028313452266646,0.026375530156999515,0.6833413353203339
25658,LOF,0.032757980483633736,0.07718271643008176,0.8900593030862846
25659,LOF,0.23429906951704585,0.053895043170291396,0.7118058873126628
25660,LOF,0.09615240010615542,0.10661898962267889,0.7972286102711658
25661,LOF,0.0692400859566198,0.07608419575510689,0.8546757182882734
25662,LOF,0.032609917802735686,0.04944842728027751,0.9179416549169868
25663,LOF,0.04187838070237063,0.08184817360871068,0.8762734456889186
25664,LOF,0.030317605584273252,0.13389490014236796,0.8357874942733589
25665,LOF,0.05201157211697581,0.05309332680450972,0.8948951010785144
25666,LOF,0.03754377935670248,0.18952258562747273,0.7729336350158247
25667,LOF,0.033687057378792955,0.06402412415587924,0.9022888184653277
25668,LOF,0.043180553181063265,0.06423012334298703,0.8925893234759498
25669,LOF,0.04825614837168771,0.10487842896259786,0.8468654226657144
25670,LOF,0.12943266620135616,0.11341777304309955,0.7571495607555444
25671,LOF,0.04194021758316187,0.058077939453396565,0.8999818429634415
25672,LOF,0.050594492877892944,0.09135994518095875,0.8580455619411482
25673,LOF,0.037163755540330405,0.09513416673918182,0.8677020777204879
25674,LOF,0.027180972582626774,0.10778532398764164,0.8650337034297316
25675,LOF,0.037519245502667845,0.09116761644300107,0.8713131380543311
25676,LOF,0.033536387487216913,0.07212543716568515,0.894338175347098
25677,LOF,0.08331015595765552,0.07045228330506306,0.8462375607372814
25678,LOF,0.15834966927404936,0.05680320268057745,0.784847128045373
25679,LOF,0.10480633047901575,0.08216928156305778,0.8130243879579265
25680,LOF,0.08688935916128246,0.10444813232648129,0.8086625085122362
25681,LOF,0.0948616603113748,0.09626253033236518,0.80887580935626
25682,LOF,0.05448957430713309,0.086141671560458,0.859368754132409
25683,LOF,0.07308378673717099,0.1257839882125191,0.80113222505031
25684,LOF,0.0603803687853042,0.07849070867881149,0.8611289225358844
25685,LOF,0.11873582143171751,0.039227290228325704,0.8420368883399568
25686,LOF,0.03412356281411657,0.08082273871338182,0.8850536984725017
25687,LOF,0.07619361600429837,0.08319037676279702,0.8406160072329046
25688,LOF,0.02251241115373459,0.15094826507800924,0.8265393237682561
25689,LOF,0.016884221696863242,0.08270669586849372,0.900409082434643
25690,LOF,0.018082544081166156,0.10098539313621718,0.8809320627826167
25691,LOF,0.1413266348975638,0.1585513735329286,0.7001219915695076
25692,LOF,0.191400807248739,0.02505619252841938,0.7835430002228416
25693,LOF,0.04438137726997921,0.17799634271450324,0.7776222800155176
25694,LOF,0.28578583954324754,0.013337648557252,0.7008765118995005
25695,LOF,0.21364457917637028,0.017848989096763513,0.7685064317268662
25696,LOF,0.17221595460799594,0.010962149305213817,0.8168218960867902
25697,LOF,0.12358823480648283,0.03387904112749851,0.8425327240660186
25698,LOF,0.02870255273762459,0.3592894833337447,0.6120079639286308
25699,LOF,0.08330900068800798,0.07519729740774274,0.8414937019042493
25700,LOF,0.03392061847247305,0.014780381684191556,0.9512989998433353
25701,LOF,0.015974973393966297,0.07956125013583581,0.9044637764701979
25702,GOF,0.02999423101740857,0.7496322606234982,0.2203735083590932
25703,LOF,0.016538883833090788,0.22296906475560252,0.7604920514113067
25704,LOF,0.10940607651116648,0.1886700881529728,0.7019238353358607
25705,LOF,0.08040923703877069,0.26970937527889155,0.6498813876823378
25706,GOF,0.03049168271326845,0.6278160671411148,0.3416922501456168
25707,GOF,0.036326587574940915,0.6320693701906235,0.3316040422344355
25708,GOF,0.007769045633540424,0.597523060195285,0.39470789417117447
25709,LOF,0.022387787365255252,0.09977668778696305,0.8778355248477818
25710,LOF,0.00500925811453049,0.26601614060867457,0.7289746012767949
25711,LOF,0.026152218562422655,0.15745289584615843,0.8163948855914189
25712,LOF,0.006038751310066605,0.3118320789212411,0.6821291697686923
25713,LOF,0.02341660302263187,0.13847286063424868,0.8381105363431195
25714,LOF,0.025507230412067972,0.18565259850380292,0.788840171084129
25715,LOF,0.026386997795469394,0.1613931217237387,0.8122198804807919
25716,LOF,0.008721253503430513,0.15941593589647307,0.8318628106000964
25717,LOF,0.006116819787163406,0.1760805504482562,0.8178026297645804
25718,LOF,0.02588009909834052,0.11491500833868216,0.8592048925629773
25719,LOF,0.033240943438484966,0.13080967859013337,0.8359493779713816
25720,LOF,0.03190597825870145,0.12251178293938303,0.8455822388019155
25721,LOF,0.027889824282874714,0.10980411725981044,0.8623060584573149
25722,LOF,0.017638226847867554,0.1539688522680668,0.8283929208840657
25723,LOF,0.026724786956954558,0.10696219357089023,0.8663130194721551
25724,LOF,0.02511520613507739,0.19444323481624043,0.7804415590486822
25725,LOF,0.02688334751195282,0.10624359942405456,0.8668730530639926
25726,LOF,0.01790057475089441,0.135770764379914,0.8463286608691916
25727,LOF,0.02495989663265081,0.1333332104553154,0.8417068929120338
25728,LOF,0.025587244791444128,0.13380756173344924,0.8406051934751066
25729,LOF,0.024901862657139437,0.14374371294962912,0.8313544243932315
25730,LOF,0.027059443155728943,0.1022963592152888,0.8706441976289823
25731,LOF,0.010393376679748507,0.20815692002651476,0.7814497032937368
25732,LOF,0.022838522146721676,0.11623492244312006,0.8609265554101583
25733,LOF,0.03485799928116949,0.12181476367521762,0.8433272370436129
25734,LOF,0.006069489680802095,0.30435818054722996,0.6895723297719679
25735,LOF,0.02355291964411559,0.10034844639665742,0.876098633959227
25736,LOF,0.022472169669988443,0.1600017171108711,0.8175261132191405
25737,LOF,0.048215327891038405,0.1569505705395008,0.7948341015694609
25738,LOF,0.02321832069656344,0.1902935126881909,0.7864881666152457
25739,LOF,0.027072087335333176,0.16416963624102515,0.8087582764236417
25740,LOF,0.028522182811482673,0.17117889834170563,0.8002989188468116
25741,LOF,0.03446997858120525,0.1509493587175506,0.8145806627012442
25742,LOF,0.04486708175716913,0.16426047801926863,0.7908724402235622
25743,LOF,0.011730609605708648,0.030740990137290106,0.9575284002570014
25744,LOF,0.18782742851483983,0.32258566108306286,0.48958691040209734
25745,LOF,0.03526787443878457,0.10151335664464772,0.8632187689165677
25746,LOF,0.01519620080605422,0.1564086209734095,0.8283951782205362
25747,LOF,0.04305947350003011,0.029730435271932656,0.9272100912280373
25748,LOF,0.2943726666567621,0.0558586740852667,0.6497686592579712
25749,LOF,0.013123188503893367,0.08168948425312542,0.9051873272429812
25750,LOF,0.019027562956372573,0.08140055196647952,0.8995718850771478
25751,LOF,0.040674437657867886,0.05247835726040573,0.9068472050817264
25752,GOF,0.0777468492473976,0.7219937761840824,0.20025937456852
25753,LOF,0.0068821134479071615,0.4111023551543628,0.5820155313977301
25754,GOF,0.007139657697095386,0.8759645869919196,0.11689575531098491
25755,LOF,0.007080639060886614,0.4275021013566715,0.5654172595824418
25756,LOF,0.02930779101973057,0.430964306156712,0.5397279028235573
25757,GOF,0.007851300805579957,0.8655264423404538,0.1266222568539663
25758,GOF,0.008842479922192021,0.8545304280748189,0.1366270920029892
25759,GOF,0.006008651517746111,0.6321227603957456,0.3618685880865084
25760,LOF,0.005361256805959618,0.33354646730137005,0.6610922758926704
25761,GOF,0.04870183681193403,0.846433879226626,0.10486428396143976
25762,LOF,0.033711221160918584,0.3629458393593749,0.6033429394797065
25763,LOF,0.0060995555089965936,0.2901842215475332,0.7037162229434701
25764,GOF,0.051653754635376956,0.6392721526763557,0.3090740926882673
25765,GOF,0.007432268880470081,0.8563803979543756,0.13618733316515438
25766,GOF,0.04673127152776108,0.8176781347964092,0.13559059367582993
25767,GOF,0.01593678782374942,0.5645641847335146,0.4194990274427361
25768,LOF,0.046466346258671354,0.06329596323504018,0.8902376905062884
25769,LOF,0.033116720296194335,0.06936228129935954,0.8975209984044461
25770,LOF,0.12563351359259675,0.06344807430523172,0.8109184121021715
25771,LOF,0.016439922177753346,0.04847541467188306,0.9350846631503635
25772,LOF,0.0313050115922517,0.02231934482690036,0.946375643580848
25773,LOF,0.019302650885967748,0.05209041239704574,0.9286069367169865
25774,LOF,0.02517680782010057,0.09261583287118406,0.8822073593087153
25775,LOF,0.0210676629101903,0.03265134134000717,0.9462809957498024
25776,LOF,0.03382136784905341,0.01905629628726428,0.9471223358636824
25777,LOF,0.13257583313994356,0.05884543081378097,0.8085787360462754
25778,LOF,0.025503428917766056,0.04336289461586753,0.9311336764663664
25779,GOF,0.05038938302306783,0.8884183438024478,0.06119227317448442
25780,GOF,0.07887205861618343,0.8772892810690426,0.043838660314774125
25781,GOF,0.03303211979439457,0.865062368193804,0.10190551201180144
25782,GOF,0.035574892633276435,0.905898916845425,0.05852619052129866
25783,GOF,0.032030847713551795,0.9225075403213272,0.04546161196512096
25784,GOF,0.08971859264926485,0.8579999671853821,0.052281440165352994
25785,GOF,0.10091241790460571,0.8641637080469481,0.034923874048446296
25786,GOF,0.010165980332338412,0.8876901247519796,0.10214389491568195
25787,GOF,0.23099349032714184,0.7260415530391933,0.04296495663366498
25788,LOF,0.017851928781846268,0.18022545150315197,0.8019226197150018
25789,GOF,0.017506037480437553,0.8588661064713422,0.1236278560482202
25790,GOF,0.029681815227445542,0.8836206381755308,0.08669754659702372
25791,GOF,0.024086687800003604,0.7834089240282384,0.192504388171758
25792,GOF,0.027983454723605625,0.8272139030780907,0.14480264219830366
25793,GOF,0.05972249964662822,0.843097917315869,0.09717958303750275
25794,GOF,0.0411003361046656,0.7676957447561732,0.1912039191391613
25795,GOF,0.0542259775304025,0.7240976028299098,0.2216764196396878
25796,GOF,0.11161032558134472,0.808989056742279,0.07940061767637618
25797,GOF,0.07968908423216955,0.7181727075659802,0.2021382082018503
25798,GOF,0.0068405210815303385,0.7707183353650905,0.22244114355337916
25799,GOF,0.004437251430453807,0.6884431043431387,0.3071196442264074
25800,GOF,0.027737627134061364,0.8348405537477264,0.13742181911821222
25801,GOF,0.022224089796495858,0.9064412650087913,0.07133464519471291
25802,GOF,0.03234231765252885,0.8179611748281881,0.1496965075192831
25803,GOF,0.02239953818720249,0.7239301211284926,0.25367034068430483
25804,GOF,0.0353790870298508,0.7756787849238032,0.18894212804634591
25805,GOF,0.029496068568799855,0.7878187249357121,0.18268520649548792
25806,GOF,0.03833321322946248,0.7889683933343467,0.17269839343619087
25807,GOF,0.012340909122110838,0.7591525103357569,0.22850658054213221
25808,GOF,0.02270024517722788,0.7671803863484549,0.21011936847431723
25809,GOF,0.011478450729401162,0.7097035633683327,0.2788179859022662
25810,GOF,0.009920327663315161,0.6899278104418023,0.30015186189488247
25811,GOF,0.06074264268811764,0.8748916471106194,0.06436571020126303
25812,GOF,0.02962208593524304,0.8107065739002874,0.15967134016446943
25813,GOF,0.147862998748017,0.7864638879221572,0.06567311332982571
25814,GOF,0.03145668362467777,0.8141466166599851,0.15439669971533707
25815,GOF,0.06048210777355112,0.8456381385337968,0.09387975369265195
25816,GOF,0.008917181061518384,0.8634983630949834,0.12758445584349815
25817,GOF,0.10031266790013943,0.788894456759192,0.11079287534066866
25818,GOF,0.02835371416180279,0.8013351839593758,0.1703111018788214
25819,GOF,0.04933720042141506,0.7560712851612317,0.19459151441735323
25820,GOF,0.04172791222155526,0.6947309654847633,0.26354112229368154
25821,GOF,0.029554970483952572,0.736296192378348,0.23414883713769946
25822,GOF,0.05341424981292338,0.7354345423593773,0.21115120782769925
25823,GOF,0.03171747143502682,0.7259208475123547,0.24236168105261846
25824,GOF,0.03236467052654921,0.7855076379553829,0.18212769151806787
25825,GOF,0.02538088864392802,0.7823366952287327,0.19228241612733926
25826,GOF,0.011403468250141975,0.7354788598194336,0.2531176719304244
25827,GOF,0.015388725369631812,0.6818195306301934,0.3027917440001748
25828,GOF,0.012398380151154086,0.7366875403571843,0.2509140794916615
25829,GOF,0.004436333055366688,0.6750137716914691,0.3205498952531641
25830,GOF,0.0395648963845136,0.5253469979919831,0.4350881056235033
25831,GOF,0.06162506838828117,0.8003096890762784,0.1380652425354405
25832,GOF,0.012773726027557709,0.7624252898570857,0.22480098411535657
25833,GOF,0.04230936120408867,0.819185814793349,0.13850482400256228
25834,GOF,0.01309159101231861,0.7786968630710567,0.20821154591662464
25835,GOF,0.02874539821783512,0.8351306395805338,0.1361239622016309
25836,GOF,0.008560167130799516,0.7628725317466197,0.22856730112258067
25837,GOF,0.012297832890601703,0.7730169082994096,0.21468525880998865
25838,GOF,0.028206620074154483,0.8418849823617961,0.12990839756404945
25839,GOF,0.07744132444130356,0.8070646293237628,0.11549404623493377
25840,GOF,0.10751764527284435,0.7741938539639107,0.11828850076324511
25841,GOF,0.10220530455664614,0.8075500384417588,0.09024465700159513
25842,GOF,0.035764371461389305,0.8759169269392835,0.08831870159932721
25843,GOF,0.03488015729831473,0.8794011592973161,0.08571868340436922
25844,GOF,0.024564644310361594,0.8446476920344945,0.13078766365514388
25845,GOF,0.00807701584464338,0.768777058903137,0.22314592525221963
25846,GOF,0.06848805811608143,0.8465377803044637,0.08497416157945477
25847,GOF,0.022595956263706404,0.8868367939096778,0.0905672498266157
25848,GOF,0.0277481838638687,0.8487660916516235,0.12348572448450784
25849,GOF,0.0089655311688129,0.8330252258557351,0.15800924297545202
25850,GOF,0.007993694920381485,0.7441012752781951,0.24790502980142337
25851,GOF,0.0073814390813691155,0.6971274120966512,0.2954911488219797
25852,GOF,0.16098089317182174,0.5712876745184985,0.26773143230967983
25853,GOF,0.06624820649854546,0.8146911158987811,0.1190606776026735
25854,GOF,0.006702982448821928,0.7163212947131902,0.27697572283798794
25855,GOF,0.021193988014305064,0.6935707723960958,0.2852352395895991
25856,GOF,0.03995739820898443,0.7644469717898562,0.19559563000115937
25857,GOF,0.021375837431687254,0.6825344688814879,0.2960896936868248
25858,GOF,0.010763144453998705,0.7116129301772132,0.27762392536878794
25859,GOF,0.0081381119005588,0.6776158231045075,0.3142460649949337
25860,GOF,0.07915526517237138,0.7797746973195746,0.14107003750805397
25861,GOF,0.1115786498255411,0.7859992364994753,0.10242211367498356
25862,GOF,0.028746358483718468,0.8864405780032352,0.08481306351304628
25863,GOF,0.025825972721388667,0.8899637094466174,0.08421031783199384
25864,GOF,0.06494371831823333,0.8784148643509153,0.056641417330851464
25865,GOF,0.05868267945961579,0.8508987479851662,0.09041857255521811
25866,GOF,0.02776571593947556,0.88349744579277,0.08873683826775458
25867,GOF,0.04685016708832711,0.8748871142087221,0.0782627187029509
25868,GOF,0.07073317265682727,0.8212659521450599,0.10800087519811288
25869,GOF,0.38611051804965935,0.5303818949088064,0.08350758704153419
25870,GOF,0.07408061404646164,0.5534011332411379,0.3725182527124003
25871,GOF,0.013894441987566987,0.8559514374623892,0.1301541205500437
25872,GOF,0.027620481115764654,0.8310175579242488,0.1413619609599865
25873,GOF,0.02603459998359535,0.8831453733807549,0.09082002663564961
25874,LOF,0.018258211815394762,0.19642344735552694,0.7853183408290783
25875,LOF,0.037081685198366,0.05469640321413191,0.908221911587502
25876,LOF,0.02193151650714755,0.038342747383982266,0.9397257361088701
25877,LOF,0.1369703979338245,0.09572813504247633,0.7673014670236991
25878,LOF,0.10227649856520049,0.12376017358395812,0.7739633278508413
25879,LOF,0.015715883230022733,0.0918940674254138,0.8923900493445635
25880,LOF,0.07340564798304144,0.01587947434547048,0.9107148776714882
25881,Neutral,0.549456378094887,0.09820898889550285,0.3523346330096102
25882,LOF,0.05830018710434304,0.031196553151444893,0.9105032597442121
25883,LOF,0.0265234884783749,0.03239025763195426,0.9410862538896709
25884,LOF,0.019179456216875876,0.04682740876290694,0.9339931350202171
25885,LOF,0.19665802933605644,0.014979978853454584,0.788361991810489
25886,LOF,0.268986216353964,0.06358038579890253,0.6674333978471335
25887,LOF,0.1322458071605608,0.12177191678705404,0.7459822760523851
25888,LOF,0.007691668034492834,0.1689315574045221,0.823376774560985
25889,LOF,0.025867465662223647,0.04057763760506741,0.9335548967327089
25890,LOF,0.18731402508275088,0.061766604215335114,0.750919370701914
25891,LOF,0.12141472239115815,0.028368966219201205,0.8502163113896407
25892,LOF,0.009124845422782255,0.03373433277436801,0.9571408218028498
25893,LOF,0.40691427492487997,0.009819724659982529,0.5832660004151375
25894,LOF,0.3805214741593959,0.006910509240180814,0.6125680166004234
25895,LOF,0.3245632198732779,0.013570619007255341,0.6618661611194667
25896,LOF,0.07390075686519225,0.03528632865669597,0.8908129144781118
25897,LOF,0.1363438631459688,0.012151580977299545,0.8515045558767317
25898,LOF,0.1289728283572421,0.03727184327137878,0.833755328371379
25899,LOF,0.39460656113552833,0.03600340974044306,0.5693900291240285
25900,LOF,0.4721148009772965,0.010650848521805598,0.5172343505008978
25901,LOF,0.08407420719288303,0.012392903558604567,0.9035328892485125
25902,LOF,0.09074462772083516,0.016371029229484056,0.8928843430496808
25903,LOF,0.2863495715469919,0.025977036629665065,0.687673391823343
25904,Neutral,0.5059586021964879,0.046410946459060715,0.44763045134445134
25905,LOF,0.0067157897123822485,0.4570383331900169,0.5362458770976009
25906,LOF,0.009578428271745116,0.089149156095308,0.9012724156329469
25907,LOF,0.009897827032273427,0.28926025712028014,0.7008419158474464
25908,LOF,0.009223285151278843,0.3115391534434148,0.6792375614053063
25909,LOF,0.033181060752935705,0.10634063137566492,0.8604783078713995
25910,LOF,0.011631839265034114,0.14085618104872916,0.8475119796862367
25911,LOF,0.20025099636309737,0.024807673897223596,0.774941329739679
25912,LOF,0.09087092233603936,0.021260078928859432,0.8878689987351013
25913,LOF,0.026838440774001198,0.03434428726172907,0.9388172719642698
25914,LOF,0.045862697196231976,0.023565185259920685,0.9305721175438474
25915,LOF,0.25622235939696064,0.09137261426436372,0.6524050263386756
25916,LOF,0.02496550514842592,0.056949631957492634,0.9180848628940815
25917,LOF,0.07748429445602724,0.02543993769787851,0.8970757678460942
25918,LOF,0.042086070352684884,0.013419705343293052,0.9444942243040222
25919,LOF,0.03573776699566908,0.013814035312332097,0.9504481976919987
25920,LOF,0.3652932989956796,0.25471452628637614,0.37999217471794433
25921,LOF,0.016389544311803946,0.023344839470733854,0.9602656162174622
25922,LOF,0.0157148009353252,0.024003335464627844,0.960281863600047
25923,LOF,0.45412076785821975,0.016539650852634494,0.5293395812891457
25924,LOF,0.026297811560605355,0.031949965092925435,0.9417522233464691
25925,LOF,0.10174292202407549,0.033165869513644565,0.8650912084622799
25926,LOF,0.08597057199776818,0.0212538142720247,0.8927756137302071
25927,LOF,0.02916074298536783,0.052517707329621195,0.918321549685011
25928,LOF,0.01282734950233598,0.030998136834149495,0.9561745136635145
25929,Neutral,0.5767991111214078,0.015895905837586592,0.4073049830410055
25930,LOF,0.08925208516409486,0.015176686716086097,0.895571228119819
25931,LOF,0.01569764411606292,0.020612182563066232,0.9636901733208708
25932,LOF,0.08406108350882664,0.01884797681954643,0.8970909396716269
25933,LOF,0.08663149336065602,0.011926083514048474,0.9014424231252954
25934,LOF,0.08450403463267328,0.009785283600635209,0.9057106817666916
25935,LOF,0.09186069093267496,0.02917135581670821,0.8789679532506167
25936,LOF,0.11401423212420357,0.011636262315380416,0.874349505560416
25937,LOF,0.021499447632211705,0.01746217317905776,0.9610383791887306
25938,LOF,0.09918712416799043,0.026591655054573653,0.8742212207774358
25939,LOF,0.06962692309681562,0.015686322539450976,0.9146867543637334
25940,GOF,0.009774330994024475,0.523643804595414,0.46658186441056143
25941,LOF,0.44780835828535553,0.04504319682711079,0.5071484448875337
25942,LOF,0.010315222608982573,0.04733624767221229,0.9423485297188052
25943,LOF,0.04094026354778223,0.183233140991427,0.7758265954607908
25944,LOF,0.038192912907355665,0.0920326407858793,0.869774446306765
25945,LOF,0.1668008485475914,0.02474835884744723,0.8084507926049614
25946,LOF,0.0655169131774902,0.03942506385400631,0.8950580229685036
25947,Neutral,0.48669878373626185,0.11389313436413816,0.3994080818996001
25948,LOF,0.37545770867557104,0.017766317792324127,0.6067759735321049
25949,LOF,0.13290307109658825,0.08465724177728513,0.7824396871261265
25950,GOF,0.1323752088570249,0.5613316951847921,0.30629309595818294
25951,LOF,0.018267234031677272,0.47485458893232607,0.5068781770359967
25952,LOF,0.20315097760457443,0.24761247704272746,0.5492365453526981
25953,LOF,0.01017409943592819,0.3650100838511367,0.6248158167129351
25954,GOF,0.119078924867151,0.4639766591183745,0.4169444160144745
25955,LOF,0.010525124337692223,0.24377675546346259,0.7456981201988452
25956,LOF,0.01543115424968151,0.34687444684312607,0.6376943989071925
25957,LOF,0.15215700687004102,0.03872105352804464,0.8091219396019143
25958,LOF,0.032006885677265194,0.06701317922348256,0.9009799350992523
25959,GOF,0.007347368323128859,0.7703631426756181,0.22228948900125317
25960,LOF,0.004447602938234204,0.14051083107525358,0.8550415659865122
25961,LOF,0.028802164430857577,0.05047223847169433,0.9207255970974481
25962,LOF,0.03343322950684302,0.07827558957281051,0.8882911809203465
25963,LOF,0.008108632047107578,0.12132717262120046,0.8705641953316919
25964,LOF,0.03865375005284315,0.14885830836156036,0.8124879415855966
25965,LOF,0.23951342950751292,0.1699021793774054,0.5905843911150817
25966,LOF,0.331285506007319,0.11751646501834942,0.5511980289743317
25967,LOF,0.006225454892132381,0.09032284708146159,0.903451698026406
25968,LOF,0.04289936254732899,0.2634166883443138,0.6936839491083572
25969,LOF,0.14007417980085268,0.06840140957290763,0.7915244106262398
25970,LOF,0.06675107427000737,0.07620512764538515,0.8570437980846075
25971,LOF,0.06552126425908687,0.030896734027785644,0.9035820017131274
25972,LOF,0.0849660551437913,0.057597543459654954,0.8574364013965537
25973,LOF,0.059122990495234826,0.015274311291725599,0.9256026982130396
25974,LOF,0.04717319719500649,0.049353967759903604,0.90347283504509
25975,LOF,0.03735054943862703,0.022487619558973073,0.9401618310023999
25976,LOF,0.08686120124505695,0.014910842832097742,0.8982279559228452
25977,LOF,0.2609820588214846,0.050810364782793264,0.6882075763957222
25978,LOF,0.16254428685917094,0.12969301920624215,0.7077626939345869
25979,LOF,0.13535886897692742,0.1481267348472509,0.7165143961758217
25980,LOF,0.21450998958768588,0.20937500751746893,0.5761150028948451
25981,LOF,0.21587176543884826,0.21195236315639476,0.572175871404757
25982,LOF,0.3581146344779303,0.10988253181164122,0.5320028337104286
25983,LOF,0.4347334884210152,0.11746224414536743,0.4478042674336174
25984,LOF,0.06259066090736184,0.08741757626737447,0.8499917628252636
25985,Neutral,0.47556175023806396,0.12990583876267148,0.3945324109992646
25986,LOF,0.012992393597853613,0.47952998333038566,0.5074776230717608
25987,LOF,0.039438109895299577,0.10269794899443202,0.8578639411102684
25988,LOF,0.0606261313221273,0.14643905456203707,0.7929348141158358
25989,LOF,0.06878185550676509,0.20667414935280268,0.7245439951404322
25990,LOF,0.05894634462595668,0.3473732163851698,0.5936804389888735
25991,LOF,0.026119078722920904,0.4687734758253081,0.505107445451771
25992,LOF,0.016267036058539238,0.4230143699206873,0.5607185940207734
25993,LOF,0.02019750833836904,0.05988409186311625,0.9199183997985146
25994,LOF,0.02961913735295704,0.06628780890277396,0.9040930537442691
25995,LOF,0.01784590518766014,0.11770405388468994,0.8644500409276499
25996,GOF,0.3529420894904183,0.39225743611505093,0.2548004743945308
25997,LOF,0.05587009110805661,0.43852483844504253,0.5056050704469008
25998,LOF,0.2418189730677145,0.04792396955998232,0.7102570573723032
25999,LOF,0.043523029218693395,0.13294129872657845,0.8235356720547281
26000,LOF,0.12811534928831692,0.016615137084779272,0.8552695136269037
26001,LOF,0.19984786218275086,0.02249456713311407,0.777657570684135
26002,LOF,0.09592442169274212,0.029087141668393754,0.8749884366388642
26003,GOF,0.005853223561559302,0.6216349839737422,0.37251179246469845
26004,GOF,0.01148375124619119,0.5701464388098039,0.4183698099440049
26005,LOF,0.004282845067998531,0.4849159191481894,0.5108012357838121
26006,GOF,0.08394909234016845,0.5112580160970931,0.4047928915627386
26007,GOF,0.007737719643972715,0.5038380657121019,0.4884242146439254
26008,GOF,0.005255038268802706,0.5659480579487981,0.4287969037823992
26009,GOF,0.009271767443072962,0.5989297632725659,0.3917984692843611
26010,GOF,0.007874473496304478,0.568869445757173,0.4232560807465224
26011,LOF,0.004178523576364912,0.4144050301537117,0.5814164462699233
26012,GOF,0.004639188090118833,0.5514271627744941,0.44393364913538713
26013,GOF,0.010004504508772603,0.5572626349223542,0.43273286056887317
26014,LOF,0.040344981928234075,0.08442196007939025,0.8752330579923756
26015,LOF,0.41015614545540213,0.022296190477150635,0.5675476640674473
26016,LOF,0.2854585102528705,0.03733359733003837,0.6772078924170911
26017,LOF,0.014765038085494226,0.17130340983562903,0.8139315520788767
26018,LOF,0.027476902206770768,0.0753178591200017,0.8972052386732275
26019,LOF,0.02710750805560809,0.06590514852193079,0.9069873434224611
26020,LOF,0.007517861057130165,0.19380537228461645,0.7986767666582533
26021,LOF,0.06784331663041783,0.08565032783148077,0.8465063555381014
26022,LOF,0.034748462339566945,0.03286652929663389,0.9323850083637992
26023,LOF,0.022015651661074963,0.047480112922381926,0.930504235416543
26024,LOF,0.03911173556425853,0.06101799708346768,0.8998702673522738
26025,LOF,0.11381328347777486,0.06345091609981345,0.8227358004224118
26026,LOF,0.10690114946470532,0.04603510715077175,0.8470637433845228
26027,LOF,0.02826333235916197,0.028214794071784857,0.943521873569053
26028,LOF,0.06817053003374896,0.16337537867109952,0.7684540912951515
26029,LOF,0.025622675493335273,0.1645186151943807,0.809858709312284
26030,LOF,0.1235817485160506,0.026662030246614763,0.8497562212373347
26031,LOF,0.011623945965848738,0.1433433261533271,0.8450327278808242
26032,LOF,0.03813186131324474,0.04592045343462158,0.9159476852521337
26033,LOF,0.03848497914459455,0.048594731500557924,0.9129202893548476
26034,LOF,0.015702551357540666,0.10722658208578867,0.8770708665566707
26035,LOF,0.01113615742288661,0.10895112974437411,0.8799127128327393
26036,LOF,0.010784464247054313,0.09123458339378995,0.8979809523591558
26037,LOF,0.00999056665543865,0.0961621135403805,0.8938473198041809
26038,LOF,0.03107685990748088,0.0412483528307255,0.9276747872617935
26039,LOF,0.03054664533577055,0.12522781061855734,0.8442255440456721
26040,LOF,0.0816942114222393,0.10866641463627437,0.8096393739414863
26041,LOF,0.011318347617906047,0.09677763183147194,0.891904020550622
26042,LOF,0.010531780111166893,0.09992702228482403,0.8895411976040092
26043,LOF,0.03106298488304958,0.06742480854589475,0.9015122065710558
26044,LOF,0.0065231806789805115,0.04990745441616022,0.9435693649048593
26045,LOF,0.06287036678190953,0.14082613420786622,0.7963034990102243
26046,LOF,0.027785488133351886,0.04884413282564687,0.9233703790410012
26047,LOF,0.05966299934790984,0.047609605392471006,0.8927273952596191
26048,LOF,0.07933756338716792,0.017704369633306613,0.9029580669795254
26049,Neutral,0.9415180115586492,0.006076831227084398,0.05240515721426623
26050,Neutral,0.906618209250614,0.006612244327949925,0.08676954642143601
26051,LOF,0.026466288774607168,0.0944684945071842,0.8790652167182086
26052,LOF,0.029543570216616806,0.07652883594507895,0.8939275938383042
26053,LOF,0.01927310812945971,0.1501526003760687,0.8305742914944715
26054,LOF,0.045590441788622066,0.03734610164385013,0.9170634565675279
26055,LOF,0.06801983827502539,0.033511825476465563,0.8984683362485091
26056,LOF,0.05554793250596975,0.042895468704569166,0.9015565987894611
26057,LOF,0.058146775935070026,0.02236163350923374,0.9194915905556963
26058,LOF,0.06495973235046042,0.017758194210145448,0.9172820734393942
26059,LOF,0.21473859135113074,0.0320641794314936,0.7531972292173755
26060,LOF,0.01435914578610556,0.19917540373247286,0.7864654504814215
26061,LOF,0.010027076299114488,0.014117822198406745,0.9758551015024787
26062,LOF,0.005157009847516674,0.02141275154212827,0.973430238610355
26063,LOF,0.04765355077772151,0.015135884024287373,0.9372105651979912
26064,LOF,0.013606162615949017,0.02068763824397064,0.9657061991400804
26065,LOF,0.06088669386451756,0.021105959123293723,0.9180073470121887
26066,LOF,0.046451852477430396,0.01515483512285228,0.9383933123997172
26067,LOF,0.05616441224737021,0.014138151294901499,0.9296974364577284
26068,LOF,0.04966851589802191,0.037782475554977844,0.9125490085470002
26069,LOF,0.21143614702513233,0.027867872360526492,0.7606959806143412
26070,LOF,0.42379169887190715,0.018393531998849605,0.5578147691292433
26071,LOF,0.0514144686394721,0.01580405806663144,0.9327814732938965
26072,LOF,0.006297399818762931,0.023470088703722924,0.9702325114775141
26073,LOF,0.04375056328370181,0.017951757029526255,0.938297679686772
26074,Neutral,0.7873050974490763,0.013430407927281193,0.19926449462364249
26075,LOF,0.04378450613328036,0.028774335313678876,0.9274411585530408
26076,LOF,0.04343594635259056,0.01556254569812226,0.9410015079492873
26077,LOF,0.15026148912220094,0.010851692287044818,0.8388868185907543
26078,LOF,0.006082142001188227,0.026183967190736155,0.9677338908080755
26079,LOF,0.05468712079604177,0.025280692369427378,0.9200321868345309
26080,LOF,0.05392054060267062,0.025357042870531404,0.9207224165267979
26081,LOF,0.0416560412835999,0.01360587009145725,0.9447380886249428
26082,LOF,0.00592419508452427,0.022475055266967494,0.9716007496485082
26083,LOF,0.10461709837333136,0.026477172037319866,0.8689057295893486
26084,LOF,0.11794393127268107,0.024035294336223676,0.8580207743910953
26085,LOF,0.1073168095170533,0.019692657399028108,0.8729905330839186
26086,LOF,0.04088176533062622,0.018046420823149327,0.9410718138462244
26087,LOF,0.04040227962587627,0.016174458080582304,0.9434232622935415
26088,LOF,0.006172774442473833,0.036065046808275596,0.9577621787492505
26089,LOF,0.037857038677935745,0.0375552733020016,0.9245876880200626
26090,LOF,0.03776022522213625,0.029460344107945076,0.9327794306699188
26091,LOF,0.030828092108765227,0.011778599326945973,0.9573933085642888
26092,LOF,0.04745256199855568,0.013195567939828368,0.9393518700616159
26093,LOF,0.05940711441874857,0.009489623062888709,0.9311032625183626
26094,LOF,0.03352319554094722,0.010360178844412067,0.9561166256146407
26095,LOF,0.016498543982745643,0.023939822629383784,0.9595616333878705
26096,LOF,0.23468897342760833,0.006000848756122965,0.7593101778162686
26097,LOF,0.005913698760409841,0.05529893288580242,0.9387873683537877
26098,LOF,0.09233322554030086,0.02453498128236943,0.8831317931773297
26099,LOF,0.043821851760414865,0.027180235576008464,0.9289979126635768
26100,LOF,0.043821851760414865,0.027180235576008464,0.9289979126635768
26101,LOF,0.04732667592082803,0.04617556700421939,0.9064977570749525
26102,LOF,0.037600367790052366,0.023702902843516567,0.938696729366431
26103,Neutral,0.8949747094242295,0.02932469852252885,0.07570059205324149
26104,LOF,0.05118774716153667,0.04289796286373119,0.9059142899747321
26105,LOF,0.23133570578034507,0.12369793420392651,0.6449663600157284
26106,LOF,0.3560836973719178,0.0462943060725931,0.5976219965554891
26107,LOF,0.019650943847248574,0.07019198975192821,0.9101570664008232
26108,LOF,0.21484865068457326,0.049723517296783905,0.7354278320186429
26109,LOF,0.06273172232244797,0.03396751745614886,0.9033007602214033
26110,LOF,0.42503573886203755,0.014654093856985441,0.5603101672809769
26111,LOF,0.05999542018241785,0.10591048056420313,0.834094099253379
26112,LOF,0.0549190652353474,0.013132147419939868,0.9319487873447129
26113,LOF,0.10720247942529726,0.03508476908868335,0.8577127514860194
26114,LOF,0.09373844263257455,0.006851644401502345,0.8994099129659232
26115,LOF,0.021925530780124408,0.046333176372154124,0.9317412928477214
26116,LOF,0.08950520814469023,0.020878296138677876,0.8896164957166318
26117,LOF,0.35036796332714293,0.054398320896033484,0.5952337157768236
26118,LOF,0.03328480613201577,0.026583070681267355,0.9401321231867169
26119,LOF,0.004949004110643549,0.12980718405172578,0.8652438118376308
26120,LOF,0.02897308747920144,0.02473236122302498,0.9462945512977736
26121,LOF,0.003611573836209467,0.1805476312900768,0.8158407948737137
