feature0,prediction,LoGoFunc_Neutral,LoGoFunc_GOF,LoGoFunc_LOF
25546,Neutral,0.6718159818021398,0.06197100425301028,0.2662130139448499
25547,LOF,0.33961253152841747,0.2793086525006894,0.38107881597089305
25548,LOF,0.297200362134477,0.1655033097809674,0.5372963280845556
25549,LOF,0.20683091898335726,0.19749680018431548,0.5956722808323273
25550,Neutral,0.6200053340873205,0.06469743606673341,0.31529722984594605
25551,Neutral,0.486995510802921,0.060665087353690916,0.4523394018433882
25552,LOF,0.10892491657317159,0.21839385150827553,0.6726812319185529
25553,Neutral,0.4842662761454294,0.06358132104341754,0.45215240281115315
25554,LOF,0.14943929506456224,0.24768527949208766,0.6028754254433502
25555,LOF,0.10668884775423426,0.1969594810904767,0.6963516711552891
25556,LOF,0.17610429482520565,0.19451721436033662,0.6293784908144576
25557,LOF,0.09572143484126733,0.19537945435167156,0.7088991108070611
25558,LOF,0.1765282323576869,0.19375879790649672,0.6297129697358165
25559,LOF,0.39981447311541785,0.1636202908039846,0.4365652360805976
25560,LOF,0.048532112423613605,0.4616101148376249,0.4898577727387616
25561,LOF,0.11319859216607349,0.3451670384966616,0.5416343693372649
25562,LOF,0.28959627432198265,0.13035713079733346,0.5800465948806839
25563,LOF,0.45820653273143386,0.05816838346899479,0.48362508379957136
25564,LOF,0.05190666893437729,0.3851932191432906,0.5629001119223321
25565,LOF,0.11217784998623809,0.2858108284032354,0.6020113216105265
25566,GOF,0.04742202537088631,0.5295115233555006,0.4230664512736131
25567,LOF,0.43811819090290116,0.10729948895848578,0.45458232013861305
25568,Neutral,0.701921203934885,0.06640565031028178,0.23167314575483328
25569,Neutral,0.6655913575507646,0.07381459553713059,0.26059404691210475
25570,LOF,0.06118996564789499,0.1740249271321589,0.7647851072199461
25571,LOF,0.062617111341627,0.12848522066591916,0.8088976679924538
25572,LOF,0.35243240847662943,0.06419609376538377,0.5833714977579868
25573,LOF,0.4157223901689702,0.15856734514430812,0.4257102646867216
25574,GOF,0.07712854150964753,0.6866414055469138,0.23623005294343866
25575,LOF,0.07832836826388302,0.10453139931251075,0.8171402324236063
25576,LOF,0.41339210095793216,0.05064496985843411,0.5359629291836338
25577,LOF,0.4268603291553516,0.08121797456817201,0.4919216962764765
25578,Neutral,0.4215992996670448,0.21052510474492483,0.36787559558803024
25579,Neutral,0.4215992996670448,0.21052510474492483,0.36787559558803024
25580,LOF,0.05597872319412827,0.152020872371952,0.7920004044339198
25581,Neutral,0.701921203934885,0.06640565031028178,0.23167314575483328
25582,Neutral,0.701921203934885,0.06640565031028178,0.23167314575483328
25583,LOF,0.06657398608747406,0.16037532772468382,0.773050686187842
25584,Neutral,0.3577482784990532,0.3369677307172263,0.30528399078372054
25585,LOF,0.3359228980915828,0.10429011601791693,0.5597869858905002
25586,LOF,0.06326945768151292,0.1599759636545929,0.7767545786638942
25587,LOF,0.05942947087701587,0.2654071135137279,0.6751634156092562
25588,LOF,0.047954175002085875,0.2150383036279114,0.7370075213700027
25589,Neutral,0.6224114496959893,0.2673431864097083,0.11024536389430248
25590,LOF,0.32012270164368267,0.20435030792851158,0.4755269904278058
25591,Neutral,0.6885858565135603,0.06670415071302874,0.24470999277341088
25592,LOF,0.05428015117446152,0.16231920559873408,0.7834006432268044
25593,GOF,0.08424252543834834,0.6015661173988885,0.31419135716276303
25594,Neutral,0.6852284470024589,0.051574342414864194,0.263197210582677
25595,Neutral,0.6746013381606432,0.07678291979639974,0.24861574204295706
25596,Neutral,0.4923969229187165,0.15447487321209752,0.3531282038691859
25597,LOF,0.41371114508288326,0.08620501166009188,0.5000838432570248
25598,Neutral,0.7455678826864715,0.04802880707553216,0.2064033102379964
25599,GOF,0.04248923233897356,0.7542682087655667,0.20324255889545964
25600,GOF,0.04157334114490831,0.6863300572872101,0.2720966015678817
25601,GOF,0.044099319548182594,0.6836191185698306,0.2722815618819867
25602,LOF,0.4344107091830864,0.06363478375055895,0.5019545070663547
25603,LOF,0.05920795265886843,0.19174649903596025,0.7490455483051713
25604,Neutral,0.3997354496499572,0.21234897915153986,0.38791557119850284
25605,LOF,0.03300080011051719,0.40956828413425794,0.5574309157552249
25606,GOF,0.03282760189872359,0.6284409249217404,0.338731473179536
25607,LOF,0.02890275108393307,0.3227678272222374,0.6483294216938296
25608,LOF,0.3436750122583895,0.15405207282279373,0.5022729149188168
25609,LOF,0.20522158518413688,0.21113476327059763,0.5836436515452655
25610,LOF,0.07412928281781289,0.14027125967743995,0.7855994575047471
25611,LOF,0.07843358308054217,0.12888520686045285,0.7926812100590049
25612,Neutral,0.6622814111308596,0.06030921982749374,0.27740936904164665
25613,Neutral,0.6331694259550192,0.05408136988273546,0.3127492041622453
25614,LOF,0.06460640360739701,0.17745033513906294,0.7579432612535402
25615,LOF,0.25405132425594995,0.18301324381790646,0.5629354319261436
25616,LOF,0.05744973138449055,0.2034035707532303,0.7391466978622792
25617,LOF,0.06187747362433032,0.13165070517125022,0.8064718212044194
25618,LOF,0.061653171769591425,0.13474293708763566,0.803603891142773
25619,LOF,0.06725201389183921,0.24522455930266968,0.6875234268054911
25620,LOF,0.0659273974332335,0.14197581425992087,0.7920967883068456
25621,LOF,0.397381737517285,0.08801052215397748,0.5146077403287376
25622,LOF,0.41850658743380365,0.08093484471202472,0.5005585678541716
25623,LOF,0.3741183094709524,0.10003882087430944,0.5258428696547381
25624,LOF,0.04939613290595282,0.20688324063962352,0.7437206264544236
25625,LOF,0.2938173481004925,0.08251630021748774,0.6236663516820197
25626,Neutral,0.6539398843101161,0.05658558398355891,0.2894745317063251
25627,GOF,0.035855544667388446,0.6218013076434462,0.34234314768916535
25628,Neutral,0.4739662219942357,0.09921006629052166,0.4268237117152425
25629,Neutral,0.6762867070339917,0.07265887701744046,0.2510544159485678
25630,LOF,0.08872176256000534,0.3574466482224621,0.5538315892175325
25631,Neutral,0.506155461208007,0.3192375165555895,0.1746070222364035
25632,LOF,0.3559931347080081,0.0693407521385294,0.5746661131534626
25633,Neutral,0.4215992996670448,0.21052510474492483,0.36787559558803024
25634,Neutral,0.6967975725494971,0.06953745190715832,0.23366497554334453
25635,LOF,0.06340762382728388,0.1533428073052886,0.7832495688674276
25636,GOF,0.05698839251700101,0.7245640800816069,0.21844752740139217
25637,GOF,0.049757077375607896,0.5218942920817602,0.42834863054263195
25638,GOF,0.034577468511435824,0.7534633764299503,0.21195915505861398
25639,GOF,0.04740507277546421,0.4985748480614939,0.4540200791630418
25640,GOF,0.12705958641607606,0.7626087074557225,0.1103317061282015
25641,LOF,0.043423606970250855,0.42911524724513556,0.5274611457846136
25642,Neutral,0.6799703125314467,0.09038895065501731,0.22964073681353595
25643,Neutral,0.42769607303731577,0.1744563726634094,0.39784755429927476
25644,GOF,0.036274104713995885,0.6539587159355597,0.30976717935044445
25645,GOF,0.037555445556542506,0.6586264699314621,0.3038180845119953
25646,GOF,0.031515218635423434,0.649808819954295,0.31867596141028154
25647,GOF,0.06889071219650035,0.6588751010190844,0.2722341867844152
25648,GOF,0.05542316929206526,0.7612409761679645,0.18333585453997017
25649,GOF,0.05608029471542167,0.7292574585583983,0.2146622467261801
25650,GOF,0.048801774711336524,0.5869974896691551,0.3642007356195084
25651,LOF,0.037975936715294444,0.4467458132203063,0.5152782500643992
25652,LOF,0.04677628335964329,0.44755837513408964,0.5056653415062672
25653,GOF,0.04829860008294012,0.5221454616904134,0.4295559382266465
25654,GOF,0.05880496021340957,0.5981074847283183,0.3430875550582721
25655,GOF,0.04859272891183933,0.7434148958663542,0.20799237522180655
25656,LOF,0.05963956589504813,0.22118803464691483,0.719172399458037
25657,Neutral,0.5616434489355908,0.02641816351910327,0.4119383875453059
25658,GOF,0.06902122133390255,0.5105365790113628,0.4204421996547346
25659,LOF,0.1603891949436027,0.34336247438264245,0.49624833067375484
25660,LOF,0.08351315197630647,0.26264816536911156,0.6538386826545819
25661,LOF,0.07080208328401408,0.18955433476282157,0.7396435819531643
25662,LOF,0.06302638987626011,0.19055306099287178,0.7464205491308682
25663,LOF,0.0697636136691803,0.13495617428194664,0.795280212048873
25664,LOF,0.40164378758938196,0.12362527813446224,0.4747309342761558
25665,Neutral,0.6237878393943853,0.07631759886391616,0.2998945617416986
25666,LOF,0.30987979076186367,0.06101445230807157,0.6291057569300648
25667,LOF,0.06821236561696922,0.2125567443792949,0.7192308900037359
25668,LOF,0.05651646056799267,0.17561016717300915,0.7678733722589981
25669,LOF,0.05285398409284016,0.25281394985709715,0.6943320660500626
25670,LOF,0.4331985036189691,0.09728210171421427,0.4695193946668167
25671,LOF,0.059531817754837714,0.18906843673301751,0.7513997455121448
25672,Neutral,0.6373524263569805,0.07512510201182522,0.28752247163119427
25673,LOF,0.27054342798627673,0.1484116608942931,0.5810449111194301
25674,LOF,0.4200477423542662,0.11352698326533615,0.46642527438039766
25675,LOF,0.41932665747316705,0.15825668127037223,0.4224166612564607
25676,LOF,0.05529049483869405,0.1734969172806097,0.7712125878806964
25677,LOF,0.06851797763603948,0.17509631107256465,0.7563857112913958
25678,Neutral,0.4788630323420128,0.12284255992616187,0.39829440773182534
25679,Neutral,0.5333597729684408,0.10384570744895678,0.36279451958260245
25680,LOF,0.11151248774795272,0.1631822871479366,0.7253052251041107
25681,LOF,0.11151248774795272,0.1631822871479366,0.7253052251041107
25682,LOF,0.05972955679486341,0.27477548648005495,0.6654949567250817
25683,Neutral,0.36447164632363094,0.28966219420937755,0.34586615946699156
25684,LOF,0.054445719207708014,0.2661459339276913,0.6794083468646007
25685,Neutral,0.3971579060040158,0.22522696156275995,0.3776151324332243
25686,GOF,0.07611034974430353,0.665888437531364,0.2580012127243324
25687,GOF,0.0793739069043084,0.7892402948993924,0.13138579819629928
25688,GOF,0.038784990036886555,0.5107148941961576,0.4505001157669559
25689,LOF,0.02608885620696074,0.40657690640527966,0.5673342373877596
25690,GOF,0.025077627318116493,0.5077255109464011,0.4671968617354825
25691,GOF,0.05299481234089338,0.525850681460045,0.4211545061990616
25692,LOF,0.4329455441817839,0.12130033588839825,0.44575411992981795
25693,GOF,0.14335740528114627,0.6629898541127066,0.19365274060614715
25694,Neutral,0.5211957375427153,0.04871550838516653,0.43008875407211816
25695,LOF,0.18724007503982693,0.1492327270382985,0.6635271979218745
25696,LOF,0.3777835082288369,0.12173594831500133,0.5004805434561617
25697,Neutral,0.48524787451183565,0.17292818010418295,0.3418239453839815
25698,GOF,0.06506182912468676,0.7600490739268215,0.17488909694849153
25699,GOF,0.03762401111033187,0.7070770720273677,0.2552989168623005
25700,LOF,0.05887297270891289,0.13622726418876288,0.8048997631023241
25701,GOF,0.0416262705350779,0.5652510100252363,0.39312271943968585
25702,GOF,0.061925158300335056,0.6534923897144834,0.2845824519851816
25703,LOF,0.392780225768222,0.055081333652446385,0.5521384405793316
25704,LOF,0.06578838649570933,0.13406005681141284,0.8001515566928779
25705,LOF,0.10813240390178151,0.20370278348347626,0.6881648126147423
25706,GOF,0.05124952569834886,0.7170541411055953,0.23169633319605598
25707,LOF,0.04565465358591249,0.4738164976443629,0.48052884876972446
25708,LOF,0.059002286906579486,0.4417607146701104,0.49923699842331015
25709,LOF,0.051293303740114884,0.18812917565894288,0.7605775206009423
25710,Neutral,0.41965446659807026,0.18745995996124903,0.39288557344068076
25711,LOF,0.056785910946587456,0.2618591294244519,0.6813549596289606
25712,LOF,0.4010477363154559,0.10148648518759742,0.49746577849694656
25713,LOF,0.0705595907046607,0.3379234290476295,0.5915169802477098
25714,LOF,0.08230159072622346,0.2542260545596815,0.663472354714095
25715,LOF,0.06160975532920784,0.33626009020000136,0.6021301544707909
25716,LOF,0.4213763134699896,0.10771326109570302,0.4709104254343074
25717,LOF,0.42085496955788976,0.10722510132594493,0.4719199291161654
25718,LOF,0.059771939928869075,0.22499051326939645,0.7152375468017345
25719,LOF,0.0653469521886507,0.17754425099501933,0.7571087968163298
25720,LOF,0.0575182980582057,0.14494994286718574,0.7975317590746086
25721,LOF,0.06389991160940335,0.19169407281417777,0.744406015576419
25722,LOF,0.06389613995620876,0.2600671195826755,0.6760367404611157
25723,LOF,0.0609035866535271,0.3122362293131077,0.6268601840333652
25724,LOF,0.05792708614967666,0.15926782523429053,0.7828050886160328
25725,LOF,0.05983110997154049,0.15590873548348078,0.7842601545449789
25726,LOF,0.061016229054757155,0.19601436501309688,0.742969405932146
25727,LOF,0.06288687323215314,0.19526002891784175,0.7418530978500051
25728,LOF,0.06364175278076654,0.19636099588960929,0.7399972513296242
25729,LOF,0.06364175278076654,0.19636099588960929,0.7399972513296242
25730,LOF,0.06355332308483104,0.20904801017446886,0.7273986667407001
25731,LOF,0.3057642905088564,0.08172735700262244,0.6125083524885211
25732,LOF,0.06701553428528885,0.15864453087074465,0.7743399348439665
25733,LOF,0.05336136806236179,0.17917223830883394,0.7674663936288042
25734,LOF,0.32478151765319185,0.11908636637739387,0.5561321159694143
25735,LOF,0.055156434280183915,0.17954698139660674,0.7652965843232092
25736,LOF,0.056566650004298204,0.16328382976419809,0.7801495202315037
25737,LOF,0.05533013777395977,0.15793005500436424,0.7867398072216759
25738,LOF,0.06002554465032194,0.30445128587122694,0.6355231694784511
25739,LOF,0.05823057653792835,0.28746220245862203,0.6543072210034496
25740,LOF,0.09585868209072912,0.17451873377918176,0.7296225841300891
25741,LOF,0.10279067987522149,0.18501038947586415,0.7121989306489144
25742,LOF,0.11080506851291565,0.16992973550881746,0.7192651959782669
25743,LOF,0.3047420183420619,0.09546045756386741,0.5997975240940707
25744,GOF,0.03863879430328103,0.6027401868658404,0.3586210188308786
25745,GOF,0.041126859859126244,0.7223585230554246,0.2365146170854492
25746,GOF,0.05841454080116898,0.7195934188924523,0.2219920403063788
25747,LOF,0.057438504361164745,0.1761973310450169,0.7663641645938184
25748,Neutral,0.4215992996670448,0.21052510474492483,0.36787559558803024
25749,GOF,0.029698911334668145,0.6984574754881027,0.2718436131772292
25750,GOF,0.03505164528948503,0.7274524903790517,0.23749586433146339
25751,LOF,0.054603061048299234,0.26457203119639444,0.6808249077553064
25752,GOF,0.2612855514615057,0.43817962893579204,0.3005348196027023
25753,LOF,0.33138893970789607,0.1307783593359369,0.5378327009561671
25754,GOF,0.03171092867138603,0.6422898500148375,0.3259992213137765
25755,LOF,0.2420963549174607,0.1606509569811754,0.5972526881013639
25756,Neutral,0.6807626548020931,0.05688198066732611,0.26235536453058067
25757,GOF,0.0432490766709814,0.6450292513861822,0.31172167194283645
25758,GOF,0.030667854775454965,0.7129233731280777,0.25640877209646734
25759,GOF,0.02795178022287,0.6650845418289384,0.3069636779481917
25760,LOF,0.3032220119286788,0.253586181539801,0.44319180653152024
25761,GOF,0.027822385940581798,0.7133762254227498,0.2588013886366683
25762,Neutral,0.6967975725494971,0.06953745190715832,0.23366497554334453
25763,LOF,0.3827514890040481,0.09806894658345375,0.5191795644124982
25764,GOF,0.2167002826193183,0.495013462303827,0.2882862550768548
25765,GOF,0.030733213439584166,0.7046377647755597,0.26462902178485614
25766,GOF,0.06748738554882701,0.723326886285463,0.20918572816570993
25767,GOF,0.04285810614939185,0.7208634270697115,0.23627846678089656
25768,LOF,0.06386155080371222,0.16352034455388495,0.7726181046424028
25769,LOF,0.06434169247273774,0.15552566917490562,0.7801326383523567
25770,Neutral,0.6316221918826492,0.05441899555158847,0.31395881256576225
25771,LOF,0.3447135861090764,0.06927256469036092,0.5860138492005628
25772,LOF,0.07134257160030466,0.1586497846497335,0.7700076437499618
25773,LOF,0.4563432470625721,0.08353341173614368,0.46012334120128423
25774,Neutral,0.6762867070339917,0.07265887701744046,0.2510544159485678
25775,LOF,0.272453759637316,0.09091506454485396,0.63663117581783
25776,LOF,0.0661338141310902,0.11184786689065022,0.8220183189782596
25777,Neutral,0.6225140311281508,0.07402108899612926,0.30346487987571996
25778,LOF,0.06595055504518822,0.13876124959538885,0.7952881953594229
25779,GOF,0.05880212533462894,0.7005207701036194,0.24067710456175181
25780,GOF,0.049686134704347566,0.7685379539280497,0.18177591136760265
25781,GOF,0.04735455091178585,0.7649653968414103,0.18768005224680379
25782,GOF,0.04973443986694965,0.7860416806995584,0.1642238794334921
25783,GOF,0.0684874367550244,0.7774265525316517,0.15408601071332392
25784,GOF,0.05093095275397905,0.7208958255862533,0.2281732216597676
25785,GOF,0.048123169468675925,0.7621333901218045,0.18974344040951951
25786,GOF,0.051625578731058164,0.7241344593260497,0.22423996194289217
25787,GOF,0.04643411178167231,0.58856133260699,0.36500455561133766
25788,LOF,0.04813400981532401,0.2131507147649043,0.7387152754197718
25789,GOF,0.059212639873704315,0.8161139917763179,0.12467336834997787
25790,GOF,0.042137332394886526,0.738819723961664,0.2190429436434495
25791,GOF,0.047734947039850345,0.7054699999716556,0.24679505298849402
25792,GOF,0.047859414257568005,0.710885445720468,0.24125514002196397
25793,GOF,0.038674940860210436,0.74174099172973,0.21958406741005956
25794,GOF,0.05494901197980394,0.7272294051303986,0.21782158288979764
25795,GOF,0.06838683777220927,0.7238145976185649,0.20779856460922586
25796,GOF,0.06344097456037347,0.7725381335630739,0.1640208918765527
25797,GOF,0.06187589503205759,0.7888460871065027,0.1492780178614397
25798,GOF,0.05891134039970257,0.7689568550826777,0.17213180451761975
25799,GOF,0.06103663321875986,0.7687509138567266,0.17021245292451356
25800,GOF,0.05902982146729286,0.7894861765824869,0.15148400195022024
25801,GOF,0.04848653697078368,0.7893279066515071,0.1621855563777093
25802,GOF,0.051458963361503636,0.7662125008176937,0.18232853582080286
25803,GOF,0.04409313539762893,0.7587899505169662,0.19711691408540474
25804,GOF,0.08042760393117601,0.729945014342699,0.18962738172612487
25805,GOF,0.05255571644334798,0.7920518995217274,0.15539238403492464
25806,GOF,0.0489957260888407,0.7933893119474583,0.15761496196370098
25807,GOF,0.042925077481119865,0.76478736453006,0.1922875579888201
25808,GOF,0.06375406349846034,0.7448368121636776,0.1914091243378621
25809,GOF,0.05034903080408916,0.6562277783046617,0.29342319089124913
25810,GOF,0.04758580736691777,0.6972819639587129,0.2551322286743694
25811,GOF,0.04910859908133185,0.570183343495042,0.3807080574236261
25812,GOF,0.043103128658260534,0.777604854749701,0.17929201659203842
25813,GOF,0.04426063446100799,0.7630943065650988,0.19264505897389314
25814,GOF,0.047380355141603846,0.7691896938456526,0.18342995101274343
25815,GOF,0.04650633434219862,0.7430709741246745,0.2104226915331269
25816,GOF,0.036615085516888655,0.7678848459611216,0.19550006852198973
25817,GOF,0.037383712497225975,0.7624005707766276,0.20021571672614655
25818,GOF,0.03435653933394181,0.7075404648673982,0.25810299579866003
25819,GOF,0.06649978278841774,0.704582677008655,0.22891754020292732
25820,GOF,0.06541529352140918,0.7087584016367797,0.22582630484181113
25821,GOF,0.06710865133976843,0.7103813132075368,0.22251003545269485
25822,GOF,0.06617779667622718,0.7058422312810554,0.22797997204271755
25823,GOF,0.10545510708962713,0.6189376075042604,0.27560728540611257
25824,GOF,0.08928685726572709,0.6601396037999361,0.2505735389343368
25825,GOF,0.08539218109077262,0.6631108872392593,0.251496931669968
25826,GOF,0.08928685726572709,0.6601396037999361,0.2505735389343368
25827,GOF,0.06519619034015636,0.7453341065040772,0.18946970315576647
25828,GOF,0.06178567265701053,0.728217937979046,0.2099963893639434
25829,LOF,0.4156085986399836,0.09678605029966855,0.4876053510603479
25830,LOF,0.05809457664577358,0.24001751336399924,0.7018879099902271
25831,GOF,0.067549165825229,0.6015657386986198,0.3308850954761512
25832,GOF,0.056043394377276526,0.6772793246457264,0.2666772809769971
25833,GOF,0.0547455217302741,0.6872067943485876,0.25804768392113836
25834,GOF,0.05139411536426648,0.6228370703498077,0.32576881428592575
25835,GOF,0.05919682162814089,0.7223667233532495,0.21843645501860948
25836,GOF,0.05616356923740194,0.697678458573371,0.24615797218922705
25837,GOF,0.07754201026538055,0.6306180571741142,0.2918399325605053
25838,GOF,0.07530340429905863,0.6361496049069906,0.28854699079395074
25839,GOF,0.08085741503039341,0.6038762208069032,0.3152663641627033
25840,GOF,0.0405040698664307,0.6933279431934058,0.2661679869401634
25841,GOF,0.04022781615688798,0.6783158132992737,0.2814563705438382
25842,GOF,0.040379817917879916,0.7065906054814171,0.25302957660070285
25843,GOF,0.04116865815683566,0.7061201245201051,0.2527112173230591
25844,GOF,0.03968031442616979,0.686274476983133,0.27404520859069714
25845,GOF,0.04011720477718573,0.7379549294865473,0.22192786573626702
25846,GOF,0.03874337769831452,0.6860952166375396,0.2751614056641459
25847,GOF,0.06549714655291687,0.6286768880329052,0.3058259654141777
25848,GOF,0.04897220328214085,0.7257946275370462,0.22523316918081307
25849,GOF,0.04658730556521652,0.7229276246323327,0.2304850698024507
25850,GOF,0.07532167741456527,0.7688520983563281,0.15582622422910675
25851,GOF,0.08151579899411028,0.7648104099541504,0.15367379105173942
25852,GOF,0.17683479335629682,0.5048669040239238,0.31829830261977937
25853,GOF,0.05450147946685618,0.7238282807871235,0.22167023974602038
25854,GOF,0.04262911013417773,0.7594536773754205,0.19791721249040178
25855,GOF,0.06303654176826964,0.7510644215682992,0.1858990366634313
25856,GOF,0.0589974944719211,0.7568475131451243,0.18415499238295444
25857,GOF,0.06394636662446115,0.7662479404529325,0.1698056929226063
25858,GOF,0.07377191490331321,0.6552974290049117,0.2709306560917751
25859,GOF,0.07318669354371655,0.6691835340377565,0.25762977241852686
25860,GOF,0.06360273439642301,0.6577483065595795,0.27864895904399734
25861,GOF,0.05118088762766023,0.6556947477810671,0.29312436459127267
25862,GOF,0.044814677482142386,0.7694103067161231,0.18577501580173456
25863,GOF,0.0461591864501185,0.7608301253145452,0.19301068823533624
25864,GOF,0.04395629883724922,0.7446738546263534,0.21136984653639757
25865,GOF,0.04815387676527088,0.7353989200305842,0.21644720320414498
25866,GOF,0.0448970607367149,0.7274186205261147,0.22768431873717046
25867,GOF,0.04437589345377935,0.7272156307402614,0.22840847580595922
25868,GOF,0.05331884122516958,0.7261340875655726,0.22054707120925768
25869,GOF,0.06055277667566187,0.684068589517264,0.2553786338070741
25870,LOF,0.05570429832927179,0.26686383798925006,0.6774318636814781
25871,GOF,0.04585772863687973,0.6393396308673548,0.31480264049576556
25872,GOF,0.05120242443592076,0.5814374112909728,0.3673601642731064
25873,GOF,0.056935260890780354,0.690090095883869,0.2529746432253506
25874,LOF,0.0664206423947409,0.12531884530210124,0.808260512303158
25875,GOF,0.0681581486655247,0.7002349141940553,0.23160693714042005
25876,LOF,0.3936039661811818,0.1133821888823056,0.4930138449365127
25877,GOF,0.07742386227146578,0.6344628838078987,0.28811325392063547
25878,GOF,0.06624829483125974,0.6885477890995174,0.24520391606922287
25879,GOF,0.053821104967848275,0.6826758692419445,0.2635030257902073
25880,LOF,0.07329251498691693,0.14579815911380453,0.7809093258992786
25881,Neutral,0.7644009025872527,0.14828266543472757,0.08731643197801965
25882,Neutral,0.44878793175787196,0.15179392011464946,0.39941814812747867
25883,LOF,0.06332174945022262,0.1327827645861248,0.8038954859636526
25884,LOF,0.4344200600393634,0.09137485078586852,0.4742050891747681
25885,Neutral,0.605233466387924,0.02314798297158341,0.37161855064049265
25886,Neutral,0.4215992996670448,0.21052510474492483,0.36787559558803024
25887,GOF,0.3776518017814689,0.4744056988503698,0.14794249936816126
25888,GOF,0.04873582934447775,0.7156278983391524,0.23563627231636983
25889,LOF,0.2902398796579688,0.18257722751752517,0.5271828928245059
25890,LOF,0.15275896511316972,0.320216028458483,0.5270250064283473
25891,LOF,0.2860943444837731,0.09639856751033743,0.6175070880058894
25892,LOF,0.019740275817780397,0.41266823430483063,0.567591489877389
25893,LOF,0.4172726429356628,0.10070314457088063,0.4820242124934567
25894,LOF,0.3665412711202339,0.17556756954094463,0.4578911593388214
25895,Neutral,0.4689445791830127,0.21169951833428322,0.319355902482704
25896,Neutral,0.643652288630933,0.055178246267320076,0.30116946510174697
25897,LOF,0.23098001395467005,0.1980616974673846,0.5709582885779454
25898,GOF,0.08935761714872378,0.7535147370871205,0.1571276457641557
25899,Neutral,0.4215992996670448,0.21052510474492483,0.36787559558803024
25900,Neutral,0.8063927713298149,0.04960462428044503,0.14400260438974016
25901,LOF,0.06448742831227794,0.19711633883142451,0.7383962328562975
25902,LOF,0.3942184652739703,0.10585667692093341,0.4999248578050963
25903,LOF,0.20435623286554513,0.38294450654615236,0.41269926058830253
25904,Neutral,0.4215992996670448,0.21052510474492483,0.36787559558803024
25905,GOF,0.052629406485538446,0.5253564648429072,0.42201412867155436
25906,LOF,0.3887299784523986,0.08887773448575809,0.5223922870618433
25907,GOF,0.045970626138514416,0.5376468210826879,0.41638255277879765
25908,GOF,0.04736609532100846,0.5387603617388647,0.413873542940127
25909,LOF,0.05656386529026176,0.4342263940688362,0.5092097406409021
25910,LOF,0.01748387896760231,0.4288535049363643,0.5536626160960334
25911,Neutral,0.6852922200443531,0.05605880890694526,0.2586489710487017
25912,LOF,0.3843625291058833,0.05700433877192276,0.5586331321221939
25913,GOF,0.025839566296292166,0.5619272594857797,0.41223317421792804
25914,LOF,0.06446040952538082,0.2366066746062752,0.6989329158683439
25915,GOF,0.07234587781799805,0.7408391044427107,0.1868150177392912
25916,GOF,0.06328272830774273,0.7553251735511409,0.18139209814111645
25917,Neutral,0.7507127742042743,0.05026647056542431,0.19902075523030138
25918,LOF,0.0533084274228978,0.26394794735344357,0.6827436252236586
25919,LOF,0.05953067511264954,0.12606833681991086,0.8144009880674395
25920,GOF,0.33570150778311836,0.33746676693859023,0.32683172527829124
25921,LOF,0.2571198603898099,0.07668378916116425,0.6661963504490259
25922,LOF,0.25702157875536535,0.09963517542601188,0.6433432458186227
25923,Neutral,0.4215992996670448,0.21052510474492483,0.36787559558803024
25924,LOF,0.3583159952950186,0.08295636012628214,0.5587276445786992
25925,Neutral,0.6329172142039438,0.06740451849614254,0.29967826729991376
25926,Neutral,0.6834342185400631,0.0760380340249223,0.24052774743501462
25927,GOF,0.03910381232547079,0.5716485967826379,0.38924759089189126
25928,LOF,0.34806652384754944,0.11466232407971384,0.5372711520727367
25929,Neutral,0.4215992996670448,0.21052510474492483,0.36787559558803024
25930,LOF,0.06238950346287206,0.145335297679452,0.7922751988576759
25931,LOF,0.4380038800418834,0.11725986051000656,0.44473625944811
25932,LOF,0.07952508374666106,0.10687789953333032,0.8135970167200086
25933,LOF,0.07580381840536364,0.12862424951064497,0.7955719320839915
25934,LOF,0.07257478588963194,0.11810340628279063,0.8093218078275773
25935,Neutral,0.6762867070339917,0.07265887701744046,0.2510544159485678
25936,LOF,0.06118734726920299,0.1261792780447417,0.8126333746860553
25937,LOF,0.3578637353465732,0.1313171043713376,0.5108191602820893
25938,Neutral,0.6852922200443531,0.05605880890694526,0.2586489710487017
25939,LOF,0.05560363517114301,0.1642861297060148,0.7801102351228423
25940,GOF,0.1152373300944551,0.6962679250963162,0.18849474480922868
25941,Neutral,0.46778369896085076,0.2199717143296066,0.3122445867095427
25942,LOF,0.28792147996073064,0.13792609021076174,0.5741524298285077
25943,GOF,0.01822949197925233,0.5570277263861502,0.42474278163459755
25944,GOF,0.017933015246009053,0.5021348126604688,0.4799321720935221
25945,LOF,0.055000408791015046,0.1799847044003283,0.7650148868086566
25946,LOF,0.33545663429418565,0.05462391198147991,0.6099194537243344
25947,Neutral,0.6356895656120797,0.06189753786701737,0.302412896520903
25948,LOF,0.36762113599287577,0.08779667447874423,0.54458218952838
25949,LOF,0.4173075442567378,0.11433146396086322,0.4683609917823991
25950,GOF,0.05453059297274778,0.7395808057478336,0.20588860127941863
25951,GOF,0.029090182916917416,0.781151744374799,0.1897580727082835
25952,GOF,0.1724872517710624,0.42016474589150343,0.40734800233743423
25953,GOF,0.05456216116529657,0.5110357090477149,0.43440212978698856
25954,GOF,0.0376440588107445,0.743184786041445,0.21917115514781046
25955,GOF,0.021204673651446033,0.6751627850818744,0.3036325412666796
25956,GOF,0.06445667622170093,0.5143356535123603,0.4212076702659388
25957,Neutral,0.6064826944462446,0.06546832820745091,0.3280489773463046
25958,LOF,0.06723255187179915,0.11395245828420747,0.8188149898439934
25959,GOF,0.024433376259693954,0.6165483367931966,0.3590182869471094
25960,LOF,0.32645313564264966,0.09851954154373042,0.5750273228136199
25961,LOF,0.04890200740274351,0.39618686207042614,0.5549111305268304
25962,LOF,0.38409913705539567,0.0829059555028323,0.532994907441772
25963,GOF,0.021952504182061287,0.6317402971935087,0.34630719862443005
25964,LOF,0.09901623031097638,0.2858609965396636,0.61512277314936
25965,GOF,0.1579621552304681,0.6295762428433662,0.21246160192616567
25966,Neutral,0.4215992996670448,0.21052510474492483,0.36787559558803024
25967,LOF,0.3494884516487037,0.07280104553099662,0.5777105028202998
25968,GOF,0.20130585379941762,0.582431578308532,0.2162625678920504
25969,Neutral,0.48389057813495207,0.08679756963255635,0.42931185223249146
25970,LOF,0.41013686545588784,0.10704022653559266,0.4828229080085195
25971,LOF,0.11008719858944353,0.17534321044058984,0.7145695909699666
25972,LOF,0.09492244708832849,0.2013179821946895,0.703759570716982
25973,LOF,0.29444493655661663,0.07710260688826961,0.6284524565551138
25974,GOF,0.03780152109841827,0.692843013129778,0.2693554657718038
25975,LOF,0.061006221398343136,0.1274496008909259,0.811544177710731
25976,LOF,0.3636709139702663,0.03570658423289309,0.6006225017968406
25977,Neutral,0.5326795374649613,0.06983672800696564,0.397483734528073
25978,LOF,0.17548317105310576,0.1889253946041888,0.6355914343427054
25979,LOF,0.09980386212054448,0.24185724537047004,0.6583388925089856
25980,LOF,0.20507476390321705,0.36457907139473483,0.43034616470204823
25981,GOF,0.2156246057517557,0.4315956596452085,0.35277973460303574
25982,LOF,0.17357955478276432,0.309747895730468,0.5166725494867677
25983,LOF,0.12166312675302798,0.361395678644183,0.516941194602789
25984,LOF,0.06816029653246831,0.20100842055992044,0.7308312829076112
25985,Neutral,0.7451441338284822,0.15448269789963595,0.10037316827188195
25986,GOF,0.03857609799798137,0.6917542295935316,0.26966967240848694
25987,LOF,0.3745231920201297,0.08963108417909751,0.5358457238007728
25988,LOF,0.06135694614172845,0.16013951910468457,0.7785035347535869
25989,LOF,0.050627289398668514,0.37632723036084914,0.5730454802404823
25990,LOF,0.05570996815471054,0.44781352421693305,0.4964765076283563
25991,LOF,0.059095953451134026,0.45899983755504753,0.4819042089938183
25992,GOF,0.08959311018051562,0.5993278653150713,0.3110790245044132
25993,LOF,0.07691382718294451,0.13374801365206915,0.7893381591649864
25994,LOF,0.06229831018577759,0.1895632112703951,0.7481384785438274
25995,LOF,0.06055852851324137,0.1980846358581534,0.7413568356286052
25996,GOF,0.3342261036726501,0.3975189454120789,0.26825495091527096
25997,GOF,0.18575318929384232,0.5844127906836656,0.229834020022492
25998,LOF,0.2799211946554761,0.2896755451382185,0.43040326020630526
25999,LOF,0.019861539141410287,0.4571897182331815,0.5229487426254081
26000,LOF,0.2735105740362881,0.0976765263177548,0.6288128996459571
26001,LOF,0.21954214277997838,0.34687803632199077,0.4335798208980308
26002,LOF,0.33019588495934116,0.14839590511887005,0.5214082099217887
26003,GOF,0.046604230390247255,0.690782966675833,0.2626128029339197
26004,GOF,0.09642993860609132,0.672426926509897,0.23114313488401175
26005,GOF,0.05547794797025226,0.7482107906916304,0.19631126133811727
26006,GOF,0.04566299491824552,0.707717607227785,0.24661939785396947
26007,GOF,0.039092763300307205,0.7491355406063902,0.2117716960933026
26008,GOF,0.11867514474156933,0.5896529208781734,0.2916719343802572
26009,GOF,0.06787501071508144,0.6321518630096982,0.2999731262752204
26010,GOF,0.05076347093790228,0.7720483809063804,0.17718814815571735
26011,GOF,0.03959105292181259,0.7288447440963907,0.23156420298179675
26012,GOF,0.034623960140211574,0.7163084414636738,0.24906759839611464
26013,GOF,0.04735810632962819,0.7373927692485667,0.21524912442180508
26014,Neutral,0.5077041731548557,0.07981470408870439,0.41248112275643983
26015,LOF,0.3016206746317678,0.20706809890239433,0.49131122646583786
26016,LOF,0.18431794004099536,0.3617003053858792,0.4539817545731254
26017,GOF,0.027678865543047243,0.5777236581013842,0.3945974763555686
26018,LOF,0.0483405256805225,0.3180671087148794,0.6335923656045981
26019,LOF,0.0655874512043673,0.13959317907935548,0.7948193697162773
26020,GOF,0.02903843584956147,0.6160985238061826,0.3548630403442559
26021,LOF,0.38911491977681,0.13831750533134846,0.4725675748918415
26022,LOF,0.3094632441958854,0.10768361521592461,0.58285314058819
26023,LOF,0.08042658523105724,0.12015397759634022,0.7994194371726027
26024,LOF,0.1499241861222654,0.27587931883020994,0.5741964950475247
26025,GOF,0.028167172496925047,0.5148945110815945,0.4569383164214805
26026,GOF,0.028435280865987685,0.5950926453353589,0.3764720737986534
26027,LOF,0.06454261290269252,0.15519302910873375,0.7802643579885737
26028,GOF,0.20995855007061273,0.42344035563372256,0.3666010942956647
26029,GOF,0.05680841032652922,0.7418152960606285,0.20137629361284243
26030,Neutral,0.5865170980860531,0.03846734735652317,0.37501555455742375
26031,GOF,0.03841679100663639,0.6623070030907288,0.2992762059026349
26032,LOF,0.06796380081298237,0.11535573551373951,0.8166804636732781
26033,LOF,0.08055782826551773,0.14396063269761725,0.7754815390368651
26034,GOF,0.03727400355936555,0.6829946983308247,0.2797312981098097
26035,GOF,0.049358866496437045,0.6179255625602874,0.33271557094327536
26036,LOF,0.04575519842947227,0.46682731496179625,0.4874174866087314
26037,GOF,0.05056133885905115,0.7163766021091222,0.23306205903182656
26038,LOF,0.05959552708449304,0.12993659009345757,0.8104678828220494
26039,GOF,0.049534115201844,0.539171715246774,0.41129416955138204
26040,LOF,0.06113706968777061,0.14746176186421406,0.7914011684480152
26041,GOF,0.08653606511278795,0.54352811306159,0.3699358218256221
26042,GOF,0.08375840965291853,0.5349409114808136,0.3813006788662679
26043,LOF,0.06003378084177297,0.345696266864265,0.594269952293962
26044,Neutral,0.472721738042751,0.15799978021120484,0.36927848174604416
26045,GOF,0.07479562420965982,0.7202645304498305,0.2049398453405097
26046,LOF,0.068565511502788,0.2627694607702311,0.6686650277269808
26047,LOF,0.09520499085811956,0.20235630415948858,0.7024387049823918
26048,Neutral,0.47335900243756146,0.10530571590302679,0.42133528165941175
26049,Neutral,0.6326919477965246,0.12637989074874248,0.24092816145473284
26050,Neutral,0.6762867070339917,0.07265887701744046,0.2510544159485678
26051,GOF,0.02611033570285543,0.7315887768773001,0.2423008874198444
26052,GOF,0.04091710386294183,0.7833107334989169,0.1757721626381412
26053,Neutral,0.4592185121498561,0.1014379883666851,0.43934349948345874
26054,Neutral,0.6852922200443531,0.05605880890694526,0.2586489710487017
26055,Neutral,0.6852922200443531,0.05605880890694526,0.2586489710487017
26056,Neutral,0.6852922200443531,0.05605880890694526,0.2586489710487017
26057,LOF,0.05400416279873638,0.3036598285188464,0.6423360086824172
26058,LOF,0.05170472135117003,0.26031655784345303,0.6879787208053768
26059,Neutral,0.8338014627920727,0.04629541331348254,0.1199031238944448
26060,GOF,0.034556475889840066,0.7037144579679498,0.26172906614221025
26061,LOF,0.37586119315153055,0.11069675277604137,0.5134420540724282
26062,LOF,0.3840505944828652,0.06860438487480053,0.5473450206423343
26063,LOF,0.06808460158038993,0.12763621955600848,0.8042791788636016
26064,LOF,0.4364544823626517,0.12288303502600696,0.4406624826113412
26065,LOF,0.055907168333755315,0.2710820557850409,0.6730107758812037
26066,LOF,0.06796907063077684,0.1475846965311632,0.7844462328380599
26067,LOF,0.07927535982733966,0.13156533225812211,0.7891593079145384
26068,Neutral,0.6373524263569805,0.07512510201182522,0.28752247163119427
26069,Neutral,0.6134707328840039,0.0719461480637778,0.3145831190522184
26070,Neutral,0.6134707328840039,0.0719461480637778,0.3145831190522184
26071,LOF,0.06443535239118196,0.13875328064708872,0.7968113669617293
26072,LOF,0.35800229711099396,0.08601279583385978,0.5559849070551464
26073,LOF,0.06641026829067598,0.14499887853711538,0.7885908531722086
26074,Neutral,0.8049975137484127,0.055213197413933754,0.1397892888376537
26075,Neutral,0.6299194908690521,0.0784227411527069,0.29165776797824106
26076,LOF,0.06225452894960531,0.13006790746171362,0.807677563588681
26077,Neutral,0.5582507852832278,0.020811847017760638,0.4209373676990116
26078,LOF,0.42068128649094155,0.10053375885678492,0.47878495465227366
26079,Neutral,0.6795440213133258,0.0832404315326853,0.23721554715398896
26080,Neutral,0.6795440213133258,0.0832404315326853,0.23721554715398896
26081,LOF,0.0770386953684327,0.1167595444219115,0.8062017602096557
26082,LOF,0.42576490819910556,0.14700365192780476,0.4272314398730896
26083,LOF,0.04856446406953052,0.21132428617018004,0.7401112497602895
26084,LOF,0.04856446406953052,0.21132428617018004,0.7401112497602895
26085,LOF,0.048268929228911225,0.2142634502774294,0.7374676204936593
26086,LOF,0.05485690890895891,0.18204288531105173,0.7631002057799894
26087,LOF,0.055174385547289304,0.18140437911308713,0.7634212353396235
26088,LOF,0.4058878644827133,0.13376478498558383,0.4603473505317029
26089,Neutral,0.6655913575507646,0.07381459553713059,0.26059404691210475
26090,Neutral,0.6655913575507646,0.07381459553713059,0.26059404691210475
26091,LOF,0.062063357293062095,0.12701457274707914,0.8109220699598588
26092,LOF,0.07146876476149716,0.1696718847013255,0.7588593505371775
26093,LOF,0.07412922962791112,0.14600777792841577,0.7798629924436731
26094,LOF,0.08307375102340253,0.10766283024947841,0.809263418727119
26095,LOF,0.3414535932580656,0.07550663314053102,0.5830397736014034
26096,Neutral,0.5661938431720717,0.04203452168407596,0.3917716351438525
26097,LOF,0.323018270889853,0.062316166501728575,0.6146655626084183
26098,Neutral,0.6807626548020931,0.05688198066732611,0.26235536453058067
26099,LOF,0.057897506059152205,0.2045902182991472,0.7375122756417006
26100,LOF,0.057897506059152205,0.2045902182991472,0.7375122756417006
26101,LOF,0.06141166989425438,0.2763509615857786,0.662237368519967
26102,LOF,0.0624317809457127,0.1871100183085308,0.7504582007457564
26103,Neutral,0.4215992996670448,0.21052510474492483,0.36787559558803024
26104,Neutral,0.7194035318301841,0.07583663376766622,0.2047598344021496
26105,LOF,0.29653356936657194,0.14126503682699734,0.5622013938064307
26106,Neutral,0.4763224978770618,0.20141327959097646,0.32226422253196185
26107,GOF,0.02452847244102813,0.6076695553071428,0.367801972251829
26108,GOF,0.3056336280702591,0.43663428220215733,0.2577320897275836
26109,LOF,0.38979920884091784,0.1255369340806117,0.4846638570784705
26110,Neutral,0.48184880379208916,0.1442280867799841,0.3739231094279268
26111,LOF,0.04384732576788057,0.41518015764330674,0.5409725165888126
26112,LOF,0.0674364537954747,0.1264842314060029,0.8060793147985225
26113,LOF,0.060547246268491714,0.25999583091946815,0.6794569228120401
26114,LOF,0.3192446862143828,0.2101235242417416,0.4706317895438757
26115,GOF,0.019833258939455832,0.7161230469198142,0.26404369414073003
26116,LOF,0.08083355160654417,0.3790240946486089,0.540142353744847
26117,Neutral,0.4215992996670448,0.21052510474492483,0.36787559558803024
26118,LOF,0.06541412429021844,0.13605308198026714,0.7985327937295145
26119,LOF,0.016038738322954712,0.46697224890291794,0.5169890127741273
26120,LOF,0.06550185309486775,0.14399579171071258,0.7905023551944197
26121,LOF,0.027914608279413063,0.31408076844840727,0.6580046232721797
26122,LOF,0.021898281890841757,0.31602445115572697,0.6620772669534313
