feature0,prediction,LoGoFunc_Neutral,LoGoFunc_GOF,LoGoFunc_LOF
25546,Neutral,0.6297865227676095,0.06009943793852632,0.3101140392938641
25547,LOF,0.41617107905770007,0.11586519172762791,0.46796372921467205
25548,Neutral,0.4643787685181979,0.09056760493831122,0.4450536265434907
25549,LOF,0.3952318567355885,0.09482151384336623,0.5099466294210453
25550,LOF,0.31478558663586237,0.1495187977529413,0.5356956156111964
25551,LOF,0.27462558130562303,0.17090220512354953,0.5544722135708274
25552,LOF,0.19024863649870327,0.16087878842957293,0.6488725750717238
25553,Neutral,0.7748677970833363,0.04958911198568655,0.1755430909309772
25554,LOF,0.2282196398182532,0.1511768362035755,0.6206035239781713
25555,LOF,0.1910806841824551,0.13455608408233066,0.6743632317352142
25556,LOF,0.39153733502748306,0.11875361669519505,0.4897090482773218
25557,LOF,0.17726281500953409,0.1454367558611558,0.6773004291293101
25558,LOF,0.22357182671828682,0.14791920868788497,0.6285089645938282
25559,LOF,0.1883078936498782,0.13708990935529375,0.674602196994828
25560,LOF,0.06665789789964692,0.13482406920655357,0.7985180328937994
25561,LOF,0.13400926530615195,0.12690507744535862,0.7390856572484895
25562,LOF,0.06310076016891501,0.08339204719199413,0.8535071926390909
25563,LOF,0.09599609801265904,0.08719124307758142,0.8168126589097595
25564,LOF,0.20089731949188952,0.17648935810699762,0.6226133224011129
25565,LOF,0.1574209280149415,0.13317273669375254,0.7094063352913059
25566,GOF,0.021163665474000677,0.7724478394289245,0.2063884950970749
25567,LOF,0.022053922202033196,0.18673528135800255,0.7912107964399643
25568,LOF,0.06598762350405302,0.08061623492950006,0.8533961415664469
25569,LOF,0.06210335123816806,0.07926369108633917,0.8586329576754926
25570,LOF,0.03104899676959959,0.10713715277448313,0.8618138504559172
25571,LOF,0.031041056687918563,0.10584742565025937,0.8631115176618221
25572,LOF,0.03292522516205322,0.14152582837439967,0.8255489464635472
25573,LOF,0.028544256901382747,0.11129651919483212,0.8601592239037852
25574,LOF,0.018298159116291932,0.16614992056899255,0.8155519203147155
25575,LOF,0.026084898040654062,0.11861830107627723,0.8552968008830687
25576,LOF,0.012006100335542889,0.16392156006374534,0.8240723396007117
25577,LOF,0.010532315931003218,0.13183159381895432,0.8576360902500425
25578,LOF,0.2944128936499788,0.08792634484615568,0.6176607615038655
25579,LOF,0.12659237399953194,0.09764214865915934,0.7757654773413089
25580,LOF,0.01907927826442013,0.08297772598603924,0.8979429957495406
25581,LOF,0.049481558821930616,0.07647637027351703,0.8740420709045523
25582,LOF,0.04927248083753979,0.07441103909905138,0.8763164800634088
25583,LOF,0.020823228309887264,0.09656835444411167,0.882608417246001
25584,Neutral,0.5481986133160465,0.10876796929357649,0.34303341739037707
25585,LOF,0.01154671215998525,0.16305461627619056,0.8253986715638243
25586,LOF,0.017673144991435345,0.07933613655120578,0.902990718457359
25587,LOF,0.016837412886100644,0.07063916367531198,0.9125234234385874
25588,LOF,0.017334050239289252,0.08594899802082685,0.896716951739884
25589,Neutral,0.6323110880498649,0.1380127445844512,0.22967616736568391
25590,LOF,0.020024795258107277,0.13482010512524367,0.8451550996166491
25591,LOF,0.08641600427158448,0.06258493543208345,0.850999060296332
25592,LOF,0.04825107875235588,0.1374610780766047,0.8142878431710393
25593,LOF,0.02356492244306907,0.24054940060537944,0.7358856769515514
25594,LOF,0.03511096005436452,0.10412657314531526,0.8607624668003202
25595,LOF,0.03655773585856794,0.07813385274474398,0.885308411396688
25596,LOF,0.051119029174005196,0.06747722516320089,0.881403745662794
25597,LOF,0.034304669238709326,0.06895178292544256,0.8967435478358482
25598,LOF,0.031858505625679066,0.09055240924947415,0.8775890851248468
25599,GOF,0.009367195949509294,0.5892383185948881,0.40139448545560263
25600,GOF,0.029772703451271636,0.6420757652302921,0.3281515313184362
25601,LOF,0.012455480124115603,0.4318117994697916,0.5557327204060929
25602,LOF,0.013144253355159684,0.04889953756078148,0.9379562090840589
25603,LOF,0.04595168310701748,0.019921883037640517,0.9341264338553419
25604,LOF,0.016721044467480066,0.07073860142450392,0.9125403541080161
25605,LOF,0.007496679435853735,0.2044525010837621,0.7880508194803842
25606,LOF,0.08924932830860559,0.3535418166054312,0.5572088550859632
25607,LOF,0.005031614032657953,0.2397733591408873,0.7551950268264548
25608,LOF,0.013746927685230725,0.10078001871390209,0.8854730536008671
25609,LOF,0.07805015128971733,0.3378496411818773,0.5841002075284054
25610,LOF,0.0189710198325712,0.02491235671485556,0.9561166234525733
25611,LOF,0.018168387736779135,0.027235842209848645,0.9545957700533722
25612,LOF,0.06257330819225186,0.03493695858653406,0.9024897332212141
25613,LOF,0.053632574295672766,0.03549762232815421,0.910869803376173
25614,LOF,0.026539572799963725,0.02853867740015477,0.9449217497998815
25615,LOF,0.016425799345426404,0.03683674721668701,0.9467374534378865
25616,LOF,0.048783600957250955,0.029245010222314308,0.9219713888204347
25617,LOF,0.048399823147231576,0.03397338636511653,0.9176267904876519
25618,LOF,0.05915492662011499,0.033337007566361244,0.9075080658135237
25619,LOF,0.018184629013376603,0.029310537117828384,0.9525048338687949
25620,LOF,0.06374901074693344,0.036496498734975784,0.8997544905180909
25621,LOF,0.017810439989348295,0.03416794458864599,0.9480216154220057
25622,LOF,0.022717027206574494,0.036609887496147034,0.9406730852972784
25623,LOF,0.03654696068611832,0.03266835856528289,0.9307846807485988
25624,LOF,0.02224712935235041,0.036036734006025715,0.9417161366416238
25625,LOF,0.02377846839450417,0.049285341212290196,0.9269361903932056
25626,LOF,0.05246572729501876,0.035559682170493344,0.9119745905344879
25627,Neutral,0.5887801430486281,0.10995356357928911,0.3012662933720827
25628,LOF,0.20378408278769902,0.05664237942573622,0.7395735377865649
25629,LOF,0.043030246567927484,0.06223796731736987,0.8947317861147027
25630,LOF,0.14185732289814593,0.09053397093109526,0.7676087061707589
25631,Neutral,0.6155021968875881,0.06261088832943949,0.32188691478297254
25632,LOF,0.008103814580106934,0.0696839401527075,0.9222122452671856
25633,LOF,0.2074728667668869,0.044783076949440066,0.7477440562836729
25634,LOF,0.03023304554449592,0.0993081110457306,0.8704588434097734
25635,LOF,0.03587861819375176,0.0499412120075519,0.9141801697986963
25636,GOF,0.005283584401245877,0.5799535649595542,0.4147628506391999
25637,GOF,0.008087245455854573,0.6056989190400057,0.38621383550413974
25638,LOF,0.010234844866911487,0.3049516041636724,0.6848135509694162
25639,LOF,0.005035163907165775,0.45659950054994924,0.5383653355428851
25640,GOF,0.4521210828274261,0.46027996314844766,0.08759895402412632
25641,LOF,0.013335360619042717,0.30596778536422037,0.680696854016737
25642,LOF,0.24510823336229098,0.054781885511949555,0.7001098811257594
25643,LOF,0.12461400434403606,0.1632193279210865,0.7121666677348774
25644,LOF,0.008431017879983823,0.44098505764503626,0.55058392447498
25645,LOF,0.007118891221489486,0.4086345667499955,0.584246542028515
25646,LOF,0.01250739563467902,0.3084691087304019,0.6790234956349191
25647,LOF,0.009628410100293935,0.2606133129507789,0.7297582769489271
25648,LOF,0.008714214549919205,0.264520217856219,0.7267655675938618
25649,LOF,0.007093092930975994,0.19987387215995742,0.7930330349090665
25650,LOF,0.012573291007491862,0.3931771704255275,0.5942495385669807
25651,LOF,0.005266534608936655,0.27796221917842157,0.7167712462126418
25652,LOF,0.00887438345920845,0.26062350673813717,0.7305021098026544
25653,LOF,0.02388715347768598,0.3726090945228338,0.6035037519994803
25654,LOF,0.010003843408273538,0.1462038373818552,0.8437923192098713
25655,LOF,0.04353659804869634,0.40337590967040443,0.5530874922808993
25656,LOF,0.19487574244215156,0.04979456108191578,0.7553296964759327
25657,LOF,0.25958583396041285,0.026740647682067017,0.71367351835752
25658,LOF,0.08318691914615697,0.07826442243318726,0.8385486584206557
25659,LOF,0.40362103420209566,0.06149629486757742,0.5348826709303269
25660,LOF,0.028583872562137066,0.09904445961176492,0.872371667826098
25661,LOF,0.09011480685992711,0.06992521132422469,0.8399599818158482
25662,LOF,0.03081807646977863,0.045151477802053676,0.9240304457281677
25663,LOF,0.039636583454209146,0.06464068889073821,0.8957227276550527
25664,LOF,0.04376694312207277,0.08592259976591254,0.8703104571120146
25665,LOF,0.056364472367655884,0.03404143512247436,0.9095940925098698
25666,LOF,0.03645457939607662,0.11652823839550917,0.8470171822084143
25667,LOF,0.06374687800602158,0.05061708092656959,0.8856360410674088
25668,LOF,0.03505921864456834,0.05524670982014274,0.909694071535289
25669,LOF,0.03130571256680282,0.07477369668139269,0.8939205907518045
25670,LOF,0.05805125361357075,0.06750542312736164,0.8744433232590676
25671,LOF,0.09016946900816222,0.04380127813178536,0.8660292528600524
25672,LOF,0.05981118902661355,0.043761666844345896,0.8964271441290406
25673,LOF,0.024834026388401854,0.06310482303364157,0.9120611505779566
25674,LOF,0.021891574716337764,0.07394362804956987,0.9041647972340923
25675,LOF,0.0343518032642434,0.07359086722738736,0.8920573295083694
25676,LOF,0.01948062939017967,0.06255835252866229,0.917961018081158
25677,LOF,0.027904110889754075,0.07232211470481482,0.8997737744054312
25678,LOF,0.1973286004646074,0.06438731666398219,0.7382840828714105
25679,LOF,0.17123226721133006,0.09192057997858749,0.7368471528100824
25680,LOF,0.04402883601851087,0.1116995013888225,0.8442716625926666
25681,LOF,0.06746771860534796,0.10453225147797478,0.8280000299166772
25682,LOF,0.1371957139109793,0.08276783768881812,0.7800364484002025
25683,LOF,0.08023621657814191,0.13691560539719172,0.7828481780246664
25684,LOF,0.04310985567311733,0.08232382323636431,0.8745663210905184
25685,LOF,0.08049416748806193,0.05115303031499315,0.8683528021969449
25686,LOF,0.028670817718357278,0.0850859733699805,0.8862432089116622
25687,LOF,0.04690709316355444,0.06735180586635048,0.885741100970095
25688,LOF,0.05105392754016052,0.06756664927315771,0.8813794231866817
25689,LOF,0.03092623130200175,0.07798477220670648,0.8910889964912919
25690,LOF,0.03981989542694041,0.06326346821666706,0.8969166363563926
25691,LOF,0.25349247289885246,0.08514174613639103,0.6613657809647565
25692,LOF,0.2690833222621681,0.008802363129160431,0.7221143146086716
25693,LOF,0.06974815986632106,0.260707597588579,0.6695442425451
25694,LOF,0.23966317584375701,0.013327513188261792,0.7470093109679812
25695,LOF,0.14597256582198126,0.02052654075673494,0.8335008934212839
25696,LOF,0.1244133830337908,0.011580591877791112,0.8640060250884181
25697,LOF,0.09728204632966435,0.02361248546656362,0.879105468203772
25698,LOF,0.05837958021858052,0.4590373031105856,0.4825831166708338
25699,LOF,0.06426761716176087,0.09227144576989586,0.8434609370683432
25700,LOF,0.05257058958209255,0.011274252483205549,0.9361551579347018
25701,LOF,0.0184479901159462,0.07855937111469793,0.9029926387693559
25702,GOF,0.03982672222910552,0.7027426158738627,0.25743066189703184
25703,LOF,0.008771041088428067,0.1659341693508459,0.8252947895607261
25704,LOF,0.05397216351000481,0.13595194697701882,0.8100758895129763
25705,LOF,0.06237683110093234,0.2622008792905744,0.6754222896084933
25706,GOF,0.02308627250113359,0.5147085882915629,0.4622051392073035
25707,LOF,0.017557575362947105,0.4726223265573684,0.5098200980796844
25708,LOF,0.008063999546161417,0.4287107845523196,0.5632252159015189
25709,LOF,0.05553641395509209,0.06635808830528357,0.8781054977396242
25710,LOF,0.004995268129941781,0.1871269205730925,0.8078778112969657
25711,LOF,0.016658085379657496,0.15279384979466637,0.8305480648256762
25712,LOF,0.006413830783162301,0.23369741167508154,0.7598887575417561
25713,LOF,0.018086037264642207,0.12944279881275164,0.852471163922606
25714,LOF,0.05793103586682547,0.15616393708829587,0.7859050270448786
25715,LOF,0.011686991331445011,0.17538214031554283,0.8129308683530122
25716,LOF,0.006115140618642525,0.14060603055221224,0.8532788288291453
25717,LOF,0.005807308526784965,0.11533361828274576,0.8788590731904693
25718,LOF,0.01268537819140946,0.11682586752286402,0.8704887542857265
25719,LOF,0.019010805892781923,0.12515438187981937,0.8558348122273988
25720,LOF,0.020470256424356854,0.1130206286785947,0.8665091148970484
25721,LOF,0.01614489893466248,0.13800293132047647,0.845852169744861
25722,LOF,0.014356950961038714,0.16636817481303612,0.819274874225925
25723,LOF,0.019177958634936564,0.08905259644218284,0.8917694449228806
25724,LOF,0.017045821189663232,0.13674028529479437,0.8462138935155423
25725,LOF,0.011787213670480547,0.09893231750708023,0.8892804688224393
25726,LOF,0.01450554524779549,0.14421074420676597,0.8412837105454385
25727,LOF,0.012615758988358476,0.11225548589885503,0.8751287551127865
25728,LOF,0.011068596530559433,0.1454548128760136,0.843476590593427
25729,LOF,0.011348983506033977,0.14764812601476943,0.8410028904791965
25730,LOF,0.016238005747344283,0.11809530655561538,0.8656666876970404
25731,LOF,0.007543421995777578,0.1628325849361734,0.829623993068049
25732,LOF,0.01603278807226077,0.10728205862349703,0.8766851533042421
25733,LOF,0.015487919830747184,0.1010656075290461,0.8834464726402066
25734,LOF,0.005243406020811989,0.16831496561613435,0.8264416283630537
25735,LOF,0.014293344144891714,0.09686501625121055,0.8888416396038977
25736,LOF,0.014244884577860361,0.14007949027100175,0.8456756251511379
25737,LOF,0.019998575321570084,0.11443416052886068,0.8655672641495692
25738,LOF,0.013220153482154185,0.15513145867247752,0.8316483878453683
25739,LOF,0.018736630209335057,0.1390719434963049,0.8421914262943601
25740,LOF,0.030640141188531915,0.14113454809225276,0.8282253107192155
25741,LOF,0.014746813499505107,0.12757997188260622,0.8576732146178887
25742,LOF,0.08804502191157353,0.13172243738443695,0.7802325407039895
25743,LOF,0.015724043077568507,0.0297986198755874,0.9544773370468441
25744,LOF,0.23716316133687868,0.30426970061793285,0.4585671380451884
25745,LOF,0.029190568427970787,0.04017009057615927,0.9306393409958699
25746,LOF,0.0180012028646391,0.05057159321073074,0.9314272039246302
25747,LOF,0.02810175664294194,0.023094427557446787,0.9488038157996111
25748,LOF,0.11828569951901545,0.03873698478034537,0.8429773157006392
25749,LOF,0.015925439949847593,0.035469396644885354,0.9486051634052671
25750,LOF,0.03629466567052209,0.05533435849619507,0.9083709758332829
25751,LOF,0.12088269197509768,0.04157080145755321,0.8375465065673492
25752,GOF,0.13272712232080341,0.6086074842408173,0.25866539343837935
25753,LOF,0.007500356108210483,0.29395495716284237,0.6985446867289472
25754,GOF,0.004947254630288817,0.7800498878745649,0.21500285749514625
25755,LOF,0.008806475632520202,0.38630532318886374,0.6048882011786161
25756,LOF,0.04447001386926175,0.38853170232199186,0.5669982838087464
25757,GOF,0.005925736822641181,0.8472479760353939,0.14682628714196483
25758,GOF,0.006694821170250285,0.8393736997123045,0.15393147911744534
25759,GOF,0.0045843446930962884,0.5243842157504089,0.4710314395564948
25760,LOF,0.004891780753765132,0.2597390860125765,0.7353691332336583
25761,GOF,0.04734523790984672,0.8078322247722085,0.14482253731794487
25762,LOF,0.03252315657706012,0.2799528625543629,0.6875239808685769
25763,LOF,0.00611320616856368,0.1974517247607743,0.7964350690706621
25764,GOF,0.17685168754999464,0.4904208151095065,0.3327274973404988
25765,GOF,0.011108256608034201,0.7582568241001396,0.2306349192918261
25766,GOF,0.018927716614459186,0.7954551825461198,0.185617100839421
25767,LOF,0.01937235251631041,0.48831877700923765,0.4923088704744519
25768,LOF,0.07537195768195104,0.07283268436085268,0.8517953579571962
25769,LOF,0.08163380910594985,0.05306152078611645,0.8653046701079337
25770,LOF,0.3203110518493733,0.0652157463442685,0.6144732018063581
25771,LOF,0.014703719464537773,0.054071969881442576,0.9312243106540197
25772,LOF,0.020729831421600235,0.025963337307919245,0.9533068312704805
25773,LOF,0.011391832987753807,0.10482780056988582,0.8837803664423605
25774,LOF,0.02484798351695912,0.06850391035503267,0.9066481061280083
25775,LOF,0.015366985877117732,0.04362051531129722,0.941012498811585
25776,LOF,0.08015807118102239,0.020679997988790878,0.8991619308301867
25777,LOF,0.29530910640430486,0.043591407450753,0.6610994861449422
25778,LOF,0.0675423836929535,0.03995695892233235,0.8925006573847141
25779,GOF,0.07272047869712207,0.868599748983584,0.05867977231929394
25780,GOF,0.06422842048318379,0.8490673540085567,0.08670422550825944
25781,GOF,0.026659871107434552,0.8609563488008817,0.11238378009168383
25782,GOF,0.030769906479868714,0.8844170212132968,0.0848130723068343
25783,GOF,0.012310239759612839,0.6695870650937665,0.31810269514662065
25784,GOF,0.12167695772326544,0.8247173053536802,0.05360573692305437
25785,GOF,0.07709241231064194,0.8687062232165057,0.054201364472852426
25786,GOF,0.006207565470532229,0.8044043242995026,0.18938811022996518
25787,GOF,0.20060742426359474,0.7550204458994859,0.04437212983691931
25788,LOF,0.04554402586587788,0.11979140322946262,0.8346645709046596
25789,GOF,0.04175959099377596,0.8056665954157022,0.1525738135905219
25790,GOF,0.03798420083795904,0.8406044464406186,0.12141135272142226
25791,GOF,0.028137173001240044,0.7650852462274798,0.20677758077128008
25792,GOF,0.044816421843861386,0.7729254510852642,0.18225812707087444
25793,GOF,0.07565719368645085,0.7116218338621643,0.21272097245138497
25794,GOF,0.10645865592689517,0.6761204224966737,0.21742092157643114
25795,GOF,0.027436997278840667,0.7540972421831068,0.21846576053805267
25796,GOF,0.13577188325438475,0.7548470369294482,0.10938107981616713
25797,GOF,0.03752520987286956,0.5797499802505938,0.3827248098765367
25798,GOF,0.003268631321046876,0.5298879443905391,0.466843424288414
25799,LOF,0.0031688616102213854,0.4078167456945824,0.5890143926951961
25800,GOF,0.011049642128234085,0.61638273312437,0.3725676247473959
25801,GOF,0.030610639366406414,0.824742456064979,0.1446469045686146
25802,GOF,0.019576648338507432,0.7013173547138035,0.27910599694768917
25803,GOF,0.00994698807001452,0.6031512436386551,0.3869017682913303
25804,LOF,0.013128784572336525,0.47733417656790944,0.5095370388597541
25805,GOF,0.022707025965393493,0.5842972182697613,0.3929957557648452
25806,GOF,0.01948096310157648,0.6182413698399437,0.36227766705847975
25807,GOF,0.005729227976949261,0.6275315888010222,0.3667391832220285
25808,GOF,0.015078456139773095,0.6305097756200493,0.35441176824017756
25809,GOF,0.006239831425912166,0.6072975736439336,0.3864625949301542
25810,GOF,0.005317943421478938,0.6317141051431848,0.3629679514353362
25811,GOF,0.10625987884119513,0.7896253773084139,0.10411474385039096
25812,GOF,0.013304678972266297,0.6166099334010694,0.3700853876266643
25813,GOF,0.10701404943478873,0.7374208390363489,0.15556511152886238
25814,GOF,0.02910581676712873,0.7137824715941354,0.2571117116387358
25815,GOF,0.04612675877525756,0.7225054828541064,0.23136775837063608
25816,GOF,0.00793539351927436,0.7676566895263054,0.22440791695442028
25817,GOF,0.08362816306426829,0.7687929466342623,0.14757889030146937
25818,GOF,0.017941168441528352,0.7001583175341,0.2819005140243717
25819,GOF,0.08073764631157727,0.7335259533379734,0.1857364003504492
25820,GOF,0.03346019603508773,0.7231753773529676,0.24336442661194474
25821,GOF,0.016847158354427905,0.7054912023968539,0.2776616392487182
25822,GOF,0.039271151009131366,0.7136880963225484,0.24704075266832015
25823,GOF,0.012414454201165569,0.5506604507584737,0.4369250950403607
25824,GOF,0.0214857110047656,0.6652778817590419,0.31323640723619245
25825,GOF,0.012840213278453357,0.635619648562838,0.35154013815870866
25826,GOF,0.005401398290748805,0.6123846922753793,0.38221390943387196
25827,GOF,0.008146020004965908,0.6223942877961813,0.36945969219885266
25828,GOF,0.005309608637032029,0.5307665947701989,0.46392379659276906
25829,GOF,0.002988513387411613,0.5995517608594677,0.3974597257531206
25830,LOF,0.03783578484260583,0.3649692038056741,0.5971950113517199
25831,GOF,0.03666965131985834,0.8430599624200926,0.12027038626004921
25832,GOF,0.0076404923793532255,0.7545541098878337,0.2378053977328131
25833,GOF,0.02720205324268093,0.7986833125487204,0.17411463420859855
25834,GOF,0.007922750705412191,0.7634907267036696,0.22858652259091822
25835,GOF,0.016546364793233535,0.8098933749675622,0.17356026023920426
25836,GOF,0.006813056471725573,0.7616709997474386,0.23151594378083604
25837,GOF,0.006539396801118216,0.6569872858347365,0.3364733173641452
25838,GOF,0.021472729260633087,0.8290918575935936,0.14943541314577335
25839,GOF,0.046519535553243854,0.780841117904687,0.172639346542069
25840,GOF,0.04067441880271216,0.8166788840718273,0.14264669712546044
25841,GOF,0.0366859493834273,0.8300422175175389,0.13327183309903384
25842,GOF,0.023216327932896692,0.8542220221370574,0.12256164993004583
25843,GOF,0.02537727806135777,0.8716530426226982,0.10296967931594403
25844,GOF,0.01707280806915715,0.7955607643703795,0.18736642756046332
25845,GOF,0.0052384348574888925,0.5603589395900149,0.43440262555249615
25846,GOF,0.02937465109117169,0.8520610461768152,0.11856430273201315
25847,GOF,0.018010576771965606,0.8737131569992341,0.10827626622880024
25848,GOF,0.013119101156578243,0.7660861542293502,0.2207947446140714
25849,GOF,0.004369127730199974,0.6554295595888997,0.34020131268090026
25850,GOF,0.007121598266347378,0.6916390503172918,0.3012393514163608
25851,GOF,0.006423837168761255,0.569468204183124,0.42410795864811474
25852,GOF,0.15852143691607237,0.5181702139935915,0.32330834909033607
25853,GOF,0.06992798098077073,0.8300226725004716,0.1000493465187577
25854,GOF,0.009029122910835106,0.6397576096671379,0.35121326742202685
25855,GOF,0.013831468722182548,0.5881207921442703,0.39804773913354713
25856,GOF,0.04105525900922875,0.713165388206672,0.2457793527840993
25857,GOF,0.012663949704479935,0.5324440296680301,0.45489202062749007
25858,GOF,0.008003937405271614,0.5276058826016178,0.4643901799931107
25859,GOF,0.005626363815969015,0.5093502549282962,0.4850233812557347
25860,GOF,0.07648475668379862,0.7858429455766901,0.13767229773951128
25861,GOF,0.12721114713485504,0.7860971703075172,0.08669168255762763
25862,GOF,0.018419774698516123,0.8370621589862068,0.14451806631527703
25863,GOF,0.01855263444384684,0.8581192536662013,0.12332811188995178
25864,GOF,0.04137566449069625,0.8780485567528349,0.08057577875646894
25865,GOF,0.032835017124023334,0.8393563905896847,0.12780859228629196
25866,GOF,0.02502140570379933,0.8220246781878022,0.15295391610839842
25867,GOF,0.02522435162354102,0.8568875221636673,0.11788812621279181
25868,GOF,0.04919797161189657,0.7876591243996615,0.16314290398844192
25869,GOF,0.3193208629886943,0.5809412303443864,0.09973790666691944
25870,GOF,0.17784159480569384,0.5329804885481865,0.28917791664611964
25871,GOF,0.02797069778285608,0.8373246143786834,0.13470468783846054
25872,GOF,0.015827240408503564,0.7648322002267749,0.2193405593647215
25873,GOF,0.01819317008673503,0.8377206819980858,0.1440861479151793
25874,LOF,0.017269917359024365,0.12466812923614418,0.8580619534048315
25875,LOF,0.026411987447080124,0.03712928070185697,0.936458731851063
25876,LOF,0.014283975679282569,0.03280672344192398,0.9529093008787936
25877,LOF,0.11782191036664647,0.06658036065743876,0.8155977289759148
25878,LOF,0.05281898608893295,0.08732801654943113,0.8598529973616359
25879,LOF,0.023602281325981685,0.06980360034231849,0.9065941183316998
25880,LOF,0.0448387296620135,0.012279276514341181,0.9428819938236453
25881,Neutral,0.5765295633644315,0.04989742599483737,0.37357301064073106
25882,LOF,0.022268527323191973,0.03170229265385015,0.9460291800229578
25883,LOF,0.07128029430057797,0.0222931649557294,0.9064265407436927
25884,LOF,0.01170211482165829,0.039396282793685226,0.9489016023846566
25885,LOF,0.16660574433552525,0.006918682859602756,0.826475572804872
25886,LOF,0.30137933209674994,0.04556853794999778,0.6530521299532521
25887,LOF,0.15430873061884057,0.05777151005770987,0.7879197593234496
25888,LOF,0.012266281819189127,0.10827385223567475,0.8794598659451361
25889,LOF,0.013458700387290544,0.030326697867013808,0.9562146017456957
25890,LOF,0.10097715691573447,0.08503457668789974,0.8139882663963659
25891,LOF,0.04261877675694811,0.03779792245466353,0.9195833007883885
25892,LOF,0.01159609957343031,0.044212337639046105,0.9441915627875236
25893,LOF,0.3868027628806759,0.013803662915489838,0.5993935742038343
25894,LOF,0.4277112912357961,0.007670811438726634,0.5646178973254773
25895,LOF,0.3312173350134876,0.016735185464284416,0.652047479522228
25896,LOF,0.04459655503332715,0.027652046448967033,0.9277513985177057
25897,LOF,0.2045556110839128,0.013417024507986602,0.7820273644081007
25898,LOF,0.21516896247963962,0.03860085489690681,0.7462301826234535
25899,LOF,0.16536206161433215,0.026586319587400785,0.8080516187982671
25900,LOF,0.45701702197960314,0.012151796400736745,0.5308311816196601
25901,LOF,0.05109766729972853,0.011801902099665904,0.9371004306006055
25902,LOF,0.10126910664145648,0.0175325934862417,0.8811982998723019
25903,LOF,0.37273923947760185,0.0379851466858619,0.5892756138365363
25904,LOF,0.3008528810364835,0.04576529281199547,0.653381826151521
25905,LOF,0.006394651744538975,0.4341630601091815,0.5594422881462795
25906,LOF,0.008738931149864832,0.12229662240643323,0.868964446443702
25907,LOF,0.0040198367438116,0.37211813576489694,0.6238620274912915
25908,LOF,0.003574361863659177,0.2639694481628989,0.7324561899734419
25909,LOF,0.013080014241795994,0.1548304257267425,0.8320895600314614
25910,LOF,0.015534625509353795,0.13890895474114132,0.8455564197495049
25911,LOF,0.18990938299740276,0.026157584516131486,0.7839330324864656
25912,LOF,0.07708899243335164,0.040203996335386086,0.8827070112312623
25913,LOF,0.08545462434410102,0.045569291981950574,0.8689760836739484
25914,LOF,0.020894847629318137,0.051081259184003365,0.9280238931866786
25915,LOF,0.12953405239196414,0.2928373710812147,0.5776285765268212
25916,LOF,0.02145784909184643,0.1764706765932994,0.8020714743148543
25917,LOF,0.05546143721690615,0.036666863642282374,0.9078716991408113
25918,LOF,0.025810766023805883,0.027637998364073844,0.9465512356121203
25919,LOF,0.021730823562755006,0.027108094350099702,0.9511610820871453
25920,LOF,0.1101314892000062,0.22504618620046954,0.6648223245995242
25921,LOF,0.010935784086045225,0.03883612799236157,0.9502280879215931
25922,LOF,0.013850866194462559,0.03242335737369931,0.9537257764318381
25923,Neutral,0.5174260302983279,0.039399875791825315,0.44317409390984686
25924,LOF,0.018492356958513454,0.04750657459833302,0.9340010684431534
25925,LOF,0.08279386774072932,0.045194470617239746,0.8720116616420309
25926,LOF,0.059685829023978385,0.03761741272974466,0.902696758246277
25927,LOF,0.02154817443317407,0.06268014035078588,0.9157716852160401
25928,LOF,0.00827810560587705,0.05225432792505414,0.9394675664690688
25929,Neutral,0.6243454190254972,0.04167567553817227,0.3339789054363305
25930,LOF,0.07121880075206281,0.03517950514832358,0.8936016940996137
25931,LOF,0.010277561673475209,0.03605772829215439,0.9536647100343704
25932,LOF,0.0337082776162844,0.02887134270216505,0.9374203796815506
25933,LOF,0.042557113782192776,0.019619678245131125,0.9378232079726762
25934,LOF,0.029253736281501033,0.021386060475135398,0.9493602032433635
25935,LOF,0.0743916789785745,0.0501142852498068,0.8754940357716187
25936,LOF,0.047743863960145384,0.02546583598148528,0.9267903000583694
25937,LOF,0.010343947276947147,0.03636109699273168,0.9532949557303212
25938,LOF,0.073354588518715,0.05596612951119417,0.8706792819700908
25939,LOF,0.04031477606170691,0.026244042339829767,0.9334411815984632
25940,LOF,0.010185801233449063,0.3093242926300259,0.680489906136525
25941,Neutral,0.527282892278826,0.03254021188535199,0.4401768958358221
25942,LOF,0.005145391898114322,0.04508345685696075,0.9497711512449248
25943,LOF,0.035023478315972356,0.1424590591930667,0.8225174624909609
25944,LOF,0.1137155331851591,0.07864197730336527,0.8076424895114757
25945,LOF,0.055871375623157596,0.01897974931174097,0.9251488750651015
25946,LOF,0.07080917199093957,0.0632749492418971,0.8659158787671632
25947,LOF,0.4420554505134988,0.06867559848525834,0.4892689510012429
25948,LOF,0.3208268757961065,0.009338812259968923,0.6698343119439246
25949,LOF,0.08392517846419166,0.05103322977466894,0.8650415917611394
25950,GOF,0.04075636204317932,0.5772980495102767,0.3819455884465441
25951,LOF,0.015009876308531908,0.43173896469681544,0.5532511589946527
25952,LOF,0.26491375558386093,0.311759095429285,0.4233271489868541
25953,LOF,0.014858711874945026,0.19523735977777962,0.7899039283472754
25954,GOF,0.055751703111365375,0.48952127816486624,0.4547270187237685
25955,LOF,0.011098218939246545,0.18890131470750268,0.8000004663532507
25956,LOF,0.028128967406569783,0.2852778178694286,0.6865932147240017
25957,LOF,0.14620690409580908,0.033910007588075594,0.8198830883161152
25958,LOF,0.05444803716541223,0.02730753571662913,0.9182444271179587
25959,LOF,0.013140868130096909,0.45071472293471393,0.5361444089351891
25960,LOF,0.006186896039397589,0.05330217928091389,0.9405109246796884
25961,LOF,0.04350259651401748,0.024948406433008642,0.9315489970529738
25962,LOF,0.03164295137324258,0.08170800783563356,0.8866490407911238
25963,LOF,0.005578978669343609,0.23776979532536086,0.7566512260052957
25964,LOF,0.03396084142292496,0.10511190746021883,0.8609272511168562
25965,LOF,0.3228809953608545,0.14297960765135284,0.5341393969877926
25966,Neutral,0.5177516665824116,0.1434769732819119,0.33877136013567655
25967,LOF,0.006793029149185675,0.08483531116958865,0.9083716596812257
25968,LOF,0.05587094619254388,0.21776503800562722,0.726364015801829
25969,LOF,0.13217909934888655,0.05604249560584482,0.8117784050452685
25970,LOF,0.01864857829145712,0.09992922794449556,0.8814221937640474
25971,LOF,0.06655081065262176,0.02909933989512599,0.9043498494522523
25972,LOF,0.06612180540892676,0.041526024431279035,0.8923521701597941
25973,LOF,0.051910617811315625,0.012846747568791481,0.9352426346198929
25974,LOF,0.03166401055297438,0.03962521767423165,0.9287107717727939
25975,LOF,0.04456927187521951,0.025243347008143572,0.9301873811166369
25976,LOF,0.1018341474358927,0.01222259677671948,0.8859432557873879
25977,LOF,0.19265554786797978,0.05143871156585787,0.7559057405661624
25978,LOF,0.14085919483008924,0.13374614102193422,0.7253946641479766
25979,LOF,0.12499850945407553,0.13040573627345453,0.7445957542724699
25980,LOF,0.24418078094853055,0.14543710219270786,0.6103821168587615
25981,LOF,0.2710831551205388,0.14286675371031002,0.5860500911691512
25982,LOF,0.4151567089927687,0.11213316555283567,0.47271012545439567
25983,LOF,0.37600825570692253,0.12166171727453613,0.5023300270185413
25984,LOF,0.042987375671170246,0.06282196559753377,0.894190658731296
25985,LOF,0.41580477167280216,0.10734403483891151,0.4768511934882863
25986,LOF,0.01066342982373274,0.3862569050012152,0.6030796651750522
25987,LOF,0.03195211173312516,0.0967057526687162,0.8713421355981587
25988,LOF,0.1710394975209649,0.09586990591070514,0.7330905965683299
25989,LOF,0.038978686879751395,0.13546876305381192,0.8255525500664367
25990,LOF,0.038920871005937684,0.2166088626911277,0.7444702663029347
25991,LOF,0.01761167790763746,0.3416692261942778,0.6407190958980848
25992,LOF,0.020800676039201712,0.3442597430582023,0.6349395809025961
25993,LOF,0.020456073248406384,0.09432026275878017,0.8852236639928135
25994,LOF,0.015258748964517867,0.08849823268220706,0.896243018353275
25995,LOF,0.020074679324908695,0.1976720694549905,0.7822532512201008
25996,LOF,0.3394800474900285,0.2999565325589159,0.3605634199510555
25997,LOF,0.07964652540292887,0.34697187555554737,0.5733815990415239
25998,LOF,0.29856502130027296,0.049558422142906615,0.6518765565568204
25999,LOF,0.014805991343028088,0.25491751256885664,0.7302764960881153
26000,LOF,0.15306436016339847,0.03112755920771875,0.8158080806288828
26001,LOF,0.30385387240711637,0.024066292732852473,0.6720798348600312
26002,LOF,0.06409848168699456,0.04804235920975201,0.8878591591032535
26003,GOF,0.0038859086531252804,0.596310579535907,0.39980351181096757
26004,GOF,0.006811438475989455,0.6927506466371586,0.300437914886852
26005,LOF,0.0030040730776589846,0.48653614831354214,0.5104597786087989
26006,GOF,0.07927447196102796,0.5638814285781019,0.35684409946087026
26007,GOF,0.00697902486302826,0.5602923421750725,0.4327286329618992
26008,GOF,0.005851381634837068,0.636769457134978,0.3573791612301848
26009,GOF,0.0062783452611273145,0.6492587428581935,0.344462911880679
26010,GOF,0.00735448819835038,0.7004659849915723,0.2921795268100773
26011,LOF,0.002672628272955578,0.49013538988494254,0.5071919818421018
26012,GOF,0.004020041324590634,0.5496187733784899,0.44636118529691954
26013,GOF,0.00549115494506914,0.6275979009456348,0.366910944109296
26014,LOF,0.04282390479730484,0.11134574697686689,0.8458303482258284
26015,LOF,0.1407832565813217,0.022642311999512853,0.8365744314191654
26016,LOF,0.2800578504685682,0.045458823290425894,0.6744833262410059
26017,LOF,0.0239604962757654,0.21050064079668793,0.7655388629275467
26018,LOF,0.07074623957609504,0.04186478881406759,0.8873889716098374
26019,LOF,0.0680120122162605,0.03552764239937259,0.8964603453843669
26020,LOF,0.007832067661688617,0.1956744882022423,0.796493444136069
26021,LOF,0.06937579250034691,0.06954375442744488,0.8610804530722083
26022,LOF,0.026032137255517517,0.026077525250192767,0.9478903374942897
26023,LOF,0.04413327269096639,0.027545382518383343,0.9283213447906503
26024,LOF,0.04217576204509643,0.08057632890786387,0.8772479090470396
26025,LOF,0.05957309178697042,0.08604348077356612,0.8543834274394635
26026,LOF,0.12717424160039406,0.06686791818430134,0.8059578402153046
26027,LOF,0.05595999879164666,0.021747848523900302,0.922292152684453
26028,LOF,0.08174535412569295,0.12160863996464526,0.7966460059096618
26029,LOF,0.026610203556872134,0.18755707371479854,0.7858327227283294
26030,LOF,0.14273552621468896,0.025369206990152462,0.8318952667951587
26031,LOF,0.013577577799820056,0.13715046369689582,0.8492719585032842
26032,LOF,0.08663923609773481,0.06570188027606523,0.8476588836261999
26033,LOF,0.08735282952557027,0.06115551825414349,0.8514916522202863
26034,LOF,0.014515097231125273,0.16372327886161472,0.8217616239072599
26035,LOF,0.013351217951138193,0.1285084407171075,0.8581403413317543
26036,LOF,0.01691281380674912,0.1646343537386394,0.8184528324546115
26037,LOF,0.011704482420541158,0.10948946377304815,0.8788060538064106
26038,LOF,0.07304751429704255,0.057715575005921456,0.869236910697036
26039,LOF,0.02458561212827949,0.15377712561135345,0.8216372622603669
26040,LOF,0.110285062475579,0.14443138615135356,0.7452835513730676
26041,LOF,0.014167410934678208,0.10247862539724158,0.8833539636680802
26042,LOF,0.012837412567932612,0.10199978181247644,0.885162805619591
26043,LOF,0.07185280099816138,0.08088526876942707,0.8472619302324115
26044,LOF,0.01290683851187165,0.062421642629088,0.9246715188590404
26045,LOF,0.0534445018888492,0.1038495604025485,0.8427059377086024
26046,LOF,0.06395308015206505,0.06285458002764337,0.8731923398202915
26047,LOF,0.10236071799256108,0.0660244370899207,0.8316148449175181
26048,LOF,0.04414695968781142,0.039703564126827746,0.9161494761853608
26049,Neutral,0.9662649933108588,0.005448133362981145,0.02828687332615998
26050,Neutral,0.953526276179037,0.007100764950495503,0.03937295887046764
26051,LOF,0.013650755862168372,0.17427392995737212,0.8120753141804594
26052,LOF,0.020699691658289904,0.2056372167758218,0.7736630915658882
26053,LOF,0.02383521441830105,0.1354699539270052,0.8406948316546938
26054,LOF,0.049539875788255236,0.01659827224220401,0.9338618519695406
26055,LOF,0.0611751912340449,0.01497023601582413,0.923854572750131
26056,LOF,0.051692292938606964,0.01803860569030648,0.9302691013710865
26057,LOF,0.03218871725788604,0.011531023832832825,0.9562802589092811
26058,LOF,0.03305948999795926,0.009998644344051412,0.9569418656579894
26059,LOF,0.29283516373681806,0.017277058662278265,0.6898877776009037
26060,LOF,0.010827869399871393,0.13193175935236942,0.8572403712477592
26061,LOF,0.004832374113349859,0.012901324703759843,0.9822663011828904
26062,LOF,0.003962151455878712,0.017632675273201184,0.9784051732709201
26063,LOF,0.022465903585870015,0.009411082546732426,0.9681230138673974
26064,LOF,0.006764819594982454,0.01925297451463532,0.9739822058903822
26065,LOF,0.02317107122149335,0.011174164861311635,0.965654763917195
26066,LOF,0.021279182674499547,0.010351548227381093,0.9683692690981194
26067,LOF,0.028428861632071752,0.008020989461486898,0.9635501489064414
26068,LOF,0.04344945931668933,0.027047339598448444,0.9295032010848623
26069,LOF,0.24278954308454548,0.01719903640811252,0.740011420507342
26070,LOF,0.39073427337514344,0.012388395465139564,0.5968773311597171
26071,LOF,0.021333161078313626,0.010300259787494083,0.9683665791341922
26072,LOF,0.005453683640952048,0.02222417797770754,0.9723221383813404
26073,LOF,0.01859872591074056,0.012553000833306677,0.9688482732559528
26074,Neutral,0.8915611502377834,0.005917926826310131,0.10252092293590652
26075,LOF,0.04313914897088065,0.013713059689442903,0.9431477913396765
26076,LOF,0.04029314087083335,0.008497383010368596,0.9512094761187979
26077,LOF,0.115495025637712,0.007533057506799517,0.8769719168554886
26078,LOF,0.005582857197926686,0.012847583689859995,0.9815695591122133
26079,LOF,0.05316138084952907,0.015417714841373917,0.9314209043090969
26080,LOF,0.05200430401127588,0.01545348830072023,0.932542207688004
26081,LOF,0.029339350147354722,0.007131431230333118,0.9635292186223122
26082,LOF,0.004522985703137151,0.01589911278088931,0.9795779015159735
26083,LOF,0.13555776921836338,0.014535438556751398,0.8499067922248852
26084,LOF,0.03549688746425276,0.01210492031503221,0.952398192220715
26085,LOF,0.03156051592240145,0.010811321672067909,0.9576281624055307
26086,LOF,0.020174902645683345,0.01026612983343693,0.9695589675208798
26087,LOF,0.02096117087644044,0.008297117643033869,0.9707417114805257
26088,LOF,0.005578877556098336,0.02142672996631305,0.9729943924775886
26089,LOF,0.04037792202241717,0.020289391794881376,0.9393326861827014
26090,LOF,0.039409415187957715,0.016187696893712522,0.9444028879183297
26091,LOF,0.028273460588402733,0.006327300218787873,0.9653992391928095
26092,LOF,0.020688812013176336,0.007961715805992725,0.9713494721808309
26093,LOF,0.03596616648427555,0.005899413406740461,0.9581344201089841
26094,LOF,0.02836195477390075,0.0064102770104699025,0.9652277682156293
26095,LOF,0.01586871007921411,0.018587088650982714,0.9655442012698031
26096,LOF,0.15275424594096876,0.0057969123199358855,0.8414488417390954
26097,LOF,0.004784825274415401,0.03590860121381109,0.9593065735117735
26098,LOF,0.0659942461144084,0.013090185426267309,0.9209155684593243
26099,LOF,0.019209440038845622,0.013005914318962706,0.9677846456421918
26100,LOF,0.021484607214004876,0.012140386982463247,0.9663750058035319
26101,LOF,0.04739644637082797,0.0194786611041478,0.9331248925250243
26102,LOF,0.020796207440023258,0.012613592223611825,0.9665902003363648
26103,Neutral,0.8635602959712271,0.018803292904137098,0.11763641112463585
26104,LOF,0.06686727839023461,0.021456589582289742,0.9116761320274757
26105,LOF,0.19755365479335812,0.1720305470477033,0.6304157981589386
26106,LOF,0.32637219363796965,0.1360501311487997,0.5375776752132305
26107,LOF,0.021899152425026876,0.10934114111777693,0.8687597064571961
26108,LOF,0.35653201104590704,0.04179036139818609,0.6016776275559068
26109,LOF,0.027716119564613548,0.06247913323299726,0.9098047472023892
26110,LOF,0.20920568818413773,0.006027577845163158,0.7847667339706991
26111,LOF,0.07631596908644168,0.07708764839200388,0.8465963825215546
26112,LOF,0.035389223889048506,0.006643024805580452,0.9579677513053709
26113,LOF,0.06239982816446812,0.014671228200112758,0.9229289436354191
26114,LOF,0.06543940070289865,0.013509777959885207,0.9210508213372163
26115,LOF,0.015708559469045123,0.08227543279393348,0.9020160077370213
26116,LOF,0.08785359313617355,0.04487295545391081,0.8672734514099157
26117,LOF,0.4266746963448676,0.04119439132234683,0.5321309123327855
26118,LOF,0.033837385386071825,0.02053346072442753,0.9456291538895005
26119,LOF,0.0045848096145777615,0.04247100877170203,0.9529441816137203
26120,LOF,0.023515039682738013,0.017342213634807997,0.959142746682454
26121,LOF,0.0040948050812777475,0.15206561158600956,0.8438395833327127
