feature0,prediction,LoGoFunc_Neutral,LoGoFunc_GOF,LoGoFunc_LOF
25546,Neutral,0.6322640376022173,0.12353790241518026,0.24419805998260247
25547,Neutral,0.4563402574106876,0.2785281660507098,0.2651315765386026
25548,Neutral,0.4322544779804424,0.2166172071380275,0.35112831488153007
25549,Neutral,0.407500384818836,0.22507445554173272,0.36742515963943134
25550,LOF,0.3112867304162809,0.24099906428486817,0.4477142052988509
25551,LOF,0.2374334697121676,0.23078083019913964,0.5317857000886927
25552,LOF,0.15013461670832176,0.2215596282315873,0.6283057550600909
25553,Neutral,0.8167662598030887,0.05051340803733292,0.13272033215957849
25554,LOF,0.183489484074058,0.23230810728868329,0.5842024086372588
25555,LOF,0.14929647273125107,0.2035561427246936,0.6471473845440554
25556,Neutral,0.5034088231275825,0.1724978753729102,0.3240933014995073
25557,LOF,0.1507933648544304,0.22481322927198347,0.6243934058735862
25558,LOF,0.18151553324196906,0.2672200994326112,0.5512643673254197
25559,Neutral,0.5387448032588191,0.019451244664545227,0.4418039520766356
25560,LOF,0.03888026719347326,0.22562927266895236,0.7354904601375744
25561,LOF,0.1028235036561321,0.2635152841379761,0.6336612122058918
25562,LOF,0.13211752162277615,0.057017564805194994,0.810864913572029
25563,LOF,0.1292328902555151,0.091968684265739,0.7787984254787459
25564,LOF,0.06968527625635504,0.24442771669311888,0.6858870070505261
25565,LOF,0.12083861057339682,0.2645278664672514,0.6146335229593518
25566,GOF,0.018098148949717358,0.6868179103269823,0.29508394072330046
25567,LOF,0.011037770130284908,0.09368051678901353,0.8952817130807016
25568,LOF,0.062356357921857904,0.045246842821967156,0.892396799256175
25569,LOF,0.11079023687519338,0.03676741247943438,0.8524423506453722
25570,LOF,0.05677376776975463,0.04054483178461784,0.9026814004456275
25571,LOF,0.06835188579950426,0.037192248676732,0.8944558655237638
25572,LOF,0.03955569560159783,0.051272111644534886,0.9091721927538673
25573,LOF,0.022023796796004122,0.0565018268923929,0.9214743763116029
25574,LOF,0.011247889085774437,0.2174157788554801,0.7713363320587454
25575,LOF,0.05095932069632733,0.023072776219837835,0.9259679030838348
25576,LOF,0.014339162416762107,0.02756258096365351,0.9580982566195844
25577,LOF,0.009166340994674416,0.030382802223698237,0.9604508567816274
25578,LOF,0.2530815146484086,0.04757023769424534,0.6993482476573459
25579,LOF,0.21290430500247498,0.047126949995136884,0.7399687450023882
25580,LOF,0.030095977013693848,0.02416533309086337,0.9457386898954427
25581,LOF,0.054159445363345035,0.06857552565367837,0.8772650289829766
25582,LOF,0.05409160335113193,0.05466011201832816,0.89124828463054
25583,LOF,0.03379709618047013,0.02580923246205768,0.9403936713574723
25584,Neutral,0.4930486459178613,0.05400725338002775,0.4529441007021109
25585,LOF,0.02529344862693814,0.02751828558792332,0.9471882657851385
25586,LOF,0.031079304307443545,0.02325789944361398,0.9456627962489424
25587,LOF,0.026086954760042393,0.017388201974791368,0.9565248432651663
25588,LOF,0.026598433168651937,0.0218357572521812,0.9515658095791668
25589,Neutral,0.6811035283684617,0.055087986362183025,0.2638084852693553
25590,LOF,0.021550204583116375,0.0578970879184944,0.9205527074983891
25591,LOF,0.07634442349346972,0.03580447398397693,0.8878511025225534
25592,LOF,0.11894325418104125,0.03735549887759017,0.8437012469413685
25593,LOF,0.01203660133216443,0.2968254102762629,0.6911379883915727
25594,LOF,0.06311178170356217,0.04217690260383596,0.8947113156926019
25595,LOF,0.121308210683272,0.06294199079815295,0.815749798518575
25596,LOF,0.09942306242378074,0.03392557062332807,0.8666513669528912
25597,LOF,0.0773864652515739,0.015477364134919524,0.9071361706135066
25598,LOF,0.15522565004183816,0.04743729713423607,0.7973370528239258
25599,GOF,0.0092846241152917,0.6619162404448482,0.32879913543986
25600,GOF,0.00959846068558791,0.7055815836714847,0.2848199556429274
25601,LOF,0.006377802780891319,0.4031234753407026,0.5904987218784061
25602,LOF,0.020259203237729947,0.08477565308495466,0.8949651436773153
25603,LOF,0.03405847539369406,0.08337618303806596,0.8825653415682401
25604,LOF,0.034925628287958164,0.08835720342225906,0.8767171682897827
25605,LOF,0.011826621590734571,0.3060256571322921,0.6821477212769733
25606,LOF,0.0768494591564964,0.40818411188227594,0.5149664289612277
25607,LOF,0.003063098303316803,0.17155542573264648,0.8253814759640368
25608,LOF,0.06466276425145491,0.03124869290603299,0.904088542842512
25609,LOF,0.10517015675158764,0.1301011689750022,0.7647286742734102
25610,LOF,0.03983495954412277,0.03918501099042409,0.9209800294654531
25611,LOF,0.058733758355732524,0.017762632883742108,0.9235036087605253
25612,LOF,0.25800122454010477,0.024294731870457473,0.7177040435894378
25613,LOF,0.13393253025377544,0.03717993069329703,0.8288875390529274
25614,LOF,0.033699125149142646,0.04240841385455552,0.9238924609963017
25615,LOF,0.07620432282542741,0.03539131732599573,0.8884043598485769
25616,LOF,0.028904892217572954,0.06962698065865017,0.9014681271237769
25617,LOF,0.042074451900960534,0.033231826957203205,0.9246937211418362
25618,LOF,0.20865629656771867,0.06914188952564039,0.722201813906641
25619,LOF,0.03884106003961951,0.047089192008056384,0.9140697479523241
25620,LOF,0.03571688281045269,0.04819059399340351,0.9160925231961439
25621,LOF,0.03581183551158598,0.028468805510011002,0.9357193589784029
25622,LOF,0.027130613285242997,0.04864616319302973,0.9242232235217273
25623,LOF,0.04827137339730386,0.04395515189479495,0.9077734747079012
25624,LOF,0.031824119733297775,0.05272075919109801,0.9154551210756042
25625,LOF,0.03842952567068026,0.04342373450307569,0.918146739826244
25626,LOF,0.1324197983162559,0.026550829120335975,0.8410293725634082
25627,Neutral,0.4678031564050223,0.1290664433747097,0.403130400220268
25628,LOF,0.1714121891281229,0.04697079965064041,0.7816170112212367
25629,LOF,0.08718044412473534,0.07010008007159073,0.8427194758036739
25630,LOF,0.18730441822468316,0.05762048950050381,0.755075092274813
25631,Neutral,0.6091733590497943,0.060485262486525804,0.33034137846367995
25632,LOF,0.01663859640142158,0.16094520404468826,0.8224161995538902
25633,GOF,0.2189656389849226,0.39867331234275066,0.3823610486723267
25634,LOF,0.04749734502392993,0.23491502976283127,0.7175876252132388
25635,LOF,0.03897264846298075,0.19915806079185908,0.7618692907451602
25636,LOF,0.005298855575394885,0.44558604298115245,0.5491151014434527
25637,LOF,0.004606538820695473,0.24043204170759178,0.7549614194717128
25638,LOF,0.0060286879517542245,0.27410953836371765,0.7198617736845282
25639,LOF,0.004736242420785353,0.21992300670333179,0.775340750875883
25640,GOF,0.34578225809135915,0.586594186573651,0.06762355533498977
25641,LOF,0.00750213482962453,0.25867998861188257,0.733817876558493
25642,LOF,0.22018583015384888,0.06518900576402309,0.7146251640821281
25643,LOF,0.20391668523938228,0.04659845823990681,0.7494848565207108
25644,LOF,0.011014840105830365,0.4311333662816308,0.5578517936125388
25645,GOF,0.009313679450392296,0.534153708446095,0.4565326121035126
25646,LOF,0.010383657919787176,0.35288470251274195,0.636731639567471
25647,LOF,0.009128162656904526,0.31533253905009484,0.6755392982930006
25648,LOF,0.0067079580465024624,0.3483880192895907,0.6449040226639069
25649,LOF,0.007039701069168155,0.25307088121837606,0.7398894177124558
25650,LOF,0.021794669304982372,0.3942175962490579,0.5839877344459596
25651,LOF,0.006446096815980593,0.2844503899004157,0.7091035132836037
25652,LOF,0.01188091805391341,0.3818205508597198,0.6062985310863668
25653,LOF,0.04762933828536107,0.45087598012786556,0.5014946815867733
25654,LOF,0.00760563278474086,0.3773413413315468,0.6150530258837124
25655,GOF,0.07589876659781515,0.5156699054222024,0.4084313279799825
25656,LOF,0.0892135093372437,0.07656847569902636,0.8342180149637298
25657,LOF,0.2523122965209622,0.030916706197701208,0.7167709972813366
25658,LOF,0.02747524808002058,0.1652656451994806,0.8072591067204989
25659,LOF,0.21864472959989356,0.09437601999253274,0.6869792504075737
25660,LOF,0.10298678152857647,0.08748982580187364,0.80952339266955
25661,LOF,0.0632183934460766,0.07353972993670159,0.8632418766172217
25662,LOF,0.04225376226860641,0.060232000576510104,0.8975142371548835
25663,LOF,0.043941957587126074,0.10250866473121412,0.8535493776816598
25664,LOF,0.02594970869047658,0.156828059772553,0.8172222315369704
25665,LOF,0.04475963218617563,0.07665214812811322,0.8785882196857112
25666,LOF,0.03359396495273932,0.20687097797010265,0.7595350570771581
25667,LOF,0.037503272862414935,0.02774912107094816,0.934747606066637
25668,LOF,0.039692962372472204,0.057135639393014075,0.9031713982345138
25669,LOF,0.032661045807811914,0.0784540753635609,0.8888848788286272
25670,LOF,0.06099011501761601,0.07573650276984865,0.8632733822125354
25671,LOF,0.05742984838194108,0.038114462949252755,0.9044556886688061
25672,LOF,0.05794380996038206,0.05214872038644405,0.8899074696531739
25673,LOF,0.03676173609330322,0.06965005287363712,0.8935882110330596
25674,LOF,0.02443671810000443,0.10093330740611645,0.8746299744938791
25675,LOF,0.03377107737650103,0.060351732256431444,0.9058771903670675
25676,LOF,0.04076655031993622,0.06706558801550652,0.8921678616645572
25677,LOF,0.07080230865385238,0.04947596052786168,0.879721730818286
25678,LOF,0.14854825798242088,0.08454114689004004,0.7669105951275391
25679,LOF,0.09925471847309361,0.11861893231059233,0.7821263492163141
25680,LOF,0.11328119949819793,0.10116857039920893,0.7855502301025931
25681,LOF,0.11206785823565994,0.10314180175835005,0.78479034000599
25682,LOF,0.04562799097333533,0.04939309642799203,0.9049789125986726
25683,LOF,0.06961389778428588,0.10252182181755276,0.8278642803981614
25684,LOF,0.06387373726456291,0.07028518203645842,0.8658410806989787
25685,LOF,0.11540528608380785,0.027386289662655973,0.8572084242535363
25686,LOF,0.029539747066933283,0.09708669987137637,0.8733735530616903
25687,LOF,0.04664597427439936,0.0962338742096051,0.8571201515159956
25688,LOF,0.026458303307360428,0.13122582959989756,0.842315867092742
25689,LOF,0.014614289746164279,0.07418104116138216,0.9112046690924535
25690,LOF,0.021201722931318997,0.15530267890512092,0.8234955981635601
25691,LOF,0.17780014807833455,0.2387139918780405,0.583485860043625
25692,LOF,0.3773590294140633,0.014330655851661961,0.6083103147342749
25693,LOF,0.03241907576353123,0.42821536652219083,0.5393655577142779
25694,LOF,0.24731805786677616,0.013093388835712936,0.7395885532975109
25695,LOF,0.18457238372208037,0.01798045173724118,0.7974471645406783
25696,LOF,0.07070079624273744,0.023002692059781525,0.9062965116974809
25697,LOF,0.07338404234066997,0.02216472844770225,0.9044512292116278
25698,LOF,0.01505880097592923,0.3645736628298305,0.6203675361942402
25699,LOF,0.06023132098044061,0.30538159864757536,0.6343870803719841
25700,LOF,0.04972930775906879,0.03050632154758981,0.9197643706933414
25701,LOF,0.009128153072490937,0.4082482800190727,0.5826235669084363
25702,LOF,0.032406001596240214,0.4261967534051414,0.5413972449986183
25703,LOF,0.015560904942112482,0.06158620403826281,0.9228528910196246
25704,LOF,0.056499998506966194,0.05595101155523225,0.8875489899378015
25705,LOF,0.13402904418513628,0.16941044347491174,0.696560512339952
25706,GOF,0.021231052287872493,0.5644323368981957,0.41433661081393186
25707,LOF,0.025656752037939583,0.38779234236515747,0.5865509055969029
25708,GOF,0.007493695307788106,0.49909494622726236,0.4934113584649495
25709,LOF,0.06114349828979951,0.06677221701559984,0.8720842846946005
25710,LOF,0.008065609162895214,0.1453337867880254,0.8466006040490794
25711,LOF,0.06490195522871052,0.08816639531062397,0.8469316494606655
25712,LOF,0.01267156958717899,0.1722268819455936,0.8151015484672275
25713,LOF,0.052586835556491886,0.10635890610347727,0.8410542583400308
25714,LOF,0.041912832264251056,0.20698929798311047,0.7510978697526385
25715,LOF,0.04630283952978753,0.1353557816418628,0.8183413788283496
25716,LOF,0.0069812848484885805,0.055665849115379806,0.9373528660361317
25717,LOF,0.007374845508499396,0.04959725226502203,0.9430279022264786
25718,LOF,0.0507145967492598,0.04337126468931492,0.9059141385614252
25719,LOF,0.05419085144146655,0.09474861717379232,0.8510605313847411
25720,LOF,0.05267771443183306,0.10835923870023478,0.8389630468679321
25721,LOF,0.052578609702591525,0.06622945769591851,0.8811919326014899
25722,LOF,0.042832105628897214,0.09706508736677973,0.8601028070043231
25723,LOF,0.07122611852575148,0.1139620677082721,0.8148118137659764
25724,LOF,0.07418297594716355,0.2979383388668445,0.627878685185992
25725,LOF,0.06700983527537302,0.10539982988348588,0.8275903348411412
25726,LOF,0.057053273509987464,0.0860445991713342,0.8569021273186782
25727,LOF,0.07792316034831225,0.06706777883156545,0.8550090608201223
25728,LOF,0.04856000832305011,0.118815747491425,0.8326242441855249
25729,LOF,0.05502476533672013,0.12844059138035235,0.8165346432829275
25730,LOF,0.0691760255493083,0.08970457843740501,0.8411193960132868
25731,LOF,0.00991754702420722,0.05918364759439404,0.9308988053813987
25732,LOF,0.032064575751516104,0.05447410918392494,0.9134613150645591
25733,LOF,0.04339513626489939,0.11118081293268864,0.8454240508024121
25734,LOF,0.0069755130399867,0.21554996439646038,0.777474522563553
25735,LOF,0.043493802961798535,0.07986709326931496,0.8766391037688867
25736,LOF,0.044074905433573695,0.09965610280067992,0.8562689917657464
25737,LOF,0.07591966920050781,0.08422296629369035,0.839857364505802
25738,LOF,0.05542619014382844,0.15974619623943584,0.7848276136167356
25739,LOF,0.04236653703082325,0.11743043135418252,0.8402030316149942
25740,LOF,0.07529631828409626,0.1120788512339015,0.8126248304820022
25741,LOF,0.06958403841887957,0.11748047254447273,0.8129354890366477
25742,LOF,0.07387877634481468,0.12166352075143366,0.8044577029037516
25743,LOF,0.01283641953515889,0.02216822948718435,0.9649953509776567
25744,LOF,0.14792601299565553,0.14925121717704154,0.7028227698273029
25745,LOF,0.029071066499292596,0.0637950333814731,0.9071339001192342
25746,LOF,0.01574096987949205,0.08797973289576924,0.8962792972247386
25747,LOF,0.05066496700907689,0.03864591980913651,0.9106891131817866
25748,LOF,0.264179840065879,0.12727423475315786,0.6085459251809631
25749,LOF,0.018841594954873364,0.08063720107280198,0.9005212039723247
25750,LOF,0.01907351229309417,0.09369928824242758,0.8872271994644783
25751,LOF,0.03731862347956692,0.15456280396686603,0.808118572553567
25752,GOF,0.08565751535693808,0.687980879339513,0.22636160530354893
25753,LOF,0.008314744836952857,0.4944122805977441,0.497272974565303
25754,GOF,0.009780480250506459,0.9225507913738265,0.06766872837566704
25755,GOF,0.008566402380269594,0.5188955769587307,0.47253802066099976
25756,GOF,0.0265313044920748,0.5524991071952314,0.42096958831269365
25757,GOF,0.009456055903413203,0.8829785598831601,0.10756538421342679
25758,GOF,0.01047609326702767,0.9086357478741995,0.08088815885877293
25759,GOF,0.006949032809593336,0.7624229444690754,0.23062802272133134
25760,LOF,0.006282675543916182,0.42458898108767307,0.5691283433684108
25761,GOF,0.05315701630689897,0.8861384001026603,0.06070458359044072
25762,GOF,0.026702576357593648,0.5302348332129386,0.44306259042946766
25763,LOF,0.006762158839300245,0.38606519131847794,0.6071726498422219
25764,GOF,0.07502837075688283,0.765703973331018,0.1592676559120991
25765,GOF,0.01139104171330327,0.9392028326555847,0.04940612563111193
25766,GOF,0.028295688174294897,0.8663589657910256,0.10534534603467959
25767,GOF,0.011305695019772006,0.6278512862139318,0.36084301876629626
25768,LOF,0.053411377437810874,0.05275570887709615,0.8938329136850929
25769,LOF,0.032964687920413634,0.14663758695205228,0.820397725127534
25770,Neutral,0.4972299795757678,0.18697720006562837,0.3157928203586038
25771,LOF,0.023129448498860217,0.09535938018284783,0.881511171318292
25772,LOF,0.04110877699003614,0.09403094692802517,0.8648602760819387
25773,LOF,0.018121929851643105,0.23302487934192032,0.7488531908064366
25774,LOF,0.02918345642742704,0.35631289756950313,0.6145036460030698
25775,LOF,0.023857373816858672,0.06507986273978543,0.911062763443356
25776,LOF,0.029598380621244695,0.07788852859751103,0.8925130907812442
25777,LOF,0.0817060710309062,0.29010318144289843,0.6281907475261953
25778,LOF,0.03413008487228154,0.11901093251766486,0.8468589826100537
25779,GOF,0.05898084073213965,0.747381055957796,0.1936381033100642
25780,GOF,0.06649323773546816,0.7339392092574434,0.19956755300708856
25781,GOF,0.028585502199465068,0.63136227401178,0.34005222378875494
25782,GOF,0.03081152826511093,0.7627130015063771,0.2064754702285121
25783,GOF,0.06637183415961244,0.7712634074184505,0.16236475842193707
25784,GOF,0.13607647259392983,0.7518323187929508,0.11209120861311934
25785,GOF,0.17692761688882913,0.6811060151738088,0.14196636793736214
25786,GOF,0.013607553442899586,0.5066006756587462,0.4797917708983541
25787,GOF,0.34286809590524153,0.521528456160503,0.13560344793425547
25788,LOF,0.024775831569884117,0.0572292230703022,0.9179949453598137
25789,GOF,0.019325272058897447,0.7232820382888658,0.2573926896522366
25790,GOF,0.03382094203387718,0.6133635866040243,0.3528154713620985
25791,GOF,0.02626403612861997,0.6103079148483284,0.36342804902305176
25792,GOF,0.030096382201862403,0.6685201826486683,0.3013834351494694
25793,GOF,0.0686490295743609,0.6284560381581669,0.3028949322674722
25794,LOF,0.06015464722061053,0.4602413717796323,0.47960398099975715
25795,GOF,0.06985681900562747,0.49327260883075025,0.4368705721636223
25796,GOF,0.17943798782120754,0.45504297983709746,0.365519032341695
25797,LOF,0.054069265010523775,0.4582917894640328,0.4876389455254434
25798,GOF,0.008198695401252086,0.7596966750295528,0.23210462956919517
25799,GOF,0.005447991641302263,0.6556934559248976,0.33885855243380014
25800,GOF,0.02500781492323361,0.7994192469679382,0.17557293810882812
25801,GOF,0.0262034446267846,0.7242429449992217,0.24955361037399382
25802,GOF,0.02730052936174035,0.6906917329705203,0.28200773766773923
25803,GOF,0.026453267228670186,0.5823142096849916,0.39123252308633827
25804,GOF,0.048043770484653664,0.5505262416815837,0.4014299878337626
25805,GOF,0.031723043701213934,0.6629231672110897,0.30535378908769634
25806,GOF,0.044229379772451935,0.6589637442874149,0.2968068759401332
25807,GOF,0.018846446070606086,0.6022041077233936,0.37894944620600024
25808,GOF,0.03147815714081418,0.7032257565895599,0.26529608626962586
25809,GOF,0.017186462145534168,0.6301165177975417,0.352697020056924
25810,GOF,0.014908101053397037,0.6616430016611005,0.32344889728550247
25811,GOF,0.08955693613982446,0.7423184984288903,0.16812456543128518
25812,GOF,0.042498961005360956,0.5748123618148865,0.3826886771797525
25813,GOF,0.24690037366009038,0.5635872933465822,0.18951233299332745
25814,GOF,0.04084478166526284,0.5984446682504817,0.3607105500842554
25815,GOF,0.06499208732994176,0.7033192168405226,0.2316886958295357
25816,GOF,0.009799736950701436,0.6666924112100469,0.3235078518392517
25817,GOF,0.14091913880461007,0.5322165155092453,0.3268643456861447
25818,GOF,0.03057100437830634,0.7216189008940566,0.24781009472763707
25819,GOF,0.060093015847866735,0.5944644208340066,0.34544256331812667
25820,GOF,0.06551617947759414,0.5445685682771342,0.3899152522452717
25821,GOF,0.04416739986993492,0.5798441216896774,0.3759884784403877
25822,GOF,0.09022571289970072,0.567256966851651,0.34251732024864834
25823,GOF,0.04776672771964112,0.5331840997370281,0.41904917254333085
25824,GOF,0.03292166227890058,0.7163075361587063,0.250770801562393
25825,GOF,0.02194103301422974,0.7349965310212245,0.24306243596454566
25826,GOF,0.011027791337293744,0.6331594134088046,0.35581279525390175
25827,GOF,0.02117147370439419,0.6726293493694581,0.3061991769261477
25828,GOF,0.01249854521682818,0.6762795942020126,0.3112218605811592
25829,LOF,0.004931212966051522,0.4689792717770219,0.5260895152569266
25830,LOF,0.07898824717101284,0.2133665179085094,0.7076452349204777
25831,GOF,0.09100997308043088,0.7181815336317527,0.19080849328781627
25832,GOF,0.010699674307180699,0.6726227690290466,0.3166775566637728
25833,GOF,0.03268210135527137,0.7566396629683969,0.21067823567633162
25834,GOF,0.010880800597967318,0.6852674789588158,0.30385172044321684
25835,GOF,0.030492316734698422,0.8099418675696791,0.15956581569562242
25836,GOF,0.008380835120472328,0.7343230688898094,0.2572960959897182
25837,GOF,0.013058786783987636,0.7196142026904926,0.2673270105255199
25838,GOF,0.023943938530322537,0.7977338674226674,0.17832219404700997
25839,GOF,0.07820707188481467,0.6872308642968875,0.2345620638182978
25840,GOF,0.1012131311538092,0.6939350611009558,0.20485180774523493
25841,GOF,0.0833674877202399,0.7545086966586134,0.1621238156211466
25842,GOF,0.02980778616688198,0.8181934649411525,0.15199874889196546
25843,GOF,0.028939978552863944,0.8113796780442214,0.1596803434029146
25844,GOF,0.023157295644760222,0.7430574353117998,0.2337852690434399
25845,GOF,0.009406394969876868,0.6033293796411271,0.38726422538899596
25846,GOF,0.08455519278787267,0.7896753807477561,0.12576942646437117
25847,GOF,0.021361700671462248,0.7945787500506606,0.18405954927787718
25848,GOF,0.021487481535714805,0.7517454022891068,0.2267671161751783
25849,GOF,0.007907879349838666,0.732235247236327,0.25985687341383423
25850,GOF,0.008773242726041554,0.5791740935694017,0.4120526637045568
25851,GOF,0.007861348253381396,0.5045882378635603,0.4875504138830582
25852,GOF,0.19307315666582248,0.4241989696784287,0.3827278736557489
25853,GOF,0.061743070488951814,0.5835363654974978,0.3547205640135503
25854,GOF,0.008401583204670712,0.6388226126465821,0.3527758041487472
25855,GOF,0.02455321864552145,0.519659904702662,0.4557868766518165
25856,GOF,0.05031844020797875,0.6790537471936647,0.2706278125983565
25857,LOF,0.024895907887286278,0.4800756197545629,0.4950284723581509
25858,GOF,0.009679187369115069,0.50870995017353,0.4816108624573548
25859,LOF,0.007196270635696483,0.48816484274905225,0.5046388866152511
25860,GOF,0.0778277677075171,0.5234707903568483,0.3987014419356345
25861,GOF,0.12096875089214948,0.7043952518904151,0.17463599721743536
25862,GOF,0.021855170988973875,0.866818172282706,0.11132665672832019
25863,GOF,0.020255733937076408,0.8041471284822398,0.17559713758068382
25864,GOF,0.031578518082722995,0.8603358596553345,0.10808562226194246
25865,GOF,0.035392929267279764,0.8406193765747001,0.12398769415802031
25866,GOF,0.019470723743316383,0.8221676536739085,0.15836162258277514
25867,GOF,0.03547330211706792,0.8353462331502791,0.12918046473265293
25868,GOF,0.06712760762882866,0.6819166974227678,0.2509556949484035
25869,GOF,0.3037951337518018,0.5012806896077742,0.1949241766404241
25870,LOF,0.08512897394490558,0.37305522247649037,0.541815803578604
25871,GOF,0.01159664272082698,0.5795391503266404,0.4088642069525326
25872,GOF,0.027049839149886446,0.61482753384666,0.35812262700345365
25873,GOF,0.02093802488464688,0.6881056489943705,0.2909563261209827
25874,LOF,0.035046631162704574,0.051742852120780496,0.9132105167165149
25875,LOF,0.019193316874254244,0.2465059911796195,0.7343006919461262
25876,LOF,0.01870639720799457,0.15056786484278178,0.8307257379492236
25877,LOF,0.08559086168665712,0.30609846841004124,0.6083106699033015
25878,LOF,0.04811903728718563,0.47143688193737493,0.48044408077543954
25879,LOF,0.010434363137215059,0.24001525814744912,0.7495503787153359
25880,LOF,0.0461072586774307,0.03283233578735653,0.9210604055352127
25881,Neutral,0.45539710251905086,0.3179369154016558,0.22666598207929337
25882,LOF,0.03665794333550001,0.16091541828787576,0.8024266383766242
25883,LOF,0.027059577470279053,0.17262437996200097,0.8003160425677199
25884,LOF,0.013427667153419118,0.1725328388746419,0.814039493971939
25885,LOF,0.13888385341472348,0.0380474699326862,0.8230686766525903
25886,LOF,0.12254750962146126,0.2277032497065794,0.6497492406719593
25887,GOF,0.04291438455925098,0.5004476452267715,0.45663797021397745
25888,LOF,0.005421390831306179,0.43291074691812736,0.5616678622505664
25889,LOF,0.02396266701764459,0.11362293075832995,0.8624144022240254
25890,LOF,0.15358929109700376,0.24725906083894356,0.5991516480640526
25891,LOF,0.10330509002571245,0.07069419655790089,0.8260007134163866
25892,LOF,0.00702406920110396,0.044415446914863856,0.9485604838840321
25893,LOF,0.24409911750955593,0.017816653603696064,0.7380842288867481
25894,LOF,0.3170402892915208,0.011995405440008721,0.6709643052684705
25895,LOF,0.2710550450540117,0.01723742200311917,0.7117075329428691
25896,LOF,0.08903248364154934,0.03478067805395586,0.8761868383044947
25897,LOF,0.10383026517940806,0.024735268841231124,0.8714344659793609
25898,LOF,0.0886867083246308,0.06223140781948891,0.8490818838558802
25899,LOF,0.36259105294074995,0.0618801818594215,0.5755287651998285
25900,Neutral,0.9373210072293983,0.007173863470898888,0.05550512929970283
25901,LOF,0.0713710167798866,0.019012671811764775,0.9096163114083486
25902,LOF,0.07512402233706304,0.009932492190190505,0.9149434854727465
25903,LOF,0.14607582190259238,0.045817620794597606,0.80810655730281
25904,Neutral,0.4861461533598758,0.0809259203505191,0.4329279262896051
25905,LOF,0.01165960284255473,0.24602217250995814,0.7423182246474872
25906,LOF,0.0100746296446724,0.0283912242805451,0.9615341460747824
25907,LOF,0.009293619481880113,0.157222647714083,0.8334837328040369
25908,LOF,0.009838483419529113,0.16291149374087538,0.8272500228395956
25909,LOF,0.04906221216292656,0.09013244902545482,0.8608053388116186
25910,LOF,0.01498055193216306,0.10447990709576153,0.8805395409720754
25911,LOF,0.1203493395196703,0.06443991330478577,0.815210747175544
25912,LOF,0.1313734192856733,0.016331551976979435,0.8522950287373473
25913,LOF,0.014210539354308006,0.0785701466022804,0.9072193140434116
25914,LOF,0.04165338945224695,0.07321738361189699,0.885129226935856
25915,GOF,0.1780693877823109,0.4279093437489944,0.3940212684686946
25916,LOF,0.017393178231068715,0.2123175962284552,0.7702892255404761
25917,LOF,0.14575093070935452,0.049584193564682855,0.8046648757259627
25918,LOF,0.042958136445624545,0.047132394181485945,0.9099094693728895
25919,LOF,0.04357737170569342,0.0393023794161777,0.9171202488781288
25920,Neutral,0.36115043823893617,0.2910392792675863,0.34781028249347745
25921,LOF,0.02407031069372603,0.033216158618916455,0.9427135306873575
25922,LOF,0.019309150294453674,0.03262493582698767,0.9480659138785587
25923,LOF,0.39699673208603387,0.03907999550820687,0.5639232724057592
25924,LOF,0.026889069873568358,0.04846364292076853,0.9246472872056631
25925,LOF,0.23278193981483572,0.02931269146169682,0.7379053687234673
25926,LOF,0.13353429417435644,0.061111653796141564,0.805354052029502
25927,LOF,0.023264028868640905,0.10955312931764553,0.8671828418137135
25928,LOF,0.015926167354345423,0.02802379155290937,0.9560500410927452
25929,Neutral,0.5717222839049495,0.03862879936888672,0.38964891672616386
25930,LOF,0.06239555799740436,0.04225113967818291,0.8953533023244127
25931,LOF,0.016283132424159585,0.038529552317823214,0.9451873152580172
25932,LOF,0.09686887939377115,0.028752256206748178,0.8743788643994806
25933,LOF,0.08377847771252403,0.015667388925998126,0.9005541333614779
25934,LOF,0.07923181829787437,0.019271193682062884,0.9014969880200627
25935,LOF,0.23182802242677222,0.03275071652356687,0.7354212610496609
25936,LOF,0.08668185091904462,0.018356960746916253,0.8949611883340391
25937,LOF,0.017942363978823785,0.04245081291235228,0.939606823108824
25938,LOF,0.23133894707388783,0.028140868988431107,0.740520183937681
25939,LOF,0.06404159396037709,0.018822626226965948,0.917135779812657
25940,GOF,0.00745314350087108,0.5518800761690904,0.44066678033003853
25941,Neutral,0.494230907865231,0.12105178122849247,0.38471731090627653
25942,LOF,0.009914755474834393,0.1753933216164902,0.8146919229086754
25943,GOF,0.02464282382955198,0.5933222236136257,0.38203495255682246
25944,LOF,0.0178691129327298,0.4522629177878879,0.5298679692793823
25945,LOF,0.08961117179494171,0.10598490044611955,0.8044039277589389
25946,LOF,0.09037586225512874,0.10823956416824151,0.8013845735766297
25947,Neutral,0.4763403814797163,0.08129371284288324,0.44236590567740053
25948,Neutral,0.5154111209366861,0.007844397647755692,0.4767444814155582
25949,LOF,0.13009755268286352,0.02196395306405146,0.8479384942530851
25950,GOF,0.0471428075182514,0.7992492005398996,0.15360799194184913
25951,GOF,0.01396159686078038,0.7332888733711983,0.25274952976802134
25952,GOF,0.07901941628638018,0.462938422375158,0.4580421613384619
25953,GOF,0.0053490832843114955,0.5260824575602701,0.4685684591554185
25954,GOF,0.0217477962157255,0.6812011032548374,0.29705110052943723
25955,GOF,0.0043719433511566685,0.5505054245441362,0.4451226321047072
25956,GOF,0.008734821333251472,0.546729211725003,0.44453596694174563
25957,LOF,0.2510020365102809,0.05998026608178001,0.6890176974079392
25958,LOF,0.025806788430278997,0.17898432600107608,0.7952088855686448
25959,GOF,0.006358528776302034,0.6907221959813413,0.30291927524235673
25960,LOF,0.004944556064439153,0.19974174792494404,0.7953136960106169
25961,LOF,0.025478101661513104,0.14196053041923484,0.8325613679192522
25962,LOF,0.04417021539206087,0.08774094829587081,0.8680888363120683
25963,LOF,0.010338927185285104,0.2359981296832482,0.7536629431314666
25964,LOF,0.05002987772520293,0.13723201621910852,0.8127381060556885
25965,LOF,0.16435709562757725,0.20273641387437238,0.6329064904980504
25966,LOF,0.27651972841325656,0.2614109978079095,0.46206927377883406
25967,LOF,0.008056223885463372,0.08543156389066396,0.9065122122238727
25968,LOF,0.08322180890937415,0.2840230132093708,0.632755177881255
25969,LOF,0.15658634899545076,0.06220202886891529,0.781211622135634
25970,LOF,0.023587008403840412,0.24735789617139467,0.729055095424765
25971,LOF,0.07050236653787004,0.135919257264364,0.7935783761977661
25972,LOF,0.06995662832002202,0.17029014350502086,0.7597532281749572
25973,LOF,0.09674032364109855,0.0057171930627661766,0.8975424832961353
25974,LOF,0.147235762907475,0.04647504759647657,0.8062891894960483
25975,LOF,0.0425336917540065,0.0076076607232450815,0.9498586475227484
25976,LOF,0.09734197989708138,0.006082674150294896,0.8965753459526237
25977,LOF,0.17843221492927558,0.09892504101992522,0.7226427440507992
25978,LOF,0.13721187014808,0.14256318839585053,0.7202249414560695
25979,LOF,0.10916433904287666,0.1426938798752192,0.7481417810819041
25980,LOF,0.15568040755392404,0.33535053282514987,0.5089690596209261
25981,LOF,0.1580889407377119,0.3583335475102758,0.4835775117520123
25982,LOF,0.258297643118901,0.1637925342118072,0.5779098226692918
25983,Neutral,0.4891985997216679,0.14897089728613777,0.3618305029921944
25984,LOF,0.037515679819485025,0.12475240441661684,0.837731915763898
25985,Neutral,0.5050622190208615,0.24148490567408964,0.2534528753050489
25986,GOF,0.009144276559496066,0.5637022836182218,0.42715343982228215
25987,LOF,0.01782442904872315,0.12387461102458568,0.8583009599266911
25988,LOF,0.03313526753178226,0.1787320919537883,0.7881326405144295
25989,LOF,0.04020551085054307,0.1860324619545383,0.7737620271949186
25990,LOF,0.03840279677298658,0.30655290112944933,0.6550443020975641
25991,GOF,0.029746568910413315,0.7008068565886071,0.2694465745009795
25992,LOF,0.011553604992352414,0.48455924692385577,0.5038871480837918
25993,LOF,0.03219953731168868,0.06487416822577692,0.9029262944625344
25994,LOF,0.03612456400434453,0.0904410267394506,0.8734344092562049
25995,LOF,0.02216103429318389,0.14201101604882183,0.8358279496579942
25996,GOF,0.27304864533204665,0.5010729989775151,0.2258783556904383
25997,GOF,0.05620700603254817,0.6110046694160848,0.3327883245513671
25998,LOF,0.26976729966557744,0.04172803901615906,0.6885046613182634
25999,LOF,0.03381636191095464,0.4329640116957449,0.5332196263933004
26000,LOF,0.11524802469554819,0.02197702353351581,0.8627749517709359
26001,LOF,0.12595940045629359,0.04309408867004938,0.830946510873657
26002,LOF,0.08195596293372728,0.02370800335934247,0.8943360337069303
26003,LOF,0.00792088845692994,0.42282144616065,0.5692576653824202
26004,LOF,0.016237351997474468,0.39474505639196367,0.5890175916105618
26005,LOF,0.0063646518370703105,0.4404227847800636,0.5532125633828662
26006,LOF,0.14316483480874226,0.39658746636037767,0.46024769883088007
26007,LOF,0.011136469078043275,0.4352943530917572,0.5535691778301995
26008,LOF,0.007812737237177523,0.3381265617306617,0.6540607010321609
26009,LOF,0.014419889774009875,0.4670694802256363,0.5185106300003539
26010,LOF,0.008961722352344078,0.4357402687559228,0.5552980088917331
26011,LOF,0.007235267230700936,0.3375750882921422,0.6551896444771569
26012,LOF,0.007438063555288476,0.3946732158058138,0.5978887206388978
26013,LOF,0.01342930100962455,0.4155579261457594,0.571012772844616
26014,LOF,0.06978890097733421,0.05381381901244421,0.8763972800102217
26015,LOF,0.4086876152187924,0.03958917428665254,0.5517232104945551
26016,LOF,0.259849325161988,0.13669848937662046,0.6034521854613916
26017,LOF,0.017221482129258718,0.39418045146024405,0.5885980664104972
26018,LOF,0.02355838981029269,0.12509821695215742,0.8513433932375499
26019,LOF,0.023162296889783135,0.09928713920144415,0.8775505639087727
26020,LOF,0.007358492530951793,0.3262212822581284,0.6664202252109198
26021,LOF,0.09697454897925399,0.23276270021188528,0.6702627508088608
26022,LOF,0.05549048180250834,0.051325288839898724,0.893184229357593
26023,LOF,0.03404222470798018,0.09518702576060746,0.8707707495314123
26024,LOF,0.05284254690090731,0.15087667229754548,0.7962807808015472
26025,LOF,0.11469384310625094,0.19160367860459235,0.6937024782891568
26026,LOF,0.11935637677487639,0.1577626862177858,0.7228809370073378
26027,LOF,0.03583862161287409,0.05044712515199172,0.9137142532351342
26028,LOF,0.055615983140218234,0.22256474163316145,0.7218192752266203
26029,LOF,0.03972569047061681,0.08776364976630734,0.8725106597630758
26030,LOF,0.17531989429234135,0.013370066668390915,0.8113100390392678
26031,LOF,0.021979718147041562,0.09300666383049633,0.8850136180224623
26032,LOF,0.030290544270137193,0.027017035002358716,0.942692420727504
26033,LOF,0.046797743141147596,0.05600360476202171,0.8971986520968306
26034,LOF,0.026785770527609692,0.06544931281640876,0.9077649166559816
26035,LOF,0.016081728301439304,0.07769176492793484,0.9062265067706258
26036,LOF,0.01537290828404673,0.06712915376546195,0.9174979379504914
26037,LOF,0.013816393450362141,0.06022144452362007,0.9259621620260177
26038,LOF,0.023618172210918834,0.0296592102754799,0.9467226175136012
26039,LOF,0.034636655624975594,0.08168951181345624,0.8836738325615682
26040,LOF,0.06413229792343113,0.1532233939540436,0.7826443081225253
26041,LOF,0.01699186329450804,0.07804209915314354,0.9049660375523484
26042,LOF,0.015571345355648695,0.07975264600707813,0.9046760086372733
26043,LOF,0.023459376333968152,0.06930581064548882,0.907234813020543
26044,LOF,0.009133994922896132,0.06933560663606178,0.921530398441042
26045,LOF,0.09492631740209857,0.15567105009174942,0.749402632506152
26046,LOF,0.02236820287861649,0.0781636942634907,0.8994681028578929
26047,LOF,0.060329442194446206,0.05317014008035369,0.8865004177252
26048,LOF,0.07224491606087347,0.0465481193945022,0.8812069645446243
26049,Neutral,0.904421941186217,0.00765417999191192,0.08792387882187097
26050,Neutral,0.8293733325598268,0.009475500691437391,0.16115116674873592
26051,GOF,0.0269636520770586,0.5680941831937559,0.4049421647291854
26052,LOF,0.027004265132060383,0.47838837139413615,0.49460736347380346
26053,LOF,0.03781893874385199,0.03766117033624141,0.9245198909199065
26054,LOF,0.12227726864490912,0.08294495452428656,0.7947777768308044
26055,LOF,0.12686882149221226,0.09705196923251208,0.7760792092752756
26056,LOF,0.11472811346992783,0.10805320413221613,0.777218682397856
26057,LOF,0.04901637855254588,0.027370262718132102,0.9236133587293219
26058,LOF,0.05849500182736047,0.021465406865523444,0.9200395913071161
26059,Neutral,0.7008505401835444,0.077100817508193,0.2220486423082625
26060,LOF,0.016780495322016996,0.3269540705802822,0.6562654340977008
26061,LOF,0.01151205430552149,0.020240912315797492,0.968247033378681
26062,LOF,0.006232733391055794,0.04751476844178355,0.9462524981671606
26063,LOF,0.0492627019827971,0.0239415006318663,0.9267957973853365
26064,LOF,0.010449787728349948,0.025135207841215285,0.9644150044304348
26065,LOF,0.044908207233884695,0.03775627852503507,0.9173355142410803
26066,LOF,0.04647580079821398,0.023111150331035946,0.9304130488707502
26067,LOF,0.057477599381998326,0.026592599300484222,0.9159298013175174
26068,LOF,0.11502316881640856,0.042940165307745276,0.8420366658758461
26069,LOF,0.10159505335992682,0.044744239212767226,0.8536607074273059
26070,LOF,0.2811027161279324,0.028543387457842465,0.6903538964142251
26071,LOF,0.0493489786843701,0.03241883968756747,0.9182321816280624
26072,LOF,0.008559913439474407,0.026807349966148496,0.9646327365943771
26073,LOF,0.046725233643734904,0.020481683845636037,0.9327930825106291
26074,Neutral,0.8586765562696033,0.016909326508554676,0.12441411722184206
26075,LOF,0.05986665023071786,0.046219827614735955,0.8939135221545462
26076,LOF,0.055027563365612826,0.04579876252808324,0.899173674106304
26077,LOF,0.1544610973714278,0.0413893531718052,0.804149549456767
26078,LOF,0.007272080535453208,0.033610286737296644,0.9591176327272501
26079,LOF,0.13672861715137855,0.03377818485761142,0.8294931979910101
26080,LOF,0.13672861715137855,0.03377818485761142,0.8294931979910101
26081,LOF,0.05338881067898556,0.025235676665009518,0.921375512656005
26082,LOF,0.007235430079127617,0.038095522002341245,0.9546690479185312
26083,LOF,0.05008333764004842,0.05620942472996883,0.8937072376299828
26084,LOF,0.052170687531401354,0.04130281991292945,0.9065264925556692
26085,LOF,0.046031387494529986,0.03774628342930797,0.9162223290761621
26086,LOF,0.037474655581134275,0.04134781251574509,0.9211775319031206
26087,LOF,0.04798310755413812,0.03628264324123242,0.9157342492046294
26088,LOF,0.008919450842422077,0.09904878803385704,0.8920317611237208
26089,LOF,0.04591204769858506,0.11069107217753169,0.8433968801238833
26090,LOF,0.048380128896533155,0.08457888803576002,0.8670409830677067
26091,LOF,0.04918560461890088,0.033265599576458714,0.9175487958046404
26092,LOF,0.055591721184536716,0.022209915866981896,0.9221983629484815
26093,LOF,0.07456312876666625,0.016961126215388745,0.908475745017945
26094,LOF,0.04359531658238734,0.027966664447039054,0.9284380189705735
26095,LOF,0.011326485777106491,0.03747875376533928,0.9511947604575542
26096,LOF,0.29188437278268103,0.007257398536925421,0.7008582286803935
26097,LOF,0.008282242790031138,0.04538129922034001,0.9463364579896287
26098,LOF,0.1317853818230481,0.030544773833562737,0.8376698443433892
26099,LOF,0.041550448510553596,0.04824898687717148,0.9102005646122748
26100,LOF,0.041550448510553596,0.04824898687717148,0.9102005646122748
26101,LOF,0.03625062736585073,0.057524553183735457,0.9062248194504138
26102,LOF,0.04527795786004275,0.029462523984028557,0.9252595181559287
26103,Neutral,0.844884425829502,0.045996813735215955,0.10911876043528207
26104,LOF,0.13113174720562912,0.10424330581372296,0.764624946980648
26105,LOF,0.2491958044127864,0.14431219043519028,0.6064920051520234
26106,LOF,0.2924330573655605,0.2421311228341732,0.46543581980026627
26107,LOF,0.008234191876527235,0.24469595718466355,0.7470698509388092
26108,LOF,0.1283777607080263,0.2379892779917309,0.6336329613002428
26109,LOF,0.045916861215299705,0.03927933359884329,0.9148038051858569
26110,Neutral,0.5086012044221293,0.040640083215933986,0.4507587123619366
26111,LOF,0.053307715014733276,0.3137537224079269,0.6329385625773398
26112,LOF,0.06182182354377955,0.04425179762915147,0.8939263788270689
26113,LOF,0.054257088780218954,0.08388104578881575,0.8618618654309653
26114,LOF,0.09122773369599593,0.026469150757945096,0.8823031155460589
26115,LOF,0.015831755872106088,0.14769610018885462,0.8364721439390392
26116,LOF,0.06175182139684567,0.042480607649675005,0.8957675709534793
26117,LOF,0.2174585480554871,0.08929643931631819,0.6932450126281947
26118,LOF,0.04075538453787925,0.03752609784518716,0.9217185176169336
26119,LOF,0.004852358095798455,0.1624809572660427,0.8326666846381588
26120,LOF,0.03980750451382118,0.031510731464441374,0.9286817640217373
26121,LOF,0.003776278427296458,0.20119240479153322,0.7950313167811703
26122,LOF,0.0040261856016173565,0.19961269531545936,0.7963611190829234
