feature0,prediction,LoGoFunc_Neutral,LoGoFunc_GOF,LoGoFunc_LOF
25546,Neutral,0.659566977816005,0.06964653411505911,0.27078648806893574
25547,Neutral,0.4961506008822056,0.12652385863227078,0.37732554048552375
25548,Neutral,0.507565897713395,0.09337483023439043,0.3990592720522146
25549,LOF,0.45388656433238656,0.08919298420422417,0.4569204514633892
25550,LOF,0.34365946386941565,0.16091178517643542,0.495428750954149
25551,LOF,0.26208033739668035,0.18253409245137367,0.5553855701519459
25552,LOF,0.1985686750718463,0.17178523102984955,0.6296460938983041
25553,Neutral,0.790474014886695,0.05400578267610663,0.15552020243719836
25554,LOF,0.22553095555345826,0.16438931440708981,0.6100797300394519
25555,LOF,0.18947156063089798,0.14298188574376472,0.6675465536253373
25556,LOF,0.39026276854460584,0.15052964681729256,0.4592075846381017
25557,LOF,0.17463100756183714,0.14970696982111664,0.6756620226170463
25558,LOF,0.21151943178134847,0.16297551083995748,0.625505057378694
25559,LOF,0.19318056535607664,0.16037842066770086,0.6464410139762224
25560,LOF,0.07272014154410028,0.13012426313259315,0.7971555953233066
25561,LOF,0.15299945299595738,0.1207865653297308,0.726213981674312
25562,LOF,0.07230504396094792,0.09633025931251707,0.8313646967265351
25563,LOF,0.10893166043046346,0.07734652853263317,0.8137218110369033
25564,LOF,0.22037344047916205,0.14917073100222145,0.6304558285186165
25565,LOF,0.14284018962175657,0.13104861917380325,0.7261111912044402
25566,GOF,0.019571135402907343,0.7812781740547534,0.1991506905423392
25567,LOF,0.018920705491778197,0.19399566786707073,0.7870836266411512
25568,LOF,0.05101615788386243,0.08500636989937863,0.863977472216759
25569,LOF,0.05242134524055252,0.08662716639842712,0.8609514883610203
25570,LOF,0.03141029153513884,0.1231740267916486,0.8454156816732126
25571,LOF,0.030504654273873732,0.11649371723810595,0.8530016284880203
25572,LOF,0.031218334869548406,0.14982158462870077,0.8189600805017508
25573,LOF,0.02504243354388081,0.11497202293902321,0.859985543517096
25574,LOF,0.01769926527717023,0.18096397732757263,0.801336757395257
25575,LOF,0.024215832297765243,0.12997026006100618,0.8458139076412287
25576,LOF,0.01149408888927346,0.17477510262036017,0.8137308084903664
25577,LOF,0.00964321550247299,0.14395257683202972,0.8464042076654974
25578,LOF,0.26528509795647975,0.11028055610794531,0.624434345935575
25579,LOF,0.15631142427526518,0.12001869094764864,0.723669884777086
25580,LOF,0.01798768190493683,0.09525873298489596,0.8867535851101672
25581,LOF,0.041463197452620844,0.0873226170512764,0.8712141854961029
25582,LOF,0.04126577765534535,0.08653451185346758,0.8721997104911872
25583,LOF,0.019950260401141815,0.10317012808065941,0.8768796115181988
25584,Neutral,0.5207637163506048,0.12184024171675041,0.3573960419326448
25585,LOF,0.013275144420012437,0.16808058765211886,0.8186442679278686
25586,LOF,0.016291580867833146,0.08778927368824338,0.8959191454439234
25587,LOF,0.016285234856457075,0.07946425368353993,0.904250511460003
25588,LOF,0.016493563933050542,0.09932519374471244,0.884181242322237
25589,Neutral,0.6022644131720737,0.1407543636947585,0.2569812231331678
25590,LOF,0.017935566807151082,0.13410310550394958,0.8479613276888993
25591,LOF,0.07549454537854056,0.07135493706493054,0.8531505175565289
25592,LOF,0.04124245212924445,0.15690670533576379,0.8018508425349917
25593,LOF,0.02118328939354139,0.27719618532655116,0.7016205252799075
25594,LOF,0.03762383300026476,0.09811637671922742,0.8642597902805078
25595,LOF,0.043568362150467284,0.07328292836986702,0.8831487094796656
25596,LOF,0.05553866869972407,0.06699919581075293,0.877462135489523
25597,LOF,0.03542359419601205,0.07671598653681039,0.8878604192671775
25598,LOF,0.03491893427322584,0.09413020871166834,0.8709508570151059
25599,GOF,0.00804052229447446,0.569316328665926,0.4226431490395997
25600,GOF,0.025682842415000424,0.6089998161111205,0.36531734147387906
25601,LOF,0.013784752493081658,0.4473418346841892,0.5388734128227292
25602,LOF,0.014749493365800347,0.056428747270991626,0.9288217593632081
25603,LOF,0.059723307252672775,0.02100427219300346,0.9192724205543237
25604,LOF,0.015194114064458948,0.08270072727167832,0.9021051586638626
25605,LOF,0.00859993394204205,0.2162009313826288,0.7751991346753292
25606,LOF,0.11156179045146467,0.36770249350879464,0.5207357160397407
25607,LOF,0.005363835965975228,0.22807554623200632,0.7665606178020185
25608,LOF,0.012093004133302996,0.0946823064822907,0.8932246893844064
25609,LOF,0.07250855668939954,0.38466897760782864,0.5428224657027718
25610,LOF,0.01913757793227921,0.029027916538879928,0.9518345055288409
25611,LOF,0.02040333423408249,0.02880033148528845,0.9507963342806289
25612,LOF,0.06984172629381112,0.03901022683122462,0.8911480468749642
25613,LOF,0.05691052457741939,0.040722643497271796,0.9023668319253089
25614,LOF,0.025635123433176223,0.03263511126876339,0.9417297652980604
25615,LOF,0.019781220967022117,0.042628898184903154,0.9375898808480748
25616,LOF,0.06058741891482321,0.029675226761088982,0.9097373543240878
25617,LOF,0.05937444219068879,0.03393473410297591,0.9066908237063354
25618,LOF,0.07289313254008863,0.03701384794050809,0.8900930195194032
25619,LOF,0.01826509211546726,0.03547038228466182,0.9462645255998708
25620,LOF,0.07528254475607084,0.03895768334297692,0.8857597719009522
25621,LOF,0.018793618834191075,0.03665857873082372,0.9445478024349853
25622,LOF,0.022210346005344064,0.04059991008697217,0.9371897439076838
25623,LOF,0.04094457582637931,0.030333159576894277,0.9287222645967264
25624,LOF,0.022003111077862788,0.042329112046419946,0.9356677768757171
25625,LOF,0.026719218051407586,0.053660229966293965,0.9196205519822984
25626,LOF,0.05614864571696815,0.037665256605944365,0.9061860976770876
25627,Neutral,0.5762934445994776,0.115275273418641,0.3084312819818814
25628,LOF,0.21285800058881357,0.04974255215383045,0.737399447257356
25629,LOF,0.045927894460451535,0.05364471295902003,0.9004273925805285
25630,LOF,0.15580627096478217,0.08444113472823322,0.7597525943069846
25631,Neutral,0.6161820898707855,0.05854109579501905,0.3252768143341954
25632,LOF,0.008547177221686249,0.07614194229252955,0.9153108804857841
25633,LOF,0.27379503194844834,0.049248162157474025,0.6769568058940777
25634,LOF,0.032570169948737154,0.10754060567794119,0.8598892243733217
25635,LOF,0.03299336037452435,0.05754949498726298,0.9094571446382127
25636,GOF,0.005016648892334864,0.5792399119098169,0.41574343919784823
25637,GOF,0.006541431816139572,0.6045062348028075,0.38895233338105284
25638,LOF,0.0097362522200442,0.2942283115972943,0.6960354361826615
25639,LOF,0.005117796737167179,0.46694458163378094,0.5279376216290519
25640,Neutral,0.4749261963792188,0.43779650956130084,0.08727729405948036
25641,LOF,0.013187184121262891,0.2940130302654084,0.6927997856133287
25642,LOF,0.24827907147359007,0.0743669161448965,0.6773540123815134
25643,LOF,0.11671175333428825,0.19122161467356105,0.6920666319921506
25644,LOF,0.010665665201610195,0.48253963435518205,0.5067947004432077
25645,LOF,0.008095086722539476,0.4258542299021916,0.5660506833752689
25646,LOF,0.013543921297980212,0.3195461260160059,0.6669099526860139
25647,LOF,0.011156674061520145,0.2526278681670351,0.7362154577714448
25648,LOF,0.010154107010576927,0.2439483681366248,0.7458975248527983
25649,LOF,0.008394394372589205,0.19305747579105628,0.7985481298363545
25650,LOF,0.01634450125955942,0.4006734678688416,0.5829820308715989
25651,LOF,0.006293901608082571,0.2785573781285299,0.7151487202633876
25652,LOF,0.010914331136559291,0.22697397428756136,0.7621116945758794
25653,LOF,0.03247779780771477,0.36875171362259246,0.5987704885696927
25654,LOF,0.011456612462538839,0.1505681939490785,0.8379751935883827
25655,LOF,0.05543740454036134,0.3934469032736148,0.5511156921860239
25656,LOF,0.17264519319203478,0.039265392466175414,0.7880894143417898
25657,LOF,0.2695511230938706,0.024225418071297706,0.7062234588348317
25658,LOF,0.06830939033275556,0.06563594598041957,0.8660546636868249
25659,LOF,0.3729379543071004,0.05308639621054996,0.5739756494823497
25660,LOF,0.03467968414186373,0.09798003674883106,0.8673402791093051
25661,LOF,0.10129568264941279,0.06439430177646828,0.834310015574119
25662,LOF,0.02534595689048027,0.04479837429052598,0.9298556688189938
25663,LOF,0.03309628572831996,0.06272077769506565,0.9041829365766145
25664,LOF,0.034290871395667145,0.07753706822845922,0.8881720603758737
25665,LOF,0.05063456334942382,0.03650270852365035,0.9128627281269258
25666,LOF,0.03806203955968461,0.10489125195655162,0.8570467084837639
25667,LOF,0.07482968537853764,0.051331001973213865,0.8738393126482484
25668,LOF,0.027561855789213406,0.05339551717447059,0.919042627036316
25669,LOF,0.029721554339410743,0.08142091047999353,0.8888575351805957
25670,LOF,0.06150708341336996,0.057028671961027115,0.8814642446256029
25671,LOF,0.09020994885572568,0.042194798116407486,0.8675952530278668
25672,LOF,0.049731523310714655,0.04792563364444615,0.9023428430448391
25673,LOF,0.024259313615540942,0.061258618497686684,0.9144820678867723
25674,LOF,0.01910320471251362,0.07489581818638714,0.9060009771010992
25675,LOF,0.033147490729764285,0.06873407053221756,0.8981184387380182
25676,LOF,0.02108704282086315,0.061245189003353906,0.9176677681757829
25677,LOF,0.03063408126525344,0.07783444047136427,0.8915314782633823
25678,LOF,0.18197132414954853,0.05708985006458771,0.7609388257858637
25679,LOF,0.15339994353575417,0.0748300741254499,0.771769982338796
25680,LOF,0.04013913936080481,0.11439885377956752,0.8454620068596277
25681,LOF,0.06482112292739514,0.10535808034578806,0.8298207967268169
25682,LOF,0.11533960782611946,0.07887960067820217,0.8057807914956783
25683,LOF,0.08893568313860857,0.10647467451057002,0.8045896423508214
25684,LOF,0.04517110572876652,0.07831708955383829,0.8765118047173952
25685,LOF,0.07907400192025013,0.060461050215411774,0.8604649478643382
25686,LOF,0.031227491124541956,0.08307606324440617,0.8856964456310519
25687,LOF,0.046941580251475164,0.06975677096968097,0.883301648778844
25688,LOF,0.04868965454665605,0.04295126464616498,0.908359080807179
25689,LOF,0.02928155869151786,0.050749212137935505,0.9199692291705466
25690,LOF,0.03469034927824963,0.04680665337773615,0.9185029973440143
25691,LOF,0.2628759523630074,0.051227480625178415,0.6858965670118142
25692,LOF,0.2666414452995568,0.005975777098728097,0.7273827776017151
25693,LOF,0.09146746899069812,0.23739398310925047,0.6711385479000513
25694,LOF,0.25262745093029176,0.012645159880716664,0.7347273891889916
25695,LOF,0.16753453690031414,0.023452090730116386,0.8090133723695695
25696,LOF,0.10692576575655824,0.012346677263443769,0.8807275569799979
25697,LOF,0.09660153219694613,0.028819741291201226,0.8745787265118528
25698,LOF,0.0464812055988385,0.464634636042687,0.48888415835847454
25699,LOF,0.06916283132273067,0.08947193553773167,0.8413652331395377
25700,LOF,0.06463474189369803,0.008310991381688278,0.9270542667246138
25701,LOF,0.017230080378112876,0.07958880810891426,0.9031811115129728
25702,GOF,0.03043620371822396,0.7013433983900841,0.26822039789169183
25703,LOF,0.009018008589713874,0.17113696249100607,0.8198450289192801
25704,LOF,0.04966985295937263,0.16351179385236347,0.786818353188264
25705,LOF,0.061794728865312974,0.1986811977927787,0.7395240733419084
25706,GOF,0.038167827248075874,0.5447975322895862,0.41703464046233796
25707,LOF,0.025650334738472273,0.47074968860781286,0.5035999766537148
25708,LOF,0.008193851829028941,0.40218956122935307,0.5896165869416181
25709,LOF,0.058386451973556915,0.05682058515275685,0.8847929628736863
25710,LOF,0.005482676015215196,0.14971938899575746,0.8447979349890274
25711,LOF,0.02040612336574612,0.1127307793495143,0.8668630972847395
25712,LOF,0.007531708230581989,0.17037018960705985,0.8220981021623581
25713,LOF,0.018616331582581584,0.09386458027319347,0.8875190881442249
25714,LOF,0.06989979956112312,0.1232692937502055,0.8068309066886715
25715,LOF,0.013482536931872428,0.12911455898246493,0.8574029040856626
25716,LOF,0.006664084509139259,0.10010117397323245,0.8932347415176282
25717,LOF,0.006005567027868513,0.09232406333295833,0.9016703696391732
25718,LOF,0.014545708545451851,0.07694454407816742,0.9085097473763807
25719,LOF,0.023815539333573565,0.08342321672763979,0.8927612439387866
25720,LOF,0.023785944214270903,0.07535590819574899,0.9008581475899802
25721,LOF,0.01654286516213638,0.1030904794656941,0.8803666553721696
25722,LOF,0.014245612241328984,0.12389959288462045,0.8618547948740506
25723,LOF,0.02046328296866074,0.06604001473612192,0.9134967022952174
25724,LOF,0.021548718288745744,0.09983706208975499,0.8786142196214993
25725,LOF,0.014229453433425215,0.07384300031538828,0.9119275462511864
25726,LOF,0.012031664562352476,0.09607398078670915,0.8918943546509385
25727,LOF,0.015349430789494162,0.07959847919807748,0.9050520900124285
25728,LOF,0.013057201087336054,0.10352876849686943,0.8834140304157946
25729,LOF,0.013694640388494874,0.10602713354315732,0.8802782260683477
25730,LOF,0.014323731444069614,0.08732870347814226,0.8983475650777881
25731,LOF,0.00780042987545724,0.12869342120531624,0.8635061489192266
25732,LOF,0.013630132140055162,0.09035007245341933,0.8960197954065255
25733,LOF,0.018826590503217767,0.07601704173737911,0.9051563677594032
25734,LOF,0.005433061925505064,0.13663826017850236,0.8579286778959926
25735,LOF,0.015654303247992586,0.07436133411115443,0.909984362640853
25736,LOF,0.015243395775523716,0.10594874276263094,0.8788078614618453
25737,LOF,0.023916263539237984,0.0851386310236322,0.8909451054371299
25738,LOF,0.015886510469503047,0.12749144398761783,0.8566220455428791
25739,LOF,0.023203197188051743,0.10707897690543158,0.8697178259065167
25740,LOF,0.03318802196396863,0.11730073855648455,0.8495112394795468
25741,LOF,0.01795959479852364,0.10295525765882507,0.8790851475426513
25742,LOF,0.11415090956324507,0.09189515275990874,0.7939539376768461
25743,LOF,0.016271336034373054,0.03698736540448305,0.9467412985611439
25744,LOF,0.19965942676697457,0.31855211602523936,0.481788457207786
25745,LOF,0.026937349428195843,0.0487379795686568,0.9243246710031473
25746,LOF,0.01667193256548366,0.05949037043995252,0.9238376969945639
25747,LOF,0.0286837304401889,0.03203869567767238,0.9392775738821388
25748,LOF,0.14712757624113262,0.04944137848437804,0.8034310452744893
25749,LOF,0.015896622100270163,0.04532661305118525,0.9387767648485447
25750,LOF,0.031747961204764835,0.057011664198612956,0.9112403745966222
25751,LOF,0.11039063463119002,0.055968882017321586,0.8336404833514884
25752,GOF,0.1263235742526961,0.6353312081534177,0.23834521759388602
25753,LOF,0.00738035540311515,0.35104760394384155,0.6415720406530433
25754,GOF,0.004758853465957449,0.8454446232507695,0.14979652328327298
25755,LOF,0.009240352335441432,0.43255340604575304,0.5582062416188054
25756,LOF,0.04208320948068419,0.4279491129001938,0.5299676776191221
25757,GOF,0.005843153148738291,0.8690905503221317,0.12506629652913004
25758,GOF,0.006587648269335029,0.8721504533523705,0.12126189837829442
25759,GOF,0.00440215751598035,0.5568490706032431,0.43874877188077654
25760,LOF,0.0044220179992178685,0.3031576133176596,0.6924203686831225
25761,GOF,0.037068928687449744,0.847773799057517,0.11515727225503326
25762,LOF,0.027694899538907043,0.32670704456916044,0.6455980558919324
25763,LOF,0.00574090868989548,0.23693059168442882,0.7573284996256757
25764,GOF,0.14665955722491156,0.5407426611354557,0.31259778163963275
25765,GOF,0.010445672373250834,0.801105590744941,0.18844873688180816
25766,GOF,0.018282243023866798,0.8172938306892703,0.16442392628686286
25767,LOF,0.01968299202347913,0.4896500791435997,0.4906669288329211
25768,LOF,0.07782627567233016,0.06730034946497344,0.8548733748626964
25769,LOF,0.08152384678225807,0.050358603497455606,0.8681175497202864
25770,LOF,0.2371276749384439,0.056323109092438685,0.7065492159691175
25771,LOF,0.011764538293676931,0.06246286787159684,0.9257725938347263
25772,LOF,0.01654544883788429,0.02399170058475354,0.9594628505773621
25773,LOF,0.010014615639069257,0.10986700557602634,0.8801183787849045
25774,LOF,0.02390646871917799,0.06376921660389041,0.9123243146769315
25775,LOF,0.013928305378163128,0.040631592660475974,0.945440101961361
25776,LOF,0.08544787966957579,0.018703128284916076,0.8958489920455082
25777,LOF,0.2727530928737218,0.03795579082733005,0.6892911162989482
25778,LOF,0.07049097924646491,0.034287919882812753,0.8952211008707224
25779,GOF,0.053953109674344336,0.8666181632648701,0.07942872706078567
25780,GOF,0.055383114033973675,0.8529376673034362,0.09167921866258998
25781,GOF,0.023275664589917564,0.8350154324742832,0.14170890293579913
25782,GOF,0.0272808213477293,0.8742526058502851,0.09846657280198559
25783,GOF,0.014102469630204171,0.6726432491413205,0.3132542812284754
25784,GOF,0.113424654409058,0.8228825113059833,0.0636928342849587
25785,GOF,0.06786991390566649,0.8701050068539881,0.06202507924034534
25786,GOF,0.004434406060125761,0.7622852723752417,0.23328032156463255
25787,GOF,0.1875730239083694,0.7688815801086013,0.043545395983029415
25788,LOF,0.04625781239126778,0.1195051288325209,0.8342370587762113
25789,GOF,0.0320202620448531,0.7986906819793097,0.16928905597583707
25790,GOF,0.038151713550698206,0.8484379717109233,0.11341031473837856
25791,GOF,0.024817919767585565,0.76734974154336,0.2078323386890544
25792,GOF,0.03900132575412467,0.7811363274482248,0.17986234679765054
25793,GOF,0.09819262389472029,0.7847570115848912,0.11705036452038853
25794,GOF,0.09432698107926062,0.6579301244050368,0.24774289451570253
25795,GOF,0.02570386965021662,0.7222732003281344,0.25202293002164905
25796,GOF,0.11817131258693131,0.7596765529789211,0.12215213443414757
25797,GOF,0.031786079399339966,0.5701949704263327,0.3980189501743273
25798,GOF,0.0030570795823545577,0.5323700910203316,0.4645728293973137
25799,LOF,0.002862435160151859,0.422233144873347,0.5749044199665011
25800,GOF,0.010886961995579265,0.6026098503783442,0.3865031876260765
25801,GOF,0.024800554721799477,0.7924402075688494,0.1827592377093511
25802,GOF,0.015750872267343893,0.7132183424602657,0.2710307852723904
25803,GOF,0.009453070182906413,0.606090249855118,0.3844566799619755
25804,LOF,0.0105604765216102,0.49419201968738646,0.4952475037910033
25805,GOF,0.018615439171913713,0.5933827573037742,0.3880018035243122
25806,GOF,0.016880244521654514,0.638527884097352,0.3445918713809936
25807,GOF,0.0046320598241978645,0.6276702340461566,0.3676977061296456
25808,GOF,0.012888822760700223,0.6309363067336932,0.35617487050560664
25809,GOF,0.005462057558113717,0.6100672136028747,0.3844707288390115
25810,GOF,0.004749501627573621,0.6313564135734728,0.3638940847989536
25811,GOF,0.08420021381349359,0.7919496769134013,0.12385010927310504
25812,GOF,0.012738928509893353,0.6350346922114297,0.3522263792786769
25813,GOF,0.09941696568968411,0.745867988957716,0.15471504535260003
25814,GOF,0.024880112202655034,0.6894866622226753,0.2856332255746696
25815,GOF,0.03796215108689317,0.7312118385965772,0.23082601031652958
25816,GOF,0.007502685890692852,0.7769026438592073,0.2155946702501
25817,GOF,0.07207841273736598,0.7402404087897891,0.1876811784728449
25818,GOF,0.021994454221829347,0.7404966069813932,0.2375089387967774
25819,GOF,0.07305323811257462,0.721692431979235,0.20525432990819042
25820,GOF,0.03156081946572509,0.699574848678773,0.26886433185550196
25821,GOF,0.017571125916317164,0.6957283047715869,0.2867005693120959
25822,GOF,0.03459799063086636,0.7151340223693184,0.2502679869998153
25823,GOF,0.011335872773352218,0.5382855661003423,0.4503785611263055
25824,GOF,0.02106997853702689,0.6916903551150053,0.2872396663479677
25825,GOF,0.012143619958023573,0.6647818126444577,0.3230745673975188
25826,GOF,0.004807035479471129,0.6209806901211755,0.3742122743993534
25827,GOF,0.007487120795962563,0.610434932101753,0.3820779471022845
25828,GOF,0.004832211485488335,0.549176535394319,0.4459912531201927
25829,GOF,0.0027025675648117875,0.6174852695982287,0.3798121628369595
25830,LOF,0.03023521500680577,0.3653435720571631,0.6044212129360311
25831,GOF,0.03563150315257185,0.8236180433666304,0.14075045348079776
25832,GOF,0.007691144406954697,0.7453501841859369,0.24695867140710856
25833,GOF,0.026857340902197605,0.79678286002886,0.17635979906894228
25834,GOF,0.0075345415149873154,0.7526346367295387,0.2398308217554739
25835,GOF,0.01768793574918869,0.8050467600499182,0.1772653042008931
25836,GOF,0.0061454452718119,0.7470330179654714,0.2468215367627169
25837,GOF,0.005732784052570579,0.638770400315166,0.35549681563226343
25838,GOF,0.017771816607477595,0.8244104477653047,0.15781773562721785
25839,GOF,0.036900610653471416,0.7941471221381721,0.16895226720835652
25840,GOF,0.03956808639271266,0.8026450663969332,0.15778684721035402
25841,GOF,0.036433569261050555,0.8234329245248703,0.14013350621407927
25842,GOF,0.02245262036485472,0.8553219557433274,0.12222542389181779
25843,GOF,0.02556643060985517,0.8712277118850673,0.10320585750507745
25844,GOF,0.015476529427506464,0.7712848628518205,0.21323860772067296
25845,GOF,0.005171488661982973,0.5518269354900409,0.44300157584797617
25846,GOF,0.02759951902072929,0.8312641134342605,0.14113636754501013
25847,GOF,0.016260358780076572,0.8790818000253596,0.10465784119456382
25848,GOF,0.013669074089066794,0.8247261769176993,0.16160474899323382
25849,GOF,0.004670021304058191,0.6800296851294109,0.31530029356653094
25850,GOF,0.006001097596395158,0.7000231297687654,0.2939757726348394
25851,GOF,0.005428408598265706,0.5792211966841156,0.41535039471761864
25852,GOF,0.1508246708516996,0.5464799443006533,0.3026953848476471
25853,GOF,0.07274713606534604,0.8282936168050972,0.098959247129557
25854,GOF,0.009647676236834622,0.6269699374094558,0.3633823863537094
25855,GOF,0.013358964497964278,0.5810085279813625,0.4056325075206733
25856,GOF,0.03740250471053443,0.7110119471829057,0.2515855481065599
25857,GOF,0.015323498467847215,0.5341966810902625,0.4504798204418903
25858,GOF,0.0077432545336708365,0.5431219464927205,0.44913479897360864
25859,GOF,0.005346662873606147,0.5170055611735885,0.47764777595280533
25860,GOF,0.06928180660473095,0.7894910753364207,0.14122711805884838
25861,GOF,0.11480479572964458,0.7866526735012643,0.09854253076909104
25862,GOF,0.019361599971743984,0.8312716828902554,0.14936671713800068
25863,GOF,0.01752600565902921,0.8384464918092981,0.14402750253167276
25864,GOF,0.04091932307928574,0.859862075260767,0.0992186016599473
25865,GOF,0.02754731606731176,0.8198415433475584,0.15261114058512978
25866,GOF,0.02197209554417449,0.8220162149572956,0.1560116894985299
25867,GOF,0.023854867960320318,0.8555117785135281,0.12063335352615163
25868,GOF,0.04904277280996247,0.7924736934335476,0.15848353375648985
25869,GOF,0.31483763095305156,0.5879266605439357,0.09723570850301272
25870,GOF,0.18870664319691494,0.5256967192895261,0.28559663751355896
25871,GOF,0.01942024747124313,0.832861231299959,0.14771852122879783
25872,GOF,0.017662614770193822,0.8220223033881212,0.16031508184168486
25873,GOF,0.017034997899454098,0.8429405663001237,0.14002443580042218
25874,LOF,0.016238634001691385,0.13903327185386158,0.8447280941444469
25875,LOF,0.03603135504760257,0.03256094833429637,0.931407696618101
25876,LOF,0.014987626846524042,0.030493194067930284,0.9545191790855457
25877,LOF,0.13528297785666993,0.05628606698558777,0.8084309551577423
25878,LOF,0.05579772377135431,0.07507968665036667,0.869122589578279
25879,LOF,0.02356705397512769,0.06448820778692034,0.911944738237952
25880,LOF,0.047239840181116516,0.008738810747736846,0.9440213490711467
25881,Neutral,0.5757801764124916,0.07391299940213243,0.35030682418537606
25882,LOF,0.023050716121920174,0.04638851149134651,0.9305607723867334
25883,LOF,0.052616888476337505,0.03023891374338579,0.9171441977802767
25884,LOF,0.011580985591472748,0.06647916736982558,0.9219398470387017
25885,LOF,0.19960134200369953,0.009224509604046482,0.791174148392254
25886,LOF,0.20012053970961496,0.06397062915017496,0.73590883114021
25887,LOF,0.14406146552123292,0.07852683010640321,0.777411704372364
25888,LOF,0.01359286700687157,0.1550728348350746,0.8313342981580537
25889,LOF,0.01587200295242901,0.04235783565106391,0.941770161396507
25890,LOF,0.12877571956196002,0.08952981882079566,0.7816944616172443
25891,LOF,0.053154440328001255,0.04471415480034592,0.9021314048716528
25892,LOF,0.010344710984195492,0.052426777855178235,0.9372285111606263
25893,LOF,0.38324570134078656,0.016296377621774258,0.6004579210374392
25894,LOF,0.4269289266920408,0.007619447965249313,0.5654516253427099
25895,LOF,0.3481591157147352,0.016355052033369517,0.6354858322518954
25896,LOF,0.04208938049453929,0.02967579491359433,0.9282348245918663
25897,LOF,0.18497542966060398,0.015527405675084736,0.7994971646643113
25898,LOF,0.22384237868522391,0.0451112589346506,0.7310463623801254
25899,LOF,0.2327397879860052,0.03219772590101111,0.7350624861129836
25900,LOF,0.46718047868520896,0.013264630377830959,0.5195548909369602
25901,LOF,0.04471066185982214,0.012367547957840801,0.942921790182337
25902,LOF,0.0907611011331195,0.022738642694030215,0.8865002561728502
25903,LOF,0.32368559802247626,0.04335925546187354,0.6329551465156501
25904,Neutral,0.48349055697703053,0.045189405868232335,0.4713200371547371
25905,LOF,0.007007695944188874,0.4131859987806672,0.5798063052751439
25906,LOF,0.007813040712334367,0.13032441672022083,0.8618625425674448
25907,LOF,0.003946217999011578,0.37232122203164336,0.6237325599693451
25908,LOF,0.0036982462824234237,0.27759008026059073,0.7187116734569859
25909,LOF,0.014977500864792999,0.16905082165884353,0.8159716774763635
25910,LOF,0.016966305573976596,0.13063565083787695,0.8523980435881464
25911,LOF,0.1727888299084207,0.024602673041061732,0.8026084970505176
25912,LOF,0.06758759051397528,0.048540459205139296,0.8838719502808853
25913,LOF,0.06110563171407878,0.04354687737185978,0.8953474909140615
25914,LOF,0.02135432171067138,0.05918893209698533,0.9194567461923433
25915,LOF,0.12519072222124597,0.2777329054077314,0.5970763723710226
25916,LOF,0.019910535453095193,0.18021686899695596,0.7998725955499488
25917,LOF,0.06133794589418832,0.040964309110759864,0.8976977449950517
25918,LOF,0.025666090120435095,0.0347079673522948,0.9396259425272702
25919,LOF,0.022241532881775657,0.03341681634947373,0.9443416507687507
25920,LOF,0.1083155346664729,0.23772005349500153,0.6539644118385256
25921,LOF,0.009876905666059447,0.030608301342938085,0.9595147929910026
25922,LOF,0.012327137500690713,0.024004763747389853,0.9636680987519195
25923,LOF,0.4070498594272295,0.03443503395093979,0.5585151066218308
25924,LOF,0.017689953653317398,0.039083593041417376,0.9432264533052653
25925,LOF,0.07400771680510637,0.043095467646875094,0.8828968155480186
25926,LOF,0.05238882798026722,0.0381968970183003,0.9094142750014326
25927,LOF,0.020458746930921156,0.06002947759404353,0.9195117754750353
25928,LOF,0.007532423287119119,0.04639314205560734,0.9460744346572735
25929,LOF,0.4832964679781058,0.03191810589868918,0.48478542612320485
25930,LOF,0.08497301811726193,0.02875705471910882,0.8862699271636293
25931,LOF,0.009834514686939626,0.02856203804649044,0.9616034472665699
25932,LOF,0.035203939758913914,0.02512727598876276,0.9396687842523234
25933,LOF,0.041010454471397645,0.015759416708034994,0.9432301288205673
25934,LOF,0.028071025925287024,0.01700724609583763,0.9549217279788753
25935,LOF,0.06583323450251632,0.05032406716174034,0.8838426983357432
25936,LOF,0.04237991162368587,0.017870215536702833,0.9397498728396112
25937,LOF,0.010094003627521896,0.032691454530391545,0.9572145418420864
25938,LOF,0.06366836751680131,0.055307814066550144,0.8810238184166486
25939,LOF,0.03449205796022566,0.019126253218715507,0.9463816888210589
25940,LOF,0.007850732004052343,0.36370450823186884,0.6284447597640789
25941,Neutral,0.5284913520706294,0.02467439586565828,0.4468342520637123
25942,LOF,0.005290488368231315,0.04431811981262786,0.9503913918191408
25943,LOF,0.03509869919107382,0.12845117043065746,0.8364501303782687
25944,LOF,0.11320341087974253,0.06514575139414104,0.8216508377261165
25945,LOF,0.058872696721649735,0.019028424798198308,0.9220988784801519
25946,LOF,0.0677300560298994,0.054953380973210585,0.87731656299689
25947,Neutral,0.5083010430098245,0.07765443491701722,0.4140445220731584
25948,LOF,0.35595338381758357,0.010161908762003988,0.6338847074204125
25949,LOF,0.09979069067385178,0.0570947838191961,0.8431145255069521
25950,GOF,0.048685342269755925,0.5748313281777074,0.37648332955253666
25951,LOF,0.015210721080230336,0.39322188928438956,0.5915673896353801
25952,LOF,0.2645711076667947,0.2668936883706881,0.4685352039625173
25953,LOF,0.012336313884093304,0.16219222834897692,0.8254714577669299
25954,LOF,0.043758948255716884,0.45863161523842566,0.4976094365058575
25955,LOF,0.009776443129846614,0.13760230509610505,0.8526212517740483
25956,LOF,0.025316830378408522,0.2993711275118387,0.6753120421097528
25957,LOF,0.197166441295138,0.03525865828597981,0.7675749004188821
25958,LOF,0.05125820714232522,0.030952924223725576,0.9177888686339492
25959,GOF,0.014393809752332967,0.5013221337289097,0.48428405651875733
25960,LOF,0.005263378419553806,0.05388040063304871,0.9408562209473975
25961,LOF,0.05024476186433086,0.028295917596156017,0.9214593205395131
25962,LOF,0.032935267620431384,0.08081325268294577,0.8862514796966228
25963,LOF,0.005582563739133279,0.24295409584895755,0.7514633404119092
25964,LOF,0.029594290762460358,0.10798484296503977,0.8624208662724998
25965,LOF,0.30416042900978113,0.13562899805067338,0.5602105729395455
25966,Neutral,0.4321814195874735,0.18115750393278066,0.3866610764797458
25967,LOF,0.006048841292224082,0.0922749293152058,0.9016762293925702
25968,LOF,0.04448127263159138,0.2923633454411661,0.6631553819272425
25969,LOF,0.12300734002252132,0.08446891816695326,0.7925237418105253
25970,LOF,0.019333150410236706,0.09572375170392497,0.8849430978858384
25971,LOF,0.07316166823605547,0.028697111478028742,0.8981412202859157
25972,LOF,0.05836830163256199,0.03958271440349377,0.9020489839639443
25973,LOF,0.05247645439579687,0.013737890460126873,0.9337856551440763
25974,LOF,0.039798833235466416,0.04151971885462159,0.918681447909912
25975,LOF,0.0397306575913979,0.028519211069022662,0.9317501313395794
25976,LOF,0.11282003692822336,0.01415585019681059,0.8730241128749661
25977,LOF,0.19433422076399254,0.06122001566991678,0.7444457635660908
25978,LOF,0.13525168705335502,0.12818353594224477,0.7365647770044003
25979,LOF,0.11552051841827497,0.15244098177473744,0.7320384998069875
25980,LOF,0.23159756352286295,0.15402747165361197,0.6143749648235252
25981,LOF,0.2322765643590594,0.15492609716639053,0.6127973384745501
25982,LOF,0.38135669089318025,0.09332801541609131,0.5253152936907284
25983,LOF,0.3863183783223727,0.11065785653581119,0.5030237651418162
25984,LOF,0.0360046260434182,0.06709793244460754,0.8968974415119743
25985,LOF,0.4242399391374422,0.1405273931422938,0.435232667720264
25986,LOF,0.011761776551086537,0.4448620571378159,0.5433761663110975
25987,LOF,0.036996050938347534,0.11444153945363453,0.848562409608018
25988,LOF,0.13542932953082568,0.12404447667457717,0.740526193794597
25989,LOF,0.04034530958753362,0.1698541875542281,0.7898005028582383
25990,LOF,0.042333842666722306,0.26317682119271385,0.6944893361405639
25991,LOF,0.023794206373862727,0.38369755243714626,0.592508241188991
25992,LOF,0.02593127891914082,0.37054969221813266,0.6035190288627266
25993,LOF,0.02232652713323899,0.09338048944478862,0.8842929834219723
25994,LOF,0.01745251839350944,0.08753616781302748,0.8950113137934631
25995,LOF,0.01835620831360873,0.17504800160475092,0.8065957900816403
25996,LOF,0.3340873195171308,0.28266043203030644,0.3832522484525627
25997,LOF,0.08798654420307502,0.3232584323924652,0.5887550234044597
25998,LOF,0.29850263042742625,0.048144769243115094,0.6533526003294586
25999,LOF,0.02126625157739638,0.23258905855921708,0.7461446898633866
26000,LOF,0.14253358892791437,0.038076497927615416,0.8193899131444703
26001,LOF,0.29194330793111456,0.023651233536875826,0.6844054585320097
26002,LOF,0.062258455004644844,0.061177963977243,0.8765635810181123
26003,GOF,0.003735551757194789,0.6372214902081996,0.35904295803460573
26004,GOF,0.005713549624575823,0.729096877826219,0.2651895725492051
26005,GOF,0.00285990726896974,0.5272178808410438,0.4699222118899864
26006,GOF,0.07552367835393654,0.6504256921413004,0.274050629504763
26007,GOF,0.005573849908396887,0.5912639513208443,0.4031621987707588
26008,GOF,0.004950203607567782,0.6776627546506792,0.3173870417417531
26009,GOF,0.0059306132519376465,0.6805602795138633,0.313509107234199
26010,GOF,0.006352437411011302,0.7064483625158217,0.28719920007316707
26011,GOF,0.0025985850488507104,0.5028247830502548,0.49457663190089435
26012,GOF,0.0037970210754011166,0.5804691401273507,0.4157338387972481
26013,GOF,0.004936257977363626,0.6339793603698867,0.36108438165274975
26014,LOF,0.036134597447306994,0.09515948961150997,0.868705912941183
26015,LOF,0.1439584494132794,0.017464589125378623,0.8385769614613421
26016,LOF,0.24943123019089739,0.03468085104812995,0.7158879187609727
26017,LOF,0.023154551359615777,0.18611215402669745,0.7907332946136868
26018,LOF,0.049972228043849064,0.036774300233493325,0.9132534717226577
26019,LOF,0.049435669419637056,0.03183964082194346,0.9187246897584195
26020,LOF,0.008185076745054263,0.1900129226157058,0.8018020006392399
26021,LOF,0.06426516075252416,0.06997722976588891,0.8657576094815869
26022,LOF,0.026296369623822764,0.024131778966700893,0.9495718514094764
26023,LOF,0.040523577639475186,0.02199526563002416,0.9374811567305006
26024,LOF,0.04121083601167993,0.06470933164412493,0.8940798323441952
26025,LOF,0.04988483902046121,0.07851203950775831,0.8716031214717805
26026,LOF,0.07982263405996817,0.05941776171584553,0.8607596042241863
26027,LOF,0.04284022593095547,0.017302300520215433,0.939857473548829
26028,LOF,0.09342148292404182,0.13681598828012853,0.7697625287958297
26029,LOF,0.025206391026938082,0.2206015625074175,0.7541920464656444
26030,LOF,0.1576172638895281,0.0326186944048412,0.8097640417056308
26031,LOF,0.01429574192376883,0.16670858873158637,0.8189956693446448
26032,LOF,0.06651952107239385,0.07624197308455093,0.8572385058430553
26033,LOF,0.08111885909261739,0.06739688913731971,0.8514842517700628
26034,LOF,0.01636359923705706,0.1797206352374,0.803915765525543
26035,LOF,0.015055051091534618,0.13655350960930873,0.8483914392991566
26036,LOF,0.016051436520576185,0.1648617841271419,0.819086779352282
26037,LOF,0.01338712876421619,0.11625811037251732,0.8703547608632665
26038,LOF,0.05753506755300501,0.06840611444544083,0.8740588180015542
26039,LOF,0.029176111327646404,0.17074366876774716,0.8000802199046064
26040,LOF,0.1160056267929465,0.14350955303272317,0.7404848201743303
26041,LOF,0.016358781028041183,0.0985304449047837,0.8851107740671752
26042,LOF,0.014486220575242213,0.1038847155167186,0.8816290639080393
26043,LOF,0.056580050339018785,0.08660212124381628,0.8568178284171649
26044,LOF,0.011800732804763426,0.07248185095773475,0.9157174162375018
26045,LOF,0.051792537148407376,0.12056295874734319,0.8276445041042495
26046,LOF,0.050124386296466476,0.07131011218036977,0.8785655015231638
26047,LOF,0.08396717241960482,0.0679175285926452,0.84811529898775
26048,LOF,0.04484022771466993,0.04497060051850316,0.910189171766827
26049,Neutral,0.9627199340936219,0.006714206641976874,0.030565859264401283
26050,Neutral,0.9492319817822485,0.0072092990674500765,0.04355871915030134
26051,LOF,0.012715785943665127,0.1616599469895473,0.8256242670667876
26052,LOF,0.020200294085689675,0.22193499441497902,0.7578647114993314
26053,LOF,0.02272325962690957,0.14049351465629892,0.8367832257167915
26054,LOF,0.04069615790114118,0.02197338837463854,0.9373304537242203
26055,LOF,0.0530255060429044,0.019197708759100235,0.9277767851979954
26056,LOF,0.04633668447930694,0.023719144547514764,0.9299441709731783
26057,LOF,0.030655188736129827,0.0147256099148835,0.9546192013489866
26058,LOF,0.031323132241825466,0.012865998478002147,0.9558108692801724
26059,LOF,0.3144688919710864,0.022352522252637043,0.6631785857762765
26060,LOF,0.010547756352154552,0.2002586989713284,0.789193544676517
26061,LOF,0.005014628909713151,0.015897382942349728,0.9790879881479372
26062,LOF,0.0035646922351169293,0.021647049680041244,0.9747882580848418
26063,LOF,0.02120377237669704,0.013360951593723443,0.9654352760295795
26064,LOF,0.005862814356427995,0.02921153026734226,0.9649256553762297
26065,LOF,0.024485191881632555,0.014027674279923583,0.9614871338384439
26066,LOF,0.0229618284809848,0.013095416313364566,0.9639427552056508
26067,LOF,0.028028476880374662,0.011894973759203762,0.9600765493604216
26068,LOF,0.0403046816512332,0.03977395101435955,0.9199213673344073
26069,LOF,0.26290892574533214,0.023221766909900382,0.7138693073447674
26070,LOF,0.4305888032426333,0.017676228089925503,0.5517349686674412
26071,LOF,0.022717361426217584,0.013475078575392985,0.9638075599983895
26072,LOF,0.005274478202708151,0.027034038103038595,0.9676914836942533
26073,LOF,0.02110706380574994,0.015721009758524078,0.963171926435726
26074,Neutral,0.9210118721947621,0.007432146716234407,0.0715559810890035
26075,LOF,0.03591432973323369,0.01994575381960108,0.9441399164471652
26076,LOF,0.03479688048447512,0.012767171263742357,0.9524359482517826
26077,LOF,0.11543741260618384,0.009883891019114098,0.874678696374702
26078,LOF,0.0052591315636465,0.019037147736925553,0.975703720699428
26079,LOF,0.04642156328887027,0.02247133929676039,0.9311070974143693
26080,LOF,0.04510644892159769,0.022495897400160583,0.9323976536782418
26081,LOF,0.029071085497731637,0.009159474364661241,0.961769440137607
26082,LOF,0.00406219898365935,0.019339391884756932,0.9765984091315838
26083,LOF,0.10960609663941598,0.02109967264702233,0.8692942307135617
26084,LOF,0.040337022356479214,0.0168155044446635,0.9428474731988573
26085,LOF,0.036575443054446176,0.014856497206777178,0.9485680597387767
26086,LOF,0.023150305013731984,0.014744219257865886,0.9621054757284022
26087,LOF,0.021232591243154353,0.011905764798583362,0.9668616439582622
26088,LOF,0.005875473406852308,0.02468568322713449,0.9694388433660132
26089,LOF,0.036169702199293954,0.025650719292586964,0.938179578508119
26090,LOF,0.036671468451397495,0.021310557354448135,0.9420179741941545
26091,LOF,0.027498600354791392,0.00807955625993832,0.9644218433852703
26092,LOF,0.02270360266055572,0.009727462651746309,0.967568934687698
26093,LOF,0.03856341165779928,0.007885848725686748,0.9535507396165139
26094,LOF,0.031170308329420637,0.007701455871146297,0.9611282357994332
26095,LOF,0.01812138857633879,0.021413484500280747,0.9604651269233804
26096,LOF,0.17783671524637293,0.008071826522933688,0.8140914582306933
26097,LOF,0.004355949031698154,0.04495237715251073,0.9506916738157912
26098,LOF,0.06804443738358316,0.019975751653457025,0.9119798109629599
26099,LOF,0.021784743196784303,0.016951532867127635,0.961263723936088
26100,LOF,0.021784517493094926,0.016951357238547852,0.9612641252683573
26101,LOF,0.05239176105207277,0.024933047357488674,0.9226751915904385
26102,LOF,0.020920377799618698,0.016969729075111063,0.9621098931252703
26103,Neutral,0.839851158167477,0.025645866268941254,0.13450297556358176
26104,LOF,0.05894134250666347,0.027900430629889318,0.9131582268634473
26105,LOF,0.24004218896394017,0.17223968005148493,0.5877181309845749
26106,LOF,0.35874995297285844,0.13645372893765806,0.5047963180894836
26107,LOF,0.021388727498324895,0.10994761089787905,0.868663661603796
26108,LOF,0.3374323323917489,0.043866584531890865,0.6187010830763603
26109,LOF,0.03935470933591482,0.06196979461503758,0.8986754960490476
26110,LOF,0.2181162463844543,0.006994784123081232,0.7748889694924646
26111,LOF,0.07304597339178139,0.08138034325193373,0.8455736833562849
26112,LOF,0.03575677384927912,0.007744005701689278,0.9564992204490316
26113,LOF,0.059570897343733914,0.017849887439665552,0.9225792152166006
26114,LOF,0.07658252592083058,0.010935786197094897,0.9124816878820745
26115,LOF,0.01655748020426526,0.08019003974091357,0.9032524800548211
26116,LOF,0.0993524484134931,0.04302149325333359,0.8576260583331734
26117,LOF,0.39588454678846585,0.03506547477738443,0.5690499784341497
26118,LOF,0.0320354336662871,0.017709587475583922,0.9502549788581289
26119,LOF,0.005147654826752433,0.04630778330386514,0.9485445618693824
26120,LOF,0.026392079891971884,0.017266541450658788,0.9563413786573693
