feature0,prediction,LoGoFunc_Neutral,LoGoFunc_GOF,LoGoFunc_LOF
25546,Neutral,0.6486875685725847,0.060717547762109435,0.29059488366530595
25547,LOF,0.42093619308933655,0.11119911688042894,0.46786469003023445
25548,Neutral,0.4691155447056076,0.08235747512869833,0.4485269801656939
25549,LOF,0.4020826370251642,0.08306664941743162,0.5148507135574042
25550,LOF,0.3367046604961948,0.13725209062926816,0.526043248874537
25551,LOF,0.28175054213737294,0.16965688462431636,0.5485925732383107
25552,LOF,0.20299305435246726,0.15787693488719948,0.6391300107603333
25553,Neutral,0.786142931336083,0.04985652913218648,0.16400053953173055
25554,LOF,0.23459304652459315,0.15036768366656614,0.6150392698088407
25555,LOF,0.19839274555788902,0.12852246160877054,0.6730847928333404
25556,LOF,0.3911351862691843,0.12425712744963856,0.4846076862811771
25557,LOF,0.1900381697990966,0.1403482421030931,0.6696135880978104
25558,LOF,0.2287144901087063,0.14488791544083188,0.6263975944504618
25559,LOF,0.1684020119495036,0.13431682372280557,0.6972811643276908
25560,LOF,0.07104015119434956,0.12844185709764167,0.8005179917080089
25561,LOF,0.1479823289033111,0.1249115159648665,0.7271061551318224
25562,LOF,0.063563079625445,0.08513178916641508,0.85130513120814
25563,LOF,0.08822593295565624,0.09371230790909396,0.8180617591352498
25564,LOF,0.2314110939155419,0.1655585638723228,0.6030303422121353
25565,LOF,0.159127564895985,0.12341552901882392,0.7174569060851912
25566,GOF,0.02320769099673411,0.7801320775276043,0.19666023147566167
25567,LOF,0.01944154206173936,0.18843485538557436,0.7921236025526863
25568,LOF,0.054404274357204886,0.08934438285614024,0.8562513427866549
25569,LOF,0.05535798398160347,0.08982743365397085,0.8548145823644258
25570,LOF,0.03104609726209799,0.11660785369035995,0.8523460490475421
25571,LOF,0.03050925027746754,0.11471592983417674,0.8547748198883557
25572,LOF,0.03286073336187479,0.1458262737178934,0.8213129929202319
25573,LOF,0.024355733247698224,0.117069966656597,0.8585743000957048
25574,LOF,0.017348416498450148,0.17268355495413365,0.8099680285474162
25575,LOF,0.02387118520150646,0.13010146807042366,0.8460273467280698
25576,LOF,0.01225595220381516,0.1714436519504114,0.8163003958457734
25577,LOF,0.011103780816009285,0.1410114988722046,0.8478847203117862
25578,LOF,0.2598922849153974,0.10505642030689895,0.6350512947777036
25579,LOF,0.11478956719101026,0.11080154171403563,0.7744088910949541
25580,LOF,0.017489020334850964,0.09636533253951796,0.8861456471256312
25581,LOF,0.04277442433683537,0.0897057089203185,0.8675198667428462
25582,LOF,0.04266265096239851,0.08701651180525453,0.870320837232347
25583,LOF,0.01882110609070071,0.10454217018114949,0.8766367237281498
25584,Neutral,0.5350475428790884,0.11622656104272497,0.3487258960781866
25585,LOF,0.010941102924229049,0.18158924543400143,0.8074696516417696
25586,LOF,0.017028189036330965,0.0859695957609981,0.897002215202671
25587,LOF,0.016012062393033082,0.08162968626514647,0.9023582513418205
25588,LOF,0.0165287083610777,0.09819717288274141,0.8852741187561808
25589,Neutral,0.6108360743944328,0.15413615050892188,0.23502777509664527
25590,LOF,0.017262259938441594,0.1411687309086995,0.8415690091528588
25591,LOF,0.07679694688579278,0.07204909443810494,0.8511539586761023
25592,LOF,0.04425005041611207,0.15276369824613784,0.8029862513377501
25593,LOF,0.01995793682185292,0.26413184903597675,0.7159102141421703
25594,LOF,0.0365656577719033,0.10077786592099018,0.8626564763071065
25595,LOF,0.03640224807270843,0.07585955601886234,0.8877381959084293
25596,LOF,0.04808639227068729,0.06650432802352428,0.8854092797057885
25597,LOF,0.03366165641417961,0.06325235779493245,0.9030859857908881
25598,LOF,0.0332678086202261,0.08840461488236238,0.8783275764974114
25599,GOF,0.008258210319622494,0.5563534359305367,0.4353883537498409
25600,GOF,0.03076068562673381,0.6381273602274284,0.33111195414583783
25601,LOF,0.012611074838734604,0.4165145915667718,0.5708743335944936
25602,LOF,0.016422551434024206,0.04887550719266377,0.934701941373312
25603,LOF,0.05111670137424558,0.019985086285217692,0.9288982123405367
25604,LOF,0.01669385766684036,0.0743884839875022,0.9089176583456575
25605,LOF,0.008090512141214659,0.21136321610733752,0.7805462717514479
25606,LOF,0.09897721757718063,0.36313815180576464,0.5378846306170548
25607,LOF,0.005563806881175184,0.2382730655061732,0.7561631276126516
25608,LOF,0.011693309560264233,0.11848857978271013,0.8698181106570256
25609,LOF,0.08621279516100093,0.3859166612411266,0.5278705435978724
25610,LOF,0.018786170976235327,0.02771014491597985,0.9535036841077847
25611,LOF,0.01794869592283804,0.028945572973166616,0.9531057311039953
25612,LOF,0.05412076501288343,0.03613550791938607,0.9097437270677304
25613,LOF,0.05035518474209068,0.03898953849656608,0.9106552767613432
25614,LOF,0.025263033010058146,0.03057095725173635,0.9441660097382055
25615,LOF,0.016472998690049513,0.03865536107051804,0.9448716402394324
25616,LOF,0.049534918289564,0.030385404598494502,0.9200796771119415
25617,LOF,0.04827685807876629,0.03302766780397961,0.918695474117254
25618,LOF,0.05719371678750662,0.035416334580845955,0.9073899486316475
25619,LOF,0.017870081191255747,0.03275205775143964,0.9493778610573047
25620,LOF,0.06271952591709325,0.039779358718604406,0.8975011153643024
25621,LOF,0.017793973386304205,0.03866620946388893,0.9435398171498068
25622,LOF,0.02121355559227818,0.04063478683729498,0.9381516575704268
25623,LOF,0.03384072089896492,0.034783216626753606,0.9313760624742815
25624,LOF,0.021384602968199044,0.03925528400954198,0.9393601130222589
25625,LOF,0.02257138804171173,0.05388759403807539,0.9235410179202128
25626,LOF,0.04903322883111842,0.03796460256255789,0.9130021686063237
25627,Neutral,0.570982473675696,0.11169897239163461,0.31731855393266944
25628,LOF,0.19280152226474292,0.057203115801800965,0.7499953619334562
25629,LOF,0.039288720123310236,0.06195230597281154,0.8987589739038783
25630,LOF,0.14870900876400298,0.09406945680032361,0.7572215344356734
25631,Neutral,0.5799280385982242,0.06875604371260001,0.3513159176891758
25632,LOF,0.007988064044901799,0.06938800830131492,0.9226239276537832
25633,LOF,0.2261441367436693,0.05171951977916523,0.7221363434771655
25634,LOF,0.029318970002007456,0.10112510785761634,0.8695559221403761
25635,LOF,0.03724965524978599,0.05659528131379345,0.9061550634364205
25636,GOF,0.005525692411767137,0.6019956471575405,0.39247866043069224
25637,GOF,0.00755023912104627,0.6171770630814968,0.3752726977974569
25638,LOF,0.010771304745084528,0.29687598022081285,0.6923527150341027
25639,LOF,0.0050961909584281255,0.4720744515282776,0.5228293575132943
25640,GOF,0.44671819307840904,0.46764666478713446,0.08563514213445653
25641,LOF,0.014331175746868699,0.32721667384692066,0.6584521504062106
25642,LOF,0.238183433040509,0.059733542144418686,0.7020830248150723
25643,LOF,0.14986960197154078,0.14900826409277784,0.7011221339356815
25644,LOF,0.009101131221360772,0.4283464498602532,0.562552418918386
25645,LOF,0.007970989304153537,0.4169479474146854,0.575081063281161
25646,LOF,0.013759594914652246,0.29874880288486,0.6874916022004877
25647,LOF,0.010010371766615725,0.2521946809918891,0.7377949472414952
25648,LOF,0.009467100075307027,0.24145370026058763,0.7490791996641054
25649,LOF,0.007912444230499962,0.1898307905665894,0.8022567652029106
25650,LOF,0.015113808617410324,0.4071515113220658,0.5777346800605238
25651,LOF,0.006136379540468749,0.25547648581229687,0.7383871346472343
25652,LOF,0.009492737965998841,0.25544799106671195,0.7350592709672892
25653,LOF,0.026797161909533424,0.3654922940354958,0.6077105440549707
25654,LOF,0.01036835887211368,0.14135654824544755,0.8482750928824387
25655,LOF,0.04978365539635857,0.3942394905390433,0.5559768540645982
25656,LOF,0.18701154990232008,0.04701927923222266,0.7659691708654572
25657,LOF,0.24756620905301363,0.026400228642619587,0.7260335623043668
25658,LOF,0.08199337409325319,0.0732782781834696,0.8447283477232772
25659,LOF,0.4135898260024872,0.0626065234555581,0.5238036505419547
25660,LOF,0.030070740015142414,0.09840199521487433,0.8715272647699832
25661,LOF,0.09193842729290967,0.06685250083246762,0.8412090718746227
25662,LOF,0.030823811920889475,0.046919133872891004,0.9222570542062196
25663,LOF,0.03957097512066367,0.06746382992938123,0.892965194949955
25664,LOF,0.045576469873484175,0.08537482714983599,0.8690487029766798
25665,LOF,0.0518218931204475,0.03501322171148624,0.9131648851680663
25666,LOF,0.03583967559954113,0.1087012794352473,0.8554590449652115
25667,LOF,0.0640686573830271,0.0490549662074202,0.8868763764095527
25668,LOF,0.03443698952358461,0.052576167371281735,0.9129868431051337
25669,LOF,0.03281717081961862,0.0735514669809838,0.8936313621993975
25670,LOF,0.051874359448934045,0.06206370672174391,0.8860619338293221
25671,LOF,0.08953129115244599,0.04318295407051018,0.867285754777044
25672,LOF,0.05497313961153344,0.04337950695696038,0.9016473534315063
25673,LOF,0.024960721491570727,0.062310160641019546,0.9127291178674096
25674,LOF,0.021553977025122503,0.07434083516650516,0.9041051878083722
25675,LOF,0.032503595689655954,0.06494743433156867,0.9025489699787754
25676,LOF,0.01892347644960179,0.06307098355154117,0.9180055399988571
25677,LOF,0.02850554368072184,0.06983843241686843,0.9016560239024097
25678,LOF,0.20005407761746535,0.05772214877646726,0.7422237736060674
25679,LOF,0.16373705357722573,0.08194947621134975,0.7543134702114245
25680,LOF,0.04530436553741708,0.11000914733916686,0.8446864871234161
25681,LOF,0.070128648240087,0.1056319226402979,0.824239429119615
25682,LOF,0.1360151035804408,0.08236175629131423,0.781623140128245
25683,LOF,0.07903305671304763,0.11773869067552412,0.8032282526114282
25684,LOF,0.04388224516400848,0.0804120772183954,0.8757056776175961
25685,LOF,0.06965006129585814,0.06013384314897939,0.8702160955551624
25686,LOF,0.022795839221352122,0.0902849628542968,0.8869191979243511
25687,LOF,0.04507592838017789,0.06743197382565064,0.8874920977941715
25688,LOF,0.05013365570177626,0.049851262696856705,0.900015081601367
25689,LOF,0.02795357442273399,0.058509292049382926,0.913537133527883
25690,LOF,0.035145597723063936,0.0529006913589532,0.9119537109179828
25691,LOF,0.273341772126805,0.06860896960217709,0.6580492582710179
25692,LOF,0.2502645018825851,0.006516292394566262,0.7432192057228487
25693,LOF,0.0901449609529139,0.2636592584627017,0.6461957805843844
25694,LOF,0.24058925415040827,0.013558526679143314,0.7458522191704483
25695,LOF,0.14322864325366275,0.020733974119096072,0.8360373826272411
25696,LOF,0.12039376860800605,0.011935405608507263,0.8676708257834868
25697,LOF,0.08686701086877692,0.021933339702041817,0.8911996494291814
25698,LOF,0.05436565630035942,0.42914793401108936,0.5164864096885512
25699,LOF,0.07700321746907814,0.09177200797113946,0.8312247745597824
25700,LOF,0.059621694621133384,0.009274735314953441,0.9311035700639131
25701,LOF,0.01824824127755302,0.08057406633063532,0.9011776923918118
25702,GOF,0.03659400843930984,0.6952813422505874,0.2681246493101028
25703,LOF,0.007955576889891595,0.17199556801442079,0.8200488550956876
25704,LOF,0.05418912145717064,0.14219806209630254,0.8036128164465268
25705,LOF,0.06636121625530585,0.25361385872980774,0.6800249250148863
25706,GOF,0.024647911145032005,0.5362427642757148,0.43910932457925317
25707,GOF,0.017911726329028207,0.518130463003832,0.4639578106671398
25708,LOF,0.007491907840785951,0.48613737081649083,0.5063707213427232
25709,LOF,0.05819926809993081,0.07354698784642376,0.8682537440536454
25710,LOF,0.005096389914303013,0.17526938442074486,0.819634225664952
25711,LOF,0.01759389127258787,0.14361532947398237,0.8387907792534298
25712,LOF,0.006690251607644062,0.21415437312496682,0.7791553752673891
25713,LOF,0.018851879031354175,0.12577672370676235,0.8553713972618835
25714,LOF,0.06153705438898658,0.15826111399349718,0.7802018316175162
25715,LOF,0.011467249926182338,0.1721565140694379,0.8163762360043798
25716,LOF,0.005648893000607966,0.14839446797318948,0.8459566390262026
25717,LOF,0.0056004989037310585,0.12062103397426885,0.8737784671220001
25718,LOF,0.012698711461852313,0.11969609634122931,0.8676051921969185
25719,LOF,0.019162760051103025,0.13495836645424428,0.8458788734946526
25720,LOF,0.02037884648209292,0.1155438007671269,0.8640773527507802
25721,LOF,0.016039325546298503,0.1410857919791184,0.8428748824745832
25722,LOF,0.014449731581809098,0.1693951888547912,0.8161550795633996
25723,LOF,0.019944655626086986,0.09427322545019627,0.8857821189237167
25724,LOF,0.017846897121266036,0.1392821168336896,0.8428709860450443
25725,LOF,0.011996585944764536,0.10404206834759121,0.8839613457076443
25726,LOF,0.014999656505815731,0.14692265183017034,0.8380776916640139
25727,LOF,0.012800942868289327,0.11408312017998846,0.8731159369517223
25728,LOF,0.011019670656819103,0.14751239045255907,0.8414679388906218
25729,LOF,0.011345417596619587,0.14892986932358732,0.8397247130797931
25730,LOF,0.016038067266731543,0.11908196218304751,0.8648799705502209
25731,LOF,0.007733706860496962,0.15985536454621022,0.8324109285932929
25732,LOF,0.01611946013614804,0.10972732355353512,0.8741532163103168
25733,LOF,0.016468529307738896,0.10867706001338368,0.8748544106788774
25734,LOF,0.005698048217955369,0.15978444211399095,0.8345175096680536
25735,LOF,0.014652178823944097,0.10137765657849616,0.8839701645975596
25736,LOF,0.014787452240296825,0.14863082226515303,0.8365817254945501
25737,LOF,0.018711850938487037,0.11238107498120861,0.8689070740803044
25738,LOF,0.013628279958323268,0.1752802550132634,0.8110914650284134
25739,LOF,0.020047497059407737,0.14668766263388552,0.8332648403067068
25740,LOF,0.030830410370288972,0.14812181489313286,0.8210477747365782
25741,LOF,0.015333855087879758,0.13138672454486372,0.8532794203672565
25742,LOF,0.09289073119785346,0.13177074486058477,0.7753385239415618
25743,LOF,0.014728293418603414,0.0290279138385391,0.9562437927428574
25744,LOF,0.2176562138040835,0.2953016818816999,0.4870421043142165
25745,LOF,0.02771729163691224,0.03975149489652211,0.9325312134665656
25746,LOF,0.01696815720195479,0.048509451702850086,0.9345223910951951
25747,LOF,0.02679699843338447,0.025323275672879828,0.9478797258937356
25748,LOF,0.11587550152934822,0.04470145404419346,0.8394230444264583
25749,LOF,0.014404374858360953,0.03946561752671744,0.9461300076149215
25750,LOF,0.033922318809521256,0.05708164168653286,0.908996039503946
25751,LOF,0.10582399445767064,0.04743176202650928,0.8467442435158201
25752,GOF,0.11048076617992252,0.6255444190862335,0.26397481473384415
25753,LOF,0.007953476923006639,0.3302289188926181,0.6618176041843753
25754,GOF,0.004525627542610664,0.7963548392751543,0.19911953318223494
25755,LOF,0.008714003852161164,0.4249357718686903,0.5663502242791485
25756,LOF,0.03894059635259801,0.42703261949120447,0.5340267841561975
25757,GOF,0.0056794298221459205,0.8633719574697108,0.13094861270814326
25758,GOF,0.0069245333994990685,0.8685081673078345,0.12456729929266648
25759,GOF,0.00440999936676926,0.5664439282247847,0.429146072408446
25760,LOF,0.004521055399487938,0.29600252109122,0.6994764235092921
25761,GOF,0.04214917453347847,0.8408238878465255,0.11702693761999607
25762,LOF,0.02918501305937407,0.32824890312171756,0.6425660838189083
25763,LOF,0.0057696284597438035,0.23623507921409895,0.7579952923261574
25764,GOF,0.16443634258896295,0.5302227568508071,0.30534090056022994
25765,GOF,0.010700772614723231,0.7832811645703096,0.20601806281496723
25766,GOF,0.017534050999350084,0.8178641677804422,0.1646017812202077
25767,GOF,0.019786841216676974,0.5000132976024658,0.4801998611808571
25768,LOF,0.07371929816535162,0.07092596101687165,0.8553547408177767
25769,LOF,0.08607278553758108,0.05024588241383427,0.8636813320485847
25770,LOF,0.34144276732057866,0.06218507200739798,0.5963721606720234
25771,LOF,0.013858966465144474,0.04893368882175736,0.9372073447130981
25772,LOF,0.01993925697120612,0.02570267437278455,0.9543580686560093
25773,LOF,0.011248616337237621,0.09848784336414451,0.8902635402986179
25774,LOF,0.02492287481194376,0.0656346066478444,0.9094425185402119
25775,LOF,0.015410315245217349,0.04232718418657011,0.9422625005682125
25776,LOF,0.08351018874950195,0.02026043189558344,0.8962293793549145
25777,LOF,0.29231754533798393,0.04273597875109899,0.6649464759109172
25778,LOF,0.07271428164294655,0.0364251955117451,0.8908605228453084
25779,GOF,0.06354222655532094,0.8814227495013885,0.05503502394329065
25780,GOF,0.05825660782901653,0.8641796271672402,0.07756376500374336
25781,GOF,0.028487971821555595,0.8599651715437621,0.11154685663468242
25782,GOF,0.03127477034259884,0.883548673580057,0.08517655607734427
25783,GOF,0.01235045495837712,0.6563093508499606,0.3313401941916624
25784,GOF,0.11479421917908389,0.8353119113552244,0.04989386946569168
25785,GOF,0.07699528572541353,0.8720788314568962,0.05092588281769009
25786,GOF,0.005744652388919378,0.8093055371683427,0.18494981044273784
25787,GOF,0.1866857393096861,0.7719425472093391,0.04137171348097478
25788,LOF,0.047767159088684216,0.11805943038565543,0.8341734105256604
25789,GOF,0.03995701657808481,0.8059166777301282,0.15412630569178687
25790,GOF,0.04087489159384864,0.8439894300035563,0.11513567840259514
25791,GOF,0.027549730951888684,0.7799429543998495,0.19250731464826185
25792,GOF,0.04517715843467344,0.7850258437380028,0.1697969978273238
25793,GOF,0.07619020898820272,0.7369925052629425,0.18681728574885495
25794,GOF,0.1098495113342094,0.6901506251022573,0.1999998635635333
25795,GOF,0.027633846243986966,0.7853916426668945,0.18697451108911853
25796,GOF,0.13534291871528453,0.7620380769516943,0.10261900433302124
25797,GOF,0.037580695962384246,0.597816630405764,0.3646026736318516
25798,GOF,0.0034694647970849274,0.5424277255527965,0.4541028096501185
25799,LOF,0.003271113772426683,0.4180572131535723,0.578671673074001
25800,GOF,0.010954749213219562,0.623810588601021,0.36523466218575934
25801,GOF,0.031026561328640113,0.8149007529060582,0.15407268576530164
25802,GOF,0.019367814407368934,0.7254316759426263,0.25520050965000474
25803,GOF,0.010249630543571316,0.6283167643187074,0.3614336051377214
25804,GOF,0.012801734698572901,0.5074176620651957,0.47978060323623134
25805,GOF,0.021527795476480753,0.6166705348625539,0.36180166966096544
25806,GOF,0.020622098445710283,0.6475958258291659,0.3317820757251238
25807,GOF,0.005777040892975277,0.6343137691231343,0.3599091899838905
25808,GOF,0.01640266206465879,0.6510505199757967,0.33254681795954455
25809,GOF,0.00619196694836284,0.6298742514848722,0.3639337815667649
25810,GOF,0.00520010727876241,0.6406178453298853,0.3541820473913523
25811,GOF,0.09006941119395488,0.8095667394135436,0.10036384939250155
25812,GOF,0.014461910470930112,0.6300117623484284,0.35552632718064153
25813,GOF,0.11025639706973812,0.7382878722122106,0.15145573071805138
25814,GOF,0.03367571087326563,0.7026830872391026,0.26364120188763185
25815,GOF,0.04660583721682435,0.7246023744411604,0.2287917883420152
25816,GOF,0.008273237169057477,0.7614264089968348,0.23030035383410763
25817,GOF,0.0735703628910637,0.7777288673834817,0.1487007697254545
25818,GOF,0.01902779685686107,0.717553564661584,0.26341863848155495
25819,GOF,0.07355415044941908,0.7412868269725182,0.18515902257806277
25820,GOF,0.035195640047842,0.732709404320817,0.2320949556313409
25821,GOF,0.017945862572846857,0.7190035415346332,0.26305059589252006
25822,GOF,0.03678407448262272,0.7258353168953059,0.23738060862207144
25823,GOF,0.012339605349530477,0.5774562551936102,0.41020413945685935
25824,GOF,0.024198178586330825,0.6968736843445177,0.2789281370691514
25825,GOF,0.013069961786255852,0.6741824241773506,0.31274761403639356
25826,GOF,0.005367646251248725,0.639744003859327,0.35488834988942425
25827,GOF,0.007519396141296949,0.6276983667493498,0.36478223710935326
25828,GOF,0.0053476451064421405,0.5498126363929257,0.44483971850063214
25829,GOF,0.002982146435449868,0.6195103040027277,0.3775075495618224
25830,LOF,0.04181977475838247,0.36441616220611134,0.5937640630355062
25831,GOF,0.036077315603399614,0.834973729088837,0.12894895530776324
25832,GOF,0.007899586776432464,0.7719106801154098,0.22018973310815784
25833,GOF,0.02683158542796151,0.8165764436721538,0.15659197089988489
25834,GOF,0.008335992699116926,0.7698703724222514,0.22179363487863155
25835,GOF,0.01759099481158698,0.8267771500351807,0.15563185515323225
25836,GOF,0.006847520486875156,0.7753664558573427,0.2177860236557823
25837,GOF,0.006903750643442764,0.6834125878425611,0.3096836615139961
25838,GOF,0.02003233865054697,0.8483647427941603,0.13160291855529258
25839,GOF,0.045168810065377846,0.8081615087729778,0.14666968116164444
25840,GOF,0.040008465497311164,0.828305667378209,0.13168586712447986
25841,GOF,0.036349107591275624,0.8490537789577018,0.11459711345102264
25842,GOF,0.02404396330563101,0.8638454752459649,0.11211056144840406
25843,GOF,0.026616496485292494,0.8810203488225216,0.09236315469218598
25844,GOF,0.017440068811791415,0.8039498319103864,0.17861009927782223
25845,GOF,0.005563525248080768,0.5829155234144341,0.41152095133748506
25846,GOF,0.027190208278609154,0.8611950793255436,0.11161471239584718
25847,GOF,0.018189481492766335,0.8803457906507798,0.10146472785645388
25848,GOF,0.014076982470301784,0.7950492687005157,0.19087374882918245
25849,GOF,0.004675287619782734,0.6805753367962252,0.3147493755839921
25850,GOF,0.007042477034286631,0.7028130236264896,0.2901444993392238
25851,GOF,0.006388654825223802,0.5903777398470553,0.4032336053277208
25852,GOF,0.1651789347863221,0.5289197997214721,0.30590126549220586
25853,GOF,0.06798356752273835,0.8411483840172314,0.09086804846003033
25854,GOF,0.009667435141616476,0.6650386911478986,0.32529387371048485
25855,GOF,0.014303089862198528,0.5960219084867633,0.38967500165103824
25856,GOF,0.04117008062106684,0.7156035392479069,0.24322638013102618
25857,GOF,0.014665598958259774,0.5569002100435191,0.4284341909982212
25858,GOF,0.008284442831111292,0.5436612353303012,0.44805432183858757
25859,GOF,0.00556121161899819,0.5159504702986407,0.4784883180823611
25860,GOF,0.07441879597234136,0.7899343368466997,0.13564686718095892
25861,GOF,0.10460724544797524,0.8083496738488253,0.08704308070319937
25862,GOF,0.01959743696016057,0.853119941639702,0.12728262140013755
25863,GOF,0.018827035512816538,0.8652746236703761,0.1158983408168073
25864,GOF,0.039701206235275344,0.8806959737021062,0.07960282006261846
25865,GOF,0.03071430423465854,0.8492017239521011,0.1200839718132404
25866,GOF,0.025318525927413914,0.8366188884342137,0.1380625856383724
25867,GOF,0.02560697281741421,0.8705464073199738,0.10384661986261215
25868,GOF,0.05323436637633962,0.8079475929046638,0.13881804071899653
25869,GOF,0.2892705413205608,0.6130618755741063,0.09766758310533286
25870,GOF,0.19021583599006173,0.5468009571990913,0.26298320681084697
25871,GOF,0.02820656674798297,0.85098491197576,0.12080852127625695
25872,GOF,0.01653717468273523,0.7876012400442143,0.19586158527305034
25873,GOF,0.018152586970055215,0.8489599854065248,0.13288742762341993
25874,LOF,0.01781164710358475,0.1308297036241084,0.8513586492723069
25875,LOF,0.0267854737437477,0.03568732952193551,0.9375271967343167
25876,LOF,0.015956776883155457,0.02885639438999892,0.9551868287268456
25877,LOF,0.1193618348640217,0.06551667947119755,0.8151214856647808
25878,LOF,0.04855047147776686,0.08501522330784966,0.8664343052143836
25879,LOF,0.02126102355329096,0.06860836098809239,0.9101306154586165
25880,LOF,0.0398653281641203,0.01126216717367873,0.9488725046622011
25881,Neutral,0.5638903720643165,0.04581503143871089,0.3902945964969726
25882,LOF,0.02443813566339406,0.028169968840357554,0.9473918954962485
25883,LOF,0.07403324196967236,0.020954833681507752,0.9050119243488198
25884,LOF,0.012619249143475003,0.03735790941822907,0.9500228414382959
25885,LOF,0.17950559290933427,0.006232611515823347,0.8142617955748424
25886,LOF,0.3351044340012121,0.040778227817245015,0.6241173381815429
25887,LOF,0.15326533743161697,0.05658803192239995,0.7901466306459832
25888,LOF,0.012973507077242746,0.10878689759459975,0.8782395953281574
25889,LOF,0.014769754104450871,0.02802989965749697,0.9572003462380521
25890,LOF,0.12011037123234317,0.07880739875112772,0.8010822300165291
25891,LOF,0.04287862419498303,0.04137217882844787,0.9157491969765692
25892,LOF,0.011993711868108983,0.042786977931771074,0.9452193102001201
25893,LOF,0.39824740812822035,0.012491988601492799,0.589260603270287
25894,LOF,0.42436974892917484,0.006725856238412038,0.5689043948324132
25895,LOF,0.3467086595123655,0.014896434821072715,0.6383949056665618
25896,LOF,0.04315021212631828,0.02757297801673554,0.9292768098569462
25897,LOF,0.21104128146927723,0.012200857096397523,0.7767578614343252
25898,LOF,0.2181730617968008,0.0349468686934592,0.74688006950974
25899,LOF,0.1879126038980633,0.02636799682762816,0.7857193992743084
25900,LOF,0.47380075960365536,0.011407784723950707,0.5147914556723938
25901,LOF,0.053245218909855535,0.011650709462028406,0.935104071628116
25902,LOF,0.1098508538842908,0.01762903027880996,0.8725201158368993
25903,LOF,0.3389092137879721,0.032744665658354835,0.628346120553673
25904,LOF,0.31015940249355467,0.039767666841409144,0.6500729306650362
25905,LOF,0.006670120341893235,0.4201079038730294,0.5732219757850774
25906,LOF,0.008706882230014984,0.13008264991105636,0.8612104678589286
25907,LOF,0.0040426855013345805,0.3822786878286233,0.6136786266700421
25908,LOF,0.0035214047799887113,0.28864882478051707,0.7078297704394942
25909,LOF,0.013189982289459909,0.16724982398490365,0.8195601937256364
25910,LOF,0.015152464575280682,0.14100268270789285,0.8438448527168265
25911,LOF,0.1527460979189451,0.031067511661120352,0.8161863904199345
25912,LOF,0.07480705855540595,0.04358232129804786,0.8816106201465462
25913,LOF,0.06543854832242658,0.053483250489565135,0.8810782011880082
25914,LOF,0.021010069186010352,0.05637853193938413,0.9226113988746055
25915,LOF,0.15114026977121053,0.3056197136437683,0.5432400165850212
25916,LOF,0.01936662644306039,0.19279309248321874,0.7878402810737208
25917,LOF,0.05419757098820821,0.038135597296761144,0.9076668317150306
25918,LOF,0.025892656009421266,0.032925940859171804,0.9411814031314069
25919,LOF,0.022621424588221056,0.03221766761866341,0.9451609077931155
25920,LOF,0.11051544709766935,0.21923194011466693,0.6702526127876637
25921,LOF,0.009681438934559401,0.032609133441647245,0.9577094276237934
25922,LOF,0.012236269918666979,0.02639959992274872,0.9613641301585842
25923,LOF,0.4747712914816389,0.03472678162726032,0.49050192689110084
25924,LOF,0.017336440224719866,0.040406353852440416,0.9422572059228397
25925,LOF,0.07621688894388608,0.039696883566897836,0.8840862274892161
25926,LOF,0.05801768368119344,0.033863092326525734,0.9081192239922808
25927,LOF,0.020392353301609566,0.06350142773070244,0.916106218967688
25928,LOF,0.007653579372201801,0.046413251193224585,0.9459331694345737
25929,Neutral,0.6054657074411657,0.03641948201435536,0.3581148105444789
25930,LOF,0.06526739233458169,0.03055751023099543,0.904175097434423
25931,LOF,0.009562920873182898,0.03324715242326103,0.957189926703556
25932,LOF,0.03330408760541437,0.026161260172092443,0.9405346522224931
25933,LOF,0.04267264963406892,0.017931578326700517,0.9393957720392306
25934,LOF,0.029398919764036736,0.01859640767636351,0.9520046725595998
25935,LOF,0.07108158645889448,0.044377327160944155,0.8845410863801614
25936,LOF,0.047745068886784946,0.02260729560128723,0.9296476355119278
25937,LOF,0.009099580788616604,0.03371227081491239,0.957188148396471
25938,LOF,0.06848415614601533,0.05260356621702787,0.8789122776369569
25939,LOF,0.03988484930735945,0.021488516979792528,0.938626633712848
25940,LOF,0.009395789344379762,0.30484870858893953,0.6857555020666807
25941,Neutral,0.5367222364832904,0.02759239031872313,0.4356853731979866
25942,LOF,0.004664137036356632,0.0435471309473569,0.9517887320162866
25943,LOF,0.036351075428149714,0.12842489887743003,0.8352240256944203
25944,LOF,0.12549407134974502,0.06803218254016724,0.8064737461100877
25945,LOF,0.05722081301624102,0.01869452806517174,0.9240846589185873
25946,LOF,0.07188910532555698,0.060760566144176964,0.8673503285302661
25947,LOF,0.46137646873412375,0.07000639668047419,0.46861713458540205
25948,LOF,0.3256857027623523,0.009661774078429334,0.6646525231592183
25949,LOF,0.10829401509633978,0.04669759242132634,0.845008392482334
25950,GOF,0.0414881835429829,0.5913029389129748,0.3672088775440423
25951,LOF,0.01450117426301349,0.41143891077495404,0.5740599149620325
25952,LOF,0.2706794997855638,0.28401700329172813,0.44530349692270815
25953,LOF,0.013969054525763702,0.19413096466699745,0.7918999808072389
25954,LOF,0.051383103715289244,0.4475736528570363,0.5010432434276744
25955,LOF,0.009637074316198924,0.18897734007279163,0.8013855856110095
25956,LOF,0.03129143192506246,0.3013319450974102,0.6673766229775273
25957,LOF,0.17120342094884003,0.03617604766477884,0.7926205313863811
25958,LOF,0.04930275152690381,0.028236180914553533,0.9224610675585426
25959,LOF,0.013555289449387862,0.46771397091310357,0.5187307396375086
25960,LOF,0.005849170293238381,0.05125671484813275,0.942894114858629
25961,LOF,0.0383035685238149,0.026129510377918625,0.9355669210982666
25962,LOF,0.036246649065060595,0.07610836979017169,0.8876449811447676
25963,LOF,0.005399568873324348,0.23969059727867761,0.754909833847998
25964,LOF,0.03415417730880895,0.10494432569514392,0.8609014969960472
25965,LOF,0.3198553562540031,0.14293631730820322,0.5372083264377937
25966,Neutral,0.4729439707310162,0.14898151713320992,0.37807451213577387
25967,LOF,0.00603850403000561,0.09283073359031382,0.9011307623796806
25968,LOF,0.05262327665155664,0.25070344486175306,0.6966732784866904
25969,LOF,0.13671759326746838,0.0677369283501667,0.7955454783823649
25970,LOF,0.01725402368908399,0.09155294883599852,0.8911930274749175
25971,LOF,0.06465975406862379,0.027295034256350593,0.9080452116750256
25972,LOF,0.06252346133982238,0.036833419049363936,0.9006431196108138
25973,LOF,0.05910135724900344,0.011739181546298114,0.9291594612046985
25974,LOF,0.03176510312237953,0.038417827227105884,0.9298170696505146
25975,LOF,0.04676900691921558,0.02467313739076572,0.9285578556900187
25976,LOF,0.10203248801061658,0.012167887440325768,0.8857996245490577
25977,LOF,0.18632312071953339,0.05737023739494234,0.7563066418855243
25978,LOF,0.13416533478155926,0.1343740353839911,0.7314606298344496
25979,LOF,0.11923773383785895,0.13307470349856046,0.7476875626635805
25980,LOF,0.24482517033587373,0.1643925788138422,0.5907822508502841
25981,LOF,0.2721533238728078,0.16076536765212546,0.5670813084750668
25982,LOF,0.39931076537957316,0.10848148644435293,0.49220774817607393
25983,LOF,0.37248786712862014,0.12284422421488515,0.5046679086564947
25984,LOF,0.04386683491744525,0.06000935300151388,0.8961238120810409
25985,LOF,0.42404720733445256,0.10385578550818722,0.47209700715736025
25986,LOF,0.010713295925573026,0.36969514156052585,0.6195915625139011
25987,LOF,0.03546037218792018,0.09214815264920287,0.872391475162877
25988,LOF,0.1706032229797497,0.0935639232001273,0.735832853820123
25989,LOF,0.040012785152551814,0.12967036804866572,0.8303168467987825
25990,LOF,0.04259024772674135,0.20901152613816787,0.7483982261350909
25991,LOF,0.020747654679774553,0.36173960583549325,0.6175127394847322
25992,LOF,0.02172319788987735,0.3617444311282571,0.6165323709818656
25993,LOF,0.02093253872809359,0.09670576823469079,0.8823616930372156
25994,LOF,0.015010461957281758,0.08961304825313918,0.8953764897895791
25995,LOF,0.020080913232257705,0.1840837688217413,0.7958353179460009
25996,LOF,0.33823405856986294,0.3096993714739207,0.35206656995621644
25997,LOF,0.08020376242251888,0.3408185168609294,0.5789777207165516
25998,LOF,0.29151856824553,0.04698073211293091,0.661500699641539
25999,LOF,0.01674492706353343,0.2673260115993181,0.7159290613371484
26000,LOF,0.15879230564043673,0.030826702769500034,0.8103809915900632
26001,LOF,0.3061636494082532,0.025380976011776805,0.66845537457997
26002,LOF,0.07941653224206582,0.04786829519684451,0.8727151725610895
26003,GOF,0.003753536017251377,0.6227865598573843,0.3734599041253643
26004,GOF,0.005983450652720698,0.7058780148672557,0.28813853448002363
26005,GOF,0.0029465020096069387,0.5150955228316889,0.4819579751587042
26006,GOF,0.06927289674729746,0.5912765193858572,0.3394505838668453
26007,GOF,0.006082936385702175,0.5966101213010503,0.3973069423132475
26008,GOF,0.005133725841921026,0.6638690905853499,0.330997183572729
26009,GOF,0.0059753656700495894,0.6716007006397603,0.3224239336901901
26010,GOF,0.006687976055981527,0.7039033386325124,0.2894086853115061
26011,GOF,0.002699472460091897,0.5133341620344304,0.4839663655054778
26012,GOF,0.0037496068881118128,0.5733300033917278,0.4229203897201604
26013,GOF,0.0049212984756808065,0.648589467978603,0.34648923354571626
26014,LOF,0.04680930245077547,0.11008330739136438,0.8431073901578603
26015,LOF,0.10989836228611653,0.02032898811553219,0.8697726495983513
26016,LOF,0.26764211954752576,0.0389514740128205,0.6934064064396537
26017,LOF,0.023841841355261382,0.19164477660505538,0.7845133820396833
26018,LOF,0.0642972276529481,0.03929579646419062,0.8964069758828613
26019,LOF,0.06203751617495061,0.030868708205882563,0.9070937756191668
26020,LOF,0.007840747719019055,0.19811137798217715,0.7940478742988039
26021,LOF,0.06446469183564249,0.06403434290932708,0.8715009652550305
26022,LOF,0.025469728110091072,0.02349620604393558,0.9510340658459733
26023,LOF,0.04324863541799483,0.023159297957298614,0.9335920666247065
26024,LOF,0.039559875795321886,0.0712153990091499,0.8892247251955283
26025,LOF,0.05929495318439525,0.06750186522789924,0.8732031815877055
26026,LOF,0.11990411640950432,0.0488695801999085,0.8312263033905872
26027,LOF,0.050536760418474526,0.018446275027887947,0.9310169645536375
26028,LOF,0.08782887059678061,0.1163421403363538,0.7958289890668655
26029,LOF,0.02772730134192965,0.19929457188184388,0.7729781267762265
26030,LOF,0.14086803021183908,0.02589566080507972,0.8332363089830812
26031,LOF,0.013649756053914481,0.1516878472905541,0.8346623966555313
26032,LOF,0.08199805143538061,0.0648901296040891,0.8531118189605302
26033,LOF,0.08309419890524558,0.06028989324678057,0.8566159078479738
26034,LOF,0.014273248863710364,0.17041755056718577,0.8153092005691038
26035,LOF,0.01333406420912127,0.1306498348843806,0.856016100906498
26036,LOF,0.016891440254153667,0.16811551755113577,0.8149930421947105
26037,LOF,0.01135301737089811,0.1133672859315995,0.8752796966975024
26038,LOF,0.0689664571275651,0.06175016487198465,0.8692833780004502
26039,LOF,0.021172424557941032,0.16309551900055963,0.8157320564414994
26040,LOF,0.10745336808417319,0.15585850091550485,0.736688131000322
26041,LOF,0.013088206789482878,0.10271521578650218,0.884196577424015
26042,LOF,0.011976565739109539,0.10219755575198786,0.8858258785089026
26043,LOF,0.06851453137869869,0.07990326818553847,0.8515822004357628
26044,LOF,0.0137735844932186,0.06131894050077877,0.9249074750060027
26045,LOF,0.050956677882866806,0.10775209816633714,0.841291223950796
26046,LOF,0.06047607464140928,0.0629116710984599,0.8766122542601308
26047,LOF,0.10523771539928564,0.06458191626975349,0.8301803683309608
26048,LOF,0.047255020623768865,0.04087610055165017,0.911868878824581
26049,Neutral,0.9657588345992081,0.0060344618400451034,0.028206703560746945
26050,Neutral,0.9516290031149356,0.007787276599036084,0.040583720286028545
26051,LOF,0.01700896659989068,0.17262806703163036,0.8103629663684789
26052,LOF,0.024740340026390886,0.21474894778560816,0.7605107121880009
26053,LOF,0.021349995046294777,0.1593487163774216,0.8193012885762837
26054,LOF,0.04781521413989076,0.015032865053485474,0.9371519208066238
26055,LOF,0.06095033404164188,0.014288718727155229,0.9247609472312028
26056,LOF,0.04984138360324843,0.01682026258634083,0.9333383538104107
26057,LOF,0.03359799961378537,0.010848989076321541,0.9555530113098931
26058,LOF,0.03482275409023349,0.00973001790258219,0.9554472280071844
26059,LOF,0.31284786716902163,0.017510357349399677,0.6696417754815787
26060,LOF,0.009508501746665897,0.1333958407245985,0.8570956575287356
26061,LOF,0.005066610906050817,0.012899589219629819,0.9820337998743193
26062,LOF,0.004107031423432374,0.01717257299742047,0.978720395579147
26063,LOF,0.02241045879757288,0.00877310001053818,0.9688164411918889
26064,LOF,0.006577578290351592,0.01969820902604454,0.9737242126836039
26065,LOF,0.02388596637982691,0.010059137747109093,0.9660548958730641
26066,LOF,0.021712844520934915,0.00947881894583083,0.9688083365332343
26067,LOF,0.028799846293634607,0.007790350601659598,0.9634098031047059
26068,LOF,0.042302502361889475,0.027268859547066957,0.9304286380910436
26069,LOF,0.2725031288423942,0.01651750841988628,0.7109793627377196
26070,LOF,0.45130490521395716,0.011833692713739522,0.5368614020723034
26071,LOF,0.021730964529790692,0.009732945445966012,0.9685360900242432
26072,LOF,0.0053832160233783155,0.02075997836010388,0.9738568056165179
26073,LOF,0.018998825112741397,0.011884632055185756,0.9691165428320728
26074,Neutral,0.9136272732632793,0.005762924716462306,0.08060980202025825
26075,LOF,0.040209066756475335,0.013954668409013916,0.9458362648345107
26076,LOF,0.03939924077791326,0.008421873066482484,0.9521788861556043
26077,LOF,0.10418127158187264,0.0078465892179792,0.8879721392001483
26078,LOF,0.005521609474972881,0.01240622642560714,0.98207216409942
26079,LOF,0.05298958918323666,0.014998373684191803,0.9320120371325716
26080,LOF,0.050504448015357216,0.015062996194118305,0.9344325557905244
26081,LOF,0.030069566807658644,0.006924257092587291,0.9630061760997539
26082,LOF,0.00452534590595503,0.014359664500604389,0.9811149895934407
26083,LOF,0.13358373435409612,0.014099017342389943,0.852317248303514
26084,LOF,0.03367929788540884,0.011946847365054318,0.9543738547495367
26085,LOF,0.03008306907582041,0.0109579284332466,0.958959002490933
26086,LOF,0.020636356697782444,0.010111319366677493,0.96925232393554
26087,LOF,0.02151699147955012,0.008515831312363964,0.9699671772080859
26088,LOF,0.005591439240597205,0.022175537775591198,0.9722330229838115
26089,LOF,0.03895575886169309,0.021003705093367638,0.9400405360449393
26090,LOF,0.038176414640996616,0.01649366605472898,0.9453299193042745
26091,LOF,0.0298239102768828,0.006622984639937178,0.96355310508318
26092,LOF,0.020897125737825713,0.007381723932258791,0.9717211503299155
26093,LOF,0.03911519182277678,0.005859531515342932,0.9550252766618803
26094,LOF,0.028897325146611544,0.006365729581104174,0.9647369452722844
26095,LOF,0.015613330587640296,0.016610884819126922,0.9677757845932327
26096,LOF,0.14857649390133293,0.005826039274656195,0.8455974668240109
26097,LOF,0.004798027359849002,0.036677218587509955,0.9585247540526411
26098,LOF,0.0676417729722054,0.012798460389428041,0.9195597666383666
26099,LOF,0.01927775626920383,0.012342171929704366,0.9683800718010919
26100,LOF,0.021686332871646223,0.012064294312006923,0.9662493728163468
26101,LOF,0.04754115813868952,0.01695470348825677,0.9355041383730538
26102,LOF,0.021326844230223106,0.012415725760004073,0.9662574300097727
26103,Neutral,0.877018078943472,0.01793883549686057,0.10504308555966743
26104,LOF,0.06421330295749475,0.020907412606376182,0.9148792844361291
26105,LOF,0.19511262521393805,0.16675650948335996,0.638130865302702
26106,LOF,0.32535834476145065,0.12579454387949462,0.5488471113590547
26107,LOF,0.02206809852411718,0.1079067627767709,0.8700251386991119
26108,LOF,0.3550507088066798,0.037802165822822524,0.6071471253704976
26109,LOF,0.03402589705237217,0.07197608861619036,0.8939980143314376
26110,LOF,0.18043763592155168,0.006615811317066945,0.8129465527613813
26111,LOF,0.08534903148446264,0.07715693939421714,0.8374940291213202
26112,LOF,0.03444306971878767,0.006845782123192874,0.9587111481580194
26113,LOF,0.06141615696890372,0.016013571033414716,0.9225702719976816
26114,LOF,0.06784048979237196,0.012241742124110843,0.9199177680835172
26115,LOF,0.017586315752426425,0.0718710917549106,0.9105425924926629
26116,LOF,0.07944197179077675,0.044999738472899245,0.8755582897363239
26117,LOF,0.4087625749690077,0.04193630645729394,0.5493011185736985
26118,LOF,0.03479342103000437,0.02045243053597272,0.944754148434023
26119,LOF,0.004583067971319673,0.043620657650101174,0.951796274378579
26120,LOF,0.025049543358665487,0.017193170306652173,0.9577572863346823
26121,LOF,0.004134145529072095,0.1424869939819774,0.8533788604889505
