feature0,prediction,LoGoFunc_Neutral,LoGoFunc_GOF,LoGoFunc_LOF
25546,Neutral,0.6355338113290774,0.06621093544391743,0.2982552532270052
25547,Neutral,0.5295616390791277,0.12218782181770094,0.34825053910317155
25548,Neutral,0.4908286607673244,0.08365432392826329,0.4255170153044123
25549,LOF,0.4567458535384995,0.08375179673142594,0.4595023497300746
25550,LOF,0.37689369324042166,0.16696306405710218,0.45614324270247625
25551,LOF,0.30372297379667296,0.1590200551882042,0.5372569710151228
25552,LOF,0.16714176093849217,0.17030958476591293,0.662548654295595
25553,Neutral,0.8180119835952037,0.04488643864823243,0.13710157775656398
25554,LOF,0.20868207756047638,0.17165726154491276,0.6196606608946109
25555,LOF,0.16441410236592352,0.1547372798388161,0.6808486177952603
25556,Neutral,0.4905088761362876,0.12100141890181179,0.3884897049619007
25557,LOF,0.1590101155093678,0.1604491812623847,0.6805407032282476
25558,LOF,0.20475684315791404,0.18154676318431318,0.6136963936577728
25559,Neutral,0.5738654930209669,0.053644793489449366,0.37248971348958365
25560,LOF,0.04309279916656607,0.3205227540329766,0.6363844468004572
25561,LOF,0.07860822638823987,0.3759241925848886,0.5454675810268715
25562,LOF,0.10429851172076375,0.21737331805491483,0.6783281702243215
25563,LOF,0.1047939545684652,0.21135046981163624,0.6838555756198985
25564,LOF,0.05963813468308142,0.31946958569467754,0.620892279622241
25565,LOF,0.14641248224939307,0.24680253765708737,0.6067849800935196
25566,GOF,0.015727088951172773,0.7500596275386184,0.23421328351020881
25567,LOF,0.012152985230957654,0.1052641803613499,0.8825828344076925
25568,LOF,0.041021493935840106,0.06251249491930036,0.8964660111448595
25569,LOF,0.05475474204870464,0.06499905296476277,0.8802462049865325
25570,LOF,0.061764017980516735,0.09375422416006797,0.8444817578594153
25571,LOF,0.06606548375152321,0.08852818650916698,0.8454063297393098
25572,LOF,0.0667780472540239,0.11755664448856105,0.815665308257415
25573,LOF,0.025372828525384757,0.07117196248337233,0.9034552089912429
25574,LOF,0.014849955192489144,0.12359801062392888,0.861552034183582
25575,LOF,0.05125227001501841,0.09130173093729757,0.857445999047684
25576,LOF,0.018260318250424287,0.08756279969481472,0.894176882054761
25577,LOF,0.012195912640179654,0.11298479921533794,0.8748192881444823
25578,LOF,0.22342081136308833,0.08093174716473384,0.6956474414721778
25579,LOF,0.2247868673349371,0.08020852285508916,0.6950046098099738
25580,LOF,0.033904259171774594,0.08022071208716046,0.8858750287410649
25581,LOF,0.045532671957062835,0.06388694847369383,0.8905803795692433
25582,LOF,0.04530943509893263,0.06114176478073547,0.893548800120332
25583,LOF,0.04217449292548392,0.09154111242733871,0.8662843946471774
25584,Neutral,0.4889292470396649,0.07088423038484319,0.44018652257549196
25585,LOF,0.028639115486244947,0.08618926441602114,0.8851716200977339
25586,LOF,0.030898227395601753,0.0663318717252469,0.9027699008791514
25587,LOF,0.029858863765176005,0.05567700738237253,0.9144641288524515
25588,LOF,0.029752466673887056,0.07281237611118985,0.8974351572149231
25589,Neutral,0.6251334690812859,0.07887070837152452,0.29599582254718965
25590,LOF,0.024575893500916397,0.1088693681931589,0.8665547383059247
25591,LOF,0.09953612372513486,0.05185216188852702,0.8486117143863381
25592,LOF,0.09527472897205198,0.11620436331531299,0.7885209077126349
25593,LOF,0.013746304781759934,0.20451760186654475,0.7817360933516952
25594,LOF,0.033530545819038,0.20113580281772261,0.7653336513632395
25595,LOF,0.06446513259104349,0.15010606024045292,0.7854288071685035
25596,LOF,0.07857550190207915,0.10368988622418714,0.8177346118737338
25597,LOF,0.0729456846862332,0.05003877259664021,0.8770155427171267
25598,LOF,0.04347472720378604,0.21546573781063563,0.7410595349855783
25599,GOF,0.006718069500976896,0.5685777989397816,0.42470413155924147
25600,GOF,0.007975637024958734,0.5396117255715385,0.45241263740350285
25601,LOF,0.006956287865865788,0.35874573632342455,0.6342979758107097
25602,LOF,0.012971351778506357,0.06127191230703338,0.9257567359144603
25603,LOF,0.040585560820381034,0.024802064546176974,0.9346123746334419
25604,LOF,0.03587030401301677,0.055519430121660614,0.9086102658653226
25605,LOF,0.011137926589794282,0.1686079548635757,0.82025411854663
25606,LOF,0.05166955412978292,0.4237998950975356,0.5245305507726815
25607,LOF,0.003737475996462946,0.13390904043370366,0.8623534835698334
25608,LOF,0.0522428738750429,0.05305918389856168,0.8946979422263954
25609,LOF,0.06394703537282492,0.29050121925228956,0.6455517453748856
25610,LOF,0.04556988807572654,0.046652041333328904,0.9077780705909445
25611,LOF,0.05528653987659854,0.03354873535487581,0.9111647247685256
25612,LOF,0.11939428869469718,0.08364681980084296,0.7969588915044599
25613,LOF,0.10280548107180323,0.07086216438109258,0.8263323545471042
25614,LOF,0.035472425934696517,0.060170003159899225,0.9043575709054041
25615,LOF,0.07521644663624166,0.0722895079056327,0.8524940454581256
25616,LOF,0.03940237627945657,0.0858577739055328,0.8747398498150105
25617,LOF,0.04642609134942385,0.07214603434735425,0.8814278743032219
25618,LOF,0.2824918587715999,0.06507478630870231,0.6524333549196978
25619,LOF,0.04278719937231155,0.05770882742482314,0.8995039732028653
25620,LOF,0.039476980058960755,0.08637461843049095,0.8741484015105483
25621,LOF,0.04657397762170599,0.058229527251469834,0.8951964951268241
25622,LOF,0.03237429150253008,0.08360917733700063,0.8840165311604694
25623,LOF,0.05443890020589143,0.053617790455967526,0.8919433093381411
25624,LOF,0.029515409000101363,0.06828725378159846,0.9021973372183001
25625,LOF,0.04133197936900293,0.0810386196296906,0.8776294010013064
25626,LOF,0.07775970828819585,0.059618583122091576,0.8626217085897125
25627,Neutral,0.5807269722177398,0.12081030309266509,0.29846272468959517
25628,LOF,0.2028319185306339,0.06368408449287774,0.7334839969764884
25629,LOF,0.06130918789243938,0.14135793214068332,0.7973328799668773
25630,LOF,0.16863424421961407,0.10059619994022316,0.7307695558401628
25631,Neutral,0.599373259675783,0.0732430846460417,0.32738365567817523
25632,LOF,0.021789868893412122,0.06404904555979124,0.9141610855467966
25633,LOF,0.24210841558894597,0.08984625921797423,0.6680453251930798
25634,LOF,0.038633488173952804,0.08069403513354913,0.8806724766924982
25635,LOF,0.03840266456867273,0.06605290545611758,0.8955444299752098
25636,GOF,0.005335936083520601,0.6497452072898038,0.34491885662667565
25637,GOF,0.003738277036884844,0.5965613078900147,0.39970041507310056
25638,GOF,0.006534687083180786,0.5493838529833776,0.44408145993344167
25639,LOF,0.0041889156595746975,0.48698458138059214,0.5088265029598331
25640,GOF,0.32142148062952075,0.6245076484010521,0.05407087096942719
25641,LOF,0.005808052268918365,0.28681923996240344,0.7073727077686782
25642,LOF,0.23946431934421183,0.09803876352879648,0.6624969171269917
25643,LOF,0.23839972646079305,0.17171409758010941,0.5898861759590975
25644,GOF,0.015057666958749803,0.6642602115359454,0.32068212150530484
25645,GOF,0.01220317521595609,0.594198359160908,0.39359846562313594
25646,LOF,0.0115711451152025,0.4144235094802584,0.5740053454045391
25647,LOF,0.010600843318739919,0.3013604219391489,0.6880387347421113
25648,LOF,0.007912554174657915,0.41621281250005937,0.5758746333252827
25649,LOF,0.008090867691058766,0.2355274773080954,0.7563816550008459
25650,GOF,0.025855136106128673,0.5355963657721634,0.438548498121708
25651,LOF,0.006460992303926739,0.2676683656091269,0.7258706420869464
25652,LOF,0.013026609550332705,0.36663296531970074,0.6203404251299666
25653,GOF,0.05199054838666772,0.5468758488723116,0.40113360274102067
25654,LOF,0.008285037928692736,0.34184700069057844,0.6498679613807289
25655,GOF,0.08502164588222598,0.5079478956226481,0.4070304584951259
25656,LOF,0.09280137782038675,0.17039371330265857,0.7368049088769547
25657,LOF,0.27979371497362254,0.07107690785310689,0.6491293771732706
25658,LOF,0.037835618275780164,0.2952088827369792,0.6669554989872406
25659,LOF,0.23491041512939406,0.1623261263722113,0.6027634584983946
25660,LOF,0.10008931867581837,0.0877813665164715,0.8121293148077102
25661,LOF,0.07659308749654367,0.07368822170012065,0.8497186908033357
25662,LOF,0.039262381437241846,0.06718629474530562,0.8935513238174525
25663,LOF,0.05038012321028529,0.11533875011079937,0.8342811266789154
25664,LOF,0.03131413606565993,0.19190323821840505,0.7767826257159349
25665,LOF,0.04389219259805959,0.07566228158752993,0.8804455258144105
25666,LOF,0.041091114170126564,0.2095333260781171,0.7493755597517563
25667,LOF,0.040027488441854026,0.05400843267006032,0.9059640788880856
25668,LOF,0.05713779424522473,0.0683996034575083,0.874462602297267
25669,LOF,0.05640570221978519,0.09837314997143111,0.8452211478087837
25670,LOF,0.0843164068040405,0.11294687656497031,0.8027367166309892
25671,LOF,0.05170003943043321,0.053209112594277526,0.8950908479752893
25672,LOF,0.04817976126555639,0.08175773105942545,0.870062507675018
25673,LOF,0.03677954645803568,0.08961491024159808,0.8736055433003662
25674,LOF,0.02652626854625301,0.11453446060877619,0.8589392708449709
25675,LOF,0.033773401654860584,0.0838456403910124,0.8823809579541271
25676,LOF,0.038145454381146145,0.07578079157170135,0.8860737540471524
25677,LOF,0.09446566020476686,0.05986713225401158,0.8456672075412215
25678,LOF,0.19500728586192256,0.047711405284163136,0.7572813088539142
25679,LOF,0.12366148551122609,0.059473623738752174,0.8168648907500217
25680,LOF,0.09895371533707267,0.09593655316619816,0.805109731496729
25681,LOF,0.10867952681580288,0.09733632749473066,0.7939841456894664
25682,LOF,0.05594649502612668,0.057286821183341635,0.8867666837905316
25683,LOF,0.07743659306551348,0.08551674928432695,0.8370466576501595
25684,LOF,0.07283361425906978,0.06453875723314648,0.8626276285077837
25685,LOF,0.13178624511407938,0.05498243217573517,0.8132313227101855
25686,LOF,0.025075915070697685,0.09979420589449932,0.8751298790348029
25687,LOF,0.0529708039492259,0.10874410626020593,0.8382850897905683
25688,LOF,0.021382692071998447,0.06278749767682558,0.9158298102511759
25689,LOF,0.01835171621882408,0.03148644335250237,0.9501618404286736
25690,LOF,0.021306255989117708,0.03824520868244394,0.9404485353284383
25691,LOF,0.13645995808105715,0.0657908472118336,0.7977491947071091
25692,LOF,0.2753794155707266,0.012095920337068569,0.7125246640922047
25693,LOF,0.03204645627553433,0.277224470240878,0.6907290734835877
25694,LOF,0.22998371324294142,0.01071289187111466,0.7593033948859438
25695,LOF,0.1699992762606783,0.024791739766831324,0.8052089839724904
25696,LOF,0.08543054327594046,0.02275738985888564,0.8918120668651739
25697,LOF,0.07194179527259105,0.04429977245275619,0.8837584322746527
25698,LOF,0.015127756113396973,0.4249063755825099,0.5599658683040932
25699,LOF,0.09322119645459873,0.13730668941210436,0.7694721141332967
25700,LOF,0.037001401436190975,0.023983160098617663,0.9390154384651913
25701,LOF,0.012683354931742451,0.14122664829164605,0.8460899967766116
25702,GOF,0.025994408481058995,0.7942090117587213,0.1797965797602198
25703,LOF,0.015817980688069156,0.2798529898826459,0.7043290294292849
25704,LOF,0.07880643734523084,0.1832692268673465,0.7379243357874227
25705,LOF,0.061186644282485096,0.16108935834905805,0.7777239973684569
25706,GOF,0.018424533097096425,0.633373449593629,0.3482020173092747
25707,GOF,0.02813526364937798,0.4955169743116635,0.4763477620389584
25708,LOF,0.007763124555397799,0.44957727839863215,0.5426595970459701
25709,LOF,0.02917799385232649,0.06181631498631912,0.9090056911613544
25710,LOF,0.005847535284351709,0.13053010646396032,0.863622358251688
25711,LOF,0.029778264673657955,0.11723271288218448,0.8529890224441575
25712,LOF,0.008207142445030095,0.18490968632917518,0.8068831712257947
25713,LOF,0.02962591813510382,0.09938903003790357,0.8709850518269927
25714,LOF,0.025542004218770283,0.13103758474918675,0.8434204110320429
25715,LOF,0.036644829896068834,0.11301279529492173,0.8503423748090094
25716,LOF,0.0063982173944270365,0.1349459420964231,0.8586558405091499
25717,LOF,0.006238103123741127,0.11519361567939017,0.8785682811968687
25718,LOF,0.031704016677243825,0.07496998092477622,0.89332600239798
25719,LOF,0.04150165711491366,0.09911704443012188,0.8593812984549645
25720,LOF,0.03831307469652789,0.11254055201486855,0.8491463732886034
25721,LOF,0.029799276382918197,0.11339421268583116,0.8568065109312507
25722,LOF,0.018567529602003002,0.1448696774638038,0.8365627929341932
25723,LOF,0.03344000650355542,0.09664142025087688,0.8699185732455677
25724,LOF,0.04754686073810396,0.2181619639864592,0.7342911752754369
25725,LOF,0.03424568985672356,0.08551748252807786,0.8802368276151986
25726,LOF,0.02045937641300962,0.1366811391278394,0.8428594844591509
25727,LOF,0.029901177012888962,0.09477615739141655,0.8753226655956946
25728,LOF,0.029591419372637883,0.11399951500349646,0.8564090656238657
25729,LOF,0.02747401837547151,0.12799374895494176,0.8445322326695868
25730,LOF,0.036597552346857264,0.07593626052318352,0.8874661871299592
25731,LOF,0.010082974622070391,0.08665434801506842,0.9032626773628611
25732,LOF,0.02109042401701806,0.07007985179032612,0.9088297241926558
25733,LOF,0.037222082875528556,0.07930078748823632,0.8834771296362351
25734,LOF,0.006700652608077232,0.25542872092615404,0.7378706264657687
25735,LOF,0.026777491031536396,0.08658020093403784,0.8866423080344258
25736,LOF,0.024295717429572428,0.15217585835138112,0.8235284242190464
25737,LOF,0.035800492135212185,0.10638077527858132,0.8578187325862066
25738,LOF,0.028103786768685798,0.15022046830652083,0.8216757449247934
25739,LOF,0.028053657156054086,0.10446885354006208,0.8674774893038838
25740,LOF,0.03813014488683572,0.12398551834599744,0.8378843367671668
25741,LOF,0.044517308773001904,0.10146912903456679,0.8540135621924312
25742,LOF,0.058136353585006566,0.10808295807147514,0.8337806883435183
25743,LOF,0.012800249711807167,0.026067116602423397,0.9611326336857695
25744,LOF,0.20954067933944898,0.1620490628398162,0.6284102578207348
25745,LOF,0.04282541403188687,0.05553289917641646,0.9016416867916968
25746,LOF,0.016113641837713757,0.09347759396973959,0.8904087641925467
25747,LOF,0.050987362388119066,0.03287361462902641,0.9161390229828544
25748,LOF,0.3117385096491345,0.08031613103764745,0.607945359313218
25749,LOF,0.016037924624923282,0.05319816774090624,0.9307639076341705
25750,LOF,0.02238014419183365,0.05660656051853401,0.9210132952896323
25751,LOF,0.0442630780175058,0.05826198503820044,0.8974749369442937
25752,GOF,0.07680669044526849,0.7080133225647853,0.21517998698994625
25753,LOF,0.007247071490768348,0.46764963910557233,0.5251032894036594
25754,GOF,0.0072369821611577385,0.9013215120312753,0.09144150580756685
25755,LOF,0.00750440021047985,0.4511578919392003,0.5413377078503199
25756,LOF,0.01994256185237967,0.4796868921851099,0.5003705459625104
25757,GOF,0.008113696525920915,0.876092103598277,0.11579419987580199
25758,GOF,0.008412725806560883,0.9107418960790377,0.0808453781144014
25759,GOF,0.005588140495557045,0.6824041701715715,0.3120076893328715
25760,LOF,0.004954423562746152,0.3487509981394537,0.6462945782978001
25761,GOF,0.04441675709463119,0.8869458779607644,0.0686373649446043
25762,LOF,0.02287529094770834,0.4031868620334197,0.573937847018872
25763,LOF,0.005303845103568173,0.32567203529941935,0.6690241195970126
25764,GOF,0.06202241445378182,0.7300638538257909,0.2079137317204273
25765,GOF,0.00835397890450734,0.9003696699118143,0.09127635118367823
25766,GOF,0.023908720069129755,0.865793405432028,0.11029787449884235
25767,GOF,0.015539237662081798,0.5010002276849924,0.4834605346529257
25768,LOF,0.05725860884252931,0.03672359727611531,0.9060177938813554
25769,LOF,0.02653698096029462,0.09722447502739791,0.8762385440123075
25770,LOF,0.14081416769680094,0.18012199290479836,0.6790638393984008
25771,LOF,0.01751226707315621,0.12392806724511118,0.8585596656817327
25772,LOF,0.02883111388889164,0.04734381342091171,0.9238250726901966
25773,LOF,0.014348098086013008,0.11110512053284373,0.8745467813811432
25774,LOF,0.023272567794077336,0.27888515034917244,0.6978422818567501
25775,LOF,0.01755804095818166,0.05765606300657287,0.9247858960352455
25776,LOF,0.029440186324257635,0.02923630372520383,0.9413235099505386
25777,LOF,0.2879400698420203,0.16924616864194972,0.54281376151603
25778,LOF,0.02584694927960081,0.1120773157870394,0.8620757349333598
25779,GOF,0.053503573808263816,0.8683274804755112,0.07816894571622493
25780,GOF,0.06542972017992042,0.8680743415443228,0.06649593827575656
25781,GOF,0.027321800371290908,0.820071708601025,0.15260649102768423
25782,GOF,0.03672693576655512,0.8884633800756674,0.07480968415777751
25783,GOF,0.03693801920850361,0.8988376007577212,0.0642243800337753
25784,GOF,0.12420262484483596,0.822000817251926,0.05379655790323801
25785,GOF,0.12106876439222033,0.843160453670133,0.03577078193764655
25786,GOF,0.011604555910375456,0.8715421689159425,0.11685327517368213
25787,GOF,0.2765942064664208,0.6795546352770769,0.04385115825650239
25788,LOF,0.018015128097547406,0.208754577661603,0.7732302942408495
25789,GOF,0.019357467486512896,0.8551052515803799,0.12553728093310726
25790,GOF,0.029469691396189695,0.8901487696291213,0.08038153897468894
25791,GOF,0.02602737663108605,0.7330741435051631,0.2408984798637508
25792,GOF,0.03342994180178539,0.7868675458346889,0.1797025123635258
25793,GOF,0.05423586004399094,0.8378770920221383,0.10788704793387076
25794,GOF,0.044888591875594415,0.7120453615678634,0.24306604655654226
25795,GOF,0.053570442071091594,0.7474565250986912,0.19897303283021722
25796,GOF,0.13024219944959525,0.7742160585052942,0.09554174204511053
25797,GOF,0.0705358817127871,0.7310259856487669,0.19843813263844604
25798,GOF,0.006991282199311972,0.8003065971057594,0.19270212069492873
25799,GOF,0.0045021444840284254,0.7121185399058994,0.2833793156100721
25800,GOF,0.0240243489698989,0.8585318303935986,0.11744382063650247
25801,GOF,0.023806896498067533,0.8855161865834399,0.09067691691849268
25802,GOF,0.026619066003984396,0.7966298929046965,0.17675104109131903
25803,GOF,0.02130794964240997,0.7635006679747105,0.21519138238287944
25804,GOF,0.03224618013788205,0.7997768665576308,0.1679769533044871
25805,GOF,0.029042034266031608,0.8302874692823107,0.1406704964516576
25806,GOF,0.03802957450704073,0.8357028022069083,0.126267623286051
25807,GOF,0.01497684725070166,0.7739931612740274,0.21102999147527085
25808,GOF,0.02444062331262455,0.8052881584947201,0.17027121819265528
25809,GOF,0.014296770718644786,0.7579572721372007,0.22774595714415466
25810,GOF,0.012810719894463534,0.757138462848948,0.23005081725658838
25811,GOF,0.07457358318537304,0.8557490880579839,0.06967732875664308
25812,GOF,0.03394042141742141,0.7724549264266821,0.19360465215589648
25813,GOF,0.19520559234874638,0.7231418666599568,0.08165254099129676
25814,GOF,0.03200010279814965,0.7688184142181949,0.1991814829836555
25815,GOF,0.06800757712463057,0.8101032258357104,0.12188919703965907
25816,GOF,0.01239992574780209,0.8890893872419131,0.09851068701028479
25817,GOF,0.12614610181483907,0.7575857775035602,0.11626812068160086
25818,GOF,0.030370088700967694,0.7896556586307051,0.17997425266832728
25819,GOF,0.05380778859975393,0.7793571257770312,0.1668350856232148
25820,GOF,0.05523516087768189,0.7411156508509361,0.20364918827138195
25821,GOF,0.038733026402222946,0.7869170126181847,0.1743499609795922
25822,GOF,0.06251993128663953,0.7686953783881528,0.1687846903252076
25823,GOF,0.0305278705973588,0.7292484809565273,0.24022364844611385
25824,GOF,0.03377264410970604,0.8013833497402156,0.16484400615007844
25825,GOF,0.02413769754357439,0.7983548119554056,0.17750749050102005
25826,GOF,0.013510588553321571,0.7526244559145753,0.23386495553210315
25827,GOF,0.018499670705430977,0.7658055723405793,0.21569475695398965
25828,GOF,0.011484204679105282,0.800659650444916,0.1878561448759786
25829,GOF,0.004925877812989913,0.6967081365716766,0.2983659856153334
25830,GOF,0.05008497475348682,0.5695221638142822,0.38039286143223094
25831,GOF,0.0729537366296363,0.8074907263397896,0.1195555370305741
25832,GOF,0.011057786836453259,0.7501525100108227,0.23878970315272405
25833,GOF,0.04084126033399281,0.8148370697889042,0.14432166987710296
25834,GOF,0.011363770536775189,0.7656317279331741,0.2230045015300506
25835,GOF,0.027051379365314578,0.8448501185718158,0.12809850206286957
25836,GOF,0.007759978701122906,0.7751143117176966,0.21712570958118044
25837,GOF,0.009614955976355456,0.7902511843013401,0.20013385972230444
25838,GOF,0.020222853349955393,0.844172542279049,0.13560460437099559
25839,GOF,0.0468415073988874,0.8122326997889115,0.14092579281220105
25840,GOF,0.08329851816936554,0.7873290258426385,0.12937245598799607
25841,GOF,0.07770509203993531,0.8201324148881637,0.10216249307190094
25842,GOF,0.027136242897148544,0.8872674947664786,0.08559626233637299
25843,GOF,0.025435967980047786,0.8897967180932883,0.08476731392666394
25844,GOF,0.02024918868925175,0.8210708218753335,0.15867998943541478
25845,GOF,0.0071077691283828286,0.7221397107464551,0.2707525201251621
25846,GOF,0.07558998374263916,0.8393498801549536,0.0850601361024072
25847,GOF,0.01792433928881245,0.88361652616064,0.09845913455054751
25848,GOF,0.024692860274556333,0.8316974841869725,0.14360965553847116
25849,GOF,0.007549665865535179,0.8097883197677898,0.18266201436667512
25850,GOF,0.006860739984185346,0.7208510344041107,0.27228822561170396
25851,GOF,0.006071232030611686,0.6677422923432482,0.32618647562614
25852,GOF,0.13548120765017363,0.5544444923317966,0.31007430001802977
25853,GOF,0.05696030427227648,0.7983880292438672,0.1446516664838563
25854,GOF,0.0067336635708706944,0.7395076782993549,0.2537586581297743
25855,GOF,0.021140668390448532,0.6319719484054019,0.34688738320414964
25856,GOF,0.04300515349989519,0.7282909767069448,0.22870386979316
25857,GOF,0.021243253203092182,0.6396701435593772,0.3390866032375306
25858,GOF,0.0096088194561272,0.6172137672933038,0.37317741325056886
25859,GOF,0.006880791341330274,0.5886379573177618,0.40448125134090795
25860,GOF,0.08331811712226984,0.7406644758849426,0.1760174069927875
25861,GOF,0.10209878948729638,0.8080314304418585,0.08986978007084494
25862,GOF,0.022880498164361954,0.9022123757043268,0.0749071261313113
25863,GOF,0.0187392548322521,0.8748187775413407,0.10644196762640709
25864,GOF,0.03824016044594576,0.8967956391347887,0.0649642004192656
25865,GOF,0.037134349856068755,0.8811051712329684,0.08176047891096283
25866,GOF,0.018754861459825193,0.8736033434823945,0.10764179505778022
25867,GOF,0.04936020670342542,0.8597997566225196,0.09084003667405505
25868,GOF,0.06708282000682468,0.789744335554835,0.14317284443834014
25869,GOF,0.31423006807157783,0.5888823679066926,0.0968875640217296
25870,GOF,0.06824307642638978,0.6033282018242979,0.3284287217493122
25871,GOF,0.009881769046908689,0.829631825583433,0.16048640536965839
25872,GOF,0.02100581602617338,0.8037725327643989,0.17522165120942781
25873,GOF,0.019872480632051645,0.8866248343600167,0.0935026850079316
25874,LOF,0.025076303876291277,0.20936449127284779,0.7655592048508609
25875,LOF,0.022698359144562946,0.11809942338419367,0.8592022174712434
25876,LOF,0.024205317676014276,0.05645163677220031,0.9193430455517854
25877,LOF,0.1097330445265576,0.19324405468840203,0.6970229007850403
25878,LOF,0.06700766486496995,0.28219739112197073,0.6507949440130594
25879,LOF,0.011016302883329582,0.17789806365706118,0.8110856334596093
25880,LOF,0.04776844054363762,0.020104387887412502,0.9321271715689498
25881,Neutral,0.49022976795901907,0.14721585722442287,0.36255437481655817
25882,LOF,0.04673624344713879,0.034222511792608476,0.9190412447602528
25883,LOF,0.030692703190498577,0.02966513731033301,0.9396421594991684
25884,LOF,0.016088150362861472,0.04648380079870409,0.9374280488384344
25885,LOF,0.15231530814603036,0.013466576109992004,0.8342181157439776
25886,LOF,0.26148191174589963,0.05725472896558894,0.6812633592885114
25887,LOF,0.06604919057387758,0.20786349389610642,0.7260873155300159
25888,LOF,0.007949881748957865,0.2315665116961293,0.7604836065549129
25889,LOF,0.025143487605157798,0.039852662456945055,0.9350038499378972
25890,LOF,0.19859430604763037,0.07546323577131166,0.7259424581810581
25891,LOF,0.09762989581615,0.039092380173444075,0.863277724010406
25892,LOF,0.008517403894240142,0.027391742003041,0.9640908541027189
25893,LOF,0.29304322774696073,0.008748714560976837,0.6982080576920625
25894,LOF,0.3213861243229393,0.006250820761043231,0.6723630549160174
25895,LOF,0.26775355802491274,0.013833054565435078,0.7184133874096522
25896,LOF,0.08783842503823124,0.03097465210211623,0.8811869228596526
25897,LOF,0.11371862770363923,0.011508558122612639,0.8747728141737481
25898,LOF,0.11788137564122637,0.027589899109424814,0.8545287252493489
25899,LOF,0.3993996676319608,0.03149454817070655,0.5691057841973327
25900,Neutral,0.7672527464553592,0.012276983986801784,0.22047026955783885
25901,LOF,0.06707139442881206,0.01241799795385375,0.9205106076173343
25902,LOF,0.07695840908580032,0.008722783402917874,0.9143188075112819
25903,LOF,0.15124642754986853,0.025610296954375344,0.823143275495756
25904,Neutral,0.4988578604528456,0.06077967712307591,0.44036246242407845
25905,LOF,0.007915034681411479,0.39731792554172846,0.5947670397768601
25906,LOF,0.008873879941009227,0.07532830892547863,0.9157978111335122
25907,LOF,0.009041361986586914,0.2693871053091874,0.7215715327042257
25908,LOF,0.008459545044154764,0.24492354394736937,0.7466169110084758
25909,LOF,0.03339798974201275,0.13306163886867203,0.8335403713893152
25910,LOF,0.01621933760570112,0.11512476488788166,0.8686558975064171
25911,LOF,0.1811509549579513,0.02950803725754458,0.7893410077845041
25912,LOF,0.1293906475159796,0.02287132256417671,0.8477380299198437
25913,LOF,0.018563436484474553,0.027018152466663153,0.9544184110488624
25914,LOF,0.046719636631756975,0.040648584659161206,0.9126317787090819
25915,LOF,0.22657833374371306,0.338337420408574,0.4350842458477129
25916,LOF,0.012847706657670712,0.19323745657500316,0.7939148367673261
25917,LOF,0.06810172945303972,0.05270987031584926,0.879188400231111
25918,LOF,0.05201900207606703,0.02580876897517413,0.9221722289487588
25919,LOF,0.04280477839830848,0.02847642546282809,0.9287187961388635
25920,LOF,0.33706699487814307,0.23891307346204865,0.4240199316598083
25921,LOF,0.019753694627077833,0.020072217685933858,0.9601740876869883
25922,LOF,0.021063854364623043,0.018306658205819077,0.9606294874295578
25923,LOF,0.4253492728983054,0.009935564763212437,0.5647151623384822
25924,LOF,0.03269345950364344,0.01576035255497195,0.9515461879413847
25925,LOF,0.11568267523677948,0.02144438531253103,0.8628729394506895
25926,LOF,0.09318289863132764,0.015732492039148293,0.891084609329524
25927,LOF,0.02787391366483383,0.025136739184637037,0.9469893471505292
25928,LOF,0.016512531467229783,0.011005560832080928,0.9724819077006893
25929,Neutral,0.5566657902614931,0.009788509904146044,0.43354569983436086
25930,LOF,0.06095165953324518,0.009656275950266387,0.9293920645164885
25931,LOF,0.016324621215681904,0.010811648811343744,0.9728637299729744
25932,LOF,0.07887002558353645,0.009611012043787604,0.9115189623726759
25933,LOF,0.09031986369734445,0.006614814455655181,0.9030653218470004
25934,LOF,0.0864864191679153,0.007024097623504448,0.9064894832085802
25935,LOF,0.10917172174762539,0.017468181657503405,0.8733600965948712
25936,LOF,0.09986653476217983,0.00718894436062567,0.8929445208771944
25937,LOF,0.017259391233515952,0.013588447221385832,0.9691521615450981
25938,LOF,0.1104668129317205,0.016453496654342467,0.8730796904139371
25939,LOF,0.06256781168183895,0.0118869618341446,0.9255452264840165
25940,LOF,0.00945460023481513,0.43989178915686655,0.5506536106083183
25941,Neutral,0.49109534593647314,0.027189955466682812,0.48171469859684396
25942,LOF,0.013334437208522306,0.037204759245180186,0.9494608035462976
25943,LOF,0.05085715021123933,0.1127649327829629,0.8363779170057978
25944,LOF,0.051504067363136265,0.07835529521923314,0.8701406374176305
25945,LOF,0.18947646183407102,0.021867263662610558,0.7886562745033183
25946,LOF,0.08459426232964015,0.06291849228839048,0.8524872453819694
25947,Neutral,0.4971208794732496,0.16542291204036352,0.3374562084863869
25948,Neutral,0.5411796096928965,0.02507063357962511,0.4337497567274785
25949,LOF,0.1296407873414807,0.05113347278420312,0.8192257398743162
25950,GOF,0.07782420401460742,0.6734454861421325,0.24873030984326008
25951,GOF,0.0133693477243106,0.5563088299969933,0.43032182227869625
25952,LOF,0.13949016393039484,0.34147798670623114,0.519031849363374
25953,LOF,0.006921406316270975,0.3471775859802303,0.6459010077034988
25954,GOF,0.0607663263208867,0.5145970470368637,0.4246366266422496
25955,LOF,0.007835503295090066,0.3658758928232004,0.6262886038817096
25956,LOF,0.008385962938420543,0.46081047007152953,0.5308035669900498
25957,LOF,0.18430062117822896,0.0626060781707363,0.7530933006510347
25958,LOF,0.023989054485584235,0.07327623878493336,0.9027347067294824
25959,GOF,0.006661741515708409,0.7339242750031891,0.2594139834811024
25960,LOF,0.00556341676044118,0.1250157842736266,0.8694207989659323
25961,LOF,0.023680783803287028,0.06745918445037274,0.9088600317463402
25962,LOF,0.041610344733010105,0.09633643960265263,0.8620532156643373
25963,LOF,0.009588718175202432,0.14369669569938914,0.8467145861254085
25964,LOF,0.04610212586451862,0.09094413130901108,0.8629537428264703
25965,LOF,0.16990714291620365,0.18573458143767443,0.644358275646122
25966,LOF,0.3620035232157983,0.14224409490126816,0.4957523818829334
25967,LOF,0.007939639114528286,0.09842193658446843,0.8936384243010033
25968,LOF,0.060274431045950386,0.200511508118468,0.7392140608355817
25969,LOF,0.13404248114412995,0.04649362716716767,0.8194638916887023
25970,LOF,0.04989641691196391,0.05569884871682224,0.8944047343712138
25971,LOF,0.07194941469688786,0.02766119624690585,0.9003893890562064
25972,LOF,0.07654864833313484,0.031415260947092585,0.8920360907197726
25973,LOF,0.08840310796866573,0.010773864826189007,0.9008230272051453
25974,LOF,0.06884091371193783,0.03474525178406459,0.8964138345039977
25975,LOF,0.02854172812419744,0.011976393691903755,0.9594818781838989
25976,LOF,0.08950279634586704,0.011345501325045639,0.8991517023290873
25977,LOF,0.23265297507407465,0.056227784786075555,0.7111192401398498
25978,LOF,0.1683072494060411,0.12968862847047097,0.7020041221234878
25979,LOF,0.12047456017910149,0.13258498500125035,0.7469404548196481
25980,LOF,0.19528613099586178,0.24766338531771842,0.5570504836864199
25981,LOF,0.1970927717196297,0.25194218361274695,0.5509650446676234
25982,LOF,0.2823174580810888,0.1245710578880744,0.5931114840308367
25983,Neutral,0.4723953460325105,0.11428377490720036,0.4133208790602892
25984,LOF,0.06400736260642856,0.054415200656490956,0.8815774367370804
25985,Neutral,0.46699631161959565,0.09984266549753654,0.4331610228828679
25986,LOF,0.012059049565515617,0.3909527467600177,0.5969882036744668
25987,LOF,0.03174231940883159,0.07468833194985627,0.8935693486413122
25988,LOF,0.050443940830706,0.09173260077956125,0.8578234583897327
25989,LOF,0.046188827885947456,0.11085655663178592,0.8429546154822667
25990,LOF,0.04844176307219808,0.1988250306566361,0.7527332062711658
25991,GOF,0.020562814266675195,0.6085122557238193,0.37092493000950555
25992,LOF,0.011330880870592126,0.4633170482658212,0.5253520708635866
25993,LOF,0.01890344556282635,0.08367159624866125,0.8974249581885124
25994,LOF,0.026216260457529436,0.09543133274876216,0.8783524067937084
25995,LOF,0.017278251181279722,0.16632812518939075,0.8163936236293295
25996,GOF,0.33344393972130143,0.4866930347752312,0.17986302550346742
25997,GOF,0.06103175767284182,0.643738458009041,0.2952297843181173
25998,LOF,0.24239790408423795,0.03281735062165653,0.7247847452941056
25999,LOF,0.02569124399315523,0.3073889284370395,0.6669198275698053
26000,LOF,0.1562564330019606,0.012011300355840391,0.8317322666421989
26001,LOF,0.16490737414244142,0.015777402250122023,0.8193152236074366
26002,LOF,0.1135673051139615,0.01312725896421157,0.873305435921827
26003,GOF,0.0070205044054414195,0.5781255920776999,0.4148539035168587
26004,GOF,0.017744207738583928,0.5928996802170244,0.3893561120443917
26005,GOF,0.005761454799578635,0.4975785965496582,0.49665994865076313
26006,GOF,0.0958989141213563,0.4965062539592284,0.4075948319194152
26007,GOF,0.0098270745864874,0.547369675209288,0.44280325020422456
26008,GOF,0.006960120160249771,0.5984469414990458,0.39459293834070436
26009,GOF,0.012618400926579624,0.6067564861349956,0.38062511293842477
26010,GOF,0.011707672839736885,0.5083364380155606,0.4799558891447024
26011,LOF,0.006117352672099281,0.4223643884310554,0.5715182588968454
26012,GOF,0.005918897787161379,0.5392295441334053,0.45485155807943345
26013,LOF,0.011003810156548107,0.45928857208156215,0.5297076177618897
26014,LOF,0.05592352538202051,0.06558603900867727,0.8784904356093023
26015,LOF,0.3990302791586591,0.03547400880027606,0.5654957120410649
26016,LOF,0.2557086594090069,0.056784504378931455,0.6875068362120618
26017,LOF,0.015376237477171643,0.19343101837817808,0.7911927441446502
26018,LOF,0.020410072094627956,0.11172620652022064,0.8678637213851513
26019,LOF,0.020477477114497357,0.08905088770835258,0.89047163517715
26020,LOF,0.006868098767440712,0.16376324233005035,0.829368658902509
26021,LOF,0.08620028466571394,0.08803092308764361,0.8257687922466423
26022,LOF,0.046375209766907566,0.034882147407641506,0.9187426428254509
26023,LOF,0.02973065438784096,0.07681812442714811,0.893451221185011
26024,LOF,0.05137516478982385,0.06432576455581467,0.8842990706543614
26025,LOF,0.14352501254542097,0.08109101956769268,0.7753839678868863
26026,LOF,0.11271043541350396,0.06318452007073586,0.8241050445157602
26027,LOF,0.027951236257293916,0.04835070298656791,0.9236980607561383
26028,LOF,0.07668094580873612,0.23123238745463445,0.6920866667366294
26029,LOF,0.03269056824631884,0.13491952788590672,0.8323899038677743
26030,LOF,0.1333339555329386,0.016776668733679053,0.8498893757333824
26031,LOF,0.01570579595424809,0.13439906231994375,0.8498951417258083
26032,LOF,0.025719168466823348,0.028904729365989833,0.9453761021671868
26033,LOF,0.04426951181651237,0.05399808407815782,0.9017324041053298
26034,LOF,0.020346443392335708,0.08403379913055319,0.8956197574771111
26035,LOF,0.01269668995194434,0.10140733386571295,0.8858959761823426
26036,LOF,0.01174849544992642,0.08386431625784903,0.9043871882922245
26037,LOF,0.011458197687643296,0.08517110536691248,0.9033706969454443
26038,LOF,0.02301951838931912,0.027137882955302273,0.9498425986553786
26039,LOF,0.03259360001063956,0.11789909039963627,0.8495073095897242
26040,LOF,0.06994966281111616,0.16118056741131723,0.7688697697775666
26041,LOF,0.013880884383147244,0.09249931961078132,0.8936197960060714
26042,LOF,0.013194412855070522,0.09599129944954977,0.8908142876953796
26043,LOF,0.02338584945921743,0.048059287307645214,0.9285548632331374
26044,LOF,0.008078883473375487,0.04229997862742308,0.9496211378992016
26045,LOF,0.08207623657644002,0.19903750884372898,0.718886254579831
26046,LOF,0.023506969605918804,0.047186406838940036,0.9293066235551413
26047,LOF,0.06602288887918227,0.0435506583134475,0.8904264528073702
26048,LOF,0.07524036443733152,0.022785215704122144,0.9019744198585463
26049,Neutral,0.9365250854650787,0.005645863043507703,0.05782905149141357
26050,Neutral,0.8906719887151033,0.007411657312619752,0.10191635397227708
26051,LOF,0.024083246196276616,0.30703324991026537,0.668883503893458
26052,LOF,0.027847844040889223,0.22591637771078252,0.7462357782483281
26053,LOF,0.025521311228453646,0.1579760498872219,0.8165026388843245
26054,LOF,0.054349313011563476,0.07909978113877635,0.8665509058496602
26055,LOF,0.06158505182885191,0.0791906589553365,0.8592242892158116
26056,LOF,0.057890717846598855,0.08268996266176466,0.8594193194916365
26057,LOF,0.04166415194662284,0.019971781153921522,0.9383640668994556
26058,LOF,0.046690573122458584,0.0162516415432398,0.9370577853343016
26059,LOF,0.2569550666897846,0.10787853660065384,0.6351663967095617
26060,LOF,0.019788803034424006,0.2019035916151624,0.7783076053504135
26061,LOF,0.014546078798300605,0.011521680421707441,0.9739322407799919
26062,LOF,0.006231819986722169,0.024851500238331846,0.9689166797749461
26063,LOF,0.04176229207129284,0.014750740764194905,0.9434869671645122
26064,LOF,0.00903203306048683,0.016593442494831266,0.9743745244446819
26065,LOF,0.047593181162377214,0.022082159625808943,0.9303246592118138
26066,LOF,0.03912377881686799,0.013666050765574728,0.9472101704175572
26067,LOF,0.04380233997992292,0.015406059500183415,0.9407916005198936
26068,LOF,0.05169241026967104,0.05638120262785136,0.8919263871024776
26069,LOF,0.18538843644967798,0.048033328864967875,0.7665782346853541
26070,LOF,0.4142052799350043,0.026772915372066483,0.5590218046929293
26071,LOF,0.050350738824543995,0.01995556116667308,0.9296937000087829
26072,LOF,0.008855484777479987,0.020387501052929958,0.97075701416959
26073,LOF,0.04554582522385756,0.014538043515313567,0.9399161312608288
26074,Neutral,0.7449643946727463,0.02077068842895993,0.23426491689829382
26075,LOF,0.040014367751459536,0.04010555691554847,0.919880075332992
26076,LOF,0.04809211849915939,0.02100411085402745,0.9309037706468131
26077,LOF,0.17417892378557856,0.0186990489133265,0.8071220273010948
26078,LOF,0.007315033204827224,0.028212905240084,0.9644720615550888
26079,LOF,0.05634944892367859,0.040404046380977096,0.9032465046953444
26080,LOF,0.055646340250519295,0.04054349999518984,0.9038101597542908
26081,LOF,0.048166350107693684,0.01806487406693129,0.9337687758253751
26082,LOF,0.008014082435018824,0.02747557863825283,0.9645103389267282
26083,LOF,0.06230309161307106,0.03087578017479847,0.9068211282121303
26084,LOF,0.07785814537691835,0.019521212036584554,0.9026206425864971
26085,LOF,0.06685875718252555,0.016837061798989608,0.9163041810184848
26086,LOF,0.041171270347606426,0.02170678156869963,0.937121948083694
26087,LOF,0.043152946117825,0.01640611996294997,0.9404409339192251
26088,LOF,0.00774963345748138,0.03954793155717269,0.9527024349853459
26089,LOF,0.03615370009278003,0.06211878050621816,0.9017275194010018
26090,LOF,0.03594059844377508,0.053553123205874305,0.9105062783503506
26091,LOF,0.033638209384712556,0.015537940137133336,0.950823850478154
26092,LOF,0.04564648415955873,0.01493056162988767,0.9394229542105536
26093,LOF,0.07292898839762246,0.009248371578503623,0.9178226400238738
26094,LOF,0.04488616529021274,0.012209461867724133,0.9429043728420631
26095,LOF,0.0131231986409362,0.02962133301187137,0.9572554683471923
26096,LOF,0.326818301504717,0.005422045858643201,0.6677596526366398
26097,LOF,0.007537678339928337,0.057742192268686605,0.934720129391385
26098,LOF,0.05882323257306525,0.04188443762915955,0.8992923297977752
26099,LOF,0.0521279428471231,0.041419344574583745,0.9064527125782932
26100,LOF,0.0521279428471231,0.041419344574583745,0.9064527125782932
26101,LOF,0.05115731413534782,0.05447344441411023,0.8943692414505419
26102,LOF,0.043620970337015966,0.021841747759773555,0.9345372819032104
26103,Neutral,0.8837937889607678,0.047213913471494,0.06899229756773823
26104,LOF,0.04651995084740879,0.10903075157310937,0.8444492975794818
26105,LOF,0.23775185687426897,0.0654530924425733,0.6967950506831577
26106,LOF,0.3000013609028331,0.03894715257689947,0.6610514865202675
26107,LOF,0.016506645453504516,0.05751795140621227,0.9259754031402833
26108,LOF,0.1864026127697201,0.055912969568034356,0.7576844176622456
26109,LOF,0.05025176909841788,0.037284834440665326,0.9124633964609168
26110,Neutral,0.5215658452750428,0.027010854965768168,0.45142329975918916
26111,LOF,0.06715941821987224,0.16681748485241762,0.7660230969277102
26112,LOF,0.07165380818835915,0.017159789774706762,0.911186402036934
26113,LOF,0.07226115139725213,0.03498053204042583,0.8927583165623221
26114,LOF,0.1123803134966326,0.010950183128551992,0.8766695033748154
26115,LOF,0.02258261429663979,0.06964692791963886,0.9077704577837215
26116,LOF,0.07008944848595776,0.02055066872403248,0.9093598827900097
26117,LOF,0.31727837501517314,0.07359486214881686,0.60912676283601
26118,LOF,0.03671491808573681,0.0261421692559471,0.9371429126583161
26119,LOF,0.0055590505319592825,0.09862095556110438,0.8958199939069362
26120,LOF,0.027489775297810565,0.019150286170280025,0.9533599385319095
26121,LOF,0.004040199016040088,0.11385450463435284,0.8821052963496071
