feature0,prediction,LoGoFunc_Neutral,LoGoFunc_GOF,LoGoFunc_LOF
25546,Neutral,0.7378485651975873,0.03830996520686565,0.22384146959554713
25547,Neutral,0.5939405342291548,0.071960273077885,0.33409919269296023
25548,Neutral,0.5933966642665149,0.054819492760422604,0.3517838429730624
25549,Neutral,0.5114961111110078,0.054286871509230256,0.434217017379762
25550,LOF,0.35996893962214266,0.10994224621163495,0.5300888141662224
25551,LOF,0.3113535434672204,0.12208945813644922,0.5665569983963303
25552,LOF,0.2272285244342079,0.11333157734642663,0.6594398982193654
25553,Neutral,0.8452310597707766,0.030690802627178746,0.1240781376020446
25554,LOF,0.26361632956045145,0.10762377256190352,0.6287598978776451
25555,LOF,0.2183402959807134,0.09449076278423464,0.687168941235052
25556,LOF,0.42629742734650383,0.0891901099503512,0.4845124627031451
25557,LOF,0.21052851268090317,0.09949481154007507,0.6899766757790218
25558,LOF,0.2506301877837405,0.11019690422731479,0.6391729079889447
25559,LOF,0.38585930159031717,0.14584168667226702,0.4682990117374158
25560,LOF,0.044210827677441514,0.17731892893208923,0.7784702433904693
25561,LOF,0.09075584982825256,0.1881459383145604,0.7210982118571869
25562,LOF,0.09991448979359135,0.06535249480595588,0.8347330154004527
25563,LOF,0.0899970735441493,0.09200846995043646,0.8179944565054142
25564,LOF,0.19013369881954612,0.14522623083670622,0.6646400703437477
25565,LOF,0.1524373143336863,0.09509387445931258,0.752468811207001
25566,GOF,0.0176580276542105,0.7236781787147449,0.25866379363104464
25567,LOF,0.014215514823202345,0.15549772509365,0.8302867600831477
25568,LOF,0.05433239037129053,0.06768776461744512,0.8779798450112642
25569,LOF,0.06372650349613558,0.06234649562226671,0.8739270008815977
25570,LOF,0.059690644457820345,0.09692231920098938,0.8433870363411904
25571,LOF,0.05449747257550136,0.09254982049786162,0.8529527069266369
25572,LOF,0.06635288273605613,0.11470129782961946,0.8189458194343243
25573,LOF,0.027756108795062844,0.08806591661356565,0.8841779745913715
25574,LOF,0.016365626647967525,0.16424441296857234,0.81938996038346
25575,LOF,0.0438925443494509,0.1074821217454924,0.8486253339050568
25576,LOF,0.01838473481394199,0.11166066462321719,0.8699546005628408
25577,LOF,0.014909062984261675,0.11850156293506298,0.8665893740806753
25578,LOF,0.24670023871261618,0.08313800727463783,0.6701617540127459
25579,LOF,0.24757489440938113,0.08184301655824512,0.6705820890323738
25580,LOF,0.03157941065923945,0.07661707208673948,0.8918035172540211
25581,LOF,0.05651358277244184,0.06666359304640693,0.8768228241811512
25582,LOF,0.05622100437854017,0.06532562922056839,0.8784533664008913
25583,LOF,0.04183707199404837,0.08932304692601559,0.868839881079936
25584,Neutral,0.45788924134816766,0.10507119456439035,0.43703956408744205
25585,LOF,0.039263235248336775,0.10332433437425834,0.8574124303774048
25586,LOF,0.030153058685927762,0.0728433170067008,0.8970036243073713
25587,LOF,0.02932507630542861,0.06864047866919915,0.9020344450253722
25588,LOF,0.031692988880017675,0.08418550946305818,0.8841215016569242
25589,Neutral,0.619337281885172,0.12826636605407873,0.25239635206074923
25590,LOF,0.029150264714614505,0.11828586884851275,0.8525638664368728
25591,LOF,0.1146188329282418,0.0564747909947501,0.828906376077008
25592,LOF,0.08503705272919009,0.1263821862297265,0.7885807610410835
25593,LOF,0.021002812729517536,0.24026683877654428,0.7387303484939383
25594,LOF,0.04087273544572584,0.18350335458967074,0.7756239099646034
25595,LOF,0.048429336099362105,0.13367802628672312,0.8178926376139147
25596,LOF,0.051101665047668735,0.06121304001109265,0.8876852949412386
25597,LOF,0.044180068130756464,0.07542251763276311,0.8803974142364804
25598,LOF,0.046493432350177895,0.12752434198465354,0.8259822256651687
25599,GOF,0.009025176804467967,0.7317352314620789,0.2592395917334532
25600,GOF,0.01278779572344735,0.5346514442080591,0.45256076006849366
25601,LOF,0.0070062156684049335,0.46065586433975964,0.5323379199918354
25602,LOF,0.0319713505214048,0.04175340492141534,0.9262752445571799
25603,LOF,0.06596059649620374,0.030006582873501265,0.904032820630295
25604,LOF,0.06255268276209049,0.030632544013677796,0.9068147732242317
25605,LOF,0.015280002270145289,0.23232718925860985,0.7523928084712449
25606,LOF,0.12168299492632273,0.4249410458603372,0.4533759592133402
25607,LOF,0.006375049785797976,0.14811831328636674,0.8455066369278352
25608,LOF,0.07631759205819762,0.04578449385815687,0.8778979140836456
25609,LOF,0.03972162935687716,0.41952783297584706,0.5407505376672758
25610,LOF,0.038796987619605136,0.0246388544957428,0.9365641578846521
25611,LOF,0.04262318267267598,0.023164814665585686,0.9342120026617384
25612,LOF,0.10895743697415555,0.03275178151392856,0.858290781511916
25613,LOF,0.08312800449423603,0.03219144894132867,0.8846805465644354
25614,LOF,0.029515467296768287,0.034255987832953805,0.9362285448702778
25615,LOF,0.052475623389361806,0.03130351871058422,0.916220857900054
25616,LOF,0.03140454879755649,0.029385994216007686,0.939209456986436
25617,LOF,0.030527333099348214,0.03289528889962747,0.9365773780010244
25618,LOF,0.17153571166472306,0.02812887528007814,0.8003354130551987
25619,LOF,0.028392439083675655,0.027372758432950145,0.9442348024833741
25620,LOF,0.03387686874228709,0.03998402285347135,0.9261391084042415
25621,LOF,0.031606656289558034,0.02779484554344416,0.9405984981669977
25622,LOF,0.033606740269095846,0.03256876429018983,0.9338244954407143
25623,LOF,0.07690876821251796,0.024989510624067804,0.8981017211634141
25624,LOF,0.026261265985094144,0.0358919756852163,0.9378467583296894
25625,LOF,0.0345034626018892,0.04015235935573142,0.9253441780423795
25626,LOF,0.08775260849812885,0.0277269634393218,0.8845204280625493
25627,Neutral,0.5422020250263252,0.14108178882985745,0.31671618614381736
25628,LOF,0.1476892751003235,0.07182876283451621,0.7804819620651602
25629,LOF,0.0761974692694509,0.08308825437553222,0.8407142763550169
25630,LOF,0.14357056682753097,0.1126415945634338,0.7437878386090352
25631,Neutral,0.5415319025535026,0.10003641148540185,0.35843168596109554
25632,LOF,0.026146371393769102,0.05709670786655633,0.9167569207396746
25633,LOF,0.2105430454450036,0.07058696851947253,0.7188699860355239
25634,LOF,0.03294290447219114,0.10558418304819403,0.8614729124796149
25635,LOF,0.03527276683504778,0.07798886874663478,0.8867383644183174
25636,GOF,0.005157824227136091,0.6252092807858591,0.3696328949870047
25637,GOF,0.005391908355663879,0.600083308214373,0.3945247834299632
25638,LOF,0.010149487143178822,0.4633108301029876,0.5265396827538336
25639,LOF,0.004720414650164936,0.43827825237516344,0.5570013329746716
25640,Neutral,0.5173785309998251,0.4107138044558384,0.07190766454433654
25641,LOF,0.008210371748683979,0.34773562855130774,0.6440539997000083
25642,LOF,0.2688807973929845,0.07734115152810975,0.6537780510789057
25643,LOF,0.2516931010320279,0.20501210075332213,0.54329479821465
25644,GOF,0.015547168484265609,0.6310027329570428,0.35345009855869153
25645,GOF,0.016190977155165827,0.5765023956588521,0.4073066271859821
25646,LOF,0.019384351690281392,0.40021923559744027,0.5803964127122783
25647,LOF,0.01675561914523365,0.3088131003996248,0.6744312804551416
25648,LOF,0.014641370040949613,0.3306440458183448,0.6547145841407056
25649,LOF,0.012975125414521938,0.2611028377941375,0.7259220367913405
25650,GOF,0.03825862758991162,0.616328175043581,0.3454131973665074
25651,LOF,0.01059625044185365,0.33384316175321954,0.6555605878049269
25652,LOF,0.01809687858831448,0.3291079234730634,0.6527951979386221
25653,LOF,0.08236919029216742,0.44569000699993444,0.47194080270789807
25654,LOF,0.016009147238696446,0.2808712246524916,0.703119628108812
25655,LOF,0.128230977255197,0.43306346711104643,0.4387055556337566
25656,LOF,0.05978542687461017,0.08018869612788203,0.8600258769975078
25657,LOF,0.2732508105350472,0.033586747422857645,0.6931624420420952
25658,LOF,0.03980326014190215,0.08868573147358937,0.8715110083845085
25659,LOF,0.2660820147443659,0.05848687324856629,0.6754311120070678
25660,LOF,0.07561839705983824,0.0944252462051808,0.8299563567349809
25661,LOF,0.049225895739739095,0.07063007108954827,0.8801440331707127
25662,LOF,0.02952740327057352,0.04451885093365452,0.925953745795772
25663,LOF,0.037749646223380284,0.07363359949854016,0.8886167542780795
25664,LOF,0.03935392452840916,0.07923135658079479,0.8814147188907959
25665,LOF,0.05832291402106298,0.04478066188999496,0.8968964240889422
25666,LOF,0.03826594184545682,0.12937410849815856,0.8323599496563846
25667,LOF,0.03083996878084433,0.053071828712388656,0.916088202506767
25668,LOF,0.0354162230147488,0.06273437936265436,0.901849397622597
25669,LOF,0.04206324026343695,0.09627897142782246,0.8616577883087405
25670,LOF,0.16264784175082875,0.055351848251205836,0.7820003099979654
25671,LOF,0.03843586682043622,0.04504245882387805,0.9165216743556858
25672,LOF,0.05874769275586115,0.06606371204596068,0.8751885951981782
25673,LOF,0.040911912420745114,0.056167652520981014,0.902920435058274
25674,LOF,0.03183570956551318,0.06403330655215696,0.9041309838823299
25675,LOF,0.04339567853609596,0.04916339171433991,0.9074409297495641
25676,LOF,0.030669910852953224,0.059647628136605096,0.9096824610104416
25677,LOF,0.058552279740487774,0.062017985121754875,0.8794297351377575
25678,LOF,0.25497167618978933,0.046592077255237875,0.6984362465549727
25679,LOF,0.15845031769349932,0.06014405768477375,0.7814056246217269
25680,LOF,0.05905005534260336,0.09430325697295816,0.8466466876844384
25681,LOF,0.10712357006890494,0.08788253625152792,0.8049938936795671
25682,LOF,0.045679021029697855,0.07396724148570519,0.880353737484597
25683,LOF,0.07713797531747406,0.08854090147464137,0.8343211232078845
25684,LOF,0.05290668416940926,0.06803502587849092,0.8790582899520998
25685,LOF,0.1271120964878779,0.03743431928345299,0.8354535842286691
25686,LOF,0.03490513704736596,0.08593493266416126,0.8791599302884727
25687,LOF,0.06319010474409038,0.0828444850834852,0.8539654101724246
25688,LOF,0.025568939643013103,0.09270529301070377,0.8817257673462832
25689,LOF,0.018956159118215535,0.06915452389798786,0.9118893169837966
25690,LOF,0.016940861210998203,0.0819981774643017,0.9010609613247001
25691,LOF,0.15642876988374288,0.12227270115658909,0.7212985289596681
25692,LOF,0.23093979087534156,0.015019430673863172,0.7540407784507952
25693,LOF,0.04988900939995108,0.13790685434481378,0.8122041362552351
25694,LOF,0.2592425707507157,0.013292314422060726,0.7274651148272235
25695,LOF,0.16173451838605435,0.01944498835125299,0.8188204932626926
25696,LOF,0.1686399355572941,0.009838947407795482,0.8215211170349105
25697,LOF,0.13615629420226308,0.029177278498455982,0.8346664272992809
25698,LOF,0.032666674767051054,0.330689615646891,0.6366437095860579
25699,LOF,0.07165297036105654,0.08012095250919,0.8482260771297535
25700,LOF,0.0318104560571667,0.0107688169923184,0.9574207269505149
25701,LOF,0.011356884192058271,0.0741469371332874,0.9144961786746544
25702,GOF,0.03009936933910464,0.6999441341781123,0.26995649648278314
25703,LOF,0.019858789902473233,0.17302358615362284,0.8071176239439039
25704,LOF,0.0841221684977884,0.16615351677025963,0.749724314731952
25705,LOF,0.06746466394368554,0.22373913385632113,0.7087962021999934
25706,GOF,0.040329912129449516,0.5671954473827782,0.3924746404877724
25707,GOF,0.03261617195686078,0.6107556868658481,0.356628141177291
25708,GOF,0.007647068539579953,0.5679986254119117,0.42435430604850843
25709,LOF,0.018241351400797242,0.07445080085217542,0.9073078477470273
25710,LOF,0.008293024971162513,0.16109528864502687,0.8306116863838107
25711,LOF,0.020724706690189228,0.13010385516429265,0.8491714381455181
25712,LOF,0.008689778152210673,0.21681854097545414,0.7744916808723352
25713,LOF,0.019212479980819448,0.11179105914145934,0.8689964608777213
25714,LOF,0.020791324037461832,0.15725869294609682,0.8219499830164413
25715,LOF,0.01941862049505113,0.14409858092875766,0.8364827985761912
25716,LOF,0.015038653923618195,0.11012098832111744,0.8748403577552645
25717,LOF,0.006787865156511787,0.12002997317418437,0.8731821616693037
25718,LOF,0.020125648887100413,0.09152664327484765,0.8883477078380521
25719,LOF,0.033818340221619066,0.09919268410256485,0.8669889756758162
25720,LOF,0.02791286472912772,0.09135659249822937,0.8807305427726428
25721,LOF,0.02456583474844688,0.100885307398125,0.8745488578534282
25722,LOF,0.015438597733672161,0.1465023446340913,0.8380590576322366
25723,LOF,0.021295553830170167,0.0891081077088138,0.8895963384610159
25724,LOF,0.0230103400760607,0.14966782326782058,0.8273218366561186
25725,LOF,0.01998550750563716,0.08221286390508242,0.8978016285892804
25726,LOF,0.015785352197692285,0.11839883428321463,0.8658158135190932
25727,LOF,0.021375267848617884,0.10336340131077942,0.8752613308406026
25728,LOF,0.020665208223562458,0.11164192661767543,0.8676928651587621
25729,LOF,0.019890600803146162,0.12212701137270496,0.8579823878241489
25730,LOF,0.02228789726625387,0.08399719095655556,0.8937149117771905
25731,LOF,0.011868014082466054,0.1674521045335843,0.8206798813839498
25732,LOF,0.019479328223680505,0.12074794917823185,0.8597727225980876
25733,LOF,0.02820816603402353,0.10168260473854172,0.8701092292274348
25734,LOF,0.0076215451687981885,0.21700530902020732,0.7753731458109946
25735,LOF,0.022540734647716044,0.0838634927873302,0.8935957725649538
25736,LOF,0.020873458938677838,0.137021453228888,0.8421050878324341
25737,LOF,0.03587694581696918,0.1152440163191569,0.848879037863874
25738,LOF,0.021239987110706786,0.1614613335721317,0.8172986793171615
25739,LOF,0.02369929757926982,0.13984483070590212,0.836455871714828
25740,LOF,0.05008897090527465,0.15300185471579053,0.7969091743789347
25741,LOF,0.027120847387704226,0.12632238917350502,0.8465567634387907
25742,LOF,0.04434610681512849,0.13090774503001212,0.8247461481548595
25743,LOF,0.011727912819186215,0.028345803499528966,0.959926283681285
25744,LOF,0.15374316418238157,0.3609597847470495,0.48529705107056903
25745,LOF,0.0327928201209414,0.11975073822259448,0.8474564416564642
25746,LOF,0.013907865772438929,0.17364837751454243,0.8124437567130186
25747,LOF,0.02889940055366375,0.03174748721822724,0.939353112228109
25748,LOF,0.26090723793487125,0.050658925149613565,0.6884338369155153
25749,LOF,0.012617187334191843,0.10112706644039077,0.8862557462254175
25750,LOF,0.01669055366767586,0.10268800843412483,0.8806214378981992
25751,LOF,0.036770205437687054,0.05180612414430083,0.9114236704180121
25752,GOF,0.1004569657416188,0.6849250662901933,0.2146179679681879
25753,LOF,0.006789853037656756,0.37141476638557247,0.6217953805767708
25754,GOF,0.007560195969722529,0.84959814062319,0.1428416634070877
25755,LOF,0.008427581581539365,0.417342063089613,0.5742303553288476
25756,LOF,0.04860541911967903,0.39572904523438135,0.5556655356459397
25757,GOF,0.0076994489338367555,0.8547129181750426,0.1375876328911206
25758,GOF,0.009226793437642525,0.859926963396871,0.13084624316548663
25759,GOF,0.005379659785026289,0.5638714507872502,0.43074888942772355
25760,LOF,0.005634618925581879,0.2849455375255751,0.709419843548843
25761,GOF,0.053718085780478035,0.834844393351276,0.11143752086824599
25762,LOF,0.029189898012926062,0.3230471530918218,0.6477629488952522
25763,LOF,0.006591135348067255,0.2696320545400021,0.7237768101119305
25764,GOF,0.07020681993624849,0.6225330001996107,0.3072601798641408
25765,GOF,0.008450051023603328,0.8476138633724815,0.14393608560391527
25766,GOF,0.03855057046367174,0.7994014235225344,0.16204800601379393
25767,GOF,0.010762325138620465,0.535637317891294,0.45360035697008566
25768,LOF,0.033612782834379,0.08058888965285087,0.8857983275127701
25769,LOF,0.02328696233439753,0.09787979687600347,0.878833240789599
25770,LOF,0.17471848889288807,0.07605619495950337,0.7492253161476085
25771,LOF,0.014860678864505233,0.07647732477775723,0.9086619963577375
25772,LOF,0.02253939016853839,0.041919839081239765,0.9355407707502218
25773,LOF,0.02096597428695683,0.0664733423235275,0.9125606833895158
25774,LOF,0.028724243374873747,0.11997623058707978,0.8512995260380465
25775,LOF,0.022242353833535664,0.04966163016161891,0.9280960160048454
25776,LOF,0.025702354597890904,0.03533174177446538,0.9389659036276438
25777,LOF,0.2551104350273871,0.09234543727747778,0.6525441276951351
25778,LOF,0.018128130861050983,0.08131973999089177,0.9005521291480572
25779,GOF,0.04116621313279749,0.8897386851726327,0.06909510169456988
25780,GOF,0.07512472517135771,0.8738883369738035,0.050986937854838786
25781,GOF,0.037350742891976534,0.8724908852211992,0.09015837188682424
25782,GOF,0.03326946291486662,0.9073480926572292,0.05938244442790426
25783,GOF,0.027033699929159,0.9195786654338943,0.053387634636946686
25784,GOF,0.0829106494828174,0.8740967107493791,0.0429926397678035
25785,GOF,0.07006872830298536,0.8931219381335593,0.03680933356345523
25786,GOF,0.008659492674235365,0.8875046072340727,0.1038359000916921
25787,GOF,0.18452648290851215,0.7718202332564102,0.043653283835077515
25788,LOF,0.015437608840857733,0.17734798352364425,0.8072144076354981
25789,GOF,0.01828278175861332,0.867842583123123,0.11387463511826361
25790,GOF,0.02057686996513829,0.8844046971076779,0.0950184329271838
25791,GOF,0.01939217743806475,0.8116683860176448,0.1689394365442904
25792,GOF,0.023174116571839497,0.8419047495112248,0.1349211339169357
25793,GOF,0.06532474946502943,0.8455744700580703,0.08910078047690033
25794,GOF,0.05405122031175662,0.7878782563319454,0.1580705233562978
25795,GOF,0.04526545995927914,0.7633523966021307,0.19138214343859017
25796,GOF,0.10090243828905597,0.8098375062154753,0.08926005549546855
25797,GOF,0.06745750156874715,0.7877609940444841,0.14478150438676876
25798,GOF,0.004653202683200318,0.7628615567650466,0.23248524055175315
25799,GOF,0.003873794239520546,0.7107071615721823,0.28541904418829717
25800,GOF,0.02115969077668016,0.8362220083296273,0.1426183008936924
25801,GOF,0.016443275198845093,0.8960971598824249,0.08745956491873003
25802,GOF,0.026928950286833352,0.842198737190344,0.1308723125228226
25803,GOF,0.021060577313075923,0.7303411748577538,0.24859824782917017
25804,GOF,0.02829850666653266,0.7626330503896008,0.20906844294386662
25805,GOF,0.035164516360740916,0.8064033204287999,0.15843216321045922
25806,GOF,0.03127685888586208,0.8068429672738456,0.16188017384029219
25807,GOF,0.008172352736523466,0.7512348504049282,0.24059279685854837
25808,GOF,0.01872012510660501,0.7873474886857491,0.19393238620764583
25809,GOF,0.00916419618679144,0.7606505999267488,0.2301852038864598
25810,GOF,0.007226871470489001,0.7433429404191693,0.2494301881103418
25811,GOF,0.04831898955085678,0.8814790074167717,0.07020200303237169
25812,GOF,0.028404348314758496,0.8111931523356868,0.16040249934955475
25813,GOF,0.13172969562904702,0.795438481607549,0.0728318227634039
25814,GOF,0.028128929251574626,0.8212961580197404,0.15057491272868484
25815,GOF,0.05071260702376626,0.8535058722339904,0.09578152074224314
25816,GOF,0.00905938267276327,0.8661014855814657,0.12483913174577091
25817,GOF,0.09612216363968176,0.8270621899373672,0.07681564642295116
25818,GOF,0.02071988897952161,0.8118923161218986,0.16738779489857974
25819,GOF,0.07196776623434062,0.7835425857071606,0.1444896480584989
25820,GOF,0.027794344336327995,0.7479321233025832,0.22427353236108868
25821,GOF,0.020142712533356637,0.7609911965923895,0.218866090874254
25822,GOF,0.034865467792528484,0.760011402302206,0.20512312990526546
25823,GOF,0.02307630406957238,0.73540606284504,0.2415176330853876
25824,GOF,0.0217576446647438,0.8042601337598391,0.17398222157541712
25825,GOF,0.017839673887967315,0.7907692118587765,0.19139111425325628
25826,GOF,0.007440401184092551,0.7406473857420292,0.25191221307387834
25827,GOF,0.01283377466033542,0.7184338329224126,0.268732392417252
25828,GOF,0.0092199005656594,0.7399227999903656,0.2508572994439749
25829,GOF,0.004003357149531615,0.6982859433250376,0.2977106995254308
25830,LOF,0.03646983535307817,0.4705641130086279,0.492966051638294
25831,GOF,0.05293528639588906,0.8104404662137086,0.1366242473904023
25832,GOF,0.007688305274152739,0.7523739807734139,0.23993771395243343
25833,GOF,0.029268295503969748,0.8181931189214412,0.15253858557458916
25834,GOF,0.008529811193061535,0.7696136840514386,0.22185650475549984
25835,GOF,0.022178329563937834,0.8482649395921892,0.12955673084387298
25836,GOF,0.00604280004199029,0.7604816630102859,0.2334755369477238
25837,GOF,0.007899268440974489,0.7681370173232218,0.22396371423580363
25838,GOF,0.0205350885907188,0.8385994674789645,0.1408654439303167
25839,GOF,0.04677149502829434,0.8174932437054783,0.13573526126622742
25840,GOF,0.07334038291703626,0.821479165624707,0.10518045145825679
25841,GOF,0.07215790644927712,0.8353129414283103,0.09252915212241256
25842,GOF,0.02915505649378394,0.8920971700903387,0.07874777341587721
25843,GOF,0.024671417037849048,0.8915293960605728,0.08379918690157809
25844,GOF,0.01592312757966063,0.8505787114278992,0.1334981609924403
25845,GOF,0.00602968328201261,0.7768121720104202,0.21715814470756722
25846,GOF,0.06554133007270738,0.8406198494303843,0.09383882049690825
25847,GOF,0.017859396564470446,0.8930974456717721,0.08904315776375767
25848,GOF,0.01799660257332733,0.8428242892587774,0.13917910816789517
25849,GOF,0.006733164118792929,0.8300788800253669,0.16318795585584017
25850,GOF,0.005671334260052697,0.7373589315450373,0.2569697341949099
25851,GOF,0.005244326896353073,0.6909088707223797,0.3038468023812673
25852,GOF,0.14479081193582127,0.6179390234198211,0.23727016464435755
25853,GOF,0.06592492980364677,0.8281721267749625,0.10590294342139062
25854,GOF,0.005510410523749343,0.7194616286841627,0.2750279607920879
25855,GOF,0.021143765962094215,0.7074958842407288,0.2713603497971769
25856,GOF,0.04329346599661321,0.8011099728757425,0.1555965611276443
25857,GOF,0.02400589384999838,0.7279649986973512,0.24802910745265044
25858,GOF,0.009838463641793506,0.7423929235048019,0.24776861285340457
25859,GOF,0.007579295243412625,0.753418338211066,0.2390023665455215
25860,GOF,0.07951869515060796,0.8161035333960474,0.10437777145334472
25861,GOF,0.08210866661619057,0.8222760549495469,0.09561527843426258
25862,GOF,0.020127876441044672,0.8892085272715163,0.09066359628743892
25863,GOF,0.022127312675719615,0.8703367850045414,0.107535902319739
25864,GOF,0.0550024189400733,0.8921181013567052,0.05287947970322155
25865,GOF,0.03975518456832468,0.8557450442002767,0.10449977123139867
25866,GOF,0.024613662202544857,0.8673835737899731,0.10800276400748204
25867,GOF,0.04154860289966593,0.8712495454155053,0.08720185168482884
25868,GOF,0.06260088638156401,0.8288545706934041,0.10854454292503174
25869,GOF,0.3559964795426599,0.5726719211345425,0.07133159932279765
25870,GOF,0.059588155892945464,0.5813623642676947,0.3590494798393598
25871,GOF,0.010072470980433793,0.8550441371053566,0.1348833919142097
25872,GOF,0.019180905938748067,0.8562030664548747,0.1246160276063773
25873,GOF,0.019423764484426956,0.8810861698466776,0.09949006566889548
25874,LOF,0.015439075952833586,0.21066839181195843,0.773892532235208
25875,LOF,0.02884532810231224,0.05728645266101321,0.9138682192366746
25876,LOF,0.0185374204224786,0.032473631584357336,0.9489889479931641
25877,LOF,0.10254528754114399,0.0824905054707692,0.8149642069880868
25878,LOF,0.07291154357093146,0.1295206454636109,0.7975678109654577
25879,LOF,0.016476420297517284,0.08842377901476176,0.895099800687721
25880,LOF,0.058429015424013436,0.012310061789353973,0.9292609227866325
25881,LOF,0.45509006412946357,0.060290815413327044,0.4846191204572094
25882,LOF,0.07248403434776973,0.022556156974523362,0.9049598086777068
25883,LOF,0.029765764531498963,0.025827352359878264,0.9444068831086226
25884,LOF,0.018358792814464314,0.052862080760595294,0.9287791264249403
25885,LOF,0.19003650355418558,0.01135288152269655,0.7986106149231178
25886,LOF,0.28155837676842466,0.05426122312840927,0.6641804001031661
25887,LOF,0.11623933563074795,0.07184224949021092,0.811918414879041
25888,LOF,0.008557501517643451,0.11852884126798309,0.8729136572143735
25889,LOF,0.024113526756963318,0.03707407376241054,0.9388123994806262
25890,LOF,0.15981596812116758,0.08519998106124638,0.754984050817586
25891,LOF,0.12773184918336886,0.028589709317933667,0.8436784414986975
25892,LOF,0.009746671279949255,0.03379832509015737,0.9564550036298933
25893,LOF,0.34253294073791846,0.00909348641199413,0.6483735728500873
25894,LOF,0.4058632907335441,0.006450920241049959,0.5876857890254059
25895,LOF,0.35388660713400905,0.012142584141898389,0.6339708087240925
25896,LOF,0.0692368580937786,0.022874937012069423,0.907888204894152
25897,LOF,0.16187065430663677,0.009191869764245512,0.8289374759291177
25898,LOF,0.13048420330245294,0.03541470990670403,0.834101086790843
25899,LOF,0.42672356235873954,0.02337802850329184,0.5498984091379686
25900,Neutral,0.5121798889195693,0.007609256471534164,0.4802108546088965
25901,LOF,0.05979818977782696,0.00967211342734919,0.9305296967948238
25902,LOF,0.16825094061807638,0.01007593611755463,0.821673123264369
25903,LOF,0.35356153573287596,0.024455552953787377,0.6219829113133366
25904,Neutral,0.5049557466361726,0.03221090831475645,0.4628333450490708
25905,LOF,0.006980777051734202,0.460653098785706,0.5323661241625598
25906,LOF,0.007737107070585752,0.08623587198660466,0.9060270209428096
25907,LOF,0.006809943909879794,0.2959461152563641,0.6972439408337562
25908,LOF,0.006144875430282376,0.27048552537317855,0.723369599196539
25909,LOF,0.02647242448578186,0.12781142860105846,0.8457161469131598
25910,LOF,0.012631483193612524,0.13886547773830282,0.8485030390680847
25911,LOF,0.22541998587983514,0.07676589288723848,0.6978141212329263
25912,LOF,0.10925269100320187,0.04069894122967984,0.8500483677671182
25913,LOF,0.026675501807159167,0.06707767495288004,0.9062468232399608
25914,LOF,0.037745986342163945,0.02938007444232556,0.9328739392155105
25915,LOF,0.19031817759915876,0.12295429843200191,0.6867275239688393
25916,LOF,0.026332467737408462,0.06887402573136402,0.9047935065312275
25917,LOF,0.07704488553064402,0.026557311644112746,0.8963978028252432
25918,LOF,0.04136501261784096,0.018744525341118163,0.9398904620410409
25919,LOF,0.03874397337243078,0.01752830912887097,0.9437277174986982
25920,Neutral,0.36922858727381913,0.2934678447851823,0.3373035679409985
25921,LOF,0.014564337178064882,0.03768637291089371,0.9477492899110413
25922,LOF,0.016408915578141336,0.03846550390467678,0.9451255805171819
25923,LOF,0.41365444120931066,0.034669741351071766,0.5516758174396176
25924,LOF,0.02428178391216574,0.05036259447035443,0.9253556216174799
25925,LOF,0.08091004801277421,0.04962030185606235,0.8694696501311635
25926,LOF,0.06611377053312308,0.045118340740680586,0.8887678887261964
25927,LOF,0.018160774579371302,0.0775734285813052,0.9042657968393234
25928,LOF,0.010774597397384124,0.048699648150030694,0.9405257544525852
25929,Neutral,0.5452116761104687,0.0329552791030685,0.42183304478646283
25930,LOF,0.07546630080054459,0.0344306020124186,0.8901030971870368
25931,LOF,0.012798289878290268,0.037842127113632315,0.9493595830080774
25932,LOF,0.0620276776722966,0.037946503967757575,0.9000258183599458
25933,LOF,0.06535609541348257,0.020015329830446814,0.9146285747560705
25934,LOF,0.054439791378330944,0.021047048816028705,0.9245131598056403
25935,LOF,0.07441056948553433,0.06052768510042516,0.8650617454140405
25936,LOF,0.10329589126274884,0.021813888365520135,0.874890220371731
25937,LOF,0.021039867750818078,0.02648193784672004,0.9524781944024618
25938,LOF,0.0703931096754489,0.05023751379998055,0.8793693765245705
25939,LOF,0.0463914234973275,0.02980953694764297,0.9237990395550296
25940,LOF,0.009087321086323933,0.47008316608953865,0.5208295128241375
25941,LOF,0.4748612531855068,0.04708991553284924,0.4780488312816439
25942,LOF,0.011199271534076115,0.05841278300306171,0.9303879454628621
25943,LOF,0.04607177423247016,0.17386862358525418,0.7800596021822757
25944,LOF,0.042435976331468894,0.08413289792295275,0.8734311257455784
25945,LOF,0.11508497159696547,0.03282850984797271,0.8520865185550619
25946,LOF,0.06467724735772142,0.048090968923899496,0.8872317837183792
25947,Neutral,0.5430251129541569,0.08399060311448144,0.3729842839313618
25948,LOF,0.40551016427034003,0.01985522673718074,0.5746346089924792
25949,LOF,0.17351635234154017,0.07769804281532774,0.7487856048431321
25950,GOF,0.06708432913154046,0.5050755236335226,0.42784014723493696
25951,LOF,0.016243676021172927,0.3805816477992885,0.6031746761795386
25952,LOF,0.2378076110044254,0.23761219525199964,0.524580193743575
25953,LOF,0.008137747989946629,0.22965895546974743,0.7622032965403059
25954,LOF,0.06850575353450757,0.35854845817700015,0.5729457882884923
25955,LOF,0.007004327451348608,0.22900963421560516,0.7639860383330462
25956,LOF,0.014725999051008852,0.31533415516649316,0.6699398457824981
25957,LOF,0.15051317556995877,0.032973032875918254,0.816513791554123
25958,LOF,0.031965225462342664,0.06504250437452082,0.9029922701631364
25959,GOF,0.0065051572916768295,0.7969746744765527,0.19652016823177051
25960,LOF,0.004820695640603534,0.11192199469343374,0.8832573096659627
25961,LOF,0.0298517079584549,0.0519833072035686,0.9181649848379764
25962,LOF,0.047391575368034726,0.08289310402687115,0.869715320605094
25963,LOF,0.0065829456290672815,0.1722252627562845,0.8211917916146483
25964,LOF,0.024591083884921393,0.12039815717445262,0.855010758940626
25965,LOF,0.2383628027827656,0.13206163943113453,0.6295755577861
25966,LOF,0.3831218845343749,0.09719646446266775,0.5196816510029575
25967,LOF,0.008055086720075955,0.07192852865534861,0.9200163846245755
25968,LOF,0.038749461156808024,0.21750576398415075,0.7437447748590412
25969,LOF,0.17275112541101506,0.050657938290342076,0.776590936298643
25970,LOF,0.07541981631334699,0.0708611951074908,0.8537189885791623
25971,LOF,0.07803080878745314,0.03416601839217539,0.8878031728203715
25972,LOF,0.0780604611057352,0.061176799572303174,0.8607627393219616
25973,LOF,0.06817256080395205,0.008980000552347767,0.9228474386437002
25974,LOF,0.03931418415398432,0.03978918681280079,0.9208966290332148
25975,LOF,0.04233870043822444,0.018635323706824712,0.9390259758549508
25976,LOF,0.08414892997401108,0.010238220899004512,0.9056128491269843
25977,LOF,0.25588623115443054,0.06152107971081779,0.6825926891347517
25978,LOF,0.17089939648436858,0.14603413448467692,0.6830664690309545
25979,LOF,0.14415317376097822,0.16225936078990846,0.6935874654491134
25980,LOF,0.22776576797329112,0.22376329049389296,0.548470941532816
25981,LOF,0.2292342103675936,0.22610273136640874,0.5446630582659977
25982,LOF,0.43099756509917053,0.11181309624780784,0.4571893386530217
25983,Neutral,0.437074399950775,0.13462541847822437,0.42830018157100064
25984,LOF,0.04179203252145197,0.09464724877878272,0.8635607186997653
25985,LOF,0.42143681890561974,0.12061575103582506,0.45794743005855526
25986,LOF,0.012240848941685678,0.4530968376465824,0.5346623134117319
25987,LOF,0.04407408682288061,0.10623798059010164,0.8496879325870177
25988,LOF,0.03929535047678666,0.15272828052866078,0.8079763689945526
25989,LOF,0.04501099215976143,0.20755328689838506,0.7474357209418534
25990,LOF,0.03879905566717085,0.31097845781715916,0.65022248651567
25991,GOF,0.022901031662780864,0.5172431511876211,0.459855817149598
25992,LOF,0.014916725651339122,0.4879088717997651,0.4971744025488959
25993,LOF,0.027586684894434634,0.09339564800178358,0.8790176671037818
25994,LOF,0.02377202669199401,0.10147413087265808,0.8747538424353479
25995,LOF,0.0188448163197304,0.17119672671329383,0.8099584569669758
25996,Neutral,0.3923676987324699,0.38873107954563324,0.2189012217218969
25997,LOF,0.06983524330018905,0.46116710691789475,0.4689976497819162
25998,LOF,0.2545279448338648,0.04567135969730784,0.6998006954688273
25999,LOF,0.03637187774454156,0.10874696219499659,0.8548811600604618
26000,LOF,0.1460811392601577,0.01506190681145836,0.838856953928384
26001,LOF,0.2504629866863685,0.017167182076495962,0.7323698312371355
26002,LOF,0.1274475799569759,0.022741290022594625,0.8498111300204295
26003,GOF,0.007842836186906814,0.607658684070209,0.3844984797428842
26004,GOF,0.01841191841352918,0.6317352313526404,0.34985285023383045
26005,LOF,0.005674063359597705,0.4503958821067989,0.5439300545336033
26006,GOF,0.1337493663449222,0.48732327439199913,0.3789273592630787
26007,LOF,0.01238455052327442,0.48445384550858156,0.5031616039681439
26008,GOF,0.006709371690465994,0.5690716064611158,0.42421902184841825
26009,GOF,0.01299136434736379,0.6002111555961336,0.3867974800565026
26010,GOF,0.011175644061065602,0.561914424868909,0.4269099310700254
26011,LOF,0.004470052360547964,0.3930199552156083,0.6025099924238438
26012,GOF,0.005265913226210022,0.5243018379699153,0.4704322488038747
26013,GOF,0.010637692996667768,0.5403929508762522,0.44896935612708005
26014,LOF,0.06635409398502896,0.12951407907463636,0.8041318269403346
26015,LOF,0.34267156878917454,0.03763404255117507,0.6196943886596503
26016,LOF,0.2832251378688634,0.05855346736628217,0.6582213947648544
26017,LOF,0.01484803260249136,0.24195758043509893,0.7431943869624097
26018,LOF,0.022785876960470065,0.08988655690095596,0.887327566138574
26019,LOF,0.022593035512820357,0.08011950171072242,0.8972874627764572
26020,LOF,0.008143711921203904,0.2284788691535274,0.7633774189252687
26021,LOF,0.07186396157389965,0.11079363653877988,0.8173424018873204
26022,LOF,0.035887271257073375,0.04528182539426429,0.9188309033486622
26023,LOF,0.01864395248133602,0.06337371509134829,0.9179823324273158
26024,LOF,0.055043981163070695,0.0870599358876374,0.8578960829492919
26025,LOF,0.1054202021219142,0.10249617560132526,0.7920836222767604
26026,LOF,0.11546290955222772,0.07939342832720317,0.8051436621205692
26027,LOF,0.023194230881316853,0.03865354914735435,0.9381522199713289
26028,LOF,0.09008951115803522,0.18521366270847725,0.7246968261334875
26029,LOF,0.025194726904430514,0.17926831994395512,0.7955369531516143
26030,LOF,0.12698453874081694,0.028621562398670475,0.8443938988605126
26031,LOF,0.010519738875945117,0.14968196307246642,0.8397982980515885
26032,LOF,0.03526061268331376,0.046473217301156576,0.9182661700155298
26033,LOF,0.03635455462820851,0.05210483990689085,0.9115406054649007
26034,LOF,0.01684354241643619,0.1265460600948664,0.8566103974886975
26035,LOF,0.013270774206714946,0.11655889408679655,0.8701703317064885
26036,LOF,0.012229027715518112,0.0999464251609065,0.8878245471235754
26037,LOF,0.011530691161267011,0.11023704854664831,0.8782322602920848
26038,LOF,0.03047949442956619,0.0417600516072586,0.9277604539631752
26039,LOF,0.036064949840324094,0.14182070443054304,0.8221143457291329
26040,LOF,0.08223764794546998,0.11840413022509223,0.7993582218294377
26041,LOF,0.01469679475625281,0.10356729898336642,0.8817359062603808
26042,LOF,0.014192929631709194,0.10994963704787679,0.875857433320414
26043,LOF,0.029478278142918236,0.06848998324716656,0.9020317386099153
26044,LOF,0.009683845751530187,0.054792717551270825,0.935523436697199
26045,LOF,0.07700604150178883,0.1457310212431577,0.7772629372550535
26046,LOF,0.02653350559015852,0.05221757267093747,0.921248921738904
26047,LOF,0.05121230695023775,0.05239504954467443,0.8963926435050878
26048,LOF,0.08760134459982034,0.021397846415678216,0.8910008089845015
26049,Neutral,0.9412516706492595,0.008441328994526822,0.05030700035621357
26050,Neutral,0.9103954674235422,0.009154665208841516,0.08044986736761621
26051,LOF,0.024391858929465153,0.060806988513967215,0.9148011525565676
26052,LOF,0.029416718122314275,0.05510888158156214,0.9154744002961235
26053,LOF,0.021534734631681103,0.1319479845050062,0.8465172808633127
26054,LOF,0.048966202753081556,0.03602819992141648,0.915005597325502
26055,LOF,0.07457232589474139,0.033619393701625803,0.8918082804036328
26056,LOF,0.06229772235330085,0.04362935170402005,0.8940729259426792
26057,LOF,0.05749975048736209,0.018810564341737557,0.9236896851709003
26058,LOF,0.061578948154832266,0.014558325110080962,0.9238627267350867
26059,LOF,0.20925308007887594,0.036552274773562,0.7541946451475622
26060,LOF,0.028022557662188616,0.15792374074332993,0.8140537015944814
26061,LOF,0.012886741799377897,0.011146270318781432,0.9759669878818408
26062,LOF,0.007007521829540232,0.01780800574813789,0.9751844724223219
26063,LOF,0.046817205788710604,0.014824999449328429,0.938357794761961
26064,LOF,0.01719945689993519,0.018126814449851952,0.9646737286502128
26065,LOF,0.05546079307549394,0.017556331300287567,0.9269828756242184
26066,LOF,0.04332492391449382,0.014130490921278846,0.9425445851642272
26067,LOF,0.04610009109958732,0.01455634898603724,0.9393435599143755
26068,LOF,0.0567673480377602,0.048731323118662115,0.8945013288435778
26069,LOF,0.30457477379494774,0.0322707047787232,0.6631545214263291
26070,Neutral,0.5672337061612017,0.02424251284667346,0.40852378099212483
26071,LOF,0.04868492779539088,0.017105264132717252,0.9342098080718918
26072,LOF,0.009018363067085589,0.021168650043874648,0.9698129868890397
26073,LOF,0.0400875315005926,0.018165911848502532,0.9417465566509048
26074,Neutral,0.8612469193130216,0.012708359041864264,0.1260447216451143
26075,LOF,0.05777280279119648,0.026582136353686375,0.9156450608551171
26076,LOF,0.06051930513719413,0.014713378608771612,0.9247673162540342
26077,LOF,0.15206785015202187,0.007843480408573474,0.8400886694394046
26078,LOF,0.008085671602838063,0.017420404790609276,0.9744939236065525
26079,LOF,0.06843191467960313,0.025217792883923142,0.9063502924364736
26080,LOF,0.06753950281824812,0.025241501326642303,0.9072189958551096
26081,LOF,0.036134585040773354,0.012115767370269157,0.9517496475889575
26082,LOF,0.006408035058125445,0.018327735147927193,0.9752642297939474
26083,LOF,0.1053739948600441,0.02909467160214005,0.8655313335378159
26084,LOF,0.11358612952015229,0.02188566052250691,0.8645282099573408
26085,LOF,0.09699318112986066,0.018457164525582836,0.8845496543445566
26086,LOF,0.04328033540677592,0.016111428011173767,0.9406082365820504
26087,LOF,0.039488584669300546,0.01314979360126234,0.9473616217294373
26088,LOF,0.007673559257697137,0.0241873371149079,0.9681391036273949
26089,LOF,0.04523385880272639,0.042590427184138406,0.9121757140131352
26090,LOF,0.04561639025881828,0.03347302463051242,0.9209105851106694
26091,LOF,0.0304437350095187,0.010591757559464525,0.9589645074310168
26092,LOF,0.04995743635752076,0.011897161294197229,0.9381454023482819
26093,LOF,0.09266709546458644,0.007899001777707203,0.8994339027577064
26094,LOF,0.03691035459874545,0.011036975453874463,0.95205266994738
26095,LOF,0.021163702344681654,0.020836624919282228,0.9579996727360361
26096,LOF,0.21161363323752852,0.005028498350478609,0.783357868411993
26097,LOF,0.007861259109891524,0.0405128236974613,0.9516259171926471
26098,LOF,0.1265774779123363,0.022422679645769404,0.8509998424418943
26099,LOF,0.041375633927681635,0.02678029595331495,0.9318440701190034
26100,LOF,0.041375633927681635,0.02678029595331495,0.9318440701190034
26101,LOF,0.06965640601059135,0.04365150201129121,0.8866920919781174
26102,LOF,0.03544341017211251,0.024694793844607633,0.9398617959832798
26103,Neutral,0.8942791015700505,0.031149726941462327,0.0745711714884872
26104,LOF,0.06116912853350005,0.04624676352723311,0.8925841079392669
26105,LOF,0.28769052091829833,0.1108287233619099,0.6014807557197918
26106,LOF,0.2905990322652919,0.05425797584455617,0.6551429918901519
26107,LOF,0.02102929499383171,0.07131078477526176,0.9076599202309066
26108,LOF,0.26625129598273856,0.04066478977472458,0.6930839142425369
26109,LOF,0.07811421963318452,0.03072782988776342,0.891157950479052
26110,LOF,0.4365831240943885,0.011272983309509968,0.5521438925961016
26111,LOF,0.06088153052603753,0.10731185073863095,0.8318066187353315
26112,LOF,0.05642960050247178,0.010900692972161837,0.9326697065253664
26113,LOF,0.11615711562499685,0.024906988909524724,0.8589358954654784
26114,LOF,0.09273606291531636,0.006511585255144689,0.900752351829539
26115,LOF,0.014402356003290163,0.047029134266771,0.9385685097299389
26116,LOF,0.07652067045653435,0.018982391663611847,0.9044969378798539
26117,LOF,0.34356407952562784,0.048172264066852176,0.60826365640752
26118,LOF,0.04812990925604602,0.022783761947728853,0.9290863287962251
26119,LOF,0.006100235582158296,0.11737864048214168,0.8765211239357
26120,LOF,0.03351800164521103,0.021901861208194377,0.9445801371465946
26121,LOF,0.0033005809665013555,0.1820616763811157,0.814637742652383
