feature0,prediction,LoGoFunc_Neutral,LoGoFunc_GOF,LoGoFunc_LOF
25546,Neutral,0.7241712379902888,0.0352680892618518,0.24056067274785942
25547,Neutral,0.5708060354796944,0.06906602184581076,0.3601279426744949
25548,Neutral,0.5860116060393492,0.04840588853553743,0.3655825054251134
25549,Neutral,0.5012229350519665,0.048795162173742815,0.44998190277429073
25550,LOF,0.3457084563886702,0.08852096378431581,0.565770579827014
25551,LOF,0.2941788576886827,0.0993419406021984,0.606479201709119
25552,LOF,0.21640566888822801,0.09175476725126765,0.6918395638605044
25553,Neutral,0.8347273431701504,0.0276193657754868,0.13765329105436266
25554,LOF,0.24660856260302888,0.09102014265811163,0.6623712947388595
25555,LOF,0.20370535883392854,0.07931421029291776,0.7169804308731537
25556,LOF,0.4041229376157265,0.08350800128298295,0.5123690611012904
25557,LOF,0.19859922714358955,0.08367007212889624,0.7177307007275143
25558,LOF,0.23634610428054909,0.09051837937601923,0.6731355163434317
25559,LOF,0.3763950926306094,0.1723674671907476,0.45123744017864315
25560,LOF,0.05662391189569597,0.13417047404305177,0.8092056140612524
25561,LOF,0.12718312232459578,0.13647927948553143,0.7363375981898728
25562,LOF,0.12918721304872222,0.05604357659055998,0.8147692103607178
25563,LOF,0.10922165558117344,0.07121616159680329,0.8195621828220234
25564,LOF,0.2396958423218873,0.1199086629828762,0.6403954946952365
25565,LOF,0.1497656797639509,0.10122258777561728,0.7490117324604318
25566,GOF,0.01586528017292033,0.7773409642076458,0.206793755619434
25567,LOF,0.016640234651179343,0.1592764129155082,0.8240833524333123
25568,LOF,0.04899684615385714,0.05706999207295695,0.8939331617731859
25569,LOF,0.0605206934764528,0.057654478427078944,0.8818248280964682
25570,LOF,0.063229505739018,0.09378698743590914,0.8429835068250728
25571,LOF,0.058894364094211706,0.08600687671781063,0.8550987591879777
25572,LOF,0.06503183810332969,0.11531129293833876,0.8196568689583316
25573,LOF,0.036759725303699864,0.08766805646560322,0.8755722182306969
25574,LOF,0.02054466054109837,0.13872371763470717,0.8407316218241945
25575,LOF,0.043717340727155045,0.10643499123009068,0.8498476680427542
25576,LOF,0.01790970680745515,0.11354083711167093,0.868549456080874
25577,LOF,0.016176061770546014,0.11305327090103966,0.8707706673284143
25578,LOF,0.24386614924538788,0.07611394758560537,0.6800199031690067
25579,LOF,0.24473335739204144,0.07553044346788147,0.6797361991400771
25580,LOF,0.030622400667246915,0.07063634802101944,0.8987412513117337
25581,LOF,0.053534330952542716,0.0605277915629674,0.8859378774844898
25582,LOF,0.05325478155766853,0.05871636909868086,0.8880288493436506
25583,LOF,0.039507646178667616,0.0808429624204099,0.8796493914009226
25584,Neutral,0.5083092986737016,0.09558941106009478,0.3961012902662036
25585,LOF,0.029022297762429015,0.11030899288238206,0.8606687093551889
25586,LOF,0.02833256327228925,0.06673038810627899,0.9049370486214317
25587,LOF,0.028487830054736818,0.062484237624360915,0.9090279323209023
25588,LOF,0.031566504493160404,0.0777054558589488,0.8907280396478908
25589,Neutral,0.6100904477097011,0.11506873181267735,0.27484082047762143
25590,LOF,0.03106226388266488,0.11843038835961205,0.850507347757723
25591,LOF,0.11329360231553623,0.05040760341900174,0.8362987942654619
25592,LOF,0.09069084690875297,0.11860616556223438,0.7907029875290127
25593,LOF,0.02959253849733145,0.2602618179088575,0.710145643593811
25594,LOF,0.04431541352586444,0.2025859283829053,0.7530986580912302
25595,LOF,0.04843345387366192,0.14653732625973354,0.8050292198666046
25596,LOF,0.04451711131801372,0.11984410799579341,0.835638780686193
25597,LOF,0.03848221082711518,0.1139035262507999,0.8476142629220849
25598,LOF,0.04633281064555691,0.14337552924435704,0.8102916601100861
25599,GOF,0.0077161541403931305,0.6713908081305949,0.32089303772901207
25600,GOF,0.019573929379962364,0.6339622820095099,0.34646378861052773
25601,LOF,0.006847664534774725,0.4420316080232502,0.551120727441975
25602,LOF,0.028272843375232254,0.04864541312473521,0.9230817435000325
25603,LOF,0.06813858584600734,0.028048877679195592,0.9038125364747972
25604,LOF,0.04787210662110062,0.0323961114176785,0.9197317819612209
25605,LOF,0.014896301666767047,0.19456895276970484,0.7905347455635282
25606,LOF,0.1124753490098687,0.4052521203238287,0.4822725306663027
25607,LOF,0.006407808546947326,0.1880957555151602,0.8054964359378924
25608,LOF,0.03390697303181098,0.052330827466417755,0.9137621995017713
25609,LOF,0.04185765240344084,0.4690326207341879,0.4891097268623712
25610,LOF,0.03825439076723374,0.02806033881577119,0.933685270416995
25611,LOF,0.040635490217536034,0.026625158872517554,0.9327393509099464
25612,LOF,0.09634887020498588,0.04182617094551031,0.8618249588495038
25613,LOF,0.07824020943761169,0.04646679696528591,0.8752929935971023
25614,LOF,0.029580786330890188,0.03621347223649854,0.9342057414326113
25615,LOF,0.03735215207066427,0.04251104728455626,0.9201368006447794
25616,LOF,0.028826272170600947,0.03480944741055637,0.9363642804188428
25617,LOF,0.02612445157185519,0.03812456825374233,0.9357509801744025
25618,LOF,0.15892509221359938,0.03184283963601786,0.8092320681503828
25619,LOF,0.02900605594910972,0.03394441804893172,0.9370495260019586
25620,LOF,0.03206718724873108,0.04375381974109845,0.9241789930101705
25621,LOF,0.026040838122076665,0.03451032125068115,0.9394488406272421
25622,LOF,0.028298521483771384,0.039672186126564764,0.9320292923896638
25623,LOF,0.05134952601894139,0.03840137140746554,0.910249102573593
25624,LOF,0.02608483984042384,0.04165339440865436,0.9322617657509218
25625,LOF,0.030839752399831694,0.04831372044322554,0.9208465271569428
25626,LOF,0.08255084607383978,0.03731192060789574,0.8801372333182645
25627,Neutral,0.5251357659928165,0.12629045903357408,0.34857377497360936
25628,LOF,0.1936786515390898,0.06109028042862079,0.7452310680322893
25629,LOF,0.06539682888005453,0.06371390478904702,0.8708892663308984
25630,LOF,0.1742076268624479,0.09320223341469354,0.7325901397228587
25631,Neutral,0.5858294164685178,0.07118060069414163,0.34298998283734067
25632,LOF,0.0180851887803445,0.09281400458309484,0.8891008066365605
25633,LOF,0.20520897043590078,0.07881459662416954,0.7159764329399296
25634,LOF,0.03465554958607589,0.09926528792742328,0.8660791624865009
25635,LOF,0.03749444874262563,0.0778423964348407,0.8846631548225337
25636,GOF,0.004174022440105079,0.6654814993805549,0.33034447817934
25637,GOF,0.005097747472418218,0.6925811427057526,0.3023211098218292
25638,LOF,0.00838329774224686,0.42711981703163976,0.5644968852261134
25639,GOF,0.004519159335138873,0.5518838493427276,0.4435969913221334
25640,GOF,0.4559064013716412,0.4755355190350155,0.06855807959334338
25641,LOF,0.010107885096882329,0.3425695611659525,0.6473225537371652
25642,LOF,0.27140209860198955,0.0721966701450474,0.6564012312529631
25643,LOF,0.24739460927452142,0.1540714341924649,0.5985339565330137
25644,GOF,0.01546049847443783,0.5676684133955693,0.416871088129993
25645,GOF,0.012646713912828676,0.5115513360492756,0.47580195003789577
25646,LOF,0.019475319102669777,0.3734974358496253,0.607027245047705
25647,LOF,0.01691254364803129,0.3229958362170418,0.660091620134927
25648,LOF,0.015077097494127415,0.3376356815088823,0.6472872209969903
25649,LOF,0.011415833531767441,0.25119675568289196,0.7373874107853406
25650,GOF,0.027650830610974828,0.4919522698769773,0.48039689951204795
25651,LOF,0.00965736577931782,0.3035529335653666,0.6867897006553155
25652,LOF,0.015471097936575326,0.27874383637463296,0.7057850656887917
25653,LOF,0.05975112454899538,0.38882841320384215,0.5514204622471625
25654,LOF,0.01728445259535881,0.16742349951834884,0.8152920478862924
25655,LOF,0.08662996100355219,0.424584408989047,0.4887856300074009
25656,LOF,0.07909169805631747,0.07813166611164048,0.8427766358320421
25657,LOF,0.26386590385512004,0.03840950762136861,0.6977245885235113
25658,LOF,0.03898552287570489,0.09572051607390387,0.8652939610503912
25659,LOF,0.2990371065171928,0.06121184043663331,0.639751053046174
25660,LOF,0.07544496900559948,0.09503986077647952,0.8295151702179211
25661,LOF,0.049275294707672,0.0679227113617189,0.8828019939306091
25662,LOF,0.02862502149969773,0.04432703825122079,0.9270479402490814
25663,LOF,0.03775361112707244,0.06795114371868761,0.89429524515424
25664,LOF,0.03291388324346287,0.08812729334124748,0.8789588234152896
25665,LOF,0.05795544109662682,0.04109980808860202,0.9009447508147712
25666,LOF,0.02963034389317382,0.12561794469081017,0.844751711416016
25667,LOF,0.03147441038789802,0.05142717688094178,0.9170984127311602
25668,LOF,0.03466651720419165,0.05460933394771213,0.9107241488480963
25669,LOF,0.04088503841375659,0.08358702304332244,0.875527938542921
25670,LOF,0.08768219005000905,0.08470988916381571,0.8276079207861752
25671,LOF,0.040961318919974815,0.044910635660099105,0.9141280454199261
25672,LOF,0.06110912738986245,0.06101286076959772,0.8778780118405398
25673,LOF,0.03601067123239545,0.06779880630678513,0.8961905224608194
25674,LOF,0.029335109831490565,0.07495599768174381,0.8957088924867657
25675,LOF,0.04014059284200989,0.052203639525447404,0.9076557676325427
25676,LOF,0.03350772730197204,0.05932289271169404,0.9071693799863338
25677,LOF,0.05979098426033052,0.06069803487460703,0.8795109808650624
25678,LOF,0.2752156947092326,0.0377954553480613,0.6869888499427061
25679,LOF,0.17562374104190795,0.06934172929085974,0.7550345296672323
25680,LOF,0.06288284751180345,0.09290804016089867,0.8442091123272979
25681,LOF,0.11510569485815236,0.08293749423317963,0.801956810908668
25682,LOF,0.045108968658709725,0.073935404266283,0.8809556270750073
25683,LOF,0.08790741373353578,0.07987982999782295,0.8322127562686413
25684,LOF,0.05569172768426084,0.07643962668357171,0.8678686456321675
25685,LOF,0.10357644952912759,0.0501266635237165,0.846296886947156
25686,LOF,0.03240142455002663,0.09958053921579063,0.8680180362341827
25687,LOF,0.050649401754058146,0.07518997782847713,0.8741606204174648
25688,LOF,0.02395453958997184,0.09175983887321269,0.8842856215368156
25689,LOF,0.016179319278545247,0.08078428684971241,0.9030363938717423
25690,LOF,0.018674591508477886,0.09638347376508719,0.884941934726435
25691,LOF,0.1739546680366002,0.12949529457817763,0.6965500373852223
25692,LOF,0.2933437909917127,0.013304701303129572,0.6933515077051577
25693,LOF,0.0502466915446909,0.14247268884256103,0.8072806196127481
25694,LOF,0.238416530244745,0.014962350844414968,0.74662111891084
25695,LOF,0.1528622176654132,0.020734734639168403,0.8264030476954184
25696,LOF,0.17114203281249954,0.011821528704333931,0.8170364384831666
25697,LOF,0.13790851968977488,0.021478190456325704,0.8406132898538994
25698,LOF,0.024119617307113247,0.3646215759864206,0.6112588067064662
25699,LOF,0.05936970852878413,0.05878734906141343,0.8818429424098025
25700,LOF,0.03295219021318086,0.009237270645949383,0.9578105391408697
25701,LOF,0.010928061873005575,0.07008869487093665,0.9189832432560577
25702,GOF,0.03205528168718688,0.7458894863440391,0.22205523196877403
25703,LOF,0.014882357311056835,0.20937851842669683,0.7757391242622464
25704,LOF,0.08325235670155656,0.1526918421322387,0.7640558011662046
25705,LOF,0.06566223337117505,0.24073529355114243,0.6936024730776825
25706,GOF,0.05073440271276836,0.6300755415681112,0.31919005571912046
25707,GOF,0.021400426427994,0.5544365719848581,0.4241630015871478
25708,LOF,0.00696923172282671,0.49466658230330346,0.4983641859738699
25709,LOF,0.019890759206708478,0.06199251142777135,0.9181167293655201
25710,LOF,0.008361507989865437,0.16853532757194234,0.8231031644381923
25711,LOF,0.021281960599380065,0.11974607837126572,0.8589719610293541
25712,LOF,0.00878655063198861,0.21982416638638264,0.7713892829816288
25713,LOF,0.01894938817055225,0.10712872166089661,0.8739218901685513
25714,LOF,0.020867212691200714,0.14141119827527074,0.8377215890335286
25715,LOF,0.018094422909887047,0.12479052588188126,0.8571150512082317
25716,LOF,0.009903626391344953,0.1695927065587641,0.820503667049891
25717,LOF,0.005122245381144556,0.1463180421571554,0.8485597124617
25718,LOF,0.01802988413637176,0.07781341439590157,0.9041567014677266
25719,LOF,0.03643116981116616,0.08430921410973609,0.8792596160790977
25720,LOF,0.025006221845656505,0.08734192067677862,0.8876518574775649
25721,LOF,0.023177611284459505,0.09801322310318843,0.8788091656123521
25722,LOF,0.016625507170405614,0.1352814706179259,0.8480930222116685
25723,LOF,0.022981024694087214,0.07216909797296446,0.9048498773329484
25724,LOF,0.028407276879124945,0.12003376643200359,0.8515589566888714
25725,LOF,0.021321160368371686,0.06703825688005448,0.9116405827515738
25726,LOF,0.01656172879697036,0.10121766736973077,0.8822206038332989
25727,LOF,0.020996580075240974,0.08298975764698972,0.8960136622777694
25728,LOF,0.018126912336967425,0.0984899784080301,0.8833831092550025
25729,LOF,0.018964933017568786,0.10292138917342193,0.8781136778090093
25730,LOF,0.020244259737808665,0.08082457682795818,0.8989311634342332
25731,LOF,0.010316294938638379,0.19722001482706367,0.7924636902342981
25732,LOF,0.018226524506104607,0.09002843250872254,0.8917450429851729
25733,LOF,0.03217752176609648,0.07847461746275174,0.8893478607711517
25734,LOF,0.006027794776695673,0.23209956293934894,0.7618726422839553
25735,LOF,0.022754982742874234,0.0710836162988896,0.9061614009582362
25736,LOF,0.021835981688122695,0.11882740411266078,0.8593366141992165
25737,LOF,0.03801282563077626,0.10696569300303664,0.8550214813661872
25738,LOF,0.019672957364651186,0.14352461318322476,0.8368024294521241
25739,LOF,0.023045629282914273,0.13520876606326768,0.8417456046538181
25740,LOF,0.054194032848399916,0.1339444280833414,0.8118615390682586
25741,LOF,0.02649656342157988,0.11176948420569922,0.8617339523727208
25742,LOF,0.04034381229011861,0.12918153660729229,0.8304746511025891
25743,LOF,0.010770546983157856,0.03774208209767879,0.9514873709191634
25744,LOF,0.18669031265603694,0.3939537458906839,0.41935594145327915
25745,LOF,0.02454945907582277,0.062155562095293077,0.9132949788288841
25746,LOF,0.013947190589172176,0.07952840223470271,0.906524407176125
25747,LOF,0.02781567469116454,0.03504850502397227,0.9371358202848632
25748,LOF,0.2574539546098948,0.055568438605912616,0.6869776067841926
25749,LOF,0.015168997769565448,0.05863399903149166,0.9261970031989428
25750,LOF,0.01670094926940523,0.0854394788003103,0.8978595719302844
25751,LOF,0.03920771702407883,0.06446370569009614,0.896328577285825
25752,GOF,0.09505662295014933,0.6529214882623242,0.2520218887875265
25753,LOF,0.006174020476940743,0.3757320633011701,0.6180939162218891
25754,GOF,0.006217184851056686,0.8666421935039667,0.12714062164497664
25755,LOF,0.007718779389965083,0.44507690855199955,0.5472043120580353
25756,LOF,0.04676117295435081,0.4453502816881834,0.5078885453574657
25757,GOF,0.007024556984083237,0.8707918288831549,0.12218361413276177
25758,GOF,0.008748311419830436,0.8733883064848875,0.1178633820952819
25759,GOF,0.005391707849200793,0.5872465819574219,0.4073617101933774
25760,LOF,0.0063810134225209545,0.3016960983828092,0.6919228881946698
25761,GOF,0.06364374124854358,0.8536105205488352,0.08274573820262121
25762,LOF,0.027294410144389016,0.3774871532753243,0.5952184365802867
25763,LOF,0.00705229606201814,0.255885789487471,0.737061914450511
25764,GOF,0.06678979676336548,0.6299021429076301,0.3033080603290044
25765,GOF,0.007929376354858837,0.8422542381872669,0.14981638545787437
25766,GOF,0.04126532124234193,0.8136580705256624,0.1450766082319957
25767,GOF,0.010113701869951171,0.5219170091868921,0.4679692889431568
25768,LOF,0.03661422573735015,0.07444563303372191,0.888940141228928
25769,LOF,0.022872866576245793,0.08401392759392629,0.8931132058298278
25770,LOF,0.16752811753524657,0.07153938325961676,0.7609324992051366
25771,LOF,0.01217217431118406,0.0777483350694317,0.9100794906193842
25772,LOF,0.024803619135783137,0.030608591666353407,0.9445877891978636
25773,LOF,0.014338092442209942,0.08441260153001354,0.9012493060277764
25774,LOF,0.028617230721781472,0.09461133869861305,0.8767714305796055
25775,LOF,0.016509029043650772,0.044882015560429755,0.9386089553959195
25776,LOF,0.026642756120343825,0.027738762613142304,0.9456184812665138
25777,LOF,0.2348580843588158,0.07664669945443611,0.688495216186748
25778,LOF,0.019833808626626925,0.05793783810231289,0.9222283532710602
25779,GOF,0.032150068238602336,0.9029970868686811,0.06485284489271649
25780,GOF,0.0709315691150043,0.8834515540851193,0.045616876799876256
25781,GOF,0.02940683158257114,0.8890417938621958,0.08155137455523316
25782,GOF,0.024800403502393906,0.9164689917044702,0.05873060479313601
25783,GOF,0.01821110413828518,0.8015790118960772,0.18020988396563767
25784,GOF,0.08320681401369756,0.8818696852137126,0.034923500772589836
25785,GOF,0.062112776191059614,0.8980053920928477,0.03988183171609264
25786,GOF,0.007250191565577531,0.852965573322499,0.1397842351119234
25787,GOF,0.15899103298445594,0.8053691875080708,0.035639779507473275
25788,LOF,0.015991232464617776,0.2207250089483642,0.763283758587018
25789,GOF,0.015171118748995483,0.8727557473221034,0.112073133928901
25790,GOF,0.015879940249399132,0.8761035914209083,0.1080164683296926
25791,GOF,0.015458716331945531,0.8479634229970628,0.13657786067099165
25792,GOF,0.018506586929929073,0.8603225144421113,0.12117089862795964
25793,GOF,0.060053985657125296,0.841269701024086,0.0986763133187888
25794,GOF,0.04448527892865279,0.7724787828211532,0.183035938250194
25795,GOF,0.049120151320784844,0.7965875242526518,0.1542923244265633
25796,GOF,0.08579059370687872,0.8285826269527702,0.08562677934035104
25797,GOF,0.05016807176879959,0.7260127157011125,0.22381921253008802
25798,GOF,0.003447113849120906,0.6858122960333723,0.3107405901175067
25799,GOF,0.0029206053400355862,0.5665172374616974,0.43056215719826707
25800,GOF,0.018131713496026956,0.7896185224515577,0.1922497640524153
25801,GOF,0.013480222406190675,0.8923203951111223,0.09419938248268724
25802,GOF,0.02240504180277157,0.8429552271951556,0.13463973100207288
25803,GOF,0.013808907994997309,0.7590213266629897,0.22716976534201289
25804,GOF,0.014882939620323237,0.667688100727315,0.3174289596523618
25805,GOF,0.02552375924937266,0.7515788452719167,0.22289739547871065
25806,GOF,0.0204816287232658,0.8165763393767724,0.1629420318999617
25807,GOF,0.006013104661477564,0.7855038516972555,0.20848304364126705
25808,GOF,0.015917592336887314,0.7941987625778409,0.1898836450852717
25809,GOF,0.007372547977894665,0.7658917710430321,0.22673568097907326
25810,GOF,0.00620193844326477,0.7637556467173178,0.23004241483941745
25811,GOF,0.03940927145387377,0.879355192005332,0.08123553654079428
25812,GOF,0.018002166101458886,0.7637898087002337,0.21820802519830743
25813,GOF,0.09596011665723961,0.8129916219476643,0.091048261395096
25814,GOF,0.021483346596168157,0.822025193276658,0.1564914601271738
25815,GOF,0.036276628967518806,0.8445595861327947,0.11916378489968657
25816,GOF,0.0076556793059208116,0.8686859899813307,0.1236583307127484
25817,GOF,0.10476983725415928,0.8176217938808212,0.07760836886501944
25818,GOF,0.019548786241721412,0.8407556327622318,0.13969558099604687
25819,GOF,0.05662428167968741,0.7904903871152488,0.15288533120506378
25820,GOF,0.02587104398253082,0.7958092117406992,0.1783197442767699
25821,GOF,0.0171702451408715,0.7993246358253184,0.18350511903381
25822,GOF,0.03229702495930541,0.7974895473658599,0.17021342767483474
25823,GOF,0.01752429966345764,0.7055070121612742,0.27696868817526815
25824,GOF,0.01857961305857014,0.7958568428989056,0.1855635440425243
25825,GOF,0.01580370015979138,0.784134388853788,0.20006191098642068
25826,GOF,0.006184529788707467,0.7635214978386259,0.23029397237266674
25827,GOF,0.010657165189719323,0.737389413249011,0.2519534215612696
25828,GOF,0.007846214873080161,0.7026212950380644,0.2895324900888556
25829,GOF,0.0033594885413631525,0.7274267828763586,0.2692137285822781
25830,GOF,0.03605848349608367,0.5259400012330383,0.438001515270878
25831,GOF,0.06398640035716094,0.830139997233434,0.10587360240940506
25832,GOF,0.008384015647856971,0.8120927728977648,0.1795232114543782
25833,GOF,0.031010289914507445,0.8615077816476902,0.10748192843780242
25834,GOF,0.00797374424768416,0.8213169810328927,0.17070927471942318
25835,GOF,0.019292047990337916,0.8724849139412365,0.10822303806842568
25836,GOF,0.0056420008267250585,0.8168658183724045,0.17749218080087042
25837,GOF,0.006080574995906903,0.7284438575563227,0.26547556744777046
25838,GOF,0.017660155005377445,0.8763010056800526,0.10603883931456995
25839,GOF,0.038394657336017005,0.8691842833722894,0.0924210592916936
25840,GOF,0.07937145656812983,0.8357068035510965,0.08492173988077373
25841,GOF,0.07481895541382459,0.8465010300743131,0.07868001451186234
25842,GOF,0.020711311815190998,0.8987225915569617,0.08056609662784729
25843,GOF,0.022128478466979757,0.9047113394365802,0.07316018209643996
25844,GOF,0.013299594827099845,0.8596611011185146,0.1270393040543856
25845,GOF,0.004295999439780521,0.6632484738014536,0.332455526758766
25846,GOF,0.05617820424616741,0.8649559007629394,0.0788658949908931
25847,GOF,0.012630886644499247,0.9095638086693943,0.07780530468610644
25848,GOF,0.01646575435353678,0.8703049253983856,0.11322932024807776
25849,GOF,0.005851674733363444,0.7836753184436319,0.21047300682300463
25850,GOF,0.005773648020139237,0.783576986881937,0.2106493650979237
25851,GOF,0.005106551236746102,0.6827136189400116,0.3121798298232423
25852,GOF,0.14489460263816542,0.5766804108100829,0.27842498655175163
25853,GOF,0.06708150371787738,0.8477265502096272,0.0851919460724954
25854,GOF,0.00438216620603937,0.7163435952680521,0.2792742385259084
25855,GOF,0.017059369120916826,0.6870047572804652,0.295935873598618
25856,GOF,0.032988937798488105,0.8059916556210267,0.16101940658048516
25857,GOF,0.018851848249202673,0.6868342572355756,0.2943138945152218
25858,GOF,0.006728715366130972,0.6712880576295207,0.3219832270043483
25859,GOF,0.005622205156718921,0.6648248118935614,0.3295529829497197
25860,GOF,0.07421575691889026,0.8343802318759389,0.09140401120517085
25861,GOF,0.0808618002963302,0.8366332363143364,0.08250496338933329
25862,GOF,0.016121335255059183,0.8814032944710746,0.10247537027386626
25863,GOF,0.017241537271817323,0.8787090880058698,0.10404937472231299
25864,GOF,0.04852212481461771,0.8832626735455931,0.0682152016397892
25865,GOF,0.03693871431286909,0.8605181961041318,0.10254308958299894
25866,GOF,0.019577206913782407,0.8826921992762867,0.09773059380993088
25867,GOF,0.029892459686196967,0.892702961109334,0.077404579204469
25868,GOF,0.05170060086350372,0.8550414055898058,0.09325799354669057
25869,GOF,0.3104972167243224,0.6268620052940862,0.06264077798159125
25870,GOF,0.06516502238125058,0.6935235790556064,0.24131139856314301
25871,GOF,0.008915393878667596,0.8879754443613186,0.10310916176001388
25872,GOF,0.01856126677656184,0.8870103888814369,0.09442834434200141
25873,GOF,0.017866429506388674,0.9020556789943994,0.0800778914992118
25874,LOF,0.016809184223441687,0.24585853849523795,0.7373322772813203
25875,LOF,0.0489070024409433,0.0481476525343362,0.9029453450247206
25876,LOF,0.018182305969850293,0.04064644816490123,0.9411712458652485
25877,LOF,0.10197288195489858,0.0853103248730949,0.8127167931720065
25878,LOF,0.06520914577227795,0.12183428610735422,0.8129565681203678
25879,LOF,0.023803153030814327,0.0859273784258241,0.8902694685433615
25880,LOF,0.05544996189701022,0.013439016009537012,0.9311110220934526
25881,Neutral,0.5338126680175024,0.0730170873004199,0.3931702446820777
25882,LOF,0.06247573500449631,0.027546285599198153,0.9099779793963055
25883,LOF,0.026571879556739366,0.02776135501997288,0.9456667654232876
25884,LOF,0.019592439629174355,0.04826915243489207,0.9321384079359336
25885,LOF,0.2100380840238318,0.015811863033314305,0.7741500529428539
25886,LOF,0.2703957212417957,0.05524978136237688,0.6743544973958274
25887,LOF,0.17165833465991726,0.07636293086758492,0.7519787344724979
25888,LOF,0.010403136648214737,0.14137286722954873,0.8482239961222365
25889,LOF,0.02398287908734809,0.03940823305572714,0.9366088878569248
25890,LOF,0.1595778375465893,0.0988445946850571,0.7415775677683536
25891,LOF,0.11602075216618629,0.02520455362521754,0.8587746942085962
25892,LOF,0.009068759749388916,0.03746541743121304,0.9534658228193981
25893,LOF,0.36193830209750727,0.00995269329278186,0.6281090046097109
25894,LOF,0.38689494006338915,0.0061453100239162025,0.6069597499126946
25895,LOF,0.33693114177971284,0.01294180978328689,0.6501270484370003
25896,LOF,0.06693616980450304,0.023427239917302802,0.9096365902781941
25897,LOF,0.17663870872350457,0.008973315912748797,0.8143879753637466
25898,LOF,0.14754477952949693,0.03468760875483175,0.8177676117156714
25899,LOF,0.43735638835364143,0.019889389311088697,0.5427542223352698
25900,Neutral,0.5009856936857396,0.008978825364070152,0.4900354809501902
25901,LOF,0.06080094006892179,0.009211441725712744,0.9299876182053655
25902,LOF,0.183765610267087,0.009831620193428993,0.806402769539484
25903,LOF,0.36586587604921794,0.026262029609797222,0.6078720943409849
25904,Neutral,0.5102043192680464,0.03221958720655314,0.45757609352540046
25905,LOF,0.006303089438519697,0.4724515621400976,0.5212453484213827
25906,LOF,0.008373878321362216,0.10497730281428912,0.8866488188643487
25907,LOF,0.005226693803581685,0.33743408286945764,0.6573392233269606
25908,LOF,0.004847537599959102,0.2532433202771608,0.7419091421228801
25909,LOF,0.023233343851754393,0.15378706127438194,0.8229795948738636
25910,LOF,0.012615037704001896,0.13437060003661364,0.8530143622593844
25911,LOF,0.23486378495876592,0.04859260526327131,0.7165436097779627
25912,LOF,0.09251367587438752,0.04410263301832035,0.8633836911072921
25913,LOF,0.02519643338000781,0.07585596097979473,0.8989476056401975
25914,LOF,0.039236962663415906,0.04319341970854523,0.9175696176280388
25915,LOF,0.20514503481057828,0.1846852848801045,0.6101696803093172
25916,LOF,0.031906694277586356,0.11315426092143786,0.8549390448009758
25917,LOF,0.07000604362227017,0.038937545177760303,0.8910564111999695
25918,LOF,0.04120795288804867,0.027352053248852218,0.9314399938630991
25919,LOF,0.036351827010187264,0.026740840596055273,0.9369073323937573
25920,LOF,0.3459669485071594,0.20787383097047513,0.4461592205223655
25921,LOF,0.01544491351331936,0.04243525989617833,0.9421198265905022
25922,LOF,0.01743389530980747,0.043064249653566436,0.9395018550366262
25923,LOF,0.41614347482542074,0.041432295644464254,0.542424229530115
25924,LOF,0.020194621788585203,0.06258522991302155,0.9172201482983933
25925,LOF,0.07916470865006259,0.05393533229238868,0.8668999590575487
25926,LOF,0.0648743737059818,0.048252619516104926,0.8868730067779133
25927,LOF,0.022496574218065807,0.07407973776342722,0.9034236880185069
25928,LOF,0.009970470536986601,0.06423728086006918,0.9257922486029442
25929,Neutral,0.5461813658634397,0.03845604199830531,0.41536259213825494
25930,LOF,0.07855688329074005,0.040174092874220746,0.8812690238350391
25931,LOF,0.012830770255727831,0.046287155635856336,0.9408820741084157
25932,LOF,0.06816574711268712,0.038859753663877006,0.8929744992234359
25933,LOF,0.06896702410349739,0.022255077874214674,0.9087778980222879
25934,LOF,0.06369925362457927,0.021796997179505454,0.9145037491959154
25935,LOF,0.07444295507282651,0.06511736622159969,0.8604396787055738
25936,LOF,0.10961401657080809,0.02410487000063112,0.8662811134285607
25937,LOF,0.014482199566665601,0.05406427540616997,0.9314535250271644
25938,LOF,0.07265871821862893,0.05727484112852223,0.8700664406528489
25939,LOF,0.047672332141502106,0.031728016131268064,0.9205996517272298
25940,LOF,0.009259531648970806,0.3698630518225427,0.6208774165284865
25941,Neutral,0.5263418166123093,0.056501500298239096,0.4171566830894516
25942,LOF,0.009106861095764699,0.06666907720191738,0.924224061702318
25943,LOF,0.06119671859112768,0.20856996454701202,0.7302333168618602
25944,LOF,0.05375100113584564,0.09098538352888813,0.8552636153352663
25945,LOF,0.12970247452158518,0.028938502698714515,0.8413590227797004
25946,LOF,0.0692895664201733,0.038140311365203836,0.8925701222146228
25947,Neutral,0.454502130919383,0.11754889002551341,0.4279489790551037
25948,LOF,0.43127533740880686,0.016727711125573475,0.5519969514656197
25949,LOF,0.14191161316817427,0.08015181752642117,0.7779365693054044
25950,GOF,0.06646910885248677,0.5895505379207548,0.34398035322675835
25951,LOF,0.013331049821413588,0.41013236367233263,0.5765365865062537
25952,LOF,0.24671895853869716,0.25392017704983255,0.4993608644114703
25953,LOF,0.00933936988120016,0.17066142155269046,0.8199992085661093
25954,LOF,0.06548806941100391,0.4621426240594968,0.4723693065294994
25955,LOF,0.006718474313489334,0.19023576463982445,0.8030457610466863
25956,LOF,0.017230741599969315,0.22593319047526125,0.7568360679247694
25957,LOF,0.18135966869090653,0.029527218018655786,0.7891131132904377
25958,LOF,0.032056318258990184,0.055961491336753426,0.9119821904042563
25959,GOF,0.012051546297619224,0.685061817400153,0.30288663630222773
25960,LOF,0.005212053089614407,0.0847941988792905,0.909993748031095
25961,LOF,0.030073598350863037,0.049882652247957446,0.9200437494011796
25962,LOF,0.041727573542148004,0.062191928867923116,0.8960804975899289
25963,LOF,0.0056581616522882305,0.17723626687102156,0.8171055714766902
25964,LOF,0.027996938181596077,0.11354578183975539,0.8584572799786485
25965,LOF,0.25029617343118166,0.11437955745604586,0.6353242691127725
25966,LOF,0.41968774159315614,0.14787954653518795,0.43243271187165583
25967,LOF,0.007701116165505303,0.09173157063907712,0.9005673131954176
25968,LOF,0.04341365126536714,0.2693447769131803,0.6872415718214525
25969,LOF,0.14729443323121882,0.06533804707823379,0.7873675196905474
25970,LOF,0.051346954697238226,0.09980487803350557,0.8488481672692563
25971,LOF,0.07990118109180237,0.03223633353109791,0.8878624853770997
25972,LOF,0.06843548404697118,0.05500359033278945,0.8765609256202394
25973,LOF,0.06163674009144607,0.00907045776757715,0.9292928021409769
25974,LOF,0.046857875086533364,0.038395394407784326,0.9147467305056823
25975,LOF,0.042565821342232725,0.01879761965047865,0.9386365590072887
25976,LOF,0.09506512373987927,0.010556101660742653,0.894378774599378
25977,LOF,0.21574659275682959,0.06642464148182504,0.7178287657613454
25978,LOF,0.18889373603762286,0.10900977849508539,0.7020964854672918
25979,LOF,0.15297190597410312,0.11928210615115133,0.7277459878747456
25980,LOF,0.2595285291487863,0.16437203639777107,0.5760994344534426
25981,LOF,0.2622424455409395,0.16753705479536787,0.5702204996636927
25982,Neutral,0.48312475143844436,0.07985459405515949,0.4370206545063962
25983,Neutral,0.47101467265812,0.09932616848989445,0.4296591588519854
25984,LOF,0.04277382605540125,0.10219319018350101,0.8550329837610977
25985,LOF,0.36473812615448054,0.152573312207942,0.48268856163757756
25986,LOF,0.009858942553746367,0.4253017677263113,0.5648392897199424
25987,LOF,0.048634430838529356,0.10009328610706646,0.8512722830544043
25988,LOF,0.03767571490310109,0.16703910928612958,0.7952851758107693
25989,LOF,0.03884219656782141,0.1991687419385614,0.7619890614936171
25990,LOF,0.03915924223580701,0.31957961273851576,0.6412611450256772
25991,LOF,0.01937948803998485,0.4024003306844693,0.5782201812755459
25992,LOF,0.01859844884445142,0.4326435582458338,0.5487579929097148
25993,LOF,0.028195515580339912,0.059572363452639894,0.9122321209670203
25994,LOF,0.025094794588348488,0.05879883058397654,0.9161063748276751
25995,LOF,0.022385605646515944,0.10832454502116742,0.8692898493323166
25996,LOF,0.3137037780405443,0.3244443868639992,0.3618518350954565
25997,LOF,0.054287054497384274,0.35459635279504403,0.5911165927075717
25998,LOF,0.299176615597386,0.043669075254920704,0.6571543091476932
25999,LOF,0.033764713928026775,0.18449045998602967,0.7817448260859436
26000,LOF,0.18104768587499237,0.025380237999692575,0.793572076125315
26001,LOF,0.2957346593135587,0.03680974283534355,0.6674555978510978
26002,LOF,0.12524756534887743,0.037593847414417965,0.8371585872367046
26003,GOF,0.007010232072191003,0.6723328453868673,0.3206569225409417
26004,GOF,0.01345101932507312,0.7011170931190788,0.2854318875558481
26005,LOF,0.004808105822537848,0.4821053771591883,0.5130865170182739
26006,GOF,0.14861315436537068,0.5425500685124791,0.3088367771221502
26007,GOF,0.009349683166446647,0.5383694568300067,0.4522808600035466
26008,GOF,0.00642396732429501,0.6116768108935935,0.38189922178211133
26009,GOF,0.009398256868731341,0.6729381827805798,0.3176635603506889
26010,GOF,0.00943131682220633,0.6387760646704241,0.3517926185073695
26011,LOF,0.004021204681213839,0.4318267818444205,0.5641520134743657
26012,GOF,0.004627622941049108,0.5195541093974455,0.4758182676615054
26013,GOF,0.00848705650114942,0.5750452119431645,0.416467731555686
26014,LOF,0.06487365832709632,0.11172306071529906,0.8234032809576045
26015,LOF,0.35403384018702555,0.04199438076186209,0.6039717790511124
26016,LOF,0.28420295446136784,0.060393276166401146,0.6554037693722311
26017,LOF,0.015537404996066546,0.2696353172486082,0.7148272777553253
26018,LOF,0.022672641682741385,0.07491472710258863,0.90241263121467
26019,LOF,0.02249749601958256,0.06691447849414132,0.910588025486276
26020,LOF,0.007708820476769948,0.24988077055130126,0.7424104089719288
26021,LOF,0.0892746514436671,0.09592694046924598,0.814798408087087
26022,LOF,0.034382700182629046,0.038543159788244706,0.9270741400291264
26023,LOF,0.02267972825962,0.053452221790476075,0.923868049949904
26024,LOF,0.05573440741556898,0.08288426221537311,0.8613813303690578
26025,LOF,0.08064501156599278,0.10518735120556877,0.8141676372284384
26026,LOF,0.11172299501234802,0.0836714595496271,0.8046055454380249
26027,LOF,0.023651181770390807,0.03901318451538254,0.9373356337142267
26028,LOF,0.09569237607131813,0.16074428662590134,0.7435633373027805
26029,LOF,0.02926615874946327,0.20464726413278414,0.7660865771177526
26030,LOF,0.15383551430619394,0.025959075051092576,0.8202054106427136
26031,LOF,0.012330374793586415,0.16033466965243567,0.827334955553978
26032,LOF,0.045295898488323674,0.05479341727997548,0.899910684231701
26033,LOF,0.05774441751869599,0.04744419044574467,0.8948113920355594
26034,LOF,0.016820208215822505,0.1735010153393404,0.809678776444837
26035,LOF,0.013268422310742033,0.11231532676264602,0.8744162509266119
26036,LOF,0.013632014503433687,0.1285208212078747,0.8578471642886916
26037,LOF,0.010842194597429224,0.10549523102760752,0.8836625743749633
26038,LOF,0.03834777303988114,0.04883831768244496,0.9128139092776738
26039,LOF,0.03421233830677208,0.1507208766368865,0.8150667850563413
26040,LOF,0.08957209681585727,0.11805688524330475,0.792371017940838
26041,LOF,0.013727819601523465,0.08536621252228446,0.9009059678761921
26042,LOF,0.012414089304671984,0.10163881704610718,0.8859470936492208
26043,LOF,0.03720289305130438,0.07052315594553603,0.8922739510031595
26044,LOF,0.01191026315749246,0.05670953257241352,0.9313802042700939
26045,LOF,0.07395077859379172,0.10757390805484567,0.8184753133513626
26046,LOF,0.03232215826570438,0.05329533145437419,0.9143825102799215
26047,LOF,0.060949782398169484,0.05432443543100311,0.8847257821708274
26048,LOF,0.07654048833228361,0.025325317086778164,0.8981341945809381
26049,Neutral,0.9476311655824031,0.008077768851173596,0.044291065566423156
26050,Neutral,0.9228949390662908,0.008699313296533524,0.06840574763717563
26051,LOF,0.019669656079306173,0.10042977581013159,0.8799005681105622
26052,LOF,0.040646070335561,0.11570052945898421,0.8436534002054549
26053,LOF,0.024806891954546998,0.1447389813985592,0.8304541266468938
26054,LOF,0.04804347968945715,0.03521294082941465,0.9167435794811283
26055,LOF,0.0707470498322621,0.032943303786509226,0.8963096463812287
26056,LOF,0.057669117359566015,0.04028764444308369,0.9020432381973503
26057,LOF,0.05993930861754996,0.019131470055198673,0.9209292213272513
26058,LOF,0.06355925540227561,0.015315898202292169,0.9211248463954322
26059,LOF,0.20626930680574773,0.03868127636951741,0.7550494168247349
26060,LOF,0.019985651781237544,0.1674405206262291,0.8125738275925333
26061,LOF,0.009706146182960777,0.012981403901891965,0.9773124499151472
26062,LOF,0.005407647262923767,0.02011414269663836,0.9744782100404379
26063,LOF,0.041086610917751336,0.014696872384433426,0.9442165166978151
26064,LOF,0.011320774671724427,0.030254179867399096,0.9584250454608766
26065,LOF,0.04663017344111172,0.0173906393605807,0.9359791871983076
26066,LOF,0.04605089866373805,0.013188438007170983,0.9407606633290909
26067,LOF,0.054523099073873676,0.014057789045308498,0.9314191118808178
26068,LOF,0.05517686234224425,0.05103315469741404,0.8937899829603417
26069,LOF,0.3082465901808941,0.033647078755621895,0.6581063310634839
26070,Neutral,0.5626596902868917,0.02492234421258625,0.412417965500522
26071,LOF,0.0434256870346589,0.01625168222064078,0.9403226307447003
26072,LOF,0.008545417073880656,0.022136474115230835,0.9693181088108886
26073,LOF,0.038377101882907265,0.01630281444596416,0.9453200836711286
26074,Neutral,0.8834216606448515,0.011473494602038632,0.10510484475310987
26075,LOF,0.05658804031617157,0.0250876748645077,0.9183242848193208
26076,LOF,0.051513328601331995,0.015723557335977432,0.9327631140626905
26077,LOF,0.1416936991534653,0.008250255727961847,0.8500560451185728
26078,LOF,0.007312321423351573,0.019352549515690484,0.9733351290609579
26079,LOF,0.06538185899283111,0.02512050481588189,0.9094976361912869
26080,LOF,0.06447907193563193,0.0252007830075936,0.9103201450567745
26081,LOF,0.03433520465762941,0.012279139985219355,0.9533856553571513
26082,LOF,0.005383547663706526,0.022237645711611916,0.9723788066246816
26083,LOF,0.1143089934061746,0.02841295621163485,0.8572780503821905
26084,LOF,0.1126650029191829,0.02065146533472663,0.8666835317460905
26085,LOF,0.09517031773638046,0.01749281511374519,0.8873368671498743
26086,LOF,0.040691088158663694,0.017136367979719146,0.9421725438616171
26087,LOF,0.03846239066566277,0.01276283713008926,0.9487747722042479
26088,LOF,0.006863600492827433,0.026627473438242275,0.9665089260689304
26089,LOF,0.04355904189537719,0.04120413837078176,0.915236819733841
26090,LOF,0.04376368533484167,0.031133005478914722,0.9251033091862436
26091,LOF,0.031856996934628005,0.009983037899896553,0.9581599651654754
26092,LOF,0.04575649796743979,0.01130826769321518,0.9429352343393451
26093,LOF,0.08536681739156986,0.0076054937171093195,0.9070276888913208
26094,LOF,0.0379829024798406,0.009544732545033222,0.9524723649751261
26095,LOF,0.02793170751438542,0.02124922733930589,0.9508190651463088
26096,LOF,0.17195045588908187,0.006769852629554396,0.8212796914813638
26097,LOF,0.006716493347884578,0.04018901811109929,0.9530944885410161
26098,LOF,0.12215805711744332,0.023027360678520615,0.8548145822040362
26099,LOF,0.044861537954121955,0.022540339116463037,0.9325981229294149
26100,LOF,0.044861537954121955,0.022540339116463037,0.9325981229294149
26101,LOF,0.05961920146229969,0.039216344685165654,0.9011644538525347
26102,LOF,0.03527754568877419,0.02185291209754283,0.942869542213683
26103,Neutral,0.8878823649190237,0.03499846591956455,0.07711916916141186
26104,LOF,0.05772670959402542,0.05006063012573506,0.8922126602802394
26105,LOF,0.2494678670725823,0.1391267790667595,0.6114053538606582
26106,LOF,0.3491164092628243,0.07016428955686944,0.5807193011803063
26107,LOF,0.02603398488414066,0.08566788914769748,0.8882981259681618
26108,LOF,0.24279412573173478,0.04084699677340536,0.7163588774948599
26109,LOF,0.08498109436147487,0.03540567345463606,0.8796132321838891
26110,LOF,0.4522536932377712,0.009394988046451945,0.5383513187157768
26111,LOF,0.05005520675937948,0.12768502389722408,0.8222597693433964
26112,LOF,0.05477557246230849,0.009928035675549151,0.9352963918621423
26113,LOF,0.11478183955759219,0.022990133626969046,0.8622280268154389
26114,LOF,0.09022931662873993,0.011151907724694843,0.8986187756465651
26115,LOF,0.02091147020809909,0.06181459186497022,0.9172739379269307
26116,LOF,0.07465956724745264,0.0223099596987987,0.9030304730537487
26117,LOF,0.347908229639092,0.04526449231014424,0.6068272780507638
26118,LOF,0.04843274319736654,0.020708510192510195,0.9308587466101232
26119,LOF,0.0068940733952209165,0.03890103487691809,0.9542048917278609
26120,LOF,0.03494091398088003,0.020780507477963773,0.9442785785411563
26121,LOF,0.004194784032155431,0.13910343678232676,0.8567017791855178
