feature0,prediction,LoGoFunc_Neutral,LoGoFunc_GOF,LoGoFunc_LOF
25546,Neutral,0.6415072395919891,0.058772293704279645,0.2997204667037312
25547,Neutral,0.4542778647963909,0.1090185664436195,0.43670356875998956
25548,LOF,0.4535738732177048,0.08843977414131383,0.45798635264098136
25549,LOF,0.3900036437487747,0.08741672529664116,0.522579630954584
25550,LOF,0.3246731720022782,0.15175106444685363,0.5235757635508682
25551,LOF,0.27619023127318393,0.17771413165363995,0.5460956370731762
25552,LOF,0.1912034250745091,0.16455605564677617,0.6442405192787147
25553,Neutral,0.787990780258329,0.054325086362899594,0.15768413337877138
25554,LOF,0.21895858698644435,0.15728389590826097,0.6237575171052948
25555,LOF,0.1826666425950884,0.13760284707574114,0.6797305103291705
25556,LOF,0.3709470217016318,0.1220474692837574,0.5070055090146108
25557,LOF,0.17293425055532194,0.14594519305355255,0.6811205563911255
25558,LOF,0.21801250457161145,0.1522669269183122,0.6297205685100763
25559,LOF,0.19042795775504012,0.12041243612408924,0.6891596061208707
25560,LOF,0.06797973098849124,0.13758614123825122,0.7944341277732576
25561,LOF,0.13283569916075139,0.13136408762675927,0.7358002132124892
25562,LOF,0.06517058447964572,0.09101686358034146,0.8438125519400127
25563,LOF,0.09106049015573411,0.09789430450922683,0.8110452053350391
25564,LOF,0.23546729604360198,0.17952298167607889,0.5850097222803191
25565,LOF,0.15101338968787884,0.1364011215990729,0.7125854887130482
25566,GOF,0.020515323356916054,0.7809718880981538,0.19851278854493015
25567,LOF,0.020346378361537056,0.17640163314295554,0.8032519884955075
25568,LOF,0.06568043003928456,0.07912614181676222,0.8551934281439532
25569,LOF,0.06344741084519573,0.07865848581640253,0.8578941033384018
25570,LOF,0.03282285920679545,0.11338497233402897,0.8537921684591755
25571,LOF,0.031984955797597435,0.10743873325778348,0.8605763109446191
25572,LOF,0.03437686077227193,0.13993624070115074,0.8256868985265773
25573,LOF,0.030385968800971098,0.10422570303426341,0.8653883281647655
25574,LOF,0.018861031870796605,0.1580101181899069,0.8231288499392965
25575,LOF,0.025998368473204476,0.12449305164053309,0.8495085798862624
25576,LOF,0.012964917234549136,0.1671153979646003,0.8199196848008506
25577,LOF,0.010893760987562576,0.13307246857632618,0.8560337704361113
25578,LOF,0.29437527584959483,0.09195733872338961,0.6136673854270156
25579,LOF,0.1293275496291209,0.09922910806491228,0.7714433423059668
25580,LOF,0.020154240681585316,0.08581808995770178,0.8940276693607128
25581,LOF,0.047848979588884635,0.07872185383362922,0.8734291665774861
25582,LOF,0.04762171599157035,0.07769191969211121,0.8746863643163184
25583,LOF,0.021858940999320443,0.10152532470451416,0.8766157342961655
25584,Neutral,0.5601950587597458,0.10045707528137321,0.33934786595888106
25585,LOF,0.013474609865213849,0.16264204747355762,0.8238833426612284
25586,LOF,0.018456497981568155,0.08305564990317268,0.8984878521152592
25587,LOF,0.01776017892772332,0.07317512465240804,0.9090646964198686
25588,LOF,0.018468303985841494,0.0900614975626211,0.8914701984515374
25589,Neutral,0.6281965435266068,0.13289956915247383,0.23890388732091933
25590,LOF,0.020815346454966268,0.13460251284403732,0.8445821407009965
25591,LOF,0.08615831519831149,0.06668012284495217,0.8471615619567364
25592,LOF,0.05066470316433514,0.13599880507315076,0.8133364917625141
25593,LOF,0.02197989245608163,0.24482057408911587,0.7331995334548026
25594,LOF,0.03641539083710568,0.11196499882237139,0.8516196103405228
25595,LOF,0.036735454560628024,0.08949126199339145,0.8737732834459805
25596,LOF,0.047900738821182426,0.07175705112849214,0.8803422100503254
25597,LOF,0.03288750123476686,0.07068355756228428,0.8964289412029489
25598,LOF,0.033622829093552034,0.09660270691582272,0.8697744639906253
25599,GOF,0.008348286913610415,0.5987753293625264,0.3928763837238632
25600,GOF,0.030539073938496475,0.6592435832606104,0.3102173428008931
25601,LOF,0.012794992201632454,0.44653388126325505,0.5406711265351124
25602,LOF,0.013901244774756816,0.051439933473966706,0.9346588217512765
25603,LOF,0.04525124844411993,0.019986376457307574,0.9347623750985725
25604,LOF,0.016530014193995943,0.07000919725860567,0.9134607885473985
25605,LOF,0.007245540227153164,0.21302081751008808,0.7797336422627587
25606,LOF,0.08413643513646107,0.3389747311142365,0.5768888337493026
25607,LOF,0.00506938855244909,0.23370895016029364,0.7612216612872572
25608,LOF,0.012578366233486205,0.10710061426625268,0.8803210195002612
25609,LOF,0.0774907520246928,0.3913571861282085,0.5311520618470987
25610,LOF,0.020640179144460445,0.02511170787322801,0.9542481129823116
25611,LOF,0.019872566422954336,0.026550431277081264,0.9535770022999646
25612,LOF,0.0624143257904991,0.03759882126221792,0.899986852947283
25613,LOF,0.054284088840397406,0.03858199445560762,0.9071339167039949
25614,LOF,0.02770478822001799,0.028569425049008904,0.9437257867309731
25615,LOF,0.017010979429361972,0.038445699792850035,0.944543320777788
25616,LOF,0.05480962268158357,0.02996239457954647,0.91522798273887
25617,LOF,0.05220354644303492,0.032260567451337756,0.9155358861056274
25618,LOF,0.06732632891151777,0.034776533146298486,0.8978971379421837
25619,LOF,0.018982095694190675,0.030430913769656526,0.9505869905361529
25620,LOF,0.07103272353001884,0.03775873369032398,0.8912085427796571
25621,LOF,0.01846035103434814,0.03803491813418471,0.9435047308314671
25622,LOF,0.022266642007540163,0.04007760942822894,0.937655748564231
25623,LOF,0.034805425295073966,0.03196024884353068,0.9332343258613953
25624,LOF,0.023131653693196533,0.037406936850738155,0.9394614094560654
25625,LOF,0.02385501258506592,0.049712069824573865,0.9264329175903603
25626,LOF,0.05527838739176904,0.0388128441989319,0.9059087684092991
25627,Neutral,0.6156718884666811,0.0995199462229129,0.2848081653104061
25628,LOF,0.1934106415101519,0.059333862623645,0.7472554958662032
25629,LOF,0.041776553652485254,0.06269680924364315,0.8955266371038716
25630,LOF,0.13657489793550637,0.09106576880744055,0.7723593332570531
25631,Neutral,0.6047700284029562,0.06648440900208277,0.3287455625949609
25632,LOF,0.007919359776430575,0.0775174813420282,0.9145631588815412
25633,LOF,0.21379340003267358,0.0461838418843943,0.7400227580829322
25634,LOF,0.028862805997731195,0.09972452147693754,0.8714126725253313
25635,LOF,0.03581459343097638,0.05339163696207249,0.9107937696069512
25636,GOF,0.005388797793471664,0.5661022758209601,0.42850892638556837
25637,GOF,0.007066140318719067,0.5903860807139301,0.4025477789673509
25638,LOF,0.010135845221375993,0.2936981132508317,0.6961660415277923
25639,LOF,0.004797493325898484,0.45411120418780243,0.5410913024862991
25640,GOF,0.4472726124036877,0.458666061463826,0.09406132613248637
25641,LOF,0.013411905789981615,0.29357432117305754,0.6930137730369608
25642,LOF,0.2547998104120628,0.05156148858477297,0.6936387010031643
25643,LOF,0.14875058259463114,0.15288122771907992,0.6983681896862889
25644,LOF,0.009779124390792347,0.4318411585004416,0.558379717108766
25645,LOF,0.008273593884263132,0.41309271915177526,0.5786336869639616
25646,LOF,0.013884328443998797,0.30250855279008243,0.6836071187659188
25647,LOF,0.010101905500757336,0.2558940222366724,0.7340040722625703
25648,LOF,0.009883445687313235,0.24143320684070543,0.7486833474719813
25649,LOF,0.00867311754959504,0.19348257446041486,0.7978443079899901
25650,LOF,0.014697675852628453,0.387914376323426,0.5973879478239457
25651,LOF,0.0060876020034991585,0.2640204607424041,0.7298919372540967
25652,LOF,0.010026503036237698,0.24094812919595007,0.7490253677678123
25653,LOF,0.02737163966534703,0.36347161462403127,0.6091567457106217
25654,LOF,0.011167881166347874,0.13835923633804442,0.8504728824956077
25655,LOF,0.05327775833639468,0.3897418772401525,0.5569803644234528
25656,LOF,0.1873268226692905,0.04840975582804969,0.7642634215026598
25657,LOF,0.25188593964241685,0.028040662352902024,0.7200733980046811
25658,LOF,0.08171052220428235,0.08429971852948917,0.8339897592662284
25659,LOF,0.43524855167618676,0.06429641703921533,0.5004550312845979
25660,LOF,0.028870131596986728,0.10070102342638372,0.8704288449766296
25661,LOF,0.09054526611567071,0.06733581282652061,0.8421189210578087
25662,LOF,0.030008854304096323,0.04594798015235015,0.9240431655435535
25663,LOF,0.03678453862704531,0.06528357066867668,0.897931890704278
25664,LOF,0.04602035504256108,0.08564443909617847,0.8683352058612605
25665,LOF,0.05100965218472178,0.03512238826871395,0.9138679595465642
25666,LOF,0.034507843267707644,0.11551149692645157,0.8499806598058407
25667,LOF,0.06435048151949942,0.051816467722265655,0.883833050758235
25668,LOF,0.03333870078177732,0.05454756120246562,0.912113738015757
25669,LOF,0.03160463416778066,0.07651375625698105,0.8918816095752383
25670,LOF,0.05722710065881043,0.0669423737563523,0.8758305255848373
25671,LOF,0.09134082851721921,0.044402446944949256,0.8642567245378315
25672,LOF,0.05372978828116853,0.04529639968484987,0.9009738120339816
25673,LOF,0.0244672122300317,0.0618459232349136,0.9136868645350547
25674,LOF,0.02174178563819914,0.07158850350014914,0.9066697108616517
25675,LOF,0.03187779158320767,0.06841721456656649,0.8997049938502257
25676,LOF,0.018783358485807308,0.060967696033794636,0.9202489454803982
25677,LOF,0.02910473449577396,0.06900966145800035,0.9018856040462258
25678,LOF,0.19476997532498788,0.05609565874679425,0.7491343659282178
25679,LOF,0.15629300325139459,0.08090618656072349,0.7628008101878818
25680,LOF,0.041920958664413026,0.11282055301893248,0.8452584883166545
25681,LOF,0.0661277965200938,0.10567764274788259,0.8281945607320237
25682,LOF,0.1369936885961601,0.08301393526475884,0.779992376139081
25683,LOF,0.07715498501824597,0.1236203075670553,0.7992247074146986
25684,LOF,0.042915399098508666,0.07897153180272085,0.8781130690987704
25685,LOF,0.07889440129749875,0.053350217944880304,0.8677553807576208
25686,LOF,0.026898382007677125,0.0791808571334788,0.8939207608588441
25687,LOF,0.046869922740271144,0.06882235277809383,0.884307724481635
25688,LOF,0.04470195494806304,0.06016076803358683,0.8951372770183502
25689,LOF,0.027633215289634014,0.07248792417081809,0.899878860539548
25690,LOF,0.03648336409989544,0.05991871242370695,0.9035979234763976
25691,LOF,0.2621747752781573,0.07867702998441897,0.6591481947374238
25692,LOF,0.2585827807163619,0.00864373979896216,0.7327734794846759
25693,LOF,0.07943775140557076,0.2555733192034688,0.6649889293909604
25694,LOF,0.23393525117862263,0.014639846450290865,0.7514249023710865
25695,LOF,0.14213351449520514,0.023997559848692302,0.8338689256561026
25696,LOF,0.11703967641372161,0.012274565873020438,0.870685757713258
25697,LOF,0.0992012717668199,0.02444616905792227,0.8763525591752578
25698,LOF,0.05318066481708124,0.45878893732127457,0.4880303978616442
25699,LOF,0.05915127209200679,0.09868388539703382,0.8421648425109595
25700,LOF,0.0536387509670457,0.011548853097844118,0.9348123959351102
25701,LOF,0.016744042795678406,0.08325364833773331,0.9000023088665883
25702,GOF,0.04199686264665954,0.7017249565152259,0.25627818083811466
25703,LOF,0.008748393515389466,0.16662242844407132,0.8246291780405393
25704,LOF,0.05373074510164101,0.13882366616255026,0.8074455887358086
25705,LOF,0.061672407747616495,0.255120316610652,0.6832072756417314
25706,GOF,0.022392427750228785,0.5159038210622827,0.4617037511874886
25707,LOF,0.01672589358131497,0.4578558004545738,0.5254183059641112
25708,LOF,0.007822828015154083,0.431700471230726,0.5604767007541198
25709,LOF,0.05467040117014821,0.06598503884370198,0.8793445599861498
25710,LOF,0.0051526488958767,0.17714806631658733,0.8176992847875361
25711,LOF,0.017435279770639724,0.13824182086654324,0.844322899362817
25712,LOF,0.006893931339228955,0.22370474124498002,0.769401327415791
25713,LOF,0.018207994653091843,0.12408420351345657,0.8577078018334515
25714,LOF,0.062021868276785755,0.14168301712269918,0.796295114600515
25715,LOF,0.011429076658264342,0.16694492239872602,0.8216260009430096
25716,LOF,0.006193026124057536,0.11891835156693505,0.8748886223090075
25717,LOF,0.00611386367072273,0.10759984229639595,0.8862862940328814
25718,LOF,0.012618397620422503,0.11100850366816484,0.8763730987114127
25719,LOF,0.019621060733012483,0.11888421164040308,0.8614947276265843
25720,LOF,0.020441533657329376,0.10506984376779156,0.874488622574879
25721,LOF,0.01576830572407155,0.1329621666368491,0.8512695276390795
25722,LOF,0.014252225513473332,0.16071132976994207,0.8250364447165847
25723,LOF,0.019634745384120092,0.08511925924220655,0.8952459953736734
25724,LOF,0.016794793432011387,0.13498000220856343,0.8482252043594252
25725,LOF,0.011936679917276989,0.09578088708320709,0.8922824329995159
25726,LOF,0.014680478647779119,0.13988669802792555,0.8454328233242953
25727,LOF,0.013005507666612251,0.10694496501381474,0.8800495273195729
25728,LOF,0.010541389329520631,0.14137903956813525,0.8480795711023441
25729,LOF,0.010981198185492404,0.1421214195270112,0.8468973822874964
25730,LOF,0.01606244858970995,0.108117011282093,0.875820540128197
25731,LOF,0.0074181868595196996,0.1536750802055015,0.8389067329349789
25732,LOF,0.016303567546995083,0.09966231433970708,0.8840341181132978
25733,LOF,0.01697862017494851,0.08923326586692847,0.893788113958123
25734,LOF,0.005519390803572117,0.14711527807937338,0.8473653311170545
25735,LOF,0.014193823970895662,0.0875601138918307,0.8982460621372735
25736,LOF,0.014629062290881331,0.12343962025987242,0.8619313174492461
25737,LOF,0.02059851923024779,0.10840787243381188,0.8709936083359402
25738,LOF,0.014037355185971186,0.15258562592953745,0.8333770188844913
25739,LOF,0.02075113469045252,0.1258595906170331,0.8533892746925142
25740,LOF,0.030929327788546547,0.12999224879172494,0.8390784234197286
25741,LOF,0.01575028499114964,0.12115943992682118,0.8630902750820292
25742,LOF,0.09501785863935462,0.11778389882793046,0.787198242532715
25743,LOF,0.016004116571346337,0.029475910959880815,0.9545199724687728
25744,LOF,0.2497819306418846,0.2837620479435293,0.4664560214145861
25745,LOF,0.029532039023880914,0.0371748715594857,0.9332930894166335
25746,LOF,0.017198403565301647,0.048701952928369124,0.9340996435063291
25747,LOF,0.027621601310921305,0.024425734036485815,0.947952664652593
25748,LOF,0.11651162442677569,0.039087093525237496,0.8444012820479868
25749,LOF,0.015579492602250236,0.03305619717365965,0.9513643102240902
25750,LOF,0.03679061030252461,0.04824861324977917,0.9149607764476962
25751,LOF,0.11246111534674291,0.044610523781087916,0.8429283608721692
25752,GOF,0.11009398969350045,0.6122838456047298,0.27762216470176965
25753,LOF,0.008127064563562445,0.30766262974195263,0.6842103056944849
25754,GOF,0.004915556038532705,0.7680828727929486,0.22700157116851866
25755,LOF,0.00944337295971272,0.3760863376219209,0.6144702894183663
25756,LOF,0.04177517072381009,0.3784683125582567,0.5797565167179332
25757,GOF,0.00557315065522866,0.8472568400163873,0.147170009328384
25758,GOF,0.006889414032349458,0.8565267264517672,0.1365838595158834
25759,GOF,0.004549956186774394,0.5364211063505421,0.4590289374626835
25760,LOF,0.0049692279311381055,0.25883643740422907,0.7361943346646328
25761,GOF,0.04139074256337307,0.8157837480228302,0.14282550941379674
25762,LOF,0.031160872940197357,0.2825608111511755,0.6862783159086272
25763,LOF,0.006445368337427432,0.20305406241639964,0.7905005692461728
25764,GOF,0.16341069084632523,0.4931358881698951,0.34345342098377957
25765,GOF,0.011378451319139423,0.7650298954376146,0.22359165324324612
25766,GOF,0.018188026978238625,0.8134214182823589,0.16839055473940243
25767,LOF,0.017990225037917768,0.4882873042827146,0.49372247067936764
25768,LOF,0.07824147218259252,0.06706399679334353,0.854694531024064
25769,LOF,0.08726603150675416,0.04921533031264441,0.8635186381806014
25770,LOF,0.3238574040471267,0.06234811096619839,0.6137944849866749
25771,LOF,0.01493861589670267,0.04830165504015457,0.9367597290631428
25772,LOF,0.020684462215244406,0.026825027695407344,0.9524905100893483
25773,LOF,0.011909490110306816,0.10099912302916499,0.8870913868605284
25774,LOF,0.024897180960294512,0.0663678079026891,0.9087350111370163
25775,LOF,0.01664088180792786,0.042415412975529615,0.9409437052165426
25776,LOF,0.08697269062825139,0.021029712666076776,0.8919975967056719
25777,LOF,0.286127764052276,0.04259475901079232,0.6712774769369316
25778,LOF,0.07717843899416885,0.03811255573415996,0.8847090052716712
25779,GOF,0.0743181071309168,0.8527424801470128,0.07293941272207045
25780,GOF,0.06277634800908857,0.8383942561499943,0.09882939584091727
25781,GOF,0.02745710978174663,0.8387397649657352,0.13380312525251814
25782,GOF,0.034442682167479345,0.860480481144398,0.10507683668812258
25783,GOF,0.01166862008554874,0.6606580167347663,0.32767336317968504
25784,GOF,0.133978131767451,0.8085827639627595,0.05743910426978954
25785,GOF,0.07117359546406507,0.8588583544879786,0.06996805004795634
25786,GOF,0.005560005057200205,0.783314070879766,0.21112592406303365
25787,GOF,0.20083510198690885,0.7451270672041443,0.05403783080894673
25788,LOF,0.047329724003596745,0.1070953229220909,0.8455749530743123
25789,GOF,0.039691424864392665,0.7974766911342023,0.162831884001405
25790,GOF,0.03991136935690229,0.8232728319768724,0.13681579866622545
25791,GOF,0.02998927969876909,0.751543554091358,0.21846716620987297
25792,GOF,0.04752827188643273,0.7469140640249577,0.20555766408860934
25793,GOF,0.08814750327437369,0.7093281554678403,0.20252434125778604
25794,GOF,0.11007968433880712,0.6717290989438556,0.21819121671733718
25795,GOF,0.02504752024308422,0.7310988191326684,0.24385366062424746
25796,GOF,0.13294830570467378,0.736531181796339,0.1305205124989873
25797,GOF,0.03360774117296031,0.557259336013943,0.40913292281309677
25798,GOF,0.003299228973815206,0.5260169218530635,0.4706838491731214
25799,LOF,0.003127447689951928,0.40763958175603066,0.5892329705540174
25800,GOF,0.01001745509178307,0.6032768884993739,0.38670565640884297
25801,GOF,0.028432906179521062,0.787744427711021,0.18382266610945805
25802,GOF,0.017318960144494255,0.6842320663565452,0.29844897349896055
25803,GOF,0.00986306512447791,0.5725780265672936,0.4175589083082285
25804,LOF,0.012217782495859765,0.46155770685459213,0.526224510649548
25805,GOF,0.01987494069719955,0.5852271811830366,0.3948978781197638
25806,GOF,0.01779608159269299,0.601716530177653,0.3804873882296539
25807,GOF,0.005265767903041908,0.6201982575321556,0.3745359745648025
25808,GOF,0.013844266323615548,0.6106932124049212,0.3754625212714631
25809,GOF,0.005842191346819053,0.60232841563661,0.3918293930165711
25810,GOF,0.004925930253580637,0.6066552712507011,0.3884187984957183
25811,GOF,0.1039605062435022,0.770740770778136,0.12529872297836192
25812,GOF,0.012629873402237205,0.6127355344183648,0.374634592179398
25813,GOF,0.10295183297665043,0.7262747799119402,0.17077338711140924
25814,GOF,0.028240679611634702,0.6710688792040806,0.30069044118428456
25815,GOF,0.0438336055571399,0.6871097339354482,0.2690566605074117
25816,GOF,0.00737122582188381,0.7507597090608804,0.24186906511723588
25817,GOF,0.07215324308800511,0.7560815808878872,0.17176517602410754
25818,GOF,0.016696260375198068,0.6935873973077424,0.2897163423170595
25819,GOF,0.07435375638416,0.6988544711509065,0.2267917724649336
25820,GOF,0.03449610081811267,0.6911578045428622,0.27434609463902504
25821,GOF,0.01578249105077337,0.6795362375189263,0.3046812714303004
25822,GOF,0.033344281940830944,0.6838103344247238,0.2828453836344451
25823,GOF,0.011996738440270107,0.5288294738193592,0.45917378774037076
25824,GOF,0.021867361631219346,0.6537781426241847,0.32435449574459596
25825,GOF,0.012011215000330406,0.6352135530108753,0.3527752319887943
25826,GOF,0.005085540643676219,0.6096678976371509,0.3852465617191728
25827,GOF,0.00799492638385491,0.599990516451011,0.3920145571651341
25828,GOF,0.005093086037360079,0.5186387479946452,0.47626816596799476
25829,GOF,0.0028776187943241167,0.5781275399576071,0.4189948412480688
25830,LOF,0.037613825631878914,0.3400583831247006,0.6223277912434205
25831,GOF,0.03652017655313459,0.8102101933020671,0.15326963014479827
25832,GOF,0.007780691811997251,0.745159522925397,0.2470597852626057
25833,GOF,0.028857169330409112,0.7848006332915451,0.18634219737804575
25834,GOF,0.008200319947561983,0.7489138978755566,0.24288578217688134
25835,GOF,0.016711311856219647,0.8026368508195064,0.180651837324274
25836,GOF,0.006718336814887389,0.7442378923718695,0.24904377081324316
25837,GOF,0.005970226268563456,0.6511446143607547,0.3428851593706818
25838,GOF,0.019703007332586023,0.8127204391444328,0.16757655352298115
25839,GOF,0.04791568287312124,0.7666938891329226,0.18539042799395622
25840,GOF,0.03831102853149475,0.7948965929881231,0.16679237848038225
25841,GOF,0.03711545328352157,0.8129304208312287,0.1499541258852496
25842,GOF,0.023052578555827978,0.838263957195507,0.13868346424866507
25843,GOF,0.026182932662762386,0.8604714901048957,0.1133455772323418
25844,GOF,0.01551397428144654,0.7767526725446969,0.20773335317385658
25845,GOF,0.0048318524222584515,0.5577308817045932,0.43743726587314835
25846,GOF,0.025789120689554877,0.8383222506259059,0.13588862868453921
25847,GOF,0.018200483152866244,0.8589089221752505,0.1228905946718832
25848,GOF,0.012636279344889957,0.7520166804942554,0.23534704016085464
25849,GOF,0.004320348846878856,0.6363339803991892,0.359345670753932
25850,GOF,0.006320812307125695,0.6683687499137606,0.3253104377791138
25851,GOF,0.005829837365261317,0.5569194236183134,0.43725073901642525
25852,GOF,0.15266590956791085,0.5111088945738932,0.33622519585819605
25853,GOF,0.07040544365376895,0.8232920361049668,0.1063025202412642
25854,GOF,0.009058104420453102,0.6389380887335491,0.35200380684599786
25855,GOF,0.012856900654744692,0.57793955255378,0.40920354679147525
25856,GOF,0.039229348179606646,0.6960823606353385,0.26468829118505505
25857,GOF,0.013111789415281017,0.5277722168744697,0.4591159937102492
25858,GOF,0.0072416509890859794,0.5309314803190991,0.46182686869181494
25859,GOF,0.005011606939573593,0.51288568690307,0.48210270615735645
25860,GOF,0.07526383153885145,0.7697473119092582,0.1549888565518904
25861,GOF,0.12767124545028052,0.7637238052300064,0.10860494931971293
25862,GOF,0.017989795935316456,0.8369463025496114,0.1450639015150719
25863,GOF,0.017372027666531058,0.8496721391010156,0.13295583323245339
25864,GOF,0.04000065396935288,0.8677370006247809,0.0922623454058661
25865,GOF,0.028511053765312964,0.8402588198799545,0.1312301263547326
25866,GOF,0.022476819972355067,0.8322534691812794,0.14526971084636553
25867,GOF,0.02500541921257546,0.8627409179491577,0.11225366283826657
25868,GOF,0.04954881475040961,0.7941767345862603,0.15627445066333018
25869,GOF,0.3076189936123009,0.5905417745888037,0.1018392317988954
25870,GOF,0.18995025937583457,0.5110110686943969,0.29903867192976846
25871,GOF,0.026200346086777026,0.8362973902336541,0.13750226367956903
25872,GOF,0.01567688368742195,0.7601360207309623,0.2241870955816158
25873,GOF,0.017852374555088743,0.8352958869704716,0.14685173847443952
25874,LOF,0.017529644207768633,0.11596812504418093,0.8665022307480504
25875,LOF,0.0229618718849716,0.037393273992496645,0.9396448541225317
25876,LOF,0.013764054259969686,0.03165490795324107,0.9545810377867894
25877,LOF,0.12534255392069332,0.06247235075957855,0.8121850953197282
25878,LOF,0.04659719632935391,0.09084109214148489,0.8625617115291613
25879,LOF,0.021745798734243284,0.06959309277895127,0.9086611084868055
25880,LOF,0.044406619140352904,0.010917962078088322,0.9446754187815588
25881,Neutral,0.5472348928967924,0.04566308542680167,0.40710202167640597
25882,LOF,0.02174855208111851,0.03177783866195226,0.9464736092569294
25883,LOF,0.06743073118889056,0.022809924936022408,0.9097593438750872
25884,LOF,0.01138995091915272,0.03879846919873722,0.9498115798821101
25885,LOF,0.17079015287291355,0.006873721226640281,0.8223361259004461
25886,LOF,0.2718646894640539,0.0475602472982044,0.6805750632377416
25887,LOF,0.13073696966715798,0.060301623644263176,0.8089614066885787
25888,LOF,0.012272707544111377,0.11001689454020445,0.8777103979156843
25889,LOF,0.013431545789892032,0.02929700801535827,0.9572714461947498
25890,LOF,0.11069904634619662,0.08072424154076138,0.808576712113042
25891,LOF,0.04392766288272913,0.037733690934603104,0.9183386461826677
25892,LOF,0.010940014243678887,0.04276366397914814,0.9462963217771729
25893,LOF,0.3836940216601178,0.015152064990802525,0.6011539133490796
25894,LOF,0.4077009021333445,0.007162704484932166,0.5851363933817234
25895,LOF,0.34343074310228733,0.016189971314099882,0.6403792855836128
25896,LOF,0.03940511343432487,0.027815443241775553,0.9327794433238996
25897,LOF,0.21551960187162084,0.01385307862528522,0.770627319503094
25898,LOF,0.2073160476875347,0.03530967721115645,0.7573742751013088
25899,LOF,0.1712799068806881,0.02818177262492772,0.8005383204943842
25900,LOF,0.45969986851816586,0.01129860765916907,0.5290015238226651
25901,LOF,0.044112085522581265,0.01251976729115497,0.9433681471862637
25902,LOF,0.09628709723070222,0.018331840905938302,0.8853810618633595
25903,LOF,0.3892814982790901,0.036646977580646355,0.5740715241402635
25904,LOF,0.2702936610630569,0.04540326425212488,0.6843030746848182
25905,LOF,0.007274724168708128,0.4047082088015784,0.5880170670297135
25906,LOF,0.008488939972009201,0.12537946580386025,0.8661315942241306
25907,LOF,0.003984189302997897,0.3622166577818556,0.6337991529151465
25908,LOF,0.0036980061569223737,0.25303890416051766,0.7432630896825599
25909,LOF,0.013360596061505092,0.15219151515648083,0.8344478887820141
25910,LOF,0.01644999399024462,0.14595657363048162,0.8375934323792738
25911,LOF,0.19258138331158783,0.02685700296679697,0.7805616137216153
25912,LOF,0.07999277040500043,0.04082502958648708,0.8791822000085125
25913,LOF,0.0794311547865197,0.044374314410773226,0.8761945308027071
25914,LOF,0.021890429706934073,0.05775931649436935,0.9203502537986965
25915,LOF,0.1393938238066318,0.2930180365836739,0.5675881396096943
25916,LOF,0.018605429548301734,0.18864234260281268,0.7927522278488855
25917,LOF,0.05681738465834086,0.04147715085588822,0.9017054644857709
25918,LOF,0.02732475068298572,0.03199860781660971,0.9406766415004046
25919,LOF,0.022958294891402012,0.03210852849004633,0.9449331766185516
25920,LOF,0.11459403352284435,0.22407155511680066,0.6613344113603549
25921,LOF,0.010660088017203143,0.03768096105429673,0.9516589509285002
25922,LOF,0.013140178274589551,0.03191442973356575,0.9549453919918448
25923,Neutral,0.5144921180440876,0.03967716858689053,0.44583071336902197
25924,LOF,0.017481785239695253,0.04438827954084942,0.9381299352194554
25925,LOF,0.07874265770456465,0.047877932491567486,0.8733794098038679
25926,LOF,0.05645308966840949,0.04267629647103074,0.9008706138605599
25927,LOF,0.019506483391784273,0.06935316479983296,0.9111403518083827
25928,LOF,0.007907241162474437,0.0548698016352672,0.9372229572022583
25929,Neutral,0.6259449999539567,0.041251655553317834,0.3328033444927255
25930,LOF,0.06913225088549309,0.035313919506219794,0.895553829608287
25931,LOF,0.010235542058505851,0.03667954633450593,0.9530849116069883
25932,LOF,0.03174574907142048,0.03088711643827724,0.9373671344903023
25933,LOF,0.040352021245727454,0.021137275500289345,0.9385107032539832
25934,LOF,0.02753287984875144,0.02186687815050658,0.950600242000742
25935,LOF,0.07130136258185875,0.05674460055507323,0.8719540368630679
25936,LOF,0.04560792199152602,0.02422289831401606,0.930169179694458
25937,LOF,0.010428389490379926,0.03881223035622071,0.9507593801533994
25938,LOF,0.06696073766410358,0.06379534275040015,0.8692439195854963
25939,LOF,0.03785917920144291,0.025477990061252776,0.9366628307373043
25940,LOF,0.009827107531778028,0.29330904611876113,0.6968638463494607
25941,Neutral,0.5038940403635732,0.03382409008879228,0.46228186954763445
25942,LOF,0.0052017686178758155,0.043803337861419156,0.9509948935207051
25943,LOF,0.034658409513588145,0.14172834386845606,0.8236132466179557
25944,LOF,0.11176669824694105,0.07997230261097293,0.808260999142086
25945,LOF,0.056310935587471196,0.019805433232659778,0.923883631179869
25946,LOF,0.07044320636653571,0.060549196936825776,0.8690075966966385
25947,LOF,0.45187228824507,0.07325173176451404,0.47487597999041603
25948,LOF,0.31891694581570124,0.007780420680544112,0.6733026335037546
25949,LOF,0.09057718590380986,0.04144413178847925,0.8679786823077108
25950,GOF,0.036701944749688485,0.5891577594942099,0.37414029575610175
25951,LOF,0.013560911310875718,0.4374933406249545,0.5489457480641698
25952,LOF,0.26026220248845267,0.32170785554604886,0.4180299419654984
25953,LOF,0.014201881357325015,0.18506032115402882,0.8007377974886463
25954,LOF,0.0554156379655561,0.4633911920464198,0.4811931699880241
25955,LOF,0.009873409449299578,0.18120580270805392,0.8089207878426465
25956,LOF,0.027961127579797986,0.2940819222818501,0.6779569501383519
25957,LOF,0.13878078654767093,0.03253781025330903,0.82868140319902
25958,LOF,0.049503984296016525,0.027803583496708435,0.9226924322072749
25959,LOF,0.01143559321782487,0.45175878456203233,0.5368056222201428
25960,LOF,0.0060856279806758545,0.05102455386679992,0.9428898181525243
25961,LOF,0.04011247568962603,0.025504269397354985,0.934383254913019
25962,LOF,0.031222774960875246,0.08108205784173368,0.887695167197391
25963,LOF,0.005307100209984479,0.2443236132524501,0.7503692865375654
25964,LOF,0.03391763689400932,0.10790589960618474,0.8581764634998059
25965,LOF,0.3454991114302605,0.13091136478947166,0.5235895237802678
25966,Neutral,0.5145601860973612,0.15112222460817012,0.3343175892944686
25967,LOF,0.00694975971152366,0.08952411989676962,0.9035261203917067
25968,LOF,0.05152919558334433,0.24171305724512132,0.7067577471715344
25969,LOF,0.1291530831512,0.06274651265130285,0.8081004041974973
25970,LOF,0.01835079133794436,0.09964204912362189,0.8820071595384338
25971,LOF,0.06639992374136988,0.030267504131526703,0.9033325721271034
25972,LOF,0.061851683900564246,0.04260502567257102,0.8955432904268648
25973,LOF,0.05496104445345446,0.011647750133878587,0.9333912054126668
25974,LOF,0.03642466059658024,0.04080613381367628,0.9227692055897435
25975,LOF,0.04416582461374889,0.024927859106166808,0.9309063162800844
25976,LOF,0.0975008250836146,0.014414641400396009,0.8880845335159894
25977,LOF,0.20248884662111177,0.052029613158260046,0.7454815402206281
25978,LOF,0.14043455343366812,0.13271046926222063,0.7268549773041112
25979,LOF,0.12536470374397876,0.12903851641124334,0.745596779844778
25980,LOF,0.2488931555281678,0.1404324619269926,0.6106743825448396
25981,LOF,0.2773505586370966,0.13728399581183448,0.5853654455510688
25982,LOF,0.39950818970239094,0.11346725745845053,0.4870245528391587
25983,LOF,0.38914807988454303,0.11834474002089083,0.4925071800945662
25984,LOF,0.04025785220589668,0.05909378960794267,0.9006483581861607
25985,LOF,0.43389200449393756,0.10694635596163841,0.4591616395444241
25986,LOF,0.011550975305171176,0.39731148979555897,0.5911375348992699
25987,LOF,0.032438555205871196,0.09630787997525568,0.8712535648188731
25988,LOF,0.15089188632348974,0.0893045674829421,0.7598035461935682
25989,LOF,0.03372384442200514,0.1320612187566518,0.834214936821343
25990,LOF,0.03734938913346522,0.20846188596911644,0.7541887248974184
25991,LOF,0.019365854157701718,0.3603664070928789,0.6202677387494193
25992,LOF,0.021368261959284943,0.35204573187476645,0.6265860061659486
25993,LOF,0.021895317192017774,0.08989994948532784,0.8882047333226544
25994,LOF,0.015594790531801381,0.08341794870291734,0.9009872607652812
25995,LOF,0.019433124137619148,0.1913816107569356,0.7891852651054453
25996,Neutral,0.35624029615796265,0.30086027061858805,0.3428994332234492
25997,LOF,0.07591089509728521,0.36232273957201455,0.5617663653307002
25998,LOF,0.28637743067196386,0.0501188357840846,0.6635037335439515
25999,LOF,0.015685589523623644,0.24638242494888696,0.7379319855274894
26000,LOF,0.1383163818485792,0.030106912852795487,0.8315767052986253
26001,LOF,0.30268239253583806,0.02538203332039163,0.6719355741437703
26002,LOF,0.06995630506786772,0.04868038537588554,0.8813633095562468
26003,GOF,0.0037614922293448066,0.5965380562916212,0.3997004514790341
26004,GOF,0.0064809726778707905,0.682503129912048,0.31101589741008123
26005,LOF,0.0029034354925836486,0.49338030834913377,0.5037162561582825
26006,GOF,0.07778225029952038,0.5680781473057871,0.35413960239469255
26007,GOF,0.006593833641373576,0.5737619310968469,0.4196442352617794
26008,GOF,0.005367185027464432,0.6531400826816669,0.34149273229086863
26009,GOF,0.0066208262182769545,0.6759534150535054,0.3174257587282177
26010,GOF,0.007279838137588914,0.6800711384550857,0.3126490234073255
26011,LOF,0.002660061853966934,0.4743882990157926,0.5229516391302405
26012,GOF,0.00396668539004734,0.564476204507429,0.4315571101025238
26013,GOF,0.005112756250647738,0.6327229744175622,0.3621642693317902
26014,LOF,0.04530175654287203,0.10948297367671486,0.8452152697804131
26015,LOF,0.1319681667089684,0.021686101308026583,0.846345731983005
26016,LOF,0.3035058537470534,0.04551021391014106,0.6509839323428055
26017,LOF,0.025128559617693814,0.20907526903379828,0.7657961713485079
26018,LOF,0.07058602709024396,0.045040417281404864,0.8843735556283513
26019,LOF,0.06659996492697101,0.0371790294767001,0.8962210055963289
26020,LOF,0.007402233955537713,0.21198623653087156,0.7806115295135908
26021,LOF,0.0659611007711399,0.07728507310720238,0.8567538261216577
26022,LOF,0.02821014789756395,0.02714311621878484,0.9446467358836511
26023,LOF,0.04157990335073752,0.026429174265935405,0.9319909223833271
26024,LOF,0.04202400634672423,0.08637915470527649,0.8715968389479993
26025,LOF,0.061526588172788284,0.08063354533567345,0.8578398664915383
26026,LOF,0.12501821023106222,0.0645547006350504,0.8104270891338873
26027,LOF,0.05901244929682818,0.020983473269509025,0.9200040774336627
26028,LOF,0.08330313801471073,0.11981768926109307,0.7968791727241962
26029,LOF,0.02773375520337429,0.18487500867465945,0.7873912361219663
26030,LOF,0.14513400950539596,0.02962543020336629,0.8252405602912378
26031,LOF,0.014278420499888821,0.1440484454876188,0.8416731340124923
26032,LOF,0.07859276587563029,0.061427592917665,0.8599796412067047
26033,LOF,0.07709902036068196,0.05945505110882593,0.8634459285304922
26034,LOF,0.014839333134532423,0.1694776942902468,0.8156829725752208
26035,LOF,0.012962077573071022,0.13321575926791082,0.8538221631590183
26036,LOF,0.016367561938638364,0.1704169815797119,0.8132154564816496
26037,LOF,0.011069208905352517,0.1137477957125988,0.8751829953820487
26038,LOF,0.0669902424299617,0.05577099946023218,0.8772387581098061
26039,LOF,0.022995992460465787,0.15187168451873856,0.8251323230207956
26040,LOF,0.10472955998925534,0.14791773865066343,0.7473527013600811
26041,LOF,0.01345097887651706,0.10541470434874436,0.8811343167747385
26042,LOF,0.011905724661747278,0.1055254193613814,0.8825688559768713
26043,LOF,0.0662375694667042,0.07420620493460951,0.8595562255986863
26044,LOF,0.013641936994077791,0.06628569396582715,0.920072369040095
26045,LOF,0.05136838151518931,0.1105212547977619,0.8381103636870488
26046,LOF,0.05897437922291085,0.06126077670459707,0.879764844072492
26047,LOF,0.10015285604569994,0.06540088275452047,0.8344462611997795
26048,LOF,0.04252281749992096,0.04137181365112627,0.9161053688489528
26049,Neutral,0.9679724168373419,0.005484043107072394,0.026543540055585773
26050,Neutral,0.9530327804019264,0.006777344797295387,0.04018987480077815
26051,LOF,0.014455488225758628,0.16458739624763963,0.8209571155266017
26052,LOF,0.020226580677899068,0.20958831348074314,0.7701851058413578
26053,LOF,0.022752037300946843,0.13977840897246588,0.8374695537265873
26054,LOF,0.04903642459914614,0.015130779794413712,0.9358327956064402
26055,LOF,0.05995469065560954,0.014088829151389013,0.9259564801930015
26056,LOF,0.05084754169674645,0.016968464665305903,0.9321839936379476
26057,LOF,0.03194205298372408,0.010837111418536369,0.9572208355977395
26058,LOF,0.03221770656038626,0.009388363928399293,0.9583939295112144
26059,LOF,0.28412331897746274,0.016256171360717882,0.6996205096618195
26060,LOF,0.00992694835792625,0.12360334489526563,0.8664697067468081
26061,LOF,0.005106600882706797,0.012178947349651244,0.9827144517676419
26062,LOF,0.004079082191495089,0.01629381336171054,0.9796271044467944
26063,LOF,0.022053354033444262,0.008741646260377255,0.9692049997061785
26064,LOF,0.006982650512096818,0.018605654838690693,0.9744116946492125
26065,LOF,0.023300826682842345,0.010706156915404948,0.9659930164017527
26066,LOF,0.021612405236552026,0.009621485524175728,0.9687661092392723
26067,LOF,0.028817643710063994,0.007632522376340138,0.9635498339135959
26068,LOF,0.04224431148577409,0.025759730740492474,0.9319959577737333
26069,LOF,0.25217957097599303,0.015874930675397223,0.7319454983486097
26070,LOF,0.4119731440429363,0.0118382149542049,0.5761886410028589
26071,LOF,0.021907130385241783,0.009672106762677114,0.9684207628520811
26072,LOF,0.00541910218687664,0.020515803329789264,0.974065094483334
26073,LOF,0.019051766354532353,0.012468555945273376,0.9684796777001942
26074,Neutral,0.8998602367782881,0.005695957937922256,0.09444380528378964
26075,LOF,0.04156271811149777,0.013511483257004598,0.9449257986314975
26076,LOF,0.039877363871105395,0.007919471942230352,0.9522031641866642
26077,LOF,0.10804818634043509,0.007325877246788034,0.8846259364127769
26078,LOF,0.005610235776518312,0.011942001000928487,0.9824477632225531
26079,LOF,0.05274105612821166,0.014989908553521746,0.9322690353182667
26080,LOF,0.05116460685253556,0.015012147173983895,0.9338232459734807
26081,LOF,0.030385292825889147,0.0069387906695447645,0.9626759165045662
26082,LOF,0.004717633662168785,0.01393144595495142,0.9813509203828797
26083,LOF,0.14124331389246533,0.013567148939050836,0.8451895371684838
26084,LOF,0.03846445566641702,0.011758119143386096,0.9497774251901969
26085,LOF,0.03420070441713652,0.010651666788052747,0.9551476287948106
26086,LOF,0.02060341593120748,0.01022571234199749,0.9691708717267951
26087,LOF,0.0218004187788609,0.008214840063312197,0.969984741157827
26088,LOF,0.005720070938410592,0.02082823081265631,0.9734516982489331
26089,LOF,0.03902180484242439,0.01963283128612712,0.9413453638714484
26090,LOF,0.03822606441249414,0.015589054867036718,0.9461848807204691
26091,LOF,0.029147383276507486,0.006054210787199423,0.9647984059362932
26092,LOF,0.021106165776175582,0.0072067648112657005,0.9716870694125588
26093,LOF,0.03729337361898403,0.005449618166968047,0.9572570082140478
26094,LOF,0.029791624381451953,0.006167858708105011,0.9640405169104431
26095,LOF,0.015763534970967667,0.01605590994656707,0.9681805550824651
26096,LOF,0.15107046582923148,0.005394095030577332,0.8435354391401912
26097,LOF,0.004576001734454402,0.034341496265403844,0.9610825020001417
26098,LOF,0.06640683674290579,0.01235664005622663,0.9212365232008677
26099,LOF,0.019180912764756957,0.012158887959240205,0.9686601992760028
26100,LOF,0.02130388950930254,0.011830842355230398,0.9668652681354671
26101,LOF,0.0516757584882541,0.018651550521016046,0.9296726909907299
26102,LOF,0.021194567301318572,0.012594458964553695,0.9662109737341278
26103,Neutral,0.8633555649800568,0.017032378020194437,0.11961205699974876
26104,LOF,0.06812786480696396,0.02076371251309082,0.9111084226799453
26105,LOF,0.2022727454685071,0.15981318473467487,0.6379140697968181
26106,LOF,0.32668678442458277,0.11918181413295464,0.5541314014424625
26107,LOF,0.020895213939059937,0.1036406613803559,0.8754641246805843
26108,LOF,0.3499828326570862,0.04055176682506559,0.6094654005178483
26109,LOF,0.02808960157597089,0.07087786925847263,0.9010325291655565
26110,LOF,0.19824663505055842,0.0065982646028030735,0.7951551003466385
26111,LOF,0.07189323732381266,0.07093162657294777,0.8571751361032397
26112,LOF,0.034765397898601814,0.006220360340583406,0.9590142417608148
26113,LOF,0.061299890766362726,0.013744822883816914,0.9249552863498204
26114,LOF,0.06744530582068757,0.01289783567110931,0.9196568585082031
26115,LOF,0.016020655831508548,0.07924594544401811,0.9047333987244734
26116,LOF,0.0835964875946344,0.0478741334326224,0.8685293789727431
26117,LOF,0.40455442553448506,0.03807605287327787,0.5573695215922371
26118,LOF,0.0341830079854955,0.020413200644347745,0.9454037913701566
26119,LOF,0.004484238819299228,0.04081817735421611,0.9546975838264846
26120,LOF,0.024532187266487482,0.016607896489853363,0.9588599162436592
26121,LOF,0.004121813933572375,0.14797150712132903,0.8479066789450985
