feature0,prediction,LoGoFunc_Neutral,LoGoFunc_GOF,LoGoFunc_LOF
25546,Neutral,0.750237226581828,0.03526652239302108,0.214496251025151
25547,Neutral,0.5983982980098345,0.07134953673789839,0.33025216525226725
25548,Neutral,0.6187793989386016,0.053811926035462566,0.32740867502593585
25549,Neutral,0.5404540932609296,0.05424605380430469,0.40529985293476556
25550,LOF,0.372784453882397,0.10681510831585196,0.5204004378017509
25551,LOF,0.29311138589958957,0.11772823402558184,0.5891603800748285
25552,LOF,0.21792909364520285,0.11379884426584223,0.6682720620889548
25553,Neutral,0.8508789119724948,0.027277915684665234,0.12184317234283996
25554,LOF,0.25031757431539375,0.10775740455021408,0.6419250211343922
25555,LOF,0.20972215261391525,0.09393276734938429,0.6963450800367005
25556,Neutral,0.4684443490269407,0.09432499026764658,0.4372306607054128
25557,LOF,0.19444641030209706,0.10035848477307024,0.7051951049248327
25558,LOF,0.2347183332677328,0.10574520684060153,0.6595364598916655
25559,LOF,0.37579420655843554,0.11466956726950402,0.5095362261720604
25560,LOF,0.046883208605368466,0.10955307524449055,0.8435637161501409
25561,LOF,0.10205709491521568,0.1088087995212908,0.7891341055634936
25562,LOF,0.07879431893624747,0.0573837140516876,0.8638219670120649
25563,LOF,0.10081089623206879,0.05706739115362607,0.8421217126143051
25564,LOF,0.26618888615899644,0.10472068835099657,0.629090425490007
25565,LOF,0.1377630197089487,0.13508340232286647,0.7271535779681848
25566,GOF,0.013181317533489863,0.7803282061494269,0.2064904763170832
25567,LOF,0.02052464469698074,0.174035203377031,0.8054401519259883
25568,LOF,0.053952488233281,0.06552443919248378,0.8805230725742352
25569,LOF,0.062364217074242036,0.06390243752572419,0.8737333454000339
25570,LOF,0.05754879866579615,0.10511128641589752,0.8373399149183064
25571,LOF,0.05062663953786256,0.09735182400204051,0.8520215364600969
25572,LOF,0.07041019528030089,0.11854372374479248,0.8110460809749067
25573,LOF,0.03525443290755434,0.09335329740745076,0.8713922696849948
25574,LOF,0.022026257372863192,0.13974542523594885,0.8382283173911879
25575,LOF,0.04241292808903118,0.11505367021049287,0.842533401700476
25576,LOF,0.0216162288525324,0.12772356162173124,0.8506602095257363
25577,LOF,0.016982568333604592,0.12076441279897113,0.8622530188674243
25578,LOF,0.30398595822097807,0.08213614173782645,0.6138779000411956
25579,LOF,0.13084488270956715,0.1002353942988198,0.768919722991613
25580,LOF,0.03007950194331942,0.08710961646624236,0.8828108815904382
25581,LOF,0.05269411930442871,0.0660914810386041,0.8812143996569672
25582,LOF,0.05209737601787897,0.06432485375785696,0.883577770224264
25583,LOF,0.03745095102743307,0.09311333884629497,0.869435710126272
25584,Neutral,0.4608549192360094,0.09753264311942013,0.44161243764457053
25585,LOF,0.02113628301968455,0.12876105517099767,0.8501026618093177
25586,LOF,0.029810573163907696,0.07236354215784989,0.8978258846782424
25587,LOF,0.030083248231538975,0.07095001578668607,0.8989667359817749
25588,LOF,0.030418794092229293,0.08482654068167787,0.8847546652260928
25589,Neutral,0.6355971565320403,0.10674340640023144,0.2576594370677283
25590,LOF,0.03491862675626837,0.13214927995199982,0.8329320932917318
25591,LOF,0.09458298921326876,0.05644436520142269,0.8489726455853085
25592,LOF,0.09393844857578527,0.13703380848236077,0.7690277429418539
25593,LOF,0.03306708105283231,0.25643886744684374,0.7104940515003239
25594,LOF,0.0448481087022727,0.17303973569691947,0.7821121556008078
25595,LOF,0.058908150848710907,0.11475718473698002,0.8263346644143091
25596,LOF,0.05247973045572803,0.10014782723882275,0.8473724423054492
25597,LOF,0.036980763039146165,0.09646523405306372,0.86655400290779
25598,LOF,0.05272714636591483,0.11940611141282124,0.827866742221264
25599,GOF,0.006838166969281769,0.630880251116535,0.36228158191418314
25600,GOF,0.012291524096070731,0.5766282906381289,0.4110801852658003
25601,LOF,0.008971558399118283,0.4208687746201538,0.5701596669807278
25602,LOF,0.01745941093888677,0.05028399076906315,0.9322565982920501
25603,LOF,0.0520729760497161,0.02255418754650267,0.9253728364037813
25604,LOF,0.029810883459756257,0.05548039335038539,0.9147087231898583
25605,LOF,0.008836958400046325,0.2194461504193154,0.7717168911806384
25606,LOF,0.08099018211025565,0.3977762203920589,0.5212335974976854
25607,LOF,0.006007618816540784,0.20412448159203708,0.7898678995914222
25608,LOF,0.016363662257172507,0.0898747259831427,0.8937616117596849
25609,LOF,0.05698881101343176,0.3933585254762369,0.5496526635103314
25610,LOF,0.03113873636303821,0.025453038601346862,0.9434082250356148
25611,LOF,0.03589515703603102,0.023908609810806513,0.9401962331531624
25612,LOF,0.09998579276169296,0.039634632851899707,0.8603795743864074
25613,LOF,0.08735009918530161,0.04074055374427387,0.8719093470704244
25614,LOF,0.026440141474651794,0.03255359394053955,0.9410062645848087
25615,LOF,0.03569262473289106,0.048387638372854064,0.9159197368942549
25616,LOF,0.026260209528231254,0.03175501758403877,0.94198477288773
25617,LOF,0.024371772860005858,0.03682895264989189,0.9387992744901024
25618,LOF,0.13776779655808677,0.029718858821953104,0.8325133446199601
25619,LOF,0.027518289854782572,0.03164269085669751,0.94083901928852
25620,LOF,0.0319669824904275,0.03814068193547913,0.9298923355740932
25621,LOF,0.026641091211546508,0.03428022924844082,0.9390786795400127
25622,LOF,0.03705261921704134,0.036057094216141686,0.9268902865668169
25623,LOF,0.0519968782491086,0.028129854161759255,0.9198732675891322
25624,LOF,0.02370363753796828,0.03845501440444347,0.9378413480575882
25625,LOF,0.03618876630960014,0.0431038911663605,0.9207073425240394
25626,LOF,0.07899160497170278,0.035543087982392085,0.8854653070459051
25627,Neutral,0.5262754775755496,0.11588217404340304,0.35784234838104734
25628,LOF,0.2181983202250122,0.05054043676353662,0.7312612430114512
25629,LOF,0.05777326342531302,0.06019295673497192,0.8820337798397151
25630,LOF,0.18799957937030176,0.07923760388482476,0.7327628167448735
25631,Neutral,0.6079936155519864,0.05475279644777363,0.33725358800023997
25632,LOF,0.01334808687460303,0.12228318298850656,0.8643687301368903
25633,LOF,0.09007156925213797,0.09272754159850388,0.8172008891493582
25634,LOF,0.03125517126404416,0.11663718577595933,0.8521076429599964
25635,LOF,0.03537123209312027,0.08947550954108154,0.8751532583657982
25636,GOF,0.0038794880648295262,0.6231620412838488,0.37295847065132176
25637,GOF,0.0036327755538197114,0.6544042543106526,0.3419629701355277
25638,LOF,0.0064999426272344145,0.41098012206488377,0.5825199353078819
25639,GOF,0.0034696047235192123,0.5246993200575566,0.47183107521892426
25640,GOF,0.45971522037509716,0.4793422505756125,0.0609425290492903
25641,LOF,0.007960157518599416,0.35806157684234685,0.6339782656390537
25642,LOF,0.24004625907495888,0.07551484416501696,0.684438896760024
25643,LOF,0.2903328392720578,0.17378606481171482,0.5358810959162275
25644,GOF,0.015672890384784602,0.5534407617386882,0.4308863478765273
25645,LOF,0.01189412685227108,0.4762394436966761,0.5118664294510528
25646,LOF,0.018325329912262097,0.3424730753135489,0.6392015947741889
25647,LOF,0.014061504129804414,0.2763246827795969,0.7096138130905987
25648,LOF,0.01313094675365143,0.2906890568836339,0.6961799963627147
25649,LOF,0.011693628286788832,0.20709329423090547,0.7812130774823057
25650,LOF,0.02116338283423577,0.4617220008967203,0.517114616269044
25651,LOF,0.008245860951737786,0.28537183593672727,0.7063823031115348
25652,LOF,0.013706261391023943,0.2610955746499665,0.7251981639590095
25653,LOF,0.052673926930958626,0.3701322779507673,0.5771937951182741
25654,LOF,0.014039634854441974,0.1633137201726757,0.8226466449728823
25655,LOF,0.08606251298258646,0.394490926486748,0.5194465605306656
25656,LOF,0.11111678335554101,0.07806907690925391,0.8108141397352051
25657,LOF,0.33481386766058224,0.031041182779444475,0.6341449495599731
25658,LOF,0.04461234783018503,0.09498666245966941,0.8604009897101457
25659,LOF,0.36530132316119546,0.07537125140147731,0.5593274254373273
25660,LOF,0.0633782957463351,0.10091735396809745,0.8357043502855674
25661,LOF,0.04711706244008361,0.07668298116407034,0.876199956395846
25662,LOF,0.026588828753112935,0.052707352104539015,0.9207038191423481
25663,LOF,0.03805402279397387,0.07681787354238277,0.8851281036636434
25664,LOF,0.044585474367043014,0.08699536514743614,0.8684191604855208
25665,LOF,0.056876072807108956,0.04976574718056937,0.8933581800123217
25666,LOF,0.037965843684446936,0.1320643946491722,0.8299697616663809
25667,LOF,0.030395946809563725,0.055588492411799015,0.9140155607786373
25668,LOF,0.03152476984329917,0.06010583639274922,0.9083693937639516
25669,LOF,0.03985800034757166,0.08991336656275473,0.8702286330896737
25670,LOF,0.07376910576423862,0.08941988831253059,0.8368110059232307
25671,LOF,0.03820830625747934,0.049807844092159416,0.9119838496503613
25672,LOF,0.05906065297970149,0.07019440967706847,0.87074493734323
25673,LOF,0.044012029293373334,0.07070995439035088,0.8852780163162758
25674,LOF,0.04118030292995758,0.07271252040105951,0.886107176668983
25675,LOF,0.04869425988505049,0.06302588087285889,0.8882798592420906
25676,LOF,0.032503869559767876,0.06315724230164288,0.9043388881385892
25677,LOF,0.06465017579849598,0.07167414082509212,0.8636756833764119
25678,LOF,0.2852804589773254,0.037093315058717116,0.6776262259639575
25679,LOF,0.17327401190597122,0.08062725041655193,0.7460987376774769
25680,LOF,0.05854667063217412,0.10378771242580644,0.8376656169420194
25681,LOF,0.10400900170405004,0.0967901735817695,0.7992008247141805
25682,LOF,0.04342992443121943,0.0885891451887351,0.8679809303800454
25683,LOF,0.10173354568504449,0.11232765723277005,0.7859387970821854
25684,LOF,0.05526987120480143,0.08919006827549762,0.8555400605197009
25685,LOF,0.1083100666233511,0.04671692603366659,0.8449730073429823
25686,LOF,0.0351239412436243,0.09797062303142667,0.8669054357249489
25687,LOF,0.0418914578282072,0.08243427054473566,0.875674271627057
25688,LOF,0.027392401512312866,0.09579730153035822,0.8768102969573289
25689,LOF,0.018483495866075752,0.08237778374778469,0.8991387203861395
25690,LOF,0.022197372046990477,0.09031443373902595,0.8874881942139836
25691,LOF,0.24268002481004255,0.12223075717819788,0.6350892180117595
25692,LOF,0.2822069997096461,0.010120032219104373,0.7076729680712496
25693,LOF,0.09213549271929247,0.14063541299721208,0.7672290942834955
25694,LOF,0.24758992021604564,0.015959085424154244,0.7364509943598001
25695,LOF,0.16516067982312937,0.020238886482332775,0.8146004336945378
25696,LOF,0.16366504790817415,0.009824708619007904,0.8265102434728179
25697,LOF,0.13679452591936667,0.028132974778320337,0.835072499302313
25698,LOF,0.03867623505121217,0.38718944018907725,0.5741343247597106
25699,LOF,0.06879781923889046,0.07769867718062147,0.8535035035804881
25700,LOF,0.03132849533296915,0.0108730258518281,0.9577984788152027
25701,LOF,0.01584133467233138,0.07840066223693974,0.9057580030907288
25702,GOF,0.03569519450270371,0.7397359856492168,0.22456881984807944
25703,LOF,0.013222685324102815,0.2048758888898082,0.7819014257860889
25704,LOF,0.0904578758410626,0.15046102031303554,0.7590811038459019
25705,LOF,0.05782865228000401,0.23694477054030713,0.705226577179689
25706,GOF,0.05738862938929956,0.6005321213481164,0.34207924926258415
25707,GOF,0.033162284858995125,0.5102499552536698,0.45658775988733497
25708,LOF,0.009396057027570792,0.4455560035734734,0.5450479393989559
25709,LOF,0.01890906640079331,0.06529818557502064,0.915792748024186
25710,LOF,0.009016832351289118,0.19059409684083006,0.8003890708078808
25711,LOF,0.020402290520696247,0.12567877943400138,0.8539189300453023
25712,LOF,0.00966770354236754,0.2512787381885639,0.7390535582690687
25713,LOF,0.018507424965807966,0.11293789486008597,0.8685546801741061
25714,LOF,0.02026605191071793,0.14958775850257172,0.8301461895867103
25715,LOF,0.019396237420347604,0.11811003654838091,0.8624937260312714
25716,LOF,0.010830823473582067,0.13033592235971725,0.8588332541667006
25717,LOF,0.005940141095555126,0.13987677683692706,0.8541830820675178
25718,LOF,0.01791845747710603,0.07663735087384321,0.9054441916490507
25719,LOF,0.033678229853951934,0.08631257192564304,0.8800091982204049
25720,LOF,0.022763271764792318,0.08812118403793634,0.8891155441972713
25721,LOF,0.02330395610270083,0.09214602277689914,0.8845500211204
25722,LOF,0.01723966695400928,0.1261321491901569,0.8566281838558338
25723,LOF,0.020737311646590807,0.07262862287900697,0.9066340654744023
25724,LOF,0.034678851183638434,0.10536485921607965,0.859956289600282
25725,LOF,0.02237021623554145,0.06626861928731108,0.9113611644771474
25726,LOF,0.016342519374721337,0.09667007803101024,0.8869874025942683
25727,LOF,0.01969150638976074,0.08586333961426217,0.8944451539959771
25728,LOF,0.01765429746271883,0.10511590197447396,0.8772298005628073
25729,LOF,0.018235780510015714,0.10671421983341757,0.8750499996565667
25730,LOF,0.019168366940392888,0.08750473584994906,0.8933268972096581
25731,LOF,0.012534388006591521,0.18004637042532545,0.8074192415680831
25732,LOF,0.018533760597004224,0.09536137842095214,0.8861048609820436
25733,LOF,0.029941099544191732,0.08589113314028923,0.884167767315519
25734,LOF,0.007848202528107879,0.2273502230946217,0.7648015743772704
25735,LOF,0.022715355854619663,0.07522677202536139,0.902057872120019
25736,LOF,0.0214279718925276,0.11657159293165384,0.8620004351758185
25737,LOF,0.04008090581385566,0.09553421698970958,0.8643848771964349
25738,LOF,0.019488084615097555,0.15210540551288662,0.8284065098720159
25739,LOF,0.02179047646558598,0.14836939886870132,0.8298401246657127
25740,LOF,0.05082084562724575,0.1398840144843349,0.8092951398884194
25741,LOF,0.02617620494522109,0.1161964905610172,0.8576273044937617
25742,LOF,0.0371376197269948,0.13294153876086878,0.8299208415121365
25743,LOF,0.011364514085905213,0.04540567977597402,0.9432298061381207
25744,LOF,0.12313162979805103,0.4064913040487301,0.47037706615321884
25745,LOF,0.02048519146563297,0.06721769322918632,0.9122971153051807
25746,LOF,0.01145959049106221,0.0882008972916574,0.9003395122172805
25747,LOF,0.034460505489769436,0.03550307706333778,0.9300364174468928
25748,LOF,0.20036076194943964,0.0645519640912891,0.7350872739592713
25749,LOF,0.013248777510097978,0.05255947200797191,0.93419175048193
25750,LOF,0.01567148142801293,0.0827063078264785,0.9016222107455086
25751,LOF,0.039677698125015544,0.0727312010356256,0.8875911008393589
25752,GOF,0.09455284862260561,0.6677009262907423,0.23774622508665216
25753,LOF,0.007057919636891661,0.380022206323401,0.6129198740397074
25754,GOF,0.005204700266122744,0.8639268053326177,0.13086849440125956
25755,LOF,0.010652732735361603,0.43398756664070803,0.5553597006239305
25756,LOF,0.04698444838968092,0.4564536059690807,0.49656194564123823
25757,GOF,0.006883111915652862,0.8833475252586328,0.10976936282571445
25758,GOF,0.008390292012916597,0.8682511589072881,0.12335854907979535
25759,GOF,0.004880782653955267,0.5870189791513544,0.40810023819469027
25760,LOF,0.007192739104210155,0.304860495881217,0.6879467650145727
25761,GOF,0.047226400759191794,0.8454819146705518,0.10729168457025655
25762,LOF,0.026367213214787945,0.3889294468098475,0.5847033399753646
25763,LOF,0.009160531572851096,0.25615976131616136,0.7346797071109876
25764,GOF,0.10237511570516765,0.6106887058298868,0.28693617846494557
25765,GOF,0.007565890548229049,0.8391434976276385,0.15329061182413245
25766,GOF,0.03125096144136192,0.8312596475744691,0.13748939098416887
25767,GOF,0.01580584756264121,0.5454958068547815,0.43869834558257736
25768,LOF,0.03805880086284595,0.08351472461461854,0.8784264745225356
25769,LOF,0.02294345292523894,0.08100177013802909,0.8960547769367321
25770,LOF,0.14670093491825947,0.0657367979237497,0.7875622671579908
25771,LOF,0.016855932060636025,0.07624729579973655,0.9068967721396274
25772,LOF,0.023094556864584885,0.03133141912050921,0.945574024014906
25773,LOF,0.014047167908931709,0.08535983070884579,0.9005930013822225
25774,LOF,0.025622462439086148,0.09434267874564624,0.8800348588152677
25775,LOF,0.021380234523325013,0.04644461918489315,0.9321751462917818
25776,LOF,0.025077344774456813,0.02925554056387497,0.9456671146616683
25777,LOF,0.17969899367031955,0.07400582844397778,0.7462951778857027
25778,LOF,0.019392101933760772,0.05608448265721329,0.924523415409026
25779,GOF,0.035819858263224695,0.9068268969218316,0.05735324481494367
25780,GOF,0.05607067631456498,0.8931787423879419,0.05075058129749323
25781,GOF,0.024566722942886123,0.8847562319579885,0.09067704509912555
25782,GOF,0.03253051195200209,0.9123407790488041,0.05512870899919391
25783,GOF,0.01995391234499358,0.781193240490768,0.19885284716423837
25784,GOF,0.1031221605867854,0.8602788868102506,0.03659895260296422
25785,GOF,0.07151972062417451,0.8963810607315839,0.032099218644241735
25786,GOF,0.005488461610617214,0.859270796977769,0.1352407414116138
25787,GOF,0.16463289896981545,0.8072778772929436,0.028089223737240945
25788,LOF,0.015137455393796215,0.19952660437343395,0.7853359402327698
25789,GOF,0.018294147882934663,0.881663927816686,0.10004192430037953
25790,GOF,0.022488291386325913,0.9022486056111276,0.07526310300254639
25791,GOF,0.015488355288524651,0.83639441103513,0.1481172336763454
25792,GOF,0.025046811343737426,0.854448153364014,0.12050503529224853
25793,GOF,0.07846008480410716,0.8478557700258162,0.0736841451700766
25794,GOF,0.054713530965216486,0.7999364584845411,0.14535001055024224
25795,GOF,0.04084112145224569,0.8008279358871379,0.15833094266061654
25796,GOF,0.0796621851151514,0.829017660983939,0.09132015390090964
25797,GOF,0.03452240762193829,0.727056428786252,0.23842116359180968
25798,GOF,0.003058725812552519,0.6798938188768094,0.31704745531063805
25799,GOF,0.0030097218141006536,0.5599024992979852,0.43708777888791417
25800,GOF,0.011960549137924915,0.7625590214768087,0.2254804293852664
25801,GOF,0.015532506591453787,0.8880203863799031,0.09644710702864315
25802,GOF,0.02129043797443019,0.8349452385161391,0.1437643235094306
25803,GOF,0.011414613655298462,0.7350501397833861,0.25353524656131554
25804,GOF,0.013832005736508626,0.6481961534682291,0.33797184079526216
25805,GOF,0.023516254615674203,0.7575234919203883,0.2189602534639376
25806,GOF,0.019114103197431988,0.8021764558262362,0.17870944097633185
25807,GOF,0.005209568271912803,0.7636146438953639,0.23117578783272327
25808,GOF,0.015049536930843543,0.7980586353801804,0.18689182768897597
25809,GOF,0.005957931225607679,0.7702037988965874,0.223838269877805
25810,GOF,0.0052352070541638,0.7649060246434412,0.22985876830239507
25811,GOF,0.043509538299143266,0.8821405213168548,0.07434994038400189
25812,GOF,0.016088309267094647,0.7357509002321957,0.24816079050070955
25813,GOF,0.10072314759065046,0.8173979436554178,0.08187890875393171
25814,GOF,0.02653712057114598,0.8217542134259368,0.15170866600291727
25815,GOF,0.03841559188842878,0.8480506380295123,0.1135337700820589
25816,GOF,0.008558695434153952,0.8790537919350373,0.11238751263080882
25817,GOF,0.09117192874302944,0.7878985258993018,0.12092954535766869
25818,GOF,0.025054590427171352,0.821673116515398,0.1532722930574307
25819,GOF,0.057775297790240876,0.7967384385875675,0.1454862636221915
25820,GOF,0.028478009174296635,0.7883616333468734,0.1831603574788299
25821,GOF,0.017435567658241783,0.7890683040140022,0.193496128327756
25822,GOF,0.03430910422370039,0.8005311431001367,0.16515975267616284
25823,GOF,0.014991026260348284,0.6820080603567585,0.3030009133828931
25824,GOF,0.02599296293982461,0.7890223910240525,0.1849846460361228
25825,GOF,0.01607150214936123,0.7728995173311242,0.21102898051951452
25826,GOF,0.00531954017371618,0.7428547276092752,0.2518257322170087
25827,GOF,0.007815805002313601,0.7107709153213794,0.281413279676307
25828,GOF,0.005577092108550593,0.6784957409721004,0.31592716691934897
25829,GOF,0.0028984872779537338,0.7333476914819915,0.2637538212400548
25830,GOF,0.04057745792539243,0.5307495771259823,0.4286729649486254
25831,GOF,0.045265145281449266,0.8642013941533236,0.0905334605652271
25832,GOF,0.008140992011573757,0.8274307934952232,0.16442821449320308
25833,GOF,0.03150157966293216,0.8667825905981152,0.10171582973895263
25834,GOF,0.008151109724348965,0.8388434880925295,0.1530054021831216
25835,GOF,0.0179706659461146,0.8727535506439639,0.10927578340992161
25836,GOF,0.006415274989969158,0.8400569302539089,0.1535277947561219
25837,GOF,0.006903658161667848,0.7586309415547098,0.2344654002836224
25838,GOF,0.020174485459120338,0.8837063120535854,0.09611920248729415
25839,GOF,0.042543789758317394,0.8781545000711549,0.07930171017052773
25840,GOF,0.05909012188830524,0.8632800386413146,0.0776298394703803
25841,GOF,0.05547389904990363,0.870574466754517,0.07395163419557943
25842,GOF,0.02486841522972894,0.9119549503257062,0.06317663444456481
25843,GOF,0.025471717732878537,0.9146089153697222,0.059919366897399164
25844,GOF,0.017016436459898084,0.8748246239859879,0.10815893955411401
25845,GOF,0.00541991353481253,0.7004945710706327,0.2940855153945548
25846,GOF,0.03914078870036804,0.8819134154207783,0.07894579587885367
25847,GOF,0.01828417347930245,0.9251073819131277,0.05660844460756987
25848,GOF,0.016341704006937963,0.8764334896971181,0.10722480629594389
25849,GOF,0.004877038539734104,0.777999428706153,0.21712353275411284
25850,GOF,0.006304186027984022,0.7906930325131836,0.20300278145883244
25851,GOF,0.005543357429086769,0.6885222629944217,0.30593437957649167
25852,GOF,0.1251214061821461,0.6345064553143561,0.24037213850349776
25853,GOF,0.06839658560544708,0.8688449410255589,0.06275847336899419
25854,GOF,0.005082397311147478,0.751308416668476,0.2436091860203763
25855,GOF,0.014037347403335298,0.6871014329414797,0.29886121965518503
25856,GOF,0.03490961722666212,0.818695254365449,0.14639512840788896
25857,GOF,0.01293734838502596,0.6871748774504409,0.29988777416453305
25858,GOF,0.007976033906669339,0.6933455601441546,0.29867840594917605
25859,GOF,0.0055225092958445165,0.6658694424223639,0.3286080482817916
25860,GOF,0.07610255249348287,0.8417462113765359,0.08215123612998125
25861,GOF,0.07741897370934775,0.8441700207785172,0.07841100551213487
25862,GOF,0.02123380870808155,0.884587519461113,0.09417867183080533
25863,GOF,0.020908881133473313,0.8912630479619246,0.08782807090460222
25864,GOF,0.04673259957914334,0.8911854332279893,0.06208196719286727
25865,GOF,0.03511103809844099,0.8591267263547593,0.10576223554679975
25866,GOF,0.0260706528654125,0.8815430033652902,0.09238634376929722
25867,GOF,0.030253487952757525,0.8946816944047162,0.0750648176425263
25868,GOF,0.05579764082225475,0.8579863327167977,0.08621602646094743
25869,GOF,0.34826258530945436,0.5945149652068427,0.05722244948370309
25870,GOF,0.07363048756646741,0.7081425968217103,0.21822691561182228
25871,GOF,0.010422749486890317,0.9028887211491532,0.08668852936395645
25872,GOF,0.01947948353923332,0.8868938470601851,0.09362666940058151
25873,GOF,0.019378453451311575,0.9046646610326498,0.07595688551603855
25874,LOF,0.016965921451492335,0.22221441808742626,0.7608196604610815
25875,LOF,0.04759681359611173,0.0497086559202045,0.9026945304836838
25876,LOF,0.017505605261693057,0.04554522759137161,0.9369491671469352
25877,LOF,0.12267840772840825,0.09164535464061362,0.7856762376309782
25878,LOF,0.06841570833081581,0.12344798598681651,0.8081363056823677
25879,LOF,0.027416157359518536,0.08995312947286113,0.8826307131676203
25880,LOF,0.05395748042814807,0.01442469902603934,0.9316178205458125
25881,Neutral,0.5365738467122868,0.0638657907175327,0.39956036257018046
25882,LOF,0.05322666064670079,0.02694278240452628,0.9198305569487729
25883,LOF,0.027148486600454963,0.02273425422268595,0.9501172591768591
25884,LOF,0.027404428586358102,0.040387073316565186,0.9322084980970767
25885,LOF,0.22070867202990757,0.010045933751954677,0.7692453942181376
25886,LOF,0.148256040744271,0.059909655694794374,0.7918343035609345
25887,LOF,0.19743630912692192,0.05894986324666704,0.7436138276264112
25888,LOF,0.012580143174394138,0.13859476514340735,0.8488250916821984
25889,LOF,0.03146313962841455,0.028371917813826527,0.9401649425577588
25890,LOF,0.1385884438807126,0.12001743050576547,0.7413941256135219
25891,LOF,0.09310978172271221,0.024714988157309357,0.8821752301199783
25892,LOF,0.00944198752385074,0.029120494967938768,0.9614375175082105
25893,LOF,0.403404787009032,0.007939335829618675,0.5886558771613494
25894,LOF,0.4463779001471704,0.004847088149110513,0.5487750117037192
25895,LOF,0.339878748993864,0.010329263718893214,0.6497919872872427
25896,LOF,0.06531630139722631,0.014584011830511407,0.9200996867722623
25897,LOF,0.18581707560821234,0.007478790937827489,0.8067041334539602
25898,LOF,0.15885440102916037,0.027699366317073912,0.8134462326537657
25899,LOF,0.3636117480406294,0.017930081164598422,0.6184581707947722
25900,LOF,0.44576881844132316,0.008412683891560737,0.5458184976671161
25901,LOF,0.06448854035205981,0.006962993231074459,0.9285484664168657
25902,LOF,0.15849655224908715,0.008200546438020245,0.8333029013128926
25903,LOF,0.38395809276060305,0.020486309773623985,0.5955555974657729
25904,Neutral,0.491881239135554,0.022382411715942865,0.4857363491485032
25905,LOF,0.004099102591445045,0.46558581312957364,0.5303150842789813
25906,LOF,0.008832838211927445,0.10667103354313824,0.8844961282449343
25907,LOF,0.004573581744068493,0.33587082180552624,0.6595555964504053
25908,LOF,0.004626053230548217,0.24144501044815384,0.753928936321298
25909,LOF,0.025668743511016993,0.15228662113122002,0.822044635357763
25910,LOF,0.011175810981779737,0.12704154275899304,0.8617826462592272
25911,LOF,0.32729350940436164,0.03909904339977509,0.6336074471958633
25912,LOF,0.06782563891671964,0.05734706930569841,0.874827291777582
25913,LOF,0.04175600536094964,0.06533508994704454,0.8929089046920058
25914,LOF,0.03683325344579457,0.041540926621040156,0.9216258199331653
25915,LOF,0.17951418032432123,0.19728110692296721,0.6232047127527115
25916,LOF,0.031298532229095136,0.12840000897842974,0.8403014587924751
25917,LOF,0.07018313460235136,0.03905582938744847,0.8907610360102003
25918,LOF,0.043049089834574235,0.026606681561039784,0.930344228604386
25919,LOF,0.03617496280648161,0.025737982270006968,0.9380870549235114
25920,LOF,0.14884759346654555,0.22316013325569056,0.6279922732777639
25921,LOF,0.017755806003656827,0.03793579251398867,0.9443084014823545
25922,LOF,0.018648413782701097,0.032776092934539,0.9485754932827598
25923,LOF,0.47513558984059884,0.03282806634322873,0.4920363438161725
25924,LOF,0.024847990726668573,0.05706636972228563,0.9180856395510458
25925,LOF,0.0858339574192849,0.0460824243858894,0.8680836181948256
25926,LOF,0.058397144226734816,0.045035225690381486,0.8965676300828836
25927,LOF,0.025289459091967864,0.07162083672408955,0.9030897041839426
25928,LOF,0.011025963823341013,0.05775606466406352,0.9312179715125954
25929,Neutral,0.560859574981688,0.03153971594776646,0.40760070907054546
25930,LOF,0.07907644782396826,0.031504266051432014,0.8894192861245998
25931,LOF,0.015321244079732881,0.039688061344782144,0.944990694575485
25932,LOF,0.06606883001978442,0.03021795452951939,0.9037132154506963
25933,LOF,0.06452075750739769,0.020029397632358625,0.9154498448602436
25934,LOF,0.05588702475250562,0.01898284821141187,0.9251301270360824
25935,LOF,0.07169885592006588,0.05651518836161801,0.8717859557183161
25936,LOF,0.09548131818576096,0.020799033484664043,0.883719648329575
25937,LOF,0.015095865742033032,0.03694098997546373,0.9479631442825033
25938,LOF,0.06784457742704,0.053858872880688136,0.8782965496922719
25939,LOF,0.04510249017556663,0.026452904363039233,0.9284446054613942
25940,LOF,0.010631517750368299,0.3791576254124582,0.6102108568371736
25941,Neutral,0.5045209853726376,0.03891679346877469,0.45656222115858774
25942,LOF,0.009063851442734283,0.05062555137362166,0.940310597183644
25943,LOF,0.04527217669769279,0.17867610074041068,0.7760517225618966
25944,LOF,0.06473341198476974,0.09155178602356227,0.8437148019916679
25945,LOF,0.12134791450483658,0.022611132799373868,0.8560409526957896
25946,LOF,0.07263140166830485,0.04569728891052638,0.8816713094211688
25947,Neutral,0.4721720428450136,0.1060283253610644,0.421799631793922
25948,LOF,0.4380748960995506,0.013113112720172047,0.5488119911802775
25949,LOF,0.1476754705656163,0.06951939189434957,0.7828051375400341
25950,GOF,0.06498188671353668,0.6337624839404705,0.3012556293459929
25951,LOF,0.011811498241591884,0.4509296045443401,0.537258897214068
25952,LOF,0.2797731708347261,0.30223412108495923,0.41799270808031475
25953,LOF,0.007250212412776065,0.19299369879918896,0.799756088788035
25954,GOF,0.09020340185895295,0.5196163015665659,0.3901802965744811
25955,LOF,0.007274358386362835,0.1629673452641327,0.8297582963495045
25956,LOF,0.019184668699318685,0.2486500494508137,0.7321652818498676
25957,LOF,0.220558858747152,0.03215209666816804,0.74728904458468
25958,LOF,0.035645388545502206,0.04377839761732399,0.9205762138371739
25959,GOF,0.015253963963238018,0.5869440378401671,0.3978019981965948
25960,LOF,0.007007629712427814,0.06600990882595599,0.9269824614616162
25961,LOF,0.03182766463203833,0.03912470946998444,0.9290476258979773
25962,LOF,0.038205306771706644,0.06422814273513688,0.8975665504931565
25963,LOF,0.005424418548251835,0.17657231161610742,0.8180032698356408
25964,LOF,0.027216975359588533,0.11644142314506872,0.8563416014953427
25965,LOF,0.26895342729112626,0.117011474279272,0.6140350984296017
25966,Neutral,0.4770808684421244,0.14414486421597625,0.37877426734189945
25967,LOF,0.009434557015330103,0.09002540176144688,0.9005400412232231
25968,LOF,0.043256134240583825,0.22526612395823678,0.7314777418011795
25969,LOF,0.12227878090783453,0.049221529742788706,0.8284996893493768
25970,LOF,0.0208156180595006,0.08969283387580779,0.8894915480646917
25971,LOF,0.08123074798654216,0.02927544130571317,0.8894938107077447
25972,LOF,0.06674474891068169,0.04591834098876826,0.8873369101005499
25973,LOF,0.061737843702231295,0.009072839466680754,0.929189316831088
25974,LOF,0.05112259997275245,0.03661826321846564,0.912259136808782
25975,LOF,0.04354465339767663,0.016431071257329406,0.940024275344994
25976,LOF,0.08765474346223993,0.009681382279051312,0.9026638742587088
25977,LOF,0.1971209950779637,0.07345475582070914,0.7294242491013271
25978,LOF,0.1869013624719468,0.12775086937994704,0.6853477681481062
25979,LOF,0.15289170905114802,0.14296970531105133,0.7041385856378006
25980,LOF,0.264922896773563,0.18558971112970793,0.549487392096729
25981,LOF,0.26533372668226374,0.18690087191362628,0.54776540140411
25982,Neutral,0.49529472648134776,0.09478405234641459,0.4099212211722378
25983,Neutral,0.5095824146705326,0.1157393074194003,0.37467827791006714
25984,LOF,0.03904482859599747,0.09663922129626185,0.8643159501077408
25985,LOF,0.4183065951373177,0.13121919146099073,0.4504742134016917
25986,LOF,0.012788224485746,0.3930386930159551,0.5941730824982988
25987,LOF,0.05502980967351626,0.09471718929853679,0.850253001027947
25988,LOF,0.041247463089117635,0.1542706311976173,0.8044819057132649
25989,LOF,0.03803538088434413,0.19642759934235884,0.765537019773297
25990,LOF,0.03894996046704594,0.30321900967795506,0.657831029854999
25991,LOF,0.030275590250426247,0.43274822442326416,0.5369761853263095
25992,LOF,0.026232680260472017,0.42270724447016045,0.5510600752693675
25993,LOF,0.028229652799132282,0.07961262249194628,0.8921577247089214
25994,LOF,0.02334105988925304,0.07795388351352181,0.8987050565972251
25995,LOF,0.02134297482648869,0.14493071469890315,0.8337263104746081
25996,Neutral,0.35442084935935403,0.3312544765212268,0.3143246741194192
25997,LOF,0.06412154746155556,0.40166343164791934,0.5342150208905251
25998,LOF,0.23865189173032172,0.04753058655705438,0.7138175217126239
25999,LOF,0.026703774653236926,0.18066608133922857,0.7926301440075345
26000,LOF,0.19321074398729657,0.03278331676202622,0.7740059392506773
26001,LOF,0.2488608989470814,0.041508977449386766,0.709630123603532
26002,LOF,0.1099111258755143,0.052935048394138554,0.8371538257303472
26003,GOF,0.006148249422133139,0.6506066331187302,0.34324511745913655
26004,GOF,0.008560079987751474,0.7215100858585229,0.26992983415372573
26005,GOF,0.004040975098583675,0.5030677264231704,0.49289129847824587
26006,GOF,0.12850715560200718,0.5519700169559878,0.3195228274420051
26007,GOF,0.00790555660850408,0.5304763544916531,0.4616180888998428
26008,GOF,0.0066513020643024735,0.6691759483056862,0.32417274963001136
26009,GOF,0.00825313667855812,0.6799579490299337,0.31178891429150823
26010,GOF,0.008992336971727468,0.6523552294281456,0.338652433600127
26011,LOF,0.0035371240273637484,0.47065164156936484,0.5258112344032714
26012,GOF,0.005182702275368392,0.5425700079273253,0.45224728979730633
26013,GOF,0.006956745374737403,0.6122565822656827,0.3807866723595799
26014,LOF,0.05570520796603596,0.11972298899750874,0.8245718030364553
26015,LOF,0.3863755174644216,0.025825010343722796,0.5877994721918556
26016,LOF,0.3092858545390046,0.04436730238912819,0.6463468430718672
26017,LOF,0.021715883184885622,0.20742469067954036,0.770859426135574
26018,LOF,0.02615159316410648,0.05799152145642887,0.9158568853794645
26019,LOF,0.026069234290603135,0.0492028556292858,0.924727910080111
26020,LOF,0.009724016174435824,0.2092059595052033,0.7810700243203609
26021,LOF,0.07992687690033838,0.0754015689865627,0.8446715541130989
26022,LOF,0.04216564301129869,0.029253799947255014,0.9285805570414464
26023,LOF,0.031066860827988645,0.035722016016625384,0.933211123155386
26024,LOF,0.04684079516821232,0.0697100560235196,0.8834491488082682
26025,LOF,0.05982436267933408,0.08512150482024264,0.8550541325004233
26026,LOF,0.11450747775232588,0.069953425439467,0.815539096808207
26027,LOF,0.026230426863275275,0.027835213294696622,0.945934359842028
26028,LOF,0.11698629276084134,0.13898090213169417,0.7440328051074644
26029,LOF,0.017045113547921376,0.21140397249923257,0.771550913952846
26030,LOF,0.15237466316956078,0.030804872575605578,0.8168204642548336
26031,LOF,0.009415110435082901,0.1814989319620081,0.8090859576029089
26032,LOF,0.0428572197856079,0.06453236608177257,0.8926104141326197
26033,LOF,0.06554955798005731,0.056775032604139374,0.8776754094158032
26034,LOF,0.012172294707319958,0.15844052136100145,0.8293871839316787
26035,LOF,0.010525382811504192,0.1202447822457764,0.8692298349427194
26036,LOF,0.01017227503610242,0.13402179728764504,0.8558059276762526
26037,LOF,0.009159552300984312,0.11004783111675911,0.8807926165822565
26038,LOF,0.03701136363791658,0.05892621046430074,0.9040624258977826
26039,LOF,0.024311230586524988,0.13655325476766714,0.8391355146458078
26040,LOF,0.10646955313704921,0.12996842157269053,0.7635620252902603
26041,LOF,0.011013973209592551,0.09113268276371621,0.8978533440266913
26042,LOF,0.01003106940145358,0.1065495002916095,0.883419430306937
26043,LOF,0.036740288607079806,0.07888734679220481,0.8843723646007153
26044,LOF,0.013075948392550694,0.054065510407275315,0.932858541200174
26045,LOF,0.06697528008366674,0.11673108590278404,0.8162936340135493
26046,LOF,0.030545668675632055,0.06184878904708884,0.9076055422772792
26047,LOF,0.05169349616622203,0.0611908916333839,0.887115612200394
26048,LOF,0.08199327172581727,0.030775915632853427,0.8872308126413292
26049,Neutral,0.9486109203050984,0.008104612619286737,0.04328446707561496
26050,Neutral,0.9281113661826769,0.008893630245945437,0.06299500357137763
26051,LOF,0.018953705483486464,0.10240277947464527,0.8786435150418683
26052,LOF,0.03399248369083067,0.12332678871799412,0.8426807275911752
26053,LOF,0.032027690832842834,0.16481348143346058,0.8031588277336966
26054,LOF,0.04579533806173762,0.025748590163796152,0.9284560717744661
26055,LOF,0.06253834759233154,0.024844383153790017,0.9126172692538785
26056,LOF,0.05077626339078603,0.032396003342070046,0.9168277332671438
26057,LOF,0.061585452186478595,0.014998250420356308,0.923416297393165
26058,LOF,0.06429929677823032,0.01202804124317999,0.9236726619785898
26059,LOF,0.21586780672816963,0.03013215572361193,0.7540000375482184
26060,LOF,0.018204059908520972,0.16692686879472046,0.8148690712967587
26061,LOF,0.01397258741179815,0.010691920173862834,0.9753354924143391
26062,LOF,0.007113114476608365,0.018243201098081252,0.9746436844253102
26063,LOF,0.03951924658103684,0.010768067302461607,0.9497126861165016
26064,LOF,0.011061607657475072,0.024636558366813128,0.9643018339757118
26065,LOF,0.046777924647698664,0.012207077353259344,0.941014997999042
26066,LOF,0.04710128227795735,0.010591070868947209,0.9423076468530954
26067,LOF,0.054522177817103654,0.0098848922920121,0.9355929298908842
26068,LOF,0.05545861160203007,0.04497561237130381,0.8995657760266662
26069,LOF,0.16614341224101628,0.02805651088199619,0.8058000768769875
26070,LOF,0.35505982743342124,0.022666223472621816,0.622273949093957
26071,LOF,0.043689167663950514,0.011355712741247267,0.9449551195948022
26072,LOF,0.011772200204142953,0.020528386031675606,0.9676994137641813
26073,LOF,0.04106650000629797,0.013681309689333555,0.9452521903043684
26074,Neutral,0.920526896767052,0.008205752127502937,0.07126735110544513
26075,LOF,0.053203087731527834,0.021593690035004238,0.925203222233468
26076,LOF,0.060843782777800476,0.011310025348167312,0.9278461918740323
26077,LOF,0.16892789347677115,0.006669785970877274,0.8244023205523515
26078,LOF,0.009086030802341527,0.014318426006003195,0.9765955431916553
26079,LOF,0.0683969203882175,0.023139989140084898,0.9084630904716976
26080,LOF,0.06663744466910082,0.023147708577181507,0.9102148467537178
26081,LOF,0.035195624889353495,0.008431852721252946,0.9563725223893935
26082,LOF,0.00789200606976357,0.014378013912525295,0.9777299800177112
26083,LOF,0.10657038215947336,0.02070150373785416,0.8727281141026725
26084,LOF,0.11546851637182724,0.015153409819158845,0.8693780738090139
26085,LOF,0.10592981735016176,0.01307044838818068,0.8809997342616575
26086,LOF,0.041041392851813734,0.011956037805387038,0.9470025693427992
26087,LOF,0.03798655216706756,0.009973407074981535,0.9520400407579509
26088,LOF,0.00997047173782376,0.01889937566334319,0.971130152598833
26089,LOF,0.044250428622210417,0.04355085918856511,0.9121987121892245
26090,LOF,0.04543484966995233,0.029768447478553357,0.9247967028514943
26091,LOF,0.033700793846744535,0.007333010382537446,0.958966195770718
26092,LOF,0.04690046461934999,0.007895003383854902,0.9452045319967951
26093,LOF,0.08497137317717565,0.005544202546647173,0.909484424276177
26094,LOF,0.0380892722225263,0.007398803812188016,0.9545119239652857
26095,LOF,0.042022597569375555,0.016787250334355,0.9411901520962694
26096,LOF,0.22839412515227206,0.00488512752841244,0.7667207473193155
26097,LOF,0.00823703064296592,0.03077622784811898,0.9609867415089152
26098,LOF,0.08724276144023871,0.01760117869619271,0.8951560598635686
26099,LOF,0.04754717357034758,0.015612098412057296,0.9368407280175952
26100,LOF,0.04754611137356333,0.015611749640101289,0.9368421389863354
26101,LOF,0.06178372563549434,0.029964952220648874,0.9082513221438568
26102,LOF,0.03646010794352358,0.015799500007237857,0.9477403920492387
26103,Neutral,0.8793943332992052,0.026534594118888276,0.09407107258190639
26104,LOF,0.0609452847635888,0.03916804385561856,0.8998866713807926
26105,LOF,0.25796099330732825,0.1579721084491022,0.5840668982435696
26106,LOF,0.32881701353307613,0.11494924440013121,0.5562337420667927
26107,LOF,0.02325715386058812,0.09567366634300349,0.8810691797964083
26108,LOF,0.28173961385893526,0.04224308365355196,0.6760173024875128
26109,LOF,0.09459892939365348,0.03283952388266411,0.8725615467236824
26110,LOF,0.47325024289150686,0.007974302412747996,0.5187754546957452
26111,LOF,0.04581729881758192,0.14975266787372474,0.8044300333086932
26112,LOF,0.054535145258185466,0.008743187340228518,0.936721667401586
26113,LOF,0.10338961230651142,0.022436435583620996,0.8741739521098677
26114,LOF,0.09509964432828864,0.00770300769666931,0.897197347975042
26115,LOF,0.013176921685403733,0.05108032948429859,0.9357427488302976
26116,LOF,0.06717771610490271,0.023142376644869418,0.909679907250228
26117,LOF,0.400597235733103,0.03232305042388784,0.567079713843009
26118,LOF,0.04873412596185799,0.016124453010591882,0.9351414210275502
26119,LOF,0.006666954127942764,0.0369157462944905,0.9564172995775668
26120,LOF,0.03704050486429028,0.014622485257822521,0.948337009877887
26121,LOF,0.004631411359146871,0.13380215288640315,0.86156643575445
