feature0,prediction,LoGoFunc_Neutral,LoGoFunc_GOF,LoGoFunc_LOF
25546,Neutral,0.7663240983883853,0.04280194769353626,0.19087395391807846
25547,Neutral,0.6085541981854765,0.09239341033713278,0.2990523914773907
25548,Neutral,0.6379935589991538,0.0690970278391043,0.29290941316174196
25549,Neutral,0.5583509458835583,0.06828988494841941,0.3733591691680224
25550,LOF,0.3746183758060061,0.14492103982318613,0.4804605843708078
25551,LOF,0.29834621971445596,0.1537199342849965,0.5479338460005476
25552,LOF,0.22179964364909005,0.14516524317624585,0.6330351131746642
25553,Neutral,0.8619966831600042,0.030713866883753816,0.10728944995624197
25554,LOF,0.26361291323494085,0.13943428124694549,0.5969528055181137
25555,LOF,0.21772497976553246,0.12472979330911467,0.6575452269253529
25556,Neutral,0.46201864038748097,0.12226511009242237,0.4157162495200966
25557,LOF,0.20245970644334943,0.12801497415970134,0.6695253193969493
25558,LOF,0.23866335213553763,0.13654402513993502,0.6247926227245274
25559,LOF,0.39101582527613793,0.11248443087245312,0.4964997438514089
25560,LOF,0.05387615510226754,0.14217738826454754,0.803946456633185
25561,LOF,0.12794052097866945,0.1359774117265686,0.7360820672947619
25562,LOF,0.08155137618746888,0.0843800821713343,0.8340685416411968
25563,LOF,0.1054438300517417,0.08654583813895235,0.8080103318093059
25564,LOF,0.24279407839850267,0.16027569781785841,0.5969302237836389
25565,LOF,0.14012103280610413,0.13302969526979366,0.7268492719241022
25566,GOF,0.01231237353382055,0.7433254204795969,0.24436220598658256
25567,LOF,0.01908783741763148,0.19849497868636676,0.7824171838960019
25568,LOF,0.05627399468375851,0.07523661459592083,0.8684893907203207
25569,LOF,0.05720496507342093,0.07948239175225516,0.863312643174324
25570,LOF,0.060401896964319066,0.12102532608653771,0.8185727769491432
25571,LOF,0.049809386788501414,0.11419883961027633,0.8359917736012223
25572,LOF,0.061158753090276304,0.1327777455004431,0.8060635014092805
25573,LOF,0.031333947972708685,0.11439639603212307,0.8542696559951684
25574,LOF,0.018686550225867862,0.17427272428971968,0.8070407254844125
25575,LOF,0.040967067247911125,0.1281119426699944,0.8309209900820944
25576,LOF,0.017997617956302808,0.14929299634055349,0.8327093857031437
25577,LOF,0.015099213781672354,0.14157113055888862,0.8433296556594391
25578,LOF,0.2879444802566519,0.10425515409257861,0.6078003656507696
25579,LOF,0.12720060344929648,0.12195786321998452,0.750841533330719
25580,LOF,0.02963937495032965,0.09908985305708125,0.8712707719925891
25581,LOF,0.05058659864354977,0.0812080109218246,0.8682053904346256
25582,LOF,0.05025477279401383,0.07984361084523235,0.8699016163607539
25583,LOF,0.03487099220671502,0.11302202579303691,0.852106982000248
25584,Neutral,0.4869771631220926,0.12568949507800023,0.38733334179990714
25585,LOF,0.021518909680251674,0.15074174830770917,0.8277393420120391
25586,LOF,0.028524444534800773,0.09042631268451445,0.8810492427806847
25587,LOF,0.029319530609854597,0.08513147394369863,0.8855489954464468
25588,LOF,0.02858641121241386,0.10232288553787333,0.8690907032497128
25589,Neutral,0.6261702821852227,0.13515490020194187,0.23867481761283546
25590,LOF,0.035768119811280114,0.15006163369257056,0.8141702464961494
25591,LOF,0.08812443063328551,0.07420821822498234,0.8376673511417321
25592,LOF,0.09358876263798648,0.1590982248717413,0.7473130124902723
25593,LOF,0.03088439200882952,0.29091310301927564,0.6782025049718948
25594,LOF,0.04629848825475418,0.13677166822556425,0.8169298435196816
25595,LOF,0.05985997521361599,0.10229917096215538,0.8378408538242287
25596,LOF,0.052176664205225376,0.06693264420488919,0.8808906915898855
25597,LOF,0.03569097624102065,0.07907095161326258,0.8852380721457168
25598,LOF,0.052097501115909606,0.10041651049237865,0.8474859883917117
25599,GOF,0.0061222963396115665,0.6165406432400775,0.37733706042031107
25600,GOF,0.010667621089112516,0.5858775420250815,0.40345483688580597
25601,LOF,0.009124086714973865,0.42110865303315764,0.5697672602518685
25602,LOF,0.017883045047698776,0.04205187147654304,0.9400650834757582
25603,LOF,0.06067045414964952,0.016895173803474474,0.9224343720468761
25604,LOF,0.032387498995322,0.04886541784982832,0.9187470831548498
25605,LOF,0.010889915818511404,0.18912523861723737,0.7999848455642512
25606,LOF,0.09788688367761479,0.33626782014209944,0.5658452961802858
25607,LOF,0.006327881443910202,0.16905515565650076,0.8246169628995891
25608,LOF,0.01585736298655626,0.0935642351985484,0.8905784018148952
25609,LOF,0.056753071544988785,0.42088319851829326,0.522363729936718
25610,LOF,0.03352768284220639,0.025639517120473253,0.9408328000373203
25611,LOF,0.04051753205282052,0.024062629106127314,0.9354198388410521
25612,LOF,0.10336042481491466,0.03560422438615421,0.8610353507989311
25613,LOF,0.08762170205667569,0.03504802092341815,0.8773302770199061
25614,LOF,0.03551334884553936,0.031224875413558895,0.9332617757409019
25615,LOF,0.035221640154875646,0.04656696007537481,0.9182113997697495
25616,LOF,0.027086992144046876,0.032758255449681174,0.940154752406272
25617,LOF,0.02722511288602865,0.03539313393723046,0.9373817531767409
25618,LOF,0.14340523744260658,0.028667329759951045,0.8279274327974423
25619,LOF,0.02938369438051898,0.03175085371600892,0.938865451903472
25620,LOF,0.036092473651641616,0.04036399334936387,0.9235435329989945
25621,LOF,0.02806234613999332,0.03524794579291197,0.9366897080670948
25622,LOF,0.03669796079070944,0.03963830548425145,0.923663733725039
25623,LOF,0.05794414441757232,0.030436966237796927,0.9116188893446308
25624,LOF,0.025604654976038678,0.0396243351212318,0.9347710099027294
25625,LOF,0.03783648565618369,0.0445937166541271,0.9175697976896892
25626,LOF,0.07908735613772959,0.03263363401971468,0.8882790098425558
25627,Neutral,0.5558338129407374,0.11613021117100861,0.32803597588825395
25628,LOF,0.21810044651333046,0.050618420409743646,0.7312811330769259
25629,LOF,0.05983482811223613,0.05239489404564619,0.8877702778421177
25630,LOF,0.17822096336324506,0.08104440879140035,0.7407346278453546
25631,Neutral,0.6133909746748797,0.05447884377649848,0.33213018154862184
25632,LOF,0.012703886197671965,0.12230563451626165,0.8649904792860664
25633,LOF,0.10667158914355059,0.08382651934908518,0.8095018915073642
25634,LOF,0.03259662263225293,0.10835916152007018,0.8590442158476769
25635,LOF,0.03770624135488536,0.0914899340227963,0.8708038246223183
25636,GOF,0.0040738544290552,0.579745245525339,0.41618090004560576
25637,GOF,0.0037410894240145452,0.6304967506611726,0.3657621599148129
25638,LOF,0.006669139780091513,0.3509776134400091,0.6423532467798992
25639,GOF,0.003826870346785153,0.5003726109136035,0.4958005187396113
25640,GOF,0.4427041809489133,0.4931689283411143,0.06412689070997248
25641,LOF,0.008472672011219767,0.31085257503023866,0.6806747529585416
25642,LOF,0.23960692659680605,0.06108003681981238,0.6993130365833815
25643,LOF,0.29790856228380236,0.15577640617633806,0.5463150315398596
25644,GOF,0.0139395062925078,0.5369403486392298,0.44912014506826237
25645,LOF,0.011401486253377655,0.46280797368106447,0.5257905400655578
25646,LOF,0.01792379997405132,0.3266296946333055,0.6554465053926432
25647,LOF,0.012633463308460671,0.26931726855857974,0.7180492681329596
25648,LOF,0.012814785948830816,0.2635209303907014,0.7236642836604678
25649,LOF,0.01110052074870427,0.1804730807806593,0.8084263984706364
25650,LOF,0.018760808859510713,0.41424662378108135,0.566992567359408
25651,LOF,0.00776036246817114,0.2654258282828351,0.7268138092489937
25652,LOF,0.012720581672942653,0.2532279279778776,0.7340514903491798
25653,LOF,0.04633051271722235,0.36173291323615764,0.59193657404662
25654,LOF,0.013763886362485333,0.15036760002012425,0.8358685136173905
25655,LOF,0.07650950926529222,0.37486874543896254,0.5486217452957453
25656,LOF,0.09742131801832238,0.06925473669199535,0.8333239452896822
25657,LOF,0.32917924293545153,0.03080036547235602,0.6400203915921925
25658,LOF,0.04643320192085513,0.09017948146311795,0.863387316616027
25659,LOF,0.3908912056801363,0.07372613480719095,0.5353826595126728
25660,LOF,0.0620670392818107,0.08960903718553079,0.8483239235326586
25661,LOF,0.045597862933666654,0.06839947057695271,0.8860026664893805
25662,LOF,0.02773586602879708,0.04912319481087873,0.9231409391603242
25663,LOF,0.038673119839491454,0.0714789308618225,0.8898479492986859
25664,LOF,0.049433576023023576,0.0857063763217143,0.8648600476552621
25665,LOF,0.05710481543185876,0.04224541070840788,0.9006497738597333
25666,LOF,0.04229479637513876,0.11445079607899522,0.843254407545866
25667,LOF,0.0314782838193917,0.05146504930749761,0.9170566668731107
25668,LOF,0.03476410066780192,0.05524205119603326,0.9099938481361648
25669,LOF,0.041511810399969123,0.07755405093223157,0.8809341386677993
25670,LOF,0.08155078041968421,0.08538124679662056,0.8330679727836953
25671,LOF,0.03822174947207921,0.04779481335053862,0.9139834371773822
25672,LOF,0.05988329066633004,0.06045115740223846,0.8796655519314315
25673,LOF,0.047595320973078815,0.07174105413155148,0.8806636248953696
25674,LOF,0.043614943294176985,0.07559581630075515,0.8807892404050679
25675,LOF,0.055261492730393866,0.061574230272235714,0.8831642769973704
25676,LOF,0.03463625867370402,0.06024856137306305,0.905115179953233
25677,LOF,0.0636673300668986,0.06733508461204173,0.8689975853210596
25678,LOF,0.29921695270758575,0.037093713424339106,0.6636893338680752
25679,LOF,0.187246608362413,0.07267701152302691,0.74007638011456
25680,LOF,0.0597033492335701,0.09734817575297644,0.8429484750134535
25681,LOF,0.10282328921165244,0.09185357772196641,0.8053231330663813
25682,LOF,0.044205747285785094,0.08337352331048845,0.8724207294037266
25683,LOF,0.10836332698062204,0.09291888683776313,0.7987177861816149
25684,LOF,0.05559018670350374,0.0861096012626813,0.8583002120338149
25685,LOF,0.11951877034041597,0.051327482030342486,0.8291537476292417
25686,LOF,0.037501147597236564,0.10970895097355964,0.8527899014292039
25687,LOF,0.04333260611221244,0.0961108372474441,0.8605565566403434
25688,LOF,0.02891211405668418,0.07930861297829467,0.8917792729650211
25689,LOF,0.01963946503831325,0.07140186687897682,0.9089586680827099
25690,LOF,0.02082171186731033,0.08094445267184151,0.8982338354608482
25691,LOF,0.22137634492348995,0.0964600699356778,0.6821635851408323
25692,LOF,0.2828274137627921,0.008433806406495116,0.7087387798307128
25693,LOF,0.09470654023294427,0.17462287777764732,0.7306705819894085
25694,LOF,0.25983613473705125,0.017647382798594336,0.7225164824643544
25695,LOF,0.1710862225545928,0.024212909029930167,0.804700868415477
25696,LOF,0.18064686987622036,0.01259024650306281,0.8067628836207168
25697,LOF,0.15426795758723275,0.027893488438930133,0.8178385539738371
25698,LOF,0.0329366346097369,0.4160655161514807,0.5509978492387824
25699,LOF,0.06884908499153382,0.07819809084993463,0.8529528241585315
25700,LOF,0.03202132272464244,0.00953664763982607,0.9584420296355314
25701,LOF,0.01641144743715401,0.07570070978702796,0.907887842775818
25702,GOF,0.03710287985041061,0.7256905691043111,0.23720655104527827
25703,LOF,0.014040834556380073,0.20203467355758312,0.7839244918860369
25704,LOF,0.09991147617686603,0.1558905341747171,0.744197989648417
25705,LOF,0.05641731221760811,0.24385672874106798,0.699725959041324
25706,GOF,0.052403255438313104,0.5916162370352522,0.3559805075264348
25707,GOF,0.03092065104537932,0.5177898749928503,0.45128947396177044
25708,LOF,0.0094817267247927,0.4453473599661842,0.5451709133090231
25709,LOF,0.01870802098225166,0.06497502858785421,0.916316950429894
25710,LOF,0.009551659341958979,0.16620337521186526,0.8242449654461758
25711,LOF,0.02072937399840546,0.11939853650429327,0.8598720894973013
25712,LOF,0.010495622312598134,0.21617355046414785,0.7733308272232541
25713,LOF,0.017972941945599463,0.10154236789877484,0.8804846901556256
25714,LOF,0.019918716465840803,0.1311460608552688,0.8489352226788904
25715,LOF,0.019670259428308058,0.11876061333226519,0.8615691272394268
25716,LOF,0.011624154189239374,0.1177338743118341,0.8706419714989264
25717,LOF,0.006345760842238311,0.1257680877449416,0.86788615141282
25718,LOF,0.017672243466698417,0.08010108798924487,0.9022266685440569
25719,LOF,0.03240727683206285,0.08565155588938443,0.8819411672785528
25720,LOF,0.022210001584079993,0.09059761552876319,0.8871923828871567
25721,LOF,0.02276029099988655,0.09885163193736884,0.8783880770627445
25722,LOF,0.018055500932954167,0.1192048153861086,0.8627396836809372
25723,LOF,0.020459367358153138,0.07107034969178268,0.908470282950064
25724,LOF,0.034961753392161274,0.09781795467781991,0.8672202919300187
25725,LOF,0.020769978777607865,0.0683827641411958,0.9108472570811964
25726,LOF,0.01572925808310095,0.09854625932546737,0.8857244825914318
25727,LOF,0.01998900019792709,0.08123072832891141,0.8987802714731615
25728,LOF,0.0182933935195887,0.09755260197874169,0.8841540045016697
25729,LOF,0.01924628055234449,0.09703234824411217,0.8837213712035434
25730,LOF,0.01952452206778822,0.07865085705064334,0.9018246208815685
25731,LOF,0.012336895076625805,0.16426114452242926,0.823401960400945
25732,LOF,0.017877908888796926,0.09538712814828212,0.886734962962921
25733,LOF,0.02842126084230466,0.07230863566997628,0.8992701034877192
25734,LOF,0.007850873473800628,0.18958957695415943,0.8025595495720399
25735,LOF,0.022190221021291357,0.06879618621219423,0.9090135927665145
25736,LOF,0.020954953739372822,0.09888061696782997,0.8801644292927973
25737,LOF,0.04250088633369267,0.07901172410779304,0.8784873895585142
25738,LOF,0.020261378515145517,0.11736903904297,0.8623695824418844
25739,LOF,0.021523159863491653,0.11533090198783429,0.863145938148674
25740,LOF,0.04999092575603486,0.10718869162858437,0.8428203826153808
25741,LOF,0.024955294930206266,0.08920037062861001,0.8858443344411837
25742,LOF,0.03480799791903194,0.10298890724993714,0.8622030948310309
25743,LOF,0.011024909681456961,0.057195524222993455,0.9317795660955496
25744,GOF,0.11629572589561295,0.4864056146116622,0.39729865949272497
25745,LOF,0.020626144874961623,0.07865727273756093,0.9007165823874774
25746,LOF,0.011018615262112737,0.10141905338528846,0.8875623313525989
25747,LOF,0.03354103258752032,0.044558485671503834,0.9219004817409758
25748,LOF,0.1811105262273532,0.08000998378402388,0.7388794899886229
25749,LOF,0.013130908003232841,0.06612088131567902,0.9207482106810881
25750,LOF,0.014865789843931543,0.09944158025842828,0.8856926298976401
25751,LOF,0.038192333027345024,0.09130500089690669,0.8705026660757483
25752,GOF,0.09179608513234253,0.6481851857711985,0.2600187290964589
25753,LOF,0.007635358358292805,0.350234766029559,0.6421298756121482
25754,GOF,0.006237271373436632,0.8669901813508137,0.12677254727574952
25755,LOF,0.010996366588525264,0.41113644944984523,0.5778671839616295
25756,LOF,0.052501740281580736,0.42863953571045477,0.5188587240079644
25757,GOF,0.00742022399873189,0.874701757538124,0.11787801846314407
25758,GOF,0.00894171381144926,0.8461389953867404,0.14491929080181037
25759,GOF,0.005516552232962006,0.5802760745544,0.414207373212638
25760,LOF,0.007266085015964197,0.3015426756170503,0.6911912393669856
25761,GOF,0.05085629700920499,0.8372959725233355,0.11184773046745956
25762,LOF,0.03091701672711226,0.3542121512638761,0.6148708320090116
25763,LOF,0.009413815350963117,0.23029635097550913,0.7602898336735278
25764,GOF,0.10238141180515269,0.5527910451391762,0.344827543055671
25765,GOF,0.00855048222179372,0.8471132897185891,0.14433622805961718
25766,GOF,0.036308711981694365,0.8031201491937507,0.160571138824555
25767,LOF,0.01906206712012378,0.47848291209384447,0.5024550207860318
25768,LOF,0.03596468138237122,0.07440139892267066,0.8896339196949582
25769,LOF,0.022914018103856064,0.0731587094314635,0.9039272724646803
25770,LOF,0.13846474249979557,0.06478393312226845,0.796751324377936
25771,LOF,0.015810728288083473,0.0700128115656467,0.9141764601462699
25772,LOF,0.02236632041465052,0.027643345737659707,0.9499903338476898
25773,LOF,0.013935196229304826,0.07351571771623608,0.9125490860544591
25774,LOF,0.025542931655398653,0.09057555618186944,0.8838815121627319
25775,LOF,0.020303091714534708,0.04056363298463071,0.9391332753008345
25776,LOF,0.023162190721266396,0.025974295009998014,0.9508635142687356
25777,LOF,0.17101964782815485,0.06801927507929516,0.7609610770925499
25778,LOF,0.019042108796880595,0.053230636723567266,0.9277272544795521
25779,GOF,0.036268412770346765,0.8962679173183301,0.06746366991132317
25780,GOF,0.06457555235067727,0.8713778432515922,0.06404660439773055
25781,GOF,0.026829893219289497,0.8709746826447424,0.10219542413596798
25782,GOF,0.032952740534159176,0.8987679126596341,0.06827934680620683
25783,GOF,0.019346870540021748,0.7387012338464561,0.2419518956135222
25784,GOF,0.10243768873464823,0.8490253422343271,0.04853696903102461
25785,GOF,0.0663231143581346,0.8929367993886062,0.040740086253259276
25786,GOF,0.005055390040999762,0.8361695349761996,0.1587750749828005
25787,GOF,0.1538507069696326,0.8148838974017646,0.031265395628602984
25788,LOF,0.015969520380821323,0.17493442829658903,0.8090960513225898
25789,GOF,0.018116923718807472,0.8518186352993676,0.13006444098182487
25790,GOF,0.022982466010704125,0.881946728309601,0.09507080567969489
25791,GOF,0.015476702616029934,0.8138887846967229,0.1706345126872472
25792,GOF,0.026736351757864655,0.8363753474558475,0.1368883007862879
25793,GOF,0.0764356561147763,0.8330725975906799,0.09049174629454389
25794,GOF,0.05825692169511931,0.7884910405196655,0.15325203778521526
25795,GOF,0.04356526958650925,0.7856219292412493,0.17081280117224146
25796,GOF,0.07494840312281488,0.8029172043767218,0.12213439250046335
25797,GOF,0.04202224145037333,0.7010410120858256,0.2569367464638011
25798,GOF,0.0030203328178636467,0.646743835584355,0.3502358315977814
25799,GOF,0.0031580409764333196,0.533650638427102,0.4631913205964647
25800,GOF,0.013148248506521541,0.7286074983545888,0.2582442531388896
25801,GOF,0.01578331280384615,0.8615835685666717,0.12263311862948215
25802,GOF,0.02184484854723704,0.7953062347063135,0.18284891674644954
25803,GOF,0.01134396454439084,0.6977861700694374,0.29086986538617177
25804,GOF,0.013675636420545792,0.6132254866643916,0.3730988769150627
25805,GOF,0.023329209148469955,0.7297116137697882,0.2469591770817418
25806,GOF,0.018188180073148288,0.7567836104670016,0.22502820945985005
25807,GOF,0.0052268749034411425,0.7163286675608075,0.2784444575357515
25808,GOF,0.014508425771952039,0.7420995387350868,0.2433920354929611
25809,GOF,0.006340174355360125,0.7246153869363811,0.2690444387082588
25810,GOF,0.005433699309946978,0.7346251422035774,0.2599411584864756
25811,GOF,0.04693334586195324,0.8603496171905306,0.09271703694751615
25812,GOF,0.015241058702857293,0.7108208539881004,0.2739380873090425
25813,GOF,0.09918055526389816,0.8056345074133354,0.09518493732276646
25814,GOF,0.026658695501338064,0.8052781865308098,0.16806311796785214
25815,GOF,0.04059884035267993,0.8174390492929096,0.1419621103544106
25816,GOF,0.007860390589918413,0.8597260005069183,0.13241360890316323
25817,GOF,0.10685670548863187,0.7737789359430646,0.11936435856830346
25818,GOF,0.023441696777471058,0.7917295025510157,0.18482880067151322
25819,GOF,0.0589139436145916,0.773755159277326,0.16733089710808235
25820,GOF,0.030474147487937444,0.7647807002749578,0.20474515223710474
25821,GOF,0.017873359761568272,0.7465396103406842,0.23558702989774766
25822,GOF,0.03551049007156795,0.7777330241016991,0.18675648582673285
25823,GOF,0.014352636203290497,0.6305772454334262,0.3550701183632833
25824,GOF,0.025079587820479726,0.7554927415147558,0.21942767066476454
25825,GOF,0.015642237578608626,0.7327941700017168,0.2515635924196745
25826,GOF,0.005235657078040729,0.6933841934238176,0.3013801494981416
25827,GOF,0.008801074291841338,0.7236949746973224,0.26750395101083635
25828,GOF,0.005907990621494928,0.657383083652378,0.3367089257261272
25829,GOF,0.0029916248170638675,0.697611451649648,0.29939692353328806
25830,GOF,0.03717182428897678,0.49430651136310205,0.46852166434792114
25831,GOF,0.05062643417497716,0.8495938565759306,0.09977970924909238
25832,GOF,0.008589667486859773,0.7911865200780337,0.20022381243510648
25833,GOF,0.03179896240569616,0.8467732996909059,0.12142773790339802
25834,GOF,0.008589765579140284,0.8086882120436103,0.1827220223772494
25835,GOF,0.01841620692620232,0.8673447286038878,0.11423906446990989
25836,GOF,0.006207664107964411,0.8135045272210096,0.18028780867102595
25837,GOF,0.00661432567171139,0.7209717349082764,0.27241393942001224
25838,GOF,0.01938007842179425,0.8654561549628018,0.11516376661540405
25839,GOF,0.03771578095528099,0.862867563499948,0.09941665554477104
25840,GOF,0.056138874573922096,0.8522106507785726,0.09165047464750532
25841,GOF,0.05105927450066905,0.8632750294140473,0.08566569608528367
25842,GOF,0.02625151341767607,0.9007646500280266,0.07298383655429722
25843,GOF,0.026012600787709426,0.9067092019695091,0.06727819724278138
25844,GOF,0.017213602457450957,0.8420724973279834,0.14071390021456567
25845,GOF,0.005948021245055672,0.6595692223624268,0.3344827563925174
25846,GOF,0.04181554781516539,0.8671796044048452,0.09100484777998943
25847,GOF,0.018865323157156385,0.9154240817571107,0.06571059508573301
25848,GOF,0.016289169350124883,0.8636271476072707,0.12008368304260453
25849,GOF,0.0050326699633007265,0.7587087559718009,0.23625857406489845
25850,GOF,0.006395474921592592,0.7632285346473786,0.23037599043102885
25851,GOF,0.005616244674242522,0.6602082165513952,0.3341755387743623
25852,GOF,0.13165460100312165,0.6342211313003453,0.234124267696533
25853,GOF,0.06580880992835085,0.8502111780056479,0.08398001206600123
25854,GOF,0.005534046216066854,0.7079588011664547,0.2865071526174785
25855,GOF,0.015953778633375437,0.6465075383212868,0.3375386830453378
25856,GOF,0.041498693572278485,0.7887462222314489,0.16975508419627264
25857,GOF,0.013820201393677432,0.6453282395871949,0.3408515590191277
25858,GOF,0.00813873551740848,0.6379658186683831,0.3538954458142085
25859,GOF,0.005537230031355691,0.6051815873162145,0.3892811826524298
25860,GOF,0.08008276915482138,0.8178391773165594,0.10207805352861904
25861,GOF,0.08701817401800811,0.8197741145533557,0.09320771142863615
25862,GOF,0.0224062572803237,0.8597527039950194,0.11784103872465684
25863,GOF,0.021800316245309235,0.8764281734558913,0.1017715102987995
25864,GOF,0.05317829333163358,0.8756076213185944,0.07121408534977193
25865,GOF,0.03779536963816744,0.8491830528651363,0.11302157749669633
25866,GOF,0.026784956341719342,0.8635741025997644,0.10964094105851623
25867,GOF,0.03368306630046935,0.875396536780824,0.09092039691870664
25868,GOF,0.056529883164779804,0.8406659937996813,0.10280412303553889
25869,GOF,0.3339512670083132,0.6052460177309612,0.06080271526072564
25870,GOF,0.06795119504528506,0.6772296591588618,0.25481914579585324
25871,GOF,0.011508677795170381,0.8883424377015032,0.10014888450332625
25872,GOF,0.020045680505261836,0.8762676388635326,0.10368668063120552
25873,GOF,0.019963084525938132,0.899444003106321,0.0805929123677409
25874,LOF,0.017477042320447892,0.1917643756296229,0.7907585820499292
25875,LOF,0.04494395362916054,0.04745072628222359,0.9076053200886158
25876,LOF,0.01782187494508151,0.03854418112710561,0.943633943927813
25877,LOF,0.11982999753861567,0.08944442474616048,0.7907255777152238
25878,LOF,0.0667293302245289,0.12515015674938718,0.8081205130260838
25879,LOF,0.0248169680233715,0.08837060937122969,0.8868124226053987
25880,LOF,0.054341949056615386,0.012847689259453678,0.932810361683931
25881,Neutral,0.5635001177590878,0.05978540909704827,0.37671447314386397
25882,LOF,0.06091622340363095,0.023849689532970432,0.9152340870633986
25883,LOF,0.029360287045078096,0.0204875495385653,0.9501521634163567
25884,LOF,0.027904705530404115,0.03672195928883858,0.9353733351807573
25885,LOF,0.22478243113742202,0.009954598344270527,0.7652629705183076
25886,LOF,0.16221261912529142,0.048895345955168444,0.7888920349195402
25887,LOF,0.18399429916638216,0.0570479375935499,0.7589577632400679
25888,LOF,0.011801987268152967,0.13167160619563748,0.8565264065362096
25889,LOF,0.033630249000617604,0.025289148864976102,0.9410806021344064
25890,LOF,0.1282183259467734,0.11483544303380853,0.756946231019418
25891,LOF,0.08976549551281557,0.021950764791959336,0.8882837396952251
25892,LOF,0.008951295750147905,0.028022321883166473,0.9630263823666856
25893,LOF,0.38872419386739976,0.0071870746403299,0.6040887314922705
25894,LOF,0.4449084972036764,0.0046362936559673435,0.5504552091403562
25895,LOF,0.3340202363833109,0.010650502707391213,0.6553292609092978
25896,LOF,0.06677359461464459,0.0130264234413504,0.9201999819440049
25897,LOF,0.19002571056904377,0.007601046091416499,0.8023732433395397
25898,LOF,0.165131219725551,0.024223205562003462,0.8106455747124456
25899,LOF,0.33157951658458806,0.014176308808138883,0.654244174607273
25900,LOF,0.42381252003053266,0.007091071448904231,0.5690964085205632
25901,LOF,0.06306121076322212,0.006310030083079895,0.9306287591536979
25902,LOF,0.1480902199625224,0.007756641450552311,0.8441531385869253
25903,LOF,0.38886769440042523,0.020316137519231642,0.5908161680803431
25904,LOF,0.4789413778094639,0.01803604662104411,0.5030225755694919
25905,LOF,0.004175015961997284,0.4703500056904654,0.5254749783475373
25906,LOF,0.00995697922072798,0.12160260315915708,0.8684404176201149
25907,LOF,0.004379603349553559,0.3505182384955525,0.6451021581548939
25908,LOF,0.004651177264553592,0.2615578161319629,0.7337910066034836
25909,LOF,0.024084233681568215,0.16776237002101202,0.8081533962974198
25910,LOF,0.010449443764495053,0.13133355401362215,0.8582170022218828
25911,LOF,0.30968855843762083,0.06088313771653818,0.6294283038458409
25912,LOF,0.07284744937293765,0.0653461187462852,0.8618064318807772
25913,LOF,0.05188396452286513,0.08120546152808829,0.8669105739490467
25914,LOF,0.03748496443324183,0.0462853989719519,0.9162296365948063
25915,LOF,0.17490013181763478,0.19936566788996865,0.6257342002923966
25916,LOF,0.030644180697463757,0.13078190157320455,0.8385739177293317
25917,LOF,0.07349660566943948,0.036873455782694284,0.8896299385478663
25918,LOF,0.04600244308217402,0.029682569586786837,0.9243149873310392
25919,LOF,0.040418291998632415,0.029517096838431324,0.9300646111629363
25920,LOF,0.17498386941061145,0.1860402356416354,0.6389758949477531
25921,LOF,0.016076617710306836,0.043941630318276845,0.9399817519714163
25922,LOF,0.017390089587566236,0.03788063659492859,0.9447292738175052
25923,LOF,0.438220337749207,0.040402711641388096,0.5213769506094049
25924,LOF,0.024057930736655374,0.06017118140919564,0.9157708878541491
25925,LOF,0.07615667314408438,0.05392767127216851,0.8699156555837471
25926,LOF,0.05477405765415376,0.05340132891925605,0.8918246134265903
25927,LOF,0.022870964624181013,0.07596183004240349,0.9011672053334155
25928,LOF,0.010212254278094487,0.05989829938847312,0.9298894463334324
25929,Neutral,0.5274373429386944,0.03835531184752417,0.43420734521378157
25930,LOF,0.07147452122399836,0.036648444672974886,0.8918770341030268
25931,LOF,0.013412875665574857,0.0413149257043552,0.94527219863007
25932,LOF,0.05531028063418672,0.03370687322848129,0.910982846137332
25933,LOF,0.05172124229733988,0.022973186285581145,0.9253055714170789
25934,LOF,0.048129897232435104,0.02137644890670736,0.9304936538608576
25935,LOF,0.06519864395530645,0.06373053920028288,0.8710708168444108
25936,LOF,0.08858338525076496,0.025263443560316592,0.8861531711889185
25937,LOF,0.01475559129591572,0.04316857878394421,0.94207582992014
25938,LOF,0.06340660731801302,0.061152282082058244,0.8754411105999286
25939,LOF,0.03827001004440621,0.03154719453864273,0.930182795416951
25940,LOF,0.008947876429095662,0.36621667077177067,0.6248354527991336
25941,Neutral,0.49856960848818266,0.03911020337996236,0.462320188131855
25942,LOF,0.00954879894339653,0.04861943050051439,0.941831770556089
25943,LOF,0.050661160778812796,0.17914579914586523,0.770193040075322
25944,LOF,0.07115209733854952,0.09208218588304903,0.8367657167784014
25945,LOF,0.11437800202433511,0.01860208411517955,0.8670199138604854
25946,LOF,0.0746330064473076,0.03929460020875783,0.8860723933439346
25947,Neutral,0.47322492119781684,0.09018376732979298,0.43659131147239016
25948,LOF,0.44108857078271646,0.013002482449589643,0.5459089467676939
25949,LOF,0.13794525514289568,0.0680061534661563,0.794048591390948
25950,GOF,0.07148714471241657,0.6206323815890612,0.30788047369852234
25951,LOF,0.011962605892912233,0.4123947648741446,0.5756426292329432
25952,LOF,0.2795762884718305,0.2727521172132393,0.44767159431493025
25953,LOF,0.007602907757262242,0.18607703517540003,0.8063200570673378
25954,GOF,0.09150715815048042,0.47357198289611235,0.43492085895340715
25955,LOF,0.0072986703079074506,0.15719292777526675,0.8355084019168258
25956,LOF,0.019985680485656236,0.23058766857164642,0.7494266509426973
25957,LOF,0.2174422696895018,0.034723291251551644,0.7478344390589464
25958,LOF,0.03134523409769519,0.031137955523760707,0.9375168103785442
25959,GOF,0.014889795923014947,0.4988087225895585,0.4863014814874265
25960,LOF,0.0071719126752316795,0.05016910632550719,0.942658980999261
25961,LOF,0.02904092340461174,0.028361786654650025,0.9425972899407382
25962,LOF,0.036949256658585256,0.07064064009224805,0.8924101032491667
25963,LOF,0.004943814386186856,0.19650336807136923,0.7985528175424439
25964,LOF,0.030293282081809668,0.09743614345346263,0.8722705744647277
25965,LOF,0.25854911427457866,0.11275824406905452,0.6286926416563668
25966,Neutral,0.46230861738081724,0.1358193513637766,0.4018720312554062
25967,LOF,0.009332326067030825,0.07862953083791159,0.9120381430950576
25968,LOF,0.0497954685630962,0.20561224774860287,0.7445922836883009
25969,LOF,0.12222512715194923,0.04254007797120928,0.8352347948768415
25970,LOF,0.021996807904275807,0.0808121850662045,0.8971910070295197
25971,LOF,0.08205719052881115,0.025692347448041865,0.892250462023147
25972,LOF,0.06140202419965892,0.03808566469767676,0.9005123111026644
25973,LOF,0.06991911984018437,0.008457516905927387,0.9216233632538884
25974,LOF,0.05097237227828615,0.03738777565576629,0.9116398520659474
25975,LOF,0.04973636410454186,0.014812620501724917,0.9354510153937331
25976,LOF,0.1057829797585535,0.009198495787912006,0.8850185244535345
25977,LOF,0.1870508423210721,0.07590374092786906,0.737045416751059
25978,LOF,0.1915599876052724,0.11024397697230567,0.6981960354224218
25979,LOF,0.15293735946759598,0.1271362026149414,0.7199264379174626
25980,LOF,0.26369958728589865,0.15824817028181187,0.5780522424322895
25981,LOF,0.2651295964501929,0.159877420854842,0.5749929826949651
25982,Neutral,0.4969441886762135,0.08929604572181817,0.4137597656019683
25983,Neutral,0.4955054354000736,0.10737247336539979,0.3971220912345266
25984,LOF,0.035500372675225496,0.09032412941571724,0.8741754979090572
25985,Neutral,0.4466873857444347,0.13810061699877513,0.4152119972567901
25986,LOF,0.013759909920656652,0.39718607444663456,0.5890540156327089
25987,LOF,0.05591230864321878,0.1170904664164283,0.826997224940353
25988,LOF,0.042775438984025575,0.18684642472208454,0.7703781362938898
25989,LOF,0.03845462339292707,0.2133142051140311,0.7482311714930419
25990,LOF,0.041191475869558535,0.31424805605700956,0.6445604680734319
25991,LOF,0.02926925086769778,0.4222241437491556,0.5485066053831467
25992,LOF,0.025772374610630637,0.4221930517337719,0.5520345736555975
25993,LOF,0.02945177713057461,0.07440817533675215,0.8961400475326733
25994,LOF,0.022766490686065687,0.07151693807764886,0.9057165712362854
25995,LOF,0.020951831309372913,0.15102022716673083,0.8280279415238964
25996,Neutral,0.3524570925413389,0.335182852942832,0.3123600545158291
25997,LOF,0.06413553734407898,0.40283022221722964,0.5330342404386913
25998,LOF,0.25973660763055495,0.046875131859793646,0.6933882605096514
25999,LOF,0.027996750200851735,0.20843624321656873,0.7635670065825795
26000,LOF,0.19569956628550075,0.031203762347443022,0.7730966713670562
26001,LOF,0.25502297532611135,0.044781585252802854,0.7001954394210859
26002,LOF,0.11363052295751078,0.054688105214665814,0.8316813718278233
26003,GOF,0.006036103910748359,0.6340925067041329,0.35987138938511876
26004,GOF,0.007928837889492276,0.6885389509506448,0.3035322111598629
26005,LOF,0.003933978213414452,0.4907794737767074,0.5052865480098782
26006,GOF,0.10257939266836424,0.5816172743295868,0.31580333300204894
26007,GOF,0.0078104390154121375,0.5290508695980733,0.46313869138651453
26008,GOF,0.006297562765195576,0.6428370714301026,0.35086536580470196
26009,GOF,0.008005709047616475,0.6483672118937331,0.3436270790586504
26010,GOF,0.009601208904636813,0.6467606404622896,0.34363815063307346
26011,LOF,0.0034795882550325923,0.4484169010203557,0.5481035107246116
26012,GOF,0.0052446636423300755,0.5214721478884542,0.4732831884692157
26013,GOF,0.006769474212305974,0.5867141752703711,0.40651635051732293
26014,LOF,0.0620368644971073,0.11920546415174306,0.8187576713511496
26015,LOF,0.4109975700140647,0.02422609600103566,0.5647763339848997
26016,LOF,0.33635304649484893,0.0431821012109203,0.6204648522942308
26017,LOF,0.02529407545500135,0.22167156075587288,0.7530343637891257
26018,LOF,0.02991112679403414,0.05562717685764526,0.9144616963483206
26019,LOF,0.02992152252223494,0.04784257970845161,0.9222358977693135
26020,LOF,0.011296264871560014,0.19203498914395714,0.7966687459844829
26021,LOF,0.08585861641178112,0.07107088955277337,0.8430704940354455
26022,LOF,0.045641524841605996,0.0262198940551579,0.9281385811032361
26023,LOF,0.03274710869931835,0.032108525971747175,0.9351443653289345
26024,LOF,0.05398032719030554,0.06853902204924685,0.8774806507604477
26025,LOF,0.06429458583403974,0.08540819142164842,0.8502972227443119
26026,LOF,0.1271183363686422,0.06498891723293594,0.8078927463984219
26027,LOF,0.027495888659299514,0.026591904539354515,0.9459122068013459
26028,LOF,0.11224472929260147,0.14277491739606263,0.7449803533113359
26029,LOF,0.01772889582936487,0.18767474369853834,0.7945963604720968
26030,LOF,0.16775125231833285,0.0215899102169034,0.8106588374647637
26031,LOF,0.009370442643580104,0.1605243986885717,0.8301051586678482
26032,LOF,0.040849345995360734,0.04659347950363681,0.9125571745010024
26033,LOF,0.06982080611673351,0.04372939815172676,0.8864497957315398
26034,LOF,0.01215873846376749,0.14261402650757482,0.8452272350286577
26035,LOF,0.011331986806719459,0.10654305351843364,0.8821249596748469
26036,LOF,0.011137209538461226,0.12556718360144914,0.8632956068600895
26037,LOF,0.009447679729254295,0.09822284070794754,0.8923294795627981
26038,LOF,0.035842459973309156,0.04261982589207658,0.9215377141346143
26039,LOF,0.024609822312348192,0.12459238695259021,0.8507977907350616
26040,LOF,0.10746856495077467,0.11876262630410377,0.7737688087451217
26041,LOF,0.012711470118062871,0.08725118245935448,0.9000373474225826
26042,LOF,0.011188049772624888,0.09703259325617422,0.891779356971201
26043,LOF,0.0346149457787249,0.05735297046581843,0.9080320837554566
26044,LOF,0.014280247685667938,0.04499214942843193,0.9407276028859002
26045,LOF,0.06861234832309046,0.10836126352543435,0.8230263881514751
26046,LOF,0.03050746902136764,0.04615734015369924,0.9233351908249331
26047,LOF,0.04994667398549624,0.046484391144640445,0.9035689348698633
26048,LOF,0.08894055690380254,0.024563156822827798,0.8864962862733696
26049,Neutral,0.9465065814126031,0.006330494961079297,0.04716292362631772
26050,Neutral,0.9235556445280774,0.0068283537414249446,0.06961600173049776
26051,LOF,0.01739681885516113,0.07777578712313071,0.9048273940217082
26052,LOF,0.03236424753551195,0.09188518878496518,0.8757505636795228
26053,LOF,0.03263452944131292,0.15454339978268095,0.8128220707760061
26054,LOF,0.04315296738399046,0.03089156791660699,0.9259554646994025
26055,LOF,0.061636621798484205,0.02527678650971081,0.913086591691805
26056,LOF,0.050071373140726884,0.030885884175510216,0.919042742683763
26057,LOF,0.06015409674272324,0.014784031143607601,0.9250618721136691
26058,LOF,0.06517294866129517,0.01209277900596982,0.9227342723327349
26059,LOF,0.20181079097244514,0.03112227464089724,0.7670669343866576
26060,LOF,0.016382245569769402,0.18032698780173217,0.8032907666284984
26061,LOF,0.0121789862747598,0.012315268550851705,0.9755057451743885
26062,LOF,0.006579964993235599,0.021477665943229213,0.9719423690635353
26063,LOF,0.037176130533780716,0.01194140695863285,0.9508824625075865
26064,LOF,0.011351017589763672,0.025503199363822126,0.9631457830464142
26065,LOF,0.04801278060056101,0.013166915264046054,0.938820304135393
26066,LOF,0.045935053857046694,0.010741191169904725,0.9433237549730487
26067,LOF,0.05455796535170892,0.009994816719429506,0.9354472179288615
26068,LOF,0.04976713878889859,0.04766494153514121,0.9025679196759601
26069,LOF,0.15233962445789828,0.02988444048769918,0.8177759350544026
26070,LOF,0.3223467241459301,0.02380949783291639,0.6538437780211536
26071,LOF,0.045808901938755885,0.012955000442694311,0.9412360976185499
26072,LOF,0.010444304256030565,0.021114994248811598,0.9684407014951579
26073,LOF,0.03709524056839996,0.014101981336060576,0.9488027780955395
26074,Neutral,0.9212905451023375,0.009333937791163668,0.06937551710649874
26075,LOF,0.050493977073811126,0.023243319143399468,0.9262627037827893
26076,LOF,0.05423728151690678,0.01213029059623118,0.9336324278868621
26077,LOF,0.16682670034164063,0.007521355170933322,0.825651944487426
26078,LOF,0.008674827933042004,0.01678332129182661,0.9745418507751314
26079,LOF,0.06258549975655556,0.025863182954991622,0.9115513172884528
26080,LOF,0.061213061147481734,0.025912290716904814,0.9128746481356135
26081,LOF,0.03179141985076382,0.009377816713823827,0.9588307634354123
26082,LOF,0.007227575856931125,0.016699460927226465,0.9760729632158424
26083,LOF,0.10009508316528659,0.02001107990851074,0.8798938369262027
26084,LOF,0.10565163549826385,0.01545625484859949,0.8788921096531366
26085,LOF,0.0979227350726716,0.013410327571918085,0.8886669373554102
26086,LOF,0.03939445728845587,0.012746681058476652,0.9478588616530675
26087,LOF,0.03455132145467523,0.010602538957891877,0.9548461395874328
26088,LOF,0.00870707206205919,0.02265543115672423,0.9686374967812167
26089,LOF,0.043381828748448654,0.03874133558132759,0.9178768356702237
26090,LOF,0.04417552975556185,0.0298736581444134,0.9259508121000247
26091,LOF,0.02991032175225919,0.008123165378908172,0.9619665128688326
26092,LOF,0.0436204704702375,0.008422916916125098,0.9479566126136373
26093,LOF,0.07868810849557854,0.006228421567033818,0.9150834699373875
26094,LOF,0.03368512718336481,0.00791135536159589,0.9584035174550393
26095,LOF,0.035832705524152735,0.018561213528714343,0.9456060809471329
26096,LOF,0.22870832460905957,0.005198980214720154,0.7660926951762204
26097,LOF,0.008613754371669523,0.034868304721092994,0.9565179409072375
26098,LOF,0.07569920952169588,0.02118824296100524,0.9031125475172989
26099,LOF,0.04270767512707396,0.01587169312875807,0.9414206317441679
26100,LOF,0.04268112307627893,0.01587277345147444,0.9414461034722466
26101,LOF,0.05878256809308919,0.029024361840537874,0.912193070066373
26102,LOF,0.03383869061723038,0.01579388834555552,0.950367421037214
26103,Neutral,0.8817562481137092,0.027133835050511042,0.09110991683577967
26104,LOF,0.05786438182006188,0.04426323779703091,0.8978723803829072
26105,LOF,0.25357850212996624,0.19719090273206125,0.5492305951379725
26106,LOF,0.3268182239380717,0.13013986212029327,0.5430419139416349
26107,LOF,0.02245279321965581,0.103148756615306,0.8743984501650383
26108,LOF,0.26964724074967644,0.0512592987362521,0.6790934605140714
26109,LOF,0.09374482393636399,0.04102186942452207,0.865233306639114
26110,LOF,0.4769107033804203,0.007244073061384766,0.5158452235581948
26111,LOF,0.04367186290641582,0.14583164795219944,0.8104964891413848
26112,LOF,0.05038670253657008,0.009069538254864729,0.9405437592085653
26113,LOF,0.09978685187027493,0.018195069745002717,0.8820180783847225
26114,LOF,0.0949437434244379,0.008427387451799002,0.8966288691237632
26115,LOF,0.013741757989114027,0.053509066367930944,0.9327491756429551
26116,LOF,0.06833307256766509,0.029414444603014678,0.9022524828293202
26117,LOF,0.40881224151153644,0.031201986322619925,0.5599857721658437
26118,LOF,0.04870563199463368,0.015696486309881394,0.935597881695485
26119,LOF,0.006153734841657718,0.03765619503136896,0.9561900701269732
26120,LOF,0.03559982950091005,0.014254432998685151,0.9501457375004048
26121,LOF,0.004451158827653375,0.1251329390564706,0.8704159021158759
