feature0,prediction,LoGoFunc_Neutral,LoGoFunc_GOF,LoGoFunc_LOF
25546,Neutral,0.6680594043086192,0.04909265869389961,0.28284793699748123
25547,Neutral,0.47774112907981836,0.10041713873881544,0.4218417321813661
25548,Neutral,0.4921464275073602,0.07140651239233158,0.43644706010030826
25549,LOF,0.4361392125831877,0.0704868396030512,0.49337394781376126
25550,LOF,0.3738542552683819,0.14373132351496617,0.4824144212166519
25551,LOF,0.2707330500476218,0.16708682722003868,0.5621801227323394
25552,LOF,0.1990435539808953,0.15654980259944823,0.6444066434196565
25553,Neutral,0.8082930743050175,0.03728227925338618,0.15442464644159629
25554,LOF,0.23133356180527886,0.15015196057691677,0.6185144776178043
25555,LOF,0.1941270173322582,0.13287773093706087,0.6729952517306809
25556,LOF,0.39977009145683406,0.12850796108969045,0.4717219474534755
25557,LOF,0.18577077044839888,0.13786442154072812,0.676364808010873
25558,LOF,0.22425032702859268,0.1484765023893221,0.6272731705820852
25559,LOF,0.19083868196844775,0.15941336629311856,0.6497479517384337
25560,LOF,0.08219048214407798,0.13490144468142182,0.7829080731745002
25561,LOF,0.1581612216236336,0.1262515459162772,0.7155872324600892
25562,LOF,0.07684820042611203,0.09718755681070244,0.8259642427631856
25563,LOF,0.10322136769903745,0.08232045816492764,0.8144581741360348
25564,LOF,0.21775068314319704,0.16946226214429763,0.6127870547125054
25565,LOF,0.15648832654211456,0.15561874137948134,0.6878929320784042
25566,GOF,0.017255279397562284,0.7698308097572003,0.2129139108452373
25567,LOF,0.01862850169980194,0.2327124775768621,0.7486590207233359
25568,LOF,0.04958551106812269,0.0979365252111952,0.8524779637206821
25569,LOF,0.048782533445121144,0.09879937974070738,0.8524180868141715
25570,LOF,0.02886653613771207,0.14514884982444204,0.825984614037846
25571,LOF,0.027565769143195733,0.13733498079798262,0.8350992500588217
25572,LOF,0.030415271498136894,0.15754895278412892,0.8120357757177342
25573,LOF,0.02478252194071382,0.13773843082503096,0.8374790472342551
25574,LOF,0.01778824535412759,0.2058647389885805,0.7763470156572919
25575,LOF,0.022622883143373324,0.152406607951755,0.8249705089048717
25576,LOF,0.011575498279456515,0.18697425475666243,0.801450246963881
25577,LOF,0.009643812290610131,0.15708305034476347,0.8332731373646265
25578,LOF,0.2539774434684373,0.12881099437429422,0.6172115621572685
25579,LOF,0.15668006528195183,0.13871631275645568,0.7046036219615924
25580,LOF,0.017225918734812603,0.11775121399171054,0.8650228672734768
25581,LOF,0.03943977861643771,0.0992488367089526,0.8613113846746098
25582,LOF,0.03921029028119899,0.0972332783724317,0.8635564313463693
25583,LOF,0.019391193071237663,0.13379667810538826,0.8468121288233741
25584,Neutral,0.4913407388348008,0.14386655598578232,0.36479270517941687
25585,LOF,0.013076270284883739,0.17027276099979133,0.8166509687153249
25586,LOF,0.015445285382216066,0.1095455829708867,0.8750091316468972
25587,LOF,0.01584377725414929,0.10373256082440593,0.8804236619214447
25588,LOF,0.016161694305446003,0.11910356769957876,0.8647347379949751
25589,Neutral,0.583484067128269,0.16833364780859228,0.2481822850631388
25590,LOF,0.0171288503183516,0.15514597547928616,0.8277251742023622
25591,LOF,0.07569938996383037,0.08217505713212345,0.8421255529040462
25592,LOF,0.04373937653122732,0.17526422063002883,0.7809964028387438
25593,LOF,0.02136796158124543,0.30258224004790274,0.6760497983708519
25594,LOF,0.03840545658793693,0.12086165239488735,0.8407328910171756
25595,LOF,0.04331115890874867,0.09318617521613423,0.8635026658751171
25596,LOF,0.06082778467292321,0.0748062386198734,0.8643659767072033
25597,LOF,0.041759538177920996,0.0757033848763792,0.8825370769456997
25598,LOF,0.03653387037168035,0.10831831520984142,0.8551478144184781
25599,GOF,0.007830126310164299,0.5358567397899374,0.4563131338998982
25600,GOF,0.030514133106227467,0.5740249997633361,0.39546086713043643
25601,LOF,0.01501939729932497,0.3971823475480624,0.5877982551526125
25602,LOF,0.013843961362798356,0.05095159215568451,0.9352044464815171
25603,LOF,0.05578805014735726,0.01667962662914862,0.9275323232234941
25604,LOF,0.015165880072359054,0.0680252562175246,0.9168088637101164
25605,LOF,0.008636443401469292,0.19872079869543974,0.792642757903091
25606,LOF,0.11373614885547542,0.3370447317706166,0.5492191193739079
25607,LOF,0.006069527587221388,0.20505353862274603,0.7888769337900327
25608,LOF,0.010655342073342651,0.1124747707385618,0.8768698871880956
25609,LOF,0.0688485444641139,0.39919612764383006,0.531955327892056
25610,LOF,0.019678497416651827,0.030836754076384504,0.9494847485069636
25611,LOF,0.02063290923936056,0.030279067453873085,0.9490880233067664
25612,LOF,0.0674239977242555,0.04016732750725206,0.8924086747684924
25613,LOF,0.05373640307229293,0.04234233604128402,0.9039212608864231
25614,LOF,0.026298718790305577,0.03427980902491796,0.9394214721847766
25615,LOF,0.01728498907385985,0.04441510949669314,0.9382999014294471
25616,LOF,0.05872829366020653,0.031663168750664855,0.9096085375891287
25617,LOF,0.05892954771176843,0.03526341947308212,0.9058070328151494
25618,LOF,0.07691029789652723,0.0388084919633716,0.8842812101401011
25619,LOF,0.018760500488498744,0.03614321111057706,0.9450962884009243
25620,LOF,0.07446999918786026,0.040474014522429685,0.88505598628971
25621,LOF,0.019331674628464357,0.042927179204242105,0.9377411461672935
25622,LOF,0.023852139339515886,0.038140841601886105,0.9380070190585981
25623,LOF,0.039803663385034216,0.027681181191251486,0.9325151554237142
25624,LOF,0.022099666511854178,0.04120563595380151,0.9366946975343443
25625,LOF,0.02787441640401503,0.049717757516068745,0.9224078260799162
25626,LOF,0.05967577896463569,0.03333896325619346,0.9069852577791709
25627,Neutral,0.5738767327756108,0.13363749497849725,0.2924857722458919
25628,LOF,0.19741998958460083,0.06298631143518427,0.739593698980215
25629,LOF,0.044366030684328504,0.06177355748612256,0.8938604118295488
25630,LOF,0.14140450772274313,0.10471697702610777,0.7538785152511491
25631,Neutral,0.5978607710559645,0.06789760758455658,0.334241621359479
25632,LOF,0.0077085072654730176,0.08743639501547494,0.9048550977190519
25633,LOF,0.26903338800847826,0.06796121337178189,0.6630053986197398
25634,LOF,0.03055493651800075,0.11743852663587866,0.8520065368461206
25635,LOF,0.032982763919350726,0.07149425991691073,0.8955229761637385
25636,GOF,0.005634517364945616,0.5623985437760494,0.43196693885900506
25637,GOF,0.007039288476663423,0.5946704614192589,0.39829025010407765
25638,LOF,0.01142464123988035,0.2708700550612296,0.7177053036988902
25639,LOF,0.005881695910199934,0.4583460219370469,0.5357722821527532
25640,Neutral,0.4720830630778892,0.4281955666837378,0.09972137023837305
25641,LOF,0.011939821864769329,0.3442115224307711,0.6438486557044597
25642,LOF,0.26564620220276747,0.07527244735910911,0.6590813504381233
25643,LOF,0.14374040630560056,0.20906091019827358,0.6471986834961259
25644,GOF,0.01153573908541624,0.5260248440052139,0.46243941690936996
25645,LOF,0.008370403327235118,0.4691733115900809,0.5224562850826839
25646,LOF,0.012778728787854783,0.3383985986569874,0.6488226725551578
25647,LOF,0.01199706797016076,0.2861789715226282,0.701823960507211
25648,LOF,0.009684751263516584,0.28953576749904064,0.7007794812374427
25649,LOF,0.008499497356121702,0.21193037181958546,0.7795701308242928
25650,LOF,0.015395950185252328,0.4508005784570765,0.5338034713576713
25651,LOF,0.006145875777427292,0.31600437104138374,0.677849753181189
25652,LOF,0.01072336427113051,0.28265552735313926,0.7066211083757302
25653,LOF,0.03156813022046834,0.42904041139926014,0.5393914583802716
25654,LOF,0.01174118795327997,0.19331588372470612,0.794942928322014
25655,LOF,0.05933765879803853,0.4379314780023042,0.5027308631996572
25656,LOF,0.16889169409235225,0.045240917386711696,0.785867388520936
25657,LOF,0.26605555216566135,0.025362282303612312,0.7085821655307263
25658,LOF,0.06918275338845833,0.06732766987251591,0.8634895767390257
25659,LOF,0.3774933904432451,0.06213471473832966,0.5603718948184252
25660,LOF,0.03332375867860887,0.10370385333872138,0.8629723879826696
25661,LOF,0.09976865390524721,0.06456165405051546,0.8356696920442374
25662,LOF,0.02578414629637763,0.044328442740369685,0.9298874109632526
25663,LOF,0.03266912270710146,0.06570925264444007,0.9016216246484584
25664,LOF,0.03669839265804474,0.07113855400333507,0.8921630533386202
25665,LOF,0.049752287544490424,0.034451742375198074,0.9157959700803114
25666,LOF,0.04171429837316801,0.09354204662179609,0.8647436550050359
25667,LOF,0.07363133939014663,0.049714175960578665,0.8766544846492748
25668,LOF,0.027491066804177306,0.05358129937017617,0.9189276338256466
25669,LOF,0.029983620968223202,0.07802682241812393,0.8919895566136529
25670,LOF,0.053633771538855214,0.06729226243008417,0.8790739660310606
25671,LOF,0.0884918044890504,0.04278603408414581,0.8687221614268037
25672,LOF,0.04820415764693689,0.04577049197598491,0.9060253503770782
25673,LOF,0.02804472575562745,0.058516156473987294,0.9134391177703852
25674,LOF,0.02129913997496263,0.07120491344615176,0.9074959465788857
25675,LOF,0.035620936863784716,0.07165721466912889,0.8927218484670864
25676,LOF,0.020648010298611446,0.06361812418471921,0.9157338655166695
25677,LOF,0.030059040022556795,0.07522892194768242,0.8947120380297608
25678,LOF,0.17743427920692043,0.0523290642899172,0.7702366565031623
25679,LOF,0.15022156082814445,0.07597091164074297,0.7738075275311126
25680,LOF,0.03887835657212547,0.11708341131152626,0.8440382321163482
25681,LOF,0.06427960965296796,0.10835247743919464,0.8273679129078374
25682,LOF,0.10885104453872038,0.07527244789308098,0.8158765075681986
25683,LOF,0.09159815220165302,0.09898037118863488,0.8094214766097121
25684,LOF,0.04279589970908627,0.07800255940212732,0.8792015408887863
25685,LOF,0.07231591331081666,0.06807410586595858,0.8596099808232248
25686,LOF,0.031463196127533795,0.09052279187599208,0.8780140119964741
25687,LOF,0.04624475775676741,0.07807597147030973,0.8756792707729228
25688,LOF,0.04571392823535969,0.05069486997197161,0.9035912017926688
25689,LOF,0.02871331443696531,0.06335039793551141,0.9079362876275232
25690,LOF,0.03253954903573175,0.047306302260187345,0.920154148704081
25691,LOF,0.2749339638572309,0.0643943797357077,0.6606716564070614
25692,LOF,0.26114593383436374,0.006535243115193789,0.7323188230504425
25693,LOF,0.08887826669642615,0.18025981932412746,0.7308619139794464
25694,LOF,0.2564297738937438,0.014543728671853952,0.7290264974344024
25695,LOF,0.16713525753968198,0.02799927210995374,0.8048654703503644
25696,LOF,0.10734806110165354,0.013049030197602812,0.8796029087007436
25697,LOF,0.09478211630653385,0.029147414769380302,0.8760704689240859
25698,LOF,0.05360281873657969,0.4669352329334009,0.47946194833001954
25699,LOF,0.06257346597779219,0.1017120328233991,0.8357145011988086
25700,LOF,0.06366617050730647,0.008665700493309692,0.9276681289993839
25701,LOF,0.01694267900863237,0.08152685150230274,0.9015304694890649
25702,GOF,0.028967236410928073,0.7159792838394712,0.25505347974960074
25703,LOF,0.008920493076375345,0.1809291568805866,0.810150350043038
25704,LOF,0.0458723309758395,0.1674513006905395,0.786676368333621
25705,LOF,0.05942529885995927,0.21484317946284143,0.7257315216771992
25706,GOF,0.03603539978851901,0.5189478902325508,0.4450167099789302
25707,LOF,0.023608394525756922,0.48803776366654766,0.4883538418076955
25708,LOF,0.008222903132005062,0.3921146929915043,0.5996624038764906
25709,LOF,0.06188723576483327,0.059398549474800076,0.8787142147603667
25710,LOF,0.005421503232697985,0.16469697658080815,0.8298815201864939
25711,LOF,0.02012976588755034,0.11826526180486335,0.8616049723075863
25712,LOF,0.00740203483476457,0.18126126656560876,0.8113366985996266
25713,LOF,0.01918880252541735,0.09683060633613591,0.8839805911384467
25714,LOF,0.07224752585968051,0.12112407050172211,0.8066284036385973
25715,LOF,0.013766259062151096,0.13216139600066304,0.8540723449371858
25716,LOF,0.006492175427925733,0.1080304604614221,0.8854773641106521
25717,LOF,0.0052607389458819735,0.10418269291005626,0.8905565681440617
25718,LOF,0.014351983818073613,0.08075952497941397,0.9048884912025125
25719,LOF,0.023861842047575996,0.08851377282497695,0.887624385127447
25720,LOF,0.0238887585938685,0.07843591379592545,0.8976753276102061
25721,LOF,0.016643617471043363,0.1024384908651046,0.880917891663852
25722,LOF,0.014358675943933925,0.12660695058658192,0.8590343734694843
25723,LOF,0.020679913938635035,0.06817103175870437,0.9111490543026607
25724,LOF,0.02186406204403919,0.10244534683197215,0.8756905911239887
25725,LOF,0.014031739830335887,0.07239612163573464,0.9135721385339294
25726,LOF,0.012178565233054791,0.10380711801899808,0.8840143167479471
25727,LOF,0.015480019207305972,0.08721614124033042,0.8973038395523636
25728,LOF,0.012910989483490778,0.11165644609876972,0.8754325644177394
25729,LOF,0.013530484344103347,0.11416922610201571,0.8723002895538808
25730,LOF,0.01426028628728913,0.09253719874118252,0.8932025149715282
25731,LOF,0.0077044441031282945,0.14568733046472435,0.8466082254321474
25732,LOF,0.014087843499188136,0.09645714917463188,0.8894550073261799
25733,LOF,0.019278996780563298,0.08020012757146758,0.900520875647969
25734,LOF,0.005403540272610341,0.14136419259419616,0.8532322671331934
25735,LOF,0.016033700482179742,0.08021847092459455,0.9037478285932256
25736,LOF,0.015071223348856019,0.11874294526846453,0.8661858313826796
25737,LOF,0.022984046551598282,0.08813789046860755,0.8888780629797942
25738,LOF,0.015045899262179564,0.13781725013091273,0.8471368506069078
25739,LOF,0.022202055927109117,0.110133399340969,0.8676645447319219
25740,LOF,0.03274430382142503,0.1240652617269934,0.8431904344515817
25741,LOF,0.017746619224382486,0.10815987114527255,0.874093509630345
25742,LOF,0.1167848708787646,0.10002188309210396,0.7831932460291313
25743,LOF,0.016130985744816778,0.03718124212737209,0.9466877721278111
25744,LOF,0.18335763465836352,0.37127346551949686,0.44536889982213973
25745,LOF,0.02688579717877054,0.05005795944388752,0.923056243377342
25746,LOF,0.01596505263934198,0.06333635592890961,0.9206985914317484
25747,LOF,0.0280770310129603,0.03475872166239012,0.9371642473246496
25748,LOF,0.1517241818930977,0.05860547658123598,0.7896703415256664
25749,LOF,0.015602847295001014,0.04349451665093545,0.9409026360540634
25750,LOF,0.030990911979852088,0.06197526658227105,0.9070338214378769
25751,LOF,0.11410376003772235,0.056761378792436715,0.829134861169841
25752,GOF,0.10914109217269406,0.6520208351036783,0.2388380727236277
25753,LOF,0.007214154719192101,0.38525536698225993,0.607530478298548
25754,GOF,0.004951861223529013,0.8639336174219181,0.13111452135455287
25755,LOF,0.01032357615281634,0.4493036351311828,0.5403727887160008
25756,LOF,0.045105459047723465,0.4361001865022698,0.5187943544500067
25757,GOF,0.0059931828669492985,0.8715503844194448,0.12245643271360589
25758,GOF,0.0064228774305804025,0.8555024258843165,0.13807469668510333
25759,GOF,0.004892347895689296,0.56825821009262,0.4268494420116907
25760,LOF,0.004403179180420092,0.3175994989585692,0.6779973218610106
25761,GOF,0.03659644505641488,0.837671121823874,0.12573243311971094
25762,LOF,0.028899385899900484,0.338418114804551,0.6326824992955485
25763,LOF,0.006273686554703351,0.24000947539524956,0.7537168380500472
25764,GOF,0.14288402006719678,0.5300036048883142,0.32711237504448903
25765,GOF,0.01164833961279497,0.7939015340106821,0.19445012637652279
25766,GOF,0.017157129027985583,0.794465644623314,0.1883772263487003
25767,GOF,0.024320637011862625,0.4961569822478176,0.4795223807403197
25768,LOF,0.08818067793307105,0.05867146970126703,0.8531478523656619
25769,LOF,0.07945381648273261,0.052635094837803,0.8679110886794644
25770,LOF,0.24741124029713282,0.054259434325563065,0.6983293253773041
25771,LOF,0.01261527541933822,0.06220163858607144,0.9251830859945904
25772,LOF,0.01671078392380909,0.025714059499177936,0.9575751565770131
25773,LOF,0.010397991547358446,0.10206281871738535,0.8875391897352561
25774,LOF,0.025508130982729072,0.06422623845966177,0.9102656305576091
25775,LOF,0.01477572647100245,0.04526972290449068,0.9399545506245068
25776,LOF,0.08611294780187954,0.0198400411766187,0.8940470110215019
25777,LOF,0.2876251170318237,0.04536872503397773,0.6670061579341985
25778,LOF,0.07116842194564628,0.037155681829844,0.8916758962245097
25779,GOF,0.057478411537907954,0.8759067738800393,0.06661481458205268
25780,GOF,0.05399918290169382,0.8567894004367922,0.089211416661514
25781,GOF,0.024146777144254252,0.8435838979313273,0.13226932492441865
25782,GOF,0.026130203754741566,0.8742762661772084,0.09959353006805001
25783,GOF,0.013548201392817141,0.673638401752557,0.312813396854626
25784,GOF,0.10978130357921359,0.8311140483110987,0.05910464810968768
25785,GOF,0.07150306607207513,0.8797066790544122,0.048790254873512566
25786,GOF,0.004746642903996328,0.8085865272343767,0.18666682986162697
25787,GOF,0.19284085805931145,0.7669726228070438,0.04018651913364472
25788,LOF,0.04469301790139369,0.14122459867502563,0.8140823834235806
25789,GOF,0.03401595757710694,0.8225448355692366,0.14343920685365638
25790,GOF,0.03415686632726212,0.8668380489085558,0.09900508476418209
25791,GOF,0.024302919068032013,0.8171545109851863,0.15854256994678173
25792,GOF,0.04212502069079515,0.8140692288039492,0.14380575050525574
25793,GOF,0.08957938714132871,0.8030107195942391,0.10740989326443219
25794,GOF,0.08291758760539082,0.7185272549887413,0.19855515740586793
25795,GOF,0.025361935322824696,0.7561241472145712,0.21851391746260404
25796,GOF,0.13277172833390424,0.7547978209597164,0.11243045070637925
25797,GOF,0.02934261175333299,0.6050123688383051,0.36564501940836186
25798,GOF,0.0030294491497819495,0.5714061735466652,0.42556437730355284
25799,LOF,0.0028782972104619605,0.45401751527928547,0.5431041875102526
25800,GOF,0.009540297444138437,0.6506981385579153,0.3397615639979464
25801,GOF,0.025534693499894397,0.8232255699237468,0.15123973657635884
25802,GOF,0.016038477198412945,0.7496832573190605,0.23427826548252664
25803,GOF,0.009796769440683516,0.63816543594614,0.3520377946131766
25804,GOF,0.010542720262361601,0.5400569981365213,0.4494002816011172
25805,GOF,0.02000273904965602,0.6400860720423883,0.33991118890795563
25806,GOF,0.01770471649558569,0.6830686056918891,0.2992266778125251
25807,GOF,0.004573181666883574,0.6611202622549323,0.3343065560781843
25808,GOF,0.012536915048306873,0.6695202118188404,0.31794287313285285
25809,GOF,0.00529818100074128,0.6539312787481035,0.3407705402511552
25810,GOF,0.004467523876171362,0.6642410030601616,0.33129147306366696
25811,GOF,0.07614093347959557,0.8252072701655346,0.09865179635486986
25812,GOF,0.013489357973999926,0.6786346689891368,0.30787597303686337
25813,GOF,0.09413419899143269,0.7725279405927687,0.13333786041579845
25814,GOF,0.02361966143368948,0.7212531747228822,0.2551271638434283
25815,GOF,0.03673070123228819,0.759326524631983,0.20394277413572873
25816,GOF,0.007241272217268078,0.8124887010862927,0.18027002669643927
25817,GOF,0.07001475360390268,0.7693238259421081,0.16066142045398935
25818,GOF,0.020354698217640223,0.7643135155762013,0.2153317862061584
25819,GOF,0.058872723981705254,0.7384441743517293,0.20268310166656545
25820,GOF,0.028087413841098908,0.7417791324571359,0.23013345370176516
25821,GOF,0.016598279297600098,0.7212334215715538,0.26216829913084605
25822,GOF,0.03184723606491786,0.7527641933710455,0.21538857056403668
25823,GOF,0.010921463678163129,0.5903764346725303,0.3987021016493064
25824,GOF,0.01994023939018843,0.7276067976507392,0.2524529629590723
25825,GOF,0.011262442770784748,0.7016599490508706,0.28707760817834466
25826,GOF,0.004717136003839366,0.6568560646257394,0.3384267993704213
25827,GOF,0.006810132402775064,0.650030258345766,0.34315960925145894
25828,GOF,0.004379883116895351,0.5859361015938535,0.40968401528925125
25829,GOF,0.0027897262909426838,0.6568343121849113,0.34037596152414595
25830,LOF,0.029368902088439675,0.4274632444139781,0.5431678534975822
25831,GOF,0.03196225524118075,0.8409370878961863,0.12710065686263292
25832,GOF,0.007310485099154863,0.7683829931721384,0.22430652172870674
25833,GOF,0.02436765142041733,0.8126151560996286,0.163017192479954
25834,GOF,0.0069950495622471505,0.7713919385293083,0.22161301190844443
25835,GOF,0.017262509001396243,0.8188721598690375,0.1638653311295661
25836,GOF,0.005816457898657275,0.7729009363057189,0.2212826057956238
25837,GOF,0.005738530487038356,0.6731776517327186,0.32108381778024314
25838,GOF,0.016793550794399627,0.8398919252760082,0.14331452392959215
25839,GOF,0.03536073895168763,0.8209982560815655,0.1436410049667468
25840,GOF,0.03396379210965524,0.8243655896956076,0.14167061819473717
25841,GOF,0.0329462628737227,0.8422376944802902,0.12481604264598715
25842,GOF,0.02198705265836128,0.8699904894535041,0.10802245788813472
25843,GOF,0.024325899324043217,0.8797607811802682,0.09591331949568858
25844,GOF,0.014821908501136056,0.7951202403540212,0.19005785114484278
25845,GOF,0.005007717072844592,0.5751720196714913,0.4198202632556642
25846,GOF,0.025376800516560456,0.8489057299810555,0.12571746950238405
25847,GOF,0.015565923258615878,0.882668626660514,0.10176545008087007
25848,GOF,0.01320100112167039,0.8489648735779741,0.13783412530035555
25849,GOF,0.004479003819936484,0.7106343040736338,0.2848866921064298
25850,GOF,0.006111825501914966,0.7109355217362963,0.2829526527617888
25851,GOF,0.0054147324103925604,0.5870313682822578,0.40755389930734975
25852,GOF,0.14889679439749529,0.5590959434824487,0.29200726212005595
25853,GOF,0.06572892963129483,0.8375272482922371,0.09674382207646794
25854,GOF,0.00909194550454667,0.6622084637699092,0.328699590725544
25855,GOF,0.011851826589728387,0.6065823504362161,0.3815658229740554
25856,GOF,0.03273469932125189,0.7319639645744527,0.23530133610429543
25857,GOF,0.01421423876087866,0.5580940419422954,0.427691719296826
25858,GOF,0.008025924405166491,0.5960878824943207,0.395886193100513
25859,GOF,0.005520506491281126,0.5671221616009656,0.4273573319077532
25860,GOF,0.06521016528272446,0.8080548166085576,0.12673501810871796
25861,GOF,0.1090200508730134,0.7997311696855012,0.09124877944148543
25862,GOF,0.020586400338244767,0.8368450644689795,0.14256853519277568
25863,GOF,0.017092899866504422,0.8489205600405282,0.13398654009296734
25864,GOF,0.04077135523501396,0.8674131384918805,0.09181550627310552
25865,GOF,0.028455726859091413,0.836849481573714,0.13469479156719455
25866,GOF,0.022263610984677447,0.8336264368395152,0.14410995217580738
25867,GOF,0.02409036717374446,0.8577535149267661,0.11815611789948942
25868,GOF,0.04993601599334153,0.8138398864431157,0.13622409756354265
25869,GOF,0.3113335911569714,0.5986268244683144,0.09003958437471418
25870,GOF,0.17833711260157836,0.5880031925566847,0.2336596948417371
25871,GOF,0.018669155807649534,0.8608901063286535,0.120440737863697
25872,GOF,0.01619753795104702,0.8453563145897681,0.13844614745918485
25873,GOF,0.016971249199885435,0.8704205711616054,0.11260817963850907
25874,LOF,0.01588447249489116,0.14931867293618237,0.8347968545689264
25875,LOF,0.03428702017832915,0.03523219174475932,0.9304807880769114
25876,LOF,0.013143544064751227,0.030700730344815713,0.9561557255904332
25877,LOF,0.12014706874555922,0.05823963510552535,0.8216132961489154
25878,LOF,0.04998867438762192,0.08342589898994333,0.8665854266224348
25879,LOF,0.020784607206983316,0.07514774631697926,0.9040676464760374
25880,LOF,0.04596620093083675,0.009115567585807524,0.9449182314833559
25881,Neutral,0.5857607444163974,0.07047493267046823,0.3437643229131344
25882,LOF,0.021823393213485937,0.044359162404807084,0.9338174443817069
25883,LOF,0.05560513327592863,0.026826349462061354,0.9175685172620099
25884,LOF,0.011922350540072749,0.0615324849978001,0.9265451644621271
25885,LOF,0.192615529247657,0.009637436391492933,0.79774703436085
25886,LOF,0.21319977636362947,0.05594786756397547,0.730852356072395
25887,LOF,0.14829716594667,0.06798149047119674,0.7837213435821334
25888,LOF,0.01240476520024373,0.14149990010613378,0.8460953346936225
25889,LOF,0.017292148303704444,0.038202535275438175,0.9445053164208573
25890,LOF,0.11701525801239351,0.10959918061915346,0.7733855613684529
25891,LOF,0.04907013447278796,0.05405091693509102,0.896878948592121
25892,LOF,0.010824994887137382,0.04263651746852386,0.9465384876443387
25893,LOF,0.39165318351034734,0.012192045740293719,0.596154770749359
25894,LOF,0.44288957706941817,0.007796026699625021,0.5493143962309568
25895,LOF,0.33615258854429675,0.016550672817029644,0.6472967386386735
25896,LOF,0.042849499281083295,0.03157898866455243,0.9255715120543642
25897,LOF,0.18168907055770883,0.012492873103879927,0.8058180563384113
25898,LOF,0.2125107280923946,0.03925524592030732,0.7482340259872982
25899,LOF,0.22501454150476147,0.032372287360535046,0.7426131711347035
25900,LOF,0.4557650773480096,0.009896988948038242,0.5343379337039521
25901,LOF,0.049138423100180205,0.012466139113571606,0.9383954377862481
25902,LOF,0.10398676689012783,0.018425064887348717,0.8775881682225234
25903,LOF,0.31924753713199616,0.03548674075421023,0.6452657221137935
25904,Neutral,0.4954648150037496,0.04264071551005218,0.4618944694861983
25905,LOF,0.00691382460127067,0.39653470516573436,0.596551470232995
25906,LOF,0.007207063937740717,0.10553139545018381,0.8872615406120754
25907,LOF,0.003914878768672637,0.31456954645282076,0.6815155747785065
25908,LOF,0.004007141374979059,0.20681635317094632,0.7891765054540746
25909,LOF,0.015295505240260642,0.1532061307941819,0.8314983639655575
25910,LOF,0.016924059170253455,0.12516155396670953,0.857914386863037
25911,LOF,0.16767908456332667,0.03084316371404211,0.8014777517226312
25912,LOF,0.06898246487352798,0.05152141849682185,0.8794961166296501
25913,LOF,0.059519775708059594,0.05348679419793182,0.8869934300940087
25914,LOF,0.02156079141443833,0.07517077732038338,0.9032684312651783
25915,LOF,0.13005458682418514,0.2924726556201775,0.5774727575556374
25916,LOF,0.019080875935360966,0.2080385116075049,0.7728806124571341
25917,LOF,0.056396553070774284,0.04870247150625974,0.894900975422966
25918,LOF,0.025820628547523997,0.045033278935751556,0.9291460925167245
25919,LOF,0.021806385063743598,0.045105034560474176,0.9330885803757824
25920,LOF,0.11740182787481743,0.22248720774414252,0.6601109643810401
25921,LOF,0.009402830432404204,0.03585978205233796,0.9547373875152577
25922,LOF,0.011583484286220278,0.02883030385473805,0.9595862118590416
25923,LOF,0.40093085676015366,0.03591193304198501,0.5631572101978614
25924,LOF,0.01594130817775774,0.040660507380758416,0.9433981844414838
25925,LOF,0.07333790156933252,0.046258518976035355,0.8804035794546321
25926,LOF,0.05136349584134712,0.04592742509131887,0.9027090790673341
25927,LOF,0.02126191114779576,0.06410161259980031,0.914636476252404
25928,LOF,0.007215114331265262,0.04929814960442169,0.943486736064313
25929,LOF,0.47541622985331794,0.03406413520600788,0.4905196349406741
25930,LOF,0.08280550780029591,0.029647683442061763,0.8875468087576424
25931,LOF,0.009620863890076534,0.03301614460270148,0.9573629915072219
25932,LOF,0.03533748198401372,0.027060711887173728,0.9376018061288126
25933,LOF,0.04239122260469549,0.01689952827416451,0.94070924912114
25934,LOF,0.02856250033370016,0.01843563164885047,0.9530018680174495
25935,LOF,0.07259219102413109,0.05188017314271486,0.8755276358331541
25936,LOF,0.041484674503710225,0.02144358894073104,0.9370717365555588
25937,LOF,0.00946524451651838,0.03876009240698041,0.9517746630765013
25938,LOF,0.07172223855765505,0.05076274163623596,0.877515019806109
25939,LOF,0.03264061150518118,0.022858070928129633,0.9445013175666891
25940,LOF,0.009049991729614765,0.33886530471852744,0.6520847035518579
25941,Neutral,0.5297984720616654,0.026522695379822533,0.4436788325585121
25942,LOF,0.005446558582207673,0.04290785407169231,0.9516455873461
25943,LOF,0.0329170704674491,0.14626399268463305,0.8208189368479178
25944,LOF,0.11040737644241959,0.06684712625949386,0.8227454972980865
25945,LOF,0.05829863463735514,0.019226777208862685,0.9224745881537821
25946,LOF,0.06907660936932876,0.04376566317612768,0.8871577274545435
25947,Neutral,0.5026352278905213,0.07946485611982532,0.4178999159896534
25948,LOF,0.34055492825399913,0.011111313626993406,0.6483337581190075
25949,LOF,0.09484024311640717,0.04871665080028704,0.8564431060833059
25950,GOF,0.04158031393188746,0.6108775706531183,0.3475421154149943
25951,LOF,0.012914737913873991,0.40955609774655377,0.5775291643395722
25952,LOF,0.2412455033283642,0.28106006955882207,0.47769442711281374
25953,LOF,0.011424987175463296,0.1876346962145654,0.8009403166099712
25954,LOF,0.049500702977297556,0.43406898768431357,0.5164303093383888
25955,LOF,0.010622103986906183,0.1398189784406553,0.8495589175724385
25956,LOF,0.02762815522139163,0.26492280774806426,0.7074490370305441
25957,LOF,0.21530288845761925,0.038583536477983335,0.7461135750643975
25958,LOF,0.05313810846592458,0.03171213896202206,0.9151497525720534
25959,GOF,0.013759773202589679,0.49445375690569576,0.4917864698917145
25960,LOF,0.005311895483276304,0.05724067075178077,0.9374474337649429
25961,LOF,0.05310062189972518,0.029780399247905577,0.9171189788523691
25962,LOF,0.03592263547857107,0.07815945022564458,0.8859179142957844
25963,LOF,0.0058092410792661645,0.24150679209351641,0.7526839668272175
25964,LOF,0.0288595111247024,0.10069323481049018,0.8704472540648074
25965,LOF,0.301897854896457,0.14274946148497944,0.5553526836185636
25966,LOF,0.4125229822973077,0.11668810167965082,0.47078891602304135
25967,LOF,0.006107554666724996,0.06935625832251519,0.9245361870107598
25968,LOF,0.042787326555909,0.20735153241964355,0.7498611410244475
25969,LOF,0.11956564249242481,0.06565027790593168,0.8147840796016436
25970,LOF,0.017588059545934415,0.08416663740645228,0.8982453030476133
25971,LOF,0.06444283721324044,0.028591421532715752,0.9069657412540437
25972,LOF,0.05771068993085361,0.03891021048174158,0.9033790995874048
25973,LOF,0.062711282359292,0.013636921766078933,0.9236517958746291
25974,LOF,0.044549350418777126,0.04048096706085145,0.9149696825203715
25975,LOF,0.04302744459761268,0.030681313117323247,0.926291242285064
25976,LOF,0.11947041266303204,0.013610297345945115,0.8669192899910229
25977,LOF,0.20102945940264277,0.053777745675003596,0.7451927949223537
25978,LOF,0.13346981711648645,0.14312069553900608,0.7234094873445076
25979,LOF,0.11775947149219333,0.154903627578147,0.7273369009296596
25980,LOF,0.2295775640390294,0.1604572079188264,0.6099652280421441
25981,LOF,0.2300248919359473,0.16089159412134807,0.6090835139427045
25982,LOF,0.3702768793539263,0.10392847925005218,0.5257946413960216
25983,LOF,0.3710535661327307,0.1196781728531939,0.5092682610140754
25984,LOF,0.03624871334936383,0.07284751668597458,0.8909037699646617
25985,LOF,0.41028693091315527,0.12649717871306293,0.4632158903737818
25986,LOF,0.01210442003646193,0.42000305327835885,0.5678925266851792
25987,LOF,0.039574805191667554,0.11871761325914887,0.8417075815491836
25988,LOF,0.1398933596387862,0.12847430230947007,0.7316323380517438
25989,LOF,0.04291336007334883,0.16438633329350524,0.7927003066331458
25990,LOF,0.043413192793577644,0.2544576042331434,0.702129202973279
25991,LOF,0.021037492492304948,0.31164861197445676,0.6673138955332383
25992,LOF,0.030545327576549944,0.31724755630295415,0.652207116120496
25993,LOF,0.022094395408789515,0.08486894979180434,0.8930366547994061
25994,LOF,0.016941606147946937,0.08160686113189,0.9014515327201631
25995,LOF,0.018770739870105697,0.1602237613209023,0.8210054988089919
25996,LOF,0.29244174139860596,0.30177859824359643,0.40577966035779767
25997,LOF,0.07765574274615468,0.32460455161292556,0.5977397056409197
25998,LOF,0.30473091436667843,0.050340979632356536,0.6449281060009651
25999,LOF,0.020164374400347428,0.26426892676254604,0.7155666988371064
26000,LOF,0.1497232181580227,0.03776048699261736,0.8125162948493599
26001,LOF,0.30193898340599074,0.03050102545303814,0.6675599911409711
26002,LOF,0.0653056129830225,0.06600883452379527,0.8686855524931822
26003,GOF,0.003990651215147192,0.6456086458199505,0.35040070296490233
26004,GOF,0.006121494389998706,0.7484151904517842,0.24546331515821712
26005,GOF,0.003162840513051636,0.5297284650091328,0.46710869447781556
26006,GOF,0.08594537319548012,0.6279420659191394,0.28611256088538045
26007,GOF,0.006134494050566013,0.618905848790403,0.3749596571590309
26008,GOF,0.005340248760366129,0.6970880062702965,0.29757174496933736
26009,GOF,0.0061529674863118715,0.6947909040610399,0.2990561284526483
26010,GOF,0.006365085176124952,0.7053874374022033,0.2882474774216717
26011,GOF,0.002866081062692647,0.5011950338867415,0.495938885050566
26012,GOF,0.004039548503298298,0.5884671861778005,0.40749326531890123
26013,GOF,0.004641139541447407,0.626002396743458,0.36935646371509445
26014,LOF,0.037745823263112536,0.11862796189971687,0.8436262148371706
26015,LOF,0.13555059593718038,0.022377201399889614,0.84207220266293
26016,LOF,0.26008513796856386,0.042536623625859284,0.6973782384055769
26017,LOF,0.022656344249306074,0.20589917237442068,0.7714444833762734
26018,LOF,0.050941493272255806,0.0435912760558058,0.9054672306719385
26019,LOF,0.05037962151168419,0.038419564844094714,0.911200813644221
26020,LOF,0.009114568137002437,0.20223737733918792,0.7886480545238097
26021,LOF,0.06898983514801335,0.07533176584913047,0.8556783990028561
26022,LOF,0.028943758952008722,0.029968641036945007,0.9410876000110462
26023,LOF,0.04084868394668922,0.02646445274577316,0.9326868633075376
26024,LOF,0.04496863354030729,0.06933042163699263,0.8857009448227
26025,LOF,0.04836216359505172,0.0829204003677482,0.8687174360372001
26026,LOF,0.08214476044050817,0.0611571835461365,0.8566980560133554
26027,LOF,0.04429657223913937,0.022500439942653463,0.9332029878182072
26028,LOF,0.0949988954496044,0.13382369997742358,0.771177404572972
26029,LOF,0.02246043336604781,0.19528835610891604,0.7822512105250362
26030,LOF,0.1544402658334248,0.03285726820165671,0.8127024659649186
26031,LOF,0.014322355222078545,0.14782739115386875,0.8378502536240527
26032,LOF,0.07136416033387402,0.0654518673700543,0.8631839722960717
26033,LOF,0.08308564426908727,0.05980990881577006,0.8571044469151426
26034,LOF,0.015828405939079245,0.1557451981541975,0.8284263959067233
26035,LOF,0.014718099255225464,0.11378403500639775,0.8714978657383767
26036,LOF,0.01601280103773625,0.14466325005986277,0.8393239489024009
26037,LOF,0.013246358937113612,0.10018286189755375,0.8865707791653327
26038,LOF,0.05907389750022013,0.059628853520004334,0.8812972489797756
26039,LOF,0.02846270472938857,0.13889263740956087,0.8326446578610507
26040,LOF,0.11369918883276874,0.1306191954578114,0.7556816157094197
26041,LOF,0.016127896294055425,0.08529147335411373,0.8985806303518308
26042,LOF,0.014689398967114083,0.08942406071830301,0.8958865403145828
26043,LOF,0.057978912516036325,0.07720624983066637,0.8648148376532973
26044,LOF,0.01215303316711904,0.06552383567512114,0.9223231311577599
26045,LOF,0.04977567499418137,0.10123088335459797,0.8489934416512206
26046,LOF,0.05156069244331913,0.0602835286417965,0.8881557789148843
26047,LOF,0.0841835942679781,0.05894597243397483,0.8568704332980471
26048,LOF,0.04750885468986658,0.04449447593090542,0.9079966693792281
26049,Neutral,0.9630793637087625,0.0071659814386820725,0.029754654852555303
26050,Neutral,0.9476432871006911,0.007678489683923423,0.04467822321538528
26051,LOF,0.014309755152209567,0.13570652484318385,0.8499837200046065
26052,LOF,0.0224278956393844,0.16949545738537128,0.8080766469752443
26053,LOF,0.02106345532098268,0.13920308528201392,0.8397334593970035
26054,LOF,0.04349504252427625,0.021605510243190722,0.934899447232533
26055,LOF,0.05706928255986781,0.019060285681124632,0.9238704317590075
26056,LOF,0.0490114325629424,0.023211302930858154,0.9277772645061994
26057,LOF,0.031959795092879675,0.014087217326192617,0.9539529875809277
26058,LOF,0.03299254102464977,0.011858135413460116,0.9551493235618901
26059,LOF,0.317500764727768,0.022130877145113692,0.6603683581271184
26060,LOF,0.010083481032040558,0.1784422902783635,0.811474228689596
26061,LOF,0.005277490768210232,0.0145696992720282,0.9801528099597616
26062,LOF,0.0037648204371119424,0.022840895792975113,0.9733942837699129
26063,LOF,0.0219410279239298,0.01276164344161203,0.9652973286344582
26064,LOF,0.0059644958840419605,0.030752520828780716,0.9632829832871774
26065,LOF,0.02520033739599293,0.012512263430840765,0.9622873991731664
26066,LOF,0.0238655688436414,0.012080851071590433,0.964053580084768
26067,LOF,0.02871134135425737,0.010243118474515985,0.9610455401712266
26068,LOF,0.041865691952444835,0.043452105029793166,0.9146822030177619
26069,LOF,0.284197478183078,0.02495279913876423,0.6908497226781577
26070,LOF,0.4317730054693166,0.019749122563904015,0.5484778719667794
26071,LOF,0.023499862906091247,0.01186343146024693,0.9646367056336618
26072,LOF,0.005315938935389276,0.0277163196447575,0.9669677414198532
26073,LOF,0.021781888507602598,0.01515171632652287,0.9630663951658744
26074,Neutral,0.9200532925675168,0.007525152114213978,0.07242155531826927
26075,LOF,0.03830617731212592,0.02192630784591749,0.9397675148419566
26076,LOF,0.03515000306666202,0.011429356204638044,0.9534206407286999
26077,LOF,0.11742588360857964,0.00952225956206545,0.8730518568293549
26078,LOF,0.005282350596620434,0.0180817894452013,0.9766358599581783
26079,LOF,0.0498449475560486,0.02332365150829688,0.9268314009356545
26080,LOF,0.047743077014075284,0.023383982941297506,0.9288729400446272
26081,LOF,0.027738223545359972,0.008718691771714727,0.9635430846829253
26082,LOF,0.004011371243655213,0.020347885184586915,0.9756407435717579
26083,LOF,0.11084580724215906,0.019726655003785877,0.869427537754055
26084,LOF,0.04005152516434143,0.014422346138246368,0.9455261286974123
26085,LOF,0.03651644023163634,0.01285074962098968,0.950632810147374
26086,LOF,0.02275641046978182,0.012922500240993845,0.9643210892892243
26087,LOF,0.021606895001016205,0.010495266240832378,0.9678978387581513
26088,LOF,0.006108983484906283,0.023945717767568056,0.9699452987475257
26089,LOF,0.037213257456678535,0.02689207853522625,0.9358946640080952
26090,LOF,0.037371708473491284,0.021473218546643313,0.9411550729798653
26091,LOF,0.027964794463144982,0.00791360950576704,0.964121596031088
26092,LOF,0.02336290405423243,0.008980549941625473,0.9676565460041421
26093,LOF,0.04080771474125767,0.007222664506813208,0.951969620751929
26094,LOF,0.033053786832338415,0.007160661094252434,0.9597855520734091
26095,LOF,0.01910544938479939,0.01961531748261598,0.9612792331325847
26096,LOF,0.17950416433681501,0.006604127348322991,0.8138917083148621
26097,LOF,0.0048472920342976815,0.037293079061270724,0.9578596289044317
26098,LOF,0.07202295765486526,0.01755930543458941,0.9104177369105453
26099,LOF,0.021901165085904263,0.016697020068901627,0.961401814845194
26100,LOF,0.021901165085904263,0.016697020068901627,0.961401814845194
26101,LOF,0.05168403949942935,0.023329793120059075,0.9249861673805114
26102,LOF,0.02092049250769789,0.016433808741204,0.9626456987510981
26103,Neutral,0.8374261828850401,0.02517942805225823,0.13739438906270166
26104,LOF,0.06228574844542785,0.025826848085915875,0.9118874034686564
26105,LOF,0.2371216573984573,0.19511878150881284,0.5677595610927298
26106,LOF,0.3347251175595554,0.14624915098831462,0.51902573145213
26107,LOF,0.020027137635481015,0.12423907429679872,0.8557337880677203
26108,LOF,0.33689348636301714,0.04981361008986871,0.6132929035471142
26109,LOF,0.0374037249633197,0.058024696094084414,0.904571578942596
26110,LOF,0.21221258805708768,0.007825416152698543,0.7799619957902139
26111,LOF,0.06892889958461597,0.08804241765266642,0.8430286827627176
26112,LOF,0.03591760993534573,0.007493624598894172,0.9565887654657601
26113,LOF,0.06037813479756286,0.016897284345064333,0.9227245808573727
26114,LOF,0.07776245218494202,0.01046555707902113,0.9117719907360369
26115,LOF,0.016024946792627545,0.05960411497637013,0.9243709382310022
26116,LOF,0.1070862197627504,0.03743147001779713,0.8554823102194524
26117,LOF,0.4091674735937566,0.03764702490719357,0.5531855014990498
26118,LOF,0.03203448061237689,0.0184734084737983,0.9494921109138248
26119,LOF,0.005071714099802778,0.04377636347717168,0.9511519224230256
26120,LOF,0.026818542983750436,0.018119210078787362,0.9550622469374622
26121,LOF,0.004439333862306202,0.12179545934779744,0.8737652067898963
