feature0,prediction,LoGoFunc_Neutral,LoGoFunc_GOF,LoGoFunc_LOF
25546,Neutral,0.6372523584335851,0.05846513022069186,0.3042825113457232
25547,LOF,0.420058942727958,0.10258750438424191,0.4773535528878001
25548,Neutral,0.4640960593452476,0.07971055189834052,0.4561933887564117
25549,LOF,0.38974512191818383,0.07937340178167199,0.5308814763001443
25550,LOF,0.3275502619513162,0.142386407365997,0.5300633306826867
25551,LOF,0.2691406505129747,0.1690481906444552,0.5618111588425702
25552,LOF,0.1916147125874149,0.15550838840232378,0.6528768990102614
25553,Neutral,0.7909263065654403,0.0482867425308972,0.1607869509036625
25554,LOF,0.22569052290983713,0.15003184639635228,0.6242776306938106
25555,LOF,0.18964482541878855,0.13448459976164667,0.6758705748195648
25556,LOF,0.39773314651470915,0.11331813511428399,0.48894871837100695
25557,LOF,0.17877865656243913,0.1446129420105059,0.6766084014270549
25558,LOF,0.22004974008894104,0.14774398629592383,0.632206273615135
25559,LOF,0.1785974966131609,0.12956401568224388,0.6918384877045952
25560,LOF,0.07239047627827501,0.13963544068927738,0.7879740830324476
25561,LOF,0.14849320475663869,0.13849174356588356,0.7130150516774777
25562,LOF,0.07083141633171229,0.0854218623535304,0.8437467213147573
25563,LOF,0.09346969509785288,0.09192781830558855,0.8146024865965585
25564,LOF,0.22557003116939686,0.16891725316578415,0.605512715664819
25565,LOF,0.16357687143575952,0.14067516308006323,0.6957479654841773
25566,GOF,0.021351161948855082,0.784752339659501,0.19389649839164388
25567,LOF,0.01937621652059072,0.18207033573030082,0.7985534477491085
25568,LOF,0.06762247109554492,0.07930384122580368,0.8530736876786514
25569,LOF,0.06298933730817013,0.08258508858285189,0.854425574108978
25570,LOF,0.030618151069738482,0.11511449445444676,0.8542673544758148
25571,LOF,0.029858690455234167,0.11008224850890307,0.8600590610358628
25572,LOF,0.035540954593195305,0.14969798247100996,0.8147610629357948
25573,LOF,0.027691221413296496,0.11442564829199615,0.8578831302947073
25574,LOF,0.01873246156481966,0.17047311967914297,0.8107944187560375
25575,LOF,0.024700780675105238,0.12325674626603277,0.852042473058862
25576,LOF,0.012575757333931655,0.17187562895794573,0.8155486137081227
25577,LOF,0.01151850908533813,0.1400983770711409,0.8483831138435209
25578,LOF,0.28840047119057277,0.09153491515922783,0.6200646136501994
25579,LOF,0.1241550765936797,0.10007705102081794,0.7757678723855023
25580,LOF,0.019139069845094545,0.08865514074297537,0.8922057894119301
25581,LOF,0.04698798484102357,0.08131423972998816,0.8716977754289884
25582,LOF,0.04690863732965531,0.0791064082685072,0.8739849544018375
25583,LOF,0.020350808936366545,0.10603201307821078,0.8736171779854226
25584,Neutral,0.5460167406811203,0.09900750964337125,0.3549757496755085
25585,LOF,0.012863224324653129,0.16368500028317484,0.8234517753921721
25586,LOF,0.01857594578599834,0.08315603220739977,0.8982680220066019
25587,LOF,0.017993728341656,0.07636546577170227,0.9056408058866419
25588,LOF,0.01841624997549223,0.0918631393299185,0.8897206106945893
25589,Neutral,0.6344972095011101,0.13336945994709604,0.23213333055179378
25590,LOF,0.020134327065681943,0.13641105671569712,0.8434546162186211
25591,LOF,0.0859061503024368,0.06439398417249317,0.8496998655250699
25592,LOF,0.052412263536812435,0.14770058044038417,0.7998871560228035
25593,LOF,0.022870118718678712,0.2526812634355506,0.7244486178457706
25594,LOF,0.03624554289704962,0.10887231153194962,0.8548821455710008
25595,LOF,0.03787244852831527,0.07963940665048745,0.8824881448211972
25596,LOF,0.051116260228189825,0.06839452136636406,0.8804892184054461
25597,LOF,0.03401965501911706,0.06885366996613324,0.8971266750147497
25598,LOF,0.033239415390204044,0.09198357725432774,0.8747770073554682
25599,GOF,0.00901676904837418,0.6082857777244649,0.3826974532271609
25600,GOF,0.03203769775329169,0.6408517774692741,0.32711052477743424
25601,LOF,0.012632256671975902,0.4534049793485471,0.5339627639794771
25602,LOF,0.013748983482471182,0.0475521009210237,0.9386989155965051
25603,LOF,0.04708106915124146,0.020743032966876122,0.9321758978818824
25604,LOF,0.016155989425461,0.0680406939710865,0.9158033166034524
25605,LOF,0.007517559143314163,0.2064778940668358,0.78600454678985
25606,LOF,0.0936326454244112,0.341972108397619,0.5643952461779698
25607,LOF,0.005238582183874156,0.22192399266257926,0.7728374251535466
25608,LOF,0.01283862482071193,0.1038775968359577,0.8832837783433305
25609,LOF,0.07408550659445683,0.3714884961407772,0.5544259972647659
25610,LOF,0.018782761743144104,0.02461173835932917,0.9566054998975267
25611,LOF,0.018309145078572737,0.026274698205853576,0.9554161567155737
25612,LOF,0.05869925363805053,0.03829443972619775,0.9030063066357518
25613,LOF,0.054553192459288934,0.04104159810665659,0.9044052094340544
25614,LOF,0.02610051965211994,0.028843594626923385,0.9450558857209567
25615,LOF,0.017600072153024577,0.04014295526510797,0.9422569725818675
25616,LOF,0.050017325944791344,0.028868410223357312,0.9211142638318512
25617,LOF,0.048186486997113705,0.034740468742429226,0.9170730442604572
25618,LOF,0.06321748105332937,0.032954400827238724,0.9038281181194319
25619,LOF,0.018505384716559412,0.03086060629104778,0.9506340089923928
25620,LOF,0.06829318692198175,0.0367255662525251,0.8949812468254932
25621,LOF,0.01873879260459435,0.03839724138092401,0.9428639660144816
25622,LOF,0.022684058138574926,0.042003824813638374,0.9353121170477867
25623,LOF,0.036480889918153736,0.0348685635796119,0.9286505465022344
25624,LOF,0.022290108501791302,0.03753463628052221,0.9401752552176865
25625,LOF,0.02433467889018645,0.05436394279144043,0.9213013783183731
25626,LOF,0.053552829228130795,0.04046222163305144,0.9059849491388178
25627,Neutral,0.5906012574721173,0.09766493543772573,0.31173380709015697
25628,LOF,0.19871056793864778,0.052731992484729505,0.7485574395766228
25629,LOF,0.04117107271595774,0.06142283565173738,0.8974060916323048
25630,LOF,0.14449898813586354,0.08628142194000027,0.7692195899241362
25631,Neutral,0.6002524711831481,0.06479671706487268,0.3349508117519792
25632,LOF,0.007686728446066449,0.06668172999518782,0.9256315415587457
25633,LOF,0.19965919955674588,0.04365171035731339,0.7566890900859408
25634,LOF,0.030116277621831753,0.09272843388768276,0.8771552884904855
25635,LOF,0.03578822640394671,0.047178909578272574,0.9170328640177807
25636,GOF,0.00565768100151507,0.5768913929934613,0.4174509260050237
25637,GOF,0.007597514510025071,0.6003777644060871,0.3920247210838878
25638,LOF,0.01090578816110354,0.2875060810052117,0.7015881308336849
25639,LOF,0.0049833047683036065,0.43621481519070643,0.55880188004099
25640,GOF,0.4527223614258742,0.4550176005192561,0.09226003805486972
25641,LOF,0.014351419673132115,0.3119668357860761,0.6736817445407918
25642,LOF,0.24473176066248306,0.05620354328671279,0.6990646960508041
25643,LOF,0.14339654036514082,0.16269924700925004,0.6939042126256091
25644,LOF,0.008763056444115147,0.4366172370732492,0.5546197064826357
25645,LOF,0.007283821893429167,0.4164417007065007,0.5762744774000702
25646,LOF,0.011521314027762608,0.30506277616278205,0.6834159098094553
25647,LOF,0.009399621611807218,0.2582375776302274,0.7323628007579653
25648,LOF,0.008758044801875925,0.2542597159775992,0.7369822392205249
25649,LOF,0.007092985376079642,0.20140887196054963,0.7914981426633707
25650,LOF,0.013421886186258869,0.4062414627485576,0.5803366510651835
25651,LOF,0.005358657199620568,0.2638347996420355,0.7308065431583439
25652,LOF,0.008773530823671787,0.25531767839456226,0.735908790781766
25653,LOF,0.025652617494441053,0.38018001545344776,0.5941673670521112
25654,LOF,0.009514633989219715,0.16051097841899095,0.8299743875917894
25655,LOF,0.04380747296755396,0.41237108795450794,0.5438214390779381
25656,LOF,0.20101205573458833,0.0504743337172687,0.7485136105481429
25657,LOF,0.2711222282999252,0.028875034545064855,0.7000027371550099
25658,LOF,0.08411636680029448,0.08176899339095163,0.8341146398087539
25659,LOF,0.42023896638384944,0.06066764896049154,0.519093384655659
25660,LOF,0.028827752651735122,0.1042838682328373,0.8668883791154276
25661,LOF,0.0911182550242706,0.06459333934493305,0.8442884056307963
25662,LOF,0.03076946669583224,0.04602675567742285,0.9232037776267449
25663,LOF,0.03933689733935993,0.06961361120265985,0.8910494914579802
25664,LOF,0.04324618497959183,0.08607595730562398,0.8706778577147842
25665,LOF,0.05398372716863702,0.0350696349969348,0.9109466378344283
25666,LOF,0.03296133203006017,0.11564833873527827,0.8513903292346616
25667,LOF,0.06134655272762786,0.05238528817960145,0.8862681590927707
25668,LOF,0.033646386645601004,0.056034939991443204,0.9103186733629559
25669,LOF,0.029912153859858927,0.07971412719392404,0.8903737189462171
25670,LOF,0.057106661572866375,0.07114545604487288,0.8717478823822606
25671,LOF,0.08943973104133017,0.04346684001313851,0.8670934289455313
25672,LOF,0.05587792898173254,0.04497159307198481,0.8991504779462827
25673,LOF,0.023623967854612207,0.06548301412175936,0.9108930180236284
25674,LOF,0.020232508286383323,0.07608654908862597,0.9036809426249907
25675,LOF,0.033828272802845706,0.0735422039962647,0.8926295232008897
25676,LOF,0.01813851857842477,0.063172042451786,0.9186894389697892
25677,LOF,0.02773917946122795,0.07296541807935744,0.8992954024594146
25678,LOF,0.20499076671000788,0.060265774420241086,0.7347434588697511
25679,LOF,0.15970253147565125,0.08461665643140523,0.7556808120929435
25680,LOF,0.04473975944948683,0.11112930385815138,0.8441309366923617
25681,LOF,0.06991732333088524,0.10717243228645464,0.8229102443826602
25682,LOF,0.14074914867754945,0.08148993056974682,0.7777609207527038
25683,LOF,0.07677049954421244,0.12168719374342442,0.8015423067123632
25684,LOF,0.0440738345479953,0.07899857885314669,0.8769275865988579
25685,LOF,0.07766835986940282,0.06153692497565451,0.8607947151549428
25686,LOF,0.025177824539766244,0.08509327716719636,0.8897288982930374
25687,LOF,0.04668273990180026,0.06899554903624988,0.8843217110619499
25688,LOF,0.048558986600905914,0.0612241515695565,0.8902168618295375
25689,LOF,0.02934475302387614,0.06817953465575204,0.9024757123203718
25690,LOF,0.03560837280130239,0.061276367004649536,0.9031152601940481
25691,LOF,0.253176897740816,0.0814513422951341,0.6653717599640498
25692,LOF,0.2899204012452839,0.00783315293768345,0.7022464458170327
25693,LOF,0.07005236545840063,0.25777172167581025,0.6721759128657891
25694,LOF,0.23337595608404146,0.013101853975749136,0.7535221899402095
25695,LOF,0.1373621242942514,0.022285980045354474,0.840351895660394
25696,LOF,0.11234783622923689,0.010976373858005801,0.8766757899127573
25697,LOF,0.09402824996778802,0.02258120352437588,0.8833905465078361
25698,LOF,0.06131438674953563,0.46256965731792227,0.476115955932542
25699,LOF,0.07009125895284324,0.10191318294988264,0.8279955580972742
25700,LOF,0.05578919218356528,0.011117129070564348,0.9330936787458703
25701,LOF,0.017232557200513334,0.07891189111662773,0.9038555516828588
25702,GOF,0.03999526511969913,0.687622584312045,0.2723821505682557
25703,LOF,0.008722780836683628,0.16260839760714288,0.8286688215561736
25704,LOF,0.05635284245566859,0.1426572022818464,0.800989955262485
25705,LOF,0.06421513114310917,0.26898245426560174,0.6668024145912891
25706,GOF,0.02481382653072523,0.5083580435319711,0.46682812993730366
25707,LOF,0.019320033140349586,0.48981706220597815,0.4908629046536722
25708,LOF,0.007948575819234567,0.44504411899293955,0.5470073051878259
25709,LOF,0.054683642732953015,0.0702922095045723,0.8750241477624746
25710,LOF,0.0049129685758713265,0.18569868791337252,0.8093883435107562
25711,LOF,0.016035429617920798,0.14702498906837386,0.8369395813137053
25712,LOF,0.006469576199045404,0.23479257891018845,0.7587378448907661
25713,LOF,0.016993985470862935,0.12894561707836016,0.854060397450777
25714,LOF,0.056335810035482464,0.15251275320113775,0.7911514367633797
25715,LOF,0.011094123451235772,0.17400807245949312,0.8148978040892711
25716,LOF,0.005730493571176584,0.13280285641224432,0.8614666500165792
25717,LOF,0.005539173613746897,0.1200289355711484,0.8744318908151046
25718,LOF,0.011897571365173833,0.1154752246509205,0.8726272039839057
25719,LOF,0.01876888546641881,0.12924782353099298,0.8519832910025882
25720,LOF,0.0194198344799837,0.11366152193895547,0.8669186435810609
25721,LOF,0.01584702452398154,0.13111106394394942,0.8530419115320691
25722,LOF,0.0143593240157148,0.156172060513899,0.8294686154703862
25723,LOF,0.018404185427450457,0.09384041018663741,0.8877554043859123
25724,LOF,0.017116035115979228,0.1382788394723746,0.8446051254116461
25725,LOF,0.011316572666893635,0.10286207929669221,0.8858213480364142
25726,LOF,0.01399859624960684,0.1424253728978173,0.8435760308525758
25727,LOF,0.012139099668067076,0.11738684987960926,0.8704740504523236
25728,LOF,0.010618267514206841,0.13570560125340891,0.8536761312323842
25729,LOF,0.010881264049159145,0.1380476352851401,0.8510711006657008
25730,LOF,0.016050867088931626,0.11323858212181805,0.8707105507892504
25731,LOF,0.00703286844591157,0.15726684314066558,0.8357002884134229
25732,LOF,0.01584076760130449,0.10098509335166107,0.8831741390470346
25733,LOF,0.01554200436254635,0.09624108668956613,0.8882169089478875
25734,LOF,0.005241758584024408,0.16147477950309785,0.8332834619128777
25735,LOF,0.013510626369030191,0.09122633308969373,0.8952630405412761
25736,LOF,0.013853038535565255,0.13816284844316307,0.8479841130212716
25737,LOF,0.019350342862695998,0.11144291299289247,0.8692067441444115
25738,LOF,0.013223066458337904,0.1573489855115474,0.8294279480301147
25739,LOF,0.01889478286198323,0.1417370194308359,0.8393681977071809
25740,LOF,0.029955466517791466,0.14338966080398646,0.826654872678222
25741,LOF,0.01489283438981648,0.1284204493704858,0.8566867162396977
25742,LOF,0.08818233595484257,0.1274287153002299,0.7843889487449276
25743,LOF,0.01416141333505429,0.027744363712217973,0.9580942229527278
25744,LOF,0.2237252167265544,0.28726817706742674,0.4890066062060189
25745,LOF,0.026623753203505577,0.04089504881144596,0.9324811979850485
25746,LOF,0.0173784908630849,0.04840254627808059,0.9342189628588347
25747,LOF,0.027507112275369887,0.02258970226757094,0.9499031854570592
25748,LOF,0.12854929275178745,0.03806494276004255,0.83338576448817
25749,LOF,0.014485808863557386,0.03494500935476227,0.9505691817816804
25750,LOF,0.031625246622873665,0.04841775732148053,0.9199569960556458
25751,LOF,0.11171003428392753,0.04225498513236913,0.8460349805837034
25752,GOF,0.12594363727988653,0.592789840405398,0.28126652231471555
25753,LOF,0.007824592490811981,0.296182825168415,0.695992582340773
25754,GOF,0.004789479515555189,0.7809396214934247,0.21427089899102006
25755,LOF,0.008888688508371873,0.385842154088803,0.6052691574028252
25756,LOF,0.042500164496121484,0.3956295009293648,0.5618703345745136
25757,GOF,0.005528820336537747,0.8422419050940751,0.15222927456938706
25758,GOF,0.0073219340026681535,0.8392235414752311,0.1534545245221007
25759,GOF,0.0044650013908679835,0.5459165918521146,0.4496184067570174
25760,LOF,0.005184006666382562,0.2532561749170733,0.7415598184165441
25761,GOF,0.04404145798192895,0.803318161932058,0.152640380086013
25762,LOF,0.03256252400694001,0.28582085656729184,0.6816166194257681
25763,LOF,0.006308194205959581,0.20695465269879323,0.7867371530952473
25764,GOF,0.16974322018383972,0.5012426574413986,0.32901412237476174
25765,GOF,0.01179975664291839,0.7490706120248248,0.23912963133225676
25766,GOF,0.01859826951270878,0.8077796572792622,0.17362207320802903
25767,LOF,0.018968174430658194,0.47352567658761385,0.507506148981728
25768,LOF,0.07250850175572407,0.07755534895623463,0.8499361492880413
25769,LOF,0.08155412023304216,0.05432388648787601,0.8641219932790818
25770,LOF,0.30205036083527714,0.06575351636871127,0.6321961227960117
25771,LOF,0.013632216357028605,0.051569113084834306,0.934798670558137
25772,LOF,0.019861479971110495,0.026199066416410434,0.9539394536124791
25773,LOF,0.010626011500055316,0.11011398417863112,0.8792600043213137
25774,LOF,0.023800459943083874,0.06577869897664972,0.9104208410802666
25775,LOF,0.015102484387898327,0.04380860423787358,0.9410889113742281
25776,LOF,0.08239358480088577,0.019718619439580753,0.8978877957595336
25777,LOF,0.2888561022772394,0.04165623627992984,0.6694876614428307
25778,LOF,0.06955317052798156,0.040055764045644114,0.8903910654263743
25779,GOF,0.06881156590477738,0.8725522782075691,0.05863615588765354
25780,GOF,0.061248433129876496,0.8454493956857795,0.09330217118434402
25781,GOF,0.02555970686865692,0.8456630187716275,0.1287772743597156
25782,GOF,0.03273197727950168,0.8800014777790123,0.08726654494148602
25783,GOF,0.012221497517929707,0.6841548401133732,0.3036236623686969
25784,GOF,0.11486480396152574,0.8231908126880554,0.06194438335041882
25785,GOF,0.08515653673263299,0.8587207404428557,0.05612272282451135
25786,GOF,0.0059606828597798135,0.8091767057802096,0.18486261136001064
25787,GOF,0.2177973427080979,0.7383841929982395,0.04381846429366265
25788,LOF,0.04513848612814036,0.11220185039767856,0.8426596634741812
25789,GOF,0.04073275584011115,0.7998186638607382,0.15944858029915066
25790,GOF,0.04114244795495564,0.8244808760958446,0.13437667594919955
25791,GOF,0.02768546028124341,0.7644173678721639,0.20789717184659276
25792,GOF,0.04464399799393186,0.774098765988539,0.18125723601752916
25793,GOF,0.07281898041257805,0.7282609779120391,0.19892004167538266
25794,GOF,0.10978422329387688,0.6778492150752793,0.21236656163084378
25795,GOF,0.030049032234299757,0.7476717434459021,0.22227922431979807
25796,GOF,0.14491415941772778,0.7293201218679621,0.1257657187143101
25797,GOF,0.03706847224887417,0.5963982541332331,0.36653327361789273
25798,GOF,0.0033861308025347884,0.5427376658559238,0.4538762033415414
25799,LOF,0.0030996112272421144,0.416219880071261,0.5806805087014969
25800,GOF,0.010936757910273336,0.6302819109261018,0.3587813311636248
25801,GOF,0.028743200664729074,0.8184277569923347,0.15282904234293626
25802,GOF,0.019067831622581844,0.7239974197464641,0.256934748630954
25803,GOF,0.009725278215775915,0.60434305590497,0.38593166587925415
25804,LOF,0.011906336261233899,0.484310683345746,0.5037829803930202
25805,GOF,0.02033407474084702,0.5975249111858888,0.3821410140732642
25806,GOF,0.01937564082114933,0.6289078645129458,0.3517164946659048
25807,GOF,0.005753681615060795,0.6387909968144047,0.35545532157053455
25808,GOF,0.015127612528778658,0.6392686358128511,0.3456037516583703
25809,GOF,0.006344180557340332,0.6345643306870293,0.3590914887556304
25810,GOF,0.005445029292276092,0.639192457923718,0.35536251278400594
25811,GOF,0.10703523777635239,0.7794703609447335,0.11349440127891389
25812,GOF,0.012997432050407832,0.6209956558890718,0.3660069120605203
25813,GOF,0.11707546820037164,0.7168434751722635,0.16608105662736486
25814,GOF,0.031729553430186845,0.6947505193806496,0.27351992718916346
25815,GOF,0.04675306716911253,0.7072302889653886,0.24601664386549885
25816,GOF,0.007624301064977521,0.7614894197926639,0.2308862791423586
25817,GOF,0.07631156672233659,0.7557066616394733,0.16798177163819014
25818,GOF,0.018483155207740732,0.6951711818945128,0.28634566289774654
25819,GOF,0.0728381535964043,0.7202235998916054,0.20693824651199028
25820,GOF,0.03526750007931072,0.707499986105065,0.25723251381562423
25821,GOF,0.017555713084804702,0.6936758677249972,0.288768419190198
25822,GOF,0.03784158004066236,0.7003461247850837,0.26181229517425386
25823,GOF,0.011679863486601043,0.5585214320668455,0.42979870444655355
25824,GOF,0.02409491015516596,0.662807793310888,0.3130972965339461
25825,GOF,0.01319815211878296,0.6341544454174686,0.3526474024637485
25826,GOF,0.005298879795715022,0.6109616528576592,0.3837394673466256
25827,GOF,0.0078331396607159,0.6219653882115976,0.3702014721276864
25828,GOF,0.00537069423061901,0.5516472623629963,0.4429820434063846
25829,GOF,0.0028501263219567956,0.596478697012281,0.40067117666576224
25830,LOF,0.03878495027980947,0.3559467182298431,0.6052683314903474
25831,GOF,0.03538843992091242,0.825176210481994,0.1394353495970937
25832,GOF,0.007840024720631411,0.7601133999084695,0.23204657537089904
25833,GOF,0.02824485474101321,0.7984998134262422,0.17325533183274466
25834,GOF,0.008227205487540933,0.7635347736467349,0.228238020865724
25835,GOF,0.018543161886908858,0.8089508010858356,0.17250603702725553
25836,GOF,0.006859856759094969,0.7575729173961099,0.23556722584479514
25837,GOF,0.00652519359715741,0.6770954719215523,0.3163793344812904
25838,GOF,0.02158434510605214,0.8366714962230931,0.14174415867085466
25839,GOF,0.050620129304344744,0.7871583361703123,0.16222153452534302
25840,GOF,0.038933247368814546,0.8165577711861246,0.14450898144506094
25841,GOF,0.03955483586490059,0.8286857965331187,0.13175936760198093
25842,GOF,0.025910501671961055,0.8583481731562564,0.11574132517178246
25843,GOF,0.027093757073725102,0.8722329761782649,0.10067326674801001
25844,GOF,0.018291694260512387,0.7855648026853745,0.19614350305411304
25845,GOF,0.00514372500099874,0.5544171436230405,0.44043913137596086
25846,GOF,0.028451845901285956,0.8494543539273055,0.12209380017140846
25847,GOF,0.01934196224023362,0.8711157728870539,0.10954226487271256
25848,GOF,0.013305100274095106,0.7620870686008824,0.2246078311250226
25849,GOF,0.004294866060896532,0.6544864506333402,0.34121868330576327
25850,GOF,0.007255462133412399,0.6730463903824357,0.319698147484152
25851,GOF,0.0064691576703547115,0.5592334537170494,0.43429738861259587
25852,GOF,0.17225437657225787,0.5129201453596292,0.3148254780681129
25853,GOF,0.06771287285846024,0.8243515427934608,0.1079355843480789
25854,GOF,0.009036592966051017,0.658331064546412,0.33263234248753704
25855,GOF,0.016297252293397638,0.5917411166592396,0.391961631047363
25856,GOF,0.04223099810850552,0.7044824282944765,0.25328657359701806
25857,GOF,0.014625427911703593,0.5499032657576993,0.43547130633059694
25858,GOF,0.007900728157289798,0.5583899191849747,0.4337093526577355
25859,GOF,0.005208569354809255,0.5332121006213445,0.46157933002384627
25860,GOF,0.07638395895349818,0.7775571643571989,0.14605887668930298
25861,GOF,0.12578701757919097,0.7750128007203831,0.09920018170042583
25862,GOF,0.018828854525069258,0.844147112498989,0.1370240329759416
25863,GOF,0.017592057248352232,0.8572704648171443,0.12513747793450336
25864,GOF,0.04287127140384607,0.8814938333596145,0.07563489523653939
25865,GOF,0.03232215883488488,0.8492968000664032,0.11838104109871207
25866,GOF,0.02484196946711036,0.8380503627629493,0.13710766776994024
25867,GOF,0.02732394020546825,0.8639765905544745,0.1086994692400571
25868,GOF,0.05510538822072521,0.7913538927673089,0.15354071901196567
25869,GOF,0.312541838477511,0.5767071285423657,0.11075103298012325
25870,GOF,0.18489669613445553,0.5168368488474016,0.2982664550181429
25871,GOF,0.02952439971598736,0.8358371498203752,0.1346384504636375
25872,GOF,0.01584770487721945,0.762451626116144,0.22170066900663643
25873,GOF,0.017687331751616252,0.8290361794532232,0.15327648879516068
25874,LOF,0.016979260322540282,0.1206545447617491,0.8623661949157106
25875,LOF,0.02508472591900435,0.033949934414824176,0.9409653396661715
25876,LOF,0.014059658875935764,0.028630792778438434,0.9573095483456258
25877,LOF,0.11975187437583507,0.061037876208897494,0.8192102494152674
25878,LOF,0.04781666161866252,0.08008240973334554,0.8721009286479919
25879,LOF,0.022338550615966027,0.06643003451376084,0.9112314148702731
25880,LOF,0.040185381170814494,0.010478262419840952,0.9493363564093446
25881,Neutral,0.5605933305160958,0.04631496116443371,0.3930917083194705
25882,LOF,0.021007289918384353,0.031197399805035112,0.9477953102765806
25883,LOF,0.061205892293279655,0.02290466205234072,0.9158894456543797
25884,LOF,0.011039728210943543,0.03856665044385584,0.9503936213452007
25885,LOF,0.17424650265651076,0.0062257774271157595,0.8195277199163735
25886,LOF,0.2714276839943927,0.05050770833563046,0.6780646076699769
25887,LOF,0.1512041429872866,0.05648500821359259,0.7923108487991208
25888,LOF,0.012727855144114735,0.10779800587847259,0.8794741389774126
25889,LOF,0.012735802206417455,0.030786370499139373,0.9564778272944433
25890,LOF,0.11175706269112615,0.08414459132781556,0.8040983459810583
25891,LOF,0.04488711307431971,0.03825463696961094,0.9168582499560693
25892,LOF,0.011473201190521816,0.04599400509461007,0.9425327937148682
25893,LOF,0.3884144335849428,0.01450990764417112,0.5970756587708861
25894,LOF,0.42594012750457394,0.007521620138343264,0.5665382523570828
25895,LOF,0.343862675547301,0.016229385231232546,0.6399079392214664
25896,LOF,0.04064132593767607,0.02944797777467027,0.9299106962876537
25897,LOF,0.19487061542996056,0.013520634814057325,0.7916087497559822
25898,LOF,0.2077043713547851,0.03791250067870373,0.7543831279665111
25899,LOF,0.1830155656554879,0.02795465648385977,0.7890297778606524
25900,LOF,0.4731910911466119,0.01119888608315163,0.5156100227702365
25901,LOF,0.04833958443755338,0.011936489782947094,0.9397239257794996
25902,LOF,0.09842214758129443,0.018367382714981374,0.8832104697037241
25903,LOF,0.3768222942313786,0.03571614830905204,0.5874615574595694
25904,LOF,0.3003397178345634,0.04702751221480452,0.652632769950632
25905,LOF,0.006699808471556868,0.41322479324921524,0.5800753982792279
25906,LOF,0.008283252423627775,0.12690037826153222,0.86481636931484
25907,LOF,0.003819230201588729,0.36269759467444845,0.6334831751239628
25908,LOF,0.003667418678829622,0.26352736218344375,0.7328052191377266
25909,LOF,0.012799118075150436,0.1568270849234246,0.8303737970014249
25910,LOF,0.0152034417592748,0.15068386312830245,0.8341126951124228
25911,LOF,0.18728405324577707,0.027023304278621374,0.7856926424756017
25912,LOF,0.07644280941598094,0.04321881372487872,0.8803383768591403
25913,LOF,0.07542684875404826,0.05040520468618136,0.8741679465597705
25914,LOF,0.021239341962155756,0.05397675925527719,0.9247838987825672
25915,LOF,0.13993000018525553,0.2903105361297827,0.5697594636849618
25916,LOF,0.02028939830280783,0.18477147181801434,0.7949391298791779
25917,LOF,0.05429533206573141,0.0398801569586525,0.9058245109756162
25918,LOF,0.026246658651076386,0.02988205234166338,0.9438712890072601
25919,LOF,0.021694712732844002,0.02921794292979565,0.9490873443373603
25920,LOF,0.10579007808308942,0.238658225030289,0.6555516968866215
25921,LOF,0.010087312244178817,0.0387678254039881,0.9511448623518332
25922,LOF,0.013178310630078469,0.0300099425324818,0.9568117468374397
25923,Neutral,0.5110214619012331,0.03829487288733001,0.4506836652114368
25924,LOF,0.016421534274214247,0.04503273097889011,0.9385457347468956
25925,LOF,0.07914762251745355,0.04457867657307176,0.8762737009094748
25926,LOF,0.05834215528488378,0.04102410047759384,0.9006337442375223
25927,LOF,0.02041595713568769,0.0698068598927181,0.9097771829715942
25928,LOF,0.007578872094030847,0.05254943880636427,0.939871689099605
25929,Neutral,0.6295883062134575,0.04073094249095957,0.3296807512955829
25930,LOF,0.06775567114077764,0.03422855840006344,0.898015770459159
25931,LOF,0.00997096495286456,0.035588147752864285,0.9544408872942712
25932,LOF,0.03303784146610907,0.03059416815503291,0.936367990378858
25933,LOF,0.04068880241532123,0.019017617996579136,0.9402935795880996
25934,LOF,0.0281100546737598,0.020163500120927172,0.9517264452053131
25935,LOF,0.07043737589018383,0.053607833405390354,0.8759547907044258
25936,LOF,0.048178459623615257,0.024183561048750083,0.9276379793276347
25937,LOF,0.009397059612196714,0.03754202761501949,0.9530609127727838
25938,LOF,0.06949816573933987,0.059889807105636426,0.8706120271550237
25939,LOF,0.03794900134857558,0.023716022004250947,0.9383349766471735
25940,LOF,0.009184342388327132,0.31147543990327303,0.6793402177083999
25941,Neutral,0.5158864922158097,0.02977956672778338,0.45433394105640695
25942,LOF,0.005175672892482549,0.038856388485177785,0.9559679386223396
25943,LOF,0.03452671647100711,0.1350844650326869,0.830388818496306
25944,LOF,0.1179884268633506,0.07934727552257698,0.8026642976140724
25945,LOF,0.05459391900056467,0.018346298626043655,0.9270597823733916
25946,LOF,0.0683486466613269,0.06451662781095648,0.8671347255277168
25947,LOF,0.4542078972118594,0.07293186557526386,0.47286023721287673
25948,LOF,0.30902808677231897,0.008570766591567186,0.6824011466361138
25949,LOF,0.09087968313303392,0.041852590955008435,0.8672677259119577
25950,GOF,0.03646743078985434,0.6057705246341991,0.3577620445759466
25951,LOF,0.014401271297921568,0.4272284508535873,0.558370277848491
25952,LOF,0.26810457257166026,0.29721198810963095,0.4346834393187088
25953,LOF,0.012547245474055278,0.18875597725321794,0.7986967772727268
25954,LOF,0.05154462221165307,0.47312059277147234,0.4753347850168746
25955,LOF,0.010568214826696166,0.17737061864035672,0.8120611665329471
25956,LOF,0.02493164241972875,0.3079323875318608,0.6671359700484104
25957,LOF,0.15281185409743397,0.03520070291404157,0.8119874429885244
25958,LOF,0.0498945957346685,0.028511825377703453,0.921593578887628
25959,LOF,0.011617660094574241,0.4730937999331958,0.5152885399722299
25960,LOF,0.005640397697003536,0.05494357995637723,0.9394160223466193
25961,LOF,0.03829143827105729,0.026741631090489645,0.934966930638453
25962,LOF,0.0325434721287616,0.07825945048521875,0.8891970773860197
25963,LOF,0.005443521402707951,0.24674175054229375,0.7478147280549984
25964,LOF,0.035682930596571405,0.10491381349898081,0.8594032559044479
25965,LOF,0.33596465368129136,0.1290248061478608,0.5350105401708478
25966,Neutral,0.5023161958405564,0.1454349560638141,0.35224884809562956
25967,LOF,0.0069404393663054405,0.09615118398686166,0.8969083766468329
25968,LOF,0.048200587883454236,0.23636996370592556,0.7154294484106201
25969,LOF,0.12975804000017424,0.059962372607773505,0.8102795873920522
25970,LOF,0.018148306331561948,0.10270367960728406,0.879148014061154
25971,LOF,0.06697134401678156,0.029952556851314902,0.9030760991319036
25972,LOF,0.0656601494381256,0.0383850232680049,0.8959548272938694
25973,LOF,0.05457330283889804,0.012077202501860106,0.9333494946592418
25974,LOF,0.03230871517088197,0.04208520009882971,0.9256060847302883
25975,LOF,0.04536659583737748,0.025925174775736182,0.9287082293868862
25976,LOF,0.09853202806008823,0.013121302274855659,0.8883466696650562
25977,LOF,0.1966410761351453,0.05106685853790448,0.7522920653269501
25978,LOF,0.14033124944221068,0.13199693888778516,0.727671811670004
25979,LOF,0.12290219698245101,0.132881033128871,0.744216769888678
25980,LOF,0.24481745403971575,0.15092950184004997,0.6042530441202343
25981,LOF,0.2687064768965298,0.14955501292448342,0.5817385101789867
25982,LOF,0.4254847196404514,0.09774412352660047,0.4767711568329479
25983,LOF,0.3883882550532586,0.11201381885892596,0.4995979260878154
25984,LOF,0.04056142887128647,0.06122209687587235,0.8982164742528411
25985,LOF,0.4160947501533382,0.10529114072665809,0.4786141091200037
25986,LOF,0.01012469484196409,0.3961408823487602,0.5937344228092757
25987,LOF,0.03560201503354425,0.0954849180499695,0.8689130669164862
25988,LOF,0.1622869794256999,0.10156469013474385,0.7361483304395563
25989,LOF,0.03483143324146396,0.12505319966451736,0.8401153670940188
25990,LOF,0.03788264070366829,0.20006496544549213,0.7620523938508397
25991,LOF,0.019740602155834536,0.34149364374830965,0.6387657540958558
25992,LOF,0.023527521441697324,0.3424115601951304,0.6340609183631722
25993,LOF,0.021636525075209304,0.08429178252534453,0.8940716923994463
25994,LOF,0.015712689312846053,0.07864899954433172,0.9056383111428221
25995,LOF,0.021318938780361604,0.1656332044210793,0.8130478567985592
25996,Neutral,0.3583105787781863,0.28958083728701917,0.3521085839347946
25997,LOF,0.07712794613638664,0.3438113439558046,0.5790607099078088
25998,LOF,0.27609203139916255,0.04277061407278716,0.6811373545280504
25999,LOF,0.015706377698175088,0.2437249461322069,0.740568676169618
26000,LOF,0.16059240647888337,0.028631483769970278,0.8107761097511463
26001,LOF,0.31049332342670144,0.024026389809452604,0.6654802867638459
26002,LOF,0.07277103750579382,0.04563439981355352,0.8815945626806526
26003,GOF,0.003732082145096679,0.6043027284788909,0.39196518937601255
26004,GOF,0.006476950560135609,0.7015079937065074,0.292015055733357
26005,LOF,0.0028851589216344923,0.48931995305575626,0.5077948880226092
26006,GOF,0.07712165374203679,0.5478933882210648,0.37498495803689846
26007,GOF,0.006507495972722693,0.550123094701176,0.44336940932610125
26008,GOF,0.005364336317908703,0.6346233246826795,0.3600123389994118
26009,GOF,0.0057811723498126626,0.6580044454899528,0.3362143821602344
26010,GOF,0.00676775588711478,0.6861667971356931,0.3070654469771922
26011,LOF,0.0025596280811787226,0.47711166455446125,0.52032870736436
26012,GOF,0.0037341551696477627,0.5587435702265381,0.4375222746038141
26013,GOF,0.005028572094366947,0.6400785787830374,0.3548928491225956
26014,LOF,0.0442183080674734,0.10932726908820378,0.8464544228443228
26015,LOF,0.12771929850882496,0.024439861799606815,0.8478408396915682
26016,LOF,0.2804987620404376,0.05091880026850027,0.6685824376910621
26017,LOF,0.021803818613817538,0.21767654177830187,0.7605196396078806
26018,LOF,0.06792780385026817,0.045637470241187715,0.8864347259085441
26019,LOF,0.06393587348179024,0.037763327497832885,0.898300799020377
26020,LOF,0.007255532333210783,0.2275141116355769,0.7652303560312123
26021,LOF,0.0634091509964891,0.08441847952457146,0.8521723694789395
26022,LOF,0.02594874422433118,0.027976873069258824,0.94607438270641
26023,LOF,0.04296307337646277,0.028291647317704276,0.928745279305833
26024,LOF,0.03990411225382124,0.0918506945067441,0.8682451932394347
26025,LOF,0.05490678087519406,0.09278388524669422,0.8523093338781118
26026,LOF,0.12742379117628333,0.06954406590663886,0.8030321429170778
26027,LOF,0.05444117321382988,0.022235512733707045,0.923323314052463
26028,LOF,0.08988180053279293,0.11937861297889485,0.7907395864883122
26029,LOF,0.026626591033093523,0.19000904236499988,0.7833643666019064
26030,LOF,0.14380012931080416,0.027182719229978967,0.8290171514592168
26031,LOF,0.012700988755356978,0.1479816153453582,0.8393173958992848
26032,LOF,0.08026862027945238,0.062291115850947605,0.8574402638695999
26033,LOF,0.08248039056192517,0.058645166885130634,0.8588744425529442
26034,LOF,0.015180768864880073,0.15836465227791247,0.8264545788572075
26035,LOF,0.012617742652113385,0.12526497094705047,0.8621172864008362
26036,LOF,0.015987983861599938,0.16076871391946898,0.8232433022189312
26037,LOF,0.011274133196469667,0.10974220903067927,0.8789836577728511
26038,LOF,0.06920531977010791,0.05734581010649008,0.8734488701234021
26039,LOF,0.022837618424133333,0.15080610649319298,0.8263562750826736
26040,LOF,0.10714816207153287,0.1366410065404659,0.7562108313880012
26041,LOF,0.01323295679860426,0.09935371529694184,0.8874133279044538
26042,LOF,0.011981294399355968,0.099551837376418,0.888466868224226
26043,LOF,0.06771562228075788,0.07602665950579227,0.8562577182134499
26044,LOF,0.013006319564457686,0.06247410704908999,0.9245195733864523
26045,LOF,0.04905679017226001,0.10042799857226563,0.8505152112554744
26046,LOF,0.060537156234703154,0.06087289797527362,0.8785899457900233
26047,LOF,0.10188308372534126,0.06322443412221687,0.8348924821524418
26048,LOF,0.044986460480024415,0.04057002933733663,0.9144435101826389
26049,Neutral,0.9682926528707896,0.005604384109860653,0.026102963019349754
26050,Neutral,0.9554195635396857,0.0069657999801300404,0.03761463648018423
26051,LOF,0.013343017885239696,0.16951597334986757,0.8171410087648927
26052,LOF,0.020899435478471808,0.20818884368653345,0.7709117208349948
26053,LOF,0.021729365604011803,0.1448723664164223,0.833398267979566
26054,LOF,0.04735064241275115,0.01658233307360137,0.9360670245136475
26055,LOF,0.05654805843194154,0.014440414283518025,0.9290115272845404
26056,LOF,0.04954419485996508,0.01737644725437039,0.9330793578856645
26057,LOF,0.030815084221961744,0.010997467808356795,0.9581874479696815
26058,LOF,0.03129578243954276,0.009915069662538557,0.9587891478979188
26059,LOF,0.30617952600743087,0.017357650388425835,0.6764628236041432
26060,LOF,0.00976966877358848,0.13329419022281308,0.8569361410035985
26061,LOF,0.005034272853667245,0.012603748030070075,0.9823619791162627
26062,LOF,0.003942135451696595,0.017034090217179547,0.9790237743311239
26063,LOF,0.021473983902479798,0.009477925249730686,0.9690480908477894
26064,LOF,0.006460807402981776,0.02106543587941577,0.9724737567176026
26065,LOF,0.02217609358323282,0.010913630936528721,0.9669102754802384
26066,LOF,0.02058481015183335,0.010251724526781105,0.9691634653213855
26067,LOF,0.027823426465084254,0.008269172707934288,0.9639074008269815
26068,LOF,0.041277065006382764,0.02793292715358742,0.9307900078400297
26069,LOF,0.25954699059659575,0.01615917042054423,0.72429383898286
26070,LOF,0.43920523861355676,0.011684516001298153,0.5491102453851451
26071,LOF,0.02078298541556294,0.01027251381986626,0.9689445007645708
26072,LOF,0.005121400729046373,0.021658390674970416,0.9732202085959832
26073,LOF,0.017900948081611648,0.012806460131971533,0.9692925917864169
26074,Neutral,0.9052071711491869,0.005781456260776423,0.08901137259003662
26075,LOF,0.04070062224105839,0.014281741460310275,0.9450176362986313
26076,LOF,0.03843398276738258,0.008985834794559477,0.952580182438058
26077,LOF,0.11613537897727906,0.008077162576780433,0.8757874584459405
26078,LOF,0.005443972382588059,0.012770615989119306,0.9817854116282926
26079,LOF,0.05218291882098845,0.01562177709108016,0.9321953040879314
26080,LOF,0.04988550003391845,0.01569631747903692,0.9344181824870447
26081,LOF,0.028912474874208966,0.007124473181728335,0.9639630519440626
26082,LOF,0.004635519990502802,0.014620787737205015,0.9807436922722922
26083,LOF,0.12967423970540354,0.015187181739939845,0.8551385785546566
26084,LOF,0.03446297387345178,0.01231842868477301,0.9532185974417752
26085,LOF,0.031064760531860604,0.011047469429854186,0.9578877700382852
26086,LOF,0.019447629199966756,0.01043232918068687,0.9701200416193464
26087,LOF,0.020421542200107275,0.00875544097000658,0.9708230168298863
26088,LOF,0.005307507565541095,0.02232571243295907,0.9723667800014999
26089,LOF,0.038253670305028235,0.019564009218309978,0.9421823204766618
26090,LOF,0.037629178659451167,0.016013607054729016,0.9463572142858199
26091,LOF,0.026818969515358386,0.006496571428023204,0.9666844590566185
26092,LOF,0.020472814785904632,0.007944711615167382,0.9715824735989279
26093,LOF,0.03715632266666345,0.0059159668836498095,0.9569277104496867
26094,LOF,0.02705084501208469,0.006319972875128724,0.9666291821127865
26095,LOF,0.014140989583140036,0.017341376752336816,0.9685176336645233
26096,LOF,0.15119568392783547,0.0056860342300864355,0.843118281842078
26097,LOF,0.0046355832238085416,0.03630007831623944,0.9590643384599521
26098,LOF,0.06949026899930619,0.013206916646956324,0.9173028143537376
26099,LOF,0.01825493714168678,0.012907896199262595,0.9688371666590505
26100,LOF,0.020645418989326685,0.012429502528672158,0.9669250784820012
26101,LOF,0.04574948963294795,0.018438421026548957,0.9358120893405031
26102,LOF,0.020334181859980618,0.01340416784031065,0.9662616502997088
26103,Neutral,0.8674640227559088,0.019201143415141425,0.11333483382894971
26104,LOF,0.06201003945746065,0.022665547927444595,0.9153244126150948
26105,LOF,0.1809777883570813,0.15843217456402753,0.6605900370788912
26106,LOF,0.333058097948348,0.11486930008710564,0.5520726019645463
26107,LOF,0.020521899459457635,0.1028870436685149,0.8765910568720275
26108,LOF,0.34850432066209736,0.04832701793693983,0.6031686614009628
26109,LOF,0.02953167517248258,0.07280666877829443,0.897661656049223
26110,LOF,0.196077790369807,0.0071281632696577665,0.7967940463605353
26111,LOF,0.07901530405745362,0.06424196999551365,0.8567427259470327
26112,LOF,0.03534715081689938,0.006623852497801549,0.9580289966852991
26113,LOF,0.06418183760137708,0.013579796907359989,0.922238365491263
26114,LOF,0.06397000409441075,0.013061460871504515,0.9229685350340847
26115,LOF,0.014423288770163191,0.08228869890571193,0.9032880123241248
26116,LOF,0.08050133297477527,0.04347930261603869,0.8760193644091862
26117,LOF,0.4246821113146086,0.04111040531425291,0.5342074833711385
26118,LOF,0.03308699171514603,0.02204687670509764,0.9448661315797562
26119,LOF,0.004644089710850889,0.048011009748728586,0.9473449005404205
26120,LOF,0.02469570542004828,0.017569557254605156,0.9577347373253465
26121,LOF,0.004340087408426062,0.1531688581649971,0.8424910544265769
