feature0,prediction,LoGoFunc_Neutral,LoGoFunc_GOF,LoGoFunc_LOF
25546,Neutral,0.7290901893849094,0.03642914220332083,0.23448066841176973
25547,Neutral,0.5590990246597288,0.07751046191559575,0.3633905134246753
25548,Neutral,0.5724380565640971,0.05402896987555626,0.37353297356034665
25549,Neutral,0.4869333865873149,0.053946334235333425,0.45912027917735176
25550,LOF,0.3595772189032519,0.09180818641609928,0.5486145946806489
25551,LOF,0.31279712974414703,0.10065988722761379,0.5865429830282392
25552,LOF,0.22575604856223788,0.09683000863316464,0.6774139428045975
25553,Neutral,0.8312582516572202,0.02899342953411197,0.1397483188086678
25554,LOF,0.2587358923675644,0.09246092958336942,0.6488031780490662
25555,LOF,0.2128225039934908,0.08101844261778987,0.7061590533887193
25556,LOF,0.42112224047678337,0.07778938677497123,0.5010883727482454
25557,LOF,0.20953700738513692,0.08506880095190801,0.7053941916629551
25558,LOF,0.2487798027356228,0.09471170928963184,0.6565084879747454
25559,LOF,0.3845832611355487,0.13673707302374802,0.47867966584070326
25560,LOF,0.04717552115729818,0.14816615781909603,0.8046583210236059
25561,LOF,0.09945084300998226,0.15185431665672955,0.7486948403332881
25562,LOF,0.10014135733579449,0.062412804655505555,0.8374458380087
25563,LOF,0.09217026098645482,0.07414392128197123,0.833685817731574
25564,LOF,0.17817683095716014,0.1294548315828754,0.6923683374599644
25565,LOF,0.15006103142029306,0.10101365350944332,0.7489253150702637
25566,GOF,0.018405820466305095,0.7237783627664673,0.25781581676722765
25567,LOF,0.013037290552087901,0.1571655526858523,0.8297971567620598
25568,LOF,0.04916267302494616,0.07906193620117899,0.8717753907738748
25569,LOF,0.061145690116451434,0.07176243768087254,0.8670918722026759
25570,LOF,0.06079198652657027,0.11917032207905565,0.8200376913943741
25571,LOF,0.0577826094603773,0.11101573070153156,0.8312016598380912
25572,LOF,0.06866327362999677,0.13540993347431143,0.7959267928956918
25573,LOF,0.026641131055285757,0.09930064165436776,0.8740582272903464
25574,LOF,0.015392016174380472,0.16529154168688207,0.8193164421387374
25575,LOF,0.044587950291794916,0.12180981717407938,0.8336022325341258
25576,LOF,0.019300903739891354,0.12859371516946458,0.8521053810906442
25577,LOF,0.015012133237628986,0.1404194554018267,0.8445684113605444
25578,LOF,0.24013512963314135,0.09798450024018118,0.6618803701266776
25579,LOF,0.24109104441555498,0.0968983912452317,0.6620105643392133
25580,LOF,0.031607351754821725,0.09121875139833445,0.8771738968468439
25581,LOF,0.05457177386044762,0.07537184540392582,0.8700563807356266
25582,LOF,0.054302325431827295,0.07318485235483513,0.8725128222133376
25583,LOF,0.04206351689378481,0.10448464289252293,0.8534518402136922
25584,Neutral,0.4917350550356081,0.0982500459262263,0.4100148990381655
25585,LOF,0.035594864096209856,0.11154388787810747,0.8528612480256826
25586,LOF,0.029931913611500837,0.09235539809459799,0.8777126882939013
25587,LOF,0.02805675678846689,0.08444265630165045,0.8875005869098826
25588,LOF,0.030650289429853508,0.10524633844488046,0.864103372125266
25589,Neutral,0.6259347530829505,0.11900049142831576,0.2550647554887337
25590,LOF,0.02943033535782569,0.1307406971213521,0.8398289675208221
25591,LOF,0.11389081319216655,0.0637939052518858,0.8223152815559477
25592,LOF,0.08351653859796195,0.1497788041990494,0.7667046572029887
25593,LOF,0.021683687787361964,0.26783639667398457,0.7104799155386535
25594,LOF,0.042246609922918454,0.20952007537014458,0.748233314706937
25595,LOF,0.04705565408348681,0.14396634916889164,0.8089779967476215
25596,LOF,0.05688739081151626,0.07289139615256289,0.8702212130359208
25597,LOF,0.044583317892259576,0.08047724628697187,0.8749394358207686
25598,LOF,0.045244040366776796,0.14165210588005245,0.8131038537531708
25599,GOF,0.010399620580238403,0.7598405905254688,0.22975978889429266
25600,GOF,0.01540204319040913,0.5468856314825553,0.4377123253270357
25601,LOF,0.007517247793665873,0.48490226724793406,0.5075804849584001
25602,LOF,0.025255863672498408,0.042152953072145796,0.9325911832553558
25603,LOF,0.05488277765064531,0.030057622656523526,0.9150595996928311
25604,LOF,0.062119339411766575,0.035814820739187125,0.9020658398490462
25605,LOF,0.013998486317027123,0.25255415510684914,0.7334473585761238
25606,GOF,0.10758699180427538,0.4636138994018343,0.4287991087938902
25607,LOF,0.005807308162774476,0.16266851336293944,0.8315241784742861
25608,LOF,0.06990481029776299,0.055731702580032655,0.8743634871222044
25609,LOF,0.034462131198385,0.41616750500226246,0.5493703637993526
25610,LOF,0.04078489676684542,0.03237377117650407,0.9268413320566505
25611,LOF,0.04106261977024386,0.031188143981233443,0.9277492362485227
25612,LOF,0.09822547362953415,0.0446139149351622,0.8571606114353036
25613,LOF,0.08023108997090173,0.0445536322619483,0.87521527776715
25614,LOF,0.02971501661172739,0.04452475405149837,0.9257602293367743
25615,LOF,0.05498980723858175,0.03992861962983112,0.9050815731315872
25616,LOF,0.03163915094368588,0.039645631472410986,0.9287152175839031
25617,LOF,0.02916022461434315,0.04343775225540636,0.9274020231302504
25618,LOF,0.16866378890888856,0.04011624676618701,0.7912199643249244
25619,LOF,0.029004952354351146,0.03836318799184214,0.9326318596538067
25620,LOF,0.03202086972762889,0.04771637212975075,0.9202627581426203
25621,LOF,0.03272362495365784,0.03670811282987008,0.9305682622164719
25622,LOF,0.037007369445267016,0.04519518902200075,0.9177974415327322
25623,LOF,0.07219288170514128,0.03126596886983162,0.896541149425027
25624,LOF,0.025417488178729495,0.048776936811110394,0.9258055750101601
25625,LOF,0.03807880611245044,0.050557834825281825,0.9113633590622676
25626,LOF,0.08554048435650752,0.036184090194204814,0.8782754254492877
25627,Neutral,0.5567780477880113,0.1501557041410363,0.29306624807095244
25628,LOF,0.15705843898066443,0.07668520129540145,0.7662563597239341
25629,LOF,0.07783298380328445,0.0976925208675384,0.824474495329177
25630,LOF,0.1524926057836766,0.12674516813309564,0.7207622260832278
25631,Neutral,0.5584613813093802,0.1012169243197106,0.34032169437090937
25632,LOF,0.02312883233707949,0.058696427772892495,0.918174739890028
25633,LOF,0.21740854876212062,0.07264507191612661,0.7099463793217526
25634,LOF,0.03380817599166009,0.10471513490127458,0.8614766891070653
25635,LOF,0.03497060077151918,0.0819088575271896,0.8831205417012913
25636,GOF,0.00568008041266557,0.5675887976514903,0.4267311219358442
25637,GOF,0.005536385531666006,0.535616786987444,0.4588468274808899
25638,LOF,0.009904920707930257,0.43056127962935997,0.5595337996627097
25639,LOF,0.004910170587786468,0.40897834891997326,0.5861114804922404
25640,Neutral,0.47677086104203276,0.46136793875332904,0.06186120020463821
25641,LOF,0.00820337003417837,0.3265289713357885,0.6652676586300331
25642,LOF,0.25497119510254246,0.06621821181667896,0.6788105930807786
25643,LOF,0.22839958509880373,0.18821844865331672,0.5833819662478795
25644,GOF,0.017600090173496584,0.6259163985153742,0.3564835113111291
25645,GOF,0.01819459428594904,0.5822317263461123,0.39957367936793864
25646,LOF,0.02127517600542689,0.4061630490927274,0.5725617749018457
25647,LOF,0.018412311385163613,0.3383105834433731,0.6432771051714633
25648,LOF,0.016812986617976877,0.33499150947263495,0.6481955039093881
25649,LOF,0.014400082367580036,0.27398169993580146,0.7116182176966186
25650,GOF,0.03602731981589013,0.6150223954910433,0.3489502846930666
25651,LOF,0.011617489752864729,0.34639974452071776,0.6419827657264175
25652,LOF,0.019513059678241393,0.34649749951064024,0.6339894408111184
25653,GOF,0.07449665226086716,0.46677034266249184,0.458733005076641
25654,LOF,0.016289060316162778,0.29575042249150424,0.687960517192333
25655,GOF,0.11894563551064871,0.4690482148042927,0.4120061496850586
25656,LOF,0.06175412782112037,0.04801210326498498,0.8902337689138947
25657,LOF,0.27254838258763675,0.0233063923625433,0.7041452250498199
25658,LOF,0.046645717753583144,0.05189275818429828,0.9014615240621185
25659,LOF,0.2713500691786671,0.0384575095335707,0.6901924212877623
25660,LOF,0.08047927154213318,0.09539829675596108,0.8241224317019058
25661,LOF,0.053496475967634606,0.07090383270378775,0.8755996913285776
25662,LOF,0.029111850600011407,0.04431261184968541,0.9265755375503033
25663,LOF,0.041517540027149615,0.06912038176745276,0.8893620782053976
25664,LOF,0.03783157651897541,0.09027244969178078,0.8718959737892438
25665,LOF,0.056517363958281844,0.04593625089845385,0.8975463851432642
25666,LOF,0.038320486019311886,0.13534733210376515,0.8263321818769229
25667,LOF,0.029586001785521884,0.05513212246574244,0.9152818757487358
25668,LOF,0.034167869877973954,0.06355217187125156,0.9022799582507746
25669,LOF,0.03961877561650058,0.09346163279433745,0.866919591589162
25670,LOF,0.1435415628598188,0.06167095110311662,0.7947874860370645
25671,LOF,0.039314269377984254,0.04701951290894714,0.9136662177130686
25672,LOF,0.056150291697347754,0.06569585697788576,0.8781538513247666
25673,LOF,0.04301687804429603,0.056416181412751135,0.9005669405429529
25674,LOF,0.0331965806735932,0.06587415870479602,0.9009292606216107
25675,LOF,0.039865041660513724,0.05254927215209259,0.9075856861873937
25676,LOF,0.03224166855980906,0.05906027274556187,0.908698058694629
25677,LOF,0.06420919068537091,0.062427749462981456,0.8733630598516477
25678,LOF,0.24493285534867523,0.04870272184739565,0.706364422803929
25679,LOF,0.15450849829026017,0.062627906447637,0.7828635952621029
25680,LOF,0.06850059120281264,0.08974090205967777,0.8417585067375096
25681,LOF,0.11505386294774426,0.0826071446776279,0.8023389923746279
25682,LOF,0.047362841143681646,0.07039535509298761,0.8822418037633307
25683,LOF,0.07475331647085705,0.08405855808228556,0.8411881254468574
25684,LOF,0.054500617603348275,0.07236238815871004,0.8731369942379418
25685,LOF,0.12192806431189125,0.035685140526142675,0.842386795161966
25686,LOF,0.038880582089520346,0.08616860600601926,0.8749508119044604
25687,LOF,0.062376472503496386,0.0804477999800037,0.8571757275164998
25688,LOF,0.025775370206679016,0.1170986651829723,0.8571259646103487
25689,LOF,0.02064825448677603,0.08150913404223158,0.8978426114709924
25690,LOF,0.01839565163041437,0.10192996955764684,0.8796743788119388
25691,LOF,0.1691632961771623,0.16021920683738086,0.6706174969854568
25692,LOF,0.24864729677032907,0.020072940781629835,0.731279762448041
25693,LOF,0.05357084590804779,0.13295231589563553,0.8134768381963167
25694,LOF,0.2657772540345248,0.011076673539751617,0.7231460724257236
25695,LOF,0.17457778921361972,0.015582900609120607,0.8098393101772596
25696,LOF,0.1531578794092371,0.009233866007458772,0.8376082545833041
25697,LOF,0.1320213290627494,0.02989198960010436,0.8380866813371463
25698,LOF,0.026908262017932727,0.31882179936090077,0.6542699386211666
25699,LOF,0.07732772359396224,0.08047236218374713,0.8421999142222907
25700,LOF,0.0297870161287147,0.013986948046170861,0.9562260358251145
25701,LOF,0.011902520716232757,0.08536018441318328,0.9027372948705839
25702,GOF,0.03173884890579696,0.7187769156951455,0.24948423539905765
25703,LOF,0.019471115577902237,0.16444090587757426,0.8160879785445234
25704,LOF,0.09205995894112047,0.15946012727273318,0.7484799137861464
25705,LOF,0.06695758729781512,0.25244229689241265,0.6806001158097723
25706,GOF,0.03943337917210362,0.5980249953803017,0.3625416254475947
25707,GOF,0.036464616278866324,0.6251512590288807,0.33838412469225293
25708,GOF,0.007865046942702946,0.5749864816978902,0.41714847135940686
25709,LOF,0.01877731144021469,0.07842020081780518,0.9028024877419801
25710,LOF,0.008341532642283891,0.1851276395539112,0.8065308278038049
25711,LOF,0.021029861802149108,0.13262876969240578,0.8463413685054451
25712,LOF,0.008882984057651894,0.2434948321592691,0.747622183783079
25713,LOF,0.019684277995573114,0.1193261282841565,0.8609895937202705
25714,LOF,0.021712085419280356,0.16498195021804454,0.813305964362675
25715,LOF,0.019937319181052866,0.15057339886596663,0.8294892819529806
25716,LOF,0.014851520841037861,0.1188831467645353,0.8662653323944268
25717,LOF,0.006715108948504408,0.12286843935800694,0.8704164516934886
25718,LOF,0.020140979124331874,0.08668345691501152,0.8931755639606566
25719,LOF,0.03677121087881729,0.10318766906467061,0.8600411200565121
25720,LOF,0.029173609413754704,0.09510856251902183,0.8757178280672235
25721,LOF,0.023854594141628375,0.1135444941376706,0.862600911720701
25722,LOF,0.016454578652095167,0.1595526913750417,0.8239927299728632
25723,LOF,0.02248600109086814,0.09674280289667407,0.8807711960124578
25724,LOF,0.025928014975775772,0.16493160090272466,0.8091403841214996
25725,LOF,0.021084089149190875,0.0914080267841133,0.8875078840666958
25726,LOF,0.016173169725664547,0.12940380003762017,0.8544230302367153
25727,LOF,0.02126645585830165,0.11490788373619003,0.8638256604055083
25728,LOF,0.020963529182900936,0.11670979211174796,0.8623266787053511
25729,LOF,0.02056172057400185,0.12763719350502623,0.8518010859209719
25730,LOF,0.02348145865080703,0.0886986549545838,0.8878198863946091
25731,LOF,0.011393833387305938,0.18420747182798636,0.8043986947847077
25732,LOF,0.01929643188704989,0.10528679208784263,0.8754167760251074
25733,LOF,0.02711152741740598,0.10626798861690677,0.8666204839656871
25734,LOF,0.0071690069593567255,0.24265780976353074,0.7501731832771126
25735,LOF,0.022189869256422655,0.08306427628377976,0.8947458544597976
25736,LOF,0.020184327546635836,0.13996343903794556,0.8398522334154186
25737,LOF,0.04059899770932144,0.12404281570889411,0.8353581865817845
25738,LOF,0.02044566712285418,0.1759309653027096,0.8036233675744362
25739,LOF,0.0231004274749153,0.14206546819572427,0.8348341043293604
25740,LOF,0.05119656117428498,0.16251167279953602,0.786291766026179
25741,LOF,0.02795491732223017,0.1398593729250449,0.8321857097527248
25742,LOF,0.04772201032614695,0.13584210241380837,0.8164358872600447
25743,LOF,0.013320316401067471,0.030031149984892275,0.9566485336140401
25744,LOF,0.180791698155935,0.3114925897347965,0.5077157121092686
25745,LOF,0.03438548583041344,0.11223937388864007,0.8533751402809465
25746,LOF,0.015222091946831275,0.16283476096785812,0.8219431470853106
25747,LOF,0.0346613939462404,0.030450023637984717,0.934888582415775
25748,LOF,0.2781566847221324,0.05886179242687896,0.6629815228509885
25749,LOF,0.014324221566117509,0.09319500468442662,0.8924807737494559
25750,LOF,0.01917396890299283,0.09731154900373919,0.883514482093268
25751,LOF,0.04714352976665345,0.04709081355583764,0.905765656677509
25752,GOF,0.10283797404619878,0.679084609378306,0.2180774165754953
25753,LOF,0.007107972198127955,0.34561374841187026,0.6472782793900018
25754,GOF,0.007676139877237553,0.8551091187034119,0.13721474141935075
25755,LOF,0.008337447268811495,0.40235514841862446,0.589307404312564
25756,LOF,0.05237306581211892,0.4073146624551118,0.5403122717327693
25757,GOF,0.008325552092078886,0.856056385632471,0.13561806227545012
25758,GOF,0.009376009324910776,0.8639545464348557,0.1266694442402336
25759,GOF,0.005981973354115253,0.5571025016562567,0.436915524989628
25760,LOF,0.006152064041134008,0.26642872755696584,0.7274192084019001
25761,GOF,0.05692431657166756,0.8504005081046847,0.09267517532364776
25762,LOF,0.02812501030130056,0.33324058550584645,0.638634404192853
25763,LOF,0.006698043877205064,0.24787373052848652,0.7454282255943084
25764,GOF,0.07361630327382628,0.6060084967247186,0.32037520000145525
25765,GOF,0.008433866939230384,0.8545252955440364,0.13704083751673318
25766,GOF,0.0403687008385733,0.8020071185396416,0.15762418062178515
25767,GOF,0.012031765113808749,0.5542725361183594,0.4336956987678318
25768,LOF,0.0403311027928391,0.06979128854226331,0.8898776086648975
25769,LOF,0.023803863440425056,0.1039788326269096,0.8722173039326654
25770,LOF,0.18326518768085312,0.08119934624842028,0.7355354660707266
25771,LOF,0.015573168341221688,0.08904429112162522,0.895382540537153
25772,LOF,0.024863425796994246,0.04080132677527277,0.934335247427733
25773,LOF,0.019387223450396854,0.08027208457265163,0.9003406919769515
25774,LOF,0.029441069049992625,0.12318908447968381,0.8473698464703237
25775,LOF,0.023490580648162087,0.04793725289739741,0.9285721664544404
25776,LOF,0.025598604391210433,0.035660912728691395,0.9387404828800983
25777,LOF,0.2597664824506488,0.09386024322403752,0.6463732743253138
25778,LOF,0.01821367402054694,0.08312301214831455,0.8986633138311385
25779,GOF,0.034997457999040055,0.9009901141878646,0.06401242781309534
25780,GOF,0.06170097486870262,0.8945051579932835,0.043793867138014
25781,GOF,0.030411263412293443,0.8926638462756307,0.07692489031207572
25782,GOF,0.027753920370798043,0.9162577972988452,0.055988282330356735
25783,GOF,0.02514797339513503,0.9278601773251204,0.0469918492797446
25784,GOF,0.08182593744530947,0.8814246885714895,0.036749373983201036
25785,GOF,0.07699963019534321,0.888933503846867,0.03406686595778965
25786,GOF,0.009327621047210938,0.8987683860095251,0.09190399294326404
25787,GOF,0.16697264535542142,0.7946304838716861,0.038396870772892576
25788,LOF,0.014865364902936114,0.2215043106959185,0.7636303244011454
25789,GOF,0.0169207735186658,0.8841172694496183,0.09896195703171592
25790,GOF,0.01859380878590289,0.897968562958627,0.08343762825547002
25791,GOF,0.019913029395885313,0.8406103873644626,0.1394765832396522
25792,GOF,0.022949270097835615,0.8585494686380759,0.1185012612640886
25793,GOF,0.06854046646627146,0.8559177399282903,0.075541793605438
25794,GOF,0.0490462807584067,0.8151396964764439,0.13581402276514937
25795,GOF,0.04102245545128177,0.7848848340275443,0.17409271052117398
25796,GOF,0.08349574139353905,0.8401497906942156,0.07635446791224525
25797,GOF,0.05810117407811518,0.8039759960866987,0.1379228298351862
25798,GOF,0.004737430539773132,0.7941685082754835,0.20109406118474335
25799,GOF,0.004131375212425396,0.74774624381798,0.24812238096959455
25800,GOF,0.02109464648173918,0.8510774617929225,0.12782789172533826
25801,GOF,0.015859918932044755,0.9038111843622264,0.08032889670572872
25802,GOF,0.02620256466813387,0.857248531510451,0.1165489038214151
25803,GOF,0.018342026883281005,0.7691535862685389,0.2125043868481801
25804,GOF,0.02472478120428711,0.8129014945230453,0.16237372427266772
25805,GOF,0.025224932811390734,0.8367018424734598,0.1380732247151496
25806,GOF,0.02389707798379771,0.836375106020815,0.13972781599538717
25807,GOF,0.007752526362063434,0.7921910642580365,0.2000564093799
25808,GOF,0.015733843704801208,0.828840059343716,0.15542609695148274
25809,GOF,0.00896322684282681,0.7728564711275694,0.21818030202960376
25810,GOF,0.007577810424616662,0.7595248851163872,0.23289730445899626
25811,GOF,0.04015505701356289,0.8966821178867367,0.06316282509970036
25812,GOF,0.029487891584593303,0.8327418219812066,0.13777028643420008
25813,GOF,0.11595612467116032,0.819228127517838,0.06481574781100162
25814,GOF,0.027614276148827728,0.842748265584512,0.1296374582666603
25815,GOF,0.05311622915877775,0.861608201797772,0.08527556904345032
25816,GOF,0.009849899150427468,0.8815887976453045,0.10856130320426799
25817,GOF,0.08577555191553252,0.8383608512711498,0.07586359681331761
25818,GOF,0.021895260265071312,0.8289773779952399,0.14912736173968888
25819,GOF,0.06362784548907954,0.791383890041206,0.14498826446971444
25820,GOF,0.031767624479166666,0.76075789179768,0.20747448372315322
25821,GOF,0.02183353889023443,0.7777254107784224,0.20044105033134327
25822,GOF,0.03618940161642291,0.7782936927543497,0.18551690562922737
25823,GOF,0.02401350995749649,0.7634665258925307,0.2125199641499727
25824,GOF,0.024236244320991543,0.8236993311097588,0.15206442456924973
25825,GOF,0.01910138217830076,0.8135483293538249,0.16735028846787442
25826,GOF,0.007961420525803068,0.7659537892612751,0.2260847902129219
25827,GOF,0.011821305111449737,0.7292172574689834,0.25896143741956695
25828,GOF,0.008980942798131334,0.7646603857998523,0.22635867140201638
25829,GOF,0.0041291114329368795,0.7270705455409332,0.26880034302612976
25830,GOF,0.035194775290606314,0.5363757123981396,0.428429512311254
25831,GOF,0.049278268679457594,0.8253959854167454,0.125325745903797
25832,GOF,0.00895637026393779,0.7894639563850345,0.20157967335102767
25833,GOF,0.031269753077862415,0.840701779374358,0.12802846754777958
25834,GOF,0.009913287434434955,0.8046484651643697,0.1854382474011953
25835,GOF,0.022570479969400554,0.8668519857539408,0.11057753427665863
25836,GOF,0.006804677269869462,0.8026314380295824,0.19056388470054814
25837,GOF,0.008246143111044942,0.8131291199040066,0.17862473698494855
25838,GOF,0.022457239141356753,0.8647382409269847,0.11280451993165855
25839,GOF,0.04559296311948994,0.8336426355975075,0.1207644012830024
25840,GOF,0.0664863748100121,0.833467663549278,0.10004596164071002
25841,GOF,0.06962455539356018,0.8434875728556723,0.08688787175076747
25842,GOF,0.027363237997847983,0.9041887573632887,0.06844800463886334
25843,GOF,0.025007829743138456,0.9012127560574796,0.07377941419938194
25844,GOF,0.01652947516791029,0.86270469347521,0.12076583135687982
25845,GOF,0.006407047716378215,0.7977746756459957,0.19581827663762616
25846,GOF,0.06448269127618497,0.842131812774301,0.09338549594951394
25847,GOF,0.016869111141142618,0.9119227774682866,0.0712081113905707
25848,GOF,0.019387456667091612,0.8680560737721968,0.11255646956071147
25849,GOF,0.006972299318224436,0.8617268402133457,0.13130086046842995
25850,GOF,0.005718977415373427,0.7716021128321379,0.22267890975248883
25851,GOF,0.005475476889787376,0.7293597852395316,0.26516473787068096
25852,GOF,0.13871928710246023,0.622162751479042,0.23911796141849778
25853,GOF,0.06642307826808835,0.8288947973042956,0.10468212442761601
25854,GOF,0.005877554705513184,0.7544083098160119,0.23971413547847478
25855,GOF,0.02377419938659376,0.7423679400084824,0.2338578606049239
25856,GOF,0.04477081310439037,0.8203122338926461,0.13491695300296352
25857,GOF,0.024942501200046513,0.760475167712107,0.21458233108784655
25858,GOF,0.010711170962685493,0.7888252182755436,0.20046361076177074
25859,GOF,0.008209015168577279,0.7822403477919292,0.20955063703949356
25860,GOF,0.07148947824665908,0.8422406901229956,0.08626983163034527
25861,GOF,0.08472283672405904,0.837619853124155,0.07765731015178604
25862,GOF,0.020350879874196568,0.9045805514367696,0.07506856868903376
25863,GOF,0.02223829032754967,0.8878014594939355,0.08996025017851493
25864,GOF,0.05899654590511692,0.8924540376762393,0.04854941641864372
25865,GOF,0.04196895729380018,0.8643139275041504,0.0937171152020495
25866,GOF,0.02450068588067285,0.8927411263405833,0.0827581877787438
25867,GOF,0.039172225239632916,0.8882478871181255,0.07257988764224162
25868,GOF,0.05571987129194966,0.8508524863835087,0.09342764232454168
25869,GOF,0.33984433491130384,0.5958126019794727,0.06434306310922357
25870,GOF,0.05925915332176171,0.6412436807485193,0.2994971659297191
25871,GOF,0.010946251372943694,0.8897567232048958,0.09929702542216033
25872,GOF,0.018791255453159274,0.8706900474562564,0.11051869709058412
25873,GOF,0.01920199299760433,0.8998453587419027,0.08095264826049303
25874,LOF,0.015466009948070463,0.257551739519153,0.7269822505327765
25875,LOF,0.030822375781493244,0.059763163589913876,0.9094144606285929
25876,LOF,0.018771616274759945,0.03863310077815207,0.9425952829470879
25877,LOF,0.10789707442050031,0.08898501912803451,0.8031179064514653
25878,LOF,0.07343403153449825,0.13745079975068772,0.789115168714814
25879,LOF,0.018441325636291334,0.09639639552343922,0.8851622788402695
25880,LOF,0.06500245988639794,0.01524189208815058,0.9197556480254514
25881,Neutral,0.49566557248374693,0.07246539828048842,0.4318690292357647
25882,LOF,0.06838777177017996,0.03135427960069561,0.9002579486291244
25883,LOF,0.02776130131668195,0.040874947928684346,0.9313637507546336
25884,LOF,0.017507535051840065,0.07293670598679806,0.909555758961362
25885,LOF,0.19625233131629116,0.014489286205171842,0.789258382478537
25886,LOF,0.27404010311241284,0.07688487636691867,0.6490750205206685
25887,LOF,0.12678618229582017,0.08139963046528575,0.7918141872388941
25888,LOF,0.008459287992248004,0.13798752692974345,0.8535531850780085
25889,LOF,0.024646407109291012,0.05147692596179975,0.9238766669289092
25890,LOF,0.17759326308726422,0.0785583565639515,0.7438483803487842
25891,LOF,0.12438907393267012,0.025761957056518826,0.849848969010811
25892,LOF,0.010376300131015323,0.03189531570473942,0.9577283841642452
25893,LOF,0.3843812484905578,0.009366246737961393,0.6062525047714807
25894,LOF,0.4273152522751816,0.007030240407126943,0.5656545073176915
25895,LOF,0.3657587192891506,0.01275777687942341,0.621483503831426
25896,LOF,0.070337430866054,0.025312552881638885,0.9043500162523072
25897,LOF,0.1754929101744788,0.009138208996768982,0.8153688808287523
25898,LOF,0.14308137506433646,0.03388483241844363,0.8230337925172199
25899,LOF,0.4350915908364448,0.030391472720353203,0.5345169364432021
25900,Neutral,0.5061783501329152,0.007916991912808766,0.485904657954276
25901,LOF,0.06755042270232134,0.011160591621288213,0.9212889856763904
25902,LOF,0.17314447030814858,0.01145000448503049,0.8154055252068209
25903,LOF,0.36355809467260003,0.025125319052528523,0.6113165862748715
25904,Neutral,0.5270294438779352,0.035180589350801685,0.4377899667712632
25905,LOF,0.00741941413802937,0.48320824604369794,0.5093723398182727
25906,LOF,0.008047532695031324,0.09066694437960149,0.9012855229253671
25907,LOF,0.0077955658628978105,0.3030282620354709,0.6891761721016313
25908,LOF,0.00697595640557168,0.29390864490976987,0.6991153986846586
25909,LOF,0.028945218858740053,0.130152092562459,0.8409026885788009
25910,LOF,0.012677143025114622,0.14068060098212853,0.8466422559927569
25911,LOF,0.23219320278093167,0.06266614506803439,0.7051406521510339
25912,LOF,0.10541185738503671,0.03530461649620547,0.8592835261187578
25913,LOF,0.028211559791135953,0.06283766674774467,0.9089507734611194
25914,LOF,0.036428980915856446,0.024865253809796293,0.9387057652743471
25915,LOF,0.18674091766799392,0.10918250308301082,0.7040765792489952
25916,LOF,0.02638034252667431,0.05314894286115982,0.920470714612166
25917,LOF,0.07450249860794067,0.022004639304301153,0.9034928620877581
25918,LOF,0.042028259895469766,0.014510271585187475,0.9434614685193429
25919,LOF,0.03624631632583815,0.014170587599716372,0.9495830960744455
25920,LOF,0.3468006344498045,0.25084356506937533,0.4023558004808201
25921,LOF,0.015590323604991827,0.04263124258427381,0.9417784338107344
25922,LOF,0.01830018021464184,0.04323998069353352,0.9384598390918247
25923,LOF,0.4310210433317984,0.03578492794834221,0.5331940287198593
25924,LOF,0.02646333230496387,0.059320904473784575,0.9142157632212515
25925,LOF,0.09062896414627766,0.048299037903662474,0.8610719979500598
25926,LOF,0.06977244247133794,0.04635790557847422,0.8838696519501879
25927,LOF,0.02338461364004891,0.09938849335454536,0.8772268930054058
25928,LOF,0.011191289915822602,0.059606763554767815,0.9292019465294097
25929,Neutral,0.5681112927721487,0.03384213935012605,0.39804656787772524
25930,LOF,0.0751528175296834,0.035394846224466724,0.88945233624585
25931,LOF,0.01386187319559885,0.045561007946157576,0.9405771188582436
25932,LOF,0.06405695957278702,0.04044514972311945,0.8954978907040935
25933,LOF,0.06484775895535495,0.023348516475962134,0.9118037245686829
25934,LOF,0.055417568617945966,0.023024947002054055,0.92155748438
25935,LOF,0.08254839038260142,0.05800324349621441,0.8594483661211842
25936,LOF,0.10923928232941156,0.02367721792870016,0.8670834997418883
25937,LOF,0.021242227944998582,0.029989837730832088,0.9487679343241693
25938,LOF,0.0793425970946829,0.04970613727964151,0.8709512656256756
25939,LOF,0.04698070448249012,0.03210771516429331,0.9209115803532166
25940,LOF,0.009268547531247236,0.4433646577696115,0.5473667946991413
25941,Neutral,0.4772862103232775,0.05011877565171975,0.4725950140250028
25942,LOF,0.010682644952645929,0.060311175168271315,0.9290061798790827
25943,LOF,0.04670347802507518,0.17449652951128053,0.7787999924636443
25944,LOF,0.039090973576116565,0.08243857220214312,0.8784704542217402
25945,LOF,0.12456335204242958,0.035526429003360685,0.8399102189542098
25946,LOF,0.06716012506560548,0.037055595367538205,0.8957842795668564
25947,Neutral,0.5514748604629446,0.06707354426020908,0.38145159527684636
25948,LOF,0.4128501738458124,0.02089720841404401,0.5662526177401435
25949,LOF,0.16051600059094895,0.07879900312788642,0.7606849962811646
25950,GOF,0.06180309886530993,0.48321267493968717,0.4549842261950029
25951,LOF,0.015582641917087135,0.39730722873688756,0.5871101293460252
25952,LOF,0.2489672335392937,0.20910748369911697,0.5419252827615894
25953,LOF,0.008836332475554294,0.21090969645852498,0.7802539710659206
25954,LOF,0.07203856034652968,0.31143392410956616,0.6165275155439041
25955,LOF,0.007565121601564753,0.21653747436602638,0.7758974040324088
25956,LOF,0.014374780593757684,0.30660859773239524,0.679016621673847
25957,LOF,0.15434523425726274,0.028710189266187083,0.81694457647655
25958,LOF,0.029691226299569703,0.06700622374859777,0.9033025499518325
25959,GOF,0.007183941392661287,0.8025341246791886,0.19028193392815
25960,LOF,0.004913744787022912,0.1176660725906944,0.8774201826222827
25961,LOF,0.02823153097358801,0.054261588502409266,0.9175068805240026
25962,LOF,0.052154417362130265,0.08862815480360785,0.8592174278342619
25963,LOF,0.007189106650241982,0.15282200205202018,0.8399888912977378
25964,LOF,0.028014694450952966,0.1309515376963623,0.8410337678526848
25965,LOF,0.24656107086167833,0.13280498602300736,0.6206339431153143
25966,LOF,0.3767161243505235,0.08040897668100817,0.5428748989684684
25967,LOF,0.007837839733672948,0.06043160381314338,0.9317305564531838
25968,LOF,0.040977909129377925,0.21839928323746388,0.7406228076331582
25969,LOF,0.1777596095795431,0.05390597853168727,0.7683344118887697
25970,LOF,0.06639128301570153,0.06772269983138635,0.8658860171529121
25971,LOF,0.08104114286725125,0.03344240647253081,0.885516450660218
25972,LOF,0.07652413324268612,0.06147659051925417,0.8619992762380598
25973,LOF,0.0667988005203671,0.010456743026618412,0.9227444564530144
25974,LOF,0.041751138555219176,0.041955310361131815,0.9162935510836491
25975,LOF,0.04104091738617233,0.020202448696331515,0.9387566339174962
25976,LOF,0.08482837133702298,0.011166099929255656,0.9040055287337214
25977,LOF,0.25701672808142745,0.0565431155362158,0.6864401563823569
25978,LOF,0.166555956586971,0.1524576144847668,0.6809864289282621
25979,LOF,0.13985186053126422,0.1658744443700265,0.6942736950987094
25980,LOF,0.2183848761862028,0.22350438321965269,0.5581107405941444
25981,LOF,0.21897222165311594,0.22549513849628675,0.5555326398505973
25982,LOF,0.4182004127607913,0.11580082785097678,0.4659987593882319
25983,LOF,0.42231874620632076,0.14403038136795304,0.4336508724257262
25984,LOF,0.047034301768269705,0.10013533889765182,0.8528303593340785
25985,LOF,0.4046493218876204,0.13733674212148,0.45801393599089973
25986,LOF,0.011724670894354569,0.4776979906336686,0.5105773384719768
25987,LOF,0.047649319797534215,0.11065801451259705,0.8416926656898688
25988,LOF,0.042832244250645794,0.1567784418867688,0.8003893138625854
25989,LOF,0.04938082838089837,0.20118703848517464,0.7494321331339271
25990,LOF,0.04243386135286839,0.32370210835304025,0.6338640302940914
25991,GOF,0.02438514832046685,0.4907737671941833,0.4848410844853499
25992,LOF,0.016790824062678414,0.4376910644854567,0.5455181114518648
25993,LOF,0.03001395631299997,0.06646430360403782,0.9035217400829622
25994,LOF,0.025012217871909236,0.07308761905709077,0.9019001630710001
25995,LOF,0.021793008030574112,0.12722721112877589,0.8509797808406501
25996,Neutral,0.3970136237714975,0.36964122578372643,0.23334515044477616
25997,LOF,0.06629779943472648,0.44747130977431704,0.4862308907909563
25998,LOF,0.2555512562353178,0.04112860273125563,0.7033201410334265
25999,LOF,0.03674746553792547,0.09754436417436438,0.8657081702877101
26000,LOF,0.1520853199251357,0.012811240898010716,0.8351034391768536
26001,LOF,0.25179770379229194,0.01664768153063848,0.7315546146770697
26002,LOF,0.1264842579016877,0.020851541273923826,0.8526642008243884
26003,GOF,0.007341774983574748,0.618629697309868,0.37402852770655715
26004,GOF,0.0171293614475809,0.6401658936000367,0.34270474495238246
26005,LOF,0.005553895561713384,0.4692574551549086,0.525188649283378
26006,GOF,0.09460468943146111,0.533076038995804,0.37231927157273503
26007,GOF,0.01205268836603069,0.5023341955466191,0.48561311608735014
26008,GOF,0.0059701511365504185,0.5804963357526369,0.4135335131108127
26009,GOF,0.01215446443016445,0.633780730650038,0.3540648049197976
26010,GOF,0.010625649413883342,0.5844058600005715,0.4049684905855452
26011,LOF,0.004429050918544576,0.4080888715486856,0.5874820775327698
26012,GOF,0.004973351477905033,0.5539436127095368,0.44108303581255814
26013,GOF,0.010501229905400688,0.5552235778746157,0.4342751922199836
26014,LOF,0.060593368551034046,0.09735314830005933,0.8420534831489067
26015,LOF,0.3568971869301926,0.05356658596620084,0.5895362271036066
26016,LOF,0.27818924198815836,0.06649048060992108,0.6553202774019206
26017,LOF,0.013581700240903544,0.2850123541019198,0.7014059456571767
26018,LOF,0.02419856891640543,0.12623522805603266,0.8495662030275619
26019,LOF,0.02337507007677532,0.1107026377793456,0.8659222921438792
26020,LOF,0.007609531620852637,0.25251905509556205,0.7398714132835853
26021,LOF,0.0720126654981362,0.11983973657734452,0.8081475979245192
26022,LOF,0.037296041893325894,0.05755246790856268,0.9051514901981115
26023,LOF,0.01797148001999705,0.0876067358377672,0.8944217841422358
26024,LOF,0.050693105492693506,0.09817924762375184,0.8511276468835546
26025,LOF,0.10417420483332834,0.12485503083986216,0.7709707643268096
26026,LOF,0.11085935508873505,0.10401204295104406,0.7851286019602209
26027,LOF,0.024425988135129306,0.05568645182555554,0.9198875600393153
26028,LOF,0.09144233527482733,0.17361759438342164,0.734940070341751
26029,LOF,0.024739943595683316,0.16344758991409655,0.8118124664902202
26030,LOF,0.13265652012004311,0.020766405387892824,0.8465770744920641
26031,LOF,0.010518730462612993,0.1297262750997373,0.8597549944376496
26032,LOF,0.03599549984693994,0.03702117818799303,0.9269833219650669
26033,LOF,0.03631026828170831,0.03797675895144035,0.9257129727668514
26034,LOF,0.016508176948174497,0.10760196472863938,0.8758898583231861
26035,LOF,0.013790900547007249,0.10147039870060667,0.8847387007523861
26036,LOF,0.012803760045474781,0.08772310036163275,0.8994731395928925
26037,LOF,0.012125021304365541,0.09368926974882584,0.8941857089468087
26038,LOF,0.029366300413353915,0.03189525344850222,0.938738446138144
26039,LOF,0.036077372458906805,0.1178962904292048,0.8460263371118883
26040,LOF,0.07169826910205923,0.12212943630183376,0.8061722945961071
26041,LOF,0.014574397525160428,0.0915958568806651,0.8938297455941746
26042,LOF,0.014226879594350096,0.09724770117748834,0.8885254192281615
26043,LOF,0.029703849930979267,0.05425951009183992,0.9160366399771809
26044,LOF,0.009562515642361546,0.03857781188954808,0.9518596724680904
26045,LOF,0.07652481115874844,0.11965256575417967,0.803822623087072
26046,LOF,0.026303149099307022,0.04096098290432795,0.9327358679963651
26047,LOF,0.052353985659549455,0.042328761285485565,0.905317253054965
26048,LOF,0.08158245103325844,0.017788931912729653,0.900628617054012
26049,Neutral,0.9355769206701237,0.006433992873386005,0.05798908645649043
26050,Neutral,0.902325977253888,0.0067906600902138585,0.090883362655898
26051,LOF,0.029211437407101082,0.05892220008385236,0.9118663625090465
26052,LOF,0.032991506002665524,0.05484529829453319,0.9121631957028012
26053,LOF,0.023699636438408014,0.14729256638664398,0.829007797174948
26054,LOF,0.04778506772623756,0.037151651100474074,0.9150632811732883
26055,LOF,0.0694076508008248,0.03298999730993673,0.8976023518892385
26056,LOF,0.0577473952387155,0.0419391418136497,0.9003134629476348
26057,LOF,0.05145472648396591,0.020303066911043253,0.9282422066049908
26058,LOF,0.056092485608940194,0.01585350351029335,0.9280540108807664
26059,LOF,0.20252077110065816,0.03780694628000975,0.7596722826193321
26060,LOF,0.02358691459092278,0.16414046227051524,0.8122726231385621
26061,LOF,0.012421906403095366,0.011963200852086997,0.9756148927448177
26062,LOF,0.006756384874395753,0.018428861170590387,0.9748147539550139
26063,LOF,0.03586019316227808,0.015105876872160548,0.9490339299655614
26064,LOF,0.014405150977858085,0.01908168083833949,0.9665131681838025
26065,LOF,0.04628204520763606,0.01989123703259566,0.9338267177597682
26066,LOF,0.03546495157384887,0.014008667118761964,0.9505263813073893
26067,LOF,0.03889786614922183,0.014323080736279033,0.9467790531144991
26068,LOF,0.05520622730222189,0.048503988026087776,0.8962897846716904
26069,LOF,0.2748357053909893,0.03224421133518409,0.6929200832738266
26070,Neutral,0.5360796513660973,0.02329025851697214,0.4406300901169306
26071,LOF,0.04234442525809206,0.0169497222698451,0.9407058524720628
26072,LOF,0.008135358112178848,0.023015604569039855,0.9688490373187814
26073,LOF,0.034291757391430144,0.01817697515874244,0.9475312674498274
26074,Neutral,0.8543543760447445,0.012466550995308618,0.13317907295994674
26075,LOF,0.056628767751472596,0.026979359542486467,0.916391872706041
26076,LOF,0.045846050398927286,0.014586674943534751,0.9395672746575379
26077,LOF,0.14781482573223376,0.00876776713001854,0.8434174071377477
26078,LOF,0.00717925790348769,0.01855096219529708,0.9742697799012152
26079,LOF,0.06427918830811165,0.02610323142533806,0.9096175802665504
26080,LOF,0.06369553205959828,0.026290492330259138,0.9100139756101425
26081,LOF,0.030304329784934535,0.013034954577599268,0.9566607156374661
26082,LOF,0.005879942254558141,0.02012021287910019,0.9739998448663417
26083,LOF,0.10026142737913915,0.028682899742852253,0.8710556728780086
26084,LOF,0.09698322093461748,0.022437807977402725,0.8805789710879799
26085,LOF,0.08211032075888254,0.018485867435642803,0.8994038118054747
26086,LOF,0.03517876973547127,0.01744145621534527,0.9473797740491834
26087,LOF,0.033028378861465105,0.015041642502033813,0.9519299786365011
26088,LOF,0.007088163777195802,0.028533847058129294,0.964377989164675
26089,LOF,0.043475246783849425,0.042348534132267544,0.9141762190838829
26090,LOF,0.04406327909433377,0.03265518980772789,0.9232815310979383
26091,LOF,0.02554039947200129,0.011166255959606424,0.9632933445683923
26092,LOF,0.03994562734256778,0.01182829755229017,0.948226075105142
26093,LOF,0.07366147700793171,0.008588358878483323,0.9177501641135849
26094,LOF,0.029470325299531343,0.011693419439568633,0.9588362552609
26095,LOF,0.02028362516549193,0.020419284274460422,0.9592970905600477
26096,LOF,0.195391161628039,0.005442470563140661,0.7991663678088203
26097,LOF,0.007438821941378362,0.04371021797629096,0.9488509600823307
26098,LOF,0.1192865994059211,0.02315960257082534,0.8575537980232536
26099,LOF,0.03364639381065155,0.02653383215256439,0.9398197740367841
26100,LOF,0.03364639381065155,0.02653383215256439,0.9398197740367841
26101,LOF,0.05675770853827069,0.04354955380218284,0.8996927376595464
26102,LOF,0.030190165968049684,0.025233106359398728,0.9445767276725515
26103,Neutral,0.885531688550115,0.0318665940315112,0.08260171741837379
26104,LOF,0.059155704455460874,0.04886900190247592,0.8919752936420633
26105,LOF,0.2664042256943097,0.11498468186928512,0.6186110924364052
26106,LOF,0.30747331112720666,0.05426852746946863,0.6382581614033247
26107,LOF,0.020758210298183557,0.07591787123801524,0.9033239184638011
26108,LOF,0.26810370663049515,0.039002706267754594,0.6928935871017503
26109,LOF,0.07095818343440032,0.02854823507681567,0.900493581488784
26110,LOF,0.4159014625480508,0.012579604697243726,0.5715189327547054
26111,LOF,0.06140685033619991,0.11393575217222493,0.8246573974915752
26112,LOF,0.0504247893511129,0.011661512997181529,0.9379136976517056
26113,LOF,0.10399593786440982,0.03151130173914223,0.864492760396448
26114,LOF,0.09807744049356219,0.00697402509819764,0.8949485344082401
26115,LOF,0.015130414020108703,0.05225675425137095,0.9326128317285203
26116,LOF,0.08191179846283292,0.0244007032843369,0.8936874982528302
26117,LOF,0.33580931757266513,0.044279711435976664,0.6199109709913583
26118,LOF,0.052610974749752244,0.019921423659488954,0.9274676015907589
26119,LOF,0.005819774225740784,0.10222834489471344,0.8919518808795458
26120,LOF,0.03426490685954683,0.018319084607089885,0.9474160085333634
26121,LOF,0.0033856972310473145,0.15632030711619022,0.8402939956527625
