feature0,prediction,LoGoFunc_Neutral,LoGoFunc_GOF,LoGoFunc_LOF
25546,Neutral,0.7607492762491302,0.027118414723117427,0.21213230902775224
25547,Neutral,0.599029327749263,0.06822142277698261,0.3327492494737544
25548,Neutral,0.5793886713752757,0.05018596362156291,0.37042536500316126
25549,Neutral,0.49072128457346065,0.04928403843572503,0.45999467699081437
25550,LOF,0.33770129582065506,0.10717843195822872,0.5551202722211162
25551,LOF,0.2796143058895653,0.11763280725569486,0.6027528868547399
25552,LOF,0.18644541840179618,0.1164840502545444,0.6970705313436594
25553,Neutral,0.8341255219157493,0.028554069975442017,0.13732040810880866
25554,LOF,0.21697117302966148,0.10661996427247246,0.676408862697866
25555,LOF,0.17801351742676153,0.09126239035006471,0.7307240922231738
25556,LOF,0.39638865590494926,0.09211156225546531,0.5114997818395853
25557,LOF,0.17218740492841847,0.09822693972115124,0.7295856553504302
25558,LOF,0.2126820559614073,0.10873724028392784,0.6785807037546648
25559,LOF,0.38658122022545544,0.08791359024821899,0.5255051895263255
25560,LOF,0.0577105732328422,0.18693584274335764,0.7553535840238003
25561,LOF,0.10700985729469151,0.21506172425051387,0.6779284184547947
25562,LOF,0.11209212549847182,0.09085444801185706,0.797053426489671
25563,LOF,0.10283929180374167,0.09413819191705888,0.8030225162791995
25564,LOF,0.15670051665930695,0.1786898752685208,0.6646096080721723
25565,LOF,0.1364118217354105,0.1557947274768528,0.7077934507877367
25566,GOF,0.015808822671205622,0.7549341947985582,0.22925698253023616
25567,LOF,0.014670173493228932,0.15168076284565188,0.8336490636611192
25568,LOF,0.052767126645275025,0.06784904143119815,0.8793838319235269
25569,LOF,0.06132763836794474,0.07367653595809467,0.8649958256739606
25570,LOF,0.06501922652996621,0.10570436150327148,0.8292764119667623
25571,LOF,0.058699575899088516,0.0958757111112161,0.8454247129896955
25572,LOF,0.06530628916316036,0.13973659696436982,0.7949571138724698
25573,LOF,0.027599579885973488,0.1024570646147122,0.8699433554993143
25574,LOF,0.016337942853861132,0.17467950289542586,0.8089825542507131
25575,LOF,0.04637607138490184,0.10654994819859154,0.8470739804165066
25576,LOF,0.020272879334722715,0.12572404288108405,0.8540030777841932
25577,LOF,0.01567679467150132,0.147196021334503,0.8371271839939957
25578,LOF,0.2483092645977594,0.09246515966265409,0.6592255757395865
25579,LOF,0.2485207136462476,0.09131552679372396,0.6601637595600286
25580,LOF,0.03366244299801024,0.08638840619539571,0.879949150806594
25581,LOF,0.0499883194776315,0.07800588260712857,0.87200579791524
25582,LOF,0.049532402434437295,0.07569785875021003,0.8747697388153527
25583,LOF,0.04358048155351148,0.09870393420464972,0.8577155842418388
25584,LOF,0.4140398261501213,0.10641812887825892,0.47954204497161973
25585,LOF,0.03321109792588961,0.10663339540471405,0.8601555066693963
25586,LOF,0.03841731910717397,0.08053804103179459,0.8810446398610315
25587,LOF,0.03567343157901515,0.07796801970141203,0.8863585487195729
25588,LOF,0.03643086628610825,0.10157584481092717,0.8619932889029646
25589,Neutral,0.5806730736126092,0.1271638682138449,0.2921630581735458
25590,LOF,0.028114987125596184,0.14333527813504948,0.8285497347393544
25591,LOF,0.10254917883710425,0.06523948197768603,0.8322113391852097
25592,LOF,0.09963878085368244,0.1394975365608432,0.7608636825854743
25593,LOF,0.017152934722865536,0.27154807081637305,0.7112989944607615
25594,LOF,0.03067940869133857,0.25480919205349967,0.7145113992551618
25595,LOF,0.04654248896409344,0.20159058719068715,0.7518669238452195
25596,LOF,0.05436880219907183,0.12841121704427716,0.817219980756651
25597,LOF,0.05527912104076136,0.10187415459666695,0.8428467243625717
25598,LOF,0.03748863821713068,0.2427072508115282,0.7198041109713411
25599,GOF,0.006972665585826668,0.7900377333976077,0.20298960101656555
25600,GOF,0.009628569429094498,0.572737833408633,0.4176335971622724
25601,LOF,0.007206005901469185,0.49070517563923255,0.5020888184592983
25602,LOF,0.020185042718689216,0.057254618531625015,0.9225603387496857
25603,LOF,0.033894937657941035,0.042874225752446496,0.9232308365896125
25604,LOF,0.046210488846971556,0.057406519590196214,0.8963829915628323
25605,LOF,0.00944307894721193,0.2626987760432398,0.7278581450095482
25606,GOF,0.060955096926129014,0.49343270352389235,0.4456121995499786
25607,LOF,0.004474768747422937,0.18935525961260005,0.8061699716399771
25608,LOF,0.05848034164376389,0.04378849016296004,0.8977311681932761
25609,LOF,0.06253885895080998,0.34982316876710623,0.5876379722820837
25610,LOF,0.04479644431267961,0.030689530539668403,0.9245140251476519
25611,LOF,0.052145805158623555,0.028830772910247156,0.9190234219311293
25612,LOF,0.09851628924583344,0.05075461563743969,0.8507290951167268
25613,LOF,0.08429712520729417,0.04996567671484263,0.8657371980778632
25614,LOF,0.037081685284159116,0.038483464106261384,0.9244348506095794
25615,LOF,0.05771233476206365,0.03865665899478867,0.9036310062431476
25616,LOF,0.03748005562375691,0.039488028074237284,0.9230319163020058
25617,LOF,0.038555301773525175,0.043358836695938555,0.9180858615305363
25618,LOF,0.2390081879808198,0.03604540913869909,0.7249464028804811
25619,LOF,0.038089271703158074,0.03559885730689257,0.9263118709899494
25620,LOF,0.04136233935785724,0.04522157287600053,0.9134160877661422
25621,LOF,0.032116872111035144,0.03619714550406098,0.931685982384904
25622,LOF,0.028017207508991393,0.0498926501504619,0.9220901423405466
25623,LOF,0.06319449058795627,0.03528325658078978,0.9015222528312539
25624,LOF,0.030797012076161076,0.0500892921222599,0.919113695801579
25625,LOF,0.03192487386327996,0.05286684640519842,0.9152082797315216
25626,LOF,0.07298554521678528,0.03630925111615748,0.8907052036670572
25627,Neutral,0.5452829018543822,0.13955167876246946,0.31516541938314835
25628,LOF,0.18664162016340946,0.06808402274689832,0.7452743570896923
25629,LOF,0.06873033773467394,0.1401989377312189,0.7910707245341072
25630,LOF,0.1744830150486833,0.11769395016407118,0.7078230347872456
25631,Neutral,0.5820246213190905,0.08957541794820847,0.3283999607327011
25632,LOF,0.023830600632091126,0.08156647140917818,0.8946029279587308
25633,LOF,0.23470861552696654,0.09808711645548093,0.6672042680175525
25634,LOF,0.03724767352063728,0.10746926087143319,0.8552830656079294
25635,LOF,0.0499072324250493,0.0867788891868167,0.863313878388134
25636,GOF,0.006328190526759381,0.5615584001814958,0.4321134092917449
25637,LOF,0.005183170173577783,0.4929709486374963,0.5018458811889259
25638,LOF,0.008362856716599521,0.3949283278248113,0.5967088154585892
25639,LOF,0.005135320356978662,0.3811688635177452,0.613695816125276
25640,GOF,0.4077988532952145,0.5509411870317118,0.04125995967307355
25641,LOF,0.006610600824939313,0.34217055108359884,0.6512188480914618
25642,LOF,0.2667688634735773,0.07164876925458173,0.6615823672718409
25643,LOF,0.20782507379506004,0.2412445907709559,0.5509303354339841
25644,LOF,0.03450621962429351,0.48002502996966434,0.48546875040604226
25645,LOF,0.027402588003146485,0.3883614619006029,0.5842359500962506
25646,LOF,0.02718812333338049,0.26879280396786637,0.7040190726987532
25647,LOF,0.022002520838887006,0.22119970856589372,0.7567977705952192
25648,LOF,0.019503749478145243,0.21425662981620267,0.766239620705652
25649,LOF,0.019094711024886843,0.1615981257598529,0.8193071632152602
25650,LOF,0.05849753598245751,0.43727650181821565,0.5042259621993268
25651,LOF,0.016767744300241246,0.19093005978213456,0.7923021959176242
25652,LOF,0.02542770384677071,0.2049898353178405,0.7695824608353888
25653,LOF,0.11234976379796081,0.35317476232003264,0.5344754738820066
25654,LOF,0.018995914445070303,0.2069650730724785,0.7740390124824512
25655,LOF,0.1322662049470876,0.2670095303951171,0.6007242646577953
25656,LOF,0.0563768653243833,0.06331125115114743,0.8803118835244692
25657,LOF,0.3052016387301091,0.028433887845840583,0.6663644734240503
25658,LOF,0.0333187403525794,0.07482519045398667,0.8918560691934341
25659,LOF,0.2428037555940102,0.05887445588808183,0.6983217885179079
25660,LOF,0.09222904074476516,0.10456280080442666,0.8032081584508082
25661,LOF,0.08131648345141766,0.07399368323903277,0.8446898333095495
25662,LOF,0.033831740545312405,0.05201128141391102,0.9141569780407767
25663,LOF,0.041546733771793784,0.09272176171891379,0.8657315045092925
25664,LOF,0.027061899193562448,0.15106251964899978,0.8218755811574379
25665,LOF,0.05149040998864788,0.053812153486260325,0.8946974365250918
25666,LOF,0.034634208909064414,0.19846194941846096,0.7669038416724747
25667,LOF,0.03247518565424995,0.0661050520861085,0.9014197622596416
25668,LOF,0.040335394464910655,0.06537045389445059,0.8942941516406387
25669,LOF,0.04869867994681868,0.10201698715200445,0.8492843329011768
25670,LOF,0.14143888729658513,0.11539984852790225,0.7431612641755126
25671,LOF,0.038873849474069834,0.058816945557730226,0.9023092049682
25672,LOF,0.05332697907203473,0.09186501503690819,0.8548080058910571
25673,LOF,0.03600714154832461,0.09442597457601451,0.8695668838756608
25674,LOF,0.026485530288157363,0.10819377720415858,0.8653206925076841
25675,LOF,0.03289953591529467,0.09474239545629096,0.8723580686284144
25676,LOF,0.03336296738825959,0.07399820252597845,0.8926388300857618
25677,LOF,0.08562209288778533,0.06647264672623295,0.8479052603859818
25678,LOF,0.14068859236394257,0.054762648789403776,0.8045487588466538
25679,LOF,0.09268680086818874,0.08086745125760808,0.8264457478742031
25680,LOF,0.08265882482473629,0.10491575740007072,0.812425417775193
25681,LOF,0.09459879741323114,0.09564239073607407,0.8097588118506948
25682,LOF,0.049812034059033505,0.08348948452445219,0.8666984814165143
25683,LOF,0.06564996018548123,0.13062957181526572,0.803720467999253
25684,LOF,0.06304897438778351,0.07870351533278015,0.8582475102794362
25685,LOF,0.12054943992519793,0.040311590020521204,0.839138970054281
25686,LOF,0.038831822471845426,0.07558630039639178,0.8855818771317628
25687,LOF,0.06786012853260127,0.07724785346980537,0.8548920179975934
25688,LOF,0.015616953948893706,0.16321919749533229,0.8211638485557741
25689,LOF,0.013567393188445328,0.0874035577517074,0.8990290490598473
25690,LOF,0.015519803149319522,0.10417171379180817,0.8803084830588723
25691,LOF,0.11602600747229233,0.17524598215876844,0.7087280103689392
25692,LOF,0.16735180987798776,0.024279118479451516,0.8083690716425608
25693,LOF,0.04480829686660598,0.1809070205794075,0.7742846825539865
25694,LOF,0.2939252861937064,0.01298809043430423,0.6930866233719893
25695,LOF,0.2239056743257166,0.01765154723902713,0.7584427784352563
25696,LOF,0.16658244527100408,0.010446513328584988,0.8229710414004109
25697,LOF,0.12014413895837953,0.032298298330508395,0.8475575627111122
25698,LOF,0.02720941641632475,0.3478052660551538,0.6249853175285215
25699,LOF,0.08006922157902595,0.07019931758598338,0.8497314608349906
25700,LOF,0.03448081101739947,0.014006572413308894,0.9515126165692915
25701,LOF,0.016077372635013194,0.0782811975876714,0.9056414297773154
25702,GOF,0.023452921406816044,0.7467729920794776,0.22977408651370643
25703,LOF,0.015235511992891469,0.23303417256983708,0.7517303154372714
25704,LOF,0.09450826324597628,0.1987180009866192,0.7067737357674045
25705,LOF,0.08627911149835901,0.27417018303137003,0.6395507054702709
25706,GOF,0.022285213642283502,0.6039687493193693,0.3737460370383473
25707,GOF,0.025585333081830895,0.5994755920917213,0.37493907482644784
25708,GOF,0.008422434750595353,0.5683987556797319,0.42317880956967285
25709,LOF,0.025396831626897483,0.08512233316249179,0.8894808352106106
25710,LOF,0.005763774856517092,0.24598037189877697,0.7482558532447059
25711,LOF,0.02915778691691083,0.14296064255615828,0.8278815705269308
25712,LOF,0.007127392112089996,0.30654106027727057,0.6863315476106394
25713,LOF,0.024851278220117227,0.12853115814998956,0.8466175636298932
25714,LOF,0.027087250719364898,0.17128416594124113,0.801628583339394
25715,LOF,0.031333502207528834,0.14627430594332103,0.8223921918491501
25716,LOF,0.009437116941325471,0.14600938672341887,0.8445534963352557
25717,LOF,0.005901345421380987,0.1676533584050635,0.8264452961735556
25718,LOF,0.02610699633785017,0.10462110835473133,0.8692718953074184
25719,LOF,0.037277867892140645,0.11799401822537868,0.8447281138824807
25720,LOF,0.034245687709119566,0.1146993717668035,0.851054940524077
25721,LOF,0.02977779173663817,0.10228258665823833,0.8679396216051234
25722,LOF,0.018021840285993813,0.14367589842237408,0.8383022612916322
25723,LOF,0.029461686681129664,0.09620551266280433,0.8743328006560661
25724,LOF,0.026688862054646097,0.18363400395278492,0.789677133992569
25725,LOF,0.03050926302783305,0.09387668349576618,0.8756140534764008
25726,LOF,0.019253410995680755,0.1259881318756702,0.8547584571286491
25727,LOF,0.02588351214534937,0.12496633312531044,0.8491501547293402
25728,LOF,0.027732836612497053,0.11388801839982741,0.8583791449876756
25729,LOF,0.026262277555119708,0.1256097880847174,0.8481279343601629
25730,LOF,0.02993718301660876,0.09083403419064434,0.879228782792747
25731,LOF,0.011751805642172852,0.19547427006077192,0.7927739242970552
25732,LOF,0.025235875175666295,0.09533390797653746,0.8794302168477962
25733,LOF,0.03703569142347489,0.1055871428287905,0.8573771657477346
25734,LOF,0.006158238236332446,0.2931044756752562,0.7007372860884113
25735,LOF,0.026182674603221923,0.08482398908310862,0.8889933363136695
25736,LOF,0.024765196569021562,0.13302155850057967,0.8422132449303988
25737,LOF,0.055042473318113114,0.14386381022694533,0.8010937164549415
25738,LOF,0.026231488367558127,0.18217305048816296,0.7915954611442789
25739,LOF,0.02909013367165372,0.15225128699554957,0.8186585793327967
25740,LOF,0.03146529084363172,0.15427928038449965,0.8142554287718687
25741,LOF,0.037331576754090275,0.14267551548049914,0.8199929077654106
25742,LOF,0.04835242466888646,0.14797368256664686,0.8036738927644668
25743,LOF,0.011885852312085558,0.0348932742963822,0.9532208733915323
25744,LOF,0.21521284695233875,0.3383287819709892,0.44645837107667213
25745,LOF,0.047610219631477754,0.12751341874503977,0.8248763616234824
25746,LOF,0.017539476618378846,0.17965712267093348,0.8028034007106877
25747,LOF,0.03971949982822476,0.031096684185848107,0.929183815985927
25748,LOF,0.28041092602531165,0.06063048001608988,0.6589585939585983
25749,LOF,0.01476713166591517,0.0888480059454453,0.8963848623886396
25750,LOF,0.022561999133403825,0.09514130089776417,0.882296699968832
25751,LOF,0.04143171319814407,0.05264198754563554,0.9059262992562204
25752,GOF,0.08938458368671001,0.7185971138032126,0.19201830251007748
25753,LOF,0.006440769974632679,0.4309737758971543,0.562585454128213
25754,GOF,0.008041885825678134,0.8830421529185014,0.1089159612558205
25755,LOF,0.006206261561987918,0.43583876701059515,0.5579549714274169
25756,LOF,0.027331986398851177,0.45038071670514745,0.5222872968960014
25757,GOF,0.008284299039790598,0.866433296805187,0.12528240415502248
25758,GOF,0.009375251284574875,0.8741379089757405,0.11648683973968474
25759,GOF,0.005789776844544272,0.6503320671399733,0.34387815601548244
25760,LOF,0.0052105806750643415,0.35043520301335207,0.6443542163115836
25761,GOF,0.05200605266431005,0.8570004348319649,0.09099351250372514
25762,LOF,0.03136549972811451,0.39116594146330697,0.5774685588085785
25763,LOF,0.005513191906494756,0.3077272729192752,0.6867595351742302
25764,GOF,0.07042785673529907,0.638295405217239,0.291276738047462
25765,GOF,0.008048338244170852,0.8776734155543038,0.11427824620152525
25766,GOF,0.05004373869243077,0.8203505533450234,0.12960570796254597
25767,GOF,0.017355226850682345,0.5390709814990788,0.4435737916502388
25768,LOF,0.045784835901636865,0.054366436420723974,0.8998487276776391
25769,LOF,0.034630062277695134,0.07646929367136343,0.8889006440509414
25770,LOF,0.13655020045927396,0.062308963768234166,0.801140835772492
25771,LOF,0.015434021822864116,0.057222304825890795,0.927343673351245
25772,LOF,0.03136886447835803,0.024980117062273672,0.9436510184593683
25773,LOF,0.01868404643769716,0.06114605470208174,0.920169898860221
25774,LOF,0.024915641103084543,0.10119554549746441,0.873888813399451
25775,LOF,0.018564949876966174,0.04089644624467798,0.9405386038783559
25776,LOF,0.03310427644094166,0.019409013572521193,0.9474867099865371
25777,LOF,0.1290562914362621,0.06655965608838377,0.804384052475354
25778,LOF,0.024210221944387076,0.047024459981380363,0.9287653180742326
25779,GOF,0.061765775516591175,0.878671338254558,0.059562886228850684
25780,GOF,0.08277823046958398,0.8702861344721139,0.046935635058302075
25781,GOF,0.03772732772709282,0.8638703663130708,0.09840230595983641
25782,GOF,0.04218744159044505,0.9048873369820419,0.05292522142751281
25783,GOF,0.043369000964587505,0.9159674622794656,0.04066353675594702
25784,GOF,0.10460958485850434,0.8507161048384554,0.04467431030304049
25785,GOF,0.1011376241758916,0.8669564295305237,0.03190594629358476
25786,GOF,0.012354105817683515,0.8825172192013174,0.10512867498099902
25787,GOF,0.21891624070734636,0.7403760573156084,0.04070770197704512
25788,LOF,0.018936374141236084,0.16803468227589244,0.8130289435828716
25789,GOF,0.019999038016189127,0.856378663004269,0.12362229897954186
25790,GOF,0.03245889587161241,0.8784593605493726,0.089081743579015
25791,GOF,0.03289986424283963,0.7536058570599198,0.21349427869724058
25792,GOF,0.039786134133641654,0.7924426920279081,0.16777117383845033
25793,GOF,0.06274455729688265,0.8365501930846249,0.10070524961849243
25794,GOF,0.04910101696444406,0.7646686478498809,0.1862303351856752
25795,GOF,0.06303118182957955,0.717976844528446,0.2189919736419743
25796,GOF,0.12263802926444232,0.7936317791028104,0.08373019163274731
25797,GOF,0.09405169353739255,0.7368267551746156,0.16912155128799178
25798,GOF,0.007349583495902993,0.7335673960443156,0.2590830204597813
25799,GOF,0.004685503850056556,0.6744532555715397,0.3208612405784038
25800,GOF,0.028285186124121734,0.8167294929630335,0.15498532091284473
25801,GOF,0.02373044857236106,0.8991046845483219,0.07716486687931692
25802,GOF,0.033182674609613716,0.803166674533948,0.16365065085643823
25803,GOF,0.02211350015393058,0.6956963450478479,0.2821901547982215
25804,GOF,0.03427866206298516,0.7533754134721093,0.2123459244649056
25805,GOF,0.03482124312943219,0.7675423159384036,0.1976364409321643
25806,GOF,0.04858785883418243,0.7795552713642406,0.171856869801577
25807,GOF,0.013460065301006166,0.732232484535463,0.25430745016353073
25808,GOF,0.027890041555286287,0.759888373874806,0.21222158456990772
25809,GOF,0.012072340406796802,0.6927609936783925,0.29516666591481067
25810,GOF,0.010768581799434676,0.6763689490280868,0.3128624691724786
25811,GOF,0.0610693770711518,0.8639693496589274,0.0749612732699207
25812,GOF,0.030221822197364138,0.765881600688837,0.20389657711379872
25813,GOF,0.14426559889996893,0.7794996850611031,0.07623471603892802
25814,GOF,0.03351870599917101,0.7859582102385968,0.18052308376223228
25815,GOF,0.05815539945799386,0.8374864849902206,0.10435811555178554
25816,GOF,0.010370565146504605,0.8617878149418474,0.12784161991164786
25817,GOF,0.11044411454288991,0.778432553501692,0.11112333195541799
25818,GOF,0.029358630129345722,0.7546218898882638,0.21601947998239035
25819,GOF,0.044687803225675504,0.7194937200834509,0.2358184766908734
25820,GOF,0.04564254080877364,0.6732618106468382,0.2810956485443882
25821,GOF,0.033719269113375944,0.7165859253627109,0.24969480552391315
25822,GOF,0.05541116221423327,0.6955580292075041,0.24903080857826262
25823,GOF,0.030341413599034125,0.683387178644474,0.286271407756492
25824,GOF,0.033193828120778486,0.7705790540065157,0.19622711787270586
25825,GOF,0.026679874290801566,0.7546484747297175,0.21867165097948085
25826,GOF,0.012699793197580508,0.7032889922455451,0.2840112145568745
25827,GOF,0.016656720197726023,0.6769250959937244,0.3064181838085496
25828,GOF,0.013638813892224953,0.7129871372884617,0.2733740488193133
25829,GOF,0.004902971349015601,0.6477741855217692,0.34732284312921513
25830,GOF,0.04410681194846337,0.5067647465646555,0.4491284414868811
25831,GOF,0.06216837407758924,0.7839024744929992,0.15392915142941163
25832,GOF,0.01095965068968177,0.7307922945275139,0.25824805478280427
25833,GOF,0.039526130999645324,0.805157310971403,0.1553165580289517
25834,GOF,0.011172946235430616,0.7437663803328823,0.24506067343168697
25835,GOF,0.027163596676355223,0.814264925487402,0.15857147783624276
25836,GOF,0.007725148199322184,0.7256789250280972,0.2665959267725806
25837,GOF,0.010332444596683234,0.742052001591711,0.24761555381160574
25838,GOF,0.027081071156564093,0.8213181451259151,0.15160078371752078
25839,GOF,0.07351038513154863,0.794914093783951,0.13157552108450055
25840,GOF,0.0942443685323245,0.7645171722602992,0.1412384592073761
25841,GOF,0.09173624035118062,0.8010867126729446,0.10717704697587468
25842,GOF,0.03332997138866772,0.8618101025649674,0.10485992604636481
25843,GOF,0.03313783119809727,0.8688472681915284,0.09801490061037434
25844,GOF,0.02228620112357334,0.8100150423027151,0.16769875657371158
25845,GOF,0.006881065009358257,0.7237510806184199,0.2693678543722219
25846,GOF,0.07042233751840986,0.8305576136199906,0.09902004886159958
25847,GOF,0.02087973641963823,0.862524476885319,0.1165957866950427
25848,GOF,0.029770862693356916,0.8310795314556975,0.13914960585094552
25849,GOF,0.008553875383530831,0.8036074062905117,0.18783871832595736
25850,GOF,0.007626112906616005,0.6846111562250154,0.3077627308683685
25851,GOF,0.007042598388696243,0.6399827816338262,0.3529746199774776
25852,GOF,0.16571927444118745,0.5417568642708174,0.2925238612879951
25853,GOF,0.058812782817039104,0.8007239594398049,0.140463257743156
25854,GOF,0.0060434380317467545,0.6605572758119302,0.33339928615632286
25855,GOF,0.022775659824862234,0.6645193070712869,0.3127050331038509
25856,GOF,0.04117793284329064,0.7382729146972183,0.22054915245949103
25857,GOF,0.02260210966058824,0.658939339435894,0.3184585509035177
25858,GOF,0.011062487206230749,0.6477603004681007,0.3411772123256685
25859,GOF,0.008093656265831861,0.6198412050596381,0.3720651386745301
25860,GOF,0.07431428785865163,0.7672129896255905,0.1584727225157578
25861,GOF,0.10033712934155349,0.7889574205879168,0.11070545007052965
25862,GOF,0.025586830305883806,0.871465542318273,0.10294762737584319
25863,GOF,0.02366689559722599,0.8644857419028458,0.11184736249992824
25864,GOF,0.06312446871273475,0.865113500401537,0.07176203088572834
25865,GOF,0.05736808513846101,0.8324562005474389,0.11017571431410024
25866,GOF,0.027739721429870478,0.8599696354063782,0.11229064316375142
25867,GOF,0.04512736040321594,0.857931439080626,0.09694120051615804
25868,GOF,0.07233531269970263,0.7948832203287745,0.13278146697152285
25869,GOF,0.3547754915423997,0.5429035164296072,0.10232099202799312
25870,GOF,0.07607966520400501,0.5415285799496056,0.38239175484638943
25871,GOF,0.010509724249717712,0.8275859345145326,0.16190434123574962
25872,GOF,0.022091860295420283,0.7845232107810901,0.19338492892348952
25873,GOF,0.0226092470288272,0.8575521410633549,0.11983861190781801
25874,LOF,0.01971524309788142,0.19072876930367874,0.7895559875984399
25875,LOF,0.03318055347992118,0.0524342076559513,0.9143852388641275
25876,LOF,0.02039974760553885,0.05196838290365567,0.9276318694908056
25877,LOF,0.10676591677417334,0.0978554378379993,0.7953786453878274
25878,LOF,0.08681790735785659,0.11815518741040398,0.7950269052317394
25879,LOF,0.013547322632528622,0.08885246428933373,0.8976002130781376
25880,LOF,0.069072135114313,0.016877664800967355,0.9140502000847196
25881,Neutral,0.5326085554791941,0.10958292358101346,0.3578085209397925
25882,LOF,0.0682479007767848,0.03291308472175011,0.8988390145014651
25883,LOF,0.029255486503970217,0.03493900960100777,0.935805503895022
25884,LOF,0.018057832235100827,0.058189094929672065,0.9237530728352271
25885,LOF,0.19222215177330101,0.017367658276848448,0.7904101899498505
25886,LOF,0.26101002751750746,0.07272048899556025,0.6662694834869324
25887,LOF,0.08328361104256146,0.14148671168524266,0.7752296772721959
25888,LOF,0.007661438964933087,0.1825749333097849,0.809763627725282
25889,LOF,0.0249804746752437,0.050835006248873695,0.9241845190758825
25890,LOF,0.20763203753606335,0.06868284718697432,0.7236851152769623
25891,LOF,0.1199073516082603,0.02906486905962794,0.8510277793321117
25892,LOF,0.007944600684366943,0.03356245117804163,0.9584929481375914
25893,LOF,0.3337233470619905,0.010728734447480789,0.6555479184905286
25894,LOF,0.3401040210313257,0.007767976327770256,0.6521280026409041
25895,LOF,0.2688679290268002,0.015282096125875997,0.7158499748473238
25896,LOF,0.06838697890240066,0.032079504084681076,0.8995335170129183
25897,LOF,0.11467669275604758,0.01149063989799118,0.8738326673459612
25898,LOF,0.10174624275322773,0.034896096279584114,0.8633576609671882
25899,LOF,0.3966542506973462,0.03181418954535238,0.5715315597573014
25900,LOF,0.4940508175251802,0.009762595865215551,0.4961865866096042
25901,LOF,0.08433809149214959,0.012845048777566608,0.9028168597302839
25902,LOF,0.09484851274293496,0.015304892750509447,0.8898465945065556
25903,LOF,0.21841993709756305,0.02733679874591575,0.7542432641565211
25904,Neutral,0.509641058374956,0.046825294081977394,0.4435336475430665
25905,LOF,0.007611272721225119,0.4120528142189837,0.5803359130597913
25906,LOF,0.01008750183348277,0.07645490705875685,0.9134575911077604
25907,LOF,0.009248339893625323,0.26432472214046193,0.7264269379659127
25908,LOF,0.009231583620056478,0.2784322233045347,0.7123361930754089
25909,LOF,0.0327334931471369,0.09988109196986339,0.8673854148829997
25910,LOF,0.012384204525378055,0.13178070958230287,0.8558350858923192
25911,LOF,0.20904980128616685,0.025736321917262057,0.7652138767965712
25912,LOF,0.10187004833308595,0.02023847338321843,0.8778914782836956
25913,LOF,0.01693229988621039,0.030196974470187054,0.9528707256436025
25914,LOF,0.044083107126986903,0.023655152376982156,0.9322617404960308
25915,LOF,0.21009941591580378,0.1004498923063423,0.6894506917778539
25916,LOF,0.01729571719439334,0.04923508152388131,0.9334692012817253
25917,LOF,0.07717858967388515,0.02339665547636855,0.8994247548497464
25918,LOF,0.042605807808816405,0.012993477237535,0.9444007149536485
25919,LOF,0.03705324175381052,0.013042783771474655,0.9499039744747149
25920,Neutral,0.3943890036128741,0.24442471170587052,0.36118628468125535
25921,LOF,0.016742216606162288,0.02204945359180026,0.9612083298020375
25922,LOF,0.015094472523733965,0.02354485932919117,0.9613606681470749
25923,LOF,0.45951333232239655,0.014565633118889058,0.5259210345587144
25924,LOF,0.02527157456409269,0.026744760099278675,0.9479836653366287
25925,LOF,0.1032342475305352,0.029165879777894,0.8675998726915707
25926,LOF,0.08704006569278185,0.020026466312348768,0.8929334679948695
25927,LOF,0.022741355296875154,0.04863763222027,0.9286210124828549
25928,LOF,0.012893271934912754,0.02755159663019533,0.959555131434892
25929,Neutral,0.5830874680875402,0.014184356539498946,0.4027281753729608
25930,LOF,0.09493454349927283,0.013222183471940095,0.8918432730287871
25931,LOF,0.015123140052648282,0.01740159148344688,0.9674752684639047
25932,LOF,0.09128661570502855,0.015861903544390266,0.8928514807505813
25933,LOF,0.09299660555374263,0.010595201737730816,0.8964081927085266
25934,LOF,0.0841155836355022,0.008398626029058833,0.9074857903354391
25935,LOF,0.09517650772280889,0.026659818028489275,0.8781636742487019
25936,LOF,0.11405386179932946,0.009551430193131791,0.8763947080075387
25937,LOF,0.021636538680485214,0.015183020139568489,0.9631804411799464
25938,LOF,0.09931299030800289,0.024922271344917823,0.8757647383470794
25939,LOF,0.07189986801869999,0.012492467320479268,0.9156076646608209
25940,GOF,0.01200414643113726,0.5242903516491234,0.4637055019197394
25941,LOF,0.47138668133665507,0.04430999983762173,0.48430331882572314
25942,LOF,0.009879852807718768,0.04693185986406496,0.9431882873282162
25943,LOF,0.04958555026113098,0.19082202170015392,0.7595924280387152
25944,LOF,0.047462624787453486,0.08127390881297103,0.8712634663995755
25945,LOF,0.174400836906805,0.023349379838146226,0.8022497832550487
25946,LOF,0.07625876157647635,0.037729687189607244,0.8860115512339164
25947,Neutral,0.4830386872880231,0.11205134821485023,0.4049099644971267
25948,LOF,0.37191582993286415,0.01406098675047408,0.6140231833166618
25949,LOF,0.1461421633388301,0.06634762166975074,0.7875102149914192
25950,GOF,0.13203457170974223,0.5631610489221991,0.3048043793680587
25951,LOF,0.01287278566161741,0.4438475068464162,0.5432797074919663
25952,LOF,0.1951781254295195,0.24323396281943485,0.5615879117510457
25953,LOF,0.008420346609380137,0.356399028754832,0.6351806246357878
25954,GOF,0.09328857430186875,0.48943643492169225,0.4172749907764391
25955,LOF,0.0111618864893559,0.2578592394989037,0.7309788740117403
25956,LOF,0.009397258730906287,0.33289310745159933,0.6577096338174943
25957,LOF,0.15870683484312248,0.03869476049304236,0.8025984046638351
25958,LOF,0.034860663882990695,0.06341146381098482,0.9017278723060244
25959,GOF,0.006917104665239645,0.756012997869901,0.23706989746485943
25960,LOF,0.00452376955230758,0.15451254190852065,0.8409636885391718
25961,LOF,0.029175535617976367,0.04956142945703777,0.9212630349249858
25962,LOF,0.03320882851481574,0.07429873782329464,0.8924924336618897
25963,LOF,0.008496142518052079,0.12388824901750861,0.8676156084644393
25964,LOF,0.04166054906713429,0.14202664866960638,0.8163128022632594
25965,LOF,0.1909965899328696,0.1675964864737694,0.641406923593361
25966,LOF,0.354177767001764,0.1133478318614626,0.5324744011367734
25967,LOF,0.006855619212628007,0.09389768280329175,0.8992466979840803
25968,LOF,0.048520645878738736,0.2631849115652996,0.6882944425559617
25969,LOF,0.1355318278000505,0.06806354384632628,0.7964046283536231
25970,LOF,0.06399068501667843,0.06889402972097079,0.8671152852623508
25971,LOF,0.06179046675525976,0.03162024522529841,0.9065892880194418
25972,LOF,0.07841705352929634,0.05748344719533398,0.8640994992753697
25973,LOF,0.05274298946765322,0.014628603075329975,0.9326284074570169
25974,LOF,0.05270508415223617,0.04644355770708894,0.9008513581406749
25975,LOF,0.03405774012997026,0.02067491106677868,0.945267348803251
25976,LOF,0.08631621620364877,0.014501423769116503,0.8991823600272348
25977,LOF,0.24973814372059502,0.049045824816591824,0.7012160314628131
25978,LOF,0.1628403371193796,0.13038497462754214,0.7067746882530783
25979,LOF,0.133230902052709,0.14703799002785392,0.7197311079194372
25980,LOF,0.21237457878573732,0.20681847506529236,0.5808069461489703
25981,LOF,0.21404836087535517,0.2104564186353817,0.575495220489263
25982,LOF,0.35852939067384193,0.11568706345650555,0.5257835458696526
25983,LOF,0.4349435955204954,0.12163664017278238,0.44341976430672236
25984,LOF,0.06160742131933603,0.08058155294264016,0.8578110257380238
25985,Neutral,0.48153609519191665,0.12854453058983212,0.3899193742182514
25986,LOF,0.012610829557934041,0.44761795337832455,0.5397712170637414
25987,LOF,0.03528658125199505,0.09804383636848867,0.8666695823795164
25988,LOF,0.06319029313690437,0.13628823520058128,0.8005214716625143
25989,LOF,0.06786745887557635,0.20390661088360992,0.7282259302408136
25990,LOF,0.05666000052123333,0.34268026311221256,0.6006597363665541
25991,GOF,0.03213036695260496,0.52223360643964,0.4456360266077551
25992,LOF,0.01330239856390632,0.4445257423386125,0.5421718590974812
25993,LOF,0.020091246200290278,0.06589834487912966,0.9140104089205802
25994,LOF,0.0297502283704376,0.06892868876643667,0.9013210828631258
25995,LOF,0.01848957553207571,0.12717960454266927,0.854330819925255
25996,GOF,0.387460565159582,0.42192153717277747,0.1906178976676405
25997,GOF,0.06062664965481335,0.4922761083544816,0.44709724199070494
25998,LOF,0.23869201184513658,0.043908740894551115,0.7173992472603123
25999,LOF,0.042310219037399774,0.13081262228224616,0.826877158680354
26000,LOF,0.14079617316229592,0.01533090817965808,0.8438729186580459
26001,LOF,0.16968673937535877,0.02157307446017224,0.8087401861644691
26002,LOF,0.10341343111770628,0.02829694247488711,0.8682896264074066
26003,GOF,0.006470694736676932,0.6465448601995915,0.3469844450637316
26004,GOF,0.012961248218651699,0.6027347214213309,0.3843040303600175
26005,GOF,0.004590400978543561,0.5043811819571283,0.49102841706432804
26006,GOF,0.09079453843187826,0.5162887962262352,0.39291666534188646
26007,GOF,0.009506472258802712,0.5137876439980876,0.47670588374310974
26008,GOF,0.0061039902288377865,0.5872096694602877,0.4066863403108744
26009,GOF,0.012059217046849206,0.6364009867829818,0.35153979617016884
26010,GOF,0.008489657666900274,0.5999647477176073,0.3915455946154924
26011,LOF,0.004694645805833881,0.4149960151353835,0.5803093390587826
26012,GOF,0.005338321314813441,0.5531384593682329,0.4415232193169536
26013,GOF,0.011809255219625659,0.560880824357708,0.4273099204226663
26014,LOF,0.03930851856458145,0.09231960678503587,0.8683718746503828
26015,LOF,0.35905996644473703,0.02125254723961723,0.6196874863156457
26016,LOF,0.2620466152196977,0.03763710853800349,0.7003162762422988
26017,LOF,0.014522594507468213,0.17019181044700535,0.8152855950455263
26018,LOF,0.02734873035006102,0.06359083238877662,0.9090604372611624
26019,LOF,0.027420903055701013,0.06298443878221474,0.9095946581620843
26020,LOF,0.005683110756075477,0.18125004385487586,0.8130668453890487
26021,LOF,0.07508387136496276,0.08638127363497768,0.8385348550000595
26022,LOF,0.03654230288092781,0.03423109530589055,0.9292266018131816
26023,LOF,0.02000310763651051,0.04421633594405109,0.9357805564194385
26024,LOF,0.04354497252524834,0.059479511383293826,0.8969755160914579
26025,LOF,0.11399347883428942,0.06030832081462473,0.8256982003510859
26026,LOF,0.10408374298255284,0.04470329765955891,0.8512129593578883
26027,LOF,0.02712799567527818,0.02886525713055544,0.9440067471941663
26028,LOF,0.072046323135488,0.15204616158761597,0.775907515276896
26029,LOF,0.03226629372647565,0.1479989302448138,0.8197347760287105
26030,LOF,0.11448698441487765,0.024983715492442028,0.8605293000926804
26031,LOF,0.013913178755648247,0.13881850525423786,0.8472683159901139
26032,LOF,0.038363105356790064,0.047119157809524845,0.9145177368336852
26033,LOF,0.035074035360384,0.044545024894801964,0.920380939744814
26034,LOF,0.020831887387295717,0.10029472133910858,0.8788733912735956
26035,LOF,0.012614154572797997,0.10609557971149289,0.8812902657157091
26036,LOF,0.011653965860657766,0.08630303644176604,0.9020429976975762
26037,LOF,0.01153707975823741,0.09200535629322983,0.8964575639485328
26038,LOF,0.03116965444482594,0.041970204787866464,0.9268601407673076
26039,LOF,0.03746777716862108,0.13057176734983356,0.8319604554815454
26040,LOF,0.08792565614659299,0.11608636200957699,0.79598798184383
26041,LOF,0.013868443233659128,0.08821675670139809,0.8979148000649427
26042,LOF,0.012765349158697733,0.09319086324631727,0.8940437875949849
26043,LOF,0.03184932036242382,0.06551782748120155,0.9026328521563747
26044,LOF,0.006226353975254578,0.04646273344294665,0.9473109125817988
26045,LOF,0.09213330387057383,0.16678902827033903,0.7410776678590871
26046,LOF,0.028875614670666763,0.04503618832870918,0.926088197000624
26047,LOF,0.062289842512026294,0.04425284576508002,0.8934573117228937
26048,LOF,0.07461627327399914,0.016438744211969645,0.9089449825140313
26049,Neutral,0.9447724885752838,0.005726885705896505,0.04950062571881971
26050,Neutral,0.9074304150454232,0.006169198326262984,0.08640038662831388
26051,LOF,0.026890663388032688,0.09268810407399432,0.880421232537973
26052,LOF,0.02728232116216344,0.07059450398084531,0.9021231748569912
26053,LOF,0.018467886030464013,0.16764355546203213,0.8138885585075039
26054,LOF,0.046923459079557334,0.04009472780877128,0.9129818131116715
26055,LOF,0.06482555621612542,0.034898237970014706,0.9002762058138598
26056,LOF,0.054013179045689697,0.04650250327023882,0.8994843176840714
26057,LOF,0.059692382410041475,0.021890635770181008,0.9184169818197776
26058,LOF,0.06546458068529973,0.01741989168257436,0.9171155276321259
26059,LOF,0.20866372691821783,0.03388781795684473,0.7574484551249375
26060,LOF,0.01394838250068467,0.20997631768929245,0.7760752998100228
26061,LOF,0.01082654483723041,0.016815357276079003,0.9723580978866907
26062,LOF,0.005112029435551211,0.024306850544460485,0.9705811200199883
26063,LOF,0.050976785284763515,0.015603522883467929,0.9334196918317685
26064,LOF,0.013308435306341862,0.02240523310498084,0.9642863315886774
26065,LOF,0.06548413585963121,0.02036614237860473,0.914149721761764
26066,LOF,0.048744660744097744,0.016299612099698685,0.9349557271562036
26067,LOF,0.057120449600333995,0.014667887490634163,0.9282116629090319
26068,LOF,0.05027666069087344,0.04066429224570321,0.9090590470634233
26069,LOF,0.2131774896611201,0.029453529684018417,0.7573689806548614
26070,LOF,0.4398415580799317,0.019390045340725574,0.5407683965793427
26071,LOF,0.05143633755086558,0.016235064278247054,0.9323285981708874
26072,LOF,0.006035966075547635,0.025160725172272073,0.9688033087521803
26073,LOF,0.043393130600768916,0.01799760652529819,0.9386092628739329
26074,Neutral,0.7934596875504112,0.014695607874726476,0.19184470457486225
26075,LOF,0.04450816949343634,0.03140653130287746,0.9240852992036862
26076,LOF,0.044954893982529415,0.016177199530058157,0.9388679064874124
26077,LOF,0.15395632960765918,0.013531588687082954,0.8325120817052578
26078,LOF,0.00577535587205274,0.028696673396055975,0.9655279707318912
26079,LOF,0.055011229925759644,0.027265656152812776,0.9177231139214276
26080,LOF,0.054540570776817524,0.027365330395202767,0.9180940988279798
26081,LOF,0.04430441371105858,0.014031811734768994,0.9416637745541724
26082,LOF,0.005757276217254206,0.024520923259253966,0.9697218005234919
26083,LOF,0.10742753300353719,0.025030454156107166,0.8675420128403557
26084,LOF,0.12507963118321935,0.022597296292824913,0.8523230725239558
26085,LOF,0.11131365466229029,0.018532014052508157,0.8701543312852016
26086,LOF,0.04431354168225336,0.019251540115518242,0.9364349182022284
26087,LOF,0.043793003613409,0.01677212568897629,0.9394348706976148
26088,LOF,0.006040233599899158,0.040554560927769066,0.9534052054723318
26089,LOF,0.03785807036889159,0.03987428422025994,0.9222676454108486
26090,LOF,0.038536164977212316,0.03187316216911878,0.9295906728536689
26091,LOF,0.03034075855316011,0.012267947360558416,0.9573912940862814
26092,LOF,0.04543190697863455,0.013609178227923655,0.9409589147934418
26093,LOF,0.06634477916349531,0.009290463525136237,0.9243647573113686
26094,LOF,0.03428717133286115,0.010577624040021886,0.955135204627117
26095,LOF,0.016424632875889602,0.024649484270432787,0.9589258828536776
26096,LOF,0.2279472564047271,0.006919744993881939,0.7651329986013908
26097,LOF,0.00573284688098667,0.06180993929066991,0.9324572138283435
26098,LOF,0.09095516978787113,0.02638233154659322,0.8826624986655356
26099,LOF,0.045446980301756,0.027726904908380114,0.9268261147898638
26100,LOF,0.045446980301756,0.027726904908380114,0.9268261147898638
26101,LOF,0.05158134582838921,0.0447557085468508,0.9036629456247601
26102,LOF,0.03757304905284425,0.02347028706168152,0.9389566638854743
26103,Neutral,0.895941110549927,0.02974955871495889,0.0743093307351141
26104,LOF,0.05230943102928016,0.044712973674973185,0.9029775952957466
26105,LOF,0.19492664891339995,0.13099342191861407,0.674079929167986
26106,LOF,0.26316554083574645,0.04534555106668686,0.6914889080975667
26107,LOF,0.013451087327406144,0.0589557870944338,0.9275931255781601
26108,LOF,0.14516699863452753,0.05287864839476297,0.8019543529707095
26109,LOF,0.061549280585773344,0.037640655871146414,0.9008100635430802
26110,LOF,0.40707000581113706,0.01729893388589166,0.5756310603029713
26111,LOF,0.05485554689134834,0.12534824011035342,0.8197962129982982
26112,LOF,0.06337435993589892,0.013592306989788734,0.9230333330743125
26113,LOF,0.13211519683107564,0.03712397904648611,0.8307608241224382
26114,LOF,0.09759221884647475,0.00686482641959197,0.8955429547339333
26115,LOF,0.02046069923977598,0.05025247994516122,0.9292868208150628
26116,LOF,0.09430580823861305,0.01905849651938779,0.8866356952419991
26117,LOF,0.3652813297884048,0.03842746477363492,0.5962912054379603
26118,LOF,0.035155799568164475,0.016597533086042227,0.9482466673457933
26119,LOF,0.005545892332162556,0.09312656074605948,0.901327546921778
26120,LOF,0.030463614019957133,0.015541410886178166,0.9539949750938647
26121,LOF,0.004337517184961821,0.13182214584485547,0.8638403369701827
