feature0,prediction,LoGoFunc_Neutral,LoGoFunc_GOF,LoGoFunc_LOF
25546,Neutral,0.6611849382797746,0.06575763907290194,0.2730574226473233
25547,Neutral,0.4765448060077757,0.12260151284900657,0.4008536811432178
25548,Neutral,0.47288107368827625,0.09411919347128506,0.43299973284043874
25549,LOF,0.40669589127783745,0.0963463697556199,0.4969577389665427
25550,LOF,0.34196549417403227,0.14527491424781364,0.5127595915781541
25551,LOF,0.2543254662081159,0.1688230026206092,0.5768515311712749
25552,LOF,0.19448574135568159,0.15891746644111632,0.6465967922032021
25553,Neutral,0.781100963411224,0.055636565655763866,0.1632624709330122
25554,LOF,0.22091031421687163,0.15105058945847957,0.6280390963246488
25555,LOF,0.18815154927810052,0.13383381444100245,0.6780146362808971
25556,LOF,0.40849496863201396,0.136321106801364,0.4551839245666221
25557,LOF,0.17868690417593763,0.1411605383171184,0.6801525575069439
25558,LOF,0.211721965730621,0.15194092348374907,0.6363371107856298
25559,LOF,0.1870989541648554,0.12285011480180902,0.6900509310333356
25560,LOF,0.06462461754834992,0.16106280754095864,0.7743125749106914
25561,LOF,0.13213723791012424,0.1622329324156197,0.7056298296742561
25562,LOF,0.06609366196123985,0.10583745412619586,0.8280688839125643
25563,LOF,0.09037487884913957,0.10163529717757619,0.8079898239732842
25564,LOF,0.2102938794728351,0.18596584792804888,0.603740272599116
25565,LOF,0.13488122754878837,0.13231721908462754,0.732801553366584
25566,GOF,0.018653567698174715,0.7695945604870885,0.21175187181473673
25567,LOF,0.020049080339580756,0.21012600257624803,0.7698249170841712
25568,LOF,0.051806832536797146,0.08819254826529536,0.8600006191979075
25569,LOF,0.052902831110738215,0.08792044816984383,0.859176720719418
25570,LOF,0.03351674076788574,0.11839078049037918,0.8480924787417351
25571,LOF,0.03208430563016263,0.1141256502980646,0.8537900440717727
25572,LOF,0.035814481861193494,0.14578464927628962,0.818400868862517
25573,LOF,0.02817570321451339,0.11606006700876911,0.8557642297767175
25574,LOF,0.019271045563715256,0.17370186545191826,0.8070270889843665
25575,LOF,0.025411200851404893,0.12568919741626935,0.8488996017323257
25576,LOF,0.011974301450327327,0.17442096842578717,0.8136047301238855
25577,LOF,0.010431440192028784,0.14305969304687516,0.846508866761096
25578,LOF,0.2568308209707984,0.10780599964526798,0.6353631793839337
25579,LOF,0.16543388337704726,0.11337589660100028,0.7211902200219524
25580,LOF,0.018973996390020818,0.09178822816019083,0.8892377754497883
25581,LOF,0.04260476178140064,0.09320304021124619,0.8641921980073531
25582,LOF,0.04246725362961712,0.0913687878986588,0.8661639584717241
25583,LOF,0.020905330113413632,0.10541047066572094,0.8736841992208654
25584,Neutral,0.5355833382717654,0.11005066926125945,0.3543659924669751
25585,LOF,0.013313860008264873,0.16464397182484336,0.8220421681668918
25586,LOF,0.017558955339710254,0.087204263105291,0.8952367815549988
25587,LOF,0.01727366476195514,0.08117113655726983,0.901555198680775
25588,LOF,0.01759580038322884,0.09878003778192496,0.8836241618348462
25589,Neutral,0.5871752496628103,0.15354922758563064,0.25927552275155913
25590,LOF,0.020324290833210572,0.1382896400025889,0.8413860691642006
25591,LOF,0.07858514627968394,0.07389514505890238,0.8475197086614137
25592,LOF,0.046995106081203636,0.14807357950781344,0.8049313144109829
25593,LOF,0.024227738067045444,0.2736071175577004,0.7021651443752541
25594,LOF,0.0376650097507614,0.10733768214604102,0.8549973081031975
25595,LOF,0.03837018630445739,0.07506381348099023,0.8865660002145525
25596,LOF,0.050352261615787534,0.07284885478930712,0.8767988835949053
25597,LOF,0.0365656013103367,0.07706562326870606,0.8863687754209573
25598,LOF,0.03596157060878851,0.09252041339928421,0.8715180159919274
25599,GOF,0.007186893743745971,0.5750550270542776,0.4177580792019764
25600,GOF,0.0287674428425015,0.6291845943634049,0.3420479627940936
25601,LOF,0.013541639048731591,0.4586908980781673,0.5277674628731012
25602,LOF,0.013807239164925994,0.054766789543401244,0.9314259712916727
25603,LOF,0.054220501439270305,0.02070283836375503,0.9250766601969748
25604,LOF,0.015933118993513205,0.06803381541334809,0.9160330655931386
25605,LOF,0.007645109275936233,0.21396664140071092,0.7783882493233529
25606,LOF,0.10326337466612394,0.3657394231766903,0.5309972021571858
25607,LOF,0.004697612109635886,0.2313998172121119,0.7639025706782522
25608,LOF,0.01092053299181514,0.10709377615168773,0.8819856908564971
25609,LOF,0.07294102139131595,0.38567952743196,0.5413794511767241
25610,LOF,0.019620075516261236,0.026536746672069136,0.9538431778116697
25611,LOF,0.020868541876459534,0.025371710937021254,0.9537597471865192
25612,LOF,0.06582601802150742,0.03710822404556501,0.8970657579329276
25613,LOF,0.05785315255697904,0.03762431590033921,0.9045225315426818
25614,LOF,0.025645826886730363,0.02950731104766123,0.9448468620656085
25615,LOF,0.01951278804300692,0.0431942170091206,0.9372929949478724
25616,LOF,0.064060173831567,0.028381621044776765,0.9075582051236561
25617,LOF,0.06055666871024283,0.031694089672505664,0.9077492416172515
25618,LOF,0.07625091012224827,0.03387290691949314,0.8898761829582585
25619,LOF,0.01856175286220455,0.032442913251541555,0.9489953338862539
25620,LOF,0.0758100169597283,0.03394833432127556,0.8902416487189961
25621,LOF,0.019920730608378182,0.03745650793294193,0.9426227614586798
25622,LOF,0.024391153068550133,0.04059074480688104,0.9350181021245688
25623,LOF,0.04020920070744238,0.034231412626685956,0.9255593866658718
25624,LOF,0.02177091005225455,0.038478364103224,0.9397507258445215
25625,LOF,0.02439775760940583,0.05373469832705625,0.9218675440635379
25626,LOF,0.053539717485738186,0.03675922132133347,0.9097010611929284
25627,Neutral,0.6126097413469193,0.10141487721048018,0.2859753814426006
25628,LOF,0.21679868038015876,0.05278943294027015,0.7304118866795711
25629,LOF,0.040747157641573745,0.05899541041365138,0.9002574319447748
25630,LOF,0.1489226388890542,0.0869288018493113,0.7641485592616345
25631,Neutral,0.6232902404487317,0.055857529413138006,0.3208522301381304
25632,LOF,0.008423992010452337,0.08313469690074556,0.9084413110888021
25633,LOF,0.28308742138528603,0.04306193373801917,0.6738506448766948
25634,LOF,0.032115043129475634,0.0968133752676801,0.8710715816028443
25635,LOF,0.03363642726185924,0.056301848745042474,0.9100617239930984
25636,GOF,0.005368536375387163,0.5976620319707682,0.3969694316538447
25637,GOF,0.007091499689962651,0.6194838739468889,0.3734246263631486
25638,LOF,0.011702557758955288,0.30608011982860195,0.6822173224124428
25639,LOF,0.005381234008936415,0.4667201857627345,0.5278985802283291
25640,Neutral,0.4694737936689698,0.4245626995324147,0.1059635067986155
25641,LOF,0.012217108360018316,0.2987147084317782,0.6890681832082035
25642,LOF,0.24854154458512204,0.06217456902777574,0.6892838863871023
25643,LOF,0.14346012482645235,0.150107060316716,0.7064328148568316
25644,GOF,0.010094629245487536,0.4970354598512095,0.49286991090330284
25645,LOF,0.008111032395417177,0.4340673635225993,0.5578216040819837
25646,LOF,0.013284005479038448,0.3216616979998896,0.6650542965210721
25647,LOF,0.011208355361893038,0.2698503844683898,0.7189412601697172
25648,LOF,0.009600294061119457,0.26101248427126755,0.7293872216676129
25649,LOF,0.00830332147946582,0.20995260894497686,0.7817440695755574
25650,LOF,0.014210215092248528,0.4227595559900334,0.5630302289177181
25651,LOF,0.006199112343776636,0.2902937035431258,0.7035071841130975
25652,LOF,0.009365725318448304,0.2684647592539337,0.7221695154276181
25653,LOF,0.026848970263316486,0.3841941348036471,0.5889568949330363
25654,LOF,0.011398005643353432,0.14458631979719921,0.8440156745594473
25655,LOF,0.04981343751295741,0.4313366794393317,0.5188498830477108
25656,LOF,0.18339913879857747,0.04409376825832623,0.7725070929430963
25657,LOF,0.24853322224931315,0.024718781073078636,0.7267479966776081
25658,LOF,0.06310490794381217,0.06607240486976906,0.8708226871864189
25659,LOF,0.38305550522825066,0.05749537660586091,0.5594491181658884
25660,LOF,0.03471623060707482,0.09900486738656047,0.8662789020063648
25661,LOF,0.10754787284130997,0.064560466001867,0.8278916611568231
25662,LOF,0.026096214994461183,0.044824658128851426,0.9290791268766874
25663,LOF,0.03417896282882698,0.0664349461123682,0.8993860910588047
25664,LOF,0.04083279167456168,0.07723683327984784,0.8819303750455904
25665,LOF,0.05270548392364586,0.0356407879995694,0.9116537280767847
25666,LOF,0.04396120650198954,0.10281098687732027,0.8532278066206902
25667,LOF,0.07512766080898045,0.05081733590662973,0.8740550032843899
25668,LOF,0.027987220327504943,0.05008499760918628,0.9219277820633088
25669,LOF,0.02998086100046608,0.07388762329762137,0.8961315157019124
25670,LOF,0.057676087254815066,0.06501911386337861,0.8773047988818063
25671,LOF,0.09030044035619032,0.04330144279346401,0.8663981168503456
25672,LOF,0.05250176475262501,0.04646721225697616,0.9010310229903987
25673,LOF,0.030343636356225227,0.05911990583982702,0.9105364578039477
25674,LOF,0.025068222843020717,0.06983701488420718,0.9050947622727721
25675,LOF,0.03811432916955287,0.07181964481291074,0.8900660260175363
25676,LOF,0.02039496450731615,0.060708013050589836,0.9188970224420939
25677,LOF,0.030412319321943142,0.0686674969017833,0.9009201837762736
25678,LOF,0.1844745198059312,0.058043446651566376,0.7574820335425023
25679,LOF,0.1632470344957293,0.08918186683047245,0.7475710986737982
25680,LOF,0.039905542822307585,0.11386577835266104,0.8462286788250314
25681,LOF,0.06355876714751589,0.10726662181401099,0.8291746110384732
25682,LOF,0.12291306785418653,0.07481610879237975,0.8022708233534338
25683,LOF,0.07385162274168099,0.11828460681483917,0.8078637704434799
25684,LOF,0.04540260311338054,0.07881387781319528,0.8757835190734241
25685,LOF,0.07696700072861923,0.06197836121553822,0.8610546380558425
25686,LOF,0.02395952915135476,0.0835659006687054,0.8924745701799399
25687,LOF,0.045893793621562165,0.0704735331371418,0.8836326732412961
25688,LOF,0.04709612115919003,0.046297879163803284,0.9066059996770066
25689,LOF,0.02440249004552602,0.054424427867051525,0.9211730820874225
25690,LOF,0.031028220693863785,0.045615891967755215,0.923355887338381
25691,LOF,0.23886688182306337,0.06294871927955595,0.6981843988973806
25692,LOF,0.23704362226432069,0.006499543180057752,0.7564568345556215
25693,LOF,0.07938524744401111,0.25968711667519506,0.660927635880794
25694,LOF,0.25925185019715674,0.01245597555881338,0.7282921742440299
25695,LOF,0.16338301918523163,0.022576384164546597,0.8140405966502217
25696,LOF,0.11945884436547581,0.011413667315146678,0.8691274883193775
25697,LOF,0.0759862166521833,0.02251651425163318,0.9014972690961834
25698,LOF,0.04962226009018307,0.430795113682414,0.519582626227403
25699,LOF,0.06507784896232491,0.10527036365246363,0.8296517873852115
25700,LOF,0.06892168851120244,0.00865839748781298,0.9224199140009846
25701,LOF,0.015425229144502336,0.08058113764897705,0.9039936332065205
25702,GOF,0.0358027352298754,0.710151764424231,0.25404550034589357
25703,LOF,0.00849498522112736,0.16715865428229698,0.8243463604965757
25704,LOF,0.049995402283675695,0.14302795921718725,0.8069766384991369
25705,LOF,0.06321265212144703,0.24524505950683584,0.6915422883717173
25706,GOF,0.03150395592463054,0.5554054311757486,0.41309061289962096
25707,GOF,0.021657397786319223,0.49967558524691563,0.47866701696676517
25708,LOF,0.007118886303568012,0.4177051634086866,0.5751759502877454
25709,LOF,0.061982309662930474,0.06652652005067929,0.8714911702863902
25710,LOF,0.005622734791727685,0.17426601967311964,0.8201112455351527
25711,LOF,0.02138904949056707,0.12282808252471765,0.8557828679847154
25712,LOF,0.007310585027370373,0.205458707620496,0.7872307073521335
25713,LOF,0.018919945837492777,0.11709619519530914,0.8639838589671981
25714,LOF,0.07383207270959816,0.15359739638252248,0.7725705309078793
25715,LOF,0.014000869522552755,0.155165875971157,0.8308332545062902
25716,LOF,0.006244232363254377,0.12533022251737747,0.8684255451193681
25717,LOF,0.005860220628054086,0.10464779578782465,0.8894919835841212
25718,LOF,0.015059243802950878,0.10114045333734445,0.8838003028597046
25719,LOF,0.024284176466033258,0.1081320386439469,0.8675837848900199
25720,LOF,0.025025136688260397,0.09180687848085144,0.8831679848308882
25721,LOF,0.01779913781518635,0.12876396941928242,0.8534368927655311
25722,LOF,0.014845521508260252,0.15967348594327282,0.8254809925484669
25723,LOF,0.021000528338839055,0.08417119165374515,0.8948282800074159
25724,LOF,0.02304789135267983,0.12087610847154735,0.8560760001757729
25725,LOF,0.01449360076319894,0.09136204518479833,0.8941443540520027
25726,LOF,0.01279071110079892,0.11819853136296089,0.8690107575362401
25727,LOF,0.015775722056358195,0.09980372076253674,0.884420557181105
25728,LOF,0.013725294986341416,0.12422417669338538,0.8620505283202733
25729,LOF,0.01442400321413562,0.12739316032436263,0.8581828364615018
25730,LOF,0.015008662171190311,0.10705185747603829,0.8779394803527715
25731,LOF,0.00773312024969229,0.14494299153901163,0.8473238882112961
25732,LOF,0.014521777898838129,0.09889273839897245,0.8865854837021895
25733,LOF,0.019363944811591986,0.08689967468955956,0.8937363804988485
25734,LOF,0.005418520661735327,0.13946695313413204,0.8551145262041326
25735,LOF,0.016915878388497903,0.08535157725721952,0.8977325443542826
25736,LOF,0.0155176106475319,0.12817938646648203,0.856303002885986
25737,LOF,0.024028128143803236,0.09665722735976455,0.8793146444964322
25738,LOF,0.015979885324854094,0.1505543517785448,0.8334657628966011
25739,LOF,0.022862342876007587,0.12104049289114038,0.8560971642328521
25740,LOF,0.03328633629245688,0.13564413984223855,0.8310695238653045
25741,LOF,0.01784361189064902,0.12407268267305643,0.8580837054362945
25742,LOF,0.11621906354472711,0.11997366344321574,0.7638072730120572
25743,LOF,0.01655498532942142,0.02927993137574584,0.9541650832948327
25744,LOF,0.2326946515473148,0.30495003176387914,0.4623553166888061
25745,LOF,0.025107711898809174,0.04100405707199847,0.9338882310291924
25746,LOF,0.01641207369042031,0.05112729815731668,0.932460628152263
25747,LOF,0.028248964107696617,0.026229007531785316,0.9455220283605181
25748,LOF,0.15066611568849317,0.038584771314933236,0.8107491129965736
25749,LOF,0.016942357178734435,0.03783682135052455,0.9452208214707409
25750,LOF,0.032954312352650214,0.05873743188576141,0.9083082557615884
25751,LOF,0.12271716055411723,0.046699595635139195,0.8305832438107436
25752,GOF,0.10491867179883038,0.6516606301841836,0.24342069801698601
25753,LOF,0.007321078609801997,0.3506442574407927,0.6420346639494052
25754,GOF,0.005184879936769203,0.8522980324112245,0.14251708765200635
25755,LOF,0.009022068808666597,0.4368464388876024,0.5541314923037312
25756,LOF,0.03896234646440155,0.4304392958232784,0.53059835771232
25757,GOF,0.005541661582478883,0.8581764522722374,0.13628188614528386
25758,GOF,0.006660192420027339,0.8665247609169502,0.12681504666302257
25759,GOF,0.004360205307550085,0.5431627704721721,0.4524770242202778
25760,LOF,0.0046125273081325255,0.303361944406662,0.6920255282852055
25761,GOF,0.034671676553608165,0.8226171336307199,0.14271118981567205
25762,LOF,0.030316300944890903,0.33814368375345666,0.6315400153016526
25763,LOF,0.006311705098175834,0.24339849323675922,0.7502898016650649
25764,GOF,0.14289442918132064,0.532816228510179,0.3242893423085004
25765,GOF,0.01057250175451447,0.7844161883074514,0.20501130993803413
25766,GOF,0.016697358888067677,0.7984496040516315,0.18485303706030085
25767,GOF,0.018539700220500253,0.49707477892754653,0.48438552085195313
25768,LOF,0.08204518030241219,0.07702835842912709,0.8409264612684607
25769,LOF,0.0861274296073269,0.05656676976503427,0.8573058006276388
25770,LOF,0.26301886297376015,0.06345711120102382,0.673524025825216
25771,LOF,0.01441468912033334,0.062323444110845894,0.9232618667688208
25772,LOF,0.017360108581970197,0.02849712389283475,0.954142767525195
25773,LOF,0.011380405525954892,0.11547758032239702,0.873142014151648
25774,LOF,0.025402984043840764,0.0671811566455468,0.9074158593106124
25775,LOF,0.016907384297149768,0.0468030806573444,0.9362895350455059
25776,LOF,0.08753967339335893,0.022459171575807475,0.8900011550308337
25777,LOF,0.31541468889673124,0.03770500520452574,0.6468803058987429
25778,LOF,0.06983411404338394,0.041983028788091396,0.8881828571685247
25779,GOF,0.06564893391157306,0.8656395976123851,0.06871146847604186
25780,GOF,0.05956141336763734,0.8517574868535747,0.08868109977878799
25781,GOF,0.025000366195048352,0.8461076503454629,0.12889198345948868
25782,GOF,0.0286868329131307,0.8853238866289215,0.085989280457948
25783,GOF,0.013053547316519304,0.6532923488616189,0.3336541038218618
25784,GOF,0.12415440848411902,0.8205333922077275,0.055312199308153454
25785,GOF,0.07112353543948566,0.8723254698867151,0.056550994673799315
25786,GOF,0.005860725822002557,0.8110426895048383,0.1830965846731592
25787,GOF,0.20191060516993495,0.7570888250366947,0.04100056979337034
25788,LOF,0.04893470689273624,0.12142909384684991,0.8296361992604139
25789,GOF,0.040089314683461566,0.8204622557339596,0.13944842958257886
25790,GOF,0.04039212393804631,0.8489783663503712,0.1106295097115827
25791,GOF,0.027529464799067024,0.8024851723182153,0.16998536288271765
25792,GOF,0.04466480369882427,0.8040568060648274,0.15127839023634834
25793,GOF,0.10496150013209078,0.7584917308047958,0.13654676906311342
25794,GOF,0.09180052574245619,0.6772531469399578,0.2309463273175861
25795,GOF,0.02781831052491962,0.7505148389482246,0.22166685052685586
25796,GOF,0.12797061582903738,0.7431828787057954,0.12884650546516727
25797,GOF,0.031144587207965622,0.6033951406572613,0.36546027213477317
25798,GOF,0.0032595377545040793,0.5571385487349378,0.43960191351055805
25799,LOF,0.002894191246084765,0.435847220677859,0.5612585880760563
25800,GOF,0.00965586098633003,0.6263881096893205,0.36395602932434945
25801,GOF,0.027956221422793793,0.8116603537598855,0.16038342481732068
25802,GOF,0.01836305134824089,0.7389477292313085,0.24268921942045052
25803,GOF,0.011166338002136008,0.6224423548284798,0.3663913071693841
25804,GOF,0.012186441538225226,0.50281198505494,0.4850015734068348
25805,GOF,0.022569353956971582,0.6227225226940187,0.3547081233490097
25806,GOF,0.019218399600056453,0.6648346800807156,0.31594692031922805
25807,GOF,0.005569944185139965,0.6617308447419887,0.3326992110728713
25808,GOF,0.015280255654091135,0.6684072464887122,0.3163124978571967
25809,GOF,0.006038745162777066,0.6458606112083057,0.3481006436289172
25810,GOF,0.005435425347907394,0.6544294085125747,0.34013516613951794
25811,GOF,0.09324006336439083,0.8033302544672797,0.10342968216832943
25812,GOF,0.015566563832452673,0.6269709302021165,0.3574625059654308
25813,GOF,0.10825203285706028,0.7422656276947814,0.14948233944815842
25814,GOF,0.02758882445881601,0.7069858938408139,0.26542528170037005
25815,GOF,0.040833836994360606,0.7215408049203561,0.2376253580852832
25816,GOF,0.008492815376055566,0.7993006084049034,0.19220657621904105
25817,GOF,0.07388638029643389,0.7644264813541886,0.16168713834937762
25818,GOF,0.021195692694389475,0.7587535593098288,0.22005074799578186
25819,GOF,0.07414284597683166,0.7546966473227494,0.17116050670041894
25820,GOF,0.03329191513917182,0.7393692531517666,0.22733883170906152
25821,GOF,0.01664302149085173,0.7250844819677187,0.2582724965414297
25822,GOF,0.03608006190871375,0.7338695747571283,0.23005036333415804
25823,GOF,0.011952095580064942,0.5539466903316311,0.4341012140883038
25824,GOF,0.023658461289611007,0.7082589934313507,0.2680825452790384
25825,GOF,0.012824576506188264,0.6843237715088992,0.30285165198491265
25826,GOF,0.00539424067631272,0.6405708494238415,0.3540349098998458
25827,GOF,0.007609332171368135,0.6421013725461839,0.35028929528244807
25828,GOF,0.0045130369741497745,0.5746604618369178,0.4208265011889324
25829,GOF,0.0028458601104706413,0.6330491113356411,0.36410502855388827
25830,LOF,0.03447260974327909,0.3894574325304366,0.5760699577262843
25831,GOF,0.03598431190567367,0.8370731984429642,0.12694248965136215
25832,GOF,0.007984188520767583,0.7655364883713328,0.22647932310789956
25833,GOF,0.02579195630647029,0.8123157842913197,0.16189225940221008
25834,GOF,0.007184851582003765,0.7690088082294302,0.22380634018856604
25835,GOF,0.016770703121602677,0.8189330151395566,0.16429628173884075
25836,GOF,0.0065009028238184885,0.7675448280142481,0.2259542691619334
25837,GOF,0.0060176800499104,0.6701351854915994,0.3238471344584902
25838,GOF,0.019291205219495327,0.8436904248521193,0.13701836992838531
25839,GOF,0.04078952011230074,0.8039311068080376,0.15527937307966166
25840,GOF,0.03855744230579922,0.825961752645112,0.13548080504908885
25841,GOF,0.034822782669165546,0.849481332293944,0.11569588503689046
25842,GOF,0.026153548671248708,0.8646982511393833,0.10914820018936813
25843,GOF,0.02754485452130623,0.8768075573666969,0.09564758811199675
25844,GOF,0.015151994956107518,0.7984302445301347,0.18641776051375777
25845,GOF,0.004998141984743676,0.5837441585555584,0.4112576994596979
25846,GOF,0.028027165427384742,0.8529856314204713,0.11898720315214377
25847,GOF,0.017496009946773344,0.8896639974512001,0.09283999260202658
25848,GOF,0.015608788743772715,0.8432985749054177,0.14109263635080954
25849,GOF,0.004579123828662634,0.7052702110005623,0.2901506651707751
25850,GOF,0.00655074106781795,0.7145612028793865,0.2788880560527956
25851,GOF,0.005474836818744134,0.5950893298813755,0.3994358332998803
25852,GOF,0.16468327171570288,0.547366855306477,0.28794987297782
25853,GOF,0.07766826682870515,0.8335822768175115,0.08874945635378328
25854,GOF,0.009797192004822331,0.6552600703893905,0.33494273760578713
25855,GOF,0.012498606731018904,0.5918599152104201,0.395641478058561
25856,GOF,0.03600120747840632,0.7150663486471396,0.24893244387445415
25857,GOF,0.014104656128701366,0.5444794065570663,0.44141593731423234
25858,GOF,0.008648957362312316,0.5665017456977756,0.42484929693991214
25859,GOF,0.005468837370221337,0.5474279714054658,0.4471031912243129
25860,GOF,0.06913480473350725,0.7966319573649369,0.13423323790155606
25861,GOF,0.11711539830378397,0.780227022441252,0.1026575792549641
25862,GOF,0.021022455163686983,0.8471111124852924,0.13186643235102055
25863,GOF,0.020260577115802647,0.8568927818226777,0.12284664106151978
25864,GOF,0.04400984464909736,0.866609891222779,0.08938026412812353
25865,GOF,0.029562184465359694,0.8437625584886965,0.12667525704594368
25866,GOF,0.021998269913292796,0.8362587792541676,0.14174295083253954
25867,GOF,0.024853463557890535,0.8621928630940284,0.11295367334808104
25868,GOF,0.05354730321813842,0.804862456103648,0.14159024067821346
25869,GOF,0.3145079151740905,0.5948534167170658,0.09063866810884369
25870,GOF,0.2110473278593518,0.5325472656223665,0.2564054065182816
25871,GOF,0.024627697995153946,0.8456817932435008,0.1296905087613452
25872,GOF,0.01966984893651834,0.8346771670526245,0.14565298401085713
25873,GOF,0.0197273024643997,0.8537071038772674,0.1265655936583329
25874,LOF,0.016809568822970158,0.14488737209478697,0.8383030590822428
25875,LOF,0.0305486504128588,0.035608707013534004,0.9338426425736073
25876,LOF,0.01481487159289018,0.030617653102492627,0.9545674753046173
25877,LOF,0.12516334657892902,0.066283775448817,0.808552877972254
25878,LOF,0.050477807675416,0.08432280539039226,0.8651993869341918
25879,LOF,0.02013163001202475,0.06302846442198358,0.9168399055659916
25880,LOF,0.04494698264519914,0.009135348016360489,0.9459176693384403
25881,Neutral,0.5730436946906248,0.04634408810701124,0.3806122172023641
25882,LOF,0.02572628645035833,0.03214693194430875,0.9421267816053329
25883,LOF,0.05934571276977224,0.019649379712765938,0.9210049075174619
25884,LOF,0.014104166546821588,0.043577850112882906,0.9423179833402956
25885,LOF,0.19958000156346045,0.006936946880215681,0.7934830515563238
25886,LOF,0.20552138341158419,0.03268197401841366,0.7617966425700021
25887,LOF,0.15752680689597198,0.05864192849445788,0.7838312646095701
25888,LOF,0.01431939047392012,0.10939410777864766,0.8762865017474322
25889,LOF,0.018460644278661082,0.03104156654669349,0.9504977891746454
25890,LOF,0.11691167023654253,0.08663616817965948,0.7964521615837978
25891,LOF,0.04587071606040343,0.03702320669507315,0.9171060772445233
25892,LOF,0.010173499137187344,0.04504657299819938,0.9447799278646133
25893,LOF,0.4139572845960755,0.013943173468335908,0.5720995419355885
25894,LOF,0.43174238813036575,0.00751739341737331,0.560740218452261
25895,LOF,0.36099294332779364,0.015909007674185256,0.6230980489980211
25896,LOF,0.04346451469554301,0.03204931953550807,0.9244861657689489
25897,LOF,0.20743254407178197,0.015341991342601327,0.7772254645856168
25898,LOF,0.21443739975195936,0.03952042722175453,0.7460421730262861
25899,LOF,0.24078235353153865,0.03120018781604647,0.7280174586524149
25900,LOF,0.45355104179625894,0.012241255781042551,0.5342077024226987
25901,LOF,0.04747856066815165,0.012796702472977756,0.9397247368588706
25902,LOF,0.098416283257783,0.0206875549041043,0.8808961618381128
25903,LOF,0.3744164380562562,0.03672336546943531,0.5888601964743084
25904,Neutral,0.4806428200461357,0.04204208992412858,0.47731509002973577
25905,LOF,0.006968023657636775,0.41379279656624296,0.5792391797761203
25906,LOF,0.0072004311913208335,0.1399135209585525,0.8528860478501266
25907,LOF,0.003849039154777428,0.3760586491817455,0.6200923116634771
25908,LOF,0.0033939200671940515,0.2659802048419061,0.7306258750908997
25909,LOF,0.014387418090163038,0.17692897548555533,0.8086836064242817
25910,LOF,0.015399166214813426,0.13861022615355886,0.8459906076316277
25911,LOF,0.1843171322353685,0.023427713306986,0.7922551544576455
25912,LOF,0.06234432729996678,0.043987779629122876,0.8936678930709103
25913,LOF,0.06750232741086723,0.04933266476095414,0.8831650078281785
25914,LOF,0.022111179011635798,0.06271097714916715,0.915177843839197
25915,LOF,0.12282012419277959,0.27040631265520443,0.6067735631520159
25916,LOF,0.020307544359927605,0.18697657315184305,0.7927158824882294
25917,LOF,0.055717438510994956,0.043613243736293245,0.9006693177527119
25918,LOF,0.026728258723722195,0.034617070940710024,0.9386546703355678
25919,LOF,0.02303114423195016,0.03280694474076408,0.9441619110272857
25920,LOF,0.11094637483669165,0.16813900034522777,0.7209146248180807
25921,LOF,0.010559676567797164,0.03469606250698491,0.9547442609252179
25922,LOF,0.013295504632172056,0.027199743562435156,0.9595047518053926
25923,LOF,0.4050663218044175,0.037534804749874015,0.5573988734457086
25924,LOF,0.018639409904796473,0.041703205984117864,0.9396573841110857
25925,LOF,0.07855487605104484,0.044662349525510035,0.8767827744234451
25926,LOF,0.05682650383378405,0.03855962376016,0.9046138724060558
25927,LOF,0.021851861188396906,0.06390627004645782,0.9142418687651452
25928,LOF,0.00768137663157071,0.05065566634903577,0.9416629570193935
25929,Neutral,0.4915782533407615,0.034518804629333745,0.4739029420299048
25930,LOF,0.08141601607505526,0.03058747360015851,0.8879965103247862
25931,LOF,0.009934162372827527,0.03332478536798443,0.9567410522591882
25932,LOF,0.03620751462658617,0.02656980943999233,0.9372226759334216
25933,LOF,0.041757533962996925,0.017634041740349438,0.9406084242966537
25934,LOF,0.028604874813229115,0.018303882895017328,0.9530912422917536
25935,LOF,0.07060847797649178,0.051207111908574465,0.8781844101149339
25936,LOF,0.04261641846221267,0.020082587468751755,0.9373009940690356
25937,LOF,0.009165476212440314,0.03569498540708722,0.9551395383804724
25938,LOF,0.06353599057589845,0.0557482375149232,0.8807157719091784
25939,LOF,0.034944906969261856,0.021201892010630236,0.9438532010201078
25940,LOF,0.009139184372610914,0.307561161186302,0.683299654441087
25941,Neutral,0.5286254350054852,0.024385980462415493,0.4469885845320992
25942,LOF,0.005437214107874307,0.039176848570710306,0.9553859373214153
25943,LOF,0.03135790921221722,0.12917221413808377,0.8394698766496991
25944,LOF,0.10431238969101811,0.06802239833208386,0.8276652119768981
25945,LOF,0.06094085931594438,0.01794491933059785,0.9211142213534578
25946,LOF,0.07074252808118998,0.061135836337156066,0.8681216355816539
25947,Neutral,0.5072404301622664,0.07218404930181482,0.4205755205359187
25948,LOF,0.33615333903630173,0.008982721137511699,0.6548639398261865
25949,LOF,0.10472212778149122,0.04901898458160617,0.8462588876369025
25950,GOF,0.05645690335227513,0.6081066469637909,0.3354364496839339
25951,LOF,0.01508506559079363,0.39889854229257166,0.5860163921166347
25952,LOF,0.30854896424549116,0.2653386342103881,0.4261124015441207
25953,LOF,0.011921556414537926,0.17621695882267246,0.8118614847627896
25954,LOF,0.05203010259502935,0.44262404592802596,0.5053458514769448
25955,LOF,0.010143861724606941,0.16656820042222306,0.82328793785317
25956,LOF,0.02339780888728601,0.29461942380264944,0.6819827673100645
25957,LOF,0.1991740627235736,0.03295694401580393,0.7678689932606224
25958,LOF,0.05508643959072324,0.027918083331569803,0.9169954770777069
25959,GOF,0.015444067561709253,0.4999093070076216,0.48464662543066916
25960,LOF,0.006025345435069233,0.056268358490032346,0.9377062960748984
25961,LOF,0.05531709851045724,0.02605776386518853,0.9186251376243543
25962,LOF,0.027744740967049205,0.08528873857166569,0.8869665204612851
25963,LOF,0.005147925877674694,0.2504388489501521,0.7444132251721732
25964,LOF,0.02988041606189896,0.10293783024437538,0.8671817536937257
25965,LOF,0.3102083757116401,0.14453268895658047,0.5452589353317795
25966,Neutral,0.4450421855725734,0.13786846271955322,0.41708935170787337
25967,LOF,0.006034362743457711,0.07660911295838907,0.9173565242981533
25968,LOF,0.04608590644481031,0.25392018147529993,0.6999939120798898
25969,LOF,0.13050488401164714,0.06522083106365016,0.8042742849247027
25970,LOF,0.020943816403313897,0.08706468181794261,0.8919915017787434
25971,LOF,0.06997406563998283,0.029139492512361392,0.9008864418476559
25972,LOF,0.059068566547114794,0.04098204272130471,0.8999493907315804
25973,LOF,0.05533565471236495,0.014363089954907775,0.9303012553327273
25974,LOF,0.04138695271071253,0.04814365713420351,0.9104693901550839
25975,LOF,0.041705761205813034,0.03123059192481411,0.9270636468693728
25976,LOF,0.10186530898734962,0.014156628966562187,0.8839780620460883
25977,LOF,0.19788191013848166,0.05451759289888044,0.7476004969626379
25978,LOF,0.13091784295482212,0.12466436289691517,0.7444177941482628
25979,LOF,0.119161419644719,0.12344225922116467,0.7573963211341164
25980,LOF,0.22722625340655284,0.14628228506510146,0.6264914615283457
25981,LOF,0.22799307704572402,0.14810619341644576,0.6239007295378302
25982,LOF,0.35694020816936345,0.10954774854839584,0.5335120432822408
25983,LOF,0.3703588221443844,0.12859373139684693,0.5010474464587686
25984,LOF,0.035154668433859525,0.0523349429772268,0.9125103885889136
25985,LOF,0.38307304427030947,0.11464859642403473,0.5022783593056558
25986,LOF,0.012310745709088577,0.3824418682118487,0.6052473860790627
25987,LOF,0.0378936641529508,0.08249018992124095,0.8796161459258083
25988,LOF,0.1429712689742247,0.08838044448702935,0.768648286538746
25989,LOF,0.04362776382208877,0.12341504714753866,0.8329571890303725
25990,LOF,0.04468157205618697,0.20635339837403255,0.7489650295697806
25991,LOF,0.019953278549732997,0.3701953699991879,0.6098513514510789
25992,LOF,0.027290357853279237,0.36739906176687237,0.6053105803798483
25993,LOF,0.022253406451089506,0.09386909502348996,0.8838774985254206
25994,LOF,0.018094964072162458,0.08363344689317076,0.8982715890346669
25995,LOF,0.018672497855658346,0.18806826468939578,0.7932592374549459
25996,LOF,0.29667898532564385,0.31550951774799696,0.38781149692635913
25997,LOF,0.07599380834479084,0.3613641337555329,0.5626420578996763
25998,LOF,0.2863918803473007,0.05304788908554478,0.6605602305671545
25999,LOF,0.019278010079220326,0.26046992767061977,0.7202520622501599
26000,LOF,0.15795784780487074,0.03481350786254573,0.8072286443325836
26001,LOF,0.30030046696399443,0.025771235732147197,0.6739282973038584
26002,LOF,0.07463263343378873,0.05272510950165492,0.8726422570645563
26003,GOF,0.003678994853873707,0.6336913429229205,0.36262966222320586
26004,GOF,0.006196741638620171,0.717033583481701,0.27676967487967885
26005,GOF,0.0028747754946073394,0.5197927910109643,0.47733243349442833
26006,GOF,0.07891728522663513,0.5948990677099026,0.3261836470634623
26007,GOF,0.006037658156867859,0.60576050641462,0.38820183542851217
26008,GOF,0.005297590396772726,0.6893305352423295,0.3053718743608978
26009,GOF,0.006131195884848249,0.6894976353886926,0.30437116872645925
26010,GOF,0.006935015616254609,0.7035708105674815,0.2894941738162639
26011,GOF,0.0027504127905355513,0.5069044909156191,0.4903450962938453
26012,GOF,0.003854626073134708,0.6000835822844602,0.3960617916424052
26013,GOF,0.0049148990443292195,0.6456573566872335,0.34942774426843726
26014,LOF,0.03594292348720639,0.10294074165389923,0.8611163348588944
26015,LOF,0.12464369502692549,0.02003061751002978,0.8553256874630447
26016,LOF,0.25551437726961096,0.039938358788989436,0.7045472639413997
26017,LOF,0.01981620262194513,0.18571461132508768,0.7944691860529672
26018,LOF,0.0501210192501962,0.03687020637737499,0.9130087743724288
26019,LOF,0.048960823891958244,0.030560251618945794,0.920478924489096
26020,LOF,0.008629537125154164,0.19734651221519767,0.7940239506596481
26021,LOF,0.07096122708607347,0.06714047680837772,0.8618982961055488
26022,LOF,0.02819956922832336,0.023101330375532126,0.9486991003961446
26023,LOF,0.04234026264707888,0.022830688339125365,0.9348290490137958
26024,LOF,0.048256295575165996,0.0699356166281856,0.8818080877966483
26025,LOF,0.05574057423644876,0.07473650190241107,0.8695229238611403
26026,LOF,0.10178900720768932,0.052464497417628216,0.8457464953746825
26027,LOF,0.04307199327081065,0.018800038068812294,0.9381279686603771
26028,LOF,0.08255131105326793,0.1138707981514198,0.8035778907953123
26029,LOF,0.029338846696387835,0.2106806612296402,0.759980492073972
26030,LOF,0.15865799548213314,0.025582333281339773,0.8157596712365272
26031,LOF,0.015058451075964556,0.1656071773307087,0.8193343715933267
26032,LOF,0.0685931987270665,0.06521856578776668,0.8661882354851669
26033,LOF,0.08792009921861212,0.0592280313178312,0.8528518694635567
26034,LOF,0.01486473284369138,0.19561397929050162,0.7895212878658071
26035,LOF,0.012769129938414022,0.14183376569614461,0.8453971043654415
26036,LOF,0.014890123808836298,0.1737866430767222,0.8113232331144415
26037,LOF,0.011648259783704724,0.12535574679737085,0.8629959934189244
26038,LOF,0.05691453223520575,0.059067349575316674,0.8840181181894776
26039,LOF,0.023330343464074633,0.17708075068955698,0.7995889058463684
26040,LOF,0.11321504076444167,0.15912074284471778,0.7276642163908406
26041,LOF,0.014538547783814847,0.10679673149292547,0.8786647207232597
26042,LOF,0.01329604074307686,0.11086819171208762,0.8758357675448356
26043,LOF,0.05506371542049856,0.07463423982779209,0.8703020447517095
26044,LOF,0.011633670216984944,0.06400713195901599,0.924359197823999
26045,LOF,0.05744637654224713,0.11709953987166863,0.8254540835860842
26046,LOF,0.049358231918949676,0.062345062542834714,0.8882967055382156
26047,LOF,0.08365668319122334,0.06023569026165114,0.8561076265471256
26048,LOF,0.05080489683320484,0.043061497772905404,0.9061336053938898
26049,Neutral,0.9652150064165795,0.006385739101724448,0.028399254481695994
26050,Neutral,0.95285291199511,0.007696645599005243,0.03945044240588475
26051,LOF,0.012962851859136065,0.16902888565849133,0.8180082624823726
26052,LOF,0.02075525563039768,0.20743950164947145,0.7718052427201308
26053,LOF,0.023353912200768306,0.1650587144724943,0.8115873733267374
26054,LOF,0.05248990535244492,0.015355298092688853,0.9321547965548663
26055,LOF,0.06804732391615212,0.016540360417023375,0.9154123156668245
26056,LOF,0.05308659781508767,0.018524998003817628,0.9283884041810947
26057,LOF,0.0333424967826982,0.012249312544490512,0.9544081906728114
26058,LOF,0.033962895930900384,0.010703746001066348,0.9553333580680333
26059,LOF,0.3627519832062555,0.01822748004172195,0.6190205367520225
26060,LOF,0.011384075902943925,0.16314266506240216,0.825473259034654
26061,LOF,0.005189514777883741,0.014422880164260719,0.9803876050578555
26062,LOF,0.0039758346235430125,0.020051005508604513,0.9759731598678524
26063,LOF,0.022384453413607917,0.011055944877945357,0.9665596017084467
26064,LOF,0.006353030732554988,0.026430544494418617,0.9672164247730263
26065,LOF,0.025693559798253756,0.01139964138997642,0.9629067988117698
26066,LOF,0.024640289368029342,0.010859014160078976,0.9645006964718916
26067,LOF,0.029494845364981797,0.00969179982421074,0.9608133548108073
26068,LOF,0.04411501434550573,0.028985581130635655,0.9268994045238587
26069,LOF,0.32540440326076214,0.01769411147543786,0.6569014852638001
26070,LOF,0.46536886229754776,0.013861933257901492,0.5207692044445507
26071,LOF,0.02464241493921202,0.01153978484223778,0.9638178002185501
26072,LOF,0.005494811127116209,0.025200719841912276,0.9693044690309714
26073,LOF,0.023011171115137886,0.013292895956217228,0.9636959329286449
26074,Neutral,0.9246464092440327,0.006212342217410201,0.06914124853855695
26075,LOF,0.04338231117488743,0.01550378927923943,0.9411138995458732
26076,LOF,0.03508682201707678,0.010693641926528307,0.9542195360563949
26077,LOF,0.11341141436096218,0.008811791883165887,0.877776793755872
26078,LOF,0.005532071385502371,0.01541604174375157,0.9790518868707461
26079,LOF,0.057028083540559084,0.016723505991809037,0.926248410467632
26080,LOF,0.05484219825106976,0.016762522587150545,0.9283952791617797
26081,LOF,0.030190647607056757,0.008272139139069877,0.9615372132538733
26082,LOF,0.004486712160424701,0.017531754136785944,0.9779815337027893
26083,LOF,0.1026672463943738,0.01637364335315146,0.8809591102524748
26084,LOF,0.042160230307018536,0.013974739891659906,0.9438650298013216
26085,LOF,0.038642392810104176,0.012646292054417444,0.9487113151354784
26086,LOF,0.023667304571213063,0.012136345359211348,0.9641963500695757
26087,LOF,0.022292225373242682,0.009781372530630085,0.9679264020961271
26088,LOF,0.005557441741991246,0.023873247970830073,0.9705693102871786
26089,LOF,0.040196175516036665,0.020328603263627773,0.9394752212203357
26090,LOF,0.039605586484801926,0.01661686615391446,0.9437775473612836
26091,LOF,0.028394594510339,0.007513785092381793,0.9640916203972792
26092,LOF,0.024365592435414304,0.008528042872892851,0.9671063646916929
26093,LOF,0.04122393991532891,0.006760562637453515,0.9520154974472177
26094,LOF,0.0337856823737572,0.006889294229790679,0.9593250233964522
26095,LOF,0.019518777007415992,0.017211635896880323,0.9632695870957036
26096,LOF,0.16984211809534588,0.0064082107472304035,0.8237496711574237
26097,LOF,0.00484515288781435,0.03970959218230556,0.9554452549298802
26098,LOF,0.07911453372100742,0.0161092916879957,0.9047761745909968
26099,LOF,0.022886733345496183,0.014198625920457729,0.9629146407340461
26100,LOF,0.022819230877090403,0.014206735351443543,0.962974033771466
26101,LOF,0.05566611306162598,0.01978190870084352,0.9245519782375304
26102,LOF,0.02190066131773103,0.014798646449607728,0.9633006922326613
26103,Neutral,0.8348499745513351,0.019366440425578235,0.14578358502308658
26104,LOF,0.07557918324978563,0.021444641271050738,0.9029761754791638
26105,LOF,0.24552014736185795,0.1537793709586757,0.6007004816794663
26106,LOF,0.38765410619586604,0.1230227997191544,0.4893230940849795
26107,LOF,0.020691000151041306,0.09603338964744247,0.8832756102015162
26108,LOF,0.35093238161897844,0.039740492263960446,0.6093271261170611
26109,LOF,0.03871285158030857,0.06885881559483303,0.8924283328248583
26110,LOF,0.20439533276175806,0.0060899628009075295,0.7895147044373344
26111,LOF,0.07497936286095654,0.07107841784711061,0.8539422192919329
26112,LOF,0.03652977581204873,0.007420361703121725,0.9560498624848296
26113,LOF,0.06202824402585532,0.015653005917991094,0.9223187500561536
26114,LOF,0.07190490004246808,0.012224017501535234,0.9158710824559967
26115,LOF,0.01546086066221271,0.07032719733617637,0.9142119420016109
26116,LOF,0.10644460393067817,0.045471348815211504,0.8480840472541102
26117,LOF,0.39271154022909094,0.0462229367171278,0.5610655230537812
26118,LOF,0.03084124223159269,0.02343051114132861,0.9457282466270787
26119,LOF,0.004444289505980883,0.04612354786614896,0.9494321626278701
26120,LOF,0.02631950606616372,0.02093096016811243,0.9527495337657239
