feature0,prediction,LoGoFunc_Neutral,LoGoFunc_GOF,LoGoFunc_LOF
25546,Neutral,0.6733032283131635,0.04874911962484342,0.27794765206199307
25547,Neutral,0.5477157132791728,0.12223361729587083,0.3300506694249564
25548,Neutral,0.5091663924001867,0.08518959007788343,0.40564401752192986
25549,Neutral,0.48128049165007336,0.09039660141736489,0.4283229069325617
25550,LOF,0.3833134136539635,0.08405479913630634,0.5326317872097303
25551,LOF,0.282289607945223,0.08435098790887866,0.6333594041458983
25552,LOF,0.18087256352773137,0.09518970383179054,0.7239377326404781
25553,Neutral,0.8262696212208933,0.02298032102975326,0.15075005774935335
25554,LOF,0.21099754158754647,0.10270446400113542,0.6862979944113182
25555,LOF,0.17330142867383228,0.08743362966096627,0.7392649416652015
25556,Neutral,0.5562517509343792,0.06938492067565002,0.3743633283899708
25557,LOF,0.17562327061961663,0.0974652458902574,0.7269114834901259
25558,LOF,0.2183298141370855,0.11638166638196144,0.6652885194809531
25559,Neutral,0.5674164044019476,0.042643388511763115,0.38994020708628924
25560,LOF,0.03637400684635069,0.16877011693207006,0.7948558762215793
25561,LOF,0.1056943459902477,0.1801571283006209,0.7141485257091315
25562,LOF,0.12211777518567618,0.054158231717634946,0.8237239930966889
25563,LOF,0.11391147051914757,0.09760792509349031,0.7884806043873621
25564,LOF,0.07247066961353789,0.09468439809774457,0.8328449322887176
25565,LOF,0.11774577522932514,0.3393780403031316,0.5428761844675433
25566,LOF,0.03799086212579601,0.39800855669198176,0.5640005811822223
25567,LOF,0.01441498092384947,0.06384535360558868,0.9217396654705619
25568,LOF,0.08340818358999999,0.032661474354426304,0.8839303420555737
25569,LOF,0.1539629457265939,0.023041275630270273,0.8229957786431358
25570,LOF,0.08863782397413773,0.05155572724647831,0.8598064487793841
25571,LOF,0.11152197536526062,0.03945259811920539,0.8490254265155339
25572,LOF,0.057633792230642286,0.05050012813649155,0.8918660796328661
25573,LOF,0.025897623521625383,0.04358028559155865,0.930522090886816
25574,LOF,0.01464619743258306,0.14482001606007203,0.840533786507345
25575,LOF,0.0892366966039086,0.018330267213122715,0.8924330361829688
25576,LOF,0.02458005544038634,0.022078474711864512,0.9533414698477493
25577,LOF,0.01410200131082538,0.024497153616817247,0.9614008450723575
25578,LOF,0.35834232638197744,0.051422907726751906,0.5902347658912708
25579,LOF,0.30136727005189706,0.048142670643868464,0.6504900593042345
25580,LOF,0.050887883887437584,0.01975383293234902,0.9293582831802133
25581,LOF,0.06587031284780893,0.0586373398861385,0.8754923472660526
25582,LOF,0.06601717137942359,0.04160421542084062,0.8923786131997358
25583,LOF,0.05925522593387119,0.01634542046871297,0.9243993535974159
25584,Neutral,0.5225260521623128,0.03215976266374482,0.4453141851739424
25585,LOF,0.03690924983163046,0.023890907108255668,0.9391998430601138
25586,LOF,0.051152893965038346,0.021033594545177635,0.927813511489784
25587,LOF,0.04044935045143666,0.014713631108763192,0.9448370184398001
25588,LOF,0.041772330741060675,0.019066156230071758,0.9391615130288675
25589,Neutral,0.7050827324849488,0.05002789280491296,0.24488937471013825
25590,LOF,0.02676028607436769,0.05681434195547741,0.9164253719701548
25591,LOF,0.10802286817088896,0.02496010453072602,0.867017027298385
25592,LOF,0.21188781962838704,0.04485724162830019,0.7432549387433128
25593,LOF,0.01797827980536237,0.259925997051106,0.7220957231435317
25594,LOF,0.053838838345058246,0.17387884968079054,0.7722823119741512
25595,LOF,0.10111028087548346,0.252631403974187,0.6462583151503295
25596,LOF,0.0992863175465338,0.08295712193048556,0.8177565605229806
25597,LOF,0.08283859986529941,0.046899312982319516,0.870262087152381
25598,LOF,0.1270207097932022,0.2052892544580017,0.667690035748796
25599,LOF,0.013602053323518461,0.30999733224826204,0.6764006144282194
25600,LOF,0.019409624357604943,0.3876394285977403,0.5929509470446548
25601,LOF,0.009300169127519664,0.16274136063649508,0.8279584702359852
25602,LOF,0.022816668591754012,0.07181535815793735,0.9053679732503086
25603,LOF,0.03873202635005446,0.05127763552752988,0.9099903381224156
25604,LOF,0.037911464713604806,0.08645548753388782,0.8756330477525073
25605,LOF,0.014172792626107314,0.24619419901176742,0.7396330083621253
25606,LOF,0.08531041674603454,0.3092153596469977,0.6054742236069678
25607,LOF,0.0032069920258818714,0.16482694909035533,0.8319660588837627
25608,LOF,0.0663079896867458,0.04328429188008879,0.8904077184331654
25609,LOF,0.11198149981852898,0.14851097694359172,0.7395075232378793
25610,LOF,0.04010236687538358,0.0969259537171105,0.862971679407506
25611,LOF,0.05916638033999194,0.05136854489600787,0.8894650747640002
25612,LOF,0.18315026010990892,0.060205085643589805,0.7566446542465013
25613,LOF,0.08428651905384829,0.08029841542693633,0.8354150655192153
25614,LOF,0.034875159422980584,0.10717164716785726,0.8579531934091622
25615,LOF,0.06277162759917217,0.10456563919278869,0.8326627332080391
25616,LOF,0.023316386634443624,0.1733532468582448,0.8033303665073116
25617,LOF,0.04472105901518445,0.08607089069654915,0.8692080502882665
25618,LOF,0.1734925865854437,0.26698468468426456,0.5595227287302917
25619,LOF,0.04245222457794641,0.10799848812434408,0.8495492872977095
25620,LOF,0.03864569726718041,0.1444327760403733,0.8169215266924462
25621,LOF,0.029488706081691726,0.07357201963783394,0.8969392742804744
25622,LOF,0.021585839164699774,0.1212951160168125,0.8571190448184878
25623,LOF,0.038234645331343034,0.16062498782201756,0.8011403668466394
25624,LOF,0.02988154636575424,0.1683818892413533,0.8017365643928924
25625,LOF,0.03547165467138513,0.10036483717317152,0.8641635081554433
25626,LOF,0.09159754704113426,0.061842891826605184,0.8465595611322605
25627,LOF,0.41349443972556854,0.1050924344620688,0.48141312581236273
25628,LOF,0.16892180025381867,0.03660130346530252,0.7944768962808789
25629,LOF,0.09468516018053895,0.047516191236706064,0.857798648582755
25630,LOF,0.17403459217100098,0.039524989533487404,0.7864404182955117
25631,Neutral,0.5282867113836778,0.0790628533824497,0.39265043523387255
25632,LOF,0.01775048386047925,0.07563970222260676,0.906609813916914
25633,LOF,0.27349346128085594,0.32690909920774963,0.3995974395113943
25634,LOF,0.06040476974196616,0.15259915312613206,0.7869960771319018
25635,LOF,0.038167936703784475,0.10627269521263458,0.8555593680835809
25636,LOF,0.0055078556768420875,0.4256085064603254,0.5688836378628326
25637,LOF,0.004973105887281494,0.2534981746084185,0.7415287195043
25638,LOF,0.006411764482085458,0.29341897452677307,0.7001692609911415
25639,LOF,0.0052335307248883725,0.24992885321033453,0.744837616064777
25640,Neutral,0.5052601007841625,0.37348548750100224,0.12125441171483527
25641,LOF,0.008882989264940487,0.20036893145193133,0.7907480792831282
25642,LOF,0.2332639145392244,0.0315139229669642,0.7352221624938113
25643,LOF,0.19767147753113457,0.0354025603669256,0.7669259621019399
25644,LOF,0.014041111275614401,0.2931969596122213,0.6927619291121643
25645,LOF,0.010742817068658574,0.4028744753504194,0.5863827075809219
25646,LOF,0.012950286121281294,0.23471529582533285,0.7523344180533859
25647,LOF,0.011861187137658583,0.20494571891491434,0.7831930939474271
25648,LOF,0.008299345358636674,0.21164973974557416,0.7800509148957891
25649,LOF,0.00815478957831583,0.1529195127660574,0.8389256976556266
25650,LOF,0.026577159016168615,0.28470926673206914,0.6887135742517623
25651,LOF,0.007219794538968913,0.17425682608813886,0.8185233793728922
25652,LOF,0.011938059463616873,0.27691881558968195,0.7111431249467012
25653,LOF,0.05197144589612683,0.3518108610175616,0.5962176930863116
25654,LOF,0.007142780220931556,0.3048208248923513,0.6880363948867171
25655,LOF,0.0962187345084051,0.43856055944663525,0.4652207060449597
25656,LOF,0.07063041936612155,0.20097634712498944,0.7283932335088891
25657,LOF,0.25883160800909966,0.049024028077316296,0.6921443639135841
25658,LOF,0.020015826472583004,0.27568919168332034,0.7042949818440966
25659,LOF,0.16913410552515085,0.2026680994110954,0.6281977950637538
25660,LOF,0.10754400674663564,0.11136077545272442,0.78109521780064
25661,LOF,0.06702729883921124,0.09636912447860074,0.836603576682188
25662,LOF,0.04451296641410516,0.10288160268382308,0.8526054309020719
25663,LOF,0.045456246075635,0.1760001597077219,0.7785435942166431
25664,LOF,0.026819944321593812,0.19067067481991345,0.7825093808584926
25665,LOF,0.05021571177771845,0.08679630171592283,0.8629879865063588
25666,LOF,0.03524910801564218,0.22002576333539928,0.7447251286489585
25667,LOF,0.04084100975117783,0.04575223053046886,0.9134067597183533
25668,LOF,0.044115942331871084,0.08731379629903292,0.8685702613690959
25669,LOF,0.03182584055654204,0.11215063129133551,0.8560235281521225
25670,LOF,0.06553470337434464,0.09661276455870232,0.837852532066953
25671,LOF,0.05876520424656957,0.06299777138140335,0.8782370243720271
25672,LOF,0.06959637135246861,0.051381804672201194,0.8790218239753301
25673,LOF,0.03728796367467317,0.09088123638643232,0.8718307999388945
25674,LOF,0.02525309281663145,0.12591721355608754,0.848829693627281
25675,LOF,0.03455915425235242,0.0734393226740859,0.8920015230735617
25676,LOF,0.04227541902924598,0.11251148801640015,0.8452130929543538
25677,LOF,0.08027147699858365,0.06737043462189374,0.8523580883795225
25678,LOF,0.17375442923881437,0.09525773818445785,0.7309878325767277
25679,LOF,0.11533136793594555,0.11798302401589975,0.7666856080481547
25680,LOF,0.11682383793529137,0.14000549556107383,0.7431706665036347
25681,LOF,0.1202356625699585,0.14302572665742608,0.7367386107726155
25682,LOF,0.051119022373322325,0.06510253166019536,0.8837784459664823
25683,LOF,0.076265953244258,0.10549247866343213,0.81824156809231
25684,LOF,0.066168875863339,0.11243539094891516,0.821395733187746
25685,LOF,0.09739923722458972,0.041843813092622424,0.8607569496827879
25686,LOF,0.021029620511728592,0.163875010971239,0.8150953685170323
25687,LOF,0.03890890146542625,0.14820148330053798,0.8128896152340358
25688,LOF,0.01446833582272302,0.4400657417677809,0.5454659224094961
25689,LOF,0.010063685538974652,0.21913105357742804,0.7708052608835974
25690,LOF,0.01245998035466955,0.3954470525596748,0.5920929670856557
25691,GOF,0.07720875026767778,0.6393284545478156,0.2834627951845065
25692,LOF,0.3149909106800679,0.037926672757171175,0.6470824165627609
25693,LOF,0.038739638016932726,0.3964743481958706,0.5647860137871968
25694,LOF,0.2299056018565245,0.04059811872971352,0.7294962794137619
25695,LOF,0.15610709905898937,0.06278120006807389,0.7811117008729368
25696,LOF,0.0703603712312634,0.09079258547121802,0.8388470432975186
25697,LOF,0.06306063880750189,0.06850253744210218,0.8684368237503959
25698,LOF,0.014206060114269264,0.48037325037260564,0.505420689513125
25699,LOF,0.06660979152431344,0.31160815319922497,0.6217820552764617
25700,LOF,0.06178579776835587,0.03958329892883676,0.8986309033028073
25701,LOF,0.012033090256956973,0.3102722504436954,0.6776946592993476
25702,GOF,0.029968708472756903,0.5417357142090223,0.42829557731822065
25703,LOF,0.017059215879008514,0.09498343769423372,0.8879573464267577
25704,LOF,0.06294313488547994,0.09417492758602455,0.8428819375284955
25705,LOF,0.1187854030618761,0.20227146304178376,0.6789431338963402
25706,GOF,0.021610516861661072,0.6608803050870472,0.3175091780512917
25707,GOF,0.020991823508732386,0.5164762100240996,0.46253196646716804
25708,GOF,0.006846269830540537,0.6469415234673909,0.3462122067020685
25709,LOF,0.05074897484488197,0.095598826161727,0.853652198993391
25710,LOF,0.008405812619387625,0.17591393872700434,0.815680248653608
25711,LOF,0.05511728795659082,0.11736379538155518,0.8275189166618541
25712,LOF,0.012611683850808913,0.17174740856334889,0.8156409075858423
25713,LOF,0.04937914639998788,0.1178219385337048,0.8327989150663073
25714,LOF,0.04006649145059319,0.2721907537035863,0.6877427548458205
25715,LOF,0.042462062171838046,0.15186009023021094,0.8056778475979511
25716,LOF,0.007458250607996074,0.06406664364935953,0.9284751057426445
25717,LOF,0.007375172639616776,0.0571876817874564,0.9354371455729268
25718,LOF,0.04699144487654336,0.06010349178528957,0.8929050633381671
25719,LOF,0.046058812733571236,0.13002693685785224,0.8239142504085766
25720,LOF,0.049469344514252715,0.15809644665490008,0.7924342088308473
25721,LOF,0.05487873356542334,0.07767804083101712,0.8674432256035595
25722,LOF,0.042162245204736645,0.1243414942682229,0.8334962605270404
25723,LOF,0.06372245339601752,0.13425584019985512,0.8020217064041274
25724,LOF,0.06797912930250789,0.3587887471648279,0.5732321235326642
25725,LOF,0.06740262512843906,0.12490651513426024,0.8076908597373007
25726,LOF,0.05093367098820446,0.10949777291138552,0.83956855610041
25727,LOF,0.06697591833565485,0.08981539814215107,0.843208683522194
25728,LOF,0.04878033520620695,0.1843768181020818,0.7668428466917112
25729,LOF,0.05484326128463302,0.19616178939035137,0.7489949493250156
25730,LOF,0.06515869127021523,0.1305898812022095,0.8042514275275753
25731,LOF,0.01080743734219003,0.07613074061694045,0.9130618220408695
25732,LOF,0.030262405642289672,0.08900655364890318,0.880731040708807
25733,LOF,0.04185624243859374,0.1877852881829998,0.7703584693784065
25734,LOF,0.007663102138618035,0.20825109499259273,0.7840858028687893
25735,LOF,0.03840525180069293,0.12406900859767338,0.8375257396016337
25736,LOF,0.03999209405313428,0.1921272142575937,0.7678806916892721
25737,LOF,0.06928184525041424,0.11104279765254826,0.8196753570970374
25738,LOF,0.04868678108557591,0.24421413886397203,0.707099080050452
25739,LOF,0.04026394302417208,0.16841939178405124,0.7913166651917767
25740,LOF,0.07289521395795864,0.13735528861102733,0.789749497431014
25741,LOF,0.06121859672764036,0.14685470041201076,0.7919267028603489
25742,LOF,0.0693013311511322,0.15251639389014307,0.7781822749587247
25743,LOF,0.011245682198057091,0.030846929472995017,0.957907388328948
25744,LOF,0.12444618927487062,0.2992068884902937,0.5763469222348356
25745,LOF,0.023400917727999238,0.14594525600320393,0.8306538262687968
25746,LOF,0.013347002458454391,0.17395724857650344,0.8126957489650422
25747,LOF,0.049993818871973225,0.039648579281117056,0.9103576018469097
25748,LOF,0.26631222339480126,0.1324644441699556,0.6012233324352432
25749,LOF,0.016922678040036266,0.16008748679860127,0.8229898351613625
25750,LOF,0.016604774590439995,0.2001394107552602,0.7832558146542999
25751,LOF,0.028944956064009344,0.1902722075748271,0.7807828363611634
25752,GOF,0.09770906403283254,0.675030208336764,0.22726072763040361
25753,LOF,0.009151526652218177,0.2604807591092112,0.7303677142385706
25754,GOF,0.011421034435496875,0.8917866400903696,0.09679232547413366
25755,LOF,0.008872106379400797,0.36076854981887,0.6303593438017293
25756,GOF,0.030984244969795377,0.5000111552580632,0.4690045997721414
25757,GOF,0.011069567706982041,0.8280777102444938,0.16085272204852422
25758,GOF,0.01465822391586475,0.8723323976168356,0.1130093784672996
25759,GOF,0.007500293022225069,0.6544933232851295,0.3380063836926454
25760,LOF,0.007472707582286473,0.24998161391674587,0.7425456785009676
25761,GOF,0.07091486210784174,0.850915691882486,0.07816944600967236
25762,LOF,0.03173984988919151,0.4687847090314125,0.49947544107939595
25763,LOF,0.0075734380324615404,0.16499116177208728,0.8274354001954513
25764,GOF,0.09450836513208011,0.6882543183285303,0.21723731653938955
25765,GOF,0.011741400864712613,0.9083807230666571,0.07987787606863044
25766,GOF,0.035355637831237983,0.8543360460041752,0.11030831616458678
25767,GOF,0.009632082276198455,0.6502899647888527,0.34007795293494886
25768,LOF,0.060379521425596966,0.06717322077598765,0.8724472577984154
25769,LOF,0.03154560716873463,0.2162814519692009,0.7521729408620644
25770,Neutral,0.4948769413248007,0.17673623688566584,0.3283868217895336
25771,LOF,0.023793128142590603,0.1003425001197113,0.8758643717376982
25772,LOF,0.04438295060274185,0.1310324716515485,0.8245845777457097
25773,LOF,0.018397311547836522,0.24605111782902564,0.7355515706231379
25774,LOF,0.03302866867327055,0.3530476793432958,0.6139236519834336
25775,LOF,0.025162630758006288,0.08117795409190998,0.8936594151500837
25776,LOF,0.02909973413064052,0.14386606123866336,0.8270342046306961
25777,LOF,0.08687278949195863,0.24893860312645744,0.6641886073815839
25778,LOF,0.0363848523839527,0.18516566489379732,0.77844948272225
25779,GOF,0.09747460764749502,0.6069283721633723,0.2955970201891328
25780,GOF,0.09259241163576007,0.631472009861801,0.27593557850243905
25781,GOF,0.04100043560192972,0.5266350982400387,0.4323644661580315
25782,GOF,0.038691119415308735,0.6747240294931235,0.2865848510915677
25783,GOF,0.08686204981407979,0.653454010741448,0.25968393944447227
25784,GOF,0.18887442125033943,0.6617342033571237,0.14939137539253688
25785,GOF,0.24836523634306376,0.5927200219956864,0.15891474166124972
25786,LOF,0.017294950963001758,0.36649035594183543,0.6162146930951627
25787,Neutral,0.4309428597704208,0.3903556678573653,0.17870147237221387
25788,LOF,0.0332885946977588,0.060831325273198976,0.9058800800290423
25789,GOF,0.024789070651483235,0.6360803115639937,0.33913061778452297
25790,GOF,0.05095892809602761,0.4837515754572274,0.465289496446745
25791,GOF,0.03657622679110723,0.570167701644198,0.39325607156469466
25792,GOF,0.044877667120119966,0.618272828387452,0.3368495044924281
25793,GOF,0.10328957200765132,0.518834710875115,0.3778757171172336
25794,LOF,0.1032793266698062,0.3165863072100907,0.5801343661201032
25795,LOF,0.08689427622855826,0.4156771688195129,0.49742855495192895
25796,LOF,0.24428184569088807,0.2979347155861868,0.45778343872292515
25797,LOF,0.07570815427696902,0.37010510636156035,0.5541867393614707
25798,GOF,0.009679316809948709,0.6413808409338415,0.3489398422562097
25799,GOF,0.006370174512941658,0.5122522540410932,0.4813775714459651
25800,GOF,0.03661616296026225,0.7284665440913299,0.23491729294840777
25801,GOF,0.037934721692956044,0.6110535552002161,0.35101172310682793
25802,GOF,0.041327633884437665,0.6043156819063158,0.35435668420924654
25803,LOF,0.04085141679392862,0.43395933979504414,0.5251892434110272
25804,LOF,0.07449920120168908,0.3607628897976761,0.5647379090006348
25805,GOF,0.04664444705288917,0.5523975457051085,0.40095800724200226
25806,GOF,0.059022438783196296,0.5548914944822929,0.38608606673451074
25807,LOF,0.0261656535074911,0.44370871319547556,0.5301256332970333
25808,GOF,0.04881684167782834,0.571105788064852,0.3800773702573197
25809,LOF,0.021468779271027603,0.43830018083843825,0.5402310398905341
25810,LOF,0.018420463657524186,0.48542512360188156,0.49615441274059424
25811,GOF,0.11243606175269323,0.7047890540836905,0.18277488416361629
25812,LOF,0.06894362647668417,0.44655743998032765,0.4844989335429883
25813,GOF,0.32846663563237116,0.4517090057502314,0.2198243586173974
25814,GOF,0.06676561677559394,0.5092244641452528,0.4240099190791532
25815,GOF,0.09904333818276873,0.6022769393132157,0.2986797225040155
25816,GOF,0.01590697424709183,0.5778158650588069,0.4062771606941013
25817,LOF,0.19387637848874473,0.3961355030521769,0.40998811845907845
25818,GOF,0.04731967876444949,0.5454082610107734,0.407272060224777
25819,LOF,0.08744696286660085,0.4307430509327829,0.48180998620061616
25820,LOF,0.09771275066219595,0.3496819556473999,0.5526052936904042
25821,LOF,0.06950063070307673,0.39703294992919513,0.5334664193677281
25822,LOF,0.1434447452188009,0.3243604145042362,0.5321948402769628
25823,LOF,0.07691005922493747,0.2958294130113221,0.6272605277637404
25824,GOF,0.0476154428061041,0.6254002971792462,0.3269842600146496
25825,GOF,0.034152300878534145,0.6499263871851847,0.31592131193628115
25826,LOF,0.014512010477448586,0.4912385794977934,0.4942494100247581
25827,GOF,0.027052226913946754,0.6102746746077099,0.3626730984783434
25828,GOF,0.016830448469724344,0.5626059975033058,0.4205635540269699
25829,LOF,0.007198315287203101,0.2904356615066919,0.7023660232061049
25830,LOF,0.13420801223958176,0.13637105138829284,0.7294209363721255
25831,GOF,0.1029537810312546,0.7128350168715857,0.18421120209715966
25832,GOF,0.012879735062770601,0.4962235678518376,0.49089669708539174
25833,GOF,0.050063531577375406,0.6161106215016492,0.3338258469209755
25834,GOF,0.01306207352444359,0.4961061333756133,0.4908317930999431
25835,GOF,0.042907622328816106,0.7476121164304168,0.20948026124076702
25836,GOF,0.01068736947473121,0.5931983468473897,0.39611428367787904
25837,LOF,0.01785480097164725,0.4811800512165381,0.5009651478118146
25838,GOF,0.03900963496129818,0.6455093923190524,0.31548097271964937
25839,GOF,0.12507993686549432,0.5249507869395769,0.34996927619492885
25840,GOF,0.12738148496174656,0.6268802371866129,0.24573827785164062
25841,GOF,0.09946305298181311,0.7081035365146477,0.19243341050353915
25842,GOF,0.04129524071618779,0.7161613276375725,0.24254343164623973
25843,GOF,0.03696916324375969,0.7217955718431919,0.24123526491304836
25844,GOF,0.03418786702731979,0.6161359687910204,0.34967616418165975
25845,LOF,0.00986020583496926,0.4051753110006663,0.5849644831643646
25846,GOF,0.09571355477464485,0.726275784869818,0.17801066035553717
25847,GOF,0.03383692580504574,0.6600603220198326,0.30610275217512173
25848,GOF,0.03159689521170087,0.6560283953510727,0.31237470943722645
25849,GOF,0.009582459429190067,0.5728071958197163,0.41761034475109365
25850,LOF,0.012196789284699357,0.4366941782087599,0.5511090325065408
25851,LOF,0.011284472139691708,0.3508467953807042,0.6378687324796041
25852,LOF,0.23161881218081462,0.3785271966095055,0.38985399120967984
25853,LOF,0.08960205693227029,0.4464199208797688,0.4639780221879611
25854,GOF,0.009614904781124416,0.5051449915232055,0.4852401036956701
25855,LOF,0.03670249844259548,0.4321122609108005,0.531185240646604
25856,GOF,0.07438153139035511,0.6067618245943402,0.3188566440153046
25857,LOF,0.03750886606776036,0.4035717484577599,0.5589193854744797
25858,LOF,0.0118296961589571,0.3499032579210558,0.6382670459199871
25859,LOF,0.008244574119302947,0.3336069828804611,0.658148443000236
25860,LOF,0.11865345025046786,0.41269747928550166,0.4686490704640304
25861,GOF,0.13940036117921495,0.6512636142679283,0.20933602455285674
25862,GOF,0.02843920165184468,0.7987443516446577,0.1728164467034976
25863,GOF,0.027016523357015668,0.7124171550068502,0.26056632163613413
25864,GOF,0.03984704448555683,0.8281636730780702,0.13198928243637292
25865,GOF,0.0396263781474431,0.8097167727879607,0.1506568490645962
25866,GOF,0.025612947986957027,0.719315973619503,0.25507107839354004
25867,GOF,0.04481690716133965,0.7485850817596077,0.20659801107905268
25868,GOF,0.09759194385479569,0.5761577393769794,0.32625031676822475
25869,GOF,0.3730908731754768,0.4224480359356139,0.20446109088890935
25870,LOF,0.14439019242090256,0.3386014760985328,0.5170083314805647
25871,LOF,0.015755388306870583,0.3956321767888423,0.588612434904287
25872,LOF,0.04576147020558195,0.43862548613707086,0.5156130436573472
25873,GOF,0.030192672319548565,0.5720860369878357,0.3977212906926157
25874,LOF,0.05657902156801686,0.03526799588855546,0.9081529825434278
25875,LOF,0.020355282271335824,0.3329800458682516,0.6466646718604127
25876,LOF,0.019516125114633284,0.14653969018745872,0.833944184697908
25877,LOF,0.08042042779350722,0.4067324813292034,0.5128470908772894
25878,GOF,0.05159941549255952,0.6707100259139978,0.2776905585934426
25879,LOF,0.010279728215817768,0.29373078126547514,0.6959894905187072
25880,LOF,0.05217784986179129,0.03970260350617672,0.908119546632032
25881,Neutral,0.4365959723154046,0.3580563462155117,0.20534768146908364
25882,LOF,0.040340305022896754,0.245389820210757,0.7142698747663463
25883,LOF,0.02916078179148276,0.11290347497401473,0.8579357432345026
25884,LOF,0.01387903944526757,0.1439330827876613,0.8421878777670712
25885,LOF,0.15888191299798654,0.03675846453545821,0.8043596224665551
25886,LOF,0.14453852106187964,0.13362536678373,0.7218361121543903
25887,GOF,0.051571839374039294,0.6123284225633211,0.3360997380626397
25888,LOF,0.006210714710891546,0.41966719387624796,0.5741220914128604
25889,LOF,0.025017701879548205,0.09153221742329433,0.8834500806971576
25890,LOF,0.1651538060493942,0.2346141468649493,0.6002320470856566
25891,LOF,0.11611778025825502,0.05947792399027519,0.8244042957514698
25892,LOF,0.005865173352766506,0.17489934706956764,0.8192354795776658
25893,LOF,0.26728907578372196,0.06451102018211213,0.6681999040341661
25894,LOF,0.32687857637665874,0.03615463929321715,0.6369667843301241
25895,LOF,0.25019026389973587,0.05749950425018953,0.6923102318500746
25896,LOF,0.05850288218609796,0.13745978320597843,0.8040373346079235
25897,LOF,0.09091866080486888,0.08655788319135131,0.8225234560037797
25898,LOF,0.06268997838136214,0.40082734118993735,0.5364826804287005
25899,LOF,0.22021900265543257,0.33553505699415076,0.44424594035041665
25900,Neutral,0.9230288012528196,0.03006123656793828,0.04690996217924193
25901,LOF,0.05425070675928034,0.06602708506772827,0.8797222081729915
25902,LOF,0.07938959331332966,0.02968724594118315,0.8909231607454872
25903,LOF,0.1219966485216568,0.17779964410958862,0.7002037073687545
25904,Neutral,0.3564054868811904,0.33752669017971826,0.3060678229390914
25905,LOF,0.009763436883375541,0.38637776553707726,0.6038587975795472
25906,LOF,0.010588946030627067,0.04021748532520745,0.9491935686441655
25907,LOF,0.008297460103839228,0.21689319649519845,0.7748093434009623
25908,LOF,0.008911969841898505,0.2302923977400608,0.7607956324180407
25909,LOF,0.03505213123148457,0.18139377203790102,0.7835540967306144
25910,LOF,0.016163965529720572,0.18547423509744662,0.7983617993728329
25911,LOF,0.1096555004130132,0.0713514744219264,0.8189930251650605
25912,LOF,0.13204337904691205,0.01955412068241095,0.848402500270677
25913,LOF,0.014480844907802399,0.05985876421089252,0.925660390881305
25914,LOF,0.03640196548001444,0.20204355748641187,0.7615544770335737
25915,GOF,0.07797535791833766,0.756680748296527,0.16534389378513545
25916,LOF,0.017530668169914953,0.4690117828414828,0.5134575489886023
25917,LOF,0.11790719398501806,0.08434283387118005,0.7977499721438018
25918,LOF,0.04082313975157837,0.10963571243810225,0.8495411478103194
25919,LOF,0.040766458376392485,0.07653371154762821,0.8826998300759793
25920,GOF,0.29204172313425447,0.35592726065251507,0.35203101621323046
25921,LOF,0.025110595651253006,0.03744261311022605,0.937446791238521
25922,LOF,0.021037781330500983,0.03351660962728335,0.9454456090422156
25923,LOF,0.385605588620669,0.08479436563208093,0.5296000457472501
25924,LOF,0.02911747988494115,0.056677516768249246,0.9142050033468097
25925,LOF,0.1974687923610544,0.049593553952926854,0.7529376536860187
25926,LOF,0.11958766080291719,0.12138977459754983,0.7590225645995329
25927,LOF,0.020902061652764387,0.12811529851849576,0.8509826398287399
25928,LOF,0.015530190429996798,0.03193335798200583,0.9525364515879974
25929,Neutral,0.5727870697021006,0.08654674151000367,0.34066618878789573
25930,LOF,0.03552120729964366,0.08520797039356565,0.8792708223067907
25931,LOF,0.016778110923777557,0.04506622512172913,0.9381556639544933
25932,LOF,0.0822349270273896,0.043989045814785445,0.873776027157825
25933,LOF,0.06698378522239964,0.020211976722455945,0.9128042380551444
25934,LOF,0.061420497791269374,0.023333010778247083,0.9152464914304835
25935,LOF,0.2082868255188896,0.06291339343047063,0.7287997810506398
25936,LOF,0.06254724759341113,0.02357367417906475,0.9138790782275241
25937,LOF,0.01752849258116556,0.06292864842281795,0.9195428589960164
25938,LOF,0.20111831680278486,0.053899560635028966,0.7449821225621862
25939,LOF,0.047219211137907204,0.02635292374015527,0.9264278651219374
25940,GOF,0.0065346229485795555,0.5415515043628545,0.4519138726885659
25941,LOF,0.45461773017253904,0.08139436478214371,0.4639879050453173
25942,LOF,0.011047940318234719,0.18115330879121,0.8077987508905553
25943,GOF,0.02130887886188025,0.565692379423917,0.41299874171420276
25944,LOF,0.01752988217888079,0.3864729070048096,0.5959972108163096
25945,LOF,0.08485394384217607,0.08974982028244015,0.8253962358753838
25946,LOF,0.09011816331206597,0.12197245499050993,0.7879093816974241
25947,LOF,0.455458684761683,0.04194894838185546,0.5025923668564616
25948,Neutral,0.5387173498967327,0.019043756915805597,0.4422388931874617
25949,LOF,0.11740078004039717,0.039184159176559194,0.8434150607830437
25950,GOF,0.05768727533311799,0.7594138800148674,0.18289884465201464
25951,GOF,0.013813776869856935,0.49640970321801775,0.48977651991212534
25952,LOF,0.0867963610217641,0.3042755078613411,0.6089281311168948
25953,LOF,0.006054962282165135,0.42717172957510685,0.566773308142728
25954,GOF,0.021183475589719787,0.4905513500445394,0.4882651743657408
25955,LOF,0.005097123140000412,0.4744900250124455,0.520412851847554
25956,GOF,0.009264453956335536,0.5941926243903256,0.3965429216533388
25957,LOF,0.24524028450669957,0.05978494152495972,0.6949747739683407
25958,LOF,0.021728887328112796,0.20375366142945847,0.7745174512424287
25959,GOF,0.005828479308658265,0.6438956729301485,0.35027584776119314
25960,LOF,0.0052651436076852345,0.14359870972654193,0.8511361466657728
25961,LOF,0.0200950201387716,0.1935786441867869,0.7863263356744414
25962,LOF,0.050582347891797115,0.059421680616271164,0.8899959714919317
25963,LOF,0.010091947491906577,0.15974846089452768,0.8301595916135657
25964,LOF,0.050568052185303386,0.11886056611442623,0.8305713817002703
25965,LOF,0.184175458172589,0.1791667857986576,0.6366577560287534
25966,LOF,0.28871856254579203,0.27731229561723314,0.43396914183697477
25967,LOF,0.00881689192370233,0.049951701852570946,0.9412314062237267
25968,LOF,0.08461105826051982,0.3160581787373312,0.599330763002149
25969,LOF,0.16199980809065145,0.027009585779513734,0.8109906061298348
25970,LOF,0.02420627545260101,0.19527785794277283,0.7805158666046261
25971,LOF,0.07011059772422636,0.13661576883165097,0.7932736334441226
25972,LOF,0.06667947621260122,0.1398472505475682,0.7934732732398305
25973,LOF,0.10734612354330378,0.009605387592704177,0.883048488863992
25974,LOF,0.07081736370470731,0.18561932018858845,0.7435633161067042
25975,LOF,0.04852156230716547,0.01676518441495705,0.9347132532778775
25976,LOF,0.0788674396145167,0.011803102048871009,0.9093294583366122
25977,LOF,0.17281010864542257,0.11133331814651297,0.7158565732080644
25978,LOF,0.13189024393203158,0.12799090210372063,0.7401188539642478
25979,LOF,0.10643856837139942,0.14942990766175698,0.7441315239668436
25980,LOF,0.13288905084771618,0.3891185237819635,0.4779924253703203
25981,LOF,0.13583663325748493,0.41391926887515673,0.4502440978673584
25982,LOF,0.24492006085101356,0.18124994604875683,0.5738299931002295
25983,Neutral,0.46285625768657057,0.17662468224787,0.36051906006555934
25984,LOF,0.03859088514242541,0.10085700187891222,0.8605521129786623
25985,Neutral,0.492803774615408,0.2363751907079614,0.27082103467663055
25986,GOF,0.010476400702752004,0.5983803685744806,0.39114323072276735
25987,LOF,0.019210183699408755,0.10691334920088594,0.8738764670997053
25988,LOF,0.03797338749284106,0.14648144086178141,0.8155451716453775
25989,LOF,0.04683187042806444,0.140522190054033,0.8126459395179025
25990,LOF,0.04649906924655833,0.27848347757491854,0.6750174531785231
25991,GOF,0.054848019084772485,0.5948858919710392,0.35026608894418826
25992,LOF,0.018565254493933585,0.36719867560615416,0.6142360698999122
25993,LOF,0.050238979093030996,0.02293028826795223,0.9268307326390167
25994,LOF,0.04818992236523413,0.04333065432293871,0.9084794233118273
25995,LOF,0.029935648178319705,0.0559171842883877,0.9141471675332926
25996,Neutral,0.42080155767354877,0.2556481144745521,0.3235503278518991
25997,LOF,0.09656472777679896,0.4191612158521976,0.48427405637100346
25998,LOF,0.19714793474404727,0.2070524033655389,0.5957996618904139
25999,GOF,0.01891044241425971,0.6210813171017222,0.36000824048401814
26000,LOF,0.14762003798725132,0.019769326059099954,0.8326106359536488
26001,LOF,0.15702457811935502,0.03339227049778218,0.8095831513828629
26002,LOF,0.09289136652598237,0.019886002166175688,0.8872226313078418
26003,GOF,0.011846227371207977,0.5183341106553877,0.46981966197340425
26004,LOF,0.03902636356912176,0.4509662053852305,0.5100074310456477
26005,GOF,0.007598486643991952,0.5089540585330619,0.48344745482294615
26006,GOF,0.23464779390712506,0.4380834891285372,0.3272687169643377
26007,GOF,0.01893584137507903,0.5276707962315803,0.4533933623933407
26008,LOF,0.012314077216019114,0.44180541144174473,0.5458805113422361
26009,GOF,0.02544448590495855,0.6118521669602496,0.36270334713479185
26010,GOF,0.012635724575087057,0.5649674247104904,0.42239685071442246
26011,LOF,0.009134340984389129,0.33274222785956886,0.6581234311560419
26012,LOF,0.010432456852918487,0.46144942396736044,0.5281181191797211
26013,LOF,0.01478572918107397,0.4609490602828519,0.5242652105360741
26014,LOF,0.08031531501881085,0.021505881613623375,0.8981788033675658
26015,LOF,0.3962658131587854,0.1449626042485925,0.4587715825926222
26016,LOF,0.22687659222596318,0.22975607602995354,0.5433673317440832
26017,GOF,0.014862620689627825,0.5879325947062171,0.39720478460415504
26018,LOF,0.01786560054082306,0.32099981361553603,0.661134585843641
26019,LOF,0.01780985934758064,0.2571830899474261,0.7250070507049933
26020,LOF,0.007581129500387438,0.3841275356563668,0.6082913348432458
26021,LOF,0.08724520309484145,0.2885532116319709,0.6242015852731877
26022,LOF,0.05990506520700826,0.08319341156592014,0.8569015232270715
26023,LOF,0.034260632663755175,0.19456848352661782,0.771170883809627
26024,LOF,0.05303201188303055,0.1764148440245563,0.770553144092413
26025,LOF,0.1190006822036388,0.3314377113668201,0.5495616064295412
26026,LOF,0.10688473117491495,0.2538638580972742,0.639251410727811
26027,LOF,0.030287878840052657,0.12396045914931651,0.8457516620106308
26028,LOF,0.0555180851182368,0.262631915476781,0.6818499994049823
26029,LOF,0.037436300073956624,0.1718530535521098,0.7907106463739336
26030,LOF,0.17938706378838945,0.0236006219249374,0.7970123142866732
26031,LOF,0.0193344292510396,0.16901662049395216,0.8116489502550083
26032,LOF,0.030205910697460727,0.057539978183877794,0.9122541111186616
26033,LOF,0.04748548337556562,0.11848436813717796,0.8340301484872565
26034,LOF,0.022065709477953877,0.12261930290291825,0.8553149876191279
26035,LOF,0.015313420645799544,0.1389400731367016,0.8457465062174989
26036,LOF,0.0155477967585302,0.11145590137991526,0.8729963018615546
26037,LOF,0.014362917671777114,0.09989904798954748,0.8857380343386755
26038,LOF,0.024115729874686832,0.056498170479590826,0.9193860996457223
26039,LOF,0.03247734514235675,0.13625396759390593,0.8312686872637373
26040,LOF,0.05187711233622331,0.23300749101472032,0.7151153966490563
26041,LOF,0.015810402072463533,0.13389067305580324,0.8502989248717332
26042,LOF,0.014828233248898263,0.1291444169559726,0.8560273497951291
26043,LOF,0.023065385651778604,0.12711396338704042,0.8498206509611809
26044,LOF,0.009805879638925557,0.11746061634404681,0.8727335040170277
26045,LOF,0.08462006070926732,0.25774516628979277,0.6576347730009399
26046,LOF,0.022466219677153985,0.13668465184424425,0.8408491284786017
26047,LOF,0.06371509574507911,0.08446598368571791,0.851818920569203
26048,LOF,0.07408040039124877,0.0874079257449584,0.8385116738637929
26049,Neutral,0.8906959032265442,0.015095784718648565,0.09420831205480723
26050,Neutral,0.8083328205099879,0.016957941585003355,0.17470923790500875
26051,GOF,0.0158932064899495,0.7543109710395033,0.22979582247054728
26052,GOF,0.017582169995398238,0.7277091880157589,0.25470864198884297
26053,LOF,0.029844198215027894,0.04083444753473554,0.9293213542502364
26054,LOF,0.09945475976989343,0.11478371707981301,0.7857615231502936
26055,LOF,0.10287114044430617,0.126211107570205,0.7709177519854887
26056,LOF,0.09208435084389929,0.1409752011977974,0.7669404479583033
26057,LOF,0.045329340144807904,0.03526540346604851,0.9194052563891436
26058,LOF,0.052027814622162515,0.02712397267882545,0.9208482126990121
26059,Neutral,0.6485059077871378,0.1126615263518716,0.23883256586099053
26060,LOF,0.013783892294910558,0.35685992195204647,0.629356185753043
26061,LOF,0.011198046020076763,0.022655258582967595,0.9661466953969556
26062,LOF,0.006139235326654141,0.04846991111636514,0.9453908535569808
26063,LOF,0.040073248153214724,0.02739419537855107,0.9325325564682342
26064,LOF,0.009825914008364217,0.027736385579831765,0.9624377004118039
26065,LOF,0.03659120698072762,0.0436025827524356,0.9198062102668368
26066,LOF,0.03879295739988216,0.027334258924847036,0.9338727836752708
26067,LOF,0.04957053271457139,0.03547163340957601,0.9149578338758526
26068,LOF,0.09823475509140449,0.07629265069060734,0.8254725942179881
26069,LOF,0.08660488775414715,0.06884059055409744,0.8445545216917554
26070,LOF,0.2421257920010689,0.042072124755143735,0.7158020832437874
26071,LOF,0.04360406210262085,0.03835311569314951,0.9180428222042296
26072,LOF,0.00849313853446745,0.028187218888141966,0.9633196425773907
26073,LOF,0.04066327076179452,0.02873898510240281,0.9305977441358027
26074,Neutral,0.8455102715448479,0.0229330205467917,0.13155670790836024
26075,LOF,0.05480980753341914,0.07423454826608823,0.8709556442004925
26076,LOF,0.050971834996815714,0.0657256995457004,0.8833024654574839
26077,LOF,0.1523981460202063,0.06953416585501954,0.7780676881247741
26078,LOF,0.007015523420312519,0.04524429320643096,0.9477401833732566
26079,LOF,0.12152373877054908,0.04925071571438587,0.829225545515065
26080,LOF,0.12152373877054908,0.04925071571438587,0.829225545515065
26081,LOF,0.05542124494934157,0.027187370855724022,0.9173913841949344
26082,LOF,0.007388938692696027,0.053639628489381495,0.9389714328179224
26083,LOF,0.041519006664191685,0.09159148857178069,0.8668895047640277
26084,LOF,0.04722074835737226,0.053287685312094074,0.8994915663305336
26085,LOF,0.043043835765019745,0.04712941257795552,0.9098267516570246
26086,LOF,0.034589017305255834,0.04645533389338062,0.9189556488013635
26087,LOF,0.042640862920143456,0.04536390984244213,0.9119952272374144
26088,LOF,0.009022622252902722,0.10277343150879885,0.8882039462382983
26089,LOF,0.03988544088256744,0.16723875378921974,0.7928758053282129
26090,LOF,0.04302885826627085,0.13092431894285553,0.8260468227908736
26091,LOF,0.04569107568538712,0.04928318596479964,0.9050257383498133
26092,LOF,0.047635574615026495,0.024027938694964876,0.9283364866900087
26093,LOF,0.060626321197530905,0.022167230539699406,0.9172064482627698
26094,LOF,0.03835867900478652,0.03621170307762796,0.9254296179175856
26095,LOF,0.011257490901469836,0.04944052577053984,0.9393019833279904
26096,LOF,0.3025025574893475,0.009139275000665758,0.6883581675099868
26097,LOF,0.008681905033584727,0.04303190970957886,0.9482861852568364
26098,LOF,0.11761340879396145,0.04342653951079489,0.8389600516952437
26099,LOF,0.03449253471862036,0.06225957330037384,0.9032478919810059
26100,LOF,0.03449253471862036,0.06225957330037384,0.9032478919810059
26101,LOF,0.03074243982314039,0.06974393280838016,0.8995136273684795
26102,LOF,0.039289791182331085,0.04062652249338158,0.9200836863242873
26103,Neutral,0.8045767018497706,0.06721466005294711,0.12820863809728233
26104,LOF,0.11088093746619192,0.1343935611606426,0.7547255013731654
26105,LOF,0.21025233939709195,0.16316435550874364,0.6265833050941644
26106,LOF,0.30750594197888137,0.2127342380245939,0.4797598199965248
26107,LOF,0.008799862633497394,0.18849127608871796,0.8027088612777846
26108,LOF,0.1237939447227073,0.2717968953286962,0.6044091599485965
26109,LOF,0.038419280889311604,0.07941392108765905,0.8821667980230293
26110,LOF,0.4241422559719646,0.048959311291079013,0.5268984327369565
26111,LOF,0.062221943193326926,0.3222706297963108,0.6155074270103623
26112,LOF,0.042345088066960426,0.03390009492837864,0.923754817004661
26113,LOF,0.03663665319658734,0.06514829070319561,0.8982150561002171
26114,LOF,0.08070115076051898,0.05242589729071921,0.8668729519487619
26115,LOF,0.009082574194896394,0.3639806108222993,0.6269368149828043
26116,LOF,0.05269324775187898,0.12408012453834896,0.823226627709772
26117,LOF,0.18330940589277722,0.06785780395626302,0.7488327901509596
26118,LOF,0.03704239544940382,0.02836375741960559,0.9345938471309905
26119,LOF,0.005421204411660108,0.13892191461326617,0.8556568809750736
26120,LOF,0.0363366974556837,0.02400108191924447,0.9396622206250719
26121,LOF,0.004126749515508353,0.15923406402396167,0.83663918646053
26122,LOF,0.004044043024899303,0.1998713062170194,0.7960846507580812
