feature0,prediction,LoGoFunc_Neutral,LoGoFunc_GOF,LoGoFunc_LOF
25546,Neutral,0.6532296156186572,0.05392618564104907,0.29284419874029366
25547,Neutral,0.5420787717054466,0.11313759266093698,0.34478363563361647
25548,Neutral,0.5060989962797068,0.08251763048016822,0.4113833732401249
25549,Neutral,0.48000323938385914,0.08281733848649268,0.4371794221296483
25550,LOF,0.39604387567767635,0.1388852323769176,0.4650708919454061
25551,LOF,0.32207829779212793,0.12972546593712003,0.548196236270752
25552,LOF,0.19527698869875335,0.14452590434192866,0.660197106959318
25553,Neutral,0.8176532973174272,0.03878602287111946,0.1435606798114533
25554,LOF,0.2367156073906863,0.14263627830902542,0.6206481143002882
25555,LOF,0.18878561436867314,0.13133227347339063,0.6798821121579363
25556,Neutral,0.5141195153063434,0.10820633113173206,0.3776741535619245
25557,LOF,0.18509775669973136,0.13466849664184052,0.6802337466584281
25558,LOF,0.23611451285399485,0.1513722531946809,0.6125132339513243
25559,Neutral,0.598651758986129,0.0721600310262029,0.3291882099876681
25560,LOF,0.04599481337283166,0.31532729071882626,0.638677895908342
25561,LOF,0.08092449943530945,0.35966160106888934,0.5594138994958012
25562,LOF,0.10634886728412843,0.19092164919495547,0.702729483520916
25563,LOF,0.10167521507023597,0.2095553659033686,0.6887694190263954
25564,LOF,0.06407403526865241,0.30154188052174086,0.6343840842096067
25565,LOF,0.1499694646384712,0.15692216783941218,0.6931083675221166
25566,GOF,0.0157490298199083,0.7477725867248153,0.23647838345527655
25567,LOF,0.014850491739134757,0.13041990967594885,0.8547295985849164
25568,LOF,0.04818249565345795,0.08244390708515627,0.8693735972613857
25569,LOF,0.05872718682410379,0.07985125820399298,0.8614215549719032
25570,LOF,0.061913206691419,0.11821703931585917,0.8198697539927219
25571,LOF,0.06337732379568274,0.11235246669684434,0.8242702095074729
25572,LOF,0.06269091320938794,0.1506368521661828,0.7866722346244291
25573,LOF,0.027811712436822535,0.09234268694795293,0.8798456006152245
25574,LOF,0.017090051417508082,0.14077234069924846,0.8421376078832434
25575,LOF,0.05294363519163125,0.11532788312012654,0.8317284816882422
25576,LOF,0.020500525118766075,0.11163401842133026,0.8678654564599038
25577,LOF,0.013800443930141543,0.14483101638892623,0.8413685396809323
25578,LOF,0.23874477732860871,0.10758784405997854,0.6536673786114128
25579,LOF,0.24001851944704022,0.10716592876616506,0.6528155517867947
25580,LOF,0.036012948243318486,0.1029354741541114,0.8610515776025702
25581,LOF,0.05043789552372316,0.08053341503110809,0.8690286894451686
25582,LOF,0.049752193968698996,0.07793232921438528,0.8723154768169157
25583,LOF,0.04381762656885763,0.11570802993325471,0.8404743434978876
25584,Neutral,0.4824884978767084,0.08242468877155608,0.4350868133517356
25585,LOF,0.03446907795225993,0.10089016745560221,0.8646407545921379
25586,LOF,0.03310121914196459,0.08727404594361025,0.879624734914425
25587,LOF,0.031180317049596482,0.07250838626820869,0.8963112966821948
25588,LOF,0.0315416760626174,0.09132690148081864,0.877131422456564
25589,Neutral,0.6160414450558823,0.08624562162985168,0.29771293331426585
25590,LOF,0.025355669322135965,0.12504794981515957,0.8495963808627045
25591,LOF,0.1064162327595955,0.06391557272048423,0.8296681945199202
25592,LOF,0.09347453322791731,0.13658938202151694,0.7699360847505656
25593,LOF,0.016117983848043194,0.2089086599939024,0.7749733561580545
25594,LOF,0.033513899969204515,0.21150870482912346,0.7549773952016721
25595,LOF,0.06413239511255346,0.15862384228482618,0.7772437626026204
25596,LOF,0.0831637546459163,0.11674989366999343,0.8000863516840903
25597,LOF,0.0744821747140729,0.05168153124509461,0.8738362940408324
25598,LOF,0.04205022203174677,0.2132033166386498,0.7447464613296034
25599,GOF,0.006697901152015132,0.6129247527758093,0.3803773460721755
25600,GOF,0.0077111223356273895,0.5640450353450247,0.42824384231934787
25601,LOF,0.007013794269844061,0.40018053652505187,0.5928056692051041
25602,LOF,0.015972803411288334,0.07063384627114697,0.9133933503175646
25603,LOF,0.03957477249896282,0.03242396282805497,0.9280012646729822
25604,LOF,0.03597979736220069,0.0675567171318753,0.8964634855059239
25605,LOF,0.010863680790006982,0.19531344321740127,0.7938228759925916
25606,GOF,0.05550222130727077,0.4889831875342299,0.45551459115849935
25607,LOF,0.003774528074934937,0.14589630631842831,0.8503291656066367
25608,LOF,0.04978566462799191,0.05062618422148637,0.8995881511505217
25609,LOF,0.0560732391275401,0.28671536729532615,0.6572113935771337
25610,LOF,0.050767464968366975,0.036875269341605975,0.9123572656900271
25611,LOF,0.06161091016695737,0.028449334253840806,0.9099397555792019
25612,LOF,0.12052769434102525,0.07034230762344745,0.8091299980355272
25613,LOF,0.10455033907572424,0.06266750717092685,0.832782153753349
25614,LOF,0.04216146375074162,0.04405976152973615,0.9137787747195223
25615,LOF,0.07960284533757235,0.06468819977200757,0.8557089548904201
25616,LOF,0.04526682744157708,0.0640242405612626,0.8907089319971603
25617,LOF,0.047848849443214735,0.06666647888027205,0.8854846716765132
25618,LOF,0.2792936672665861,0.046809156257519885,0.673897176475894
25619,LOF,0.045588328092943435,0.046962379164437545,0.907449292742619
25620,LOF,0.04388479695911731,0.06672911872783244,0.8893860843130502
25621,LOF,0.04398406424568972,0.05139352364014793,0.9046224121141624
25622,LOF,0.03451681299552667,0.07959267172193626,0.885890515282537
25623,LOF,0.055206268442935545,0.044206245672651766,0.9005874858844126
25624,LOF,0.03393996873826955,0.05480323761314416,0.9112567936485864
25625,LOF,0.044161305368670085,0.07175961937322035,0.8840790752581096
25626,LOF,0.07864769058342297,0.052207637384841854,0.8691446720317351
25627,Neutral,0.5761179839192496,0.10893481150843405,0.31494720457231634
25628,LOF,0.2142766552004943,0.04915336000972284,0.7365699847897829
25629,LOF,0.07001461845213472,0.14755422724266443,0.7824311543052008
25630,LOF,0.19108651460693063,0.0789078424675493,0.7300056429255201
25631,Neutral,0.5944919153175999,0.05738938398425737,0.3481187006981428
25632,LOF,0.0227101644122013,0.08101839443530429,0.8962714411524944
25633,LOF,0.2205809962172331,0.09452020977875039,0.6848987940040165
25634,LOF,0.03914914110946323,0.08646714409996321,0.8743837147905736
25635,LOF,0.0353988736613203,0.07625103471327703,0.8883500916254027
25636,GOF,0.005318542596683721,0.6703979984947961,0.3242834589085203
25637,GOF,0.003758574657316194,0.587806662546152,0.4084347627965319
25638,GOF,0.006683706519431028,0.5595394808992721,0.433776812581297
25639,GOF,0.004068452492104264,0.5231261709976877,0.47280537651020826
25640,GOF,0.34505864337617587,0.59818933568057,0.05675202094325408
25641,LOF,0.005413942391423745,0.3529272692066472,0.641658788401929
25642,LOF,0.2509647671698444,0.1341937725811819,0.6148414602489737
25643,LOF,0.23404011868424957,0.27158834096374,0.4943715403520103
25644,GOF,0.015522118562831193,0.6660716816835776,0.31840619975359113
25645,GOF,0.01133916997851653,0.5922181879496272,0.39644264207185637
25646,LOF,0.011399675386332722,0.4210394741488864,0.5675608504647809
25647,LOF,0.010854967531457276,0.3114969923471857,0.677648040121357
25648,LOF,0.007704398484401426,0.4023766768535838,0.5899189246620148
25649,LOF,0.008551276346444614,0.23517955549297923,0.7562691681605762
25650,GOF,0.026719473403285426,0.5526812245078199,0.4205993020888946
25651,LOF,0.006356101522368177,0.27047615520818663,0.7231677432694451
25652,LOF,0.012461029245311306,0.3562145441190144,0.6313244266356745
25653,GOF,0.057962485124075744,0.5400445915623843,0.40199292331354003
25654,LOF,0.008499412384705314,0.3476629585355468,0.6438376290797478
25655,GOF,0.0846349981747464,0.5040825199934895,0.4112824818317641
25656,LOF,0.09214206849062394,0.11081159290950048,0.7970463385998755
25657,LOF,0.2760330858396136,0.04662104577275008,0.6773458683876363
25658,LOF,0.0361215829959521,0.20764686556973683,0.7562315514343111
25659,LOF,0.22234042152971864,0.11055236176879407,0.6671072167014872
25660,LOF,0.09454838227163963,0.0831805138901709,0.8222711038381894
25661,LOF,0.07143225791153003,0.062413330508623445,0.8661544115798465
25662,LOF,0.03819123603259397,0.05597010978196907,0.905838654185437
25663,LOF,0.04750328502851328,0.0983415712666123,0.8541551437048743
25664,LOF,0.032136672668420706,0.13263484441134224,0.835228482920237
25665,LOF,0.04207274561459637,0.06360201411217596,0.8943252402732277
25666,LOF,0.04337712383637221,0.1388994312765775,0.8177234448870502
25667,LOF,0.0394370107778256,0.04740741505671629,0.9131555741654581
25668,LOF,0.05618225524749804,0.05845363960375136,0.8853641051487505
25669,LOF,0.052569940430644564,0.0831630976382376,0.8642669619311178
25670,LOF,0.07746354484901027,0.07959583002203777,0.8429406251289518
25671,LOF,0.05094063227203941,0.044642746782620486,0.90441662094534
25672,LOF,0.04789354363638286,0.06951381082731468,0.8825926455363023
25673,LOF,0.04025399491721753,0.06543373359058409,0.8943122714921984
25674,LOF,0.027225760502335414,0.08171376815521379,0.8910604713424508
25675,LOF,0.035923047385294324,0.06655230845721224,0.8975246441574934
25676,LOF,0.03623915623459948,0.06238935924852026,0.9013714845168803
25677,LOF,0.09551870238315205,0.05121817018526273,0.8532631274315852
25678,LOF,0.18711407344600864,0.043921902366211955,0.7689640241877794
25679,LOF,0.13180658010423774,0.050782701281788065,0.8174107186139742
25680,LOF,0.09540604530784468,0.08372717352852274,0.8208667811636325
25681,LOF,0.11017897630702994,0.07829580276621675,0.8115252209267533
25682,LOF,0.051918814143388836,0.05030795776851378,0.8977732280880973
25683,LOF,0.08503452046988405,0.07217797031073983,0.8427875092193762
25684,LOF,0.06838496253853887,0.05696773514447596,0.8746473023169852
25685,LOF,0.130281950406113,0.03705475133507685,0.83266329825881
25686,LOF,0.027507596180335044,0.08134947874223168,0.8911429250774332
25687,LOF,0.06251808864584608,0.09284146563915613,0.8446404457149977
25688,LOF,0.022202462317605864,0.06162714487869747,0.9161703928036966
25689,LOF,0.019333565509610337,0.03423861066936332,0.9464278238210264
25690,LOF,0.018754516652642956,0.04081961394390863,0.9404258694034484
25691,LOF,0.12310013847809403,0.0659522085882277,0.8109476529336782
25692,LOF,0.2841371572562989,0.01374767494162249,0.7021151678020785
25693,LOF,0.03428438018067253,0.286259783794956,0.6794558360243714
25694,LOF,0.22763564261984656,0.014554282366543212,0.7578100750136102
25695,LOF,0.18178552062148762,0.029419805062593497,0.7887946743159189
25696,LOF,0.08199467435984589,0.027519857471913673,0.8904854681682405
25697,LOF,0.07680342202523696,0.03942343772463753,0.8837731402501255
25698,LOF,0.015015426314038943,0.40395356864787985,0.5810310050380812
25699,LOF,0.086154449119278,0.09921307498463018,0.8146324758960919
25700,LOF,0.037145339800416156,0.02247858438741149,0.9403760758121723
25701,LOF,0.012711697509105722,0.08964106319381479,0.8976472392970795
25702,GOF,0.026841543840676236,0.7651759822813051,0.20798247387801858
25703,LOF,0.015210400787284944,0.27806570806923236,0.7067238911434828
25704,LOF,0.07119014634986702,0.18757943081327458,0.7412304228368585
25705,LOF,0.06480917985216664,0.19555491233740302,0.7396359078104304
25706,GOF,0.01655180274213934,0.6757395190679784,0.3077086781898823
25707,GOF,0.02562256870750231,0.5498954168128928,0.4244820144796049
25708,GOF,0.006860716153348437,0.5098681841985019,0.48327109964814974
25709,LOF,0.030770038288569137,0.07821730174000464,0.8910126599714262
25710,LOF,0.0060844519021446206,0.1573319045195865,0.8365836435782689
25711,LOF,0.03160360570158664,0.1578027317594036,0.8105936625390099
25712,LOF,0.00835313508018983,0.22169773233955908,0.7699491325802511
25713,LOF,0.03157983504136906,0.12793905764965013,0.8404811073089807
25714,LOF,0.02660229494364238,0.16909958679371395,0.8042981182626436
25715,LOF,0.03604829622522063,0.14391363023058126,0.820038073544198
25716,LOF,0.006290389144151384,0.16296328854469563,0.830746322311153
25717,LOF,0.006117444521954384,0.1356818651366086,0.858200690341437
25718,LOF,0.03566459024361117,0.08990025231241285,0.874435157443976
25719,LOF,0.04388310359836553,0.13068605193571245,0.825430844465922
25720,LOF,0.039707696061089,0.13922177234492422,0.8210705315939868
25721,LOF,0.031492698657456505,0.1407129476133821,0.8277943537291614
25722,LOF,0.01955630997387217,0.17297336790310938,0.8074703221230184
25723,LOF,0.03532711331537863,0.12797680895025093,0.8366960777343704
25724,LOF,0.05044891036617666,0.27679157253306064,0.6727595171007628
25725,LOF,0.037121773756727275,0.1074999676557881,0.8553782585874846
25726,LOF,0.02148127317877104,0.16733418791475274,0.8111845389064762
25727,LOF,0.029492481069658186,0.13079940172912918,0.8397081172012126
25728,LOF,0.033074158682920664,0.14564332264909818,0.8212825186679812
25729,LOF,0.0296324161865303,0.1655430619081147,0.804824521905355
25730,LOF,0.040763719706852795,0.09635309762802556,0.8628831826651215
25731,LOF,0.010130835882461074,0.11238458006572824,0.8774845840518106
25732,LOF,0.022711071081098558,0.08179968420337873,0.8954892447155227
25733,LOF,0.039497044901331914,0.09157840003324476,0.8689245550654233
25734,LOF,0.006424710597486226,0.2894453484150436,0.7041299409874702
25735,LOF,0.02712635514030324,0.10339932414978499,0.8694743207099118
25736,LOF,0.02525125751574292,0.17777074179889268,0.7969780006853643
25737,LOF,0.03645093273770033,0.13060172807894255,0.8329473391833571
25738,LOF,0.02863367198222024,0.18417719145577383,0.7871891365620058
25739,LOF,0.028985739023406763,0.1291031305953812,0.841911130381212
25740,LOF,0.03919390758640003,0.1642777580419475,0.7965283343716525
25741,LOF,0.046352422259035096,0.1257235892384514,0.8279239885025135
25742,LOF,0.0569674335857106,0.13769700082194303,0.8053355655923464
25743,LOF,0.012388144133172484,0.023786776247455694,0.9638250796193717
25744,LOF,0.22793504410815463,0.1483863625488894,0.6236785933429561
25745,LOF,0.03595930717028117,0.05409498448342412,0.9099457083462946
25746,LOF,0.015558922898939339,0.08540765958819434,0.8990334175128663
25747,LOF,0.055131084425798296,0.029117856505531385,0.9157510590686704
25748,LOF,0.31295523835121775,0.05736866481845186,0.6296760968303304
25749,LOF,0.01605468003500265,0.05191656269063744,0.93202875727436
25750,LOF,0.021760571540575497,0.05670447573720689,0.9215349527222176
25751,LOF,0.052156255397422246,0.045539412613146646,0.9023043319894312
25752,GOF,0.07360812794629942,0.6954690561244481,0.23092281592925254
25753,GOF,0.007729030519102158,0.5000115518900122,0.4922594175908857
25754,GOF,0.007941955852689761,0.9036621667196186,0.08839587742769169
25755,LOF,0.0075338123870071225,0.45699097061018734,0.5354752170028055
25756,LOF,0.023488305320004867,0.4520115726589083,0.5245001220210869
25757,GOF,0.008287775582612456,0.8810204047614565,0.11069181965593099
25758,GOF,0.008343572251140047,0.8999609032488456,0.09169552450001446
25759,GOF,0.005907269645575903,0.7004566019911205,0.2936361283633037
25760,LOF,0.005979007030691613,0.35131277687057655,0.6427082160987319
25761,GOF,0.045801188112781235,0.8781126627708872,0.07608614911633163
25762,LOF,0.026876350008496752,0.37830971613037595,0.5948139338611274
25763,LOF,0.006399445438829116,0.3421750550488803,0.6514254995122906
25764,GOF,0.06041182921186466,0.70549782227344,0.2340903485146952
25765,GOF,0.008714026479782165,0.8956424351396282,0.09564353838058973
25766,GOF,0.026316352690084456,0.8765327526158392,0.09715089469407627
25767,GOF,0.01630444103476596,0.5487280686529508,0.4349674903122834
25768,LOF,0.051066403136434076,0.05007350515135401,0.8988600917122119
25769,LOF,0.026750579066359588,0.08184056001924524,0.8914088609143952
25770,LOF,0.14003678946902234,0.14457165383496878,0.7153915566960088
25771,LOF,0.01985056392193462,0.10614830422704913,0.8740011318510162
25772,LOF,0.03094805809297526,0.037323347116538404,0.9317285947904863
25773,LOF,0.01502838932960766,0.08828686074404589,0.8966847499263465
25774,LOF,0.02498644213080011,0.2352052416798764,0.7398083161893235
25775,LOF,0.018908373489290847,0.053220893091625116,0.9278707334190841
25776,LOF,0.0322897651237005,0.02507137964852299,0.9426388552277765
25777,LOF,0.31173996065277276,0.11523730338076957,0.5730227359664576
25778,LOF,0.02683933089098782,0.08785322769408938,0.8853074414149229
25779,GOF,0.05621353213832271,0.8798636688016214,0.06392279906005588
25780,GOF,0.06586599143616455,0.8707860967485938,0.0633479118152416
25781,GOF,0.028459801094472065,0.8458341149587435,0.1257060839467844
25782,GOF,0.03609736721767364,0.9000022121746555,0.06390042060767072
25783,GOF,0.03682721343128612,0.9131764454945286,0.04999634107418537
25784,GOF,0.11944312039190462,0.8334399323437748,0.04711694726432055
25785,GOF,0.11665736943492996,0.849634418802349,0.03370821176272113
25786,GOF,0.010074598854538031,0.8769325402086657,0.11299286093679639
25787,GOF,0.23961260835102569,0.7157002201207527,0.04468717152822141
25788,LOF,0.01903222988559994,0.19241382931930487,0.7885539407950952
25789,GOF,0.018787827015646255,0.8637680988072809,0.11744407417707274
25790,GOF,0.028387354160347707,0.8960185538508816,0.07559409198877065
25791,GOF,0.02508205744670669,0.7665787726590992,0.208339169894194
25792,GOF,0.03124330089233759,0.8122376125692115,0.15651908653845098
25793,GOF,0.04060419858958869,0.8081915215314868,0.15120427987892454
25794,GOF,0.042878559448982806,0.7358768636307019,0.22124457692031513
25795,GOF,0.04772424608376929,0.75116789616799,0.2011078577482408
25796,GOF,0.12416949250191604,0.7950745759276026,0.08075593157048136
25797,GOF,0.06835357664500458,0.7365713136874863,0.1950751096675092
25798,GOF,0.006943427466984819,0.8194190717938012,0.1736375007392139
25799,GOF,0.004604652978317004,0.7225204668151246,0.2728748802065582
25800,GOF,0.024104730352199583,0.8615271117624107,0.11436815788538979
25801,GOF,0.025003285556537237,0.8951205853840086,0.07987612905945411
25802,GOF,0.027781271907196963,0.8067454057162777,0.1654733223765254
25803,GOF,0.020393837924802233,0.7493606112967875,0.23024555077841033
25804,GOF,0.0327003507138281,0.8151433712750012,0.15215627801117054
25805,GOF,0.029731767231252308,0.8516102378924988,0.11865799487624895
25806,GOF,0.03867414042499845,0.8519930669925158,0.10933279258248578
25807,GOF,0.01645482328399496,0.8151267373350052,0.16841843938099982
25808,GOF,0.025407540587244815,0.8285539558096098,0.1460385036031455
25809,GOF,0.014283814374881522,0.789702826546915,0.1960133590782035
25810,GOF,0.012368245126612675,0.7717038792773937,0.2159278755959936
25811,GOF,0.07412590032983638,0.8601099207813618,0.0657641788888019
25812,GOF,0.0326743487849781,0.8004986121000686,0.1668270391149535
25813,GOF,0.18514066475986893,0.7466918122447491,0.06816752299538198
25814,GOF,0.029047349528838053,0.787618393944506,0.1833342565266558
25815,GOF,0.05650392857610636,0.823595333164736,0.11990073825915772
25816,GOF,0.010015174225615512,0.8726346223753835,0.1173502033990012
25817,GOF,0.11029465118199878,0.7751007325463818,0.11460461627161932
25818,GOF,0.02869988849713278,0.8030957777448887,0.16820433375797855
25819,GOF,0.05251774031678984,0.7846286653566907,0.16285359432651936
25820,GOF,0.055685533589451594,0.7670615544189873,0.17725291199156112
25821,GOF,0.03959123546133395,0.8068039042213235,0.15360486031734255
25822,GOF,0.06028604196327095,0.7780176478184395,0.1616963102182896
25823,GOF,0.031239050286674015,0.7316346380363895,0.23712631167693649
25824,GOF,0.02874647349284715,0.7978348328347946,0.17341869367235818
25825,GOF,0.022232966371860598,0.7984237188766719,0.17934331475146767
25826,GOF,0.011514678385714084,0.7494443428946008,0.23904097871968497
25827,GOF,0.01751490204021762,0.7429187118723556,0.23956638608742664
25828,GOF,0.011496077514113535,0.7978485868274902,0.1906553356583964
25829,GOF,0.004514829873514812,0.673312103596121,0.3221730665303642
25830,GOF,0.04917633838628877,0.5687575756124338,0.3820660860012774
25831,GOF,0.06963091210820226,0.8158237131129691,0.11454537477882872
25832,GOF,0.010807710290358248,0.7640379015575439,0.22515438815209776
25833,GOF,0.03703324706521194,0.831707929468454,0.13125882346633422
25834,GOF,0.010993279850580528,0.7828153116392719,0.20619140851014756
25835,GOF,0.026127997302814645,0.8379671391623891,0.13590486353479628
25836,GOF,0.007372818395018482,0.7696379432244881,0.22298923838049337
25837,GOF,0.009174950454002281,0.7887867624311297,0.20203828711486813
25838,GOF,0.020069856340545315,0.8440930442194879,0.13583709943996686
25839,GOF,0.044370401512233,0.8175528493704843,0.13807674911728257
25840,GOF,0.08136220170748547,0.7860919499292757,0.1325458483632389
25841,GOF,0.07223605578359939,0.8259991600606634,0.10176478415573734
25842,GOF,0.027889695246318503,0.895414728552638,0.07669557620104343
25843,GOF,0.02548040983903178,0.8993478113585078,0.07517177880246041
25844,GOF,0.01953072855402628,0.8330320663577911,0.1474372050881826
25845,GOF,0.00671517692200503,0.7352893444608245,0.2579954786171706
25846,GOF,0.06625963445086275,0.8494656590794046,0.08427470646973277
25847,GOF,0.016831917482989827,0.8887478154190959,0.09442026709791417
25848,GOF,0.023002103010906112,0.8418277367259727,0.1351701602631213
25849,GOF,0.007529610871862424,0.8121667128487496,0.18030367627938787
25850,GOF,0.006792482187147432,0.7229202041679598,0.27028731364489283
25851,GOF,0.00611268117456849,0.6741161655444418,0.3197711532809897
25852,GOF,0.14747570139146796,0.5602382309584113,0.2922860676501207
25853,GOF,0.051911701316431594,0.8094861010373552,0.13860219764621318
25854,GOF,0.006355718427675694,0.751699635138692,0.24194464643363228
25855,GOF,0.022320162868074415,0.6357881946604385,0.3418916424714871
25856,GOF,0.04534312751522836,0.7370851104003455,0.21757176208442613
25857,GOF,0.021898256160269997,0.6322271797306395,0.34587456410909045
25858,GOF,0.00939116965207703,0.6150098134116864,0.37559901693623665
25859,GOF,0.006888414633085194,0.5899739486293497,0.40313763673756503
25860,GOF,0.0783757867107704,0.7427275105416044,0.1788967027476252
25861,GOF,0.09598112527080657,0.8173682991129155,0.08665057561627791
25862,GOF,0.02349785452922613,0.9049454917656798,0.07155665370509408
25863,GOF,0.02007557158204545,0.8853687687180091,0.09455565969994556
25864,GOF,0.03659813435715699,0.8974963101182678,0.06590555552457522
25865,GOF,0.03869379852604479,0.8704766577467773,0.0908295437271778
25866,GOF,0.018688904205155583,0.8772980643887636,0.10401303140608095
25867,GOF,0.04026456456175246,0.8757297990331783,0.08400563640506938
25868,GOF,0.06213501843050066,0.8037942101057652,0.13407077146373414
25869,GOF,0.302384356159912,0.605256327365368,0.09235931647471993
25870,GOF,0.07564290480526778,0.5847163054574096,0.3396407897373226
25871,GOF,0.009089968168331226,0.8241935434307125,0.16671648840095632
25872,GOF,0.020692225086570683,0.8229277579772029,0.15638001693622663
25873,GOF,0.020010114533564775,0.8894982159493396,0.09049166951709546
25874,LOF,0.024501369294283183,0.19621044279753966,0.7792881879081771
25875,LOF,0.022644901942545443,0.09563211970912167,0.8817229783483329
25876,LOF,0.02594957745874142,0.04681560268883065,0.927234819852428
25877,LOF,0.10918268323918501,0.16451264438132532,0.7263046723794897
25878,LOF,0.07472694577760572,0.22570727844447616,0.6995657757779181
25879,LOF,0.01044048004084313,0.1603529284058687,0.8292065915532881
25880,LOF,0.04831904690362577,0.017302450116662312,0.9343785029797119
25881,Neutral,0.5490172054856484,0.1445110922619654,0.30647170225238624
25882,LOF,0.04794510754697179,0.03853200705478125,0.9135228853982469
25883,LOF,0.027926670354487686,0.030013648192631092,0.9420596814528812
25884,LOF,0.016245576325468875,0.04863548349758438,0.9351189401769467
25885,LOF,0.14766680772915378,0.015298609086495855,0.8370345831843503
25886,LOF,0.2656575488613968,0.06489266483872187,0.6694497862998813
25887,LOF,0.07345990566690877,0.20463797658554844,0.7219021177475428
25888,LOF,0.007317436601472581,0.22887536123183622,0.7638072021666912
25889,LOF,0.024472686292264886,0.04153592695485748,0.9339913867528775
25890,LOF,0.19591254790692533,0.07074972289526303,0.7333377291978116
25891,LOF,0.11187824841719578,0.04653232148293461,0.8415894300998696
25892,LOF,0.008455231486598032,0.036800315706980946,0.9547444528064211
25893,LOF,0.2934426252507436,0.01180547996366735,0.6947518947855891
25894,LOF,0.3235885077528592,0.008196469338365965,0.6682150229087748
25895,LOF,0.27087549372670794,0.017276015437906186,0.7118484908353859
25896,LOF,0.07861721883461192,0.040440605133434414,0.8809421760319537
25897,LOF,0.1129953420778605,0.015197327865319906,0.8718073300568195
25898,LOF,0.11079497330719837,0.037062515104069584,0.852142511588732
25899,LOF,0.3819102073691333,0.04680059491612035,0.5712891977147463
25900,Neutral,0.6820118895665184,0.014891017805391316,0.3030970926280903
25901,LOF,0.054229732322329,0.017943356539927922,0.927826911137743
25902,LOF,0.0690251069701342,0.013387477913065141,0.9175874151168006
25903,LOF,0.1499657239942967,0.03329513464231605,0.8167391413633872
25904,LOF,0.43566908214783223,0.0840562789462662,0.4802746389059017
25905,LOF,0.007814023866457036,0.3479139013120022,0.6442720748215408
25906,LOF,0.009415176262278193,0.060676637753717816,0.9299081859840039
25907,LOF,0.00886060533062979,0.23958209751921078,0.7515572971501594
25908,LOF,0.007998399593770397,0.2103088489131729,0.7816927514930567
25909,LOF,0.03276250588800724,0.10705411199434059,0.8601833821176521
25910,LOF,0.015543279537549564,0.10576675899715143,0.878689961465299
25911,LOF,0.17487052852824284,0.026896827648236903,0.7982326438235202
25912,LOF,0.13112954583218436,0.02503625884051896,0.8438341953272966
25913,LOF,0.018447145867196136,0.02879530366667009,0.9527575504661339
25914,LOF,0.045207131312734385,0.028848623030876763,0.925944245656389
25915,LOF,0.21790214873080938,0.24918643775779964,0.5329114135113909
25916,LOF,0.015347245532351951,0.14221379529595338,0.8424389591716946
25917,LOF,0.06713281562065371,0.04212703732966259,0.8907401470496837
25918,LOF,0.05168277687973216,0.020890609867999125,0.9274266132522688
25919,LOF,0.03959183594058567,0.023096787139869256,0.9373113769195451
25920,LOF,0.35648839670909505,0.19816822809021048,0.4453433752006945
25921,LOF,0.021169145384184587,0.020412727911793355,0.958418126704022
25922,LOF,0.02209795340045352,0.02157561020957468,0.9563264363899718
25923,LOF,0.43800391818239043,0.013916474571517606,0.5480796072460921
25924,LOF,0.028531038070245825,0.01951118894839832,0.9519577729813558
25925,LOF,0.10662788225134781,0.02776238019772901,0.8656097375509232
25926,LOF,0.08960409745031604,0.02168582896456022,0.8887100735851237
25927,LOF,0.02802758494026883,0.025553865966674718,0.9464185490930563
25928,LOF,0.015247360576739855,0.012266291488200754,0.9724863479350594
25929,Neutral,0.57730592046339,0.013554515488024698,0.40913956404858515
25930,LOF,0.05943014659255336,0.012483835027416602,0.92808601838003
25931,LOF,0.01601243940209564,0.011826114449150342,0.9721614461487541
25932,LOF,0.0734325337892953,0.010799262806349864,0.9157682034043547
25933,LOF,0.08227504196862127,0.007862145381857423,0.9098628126495214
25934,LOF,0.08314147102490124,0.008016354529286224,0.9088421744458126
25935,LOF,0.10450392557038915,0.023743961485032376,0.8717521129445784
25936,LOF,0.09295846519376928,0.007950218986463427,0.8990913158197673
25937,LOF,0.016679424632532323,0.015562273913359249,0.9677583014541085
25938,LOF,0.10581526163420012,0.02078044125175174,0.8734042971140482
25939,LOF,0.061317754840177735,0.013211739020572537,0.9254705061392496
25940,LOF,0.009347520529194183,0.4603658402081654,0.5302866392626404
25941,Neutral,0.485193483160764,0.03457070949321213,0.48023580734602395
25942,LOF,0.012726202732518533,0.05197620767780471,0.9352975895896768
25943,LOF,0.04658878013887709,0.15314812004013137,0.8002630998209915
25944,LOF,0.04526741542040615,0.09949768281250419,0.8552349017670897
25945,LOF,0.18829440764104377,0.025664203554605566,0.7860413888043506
25946,LOF,0.08402580240363827,0.0583525014550426,0.8576216961413191
25947,Neutral,0.5276157093080681,0.12511845085724624,0.3472658398346858
25948,Neutral,0.5065159834863757,0.01722383913402395,0.47626017737960036
25949,LOF,0.11011185718385233,0.042755822115056207,0.8471323207010916
25950,GOF,0.0958632216596193,0.6743592118504477,0.22977756648993305
25951,GOF,0.013883029136250174,0.5370725424881349,0.44904442837561503
25952,LOF,0.15518179410757296,0.3105119063734443,0.5343062995189828
25953,LOF,0.006827341982411601,0.36340606262696346,0.629766595390625
25954,GOF,0.0610325638713084,0.5308011399701006,0.4081662961585909
25955,LOF,0.008103861840226887,0.3759929943830701,0.615903143776703
25956,LOF,0.009783552621239235,0.36291592882618906,0.6273005185525717
25957,LOF,0.1764613922986386,0.048312907787343734,0.7752256999140177
25958,LOF,0.02550994326176485,0.06630351272243364,0.9081865440158016
25959,GOF,0.00648081370338656,0.7303457243919774,0.263173461904636
25960,LOF,0.0052222283938494415,0.1155762689060804,0.87920150270007
25961,LOF,0.026025495143652,0.059496273147888856,0.9144782317084591
25962,LOF,0.04438224990530764,0.08432884825718637,0.871288901837506
25963,LOF,0.011279310529612539,0.12597762122356562,0.8627430682468219
25964,LOF,0.04820611672341717,0.08416849844129957,0.8676253848352833
25965,LOF,0.20708554851223332,0.15543100178133162,0.637483449706435
25966,LOF,0.3375087747680295,0.1543973043192858,0.5080939209126847
25967,LOF,0.00716988343022263,0.11551733840656586,0.8773127781632115
25968,LOF,0.057218799343104705,0.24288226956093611,0.6998989310959591
25969,LOF,0.14015771386511683,0.0662095642662551,0.7936327218686281
25970,LOF,0.06409658135223689,0.057366206906984685,0.8785372117407784
25971,LOF,0.0692796830421259,0.029126379948873973,0.9015939370090001
25972,LOF,0.07795153164410895,0.031233679854088148,0.8908147885018028
25973,LOF,0.0802272477902903,0.013226367120349448,0.9065463850893603
25974,LOF,0.06490400934762927,0.04088886966044358,0.8942071209919271
25975,LOF,0.02839169551792676,0.01655074230888312,0.95505756217319
25976,LOF,0.09156296242311222,0.01427252532517627,0.8941645122517116
25977,LOF,0.22804148779294753,0.07600483967163367,0.6959536725354188
25978,LOF,0.1733277443278129,0.14071493246732472,0.6859573232048624
25979,LOF,0.1309842107773253,0.14462758671116074,0.724388202511514
25980,LOF,0.19603384533078805,0.27287904605664,0.531087108612572
25981,LOF,0.1973911164116852,0.2759061356109557,0.526702747977359
25982,LOF,0.2792656065283362,0.13605233584364843,0.5846820576280153
25983,Neutral,0.45754664320380384,0.11954056354253106,0.422912793253665
25984,LOF,0.06022705858985383,0.06897094730357699,0.8708019941065692
25985,Neutral,0.45943647140363125,0.1427346946760672,0.3978288339203016
25986,LOF,0.012319337324888838,0.4028852609685646,0.5847954017065465
25987,LOF,0.0335310317693319,0.08643601806489189,0.8800329501657762
25988,LOF,0.04576888948078533,0.10894862901935425,0.8452824814998604
25989,LOF,0.04612161601133826,0.1279130912719968,0.825965292716665
25990,LOF,0.047233562613737054,0.2542053830030437,0.6985610543832192
25991,GOF,0.022656733675876527,0.5417473690369342,0.4355958972871893
25992,LOF,0.01210958485341444,0.4048685798189225,0.583021835327663
25993,LOF,0.023658374949342965,0.05534554554922842,0.9209960795014285
25994,LOF,0.028838720945014024,0.0643707472163203,0.9067905318386656
25995,LOF,0.020191840543648143,0.1074712378524256,0.8723369216039262
25996,GOF,0.35913961395662813,0.41039108300267063,0.23046930304070112
25997,GOF,0.060622498910995005,0.6132193905495399,0.3261581105394651
25998,LOF,0.242438484750609,0.029809867917373757,0.7277516473320171
25999,LOF,0.025517476673600888,0.24045428626275508,0.7340282370636441
26000,LOF,0.14659710872013995,0.014316581920930839,0.8390863093589291
26001,LOF,0.16287273915403502,0.017376393143581106,0.8197508677023838
26002,LOF,0.0954774089610557,0.01708972847811266,0.8874328625608316
26003,GOF,0.006335922967721721,0.5662304229024312,0.427433654129847
26004,GOF,0.017329710489136292,0.5797214873257406,0.4029488021851231
26005,LOF,0.005504911976572018,0.49179399027426035,0.5027010977491676
26006,GOF,0.10187370949185702,0.5276579669779369,0.3704683235302061
26007,GOF,0.009994640826450336,0.5609127991409866,0.42909256003256313
26008,GOF,0.006765380737279824,0.5964433314509775,0.39679128781174255
26009,GOF,0.012162514438664097,0.6227366714851468,0.36510081407618916
26010,GOF,0.01043518421267653,0.5460812010706351,0.4434836147166884
26011,LOF,0.005671689528783713,0.40813589713491666,0.5861924133362996
26012,GOF,0.005515710614976481,0.5162710136713355,0.4782132757136881
26013,GOF,0.010296061064239451,0.5090504512146775,0.4806534877210831
26014,LOF,0.054826255862643815,0.07525346913113899,0.8699202750062172
26015,LOF,0.38981034250990987,0.025948166681212956,0.5842414908088772
26016,LOF,0.26820580490978513,0.044035301290336656,0.6877588937998782
26017,LOF,0.01682977525765382,0.15634451597347432,0.8268257087688718
26018,LOF,0.020318958843026702,0.09193456727060396,0.8877464738863693
26019,LOF,0.020472854990747226,0.08016100395951871,0.899366141049734
26020,LOF,0.006948927861138946,0.1463083254644675,0.8467427466743935
26021,LOF,0.08537794245407093,0.07079895966741304,0.843823097878516
26022,LOF,0.04327408490599065,0.030742077143131756,0.9259838379508776
26023,LOF,0.031017956055277296,0.06712593771237706,0.9018561062323456
26024,LOF,0.051037343885152686,0.05264478731365296,0.8963178688011942
26025,LOF,0.13448184441992325,0.06744244796302415,0.7980757076170526
26026,LOF,0.11778403190238627,0.05302338697294616,0.8291925811246676
26027,LOF,0.029640582306130554,0.03827759880599329,0.9320818188878761
26028,LOF,0.08651030841282964,0.20600782754584096,0.7074818640413293
26029,LOF,0.03577577432098,0.1762349943069809,0.7879892313720391
26030,LOF,0.12720717159774725,0.022020159678607848,0.8507726687236449
26031,LOF,0.014916841623013218,0.17898405157555916,0.8060991068014276
26032,LOF,0.02842888556039537,0.03293716418470847,0.9386339502548963
26033,LOF,0.044291089646963024,0.05804818511237565,0.8976607252406614
26034,LOF,0.02123140280176138,0.12032955250829326,0.8584390446899455
26035,LOF,0.012562746955889893,0.14323450865282292,0.8442027443912872
26036,LOF,0.011701656311950989,0.11607423997930173,0.8722241037087473
26037,LOF,0.011577080358535703,0.1245779032293794,0.8638450164120849
26038,LOF,0.024781925705201237,0.03264178732738141,0.9425762869674175
26039,LOF,0.03359700478537052,0.1641884227903152,0.8022145724243143
26040,LOF,0.06682872491253347,0.18928891601797826,0.7438823590694883
26041,LOF,0.014110692651958854,0.13116931840481072,0.8547199889432304
26042,LOF,0.01300375764082423,0.13736487416375026,0.8496313681954256
26043,LOF,0.024411137983028443,0.056702195841606746,0.9188866661753649
26044,LOF,0.008011616658308797,0.05434208994957299,0.9376462933921181
26045,LOF,0.08028720329777934,0.2649107427706952,0.6548020539315254
26046,LOF,0.024372260274430395,0.05505579643396301,0.9205719432916065
26047,LOF,0.06887166796833372,0.051705949076216826,0.8794223829554494
26048,LOF,0.07970247961862975,0.02682700081554959,0.8934705195658206
26049,Neutral,0.9369300601705779,0.007050154347989215,0.05601978548143302
26050,Neutral,0.8928991643924167,0.00858296855661674,0.0985178670509665
26051,LOF,0.03448679321702392,0.293221045329715,0.6722921614532611
26052,LOF,0.03333913152529215,0.20300071144521406,0.7636601570294937
26053,LOF,0.024620441095779887,0.1727476240176518,0.8026319348865683
26054,LOF,0.055461270605627874,0.07504657945482503,0.8694921499395472
26055,LOF,0.07328224796744555,0.07917921713456222,0.8475385348979922
26056,LOF,0.0700265899980437,0.08299456535322494,0.8469788446487313
26057,LOF,0.04643724372638307,0.01907215407201762,0.9344906022015992
26058,LOF,0.051065261913262765,0.014898275543910506,0.9340364625428267
26059,LOF,0.2520357774334379,0.09922463668292081,0.6487395858836413
26060,LOF,0.019298160889776587,0.20253304260200716,0.7781687965082162
26061,LOF,0.013735499798336109,0.011445100948402074,0.9748193992532618
26062,LOF,0.006507797654521048,0.02414788384158038,0.9693443185038987
26063,LOF,0.04802314998720342,0.014437680314970638,0.9375391696978259
26064,LOF,0.008873256061899235,0.01577541073983809,0.9753513331982627
26065,LOF,0.05296863549339935,0.021605819114393604,0.9254255453922071
26066,LOF,0.04512555466215729,0.013292483255256048,0.9415819620825866
26067,LOF,0.048080188746477834,0.014675887327099353,0.9372439239264228
26068,LOF,0.05380251144327413,0.05631649616564488,0.8898809923910811
26069,LOF,0.19730869301897608,0.046602272940190016,0.7560890340408339
26070,LOF,0.4523876868614259,0.02647525052002538,0.5211370626185488
26071,LOF,0.05463092528495739,0.018467014721850025,0.9269020599931925
26072,LOF,0.008377107355852415,0.021294108602283146,0.9703287840418645
26073,LOF,0.05074336945951861,0.01457912741873229,0.9346775031217491
26074,Neutral,0.6973221046896325,0.02124982923490475,0.28142806607546256
26075,LOF,0.04330281870761223,0.04057253205542316,0.9161246492369646
26076,LOF,0.0511465179467719,0.01924165640713985,0.9296118256460882
26077,LOF,0.17659146993386232,0.017467348948878254,0.8059411811172593
26078,LOF,0.0067363505553215625,0.0255609557558674,0.9677026936888111
26079,LOF,0.057825732821459905,0.04009656612589915,0.902077701052641
26080,LOF,0.056594041208755747,0.0403870760631419,0.9030188827281024
26081,LOF,0.05434993384560218,0.0161042455975823,0.9295458205568156
26082,LOF,0.007338691836060484,0.0247113795605198,0.9679499286034198
26083,LOF,0.06614175264889008,0.0327036260950576,0.9011546212560523
26084,LOF,0.07782783102833052,0.01884708442763422,0.9033250845440353
26085,LOF,0.07078226584546805,0.015550923584828262,0.9136668105697038
26086,LOF,0.04605270701621263,0.02129913817611881,0.9326481548076685
26087,LOF,0.04714562601447288,0.017358702195874258,0.935495671789653
26088,LOF,0.0078288677560813,0.03482187759968618,0.9573492546442326
26089,LOF,0.039679757588274724,0.060157003441112133,0.9001632389706131
26090,LOF,0.03926605555864199,0.05236575673638325,0.9083681877049747
26091,LOF,0.03624747461616899,0.014348529692298401,0.9494039956915327
26092,LOF,0.050852480976301864,0.013393110374241315,0.9357544086494567
26093,LOF,0.0774810661669548,0.008409061647227418,0.9141098721858177
26094,LOF,0.04820766111452575,0.01170752819029692,0.9400848106951774
26095,LOF,0.014714434329494213,0.029402666730512495,0.9558828989399933
26096,LOF,0.29945787768875204,0.005206004667827883,0.6953361176434201
26097,LOF,0.007627910612857136,0.05280134817044332,0.9395707412166995
26098,LOF,0.058066090318280715,0.041456526903349965,0.9004773827783693
26099,LOF,0.060733790827539116,0.0383111318309671,0.9009550773414938
26100,LOF,0.060733790827539116,0.0383111318309671,0.9009550773414938
26101,LOF,0.05964837791910235,0.04932655584794186,0.8910250662329559
26102,LOF,0.04473965514711856,0.022110429230171966,0.9331499156227095
26103,Neutral,0.8921831448082981,0.046065409302927074,0.06175144588877475
26104,LOF,0.04856495976513068,0.10705725298639254,0.8443777872484768
26105,LOF,0.23995025465256148,0.07173980123962667,0.688309944107812
26106,LOF,0.3030666564824341,0.040346926321827424,0.6565864171957385
26107,LOF,0.017059425838384688,0.06045765092979776,0.9224829232318176
26108,LOF,0.16587623153585282,0.06912558845792897,0.7649981800062182
26109,LOF,0.05057281339065404,0.04820400213174068,0.9012231844776053
26110,LOF,0.4853918678281478,0.01678022143208969,0.49782791073976257
26111,LOF,0.051335991387256745,0.11066979714667738,0.8379942114660659
26112,LOF,0.06783961408728577,0.014232189577002756,0.9179281963357115
26113,LOF,0.06850135407700089,0.028402615349737457,0.9030960305732617
26114,LOF,0.09988106806144746,0.01012722660604508,0.8899917053325075
26115,LOF,0.021489723781347825,0.05726873617754885,0.9212415400411034
26116,LOF,0.0639903082445094,0.018334069211634052,0.9176756225438566
26117,LOF,0.36391873351913484,0.05845822930789099,0.5776230371729741
26118,LOF,0.03558599769829271,0.0246413138339231,0.9397726884677842
26119,LOF,0.005369893957979152,0.09533396363584265,0.8992961424061783
26120,LOF,0.0305809583405472,0.01939104032056538,0.9500280013388874
26121,LOF,0.003972428005349601,0.1184355172265557,0.8775920547680947
26122,LOF,0.004713865150303897,0.10033460950878613,0.8949515253409099
