feature0,prediction,LoGoFunc_Neutral,LoGoFunc_GOF,LoGoFunc_LOF
25546,Neutral,0.6570692738973212,0.0638971052905015,0.2790336208121774
25547,LOF,0.4138870990625037,0.12456502070905776,0.46154788022843857
25548,Neutral,0.467908557991349,0.09006258188452881,0.4420288601241223
25549,LOF,0.3913961346870153,0.09113246941881459,0.5174713958941701
25550,LOF,0.3220823162606389,0.15429871159315572,0.5236189721462055
25551,LOF,0.2762655504980411,0.18052158003090765,0.5432128694710513
25552,LOF,0.1883756079132212,0.17135808949598,0.6402663025907989
25553,Neutral,0.7877082913724225,0.052345484433593846,0.1599462241939836
25554,LOF,0.2199319848172082,0.16567003072260722,0.6143979844601846
25555,LOF,0.18260185294719777,0.14591410076703704,0.6714840462857653
25556,LOF,0.39112344091203,0.12674732263742514,0.48212923645054473
25557,LOF,0.1753910112527679,0.1545154931497236,0.6700934955975085
25558,LOF,0.2198128246302163,0.1612751196789518,0.6189120556908319
25559,LOF,0.19142537590050415,0.12494580040928055,0.6836288236902153
25560,LOF,0.07676616380520591,0.13162970897387927,0.7916041272209149
25561,LOF,0.13963020307871174,0.12505746356922165,0.7353123333520666
25562,LOF,0.06540636310094192,0.08296583368217177,0.8516278032168862
25563,LOF,0.09115182385231588,0.0906570910281621,0.818191085119522
25564,LOF,0.2227197110484023,0.1755943082063403,0.6016859807452574
25565,LOF,0.15425409541738574,0.12766397158025608,0.7180819330023581
25566,GOF,0.020809396933293534,0.7812372917139923,0.1979533113527141
25567,LOF,0.021117437166234078,0.1825963591189299,0.796286203714836
25568,LOF,0.06240601601343894,0.07762215583616265,0.8599718281503984
25569,LOF,0.06029611075856234,0.08057245607321725,0.8591314331682204
25570,LOF,0.03257195180028978,0.11390480353682703,0.8535232446628832
25571,LOF,0.03170917596102781,0.11111679191201336,0.8571740321269588
25572,LOF,0.033809162869967296,0.14266530497071755,0.8235255321593151
25573,LOF,0.027661520906943814,0.1099680735298811,0.8623704055631751
25574,LOF,0.018337553688267862,0.16032068387499218,0.82134176243674
25575,LOF,0.025117251678060094,0.12202715203555947,0.8528555962863804
25576,LOF,0.011946660973000883,0.16306556413710982,0.8249877748898892
25577,LOF,0.010848644783034073,0.13633708461905716,0.8528142705979087
25578,LOF,0.28624221838299,0.08966617764315668,0.6240916039738532
25579,LOF,0.13140165153457947,0.09595823991989327,0.7726401085455272
25580,LOF,0.019287455355065656,0.08720622736218622,0.8935063172827481
25581,LOF,0.04815519650955392,0.07766448305024194,0.8741803204402042
25582,LOF,0.04785497947318678,0.07629748079333802,0.8758475397334752
25583,LOF,0.020987206982783925,0.09343570787209746,0.8855770851451186
25584,Neutral,0.542709207066958,0.10210270174509455,0.35518809118794753
25585,LOF,0.01168168964029175,0.15167141451815164,0.8366468958415566
25586,LOF,0.01860131046592227,0.08072151652571995,0.9006771730083577
25587,LOF,0.017313419599258462,0.07166962265238706,0.9110169577483543
25588,LOF,0.018149456839748387,0.08686583862105476,0.8949847045391968
25589,Neutral,0.6341497279875759,0.12803691226010078,0.2378133597523234
25590,LOF,0.018775725476710112,0.12772020105309276,0.8535040734701972
25591,LOF,0.08380035951881136,0.06371484797266136,0.8524847925085274
25592,LOF,0.052881687354962806,0.13830412405182574,0.8088141885932114
25593,LOF,0.022302002293168508,0.2400062706943802,0.7376917270124513
25594,LOF,0.036850166723666034,0.10786889599917451,0.8552809372771595
25595,LOF,0.03943332968890322,0.08195390330313652,0.8786127670079602
25596,LOF,0.05554785064805466,0.06459709315516117,0.8798550561967842
25597,LOF,0.03694588563839973,0.06959527063430533,0.893458843727295
25598,LOF,0.034677971659275955,0.09133344638913507,0.8739885819515889
25599,GOF,0.00820542647617073,0.5998849159327774,0.3919096575910519
25600,GOF,0.030059591298933243,0.6242183803909575,0.3457220283101094
25601,LOF,0.012560230350911543,0.43517316032377784,0.5522666093253106
25602,LOF,0.013185920101833185,0.048993970592853,0.9378201093053138
25603,LOF,0.04702137330956949,0.01903745130168361,0.9339411753887469
25604,LOF,0.017202298326621446,0.06767470409030345,0.9151229975830751
25605,LOF,0.008220262821196563,0.20420060524533087,0.7875791319334725
25606,LOF,0.08753852594546982,0.35252089901031086,0.5599405750442193
25607,LOF,0.005438316339278398,0.23110231967453468,0.763459363986187
25608,LOF,0.011687029597885552,0.1145814662922281,0.8737315041098864
25609,LOF,0.07215443471321643,0.3705620132116212,0.5572835520751623
25610,LOF,0.018846474608784063,0.026204761130823907,0.9549487642603919
25611,LOF,0.018230864558103285,0.027793662719922774,0.9539754727219739
25612,LOF,0.0613074110596375,0.0351559359057755,0.903536653034587
25613,LOF,0.05463990350302701,0.03730170516154224,0.9080583913354308
25614,LOF,0.026226921457711935,0.02866344758259199,0.9451096309596961
25615,LOF,0.01683294984006685,0.035324142442748646,0.9478429077171844
25616,LOF,0.05236966540539912,0.028302571911497126,0.9193277626831037
25617,LOF,0.04990021704995734,0.03304359041654417,0.9170561925334986
25618,LOF,0.06140248748804015,0.03390557641464295,0.9046919360973169
25619,LOF,0.018288665992298902,0.029533408815713452,0.9521779251919876
25620,LOF,0.06965226998299966,0.03901913728891277,0.8913285927280876
25621,LOF,0.018418497007789924,0.038197909977619716,0.9433835930145903
25622,LOF,0.02286199230932453,0.03899072918925825,0.9381472785014171
25623,LOF,0.037514038056353206,0.03241932727429376,0.9300666346693531
25624,LOF,0.022264272489443605,0.03948068863827255,0.9382550388722838
25625,LOF,0.023562717711257727,0.051244134734434725,0.9251931475543075
25626,LOF,0.05333314933762827,0.038775074287796724,0.9078917763745751
25627,Neutral,0.5661003887873655,0.11187989499001186,0.32201971622262254
25628,LOF,0.18944484859462626,0.05396429782409152,0.7565908535812822
25629,LOF,0.041253256026048464,0.06117961221549873,0.8975671317584528
25630,LOF,0.15782719285348146,0.08405285183905979,0.7581199553074588
25631,Neutral,0.5898329152599717,0.06193127039073749,0.3482358143492907
25632,LOF,0.0074393055694634055,0.07118340914521973,0.9213772852853169
25633,LOF,0.22120941563027632,0.042417022169356416,0.7363735622003672
25634,LOF,0.03134459496638908,0.08986605912084822,0.8787893459127627
25635,LOF,0.038013270314681394,0.048128749915641374,0.9138579797696772
25636,GOF,0.005296712453386849,0.5853616696956335,0.4093416178509797
25637,GOF,0.0077487528768913705,0.600250355825037,0.39200089129807153
25638,LOF,0.010056537903799142,0.31081486330676694,0.6791285987894339
25639,LOF,0.004961003487730825,0.45221630094151916,0.5428226955707499
25640,Neutral,0.4729766993817535,0.43364634435309957,0.09337695626514698
25641,LOF,0.015357135488843023,0.29872934712701515,0.6859135173841417
25642,LOF,0.24515069870563913,0.05608199338564072,0.6987673079087201
25643,LOF,0.12894688276455654,0.17802376122002586,0.6930293560154176
25644,LOF,0.007893283257671233,0.4464067418651191,0.5456999748772096
25645,LOF,0.007144946635286548,0.41326627812509803,0.5795887752396154
25646,LOF,0.012859276778227412,0.307461407483929,0.6796793157378436
25647,LOF,0.00920658108243375,0.2624463964885319,0.7283470224290344
25648,LOF,0.008825757436981314,0.24939331461284045,0.7417809279501782
25649,LOF,0.007064799108948678,0.19273727605563035,0.800197924835421
25650,LOF,0.013954104325850808,0.40495237210911955,0.5810935235650296
25651,LOF,0.005547276154755057,0.2611890474503767,0.7332636763948682
25652,LOF,0.008930403950267087,0.25652191806635694,0.7345476779833758
25653,LOF,0.025471900175175637,0.3691033479503425,0.6054247518744819
25654,LOF,0.009649131302844852,0.14955970808790633,0.8407911606092489
25655,LOF,0.047814253546268566,0.4053842481342488,0.5468014983194827
25656,LOF,0.20375911439330383,0.04748244857342987,0.7487584370332664
25657,LOF,0.27117311358748447,0.028303901111594514,0.700522985300921
25658,LOF,0.08412456500503265,0.08308850579092299,0.8327869292040443
25659,LOF,0.4189881030898727,0.06255001465310354,0.5184618822570237
25660,LOF,0.029756810073222468,0.10503732004430531,0.8652058698824723
25661,LOF,0.09068475062064937,0.07224393814166702,0.8370713112376835
25662,LOF,0.029846133361188507,0.04771063813229534,0.9224432285065162
25663,LOF,0.040322723005824936,0.07198474236836609,0.8876925346258089
25664,LOF,0.04557272214967337,0.08726218712408883,0.8671650907262378
25665,LOF,0.05314100861518044,0.03626389467197388,0.9105950967128457
25666,LOF,0.03477108585247735,0.12047370536412853,0.8447552087833942
25667,LOF,0.06165788412584916,0.05508238142778741,0.8832597344463634
25668,LOF,0.033210403114597394,0.05900055158293583,0.9077890453024668
25669,LOF,0.030328090011448386,0.08070825812841038,0.8889636518601411
25670,LOF,0.056417365145177686,0.0664947058198282,0.8770879290349942
25671,LOF,0.08722808046663084,0.04465872252206207,0.8681131970113071
25672,LOF,0.05319309950774795,0.04806962528096292,0.8987372752112892
25673,LOF,0.023317190468486175,0.06458589474640067,0.9120969147851132
25674,LOF,0.02029906404523984,0.07585790504120271,0.9038430309135574
25675,LOF,0.031773117273118094,0.07364544958358293,0.894581433143299
25676,LOF,0.018535752307993626,0.06553808298085352,0.915926164711153
25677,LOF,0.027868234948342573,0.0760199877769523,0.896111777274705
25678,LOF,0.1967616706266502,0.0613832531908894,0.7418550761824604
25679,LOF,0.16483430146594757,0.09332783493250418,0.7418378636015481
25680,LOF,0.04203073300654984,0.1142669319680212,0.8437023350254289
25681,LOF,0.06538974258989773,0.1109588423206363,0.8236514150894659
25682,LOF,0.1392673012196828,0.08692578707542085,0.7738069117048963
25683,LOF,0.08463674103119632,0.12793244478213,0.7874308141866737
25684,LOF,0.04269294556902823,0.08696022838144289,0.870346826049529
25685,LOF,0.07790612034855084,0.05267069326350406,0.869423186387945
25686,LOF,0.025109114296324567,0.08479971372634056,0.8900911719773349
25687,LOF,0.04850445278847373,0.07409175103396994,0.8774037961775564
25688,LOF,0.050387416620298005,0.06123731765761125,0.8883752657220908
25689,LOF,0.030477239893975615,0.07239774031469669,0.8971250197913277
25690,LOF,0.04048882135926947,0.05812084250591092,0.9013903361348196
25691,LOF,0.2541744238619312,0.0800028620249745,0.6658227141130945
25692,LOF,0.2602775105302403,0.007278292217305838,0.7324441972524539
25693,LOF,0.07511784459965926,0.25226759791358183,0.6726145574867589
25694,LOF,0.2414520618218045,0.014106284365882743,0.7444416538123128
25695,LOF,0.14624600203307664,0.02296989086348953,0.8307841071034338
25696,LOF,0.12437973908975446,0.011024221848676397,0.8645960390615692
25697,LOF,0.09078832591228586,0.02336405501373309,0.885847619073981
25698,GOF,0.052319239929403606,0.47834110412630293,0.4693396559442935
25699,LOF,0.07690626840899743,0.09244904746896829,0.8306446841220343
25700,LOF,0.054212556067577126,0.010533565273195367,0.9352538786592276
25701,LOF,0.018477602692678854,0.08266580149214404,0.8988565958151772
25702,GOF,0.03675725180079192,0.6899893120337066,0.2732534361655015
25703,LOF,0.007865144700039423,0.17186951514213744,0.8202653401578232
25704,LOF,0.05740736376087657,0.14494828220972863,0.7976443540293948
25705,LOF,0.06495065426882936,0.24513311478043806,0.6899162309507325
25706,GOF,0.024150009110853958,0.504972306762801,0.470877684126345
25707,LOF,0.017900295876259086,0.47092555623514387,0.511174147888597
25708,LOF,0.0077726077662800454,0.4549907376193359,0.5372366546143841
25709,LOF,0.05498875637566621,0.06364762544038734,0.8813636181839464
25710,LOF,0.004724290802833223,0.16925573392707147,0.8260199752700953
25711,LOF,0.016905564840474535,0.13363748817035728,0.8494569469891681
25712,LOF,0.006464481182326059,0.21147165282342267,0.7820638659942513
25713,LOF,0.01763714045861382,0.11726475271453868,0.8650981068268475
25714,LOF,0.06016115439422727,0.1435842052665312,0.7962546403392414
25715,LOF,0.011935728887940074,0.15280340003181594,0.8352608710802439
25716,LOF,0.005569349108899044,0.13531101260286882,0.8591196382882321
25717,LOF,0.0056904580478308415,0.10846810599936464,0.8858414359528046
25718,LOF,0.01240207308613624,0.1092254414288384,0.8783724854850253
25719,LOF,0.01938517414050624,0.11360121116759381,0.8670136146919
25720,LOF,0.020185141623409838,0.09781578145439022,0.8819990769221998
25721,LOF,0.0160049667790459,0.13108881393343572,0.8529062192875184
25722,LOF,0.014190008649474669,0.15653584839401366,0.8292741429565116
25723,LOF,0.019705998016340154,0.07957673559090442,0.9007172663927554
25724,LOF,0.01805406144686052,0.1161765517707651,0.8657693867823745
25725,LOF,0.011717900653654469,0.08714523321811701,0.9011368661282285
25726,LOF,0.014435699221289584,0.1367640809417904,0.84880021983692
25727,LOF,0.01258686083677786,0.10362118085886152,0.8837919583043606
25728,LOF,0.010928857865250169,0.12319070464735864,0.8658804374873912
25729,LOF,0.011298071438932156,0.12834469823694816,0.8603572303241196
25730,LOF,0.016265037673603214,0.10589853318550825,0.8778364291408887
25731,LOF,0.007816928146422708,0.14909583865012255,0.8430872332034548
25732,LOF,0.015810796915098325,0.10315534206738763,0.881033861017514
25733,LOF,0.01602081339067905,0.09578399659929836,0.8881951900100226
25734,LOF,0.005445575062819474,0.15324846616587948,0.841305958771301
25735,LOF,0.013616698240911258,0.09206163568767056,0.8943216660714182
25736,LOF,0.013733540176605885,0.14097182182393583,0.8452946379994584
25737,LOF,0.01879001938040154,0.09822135745284583,0.8829886231667528
25738,LOF,0.013419469187920769,0.15031998363336596,0.8362605471787133
25739,LOF,0.01876723163175876,0.12269453700764653,0.8585382313605946
25740,LOF,0.028969864668772514,0.1375512370295488,0.8334788983016787
25741,LOF,0.01453571432342174,0.12222180656087041,0.863242479115708
25742,LOF,0.09509862825390772,0.11694295833654594,0.7879584134095464
25743,LOF,0.013994688362419048,0.030056552883418786,0.9559487587541621
25744,LOF,0.2380066245379528,0.30039504529460137,0.4615983301674458
25745,LOF,0.03232029366662695,0.03783919742528519,0.9298405089080879
25746,LOF,0.017376455427255875,0.047024386640786967,0.9355991579319571
25747,LOF,0.026592786876353077,0.02303485349987822,0.9503723596237686
25748,LOF,0.11509363368130457,0.03810850344155145,0.846797862877144
25749,LOF,0.014941785376036102,0.03280238510510787,0.952255829518856
25750,LOF,0.03484650505144867,0.050621565223723956,0.9145319297248273
25751,LOF,0.11195692018497881,0.04261476539955488,0.8454283144154663
25752,GOF,0.11537158686715061,0.6122561276683715,0.2723722854644779
25753,LOF,0.007826078067018826,0.30284436386188457,0.6893295580710966
25754,GOF,0.004836428524697103,0.7889241717604474,0.20623939971485544
25755,LOF,0.009450229730961405,0.39518264792254226,0.5953671223464964
25756,LOF,0.04350370667231805,0.3978671250641243,0.5586291682635577
25757,GOF,0.005840646552672925,0.8412093675117931,0.15294998593553388
25758,GOF,0.007286366867092649,0.8422616377321762,0.15045199540073123
25759,GOF,0.0045337493731844045,0.5288263071630982,0.46663994346371745
25760,LOF,0.005220598846193499,0.25615028003646323,0.7386291211173431
25761,GOF,0.04816739090567027,0.7915893404323203,0.16024326866200952
25762,LOF,0.03181687450983036,0.2895178081299497,0.67866531736022
25763,LOF,0.006394514485257859,0.20671639216813942,0.7868890933466027
25764,GOF,0.20129603725510758,0.4880661406704387,0.31063782207445373
25765,GOF,0.012649028347420793,0.7655737238912068,0.22177724776137223
25766,GOF,0.020627143991006798,0.8129463891931058,0.16642646681588735
25767,LOF,0.018949076700992225,0.48753400170148115,0.4935169215975268
25768,LOF,0.0770767577308752,0.07797610582176188,0.844947136447363
25769,LOF,0.08288146346288452,0.053106577218305494,0.86401195931881
25770,LOF,0.3298938871631481,0.06819295216521026,0.6019131606716416
25771,LOF,0.01422642984220611,0.055572639678799336,0.9302009304789947
25772,LOF,0.019915366043686503,0.028209562031264117,0.9518750719250494
25773,LOF,0.011079424073706405,0.11332923161526005,0.8755913443110336
25774,LOF,0.024463368024296855,0.07097052844863322,0.90456610352707
25775,LOF,0.014959231573108982,0.04562438274209254,0.9394163856847985
25776,LOF,0.08231855722418771,0.02118479919837957,0.8964966435774328
25777,LOF,0.29171314559073874,0.04400801849546768,0.6642788359137934
25778,LOF,0.06716906098627531,0.041900409748888146,0.8909305292648365
25779,GOF,0.06529284686709673,0.8709053060388404,0.06380184709406278
25780,GOF,0.06244361426486462,0.8482275950436724,0.08932879069146293
25781,GOF,0.025469750041465667,0.8466991731423598,0.12783107681617453
25782,GOF,0.02906572315302105,0.8773978005147565,0.09353647633222252
25783,GOF,0.012624114600310692,0.6659480547250852,0.32142783067460423
25784,GOF,0.11600250629347605,0.8330850429559434,0.05091245075058065
25785,GOF,0.08605050356687445,0.8596390205477149,0.05431047588541055
25786,GOF,0.006025579891006417,0.8057092032944814,0.18826521681451228
25787,GOF,0.19495481980742038,0.7608715086047039,0.04417367158787579
25788,LOF,0.04830195096788307,0.11308260773114907,0.8386154413009679
25789,GOF,0.03766739776871931,0.8030821146899394,0.1592504875413412
25790,GOF,0.0393959816996253,0.8349187585591599,0.12568525974121472
25791,GOF,0.028340952667250997,0.759406188868571,0.21225285846417802
25792,GOF,0.048469617539221306,0.76590265956816,0.18562772289261878
25793,GOF,0.08347396573679194,0.7182396632352933,0.19828637102791485
25794,GOF,0.12507291732578377,0.6701103366861942,0.20481674598802213
25795,GOF,0.026463693252825958,0.7518301862429045,0.2217061205042694
25796,GOF,0.14376690701918377,0.7352208213701769,0.1210122716106394
25797,GOF,0.03529644004419219,0.5808347489878526,0.3838688109679552
25798,GOF,0.003067113925065328,0.5297543798103131,0.46717850626462165
25799,LOF,0.0028912234137267994,0.408505036818394,0.5886037397678792
25800,GOF,0.010060017864896614,0.6244365376843724,0.3655034444507311
25801,GOF,0.030020869816226065,0.8007598433060386,0.16921928687773533
25802,GOF,0.01889315852461265,0.7045020110600215,0.27660483041536577
25803,GOF,0.009738595001321529,0.5887722337382959,0.4014891712603826
25804,LOF,0.01216162026321113,0.4705286377745109,0.5173097419622779
25805,GOF,0.021567144717897224,0.5971196869766864,0.3813131683054164
25806,GOF,0.01866437512155772,0.6301468499893292,0.3511887748891131
25807,GOF,0.0055450575825603775,0.6178632189310879,0.3765917234863518
25808,GOF,0.013729660681164574,0.6351018261287628,0.35116851319007264
25809,GOF,0.006053003650238316,0.6172340674534462,0.37671292889631536
25810,GOF,0.004966070199132887,0.629375288750275,0.36565864105059215
25811,GOF,0.11300545953943478,0.7819244111551565,0.10507012930540878
25812,GOF,0.01326070500729208,0.6004220630644305,0.3863172319282775
25813,GOF,0.11183228429897624,0.7145744533566547,0.17359326234436917
25814,GOF,0.029771137786016276,0.6828955108512976,0.2873333513626861
25815,GOF,0.04406069993578189,0.6915180104171677,0.2644212896470504
25816,GOF,0.00813652932772867,0.754356621798254,0.23750684887401727
25817,GOF,0.07945092141305365,0.7613548635981972,0.15919421498874922
25818,GOF,0.01843670455494427,0.7046780671630924,0.27688522828196344
25819,GOF,0.07466500815570402,0.7228674156162818,0.2024675762280143
25820,GOF,0.033835044786282825,0.7010277533981415,0.2651372018155757
25821,GOF,0.01687460057605276,0.6895323469865531,0.29359305243739425
25822,GOF,0.03888765088700224,0.687732630988318,0.27337971812467976
25823,GOF,0.01164538454724579,0.5371239989824141,0.4512306164703402
25824,GOF,0.022205804111707417,0.6596079298574342,0.3181862660308584
25825,GOF,0.012740394473636977,0.6379062133565748,0.3493533921697883
25826,GOF,0.005253926725096609,0.611604806009717,0.3831412672651865
25827,GOF,0.007698999450373662,0.6067495359127633,0.3855514646368631
25828,GOF,0.0050507350720923674,0.534241879851821,0.46070738507608644
25829,GOF,0.0027992474355538715,0.5908421031486807,0.4063586494157654
25830,LOF,0.03754784886861709,0.34811335861556275,0.6143387925158202
25831,GOF,0.033319044596659325,0.8250538780263302,0.14162707737701027
25832,GOF,0.007909169993476791,0.7660668520774273,0.22602397792909587
25833,GOF,0.027739422128361044,0.8077070310570987,0.16455354681454018
25834,GOF,0.00840611111849952,0.76893839232129,0.22265549656021036
25835,GOF,0.01785899635215607,0.8098030537020963,0.1723379499457477
25836,GOF,0.0069408078760411045,0.7609134483232898,0.232145743800669
25837,GOF,0.006886181712530067,0.6686052905004017,0.32450852778706823
25838,GOF,0.02058216143550633,0.830952392370211,0.14846544619428265
25839,GOF,0.04524735070028013,0.7954915554411901,0.1592610938585299
25840,GOF,0.03485858649116889,0.8209897360837807,0.14415167742505036
25841,GOF,0.035649307590257445,0.8292034665919255,0.13514722581781707
25842,GOF,0.023612513118333907,0.8625068664964634,0.11388062038520264
25843,GOF,0.023325457469550226,0.8800398411618641,0.09663470136858576
25844,GOF,0.016911089441520564,0.7922802084657506,0.19080870209272888
25845,GOF,0.0051328524083317575,0.5560997479322054,0.4387673996594628
25846,GOF,0.026701503134896,0.8422131784934995,0.1310853183716044
25847,GOF,0.01812806226064834,0.8822877792268133,0.09958415851253835
25848,GOF,0.013080373804258812,0.7698467777880978,0.21707284840764343
25849,GOF,0.004508684022086282,0.6615804158752572,0.33391090010265667
25850,GOF,0.007074858972782262,0.6893150348196497,0.303610106207568
25851,GOF,0.0062704567434416405,0.5646645660233739,0.42906497723318443
25852,GOF,0.15428232334719888,0.5200328677054117,0.32568480894738944
25853,GOF,0.068247151162764,0.8248819060735778,0.10687094276365822
25854,GOF,0.009771744948649899,0.6525291707518044,0.33769908429954565
25855,GOF,0.014929189825761099,0.593871085318044,0.3911997248561948
25856,GOF,0.042788583339904554,0.7118341714296293,0.2453772452304662
25857,GOF,0.014186191791667644,0.5391018020861444,0.4467120061221879
25858,GOF,0.008205547238408271,0.5349582763753761,0.45683617638621565
25859,GOF,0.005191271599262816,0.5172530189036041,0.47755570949713316
25860,GOF,0.0739761469839741,0.7938582212188746,0.13216563179715138
25861,GOF,0.1215160767555578,0.7767251793782629,0.10175874386617932
25862,GOF,0.019541361902669783,0.8427888847773501,0.1376697533199801
25863,GOF,0.01835231656073899,0.8605651628227847,0.12108252061647647
25864,GOF,0.04306917878383473,0.8766144735952726,0.08031634762089258
25865,GOF,0.03279068744417983,0.8395830363790958,0.12762627617672448
25866,GOF,0.02580741247991798,0.8362063739635205,0.1379862135565614
25867,GOF,0.026219800935019036,0.8645461833628039,0.10923401570217706
25868,GOF,0.051128819723241445,0.796461704361749,0.15240947591500945
25869,GOF,0.31951703571102064,0.5849329128369448,0.09555005145203466
25870,GOF,0.19404956999106587,0.5247374444283954,0.28121298558053864
25871,GOF,0.026849220684247145,0.8404837879413739,0.1326669913743788
25872,GOF,0.017221990679981584,0.7756967762092839,0.2070812331107345
25873,GOF,0.018353415651453663,0.8509726035610194,0.13067398078752676
25874,LOF,0.01677118852724435,0.12302939968845865,0.860199411784297
25875,LOF,0.02478935630450485,0.03360677484659091,0.9416038688489042
25876,LOF,0.014145914858617745,0.03052547545454164,0.9553286096868406
25877,LOF,0.11564757425212929,0.06175772841665802,0.8225946973312127
25878,LOF,0.05554738254492584,0.08037149239706232,0.8640811250580118
25879,LOF,0.022528638829474198,0.06331736664591302,0.9141539945246127
25880,LOF,0.04314428334336495,0.011296625453033195,0.9455590912036018
25881,Neutral,0.5433202299641567,0.04588269227702873,0.41079707775881447
25882,LOF,0.02277195551474367,0.030947644029792824,0.9462804004554635
25883,LOF,0.06936167583602583,0.021645826241178202,0.9089924979227959
25884,LOF,0.010997901390490021,0.039993000595393846,0.949009098014116
25885,LOF,0.1745576062374439,0.006815030893587483,0.8186273628689686
25886,LOF,0.29725268334101107,0.04443382028023589,0.658313496378753
25887,LOF,0.14790862504066718,0.05259711046620913,0.7994942644931237
25888,LOF,0.012381569144506478,0.10580186030575502,0.8818165705497385
25889,LOF,0.013272857003444799,0.029093134986559813,0.9576340080099954
25890,LOF,0.10703963577583192,0.08291735728515355,0.8100430069390144
25891,LOF,0.043175536371238554,0.03463322212938602,0.9221912414993755
25892,LOF,0.010837360032453575,0.04791517354809654,0.9412474664194499
25893,LOF,0.3906867721685591,0.014623956867219193,0.5946892709642216
25894,LOF,0.4257746594237534,0.007254998319894015,0.5669703422563527
25895,LOF,0.33510833111467714,0.01708601501347446,0.6478056538718484
25896,LOF,0.04269732106870279,0.026274883632458043,0.9310277952988392
25897,LOF,0.19334939318273134,0.014471691665309294,0.7921789151519595
25898,LOF,0.2080514253499001,0.039105520695246934,0.7528430539548531
25899,LOF,0.1794197099445225,0.027226466486394332,0.7933538235690831
25900,LOF,0.44793145249135674,0.013275284011101928,0.5387932634975414
25901,LOF,0.04592394526723919,0.012228208968845572,0.9418478457639152
25902,LOF,0.10073388860307439,0.017283974912708496,0.881982136484217
25903,LOF,0.397540476723592,0.03593221949502667,0.5665273037813814
25904,LOF,0.30373952147489625,0.04476954606715607,0.6514909324579478
25905,LOF,0.006674078608486274,0.4077352000250993,0.5855907213664145
25906,LOF,0.008212629854773147,0.12810911865128102,0.863678251493946
25907,LOF,0.004044652826171826,0.3596278185158108,0.6363275286580173
25908,LOF,0.00378374148138643,0.24929255205636866,0.7469237064622449
25909,LOF,0.013133067533019897,0.16298463921198977,0.8238822932549903
25910,LOF,0.016846376023869944,0.1387246951162415,0.8444289288598885
25911,LOF,0.18132120622032377,0.025843438178741726,0.7928353556009347
25912,LOF,0.07816287580222844,0.03935727036286752,0.882479853834904
25913,LOF,0.07546539723089281,0.04576352437772033,0.8787710783913868
25914,LOF,0.0212146446191258,0.05327674184081493,0.9255086135400593
25915,LOF,0.1375355644163185,0.2984246188489758,0.5640398167347057
25916,LOF,0.020050270839221042,0.18107405092616413,0.7988756782346149
25917,LOF,0.055900852219924864,0.03883727826103711,0.9052618695190381
25918,LOF,0.025697510135517014,0.031262902816786266,0.9430395870476966
25919,LOF,0.022098192049417757,0.031580191212156765,0.9463216167384254
25920,LOF,0.10488317788613363,0.21381410791446476,0.6813027141994016
25921,LOF,0.009629565359508489,0.03649568686464479,0.9538747477758467
25922,LOF,0.012270708664757135,0.029438438367376606,0.9582908529678662
25923,LOF,0.47852746279101493,0.03607955244693854,0.48539298476204656
25924,LOF,0.015598555075880193,0.04500736883356693,0.9393940760905529
25925,LOF,0.07689826759223158,0.04266701037550691,0.8804347220322615
25926,LOF,0.05546184259574365,0.03853142030067669,0.9060067371035797
25927,LOF,0.019119707605897825,0.06253993551543523,0.9183403568786669
25928,LOF,0.00749671356124493,0.049739729151604115,0.942763557287151
25929,Neutral,0.6009505182388281,0.03822655601205804,0.360822925749114
25930,LOF,0.06702530478388856,0.03298006602753746,0.8999946291885741
25931,LOF,0.009313740312031122,0.03486516441123297,0.955821095276736
25932,LOF,0.032012810573734514,0.028554965763009983,0.9394322236632556
25933,LOF,0.0409783797290629,0.018823857595743683,0.9401977626751933
25934,LOF,0.026962818190472956,0.01908154570359821,0.9539556361059287
25935,LOF,0.07233497408420646,0.05016993776185254,0.877495088153941
25936,LOF,0.045731590746692266,0.022304927538515113,0.9319634817147927
25937,LOF,0.009197758132425286,0.033159485937571544,0.957642755930003
25938,LOF,0.0687929645939013,0.0564050057713447,0.874802029634754
25939,LOF,0.03882952148617823,0.02244867256019466,0.9387218059536271
25940,LOF,0.008636095155644919,0.3072725153443209,0.6840913895000341
25941,Neutral,0.5274797878345078,0.027568513134879354,0.4449516990306129
25942,LOF,0.004925968022883731,0.043418781859287645,0.9516552501178287
25943,LOF,0.03631235520512317,0.1349344888149418,0.828753155979935
25944,LOF,0.12834941038955955,0.07437299762608132,0.797277591984359
25945,LOF,0.057586198387879095,0.01841310984767808,0.9240006917644429
25946,LOF,0.06606815840613964,0.054027070610310576,0.8799047709835498
25947,LOF,0.46077702025852063,0.06996914840203233,0.469253831339447
25948,LOF,0.3120370863943033,0.008394826388906505,0.6795680872167903
25949,LOF,0.08629823210126727,0.04706153818236447,0.8666402297163681
25950,GOF,0.03891135899134208,0.6003423182871312,0.36074632272152657
25951,LOF,0.013990395777941153,0.43138232057225173,0.5546272836498072
25952,LOF,0.24828080482714357,0.3402707094110272,0.4114484857618293
25953,LOF,0.014677270152207645,0.19191943441285506,0.7934032954349374
25954,GOF,0.05942071390017147,0.4826834885811053,0.45789579751872334
25955,LOF,0.00977244571875343,0.17948283614654656,0.8107447181347
25956,LOF,0.031848591497764436,0.2953317919633275,0.6728196165389082
25957,LOF,0.16396645435877563,0.031934776818335,0.8040987688228894
25958,LOF,0.052029848082463755,0.0298543874210062,0.9181157644965301
25959,LOF,0.014193002086273004,0.47921650301298374,0.5065904949007433
25960,LOF,0.0059167560440859124,0.05665250458293711,0.9374307393729769
25961,LOF,0.04043543388536327,0.028003097034263923,0.9315614690803729
25962,LOF,0.03405372138181703,0.07798915928619911,0.8879571193319838
25963,LOF,0.005233463952922636,0.25179674161416243,0.742969794432915
25964,LOF,0.034201788865105484,0.11287572298104055,0.852922488153854
25965,LOF,0.31908931038842064,0.1375202549346403,0.543390434676939
25966,Neutral,0.5301066957606455,0.12841385028455657,0.3414794539547978
25967,LOF,0.006450495282928054,0.07951019400076366,0.9140393107163082
25968,LOF,0.05207657334133006,0.23440527549450527,0.7135181511641646
25969,LOF,0.1357646778275717,0.06254241019568042,0.801692911976748
25970,LOF,0.016469709017327312,0.1022339459419073,0.8812963450407654
25971,LOF,0.0666062163289458,0.030530779602426485,0.9028630040686277
25972,LOF,0.06577274282097102,0.03764044458949094,0.8965868125895381
25973,LOF,0.05261556187796339,0.011469131255711786,0.9359153068663247
25974,LOF,0.03314490876269326,0.040491650570452335,0.9263634406668543
25975,LOF,0.04403650377945182,0.022862885294053576,0.9331006109264947
25976,LOF,0.09642153855026525,0.012443773081969978,0.8911346883677648
25977,LOF,0.20363793220522694,0.051758349245797,0.7446037185489761
25978,LOF,0.14111309433427,0.1299699573887164,0.7289169482770137
25979,LOF,0.12826774071129068,0.12997110090528385,0.7417611583834255
25980,LOF,0.25591359970015315,0.13808023457113391,0.606006165728713
25981,LOF,0.27942393419746564,0.13689583719055992,0.5836802286119744
25982,LOF,0.4097046571177542,0.10881903548614041,0.4814763073961054
25983,LOF,0.3896767534977669,0.1216253100274534,0.4886979364747797
25984,LOF,0.0438329703791273,0.05989474756657773,0.8962722820542949
25985,LOF,0.40594799405287874,0.10761078403634168,0.4864412219107797
25986,LOF,0.010419437227389495,0.38870442559780216,0.6008761371748083
25987,LOF,0.03301817046818143,0.09679910596469281,0.8701827235671258
25988,LOF,0.16266338461957058,0.08959841705071328,0.7477381983297162
25989,LOF,0.03616595744289528,0.1290399377165619,0.8347941048405427
25990,LOF,0.038069338370490216,0.19438770207784614,0.7675429595516636
25991,LOF,0.018792854211199157,0.3364537330614983,0.6447534127273026
25992,LOF,0.022299949631890907,0.324006798065147,0.6536932523029622
25993,LOF,0.01965869770947017,0.09457681434742946,0.8857644879431004
25994,LOF,0.015382822533831417,0.09109280350329874,0.8935243739628699
25995,LOF,0.01952812008190137,0.18823933884161878,0.7922325410764799
25996,LOF,0.34449329046180033,0.2947821272960262,0.3607245822421735
25997,LOF,0.06964533761302653,0.3333406433281513,0.5970140190588222
25998,LOF,0.29648489372623205,0.04637791591687524,0.6571371903568927
25999,LOF,0.016593037018832264,0.21998565459343317,0.7634213083877346
26000,LOF,0.154244688314406,0.027450429372950547,0.8183048823126434
26001,LOF,0.3074955893655109,0.023677316083829548,0.6688270945506596
26002,LOF,0.07151728078594559,0.04580320583334253,0.8826795133807119
26003,GOF,0.0039636802473093724,0.6115450094449402,0.3844913103077505
26004,GOF,0.006451702797263076,0.7011023130038825,0.29244598419885454
26005,LOF,0.003020974267458892,0.49107159324613303,0.5059074324864081
26006,GOF,0.07230213395758217,0.5775080217301943,0.35018984431222344
26007,GOF,0.00658088816919617,0.574601534028253,0.41881757780255086
26008,GOF,0.00558718964859228,0.6304253196346306,0.3639874907167772
26009,GOF,0.0057789383444263615,0.647313130689211,0.3469079309663626
26010,GOF,0.0068792348940672505,0.6869145960422853,0.30620616906364745
26011,LOF,0.002769845836116362,0.4799285946933756,0.517301559470508
26012,GOF,0.004201885792916495,0.541972995269296,0.4538251189377875
26013,GOF,0.005246133894546822,0.625631845905227,0.3691220202002263
26014,LOF,0.04303599484889194,0.10741092628901447,0.8495530788620935
26015,LOF,0.14907042346840324,0.025163346392021408,0.8257662301395754
26016,LOF,0.2912298011351859,0.0466031366268945,0.6621670622379197
26017,LOF,0.02617820127771953,0.2154951299794718,0.7583266687428086
26018,LOF,0.07240247578598792,0.04696192523454529,0.8806355989794669
26019,LOF,0.06880934266733989,0.03727117135569241,0.8939194859769676
26020,LOF,0.008366114073377973,0.21987098681275352,0.7717628991138685
26021,LOF,0.06613924299210018,0.07633927866362403,0.8575214783442757
26022,LOF,0.02672972587546873,0.027729920849035042,0.9455403532754961
26023,LOF,0.04466672373306843,0.027137348586691614,0.92819592768024
26024,LOF,0.040803968679966066,0.08933562533428961,0.8698604059857443
26025,LOF,0.05728267221090925,0.08355815104783605,0.8591591767412547
26026,LOF,0.1260617298341689,0.06414591184253994,0.8097923583232911
26027,LOF,0.05819485003617334,0.020938380985497083,0.9208667689783295
26028,LOF,0.08288024198782819,0.1165692297576566,0.8005505282545151
26029,LOF,0.026856965302042377,0.20301634638560098,0.7701266883123568
26030,LOF,0.14676833886165105,0.029102135049112212,0.8241295260892367
26031,LOF,0.014110380566131862,0.15465231984041578,0.8312372995934523
26032,LOF,0.08385776311225736,0.06333733347642312,0.8528049034113194
26033,LOF,0.08836175532928883,0.05994307127905918,0.8516951733916519
26034,LOF,0.015603939364713377,0.17338850660202054,0.8110075540332661
26035,LOF,0.012869852930231481,0.13602878442200314,0.8511013626477653
26036,LOF,0.01753195980319506,0.17845162617523663,0.8040164140215683
26037,LOF,0.011235006245406501,0.11741269988924793,0.8713522938653455
26038,LOF,0.07164347918813041,0.05807971682111106,0.8702768039907586
26039,LOF,0.02473959156766814,0.1616430720221884,0.8136173364101433
26040,LOF,0.11299373101115669,0.13984360607741897,0.7471626629114244
26041,LOF,0.01302716720176336,0.10111378509775198,0.8858590477004846
26042,LOF,0.011785065480018713,0.10494904564239167,0.8832658888775896
26043,LOF,0.06833039688960336,0.07649159016132767,0.855178012949069
26044,LOF,0.012983874759273902,0.06436829723105555,0.9226478280096705
26045,LOF,0.050365033951045156,0.1028683094464932,0.8467666566024618
26046,LOF,0.061735355958068235,0.06134429634290172,0.8769203476990299
26047,LOF,0.10375673209339238,0.06336896320423765,0.8328743047023699
26048,LOF,0.04483494614818711,0.04279835149737731,0.9123667023544355
26049,Neutral,0.9648882294447593,0.006429463300512665,0.028682307254728024
26050,Neutral,0.9489605575851816,0.008461180568104484,0.042578261846713907
26051,LOF,0.014440910222848465,0.1807524308672384,0.8048066589099131
26052,LOF,0.022649755201446936,0.21904264456925354,0.7583076002292995
26053,LOF,0.022324990435872074,0.14244092936405814,0.8352340802000697
26054,LOF,0.052405359040059434,0.015924573973312695,0.9316700669866279
26055,LOF,0.064355829444092,0.014114795726951694,0.9215293748289564
26056,LOF,0.05335491328156235,0.017046931012943932,0.9295981557054936
26057,LOF,0.03299520757879635,0.011206760214207526,0.9557980322069961
26058,LOF,0.033490048807442524,0.009889328457872678,0.9566206227346847
26059,LOF,0.30301047252038255,0.01712194655989849,0.679867580919719
26060,LOF,0.009461065617255604,0.12301080545816859,0.8675281289245758
26061,LOF,0.004976439354177167,0.012737760104999774,0.982285800540823
26062,LOF,0.004045714230075638,0.016706068961269964,0.9792482168086544
26063,LOF,0.02298307623941603,0.010015313584589632,0.9670016101759943
26064,LOF,0.007286177119913544,0.019062486929041125,0.9736513359510455
26065,LOF,0.02474840761700371,0.011045180216416914,0.9642064121665794
26066,LOF,0.022449503713031716,0.01069325368251621,0.9668572426044519
26067,LOF,0.029887047916325092,0.008622056692843428,0.9614908953908315
26068,LOF,0.04442036818883926,0.025807297611712576,0.9297723341994482
26069,LOF,0.26976949330915984,0.015395407250043657,0.7148350994407965
26070,LOF,0.43165525266362254,0.011888827169174724,0.5564559201672027
26071,LOF,0.021811890518703712,0.010541350670825404,0.9676467588104709
26072,LOF,0.005406974107420852,0.01979969968988837,0.9747933262026909
26073,LOF,0.01938330101213404,0.012918273040498293,0.9676984259473677
26074,Neutral,0.9081498549368414,0.0059194108783756786,0.08593073418478288
26075,LOF,0.04249926538491046,0.014185003772064707,0.9433157308430249
26076,LOF,0.039578974949565394,0.009169921007036202,0.9512511040433984
26077,LOF,0.11254053473073299,0.007566832151787122,0.8798926331174799
26078,LOF,0.0055115157142786204,0.0130331235140049,0.9814553607717165
26079,LOF,0.05558940707323572,0.01510992704673826,0.9293006658800261
26080,LOF,0.053845713659691326,0.0151355049720083,0.9310187813683005
26081,LOF,0.030677158182490085,0.007400861614247922,0.961921980203262
26082,LOF,0.004723206159688401,0.01535025966415818,0.9799265341761534
26083,LOF,0.13739222876583107,0.014813912645431264,0.8477938585887377
26084,LOF,0.036641514780092824,0.012085574797288924,0.9512729104226182
26085,LOF,0.0326508040986915,0.010993246602214507,0.956355949299094
26086,LOF,0.021021965591756224,0.010882165372924075,0.9680958690353197
26087,LOF,0.022650053637037013,0.008751862086765184,0.9685980842761978
26088,LOF,0.005634176833485297,0.0211384027783105,0.9732274203882042
26089,LOF,0.04090955885485065,0.019512095539255155,0.9395783456058941
26090,LOF,0.03984725519727202,0.01608540831295705,0.9440673364897709
26091,LOF,0.03027470814350191,0.00699424262694859,0.9627310492295494
26092,LOF,0.02125341811854666,0.008150917901464301,0.970595663979989
26093,LOF,0.039452272565946175,0.006288576030516921,0.9542591514035368
26094,LOF,0.030409509113316382,0.006681475699044457,0.962909015187639
26095,LOF,0.01477803777845532,0.016826093989119946,0.9683958682324249
26096,LOF,0.16470632195255655,0.0057425707226706375,0.8295511073247727
26097,LOF,0.004755314119266142,0.03592213710062551,0.9593225487801084
26098,LOF,0.06914846820929194,0.013221766855553062,0.9176297649351549
26099,LOF,0.02086064834710329,0.012823217698048566,0.9663161339548482
26100,LOF,0.023432205300995705,0.012457266584582759,0.9641105281144215
26101,LOF,0.048967519345745905,0.018361828726930467,0.9326706519273236
26102,LOF,0.021145751126306955,0.01356655704694915,0.9652876918267439
26103,Neutral,0.8661408125471113,0.018886728606810718,0.114972458846078
26104,LOF,0.06713352691872136,0.020903053791739533,0.9119634192895391
26105,LOF,0.1916402219332108,0.1526712933772973,0.6556884846894919
26106,LOF,0.31952617556856844,0.12223177796707527,0.5582420464643563
26107,LOF,0.020789469099631003,0.11011676325966309,0.8690937676407059
26108,LOF,0.3612394295811641,0.04008580675750414,0.5986747636613318
26109,LOF,0.028323360388444623,0.06465474421194092,0.9070218953996145
26110,LOF,0.20903579267067549,0.006123868010232969,0.7848403393190916
26111,LOF,0.08035959087153514,0.06947766076888882,0.8501627483595761
26112,LOF,0.037015812936271805,0.007081628443995668,0.9559025586197325
26113,LOF,0.06214599255249188,0.014502285415401977,0.923351722032106
26114,LOF,0.07050344109696509,0.012816952256247245,0.9166796066467876
26115,LOF,0.01660700470026506,0.08058629318834976,0.9028067021113853
26116,LOF,0.0838069581492455,0.047596410687649686,0.8685966311631048
26117,LOF,0.4102320503253502,0.039597610924572056,0.5501703387500777
26118,LOF,0.034093719376405804,0.021203506124668765,0.9447027744989255
26119,LOF,0.004708125464391587,0.04082070716825228,0.954471167367356
26120,LOF,0.02362285542251011,0.017409381612993553,0.9589677629644963
26121,LOF,0.004362299312785558,0.14672958569955913,0.8489081149876553
