feature0,prediction,LoGoFunc_Neutral,LoGoFunc_GOF,LoGoFunc_LOF
25546,Neutral,0.7434963775948845,0.03187737090689667,0.22462625149821874
25547,Neutral,0.5898628381884954,0.06392288881123559,0.34621427300026897
25548,Neutral,0.5537472271158973,0.04920717570774451,0.3970455971763581
25549,LOF,0.4603780784362613,0.05042194030418943,0.48919998125954933
25550,LOF,0.33087846829741796,0.1010781556299144,0.5680433760726677
25551,LOF,0.2868878556711009,0.11246541138141523,0.6006467329474838
25552,LOF,0.20513333205775824,0.0995818398431002,0.6952848280991415
25553,Neutral,0.834175000878498,0.0290998602131562,0.13672513890834576
25554,LOF,0.2319467576692773,0.09351385536472054,0.6745393869660021
25555,LOF,0.19311905101658047,0.08057778039217295,0.7263031685912466
25556,LOF,0.36776101676003176,0.07713448491182562,0.5551044983281426
25557,LOF,0.18723569732329876,0.08352711479361866,0.7292371878830826
25558,LOF,0.22102003945143953,0.09566415928917618,0.6833158012593843
25559,LOF,0.39359373603782555,0.15310792319140476,0.45329834077076964
25560,LOF,0.046858061608749495,0.1585958545909678,0.7945460838002826
25561,LOF,0.10329000346601756,0.168847088838965,0.7278629076950174
25562,LOF,0.09940752547784527,0.07212712300911012,0.8284653515130447
25563,LOF,0.09898060382364673,0.09004501494268402,0.8109743812336693
25564,LOF,0.17146057555340938,0.1564320977010735,0.6721073267455172
25565,LOF,0.14451233319937098,0.11500830681508382,0.7404793599855453
25566,GOF,0.01624518570265111,0.7430111446902379,0.24074366960711086
25567,LOF,0.01336763274659223,0.14761513987526256,0.8390172273781452
25568,LOF,0.05456420408681145,0.06982671247195124,0.8756090834412372
25569,LOF,0.0669081671128814,0.07100967400986453,0.8620821588772541
25570,LOF,0.059882683977072325,0.1148585918803695,0.8252587241425583
25571,LOF,0.05602697265700326,0.10401317211525272,0.8399598552277441
25572,LOF,0.07010867738343088,0.13111345543777023,0.7987778671787988
25573,LOF,0.027026831159291213,0.10203428771294078,0.8709388811277681
25574,LOF,0.014552467542124468,0.16773632626268767,0.8177112061951878
25575,LOF,0.04419077168305654,0.12307335116480544,0.832735877152138
25576,LOF,0.019427796862251236,0.12453524980179204,0.8560369533359566
25577,LOF,0.013996541480328438,0.13858331453341044,0.8474201439862611
25578,LOF,0.2391419941935082,0.0942386601847044,0.6666193456217875
25579,LOF,0.23968014652478858,0.09329001810947443,0.6670298353657369
25580,LOF,0.03160025403603773,0.08956513695371689,0.8788346090102453
25581,LOF,0.055126085040279056,0.07178061841887899,0.8730932965408419
25582,LOF,0.05491763142037966,0.07037022490251753,0.8747121436771028
25583,LOF,0.04164295985567156,0.10082260796739446,0.857534432176934
25584,Neutral,0.47107058887940206,0.09614347191171131,0.4327859392088867
25585,LOF,0.032213723399555326,0.10888311139258067,0.8589031652078639
25586,LOF,0.03160160303619399,0.0871272570898959,0.8812711398739101
25587,LOF,0.02988042924354878,0.08081312680330295,0.8893064439531482
25588,LOF,0.030737622178965578,0.09884761753300292,0.8704147602880316
25589,Neutral,0.5954574254540326,0.12619537834478062,0.27834719620118675
25590,LOF,0.028511020431848524,0.13288482857617623,0.8386041509919753
25591,LOF,0.10323904187893132,0.0607266362161571,0.8360343219049114
25592,LOF,0.0821553429004035,0.14437097061958892,0.7734736864800076
25593,LOF,0.019135691682851067,0.2691977954119241,0.7116665129052248
25594,LOF,0.0381649962879055,0.20512338329570046,0.7567116204163941
25595,LOF,0.054272085297078006,0.1767969094262158,0.7689310052767062
25596,LOF,0.061768529474574646,0.08923003083617284,0.8490014396892526
25597,LOF,0.050342655177810794,0.08802860427408174,0.8616287405481075
25598,LOF,0.05263786623794347,0.17349162919078082,0.7738705045712757
25599,GOF,0.009722544147402876,0.75826336136782,0.23201409448477722
25600,GOF,0.013527297480823314,0.536669152678087,0.4498035498410898
25601,LOF,0.007520297020015135,0.47749413826277304,0.5149855647172118
25602,LOF,0.024379530343790694,0.049930296340314706,0.9256901733158946
25603,LOF,0.05630920498287696,0.03814251953033874,0.9055482754867844
25604,LOF,0.052916461158212205,0.04156219762783977,0.9055213412139481
25605,LOF,0.013165056037398367,0.24003849911671257,0.746796444845889
25606,LOF,0.08581414532820669,0.4134472358612147,0.5007386188105786
25607,LOF,0.005313965499527634,0.16485021176286177,0.8298358227376106
25608,LOF,0.06048584683309235,0.05772678027949105,0.8817873728874167
25609,LOF,0.03620167163482362,0.39297277149555115,0.5708255568696252
25610,LOF,0.03936986214218745,0.030499426082827977,0.9301307117749845
25611,LOF,0.0397417052628743,0.02856630714645507,0.9316919875906707
25612,LOF,0.10400053011072628,0.0410122628948567,0.8549872069944171
25613,LOF,0.09089728340153608,0.04061961313211664,0.8684831034663472
25614,LOF,0.0287914124104343,0.041095038137025745,0.93011354945254
25615,LOF,0.04727091069433826,0.03572845173260635,0.9170006375730554
25616,LOF,0.029620758707504167,0.03645569471665617,0.9339235465758396
25617,LOF,0.0288297234900565,0.041542056203035305,0.9296282203069082
25618,LOF,0.17754103773570878,0.03898987295354569,0.7834690893107455
25619,LOF,0.028304249446625403,0.03523088800912809,0.9364648625442464
25620,LOF,0.0311691552966771,0.046431529036794775,0.9223993156665281
25621,LOF,0.028938954770281567,0.03307337044232031,0.9379876747873982
25622,LOF,0.03286499108594381,0.038141446229721945,0.9289935626843342
25623,LOF,0.07157163390012596,0.031219648582064996,0.8972087175178091
25624,LOF,0.026097389863664496,0.04643370407608405,0.9274689060602515
25625,LOF,0.03408609816350947,0.047160805840265996,0.9187530959962246
25626,LOF,0.07338103819856233,0.03253937825659144,0.8940795835448463
25627,Neutral,0.560189560007492,0.13791724328877994,0.3018931967037281
25628,LOF,0.17272036654355755,0.07354981121633393,0.7537298222401085
25629,LOF,0.06895400651787006,0.11184185210256983,0.8192041413795601
25630,LOF,0.15330187472691428,0.11941849450855706,0.7272796307645286
25631,Neutral,0.5732582880923296,0.1031159858687938,0.32362572603887657
25632,LOF,0.0225621177000898,0.07028486161783656,0.9071530206820736
25633,LOF,0.2306904850466466,0.08714377178055743,0.682165743172796
25634,LOF,0.0381229876834864,0.11232754072977787,0.8495494715867358
25635,LOF,0.033090118259192974,0.09719114240525484,0.8697187393355521
25636,GOF,0.005776725902020171,0.5769519969681596,0.4172712771298202
25637,GOF,0.00440269554733406,0.5153034327110454,0.4802938717416205
25638,LOF,0.010186085576314495,0.4295919385368323,0.5602219758868532
25639,LOF,0.00499596012668628,0.4258602091613959,0.5691438307119179
25640,GOF,0.467578158402621,0.4900262065347053,0.04239563506267361
25641,LOF,0.007576596181524008,0.362078469266537,0.6303449345519391
25642,LOF,0.25553632313397484,0.08206693823093245,0.6623967386350929
25643,LOF,0.2805621533476199,0.26993607666400227,0.4495017699883777
25644,GOF,0.018415760197561953,0.5342802300277242,0.4473040097747138
25645,LOF,0.017843545263619653,0.49056668579205953,0.4915897689443207
25646,LOF,0.019154379887858633,0.3081626312637292,0.6726829888484122
25647,LOF,0.017523388737323054,0.2504136837581806,0.7320629275044963
25648,LOF,0.014954491845560173,0.24922519943755742,0.7358203087168823
25649,LOF,0.013936844212483262,0.19857190284158113,0.7874912529459356
25650,GOF,0.03552765316933225,0.5113761054963669,0.45309624133430093
25651,LOF,0.010637059517221461,0.24632452035709165,0.7430384201256869
25652,LOF,0.019365904304739463,0.25720080854251376,0.7234332871527467
25653,LOF,0.08241702683797969,0.3834198840824808,0.5341630890795395
25654,LOF,0.014347793128436951,0.215320922492838,0.770331284378725
25655,LOF,0.10658272622644226,0.3129684765976704,0.5804487971758874
25656,LOF,0.05948071909101709,0.04573122744879483,0.8947880534601881
25657,LOF,0.26714998192884226,0.02127025483698072,0.711579763234177
25658,LOF,0.03661054146604671,0.05625518814581827,0.9071342703881351
25659,LOF,0.2503918838080288,0.043323695095687266,0.7062844210962839
25660,LOF,0.07568205064941724,0.10504415753342235,0.8192737918171604
25661,LOF,0.048714923905983684,0.07214893359718669,0.8791361424968296
25662,LOF,0.02734939703380331,0.04478893553555142,0.9278616674306452
25663,LOF,0.038439214189106216,0.07235552434598896,0.8892052614649049
25664,LOF,0.03658741210872554,0.08816174117330691,0.8752508467179675
25665,LOF,0.04881952236740818,0.05494521866133633,0.8962352589712554
25666,LOF,0.03823024218258379,0.1428101263217056,0.8189596314957106
25667,LOF,0.027348270145387325,0.056541397137489756,0.9161103327171229
25668,LOF,0.03268075590019482,0.06387149340478003,0.9034477506950251
25669,LOF,0.04044972271068964,0.0993826700537859,0.8601676072355244
25670,LOF,0.14333531216755052,0.0724662815078073,0.7841984063246422
25671,LOF,0.0375184337529009,0.0517924451825303,0.9106891210645687
25672,LOF,0.057194860967708344,0.07981720649119181,0.8629879325410998
25673,LOF,0.04245542481878894,0.06377790980747067,0.8937666653737404
25674,LOF,0.03260038426629421,0.07246685441986349,0.8949327613138423
25675,LOF,0.040508854718612014,0.05526841946537598,0.9042227258160119
25676,LOF,0.02949199371375139,0.06293603680467594,0.9075719694815727
25677,LOF,0.05817530530549582,0.06641008086975106,0.8754146138247532
25678,LOF,0.230755622023143,0.04958401768795053,0.7196603602889065
25679,LOF,0.15495384293741418,0.0683326546254681,0.7767135024371178
25680,LOF,0.06216550682676257,0.09519527943298628,0.8426392137402512
25681,LOF,0.11393439121564591,0.08582337577054759,0.8002422330138066
25682,LOF,0.03930380589515448,0.07784806362378231,0.8828481304810633
25683,LOF,0.07164159253922621,0.09960663305203504,0.8287517744087387
25684,LOF,0.04709043626357493,0.07806027288262299,0.874849290853802
25685,LOF,0.11731634994673928,0.0337866446998042,0.8488970053534565
25686,LOF,0.03409235959427033,0.0838347620311972,0.8820728783745325
25687,LOF,0.06080489962595932,0.07504596420399831,0.8641491361700424
25688,LOF,0.02376673022590782,0.1287199544857061,0.847513315288386
25689,LOF,0.01988695549893652,0.080546902038642,0.8995661424624214
25690,LOF,0.020296534617266288,0.11586785087691011,0.8638356145058237
25691,LOF,0.1804163003331218,0.17268496040833503,0.6468987392585432
25692,LOF,0.2412464873209405,0.019254716281543426,0.739498796397516
25693,LOF,0.05183493625830873,0.16348012583855873,0.7846849379031325
25694,LOF,0.2598388686305188,0.01126456559289367,0.7288965657765876
25695,LOF,0.1694852762079587,0.016165256576592242,0.8143494672154491
25696,LOF,0.15150760811522024,0.009122594946295064,0.8393697969384847
25697,LOF,0.1333190254791755,0.026997956995779965,0.8396830175250446
25698,LOF,0.03089400021349105,0.3229640779435222,0.6461419218429867
25699,LOF,0.06981145585257013,0.0862228519949503,0.8439656921524796
25700,LOF,0.029853078089379023,0.01617331330895765,0.9539736086016632
25701,LOF,0.012159687460979212,0.0877633676568495,0.9000769448821714
25702,GOF,0.022193780475364775,0.7212228897598529,0.2565833297647822
25703,LOF,0.017228330606154175,0.1905813499420234,0.7921903194518225
25704,LOF,0.08703878738595694,0.1732799819036731,0.73968123071037
25705,LOF,0.0660304476584267,0.2716691330131584,0.6623004193284149
25706,GOF,0.030203529533511093,0.5817111231735613,0.38808534729292765
25707,GOF,0.025323603459019906,0.6104866989609441,0.364189697580036
25708,GOF,0.006194384052598224,0.589523028211553,0.4042825877358487
25709,LOF,0.018204380617984656,0.09896861145395018,0.8828270079280651
25710,LOF,0.006115281279767695,0.2072748421032012,0.7866098766170312
25711,LOF,0.020949128545487163,0.15094050031429845,0.8281103711402144
25712,LOF,0.007274040012898405,0.25569564911612863,0.7370303108709728
25713,LOF,0.019461625359014845,0.14033288395798016,0.840205490683005
25714,LOF,0.020742950835975965,0.19150453498774056,0.7877525141762834
25715,LOF,0.019263045109101016,0.17502347045685318,0.8057134844340457
25716,LOF,0.011191303673826408,0.1465982770928562,0.8422104192333174
25717,LOF,0.005073375621443809,0.1452900377647508,0.8496365866138054
25718,LOF,0.01907058145481741,0.11132709637756072,0.8696023221676218
25719,LOF,0.03605528579945963,0.11891209161092049,0.84503262258962
25720,LOF,0.027478291352359133,0.12024832998450954,0.8522733786631312
25721,LOF,0.0224978895834276,0.13406438961990308,0.8434377207966692
25722,LOF,0.015802256314646806,0.17853097037824217,0.8056667733071111
25723,LOF,0.022320257771361755,0.1079927872761373,0.869686954952501
25724,LOF,0.023639706478321816,0.19942153057268788,0.7769387629489903
25725,LOF,0.02061293094161937,0.10494768502801696,0.8744393840303637
25726,LOF,0.015571094875893718,0.14535366512860293,0.8390752399955034
25727,LOF,0.022099762819492906,0.1257758853212226,0.8521243518592845
25728,LOF,0.02040157663999969,0.14099143122303465,0.8386069921369657
25729,LOF,0.019535120844169168,0.15273612160910502,0.8277287575467257
25730,LOF,0.022085982110534853,0.11296474094673105,0.864949276942734
25731,LOF,0.00854846317198547,0.20113557406522267,0.7903159627627918
25732,LOF,0.018053528361257013,0.1332425795034139,0.848703892135329
25733,LOF,0.0268075926222041,0.129881202335298,0.8433112050424978
25734,LOF,0.006677739813144251,0.24709326598187634,0.7462289942049793
25735,LOF,0.020006016198437407,0.10394242936471526,0.8760515544368472
25736,LOF,0.018426881097685616,0.1660512551604717,0.8155218637418427
25737,LOF,0.03900143964037194,0.14388704990950074,0.8171115104501273
25738,LOF,0.01994080140368951,0.19314443637417086,0.7869147622221396
25739,LOF,0.022620609639933485,0.16639635291023092,0.8109830374498357
25740,LOF,0.05198975767608276,0.18903855356009241,0.7589716887638248
25741,LOF,0.025906547041219148,0.15475562214514332,0.8193378308136376
25742,LOF,0.04481091681076487,0.1613171367066077,0.7938719464826274
25743,LOF,0.010502968922773973,0.029243879925107352,0.9602531511521187
25744,LOF,0.1701713076264837,0.30055302979229803,0.5292756625812184
25745,LOF,0.029759890533722765,0.11230313033579369,0.8579369791304835
25746,LOF,0.013500414320908856,0.1630546034873497,0.8234449821917413
25747,LOF,0.03404523880801605,0.031325210672277136,0.9346295505197068
25748,LOF,0.271987968858714,0.05921625141280219,0.6687957797284838
25749,LOF,0.012007434052134551,0.0910711247260535,0.8969214412218118
25750,LOF,0.018553568617923545,0.0943056150773459,0.8871408163047306
25751,LOF,0.04981416911392764,0.052900022648579785,0.8972858082374926
25752,GOF,0.07672862117632906,0.7390856347971936,0.18418574402647736
25753,LOF,0.006597340632360233,0.38095572809871064,0.6124469312689291
25754,GOF,0.007094996827587231,0.8667806237195667,0.12612437945284607
25755,LOF,0.006683165201283017,0.4476869143158226,0.5456299204828944
25756,LOF,0.02842073456123653,0.44141856803123175,0.5301606974075318
25757,GOF,0.006368075670438599,0.8651183597424311,0.12851356458713034
25758,GOF,0.008379276290299236,0.8840427634029245,0.1075779603067762
25759,GOF,0.005469212367659515,0.6243341113777958,0.3701966762545446
25760,LOF,0.005513936670759925,0.3014166308820431,0.693069432447197
25761,GOF,0.05317662599347957,0.8593271475694197,0.0874962264371008
25762,LOF,0.027925519126567988,0.3673882287131378,0.6046862521602941
25763,LOF,0.006355979967120215,0.2742541466802247,0.7193898733526551
25764,GOF,0.0708768112104547,0.6602514113690255,0.2688717774205198
25765,GOF,0.008532763480991584,0.860864368286054,0.1306028682329547
25766,GOF,0.033899250283308556,0.8546884454312398,0.11141230428545165
25767,GOF,0.013403772945019928,0.5411784266660677,0.4454178003889122
25768,LOF,0.04145250213746942,0.06688943703035288,0.8916580608321777
25769,LOF,0.02724706171282863,0.07510439721340702,0.8976485410737642
25770,LOF,0.1609605756300524,0.05362886588113771,0.78541055848881
25771,LOF,0.014746714352307842,0.051718945884697734,0.9335343397629945
25772,LOF,0.025879992331501595,0.026830507867401654,0.9472894998010968
25773,LOF,0.02073290144280752,0.05300977746515968,0.9262573210920327
25774,LOF,0.03128304334923632,0.09241080806673023,0.8763061485840333
25775,LOF,0.02364518482240027,0.03683488460606012,0.9395199305715396
25776,LOF,0.02772023339950259,0.023557504861889428,0.9487222617386081
25777,LOF,0.17494517033665732,0.060555672654385974,0.7644991570089567
25778,LOF,0.02078968303781904,0.05843006929210446,0.9207802476700765
25779,GOF,0.031286686056639375,0.9034213453846704,0.06529196855869003
25780,GOF,0.06100222291083922,0.889651287993191,0.04934648909596974
25781,GOF,0.029498094328224377,0.8757882010046744,0.09471370466710123
25782,GOF,0.02457048884419863,0.909643542697233,0.06578596845856839
25783,GOF,0.026408509196171572,0.9272339933037702,0.046357497500058104
25784,GOF,0.06897811910941729,0.8865372167657382,0.04448466412484452
25785,GOF,0.07594775875363022,0.8888660082224199,0.0351862330239498
25786,GOF,0.008402847459064043,0.8812998985425956,0.1102972539983404
25787,GOF,0.16752002808500047,0.7890395495190009,0.043440422395998754
25788,LOF,0.01428435873563343,0.22368410897118854,0.7620315322931781
25789,GOF,0.014703540285561053,0.8643928978591832,0.12090356185525576
25790,GOF,0.01725170224881398,0.8985685915597009,0.08417970619148521
25791,GOF,0.020170112326555138,0.8179242452110311,0.16190564246241365
25792,GOF,0.023759428586138727,0.8495501254304156,0.1266904459834457
25793,GOF,0.06427342599081665,0.8611155867450044,0.07461098726417885
25794,GOF,0.05214864053778805,0.8147370292573015,0.13311433020491037
25795,GOF,0.04433883062060114,0.7728309453812666,0.18283022399813234
25796,GOF,0.07593879026931631,0.8464994579860592,0.07756175174462468
25797,GOF,0.06982349238938841,0.7974222710362608,0.13275423657435068
25798,GOF,0.005071909743555031,0.8010743123361428,0.1938537779203022
25799,GOF,0.004120112915340791,0.7485888202649725,0.24729106681968674
25800,GOF,0.024358953386629995,0.8546736131062281,0.12096743350714201
25801,GOF,0.016229310535776368,0.9133448234920037,0.07042586597221989
25802,GOF,0.025633137734643714,0.841533874813469,0.13283298745188735
25803,GOF,0.017596364136403395,0.7409619137190623,0.2414417221445343
25804,GOF,0.02672590139346017,0.8011180437652861,0.17215605484125393
25805,GOF,0.022494618464228316,0.8191236481881619,0.15838173334761
25806,GOF,0.021788834319363116,0.8204796245382957,0.1577315411423413
25807,GOF,0.008008749776313204,0.7864017730443863,0.20558947717930043
25808,GOF,0.01491288217233995,0.7978545134322552,0.1872326043954047
25809,GOF,0.010105767831599253,0.7798115643989801,0.21008266776942067
25810,GOF,0.008468328810206744,0.7681625607412044,0.223369110448589
25811,GOF,0.041400489533249346,0.8953736986746391,0.06322581179211136
25812,GOF,0.027290271942407473,0.8288400242722154,0.14386970378537725
25813,GOF,0.1020855184632938,0.8353291656411528,0.06258531589555336
25814,GOF,0.027764993685632476,0.8386826731011237,0.13355233321324383
25815,GOF,0.0621562076742432,0.8558972488839096,0.08194654344184724
25816,GOF,0.00927519004473725,0.8885532993073606,0.10217151064790216
25817,GOF,0.09353840337292935,0.8275435395856894,0.07891805704138123
25818,GOF,0.024252779403947173,0.8296793529711458,0.1460678676249071
25819,GOF,0.048723281562644265,0.7795026244525392,0.17177409398481658
25820,GOF,0.029510021284140722,0.7485898497805147,0.22190012893534455
25821,GOF,0.020939089071093615,0.7734955112671382,0.20556539966176832
25822,GOF,0.03963432512511195,0.7918551532590178,0.16851052161587027
25823,GOF,0.024636438046459222,0.7663619156286545,0.20900164632488627
25824,GOF,0.024521409446286925,0.8137453120779999,0.16173327847571312
25825,GOF,0.020797286358858684,0.8067713955349121,0.17243131810622928
25826,GOF,0.008031295293499812,0.7689115966121113,0.22305710809438886
25827,GOF,0.011940200780669536,0.7173951658347079,0.2706646333846226
25828,GOF,0.009978344752066515,0.7611495719299501,0.22887208331798348
25829,GOF,0.004295357390513294,0.7077846181319724,0.28792002447751425
25830,GOF,0.03292723651546538,0.5219143348443044,0.4451584286402303
25831,GOF,0.05453376643165307,0.8223295200721741,0.12313671349617283
25832,GOF,0.008688584156334186,0.7950036932787307,0.1963077225649351
25833,GOF,0.031789217250744205,0.8458164015821893,0.1223943811670664
25834,GOF,0.0099084002483528,0.8089647605328534,0.18112683921879366
25835,GOF,0.022802140139889064,0.8626728930405869,0.11452496681952413
25836,GOF,0.006244902446463178,0.8067957274496437,0.186959370103893
25837,GOF,0.007786768182072449,0.818030928628495,0.1741823031894326
25838,GOF,0.01972698317740291,0.8651419013381132,0.11513111548448403
25839,GOF,0.04299733330907279,0.839153347603445,0.11784931908748211
25840,GOF,0.07157732810648659,0.8373354720667354,0.09108719982677796
25841,GOF,0.07507539434566872,0.8524383896597492,0.07248621599458206
25842,GOF,0.02586078117349436,0.9018043576272564,0.07233486119924935
25843,GOF,0.022417128982857568,0.9045733449516405,0.07300952606550197
25844,GOF,0.016702574809377764,0.8691063286954116,0.11419109649521042
25845,GOF,0.00603878613718752,0.79325817662288,0.2007030372399325
25846,GOF,0.06724683253501265,0.8457284063620403,0.08702476110294723
25847,GOF,0.013800506745917705,0.9003241115942416,0.08587538165984071
25848,GOF,0.021282311314779388,0.865935808715793,0.1127818799694277
25849,GOF,0.007077739526642185,0.8554583217510277,0.13746393872233006
25850,GOF,0.005890445810312393,0.7776050870874384,0.21650446710224924
25851,GOF,0.005486797505790224,0.7357278849958864,0.25878531749832334
25852,GOF,0.14613011507713486,0.6248938571847775,0.22897602773808765
25853,GOF,0.0665425872357104,0.832196763589674,0.10126064917461566
25854,GOF,0.005728837614351547,0.7611646868288083,0.2331064755568401
25855,GOF,0.025410860484560087,0.7608088701051327,0.21378026941030726
25856,GOF,0.04392521897363558,0.8200924285278243,0.13598235249854013
25857,GOF,0.024921599658309295,0.7567152949058766,0.21836310543581403
25858,GOF,0.009632225802024209,0.7741977075132473,0.2161700666847284
25859,GOF,0.007215872210707897,0.7644535294806563,0.22833059830863586
25860,GOF,0.0737326606732209,0.8220181881037198,0.10424915122305929
25861,GOF,0.08261699626758269,0.824351432183072,0.09303157154934523
25862,GOF,0.020978439233673315,0.9009351441112992,0.0780864166550274
25863,GOF,0.024375318968841434,0.8915170394343399,0.08410764159681867
25864,GOF,0.06695150288767021,0.8856107843745381,0.0474377127377917
25865,GOF,0.04502296038307036,0.8770670045577198,0.07791003505920968
25866,GOF,0.026552205753209074,0.8957968778813379,0.07765091636545299
25867,GOF,0.04195123177315909,0.8877228298331228,0.07032593839371819
25868,GOF,0.05886739691339172,0.8563457912011885,0.08478681188541984
25869,GOF,0.33016751915192444,0.5981433299825613,0.07168915086551428
25870,GOF,0.05425079980254299,0.613762625285974,0.331986574911483
25871,GOF,0.009182710110082017,0.8823904284500291,0.10842686143988901
25872,GOF,0.01959461946256392,0.8779966306043054,0.10240874993313055
25873,GOF,0.01994193137742829,0.9012457250397634,0.07881234358280839
25874,LOF,0.014703617330264799,0.25065994198547276,0.7346364406842625
25875,LOF,0.03475511358463167,0.054573062785875606,0.9106718236294927
25876,LOF,0.018775121470742787,0.03519532638539545,0.9460295521438618
25877,LOF,0.11957820350043408,0.08064000443605117,0.7997817920635147
25878,LOF,0.09412577688232633,0.13475434882015258,0.771119874297521
25879,LOF,0.017381148353168556,0.09262289968843283,0.8899959519583985
25880,LOF,0.06320015443773726,0.01640518148012502,0.9203946640821378
25881,Neutral,0.4933430863567577,0.08244056239396412,0.42421635124927826
25882,LOF,0.05905921570542633,0.028799235722888956,0.9121415485716846
25883,LOF,0.025797236149606512,0.033415225810931974,0.9407875380394615
25884,LOF,0.015571203357565597,0.05830232543477618,0.9261264712076582
25885,LOF,0.1726490322936524,0.01429090501383677,0.8130600626925109
25886,LOF,0.270199435447067,0.06646015978448977,0.6633404047684432
25887,LOF,0.125754680741411,0.09987660931734293,0.7743687099412462
25888,LOF,0.007976635551124775,0.13101342066872265,0.8610099437801526
25889,LOF,0.021202759235919622,0.0430122850653854,0.935784955698695
25890,LOF,0.18122927631940333,0.07521410617539186,0.7435566175052047
25891,LOF,0.12381541808192006,0.029202343537027966,0.8469822383810519
25892,LOF,0.010415860950727817,0.031614777234825205,0.957969361814447
25893,LOF,0.3703569065180257,0.008863519117959828,0.6207795743640144
25894,LOF,0.4090789696426188,0.0061684335876290046,0.5847525967697521
25895,LOF,0.384040910308828,0.013161876680725874,0.6027972130104461
25896,LOF,0.07141970935828582,0.02804386061002544,0.9005364300316888
25897,LOF,0.15486689294781825,0.009272962807628859,0.8358601442445529
25898,LOF,0.1318352963459831,0.03260191177308289,0.835562791880934
25899,LOF,0.4276078073990237,0.026514218215167876,0.5458779743858083
25900,LOF,0.4848121366165132,0.008440551856302186,0.5067473115271846
25901,LOF,0.06460459279477633,0.011367407429966713,0.924027999775257
25902,LOF,0.18874724815967717,0.01172357133044591,0.799529180509877
25903,LOF,0.3417927635489019,0.025479396008454103,0.632727840442644
25904,Neutral,0.5071431927388198,0.039319223123961675,0.45353758413721845
25905,LOF,0.006429911150333774,0.43059080496720414,0.562979283882462
25906,LOF,0.007977480602336787,0.0805625995755646,0.9114599198220987
25907,LOF,0.006966704388003887,0.27692552842343665,0.7161077671885595
25908,LOF,0.00678261069321166,0.2631983503919189,0.7300190389148695
25909,LOF,0.028358561499826906,0.11151093424465926,0.8601305042555139
25910,LOF,0.012348119795013454,0.14605804962353022,0.8415938305814564
25911,LOF,0.2045588953519141,0.055972500050810996,0.739468604597275
25912,LOF,0.10462799038571724,0.032359684976145865,0.8630123246381369
25913,LOF,0.022914989690483976,0.05476876998660096,0.922316240322915
25914,LOF,0.03619414198635321,0.024382075478248454,0.9394237825353985
25915,LOF,0.1840138223081959,0.1113468605498882,0.7046393171419159
25916,LOF,0.023075664701851017,0.05623119571894782,0.9206931395792012
25917,LOF,0.07318607881293179,0.02337471514041429,0.9034392060466538
25918,LOF,0.039681520140638575,0.01357453094550541,0.9467439489138559
25919,LOF,0.036028017404967756,0.013297169509480206,0.9506748130855521
25920,Neutral,0.34786816657624337,0.3198673352494986,0.33226449817425807
25921,LOF,0.01465565087351259,0.03196069649812905,0.9533836526283584
25922,LOF,0.01738154703101704,0.03317940224717312,0.9494390507218099
25923,LOF,0.42728278865966945,0.03154597290651163,0.541171238433819
25924,LOF,0.025343534697916306,0.04710355238725913,0.9275529129148246
25925,LOF,0.09160732811009217,0.046398594441431636,0.8619940774484762
25926,LOF,0.0740588070390389,0.0415481412328327,0.8843930517281284
25927,LOF,0.021668801031985152,0.07484100781693734,0.9034901911510775
25928,LOF,0.010450253718960335,0.048336562328138065,0.9412131839529015
25929,Neutral,0.5647255820267753,0.029812586625289468,0.40546183134793523
25930,LOF,0.07389002856056698,0.029714068342328967,0.896395903097104
25931,LOF,0.01262535634394506,0.03326863084178926,0.9541060128142658
25932,LOF,0.06114933694931067,0.03008564075380477,0.9087650222968846
25933,LOF,0.059062131160560395,0.019031920848014694,0.9219059479914249
25934,LOF,0.055607759865248955,0.018217170190114713,0.9261750699446364
25935,LOF,0.08438451576485796,0.05449934442193076,0.8611161398132112
25936,LOF,0.09928374298956323,0.019216415449316765,0.88149984156112
25937,LOF,0.021541007270322984,0.02703943839470382,0.9514195543349732
25938,LOF,0.08640292173900073,0.050362962378732924,0.8632341158822663
25939,LOF,0.04857212278184148,0.026384507593831128,0.9250433696243273
25940,LOF,0.008792702039040257,0.47605166435805035,0.5151556336029094
25941,LOF,0.46019699066839953,0.048780642877466945,0.49102236645413366
25942,LOF,0.01071526985752236,0.054761609879917475,0.9345231202625601
25943,LOF,0.043962822706981076,0.1706554777939708,0.785381699499048
25944,LOF,0.0418108075269468,0.06928673900500096,0.8889024534680522
25945,LOF,0.11870863117780393,0.034089434678149205,0.8472019341440469
25946,LOF,0.06822035396790477,0.03830017930692107,0.8934794667251741
25947,Neutral,0.5305999588120874,0.07050181820750208,0.39889822298041056
25948,LOF,0.4060937678858638,0.01627459221108268,0.5776316399030536
25949,LOF,0.17264727292636184,0.06881653421506252,0.7585361928585757
25950,GOF,0.09874676760363009,0.5528736880421712,0.34837954435419866
25951,LOF,0.014560982561427054,0.43505816080733767,0.5503808566312353
25952,LOF,0.23693395204295029,0.2332221523022383,0.5298438956548115
25953,LOF,0.008906160843063763,0.2674625841699908,0.7236312549869455
25954,LOF,0.0790424112840673,0.39601481805385513,0.5249427706620776
25955,LOF,0.008810018253953491,0.2386400616509367,0.7525499200951098
25956,LOF,0.01561322616092495,0.32761758965367627,0.6567691841853989
25957,LOF,0.1581778156131354,0.034236598289374844,0.8075855860974898
25958,LOF,0.02892435379228457,0.060954875954181975,0.9101207702535334
25959,GOF,0.0064153857983103345,0.7538077482549312,0.23977686594675843
25960,LOF,0.00489973650807083,0.10571670491194331,0.8893835585799859
25961,LOF,0.027468042111982966,0.04856118790010587,0.9239707699879111
25962,LOF,0.04749099548471972,0.07681567828818109,0.8756933262270992
25963,LOF,0.0071525833370621955,0.15710332978781671,0.8357440868751211
25964,LOF,0.02741400597556322,0.14979860575505746,0.8227873882693792
25965,LOF,0.26271762963895867,0.1588589960468366,0.5784233743142048
25966,LOF,0.3512111191042241,0.08881998513471796,0.5599688957610579
25967,LOF,0.007876063581187753,0.06983131875707918,0.9222926176617331
25968,LOF,0.04279835062680264,0.23677416786558786,0.7204274815076095
25969,LOF,0.18315489958775766,0.04766212243320584,0.7691829779790366
25970,LOF,0.07236180449751799,0.06216472586237189,0.8654734696401102
25971,LOF,0.08302954444542332,0.02785856887949423,0.8891118866750826
25972,LOF,0.07976018470692675,0.057797204053228246,0.8624426112398449
25973,LOF,0.06656449565103643,0.010243480588458918,0.9231920237605046
25974,LOF,0.04241329492511652,0.038408499522446814,0.9191782055524367
25975,LOF,0.04016156056788567,0.019781085337363873,0.9400573540947506
25976,LOF,0.08498484567292709,0.012021376112159267,0.9029937782149137
25977,LOF,0.25786202149927134,0.054011617681970846,0.6881263608187579
25978,LOF,0.156646823397919,0.1458342566605568,0.6975189199415242
25979,LOF,0.13093444811860236,0.16838444160837307,0.7006811102730246
25980,LOF,0.20148469174414196,0.2238903464344342,0.5746249618214239
25981,LOF,0.20291655861034083,0.22570037241508445,0.5713830689745747
25982,LOF,0.4109765726785124,0.11654507117361888,0.47247835614786865
25983,LOF,0.40211114602870945,0.14034687103128174,0.4575419829400088
25984,LOF,0.047721676259716225,0.09152268717449895,0.8607556365657848
25985,Neutral,0.5014060543916983,0.10872564875012976,0.3898682968581719
25986,LOF,0.012244536033831301,0.45573213595870377,0.5320233280074649
25987,LOF,0.03988373288788432,0.09598000297276646,0.8641362641393492
25988,LOF,0.04651407641459118,0.15432047788002437,0.7991654457053845
25989,LOF,0.05622185030120505,0.20099974526238296,0.742778404436412
25990,LOF,0.04773041837706778,0.29732336677130045,0.6549462148516318
25991,LOF,0.0285636224931419,0.4083907999741345,0.5630455775327236
25992,LOF,0.018651098580033332,0.3592751331487406,0.6220737682712261
25993,LOF,0.031165849076160136,0.04852518025162046,0.9203089706722193
25994,LOF,0.026410309984687,0.05533111218424366,0.9182585778310695
25995,LOF,0.022811668887055738,0.09293554941764379,0.8842527816953005
25996,Neutral,0.3749835778150099,0.34054677772089065,0.28446964446409945
25997,LOF,0.06352628856379254,0.41102057008990595,0.5254531413463015
25998,LOF,0.2702634814862626,0.038535041146579886,0.6912014773671574
25999,LOF,0.04135157125237332,0.099576671836193,0.8590717569114337
26000,LOF,0.15020651759276363,0.013090176018658639,0.8367033063885778
26001,LOF,0.24343067398526588,0.018505878171581554,0.7380634478431526
26002,LOF,0.13070021984869015,0.02388135732812895,0.8454184228231809
26003,GOF,0.006498721300453441,0.5827012788575641,0.41079999984198245
26004,GOF,0.01312544340577409,0.5715548400197397,0.41531971657448624
26005,LOF,0.004850708686071608,0.44819490126816763,0.5469543900457607
26006,GOF,0.0864444947462528,0.47383777668489424,0.43971772856885294
26007,LOF,0.009437939009342268,0.45892904674011786,0.5316330142505399
26008,GOF,0.005459422188509639,0.5537130788525094,0.440827498958981
26009,GOF,0.01001220541833127,0.5971609766161754,0.3928268179654933
26010,GOF,0.007937461140331076,0.5140389398542119,0.47802359900545704
26011,LOF,0.003991278810844307,0.3951837507505562,0.6008249704385994
26012,GOF,0.004662043530361175,0.5312779899931886,0.4640599664764502
26013,GOF,0.009426547427273514,0.5326157870803344,0.45795766549239214
26014,LOF,0.06498602848178235,0.09359805903622434,0.8414159124819932
26015,LOF,0.34109835603212024,0.051547682690918646,0.6073539612769611
26016,LOF,0.2575147572127691,0.06757415628551737,0.6749110865017135
26017,LOF,0.011044331815526698,0.23749859551866048,0.7514570726658129
26018,LOF,0.023136660911088784,0.11543287942121405,0.8614304596676972
26019,LOF,0.022649810791088364,0.10205985419935386,0.8752903350095578
26020,LOF,0.00713941887824874,0.22233279306108764,0.7705277880606636
26021,LOF,0.06634756245750215,0.10715663729510146,0.8264958002473963
26022,LOF,0.03533682245909531,0.050811300893360285,0.9138518766475444
26023,LOF,0.017983942475590407,0.07691338263106548,0.9051026748933441
26024,LOF,0.04804470144528052,0.08847554053097713,0.8634797580237423
26025,LOF,0.11115045820520103,0.10835977109263428,0.7804897707021646
26026,LOF,0.10211625258001165,0.07654783098174398,0.8213359164382443
26027,LOF,0.023464959635837956,0.04942559002817242,0.9271094503359897
26028,LOF,0.08021447446195483,0.17941786267181203,0.7403676628662332
26029,LOF,0.02231454265542037,0.1431976929272294,0.8344877644173503
26030,LOF,0.12325054264063351,0.021369753964514317,0.8553797033948521
26031,LOF,0.010477564846860826,0.12640127662693454,0.8631211585262046
26032,LOF,0.03815606048745036,0.03487841455801148,0.9269655249545381
26033,LOF,0.03966396010885224,0.03516315962530814,0.9251728802658395
26034,LOF,0.01516405152880628,0.10136390234469718,0.8834720461264967
26035,LOF,0.010958348021835065,0.09337108811403894,0.895670563864126
26036,LOF,0.010515537520083947,0.0798908204487339,0.9095936420311821
26037,LOF,0.010600004392626258,0.08648400950424369,0.9029159861031301
26038,LOF,0.03189923933083165,0.032553350173259395,0.935547410495909
26039,LOF,0.03280110112925348,0.11180291103898073,0.8553959878317657
26040,LOF,0.08375160098704858,0.10208956423678686,0.8141588347761645
26041,LOF,0.013167841332139822,0.08343034662726807,0.9034018120405921
26042,LOF,0.011976986915487228,0.08673568315147867,0.9012873299330341
26043,LOF,0.032365359218933666,0.04922065082026084,0.9184139899608055
26044,LOF,0.008933132291172957,0.036791689089799164,0.9542751786190279
26045,LOF,0.07764852119770349,0.11233550546620177,0.8100159733360948
26046,LOF,0.02851377877607888,0.037498788715863665,0.9339874325080575
26047,LOF,0.056754215552888,0.03695943784733689,0.9062863465997751
26048,LOF,0.08579839902957886,0.01695136149291861,0.8972502394775026
26049,Neutral,0.936584939249902,0.0061319487516037115,0.057283111998494333
26050,Neutral,0.8997423597151624,0.006412878699095063,0.09384476158574254
26051,LOF,0.028488271531278156,0.06704255292024365,0.9044691755484782
26052,LOF,0.03185644092846318,0.05771917775540933,0.9104243813161275
26053,LOF,0.0201950161476464,0.1478394376926001,0.8319655461597535
26054,LOF,0.051056100713447086,0.039650472637690344,0.9092934266488626
26055,LOF,0.07353857357048184,0.03649162617441644,0.8899698002551018
26056,LOF,0.0625893119732048,0.04717039079119853,0.8902402972355967
26057,LOF,0.05157121382729874,0.021509218983832668,0.9269195671888686
26058,LOF,0.05613207108221336,0.01663046145528535,0.9272374674625014
26059,LOF,0.22069603364651194,0.04537076572648185,0.7339332006270062
26060,LOF,0.018591825092869323,0.1523376725544659,0.8290705023526647
26061,LOF,0.011818722806299913,0.011689200540036868,0.9764920766536633
26062,LOF,0.00618850708732679,0.018535075849752957,0.9752764170629202
26063,LOF,0.03675458145059393,0.016167395837398558,0.9470780227120076
26064,LOF,0.012711730292393785,0.022624816960461324,0.9646634527471448
26065,LOF,0.04743367068458797,0.022251380651524932,0.9303149486638871
26066,LOF,0.03486073408891332,0.014885029484980872,0.9502542364261058
26067,LOF,0.038863626382184165,0.015534549828447184,0.9456018237893685
26068,LOF,0.049170391099893976,0.049552449808569064,0.901277159091537
26069,LOF,0.24218604462928622,0.03282451374962257,0.7249894416210912
26070,LOF,0.46156070497977086,0.023908960307158292,0.5145303347130709
26071,LOF,0.041448082948571004,0.018820858112561168,0.9397310589388679
26072,LOF,0.007419435659866589,0.02151715154401546,0.971063412796118
26073,LOF,0.03324938847987599,0.019146668553745957,0.9476039429663781
26074,Neutral,0.8341599401749126,0.013300067414077412,0.15253999241101002
26075,LOF,0.05089976408815062,0.028341535340888072,0.9207587005709613
26076,LOF,0.0458865284032096,0.017141110953187173,0.9369723606436032
26077,LOF,0.15112680490458674,0.008722296906645678,0.8401508981887675
26078,LOF,0.007052685700553162,0.019378152910743716,0.9735691613887031
26079,LOF,0.05906874933423785,0.02725388639647915,0.9136773642692829
26080,LOF,0.05840442360625062,0.0273508195999551,0.9142447567937942
26081,LOF,0.030914144133360768,0.013817737699606703,0.9552681181670326
26082,LOF,0.005810290751868449,0.02218960482411065,0.9720001044240208
26083,LOF,0.09891458417724518,0.03199303184868447,0.8690923839740704
26084,LOF,0.0937510425879857,0.026928440980979164,0.8793205164310351
26085,LOF,0.08401219399100911,0.02257290991451477,0.8934148960944761
26086,LOF,0.035249245383737485,0.019161650023027544,0.9455891045932349
26087,LOF,0.033308348624277256,0.015321864843161304,0.9513697865325614
26088,LOF,0.007445374024593095,0.02968327185499451,0.9628713541204124
26089,LOF,0.04215138083747977,0.04632651198349331,0.9115221071790269
26090,LOF,0.04232688431983076,0.03657369427350743,0.9210994214066618
26091,LOF,0.024273894716041494,0.012111647408743771,0.9636144578752147
26092,LOF,0.04174259975522507,0.013266792900660091,0.9449906073441148
26093,LOF,0.07526025822764819,0.008551223561702665,0.9161885182106491
26094,LOF,0.02925911506346069,0.011622353874090151,0.9591185310624493
26095,LOF,0.01981127609342222,0.02171420483396289,0.9584745190726149
26096,LOF,0.20389624368976952,0.006364514393559733,0.7897392419166709
26097,LOF,0.007023671188647871,0.046707724614703856,0.9462686041966484
26098,LOF,0.10966528410541122,0.023008377724321603,0.8673263381702673
26099,LOF,0.033252473647490205,0.029648197054445748,0.9370993292980639
26100,LOF,0.033252473647490205,0.029648197054445748,0.9370993292980639
26101,LOF,0.055575449433464305,0.050802977495523365,0.8936215730710124
26102,LOF,0.028873415742979153,0.02459293767417126,0.9465336465828494
26103,Neutral,0.8845946517335457,0.03464409964768595,0.08076124861876832
26104,LOF,0.05620978302055518,0.052377819430698025,0.8914123975487468
26105,LOF,0.25524935041091135,0.11792692700452513,0.6268237225845635
26106,LOF,0.31478206360998523,0.07040651616618177,0.6148114202238331
26107,LOF,0.02035329045333584,0.07507808830362994,0.9045686212430343
26108,LOF,0.26586704254715793,0.03850017452086404,0.6956327829319779
26109,LOF,0.07925331711467906,0.03564897182132608,0.8850977110639948
26110,LOF,0.3936329765038132,0.01338350846746432,0.5929835150287226
26111,LOF,0.052694074794125384,0.1315362150373502,0.8157697101685245
26112,LOF,0.04711718203911756,0.013519552904918427,0.939363265055964
26113,LOF,0.11261266042948663,0.03461360358841844,0.852773735982095
26114,LOF,0.09080206390492772,0.007793543199824778,0.9014043928952475
26115,LOF,0.016117495690753394,0.05773914303390648,0.9261433612753401
26116,LOF,0.07707705701257568,0.024500032563529034,0.8984229104238953
26117,LOF,0.3433573460144009,0.05510752705901284,0.6015351269265863
26118,LOF,0.05056692618871155,0.023688841690694542,0.9257442321205939
26119,LOF,0.005819448053755481,0.10474180171273531,0.8894387502335093
26120,LOF,0.03564840318163377,0.021707173621642945,0.9426444231967234
26121,LOF,0.0035102732187478293,0.15609798235620523,0.8403917444250469
