feature0,prediction,LoGoFunc_Neutral,LoGoFunc_GOF,LoGoFunc_LOF
25546,Neutral,0.754050859446303,0.04596424531503475,0.19998489523866225
25547,Neutral,0.5983741048899348,0.09841002704218905,0.30321586806787604
25548,Neutral,0.6264394099440885,0.0713871539041367,0.3021734361517748
25549,Neutral,0.547327004238064,0.06907578760416967,0.38359720815776627
25550,LOF,0.35782819388202797,0.14288628145703602,0.49928552466093606
25551,LOF,0.2859654560663769,0.15300239346782749,0.5610321504657956
25552,LOF,0.2075275765362901,0.14393869910262935,0.6485337243610806
25553,Neutral,0.8548021326114825,0.030471733462063895,0.11472613392645356
25554,LOF,0.2469610958090647,0.13211964136464588,0.6209192628262895
25555,LOF,0.2039547929563765,0.11527266966375767,0.6807725373798658
25556,Neutral,0.4693299786658607,0.11057685262630453,0.42009316870783475
25557,LOF,0.19654048642109043,0.11937016296831099,0.6840893506105986
25558,LOF,0.2361643689414065,0.13387503904761466,0.6299605920109788
25559,LOF,0.3841917897775333,0.1351219906258758,0.48068621959659086
25560,LOF,0.05928022850966312,0.15247286436877963,0.7882469071215572
25561,LOF,0.13098951134705575,0.1550845108737459,0.7139259777791983
25562,LOF,0.08426385236931325,0.07673333692326659,0.8390028107074202
25563,LOF,0.1035046535069415,0.10223999626613955,0.7942553502269188
25564,LOF,0.2229686409188919,0.15952077487946859,0.6175105842016395
25565,LOF,0.13493639669992338,0.1316714061530055,0.733392197147071
25566,GOF,0.01054619303861285,0.7528567411221908,0.23659706583919643
25567,LOF,0.01711597876063607,0.22963678147673722,0.7532472397626268
25568,LOF,0.050611706930656954,0.09594544083084212,0.8534428522385009
25569,LOF,0.0539552491815205,0.0953598391275647,0.8506849116909148
25570,LOF,0.051193508068527356,0.1397120116068821,0.8090944803245905
25571,LOF,0.044745693892243824,0.13341986560867403,0.8218344404990822
25572,LOF,0.05732050545347095,0.15432063456652223,0.7883588599800069
25573,LOF,0.03318358324180074,0.13314193374431788,0.8336744830138814
25574,LOF,0.018582944174539356,0.1932215247850625,0.7881955310403981
25575,LOF,0.03619155727639105,0.14547956135361154,0.8183288813699974
25576,LOF,0.016252744657884628,0.16685249300192523,0.8168947623401902
25577,LOF,0.01483550053342243,0.14987981869170994,0.8352846807748676
25578,LOF,0.27118136259108166,0.12622922919300822,0.6025894082159102
25579,LOF,0.11396364095956343,0.14735023742120612,0.7386861216192304
25580,LOF,0.026662583967474004,0.11671522413617909,0.8566221918963469
25581,LOF,0.04762795646208212,0.09796086737259406,0.8544111761653239
25582,LOF,0.047676146345582475,0.09539119761742927,0.8569326560369883
25583,LOF,0.031673599208448595,0.13506716807826533,0.8332592327132861
25584,Neutral,0.49091282319636653,0.14275190473672467,0.3663352720669087
25585,LOF,0.020496709129022385,0.184571043677933,0.7949322471930447
25586,LOF,0.02552422917707016,0.10709080152736396,0.867384969295566
25587,LOF,0.025802789604620922,0.10329750254099,0.8708997078543891
25588,LOF,0.025334338686587743,0.12400095204370434,0.8506647092697078
25589,Neutral,0.6146094695991933,0.14459105561537453,0.2407994747854322
25590,LOF,0.031813883073979025,0.17030505746852204,0.797881059457499
25591,LOF,0.08255681655336622,0.08874931999597324,0.8286938634506605
25592,LOF,0.0847150229307008,0.18167057056272617,0.7336144065065731
25593,LOF,0.029355096810895296,0.31100816336951914,0.6596367398195855
25594,LOF,0.044455567317104795,0.15375071950455424,0.801793713178341
25595,LOF,0.05526442148713087,0.11567233279200431,0.8290632457208648
25596,LOF,0.05190390460631341,0.08747453601767921,0.8606215593760074
25597,LOF,0.03473902368604288,0.07923401370104813,0.886026962612909
25598,LOF,0.04964948383865067,0.1247543004585234,0.8255962157028259
25599,GOF,0.006655803059691752,0.601117723528523,0.39222647341178524
25600,GOF,0.013923247192981006,0.615325982497153,0.3707507703098662
25601,LOF,0.00902506277596479,0.43357203835297,0.5574028988710653
25602,LOF,0.019761439144033513,0.040238744862072726,0.9399998159938938
25603,LOF,0.06558428026073698,0.01802684270882548,0.9163888770304375
25604,LOF,0.03318285052230547,0.04680989392420971,0.9200072555534848
25605,LOF,0.010440311551402223,0.19942854292373605,0.7901311455248617
25606,LOF,0.0997579084245631,0.34281846408373173,0.5574236274917052
25607,LOF,0.006350825051025388,0.18745413985025264,0.8061950350987219
25608,LOF,0.01697164315866421,0.08766425482733718,0.8953641020139985
25609,LOF,0.05833853593743916,0.40901790003751837,0.5326435640250425
25610,LOF,0.030976178144357394,0.026405687097324698,0.9426181347583178
25611,LOF,0.038415752093552004,0.02574396161741155,0.9358402862890365
25612,LOF,0.0908081670276383,0.03513611163504108,0.8740557213373207
25613,LOF,0.07771928240076215,0.03593901879670773,0.88634169880253
25614,LOF,0.03155156534534376,0.03250007698570331,0.9359483576689529
25615,LOF,0.037531990590872255,0.04428856689474806,0.9181794425143796
25616,LOF,0.025475160496428912,0.032770181573488474,0.9417546579300826
25617,LOF,0.026082691611518313,0.0368695939245087,0.937047714463973
25618,LOF,0.13492117551026553,0.03021388104417195,0.8348649434455625
25619,LOF,0.02840679622252742,0.03017408979536308,0.9414191139821095
25620,LOF,0.03305575000168333,0.03928367484236577,0.9276605751559508
25621,LOF,0.02594827085418026,0.03312736539125846,0.9409243637545612
25622,LOF,0.035112324516195004,0.032725400557750445,0.9321622749260544
25623,LOF,0.05041298139013981,0.027832047795594943,0.9217549708142654
25624,LOF,0.024154959531274195,0.039053118026731025,0.9367919224419948
25625,LOF,0.03465065642124913,0.04201971380002086,0.92332962977873
25626,LOF,0.0692847216983142,0.030421954889002262,0.9002933234126836
25627,Neutral,0.5679480380923967,0.12201518564538419,0.31003677626221904
25628,LOF,0.20511838186121165,0.054599750050382936,0.7402818680884055
25629,LOF,0.05346116777333254,0.059052354836338264,0.8874864773903293
25630,LOF,0.1690710229964216,0.08592479366672973,0.7450041833368487
25631,Neutral,0.6153413109639535,0.058377672525507,0.32628101651053937
25632,LOF,0.012898609437996363,0.11416613117547852,0.8729352593865252
25633,LOF,0.09947453195976108,0.08548385588649737,0.8150416121537415
25634,LOF,0.031674461986970666,0.11135851561460795,0.8569670223984214
25635,LOF,0.03645680947529661,0.09287341310851426,0.8706697774161891
25636,GOF,0.003927814755228361,0.5817665849884186,0.41430560025635305
25637,GOF,0.003837002986672067,0.6623568709762467,0.333806126037081
25638,LOF,0.0067892721337551405,0.35665506620867876,0.636555661657566
25639,LOF,0.00388552005787182,0.4952698938068631,0.5008445861352652
25640,Neutral,0.4881950060209339,0.43394774171273165,0.07785725226633461
25641,LOF,0.00929621822188442,0.31487673080833956,0.675827050969776
25642,LOF,0.23640710677071264,0.06531864582208698,0.6982742474072005
25643,LOF,0.2840240231977591,0.19362319570325912,0.5223527810989818
25644,GOF,0.013262660202207859,0.502454016137454,0.48428332366033816
25645,LOF,0.011512006931252766,0.45078835123999095,0.5376996418287562
25646,LOF,0.017296249393906695,0.31421707087121764,0.6684866797348756
25647,LOF,0.01331100198398168,0.26640708841606126,0.720281909599957
25648,LOF,0.012330378744742377,0.27328806311107817,0.7143815581441795
25649,LOF,0.011208621125073875,0.19310782887863276,0.7956835499962934
25650,LOF,0.021133826868331672,0.3902129130775007,0.5886532600541676
25651,LOF,0.007715004733569557,0.27351695081520794,0.7187680444512226
25652,LOF,0.01324667610895252,0.2468405365869381,0.7399127873041094
25653,LOF,0.044134492336709324,0.35105343667688643,0.6048120709864042
25654,LOF,0.013871044988025834,0.15095782263975566,0.8351711323722184
25655,LOF,0.07767889449743857,0.38810052506983456,0.5342205804327269
25656,LOF,0.10881939444511463,0.05317886099805266,0.8380017445568326
25657,LOF,0.33233713470810117,0.02602497504669054,0.6416378902452083
25658,LOF,0.05703659443369328,0.07149315182132399,0.8714702537449827
25659,LOF,0.376843915556998,0.06364718506920544,0.5595088993737966
25660,LOF,0.06261786128084772,0.0897394901171514,0.8476426486020008
25661,LOF,0.04411512038807058,0.07045328942185304,0.8854315901900763
25662,LOF,0.027723407883349503,0.0502015359825022,0.9220750561341483
25663,LOF,0.036311095087405154,0.07618085212088507,0.8875080527917097
25664,LOF,0.04321077140653297,0.08394913039737174,0.8728400981960952
25665,LOF,0.054053329439366596,0.04277261074329198,0.9031740598173413
25666,LOF,0.03963869624638909,0.11877828123045897,0.841583022523152
25667,LOF,0.03249782581383562,0.05789220888315902,0.9096099653030053
25668,LOF,0.03564513127608277,0.058381899939936276,0.9059729687839809
25669,LOF,0.03969477990110555,0.08589933853886661,0.8744058815600277
25670,LOF,0.0816385114737414,0.09023997880606731,0.8281215097201914
25671,LOF,0.039732874915224765,0.05144590475258106,0.9088212203321941
25672,LOF,0.05790055836080088,0.059059302960757815,0.8830401386784413
25673,LOF,0.04445773460460938,0.07184146955783759,0.8837007958375529
25674,LOF,0.040112778592113596,0.07289960673252226,0.8869876146753642
25675,LOF,0.05038860182481458,0.06193998725075354,0.8876714109244319
25676,LOF,0.03502076219323551,0.062070182988730245,0.9029090548180342
25677,LOF,0.06276855647292628,0.06544461050174757,0.8717868330253261
25678,LOF,0.28847486278691303,0.03575010142770437,0.6757750357853826
25679,LOF,0.17928133161156215,0.0683095031441952,0.7524091652442426
25680,LOF,0.060035345576595,0.09733474700520865,0.8426299074181964
25681,LOF,0.10802994328822339,0.09262525245349022,0.7993448042582864
25682,LOF,0.044085354514623844,0.08375128954902446,0.8721633559363517
25683,LOF,0.10044825511878816,0.09452320051747105,0.8050285443637407
25684,LOF,0.0596070028542833,0.08941807321235189,0.8509749239333648
25685,LOF,0.10527128192780333,0.050799044361665734,0.843929673710531
25686,LOF,0.03344945185263708,0.10179634723949033,0.8647542009078725
25687,LOF,0.043940019492533205,0.08335368816878393,0.8727062923386828
25688,LOF,0.03036064247394799,0.09028431606952321,0.8793550414565288
25689,LOF,0.0209598160533287,0.08170313482090763,0.8973370491257636
25690,LOF,0.02271282820169576,0.07998029809260701,0.8973068737056972
25691,LOF,0.24095561748188157,0.10780303559226381,0.6512413469258546
25692,LOF,0.29243364166243546,0.010136940342626685,0.6974294179949377
25693,LOF,0.09230709875668165,0.18356144098647725,0.7241314602568412
25694,LOF,0.26756440316983154,0.017879591385008806,0.7145560054451596
25695,LOF,0.17207572112920677,0.02373650167766243,0.8041877771931308
25696,LOF,0.18041852852154583,0.011146200558906109,0.808435270919548
25697,LOF,0.14187031565742603,0.024228028142333904,0.83390165620024
25698,LOF,0.033324863004267284,0.4074357047615455,0.5592394322341872
25699,LOF,0.06081983528651555,0.10239149742510788,0.8367886672883766
25700,LOF,0.02908213713546788,0.011677871364175587,0.9592399915003567
25701,LOF,0.01575576148706856,0.08191108609363816,0.9023331524192933
25702,GOF,0.037925099973114704,0.7470399940218624,0.21503490600502287
25703,LOF,0.013888589644222668,0.19940526481651924,0.786706145539258
25704,LOF,0.09860367049517953,0.14889481886546932,0.7525015106393511
25705,LOF,0.05905932606790388,0.22592388846456343,0.7150167854675326
25706,GOF,0.05466676030447953,0.5938560960229677,0.35147714367255284
25707,GOF,0.028893584585800526,0.49193142938463763,0.47917498602956193
25708,LOF,0.009732572196868978,0.4278615963065424,0.5624058314965886
25709,LOF,0.01932214710917111,0.06249388331408152,0.9181839695767474
25710,LOF,0.009311621959182805,0.16080994501215035,0.8298784330286668
25711,LOF,0.021179076267596773,0.10634431846265957,0.8724766052697437
25712,LOF,0.010126982052744482,0.20502644149446794,0.7848465764527875
25713,LOF,0.018264631811874234,0.09396668524031107,0.8877686829478146
25714,LOF,0.020660647102883647,0.11956693977979259,0.8597724131173238
25715,LOF,0.021391793319378943,0.10402073001062093,0.8745874766700001
25716,LOF,0.011245512436133148,0.10927218796177286,0.879482299602094
25717,LOF,0.006715557139952954,0.1261330999432383,0.8671513429168088
25718,LOF,0.018663542737676758,0.08033229324569352,0.9010041640166297
25719,LOF,0.03362467872707717,0.07874280320848771,0.887632518064435
25720,LOF,0.02274473534846545,0.0841235935501575,0.893131671101377
25721,LOF,0.024661375298998384,0.09090840813750257,0.8844302165634991
25722,LOF,0.018998027320600658,0.1190375749259231,0.8619643977534762
25723,LOF,0.02110437025180294,0.06531548891974921,0.9135801408284479
25724,LOF,0.03437015281544807,0.08623852529077639,0.8793913218937756
25725,LOF,0.022068207272635098,0.06310747424411739,0.9148243184832474
25726,LOF,0.016710026057415502,0.09342864871095369,0.8898613252316308
25727,LOF,0.020598500454866265,0.07896070921625348,0.9004407903288802
25728,LOF,0.01866200971497036,0.08645561450049197,0.8948823757845378
25729,LOF,0.019458998508996832,0.08730845159227557,0.8932325498987277
25730,LOF,0.019968817221033285,0.07187088930375563,0.908160293475211
25731,LOF,0.01239130210531909,0.14878331262965572,0.8388253852650251
25732,LOF,0.018687714458126024,0.08686115844751272,0.8944511270943613
25733,LOF,0.030645993420340755,0.07341372260423752,0.8959402839754217
25734,LOF,0.00784301195939317,0.1844464184062397,0.8077105696343672
25735,LOF,0.02311213374038119,0.07011489753203017,0.9067729687275886
25736,LOF,0.022183638202974643,0.10171754935809849,0.8760988124389268
25737,LOF,0.042494568516020986,0.07839924369318675,0.8791061877907922
25738,LOF,0.02119690479671749,0.11640711585361528,0.8623959793496673
25739,LOF,0.021780793190982473,0.11726278095297801,0.8609564258560395
25740,LOF,0.05197601252412245,0.11260424801847205,0.8354197394574056
25741,LOF,0.025580499070744896,0.09069160172033988,0.8837278992089153
25742,LOF,0.03625218466000797,0.10420548383751987,0.8595423315024721
25743,LOF,0.012404440014519267,0.05035152242315152,0.9372440375623292
25744,GOF,0.12641130674338408,0.4671727208960005,0.4064159723606154
25745,LOF,0.02205452446825612,0.07385288360645077,0.9040925919252931
25746,LOF,0.011296167285921322,0.09186294382092408,0.8968408888931546
25747,LOF,0.03402872473142268,0.04211146280585848,0.9238598124627189
25748,LOF,0.17821326298751922,0.06961951861972589,0.7521672183927549
25749,LOF,0.014670017354423349,0.05831601479941764,0.9270139678461589
25750,LOF,0.01555286221503685,0.08882229964731238,0.8956248381376507
25751,LOF,0.035545981518926496,0.07904343900226496,0.8854105794788085
25752,GOF,0.08501130804391203,0.6498269034738984,0.2651617884821896
25753,LOF,0.007939954930201262,0.3659528636344218,0.6261071814353769
25754,GOF,0.005853204889881753,0.8490008136971607,0.14514598141295754
25755,LOF,0.012327218355015478,0.42734000575331765,0.5603327758916669
25756,LOF,0.053845796798795295,0.41657213810256083,0.5295820650986438
25757,GOF,0.0073269183737230265,0.8596253649012572,0.13304771672501992
25758,GOF,0.009321559755882634,0.8427928645743882,0.14788557566972912
25759,GOF,0.005445831242022668,0.541669577770297,0.4528845909876804
25760,LOF,0.007934563498515937,0.29491213762833896,0.697153298873145
25761,GOF,0.05300994331764791,0.8182950745831471,0.128694982099205
25762,LOF,0.03153229892775908,0.35297290076252086,0.6154948003097201
25763,LOF,0.010491149126462136,0.25229696692132975,0.7372118839522082
25764,GOF,0.09737283755795718,0.5403968937368931,0.3622302687051496
25765,GOF,0.008190036225207831,0.8316066812952545,0.1602032824795375
25766,GOF,0.0302196805211857,0.8121679512957474,0.1576123681830669
25767,LOF,0.01837536693251892,0.4544301858840277,0.5271944471834534
25768,LOF,0.04150324733650692,0.07394386530707424,0.8845528873564189
25769,LOF,0.02252985418269525,0.08334196305709027,0.8941281827602144
25770,LOF,0.14376352910177734,0.06403108957072179,0.7922053813275007
25771,LOF,0.016815217918562435,0.0758707681286676,0.90731401395277
25772,LOF,0.023922072684285138,0.03127935289041515,0.9447985744252996
25773,LOF,0.013176656255938562,0.08139969591537284,0.9054236478286886
25774,LOF,0.02561200468773687,0.0941857847055365,0.8802022106067265
25775,LOF,0.02090109611938827,0.0423724087614612,0.9367264951191505
25776,LOF,0.025322620073678637,0.02837467695627326,0.9463027029700481
25777,LOF,0.18034880667858003,0.07272180339186898,0.7469293899295509
25778,LOF,0.020517878133474263,0.057973389541148994,0.9215087323253767
25779,GOF,0.03571400793619345,0.8988973295360665,0.06538866252773985
25780,GOF,0.06490974411880096,0.8792319850375968,0.05585827084360237
25781,GOF,0.02505362761426042,0.8778410720286725,0.09710530035706703
25782,GOF,0.03203148814124205,0.9085558698914885,0.05941264196726941
25783,GOF,0.01765572863669291,0.7473233179750364,0.2350209533882708
25784,GOF,0.10841707815437662,0.8442954244422403,0.047287497403383144
25785,GOF,0.06341922527565814,0.8955776344793378,0.041003140245004045
25786,GOF,0.005467944145427535,0.8293527156395298,0.16517934021504263
25787,GOF,0.16111264696496394,0.8074485622751875,0.031438790759848546
25788,LOF,0.015339566611042896,0.16329740619411912,0.8213630271948379
25789,GOF,0.01851655040665446,0.8598052902153399,0.12167815937800568
25790,GOF,0.021700500170549808,0.8845220100925159,0.09377748973693427
25791,GOF,0.015636644677573124,0.8276286682024723,0.15673468711995459
25792,GOF,0.02724366627854703,0.8408939245352935,0.13186240918615943
25793,GOF,0.07155802520788329,0.8301423426070924,0.09829963218502423
25794,GOF,0.05628491274709648,0.77056545043711,0.17314963681579362
25795,GOF,0.042312035220448754,0.7904733572553239,0.16721460752422737
25796,GOF,0.06960723774133878,0.8142021163801686,0.11619064587849251
25797,GOF,0.03816795095038243,0.6785461426226327,0.28328590642698487
25798,GOF,0.00314333969263523,0.6521781902473215,0.34467847006004326
25799,GOF,0.0029459267989840553,0.5290693160551031,0.4679847571459128
25800,GOF,0.011720846880897886,0.7240719800436729,0.2642071730754292
25801,GOF,0.014138145044751341,0.8741781641663996,0.11168369078884897
25802,GOF,0.020357585750189866,0.8086138248194952,0.17102858943031488
25803,GOF,0.010495958927304443,0.7133152662107674,0.2761887748619282
25804,GOF,0.012469814196803503,0.613833636923234,0.37369654887996256
25805,GOF,0.02374759130236712,0.7219375591191859,0.25431484957844697
25806,GOF,0.01993379369731498,0.7568087316657257,0.22325747463695916
25807,GOF,0.005492470292158077,0.7367702873294618,0.2577372423783801
25808,GOF,0.014775993270021178,0.7664183113287915,0.21880569540118752
25809,GOF,0.0060798773597053645,0.7270801048880748,0.2668400177522199
25810,GOF,0.005411378635861189,0.7416670936540044,0.2529215277101343
25811,GOF,0.04857215556807137,0.8567937238537056,0.09463412057822304
25812,GOF,0.016187679286826403,0.7122321576606688,0.27158016305250476
25813,GOF,0.09694477596274925,0.805300641333742,0.09775458270350876
25814,GOF,0.027575352092455097,0.804861111106664,0.16756353680088093
25815,GOF,0.04311292360433008,0.8054824249053608,0.15140465149030916
25816,GOF,0.008248833838585955,0.8563963019885976,0.13535486417281634
25817,GOF,0.10773746491509023,0.7617359280155432,0.13052660706936647
25818,GOF,0.023619794028785578,0.8041671799865148,0.17221302598469967
25819,GOF,0.05393051840399056,0.7844195794335463,0.16164990216246314
25820,GOF,0.029676014068671194,0.7754665953339209,0.19485739059740798
25821,GOF,0.01780942149550401,0.7681931860519351,0.21399739245256091
25822,GOF,0.03505683361115515,0.7935998291328288,0.1713433372560161
25823,GOF,0.01453678424093576,0.6420161990371169,0.34344701672194733
25824,GOF,0.02479186779950994,0.7645093848178545,0.21069874738263558
25825,GOF,0.014550385970839191,0.7513482072426225,0.2341014067865384
25826,GOF,0.005477294617283465,0.7082396184798126,0.2862830869029039
25827,GOF,0.009124299298849616,0.7073778618787946,0.28349783882235585
25828,GOF,0.006152620223582755,0.6476982696834953,0.34614911009292193
25829,GOF,0.0030141700516740882,0.7067374266919654,0.29024840325636064
25830,GOF,0.039716355486168024,0.48629264528936655,0.47399099922446547
25831,GOF,0.048295824424495815,0.8461663414536853,0.10553783412181875
25832,GOF,0.008196921982475614,0.7857553262199453,0.20604775179757912
25833,GOF,0.032471905667264274,0.8386944539088471,0.12883364042388876
25834,GOF,0.008309421644575609,0.7982344673262395,0.19345611102918495
25835,GOF,0.017817616454613123,0.862423803356817,0.11975858018857001
25836,GOF,0.006351347479616883,0.8122688208410842,0.18137983167929903
25837,GOF,0.007024987806592501,0.7177542229876901,0.2752207892057174
25838,GOF,0.02111825188163679,0.8711606629672611,0.10772108515110225
25839,GOF,0.03982674042219317,0.8582109903531444,0.10196226922466231
25840,GOF,0.06175580428259707,0.8393821503070501,0.09886204541035273
25841,GOF,0.056066367541846594,0.8526731992726175,0.09126043318553594
25842,GOF,0.025596919821435235,0.8975220474079183,0.07688103277064649
25843,GOF,0.027083127592469676,0.9050431411496738,0.06787373125785646
25844,GOF,0.0180420765173879,0.8436446370955469,0.13831328638706508
25845,GOF,0.006120469436888201,0.662971821306802,0.3309077092563099
25846,GOF,0.043043039140856804,0.8659824950175938,0.09097446584154933
25847,GOF,0.01993276618847083,0.9155121661946314,0.0645550676168978
25848,GOF,0.016080737578017652,0.863600785603095,0.12031847681888745
25849,GOF,0.004898267119676321,0.742040308184516,0.25306142469580767
25850,GOF,0.006450047282824743,0.7697489856672072,0.22380096704996796
25851,GOF,0.005647124325945792,0.647263367592407,0.34708950808164707
25852,GOF,0.13104974882033593,0.6177877708706646,0.25116248030899946
25853,GOF,0.06746230386914923,0.8507445628152575,0.08179313331559335
25854,GOF,0.005682751536200114,0.694534279995328,0.2997829684684719
25855,GOF,0.014611904881165838,0.6346726271976587,0.35071546792117547
25856,GOF,0.037628600675224624,0.7732975054191343,0.18907389390564103
25857,GOF,0.012903184591039068,0.630146923849294,0.3569498915596667
25858,GOF,0.0081336587929661,0.6328732037851222,0.35899313742191163
25859,GOF,0.005458078074582155,0.6046821346713807,0.3898597872540372
25860,GOF,0.0834159814263082,0.8121756416044315,0.10440837696926038
25861,GOF,0.08652807397019432,0.8150446320199046,0.09842729400990115
25862,GOF,0.02085890569550869,0.8651787325852881,0.11396236171920318
25863,GOF,0.020037205159936965,0.8730647340799883,0.10689806076007476
25864,GOF,0.04897297102722504,0.8700618548435336,0.08096517412924122
25865,GOF,0.03387368641051239,0.8371954444820228,0.12893086910746485
25866,GOF,0.027586953085538,0.8598719803390004,0.11254106657546155
25867,GOF,0.03144546543233629,0.880568817372596,0.0879857171950676
25868,GOF,0.056591420633013194,0.8382214732145313,0.10518710615245548
25869,GOF,0.34181010558418745,0.5953721758705093,0.06281771854530323
25870,GOF,0.07041848017349335,0.6939762378228902,0.23560528200361652
25871,GOF,0.01204605943571696,0.8902234321007727,0.09773050846351032
25872,GOF,0.02089742773968143,0.8820078073235114,0.09709476493680731
25873,GOF,0.020688027148715638,0.8980413669040873,0.08127060594719701
25874,LOF,0.01766440592117581,0.1790101612332317,0.8033254328455925
25875,LOF,0.05042459965200611,0.044414081785230486,0.9051613185627635
25876,LOF,0.019490374947467214,0.031125370374231735,0.9493842546783011
25877,LOF,0.13632581129924187,0.08133886990200025,0.7823353187987578
25878,LOF,0.07584510596881618,0.11050900822257956,0.8136458858086042
25879,LOF,0.027246122614231393,0.08581259307824089,0.8869412843075277
25880,LOF,0.05632149310978689,0.011630447789115149,0.9320480591010979
25881,Neutral,0.5671482722278816,0.06153236286377759,0.37131936490834083
25882,LOF,0.05769212055810381,0.029016999401869567,0.9132908800400267
25883,LOF,0.03127922064775331,0.02434139642679393,0.9443793829254528
25884,LOF,0.02810419123594133,0.0417119445155092,0.9301838642485495
25885,LOF,0.23672409711398967,0.011729023228518373,0.751546879657492
25886,LOF,0.1510629089223687,0.0550028911145695,0.7939341999630618
25887,LOF,0.20694709391377442,0.059780818427263814,0.7332720876589618
25888,LOF,0.01276565894663712,0.1337444481130779,0.853489892940285
25889,LOF,0.03504513482907574,0.0305577626493854,0.9343971025215388
25890,LOF,0.12398601779743931,0.10400456362731565,0.7720094185752451
25891,LOF,0.09025147331981884,0.02004289981230403,0.8897056268678771
25892,LOF,0.009342349252099855,0.037369317203303776,0.9532883335445963
25893,LOF,0.3981926915170506,0.009574010483425845,0.5922332979995235
25894,LOF,0.439007529715675,0.00626082890877856,0.5547316413755464
25895,LOF,0.3485556584005196,0.011366273202048895,0.6400780683974314
25896,LOF,0.05830974919234293,0.022961074384732365,0.9187291764229248
25897,LOF,0.18441886747934935,0.009896939035677926,0.8056841934849727
25898,LOF,0.16405275934532193,0.03149563970976455,0.8044516009449135
25899,LOF,0.3164399361162168,0.0226065242987162,0.6609535395850669
25900,LOF,0.42288668621506376,0.008260152057598592,0.5688531617273377
25901,LOF,0.0570475938792672,0.009808473334876283,0.9331439327858564
25902,LOF,0.14706842444536125,0.012515607584956586,0.8404159679696821
25903,LOF,0.4175704501582594,0.0250625929540936,0.557366956887647
25904,LOF,0.4573637572361787,0.03513202010885534,0.507504222654966
25905,LOF,0.004292072782849478,0.43632082990183624,0.5593870973153143
25906,LOF,0.009936618213398016,0.10903271519441604,0.8810306665921859
25907,LOF,0.004183144248671755,0.3537834751433629,0.6420333806079653
25908,LOF,0.0046620633369363835,0.23888943749087493,0.7564484991721886
25909,LOF,0.022619376308825302,0.13812406869676985,0.8392565549944049
25910,LOF,0.011605364186054193,0.10271347720993933,0.8856811586040064
25911,LOF,0.3314296000648544,0.03391596609528799,0.6346544338398576
25912,LOF,0.0779526185228839,0.04742915258718536,0.8746182288899307
25913,LOF,0.0583709718837051,0.05837909360701644,0.8832499345092784
25914,LOF,0.03602814355504709,0.05965488559123204,0.9043169708537209
25915,LOF,0.14584451242060065,0.31326550306085205,0.5408899845185473
25916,LOF,0.028717177553578607,0.20253107238919907,0.7687517500572222
25917,LOF,0.06504062206032679,0.05330282769110846,0.8816565502485647
25918,LOF,0.04433119344253542,0.03762892780081043,0.9180398787566542
25919,LOF,0.040064818623029456,0.03625299124939492,0.9236821901275755
25920,LOF,0.1547450915836855,0.17479923991664398,0.6704556684996704
25921,LOF,0.01800989980016339,0.042270455220606094,0.9397196449792306
25922,LOF,0.018825851888191865,0.03711591842565916,0.944058229686149
25923,LOF,0.43731252306740526,0.0439895793444054,0.5186978975881894
25924,LOF,0.026109177526047973,0.06086660480626599,0.9130242176676859
25925,LOF,0.07459186555686244,0.05899141406246696,0.8664167203806705
25926,LOF,0.052479482152886114,0.05458042560281212,0.8929400922443018
25927,LOF,0.02467500203602494,0.07391472647814963,0.9014102714858254
25928,LOF,0.011573560762859678,0.057794532990456386,0.9306319062466839
25929,Neutral,0.5239039215741772,0.041963988126758694,0.43413209029906397
25930,LOF,0.06311474164230091,0.041382954393002325,0.8955023039646968
25931,LOF,0.0160839861073603,0.04025920692990095,0.9436568069627387
25932,LOF,0.057404725241089694,0.032778909764398886,0.9098163649945115
25933,LOF,0.050894820622837025,0.023937269033857206,0.9251679103433057
25934,LOF,0.04629833558160034,0.02284148521987517,0.9308601791985244
25935,LOF,0.06365456034601773,0.06862089502017851,0.8677245446338038
25936,LOF,0.08447729718709442,0.025543206481702222,0.8899794963312032
25937,LOF,0.015886266811174252,0.04213497733257868,0.941978755856247
25938,LOF,0.062430315731720434,0.06270214820356527,0.8748675360647142
25939,LOF,0.037494334032886246,0.03174257172880281,0.9307630942383108
25940,LOF,0.009481442532604219,0.35984703115011185,0.6306715263172838
25941,Neutral,0.5111344503215985,0.04067764054217725,0.44818790913622425
25942,LOF,0.008908813894290686,0.05397872031712069,0.9371124657885885
25943,LOF,0.04228412657723301,0.19403749709170262,0.7636783763310644
25944,LOF,0.06205994885235187,0.09929418521288266,0.8386458659347655
25945,LOF,0.11471082648504263,0.022154272612042957,0.8631349009029144
25946,LOF,0.08285959567024158,0.040355681426150994,0.8767847229036073
25947,Neutral,0.4495397557360859,0.13257187195890702,0.4178883723050071
25948,LOF,0.4397135938196111,0.014937474203075462,0.5453489319773135
25949,LOF,0.13139941263352273,0.06979783622629927,0.7988027511401781
25950,GOF,0.0685375412933498,0.6180085877608366,0.3134538709458137
25951,LOF,0.013686914441993336,0.41597938951956054,0.5703336960384461
25952,LOF,0.3076568951895313,0.2524092894033599,0.4399338154071087
25953,LOF,0.007589814954383805,0.18052006095260273,0.8118901240930135
25954,LOF,0.099893324091139,0.4475724336687597,0.45253424224010125
25955,LOF,0.006503975939689457,0.15709880798532536,0.8363972160749852
25956,LOF,0.01764920411294122,0.2337372760607599,0.7486135198262989
25957,LOF,0.216897388159943,0.03344545677674094,0.7496571550633161
25958,LOF,0.031434313931060213,0.0391944086046458,0.9293712774642939
25959,GOF,0.013779688894932743,0.5238551117919626,0.46236519931310455
25960,LOF,0.007294346435035939,0.060716346703189365,0.9319893068617747
25961,LOF,0.030894322552053922,0.03267491100665239,0.9364307664412937
25962,LOF,0.03393621959781525,0.06508321477423486,0.9009805656279498
25963,LOF,0.004621623839065964,0.19232332137985758,0.8030550547810764
25964,LOF,0.032001092211478996,0.09856901295599718,0.8694298948325238
25965,LOF,0.2546068333724045,0.11812750195995107,0.6272656646676446
25966,Neutral,0.46741476927163833,0.11866784629363802,0.41391738443472365
25967,LOF,0.009123251881282182,0.07967287317264705,0.9112038749460708
25968,LOF,0.050591244712178435,0.19034875628724607,0.7590599990005755
25969,LOF,0.1380830034606517,0.048631781784728365,0.8132852147546199
25970,LOF,0.021760275481113745,0.07956872092449761,0.8986710035943886
25971,LOF,0.08713729742386082,0.02679146595847853,0.8860712366176605
25972,LOF,0.06253062298906696,0.041067433186998466,0.8964019438239346
25973,LOF,0.06767913582805835,0.011443640903129278,0.9208772232688124
25974,LOF,0.06367683785037792,0.03804487015386547,0.8982782919957567
25975,LOF,0.04622864373274657,0.022152828833925813,0.9316185274333276
25976,LOF,0.116100595325316,0.011775817379432467,0.8721235872952515
25977,LOF,0.19154988573261814,0.09254592287570862,0.7159041913916733
25978,LOF,0.17581848884388754,0.11731795327207138,0.7068635578840411
25979,LOF,0.14035501187019592,0.13297852854893463,0.7266664595808694
25980,LOF,0.2453182701500209,0.16896622295612546,0.5857155068938537
25981,LOF,0.24611028753240918,0.17012636551423324,0.5837633469533576
25982,Neutral,0.4694385851329185,0.0887532963027542,0.44180811856432733
25983,Neutral,0.48319813264691214,0.10125029022419764,0.41555157712889024
25984,LOF,0.03784706022847662,0.08213080359653839,0.880022136174985
25985,LOF,0.4265288619263798,0.12882765114504868,0.44464348692857153
25986,LOF,0.013135103412092581,0.4044520023326032,0.5824128942553042
25987,LOF,0.05578776762603197,0.10392949537551953,0.8402827369984485
25988,LOF,0.04735885849634895,0.15505794928616662,0.7975831922174844
25989,LOF,0.04000817015041792,0.19710208404076845,0.7628897458088137
25990,LOF,0.03945651346500217,0.28999372542296914,0.6705497611120286
25991,LOF,0.02776657643918382,0.4218206966652033,0.5504127268956129
25992,LOF,0.02377270956889973,0.4143821495562074,0.5618451408748928
25993,LOF,0.03138358135888226,0.08323767316795025,0.8853787454731675
25994,LOF,0.023671355299850667,0.08071701327912503,0.8956116314210244
25995,LOF,0.022697031685523658,0.1587754050198215,0.8185275632946549
25996,Neutral,0.3468119361253787,0.3222133189162448,0.33097474495837664
25997,LOF,0.06128084323855129,0.3991320136447023,0.5395871431167464
25998,LOF,0.26640792962549315,0.04393487855687642,0.6896571918176304
25999,LOF,0.023341327634538497,0.2253020345144156,0.751356637851046
26000,LOF,0.19890893140626484,0.035985834175074866,0.7651052344186604
26001,LOF,0.26574599573964475,0.037657805331604455,0.6965961989287508
26002,LOF,0.1181371175582986,0.056196069909384506,0.8256668125323169
26003,GOF,0.005337049312463726,0.6421840710812077,0.35247887960632857
26004,GOF,0.008757280207465202,0.7016337712962727,0.2896089484962622
26005,GOF,0.003842467805218607,0.5074128618412168,0.48874467035356467
26006,GOF,0.11119412597140334,0.5691469177418103,0.3196589562867864
26007,GOF,0.007639073969380979,0.5750702072702193,0.4172907187603997
26008,GOF,0.005874046503875629,0.6641705299876937,0.3299554235084307
26009,GOF,0.0072906846775146845,0.6848924413498111,0.3078168739726741
26010,GOF,0.00828201896497903,0.6497361740389107,0.34198180699611036
26011,LOF,0.003503513956126464,0.4559803727960807,0.5405161132477929
26012,GOF,0.004997492457495608,0.5312581339685097,0.46374437357399456
26013,GOF,0.006826329033914408,0.5949376559131652,0.3982360150529205
26014,LOF,0.058698013115846055,0.11559168599088016,0.8257103008932737
26015,LOF,0.42415560981602,0.019341340954967805,0.5565030492290122
26016,LOF,0.32915305243398296,0.03600731723337592,0.6348396303326411
26017,LOF,0.026758755522749138,0.18469684497793182,0.7885443994993191
26018,LOF,0.033790425988228484,0.04024204393076766,0.9259675300810037
26019,LOF,0.03323864512270726,0.035533298317948166,0.9312280565593446
26020,LOF,0.010653911046051612,0.17907167101893817,0.8102744179350102
26021,LOF,0.08131280322272688,0.06394352296183141,0.8547436738154418
26022,LOF,0.04486720065942631,0.021535130039949807,0.9335976693006239
26023,LOF,0.035428066733697645,0.024170275141361202,0.9404016581249411
26024,LOF,0.0484887434596609,0.0645887738088656,0.8869224827314734
26025,LOF,0.06761262602697184,0.0691916225883995,0.8631957513846286
26026,LOF,0.1141167140217543,0.05525383183230822,0.8306294541459375
26027,LOF,0.030735815608811112,0.019458526070540362,0.9498056583206486
26028,LOF,0.11355765893522754,0.14870436928097017,0.7377379717838023
26029,LOF,0.016639008515997415,0.21433086451513791,0.7690301269688646
26030,LOF,0.15032268421577036,0.0333684655088716,0.8163088502753579
26031,LOF,0.008675374858468213,0.18994717127888391,0.8013774538626478
26032,LOF,0.03762625530306367,0.08444568664616887,0.8779280580507675
26033,LOF,0.06499940111279746,0.07671232754632083,0.8582882713408817
26034,LOF,0.01161629590397512,0.17085722608739123,0.8175264780086337
26035,LOF,0.010292270605600106,0.1328064139086799,0.85690131548572
26036,LOF,0.010398648134424189,0.15792484703495366,0.831676504830622
26037,LOF,0.0087405419021954,0.12674950712183086,0.8645099509759737
26038,LOF,0.03245813265677128,0.07910300141728525,0.8884388659259436
26039,LOF,0.02244676586772985,0.1578081312553144,0.8197451028769557
26040,LOF,0.1009081729311667,0.18681500089637812,0.7122768261724551
26041,LOF,0.011280806785603979,0.11627324644017814,0.8724459467742178
26042,LOF,0.010114275542240099,0.12499459900554655,0.8648911254522134
26043,LOF,0.031145682993110862,0.1020435717229352,0.8668107452839539
26044,LOF,0.01320711157184055,0.06561622248549849,0.921176665942661
26045,LOF,0.06189421547211212,0.1411145499797175,0.7969912345481703
26046,LOF,0.0282719915332979,0.08094879825032411,0.890779210216378
26047,LOF,0.04523303665750946,0.082643084802788,0.8721238785397026
26048,LOF,0.0849513101785185,0.034185079095688575,0.880863610725793
26049,Neutral,0.9501362833079297,0.008890564919949382,0.04097315177212082
26050,Neutral,0.9268512284445977,0.010321902756970041,0.06282686879843227
26051,LOF,0.013679309381988847,0.09578296431865396,0.8905377262993572
26052,LOF,0.027709741917773867,0.10717911180833539,0.8651111462738909
26053,LOF,0.03519211216767206,0.14560367133845697,0.819204216493871
26054,LOF,0.0430581131034423,0.026674583419063546,0.9302673034774941
26055,LOF,0.059608270544515285,0.023845510248680077,0.9165462192068047
26056,LOF,0.048266664514336616,0.02978941811354485,0.9219439173721184
26057,LOF,0.054650959146048596,0.013402623135973448,0.9319464177179779
26058,LOF,0.057664292542952626,0.011032184972136937,0.9313035224849104
26059,LOF,0.1933992066385243,0.030901314578980855,0.7756994787824948
26060,LOF,0.014877365124553654,0.18484305640785464,0.8002795784675917
26061,LOF,0.012331347473335117,0.011836994813838571,0.9758316577128263
26062,LOF,0.006838295258670033,0.019253970533568997,0.9739077342077609
26063,LOF,0.03428407492012922,0.011847836543349501,0.9538680885365213
26064,LOF,0.011329545235028177,0.026449626016722738,0.9622208287482491
26065,LOF,0.045610020559970724,0.011980811782663902,0.9424091676573653
26066,LOF,0.04316982681082674,0.010988632980401467,0.9458415402087719
26067,LOF,0.05052612277147513,0.009508794287122641,0.9399650829414022
26068,LOF,0.0499380172787178,0.04581963575568888,0.9042423469655934
26069,LOF,0.14690280038556408,0.028255122371473512,0.8248420772429623
26070,LOF,0.33976660449437573,0.023259146307815688,0.6369742491978085
26071,LOF,0.04207305957875633,0.01214028300665547,0.9457866574145883
26072,LOF,0.011307252691812285,0.022112724395155037,0.9665800229130326
26073,LOF,0.037481972451119186,0.014950689434124967,0.9475673381147559
26074,Neutral,0.9270726134201309,0.008972212039512626,0.06395517454035647
26075,LOF,0.04942697676675784,0.022563564415520806,0.9280094588177215
26076,LOF,0.05330325191742397,0.011343144382126745,0.9353536037004493
26077,LOF,0.17125391671072557,0.007474421998838219,0.8212716612904362
26078,LOF,0.00921959643400883,0.014873961375079407,0.9759064421909118
26079,LOF,0.0606174801579037,0.023826073656427166,0.9155564461856691
26080,LOF,0.05973922296017598,0.02387675474522704,0.9163840222945969
26081,LOF,0.03166644659252279,0.009634974718187465,0.9586985786892896
26082,LOF,0.007465036956239936,0.015145697876437283,0.9773892651673229
26083,LOF,0.0971382701170919,0.021470626756698658,0.8813911031262094
26084,LOF,0.09954582776213805,0.014242541201454831,0.8862116310364071
26085,LOF,0.09265438487955223,0.012433681846559535,0.8949119332738882
26086,LOF,0.037110537285891074,0.012098607499410382,0.9507908552146985
26087,LOF,0.03225472098786772,0.0106625382435147,0.9570827407686177
26088,LOF,0.009214260230889669,0.02007242704145089,0.9707133127276595
26089,LOF,0.04129803889990695,0.03775544357658925,0.9209465175235039
26090,LOF,0.04206782048430534,0.02835350026419735,0.9295786792514974
26091,LOF,0.03017758036970019,0.00861616249958363,0.9612062571307163
26092,LOF,0.03853079829122091,0.00889699471500713,0.952572206993772
26093,LOF,0.07091554291866062,0.006591805292154159,0.9224926517891853
26094,LOF,0.0357216431744162,0.007468365345664473,0.9568099914799194
26095,LOF,0.042318056162622186,0.018584096481607006,0.9390978473557708
26096,LOF,0.22609327980579264,0.005647664595191114,0.7682590555990163
26097,LOF,0.008942117515813208,0.031601880072875,0.9594560024113119
26098,LOF,0.07724703107633442,0.018916778165260845,0.9038361907584046
26099,LOF,0.04248300464039401,0.015427996407477097,0.9420889989521288
26100,LOF,0.042409683197139905,0.015429177799524027,0.9421611390033362
26101,LOF,0.05556563586557049,0.026383827691548324,0.9180505364428811
26102,LOF,0.032391037164037614,0.017078378580267707,0.9505305842556948
26103,Neutral,0.8787820754625877,0.02660234045520315,0.0946155840822092
26104,LOF,0.05549740671114463,0.038726308495536536,0.9057762847933188
26105,LOF,0.23928322829855947,0.1926035796624603,0.5681131920389803
26106,LOF,0.32720642644337594,0.1294108809135107,0.5433826926431133
26107,LOF,0.0215818476721756,0.09758227654806725,0.8808358757797572
26108,LOF,0.30042190180335787,0.05299595600708353,0.6465821421895585
26109,LOF,0.10220452986808465,0.04339020230281245,0.8544052678291029
26110,LOF,0.4750443689415168,0.005483661103758375,0.5194719699547248
26111,LOF,0.05548853615107546,0.09425133249131633,0.8502601313576083
26112,LOF,0.05060665110793926,0.007221970820717828,0.942171378071343
26113,LOF,0.10175141603879308,0.014510038444463805,0.883738545516743
26114,LOF,0.09093836053720879,0.009179940422440568,0.8998816990403505
26115,LOF,0.012685447756199484,0.05341893819836891,0.9338956140454316
26116,LOF,0.07005127256769784,0.031143807674679662,0.8988049197576226
26117,LOF,0.41436544518618834,0.03165825695762949,0.5539762978561823
26118,LOF,0.04946758806929888,0.015403546960889698,0.9351288649698114
26119,LOF,0.006343698783727528,0.03421757038980399,0.9594387308264686
26120,LOF,0.037207376323668405,0.015399386529862199,0.9473932371464695
