feature0,prediction,LoGoFunc_Neutral,LoGoFunc_GOF,LoGoFunc_LOF
25546,Neutral,0.6295949488351181,0.05942164234693124,0.31098340881795067
25547,LOF,0.4413931475881157,0.11554313921062492,0.44306371320125937
25548,LOF,0.4528584521499992,0.08605704063453197,0.46108450721546884
25549,LOF,0.3958230845238589,0.08734880412040939,0.5168281113557317
25550,LOF,0.33856177511030267,0.1459210573827468,0.5155171675069504
25551,LOF,0.26969838729810164,0.17333722644679786,0.5569643862551006
25552,LOF,0.19198593572485617,0.16124805792067573,0.6467660063544681
25553,Neutral,0.7842083893298675,0.05046284062860968,0.16532877004152274
25554,LOF,0.22396070879351557,0.15309419945462374,0.6229450917518607
25555,LOF,0.18698646868623747,0.13320683551708692,0.6798066957966756
25556,LOF,0.3719564734036685,0.12294935445257676,0.5050941721437547
25557,LOF,0.17578630262151002,0.14235657105800478,0.6818571263204852
25558,LOF,0.22593280810525856,0.15029322702886588,0.6237739648658756
25559,LOF,0.1772448647977983,0.13961947652462195,0.6831356586775796
25560,LOF,0.07553620381140005,0.1415117999644464,0.7829519962241536
25561,LOF,0.14308427499491788,0.13736889519584403,0.7195468298092381
25562,LOF,0.06953355346871579,0.08019061567637954,0.8502758308549045
25563,LOF,0.09233626926686292,0.08987177422243134,0.8177919565107057
25564,LOF,0.2366078062365071,0.16366528555396614,0.5997269082095268
25565,LOF,0.15710429607811732,0.13357409356563318,0.7093216103562496
25566,GOF,0.01710583553352945,0.7552388707334458,0.22765529373302482
25567,LOF,0.022716880172558473,0.15655213344273558,0.8207309863847059
25568,LOF,0.063439166089467,0.07799179772883778,0.8585690361816952
25569,LOF,0.06017778567618619,0.08200213707025521,0.8578200772535586
25570,LOF,0.030186580756289938,0.11442423972055757,0.8553891795231524
25571,LOF,0.03085764162939579,0.11289170668755849,0.8562506516830457
25572,LOF,0.0307441500834149,0.14800128453914488,0.8212545653774402
25573,LOF,0.026869208302808468,0.10983788751695643,0.8632929041802352
25574,LOF,0.01766203625122692,0.14504163784581145,0.8372963259029617
25575,LOF,0.025586525843714365,0.11864567885512323,0.8557677953011623
25576,LOF,0.012031173674540903,0.1712311683122549,0.8167376580132042
25577,LOF,0.010885012619558399,0.14162571623376216,0.8474892711466794
25578,LOF,0.29573140100647877,0.08655018669639863,0.6177184122971225
25579,LOF,0.13369551993794723,0.09563035126132542,0.7706741288007273
25580,LOF,0.018673261800676088,0.08569271809584542,0.8956340201034786
25581,LOF,0.04563399897390118,0.07781707887020911,0.8765489221558898
25582,LOF,0.0455323704375573,0.07636371070010568,0.878103918862337
25583,LOF,0.020668378075678895,0.0994125546240214,0.8799190673002998
25584,Neutral,0.5260884406446639,0.09863439072172545,0.3752771686336106
25585,LOF,0.011967441510596038,0.15858698951443462,0.8294455689749693
25586,LOF,0.018863560185645195,0.08161798109358899,0.8995184587207657
25587,LOF,0.017602626922749595,0.07532680832315025,0.9070705647541002
25588,LOF,0.018073847720828064,0.08888338071250308,0.8930427715666689
25589,Neutral,0.6235894018115614,0.12515231931089657,0.2512582788775421
25590,LOF,0.02119296469011076,0.13408771177653525,0.844719323533354
25591,LOF,0.07884016650340292,0.06382719869186014,0.857332634804737
25592,LOF,0.05104798729989969,0.13402973016273037,0.81492228253737
25593,LOF,0.023664036907511277,0.22816414168115046,0.7481718214113383
25594,LOF,0.037666682755979695,0.12120090485749838,0.8411324123865219
25595,LOF,0.03696880567002758,0.08616525500773409,0.8768659393222382
25596,LOF,0.05170280230735168,0.06773383267555513,0.8805633650170932
25597,LOF,0.035905590758048535,0.0696017059202624,0.8944927033216891
25598,LOF,0.03309242833101214,0.09464375799181265,0.8722638136771752
25599,GOF,0.00795166648331697,0.5684246527773394,0.4236236807393435
25600,GOF,0.027614724506904092,0.6463269085076706,0.3260583669854252
25601,LOF,0.012129994638925534,0.43308413197956475,0.5547858733815098
25602,LOF,0.013703679662914185,0.04937068481128879,0.9369256355257971
25603,LOF,0.047508267930471526,0.01994652774487096,0.9325452043246575
25604,LOF,0.016897627920212883,0.06753039392877544,0.9155719781510117
25605,LOF,0.007980754607907975,0.20857825209410277,0.7834409932979893
25606,LOF,0.09339857855237518,0.3569990109498026,0.5496024104978222
25607,LOF,0.005100782035147034,0.22844833805031908,0.7664508799145339
25608,LOF,0.011873699651246126,0.11423549204926942,0.8738908082994844
25609,LOF,0.07384911810291592,0.3437873568064131,0.582363525090671
25610,LOF,0.018613487216581827,0.02305711627175784,0.9583293965116603
25611,LOF,0.01810461696741617,0.02598247597709932,0.9559129070554845
25612,LOF,0.05944189040754159,0.037181793930471545,0.9033763156619868
25613,LOF,0.05404225151829376,0.03811150119015031,0.907846247291556
25614,LOF,0.025977164258292593,0.02722703825485682,0.9467957974868506
25615,LOF,0.016788901357815935,0.03712840410723485,0.9460826945349492
25616,LOF,0.04887161988928774,0.02667228175807978,0.9244560983526324
25617,LOF,0.04799252349531437,0.030136772783575832,0.9218707037211097
25618,LOF,0.05908946510301992,0.0318724647272047,0.9090380701697754
25619,LOF,0.017670146412228204,0.02683640935451803,0.9554934442332538
25620,LOF,0.06766131421975605,0.03495326856932517,0.8973854172109188
25621,LOF,0.01749866722071744,0.033738429749324346,0.9487629030299582
25622,LOF,0.022248725803845893,0.035631488057232624,0.9421197861389216
25623,LOF,0.035331819134776926,0.03158446577593954,0.9330837150892834
25624,LOF,0.02210440543552352,0.03287980901658669,0.9450157855478899
25625,LOF,0.023508170223954003,0.050845543427305774,0.9256462863487401
25626,LOF,0.05275930408691867,0.038204825628153236,0.909035870284928
25627,Neutral,0.5754833302318144,0.12530345185244746,0.29921321791573813
25628,LOF,0.19602683925297013,0.05719733054055136,0.7467758302064785
25629,LOF,0.040703798041949346,0.06165404418248075,0.8976421577755698
25630,LOF,0.1393923030899677,0.09904487950146515,0.7615628174085672
25631,Neutral,0.6036492292941983,0.06724792396663891,0.3291028467391628
25632,LOF,0.007273781018254989,0.06691651571249121,0.9258097032692537
25633,LOF,0.20105607387446656,0.04767006666741899,0.7512738594581145
25634,LOF,0.028217823915108648,0.09951674715126779,0.8722654289336236
25635,LOF,0.03518966974487497,0.04983888731262531,0.9149714429424998
25636,GOF,0.005368008399445543,0.5971704026484211,0.39746158895213335
25637,GOF,0.007544641867396682,0.6008418969118492,0.39161346122075413
25638,LOF,0.010911479389799387,0.32406169967456466,0.6650268209356359
25639,LOF,0.00496295634141548,0.4540968126405155,0.5409402310180691
25640,Neutral,0.48513243145221113,0.4276276118286585,0.08723995671913035
25641,LOF,0.01456468084153049,0.3041296131840625,0.6813057059744071
25642,LOF,0.23790012571281563,0.055620926567291416,0.7064789477198931
25643,LOF,0.13818604890862793,0.1523716803583631,0.7094422707330089
25644,LOF,0.009158697130345762,0.4296199404116713,0.5612213624579829
25645,LOF,0.007806614095774568,0.405245835549667,0.5869475503545584
25646,LOF,0.013334280900176342,0.3189228710278618,0.6677428480719618
25647,LOF,0.010403371104796468,0.2711658485797684,0.7184307803154352
25648,LOF,0.00954407138040132,0.25100009060885675,0.739455838010742
25649,LOF,0.00781792381273835,0.20639412248471242,0.7857879537025493
25650,LOF,0.01376641071147516,0.40544513019955575,0.580788459088969
25651,LOF,0.0058987570255404536,0.2687739220249032,0.7253273209495563
25652,LOF,0.009366844486197304,0.2627730772044851,0.7278600783093176
25653,LOF,0.02529753148008897,0.3814442693191946,0.5932581992007164
25654,LOF,0.01094151682269907,0.1518562847374385,0.8372021984398623
25655,LOF,0.04478622803015217,0.39830229119692595,0.556911480772922
25656,LOF,0.1794470154998431,0.047182350082338564,0.7733706344178183
25657,LOF,0.24794532915294976,0.030356889784495536,0.7216977810625548
25658,LOF,0.07930059524121334,0.07507659684268907,0.8456228079160976
25659,LOF,0.4075866824476517,0.07060145772637952,0.5218118598259688
25660,LOF,0.02748977395737484,0.09892642848006124,0.8735837975625639
25661,LOF,0.08739745129734505,0.06733455227989701,0.845267996422758
25662,LOF,0.029720974231763068,0.0457094079459302,0.9245696178223067
25663,LOF,0.03600317850086213,0.06911378117060746,0.8948830403285305
25664,LOF,0.05195977118783776,0.08685452732537169,0.8611857014867904
25665,LOF,0.0533860038089926,0.03786776228290549,0.9087462339081019
25666,LOF,0.036750250217445726,0.11507221560090826,0.8481775341816461
25667,LOF,0.06011356896549969,0.05206495828161951,0.8878214727528808
25668,LOF,0.03352182114150776,0.05317804983330695,0.9133001290251853
25669,LOF,0.030799717496208627,0.07649934395760047,0.8927009385461908
25670,LOF,0.05478016850982655,0.06396258004600668,0.8812572514441669
25671,LOF,0.09039780806655097,0.0440845743456594,0.8655176175877897
25672,LOF,0.053926160114987756,0.0486756167064487,0.8973982231785634
25673,LOF,0.023482861930801718,0.06714943265798101,0.9093677054112174
25674,LOF,0.020149400554138337,0.07896794886233396,0.9008826505835278
25675,LOF,0.03176805183612048,0.07097151369824589,0.8972604344656336
25676,LOF,0.017427364846781663,0.06245518871010663,0.9201174464431117
25677,LOF,0.027136097221705183,0.0719276246497817,0.9009362781285131
25678,LOF,0.19184843695249257,0.05999140267848987,0.7481601603690176
25679,LOF,0.15619240880347635,0.0804751150049625,0.7633324761915613
25680,LOF,0.043832978087626255,0.10906869375282036,0.8470983281595533
25681,LOF,0.06787469118656757,0.10309645276764424,0.8290288560457881
25682,LOF,0.13403534976283943,0.08102813997713779,0.7849365102600229
25683,LOF,0.0766904584505718,0.12418925786904184,0.7991202836803865
25684,LOF,0.042437856771833295,0.08066863645025044,0.8768935067779162
25685,LOF,0.07612994049543136,0.054793175297024266,0.8690768842075444
25686,LOF,0.025788433875974702,0.08175284489266586,0.8924587212313595
25687,LOF,0.04601988039733089,0.07082188539484738,0.8831582342078218
25688,LOF,0.04586017412325016,0.06656860343896286,0.887571222437787
25689,LOF,0.025216760032904222,0.07885959547027885,0.8959236444968169
25690,LOF,0.033063415270482795,0.058242409679184134,0.9086941750503331
25691,LOF,0.23869033050657204,0.08103504181499985,0.6802746276784281
25692,LOF,0.2643899689498425,0.0076040156489730415,0.7280060154011845
25693,LOF,0.06796634266408315,0.2480299002995466,0.6840037570363703
25694,LOF,0.23198601822424808,0.013803862714863115,0.7542101190608888
25695,LOF,0.1375075370001875,0.022645710337401828,0.8398467526624106
25696,LOF,0.11303347000874876,0.012210947806664917,0.8747555821845864
25697,LOF,0.09029330488222576,0.0210011389914344,0.88870555612634
25698,LOF,0.05303312289708699,0.4479153210938676,0.49905155600904544
25699,LOF,0.06783237769587115,0.10439524833225292,0.827772373971876
25700,LOF,0.05112394524511503,0.011187795364172621,0.9376882593907124
25701,LOF,0.01778779485787679,0.07385746400487801,0.9083547411372452
25702,GOF,0.03965045462789127,0.689107402850231,0.2712421425218778
25703,LOF,0.008281822713503289,0.1779686109442105,0.8137495663422861
25704,LOF,0.05835679484437437,0.1478466358901737,0.793796569265452
25705,LOF,0.06530540336436502,0.2674497736717883,0.6672448229638468
25706,GOF,0.025922692771172033,0.5035041926455727,0.47057311458325535
25707,LOF,0.019310490915239346,0.44169169434767513,0.5389978147370856
25708,LOF,0.007928022117575696,0.4128641356894142,0.5792078421930101
25709,LOF,0.0564485309013875,0.06845335565782026,0.8750981134407922
25710,LOF,0.005151050723915212,0.1812210307670819,0.8136279185090028
25711,LOF,0.017458289462617172,0.1450352610534969,0.837506449483886
25712,LOF,0.006605759386704542,0.23594487265741115,0.7574493679558844
25713,LOF,0.01796377365901117,0.12434144889474151,0.8576947774462473
25714,LOF,0.05865531149113626,0.14947800443156514,0.7918666840772985
25715,LOF,0.011550045759462689,0.16623704235215192,0.8222129118883854
25716,LOF,0.006059567920063236,0.14014408052153327,0.8537963515584035
25717,LOF,0.00529868980161975,0.11187049446592594,0.8828308157324544
25718,LOF,0.01264798687025723,0.11107002917176777,0.876281983957975
25719,LOF,0.018817241519341287,0.11762753349955066,0.8635552249811081
25720,LOF,0.019965412441051992,0.10995707579730664,0.8700775117616413
25721,LOF,0.016431284490627404,0.1291892615877351,0.8543794539216376
25722,LOF,0.014346846674625862,0.1607363599755805,0.8249167933497936
25723,LOF,0.019514531865142078,0.08879653717134889,0.891688930963509
25724,LOF,0.01744429015856137,0.1325663609107641,0.8499893489306745
25725,LOF,0.01145205909492589,0.09743285194358776,0.8911150889614864
25726,LOF,0.01454669972621721,0.13776303292255604,0.8476902673512269
25727,LOF,0.012262971035490337,0.1066573069503821,0.8810797220141277
25728,LOF,0.01048988898909512,0.1352631674496247,0.8542469435612803
25729,LOF,0.01079910047373065,0.13664912275183852,0.8525517767744308
25730,LOF,0.01614548617213145,0.10846182192130646,0.8753926919065621
25731,LOF,0.008043358612677886,0.14766612200807683,0.8442905193792453
25732,LOF,0.015845561038390927,0.10636563829464643,0.8777888006669626
25733,LOF,0.015415755146037208,0.09858982890170843,0.8859944159522543
25734,LOF,0.005483711610354602,0.14894989042790824,0.8455663979617372
25735,LOF,0.013703918505641668,0.09560288674131287,0.8906931947530455
25736,LOF,0.014834438475557507,0.13226593135828416,0.8528996301661584
25737,LOF,0.020345363637332227,0.10599604229891213,0.8736585940637556
25738,LOF,0.013208114938814648,0.1643262408972296,0.8224656441639557
25739,LOF,0.01906805194446515,0.14189965946197564,0.8390322885935592
25740,LOF,0.033057698456698106,0.1434930451560209,0.8234492563872811
25741,LOF,0.015228482856136623,0.13054991558937365,0.8542216015544897
25742,LOF,0.08791037143327891,0.13875512791529784,0.7733345006514232
25743,LOF,0.01587875891367943,0.03178613585061513,0.9523351052357055
25744,LOF,0.24030756276262977,0.2937294999276492,0.465962937309721
25745,LOF,0.0284664865227696,0.03935279882424926,0.9321807146529811
25746,LOF,0.01806532593676772,0.04539288890406804,0.9365417851591641
25747,LOF,0.02933561704246485,0.02550518150034655,0.9451592014571887
25748,LOF,0.13056845573756415,0.04206835229373726,0.8273631919686986
25749,LOF,0.016404297713737626,0.03600778768484264,0.9475879146014197
25750,LOF,0.03664908672538147,0.04923224691715748,0.9141186663574611
25751,LOF,0.11199896267747504,0.04698812125923268,0.8410129160632923
25752,GOF,0.1280708629391905,0.6077547006903944,0.2641744363704151
25753,LOF,0.007542202999827126,0.3049934211031576,0.6874643758970154
25754,GOF,0.004832080991120628,0.7984456668164337,0.19672225219244568
25755,LOF,0.009329098634597448,0.395217078900398,0.5954538224650046
25756,LOF,0.04156478992372097,0.39839583109031174,0.5600393789859673
25757,GOF,0.005968844152896136,0.8524185308979336,0.1416126249491703
25758,GOF,0.006892643028642276,0.8533312063042011,0.13977615066715662
25759,GOF,0.0043046755385044,0.5316156412582363,0.4640796832032593
25760,LOF,0.005004359049761961,0.26423396981084896,0.7307616711393891
25761,GOF,0.046520002498831904,0.8211754162574272,0.13230458124374092
25762,LOF,0.030488184412321515,0.298371476036352,0.6711403395513265
25763,LOF,0.005682153200349406,0.2069439258393382,0.7873739209603123
25764,GOF,0.18525447625400351,0.509543365565432,0.30520215818056445
25765,GOF,0.011895514795997646,0.788992313277441,0.19911217192656144
25766,GOF,0.017886242799974073,0.81689791342243,0.16521584377759596
25767,LOF,0.017959058327248437,0.4771614438208667,0.5048794978518848
25768,LOF,0.07549640838774985,0.07914428533704415,0.8453593062752061
25769,LOF,0.08208825246021825,0.051988455945364165,0.8659232915944176
25770,LOF,0.3200327470590145,0.06550931114075666,0.6144579418002287
25771,LOF,0.013259261500934294,0.05302483509934805,0.9337159033997177
25772,LOF,0.019754453294975344,0.026463360349514645,0.95378218635551
25773,LOF,0.010716214184401843,0.1156802048127022,0.8736035810028959
25774,LOF,0.024510289085004303,0.06636343823340629,0.9091262726815894
25775,LOF,0.015269684298078404,0.047514456970814266,0.9372158587311072
25776,LOF,0.08226903888191159,0.022004470166915105,0.8957264909511734
25777,LOF,0.28345266403421643,0.04220274546367671,0.6743445905021069
25778,LOF,0.07087029151619828,0.04085593716403101,0.8882737713197707
25779,GOF,0.06933491073975528,0.8684538086003476,0.06221128065989725
25780,GOF,0.06085293195593066,0.8325338543593842,0.10661321368468515
25781,GOF,0.026373731483740424,0.8310350395262417,0.14259122899001808
25782,GOF,0.034436071430119015,0.8654536062993542,0.1001103222705268
25783,GOF,0.011739598008035536,0.6593276298238671,0.32893277216809735
25784,GOF,0.12285468727718815,0.8182527024307956,0.058892610292016194
25785,GOF,0.07447082632984253,0.8684080374582526,0.05712113621190487
25786,GOF,0.005955739490536042,0.7975361353046737,0.19650812520479016
25787,GOF,0.20239433452095926,0.7503449335964835,0.04726073188255728
25788,LOF,0.04812621321417696,0.11145713953467644,0.8404166472511465
25789,GOF,0.043444901559038414,0.7879090709357984,0.16864602750516305
25790,GOF,0.04341424891238229,0.8146749858776317,0.1419107652099861
25791,GOF,0.02964777929015003,0.7607704420535889,0.20958177865626115
25792,GOF,0.04770355621742524,0.7642568179000938,0.1880396258824811
25793,GOF,0.07393888971021578,0.71565396223872,0.21040714805106422
25794,GOF,0.11665776951653048,0.6568750255592369,0.2264672049242325
25795,GOF,0.02830159666915076,0.7448561896480939,0.22684221368275537
25796,GOF,0.13293443845713332,0.7401310610523629,0.12693450049050375
25797,GOF,0.03571770532763762,0.5759319434957755,0.3883503511765869
25798,GOF,0.003214210184099833,0.5256923089086204,0.4710934809072797
25799,LOF,0.0030727522887223813,0.4199992564519661,0.5769279912593115
25800,GOF,0.010681806811864748,0.6113038951214709,0.37801429806666437
25801,GOF,0.030995460763696914,0.8074872124807,0.16151732675560324
25802,GOF,0.018377302799696238,0.7031317079492567,0.27849098925104704
25803,GOF,0.009639813146836554,0.578773638600455,0.4115865482527084
25804,LOF,0.012264567268437184,0.48842654379437406,0.4993088889371888
25805,GOF,0.02310091344920563,0.6005793696009518,0.37631971694984245
25806,GOF,0.01896140414585628,0.6031007547253371,0.37793784112880663
25807,GOF,0.005643852388325086,0.6360714215640481,0.3582847260476269
25808,GOF,0.015519492451791654,0.6321123027624115,0.35236820478579683
25809,GOF,0.006223372292896246,0.5984720491398066,0.3953045785672971
25810,GOF,0.005129347108382217,0.6111219619094073,0.3837486909822105
25811,GOF,0.1010455679795667,0.7744861649849097,0.1244682670355235
25812,GOF,0.01258045208945236,0.6214974252562844,0.36592212265426327
25813,GOF,0.11057800423280856,0.7333900535308305,0.1560319422363609
25814,GOF,0.029798414672351673,0.6956911588653079,0.27451042646234036
25815,GOF,0.044706251957967694,0.7092103109439118,0.2460834370981204
25816,GOF,0.007405765824207444,0.7603728725781128,0.2322213615976796
25817,GOF,0.0734283900829982,0.7675461597098014,0.15902545020720046
25818,GOF,0.017808940627855967,0.7057703251466236,0.2764207342255205
25819,GOF,0.0751173567831026,0.7233985253976045,0.20148411781929293
25820,GOF,0.03519432519219273,0.7135834411169981,0.25122223369080915
25821,GOF,0.015904340009780166,0.6928701399791761,0.2912255200110437
25822,GOF,0.03855953156696678,0.7005016836193241,0.26093878481370925
25823,GOF,0.011973923901281087,0.5340998194405988,0.45392625665812
25824,GOF,0.0226404647116343,0.6522484294327435,0.3251111058556222
25825,GOF,0.012258798235581169,0.6259792364824416,0.3617619652819773
25826,GOF,0.004931887098574304,0.598605995087005,0.3964621178144207
25827,GOF,0.008897380759088566,0.6094853308379863,0.381617288402925
25828,GOF,0.005388357719764522,0.5241700174198552,0.47044162486038016
25829,GOF,0.002655924900291986,0.5725720288186392,0.42477204628106885
25830,LOF,0.03612434422908108,0.3397122649505827,0.6241633908203362
25831,GOF,0.03761880963810959,0.8192193106023712,0.14316187975951924
25832,GOF,0.007480444008918217,0.7508759705141149,0.24164358547696685
25833,GOF,0.0284575715212524,0.7972667113175674,0.17427571716118015
25834,GOF,0.007992848971406112,0.7577981723249675,0.23420897870362636
25835,GOF,0.017757387661272547,0.8068128412952823,0.17542977104344512
25836,GOF,0.007008311434985202,0.7473123170632352,0.24567937150177954
25837,GOF,0.0073895981367318045,0.6618552744421539,0.33075512742111424
25838,GOF,0.02213599212513986,0.827192867213846,0.1506711406610142
25839,GOF,0.055480524646976,0.7792184374859036,0.16530103786712042
25840,GOF,0.0431080670935531,0.8102645667132842,0.1466273661931628
25841,GOF,0.04060332191245144,0.8305644349978484,0.12883224308970018
25842,GOF,0.0252911650645305,0.8520883690173573,0.12262046591811224
25843,GOF,0.028659510008852085,0.8700615639271952,0.10127892606395261
25844,GOF,0.016669124208049436,0.7843873651602319,0.19894351063171883
25845,GOF,0.005227219127262208,0.5749369584365578,0.41983582243618
25846,GOF,0.02857084606419027,0.8419520338369304,0.1294771200988792
25847,GOF,0.01937482475514473,0.8841816401283176,0.09644353511653771
25848,GOF,0.013025296072179872,0.7760279924967809,0.21094671143103935
25849,GOF,0.0042430002942114445,0.6680322480493143,0.3277247516564743
25850,GOF,0.007293629406358479,0.6960109958420987,0.29669537475154284
25851,GOF,0.0064243301697481355,0.5762881360682737,0.417287533761978
25852,GOF,0.16975150327971036,0.5232624751943965,0.30698602152589327
25853,GOF,0.07288982467117551,0.815295903890367,0.11181427143845754
25854,GOF,0.008926786393183455,0.642956156818372,0.3481170567884446
25855,GOF,0.012878575631234422,0.5572633091266367,0.4298581152421289
25856,GOF,0.036137477826052034,0.6814112524294483,0.2824512697444995
25857,GOF,0.013131282033195397,0.5260532156986234,0.4608155022681812
25858,GOF,0.007489417318222113,0.5514811638562367,0.44102941882554125
25859,GOF,0.005399757159082476,0.5260374175906173,0.4685628252503002
25860,GOF,0.07441191357574264,0.7832458525284034,0.14234223389585404
25861,GOF,0.11546445254165653,0.7877427448203962,0.09679280263794715
25862,GOF,0.019281933393048303,0.8339828738117641,0.1467351927951875
25863,GOF,0.017955542353691834,0.848168274729722,0.13387618291658615
25864,GOF,0.04536614345267403,0.863869008995069,0.09076484755225704
25865,GOF,0.030650941245337723,0.8467571034825162,0.12259195527214617
25866,GOF,0.022603129062919947,0.8161368787477989,0.16125999218928114
25867,GOF,0.023609517283468127,0.8539069689766257,0.12248351373990618
25868,GOF,0.04916476590372385,0.7982877193416571,0.15254751475461906
25869,GOF,0.32234033744711404,0.5695478298070287,0.10811183274585735
25870,GOF,0.17452657997882245,0.512170062179357,0.3133033578418205
25871,GOF,0.02971284479332507,0.8428814593986996,0.1274056958079753
25872,GOF,0.016140635254795845,0.7525919566185764,0.23126740812662783
25873,GOF,0.017938971100985142,0.8373822042809419,0.144678824618073
25874,LOF,0.017218934511128572,0.11309630537790649,0.8696847601109648
25875,LOF,0.02313567345002835,0.03277259607445733,0.9440917304755143
25876,LOF,0.01415855351671435,0.02935354241381109,0.9564879040694746
25877,LOF,0.11409812209661296,0.05480280582766893,0.8310990720757181
25878,LOF,0.04713130331967812,0.07223391210733301,0.8806347845729888
25879,LOF,0.02196507744748016,0.06203479822164419,0.9160001243308756
25880,LOF,0.04299419248093008,0.01029422760976786,0.9467115799093021
25881,Neutral,0.5485460469494416,0.054747643597749175,0.3967063094528092
25882,LOF,0.020887355200628944,0.031450636457381415,0.9476620083419895
25883,LOF,0.06615196787886052,0.023833215187074163,0.9100148169340654
25884,LOF,0.010995341055698958,0.0378479498205237,0.9511567091237773
25885,LOF,0.16574518202458985,0.0062580269905514185,0.8279967909848587
25886,LOF,0.2778242296562717,0.04754781179099337,0.674627958552735
25887,LOF,0.13657991987845242,0.062172486552452826,0.8012475935690947
25888,LOF,0.01258417812259824,0.10659894000672766,0.8808168818706742
25889,LOF,0.01389670622506385,0.029296343583847365,0.9568069501910889
25890,LOF,0.11047410362386247,0.07319002996259485,0.8163358664135427
25891,LOF,0.041943497233688745,0.03657947603076328,0.9214770267355479
25892,LOF,0.010998091476714784,0.04889112537285482,0.9401107831504304
25893,LOF,0.3975066029078865,0.01632575361283811,0.5861676434792753
25894,LOF,0.4143435569315671,0.007629493028374601,0.5780269500400582
25895,LOF,0.3405826435938799,0.01805381807880859,0.6413635383273115
25896,LOF,0.042073026896994596,0.028103339298629525,0.9298236338043758
25897,LOF,0.19276888224957595,0.01479541405520621,0.7924357036952178
25898,LOF,0.21034296893111953,0.039881059344246926,0.7497759717246336
25899,LOF,0.18382606137893104,0.02985602871388755,0.7863179099071814
25900,LOF,0.47162559292179257,0.012399870877012931,0.5159745362011945
25901,LOF,0.04921633932597399,0.012084443434775662,0.9386992172392503
25902,LOF,0.10048000014676715,0.018490248720549867,0.8810297511326829
25903,LOF,0.4128448597208074,0.03896364646869682,0.5481914938104958
25904,LOF,0.3009709533496603,0.05004108427664883,0.6489879623736908
25905,LOF,0.006559434219467889,0.40632871176400004,0.5871118540165321
25906,LOF,0.008640350339069326,0.12025745799315202,0.8711021916677786
25907,LOF,0.004315467004103032,0.3449692866412263,0.6507152463546707
25908,LOF,0.0038745720877733673,0.2492502847596563,0.7468751431525703
25909,LOF,0.013057280966366437,0.14889987931864243,0.8380428397149912
25910,LOF,0.015258067130380776,0.1433686000890381,0.8413733327805811
25911,LOF,0.19126398442937745,0.02856899082469705,0.7801670247459255
25912,LOF,0.07397127476414223,0.042431484806666836,0.8835972404291909
25913,LOF,0.08459503020370879,0.05067249693233155,0.8647324728639597
25914,LOF,0.021149752164138468,0.05474595050986494,0.9241042973259965
25915,LOF,0.15408075513436892,0.3084464847952052,0.5374727600704259
25916,LOF,0.02118443406652292,0.18729145801678984,0.7915241079166873
25917,LOF,0.05467101511042899,0.03946621653965515,0.9058627683499159
25918,LOF,0.02570243248770687,0.03022103556241261,0.9440765319498805
25919,LOF,0.02236335070441568,0.03002089342122104,0.9476157558743633
25920,LOF,0.11078325585324898,0.24925592278439565,0.6399608213623554
25921,LOF,0.010504711781927582,0.04042938239578167,0.9490659058222908
25922,LOF,0.013874433394704134,0.031511417495493334,0.9546141491098025
25923,Neutral,0.5122636828785947,0.04082338254259464,0.4469129345788108
25924,LOF,0.016667007266503855,0.04467713711064683,0.9386558556228493
25925,LOF,0.07756690099789847,0.045453273235025037,0.8769798257670766
25926,LOF,0.05739118032561133,0.04190011503074255,0.900708704643646
25927,LOF,0.020621150281011,0.0632731120736464,0.9161057376453426
25928,LOF,0.007816820047535884,0.05136184439882086,0.9408213355536432
25929,Neutral,0.6250394451948122,0.0425394720339713,0.33242108277121646
25930,LOF,0.06801173909159078,0.03584684384476334,0.8961414170636459
25931,LOF,0.009915937214458739,0.03822410622317221,0.951859956562369
25932,LOF,0.03313233962731537,0.028287245651165565,0.9385804147215191
25933,LOF,0.042030542397722484,0.017633094525474954,0.9403363630768026
25934,LOF,0.028314859254791405,0.019032306881106766,0.9526528338641018
25935,LOF,0.07226814254439709,0.05537745631782188,0.8723544011377811
25936,LOF,0.04826691465290368,0.02355892214920091,0.9281741631978954
25937,LOF,0.009783242627006547,0.038272381564229255,0.9519443758087642
25938,LOF,0.06843718389018853,0.05949996576218608,0.8720628503476254
25939,LOF,0.04006205936275916,0.02544865613351438,0.9344892845037266
25940,LOF,0.009812838399704421,0.3187882855812477,0.6713988760190478
25941,Neutral,0.5361643893661813,0.030722531086343634,0.43311307954747513
25942,LOF,0.00477827343422262,0.03928998418824236,0.9559317423775351
25943,LOF,0.03615757361812101,0.13675531928978735,0.8270871070920918
25944,LOF,0.12165418643944945,0.08656500017106487,0.7917808133894857
25945,LOF,0.05507631521822576,0.017891118114710863,0.9270325666670634
25946,LOF,0.07205265807546955,0.06384763418314884,0.8640997077413816
25947,LOF,0.4457949775206961,0.07238215783444787,0.481822864644856
25948,LOF,0.3109812850887433,0.007807076848536048,0.6812116380627207
25949,LOF,0.09790862522424944,0.04635683800688371,0.8557345367688668
25950,GOF,0.036836365084720095,0.5734301510215277,0.38973348389375223
25951,LOF,0.01634099627337754,0.4280578886109166,0.5556011151157059
25952,LOF,0.2454247704233068,0.29342096233106607,0.4611542672456271
25953,LOF,0.013539122987477547,0.19905987308381698,0.7874010039287054
25954,LOF,0.0548948069597702,0.4422843993260989,0.5028207937141308
25955,LOF,0.009997107050978785,0.1791382055827523,0.8108646873662689
25956,LOF,0.027754912850965933,0.3251606931100292,0.6470843940390048
25957,LOF,0.1490354613473739,0.03024585658217293,0.8207186820704532
25958,LOF,0.05278591764863084,0.027905537556015148,0.919308544795354
25959,LOF,0.01314623302577205,0.4800592885464279,0.5067944784278
25960,LOF,0.006213187310505516,0.053272315716080605,0.9405144969734139
25961,LOF,0.04238830892255009,0.02563079866936283,0.9319808924080871
25962,LOF,0.03131844821207421,0.08214544837393457,0.8865361034139914
25963,LOF,0.0055054020276726935,0.23726037064697944,0.7572342273253478
25964,LOF,0.036200568251701426,0.11014682478529615,0.8536526069630024
25965,LOF,0.33114913230229476,0.1396190888037886,0.5292317788939167
25966,Neutral,0.511954203236839,0.16029669985268621,0.3277490969104747
25967,LOF,0.006932363591970162,0.09770105884882374,0.895366577559206
25968,LOF,0.05988110517726173,0.24222291795451556,0.6978959768682227
25969,LOF,0.12878904285933987,0.06450076493581465,0.8067101922048455
25970,LOF,0.01815626686367796,0.10325043755509374,0.8785932955812282
25971,LOF,0.06427832129750863,0.03066529346881287,0.9050563852336786
25972,LOF,0.06170660600475503,0.04384646612113809,0.8944469278741068
25973,LOF,0.05382313524322698,0.013150669150174446,0.9330261956065985
25974,LOF,0.037136196369739485,0.038624965902852894,0.9242388377274077
25975,LOF,0.04411204445804257,0.02390163403679269,0.9319863215051648
25976,LOF,0.09788319555110311,0.012381893957241439,0.8897349104916555
25977,LOF,0.18679235460550161,0.056476878749949194,0.7567307666445491
25978,LOF,0.14299762964059679,0.13410953466527892,0.7228928356941243
25979,LOF,0.12842319876935673,0.13691960497617686,0.7346571962544665
25980,LOF,0.24501860227147987,0.14703052790709534,0.6079508698214248
25981,LOF,0.27081150974194723,0.1441465288999085,0.5850419613581442
25982,LOF,0.392670241176466,0.11190583329807087,0.4954239255254631
25983,LOF,0.37295266434938623,0.12389258427901795,0.5031547513715958
25984,LOF,0.04281679706383076,0.06170110970619906,0.8954820932299701
25985,LOF,0.4109757210198498,0.10911463573191536,0.4799096432482349
25986,LOF,0.011080175305381168,0.40212054008960835,0.5867992846050104
25987,LOF,0.0348077816604368,0.09428410164541474,0.8709081166941485
25988,LOF,0.16740019996366023,0.09986003651796177,0.732739763518378
25989,LOF,0.03456542189451099,0.13709687566621942,0.8283377024392696
25990,LOF,0.03645164586091914,0.21422052710906592,0.749327827030015
25991,LOF,0.01891390247246265,0.36706717457300353,0.6140189229545338
25992,LOF,0.020556395879808193,0.3688391083813592,0.6106044957388326
25993,LOF,0.02022120323058025,0.09178542640443788,0.8879933703649819
25994,LOF,0.015017395666596316,0.0861192348767635,0.8988633694566402
25995,LOF,0.01950030290739714,0.18949265828605102,0.7910070388065518
25996,LOF,0.3530753224868342,0.28637488790800697,0.3605497896051588
25997,LOF,0.07109159360024274,0.3442303364214771,0.5846780699782802
25998,LOF,0.2971618181846956,0.04573408662607734,0.6571040951892271
25999,LOF,0.01957441531145513,0.22533133662034685,0.755094248068198
26000,LOF,0.14960771094274034,0.03127885014719387,0.8191134389100658
26001,LOF,0.3091236899116513,0.023607467554781127,0.6672688425335676
26002,LOF,0.0762015267820045,0.04845112066697487,0.8753473525510206
26003,GOF,0.004055683492273034,0.6154095836387921,0.380534732868935
26004,GOF,0.006694995516241356,0.706457036175113,0.2868479683086456
26005,GOF,0.0030711083435695165,0.5003734705571553,0.4965554210992752
26006,GOF,0.07458807190159106,0.5757094825456767,0.34970244555273233
26007,GOF,0.006522421654760609,0.564363486188254,0.42911409215698537
26008,GOF,0.005551235800895265,0.6449319501643019,0.3495168140348029
26009,GOF,0.005714591482645714,0.6579153808780537,0.33637002763930063
26010,GOF,0.006986951711053255,0.6857334861394997,0.30727956214944707
26011,LOF,0.0026879692197082907,0.48361801463327014,0.5136940161470216
26012,GOF,0.004102612788242267,0.5547153324387881,0.44118205477296957
26013,GOF,0.00529019326236504,0.6403048072685783,0.35440499946905657
26014,LOF,0.045039135203172015,0.09991685628878062,0.8550440085080474
26015,LOF,0.12847100903455236,0.023991428932815282,0.8475375620326324
26016,LOF,0.3030587810715713,0.05187729600502582,0.6450639229234029
26017,LOF,0.025432219516444764,0.22178414293658263,0.7527836375469725
26018,LOF,0.07260727131775979,0.046019068488472176,0.8813736601937681
26019,LOF,0.06800678232355996,0.035743373352606474,0.8962498443238336
26020,LOF,0.008139173498716372,0.21900717813631518,0.7728536483649684
26021,LOF,0.063180857240573,0.08419436302790184,0.8526247797315253
26022,LOF,0.026392380163410736,0.027380075896659323,0.9462275439399299
26023,LOF,0.04235833263067116,0.025836412158454548,0.9318052552108743
26024,LOF,0.043616602090942244,0.08821122895031032,0.8681721689587474
26025,LOF,0.06167673237425226,0.08587730687829767,0.85244596074745
26026,LOF,0.12818859887672288,0.062503627740207,0.8093077733830703
26027,LOF,0.05710107581756566,0.020726390608697784,0.9221725335737365
26028,LOF,0.08163491448926104,0.12486632454659795,0.7934987609641411
26029,LOF,0.027408299812245077,0.2034549585101843,0.7691367416775706
26030,LOF,0.14097517747501864,0.031340654583855536,0.8276841679411258
26031,LOF,0.014070483080023238,0.16658588071421523,0.8193436362057616
26032,LOF,0.08321553215940511,0.07309385396630332,0.8436906138742917
26033,LOF,0.0841636835468825,0.06907668652674259,0.8467596299263749
26034,LOF,0.015166784594296316,0.17871688164204974,0.8061163337636539
26035,LOF,0.013459942015439647,0.14667200739421657,0.8398680505903438
26036,LOF,0.016646975662839212,0.1840964557575337,0.7992565685796271
26037,LOF,0.011364563229906578,0.12455481514028728,0.8640806216298061
26038,LOF,0.07077933769975289,0.06624219264963388,0.8629784696506132
26039,LOF,0.023904625592750407,0.1742319669978666,0.801863407409383
26040,LOF,0.11580534842550676,0.16355245177264952,0.7206421998018437
26041,LOF,0.013544508095316146,0.11325147699921422,0.8732040149054696
26042,LOF,0.012328834683747097,0.1138845075111046,0.8737866578051482
26043,LOF,0.06850208276871424,0.08703530355984652,0.8444626136714394
26044,LOF,0.01356755366204248,0.06874066967280486,0.9176917766651528
26045,LOF,0.05133231542794946,0.1186420922188537,0.8300255923531968
26046,LOF,0.06132799749619481,0.07007071153805372,0.8686012909657516
26047,LOF,0.1003012879985861,0.0738831881888873,0.8258155238125265
26048,LOF,0.045661974353765254,0.04694791417456382,0.9073901114716709
26049,Neutral,0.969808990836506,0.00667372424070043,0.023517284922793504
26050,Neutral,0.9559208509806073,0.008778657106104556,0.03530049191328813
26051,LOF,0.015258962471458113,0.18820662286166226,0.7965344146668797
26052,LOF,0.023229371678247155,0.217248230345991,0.7595223979757618
26053,LOF,0.022826660031333386,0.14822002276656815,0.8289533172020984
26054,LOF,0.05145873108400304,0.01603396045164833,0.9325073084643486
26055,LOF,0.06377436051615999,0.014231665256499054,0.9219939742273409
26056,LOF,0.05315597670700621,0.01675820247083478,0.930085820822159
26057,LOF,0.03346974347936934,0.010465706347417386,0.9560645501732132
26058,LOF,0.034058872504555804,0.009408172323300878,0.9565329551721433
26059,LOF,0.3071930403641353,0.017451221918314604,0.6753557377175501
26060,LOF,0.009497892370395129,0.1272868703526927,0.8632152372769122
26061,LOF,0.004944452605862626,0.012912810245858605,0.9821427371482787
26062,LOF,0.0038238114661269204,0.016986183596141003,0.9791900049377321
26063,LOF,0.021642049592350325,0.008997187256135498,0.9693607631515142
26064,LOF,0.006788008993437534,0.02014019932625303,0.9730717916803094
26065,LOF,0.023520419014376515,0.01079906462691608,0.9656805163587074
26066,LOF,0.02145408360250532,0.009757024242421829,0.9687888921550728
26067,LOF,0.029947180293778,0.007917028392520637,0.9621357913137014
26068,LOF,0.04337438560196341,0.02746147322084757,0.929164141177189
26069,LOF,0.27771380954749975,0.017758189122736995,0.7045280013297631
26070,LOF,0.4146647438156939,0.011989140192356636,0.5733461159919495
26071,LOF,0.02124269985587117,0.010445856434839569,0.9683114437092893
26072,LOF,0.005284436088859876,0.020752736339081115,0.9739628275720589
26073,LOF,0.01834052267499705,0.012356206483160291,0.9693032708418428
26074,Neutral,0.9017271057758772,0.005783878927590964,0.09248901529653189
26075,LOF,0.044897882373432715,0.013847336840261801,0.9412547807863055
26076,LOF,0.038873097247325634,0.008376421506225001,0.9527504812464493
26077,LOF,0.10474176401972449,0.0072470537944249805,0.8880111821858505
26078,LOF,0.005346474259860416,0.012604629003694554,0.982048896736445
26079,LOF,0.05775030117198907,0.01542033737752141,0.9268293614504896
26080,LOF,0.05521874173790755,0.015468900556104082,0.9293123577059884
26081,LOF,0.030745317686659602,0.006848128485497395,0.9624065538278429
26082,LOF,0.00443733216476441,0.014576165851007161,0.9809865019842285
26083,LOF,0.13861752947898168,0.014121002242499358,0.847261468278519
26084,LOF,0.03687506562699304,0.011521530945956522,0.9516034034270504
26085,LOF,0.03279950049061224,0.010510916482506202,0.9566895830268816
26086,LOF,0.020438071518501924,0.010456400863770768,0.9691055276177273
26087,LOF,0.02149915899967799,0.009220902018923869,0.9692799389813981
26088,LOF,0.00527029641810311,0.02244608813750468,0.9722836154443922
26089,LOF,0.040366002393035345,0.02014713217378776,0.9394868654331769
26090,LOF,0.039597120638680094,0.01649498918210577,0.9439078901792142
26091,LOF,0.028611155494111244,0.006726584333475303,0.9646622601724135
26092,LOF,0.020689184208381634,0.007675383547463262,0.9716354322441552
26093,LOF,0.037625603481314725,0.0060393342253684595,0.9563350622933168
26094,LOF,0.028431429724420976,0.006521255186858647,0.9650473150887204
26095,LOF,0.015096387837339468,0.017089969353118822,0.9678136428095417
26096,LOF,0.15501128372106682,0.005830096796901402,0.8391586194820317
26097,LOF,0.004770822519313451,0.03429326940558905,0.9609359080750974
26098,LOF,0.07230792319482547,0.01287634323103787,0.9148157335741367
26099,LOF,0.018779006325847825,0.012478888281546167,0.968742105392606
26100,LOF,0.021402454476040056,0.011872865046483052,0.966724680477477
26101,LOF,0.05082296861894367,0.018198993994225445,0.9309780373868308
26102,LOF,0.020765502885221936,0.012439463491026974,0.9667950336237511
26103,Neutral,0.8651457879892354,0.018355548920731657,0.11649866309003291
26104,LOF,0.0698944244204424,0.022112665337386844,0.9079929102421707
26105,LOF,0.19931675584628464,0.17031023925440805,0.6303730048993073
26106,LOF,0.3278076042568177,0.12598362326946477,0.5462087724737176
26107,LOF,0.022198405442259466,0.10733393884929071,0.8704676557084498
26108,LOF,0.365990525984408,0.04323305974305114,0.5907764142725408
26109,LOF,0.032343738719487675,0.06833271338569925,0.8993235478948132
26110,LOF,0.21098559208994225,0.0063880863772902766,0.7826263215327675
26111,LOF,0.07599006049551352,0.07895452873171634,0.8450554107727701
26112,LOF,0.03716116416329409,0.006558321557548093,0.9562805142791577
26113,LOF,0.0678420107521687,0.014402100059432139,0.9177558891883991
26114,LOF,0.07128411188437343,0.013794207305846509,0.91492168080978
26115,LOF,0.01624100535125797,0.07883276048873056,0.9049262341600115
26116,LOF,0.08580411560248973,0.048446244871427804,0.8657496395260824
26117,LOF,0.4387450704341238,0.044527442739136294,0.5167274868267399
26118,LOF,0.03303550077002549,0.022402456883775963,0.9445620423461984
26119,LOF,0.004409092627843603,0.04946904827503055,0.946121859097126
26120,LOF,0.022979374026866527,0.018565182260186462,0.9584554437129469
26121,LOF,0.00440993676976432,0.15351996505712506,0.8420700981731106
