feature0,prediction,LoGoFunc_Neutral,LoGoFunc_GOF,LoGoFunc_LOF
25546,Neutral,0.7539777349835887,0.037341371435400755,0.20868089358101052
25547,Neutral,0.5971477432826581,0.08520977038766683,0.3176424863296751
25548,Neutral,0.6065978615760383,0.0643386911149634,0.32906344730899817
25549,Neutral,0.5341461336312743,0.06420075843870662,0.4016531079300192
25550,LOF,0.3480632238331269,0.13569989935691915,0.516236876809954
25551,LOF,0.27633898046107,0.14395178288435936,0.5797092366545705
25552,LOF,0.20714815548227686,0.13248586032601584,0.6603659841917073
25553,Neutral,0.8556050112530406,0.026214194735249417,0.11818079401171004
25554,LOF,0.24252500448156886,0.12290904915533395,0.6345659463630973
25555,LOF,0.2024057835327875,0.10854109844322622,0.6890531180239862
25556,Neutral,0.445609616002593,0.11053325897665024,0.4438571250207567
25557,LOF,0.19286479417734426,0.11325604750741698,0.6938791583152387
25558,LOF,0.2283787224814677,0.12168970773724168,0.6499315697812906
25559,LOF,0.33014217409489993,0.13319380761489444,0.5366640182902056
25560,LOF,0.0672710152566955,0.142519039730652,0.7902099450126525
25561,LOF,0.14857160382227189,0.1342447466620795,0.7171836495156485
25562,LOF,0.08632851204153134,0.0724381307794256,0.8412333571790431
25563,LOF,0.099870457613628,0.09146048076037921,0.8086690616259927
25564,LOF,0.2019162170761586,0.14852537780924813,0.6495584051145934
25565,LOF,0.13752309173266952,0.1452650325159423,0.7172118757513881
25566,GOF,0.01798616968239347,0.7667849506332518,0.21522887968435472
25567,LOF,0.017449822910992244,0.23141898200379882,0.751131195085209
25568,LOF,0.05567453705509981,0.09549091694464126,0.848834546000259
25569,LOF,0.05670597754013211,0.09179332269304223,0.8515006997668256
25570,LOF,0.029772184550043955,0.14975492085824343,0.8204728945917126
25571,LOF,0.027892773765504402,0.14622784459187246,0.8258793816426231
25572,LOF,0.04801033573133323,0.158470668988698,0.7935189952799687
25573,LOF,0.032612577114979,0.13039399007805522,0.8369934328069658
25574,LOF,0.017442325492063485,0.19389763611647068,0.7886600383914659
25575,LOF,0.02401399241398809,0.16211374372723744,0.8138722638587744
25576,LOF,0.014817857303879694,0.17194096556593183,0.8132411771301885
25577,LOF,0.013141111155490976,0.15536941633712525,0.8314894725073837
25578,LOF,0.275999259430276,0.12150470055201078,0.6024960400177133
25579,LOF,0.1292205003952668,0.14004584378284815,0.730733655821885
25580,LOF,0.017437887654717443,0.12810914039514387,0.8544529719501387
25581,LOF,0.050504271176133944,0.09336447073073317,0.8561312580931328
25582,LOF,0.050253237382360684,0.0918774566511628,0.8578693059664765
25583,LOF,0.018730630380257105,0.14660932369553478,0.8346600459242081
25584,Neutral,0.47914047594143433,0.14643242894126848,0.37442709511729705
25585,LOF,0.01757346054278435,0.17934107353130047,0.8030854659259152
25586,LOF,0.015909091440135626,0.11365898607745156,0.8704319224824127
25587,LOF,0.016380007513895053,0.11186388820279577,0.8717561042833091
25588,LOF,0.015933506573126616,0.1391254461296457,0.8449410472972277
25589,Neutral,0.5854374183862344,0.15657014675985492,0.2579924348539107
25590,LOF,0.030156728256513624,0.15934256564314953,0.8105007061003368
25591,LOF,0.0925324865812631,0.0829470975109878,0.824520415907749
25592,LOF,0.04943084721719245,0.20071976933098154,0.749849383451826
25593,LOF,0.021463402883299284,0.32755394234509183,0.6509826547716089
25594,LOF,0.043718664393766336,0.16295728485012023,0.7933240507561136
25595,LOF,0.05476659863949144,0.1229761687815456,0.8222572325789629
25596,LOF,0.06670112574940727,0.08434762622128365,0.848951248029309
25597,LOF,0.045134084855495374,0.08147836430031491,0.8733875508441897
25598,LOF,0.047197016802916256,0.1308757403000944,0.8219272428969894
25599,GOF,0.0060628658413331244,0.6009514090923209,0.392985725066346
25600,GOF,0.021045924944803,0.6406104713561187,0.33834360369907823
25601,LOF,0.012973374070167085,0.44231426936466767,0.5447123565651653
25602,LOF,0.03174725564065559,0.03518166658781614,0.9330710777715282
25603,LOF,0.051680389407950285,0.01573793179737081,0.9325816787946789
25604,LOF,0.028877493771126025,0.052310067133026994,0.918812439095847
25605,LOF,0.008537275770948875,0.19101334750980462,0.8004493767192465
25606,LOF,0.10890950460062174,0.34265981179548577,0.5484306836038925
25607,LOF,0.005079693897231159,0.19447824399798777,0.800442062104781
25608,LOF,0.02197850818739719,0.08540760535270263,0.8926138864599001
25609,LOF,0.07732811930291225,0.4106013415565585,0.5120705391405292
25610,LOF,0.01919124315765983,0.025920039869843085,0.9548887169724972
25611,LOF,0.021531537206831503,0.02509369566150271,0.9533747671316659
25612,LOF,0.0884678360807435,0.0326432641200822,0.8788888997991742
25613,LOF,0.07770079286280335,0.034538640452854576,0.887760566684342
25614,LOF,0.02587104964522139,0.028535453638807634,0.945593496715971
25615,LOF,0.03331936190722868,0.040693036630443664,0.9259876014623276
25616,LOF,0.05633950624356072,0.02766330554642903,0.9159971882100102
25617,LOF,0.05685471975573075,0.03072015865711174,0.9124251215871575
25618,LOF,0.08327575720700196,0.03181393923686211,0.884910303556136
25619,LOF,0.017256801890815864,0.031216246277519427,0.9515269518316647
25620,LOF,0.07459327871490036,0.03385118611503581,0.8915555351700639
25621,LOF,0.0353411119888593,0.032596741744850215,0.9320621462662906
25622,LOF,0.04609359062472352,0.031816417200250316,0.9220899921750262
25623,LOF,0.06490368022896119,0.024650606647936543,0.9104457131231023
25624,LOF,0.021593490575366626,0.034954420090056226,0.9434520893345771
25625,LOF,0.04829179586806282,0.0406284084069089,0.9110797957250284
25626,LOF,0.07192080471863367,0.0302309480360436,0.8978482472453226
25627,Neutral,0.5712626370308841,0.11711671391986411,0.3116206490492518
25628,LOF,0.21465505500895463,0.057182836213553585,0.7281621087774918
25629,LOF,0.05492974766955268,0.06126705931640963,0.8838031930140376
25630,LOF,0.13702171594032633,0.09380850038116512,0.7691697836785086
25631,Neutral,0.630278302437577,0.053280590359832174,0.3164411072025907
25632,LOF,0.01074240441650989,0.10906569663883926,0.8801918989446508
25633,LOF,0.2187698587902723,0.0743103949503414,0.7069197462593863
25634,LOF,0.032459508897068196,0.10356325047975388,0.8639772406231778
25635,LOF,0.029620439452984138,0.07720307497308734,0.8931764855739285
25636,GOF,0.006604440375475174,0.600087394394797,0.3933081652297279
25637,GOF,0.006031596171534196,0.6598397597068174,0.3341286441216485
25638,LOF,0.011749044490061922,0.3445155655961861,0.6437353899137519
25639,GOF,0.005922162778046366,0.514377276816306,0.47970056040564774
25640,GOF,0.4310515036364299,0.4817333881825427,0.0872151081810273
25641,LOF,0.013066338920454413,0.3145724038199435,0.672361257259602
25642,LOF,0.2827157828923945,0.05963160730426188,0.6576526098033436
25643,LOF,0.19774122127761146,0.2128349561551469,0.5894238225672417
25644,GOF,0.013179410546569681,0.5156026212413198,0.47121796821211054
25645,LOF,0.011083845081968587,0.44991653383701957,0.5389996210810118
25646,LOF,0.017660847972247956,0.31008192091988174,0.6722572311078704
25647,LOF,0.013476621355752137,0.2573132265870397,0.7292101520572082
25648,LOF,0.01186071808024268,0.25301026162568,0.7351290202940773
25649,LOF,0.009699709017264963,0.18328340099782164,0.8070168899849134
25650,LOF,0.01985875981334651,0.40148667447429626,0.5786545657123573
25651,LOF,0.007933398535684961,0.25951821342101816,0.7325483880432968
25652,LOF,0.012345074557274656,0.23215628455321816,0.7554986408895072
25653,LOF,0.044333809462169804,0.3645324153048223,0.5911337752330079
25654,LOF,0.012936960248707944,0.1563930748569543,0.8306699648943376
25655,LOF,0.07119388778304178,0.3903323446703093,0.5384737675466489
25656,LOF,0.23494782959185564,0.041470673651442545,0.7235814967567018
25657,LOF,0.3569197811752077,0.022360256852251646,0.6207199619725408
25658,LOF,0.07145889590525395,0.06746390509506899,0.8610771989996772
25659,LOF,0.4043932334918807,0.05610611659420448,0.5395006499139148
25660,LOF,0.03286660290135691,0.0960134505657816,0.8711199465328614
25661,LOF,0.10966851765275215,0.06277888489254908,0.8275525974546987
25662,LOF,0.024075357744632955,0.04669407953134123,0.9292305627240259
25663,LOF,0.03423808864635779,0.06494687090903123,0.900815040444611
25664,LOF,0.06068308013083663,0.08013037821979953,0.8591865416493638
25665,LOF,0.05685084240288575,0.04327910296446897,0.8998700546326454
25666,LOF,0.059844657409387374,0.10071412602915497,0.8394412165614576
25667,LOF,0.08062673855939716,0.05122934947504446,0.8681439119655584
25668,LOF,0.02835426190365807,0.053922274433084935,0.9177234636632569
25669,LOF,0.03189999562763244,0.07701374686808878,0.8910862575042788
25670,LOF,0.09464138376527063,0.08926471672796148,0.8160938995067679
25671,LOF,0.10119952643362125,0.04496153446121801,0.8538389391051608
25672,LOF,0.06499381418114432,0.059804622992115176,0.8752015628267406
25673,LOF,0.04493833923854007,0.07139521591012635,0.8836664448513337
25674,LOF,0.04303860360438138,0.07400429037198498,0.8829571060236338
25675,LOF,0.06985639489386213,0.05962374907437715,0.8705198560317609
25676,LOF,0.021595432876058036,0.06487539949723237,0.9135291676267095
25677,LOF,0.03068473932733695,0.07382777006430488,0.8954874906083582
25678,LOF,0.20223468838706973,0.04058606859587635,0.7571792430170539
25679,LOF,0.15922077074480767,0.06770924649013353,0.7730699827650588
25680,LOF,0.0331507213862653,0.11075677288666713,0.8560925057270676
25681,LOF,0.053678988469159694,0.10367557726391503,0.8426454342669253
25682,LOF,0.12332640161179548,0.07481988875137226,0.8018537096368322
25683,LOF,0.12873284830349987,0.09337745944580972,0.7778896922506904
25684,LOF,0.046072684216420655,0.07775336103963523,0.8761739547439442
25685,LOF,0.1305186256066886,0.04569047530248979,0.8237908990908217
25686,LOF,0.03506636874622389,0.09920682809513788,0.8657268031586381
25687,LOF,0.039310844798331926,0.08589652319705969,0.8747926320046084
25688,LOF,0.04012146446341679,0.10239886026837935,0.8574796752682039
25689,LOF,0.027562651353477154,0.08999074476425174,0.8824466038822713
25690,LOF,0.02884178913157802,0.09214959906271931,0.8790086118057028
25691,LOF,0.28401932965811655,0.1092573905983071,0.6067232797435763
25692,LOF,0.3499219869485713,0.00916759703066563,0.6409104160207632
25693,LOF,0.09194604363655398,0.17035014812405536,0.7377038082393906
25694,LOF,0.2559830538580149,0.016519211598838644,0.7274977345431466
25695,LOF,0.16786992511767138,0.019512765272723765,0.8126173096096048
25696,LOF,0.16002616744023243,0.011179675901463649,0.8287941566583039
25697,LOF,0.1580390497833656,0.020837491380777447,0.821123458835857
25698,LOF,0.04317742765653415,0.417421126144583,0.539401446198883
25699,LOF,0.08345798070342704,0.09515219482154527,0.8213898244750277
25700,LOF,0.0614178757642408,0.009256898761482751,0.9293252254742764
25701,LOF,0.015833329900174935,0.07744632023812463,0.9067203498617004
25702,GOF,0.02690998959989797,0.7704350170798999,0.20265499332020212
25703,LOF,0.009951836702101098,0.20457088753873381,0.7854772757591651
25704,LOF,0.03968415301885302,0.16659564737748192,0.793720199603665
25705,LOF,0.04752836842049995,0.22731995166834149,0.7251516799111587
25706,GOF,0.03710508832935844,0.6020641537591552,0.36083075791148644
25707,GOF,0.02060652070534139,0.5070879364638086,0.4723055428308501
25708,LOF,0.006748340304269829,0.4292677701838311,0.563983889511899
25709,LOF,0.05002857668062912,0.0579220921025702,0.8920493312168007
25710,LOF,0.006813472067805901,0.178781983856344,0.8144045440758501
25711,LOF,0.017765638290537518,0.10574034663230775,0.8764940150771547
25712,LOF,0.0096974697865884,0.21999633751464068,0.7703061926987709
25713,LOF,0.016989664481563468,0.0941394382196104,0.8888708972988261
25714,LOF,0.06031023763167245,0.11296011184676379,0.8267296505215637
25715,LOF,0.012151092848916079,0.12689608093667362,0.8609528262144103
25716,LOF,0.008147007127362979,0.12607012892953304,0.865782863943104
25717,LOF,0.0062771113843399385,0.12980392604212562,0.8639189625735344
25718,LOF,0.01357862976657302,0.0783331328165807,0.9080882374168463
25719,LOF,0.02102258605567041,0.08749262436936606,0.8914847895749637
25720,LOF,0.02033256144929536,0.07843376431079943,0.9012336742399052
25721,LOF,0.01538367479559515,0.10034932282115785,0.8842670023832471
25722,LOF,0.012272526074812353,0.13280038914861467,0.854927084776573
25723,LOF,0.017744897276223113,0.06533839446174577,0.9169167082620311
25724,LOF,0.022703446938239086,0.10223535663156237,0.8750611964301985
25725,LOF,0.013045948126560618,0.07297319451946042,0.913980857353979
25726,LOF,0.010565155196842197,0.10548159615150987,0.8839532486516478
25727,LOF,0.013017526051783081,0.08732370193224305,0.8996587720159739
25728,LOF,0.011291777589663947,0.1058385757951169,0.8828696466152192
25729,LOF,0.011753385418944527,0.11098633000866175,0.8772602845723938
25730,LOF,0.0124636174737785,0.08891854275611479,0.8986178397701068
25731,LOF,0.010812057372861323,0.16101616535324378,0.828171777273895
25732,LOF,0.012137838619896712,0.09838379033989156,0.8894783710402119
25733,LOF,0.017061026256786196,0.08028393689507661,0.9026550368481372
25734,LOF,0.005869055015500242,0.1878360861075177,0.806294858876982
25735,LOF,0.015347792010521947,0.07577348220318145,0.9088787257862965
25736,LOF,0.014426126055989842,0.1168558276135729,0.8687180463304373
25737,LOF,0.025584843805872396,0.09062082813906136,0.8837943280550662
25738,LOF,0.013005294451874537,0.13276372794554134,0.8542309776025842
25739,LOF,0.020024293849050596,0.11123039081799695,0.8687453153329524
25740,LOF,0.028752770592852844,0.13344087282778672,0.8378063565793604
25741,LOF,0.015433667179178755,0.10563442072099011,0.8789319120998312
25742,LOF,0.10020635716795155,0.09564678110099804,0.8041468617310504
25743,LOF,0.01621730304500175,0.05036894838078365,0.9334137485742144
25744,GOF,0.22466503970414078,0.430041258807387,0.34529370148847227
25745,LOF,0.023695215035054406,0.07773329843920061,0.898571486525745
25746,LOF,0.012738878052403564,0.09220925320838906,0.8950518687392074
25747,LOF,0.023418548457983655,0.04241379741901361,0.9341676541230028
25748,LOF,0.14118936677055857,0.07271297026170638,0.7860976629677351
25749,LOF,0.012217031513947155,0.06403177422538717,0.9237511942606655
25750,LOF,0.0257070242997167,0.08686197045434592,0.8874310052459373
25751,LOF,0.09612333419228578,0.07237559277321348,0.8315010730345008
25752,GOF,0.09017616613907643,0.6515233854719467,0.25830044838897676
25753,LOF,0.009433778198855046,0.3345948843830831,0.6559713374180619
25754,GOF,0.004629018072261273,0.8271156029459464,0.16825537898179227
25755,LOF,0.013640906155644028,0.38697074453177266,0.5993883493125833
25756,LOF,0.052942610935696625,0.3872782137415979,0.5597791753227056
25757,GOF,0.005560605772519381,0.8414008458882474,0.15303854833923322
25758,GOF,0.006826414002704468,0.8233058248556916,0.16986776114160398
25759,GOF,0.0042605434758262875,0.5527448708637204,0.4429945856604534
25760,LOF,0.0067112896051088975,0.2809497059607497,0.7123390044341413
25761,GOF,0.04620514152695283,0.8320817833235746,0.1217130751494725
25762,LOF,0.03236135171984565,0.331717497292287,0.6359211509878674
25763,LOF,0.006843181049903953,0.24606162396256492,0.7470951949875311
25764,GOF,0.10490843464342996,0.5550161503371714,0.34007541501939864
25765,GOF,0.010542480512702734,0.8240317820276438,0.16542573745965342
25766,GOF,0.024299671114708616,0.8122102815668958,0.16349004731839573
25767,LOF,0.02275479258640389,0.44190054751702584,0.5353446598965702
25768,LOF,0.08581669684806843,0.06651376192486512,0.8476695412270665
25769,LOF,0.06744888376774645,0.0653145946576692,0.8672365215745843
25770,LOF,0.14380543932881204,0.05755297144675644,0.7986415892244315
25771,LOF,0.02122156486817403,0.06777444421516979,0.9110039909166562
25772,LOF,0.01429750963126845,0.02989259691886729,0.9558098934498642
25773,LOF,0.018019855325679807,0.06882559535469465,0.9131545493196257
25774,LOF,0.026085710061947442,0.0853944168479395,0.888519873090113
25775,LOF,0.026942299514445305,0.03954917575672851,0.9335085247288263
25776,LOF,0.07881511236424295,0.0231397659670981,0.8980451216686589
25777,LOF,0.1694851849033676,0.06587991057285003,0.7646349045237825
25778,LOF,0.0631652298537765,0.0440192712082063,0.8928154989380173
25779,GOF,0.05638095067121185,0.8820683405638825,0.0615507087649055
25780,GOF,0.055447329804024795,0.8849819857915865,0.05957068440438877
25781,GOF,0.02514326200925109,0.8680782506851037,0.10677848730564515
25782,GOF,0.028513581266590027,0.8993043232233888,0.07218209551002103
25783,GOF,0.014144173713233588,0.7425868485620982,0.24326897772466827
25784,GOF,0.15136166053943415,0.8059345932832198,0.04270374617734596
25785,GOF,0.05845491383157043,0.900339440271959,0.041205645896470716
25786,GOF,0.004569803558839998,0.8233793992070015,0.17205079723415848
25787,GOF,0.1378696139824825,0.8307173364864259,0.031413049531091794
25788,LOF,0.04275771609324417,0.15245472463537207,0.8047875592713837
25789,GOF,0.0328270525063345,0.8551510434716723,0.11202190402199323
25790,GOF,0.03695885138273412,0.8744966793771293,0.0885444692401367
25791,GOF,0.02856639603680801,0.8356390660553832,0.13579453790780885
25792,GOF,0.042636578892841566,0.8399267463340804,0.11743667477307798
25793,GOF,0.08829688367713326,0.8167119606171549,0.0949911557057118
25794,GOF,0.09638841041864413,0.7561716515544415,0.14743993802691438
25795,GOF,0.03834973582522816,0.7429295141726151,0.2187207500021569
25796,GOF,0.10128157627903413,0.7930083133728847,0.10571011034808103
25797,GOF,0.03413989746463708,0.6607677901595339,0.305092312375829
25798,GOF,0.0026435908789906606,0.633919254432738,0.3634371546882714
25799,GOF,0.002572300894831766,0.5030134281715039,0.4944142709336645
25800,GOF,0.011143413442382412,0.7305565774525993,0.25830000910501827
25801,GOF,0.023768811833638517,0.8583875284473176,0.11784365971904393
25802,GOF,0.01845752043294982,0.7895355393274928,0.19200694023955753
25803,GOF,0.010057675267958376,0.678911458105697,0.3110308666263447
25804,GOF,0.011236470376164126,0.5722747340271284,0.4164887955967076
25805,GOF,0.023081309253438657,0.6948141508406738,0.28210453990588746
25806,GOF,0.01813980241061602,0.7322018067099048,0.24965839087947922
25807,GOF,0.004723306933445644,0.6919082793609467,0.30336841370560763
25808,GOF,0.013774476498266118,0.7188498665074565,0.26737565699427734
25809,GOF,0.004888817087198163,0.6902602975793077,0.3048508853334941
25810,GOF,0.004153728418576031,0.6945502860599659,0.301295985521458
25811,GOF,0.06853951002258345,0.8469635416559769,0.08449694832143978
25812,GOF,0.014685101630463035,0.6880403087433319,0.2972745896262052
25813,GOF,0.09594113164401682,0.812490910362896,0.09156795799308708
25814,GOF,0.02486803043291104,0.7967003479060076,0.17843162166108129
25815,GOF,0.0395411216493702,0.7956560174264372,0.16480286092419266
25816,GOF,0.006786141086784157,0.8286893640271931,0.16452449488602272
25817,GOF,0.0984951991698272,0.7542403539661825,0.1472644468639904
25818,GOF,0.021180877941288583,0.7812596846599599,0.19755943739875145
25819,GOF,0.06495668727831887,0.7575793415687198,0.17746397115296136
25820,GOF,0.028541376124090564,0.7602415411295388,0.2112170827463706
25821,GOF,0.01661625486908023,0.7457504456143657,0.2376332995165541
25822,GOF,0.0321520908313102,0.7610311188569772,0.20681679031171263
25823,GOF,0.01252005413955987,0.6202928038827789,0.3671871419776612
25824,GOF,0.021552530639635335,0.7562553102014933,0.22219215915887142
25825,GOF,0.013608307702288578,0.7323636249398978,0.25402806735781347
25826,GOF,0.005156287951598029,0.6857910250986392,0.3090526869497628
25827,GOF,0.008214573798862812,0.6836385919922906,0.30814683420884664
25828,GOF,0.0052946027734041,0.6226351235281523,0.3720702736984436
25829,GOF,0.0026261823640358296,0.6846390481818673,0.31273476945409684
25830,LOF,0.026707438094776294,0.45088100853310176,0.522411553372122
25831,GOF,0.04154854920076733,0.8392829925898302,0.11916845820940232
25832,GOF,0.006154643967116645,0.7768827297093979,0.21696262632348542
25833,GOF,0.02394717861343915,0.8322134694039857,0.14383935198257525
25834,GOF,0.0062882873158797295,0.7912300055293695,0.20248170715475086
25835,GOF,0.013499262751651083,0.8473669472683003,0.13913378998004852
25836,GOF,0.005012396260998339,0.7837900569000905,0.2111975468389113
25837,GOF,0.004923918756723814,0.6955403225802698,0.2995357586630064
25838,GOF,0.015113685225140575,0.8591788591136458,0.1257074556612135
25839,GOF,0.028941305481473292,0.8520417643764852,0.11901693014204154
25840,GOF,0.05234883939377708,0.8357931179846749,0.11185804262154804
25841,GOF,0.04529462405060263,0.8452796539082651,0.10942572204113232
25842,GOF,0.022183427168648927,0.8991812659235618,0.07863530690778921
25843,GOF,0.021559517334737693,0.9069416721417084,0.07149881052355396
25844,GOF,0.013327937448687707,0.8367443295715227,0.14992773297978956
25845,GOF,0.0045402846792812045,0.6400186531025189,0.3554410622181999
25846,GOF,0.03367098725638129,0.853608340399476,0.11272067234414275
25847,GOF,0.015892758594002653,0.9051039257851483,0.0790033156208491
25848,GOF,0.013157735522592333,0.8581910714302137,0.12865119304719397
25849,GOF,0.004059983606462217,0.7256802414905977,0.27025977490294006
25850,GOF,0.005184076515182739,0.7300955048169213,0.2647204186678959
25851,GOF,0.004383525147946512,0.6175010524485843,0.3781154224034691
25852,GOF,0.13307231235452988,0.6019795391334426,0.2649481485120275
25853,GOF,0.06494874331711287,0.8520888692635255,0.08296238741936171
25854,GOF,0.007737578509060468,0.7034345884539782,0.28882783303696136
25855,GOF,0.012285149249435707,0.656517596565583,0.3311972541849814
25856,GOF,0.03414799605122105,0.7891363030864867,0.17671570086229216
25857,GOF,0.010284246268574456,0.6333245156719712,0.35639123805945416
25858,GOF,0.005962009572494381,0.6041950682020562,0.3898429222254495
25859,GOF,0.004286956175178123,0.5784351529676879,0.417277890857134
25860,GOF,0.07138434384901132,0.8247327021222111,0.10388295402877773
25861,GOF,0.11736800844690756,0.7916296664278606,0.09100232512523194
25862,GOF,0.01805839810981172,0.8633744268890885,0.11856717500109966
25863,GOF,0.018023044052622395,0.8705079362065891,0.1114690197407884
25864,GOF,0.04705645850168642,0.8660518400789083,0.08689170141940528
25865,GOF,0.033252740237596404,0.8284550385267979,0.13829222123560575
25866,GOF,0.020736061352070297,0.8522387874373294,0.12702515121060035
25867,GOF,0.025471205781669524,0.8696380785811505,0.10489071563717997
25868,GOF,0.042005824792008255,0.8392425275295818,0.11875164767840991
25869,GOF,0.30898817738781903,0.6270466765433114,0.06396514606886956
25870,GOF,0.21082798689579313,0.6183812521635593,0.1707907609406476
25871,GOF,0.018560137943831715,0.8907104857047251,0.09072937635144326
25872,GOF,0.01702198689899224,0.8707641802668423,0.1122138328341655
25873,GOF,0.016091711148506625,0.8848932197005879,0.09901506915090556
25874,LOF,0.01533309659494246,0.1586899135493866,0.8259769898556709
25875,LOF,0.04106751974354398,0.04653812877218027,0.9123943514842757
25876,LOF,0.0266734711762889,0.03196755984210152,0.9413589689816095
25877,LOF,0.12597415485561472,0.08401706891057298,0.7900087762338123
25878,LOF,0.053054084553096105,0.11977160299723366,0.8271743124496701
25879,LOF,0.023153769044731053,0.07929397737643526,0.8975522535788337
25880,LOF,0.047578551037309826,0.01054005564395549,0.9418813933187348
25881,Neutral,0.5534523251380944,0.063928639490205,0.38261903537170056
25882,LOF,0.05216316918378365,0.02810753315690998,0.9197292976593063
25883,LOF,0.04424661809765125,0.02145687605128697,0.9342965058510618
25884,LOF,0.028979849973736566,0.040824286298731916,0.9301958637275315
25885,LOF,0.20892756486242117,0.011564535595696033,0.7795078995418827
25886,LOF,0.1764003181544938,0.04651041153411776,0.7770892703113884
25887,LOF,0.1789830427429101,0.0657995121208769,0.755217445136213
25888,LOF,0.012601403228541091,0.14209465136782545,0.8453039454036334
25889,LOF,0.03589723188447383,0.029520041505564577,0.9345827266099617
25890,LOF,0.1149564096509243,0.10733538787589753,0.7777082024731781
25891,LOF,0.08724695010431159,0.019089647705514436,0.893663402190174
25892,LOF,0.00943693846249429,0.03371764528824698,0.9568454162492588
25893,LOF,0.38005727760115887,0.00928210565897206,0.610660616739869
25894,LOF,0.4502763396826135,0.005655974101337982,0.5440676862160485
25895,LOF,0.38692192489434407,0.010810890090933048,0.6022671850147229
25896,LOF,0.061414574747309644,0.023308028681874378,0.915277396570816
25897,LOF,0.19674102792333323,0.009180558802846966,0.7940784132738198
25898,LOF,0.21118843037096807,0.027760234186873015,0.7610513354421587
25899,LOF,0.22918381506706187,0.026884420841738418,0.7439317640911998
25900,LOF,0.43494440461114015,0.008457486729907952,0.5565981086589519
25901,LOF,0.04004614795853085,0.010287555720219627,0.9496662963212495
25902,LOF,0.09546507682566958,0.013713988794276271,0.8908209343800542
25903,LOF,0.37869362990234456,0.023429684314018432,0.597876685783637
25904,LOF,0.47803838886952615,0.03395602014512106,0.48800559098535273
25905,LOF,0.006317299715834078,0.44204347322972093,0.551639227054445
25906,LOF,0.01149276162959491,0.10147808998584235,0.8870291483845627
25907,LOF,0.0034643872365533357,0.33619403985121304,0.6603415729122337
25908,LOF,0.0036729462500520436,0.23157909290957854,0.7647479608403693
25909,LOF,0.013037374267557546,0.15187682393898183,0.8350858017934607
25910,LOF,0.017031629836242592,0.10709630933860508,0.8758720608251525
25911,LOF,0.3359934823550644,0.03816153122885577,0.6258449864160799
25912,LOF,0.0691158526740817,0.05012369262091321,0.8807604547050051
25913,LOF,0.06159317281535543,0.057544425684922115,0.8808624014997224
25914,LOF,0.0224481184097782,0.06647766232724488,0.9110742192629769
25915,LOF,0.12138501609705817,0.3114713264113803,0.5671436574915615
25916,LOF,0.020201666754997374,0.21071104517480183,0.7690872880702008
25917,LOF,0.06788416355559557,0.05260440777486311,0.8795114286695415
25918,LOF,0.026251683141245156,0.03797026117908225,0.9357780556796726
25919,LOF,0.023128730402625638,0.038499264120838934,0.9383720054765354
25920,LOF,0.14594022469518966,0.1940410218726506,0.6600187534321598
25921,LOF,0.013772333153583274,0.04382299762322578,0.9424046692231909
25922,LOF,0.017175898216690452,0.03719739714521749,0.9456267046380921
25923,LOF,0.44260829331116935,0.040998247857011824,0.5163934588318189
25924,LOF,0.01853936025473286,0.06110045896300779,0.9203601807822595
25925,LOF,0.07609772085274293,0.05491564324503185,0.8689866359022252
25926,LOF,0.056073821600146796,0.054679516083975664,0.8892466623158776
25927,LOF,0.016841669006857015,0.07652610152270165,0.9066322294704413
25928,LOF,0.008562279096766575,0.059754020635025155,0.9316837002682083
25929,Neutral,0.5291006101246172,0.03921026494938969,0.43168912492599315
25930,LOF,0.0845242934766931,0.038144276673125754,0.8773314298501812
25931,LOF,0.010384385434089972,0.03985268830499561,0.9497629262609143
25932,LOF,0.03010471671320929,0.033980989646028956,0.9359142936407617
25933,LOF,0.04060280168018819,0.02108391129689208,0.9383132870229197
25934,LOF,0.02609523600141014,0.02268547918019458,0.9512192848183952
25935,LOF,0.06469324756864367,0.06545567363858394,0.8698510787927725
25936,LOF,0.04031237521783498,0.02681211397146474,0.9328755108107003
25937,LOF,0.012051816394857409,0.042943705649874125,0.9450044779552684
25938,LOF,0.06423755766944367,0.06281432102037816,0.8729481213101781
25939,LOF,0.029176515176986308,0.029545368301526004,0.9412781165214876
25940,LOF,0.009409136272757319,0.33621033562472463,0.6543805281025181
25941,Neutral,0.5641497042993753,0.03873124147923844,0.39711905422138627
25942,LOF,0.006855974079298997,0.0588335134037911,0.9343105125169099
25943,LOF,0.03427836034867919,0.19797866131603367,0.7677429783352872
25944,LOF,0.09241327875355636,0.09484165395322758,0.812745067293216
25945,LOF,0.06282337676751434,0.022748090312233602,0.9144285329202521
25946,LOF,0.09705120703443404,0.03760985347674627,0.8653389394888198
25947,Neutral,0.5087217158085217,0.11578774066585079,0.37549054352562755
25948,LOF,0.4771350622811559,0.013316518211914386,0.5095484195069296
25949,LOF,0.09267220951164994,0.06617113712188501,0.8411566533664652
25950,GOF,0.06595113991495108,0.5996429304547453,0.33440592963030374
25951,LOF,0.010894578625862577,0.43022160339753357,0.5588838179766038
25952,LOF,0.2636065631797008,0.26767473788069407,0.468718698939605
25953,LOF,0.011527294947565938,0.18238816706263727,0.8060845379897967
25954,LOF,0.053200062678251656,0.46515939510620286,0.48164054221554553
25955,LOF,0.011208616443365233,0.1354209927509033,0.8533703908057314
25956,LOF,0.02749405168945842,0.23704128912562736,0.7354646591849142
25957,LOF,0.2618134198457905,0.032099190386536296,0.7060873897676732
25958,LOF,0.04313685011369789,0.03533122074265687,0.9215319291436453
25959,GOF,0.013314129964402809,0.5248797531639617,0.46180611687163553
25960,LOF,0.0066596556481252475,0.05938343471946368,0.933956909632411
25961,LOF,0.04236935124133662,0.030862974233836906,0.9267676745248264
25962,LOF,0.033883422058315765,0.06853786763705845,0.8975787103046257
25963,LOF,0.007047230443499993,0.19828552996639634,0.7946672395901037
25964,LOF,0.02460640243857192,0.09424087058148704,0.8811527269799411
25965,LOF,0.24458546223098362,0.13328186040752973,0.6221326773614867
25966,Neutral,0.4776652732540578,0.10654078874798231,0.41579393799796
25967,LOF,0.0073838510290933764,0.07335430139812704,0.9192618475727795
25968,LOF,0.048998112491304736,0.18898408242132717,0.7620178050873682
25969,LOF,0.13708433437909961,0.04334499940326857,0.8195706662176319
25970,LOF,0.025799923627127144,0.08445517848501574,0.8897448978878572
25971,LOF,0.062293047956678234,0.027276429893057664,0.910430522150264
25972,LOF,0.050842225688418806,0.038762828973857286,0.9103949453377239
25973,LOF,0.04656302516990905,0.012924225644145937,0.9405127491859451
25974,LOF,0.051186970469758265,0.03764886484431459,0.9111641646859271
25975,LOF,0.03042154816416797,0.025053102150298243,0.9445253496855339
25976,LOF,0.12710439747925462,0.011967924295528303,0.860927678225217
25977,LOF,0.20172391233839584,0.08799353188127458,0.7102825557803296
25978,LOF,0.17610437252455918,0.11786334694121534,0.7060322805342255
25979,LOF,0.13703179852990008,0.13351896661722998,0.7294492348528699
25980,LOF,0.24901057052288675,0.17221418743073316,0.5787752420463801
25981,LOF,0.24981425074227195,0.17285740455621004,0.5773283447015181
25982,Neutral,0.4705267424165939,0.07960292367880192,0.44987033390460424
25983,Neutral,0.489113323379108,0.0994522707907671,0.41143440583012486
25984,LOF,0.03727547817975489,0.074285659650953,0.8884388621692921
25985,LOF,0.43439424878621186,0.12258533046910403,0.4430204207446842
25986,LOF,0.014729049852754895,0.37996108669134104,0.6053098634559041
25987,LOF,0.09443385983149843,0.09785133605873934,0.8077148041097623
25988,LOF,0.14515500503385786,0.1369889019921889,0.7178560929739533
25989,LOF,0.040647522657482844,0.1848944685336242,0.774458008808893
25990,LOF,0.04255297242014425,0.2835340393824227,0.6739129881974331
25991,LOF,0.02678575780684228,0.4471325714762002,0.5260816707169576
25992,LOF,0.024498328488015655,0.42050468239482197,0.5549969891171623
25993,LOF,0.019924091469209045,0.09447639365511545,0.8855995148756755
25994,LOF,0.015064033732004635,0.08907425853045689,0.8958617077375386
25995,LOF,0.01589929638422176,0.17736254871921436,0.8067381548965639
25996,Neutral,0.37007270970497114,0.3135089352651993,0.3164183550298295
25997,LOF,0.07162359272790685,0.38026309879770104,0.5481133084743921
25998,LOF,0.27263045710388406,0.04700608679335846,0.6803634561027576
25999,LOF,0.025044694135409207,0.21889882294045757,0.7560564829241332
26000,LOF,0.21042321809647485,0.032267772603105566,0.7573090093004196
26001,LOF,0.2796027742036876,0.03471219875137739,0.6856850270449351
26002,LOF,0.07034282400042101,0.05915682754314658,0.8705003484564324
26003,GOF,0.004363594590630084,0.640384123608625,0.3552522818007449
26004,GOF,0.006573247098978461,0.7039093586246403,0.2895173942763811
26005,LOF,0.0032578154449002523,0.4958286081778394,0.5009135763772603
26006,GOF,0.09213763805327345,0.6195991232617254,0.28826323868500114
26007,GOF,0.005951743066568376,0.5532027137684598,0.4408455431649718
26008,GOF,0.005006904509849026,0.6507651218477252,0.34422797364242574
26009,GOF,0.006311425441622044,0.6758303827617684,0.3178581917966094
26010,GOF,0.007002780454432217,0.6772859152147972,0.3157113043307706
26011,LOF,0.0028661663984179864,0.4650172183204634,0.5321166152811186
26012,GOF,0.004157023653702481,0.5351989839709589,0.46064399237533876
26013,GOF,0.005926539110616898,0.5973651266724196,0.39670833421696355
26014,LOF,0.04549998658001398,0.11186966971195554,0.8426303437080306
26015,LOF,0.4084729091953893,0.018823601998913562,0.5727034888056971
26016,LOF,0.30908655638646276,0.04017992434963618,0.6507335192639011
26017,LOF,0.02690781160361273,0.19399120208026616,0.7791009863161211
26018,LOF,0.04500988440929331,0.0376347660328501,0.9173553495578566
26019,LOF,0.04439721474184928,0.03299056104939587,0.9226122242087549
26020,LOF,0.010354476409106205,0.17656466199306198,0.8130808615978318
26021,LOF,0.07459950630301741,0.06415833063546035,0.8612421630615222
26022,LOF,0.04024273090773301,0.021331070820487064,0.9384261982717799
26023,LOF,0.043743453430781204,0.022969097970042263,0.9332874485991767
26024,LOF,0.046196065972404075,0.06492495785044197,0.8888789761771541
26025,LOF,0.058771440020970935,0.0776758748503949,0.8635526851286341
26026,LOF,0.11241024618191538,0.05514349038413238,0.8324462634339522
26027,LOF,0.03991303387464563,0.018119204759461428,0.9419677613658929
26028,LOF,0.10968262485063682,0.1468894971328543,0.7434278780165089
26029,LOF,0.019069309248654957,0.21372996593462723,0.7672007248167177
26030,LOF,0.15783887493856516,0.038529807039584495,0.8036313180218504
26031,LOF,0.009198213715910468,0.20226511758311072,0.7885366687009787
26032,LOF,0.05797956682763096,0.08660275694318408,0.8554176762291851
26033,LOF,0.09128793839997422,0.07456939520270954,0.8341426663973162
26034,LOF,0.013229938026236746,0.166235058461522,0.8205350035122413
26035,LOF,0.011597317031370864,0.12751015584064238,0.8608925271279867
26036,LOF,0.01165635080912653,0.15372536906601286,0.8346182801248606
26037,LOF,0.010217159398050565,0.1194550500655925,0.870327790536357
26038,LOF,0.04981491394108727,0.07984440254805877,0.870340683510854
26039,LOF,0.027313145469610563,0.15208630402372514,0.8206005505066644
26040,LOF,0.14230960192510592,0.1663380717768877,0.6913523262980062
26041,LOF,0.013786962606694111,0.10590449507685103,0.8803085423164548
26042,LOF,0.01208617565104384,0.11526307965033473,0.8726507446986214
26043,LOF,0.048928581000348866,0.10009690183797951,0.8509745171616716
26044,LOF,0.014171814952206825,0.0656567185089286,0.9201714665388646
26045,LOF,0.07464105691623739,0.12944318898741203,0.7959157540963505
26046,LOF,0.0426523647600304,0.07865200576855248,0.8786956294714171
26047,LOF,0.06786009268993184,0.07727586335392993,0.8548640439561382
26048,LOF,0.08606672374029417,0.03529923722455651,0.8786340390351494
26049,Neutral,0.9507636231196931,0.009685015190480492,0.03955136168982645
26050,Neutral,0.9288697850188868,0.010537942583297382,0.06059227239781586
26051,LOF,0.013034020885284717,0.08132817652817659,0.9056378025865387
26052,LOF,0.019956793550310128,0.09897772939639622,0.8810654770532937
26053,LOF,0.04398731250674144,0.1423570515376973,0.8136556359555612
26054,LOF,0.04345502190085988,0.027020438670296496,0.9295245394288436
26055,LOF,0.06023911744704524,0.025392364176562945,0.9143685183763918
26056,LOF,0.04916592151394168,0.030805272416586895,0.9200288060694715
26057,LOF,0.02922039843257509,0.0145346324699031,0.9562449690975219
26058,LOF,0.03022034626436447,0.011630419714768128,0.9581492340208674
26059,LOF,0.1907091533001471,0.02945947078349426,0.7798313759163585
26060,LOF,0.011856285244261477,0.1792517059478853,0.8088920088078533
26061,LOF,0.008925737042517456,0.011828074761087468,0.9792461881963951
26062,LOF,0.005379204723733722,0.019778856801344794,0.9748419384749214
26063,LOF,0.020169290509071573,0.012458516628641463,0.9673721928622869
26064,LOF,0.008129089189604527,0.02637036416527478,0.9655005466451206
26065,LOF,0.023298308497189175,0.013416492090275936,0.9632851994125349
26066,LOF,0.02262770625659543,0.010983328830709117,0.9663889649126954
26067,LOF,0.029492781099547043,0.009803951913679452,0.9607032669867734
26068,LOF,0.05481156339404099,0.04288712169073089,0.902301314915228
26069,LOF,0.16295593313667853,0.02497189020387702,0.8120721766594445
26070,LOF,0.34524084128585564,0.021124090620369466,0.6336350680937749
26071,LOF,0.0216899557372889,0.012957268834520325,0.9653527754281908
26072,LOF,0.007895580220352815,0.021171315791075673,0.9709331039885715
26073,LOF,0.02101377159583143,0.014992165795992851,0.9639940626081758
26074,Neutral,0.9214969597947914,0.008268184912167688,0.07023485529304077
26075,LOF,0.05377655910834814,0.021969562721469403,0.9242538781701825
26076,LOF,0.03185975240179234,0.011656746378551169,0.9564835012196564
26077,LOF,0.14559836102534174,0.007705797177447639,0.8466958417972107
26078,LOF,0.008419433316849486,0.014507542664259807,0.9770730240188908
26079,LOF,0.06541977227973418,0.023918221222677075,0.9106620064975888
26080,LOF,0.06493213719342787,0.02391904052046302,0.9111488222861092
26081,LOF,0.025945105310901193,0.008538957547838266,0.9655159371412606
26082,LOF,0.005286079434667708,0.016027384301313754,0.9786865362640186
26083,LOF,0.12632326805534594,0.018622682330831707,0.8550540496138224
26084,LOF,0.04602009650264454,0.015243294755466472,0.9387366087418889
26085,LOF,0.04154416597368038,0.013047725333326795,0.9454081086929929
26086,LOF,0.020527402056200114,0.012688641830718694,0.9667839561130812
26087,LOF,0.020330578687407827,0.011024854085697453,0.9686445672268946
26088,LOF,0.00722068123024659,0.02098990230608437,0.971789416463669
26089,LOF,0.04322292525418466,0.03465384239411709,0.9221232323516981
26090,LOF,0.04407475209276094,0.02708391215498363,0.9288413357522555
26091,LOF,0.026545240859396503,0.007826506964456442,0.965628252176147
26092,LOF,0.021549955306334412,0.008781114559940274,0.9696689301337253
26093,LOF,0.04000547687958837,0.0067873950607930805,0.9532071280596186
26094,LOF,0.03227302459366097,0.006884800202821203,0.9608421752035179
26095,LOF,0.036200679450477356,0.018665498809625182,0.9451338217398975
26096,LOF,0.23047532388476144,0.004961631645049862,0.7645630444701887
26097,LOF,0.006404251792818616,0.03518263176814995,0.9584131164390314
26098,LOF,0.08829285448669837,0.020819089424201073,0.8908880560891005
26099,LOF,0.020508313307322012,0.015934586172072683,0.9635571005206053
26100,LOF,0.020508313307322012,0.015934586172072683,0.9635571005206053
26101,LOF,0.04735854306083009,0.023882947046691534,0.9287585098924783
26102,LOF,0.020314978512256138,0.016146169385208284,0.9635388521025355
26103,Neutral,0.8809643259735179,0.024494389798513608,0.09454128422796838
26104,LOF,0.06059414617669019,0.037492192702058315,0.9019136611212516
26105,LOF,0.23056434567242012,0.18856235207393438,0.5808733022536454
26106,LOF,0.3413423545044411,0.12980419841615562,0.5288534470794032
26107,LOF,0.019010753053749326,0.09078100283964662,0.890208244106604
26108,LOF,0.3330898389932352,0.05094347234661592,0.6159666886601488
26109,LOF,0.07515921983212673,0.040435906177096116,0.8844048739907772
26110,LOF,0.37683113259532647,0.006409021859781972,0.6167598455448915
26111,LOF,0.06555884559189368,0.1085006891841249,0.8259404652239813
26112,LOF,0.029694473409722196,0.00695774080143164,0.9633477857888462
26113,LOF,0.05106558332229133,0.014479289148427565,0.9344551275292812
26114,LOF,0.09323585977190761,0.009728526547393387,0.8970356136806991
26115,LOF,0.013194719472397207,0.06001877314626146,0.9267865073813414
26116,LOF,0.08611708182101693,0.031912736250380935,0.8819701819286021
26117,LOF,0.41231432336376017,0.03098205117765006,0.5567036254585898
26118,LOF,0.02630885049949217,0.016602623707951104,0.9570885257925567
26119,LOF,0.005364495627131116,0.037739052364927805,0.956896452007941
26120,LOF,0.02378430960728873,0.016029201643499625,0.9601864887492116
