feature0,prediction,LoGoFunc_Neutral,LoGoFunc_GOF,LoGoFunc_LOF
25546,Neutral,0.6707267407842459,0.08500737813044833,0.2442658810853059
25547,Neutral,0.5504864759857412,0.1617434842653172,0.2877700397489416
25548,Neutral,0.5210886148386559,0.11525429208192912,0.36365709307941496
25549,Neutral,0.4915201149110964,0.11474047857447259,0.3937394065144311
25550,LOF,0.3965972324619257,0.18902561097324833,0.41437715656482604
25551,LOF,0.3315393163914636,0.1806224312102325,0.48783825239830386
25552,LOF,0.17913845311393634,0.19127066962935002,0.6295908772567137
25553,Neutral,0.8256675100690553,0.04722921638205402,0.1271032735488907
25554,LOF,0.22070421545411992,0.1827119961543423,0.5965837883915378
25555,LOF,0.17416069643327747,0.16262665516383476,0.6632126484028877
25556,Neutral,0.5202625072247838,0.1264097818663879,0.35332771090882825
25557,LOF,0.16588162086019542,0.17089461382401502,0.6632237653157895
25558,LOF,0.2161442071694702,0.20417175364676068,0.579684039183769
25559,LOF,0.47584456055871094,0.02183356754607348,0.5023218718952156
25560,LOF,0.038094434766707846,0.23148826366335323,0.7304173015699389
25561,LOF,0.09534814596207729,0.2679894977064247,0.636662356331498
25562,LOF,0.1193480489473262,0.08382974445020071,0.7968222066024732
25563,LOF,0.1090583371194343,0.10704229327733575,0.78389936960323
25564,LOF,0.0737577336927049,0.1449485822244761,0.781293684082819
25565,LOF,0.13884707033031138,0.23169616968562431,0.6294567599840644
25566,GOF,0.016654455653526964,0.7097822368374076,0.2735633075090655
25567,LOF,0.00950621853228255,0.18590698193196506,0.8045867995357525
25568,LOF,0.044128076270314856,0.0767887932791759,0.8790831304505091
25569,LOF,0.06305216083779061,0.07382413446986982,0.8631237046923397
25570,LOF,0.048816769229431844,0.10178287843230874,0.8494003523382594
25571,LOF,0.05518409939407304,0.09530781542108972,0.8495080851848372
25572,LOF,0.049895283993488054,0.09834417540068974,0.8517605406058223
25573,LOF,0.027567503420476466,0.08503100080233558,0.887401495777188
25574,LOF,0.014643602156845036,0.23696822371235743,0.7483881741307976
25575,LOF,0.047256660751109215,0.08404288930341135,0.8687004499454795
25576,LOF,0.01559292168474144,0.09273852170831981,0.8916685566069387
25577,LOF,0.0114805183586032,0.0887327156602697,0.8997867659811271
25578,LOF,0.2633515680120909,0.09037081755314165,0.6462776144347674
25579,LOF,0.26294680880934357,0.08948407592189567,0.6475691152687608
25580,LOF,0.0267891397444875,0.08425814832371979,0.8889527119317926
25581,LOF,0.0477678047749192,0.08359265878972,0.8686395364353607
25582,LOF,0.04723727408161129,0.07684416373997369,0.8759185621784151
25583,LOF,0.0286169220613322,0.08702351330048433,0.8843595646381834
25584,Neutral,0.48771380967167427,0.10502551923728652,0.4072606710910392
25585,LOF,0.02156241778041324,0.09839841278398306,0.8800391694356036
25586,LOF,0.027150404342434594,0.07045681872546504,0.9023927769321003
25587,LOF,0.023333026034681424,0.06302661489835833,0.9136403590669603
25588,LOF,0.02212331275285891,0.0799811879159258,0.8978954993312153
25589,Neutral,0.6154258222859528,0.13113336497570657,0.25344081273834074
25590,LOF,0.020337564319305664,0.12872724258984403,0.8509351930908502
25591,LOF,0.10794017714935775,0.05374970988649923,0.838310112964143
25592,LOF,0.07937175962575621,0.12813955990589135,0.7924886804683525
25593,GOF,0.010611625881895341,0.5255107177760019,0.4638776563421027
25594,LOF,0.03481880952396352,0.12071248743818984,0.8444687030378466
25595,LOF,0.06606214431050325,0.08190771987200328,0.8520301358174935
25596,LOF,0.0925655094949276,0.04906651230455682,0.8583679782005156
25597,LOF,0.07416127321267144,0.018740065946183118,0.9070986608411455
25598,LOF,0.04656608943539747,0.12700141107110266,0.8264324994934998
25599,LOF,0.008126627609083809,0.4911301080386896,0.5007432643522266
25600,LOF,0.00957500824065559,0.405488283678666,0.5849367080806784
25601,LOF,0.007622607934729972,0.21349507995871805,0.778882312106552
25602,LOF,0.018328401035332315,0.05097538358616601,0.9306962153785018
25603,LOF,0.040395962030547086,0.06322053827429118,0.8963834996951617
25604,LOF,0.03752920025736457,0.06698571198719301,0.8954850877554424
25605,LOF,0.013223316205330665,0.21484389916462637,0.771932784630043
25606,GOF,0.05936083947140602,0.5259996430709127,0.41463951745768124
25607,LOF,0.0035282919804006684,0.13010478118216898,0.8663669268374304
25608,LOF,0.05510694369044819,0.0413961058266288,0.903496950482923
25609,LOF,0.08405069165720438,0.2578659603890136,0.6580833479537819
25610,LOF,0.043750778470365945,0.01837599427722611,0.9378732272524078
25611,LOF,0.0531717628059544,0.012035519127869047,0.9347927180661766
25612,LOF,0.12027022421701399,0.03470077842824597,0.8450289973547401
25613,LOF,0.10280370901561628,0.029250305709534994,0.8679459852748488
25614,LOF,0.04003281383267077,0.029696142662874073,0.9302710435044551
25615,LOF,0.07599135747595262,0.0342257041854133,0.8897829383386341
25616,LOF,0.03281469745696793,0.03514453191537997,0.9320407706276521
25617,LOF,0.04913243943440029,0.024308579627314527,0.9265589809382851
25618,LOF,0.2357669869130252,0.03166248909711137,0.7325705239898634
25619,LOF,0.04134459194909185,0.03035321108125531,0.9283021969696529
25620,LOF,0.034727913369814935,0.0468236492327664,0.9184484373974188
25621,LOF,0.041137970809131404,0.026040668464973573,0.932821360725895
25622,LOF,0.029493239694175784,0.04604772276635538,0.9244590375394688
25623,LOF,0.05147151137014827,0.03335027109451393,0.9151782175353378
25624,LOF,0.037071026574371065,0.0373987629850398,0.925530210440589
25625,LOF,0.04445622437212197,0.04151144320083101,0.9140323324270471
25626,LOF,0.0772654603565681,0.027114039958553923,0.895620499684878
25627,Neutral,0.5580003819999118,0.1436615600841058,0.29833805791598234
25628,LOF,0.1829298019216018,0.07092947773700528,0.7461407203413929
25629,LOF,0.051857830985401906,0.1145942576069228,0.8335479114076753
25630,LOF,0.18197876332675322,0.09881690126448862,0.719204335408758
25631,Neutral,0.6173605729216998,0.08357931497798649,0.29906011210031375
25632,LOF,0.013830945120226002,0.18905613491584933,0.7971129199639246
25633,LOF,0.20023143839144808,0.3303526685087895,0.46941589309976234
25634,LOF,0.032409794502686606,0.2496413605461438,0.7179488449511696
25635,LOF,0.03465238805770342,0.22159449509023948,0.7437531168520571
25636,GOF,0.005244584084187609,0.587290750927437,0.4074646649883754
25637,LOF,0.004379788893952922,0.4026227092326842,0.592997501873363
25638,LOF,0.005612639198579348,0.4073955727548352,0.5869917880465855
25639,LOF,0.004624345038240888,0.30402878473068,0.6913468702310791
25640,GOF,0.31832112237968746,0.6180969725744425,0.06358190504587016
25641,LOF,0.007153626813347959,0.19402236671971174,0.7988240064669404
25642,LOF,0.2160848196727829,0.0741036696367323,0.7098115106904848
25643,LOF,0.24731361574756477,0.07527806270593462,0.6774083215465007
25644,GOF,0.013439213198152264,0.5290754450125587,0.4574853417892892
25645,GOF,0.009246836007076643,0.585957084662229,0.40479607933069445
25646,LOF,0.010621779454315363,0.35148843425002263,0.6378897862956621
25647,LOF,0.00997232488328314,0.2720413119168869,0.7179863631998299
25648,LOF,0.006972114220267578,0.33485728238640994,0.6581706033933225
25649,LOF,0.0077003933828953,0.1813487494007849,0.8109508572163198
25650,LOF,0.023271144174242624,0.47245975385634403,0.5042691019694133
25651,LOF,0.007223097041528241,0.2070339776556788,0.785742925302793
25652,LOF,0.011703758296294163,0.34760726243711826,0.6406889792665876
25653,GOF,0.044430222635616634,0.4995478132903537,0.4560219640740296
25654,LOF,0.007588731357993533,0.3833772962254587,0.6090339724165478
25655,GOF,0.08986302073891035,0.4618396439243002,0.44829733533678934
25656,LOF,0.08590833180906454,0.06568408215199321,0.8484075860389422
25657,LOF,0.2648505741247156,0.029750432963511146,0.7053989929117733
25658,LOF,0.030924491677661033,0.11001221609528974,0.8590632922270491
25659,LOF,0.2334149167971393,0.09549116280330944,0.6710939203995512
25660,LOF,0.11033355647308342,0.06291304573420894,0.8267533977927075
25661,LOF,0.06325776984733177,0.054703285713040714,0.8820389444396275
25662,LOF,0.039105452466077176,0.051635439283260774,0.909259108250662
25663,LOF,0.042547843038712625,0.08662395252858963,0.8708282044326977
25664,LOF,0.02645020849154282,0.19768331993216093,0.7758664715762963
25665,LOF,0.04071003279105044,0.057073998902984646,0.9022159683059648
25666,LOF,0.03648293270900878,0.20554633958957422,0.7579707277014169
25667,LOF,0.04052197529502705,0.032659647836629745,0.9268183768683432
25668,LOF,0.04325320660336284,0.04652965222489496,0.9102171411717423
25669,LOF,0.035950688605084324,0.07356811844374944,0.8904811929511663
25670,LOF,0.07169079519557736,0.08837270653964067,0.8399364982647819
25671,LOF,0.05260427967343973,0.037907455781429934,0.9094882645451303
25672,LOF,0.04681962310143766,0.057036389319575026,0.8961439875789874
25673,LOF,0.03409710367285579,0.0745943013585591,0.8913085949685852
25674,LOF,0.025668538278159105,0.09836675131537519,0.8759647104064656
25675,LOF,0.029768853504290385,0.050407142918297634,0.919824003577412
25676,LOF,0.03982660010294188,0.0506407705833933,0.9095326293136647
25677,LOF,0.07817241748353262,0.04225684308960744,0.8795707394268598
25678,LOF,0.20441414852657713,0.04474208026401308,0.7508437712094098
25679,LOF,0.10400132056484439,0.0756007945563513,0.8203978848788044
25680,LOF,0.10807910475118288,0.07585611016628023,0.816064785082537
25681,LOF,0.11130672455352844,0.07492937231983292,0.8137639031266387
25682,LOF,0.04502813390972839,0.038448301063554215,0.9165235650267173
25683,LOF,0.07501543259598804,0.07178511538847282,0.8531994520155392
25684,LOF,0.05876345118611109,0.04953059084666744,0.8917059579672214
25685,LOF,0.1101467845264127,0.05033632309902135,0.839516892374566
25686,LOF,0.025088958012869637,0.10095663186883104,0.8739544101182993
25687,LOF,0.03957683450794054,0.11857998791476702,0.8418431775772925
25688,LOF,0.020768101452118097,0.11130162194328348,0.8679302766045984
25689,LOF,0.012534061832186093,0.06136821422714595,0.926097723940668
25690,LOF,0.017972559890214217,0.0725296866024342,0.9094977535073516
25691,LOF,0.1355016991686701,0.11601232860203027,0.7484859722292996
25692,LOF,0.3009152527358966,0.011669851731471649,0.6874148955326317
25693,LOF,0.028292448009898427,0.44568683994197933,0.5260207120481223
25694,LOF,0.24413249952282853,0.010770995184045541,0.745096505293126
25695,LOF,0.1963024089788536,0.016688239837004307,0.7870093511841421
25696,LOF,0.08357988872675842,0.016328291398166384,0.9000918198750752
25697,LOF,0.07276583300416051,0.015451703649965018,0.9117824633458745
25698,LOF,0.016303674753648387,0.17573252263284436,0.8079638026135072
25699,LOF,0.08474249940339239,0.3867705592633487,0.5284869413332589
25700,LOF,0.045204363158776864,0.026067655902745356,0.9287279809384779
25701,LOF,0.010677479915612064,0.33853230129439493,0.650790218789993
25702,GOF,0.03228861570181211,0.601257242068957,0.36645414222923095
25703,LOF,0.01590675828083505,0.06842299809221926,0.9156702436269456
25704,LOF,0.07171204820161489,0.04437683329813663,0.8839111185002485
25705,LOF,0.08795062760092492,0.15327794663978075,0.7587714257592942
25706,GOF,0.02028336951734225,0.6357617910177145,0.3439548394649433
25707,GOF,0.027999528535241486,0.5256947234348779,0.4463057480298806
25708,GOF,0.007961911558069511,0.5275162137285845,0.464521874713346
25709,LOF,0.04814665602141903,0.059981107632214134,0.8918722363463668
25710,LOF,0.007339111436287602,0.1283186285657775,0.8643422599979349
25711,LOF,0.047082675871964456,0.09312009997956827,0.8597972241484673
25712,LOF,0.010317208823581352,0.18846394692799928,0.8012188442484194
25713,LOF,0.03860301674163079,0.08986775017453709,0.871529233083832
25714,LOF,0.03622269097264574,0.15135007522269975,0.8124272338046545
25715,LOF,0.0454247363044235,0.09907658917671303,0.8554986745188634
25716,LOF,0.005871682210751174,0.10234298534750978,0.891785332441739
25717,LOF,0.006310964811619698,0.10838511193183421,0.885303923256546
25718,LOF,0.03684286459586455,0.06544859238281905,0.8977085430213163
25719,LOF,0.04015211420670364,0.10478299536182056,0.8550648904314758
25720,LOF,0.0364632017395484,0.104153249300735,0.8593835489597166
25721,LOF,0.039379555387516245,0.09954874213245482,0.8610717024800288
25722,LOF,0.030302439147975747,0.1099008954646047,0.8597966653874195
25723,LOF,0.05181181799022925,0.0988253023139581,0.8493628796958126
25724,LOF,0.06656443829975445,0.24425138736795696,0.6891841743322886
25725,LOF,0.0561022680939393,0.08178020819229492,0.8621175237137657
25726,LOF,0.03729384767340894,0.08969487666168426,0.8730112756649067
25727,LOF,0.046155506260358185,0.07407232743544793,0.8797721663041939
25728,LOF,0.04326169544234165,0.09934212815361304,0.8573961764040453
25729,LOF,0.04786564651867326,0.09885215747589629,0.8532821960054305
25730,LOF,0.053985173393022834,0.07467581334000534,0.8713390132669718
25731,LOF,0.008368662288557338,0.10113638362174933,0.8904949540896933
25732,LOF,0.028712598418071188,0.05074009934002233,0.9205473022419065
25733,LOF,0.03642661214921367,0.06963599989865729,0.893937387952129
25734,LOF,0.005971856288361018,0.2968685442536956,0.6971595994579435
25735,LOF,0.03302552188066657,0.0764793639429086,0.8904951141764247
25736,LOF,0.03227283331443083,0.1346452968096229,0.8330818698759463
25737,LOF,0.05997488181219228,0.07651425979695425,0.8635108583908535
25738,LOF,0.04350270482145613,0.15394220101039793,0.8025550941681459
25739,LOF,0.03302815471664173,0.12592508240543274,0.8410467628779256
25740,LOF,0.06411638994009196,0.11515468599552109,0.820728924064387
25741,LOF,0.06312222673107479,0.10132373027309079,0.8355540429958344
25742,LOF,0.0635995898599415,0.11665053167903036,0.8197498784610282
25743,LOF,0.012257196188661874,0.015661746866817348,0.9720810569445207
25744,LOF,0.1764999803970609,0.1287627428069522,0.694737276795987
25745,LOF,0.03213046262162214,0.06217230926889121,0.9056972281094867
25746,LOF,0.015626586058952514,0.08552480228159494,0.8988486116594525
25747,LOF,0.058172074184432425,0.026050762490937778,0.9157771633246298
25748,LOF,0.3198378623451805,0.08066790129546532,0.5994942363593542
25749,LOF,0.01994884218281218,0.05138639218224455,0.9286647656349434
25750,LOF,0.02118371180221755,0.060710541211049816,0.9181057469867328
25751,LOF,0.0448146429282346,0.05670704430325814,0.8984783127685072
25752,GOF,0.0849581346875922,0.5425755458085654,0.37246631950384246
25753,LOF,0.006359092176926886,0.3161287039718867,0.6775122038511864
25754,GOF,0.008862640798668458,0.8557870567441854,0.13535030245714622
25755,LOF,0.006703526507370137,0.34460754088309065,0.6486889326095392
25756,LOF,0.020050545064661942,0.37370355600775673,0.6062458989275814
25757,GOF,0.008279106312618988,0.8168751118496709,0.17484578183771005
25758,GOF,0.008980759964558596,0.88252912994567,0.10849011008977145
25759,GOF,0.006218352501655291,0.6141980125138431,0.3795836349845017
25760,LOF,0.005577609469917425,0.22685353555398421,0.7675688549760984
25761,GOF,0.04694901305009214,0.872399239463536,0.08065174748637187
25762,LOF,0.022400635386000275,0.30058692244800905,0.6770124421659907
25763,LOF,0.005488716808665875,0.25098910374148753,0.7435221794498466
25764,GOF,0.06903524727558623,0.6614550941038035,0.26950965862061005
25765,GOF,0.009337380352337915,0.8911708581684963,0.09949176147916589
25766,GOF,0.0282083957885042,0.8308699499818243,0.14092165422967162
25767,GOF,0.01148315384945904,0.5714353751823132,0.41708147096822773
25768,LOF,0.051936451481878136,0.08582867486273679,0.8622348736553851
25769,LOF,0.033179343624877636,0.09335672699023553,0.8734639293848867
25770,LOF,0.1420523918061877,0.1584919219098801,0.6994556862839322
25771,LOF,0.02295220561380067,0.08884939886288758,0.8881983955233117
25772,LOF,0.05096447401495887,0.06045031337152707,0.8885852126135141
25773,LOF,0.017977205187512623,0.12453926343131151,0.8574835313811757
25774,LOF,0.024856766412389708,0.24788114704610323,0.727262086541507
25775,LOF,0.02201120147495429,0.051860965991616104,0.9261278325334297
25776,LOF,0.03621487917015257,0.03886822675280037,0.9249168940770471
25777,LOF,0.2866570098983048,0.12687672000621442,0.5864662700954808
25778,LOF,0.03112139489745888,0.09074869972297296,0.8781299053795683
25779,GOF,0.059495838913270614,0.8125488744450047,0.1279552866417246
25780,GOF,0.06683547101684134,0.8248090495300703,0.10835547945308839
25781,GOF,0.02812375605301493,0.7964357913508695,0.17544045259611551
25782,GOF,0.028789204062874697,0.8566850874149395,0.11452570852218574
25783,GOF,0.05120482276147574,0.8624444283248173,0.08635074891370689
25784,GOF,0.09628619430486751,0.8225768198206357,0.08113698587449689
25785,GOF,0.1519080331353261,0.771062212858809,0.07702975400586475
25786,GOF,0.014710853033710395,0.6847362342934447,0.30055291267284495
25787,GOF,0.3063996301950608,0.6081864446531867,0.08541392515175257
25788,LOF,0.023464619111206158,0.10756335963325406,0.8689720212555397
25789,GOF,0.0184775457000772,0.7923965541133609,0.1891259001865619
25790,GOF,0.030645168519638163,0.7847971950741248,0.184557636406237
25791,GOF,0.02773150728462092,0.5987908240830274,0.3734776686323516
25792,GOF,0.03447278162463865,0.6797392307221721,0.28578798765318925
25793,GOF,0.05930149797868429,0.7174121248401728,0.2232863771811428
25794,GOF,0.04818511319703639,0.576323939859336,0.37549094694362756
25795,GOF,0.06214966228083522,0.6061672863807195,0.3316830513384454
25796,GOF,0.15784404297383148,0.6333193609201596,0.208836596106009
25797,GOF,0.08704403285427895,0.5728990783605028,0.3400568887852183
25798,GOF,0.00785064612409314,0.773016112760846,0.21913324111506086
25799,GOF,0.00541480345992076,0.6731287984844939,0.32145639805558535
25800,GOF,0.026496037187035852,0.8261267117230094,0.14737725108995475
25801,GOF,0.024164965034185772,0.7946932426500265,0.18114179231578784
25802,GOF,0.02653969343027915,0.7359448536317984,0.2375154529379224
25803,GOF,0.02533087693825544,0.6463163788746042,0.32835274418714033
25804,GOF,0.03881121828771059,0.660185408586704,0.3010033731255854
25805,GOF,0.02972230313731825,0.7200251227944715,0.2502525740682101
25806,GOF,0.04195779187664281,0.7262363343772051,0.23180587374615205
25807,GOF,0.01551593678284387,0.6257458754436516,0.3587381877735046
25808,GOF,0.030960737161379655,0.7214269116034888,0.24761235123513142
25809,GOF,0.01573572751607836,0.6466541217344305,0.3376101507494912
25810,GOF,0.013996155865543812,0.6487252932008866,0.3372785509335697
25811,GOF,0.07878332982627385,0.802964867876287,0.1182518022974391
25812,GOF,0.03767629244694883,0.7057882283143475,0.25653547923870373
25813,GOF,0.18757357844051317,0.673545062858202,0.13888135870128487
25814,GOF,0.03529948075369903,0.6984467200679146,0.2662537991783863
25815,GOF,0.05722812157614215,0.7754900185120358,0.16728185991182212
25816,GOF,0.00947557910479318,0.8288429675109659,0.16168145338424086
25817,GOF,0.10901914001664248,0.6901540617065999,0.20082679827675767
25818,GOF,0.02858021332159219,0.7709660727616804,0.20045371391672745
25819,GOF,0.04974994243128215,0.6917593674260738,0.258490690142644
25820,GOF,0.04967305764835926,0.6050106909247069,0.34531625142693384
25821,GOF,0.034893921625565455,0.6617528566982043,0.30335322167623013
25822,GOF,0.06717705851883841,0.6383775046705944,0.2944454368105672
25823,GOF,0.0344514862219878,0.6394221828299815,0.3261263309480308
25824,GOF,0.026711077219948094,0.6948718630173245,0.2784170597627274
25825,GOF,0.019759034940912235,0.7021420262795558,0.27809893877953196
25826,GOF,0.010096748831178648,0.630161669568605,0.35974158160021646
25827,GOF,0.01949493053351626,0.6625270890609367,0.31797798040554703
25828,GOF,0.01218273715774614,0.6870481146805297,0.3007691481617241
25829,GOF,0.004627441802128816,0.5570366540643483,0.43833590413352275
25830,LOF,0.07094616232631068,0.3894495154681598,0.5396043222055295
25831,GOF,0.07621200866070969,0.7580745562940284,0.16571343504526195
25832,GOF,0.009966065715254997,0.711379122995257,0.2786548112894881
25833,GOF,0.02923746321829588,0.7992125301455227,0.17155000663618133
25834,GOF,0.010342123808089396,0.7335388594960988,0.25611901669581183
25835,GOF,0.0277194678044203,0.8285569858513747,0.14372354634420498
25836,GOF,0.008943807005566351,0.7602451555881682,0.23081103740626552
25837,GOF,0.01265370482441081,0.7031234829293908,0.28422281224619844
25838,GOF,0.022276123050225336,0.7778702659959318,0.19985361095384283
25839,GOF,0.06802964822357895,0.7166631499113215,0.2153072018650996
25840,GOF,0.09530733439845825,0.687194199880866,0.21749846572067558
25841,GOF,0.07761681068219167,0.7567306725353731,0.1656525167824354
25842,GOF,0.02674231321282085,0.8409379120452098,0.13231977474196938
25843,GOF,0.02537025824347626,0.8365538371625585,0.1380759045939653
25844,GOF,0.022084326261241842,0.7789635360853557,0.19895213765340233
25845,GOF,0.008416250117395664,0.6640828155027093,0.3275009343798952
25846,GOF,0.07375269475708063,0.8107938144597496,0.11545349078316974
25847,GOF,0.019080438934584124,0.8414824896733747,0.13943707139204123
25848,GOF,0.020936875131673128,0.8035551307410366,0.17550799412729046
25849,GOF,0.00795681108985041,0.7711923261835053,0.2208508627266444
25850,GOF,0.009087642540736114,0.6689458203700275,0.3219665370892364
25851,GOF,0.008224638676128777,0.6051822886653986,0.38659307265847265
25852,GOF,0.15581700014972233,0.43323072741341956,0.4109522724368582
25853,GOF,0.06017155233224599,0.6894962993936132,0.2503321482741408
25854,GOF,0.007889728546310966,0.6669641854558298,0.3251460859978594
25855,GOF,0.026850939747312137,0.5321002581838804,0.44104880206880753
25856,GOF,0.05327993510945127,0.6847226235662534,0.26199744132429537
25857,GOF,0.02629371386977252,0.525709771414764,0.4479965147154634
25858,GOF,0.0087180970086184,0.544916103659529,0.44636579933185255
25859,GOF,0.006374152424840629,0.5176013860775787,0.47602446149758054
25860,GOF,0.07347473204062697,0.6204313581031289,0.30609390985624413
25861,GOF,0.10265487971108504,0.7546970895627184,0.1426480307261966
25862,GOF,0.021704505164360968,0.8803843358754243,0.0979111589602148
25863,GOF,0.020065163138758037,0.8516897659218761,0.12824507093936596
25864,GOF,0.03193156802313507,0.8722693960631716,0.09579903591369354
25865,GOF,0.03689699694720447,0.853145797868129,0.10995720518466659
25866,GOF,0.021227199021661383,0.8502470776474412,0.12852572333089735
25867,GOF,0.048148438950895885,0.8472515365023835,0.10460002454672047
25868,GOF,0.07068309920470163,0.7001237153487144,0.22919318544658399
25869,GOF,0.3214559627839052,0.503900188280287,0.17464384893580776
25870,LOF,0.0798979752495298,0.4319419013100921,0.488160123440378
25871,GOF,0.01076500298830659,0.6416815333816706,0.3475534636300228
25872,GOF,0.026110195015403223,0.6762148688134221,0.2976749361711747
25873,GOF,0.021917598372387333,0.7428047907584231,0.23527761086918947
25874,LOF,0.03272123827755448,0.10856854056907918,0.8587102211533664
25875,LOF,0.025470534267863908,0.1686881932247258,0.8058412725074103
25876,LOF,0.024864750040114302,0.06743135133142084,0.9077038986284648
25877,LOF,0.0911367568766871,0.31626133230066994,0.592601910822643
25878,LOF,0.05686869199918591,0.373691180628317,0.569440127372497
25879,LOF,0.01092220295088803,0.21436853528431304,0.7747092617647989
25880,LOF,0.045185409276321434,0.02461152173139536,0.9302030689922831
25881,Neutral,0.44994964266242027,0.2994859676852071,0.25056438965237265
25882,LOF,0.034912861481894236,0.08791896205290566,0.8771681764652002
25883,LOF,0.026867786659104838,0.10744706524082129,0.8656851481000739
25884,LOF,0.012383090282562022,0.10226964429244255,0.8853472654249955
25885,LOF,0.13634251141146272,0.03610815031807749,0.8275493382704597
25886,LOF,0.19408805075360902,0.22103931733051765,0.5848726319158734
25887,GOF,0.049687538410688084,0.4885259968983206,0.4617864646909914
25888,LOF,0.005190240617493051,0.37507691569716617,0.6197328436853409
25889,LOF,0.020762028540415842,0.08707974732632796,0.8921582241332562
25890,LOF,0.1833620827199412,0.3056504340358514,0.5109874832442074
25891,LOF,0.1053648943726237,0.1149249405611908,0.7797101650661855
25892,LOF,0.0064420431403867245,0.04428071815032577,0.9492772387092874
25893,LOF,0.2468162146892025,0.015704726153682732,0.7374790591571148
25894,LOF,0.29464506418463227,0.009274110055689355,0.6960808257596784
25895,LOF,0.2537472456099266,0.016355431592597662,0.7298973227974757
25896,LOF,0.07543262723196943,0.045209291777513594,0.8793580809905169
25897,LOF,0.09726882270602111,0.019750602912221384,0.8829805743817575
25898,LOF,0.08441410919520993,0.05022655325427652,0.8653593375505135
25899,LOF,0.39576388387582684,0.04904912902203961,0.5551869871021335
25900,Neutral,0.7706748764256388,0.014047831794930006,0.21527729177943133
25901,LOF,0.06521616446956023,0.013804827614998613,0.9209790079154413
25902,LOF,0.08007284999748455,0.009664754841406017,0.9102623951611094
25903,LOF,0.13005957201909188,0.043885673073471486,0.8260547549074366
25904,Neutral,0.47819557517424893,0.10152960110584437,0.42027482371990676
25905,LOF,0.011466408205104613,0.2570516128268362,0.7314819789680592
25906,LOF,0.008978677315728016,0.020474137442345587,0.9705471852419265
25907,LOF,0.008759385535468282,0.1690266232238973,0.8222139912406344
25908,LOF,0.009162167367151001,0.14691320707280517,0.8439246255600439
25909,LOF,0.0412958132474929,0.07077862305847894,0.8879255636940282
25910,LOF,0.014017938100651432,0.09556100711647185,0.8904210547828767
25911,LOF,0.16644998821048115,0.10525419294999984,0.7282958188395191
25912,LOF,0.14036430210016174,0.02921454596273927,0.830421151937099
25913,LOF,0.01413411356866137,0.10261649785220207,0.8832493885791365
25914,LOF,0.044878381799129966,0.03101396522412958,0.9241076529767406
25915,LOF,0.2152015295041294,0.37593556872810885,0.40886290176776174
25916,LOF,0.014280470629813765,0.19578523472761242,0.7899342946425737
25917,LOF,0.06728999046062391,0.03414136934296636,0.8985686401964098
25918,LOF,0.04409241687019194,0.020916161649200748,0.9349914214806072
25919,LOF,0.04016873823135061,0.019236803869186272,0.940594457899463
25920,LOF,0.25339672360683047,0.2878859580560787,0.45871731833709084
25921,LOF,0.023350693342568393,0.033608975140125986,0.9430403315173057
25922,LOF,0.020169824804594103,0.027784892841035424,0.9520452823543705
25923,LOF,0.46781459711674894,0.022431517967829544,0.5097538849154215
25924,LOF,0.027291018165549574,0.03356629199488692,0.9391426898395635
25925,LOF,0.13012287612569284,0.04586933591615221,0.824007787958155
25926,LOF,0.10363249355020251,0.032838519325113134,0.8635289871246844
25927,LOF,0.02648327517559942,0.062411690888338665,0.911105033936062
25928,LOF,0.01576585267869464,0.017919030395986454,0.9663151169253189
25929,Neutral,0.5920942720451798,0.02228132464427227,0.38562440331054776
25930,LOF,0.06790425902642447,0.0238006119286378,0.9082951290449376
25931,LOF,0.015191979524947238,0.02071673707144864,0.9640912834036042
25932,LOF,0.10352765493989899,0.015121811463111886,0.8813505335969891
25933,LOF,0.09447343836507374,0.010832623631550901,0.8946939380033754
25934,LOF,0.09204232985385045,0.012849926196819845,0.8951077439493297
25935,LOF,0.12378986902869754,0.03422860767885416,0.8419815232924482
25936,LOF,0.09738382749828987,0.011397610214586226,0.8912185622871239
25937,LOF,0.017511764287503513,0.0231788477610046,0.9593093879514918
25938,LOF,0.12553300147672683,0.03186435283468283,0.8426026456885903
25939,LOF,0.06768596964556302,0.013177081035020072,0.9191369493194168
25940,LOF,0.007952502970082435,0.3696274353089197,0.622420061720998
25941,Neutral,0.5108264513242811,0.17400927451515338,0.3151642741605656
25942,LOF,0.008176831563430957,0.22514412294424485,0.7666790454923241
25943,GOF,0.02760710919493702,0.6349919067156599,0.33740098408940306
25944,GOF,0.029426271987979508,0.535648543364697,0.4349251846473235
25945,LOF,0.10685947409059882,0.140149941405546,0.7529905845038551
25946,LOF,0.08702608020634718,0.07348454150962978,0.8394893782840229
25947,Neutral,0.5256058306055343,0.13076950132524662,0.34362466806921904
25948,Neutral,0.493364788023075,0.016712824096050224,0.48992238788087494
25949,LOF,0.11720177731041934,0.04252299011892763,0.840275232570653
25950,GOF,0.03993580707906906,0.8232949618574982,0.13676923106343275
25951,GOF,0.01497193208721906,0.596485828115005,0.38854223979777597
25952,GOF,0.10666503012922543,0.4785739964344934,0.41476097343628116
25953,GOF,0.006405290650977164,0.5747265042372263,0.4188682051117965
25954,GOF,0.02751864849732871,0.6949481967019664,0.27753315480070484
25955,GOF,0.006075443713634673,0.5457823198185237,0.4481422364678416
25956,LOF,0.009231240514641557,0.37025615754156127,0.6205126019437973
25957,LOF,0.2440690843076606,0.03300734277617192,0.7229235729161674
25958,LOF,0.029793336425491156,0.07515567747077027,0.8950509861037386
25959,GOF,0.0057333932298563196,0.6290291360368127,0.36523747073333107
25960,LOF,0.004656977116008523,0.13228840889772134,0.8630546139862703
25961,LOF,0.0292528261237213,0.07471566391410225,0.8960315099621764
25962,LOF,0.04829516827605243,0.08498235498290632,0.8667224767410413
25963,LOF,0.00986661556975646,0.2341451500634506,0.755988234366793
25964,LOF,0.04766384543017023,0.13883962044319983,0.8134965341266299
25965,LOF,0.1362395501234436,0.21441593436472065,0.6493445155118358
25966,LOF,0.35945882467335094,0.20242848003868696,0.43811269528796204
25967,LOF,0.00787241500244737,0.05861403044979604,0.9335135545477565
25968,LOF,0.07789208394758304,0.2233168600461097,0.6987910560063073
25969,LOF,0.15606506872691292,0.03136644133253379,0.8125684899405532
25970,LOF,0.035354522313424744,0.2703885386512536,0.6942569390353216
25971,LOF,0.06633517149370662,0.08492835393958417,0.8487364745667092
25972,LOF,0.0651123106388353,0.11134273970252193,0.8235449496586429
25973,LOF,0.09308652722691045,0.006468811943487655,0.900444660829602
25974,LOF,0.08993096427340475,0.05600656375072803,0.8540624719758672
25975,LOF,0.04048822325626605,0.010189794635158095,0.9493219821085758
25976,LOF,0.09470329530299154,0.007523495598186378,0.8977732090988221
25977,LOF,0.21746383216846815,0.0766620517953301,0.7058741160362018
25978,LOF,0.1624568623627687,0.12034179577742692,0.7172013418598043
25979,LOF,0.1257686137147861,0.12273987199222927,0.7514915142929847
25980,LOF,0.19072490019874508,0.2178907544721149,0.5913843453291401
25981,LOF,0.1928783952606516,0.22541191393369997,0.5817096908056485
25982,LOF,0.2793325856437527,0.11085223691890815,0.6098151774373392
25983,Neutral,0.48019780863929623,0.11372017785406317,0.4060820135066406
25984,LOF,0.041151773424089565,0.1340290000366964,0.8248192265392139
25985,LOF,0.40458924974019234,0.16336434953389048,0.4320464007259171
25986,LOF,0.009602322701819413,0.44792669100974986,0.5424709862884308
25987,LOF,0.02160783701195499,0.07227327079959342,0.9061188921884517
25988,LOF,0.03426699097127714,0.21345606908848141,0.7522769399402414
25989,LOF,0.03467118297908319,0.20726614600041848,0.7580626710204983
25990,LOF,0.039552490524792566,0.29905718505260087,0.6613903244226066
25991,GOF,0.03581454783080234,0.5762670571646447,0.38791839500455305
25992,LOF,0.013456756967622146,0.3397483717922241,0.6467948712401537
25993,LOF,0.029683953491974942,0.07192421718594749,0.8983918293220775
25994,LOF,0.03258516507360569,0.09127781834564877,0.8761370165807456
25995,LOF,0.0197327505420617,0.1537740452941562,0.826493204163782
25996,GOF,0.3129199087635815,0.5203232001497432,0.16675689108667524
25997,GOF,0.062259347108594425,0.6618017233506049,0.2759389295408005
25998,LOF,0.2621525433212059,0.03795704934177462,0.6998904073370195
25999,LOF,0.026805416529821036,0.4171004845175499,0.5560940989526292
26000,LOF,0.1506922787685336,0.019810167576934715,0.8294975536545316
26001,LOF,0.1554856165083026,0.034582405992559545,0.8099319774991379
26002,LOF,0.11539242218917395,0.023289223486433856,0.8613183543243922
26003,GOF,0.007988579551693393,0.5859799952906113,0.40603142515769536
26004,GOF,0.02137453488389958,0.5830210057788756,0.395604459337225
26005,LOF,0.006450088384754111,0.4808316371533802,0.5127182744618657
26006,GOF,0.14477516548569813,0.4951773084967359,0.360047526017566
26007,GOF,0.011227576953078439,0.5210407575829874,0.4677316654639342
26008,GOF,0.00755869723800529,0.5715579568291127,0.42088334593288207
26009,GOF,0.01563112002467296,0.599981330184667,0.38438754979066
26010,GOF,0.010620668051994882,0.5880763501568762,0.4013029817911289
26011,LOF,0.006923139968550734,0.4243603233376031,0.5687165366938461
26012,LOF,0.0069228861182774135,0.45749030845549454,0.5355868054262279
26013,LOF,0.012276418615564978,0.4530716767109878,0.5346519046734473
26014,LOF,0.05674011297303081,0.08828939793903942,0.8549704890879297
26015,LOF,0.391470265350102,0.06291014306090756,0.5456195915889904
26016,LOF,0.26670483227923303,0.1444898962448704,0.5888052714758966
26017,LOF,0.01714312854561358,0.4596337936554492,0.5232230777989372
26018,LOF,0.021105119447952143,0.18162155986383727,0.7972733206882106
26019,LOF,0.021178397627263614,0.14793099833283543,0.830890604039901
26020,LOF,0.007550413410916424,0.41353490930584985,0.5789146772832338
26021,LOF,0.09113304588115037,0.2579035569762272,0.6509633971426224
26022,LOF,0.052150041474578294,0.07630381188490823,0.8715461466405134
26023,LOF,0.032102772639690226,0.13499857779543986,0.83289864956487
26024,LOF,0.04929591753217943,0.17937824921834541,0.7713258332494751
26025,LOF,0.15800550005700825,0.17248225408818252,0.6695122458548093
26026,LOF,0.1526299026406556,0.13443226709325468,0.7129378302660897
26027,LOF,0.0316937558475884,0.08339698994141595,0.8849092542109958
26028,LOF,0.07611097131090136,0.22442503584592915,0.6994639928431695
26029,LOF,0.03970504658669727,0.09522376993333032,0.8650711834799725
26030,LOF,0.16695848558767712,0.007506002906787321,0.8255355115055356
26031,LOF,0.021024011641584114,0.09954809102933777,0.8794278973290782
26032,LOF,0.03008175828654414,0.017254582602167164,0.9526636591112887
26033,LOF,0.04863041492755916,0.028855896093056294,0.9225136889793846
26034,LOF,0.02826489597640595,0.0628371177033338,0.9088979863202603
26035,LOF,0.016397251761809846,0.07532288289021784,0.9082798653479722
26036,LOF,0.015445371703708317,0.060485884006389844,0.9240687442899017
26037,LOF,0.014364456405180555,0.05972749255541264,0.9259080510394068
26038,LOF,0.0240145455600695,0.016921105391587265,0.9590643490483433
26039,LOF,0.03329090097199518,0.09212055112640337,0.8745885479016015
26040,LOF,0.07308472936055779,0.12298884867646355,0.8039264219629787
26041,LOF,0.01809907866042499,0.07346718395013771,0.9084337373894373
26042,LOF,0.016749009395745532,0.08100126019149217,0.9022497304127622
26043,LOF,0.023596047194990127,0.03627235793078402,0.9401315948742258
26044,LOF,0.009264077434279568,0.034632177334714194,0.9561037452310062
26045,LOF,0.08138333554934954,0.17847966942244453,0.740136995028206
26046,LOF,0.023546159171445674,0.04026733618764568,0.9361865046409086
26047,LOF,0.05588477706922891,0.03248006089791379,0.9116351620328573
26048,LOF,0.08003890698480999,0.019140913100703056,0.900820179914487
26049,Neutral,0.9208311155582561,0.004762299876077293,0.07440658456566666
26050,Neutral,0.8621171371074492,0.005783851370132817,0.13209901152241801
26051,LOF,0.032754859897059126,0.3013598232878527,0.6658853168150882
26052,LOF,0.03289456871391924,0.19198928097174262,0.7751161503143381
26053,LOF,0.04164370670046395,0.049241073788533034,0.9091152195110029
26054,LOF,0.049184748513354484,0.09126614468077135,0.8595491068058743
26055,LOF,0.05388845396454468,0.07851044643753889,0.8676010995979163
26056,LOF,0.051515572441510685,0.0836137835316181,0.8648706440268712
26057,LOF,0.05259072888238609,0.019309377458054815,0.928099893659559
26058,LOF,0.062286960781938856,0.015514103459324557,0.9221989357587366
26059,LOF,0.24905736418642715,0.11754911727060544,0.6333935185429674
26060,LOF,0.015787830875282897,0.2561187620522118,0.7280934070725052
26061,LOF,0.012628079006614584,0.013242271389936378,0.9741296496034489
26062,LOF,0.0058385553458596695,0.023813389783372923,0.9703480548707674
26063,LOF,0.054213801071987214,0.016199536539093114,0.9295866623889197
26064,LOF,0.009625755606683236,0.015953268501843577,0.9744209758914731
26065,LOF,0.0479551450370929,0.02252980280928498,0.9295150521536222
26066,LOF,0.048095774686516136,0.01460188107424637,0.9373023442392374
26067,LOF,0.05769727961949405,0.01817955290846703,0.9241231674720388
26068,LOF,0.04846557885353697,0.05957410105499033,0.8919603200914727
26069,LOF,0.15716767209541968,0.048634224379654034,0.7941981035249264
26070,LOF,0.3750250108470116,0.03234427355120392,0.5926307156017845
26071,LOF,0.049091131710642034,0.017366534165307087,0.933542334124051
26072,LOF,0.010279472371080364,0.021400143258628157,0.9683203843702916
26073,LOF,0.05188133055436529,0.013682435598243455,0.9344362338473914
26074,Neutral,0.7026406720040808,0.025665813836735215,0.2716935141591839
26075,LOF,0.03950541307017985,0.040598613888027754,0.9198959730417925
26076,LOF,0.05707396426477281,0.025591649695974737,0.9173343860392524
26077,LOF,0.16633524717753184,0.02396741005910506,0.8096973427633631
26078,LOF,0.007096286628698954,0.026470729431546557,0.9664329839397545
26079,LOF,0.05774947837464626,0.04112083214287685,0.901129689482477
26080,LOF,0.056528681736138384,0.04112324737909397,0.9023480708847677
26081,LOF,0.05131665703007597,0.017417556125107835,0.9312657868448162
26082,LOF,0.008103575068005279,0.024532096222540947,0.9673643287094538
26083,LOF,0.04642940378889694,0.041030145479630624,0.9125404507314724
26084,LOF,0.06427189886665206,0.020599822243992497,0.9151282788893554
26085,LOF,0.0584386949018774,0.01873832726011723,0.9228229778380054
26086,LOF,0.038782959176900084,0.02078328340931246,0.9404337574137874
26087,LOF,0.04644999699253838,0.022605618842856452,0.9309443841646051
26088,LOF,0.008096633086446968,0.048511075360997746,0.9433922915525552
26089,LOF,0.03465650891007563,0.06722064781764019,0.8981228432722841
26090,LOF,0.03402149427335669,0.053186515499201226,0.9127919902274422
26091,LOF,0.053033002573672265,0.01778332642762127,0.9291836709987065
26092,LOF,0.06267845144462524,0.016242409576900155,0.9210791389784745
26093,LOF,0.07857336104167723,0.01205490058868497,0.9093717383696379
26094,LOF,0.04348616502427021,0.016559794201526173,0.9399540407742037
26095,LOF,0.011872972642036263,0.03372228362219636,0.9544047437357673
26096,LOF,0.30570209977893015,0.005094384171498286,0.6892035160495715
26097,LOF,0.007506656275915404,0.05293298816921548,0.9395603555548692
26098,LOF,0.06067248790338276,0.03977323327874904,0.8995542788178682
26099,LOF,0.0500656841380691,0.049970475477363975,0.899963840384567
26100,LOF,0.0500656841380691,0.049970475477363975,0.899963840384567
26101,LOF,0.041636263871819124,0.051905544756192704,0.9064581913719882
26102,LOF,0.05128547542360549,0.02361263541018898,0.9251018891662055
26103,Neutral,0.8599511188381537,0.048636405288638544,0.09141247587320785
26104,LOF,0.04310877214186657,0.12082765727275444,0.8360635705853791
26105,LOF,0.2757691039609417,0.24824832605682706,0.47598256998223126
26106,LOF,0.3228757914255411,0.150478371806873,0.5266458367675859
26107,LOF,0.01000250046143288,0.19563916993858427,0.7943583295999828
26108,LOF,0.13511861767164624,0.19829708979399982,0.666584292534354
26109,LOF,0.05184594368686248,0.024037909883507805,0.9241161464296298
26110,Neutral,0.517333697748066,0.03519245932980683,0.44747384292212716
26111,LOF,0.05332865272033163,0.20284715508552442,0.743824192194144
26112,LOF,0.059279791643488844,0.03756032818310665,0.9031598801734045
26113,LOF,0.06555599452246934,0.06720754075275132,0.8672364647247793
26114,LOF,0.10603242603456112,0.028349838566513436,0.8656177353989255
26115,LOF,0.018418342833640394,0.22668813267069304,0.7548935244956666
26116,LOF,0.06404807336065715,0.07260237700209354,0.8633495496372493
26117,LOF,0.2625402737841464,0.06915991143055601,0.6682998147852975
26118,LOF,0.0391445925712259,0.022731211044197216,0.938124196384577
26119,LOF,0.005484262594184301,0.1014670314632452,0.8930487059425705
26120,LOF,0.031513223752575294,0.030646837435294588,0.9378399388121301
26121,LOF,0.004526425543011954,0.11295078786067962,0.8825227865963085
26122,LOF,0.005040323700535703,0.11178636558313047,0.8831733107163338
