feature0,prediction,LoGoFunc_Neutral,LoGoFunc_GOF,LoGoFunc_LOF
25546,Neutral,0.6513484569430507,0.03491427502358308,0.3137372680333662
25547,Neutral,0.546749129318165,0.08984541289510146,0.3634054577867335
25548,Neutral,0.5072443608986335,0.05895306827610131,0.43380257082526535
25549,Neutral,0.47930027882227305,0.06345471523790339,0.45724500593982353
25550,LOF,0.387882986066419,0.06040311638964398,0.551713897543937
25551,LOF,0.2996929871898077,0.06143561174962899,0.6388714010605633
25552,LOF,0.20626009268712406,0.07555159148423117,0.7181883158286448
25553,Neutral,0.8045466076134417,0.021338870990114434,0.17411452139644387
25554,LOF,0.2314224252573144,0.07970136659889898,0.6888762081437867
25555,LOF,0.19366473041123466,0.07061465489759758,0.7357206146911677
25556,Neutral,0.5339982966862415,0.05626758257147659,0.409734120742282
25557,LOF,0.20198987729726753,0.07655098545420119,0.7214591372485313
25558,LOF,0.24980855291847245,0.07955791167794947,0.6706335354035781
25559,Neutral,0.5831243584113041,0.034898981633476635,0.38197665995521934
25560,LOF,0.036993995376675165,0.1719307816204018,0.7910752230029232
25561,LOF,0.10643144825109649,0.19681548755272904,0.6967530641961743
25562,LOF,0.1300335910221326,0.055856845114330284,0.8141095638635371
25563,LOF,0.136143021988717,0.07856235673250976,0.7852946212787734
25564,LOF,0.060963869411285426,0.09977914551287304,0.8392569850758416
25565,LOF,0.10802983749828844,0.3038335110494276,0.588136651452284
25566,GOF,0.02882856293142995,0.6109105164705027,0.36026092059806736
25567,LOF,0.015249588619757547,0.06960282672242844,0.915147584657814
25568,LOF,0.09147639615739625,0.04229545114773312,0.8662281526948706
25569,LOF,0.1631450881818522,0.025252243239152962,0.8116026685789948
25570,LOF,0.08841295775525913,0.06728375337688777,0.8443032888678531
25571,LOF,0.10104011033285283,0.04951795342703688,0.8494419362401102
25572,LOF,0.05073758594153259,0.05858558452252889,0.8906768295359385
25573,LOF,0.026786183715466705,0.0558503582246424,0.9173634580598908
25574,LOF,0.014830145570869499,0.14448217050884918,0.8406876839202813
25575,LOF,0.08988945506372918,0.028099013551288174,0.8820115313849827
25576,LOF,0.022528066391127474,0.024991417482245197,0.9524805161266273
25577,LOF,0.013633680927172152,0.028183135967127,0.9581831831057007
25578,LOF,0.38290077409558765,0.07359649159579404,0.5435027343086183
25579,LOF,0.32086456843022176,0.06505523208558925,0.6140801994841889
25580,LOF,0.05469675768043366,0.017567770698858374,0.927735471620708
25581,LOF,0.07245279567299552,0.07320695707149544,0.854340247255509
25582,LOF,0.07191334061324417,0.05119821224483951,0.8768884471419164
25583,LOF,0.0649500689430172,0.016486660171667247,0.9185632708853155
25584,Neutral,0.5306759903488995,0.028451362277850792,0.4408726473732498
25585,LOF,0.034817046217308724,0.026981158366008652,0.9382017954166827
25586,LOF,0.05722347635544664,0.028367867694640864,0.9144086559499125
25587,LOF,0.04466890278369128,0.022897085563136868,0.932434011653172
25588,LOF,0.04940595577465159,0.035496586522799856,0.9150974577025486
25589,Neutral,0.761503916252573,0.0603585055842802,0.17813757816314682
25590,LOF,0.027073256787230403,0.0695590450745343,0.9033676981382353
25591,LOF,0.11009096716594262,0.029496701501630734,0.8604123313324266
25592,LOF,0.2278966530092837,0.06129646420801603,0.7108068827827003
25593,LOF,0.01874417524771386,0.27521850120752006,0.7060373235447661
25594,LOF,0.05228735253317597,0.12332683624104392,0.8243858112257801
25595,LOF,0.104388115882584,0.19581471688990854,0.6997971672275075
25596,LOF,0.09584346763137745,0.08510793558037665,0.8190485967882458
25597,LOF,0.08859368657562475,0.05388418978013554,0.8575221236442397
25598,LOF,0.12201087899585365,0.13330576442026562,0.7446833565838807
25599,LOF,0.013763592930392308,0.2133365488083647,0.772899858261243
25600,LOF,0.020353110379745316,0.28592937028522747,0.6937175193350272
25601,LOF,0.01003839605504374,0.15984757338618222,0.8301140305587741
25602,LOF,0.02690650005494106,0.08232068461049184,0.8907728153345671
25603,LOF,0.043068512596390274,0.08526713855364515,0.8716643488499646
25604,LOF,0.03461093650861788,0.16149903944235516,0.803890024049027
25605,LOF,0.013357604631227185,0.33505800418476306,0.6515843911840098
25606,LOF,0.09395332366037931,0.3890215762356545,0.5170251001039662
25607,LOF,0.0033823354763194307,0.1669224219880619,0.8296952425356187
25608,LOF,0.0603672327576095,0.0363572435466046,0.9032755236957859
25609,LOF,0.09206587882455632,0.1592779056122761,0.7486562155631675
25610,LOF,0.03996238767228524,0.09466405872305066,0.8653735536046641
25611,LOF,0.06199699362820092,0.06417928130229439,0.8738237250695047
25612,LOF,0.18956615857606965,0.06463390551942723,0.7457999359045031
25613,LOF,0.09026019809997289,0.09568443966258758,0.8140553622374395
25614,LOF,0.0310669330730357,0.12464751975763032,0.844285547169334
25615,LOF,0.05388090054276292,0.1250224986498229,0.8210966008074141
25616,LOF,0.02381687845736132,0.16276947777501136,0.8134136437676274
25617,LOF,0.047435916901004224,0.1132026681687012,0.8393614149302946
25618,LOF,0.12011866980072931,0.30289561233755447,0.5769857178617163
25619,LOF,0.04069177613289816,0.10761211721456025,0.8516961066525417
25620,LOF,0.03304802194602825,0.13886113141994785,0.828090846634024
25621,LOF,0.029122498104402504,0.0818361253885266,0.8890413765070708
25622,LOF,0.02278357832394162,0.11016933343833764,0.8670470882377208
25623,LOF,0.044731309204377005,0.12517375042144785,0.8300949403741752
25624,LOF,0.032197752131325634,0.1725380403214727,0.7952642075472016
25625,LOF,0.03304979977271854,0.09799694716620207,0.8689532530610794
25626,LOF,0.09304604108348563,0.06623845799760494,0.8407155009189095
25627,Neutral,0.4460194226338549,0.16265780644819625,0.3913227709179488
25628,LOF,0.17451763450710475,0.044633434803793975,0.7808489306891013
25629,LOF,0.08627728152968035,0.06548524369711045,0.8482374747732092
25630,LOF,0.14182118602757274,0.06357686550844983,0.7946019484639774
25631,Neutral,0.5240192883997886,0.09592791758212593,0.38005279401808545
25632,LOF,0.014498804990349187,0.07675576215603831,0.9087454328536125
25633,LOF,0.30277912534204887,0.29666863624056683,0.4005522384173844
25634,LOF,0.047779422774693846,0.1225724892085143,0.8296480880167918
25635,LOF,0.04009460559168444,0.0773050461401562,0.8826003482681594
25636,GOF,0.005406973891633735,0.5719061448839058,0.4226868812244604
25637,LOF,0.005419332737390225,0.30096934938101627,0.6936113178815935
25638,LOF,0.006722736261288699,0.35609339363793396,0.6371838701007773
25639,LOF,0.005637231945353735,0.2637060966841913,0.730656671370455
25640,Neutral,0.5372957897855115,0.35670489288096907,0.10599931733351944
25641,LOF,0.008952632730094083,0.16733897939097755,0.8237083878789284
25642,LOF,0.2343372613320685,0.03576354672936764,0.7298991919385639
25643,LOF,0.2451610938040139,0.017252911569013492,0.7375859946269726
25644,LOF,0.010425914684435158,0.3361046926984526,0.6534693926171122
25645,LOF,0.00787931692802892,0.42768046631370865,0.5644402167582624
25646,LOF,0.01026892719188521,0.30369673648559875,0.6860343363225161
25647,LOF,0.010398998051121298,0.2672424094353196,0.722358592513559
25648,LOF,0.007288160788969317,0.3154685359602351,0.6772433032507955
25649,LOF,0.00859591639846351,0.1626201046200564,0.8287839789814802
25650,LOF,0.02386750641640854,0.3816654014877008,0.5944670920958907
25651,LOF,0.0066436287723720885,0.23399393747442299,0.7593624337532049
25652,LOF,0.011855407208242108,0.3115583557913068,0.6765862370004511
25653,GOF,0.052194781389653014,0.4840461778183254,0.4637590407920215
25654,LOF,0.007214066939919961,0.4164615258041587,0.5763244072559213
25655,GOF,0.07275979261487041,0.5315216387808523,0.3957185686042772
25656,LOF,0.0736245081963052,0.36736906809907144,0.5590064237046234
25657,LOF,0.2704331435286652,0.04538669298824983,0.684180163483085
25658,LOF,0.021741059684632774,0.2908505301138582,0.687408410201509
25659,LOF,0.18376063835686132,0.20593700692226724,0.6103023547208714
25660,LOF,0.10473071906438622,0.1140770900518452,0.7811921908837686
25661,LOF,0.06971227815654835,0.07914329929266266,0.851144422550789
25662,LOF,0.05178505112632958,0.06775621238858127,0.8804587364850892
25663,LOF,0.05050686828386376,0.10369914275774175,0.8457939889583944
25664,LOF,0.029560211862176174,0.12918958537833342,0.8412502027594904
25665,LOF,0.048675113233683745,0.08960255166703718,0.8617223350992792
25666,LOF,0.03821984057456462,0.1875268568193062,0.7742533026061291
25667,LOF,0.04750390618564565,0.028286183594550023,0.9242099102198044
25668,LOF,0.04723198779425181,0.04713479801424256,0.9056332141915057
25669,LOF,0.03626174017129913,0.09619989417085718,0.8675383656578437
25670,LOF,0.06524701696982256,0.08240001732465484,0.8523529657055225
25671,LOF,0.06634619314281168,0.05824588680561815,0.8754079200515703
25672,LOF,0.06653772145196614,0.054850131537584335,0.8786121470104495
25673,LOF,0.04167472130532378,0.06751247182258435,0.8908128068720919
25674,LOF,0.026231204101901,0.10710055128562923,0.8666682446124698
25675,LOF,0.03719132204445028,0.04185861885640567,0.9209500590991441
25676,LOF,0.04531900740996438,0.10030219644666323,0.8543787961433724
25677,LOF,0.07383766237909625,0.06295640627521547,0.8632059313456883
25678,LOF,0.1739051146314672,0.0915522188747591,0.7345426664937736
25679,LOF,0.12064420034184532,0.11872919475669103,0.7606266049014637
25680,LOF,0.11362961215062455,0.1301546882453812,0.7562156996039943
25681,LOF,0.12757162574644368,0.12578631019772846,0.7466420640558279
25682,LOF,0.05641026535377109,0.0839188517446352,0.8596708829015937
25683,LOF,0.08318830031288658,0.10516245989023565,0.8116492397968778
25684,LOF,0.08238224609933899,0.11197498302904317,0.805642770871618
25685,LOF,0.09543708207834706,0.04619231364789732,0.8583706042737556
25686,LOF,0.021091892404808986,0.23177252510396576,0.7471355824912254
25687,LOF,0.032618334632319904,0.19103465557797533,0.7763470097897048
25688,LOF,0.01311872218692086,0.41563418772491,0.5712470900881692
25689,LOF,0.009462480927254078,0.2602884105798434,0.7302491084929025
25690,GOF,0.010589624913340383,0.5032361131774326,0.48617426190922713
25691,GOF,0.062382742764184214,0.6861461966898678,0.2514710605459479
25692,LOF,0.30045693321436057,0.03630948937924075,0.6632335774063988
25693,LOF,0.038985778024008905,0.41261134004670974,0.5484028819292813
25694,LOF,0.23360709117835357,0.033870018658606275,0.7325228901630401
25695,LOF,0.16999976152341947,0.05625307131504172,0.7737471671615388
25696,LOF,0.06787513096284775,0.062339256472553145,0.8697856125645991
25697,LOF,0.06745070435813114,0.04023108798772173,0.892318207654147
25698,GOF,0.01687532114264446,0.5032557041343972,0.4798689747229583
25699,LOF,0.07173649271758196,0.23327218660321747,0.6949913206792006
25700,LOF,0.06752306299338026,0.02543576213736613,0.9070411748692535
25701,LOF,0.01159801954874522,0.26240589323531527,0.7259960872159394
25702,GOF,0.0233572747820562,0.5004089722862402,0.4762337529317037
25703,LOF,0.01593843143137098,0.09278817667113021,0.8912733918974988
25704,LOF,0.06632841139374632,0.10218873609576971,0.8314828525104839
25705,LOF,0.11289502483588225,0.22134329462775687,0.6657616805363609
25706,GOF,0.020659107001307266,0.6764148684246377,0.302926024574055
25707,GOF,0.020599801457514468,0.6171327307387934,0.3622674678036922
25708,GOF,0.007335468045274203,0.6200742229475026,0.37259030900722323
25709,LOF,0.04808996261102849,0.10645541480863979,0.8454546225803317
25710,LOF,0.007467744805387494,0.22410491961994522,0.7684273355746674
25711,LOF,0.04531173361576805,0.13923663191644894,0.8154516344677831
25712,LOF,0.012238371950293873,0.19369907032057918,0.7940625577291269
25713,LOF,0.044585490773547884,0.12844198860177022,0.826972520624682
25714,LOF,0.03636876054821991,0.3075909263765077,0.6560403130752723
25715,LOF,0.036091871257854534,0.19455283531750114,0.7693552934246443
25716,LOF,0.007339378749189804,0.08438175109462566,0.9082788701561845
25717,LOF,0.007517564242016169,0.05786039605352266,0.9346220397044611
25718,LOF,0.04608434447965753,0.058980852252483465,0.894934803267859
25719,LOF,0.039095577078217994,0.14465274283693447,0.8162516800848476
25720,LOF,0.03998925155526255,0.2015727056783576,0.7584380427663798
25721,LOF,0.04630958200766146,0.08058835268741184,0.8731020653049267
25722,LOF,0.03882156441939402,0.11828092564612913,0.8428975099344768
25723,LOF,0.0510440036951056,0.17215258665259178,0.7768034096523027
25724,LOF,0.06568965572519743,0.4165563894245331,0.5177539548502694
25725,LOF,0.066620679719503,0.14201533930421717,0.7913639809762798
25726,LOF,0.04202228135763818,0.14045521148412943,0.8175225071582324
25727,LOF,0.05990555321767803,0.10036851333995829,0.8397259334423636
25728,LOF,0.036897760015516215,0.2230607967797184,0.7400414432047653
25729,LOF,0.04210495853794333,0.21487329060709304,0.7430217508549636
25730,LOF,0.05386625011197647,0.14647754560718124,0.7996562042808424
25731,LOF,0.01058558451285792,0.1038111910071353,0.8856032244800068
25732,LOF,0.03344995494060264,0.0872196377799285,0.8793304072794689
25733,LOF,0.04593042050193764,0.21414655810223748,0.7399230213958249
25734,LOF,0.006929666455612065,0.2029207758422027,0.7901495577021853
25735,LOF,0.0414445639642999,0.0990288349170316,0.8595266011186685
25736,LOF,0.040347510997071484,0.1692108567704924,0.790441632232436
25737,LOF,0.06293785128799263,0.11096387960221993,0.8260982691097875
25738,LOF,0.05907665830359602,0.22128975482682953,0.7196335868695745
25739,LOF,0.040284093607572825,0.16271303512414265,0.7970028712682844
25740,LOF,0.06228926919873332,0.17443800294687434,0.7632727278543924
25741,LOF,0.05666633105005664,0.17413488737650196,0.7691987815734413
25742,LOF,0.06351571437247776,0.1901862600176166,0.7462980256099057
25743,LOF,0.010752743310000175,0.02315784149509317,0.9660894151949065
25744,LOF,0.10071359716549318,0.23361469204853846,0.6656717107859683
25745,LOF,0.020531491299638098,0.23472443310855817,0.7447440755918037
25746,LOF,0.011741720888375929,0.21863233716987684,0.7696259419417473
25747,LOF,0.0442258602482469,0.05903182213834247,0.8967423176134106
25748,LOF,0.2112484403881801,0.2395831093707524,0.5491684502410675
25749,LOF,0.01529201298476949,0.23261968809860226,0.7520882989166282
25750,LOF,0.014385613927555751,0.2699009045064014,0.7157134815660428
25751,LOF,0.029231069242578366,0.20547323104938078,0.7652956997080409
25752,GOF,0.10163331331583993,0.6209582154414888,0.2774084712426713
25753,LOF,0.008083956675498863,0.21089591452819362,0.7810201287963076
25754,GOF,0.010722115538462963,0.8891268839967144,0.10015100046482267
25755,LOF,0.008560033190187052,0.25572539069444483,0.7357145761153681
25756,LOF,0.030085005523166366,0.43814905003168336,0.5317659444451502
25757,GOF,0.010266839398278759,0.8313345317505262,0.1583986288511951
25758,GOF,0.012115569687645617,0.8693915402407142,0.11849289007164006
25759,GOF,0.007108485634429577,0.7438162177309057,0.24907529663466477
25760,LOF,0.006443900561328082,0.17708125532350616,0.8164748441151658
25761,GOF,0.06368214056942233,0.8599813574680574,0.07633650196252018
25762,LOF,0.031214240835242275,0.4203222794935932,0.5484634796711645
25763,LOF,0.007131239822529269,0.12891740152370926,0.8639513586537615
25764,GOF,0.10071975287454181,0.6423104992642298,0.25696974786122845
25765,GOF,0.01180594129761469,0.8927068125100948,0.09548724619229064
25766,GOF,0.036935272890138864,0.8008374733781759,0.1622272537316852
25767,GOF,0.00785586005143721,0.6610883624412138,0.33105577750734905
25768,LOF,0.049078850607143315,0.06499985229191721,0.8859212971009394
25769,LOF,0.034571078784210486,0.2045225449348001,0.7609063762809894
25770,Neutral,0.4841079680894543,0.1761226114331431,0.3397694204774026
25771,LOF,0.02252990274603787,0.1132797275017909,0.8641903697521712
25772,LOF,0.050850523107175395,0.15226470309891124,0.7968847737939133
25773,LOF,0.01667046259196629,0.2917819360441758,0.691547601363858
25774,LOF,0.03127756725689256,0.3334668640860227,0.6352555686570848
25775,LOF,0.021396761431344835,0.09799843851935705,0.8806048000492981
25776,LOF,0.0315801371647044,0.15571561801426181,0.8127042448210338
25777,LOF,0.08551514128560056,0.2245135681247492,0.6899712905896502
25778,LOF,0.03882836554279883,0.17364524838659876,0.7875263860706024
25779,GOF,0.10237351697796546,0.5263537874456955,0.371272695576339
25780,GOF,0.11476834054288458,0.5761624134587079,0.3090692459984076
25781,GOF,0.053689413508651036,0.5547643590644911,0.3915462274268579
25782,GOF,0.04754939803792399,0.6353560566716963,0.3170945452903797
25783,GOF,0.08656174068765105,0.585982091536272,0.3274561677760769
25784,GOF,0.20922043739896456,0.5877467946898057,0.20303276791122968
25785,GOF,0.31774451779385704,0.46146429281005524,0.22079118939608763
25786,LOF,0.01745876320157867,0.30078992521601233,0.6817513115824091
25787,Neutral,0.5095199358454353,0.29542907741979546,0.1950509867347692
25788,LOF,0.040207770510448604,0.05061612409869987,0.9091761053908516
25789,GOF,0.03416505381632504,0.654450012900667,0.311384933283008
25790,GOF,0.059915428778816074,0.4857304099918437,0.4543541612293403
25791,LOF,0.044742920986162324,0.410965197979873,0.5442918810339648
25792,LOF,0.05560803565030805,0.443424892273977,0.5009670720757149
25793,GOF,0.10843070856446362,0.45883320700404745,0.43273608443148903
25794,LOF,0.09366158522379103,0.24327158367092475,0.6630668311052842
25795,LOF,0.10721380528641027,0.32011672137742336,0.5726694733361665
25796,LOF,0.25727476526949905,0.22773534282415442,0.5149898919063465
25797,LOF,0.08612578482290811,0.33114864114836123,0.5827255740287307
25798,GOF,0.010814861667809355,0.634192919350173,0.3549922189820177
25799,LOF,0.008168931385287504,0.47454986520372516,0.5172812034109874
25800,GOF,0.04557726333369498,0.7291261912593806,0.22529654540692431
25801,GOF,0.04189099378758598,0.5190607237530833,0.4390482824593307
25802,GOF,0.05563104469262173,0.5113598924823914,0.43300906282498686
25803,LOF,0.038686944476943826,0.3579817465497459,0.6033313089733102
25804,LOF,0.07458180812833973,0.2865409994252809,0.6388771924463794
25805,GOF,0.053799655688334176,0.48912861149161213,0.45707173282005376
25806,GOF,0.07405029371435348,0.4802332630988337,0.4457164431868128
25807,LOF,0.026905679174068615,0.42799869025571735,0.545095630570214
25808,GOF,0.05584761942502771,0.5109409854596574,0.433211395115315
25809,LOF,0.0212699836005822,0.403289018922019,0.5754409974773987
25810,LOF,0.018338064547032542,0.4403915594312956,0.5412703760216718
25811,GOF,0.1312709088106744,0.6519616174161985,0.2167674737731269
25812,LOF,0.07607805434329754,0.35781486687074415,0.5661070787859583
25813,Neutral,0.38759151745932247,0.33028920353437824,0.2821192790062992
25814,LOF,0.06587627734854394,0.4481913885261264,0.48593233412532977
25815,GOF,0.11850347953248706,0.5639813607795104,0.3175151596880025
25816,GOF,0.015785249444315138,0.563962478203106,0.4202522723525789
25817,LOF,0.2125524572368725,0.3903277562560496,0.39711978650707785
25818,GOF,0.050656531085563464,0.544348680187104,0.4049947887273326
25819,LOF,0.09958375800104534,0.32632849936778163,0.574087742631173
25820,LOF,0.10132632206080905,0.32733649996320086,0.57133717797599
25821,LOF,0.07146303480356826,0.3736395725160266,0.5548973926804052
25822,LOF,0.1507621755480656,0.2682623979063917,0.5809754265455426
25823,LOF,0.07419310861646271,0.24406159363239618,0.6817452977511411
25824,GOF,0.05841864498774715,0.5339662901571302,0.40761506485512267
25825,GOF,0.039101243104188645,0.5568947135860538,0.40400404330975753
25826,LOF,0.015432105738229092,0.3971919104402529,0.5873759838215179
25827,GOF,0.0367239279084212,0.5176142515754575,0.4456618205161212
25828,LOF,0.021289340356500645,0.4851354624343042,0.4935751972091952
25829,LOF,0.008066056368585171,0.2618186767225471,0.7301152669088677
25830,LOF,0.14105645980891024,0.09692933505788937,0.7620142051332004
25831,GOF,0.1260176475462095,0.6796180615997687,0.19436429085402188
25832,LOF,0.014932790776953912,0.38568896267932135,0.5993782465437247
25833,GOF,0.05750790569040634,0.5161797477281114,0.4263123465814822
25834,LOF,0.015066448927823417,0.39656327124185264,0.588370279830324
25835,GOF,0.054528781316162594,0.6423962925034125,0.3030749261804248
25836,LOF,0.012283126857096047,0.47937687976841314,0.5083399933744909
25837,LOF,0.020192428867627163,0.35062701636005356,0.6291805547723193
25838,GOF,0.04719577204655414,0.5275171277903137,0.42528710016313215
25839,GOF,0.1515354744195877,0.44766136395814515,0.4008031616222672
25840,GOF,0.16124818325580703,0.5754498774813329,0.26330193926286005
25841,GOF,0.12616855666270924,0.655134989279003,0.21869645405828778
25842,GOF,0.05081228455347792,0.641401190298597,0.3077865251479252
25843,GOF,0.046106683333420335,0.630406439092664,0.3234868775739156
25844,GOF,0.04186597001260967,0.5251263660807116,0.4330076639066788
25845,LOF,0.011755082563599093,0.30215327384017093,0.68609164359623
25846,GOF,0.1363737263234718,0.6406012904732676,0.22302498320326056
25847,GOF,0.03849585940400419,0.5829917779093099,0.378512362686686
25848,GOF,0.04294021691859276,0.5965254633286655,0.3605343197527416
25849,GOF,0.01121806557172126,0.508717305282369,0.4800646291459097
25850,LOF,0.015769201992563424,0.4316802054892136,0.5525505925182229
25851,LOF,0.014178167735262282,0.3402977051928638,0.6455241270718739
25852,LOF,0.2428953105210158,0.32657423878789393,0.43053045069109025
25853,LOF,0.10322962512443515,0.44128526292089304,0.4554851119546717
25854,LOF,0.01161701378023634,0.3785120638627105,0.6098709223570532
25855,LOF,0.039962141303604724,0.4430346650392656,0.5170031936571297
25856,GOF,0.08821495020665616,0.6013930507149853,0.31039199907835846
25857,LOF,0.043105712123539724,0.4028990076533498,0.5539952802231105
25858,LOF,0.014143597757578669,0.2893596599006972,0.6964967423417242
25859,LOF,0.009769999830284875,0.27890993090935734,0.7113200692603577
25860,LOF,0.13350419129236404,0.37235022555185515,0.49414558315578083
25861,GOF,0.16688651435594556,0.5623775289638728,0.2707359566801816
25862,GOF,0.03064507706968613,0.6988017418837498,0.2705531810465641
25863,GOF,0.03201084745291791,0.6349932701917311,0.3329958823553509
25864,GOF,0.04415698478704501,0.7617100056338334,0.19413300957912163
25865,GOF,0.05007168454930042,0.7750876751018633,0.17484064034883626
25866,GOF,0.03394978037673265,0.6672778268825296,0.29877239274073786
25867,GOF,0.05900584939394142,0.6965501251827255,0.2444440254233331
25868,GOF,0.13441359770544067,0.47796645984888214,0.38761994244567716
25869,Neutral,0.4714633655265185,0.3218811214761976,0.20665551299728405
25870,LOF,0.18334698104933814,0.22058221212419357,0.5960708068264683
25871,LOF,0.01660395094974779,0.29912030251312327,0.6842757465371289
25872,LOF,0.04486955647420709,0.2993217022302354,0.6558087412955574
25873,LOF,0.03940522009354479,0.4415955502930179,0.5189992296134373
25874,LOF,0.06020214554771058,0.02091336713557145,0.9188844873167179
25875,LOF,0.018131083124232363,0.4153764385517589,0.5664924783240088
25876,LOF,0.01965902083836423,0.11787795480286099,0.8624630243587746
25877,GOF,0.070798269491611,0.5184181671976017,0.4107835633107873
25878,GOF,0.04248763697285554,0.7317903055758967,0.22572205745124777
25879,LOF,0.01054028378828425,0.34477828857890014,0.6446814276328156
25880,LOF,0.05130354273340196,0.050230266142107335,0.8984661911244907
25881,Neutral,0.42688571745867243,0.34298901970468487,0.23012526283664264
25882,LOF,0.03484077839708364,0.24733647899514238,0.717822742607774
25883,LOF,0.029732807939910098,0.09337315801355546,0.8768940340465343
25884,LOF,0.014041163614683766,0.13333777014569667,0.8526210662396195
25885,LOF,0.16385463309006337,0.03423563384380027,0.8019097330661364
25886,LOF,0.1376033491634205,0.14153142741129277,0.7208652234252868
25887,GOF,0.04419993766954829,0.5748672553258445,0.3809328070046072
25888,LOF,0.006083798573017982,0.37178953256764563,0.6221266688593364
25889,LOF,0.02590744050188809,0.08270177771315836,0.8913907817849537
25890,LOF,0.16633665125242805,0.2810004497633166,0.5526628989842554
25891,LOF,0.13238224994045014,0.07318038605381373,0.7944373640057361
25892,LOF,0.005573364357387008,0.16746252245404203,0.8269641131885711
25893,LOF,0.26670847047574786,0.06603155904443855,0.6672599704798136
25894,LOF,0.2998700515582512,0.034120681567627716,0.6660092668741211
25895,LOF,0.24986569720494656,0.05434669246547952,0.6957876103295739
25896,LOF,0.05939060483168888,0.0939275567908159,0.8466818383774952
25897,LOF,0.09899455859158535,0.05885347912831068,0.8421519622801039
25898,LOF,0.0609274010206737,0.4475119231108929,0.4915606758684334
25899,LOF,0.24377246795169,0.15653867700924284,0.5996888550390671
25900,Neutral,0.922697810206911,0.016651871924192187,0.06065031786889675
25901,LOF,0.05643473312270898,0.03074388815899348,0.9128213787182975
25902,LOF,0.08003693278298138,0.01848621367856929,0.9014768535384493
25903,LOF,0.12257800880609461,0.14625181891023892,0.7311701722836664
25904,LOF,0.36863470812930843,0.22867082809075118,0.40269446377994034
25905,LOF,0.010522172950040178,0.37616045381833874,0.613317373231621
25906,LOF,0.010303088341844317,0.05389823529676807,0.9357986763613877
25907,LOF,0.008575931507422741,0.2711449084077134,0.7202791600848639
25908,LOF,0.009554992955486208,0.27250428568422436,0.7179407213602895
25909,LOF,0.03782506864444316,0.21238758303792724,0.7497873483176295
25910,LOF,0.015982220881194116,0.16251998189842862,0.8214977972203772
25911,LOF,0.1162620123076285,0.10354705648156547,0.780190931210806
25912,LOF,0.1423374846921975,0.02266529584924822,0.8349972194585542
25913,LOF,0.015322810053139176,0.08173680285621379,0.902940387090647
25914,LOF,0.03455783278286647,0.19402168821385726,0.7714204790032763
25915,GOF,0.069956068247995,0.832710148157405,0.09733378359459996
25916,GOF,0.015966052923752718,0.7234943318750237,0.26053961520122365
25917,LOF,0.10335364625258434,0.09453729065492894,0.8021090630924868
25918,LOF,0.04104250782802667,0.14534484390919472,0.8136126482627786
25919,LOF,0.04328532445436249,0.09375658060963767,0.862958094936
25920,GOF,0.27294475957402353,0.3754802961523211,0.3515749442736553
25921,LOF,0.020597622666733668,0.03384647506485829,0.9455559022684081
25922,LOF,0.016945954626343157,0.031137500347055834,0.9519165450266011
25923,LOF,0.3749606105490331,0.05100726145370878,0.5740321279972581
25924,LOF,0.02341200889750742,0.04415791634315953,0.932430074759333
25925,LOF,0.20048056420937166,0.02807890847155091,0.7714405273190775
25926,LOF,0.12313201601392706,0.07326505093405282,0.80360293305202
25927,LOF,0.018703908426344548,0.095050768571926,0.8862453230017295
25928,LOF,0.01435512141829611,0.023749767960296816,0.9618951106214072
25929,Neutral,0.5717001103241479,0.051734104142910194,0.37656578553294195
25930,LOF,0.03814016822102993,0.06213142518573899,0.8997284065932311
25931,LOF,0.015665394685901723,0.03368827800516958,0.9506463273089286
25932,LOF,0.0725087503417301,0.03596799811491536,0.8915232515433545
25933,LOF,0.06687442006015969,0.01895363200217289,0.9141719479376675
25934,LOF,0.06343236701175414,0.023445865971153664,0.9131217670170921
25935,LOF,0.2107724226049778,0.03461795876834713,0.754609618626675
25936,LOF,0.06473354957683215,0.02280197524642666,0.9124644751767411
25937,LOF,0.01640154271494462,0.042732885132236866,0.9408655721528184
25938,LOF,0.20666868204097896,0.030378996183273017,0.762952321775748
25939,LOF,0.04749404741694444,0.023653571995788783,0.9288523805872668
25940,GOF,0.0060035452518248265,0.5659895362619773,0.4280069184861978
25941,LOF,0.4339763654589162,0.07658327796313542,0.4894403565779482
25942,LOF,0.011157601379395697,0.12914658175800878,0.8596958168625954
25943,GOF,0.022883470015881882,0.6073805216066344,0.3697360083774837
25944,LOF,0.017778628791331814,0.4332479059509942,0.5489734652576739
25945,LOF,0.07962976832123245,0.0742712919744356,0.8460989397043319
25946,LOF,0.0930359250650502,0.07611878475042586,0.8308452901845239
25947,LOF,0.4471072701699321,0.028170897696720064,0.5247218321333478
25948,Neutral,0.5662048011066204,0.01732327474310049,0.41647192415027917
25949,LOF,0.10773181643103892,0.042269327278646886,0.8499988562903141
25950,GOF,0.04605396517147077,0.7574173649203193,0.19652866990820986
25951,LOF,0.012490188467380578,0.34912987577010646,0.638379935762513
25952,LOF,0.08604083294103956,0.292579163672644,0.6213800033863164
25953,LOF,0.006091671911092833,0.4720109247005126,0.5218974033883946
25954,GOF,0.023495538860327878,0.5487183543314585,0.4277861068082137
25955,GOF,0.005334608748793322,0.5091055686569553,0.4855598225942513
25956,GOF,0.00912674282805917,0.6812215627282958,0.3096516944436451
25957,LOF,0.2569682343466936,0.0702470581049164,0.67278470754839
25958,LOF,0.024345806376241577,0.18698233545703458,0.7886718581667239
25959,GOF,0.006273000626784444,0.5719852249894385,0.4217417743837769
25960,LOF,0.005416429927302815,0.12161659501867474,0.8729669750540224
25961,LOF,0.021679289614539757,0.18134192926782908,0.7969787811176312
25962,LOF,0.051704319798828745,0.06667748119769468,0.8816181990034766
25963,LOF,0.010387200408264205,0.1408948411308227,0.8487179584609131
25964,LOF,0.05363519843258448,0.11129455998449747,0.8350702415829181
25965,LOF,0.19292817191614764,0.20125012958536634,0.605821698498486
25966,LOF,0.2749554092703504,0.22902177319910585,0.4960228175305437
25967,LOF,0.00789646374116517,0.04176912674787809,0.9503344095109567
25968,LOF,0.09108563990002637,0.3157534777615783,0.5931608823383954
25969,LOF,0.17454946400440008,0.02396214352625678,0.8014883924693431
25970,LOF,0.02387649367141678,0.16310493867553214,0.8130185676530511
25971,LOF,0.08177155524361082,0.13078751354170665,0.7874409312146825
25972,LOF,0.06826773629483714,0.11613466828839812,0.8155975954167648
25973,LOF,0.11151983785930407,0.011055890041615626,0.8774242720990802
25974,LOF,0.08099546714718547,0.24371105206178773,0.6752934807910269
25975,LOF,0.04806834880282151,0.024432537674280226,0.9274991135228983
25976,LOF,0.07228602922571074,0.018622880232979935,0.9090910905413092
25977,LOF,0.18182462043991163,0.09752145467430297,0.7206539248857854
25978,LOF,0.13061044166127692,0.14725247207783781,0.7221370862608854
25979,LOF,0.10686656217210563,0.1649133232459357,0.7282201145819587
25980,LOF,0.1221185979321578,0.4072563526262823,0.4706250494415598
25981,LOF,0.12474394476374154,0.43150060214594205,0.44375545309031633
25982,LOF,0.24340034990883225,0.20173796995368365,0.554861680137484
25983,Neutral,0.450531896567274,0.22300226507581167,0.32646583835691445
25984,LOF,0.03823264676651019,0.08544466790811078,0.8763226853253789
25985,Neutral,0.48289137622506867,0.18811473731965328,0.3289938864552781
25986,GOF,0.009783766332483563,0.6250237285982919,0.36519250506922446
25987,LOF,0.016163304896457332,0.11114373113460807,0.8726929639689346
25988,LOF,0.03600939660570461,0.1191960061930304,0.8447945972012649
25989,LOF,0.045909184997795886,0.12416880263220546,0.8299220123699986
25990,LOF,0.04915509253134889,0.23563844555090435,0.7152064619177468
25991,GOF,0.048432905094371675,0.6726185460976053,0.27894854880802294
25992,LOF,0.0163552172976764,0.43602417619406586,0.5476206065082577
25993,LOF,0.04933986990781408,0.025476820579774316,0.9251833095124116
25994,LOF,0.04700378159111435,0.056895056306341014,0.8961011621025446
25995,LOF,0.03576318134160319,0.05779438027080804,0.9064424383875888
25996,Neutral,0.3469197281719252,0.3292307081518653,0.32384956367620954
25997,GOF,0.0792416900540753,0.5059061267096275,0.41485218323629713
25998,LOF,0.1759945717775664,0.1419613712656897,0.682044056956744
25999,GOF,0.016385404528033925,0.618444832873496,0.36516976259847006
26000,LOF,0.13499374509861348,0.011082895254997067,0.8539233596463895
26001,LOF,0.14370995849232082,0.027291858862207342,0.8289981826454718
26002,LOF,0.09898893814777315,0.010056385474133487,0.8909546763780932
26003,GOF,0.010583754335727532,0.5848211296765463,0.4045951159877263
26004,LOF,0.027487011111450688,0.4095616836619125,0.5629513052266367
26005,GOF,0.006888856901134557,0.5242224000420903,0.46888874305677514
26006,GOF,0.2020597106968209,0.5456184752154818,0.2523218140876973
26007,GOF,0.014949305389528619,0.5987098513613983,0.38634084324907314
26008,LOF,0.01111775317481833,0.42417702718426636,0.5647052196409154
26009,GOF,0.02375822913126907,0.6519846255938602,0.3242571452748707
26010,GOF,0.011266252139699475,0.6238988705254679,0.3648348773348327
26011,LOF,0.00768874846492037,0.41019701727255237,0.5821142342625273
26012,GOF,0.009672769125111386,0.5228996489858495,0.46742758188903916
26013,LOF,0.018035486053266207,0.46410794488212476,0.517856569064609
26014,LOF,0.08085410092632712,0.014498743719899353,0.9046471553537736
26015,LOF,0.40162425225777154,0.17557005099582226,0.4228056967464062
26016,LOF,0.25363346746049154,0.2956775438891257,0.4506889886503828
26017,GOF,0.015281418532148185,0.640343285743524,0.3443752957243279
26018,LOF,0.020171593097341636,0.36471444074825526,0.6151139661544032
26019,LOF,0.02081180800102284,0.2690478067155184,0.7101403852834588
26020,LOF,0.007523427142797516,0.41250581253302016,0.5799707603241823
26021,LOF,0.09112768470461358,0.3260451935981344,0.582827121697252
26022,LOF,0.06098000194326724,0.11834751282406164,0.820672485232671
26023,LOF,0.041877671091267055,0.26312022344073427,0.6950021054679987
26024,LOF,0.052696674245170945,0.22390158383220266,0.7234017419226264
26025,LOF,0.12327871918648653,0.36324067394464077,0.5134806068688726
26026,LOF,0.12460355170125333,0.2976473638586303,0.5777490844401164
26027,LOF,0.03340315644199095,0.16615028643697433,0.8004465571210347
26028,LOF,0.056327901722842105,0.281518638311489,0.662153459965669
26029,LOF,0.031056889169937055,0.2262580773105711,0.7426850335194918
26030,LOF,0.20093018835462456,0.0352114086778638,0.7638584029675115
26031,LOF,0.016914281761046188,0.21171445190406812,0.7713712663348858
26032,LOF,0.032321865186186356,0.0685798697955692,0.8990982650182444
26033,LOF,0.04885584869070183,0.15875546150595332,0.7923886898033449
26034,LOF,0.01804068419207878,0.15024851700877523,0.831710798799146
26035,LOF,0.013485165923882967,0.1767684819727356,0.8097463521033814
26036,LOF,0.01363289083405822,0.14211542390287454,0.8442516852630672
26037,LOF,0.012577362909991868,0.11418379957636436,0.8732388375136437
26038,LOF,0.025083379781431454,0.07098818933376323,0.9039284308848053
26039,LOF,0.0268612518308064,0.15023469984621837,0.8229040483229753
26040,LOF,0.050257937036641935,0.2777089175460252,0.6720331454173329
26041,LOF,0.014667671628421062,0.15803542130617482,0.827296907065404
26042,LOF,0.013295316699399462,0.15604239594474925,0.8306622873558512
26043,LOF,0.024647214374733207,0.16798156654911478,0.807371219076152
26044,LOF,0.009570233001143983,0.15697237954461593,0.8334573874542401
26045,LOF,0.07706251611114241,0.35077392549555314,0.5721635583933045
26046,LOF,0.02454774080200763,0.17871634002039435,0.796735919177598
26047,LOF,0.06780664306647859,0.09789640699677744,0.834296949936744
26048,LOF,0.07831857984929318,0.11964925212088581,0.802032168029821
26049,Neutral,0.8900754853548767,0.01951114148468684,0.09041337316043632
26050,Neutral,0.8022796340978375,0.021659827756277672,0.1760605381458848
26051,GOF,0.014783081780393025,0.6739483544145543,0.3112685638050527
26052,GOF,0.01590075637083971,0.6371092392679116,0.34699000436124866
26053,LOF,0.02985613130844801,0.021035263124278065,0.949108605567274
26054,LOF,0.0954500903294876,0.11339692483943625,0.7911529848310761
26055,LOF,0.10419099462001732,0.12457274448823846,0.7712362608917441
26056,LOF,0.09311155206408601,0.13930432163669104,0.767584126299223
26057,LOF,0.05391466307773274,0.038211763537713536,0.9078735733845537
26058,LOF,0.06208550912770904,0.030974524279211837,0.9069399665930792
26059,Neutral,0.6464382975152674,0.11685166230043464,0.23671004018429806
26060,LOF,0.014312689590509228,0.32824295667720005,0.6574443537322907
26061,LOF,0.010249282240305099,0.025773411164256566,0.9639773065954383
26062,LOF,0.006192200368276015,0.04989290091608407,0.9439148987156399
26063,LOF,0.0503205617037788,0.03447346008976299,0.9152059782064583
26064,LOF,0.010088077845163704,0.036231257883832024,0.9536806642710043
26065,LOF,0.039209682914726304,0.046529242303821924,0.9142610747814519
26066,LOF,0.04897142002447723,0.03562778701813722,0.9154007929573856
26067,LOF,0.06288812441526043,0.0493729269495581,0.8877389486351815
26068,LOF,0.09616259622446172,0.07673077668713947,0.8271066270883989
26069,LOF,0.08521322291388102,0.06951361026195567,0.8452731668241633
26070,LOF,0.24953463721417,0.0417238813714518,0.7087414814143782
26071,LOF,0.05580197210955682,0.03874860996857063,0.9054494179218726
26072,LOF,0.007992634586598725,0.03129417960343525,0.960713185809966
26073,LOF,0.04279412003971767,0.03237238621902361,0.9248334937412587
26074,Neutral,0.8464709987226582,0.02275946476680507,0.13076953651053683
26075,LOF,0.052785021950310054,0.08104489408689407,0.8661700839627958
26076,LOF,0.051310049925789136,0.0656759784106357,0.8830139716635752
26077,LOF,0.16674588159729817,0.07336231984220956,0.7598917985604923
26078,LOF,0.0065395812325137045,0.059999474501444466,0.9334609442660419
26079,LOF,0.11579315737288942,0.05086303079075153,0.8333438118363591
26080,LOF,0.11579315737288942,0.05086303079075153,0.8333438118363591
26081,LOF,0.054414819595271655,0.0293018646026906,0.9162833158020378
26082,LOF,0.006709621035211359,0.08752657404152372,0.9057638049232648
26083,LOF,0.03789759819263543,0.09604603547943935,0.8660563663279253
26084,LOF,0.04861684117674559,0.048093928509126256,0.9032892303141282
26085,LOF,0.04405913927316805,0.04167053191687952,0.9142703288099523
26086,LOF,0.0378523047649155,0.05603716852174469,0.9061105267133397
26087,LOF,0.050169731913899375,0.06008808733061735,0.8897421807554833
26088,LOF,0.008519673877034221,0.10584170964477407,0.8856386164781916
26089,LOF,0.039829391393369516,0.16445807956072217,0.7957125290459083
26090,LOF,0.04205891505115618,0.13374001279692688,0.8242010721519171
26091,LOF,0.048424275682713375,0.048206838470824735,0.9033688858464618
26092,LOF,0.05482423695684595,0.02796712103885595,0.9172086420042981
26093,LOF,0.07357679539715155,0.02456844271920802,0.9018547618836406
26094,LOF,0.044225140625786086,0.0403717429623866,0.9154031164118273
26095,LOF,0.010203549252159674,0.04412761189197869,0.9456688388558616
26096,LOF,0.29602492490035404,0.010594095576569951,0.6933809795230761
26097,LOF,0.00813044896068214,0.04155994141549345,0.9503096096238244
26098,LOF,0.10973389606877093,0.04364660695812666,0.8466194969731023
26099,LOF,0.03359827421300596,0.06636849504391648,0.9000332307430776
26100,LOF,0.03359827421300596,0.06636849504391648,0.9000332307430776
26101,LOF,0.031952440546189974,0.09400964028014602,0.8740379191736639
26102,LOF,0.04475626865918323,0.03794569098559138,0.9172980403552254
26103,Neutral,0.8017125542590317,0.07018463198840731,0.12810281375256105
26104,LOF,0.10500273804563372,0.13013794628377537,0.764859315670591
26105,LOF,0.23858998650675103,0.22614739353525917,0.5352626199579897
26106,LOF,0.32686207744922785,0.19407810472179327,0.47905981782897894
26107,LOF,0.008651656115058356,0.2931467067663509,0.6982016371185908
26108,LOF,0.1368731825711775,0.2570044569537043,0.6061223604751182
26109,LOF,0.02970447031883224,0.1151368194735291,0.8551587102076386
26110,LOF,0.44751502191689707,0.0672428837652432,0.48524209431785975
26111,LOF,0.046710040172860824,0.40001281522540416,0.553277144601735
26112,LOF,0.05041255673404492,0.0383451605020048,0.9112422827639504
26113,LOF,0.04066373727441483,0.07888967465991226,0.8804465880656729
26114,LOF,0.0934449100878873,0.059839459472745576,0.8467156304393672
26115,LOF,0.009842390087165627,0.35738903343906026,0.6327685764737742
26116,LOF,0.06743281905792259,0.12328389055992628,0.8092832903821511
26117,LOF,0.17586847487510016,0.07792951998583227,0.7462020051390675
26118,LOF,0.03977211576614198,0.025400946611010507,0.9348269376228474
26119,LOF,0.005649427590638055,0.09795139088281696,0.8963991815265451
26120,LOF,0.045046565430057015,0.028728051941092937,0.9262253826288499
26121,LOF,0.0043642195397481315,0.21261753985998727,0.7830182406002646
26122,LOF,0.00407878271246826,0.21083057003958186,0.7850906472479499
26123,LOF,0.004917246302134646,0.19084625055957644,0.8042365031382889
