feature0,prediction,LoGoFunc_Neutral,LoGoFunc_GOF,LoGoFunc_LOF
25546,Neutral,0.7717453387975887,0.030850244260037886,0.1974044169423735
25547,Neutral,0.6092432860151016,0.08394087257756401,0.3068158414073344
25548,Neutral,0.5825747645802095,0.06192789818394813,0.35549733723584237
25549,Neutral,0.5087551428908457,0.06325249793189885,0.42799235917725553
25550,LOF,0.34539751023760257,0.11787976101653083,0.5367227287458666
25551,LOF,0.2852584674285298,0.13038266621311223,0.584358866358358
25552,LOF,0.18829783672015632,0.13486541135747387,0.6768367519223698
25553,Neutral,0.8334832488943295,0.030953245960298015,0.13556350514537263
25554,LOF,0.2204381920374478,0.12493005273829225,0.65463175522426
25555,LOF,0.17664455575235785,0.10666385574446749,0.7166915885031747
25556,LOF,0.40228525112426267,0.11192075238897105,0.48579399648676636
25557,LOF,0.174011469433565,0.11206673056671333,0.7139217999997216
25558,LOF,0.2178217528989056,0.12867381946696213,0.6535044276341323
25559,LOF,0.4169141149324996,0.07705934347513699,0.5060265415923635
25560,LOF,0.05602765786398178,0.18382957601636776,0.7601427661196505
25561,LOF,0.10514798553289392,0.21566097379363539,0.6791910406734707
25562,LOF,0.10868904427422828,0.0937036112936524,0.7976073444321193
25563,LOF,0.10652383919215042,0.09826408295407746,0.7952120778537722
25564,LOF,0.16174852034597792,0.1554515051253518,0.6827999745286703
25565,LOF,0.13656374084121206,0.15386384592660882,0.7095724132321792
25566,GOF,0.015561422451502502,0.7517611389270641,0.23267743862143336
25567,LOF,0.015211327913524574,0.142075787993593,0.8427128840928825
25568,LOF,0.05095728472983795,0.06438120750393883,0.8846615077662232
25569,LOF,0.06407255223422811,0.06922797781773599,0.8666994699480358
25570,LOF,0.06621565517250687,0.10348122121692901,0.830303123610564
25571,LOF,0.06317502562818675,0.09758907137080544,0.8392359030010078
25572,LOF,0.0659376031465696,0.14003658844171246,0.794025808411718
25573,LOF,0.028221337882150085,0.0977999254666032,0.8739787366512467
25574,LOF,0.01667180165025019,0.15877029711637092,0.8245579012333789
25575,LOF,0.0494528383035587,0.10484512591314206,0.8457020357832993
25576,LOF,0.021683633231839593,0.12346725263236293,0.8548491141357976
25577,LOF,0.01579610781166579,0.14635157002809682,0.8378523221602374
25578,LOF,0.24669777952959507,0.08856694313591694,0.664735277334488
25579,LOF,0.24727122676471025,0.08779677456755058,0.6649319986677392
25580,LOF,0.03400904419917624,0.08764122847165444,0.8783497273291694
25581,LOF,0.0502824596078553,0.07416486465101362,0.8755526757411312
25582,LOF,0.05026577442411341,0.07157955719096677,0.87815466838492
25583,LOF,0.04430856265549091,0.10267244301084427,0.8530189943336648
25584,LOF,0.4401888819955398,0.09481359854703718,0.46499751945742307
25585,LOF,0.03445754344302131,0.1106804081598031,0.8548620483971755
25586,LOF,0.0338197211432797,0.08174985342232556,0.8844304254343947
25587,LOF,0.0332702643491234,0.07951131436196088,0.8872184212889158
25588,LOF,0.03603488617916539,0.1039903596516036,0.8599747541692311
25589,Neutral,0.5879118687978069,0.1152890264393282,0.2967991047628648
25590,LOF,0.026310210810004307,0.1429197806384634,0.8307700085515322
25591,LOF,0.106340099470984,0.06291372442285095,0.830746176106165
25592,LOF,0.09302252244918485,0.13320076300900152,0.7737767145418136
25593,LOF,0.01561064231295169,0.2543976928911046,0.7299916647959437
25594,LOF,0.031489103782575315,0.26068772972165666,0.707823166495768
25595,LOF,0.049981683207621856,0.20299146300586293,0.7470268537865153
25596,LOF,0.05583250952868254,0.14350799097725167,0.8006594994940658
25597,LOF,0.054301736115190694,0.10293759389371662,0.8427606699910927
25598,LOF,0.03931387006206425,0.245603424100964,0.7150827058369718
25599,GOF,0.007386367505086684,0.7951853841361133,0.1974282483588
25600,GOF,0.00971875097149898,0.5756205043432742,0.41466074468522696
25601,LOF,0.007911110659804196,0.48583333232035336,0.5062555570198424
25602,LOF,0.018481220790537958,0.05202331211382101,0.929495467095641
25603,LOF,0.03694991452438211,0.038319469796729025,0.9247306156788889
25604,LOF,0.04811390726303403,0.05260949024295205,0.8992766024940139
25605,LOF,0.01004531955116258,0.25269594636339926,0.7372587340854381
25606,GOF,0.06391985301398254,0.48495302074019064,0.4511271262458269
25607,LOF,0.004558764695145432,0.17260791632862096,0.8228333189762337
25608,LOF,0.060307065177704074,0.043275739042559276,0.8964171957797368
25609,LOF,0.06250317593783748,0.3567263255003401,0.5807704985618224
25610,LOF,0.04431357700756635,0.031061811747651446,0.9246246112447822
25611,LOF,0.047980664030864394,0.029429449045378354,0.9225898869237572
25612,LOF,0.09924008114550253,0.05449975819531625,0.8462601606591813
25613,LOF,0.08485278279504611,0.05231540623175052,0.8628318109732035
25614,LOF,0.035353030369657715,0.03906672647535072,0.9255802431549914
25615,LOF,0.0588761469435057,0.03870637326056945,0.9024174797959249
25616,LOF,0.036107352921764806,0.040277689563807305,0.9236149575144278
25617,LOF,0.0361585406749013,0.0437796336410112,0.9200618256840876
25618,LOF,0.23690358112696278,0.037716265455087265,0.72538015341795
25619,LOF,0.037192537547578654,0.03703987831061782,0.9257675841418035
25620,LOF,0.040938977495414405,0.045454928214759584,0.913606094289826
25621,LOF,0.033040490992041247,0.038338691311413514,0.9286208176965453
25622,LOF,0.030528379358844625,0.049688224508774165,0.9197833961323812
25623,LOF,0.0669932233667599,0.039380195277482356,0.8936265813557577
25624,LOF,0.028907879877585866,0.04842290982623469,0.9226692102961794
25625,LOF,0.03658375208471543,0.05489727209189922,0.9085189758233854
25626,LOF,0.075403857046073,0.03748986675799471,0.8871062761959323
25627,Neutral,0.5507916984702714,0.13977539012822482,0.3094329114015038
25628,LOF,0.1844199169612726,0.06354103525255723,0.7520390477861703
25629,LOF,0.06660503039699027,0.14137166526782963,0.7920233043351801
25630,LOF,0.17416789792410667,0.11884839876248143,0.706983703313412
25631,Neutral,0.5974652487269319,0.08618042337214278,0.3163543279009254
25632,LOF,0.024010868477868926,0.07729887299435084,0.8986902585277802
25633,LOF,0.24189088269638956,0.09036086358126696,0.6677482537223435
25634,LOF,0.03694656589906095,0.1032427401001535,0.8598106940007855
25635,LOF,0.046574073570491564,0.09025331720898777,0.8631726092205206
25636,GOF,0.006171224044758941,0.6024507804806569,0.3913779954745842
25637,GOF,0.005128667752605417,0.5111924959685152,0.4836788362788793
25638,LOF,0.00887453342276748,0.4165667454238443,0.5745587211533882
25639,LOF,0.005161964727120797,0.4022366138117224,0.5926014214611569
25640,GOF,0.4137974024448163,0.5414498002429865,0.04475279731219717
25641,LOF,0.006129254613238751,0.3614874908642573,0.632383254522504
25642,LOF,0.26183645583445625,0.07643305000079015,0.6617304941647536
25643,LOF,0.18894329771981785,0.274701046485325,0.5363556557948572
25644,LOF,0.035648746774948954,0.43824485915605427,0.5261063940689968
25645,LOF,0.026517303473266696,0.3841367717982409,0.5893459247284923
25646,LOF,0.02723894216752136,0.26229267889273206,0.7104683789397466
25647,LOF,0.024256235777383697,0.21373196625170798,0.7620117979709083
25648,LOF,0.021067150349241483,0.22680131002292334,0.7521315396278351
25649,LOF,0.019337016982102086,0.16726517374105276,0.8133978092768452
25650,LOF,0.05813880497336069,0.41760451219140826,0.5242566828352311
25651,LOF,0.016247046938457042,0.19989266065612976,0.7838602924054132
25652,LOF,0.0260914183228025,0.20260903304185898,0.7712995486353384
25653,LOF,0.12204220917269666,0.33768917955874167,0.5402686112685616
25654,LOF,0.020139819574009395,0.20489747911063927,0.7749627013153514
25655,LOF,0.13458831185331824,0.2656280030791992,0.5997836850674826
25656,LOF,0.055071867001550145,0.06102753501352272,0.883900597984927
25657,LOF,0.29899034613087144,0.027701351222061663,0.6733083026470669
25658,LOF,0.029070426872226104,0.07303883839692561,0.8978907347308483
25659,LOF,0.23305789518547795,0.05778541858689552,0.7091566862276264
25660,LOF,0.09803782048275426,0.10858454372983391,0.7933776357874119
25661,LOF,0.07548532440502152,0.08054878653677129,0.8439658890582072
25662,LOF,0.033373658011301516,0.05178127596150365,0.9148450660271948
25663,LOF,0.04107875107734665,0.09059480196920325,0.86832644695345
25664,LOF,0.028688394761676894,0.14004493888658137,0.8312666663517417
25665,LOF,0.051778194094851945,0.053170672833888925,0.8950511330712592
25666,LOF,0.03562917381190562,0.19989054439777737,0.764480281790317
25667,LOF,0.03255850265686561,0.06750667228090071,0.8999348250622338
25668,LOF,0.040725970034902775,0.0654386428937226,0.8938353870713746
25669,LOF,0.049425438072181915,0.10401330755991739,0.8465612543679006
25670,LOF,0.14044700686865166,0.12488516292679648,0.734667830204552
25671,LOF,0.04170595551146689,0.058567653213528824,0.8997263912750042
25672,LOF,0.05288114827019381,0.0896458461543204,0.8574730055754858
25673,LOF,0.03493665246668685,0.09667357805943491,0.8683897694738781
25674,LOF,0.026338522275841807,0.10811643191618855,0.8655450458079695
25675,LOF,0.033124276874335765,0.09403217797171202,0.8728435451539522
25676,LOF,0.033750240896550716,0.07578597708053537,0.890463782022914
25677,LOF,0.08048520078169606,0.07114838761869559,0.8483664115996085
25678,LOF,0.14986245583058674,0.055859058696422534,0.7942784854729906
25679,LOF,0.09510468125222878,0.08749368262866397,0.8174016361191072
25680,LOF,0.08344992037171733,0.10707620581718959,0.809473873811093
25681,LOF,0.09449982048686745,0.10153351749698127,0.8039666620161512
25682,LOF,0.04813286831450817,0.0836765447552739,0.868190586930218
25683,LOF,0.0730277328730466,0.13370296487051322,0.7932693022564402
25684,LOF,0.06041701285870817,0.0798729674231539,0.859710019718138
25685,LOF,0.11658713836369763,0.0484516964760936,0.8349611651602088
25686,LOF,0.038487462378005544,0.08592800890860827,0.8755845287133862
25687,LOF,0.06647835271322089,0.08360052205520728,0.8499211252315718
25688,LOF,0.016791045080830895,0.15951428974065435,0.8236946651785149
25689,LOF,0.015336763747912431,0.09349661659676742,0.8911666196553202
25690,LOF,0.0165599221301835,0.10375619530166523,0.8796838825681512
25691,LOF,0.1073981049403186,0.15623541812950303,0.7363664769301784
25692,LOF,0.17321165087042653,0.02063285580290235,0.806155493326671
25693,LOF,0.04211252777721562,0.17618057981222682,0.7817068924105576
25694,LOF,0.2850754867764064,0.013307995814470001,0.7016165174091237
25695,LOF,0.21969883939681786,0.01784413956443166,0.7624570210387505
25696,LOF,0.17071027850835563,0.009417055946663278,0.8198726655449811
25697,LOF,0.10996863197780245,0.03167043957180132,0.8583609284503961
25698,LOF,0.025066187388231593,0.33738103677110115,0.6375527758406673
25699,LOF,0.08003783901644546,0.07292192149531306,0.8470402394882414
25700,LOF,0.037833801091837725,0.014772988292586369,0.9473932106155759
25701,LOF,0.014852991318521802,0.0749855722110179,0.9101614364704603
25702,GOF,0.023717303995691958,0.7518346148886341,0.22444808111567388
25703,LOF,0.01531976344783221,0.23176791302737593,0.752912323524792
25704,LOF,0.09939917189911349,0.19732473286676439,0.7032760952341223
25705,LOF,0.09443796536456919,0.25783214659369014,0.6477298880417406
25706,GOF,0.020407461629954625,0.5945319327652436,0.38506060560480176
25707,GOF,0.023638542647618548,0.5759190789585172,0.40044237839386415
25708,GOF,0.008312515966110842,0.5573656916867203,0.4343217923471688
25709,LOF,0.025308276808731905,0.0915200063607967,0.8831717168304714
25710,LOF,0.004857128390415331,0.26151016893683504,0.7336327026727497
25711,LOF,0.029475745235772125,0.142745250588218,0.8277790041760099
25712,LOF,0.006485537154516065,0.307344650975067,0.6861698118704169
25713,LOF,0.025740068693842905,0.13708865497201436,0.8371712763341428
25714,LOF,0.028340981485732355,0.16434882208804064,0.8073101964262269
25715,LOF,0.031563983994119554,0.15166978976659776,0.8167662262392826
25716,LOF,0.00821941011287163,0.14570489011143342,0.8460756997756949
25717,LOF,0.00555942942225164,0.16250820386003634,0.8319323667177121
25718,LOF,0.026557732986405652,0.10206398118962474,0.8713782858239696
25719,LOF,0.03859414685207601,0.11817555050996584,0.8432303026379581
25720,LOF,0.03530561500042771,0.11200428675730838,0.8526900982422639
25721,LOF,0.030780082938962578,0.10856161769922727,0.8606582993618102
25722,LOF,0.01898466812880955,0.14871850125725988,0.8322968306139306
25723,LOF,0.03126754324342769,0.09523718464505147,0.8734952721115209
25724,LOF,0.02619008212497861,0.18302575733356985,0.7907841605414516
25725,LOF,0.031174015231712277,0.09926802561189221,0.8695579591563954
25726,LOF,0.019598926861464337,0.1361625909151042,0.8442384822234315
25727,LOF,0.026390498830208924,0.1322339786912451,0.8413755224785461
25728,LOF,0.02806159983987693,0.11745470191316265,0.8544836982469604
25729,LOF,0.027518728031961856,0.13136788645938005,0.8411133855086581
25730,LOF,0.030753186738898416,0.0964724611708892,0.8727743520902125
25731,LOF,0.01123609807473373,0.18784631998099785,0.8009175819442684
25732,LOF,0.02381726174762723,0.09670917840028005,0.8794735598520927
25733,LOF,0.037046248601103386,0.10783378307058632,0.8551199683283104
25734,LOF,0.005989216631767921,0.30435814651140064,0.6896526368568315
25735,LOF,0.026129668300021353,0.09428593689349274,0.8795843948064859
25736,LOF,0.023784065693962984,0.14617074043182232,0.8300451938742147
25737,LOF,0.05165375962233144,0.15452716368436573,0.7938190766933028
25738,LOF,0.026071448145596487,0.18584733337934037,0.7880812184750631
25739,LOF,0.027726536801096116,0.15153544129750254,0.8207380219014013
25740,LOF,0.03304554757080818,0.1606355133544934,0.8063189390746984
25741,LOF,0.037201812214562494,0.1474484232592065,0.8153497645262311
25742,LOF,0.049158559885838185,0.14839684493053676,0.8024445951836251
25743,LOF,0.01112573266553106,0.03240842103736279,0.9564658462971061
25744,LOF,0.23375231466120877,0.3291854859194551,0.43706219941933616
25745,LOF,0.04760374856879587,0.1160108963997563,0.8363853550314478
25746,LOF,0.01716329246532838,0.1716242321039724,0.8112124754306992
25747,LOF,0.04132710742887432,0.032247695967660965,0.9264251966034647
25748,LOF,0.2936612987081159,0.06177867201567626,0.6445600292762079
25749,LOF,0.01451198652780321,0.09361655820035009,0.8918714552718467
25750,LOF,0.023102503571382407,0.09389456248120441,0.8830029339474131
25751,LOF,0.04353555954215381,0.0579732626055999,0.8984911778522463
25752,GOF,0.07982241792183373,0.7102379257783493,0.20993965629981695
25753,LOF,0.006639752487387697,0.41329814432739465,0.5800621031852178
25754,GOF,0.007832053477299164,0.881432816163411,0.11073513035928995
25755,LOF,0.00600409739931034,0.4340080851218015,0.5599878174788882
25756,LOF,0.027087819078528863,0.43986967705455454,0.5330425038669165
25757,GOF,0.008424550723277281,0.8728798586163679,0.11869559066035489
25758,GOF,0.009300344841926572,0.8641874844034457,0.12651217075462762
25759,GOF,0.005931614479201997,0.6492270680484317,0.34484131747236635
25760,LOF,0.005413962153421464,0.3430366478015895,0.6515493900449891
25761,GOF,0.049816437015575275,0.8468326092125913,0.10335095377183341
25762,LOF,0.031514851142311215,0.37062322224984756,0.5978619266078412
25763,LOF,0.005636138311197832,0.3072810651244335,0.6870827965643687
25764,GOF,0.060001009803003595,0.639244939813812,0.3007540503831844
25765,GOF,0.00795657217956185,0.8716494112967063,0.12039401652373175
25766,GOF,0.049988534241824686,0.8093703333256238,0.14064113243255147
25767,GOF,0.01606654707122369,0.5242411206819303,0.4596923322468461
25768,LOF,0.04763164584980912,0.058264371347299594,0.8941039828028913
25769,LOF,0.03274663173413039,0.07010597842863517,0.8971473898372345
25770,LOF,0.13382497446395872,0.06345310577659792,0.8027219197594434
25771,LOF,0.015959003606542062,0.05773548798077817,0.9263055084126797
25772,LOF,0.03056620753717685,0.024098101053877143,0.945335691408946
25773,LOF,0.019317336834562916,0.057214029693839145,0.923468633471598
25774,LOF,0.024886657138780015,0.09717695047870854,0.8779363923825114
25775,LOF,0.01900363894542301,0.03830471409264877,0.9426916469619282
25776,LOF,0.033922480657701023,0.01963839426376519,0.9464391250785337
25777,LOF,0.13950703528509104,0.062040442716564795,0.7984525219983442
25778,LOF,0.02360277934530655,0.04672743415102613,0.9296697865036672
25779,GOF,0.05985356657428855,0.8812216785392031,0.05892475488650834
25780,GOF,0.08922039929573315,0.8642098604857158,0.046569740218551085
25781,GOF,0.038535901790093835,0.865392413237277,0.09607168497262915
25782,GOF,0.04428519048934096,0.902614766954893,0.05310004255576599
25783,GOF,0.043071456497056536,0.9124966480454243,0.044431895457519084
25784,GOF,0.10696202522557594,0.8471547847137973,0.045883190060626605
25785,GOF,0.10540882424176415,0.8643850423098495,0.030206133448386307
25786,GOF,0.012335966569895109,0.8808859409008323,0.10677809252927266
25787,GOF,0.23321342489272665,0.7280797179713929,0.03870685713588042
25788,LOF,0.01813859359040712,0.16512116703230678,0.8167402393772861
25789,GOF,0.020737334850825438,0.848768665588973,0.1304939995602015
25790,GOF,0.03623966512103312,0.8727010490472544,0.09105928583171234
25791,GOF,0.033260963259868125,0.7586078683573347,0.2081311683827972
25792,GOF,0.04083261312551775,0.7917196268716773,0.16744776000280492
25793,GOF,0.07234711447241456,0.8304379010145508,0.09721498451303473
25794,GOF,0.050542389300629514,0.7560520007123619,0.1934056099870085
25795,GOF,0.06476035878816923,0.7166684532442957,0.21857118796753497
25796,GOF,0.13189800864755521,0.793806108257076,0.07429588309536869
25797,GOF,0.0889297198424438,0.71446105880769,0.19660922134986633
25798,GOF,0.006957265386759117,0.7375753956071225,0.25546733900611845
25799,GOF,0.0044331766278593,0.6640031406164093,0.3315636827557314
25800,GOF,0.02859882714144913,0.809965322807457,0.1614358500510938
25801,GOF,0.024209194901682028,0.8982701277687564,0.07752067732956157
25802,GOF,0.03235363163260055,0.7955423028966695,0.17210406547072996
25803,GOF,0.022069853405900213,0.6965810043338907,0.2813491422602091
25804,GOF,0.034034870786528705,0.7462213491225581,0.2197437800909131
25805,GOF,0.03519573416393246,0.7638957193283287,0.20090854650773893
25806,GOF,0.04730099611583586,0.773870179894145,0.17882882399001904
25807,GOF,0.014286092220369358,0.7280757105910344,0.25763819718859626
25808,GOF,0.028577129658664456,0.7389285837452646,0.2324942865960709
25809,GOF,0.012861978780506734,0.6864343420341548,0.30070367918533863
25810,GOF,0.011295262264124365,0.668784105950375,0.3199206317855006
25811,GOF,0.06439269815921028,0.8633882308870126,0.07221907095377719
25812,GOF,0.03091611430511996,0.7737455594822517,0.19533832621262828
25813,GOF,0.16032872770338366,0.7676334151268349,0.07203785716978146
25814,GOF,0.03500302131251001,0.7721774621652213,0.19281951652226878
25815,GOF,0.06303267448649595,0.8308980324479674,0.10606929306553667
25816,GOF,0.010605742851429071,0.8542458372414669,0.135148419907104
25817,GOF,0.11898787946823057,0.779494178560805,0.10151794197096434
25818,GOF,0.028096007571042397,0.770967657652511,0.20093633477644673
25819,GOF,0.05055138927187252,0.7302972870787354,0.2191513236493921
25820,GOF,0.04609539139821451,0.6851877782917221,0.26871683031006355
25821,GOF,0.03251060664566822,0.7284009204281074,0.23908847292622443
25822,GOF,0.055229174594411345,0.6940728709039566,0.2506979545016319
25823,GOF,0.029246126378063144,0.6780692434980867,0.29268463012385015
25824,GOF,0.034323200260464565,0.7595492893841959,0.20612751035533955
25825,GOF,0.02776689551377472,0.7491865568255043,0.22304654766072113
25826,GOF,0.012671118470273104,0.6972588270537137,0.29007005447601336
25827,GOF,0.018370402955479762,0.6808878447972241,0.30074175224729616
25828,GOF,0.013375298216087173,0.7068396922359288,0.279785009547984
25829,GOF,0.00456971894391527,0.6488565403076944,0.34657374074839026
25830,GOF,0.04486328584432331,0.4919318808332882,0.4632048333223885
25831,GOF,0.0661972356102965,0.7831991936318844,0.15060357075781922
25832,GOF,0.010869287613608858,0.7100419800862388,0.2790887323001523
25833,GOF,0.039552665739994296,0.7886577137547871,0.17178962050521865
25834,GOF,0.011285993458741648,0.7270968502147589,0.26161715632649946
25835,GOF,0.026745010391626172,0.7971281557717943,0.17612683383657954
25836,GOF,0.007574427313348762,0.6990539259455252,0.293371646741126
25837,GOF,0.010547367684232395,0.728269795902231,0.26118283641353673
25838,GOF,0.025679174390598632,0.8062041850345965,0.16811664057480494
25839,GOF,0.07453903401823589,0.7757655551899979,0.14969541079176618
25840,GOF,0.10397725705853425,0.7564942153865439,0.13952852755492184
25841,GOF,0.09668390064137229,0.7946326418477425,0.10868345751088511
25842,GOF,0.03207872951030271,0.8571366954796507,0.11078457501004665
25843,GOF,0.03171666224323166,0.8660524690441003,0.10223086871266798
25844,GOF,0.021883781337585364,0.7937273689995298,0.18438884966288496
25845,GOF,0.006372011638749941,0.6979464634648336,0.29568152489641647
25846,GOF,0.06949619356923954,0.821304073557759,0.10919973287300141
25847,GOF,0.021018961883592462,0.8594443945196106,0.1195366435967971
25848,GOF,0.02926836344981073,0.8190709259828752,0.15166071056731414
25849,GOF,0.008846823245505026,0.7893690751838639,0.20178410157063112
25850,GOF,0.00749487503299109,0.6900386160022407,0.3024665089647682
25851,GOF,0.006900203694396058,0.6454165040306101,0.3476832922749938
25852,GOF,0.16255098168427992,0.5409594419030376,0.2964895764126825
25853,GOF,0.06337119248532973,0.790354343945077,0.1462744635695932
25854,GOF,0.006124056938574179,0.658874025786026,0.3350019172753997
25855,GOF,0.022752792172967735,0.6454983827439016,0.33174882508313064
25856,GOF,0.040264693487555445,0.7204252573913699,0.23931004912107476
25857,GOF,0.02179434766396955,0.6389873069749895,0.3392183453610409
25858,GOF,0.010691947881315588,0.6284370240388509,0.3608710280798335
25859,GOF,0.007751521774800414,0.6015082434977462,0.3907402347274533
25860,GOF,0.08085266598881194,0.7455421216489245,0.17360521236226345
25861,GOF,0.10748919741134194,0.7778188516677526,0.11469195092090559
25862,GOF,0.02449008925675253,0.872880317955218,0.1026295927880295
25863,GOF,0.023277493691671154,0.8677509290007628,0.10897157730756603
25864,GOF,0.06233140453658516,0.8595755715737855,0.07809302388962923
25865,GOF,0.057010108083012774,0.8237455325738221,0.11924435934316507
25866,GOF,0.02607333268003984,0.8508423194102455,0.12308434790971473
25867,GOF,0.04605536867305969,0.8495674786824712,0.10437715264446913
25868,GOF,0.07087518191715358,0.7854574563923421,0.14366736169050434
25869,GOF,0.37040328431404096,0.5218002794484778,0.10779643623748116
25870,GOF,0.07653808395126599,0.5284954189557608,0.3949664970929732
25871,GOF,0.011170588846202758,0.8375963169302445,0.15123309422355272
25872,GOF,0.024165528916489026,0.7937979817298942,0.18203648935361674
25873,GOF,0.022406460647095526,0.8562698122528807,0.12132372710002375
25874,LOF,0.018402250877782998,0.1801593853438137,0.8014383637784033
25875,LOF,0.029396279528015407,0.05064782640219573,0.919955894069789
25876,LOF,0.021043644149815317,0.04399303667344715,0.9349633191767376
25877,LOF,0.10718878616770812,0.09490895881940839,0.7979022550128836
25878,LOF,0.08856001047446496,0.11083131317444068,0.8006086763510943
25879,LOF,0.012631445389295708,0.08183601277611424,0.9055325418345901
25880,LOF,0.07031469897735027,0.016744872024498432,0.9129404289981514
25881,Neutral,0.5290864362682871,0.10353541341060847,0.36737815032110444
25882,LOF,0.06658588593409119,0.03445095599402969,0.8989631580718791
25883,LOF,0.02787111584602831,0.03602701748491607,0.9361018666690557
25884,LOF,0.017846283874315187,0.055244686659973154,0.9269090294657117
25885,LOF,0.19086303319954243,0.01816790942176841,0.790969057378689
25886,LOF,0.2617961645296552,0.06841575602574126,0.6697880794446036
25887,LOF,0.07959543816673981,0.13026023328497494,0.7901443285482853
25888,LOF,0.007342633623395593,0.1741114404514426,0.8185459259251617
25889,LOF,0.023864781351504636,0.046407755748703226,0.9297274628997921
25890,LOF,0.19667078236352736,0.07398131329601608,0.7293479043404566
25891,LOF,0.10825412560022435,0.033974675823880314,0.8577711985758953
25892,LOF,0.008493904011251621,0.030462722537146804,0.9610433734516015
25893,LOF,0.3410877660374121,0.00976394302870721,0.6491482909338807
25894,LOF,0.347753603757399,0.006749354899595465,0.6454970413430056
25895,LOF,0.2783943654091608,0.013824752217147575,0.7077808823736915
25896,LOF,0.06757359926554318,0.030702826063593713,0.901723574670863
25897,LOF,0.11057396234351223,0.01109718535200871,0.878328852304479
25898,LOF,0.10986104252264998,0.03125478359630703,0.858884173881043
25899,LOF,0.41069302109497363,0.03127508043132203,0.5580318984737043
25900,LOF,0.47645275841951457,0.011831758237102863,0.5117154833433826
25901,LOF,0.08560731487152706,0.011787708533965009,0.902604976594508
25902,LOF,0.0900424863890555,0.014090835778509812,0.8958666778324348
25903,LOF,0.21567680036107362,0.026743316831218195,0.7575798828077082
25904,Neutral,0.4820556459525262,0.04141598638852507,0.47652836765894874
25905,LOF,0.006804378334799908,0.42568687529325583,0.5675087463719444
25906,LOF,0.008999824742418873,0.07421113577882024,0.9167890394787609
25907,LOF,0.00893041561020906,0.2557957218396974,0.7352738625500935
25908,LOF,0.00856345355179959,0.2676387386995796,0.7237978077486208
25909,LOF,0.03224346236982701,0.1045722833403269,0.8631842542898461
25910,LOF,0.012035042034380918,0.12852053898627072,0.8594444189793484
25911,LOF,0.21025420806270584,0.022605670419580597,0.7671401215177136
25912,LOF,0.10086070166758643,0.018791958550909853,0.8803473397815038
25913,LOF,0.017123263529272126,0.028010314555174817,0.9548664219155532
25914,LOF,0.04623463007403673,0.02498297124563784,0.9287823986803254
25915,LOF,0.187026583307031,0.10238793961373187,0.710585477079237
25916,LOF,0.016500482284478587,0.050777607055463976,0.9327219106600574
25917,LOF,0.0773998371629584,0.026750276666768127,0.8958498861702734
25918,LOF,0.044307897179739014,0.013306538437834642,0.9423855643824264
25919,LOF,0.036568616058698426,0.013546989100719949,0.9498843948405816
25920,Neutral,0.37847948655137664,0.2640928083968798,0.3574277050517435
25921,LOF,0.015711008826341178,0.022678574716402864,0.9616104164572561
25922,LOF,0.01385921059612591,0.02455672960583944,0.9615840597980345
25923,LOF,0.460315643902833,0.015758153703894766,0.5239262023932723
25924,LOF,0.023273754305145285,0.029758814485694486,0.9469674312091602
25925,LOF,0.09873923674268666,0.030210338763981055,0.8710504244933323
25926,LOF,0.08219025203400486,0.01965763312755466,0.8981521148384405
25927,LOF,0.02253498112670369,0.05204311861552404,0.9254219002577722
25928,LOF,0.011587428527451586,0.028188302990293287,0.9602242684822552
25929,Neutral,0.5885256901564917,0.015364737063984248,0.396109572779524
25930,LOF,0.08395805347388166,0.014960974371485658,0.9010809721546327
25931,LOF,0.013692199500141182,0.017514980428098143,0.9687928200717608
25932,LOF,0.08394195346891045,0.01628812738685686,0.8997699191442327
25933,LOF,0.09287639779546931,0.011123667009807681,0.8959999351947231
25934,LOF,0.08628961057651109,0.008588735377016023,0.9051216540464728
25935,LOF,0.09522531134190124,0.02842329365114931,0.8763513950069495
25936,LOF,0.11129994328989609,0.010022489740639705,0.8786775669694642
25937,LOF,0.020474117678843568,0.016565212355188055,0.9629606699659684
25938,LOF,0.09901213630924804,0.02518615836039369,0.8758017053303583
25939,LOF,0.07109452538385316,0.01278650742792577,0.916118967188221
25940,GOF,0.011649435798218432,0.5185777414905025,0.46977282271127907
25941,LOF,0.4729253666945311,0.04347923184298525,0.4835954014624836
25942,LOF,0.009627189275604955,0.04849090337346317,0.9418819073509319
25943,LOF,0.05076283282961845,0.19398132062672946,0.7552558465436521
25944,LOF,0.045391930853609125,0.09451740908268577,0.8600906600637052
25945,LOF,0.16547717091786632,0.027090102056867734,0.8074327270252659
25946,LOF,0.07184621774396797,0.03910745655726709,0.8890463256987648
25947,Neutral,0.48524183691494915,0.10154246669595375,0.41321569638909694
25948,LOF,0.376705627421215,0.014668813364092571,0.6086255592146925
25949,LOF,0.13018360649793811,0.07756358824370962,0.7922528052583524
25950,GOF,0.13163000477091383,0.5781406689211571,0.2902293263079291
25951,LOF,0.011945831443870535,0.4675156166089963,0.5205385519471332
25952,LOF,0.20755222377117605,0.2532427416713391,0.5392050345574849
25953,LOF,0.008456077077805529,0.36121027307857434,0.6303336498436201
25954,GOF,0.1035507995295609,0.47226834535863127,0.424180855111808
25955,LOF,0.011631699326628712,0.2555858871659273,0.7327824135074441
25956,LOF,0.009118543071638528,0.3403170742957927,0.6505643826325689
25957,LOF,0.14786242392991808,0.03845519476214648,0.8136823813079354
25958,LOF,0.03344488135756338,0.06503010309321147,0.9015250155492253
25959,GOF,0.00708700944574438,0.7772596013875063,0.2156533891667492
25960,LOF,0.004589584076265456,0.1432497651011903,0.8521606508225442
25961,LOF,0.029026352514633133,0.046048631219923496,0.9249250162654433
25962,LOF,0.0403059146918236,0.07454566482462584,0.8851484204835507
25963,LOF,0.00904970373450973,0.11314792222706646,0.8778023740384239
25964,LOF,0.04330241167915223,0.14955690265235833,0.8071406856684895
25965,LOF,0.2007016319611896,0.17303785128786664,0.6262605167509439
25966,LOF,0.35424974492435995,0.11727884733102996,0.5284714077446101
25967,LOF,0.006219018233708057,0.0959458898180476,0.8978350919482443
25968,LOF,0.04502224776954028,0.2828899103702954,0.6720878418601643
25969,LOF,0.13499277241296084,0.07798277538578362,0.7870244522012555
25970,LOF,0.06965762930880202,0.07303117847983097,0.8573111922113671
25971,LOF,0.06393088954944205,0.03263675000107498,0.903432360449483
25972,LOF,0.08162352316432622,0.056483566725758494,0.8618929101099153
25973,LOF,0.058431739905318365,0.014753516736333601,0.926814743358348
25974,LOF,0.058339048436847014,0.042817093280266894,0.8988438582828862
25975,LOF,0.03487368049606447,0.021369746732989168,0.9437565727709465
25976,LOF,0.08923652683834217,0.014827395345983159,0.8959360778156746
25977,LOF,0.24399199761625953,0.05497927619338581,0.7010287261903547
25978,LOF,0.16701069186719364,0.13270852784590803,0.7002807802868983
25979,LOF,0.13956180295440385,0.15307835455091964,0.7073598424946765
25980,LOF,0.2213388779351314,0.21683084947799672,0.5618302725868719
25981,LOF,0.22233392976629765,0.21989993663233473,0.5577661336013676
25982,LOF,0.3657981952029653,0.12015844003303285,0.5140433647640018
25983,Neutral,0.4468457310605658,0.12681806273761453,0.4263362062018197
25984,LOF,0.06145160267032274,0.09624863693955078,0.8422997603901266
25985,Neutral,0.47068381027846873,0.1337500705230177,0.39556611919851364
25986,LOF,0.013428735220309625,0.46687947304072364,0.5196917917389667
25987,LOF,0.0373614441951118,0.10601751887561241,0.8566210369292757
25988,LOF,0.0599250516206754,0.1594469402057297,0.780628008173595
25989,LOF,0.0651161460436223,0.2198424387992294,0.7150414151571484
25990,LOF,0.0519771387252589,0.3679129050377839,0.5801099562369572
25991,GOF,0.028562276029883135,0.5007447868814487,0.4706929370886681
25992,LOF,0.013813328038051723,0.42465832459901376,0.5615283473629346
25993,LOF,0.020630827433035005,0.05657984116642123,0.9227893314005436
25994,LOF,0.02835034189267232,0.0633339908299665,0.9083156672773612
25995,LOF,0.018765232030542176,0.1151843929005515,0.8660503750689064
25996,GOF,0.3582304056084629,0.3987504952434221,0.243019099148115
25997,LOF,0.05932463885554481,0.4493812924920704,0.4912940686523849
25998,LOF,0.23958854375288527,0.04252524990298394,0.7178862063441308
25999,LOF,0.04259994982620432,0.12213780502874887,0.8352622451450468
26000,LOF,0.14798699935995704,0.01551878043454391,0.8364942202054991
26001,LOF,0.17082962322216486,0.02386573437888792,0.8053046423989472
26002,LOF,0.09778622536199306,0.027827434888629547,0.8743863397493773
26003,GOF,0.007470652670956817,0.6588764383247158,0.33365290900432754
26004,GOF,0.01701207296076776,0.600692291756098,0.38229563528313426
26005,LOF,0.004996926116911551,0.4971093152655171,0.49789375861757124
26006,GOF,0.10531401512847328,0.5247142601886985,0.3699717246828283
26007,GOF,0.0105189828947265,0.5128455999734193,0.4766354171318541
26008,GOF,0.007152891205980452,0.5849691500249886,0.40787795876903093
26009,GOF,0.012424682344614359,0.6398891152909947,0.34768620236439096
26010,GOF,0.009417851774940427,0.5633142048747284,0.4272679433503313
26011,LOF,0.005090671883384442,0.39221373860001757,0.6026955895165981
26012,GOF,0.00552322534291911,0.5337997708689314,0.46067700378814946
26013,GOF,0.012935792550893834,0.5665508745278492,0.420513332921257
26014,LOF,0.040961540142749,0.0896397486835691,0.8693987111736818
26015,LOF,0.3565192652069846,0.02408643263986835,0.619394302153147
26016,LOF,0.26024193487660796,0.0365720902967615,0.7031859748266306
26017,LOF,0.014893104507725323,0.16481022515795082,0.8202966703343237
26018,LOF,0.02760177858872803,0.0685163520354217,0.9038818693758502
26019,LOF,0.027162104250399756,0.06520735933925247,0.9076305364103477
26020,LOF,0.006172284993238344,0.1718098552033706,0.8220178598033911
26021,LOF,0.07879868862383452,0.07565567984551134,0.8455456315306541
26022,LOF,0.03779285740679463,0.03466681549765782,0.9275403270955476
26023,LOF,0.020542522284011214,0.04609852949226666,0.9333589482237221
26024,LOF,0.045610202731154174,0.05540494086947574,0.8989848563993701
26025,LOF,0.1224876519440081,0.06468108145106966,0.8128312666049222
26026,LOF,0.10680005644482914,0.04700264208287307,0.8461973014722978
26027,LOF,0.02826621197751537,0.029966479371566466,0.9417673086509183
26028,LOF,0.07172983426346241,0.1545845414104468,0.7736856243260907
26029,LOF,0.02985166226767424,0.1566455236780751,0.8135028140542506
26030,LOF,0.11505622364658823,0.02468152589154898,0.8602622504618628
26031,LOF,0.013768625504529817,0.14055036505573443,0.8456810094397358
26032,LOF,0.034626207859845055,0.04357851165997509,0.9217952804801799
26033,LOF,0.034938354117990705,0.042436816214153426,0.9226248296678558
26034,LOF,0.019273857866067425,0.1044375016077432,0.8762886405261894
26035,LOF,0.012303497535475686,0.10511181914545394,0.8825846833190704
26036,LOF,0.011589365035439595,0.08795339697312372,0.9004572379914366
26037,LOF,0.01141695961466021,0.09487849935179371,0.8937045410335462
26038,LOF,0.02987826964198632,0.03876934278362009,0.9313523875743936
26039,LOF,0.03253737564031808,0.12675124030407284,0.8407113840556091
26040,LOF,0.08397397007133968,0.11467806029817906,0.8013479696304813
26041,LOF,0.013336188461126277,0.09464540543583176,0.892018406103042
26042,LOF,0.012372796646137281,0.09652973250444238,0.8910974708494203
26043,LOF,0.030168256356182064,0.06313786994552345,0.9066938736982945
26044,LOF,0.0061749154423176135,0.04782731753116888,0.9459977670265134
26045,LOF,0.08658744223255242,0.16892688276053267,0.7444856750069149
26046,LOF,0.027358440752153986,0.041996706749249234,0.9306448524985966
26047,LOF,0.0602008057863917,0.04262959453491032,0.897169599678698
26048,LOF,0.0782107110498723,0.01692660465638579,0.9048626842937418
26049,Neutral,0.9401389850673965,0.005763180212865957,0.05409783471973749
26050,Neutral,0.9089585879732021,0.006173862786225392,0.08486754924057256
26051,LOF,0.030117948796273556,0.08697844204279358,0.8829036091609328
26052,LOF,0.029097714098260667,0.07032799369688734,0.900574292204852
26053,LOF,0.01946808297416469,0.15215679773117935,0.828375119294656
26054,LOF,0.047751544237336026,0.03792690344172575,0.9143215523209383
26055,LOF,0.06869052457411397,0.033553314891572386,0.8977561605343135
26056,LOF,0.05667957989065651,0.04244075749221668,0.9008796626171268
26057,LOF,0.05989059957954242,0.020715378530481107,0.9193940218899764
26058,LOF,0.06445354410239107,0.016396366596825442,0.9191500893007836
26059,LOF,0.21385464162345108,0.034532016542038454,0.7516133418345105
26060,LOF,0.014389618224692795,0.19673480649390754,0.7888755752813996
26061,LOF,0.009087340753401492,0.016136569145421224,0.9747760901011773
26062,LOF,0.004959057725187708,0.022276940323573174,0.9727640019512392
26063,LOF,0.049979758564307586,0.01643268372340453,0.9335875577122879
26064,LOF,0.013069229596552292,0.020956419035671164,0.9659743513677765
26065,LOF,0.06486788343978801,0.01913139346017847,0.9160007231000336
26066,LOF,0.047907570233895025,0.014340137125788781,0.9377522926403161
26067,LOF,0.05832610218298682,0.013924998571908317,0.9277488992451048
26068,LOF,0.053071965227274726,0.03881179128643748,0.9081162434862878
26069,LOF,0.2149888227855877,0.026837782329584517,0.7581733948848278
26070,LOF,0.42652107785047977,0.01756434531905961,0.5559145768304605
26071,LOF,0.0507228139359554,0.016718365509513448,0.9325588205545312
26072,LOF,0.006139120738263387,0.02290047458816127,0.9709604046735755
26073,LOF,0.04389463829897884,0.01760542863895934,0.9384999330620618
26074,Neutral,0.7756728502798805,0.014204142569694342,0.21012300715042515
26075,LOF,0.04563066014024026,0.029735133821884696,0.9246342060378749
26076,LOF,0.04254433382991941,0.015236859371614038,0.9422188067984666
26077,LOF,0.1467561084750612,0.01315602903560908,0.8400878624893298
26078,LOF,0.0057179252457769955,0.026259585440735395,0.9680224893134877
26079,LOF,0.05760455310592333,0.025079712635825757,0.917315734258251
26080,LOF,0.0567607784122699,0.025117735975204964,0.918121485612525
26081,LOF,0.04341370234983412,0.013693915922594224,0.9428923817275716
26082,LOF,0.005674051645433782,0.022868957571100263,0.9714569907834659
26083,LOF,0.0989174802947038,0.02643642240537947,0.8746460972999168
26084,LOF,0.11800926072367515,0.024112719372560824,0.8578780199037641
26085,LOF,0.10815439386720448,0.01989793754608985,0.8719476685867056
26086,LOF,0.04318124973169149,0.018507098281176308,0.9383116519871322
26087,LOF,0.04066564366572032,0.016520069323055577,0.9428142870112242
26088,LOF,0.006073327698916461,0.038152865025475484,0.9557738072756081
26089,LOF,0.0389382005529962,0.03719751609676245,0.9238642833502414
26090,LOF,0.03921687320323439,0.029651891648623273,0.9311312351481423
26091,LOF,0.029570647268414834,0.012659739696729302,0.9577696130348559
26092,LOF,0.04586100287102008,0.013928385867829508,0.9402106112611505
26093,LOF,0.0617459308557473,0.009093363830128869,0.9291607053141238
26094,LOF,0.03277326618211407,0.011338556019985305,0.9558881777979007
26095,LOF,0.016323543008256104,0.02484261510113261,0.9588338418906112
26096,LOF,0.2350809365402815,0.006215219573060672,0.7587038438866578
26097,LOF,0.005565973085620663,0.05618194302433926,0.9382520838900401
26098,LOF,0.09056213599064263,0.025436532660114655,0.8840013313492427
26099,LOF,0.0428193466140712,0.028236800058281143,0.9289438533276476
26100,LOF,0.0428193466140712,0.028236800058281143,0.9289438533276476
26101,LOF,0.04656095439103139,0.04259006635650198,0.9108489792524666
26102,LOF,0.03658552730846232,0.02252760912355589,0.9408868635679818
26103,Neutral,0.8929916659532601,0.029371587530121927,0.07763674651661805
26104,LOF,0.05458957255077841,0.04164259212197775,0.9037678353272439
26105,LOF,0.20329405299637246,0.12451254215306926,0.6721934048505582
26106,LOF,0.2688381697419011,0.04366884238206817,0.6874929878760309
26107,LOF,0.014419343624726466,0.06532094845754095,0.9202597079177326
26108,LOF,0.13867082418105084,0.050280746717575465,0.8110484291013736
26109,LOF,0.06076654243673767,0.037318769315266044,0.9019146882479963
26110,LOF,0.4172492179097089,0.015009329397417248,0.5677414526928738
26111,LOF,0.06309210211661087,0.10818983112221142,0.8287180667611778
26112,LOF,0.061719144091166,0.012411589611694644,0.9258692662971394
26113,LOF,0.12328687744197464,0.03510298259645036,0.841610139961575
26114,LOF,0.09626284972601123,0.006809911190327872,0.8969272390836609
26115,LOF,0.020296785319319943,0.047459007865535384,0.9322442068151447
26116,LOF,0.08926434713932009,0.019858447021675107,0.8908772058390048
26117,LOF,0.35362994242309126,0.03828715830887725,0.6080828992680315
26118,LOF,0.035621865075975964,0.018701603595329273,0.9456765313286947
26119,LOF,0.005595211007430276,0.08672141614877898,0.9076833728437907
26120,LOF,0.031085117206638802,0.01669754938912446,0.9522173334042366
26121,LOF,0.004207206921559214,0.11990673665354862,0.8758860564248921
