feature0,prediction,LoGoFunc_Neutral,LoGoFunc_GOF,LoGoFunc_LOF
25546,Neutral,0.7543135324131657,0.03372054575037728,0.21196592183645704
25547,Neutral,0.6071322902293437,0.06983113040738265,0.32303657936327373
25548,Neutral,0.613894487172844,0.05132812932603271,0.33477738350112335
25549,Neutral,0.5386468644219047,0.0507283792816285,0.4106247562964668
25550,LOF,0.37144559699092344,0.09806004874476103,0.5304943542643156
25551,LOF,0.3041373911871152,0.10893190280187456,0.5869307060110103
25552,LOF,0.22731652811276842,0.10552283220896093,0.6671606396782706
25553,Neutral,0.8542095749336361,0.025626069848051772,0.120164355218312
25554,LOF,0.2597388518890658,0.10038850057632667,0.6398726475346076
25555,LOF,0.21562873499903892,0.0904246394511694,0.6939466255497917
25556,LOF,0.4314426082032171,0.0886582913461958,0.47989910045058715
25557,LOF,0.20711529110496718,0.09352444387533028,0.6993602650197026
25558,LOF,0.24409171343499322,0.10039308156059765,0.6555152050044091
25559,LOF,0.35244770638940137,0.13957728361741542,0.5079750099931832
25560,LOF,0.04861464848293932,0.12337421655065442,0.8280111349664062
25561,LOF,0.12648381553034527,0.11741873317240072,0.7560974512972539
25562,LOF,0.10694321694607271,0.06168974942368235,0.8313670336302449
25563,LOF,0.1074566474858185,0.06983419561022944,0.8227091569039521
25564,LOF,0.24640983510318085,0.11906361587611315,0.6345265490207059
25565,LOF,0.1276293049905301,0.13760865632647787,0.7347620386829921
25566,GOF,0.01494958833005916,0.7896947527906476,0.19535565887929324
25567,LOF,0.013723539376265975,0.17765141374524085,0.8086250468784932
25568,LOF,0.049613246911439195,0.06540502847847551,0.8849817246100853
25569,LOF,0.059258360074297634,0.06108357091760425,0.8796580690080982
25570,LOF,0.05946060128892002,0.09817210154977322,0.8423672971613068
25571,LOF,0.05418522177897335,0.09018888972183624,0.8556258884991905
25572,LOF,0.05917245955386256,0.1234938523687527,0.8173336880773848
25573,LOF,0.03413590722770256,0.09740011246523182,0.8684639803070656
25574,LOF,0.020734891352703316,0.14830725076153053,0.8309578578857661
25575,LOF,0.04554561595739788,0.11167425266999474,0.8427801313726074
25576,LOF,0.017434224400876604,0.13093218602322634,0.8516335895758971
25577,LOF,0.015532550801004835,0.11706246821532848,0.8674049809836666
25578,LOF,0.2946863201213135,0.08102738571970312,0.6242862941589834
25579,LOF,0.1549502082996347,0.09359867576633767,0.7514511159340277
25580,LOF,0.031298310504191705,0.08036521525486658,0.8883364742409418
25581,LOF,0.054000870618653544,0.06277189702034981,0.8832272323609965
25582,LOF,0.053408000575957286,0.06163122476716575,0.884960774656877
25583,LOF,0.03937692298804459,0.09159038733134657,0.8690326896806088
25584,Neutral,0.48259047231240876,0.10109541949047045,0.4163141081971206
25585,LOF,0.024700352164766442,0.12439191292448944,0.8509077349107442
25586,LOF,0.028667464513633424,0.07490152890195535,0.8964310065844113
25587,LOF,0.029878204178041403,0.06970864301100059,0.900413152810958
25588,LOF,0.031103963078083247,0.08443683455726135,0.8844592023646554
25589,Neutral,0.6068851160971338,0.13067061118927556,0.2624442727135907
25590,LOF,0.0323930536053205,0.12863988510277122,0.8389670612919083
25591,LOF,0.09246682374869553,0.05632373573387764,0.8512094405174268
25592,LOF,0.09030935041863926,0.13632176414683642,0.7733688854345244
25593,LOF,0.03219792873493537,0.2748834125321266,0.692918658732938
25594,LOF,0.049917620164281314,0.16007213701087708,0.7900102428248416
25595,LOF,0.053934450881778506,0.11423053469882063,0.8318350144194009
25596,LOF,0.04774610321385028,0.08842982904876813,0.8638240677373816
25597,LOF,0.03732806260234906,0.0992025361229405,0.8634694012747105
25598,LOF,0.051405494150907866,0.11252990950194051,0.8360645963471517
25599,GOF,0.008636831891516226,0.6375788147539649,0.3537843533545188
25600,GOF,0.015319556463660074,0.5845761649831914,0.4001042785531486
25601,LOF,0.010893666066312674,0.4396542863392093,0.549452047594478
25602,LOF,0.02212711488155525,0.04255935307613959,0.935313532042305
25603,LOF,0.051694387372510454,0.02301843487244191,0.9252871777550475
25604,LOF,0.03951382850590385,0.040659007168976705,0.9198271643251195
25605,LOF,0.009968138963672185,0.20812759986769375,0.781904261168634
25606,LOF,0.06720259234867891,0.37743959779249897,0.5553578098588221
25607,LOF,0.005995243342895624,0.1836854467884468,0.8103193098686575
25608,LOF,0.04835969544180357,0.07072457521668808,0.8809157293415084
25609,LOF,0.04789806764035645,0.45925729758365263,0.4928446347759909
25610,LOF,0.03146448339124043,0.027836512417635143,0.9406990041911244
25611,LOF,0.03697904161092095,0.0275882958354544,0.9354326625536247
25612,LOF,0.09806119767324292,0.04074268207149828,0.8611961202552588
25613,LOF,0.08171568845716852,0.04350973904552182,0.8747745724973096
25614,LOF,0.026194455428758354,0.035901729582794896,0.9379038149884468
25615,LOF,0.05353948370440459,0.03997181132075343,0.906488704974842
25616,LOF,0.024326496640539673,0.03475897517842704,0.9409145281810334
25617,LOF,0.024866725438089436,0.03928737740937307,0.9358458971525375
25618,LOF,0.13066969409491352,0.03225842836301593,0.8370718775420705
25619,LOF,0.02647346930880777,0.03397510785460564,0.9395514228365865
25620,LOF,0.031243906104530695,0.04410706110999853,0.9246490327854707
25621,LOF,0.028509777151169015,0.034996668085823836,0.9364935547630072
25622,LOF,0.032043634255587074,0.03772743398926094,0.930228931755152
25623,LOF,0.04899795799280323,0.040667049996967214,0.9103349920102295
25624,LOF,0.023731955019872686,0.04304046868271587,0.9332275762974115
25625,LOF,0.03285991336623337,0.049066732949597375,0.9180733536841693
25626,LOF,0.08558527676214592,0.03698055094835188,0.8774341722895022
25627,Neutral,0.532155550616381,0.10871642717503455,0.3591280222085844
25628,LOF,0.20698518742781521,0.049942253874177875,0.743072558698007
25629,LOF,0.06688878811404476,0.058836705048753955,0.8742745068372012
25630,LOF,0.16883941969919597,0.08132000739687474,0.7498405729039292
25631,Neutral,0.6077920313248943,0.05571428653539904,0.33649368213970654
25632,LOF,0.015279151812407962,0.10118613652656308,0.883534711661029
25633,LOF,0.10755123298843636,0.08839094514355197,0.8040578218680117
25634,LOF,0.035561223188116144,0.1112637479861357,0.8531750288257481
25635,LOF,0.03433888137425725,0.09147894078922154,0.8741821778365212
25636,GOF,0.003977724919084942,0.6545808571095207,0.34144141797139443
25637,GOF,0.003672499383815278,0.6948811708581677,0.30144632975801716
25638,LOF,0.007066208604891204,0.435498834771259,0.5574349566238498
25639,GOF,0.003685907898918877,0.5362842552326182,0.46002983686846277
25640,Neutral,0.48854107500621125,0.4469555842279179,0.06450334076587073
25641,LOF,0.007626856564325875,0.3886051028567155,0.6037680405789586
25642,LOF,0.2498825182050665,0.0784117674199653,0.6717057143749681
25643,LOF,0.2447959155048521,0.1728454380432186,0.5823586464519294
25644,GOF,0.01351823460000732,0.5235171873627188,0.46296457803727387
25645,LOF,0.01135101287098764,0.48073795339480213,0.5079110337342102
25646,LOF,0.0181650097058285,0.33939879103703074,0.6424361992571408
25647,LOF,0.015484138380589508,0.2944086181197212,0.6901072434996893
25648,LOF,0.013800903495615463,0.3084787299278297,0.6777203665765548
25649,LOF,0.010570703597149277,0.2350835652186665,0.7543457311841842
25650,LOF,0.02495349059318073,0.47988370889523857,0.49516280051158074
25651,LOF,0.008656491500754121,0.28850950491968647,0.7028340035795594
25652,LOF,0.01295107411066198,0.2669551743019153,0.7200937515874227
25653,LOF,0.04851335623803217,0.3689797395095941,0.5825069042523737
25654,LOF,0.014985430116576782,0.15967775991378014,0.8253368099696431
25655,LOF,0.0593868991363706,0.42471203263151663,0.5159010682321128
25656,LOF,0.08814911958247963,0.07968530281168365,0.8321655776058368
25657,LOF,0.3024699021774596,0.03897520085982759,0.6585548969627129
25658,LOF,0.04526099569327859,0.11156408790296972,0.8431749164037516
25659,LOF,0.30730506424460574,0.07275332203463507,0.6199416137207592
25660,LOF,0.06148247863750269,0.09769486024725885,0.8408226611152385
25661,LOF,0.046876818919258906,0.07568568822110695,0.8774374928596342
25662,LOF,0.02693327357533533,0.04778226327378872,0.925284463150876
25663,LOF,0.037140342205146296,0.07267378821292308,0.8901858695819306
25664,LOF,0.03720216311565887,0.09418077500493338,0.8686170618794077
25665,LOF,0.05899557702209977,0.04716667236838826,0.893837750609512
25666,LOF,0.03430770705448195,0.1429848810566375,0.8227074118888805
25667,LOF,0.030832115578141372,0.05695644563686377,0.9122114387849949
25668,LOF,0.0321020532466264,0.06131501805851325,0.9065829286948603
25669,LOF,0.03954981947375728,0.08761941801266873,0.8728307625135739
25670,LOF,0.07753033432244348,0.1002574756658291,0.8222121900117275
25671,LOF,0.038710974513409546,0.04814966505830869,0.9131393604282818
25672,LOF,0.06055955338175439,0.06365699386189207,0.8757834527563536
25673,LOF,0.041237554643925874,0.07791449486297279,0.8808479504931014
25674,LOF,0.03703644968410451,0.08057519409131776,0.8823883562245777
25675,LOF,0.04505871328429057,0.06615096937515981,0.8887903173405497
25676,LOF,0.032988664837117904,0.061341607160019934,0.9056697280028623
25677,LOF,0.06239558268139059,0.06839973796804352,0.8692046793505658
25678,LOF,0.27869263859775306,0.03842811406141856,0.6828792473408283
25679,LOF,0.16910047055363767,0.08007982451184059,0.7508197049345218
25680,LOF,0.05857962163272251,0.10162988577839623,0.8397904925888812
25681,LOF,0.1103427496623429,0.09193685177366887,0.7977203985639882
25682,LOF,0.044402750018867274,0.082868857475576,0.8727283925055567
25683,LOF,0.08460529471555353,0.1173609395024243,0.798033765782022
25684,LOF,0.05735321431087834,0.08052973781521355,0.8621170478739081
25685,LOF,0.09276214002702109,0.0579786713195944,0.8492591886533846
25686,LOF,0.026481671046831558,0.10129013219766068,0.8722281967555078
25687,LOF,0.048534245310523964,0.08077430103180452,0.8706914536576715
25688,LOF,0.027051720577000213,0.08870902835163062,0.8842392510713692
25689,LOF,0.01861843594573547,0.07740735960246176,0.9039742044518028
25690,LOF,0.025012915339469942,0.09200770661041972,0.8829793780501103
25691,LOF,0.2054093449131321,0.13202808162820562,0.6625625734586623
25692,LOF,0.2895978810486733,0.01163681107768734,0.6987653078736394
25693,LOF,0.07957043035066036,0.15688075141629804,0.7635488182330417
25694,LOF,0.2490825727210208,0.014788472621497437,0.7361289546574817
25695,LOF,0.1613204829791147,0.017721628307291928,0.8209578887135933
25696,LOF,0.17796560507292009,0.01049215381580544,0.8115422411112745
25697,LOF,0.13586420308176822,0.02075520657286245,0.8433805903453693
25698,LOF,0.04057597007321914,0.41493753885314033,0.5444864910736406
25699,LOF,0.06858796572172249,0.07590045469576422,0.8555115795825132
25700,LOF,0.03163543246543344,0.010380007073192466,0.957984560461374
25701,LOF,0.014509527408449468,0.08183397209115144,0.9036565005003991
25702,GOF,0.03567841243578952,0.7510463553794707,0.2132752321847397
25703,LOF,0.021870166852748278,0.20178722603091837,0.7763426071163333
25704,LOF,0.09095010263141241,0.15623215169594815,0.7528177456726395
25705,LOF,0.054327253514519655,0.23883362152278595,0.7068391249626943
25706,GOF,0.05468030835827732,0.5970283992598606,0.3482912923818622
25707,GOF,0.027008099033159778,0.535911974730876,0.4370799262359642
25708,LOF,0.008125643090947592,0.45497578830933255,0.5368985685997198
25709,LOF,0.018450978701690813,0.06982866540432539,0.9117203558939839
25710,LOF,0.008430849150421003,0.18531010452673516,0.806259046322844
25711,LOF,0.0196210572875566,0.12600156662891812,0.8543773760835254
25712,LOF,0.008999832595511143,0.2306737582667344,0.7603264091377545
25713,LOF,0.017901892033676543,0.11166739620501163,0.8704307117613118
25714,LOF,0.01970614122792972,0.15293056422468354,0.8273632945473867
25715,LOF,0.019213984066509968,0.12832018990851798,0.8524658260249721
25716,LOF,0.011128408109063357,0.158606734867637,0.8302648570232997
25717,LOF,0.005336677654827692,0.14427335425165044,0.8503899680935219
25718,LOF,0.017032395350976594,0.07529227909291158,0.9076753255561119
25719,LOF,0.03102309384719226,0.0851568870751721,0.8838200190776356
25720,LOF,0.02225949570794709,0.09118319242992122,0.8865573118621317
25721,LOF,0.02294981757094488,0.09508398394186136,0.8819661984871937
25722,LOF,0.01684690237992197,0.12713984999399672,0.8560132476260813
25723,LOF,0.020360450465827466,0.07383750055257822,0.9058020489815944
25724,LOF,0.027910706885952777,0.12442577740475538,0.8476635157092919
25725,LOF,0.02167690561023877,0.06972538474762825,0.908597709642133
25726,LOF,0.015472277493317303,0.10387446215299767,0.8806532603536851
25727,LOF,0.018684689175037864,0.08579442597236922,0.895520884852593
25728,LOF,0.01795181335834999,0.10124298203030452,0.8808052046113455
25729,LOF,0.018160228012115323,0.10108178689534554,0.8807579850925391
25730,LOF,0.019444750021260372,0.08334773345957598,0.8972075165191636
25731,LOF,0.010026279310733846,0.1765844540407163,0.8133892666485498
25732,LOF,0.01851854046823501,0.09143739534364223,0.8900440641881228
25733,LOF,0.029048881262626863,0.08207989470150619,0.888871224035867
25734,LOF,0.006702974424839329,0.2169157714662274,0.7763812541089333
25735,LOF,0.02384835551339612,0.07376463449863918,0.9023870099879647
25736,LOF,0.02227163632836403,0.11769558792986994,0.860032775741766
25737,LOF,0.039195045236331855,0.10177680439523673,0.8590281503684314
25738,LOF,0.02043940633921562,0.15716055233730822,0.8224000413234761
25739,LOF,0.021923149223325993,0.1458359302039584,0.8322409205727157
25740,LOF,0.05263825908499062,0.1387246536487482,0.8086370872662612
25741,LOF,0.025805962893814472,0.11811204354987243,0.8560819935563131
25742,LOF,0.036111842951016035,0.13678845365116846,0.8270997033978155
25743,LOF,0.012003655438866197,0.045198038648323405,0.9427983059128103
25744,GOF,0.1621296743662966,0.446399265486912,0.39147106014679134
25745,LOF,0.020948490415290066,0.07560917124704662,0.9034423383376634
25746,LOF,0.012104947449439836,0.09807651779880903,0.8898185347517511
25747,LOF,0.03532179009877643,0.038066089906328746,0.9266121199948948
25748,LOF,0.2059094353047831,0.06828030715054881,0.7258102575446681
25749,LOF,0.013662887975503468,0.05920145901883233,0.9271356530056643
25750,LOF,0.015039198935903721,0.08876830340480912,0.8961924976592871
25751,LOF,0.03580257983443868,0.07021196006744193,0.8939854600981194
25752,GOF,0.0887453199024206,0.7052037240957945,0.20605095600178494
25753,LOF,0.006942845472828141,0.37822662450040945,0.6148305300267624
25754,GOF,0.005213305381593035,0.8696511680318035,0.12513552658660324
25755,LOF,0.008844557063326784,0.44905966023729793,0.5420957826993753
25756,LOF,0.04689731749148711,0.4631066143806241,0.48999606812788876
25757,GOF,0.006002970386244938,0.8702422321475368,0.12375479746621822
25758,GOF,0.009172131789481834,0.8817476684285542,0.1090801997819639
25759,GOF,0.00485220221913726,0.59059935005731,0.4045484477235527
25760,LOF,0.006875521401372126,0.3131616002328205,0.6799628783658074
25761,GOF,0.04940354377872801,0.8567459149047727,0.09385054131649935
25762,LOF,0.02774579708636671,0.4034790325792443,0.568775170334389
25763,LOF,0.007918098001501,0.2672527996989843,0.7248291022995147
25764,GOF,0.07289236371689972,0.641969399733542,0.28513823654955844
25765,GOF,0.008555525054817078,0.8592440719558212,0.13220040298936167
25766,GOF,0.047490297377089874,0.8214764585342186,0.1310332440886916
25767,GOF,0.014948883083222295,0.5600539468458223,0.42499717007095544
25768,LOF,0.037366831948631905,0.08276722260843038,0.8798659454429376
25769,LOF,0.02074653843594177,0.08325101100284123,0.896002450561217
25770,LOF,0.14904094541420262,0.0700948979968092,0.7808641565889882
25771,LOF,0.01146532765135609,0.0774657801551891,0.9110688921934549
25772,LOF,0.02319467707553608,0.03012418617354979,0.9466811367509141
25773,LOF,0.012276580011844226,0.08146135897243655,0.9062620610157193
25774,LOF,0.02945310550665859,0.09178766968081888,0.8787592248125226
25775,LOF,0.01810658760706751,0.04039999672107663,0.9414934156718558
25776,LOF,0.02471668101798147,0.027174094686817866,0.9481092242952006
25777,LOF,0.21221163729680045,0.07575580035134723,0.7120325623518523
25778,LOF,0.01908635285120555,0.0561402388676084,0.924773408281186
25779,GOF,0.04120500128684574,0.9030816939463445,0.0557133047668098
25780,GOF,0.06941293506459993,0.8878880046090748,0.042699060326325235
25781,GOF,0.02324510092638646,0.8921388612309508,0.08461603784266282
25782,GOF,0.030663189701688964,0.9138439739313458,0.05549283636696525
25783,GOF,0.017131789766457965,0.7947426929312268,0.1881255173023154
25784,GOF,0.11448254183160612,0.856125267997948,0.02939219017044582
25785,GOF,0.07013939808163173,0.8908121809038893,0.03904842101447913
25786,GOF,0.0053725650332531755,0.8422852277827411,0.15234220718400585
25787,GOF,0.16696483275918148,0.800215004414231,0.03282016282658737
25788,LOF,0.015504176612811307,0.19655229227264429,0.7879435311145444
25789,GOF,0.018981467999410945,0.8685815149371807,0.1124370170634084
25790,GOF,0.022778886899824206,0.8827170978909038,0.0945040152092719
25791,GOF,0.01402264818003136,0.845174253185866,0.14080309863410273
25792,GOF,0.022823858956838618,0.8590678586252232,0.11810828241793832
25793,GOF,0.07923160197088595,0.8466730265680009,0.07409537146111327
25794,GOF,0.06646065033888497,0.7794529282225497,0.15408642143856532
25795,GOF,0.07512075707893211,0.7945271826193374,0.13035206030173058
25796,GOF,0.08224641112648046,0.8329564936722128,0.08479709520130684
25797,GOF,0.0425167612048174,0.7341228205090533,0.22336041828612924
25798,GOF,0.0032841896013103035,0.6824616481190504,0.31425416227963926
25799,GOF,0.0031475340375164977,0.5642110436629703,0.43264142229951325
25800,GOF,0.014980414710404993,0.7821270937736419,0.20289249151595318
25801,GOF,0.018022737533264017,0.893767711349847,0.088209551116889
25802,GOF,0.020885368679821666,0.8371036349178043,0.1420109964023741
25803,GOF,0.01214195299339653,0.7431464689554428,0.24471157805116056
25804,GOF,0.013451197373198795,0.6525244330247871,0.33402436960201415
25805,GOF,0.02435687435613677,0.736484910081791,0.23915821556207226
25806,GOF,0.02090626576522958,0.801783531362852,0.17731020287191848
25807,GOF,0.005472801598818033,0.7645237840824313,0.2300034143187508
25808,GOF,0.014596370445142632,0.7903464624246163,0.19505716713024104
25809,GOF,0.0068905028607392236,0.7565126599684504,0.23659683717081043
25810,GOF,0.00589838573403644,0.7538827933153333,0.24021882095063038
25811,GOF,0.062470821442881914,0.8729473966320481,0.0645817819250701
25812,GOF,0.017270637578471443,0.773499532405159,0.20922983001636952
25813,GOF,0.09585985992174667,0.817197750687144,0.08694238939110953
25814,GOF,0.025498072539539167,0.8068061821567235,0.16769574530373726
25815,GOF,0.058619173469628215,0.8374182527819319,0.10396257374843987
25816,GOF,0.007574886336788408,0.8768282344821373,0.11559687918107425
25817,GOF,0.09839434923750263,0.804999550032758,0.09660610072973932
25818,GOF,0.027456415345830758,0.8277807121919093,0.14476287246225994
25819,GOF,0.06399515068311895,0.7757767254786637,0.1602281238382172
25820,GOF,0.032596761531665304,0.7823181189447512,0.18508511952358359
25821,GOF,0.02102271898827313,0.7753887607996014,0.20358852021212537
25822,GOF,0.04104485427403419,0.788326550431644,0.1706285952943217
25823,GOF,0.01466864286379057,0.6729511884041594,0.31238016873205016
25824,GOF,0.02569778296287377,0.7926583683103275,0.18164384872679862
25825,GOF,0.015172203918733619,0.7764560418292826,0.2083717542519839
25826,GOF,0.005360117849758875,0.7392756817071312,0.25536420044310987
25827,GOF,0.007612734303038606,0.7204154257971467,0.27197183989981466
25828,GOF,0.0061340851026778,0.6816708138379988,0.3121951010593234
25829,GOF,0.0030993061763927017,0.723968754226719,0.2729319395968883
25830,GOF,0.03741151644744217,0.5149461112286173,0.44764237232394055
25831,GOF,0.0775150320492624,0.8157121796369092,0.10677278831382826
25832,GOF,0.009833501861988935,0.8281655511482249,0.16200094698978632
25833,GOF,0.039375577892710616,0.8591114247775505,0.10151299732973888
25834,GOF,0.010425033454041478,0.8397651188844238,0.14980984766153455
25835,GOF,0.02254297724075642,0.8797646625407308,0.09769236021851282
25836,GOF,0.007440862372406144,0.8398927560593282,0.15266638156826567
25837,GOF,0.006977503820916771,0.7397902835141086,0.2532322126649746
25838,GOF,0.02340705872331995,0.8815122100352036,0.09508073124147638
25839,GOF,0.04133384125007138,0.8735178336365546,0.08514832511337411
25840,GOF,0.06445180987831942,0.8578157377311347,0.07773245239054577
25841,GOF,0.06167674817591419,0.8673660749527655,0.07095717687132025
25842,GOF,0.024829106424253733,0.9005317043194266,0.0746391892563196
25843,GOF,0.027416850720314596,0.9070333873982923,0.06554976188139315
25844,GOF,0.016326383879606776,0.8626677266469635,0.12100588947342973
25845,GOF,0.0061085000340767685,0.6631175327684065,0.3307739671975167
25846,GOF,0.07636342299939264,0.8509838852334487,0.07265269176715859
25847,GOF,0.01681036113074454,0.9169322807224447,0.06625735814681091
25848,GOF,0.01705957725598154,0.8715215645572841,0.11141885818673414
25849,GOF,0.005432872190577026,0.7740392460919506,0.2205278817174724
25850,GOF,0.007044244733626599,0.7893493171217194,0.20360643814465404
25851,GOF,0.00641493947755505,0.6764282573353555,0.3171568031870894
25852,GOF,0.14385318229313404,0.6104591042757066,0.2456877134311593
25853,GOF,0.07793500224708966,0.84006963314056,0.08199536461235046
25854,GOF,0.0057342955851782855,0.7115394255394162,0.2827262788754055
25855,GOF,0.016185602398121002,0.6722880747120937,0.3115263228897854
25856,GOF,0.0387705097069554,0.8027014598973256,0.15852803039571908
25857,GOF,0.018684873008698356,0.6690708309376494,0.31224429605365234
25858,GOF,0.008859360114736802,0.6697202566742926,0.32142038321097055
25859,GOF,0.005920424280097527,0.6446096150635391,0.34946996065636343
25860,GOF,0.09566948769639251,0.8282971404503028,0.07603337185330464
25861,GOF,0.07783074988348909,0.8361498450578467,0.08601940505866418
25862,GOF,0.0207775783474979,0.8764332193800747,0.10278920227242755
25863,GOF,0.021811573783588206,0.8815307705311304,0.09665765568528144
25864,GOF,0.04621177969980849,0.8840829349427974,0.06970528535739393
25865,GOF,0.034220841363313576,0.8570917867977026,0.10868737183898391
25866,GOF,0.024163451809905565,0.8804063546881316,0.09543019350196282
25867,GOF,0.03568587476787948,0.8911613907266344,0.07315273450548612
25868,GOF,0.050342604436671545,0.8620638651268125,0.0875935304365159
25869,GOF,0.34540517570177937,0.5923715648455576,0.06222325945266296
25870,GOF,0.06899686805517331,0.6930804237713993,0.2379227081734274
25871,GOF,0.008065169975117593,0.8967143187360064,0.09522051128887622
25872,GOF,0.020951680801683917,0.884566518559094,0.09448180063922228
25873,GOF,0.02013589223529756,0.9007958226598174,0.07906828510488509
25874,LOF,0.016894693826218863,0.2128858533713581,0.7702194528024231
25875,LOF,0.060729008282345356,0.047339372731412525,0.8919316189862421
25876,LOF,0.017050382236996075,0.0414306137575507,0.9415190040054532
25877,LOF,0.14588656893411134,0.08764467600442052,0.7664687550614682
25878,LOF,0.07006291476423814,0.12461517540955434,0.8053219098262074
25879,LOF,0.03362205125240289,0.08498401094475032,0.8813939378028468
25880,LOF,0.05554148138817867,0.01539197065946679,0.9290665479523545
25881,Neutral,0.531678549594738,0.07637296439756543,0.3919484860076966
25882,LOF,0.086384998779408,0.025380399073031648,0.8882346021475603
25883,LOF,0.027251700885474052,0.02706735567376971,0.9456809434407561
25884,LOF,0.02172374730789005,0.052769225979789045,0.925507026712321
25885,LOF,0.22222240584548744,0.012172899460457283,0.7656046946940552
25886,LOF,0.1667699856828846,0.05917230965408856,0.7740577046630268
25887,LOF,0.18675558356976926,0.07570977430746313,0.7375346421227675
25888,LOF,0.012730175566985953,0.15581530747012984,0.8314545169628842
25889,LOF,0.026657516459966914,0.03507508531313698,0.9382673982268961
25890,LOF,0.13582444181775535,0.10667854943044677,0.7574970087517978
25891,LOF,0.09105608194607244,0.026929661420752878,0.8820142566331748
25892,LOF,0.0077767529128710535,0.03233426415016348,0.9598889829369656
25893,LOF,0.39862291420592366,0.00846304476842541,0.5929140410256508
25894,LOF,0.42660259981782356,0.004801789502643564,0.5685956106795329
25895,LOF,0.3325935158674981,0.011729843366539075,0.6556766407659628
25896,LOF,0.06759014700750848,0.015875991573886875,0.9165338614186046
25897,LOF,0.19359889024501722,0.009137089375537918,0.7972640203794449
25898,LOF,0.183387266177259,0.027569785488917482,0.7890429483338235
25899,LOF,0.3611712468698168,0.017464405603778176,0.6213643475264051
25900,LOF,0.43634825145022427,0.008957765702077769,0.554693982847698
25901,LOF,0.0657310058297778,0.008400295241008993,0.9258686989292133
25902,LOF,0.18980210673498701,0.008647354525745544,0.8015505387392674
25903,LOF,0.3784892667585826,0.023022197840566024,0.5984885354008515
25904,Neutral,0.49482312816257285,0.023113657433242653,0.4820632144041845
25905,LOF,0.004835910107911535,0.4469632737496368,0.5482008161424516
25906,LOF,0.00935674836432575,0.10567812398724949,0.8849651276484247
25907,LOF,0.004607590743122703,0.33562481639931335,0.6597675928575639
25908,LOF,0.00510630877730966,0.249065250537678,0.7458284406850123
25909,LOF,0.026134883661425422,0.14620492188272072,0.8276601944558538
25910,LOF,0.011323610679168082,0.12767779939310223,0.8609985899277297
25911,LOF,0.3137981476813705,0.03798081522500909,0.6482210370936203
25912,LOF,0.07521103115633332,0.044172992508593203,0.8806159763350734
25913,LOF,0.0423616881833855,0.07213441819169708,0.8855038936249174
25914,LOF,0.03917519837792901,0.0441017547031758,0.9167230469188952
25915,LOF,0.20783479810435562,0.18500871891558449,0.6071564829800599
25916,LOF,0.03483243512770032,0.12266791366605223,0.8424996512062474
25917,LOF,0.07269681169701316,0.037367055587491885,0.889936132715495
25918,LOF,0.04372462026026664,0.028405775963650497,0.9278696037760829
25919,LOF,0.03891815143076005,0.027497095995261338,0.9335847525739785
25920,LOF,0.2408868413742775,0.22821753880421147,0.530895619821511
25921,LOF,0.016115314141998637,0.040195031142937175,0.9436896547150642
25922,LOF,0.018778336157983525,0.03567114830268547,0.945550515539331
25923,LOF,0.4774663657518853,0.032690827785650765,0.4898428064624639
25924,LOF,0.021556866502742692,0.0643056438721891,0.9141374896250681
25925,LOF,0.08779601788361553,0.04653791819554642,0.865666063920838
25926,LOF,0.06702770863011452,0.045648029131997815,0.8873242622378876
25927,LOF,0.026624870731648268,0.07542071690416585,0.8979544123641858
25928,LOF,0.009972835016843897,0.06385317981534477,0.9261739851678112
25929,Neutral,0.5618956700686987,0.031822241790907334,0.40628208814039396
25930,LOF,0.07772732477702919,0.03345812878443665,0.8888145464385343
25931,LOF,0.013552036227243524,0.041438107518683986,0.9450098562540724
25932,LOF,0.06884111009325293,0.031465735652835954,0.899693154253911
25933,LOF,0.060486587841556645,0.02096373190234103,0.9185496802561023
25934,LOF,0.059220048298354276,0.019667810191043255,0.9211121415106025
25935,LOF,0.0778486153464797,0.059740245662774055,0.8624111389907462
25936,LOF,0.09995084619722149,0.021443900189603696,0.8786052536131749
25937,LOF,0.01966752837292375,0.046900021460153145,0.933432450166923
25938,LOF,0.07581560245907865,0.049556018202311265,0.8746283793386102
25939,LOF,0.046956275067164065,0.025639528976045767,0.9274041959567901
25940,LOF,0.008699667803251954,0.37599068462418883,0.6153096475725592
25941,Neutral,0.49499809120860305,0.0442785469009201,0.46072336189047686
25942,LOF,0.00875008926943492,0.05041219752173576,0.9408377132088293
25943,LOF,0.03599167713051806,0.1912027388024116,0.7728055840670703
25944,LOF,0.05253010291165104,0.08268515099917063,0.8647847460891783
25945,LOF,0.11487753505968104,0.023726042390904787,0.8613964225494142
25946,LOF,0.07383011908963306,0.04138963815284873,0.8847802427575183
25947,Neutral,0.4705682524560211,0.11067723098327793,0.418754516560701
25948,LOF,0.4111038438942525,0.017139581062465412,0.5717565750432821
25949,LOF,0.14154760785691384,0.07201428958301684,0.7864381025600694
25950,GOF,0.05436138538279781,0.5929031146911573,0.3527354999260448
25951,LOF,0.012150391279601132,0.4202270674293946,0.5676225412910042
25952,LOF,0.27437788355976217,0.3040970612495826,0.42152505519065525
25953,LOF,0.007034665917398344,0.1943578572872479,0.7986074767953538
25954,GOF,0.08418132226490316,0.5046972425010886,0.4111214352340081
25955,LOF,0.005308191807226504,0.19911257249210243,0.795579235700671
25956,LOF,0.020459668590471932,0.2354625970924178,0.7440777343171103
25957,LOF,0.17447971067843251,0.03033050162736921,0.7951897876941983
25958,LOF,0.03312907238378728,0.04315759664150748,0.9237133309747052
25959,GOF,0.013221839410634765,0.6848309734759597,0.3019471871134056
25960,LOF,0.006164025292438285,0.06389799967780953,0.9299379750297521
25961,LOF,0.0312596193614308,0.03796165819420479,0.9307787224443644
25962,LOF,0.038582642106740235,0.0657687610908354,0.8956485968024244
25963,LOF,0.005486588077502346,0.1895179739152864,0.8049954380072113
25964,LOF,0.028788794991408132,0.11526304531870457,0.8559481596898872
25965,LOF,0.25207636172056147,0.12003645938159291,0.6278871788978456
25966,Neutral,0.4675365258947742,0.14363198290786386,0.3888314911973618
25967,LOF,0.008104424839367231,0.09295110675443978,0.898944468406193
25968,LOF,0.03972982838439208,0.2413393305443567,0.7189308410712513
25969,LOF,0.1710995971854254,0.0520469390729393,0.7768534637416353
25970,LOF,0.028668338794399846,0.09085889115653001,0.8804727700490702
25971,LOF,0.08412726395811583,0.02879502026390514,0.8870777157779791
25972,LOF,0.07124039474175083,0.04982917282851891,0.8789304324297302
25973,LOF,0.06893899000940573,0.00909629165874672,0.9219647183318476
25974,LOF,0.04895109063088258,0.04229752741833955,0.908751381950778
25975,LOF,0.04491545347870875,0.017068809408759596,0.9380157371125316
25976,LOF,0.09732612587570053,0.010195992019987941,0.8924778821043114
25977,LOF,0.20964705132521635,0.06975280486018286,0.7206001438146008
25978,LOF,0.20048009455871352,0.12126277697236068,0.6782571284689258
25979,LOF,0.15988202849944713,0.13479737090308666,0.7053206005974662
25980,LOF,0.2658783830557761,0.19150525101539775,0.5426163659288262
25981,LOF,0.2670170929377479,0.19264880224222752,0.5403341048200245
25982,Neutral,0.4871371270361785,0.08930767614396834,0.4235551968198532
25983,Neutral,0.47328460519079013,0.11249561803164256,0.41421977677756716
25984,LOF,0.040898258506010525,0.09417166156791375,0.8649300799260758
25985,LOF,0.4010304396551148,0.13308844042037335,0.4658811199245118
25986,LOF,0.012625431291355788,0.40989546043014463,0.5774791082784996
25987,LOF,0.05332828604682234,0.10143095076603278,0.8452407631871449
25988,LOF,0.038584747787051114,0.16483498018195455,0.7965802720309945
25989,LOF,0.03996703776394341,0.19375947978462268,0.7662734824514339
25990,LOF,0.03952088333279992,0.29794337312437885,0.6625357435428212
25991,LOF,0.03046942201249879,0.4192015123399147,0.5503290656475865
25992,LOF,0.02201159946574773,0.4326363259908314,0.5453520745434208
25993,LOF,0.028164219122520377,0.07984518591095287,0.8919905949665269
25994,LOF,0.024588334826340083,0.07717735728386697,0.8982343078897929
25995,LOF,0.020630801056243975,0.13072229052949413,0.8486469084142619
25996,GOF,0.3074636148196707,0.3496008693150722,0.34293551586525706
25997,LOF,0.06500481368288322,0.40353704192250167,0.5314581443946151
25998,LOF,0.3104892348589915,0.043126704127932916,0.6463840610130756
25999,LOF,0.02434771371122612,0.21929483689429846,0.7563574493944755
26000,LOF,0.17422258157473358,0.03588090078210525,0.7898965176431612
26001,LOF,0.25214824577341455,0.05107495322145866,0.6967768010051268
26002,LOF,0.134732036185521,0.048260969967676585,0.8170069938468023
26003,GOF,0.006138182857478264,0.6622609261977429,0.33160089094477874
26004,GOF,0.0093099656690366,0.7202111669344218,0.27047886739654153
26005,GOF,0.004563001860207153,0.5030501484207945,0.49238684971899827
26006,GOF,0.1321221815211035,0.5471161046945902,0.3207617137843064
26007,GOF,0.0076081699656241316,0.5556486633150944,0.43674316671928143
26008,GOF,0.006196852833723107,0.6246970419474065,0.36910610521887044
26009,GOF,0.008845253819424862,0.6920876880067145,0.2990670581738606
26010,GOF,0.008451787204875542,0.6205164055234137,0.3710318072717107
26011,LOF,0.0037122861536614702,0.43895590823750363,0.5573318056088349
26012,GOF,0.004738610592100008,0.507915158748519,0.48734623065938104
26013,GOF,0.012361718587748816,0.5771091336212277,0.41052914779102345
26014,LOF,0.059652745481756586,0.12092419350229856,0.8194230610159449
26015,LOF,0.341952604464772,0.03012442862312772,0.6279229669121003
26016,LOF,0.3180321604067125,0.041976162651551824,0.6399916769417356
26017,LOF,0.01974971963464789,0.2203604342946792,0.7598898460706729
26018,LOF,0.024306571504389755,0.05705781105296142,0.9186356174426488
26019,LOF,0.024174366153381182,0.048256289141579006,0.9275693447050397
26020,LOF,0.009071331701809371,0.2042623008915878,0.7866663674066028
26021,LOF,0.08742856127825512,0.0738091241388025,0.8387623145829425
26022,LOF,0.037172922439030275,0.03322458887122026,0.9296024886897495
26023,LOF,0.025664722978869528,0.03923423020371956,0.935101046817411
26024,LOF,0.05533001880863725,0.06356075669224553,0.8811092244991171
26025,LOF,0.06863797898652922,0.0869645145790187,0.844397506434452
26026,LOF,0.10590636403165662,0.07153416259106213,0.8225594733772812
26027,LOF,0.024439296148922988,0.02869301528616929,0.9468676885649078
26028,LOF,0.12008741839327974,0.1515488256379363,0.7283637559687839
26029,LOF,0.017390976023318728,0.2101095541252096,0.7724994698514717
26030,LOF,0.16642851772253628,0.02374895822451951,0.8098225240529442
26031,LOF,0.009355236924065325,0.16906949143854338,0.8215752716373913
26032,LOF,0.04378569698779985,0.056369368439894804,0.8998449345723054
26033,LOF,0.0580255817302406,0.0501897726065082,0.8917846456632512
26034,LOF,0.01021797381504854,0.17240175671088312,0.8173802694740683
26035,LOF,0.011882436791954531,0.1148531369963517,0.8732644262116938
26036,LOF,0.010887787614051389,0.13054610587045326,0.8585661065154954
26037,LOF,0.009867564738902377,0.10875073423215312,0.8813817010289444
26038,LOF,0.037374923576578484,0.052856852888720454,0.909768223534701
26039,LOF,0.023164418413036528,0.1556872376474105,0.8211483439395529
26040,LOF,0.10031396394363169,0.12974330897089567,0.7699427270854726
26041,LOF,0.01288836873868188,0.09084091218412081,0.8962707190771972
26042,LOF,0.012051489827384208,0.10469943433410217,0.8832490758385138
26043,LOF,0.03684192668717062,0.07425190698397369,0.8889061663288557
26044,LOF,0.011781990860519018,0.056939771592223895,0.931278237547257
26045,LOF,0.07549912816007144,0.11542780015407418,0.8090730716858544
26046,LOF,0.031480131016555356,0.05429846151381133,0.9142214074696332
26047,LOF,0.05333292795799522,0.05376914882684147,0.8928979232151633
26048,LOF,0.05676483932013818,0.031558705728693855,0.9116764549511681
26049,Neutral,0.9453049162327657,0.007783497532200027,0.046911586235034435
26050,Neutral,0.91996936084574,0.008478599120874664,0.07155204003338535
26051,LOF,0.016823908276115525,0.11007716470442755,0.8730989270194568
26052,LOF,0.02797638536531271,0.12808424653681202,0.8439393680978752
26053,LOF,0.02657256137009931,0.15915674190435192,0.8142706967255487
26054,LOF,0.04906524695912684,0.025133602491436688,0.9258011505494365
26055,LOF,0.06671331331254249,0.023906952981656664,0.9093797337058008
26056,LOF,0.05520348063024333,0.027969675652194617,0.916826843717562
26057,LOF,0.05812724580014488,0.014673588989889087,0.927199165209966
26058,LOF,0.06124451117921257,0.01221338191463121,0.9265421069061561
26059,LOF,0.17931791060020671,0.029930789329362512,0.7907513000704307
26060,LOF,0.015938194092138588,0.1720972565161734,0.811964549391688
26061,LOF,0.01177695851928799,0.00913083423910879,0.9790922072416032
26062,LOF,0.0060493407394734515,0.0166776283659629,0.9772730308945636
26063,LOF,0.0367658836467406,0.011283106885216703,0.9519510094680427
26064,LOF,0.010074614740510092,0.027903975588049173,0.9620214096714407
26065,LOF,0.04415228593065152,0.013209281859424942,0.9426384322099236
26066,LOF,0.043552911642667294,0.010264843493824442,0.9461822448635082
26067,LOF,0.05305713824270037,0.010342185029161604,0.936600676728138
26068,LOF,0.05792688087761428,0.03676617691173285,0.9053069422106528
26069,LOF,0.1626389551267693,0.026321346779017415,0.8110396980942134
26070,LOF,0.3359933508395292,0.022247343984678702,0.6417593051757922
26071,LOF,0.04305952861887575,0.012264963984959246,0.944675507396165
26072,LOF,0.009678351598667471,0.019470634761794704,0.9708510136395377
26073,LOF,0.039412434278989696,0.014019114626514307,0.946568451094496
26074,Neutral,0.9120806254680011,0.008791908308922491,0.07912746622307656
26075,LOF,0.06215461149134986,0.018189002021805543,0.9196563864868446
26076,LOF,0.05694055790667043,0.01248738333742717,0.9305720587559024
26077,LOF,0.1475718362013563,0.006611585658979599,0.8458165781396642
26078,LOF,0.008053298112233149,0.015263985623830715,0.9766827162639361
26079,LOF,0.07088515628003905,0.018985862713970483,0.9101289810059905
26080,LOF,0.0702438351816664,0.018992913788291894,0.9107632510300417
26081,LOF,0.03489297302709347,0.009314942127809308,0.9557920848450971
26082,LOF,0.007216853851191782,0.015783513342263113,0.9769996328065451
26083,LOF,0.10128940861390395,0.019639005957804,0.8790715854282921
26084,LOF,0.10364594516731764,0.015017462149783558,0.8813365926828988
26085,LOF,0.09477789583869833,0.013004744499293496,0.8922173596620081
26086,LOF,0.040690394820431096,0.012359291301785775,0.9469503138777832
26087,LOF,0.03771842212861394,0.01043494404119826,0.9518466338301877
26088,LOF,0.00785056477406076,0.021195385380577546,0.9709540498453616
26089,LOF,0.045441291700728435,0.030640341680714323,0.9239183666185572
26090,LOF,0.04653568924878201,0.02336047263234769,0.9301038381188703
26091,LOF,0.03178568333839505,0.007635589544453775,0.9605787271171512
26092,LOF,0.044312235955799674,0.008694296702637286,0.9469934673415631
26093,LOF,0.08296908091162021,0.005801956412729676,0.9112289626756501
26094,LOF,0.03653518274881465,0.007540262835251286,0.9559245544159342
26095,LOF,0.03710773039654469,0.016283372735286267,0.9466088968681691
26096,LOF,0.1918469502727381,0.005012165744175347,0.8031408839830866
26097,LOF,0.0075155939224365925,0.03125750788788189,0.9612268981896815
26098,LOF,0.0787758503563934,0.016230201224915117,0.9049939484186914
26099,LOF,0.04609181491136384,0.016624622468432066,0.9372835626202042
26100,LOF,0.04609181491136384,0.016624622468432066,0.9372835626202042
26101,LOF,0.06030346987734278,0.029735252955355337,0.9099612771673018
26102,LOF,0.03524422361693913,0.01605101639044711,0.9487047599926138
26103,Neutral,0.8823696378887117,0.025242449966735393,0.09238791214455284
26104,LOF,0.06335002636498266,0.03638736114479554,0.9002626124902218
26105,LOF,0.25256645970523633,0.15023997156846258,0.5971935687263011
26106,LOF,0.3006603438448487,0.10565315143136042,0.5936865047237909
26107,LOF,0.0223474860382147,0.09858445002599661,0.8790680639357886
26108,LOF,0.29033153520632404,0.04263608274378618,0.6670323820498898
26109,LOF,0.08679959807278294,0.03909552627551977,0.8741048756516973
26110,LOF,0.4366632846146955,0.008734911471336631,0.554601803913968
26111,LOF,0.05763285552352221,0.13201125582538772,0.81035588865109
26112,LOF,0.05503798326562944,0.008020576029344853,0.9369414407050256
26113,LOF,0.10544360164761829,0.021828136332402916,0.8727282620199788
26114,LOF,0.09193667168852832,0.009271577517238328,0.8987917507942333
26115,LOF,0.015548476423350575,0.04840181624940124,0.9360497073272481
26116,LOF,0.07121493841333419,0.018232841196738323,0.9105522203899274
26117,LOF,0.37561426205214016,0.029540263785725066,0.5948454741621347
26118,LOF,0.04890660992264292,0.015849418117128637,0.9352439719602285
26119,LOF,0.005899812031211221,0.03516088161974171,0.958939306349047
26120,LOF,0.036111369347969095,0.01475529077274681,0.9491333398792842
26121,LOF,0.004339606192115798,0.10874398834300432,0.8869164054648798
