feature0,prediction,LoGoFunc_Neutral,LoGoFunc_GOF,LoGoFunc_LOF
25546,Neutral,0.7709333740770198,0.027746976434079893,0.2013196494889005
25547,Neutral,0.613520556915382,0.058509036911265744,0.3279704061733524
25548,Neutral,0.6015538423515723,0.048122738854880255,0.35032341879354745
25549,Neutral,0.509742945144461,0.05011474469317447,0.4401423101623646
25550,LOF,0.3405901161829625,0.10853567559918251,0.5508742082178549
25551,LOF,0.2858422700172401,0.12253113956802264,0.5916265904147372
25552,LOF,0.18415980367174822,0.12506870090664277,0.690771495421609
25553,Neutral,0.8268445628508805,0.031991985085160886,0.14116345206395872
25554,LOF,0.23328592663131154,0.12009128362038984,0.6466227897482986
25555,LOF,0.18355614011058563,0.09659958489685078,0.7198442749925636
25556,LOF,0.40175263161724856,0.10344636101658973,0.4948010073661619
25557,LOF,0.1753265133214703,0.11210326023283028,0.7125702264456993
25558,LOF,0.22668002728325495,0.12450827801838794,0.6488116946983571
25559,LOF,0.4063161090892693,0.056251648992731704,0.537432241917999
25560,LOF,0.0640180366154949,0.17925628659199938,0.7567256767925057
25561,LOF,0.10869306479664821,0.19678811856708725,0.6945188166362646
25562,LOF,0.10844958117300388,0.08873044019595544,0.8028199786310406
25563,LOF,0.11221610371222647,0.0968466697049842,0.7909372265827894
25564,LOF,0.1612439544986605,0.17927094927931017,0.6594850962220293
25565,LOF,0.1322964725107411,0.16579698018365943,0.7019065473055995
25566,GOF,0.0145309833558631,0.7150478608931188,0.2704211557510181
25567,LOF,0.012940319261932006,0.12757679572457006,0.8594828850134979
25568,LOF,0.047182215098649456,0.05870027413510448,0.894117510766246
25569,LOF,0.059965866605988016,0.056191838143572655,0.8838422952504393
25570,LOF,0.06821340801447277,0.09579190614302241,0.8359946858425048
25571,LOF,0.06265416413769888,0.08532886482358339,0.8520169710387178
25572,LOF,0.062096760092882834,0.12676277559732052,0.8111404643097966
25573,LOF,0.028885430505694462,0.08503590983291127,0.8860786596613943
25574,LOF,0.017354503652351215,0.14031939086476566,0.8423261054828832
25575,LOF,0.04992544274273009,0.09598147975109828,0.8540930775061716
25576,LOF,0.01925345092181534,0.10946183671066166,0.8712847123675231
25577,LOF,0.015811753067101714,0.13712718186954362,0.8470610650633547
25578,LOF,0.2362152368541059,0.07603967877303329,0.6877450843728609
25579,LOF,0.23732161382338055,0.07538419422936829,0.687294191947251
25580,LOF,0.03658149587359867,0.080483868113869,0.8829346360125323
25581,LOF,0.048982897295909586,0.06295892254256381,0.8880581801615267
25582,LOF,0.04901409238919242,0.05984152071548346,0.891144386895324
25583,LOF,0.043678672877704515,0.08466247593104274,0.8716588511912527
25584,Neutral,0.4764053040524675,0.07828521740384396,0.4453094785436886
25585,LOF,0.03537498952454608,0.09934275023615942,0.8652822602392946
25586,LOF,0.04125695870967089,0.0740127013089464,0.8847303399813826
25587,LOF,0.03732982368566824,0.0724019226223385,0.8902682536919932
25588,LOF,0.03709864408835966,0.09541869357529283,0.8674826623363475
25589,Neutral,0.6238182853407443,0.0973908816747135,0.27879083298454227
25590,LOF,0.030303448617535863,0.12678065055357512,0.842915900828889
25591,LOF,0.11272859389640484,0.04716454579804721,0.8401068603055479
25592,LOF,0.10303688409531689,0.1327172417885373,0.7642458741161456
25593,LOF,0.017045646312553037,0.24018788170710692,0.7427664719803402
25594,LOF,0.037443953406624035,0.1992220379939428,0.7633340085994331
25595,LOF,0.055630775223422524,0.1595694273097913,0.7847997974667863
25596,LOF,0.06168403805553378,0.09555501955812472,0.8427609423863416
25597,LOF,0.06548397930549833,0.0844614190781151,0.8500546016163865
25598,LOF,0.04684286238901686,0.19520085373025678,0.7579562838807263
25599,GOF,0.007218947718944047,0.7083618001778137,0.28441925210324226
25600,GOF,0.008898568360236671,0.5726413603260514,0.41846007131371193
25601,LOF,0.007010903481274457,0.44136856464250657,0.5516205318762188
25602,LOF,0.02005100514050853,0.056577479014732576,0.9233715158447589
25603,LOF,0.03518472215203529,0.031212217703389975,0.9336030601445748
25604,LOF,0.047924528141980643,0.061212206442388666,0.8908632654156307
25605,LOF,0.009783705829982902,0.2809429440306021,0.7092733501394151
25606,LOF,0.0662710538442433,0.44362053753503367,0.4901084086207229
25607,LOF,0.0040226344249765,0.1639690375913689,0.8320083279836545
25608,LOF,0.06145966480239123,0.05625968067205175,0.882280654525557
25609,LOF,0.05664744325111483,0.38497136614981986,0.5583811905990652
25610,LOF,0.051713294045552236,0.033669508983114306,0.9146171969713334
25611,LOF,0.06376499757290553,0.026914282416668305,0.9093207200104263
25612,LOF,0.13093018707542287,0.05324984929796213,0.815819963626615
25613,LOF,0.10864254150198786,0.04423358173684333,0.8471238767611687
25614,LOF,0.04440248874677,0.036065971794109246,0.9195315394591208
25615,LOF,0.06663773975704473,0.038466390655268204,0.8948958695876872
25616,LOF,0.043183921226850636,0.03870011025089363,0.9181159685222557
25617,LOF,0.04229561889777787,0.03960739335355053,0.9180969877486717
25618,LOF,0.25441813537347663,0.03445860314108908,0.7111232614854344
25619,LOF,0.04042306203174685,0.0351257092674156,0.9244512287008375
25620,LOF,0.047414876930549875,0.045483604406159214,0.9071015186632909
25621,LOF,0.044526662708228804,0.028684458151101162,0.92678887914067
25622,LOF,0.0376940956353219,0.04683649586399628,0.9154694085006818
25623,LOF,0.07309276983739965,0.033273267788367894,0.8936339623742323
25624,LOF,0.03563311231772193,0.04428768978572927,0.9200791978965487
25625,LOF,0.043258323422207236,0.0510172336702276,0.9057244429075653
25626,LOF,0.09311232702351614,0.03534168848290142,0.8715459844935826
25627,Neutral,0.5720901982895216,0.09777353848465742,0.33013626322582107
25628,LOF,0.2164561106686765,0.04742698907738743,0.7361169002539361
25629,LOF,0.083927954138011,0.12837745543868354,0.7876945904233054
25630,LOF,0.21113087596746016,0.08556456473133005,0.7033045593012098
25631,Neutral,0.6123003354549329,0.054999121051744544,0.3327005434933226
25632,LOF,0.023440853296168962,0.08100799007168721,0.8955511566321438
25633,LOF,0.23317326767474544,0.08622082776256387,0.6806059045626907
25634,LOF,0.03647067981744793,0.10051902855724944,0.8630102916253027
25635,LOF,0.03708436043523922,0.07815713874900523,0.8847585008157556
25636,GOF,0.007067563629667053,0.6714835517551495,0.32144888461518334
25637,GOF,0.004944185242116773,0.5496765382601083,0.44537927649777487
25638,LOF,0.009995694868368168,0.4582510945391095,0.5317532105925223
25639,LOF,0.005086016757965508,0.4648559636500621,0.5300580195919724
25640,GOF,0.3662584333402644,0.5925083465917899,0.04123322006794569
25641,LOF,0.00603841812455207,0.32909229506687715,0.6648692868085707
25642,LOF,0.2747031051899794,0.09184830537111917,0.6334485894389015
25643,LOF,0.21049178362423496,0.32228958308424854,0.4672186332915166
25644,GOF,0.027628857742370144,0.6774440507181078,0.294927091539522
25645,GOF,0.02095587127251051,0.6290120432820894,0.35003208544540004
25646,LOF,0.023181775181381998,0.43798593227206695,0.538832292546551
25647,LOF,0.018653288799763065,0.3351256735309235,0.6462210376693134
25648,LOF,0.015459174056116869,0.3881155005369156,0.5964253254069675
25649,LOF,0.014720781420455268,0.2684045007100656,0.7168747178694792
25650,GOF,0.03768573622129148,0.664682149771988,0.29763211400672046
25651,LOF,0.012257653499962103,0.31382464628197304,0.6739177002180649
25652,LOF,0.0225250581582971,0.3678562757595799,0.609618666082123
25653,GOF,0.09437059688399561,0.6021451302797144,0.30348427283629004
25654,LOF,0.014939734465548558,0.4029911297216361,0.5820691358128153
25655,GOF,0.13140012788112965,0.5237325443647267,0.3448673277541437
25656,LOF,0.05820830627898237,0.08697106981876594,0.8548206239022518
25657,LOF,0.29370183778044623,0.03830390262821206,0.6679942595913417
25658,LOF,0.03238083306780518,0.17031364398616178,0.797305522946033
25659,LOF,0.19868789499341724,0.08126193522150475,0.720050169785078
25660,LOF,0.10609928051023111,0.10538440082470892,0.78851631866506
25661,LOF,0.08692391654262602,0.0725714186621311,0.840504664795243
25662,LOF,0.03644993286728874,0.051333439356434064,0.9122166277762772
25663,LOF,0.045147030281704595,0.0912122375102982,0.8636407322079972
25664,LOF,0.033159072657517615,0.14521098325091641,0.821629944091566
25665,LOF,0.045657546475739934,0.06426803424842603,0.8900744192758341
25666,LOF,0.045033988817278214,0.16956363695453475,0.7854023742281872
25667,LOF,0.03704124595812114,0.07492194498247917,0.8880368090593997
25668,LOF,0.050270003944153416,0.05960049268599598,0.8901295033698506
25669,LOF,0.056690096176138995,0.09826030363669497,0.8450496001871659
25670,LOF,0.12437434482886132,0.10467440791099877,0.77095124726014
25671,LOF,0.04576521684791918,0.05651964018535782,0.8977151429667231
25672,LOF,0.04506418469215659,0.08014055496576182,0.8747952603420815
25673,LOF,0.03842685482198931,0.08386523960433538,0.8777079055736754
25674,LOF,0.0280396783806166,0.0989554095561082,0.8730049120632751
25675,LOF,0.04002386781596895,0.08840774050497331,0.8715683916790578
25676,LOF,0.03492524894696518,0.07305663702199407,0.8920181140310407
25677,LOF,0.09218581827213058,0.060246227710855096,0.8475679540170143
25678,LOF,0.16255914781124373,0.04915838910711025,0.788282463081646
25679,LOF,0.11617006689491326,0.06935551164828355,0.8144744214568032
25680,LOF,0.09130899879861974,0.0923111712827658,0.8163798299186146
25681,LOF,0.11332303458394316,0.08190040348984898,0.804776561926208
25682,LOF,0.056857460208129776,0.070718781777072,0.8724237580147983
25683,LOF,0.07389579519364933,0.09809642126193414,0.8280077835444164
25684,LOF,0.06798654215055064,0.08798943384838792,0.8440240240010615
25685,LOF,0.10672313888023456,0.05182575789401934,0.841451103225746
25686,LOF,0.03582981937025195,0.11573371812918527,0.8484364625005628
25687,LOF,0.05823936804927989,0.10881327400776243,0.8329473579429577
25688,LOF,0.016843571450682864,0.08053782539894543,0.9026186031503717
25689,LOF,0.014330790633038664,0.0454049681947986,0.9402642411721627
25690,LOF,0.014473165955267512,0.05789573541667307,0.9276310986280594
25691,LOF,0.12503478653499248,0.09095988305506386,0.7840053304099436
25692,LOF,0.19033310161322145,0.011279779689243109,0.7983871186975354
25693,LOF,0.04462036358741443,0.1573163128712557,0.79806332354133
25694,LOF,0.2762546844015161,0.012173593597297227,0.7115717220011866
25695,LOF,0.2175222523034353,0.01997234162354807,0.7625054060730166
25696,LOF,0.15766915568366735,0.015831556095002412,0.8264992882213302
25697,LOF,0.11308156429745637,0.04018877944239041,0.8467296562601533
25698,LOF,0.021465444473032995,0.3165940210190669,0.6619405345079
25699,LOF,0.09538176505615512,0.09582932599587567,0.8087889089479692
25700,LOF,0.03365624564943801,0.017839947891534362,0.9485038064590278
25701,LOF,0.016661988542915448,0.1077191896511554,0.8756188218059292
25702,GOF,0.021195714015420242,0.7484611785647739,0.23034310741980582
25703,LOF,0.016463351600173412,0.2172411776376983,0.7662954707621282
25704,LOF,0.09834536694286714,0.2071968388687339,0.6944577941883989
25705,LOF,0.08374048000960199,0.2977196466045692,0.6185398733858288
25706,GOF,0.020396832153111843,0.6947960832007205,0.28480708464616766
25707,GOF,0.02754009744894413,0.6669192974787028,0.30554060507235314
25708,GOF,0.010162517913813267,0.6447294465677639,0.3451080355184228
25709,LOF,0.028002131094039952,0.10175397769501744,0.8702438912109427
25710,LOF,0.005469507588806262,0.2800043591030953,0.7145261333080986
25711,LOF,0.02880872609015791,0.16587850489201736,0.8053127690178247
25712,LOF,0.007273764921420067,0.3253585230268108,0.6673677120517691
25713,LOF,0.024797265014469643,0.14385667206765138,0.8313460629178789
25714,LOF,0.02705923677689789,0.1867991554249446,0.7861416077981576
25715,LOF,0.029503078509686222,0.1616999051814397,0.808797016308874
25716,LOF,0.008611518056081933,0.21443566321640636,0.7769528187275118
25717,LOF,0.006195039144603895,0.21180221398148594,0.7820027468739101
25718,LOF,0.028068405718664056,0.11922225314463132,0.8527093411367047
25719,LOF,0.035224166594817884,0.16229790858497203,0.8024779248202102
25720,LOF,0.038968612010083135,0.14286190656056388,0.818169481429353
25721,LOF,0.03123856280416943,0.13165570521926026,0.8371057319765703
25722,LOF,0.020742251663532323,0.18033544875822385,0.7989222995782438
25723,LOF,0.029294591104524325,0.13708245495078072,0.833622953944695
25724,LOF,0.028219997769581315,0.2349312960401162,0.7368487061903026
25725,LOF,0.03012458558032587,0.12370507970579367,0.8461703347138804
25726,LOF,0.021013856722170682,0.1634979214725603,0.8154882218052691
25727,LOF,0.027404794466834033,0.1715092219220149,0.801085983611151
25728,LOF,0.02560210475190009,0.15891788398061787,0.8154800112674819
25729,LOF,0.025282307172818555,0.1859175767109826,0.7888001161161989
25730,LOF,0.030731759188479098,0.12695816766631818,0.8423100731452028
25731,LOF,0.010207927748627053,0.25862817454986237,0.7311638977015107
25732,LOF,0.022519617657812525,0.13417088812117647,0.8433094942210111
25733,LOF,0.038611666402545354,0.1258867228181732,0.8355016107792815
25734,LOF,0.006887890099711774,0.35913621031046883,0.6339758995898195
25735,LOF,0.026278886151558732,0.1082619924478514,0.8654591214005898
25736,LOF,0.02413046481001446,0.180499483480218,0.7953700517097676
25737,LOF,0.053884557464327056,0.17102120883166827,0.7750942337040047
25738,LOF,0.025457208800421807,0.19864398199813407,0.7758988092014442
25739,LOF,0.030980451427579162,0.14438220683979727,0.8246373417326235
25740,LOF,0.032082680986521527,0.1582370330396465,0.8096802859738319
25741,LOF,0.0362144871735939,0.1471799281136532,0.8166055847127529
25742,LOF,0.050317185800286233,0.1527251242449987,0.796957689954715
25743,LOF,0.011504296750311928,0.02458965060347578,0.9639060526462123
25744,LOF,0.20347840032294826,0.24248227034306152,0.5540393293339901
25745,LOF,0.039279849960489326,0.05560064397278391,0.9051195060667268
25746,LOF,0.01587987583269243,0.0691472481353422,0.9149728760319653
25747,LOF,0.03800915619249152,0.02207072595378841,0.93992011785372
25748,LOF,0.2810296854277841,0.03985754676518564,0.6791127678070302
25749,LOF,0.01594692377564509,0.04699130788154518,0.9370617683428096
25750,LOF,0.021938704001135775,0.046677209027395465,0.9313840869714687
25751,LOF,0.03768862213762896,0.040741040128805014,0.9215703377335661
25752,GOF,0.06793521914087121,0.739553799862368,0.19251098099676076
25753,LOF,0.006881405023586495,0.4414489190540945,0.551669675922319
25754,GOF,0.007392819538595518,0.8907312693195372,0.10187591114186723
25755,LOF,0.006583165769897487,0.4957072100741512,0.49770962415595127
25756,LOF,0.02556550525381117,0.4725813788671097,0.5018531158790791
25757,GOF,0.0075317078781083294,0.8749769507072791,0.11749134141461236
25758,GOF,0.008402446287639686,0.9002987358562926,0.09129881785606772
25759,GOF,0.005811173430420297,0.6904776307098688,0.30371119585971085
25760,LOF,0.006119084345467016,0.3579242779981135,0.6359566376564195
25761,GOF,0.040523746358745755,0.8779726224733703,0.08150363116788391
25762,LOF,0.029141022055664913,0.4165169279164364,0.5543420500278987
25763,LOF,0.005885899618043604,0.3277185256550284,0.666395574726928
25764,GOF,0.050918313156749315,0.7061722482691494,0.24290943857410144
25765,GOF,0.0075574906595684745,0.8928120914285052,0.0996304179119263
25766,GOF,0.041105167081476664,0.8469110668713556,0.11198376604716762
25767,GOF,0.020110174784501136,0.5287732515545688,0.45111657366093
25768,LOF,0.05116958252992885,0.04850880915026056,0.9003216083198107
25769,LOF,0.03961227812686239,0.08144053705729594,0.8789471848158416
25770,LOF,0.20102870459421707,0.07904758381736558,0.7199237115884174
25771,LOF,0.020767774224752258,0.0719353948758006,0.9072968308994471
25772,LOF,0.031263355190612935,0.030430478623977273,0.9383061661854097
25773,LOF,0.02017549419834061,0.08025919749723576,0.8995653083044237
25774,LOF,0.028595129449179555,0.14070839575439612,0.8306964747964243
25775,LOF,0.022868391022018448,0.042219917846136636,0.9349116911318448
25776,LOF,0.02959401174132422,0.023158478119837258,0.9472475101388386
25777,LOF,0.2977822317202168,0.09329495219701044,0.6089228160827728
25778,LOF,0.027377667306794622,0.049623890393977306,0.922998442299228
25779,GOF,0.07892592767998033,0.848919595775801,0.07215447654421864
25780,GOF,0.10044786694537568,0.8390597776762796,0.06049235537834473
25781,GOF,0.0416419722717595,0.8280586646167608,0.13029936311147963
25782,GOF,0.04799024094176925,0.873650281011028,0.07835947804720263
25783,GOF,0.039267612336169426,0.9044121888228058,0.05632019884102472
25784,GOF,0.14136439573609716,0.8158418388938338,0.04279376537006908
25785,GOF,0.16392985295268397,0.794363607302941,0.04170653974437512
25786,GOF,0.012696655112676123,0.8544696771116052,0.13283366777571878
25787,GOF,0.29887319196901563,0.6564204489614003,0.0447063590695841
25788,LOF,0.018390400545250735,0.15613288533366823,0.8254767141210811
25789,GOF,0.023351831122269587,0.8296972618514272,0.14695090702630315
25790,GOF,0.03956665298069431,0.8540505320076885,0.10638281501161724
25791,GOF,0.03792374385457134,0.7010440118982204,0.26103224424720833
25792,GOF,0.04354844993714573,0.7493931134240237,0.2070584366388306
25793,GOF,0.06710915799487643,0.7888854276196983,0.14400541438542527
25794,GOF,0.07483009246307099,0.6891800706694966,0.23598983686743233
25795,GOF,0.06786516642733709,0.702924353730322,0.22921047984234097
25796,GOF,0.1532705037627368,0.7544784430650626,0.09225105317220055
25797,GOF,0.1143923669021448,0.6949631094210119,0.19064452367684323
25798,GOF,0.008328051936388572,0.7614006368328067,0.23027131123080483
25799,GOF,0.005410487479543028,0.6512693329174071,0.3433201796030498
25800,GOF,0.033455297240425626,0.809749621937523,0.15679508082205154
25801,GOF,0.02802194252536655,0.8751465678419129,0.09683148963272063
25802,GOF,0.03570288977540141,0.7583856070274264,0.20591150319717222
25803,GOF,0.026159113299286073,0.681396970638543,0.29244391606217096
25804,GOF,0.04377808026529375,0.741501471088173,0.21472044864653336
25805,GOF,0.04105851461194639,0.7648165891108093,0.19412489627724433
25806,GOF,0.05457116188285957,0.7709160474756185,0.17451279064152198
25807,GOF,0.016780670436052438,0.7207800579357325,0.262439271628215
25808,GOF,0.03186466047454003,0.7174688758440655,0.25066646368139456
25809,GOF,0.015227351543598854,0.664066894713024,0.3207057537433771
25810,GOF,0.013186764810673835,0.6522261455592395,0.3345870896300865
25811,GOF,0.0637845004469911,0.8362837164557726,0.0999317830972362
25812,GOF,0.03681384538221497,0.7364036206640935,0.2267825339536915
25813,GOF,0.1970567394635958,0.715030138849383,0.08791312168702124
25814,GOF,0.039226125483277856,0.7376316958784446,0.2231421786382777
25815,GOF,0.06974136476885336,0.7937881241279816,0.13647051110316502
25816,GOF,0.010634844891401497,0.8399852068817396,0.14937994822685902
25817,GOF,0.13908982708356799,0.7385416884421969,0.12236848447423516
25818,GOF,0.03508859499858717,0.7494618918618072,0.21544951313960553
25819,GOF,0.06396018893469799,0.7477604200719513,0.18827939099335078
25820,GOF,0.06193085845273675,0.7007879792641445,0.23728116228311888
25821,GOF,0.04123481522172673,0.7497075532411382,0.2090576315371349
25822,GOF,0.07619384600920696,0.6992557921049455,0.22455036188584768
25823,GOF,0.0319162826450366,0.6745830090991466,0.29350070825581687
25824,GOF,0.03522334198162675,0.7305858828751426,0.23419077514323058
25825,GOF,0.026712882633454105,0.7206770534023877,0.25261006396415825
25826,GOF,0.011963768575689322,0.6731203499884263,0.3149158814358845
25827,GOF,0.018537968376999277,0.6664018427377499,0.31506018888525067
25828,GOF,0.014361076605095441,0.7092343630219307,0.2764045603729739
25829,GOF,0.004945943631594214,0.6266891422625065,0.36836491410589933
25830,GOF,0.04144580424172897,0.49659689617909886,0.46195729957917225
25831,GOF,0.06909455118761497,0.7833384181805082,0.14756703063187682
25832,GOF,0.012950761391488014,0.7079485828432233,0.2791006557652887
25833,GOF,0.04801599197114985,0.777647886977217,0.17433612105163326
25834,GOF,0.013277502709686605,0.7272306598440728,0.2594918374462406
25835,GOF,0.0302622562096694,0.7924175070049937,0.17732023678533687
25836,GOF,0.008779293349352067,0.7153524290127687,0.27586827763787913
25837,GOF,0.01170340974453627,0.7289247550741207,0.2593718351813431
25838,GOF,0.02838958327367328,0.8010106427324671,0.1705997739938596
25839,GOF,0.08385163629032989,0.7496726119547222,0.16647575175494772
25840,GOF,0.11394905730333886,0.708528168170825,0.17752277452583606
25841,GOF,0.10936366168691912,0.7554512587031212,0.13518507960995965
25842,GOF,0.037481372509423835,0.8420969998728387,0.12042162761773739
25843,GOF,0.03901399616341041,0.8493409472596255,0.1116450565769642
25844,GOF,0.02936879052044995,0.7763685664028966,0.19426264307665347
25845,GOF,0.008240039274100957,0.6702804305881552,0.32147953013774383
25846,GOF,0.08364731099283558,0.8077115057443329,0.10864118326283154
25847,GOF,0.01742785942392002,0.8512332617156486,0.13133887886043144
25848,GOF,0.030545747263486467,0.7980786230498872,0.17137562968662634
25849,GOF,0.009422764683194683,0.7679769154082238,0.22260031990858145
25850,GOF,0.00821673644985096,0.6931570807019334,0.2986261828482157
25851,GOF,0.007853458708130359,0.6389459274448709,0.3532006138469988
25852,GOF,0.16525048226315253,0.5263141177732542,0.30843539996359326
25853,GOF,0.07269204396268163,0.7560319837929799,0.17127597224433852
25854,GOF,0.007319635142462716,0.6611108252409599,0.3315695396165775
25855,GOF,0.027538778283922552,0.6487422784477362,0.32371894326834133
25856,GOF,0.056903502179780886,0.7198064548127044,0.22329004300751473
25857,GOF,0.02880711963125391,0.651205130890374,0.319987749478372
25858,GOF,0.010735115045651684,0.5966380494587985,0.39262683549554983
25859,GOF,0.007809653484604061,0.5661295928597089,0.4260607536556871
25860,GOF,0.09598439114011195,0.7452729783862969,0.15874263047359122
25861,GOF,0.10361537635386663,0.7667388212797227,0.12964580236641074
25862,GOF,0.030638662285468993,0.8623374180394621,0.10702391967506898
25863,GOF,0.02806417573625745,0.8471047081328384,0.12483111613090424
25864,GOF,0.06946917514932349,0.8437529313628002,0.08677789348787628
25865,GOF,0.05888594025532908,0.82073558696662,0.12037847277805096
25866,GOF,0.027990884587876016,0.8298231587268363,0.14218595668528772
25867,GOF,0.04307224673276698,0.8330556554875369,0.12387209777969617
25868,GOF,0.08638984477543772,0.7211371688863911,0.1924729863381711
25869,GOF,0.3922861544710038,0.49771714610572426,0.10999669942327193
25870,GOF,0.07570287511176327,0.5152854278881912,0.4090116970000455
25871,GOF,0.011242633601687846,0.8020650311642594,0.18669233523405274
25872,GOF,0.02797991566975854,0.8042828373579727,0.1677372469722689
25873,GOF,0.023872160945241066,0.8563333896261255,0.11979444942863343
25874,LOF,0.018713380377613803,0.1968113780303821,0.7844752415920041
25875,LOF,0.025730363230725077,0.11572819511350135,0.8585414416557735
25876,LOF,0.020014454012362744,0.06343618597154538,0.916549360016092
25877,LOF,0.09716033561656989,0.23103923602289653,0.6718004283605336
25878,LOF,0.06225824465024543,0.27797063307641645,0.6597711222733381
25879,LOF,0.01084505943682335,0.20279901827168317,0.7863559222914935
25880,LOF,0.05904256311431849,0.020078792891696628,0.9208786439939849
25881,Neutral,0.5716089690968601,0.08702348424198537,0.3413675466611546
25882,LOF,0.07396955603782797,0.02205702865530043,0.9039734153068716
25883,LOF,0.03124302375786481,0.02562995187654285,0.9431270243655923
25884,LOF,0.02393939292223586,0.0363547177736456,0.9397058893041185
25885,LOF,0.195158541173597,0.011884585974165654,0.7929568728522374
25886,LOF,0.2521323367265433,0.05272595162682721,0.6951417116466294
25887,LOF,0.09203124177166859,0.1388534074787701,0.7691153507495613
25888,LOF,0.009024732507184618,0.17804392651301204,0.8129313409798032
25889,LOF,0.031157411743999656,0.032557290629569614,0.9362852976264308
25890,LOF,0.20464558731074584,0.07530507362690159,0.7200493390623526
25891,LOF,0.10660254025909162,0.03489263031824826,0.85850482942266
25892,LOF,0.008739873863386545,0.02873154951666065,0.9625285766199528
25893,LOF,0.33749452629920645,0.009491199762978731,0.653014273937815
25894,LOF,0.3523830922329567,0.0071321782216111854,0.6404847295454321
25895,LOF,0.29221697213983333,0.011743793049647643,0.696039234810519
25896,LOF,0.09049798117625367,0.026051589318620155,0.8834504295051261
25897,LOF,0.14131407252534617,0.010255422229393919,0.84843050524526
25898,LOF,0.12023899762798605,0.027375377987068714,0.8523856243849453
25899,LOF,0.43739585864897745,0.029231783103438432,0.5333723582475841
25900,Neutral,0.6724624324432313,0.012048238219453222,0.31548932933731544
25901,LOF,0.11975491338908746,0.012182172982602471,0.8680629136283101
25902,LOF,0.12051572674106611,0.013516341878161756,0.8659679313807721
25903,LOF,0.22003762090306347,0.024485963373313678,0.7554764157236229
25904,Neutral,0.5681682897916607,0.03701284912326199,0.3948188610850774
25905,LOF,0.007657282484893174,0.38883238073428095,0.6035103367808259
25906,LOF,0.009446749315830581,0.06776089967432854,0.9227923510098409
25907,LOF,0.009361242258776735,0.23632307394049024,0.7543156838007329
25908,LOF,0.00935757838775055,0.2389316662518166,0.7517107553604327
25909,LOF,0.03064993329960221,0.09598370079263738,0.8733663659077605
25910,LOF,0.013822004282892975,0.13948569214851522,0.8466923035685918
25911,LOF,0.18232880070976498,0.026950667513756837,0.7907205317764783
25912,LOF,0.10577340783180855,0.022267734534484537,0.8719588576337068
25913,LOF,0.021323525255138698,0.030044297699721712,0.9486321770451396
25914,LOF,0.04409407265634543,0.026209652869143427,0.9296962744745112
25915,LOF,0.15945653144632335,0.18875507391161878,0.6517883946420578
25916,LOF,0.013101021244086844,0.09534975355599996,0.8915492251999131
25917,LOF,0.06789900057674571,0.0284291642624258,0.9036718351608285
25918,LOF,0.040849606068266,0.014189800450863115,0.9449605934808709
25919,LOF,0.03370225928277276,0.015441986837793013,0.9508557538794342
25920,LOF,0.34538449978847474,0.15630639411860547,0.49830910609291984
25921,LOF,0.02055179047533488,0.018973638041977596,0.9604745714826876
25922,LOF,0.020409556311796855,0.02147629543756681,0.9581141482506362
25923,LOF,0.45543410359519565,0.012257375382418846,0.5323085210223856
25924,LOF,0.030627731260859676,0.020553526516849593,0.9488187422222908
25925,LOF,0.1117579319733675,0.028301277915369908,0.8599407901112627
25926,LOF,0.09473865193458927,0.02134520712301413,0.8839161409423967
25927,LOF,0.02905930022074798,0.03859597674372237,0.9323447230355297
25928,LOF,0.015010350550876603,0.022564003595674655,0.9624256458534488
25929,Neutral,0.5954689301694789,0.012018734835307823,0.39251233499521326
25930,LOF,0.10382755151217403,0.012422656210601532,0.8837497922772245
25931,LOF,0.01708639501054724,0.01810915076543373,0.9648044542240191
25932,LOF,0.09999911320131515,0.013223895924304155,0.8867769908743807
25933,LOF,0.09945344108075468,0.008503198762108111,0.8920433601571373
25934,LOF,0.09998126317044087,0.007782211181333547,0.8922365256482256
25935,LOF,0.11560134253899287,0.023123462693106937,0.8612751947679002
25936,LOF,0.10387298724079734,0.0085532040823596,0.887573808676843
25937,LOF,0.026322224315841188,0.017805806405919947,0.9558719692782389
25938,LOF,0.11360739680794046,0.0208913981582581,0.8655012050338013
25939,LOF,0.0710550700507423,0.012156789770325893,0.9167881401789318
25940,GOF,0.010585664514797765,0.5483716627458762,0.44104267273932596
25941,LOF,0.468257779866069,0.050396220739669366,0.4813459993942617
25942,LOF,0.01215998514856281,0.052707799150546984,0.9351322157008902
25943,LOF,0.05407008196214801,0.18379124122026028,0.7621386768175917
25944,LOF,0.05659073298677279,0.09351710706497458,0.8498921599482526
25945,LOF,0.18371985027397925,0.029770409059611952,0.7865097406664088
25946,LOF,0.07969818725909561,0.043163461824577996,0.8771383509163263
25947,Neutral,0.4878100726492778,0.14103933148369144,0.3711505958670308
25948,LOF,0.3868418572258926,0.011418630701610791,0.6017395120724965
25949,LOF,0.1295727648670063,0.06527534694882925,0.8051518881841644
25950,GOF,0.12419153902436961,0.6346941085584324,0.2411143524171979
25951,LOF,0.012492421234391411,0.47944474355707783,0.5080628352085308
25952,LOF,0.16401033467748496,0.29250990655794834,0.5434797587645667
25953,LOF,0.007441648075901882,0.32054132829387855,0.6720170236302196
25954,GOF,0.08825056467035233,0.4568968770541558,0.454852558275492
25955,LOF,0.011508050029150065,0.2862840421134175,0.7022079078574325
25956,LOF,0.010868182795720372,0.37013253326365286,0.6189992839406268
25957,LOF,0.17006537408982939,0.04974017685455738,0.7801944490556133
25958,LOF,0.030039673812335327,0.06568252646030624,0.9042777997273584
25959,GOF,0.00685283701993696,0.7267199344162966,0.26642722856376655
25960,LOF,0.005236942924151744,0.13167338963037414,0.8630896674454741
25961,LOF,0.026194769367392824,0.05303164495730633,0.9207735856753009
25962,LOF,0.03468045242212522,0.09385539780673756,0.8714641497711372
25963,LOF,0.009957906944621203,0.1462903773542999,0.8437517157010789
25964,LOF,0.04661636505164183,0.11406064839676179,0.8393229865515964
25965,LOF,0.1725905396756001,0.166551084115989,0.6608583762084109
25966,LOF,0.31119825805080575,0.10824618800815562,0.5805555539410386
25967,LOF,0.006501044152782257,0.10844249412625331,0.8850564617209644
25968,LOF,0.050060307848367125,0.2643253805961709,0.6856143115554619
25969,LOF,0.14313145666942462,0.07473141477559396,0.7821371285549813
25970,LOF,0.06625736528377338,0.051340014861839124,0.8824026198543875
25971,LOF,0.0649813559963265,0.02779779840769174,0.9072208455959817
25972,LOF,0.0758238629851341,0.04297841952251883,0.8811977174923471
25973,LOF,0.058180129282755864,0.011083114026004821,0.9307367566912392
25974,LOF,0.05807517883364429,0.04461146823143221,0.8973133529349234
25975,LOF,0.03545961045151408,0.014111909740560856,0.950428479807925
25976,LOF,0.0885740845111112,0.01163171068680506,0.8997942048020838
25977,LOF,0.23378662899854952,0.05161768716232352,0.714595683839127
25978,LOF,0.16391644044614614,0.14955903275159765,0.6865245268022563
25979,LOF,0.1306530468195697,0.15950161903832089,0.7098453341421095
25980,LOF,0.21310277972390523,0.23842086722335767,0.548476353052737
25981,LOF,0.21453396205662909,0.24175608297362114,0.5437099549697498
25982,LOF,0.36409102397413134,0.11988660347997603,0.5160223725458927
25983,Neutral,0.4434477380347626,0.12409295497281606,0.4324593069924213
25984,LOF,0.06507027280321581,0.08907608517288496,0.8458536420238992
25985,Neutral,0.44430405881482676,0.13254403100207587,0.42315191018309745
25986,LOF,0.015624512184587304,0.41838587102590274,0.56598961678951
25987,LOF,0.04407720531404125,0.0949295402839753,0.8609932544019834
25988,LOF,0.06480328409297618,0.1767802941505739,0.7584164217564499
25989,LOF,0.07560008637505881,0.2085177868056254,0.7158821268193157
25990,LOF,0.060276634552104184,0.35408080683300963,0.5856425586148861
25991,GOF,0.026695852531287468,0.5330631910017479,0.4402409564669646
25992,LOF,0.012595838715626459,0.44139450520129975,0.5460096560830737
25993,LOF,0.018491683912632863,0.06518240096575091,0.9163259151216163
25994,LOF,0.02263328963510992,0.06864610662931495,0.9087206037355751
25995,LOF,0.017648933227466777,0.118249517976504,0.8641015487960293
25996,GOF,0.30840752865500154,0.419170434219582,0.2724220371254165
25997,GOF,0.05874055312293431,0.5112229172063635,0.4300365296707022
25998,LOF,0.24992292821083859,0.03568869255075729,0.714388379238404
25999,LOF,0.024043822622424403,0.33589103998345954,0.6400651373941161
26000,LOF,0.14166555123611385,0.012589155109884523,0.8457452936540016
26001,LOF,0.15452811933683547,0.02173215904604549,0.8237397216171191
26002,LOF,0.08728237006949775,0.023036750498856583,0.8896808794316456
26003,GOF,0.006359859526918902,0.5852983410915531,0.408341799381528
26004,GOF,0.017123617239843087,0.5723882060342956,0.41048817672586124
26005,LOF,0.005432676553819722,0.4735765169954412,0.5209908064507391
26006,GOF,0.11357521212720943,0.47433500991155864,0.41208977796123203
26007,LOF,0.010381549794088837,0.4749045090243104,0.5147139411816007
26008,GOF,0.007339613704799142,0.5604788789212996,0.4321815073739014
26009,GOF,0.012310094270399306,0.6051083916774844,0.3825815140521163
26010,GOF,0.011338281579270523,0.5240098186876759,0.4646518997330535
26011,LOF,0.0059484097157799605,0.41708428478745657,0.5769673054967636
26012,GOF,0.005685942436330263,0.5129659002730068,0.4813481572906629
26013,GOF,0.01264192561452988,0.5528274148952728,0.43453065949019737
26014,LOF,0.044522524631361846,0.0796129270802984,0.8758645482883398
26015,LOF,0.4219648223034724,0.021856342163739183,0.5561788355327885
26016,LOF,0.26178977710995766,0.027365917587293988,0.7108443053027483
26017,LOF,0.017178133541378645,0.12472074901179173,0.8581011174468296
26018,LOF,0.03363168709034826,0.0543087047964056,0.9120596081132462
26019,LOF,0.03266656668752431,0.04518205768272453,0.9221513756297512
26020,LOF,0.0065450517211180816,0.11542956823919694,0.878025380039685
26021,LOF,0.07581871464069642,0.0534970964986908,0.8706841888606128
26022,LOF,0.03881475454806733,0.02168369266738408,0.9395015527845485
26023,LOF,0.026520857668233963,0.03462448340028025,0.9388546589314858
26024,LOF,0.050518471461200094,0.04129207198819916,0.9081894565506007
26025,LOF,0.1340576071506336,0.043021360721033054,0.8229210321283332
26026,LOF,0.1167110233393471,0.03176897953890125,0.8515199971217516
26027,LOF,0.032579070815831196,0.02088461794298489,0.946536311241184
26028,LOF,0.06682642226240569,0.1838905844678024,0.749282993269792
26029,LOF,0.027326700978071296,0.19962405783177695,0.7730492411901517
26030,LOF,0.10723668098802792,0.02639096648535204,0.8663723525266199
26031,LOF,0.011801495129117759,0.16874245636559315,0.8194560485052891
26032,LOF,0.03427913299898259,0.04783482813724652,0.917886038863771
26033,LOF,0.038320317685525906,0.04777134407347244,0.9139083382410017
26034,LOF,0.01649982912264313,0.11645187367942196,0.867048297197935
26035,LOF,0.011285361485372765,0.1213969031245507,0.8673177353900765
26036,LOF,0.010597530705563648,0.09682774909938612,0.8925747201950504
26037,LOF,0.01023232932325193,0.10551036757537745,0.8842573031013706
26038,LOF,0.030161069932538153,0.04307105508857342,0.9267678749788884
26039,LOF,0.02669847076464996,0.1371136120573972,0.8361879171779527
26040,LOF,0.07846707542997376,0.13785037677672682,0.7836825477932995
26041,LOF,0.012539830521355412,0.10535133538314405,0.8821088340955006
26042,LOF,0.011448439971812626,0.11260581011411337,0.8759457499140739
26043,LOF,0.030961410795155284,0.07479568314725077,0.8942429060575939
26044,LOF,0.006987834405552382,0.061036035219737786,0.9319761303747099
26045,LOF,0.07960182426893665,0.20777969442303337,0.7126184813080301
26046,LOF,0.02693687650009686,0.049720038603791886,0.9233430848961114
26047,LOF,0.06377685028532105,0.04945880155073831,0.8867643481639406
26048,LOF,0.08894891620704438,0.02336332980950047,0.8876877539834551
26049,Neutral,0.9431488875825215,0.006908779184180083,0.04994233323329838
26050,Neutral,0.9090548287377834,0.007786263507008963,0.08315890775520748
26051,LOF,0.02712831045934278,0.3162381498771746,0.6566335396634827
26052,LOF,0.025189359575788516,0.22740347926896648,0.747407161155245
26053,LOF,0.019355456067238687,0.1978547903120621,0.7827897536206992
26054,LOF,0.05693338128267924,0.04984290657780567,0.8932237121395152
26055,LOF,0.0790159061791632,0.042906603845267344,0.8780774899755694
26056,LOF,0.06469340221736405,0.051810400904364076,0.8834961968782717
26057,LOF,0.06314325503231381,0.02893185389292905,0.907924891074757
26058,LOF,0.06901461349022625,0.02345190155061731,0.9075334849591564
26059,LOF,0.20870763911600562,0.060274776721908216,0.7310175841620862
26060,LOF,0.015188471002154286,0.22695077488335308,0.7578607541144927
26061,LOF,0.011775263070772146,0.015763314166057914,0.9724614227631698
26062,LOF,0.006555117681679733,0.024556349637814667,0.9688885326805056
26063,LOF,0.05424772786223773,0.017716105775108494,0.9280361663626537
26064,LOF,0.016184553139639637,0.022401762152571395,0.9614136847077891
26065,LOF,0.07332279948276389,0.024003770913414886,0.9026734296038212
26066,LOF,0.05964223657701928,0.018482449372944916,0.9218753140500358
26067,LOF,0.059079948573812935,0.01588719332977975,0.9250328580964072
26068,LOF,0.05486230003578071,0.04115762866314565,0.9039800713010737
26069,LOF,0.1812601107085105,0.03644111714941984,0.7822987721420696
26070,LOF,0.38954226364526395,0.02216044549818273,0.5882972908565532
26071,LOF,0.05431860969633298,0.020041384699563933,0.9256400056041031
26072,LOF,0.00721435152240291,0.02990557221400038,0.9628800762635967
26073,LOF,0.047391737370737916,0.020823176157591158,0.9317850864716709
26074,Neutral,0.6512713755487571,0.013910378230624661,0.33481824622061823
26075,LOF,0.04512283550009839,0.031398039058199205,0.9234791254417023
26076,LOF,0.046538278207601466,0.020361941359186442,0.9330997804332121
26077,LOF,0.1579501047522802,0.015652697405372715,0.826397197842347
26078,LOF,0.006561220240511811,0.03397555997374131,0.9594632197857468
26079,LOF,0.059451854885737176,0.03133838480698912,0.9092097603072737
26080,LOF,0.05814489222735949,0.03133260553997506,0.9105225022326655
26081,LOF,0.046204168276120144,0.015396328757601895,0.9383995029662779
26082,LOF,0.007312188843512371,0.028272755286771856,0.9644150558697157
26083,LOF,0.11076845809171694,0.032734802635084666,0.8564967392731984
26084,LOF,0.1251855319317138,0.02734309815146446,0.8474713699168218
26085,LOF,0.10841440736839077,0.023923012917868514,0.8676625797137406
26086,LOF,0.043197487479644296,0.02351723129341413,0.9332852812269415
26087,LOF,0.04606125490335309,0.023174162103064833,0.930764582993582
26088,LOF,0.0070642849993140765,0.055826009439813515,0.9371097055608724
26089,LOF,0.042926718362383154,0.046800735568845724,0.9102725460687711
26090,LOF,0.042079163603282684,0.041122009826242555,0.9167988265704747
26091,LOF,0.033792188171826464,0.0156051102596618,0.9506027015685117
26092,LOF,0.04661351573199363,0.015229970678094354,0.938156513589912
26093,LOF,0.06742934460156197,0.010034637100669987,0.9225360182977681
26094,LOF,0.039000376626061366,0.013628744352901212,0.9473708790210374
26095,LOF,0.011492624998351861,0.03410880152919899,0.9543985734724493
26096,LOF,0.23785562791931567,0.008054730295431247,0.7540896417852531
26097,LOF,0.006905686336345857,0.07259023251732238,0.9205040811463319
26098,LOF,0.0549647176657042,0.028842410320196632,0.9161928720140993
26099,LOF,0.04315386821037415,0.03473008232644618,0.9221160494631796
26100,LOF,0.04315386821037415,0.03473008232644618,0.9221160494631796
26101,LOF,0.04692709010141314,0.05964980557865699,0.8934231043199299
26102,LOF,0.04271673450308802,0.027542699273545225,0.9297405662233668
26103,Neutral,0.8937601818386166,0.03879201598657039,0.06744780217481289
26104,LOF,0.052249296912546865,0.0650268475453261,0.882723855542127
26105,LOF,0.2637078774169699,0.09667688686839777,0.6396152357146324
26106,LOF,0.2510477473438875,0.03795103790727033,0.7110012147488421
26107,LOF,0.01574140131237663,0.06518858268741239,0.9190700160002109
26108,LOF,0.16884258526546272,0.0530239613303715,0.7781334534041657
26109,LOF,0.05707643808046152,0.05236379062048402,0.8905597712990545
26110,LOF,0.4342938959681595,0.010217295289117809,0.5554888087427227
26111,LOF,0.07050244660294333,0.06151117516234042,0.8679863782347162
26112,LOF,0.06505938340146976,0.010604682786114442,0.9243359338124159
26113,LOF,0.10962421169680558,0.027916548081464612,0.8624592402217297
26114,LOF,0.0923077028472122,0.008642696718070652,0.8990496004347173
26115,LOF,0.018390775583241512,0.0706561653889349,0.9109530590278236
26116,LOF,0.07845117278992736,0.02564953231518087,0.8958992948948918
26117,LOF,0.3775409987137317,0.039776860109632675,0.5826821411766356
26118,LOF,0.03656988362745047,0.019259619451490937,0.9441704969210587
26119,LOF,0.006288664208610356,0.07665281768328178,0.9170585181081078
26120,LOF,0.03437601342663818,0.016310865885300854,0.949313120688061
26121,LOF,0.004265659570583879,0.11617723497683528,0.8795571054525808
