feature0,prediction,LoGoFunc_Neutral,LoGoFunc_GOF,LoGoFunc_LOF
25546,Neutral,0.746251836110266,0.03609512927931415,0.21765303461041977
25547,Neutral,0.5976127953286825,0.07710207401265458,0.32528513065866294
25548,Neutral,0.6013888749240252,0.05649592014446891,0.34211520493150593
25549,Neutral,0.5208928471093114,0.05686852951420658,0.422238623376482
25550,LOF,0.3710113046832525,0.10610521915016713,0.5228834761665804
25551,LOF,0.3183561870276423,0.11481705843526974,0.566826754537088
25552,LOF,0.22989273534176788,0.10617701202214423,0.663930252636088
25553,Neutral,0.8459533921669673,0.029144109896661243,0.12490249793637136
25554,LOF,0.26022897959958013,0.10272730720804941,0.6370437131923704
25555,LOF,0.21642154834218594,0.0907739037080411,0.6928045479497729
25556,LOF,0.4269371895957953,0.08817281759322335,0.4848899928109813
25557,LOF,0.21526654699755782,0.09536425011988207,0.6893692028825601
25558,LOF,0.2524161011506603,0.10499620080864892,0.6425876980406908
25559,LOF,0.3542193897433296,0.16033373101271675,0.4854468792439535
25560,LOF,0.04806375550022373,0.14847679836768474,0.8034594461320915
25561,LOF,0.10276528566437261,0.16207041286944648,0.7351643014661808
25562,LOF,0.09994951108063171,0.06444579406466135,0.835604694854707
25563,LOF,0.08847305753667903,0.09009691169216123,0.8214300307711598
25564,LOF,0.19734149509074816,0.13703845512681292,0.6656200497824389
25565,LOF,0.15975955752861887,0.09516355021294717,0.745076892258434
25566,GOF,0.018385615226375038,0.7251156260447379,0.2564987587288871
25567,LOF,0.013291562929364955,0.14937803674668643,0.8373304003239487
25568,LOF,0.04883190541213518,0.07022155902137472,0.88094653556649
25569,LOF,0.06009195889725251,0.06645272039989149,0.8734553207028559
25570,LOF,0.06034613173191177,0.09514111773011331,0.8445127505379749
25571,LOF,0.053650335281148494,0.09175011176104034,0.8545995529578111
25572,LOF,0.06640380567602094,0.12073755394247325,0.8128586403815058
25573,LOF,0.027285095568884647,0.08845503331190517,0.8842598711192102
25574,LOF,0.015887640633884665,0.15274719605379392,0.8313651633123215
25575,LOF,0.042190538422007595,0.102680875151978,0.8551285864260143
25576,LOF,0.018343588999480583,0.1154065819803326,0.8662498290201868
25577,LOF,0.014931842823560242,0.12508461447564834,0.8599835427007914
25578,LOF,0.2304475427187356,0.08383045109034798,0.6857220061909164
25579,LOF,0.23079203079748342,0.08252271959706681,0.6866852496054497
25580,LOF,0.029554877526008577,0.07611641187937594,0.8943287105946155
25581,LOF,0.05343885674566744,0.06873106631549897,0.8778300769388335
25582,LOF,0.05321710508499873,0.06723418007616244,0.8795487148388389
25583,LOF,0.0408162838385735,0.08993460000626453,0.869249116155162
25584,Neutral,0.46817357760057926,0.09544393054975062,0.43638249184967
25585,LOF,0.03183317469866952,0.1144516749590091,0.8537151503423214
25586,LOF,0.03032778470722567,0.07460601615526523,0.8950661991375091
25587,LOF,0.02825932985170645,0.06854955008567726,0.9031911200626163
25588,LOF,0.029994037651785488,0.08503725784721326,0.8849687045010012
25589,Neutral,0.6297464935960215,0.11925362374267579,0.2509998826613027
25590,LOF,0.029134021634594345,0.12539593356296447,0.8454700448024413
25591,LOF,0.10687969296614445,0.059403361223417814,0.8337169458104378
25592,LOF,0.08614781098817134,0.12797416472990028,0.7858780242819284
25593,LOF,0.021306012297339673,0.2573987620966285,0.7212952256060319
25594,LOF,0.0444610836417686,0.18764102645681047,0.7678978899014209
25595,LOF,0.051249617293557405,0.1274820316728029,0.8212683510336398
25596,LOF,0.05989564898765856,0.06080516443041172,0.8792991865819296
25597,LOF,0.04939624438258648,0.07524274613558551,0.8753610094818279
25598,LOF,0.04960555919665284,0.12590868993891635,0.8244857508644309
25599,GOF,0.01000457089993183,0.7392864107929955,0.2507090183070728
25600,GOF,0.01474984521000546,0.5305926322328184,0.4546575225571762
25601,LOF,0.0072949458336047995,0.4501305193939349,0.5425745347724603
25602,LOF,0.02687194360628945,0.04278467908759865,0.9303433773061118
25603,LOF,0.06387007662008587,0.030378215103753957,0.9057517082761603
25604,LOF,0.06599205290624718,0.03269618178380358,0.9013117653099493
25605,LOF,0.015576089732452166,0.23274329934089066,0.7516806109266571
25606,GOF,0.12331418039374539,0.45663364417290886,0.4200521754333456
25607,LOF,0.006211895587500523,0.15109836907478144,0.8426897353377181
25608,LOF,0.06281266919803818,0.04433849882432382,0.8928488319776381
25609,LOF,0.03778204680424557,0.4064890474902407,0.5557289057055137
25610,LOF,0.03878553075766882,0.027544551235258508,0.9336699180070727
25611,LOF,0.04473337071531256,0.024163145593967563,0.9311034836907198
25612,LOF,0.103299934265307,0.03863700037553723,0.8580630653591559
25613,LOF,0.08501917577194484,0.03838678858883286,0.8765940356392223
25614,LOF,0.02941418995148918,0.0341573283120409,0.93642848173647
25615,LOF,0.05950233059212539,0.030477751421457176,0.9100199179864173
25616,LOF,0.033064507367678915,0.03149500470264407,0.935440487929677
25617,LOF,0.029565394614189455,0.035253991996318824,0.9351806133894917
25618,LOF,0.1698562889120541,0.030203208634283545,0.7999405024536624
25619,LOF,0.02918052956091005,0.02915077127720268,0.9416686991618872
25620,LOF,0.032920861902315336,0.038558593562719255,0.9285205445349654
25621,LOF,0.03308806904185579,0.028665033007992884,0.9382468979501513
25622,LOF,0.038032300562882676,0.03556525830077604,0.9264024411363412
25623,LOF,0.07113875483757343,0.026913263996838722,0.9019479811655878
25624,LOF,0.02688119046497659,0.039138792633997894,0.9339800169010254
25625,LOF,0.03900514278469896,0.03884688482557018,0.922147972389731
25626,LOF,0.08717267388612514,0.029832022346642457,0.8829953037672323
25627,Neutral,0.5631078665742645,0.1226457131454991,0.3142464202802364
25628,LOF,0.1631672252104259,0.06526632216499155,0.7715664526245826
25629,LOF,0.07209777287630108,0.08096752438593822,0.8469347027377606
25630,LOF,0.15376110742694377,0.10497974237349125,0.7412591501995649
25631,Neutral,0.5586395628004693,0.0785676762368314,0.36279276096269936
25632,LOF,0.02362038088202442,0.06691233299981791,0.9094672861181576
25633,LOF,0.20664090592760453,0.08260184339033044,0.710757250682065
25634,LOF,0.032049286770435656,0.1251740064531357,0.8427767067764287
25635,LOF,0.03371419691156074,0.08740265681115471,0.8788831462772846
25636,GOF,0.005318780974368783,0.5980502558368961,0.39663096318873514
25637,GOF,0.005011150602765642,0.5760674941939254,0.4189213552033089
25638,LOF,0.00873740397847955,0.4544452068548661,0.5368173891666543
25639,LOF,0.004383073787477767,0.42306501006536795,0.5725519161471543
25640,Neutral,0.4828101470101558,0.44602402981662725,0.0711658231732171
25641,LOF,0.008833049136761853,0.3167556472802157,0.6744113035830224
25642,LOF,0.24974675355819084,0.06886343407515388,0.6813898123666553
25643,LOF,0.24976755210871265,0.19945964567503657,0.5507728022162508
25644,GOF,0.017171409064734595,0.6126257237685235,0.37020286716674183
25645,GOF,0.018101024558599976,0.588986436737506,0.39291253870389414
25646,LOF,0.01978680372997839,0.40583522551279616,0.5743779707572255
25647,LOF,0.016345815107667933,0.29989273052228904,0.6837614543700431
25648,LOF,0.015073497334706892,0.3188828488494422,0.666043653815851
25649,LOF,0.013257873054182506,0.2618891149569437,0.7248530119888738
25650,GOF,0.03325425955946216,0.6154503203333858,0.3512954201071521
25651,LOF,0.01083411550931867,0.32592208266624834,0.6632438018244329
25652,LOF,0.019282455634872426,0.3294577262394265,0.6512598181257011
25653,LOF,0.08033128034764302,0.4337225555469145,0.4859461641054424
25654,LOF,0.016543327739431738,0.2769107450948746,0.7065459271656938
25655,LOF,0.12014949551868523,0.4316006445192199,0.4482498599620949
25656,LOF,0.067123959832359,0.07543034543741248,0.8574456947302286
25657,LOF,0.2746197760686092,0.032317788734591686,0.6930624351967991
25658,LOF,0.04459362960523954,0.0779628753128837,0.8774434950818768
25659,LOF,0.28063307968038476,0.051098757084953414,0.6682681632346619
25660,LOF,0.07478607722825002,0.10682588733423182,0.8183880354375181
25661,LOF,0.04742817935295269,0.07408843781498943,0.8784833828320578
25662,LOF,0.0290675763706618,0.04766592940096924,0.9232664942283689
25663,LOF,0.03836517131537539,0.07322835104878811,0.8884064776358364
25664,LOF,0.04019214781656852,0.08374397608061628,0.8760638761028152
25665,LOF,0.05751321364514572,0.04724716643311496,0.8952396199217393
25666,LOF,0.041951104291612695,0.1337624785479391,0.8242864171604483
25667,LOF,0.028832756851337297,0.059498214032541685,0.911669029116121
25668,LOF,0.03368842804104225,0.06888051637279534,0.8974310555861623
25669,LOF,0.03799652138146927,0.09948926766240823,0.8625142109561225
25670,LOF,0.15343677114680676,0.06337866358755552,0.7831845652656378
25671,LOF,0.03785422847177963,0.05045451215013363,0.9116912593780867
25672,LOF,0.05791522478966877,0.07665671605700562,0.8654280591533257
25673,LOF,0.042470797071904216,0.061364546041805794,0.89616465688629
25674,LOF,0.03275193486424173,0.07111025566580535,0.8961378094699528
25675,LOF,0.04566666234127473,0.05698688826191392,0.8973464493968113
25676,LOF,0.03246009614226686,0.06313495582287053,0.9044049480348627
25677,LOF,0.06083705847783098,0.06896269387672732,0.8702002476454418
25678,LOF,0.2582952068197028,0.046163672556426866,0.6955411206238704
25679,LOF,0.1722569453673151,0.0632386419509961,0.7645044126816888
25680,LOF,0.0656009814318063,0.10015357795771612,0.8342454406104776
25681,LOF,0.10951953768470016,0.08894927369640358,0.8015311886188963
25682,LOF,0.043952493139451446,0.07681557687702115,0.8792319299835275
25683,LOF,0.0817506155387158,0.09144630235804502,0.826803082103239
25684,LOF,0.05279401571371668,0.07715976015317445,0.8700462241331088
25685,LOF,0.121869778521528,0.03372169910237952,0.8444085223760925
25686,LOF,0.03206812353231991,0.08323126914872107,0.8847006073189589
25687,LOF,0.05469585711107516,0.07590345826894748,0.8694006846199774
25688,LOF,0.024628705471516115,0.10315895113521016,0.8722123433932737
25689,LOF,0.019794235705952064,0.07179586387710271,0.9084099004169452
25690,LOF,0.018301155550016473,0.0831455831272298,0.8985532613227537
25691,LOF,0.1478616846505065,0.12529919456716837,0.7268391207823252
25692,LOF,0.23232092972303123,0.016392462251089535,0.7512866080258793
25693,LOF,0.056617073882385856,0.1316579754626354,0.8117249506549787
25694,LOF,0.2585842305967936,0.013053823244138051,0.7283619461590684
25695,LOF,0.17088878130392818,0.019323559634670064,0.8097876590614017
25696,LOF,0.17592201636006657,0.0105466044410362,0.8135313791988973
25697,LOF,0.14414822440780775,0.03440387709565272,0.8214478984965395
25698,LOF,0.033184184196640605,0.3272478839645759,0.6395679318387836
25699,LOF,0.072700872067542,0.07331702843601075,0.8539820994964473
25700,LOF,0.030708831548045008,0.012365679948848818,0.9569254885031062
25701,LOF,0.011704944199208332,0.07183767455823178,0.9164573812425599
25702,GOF,0.03161027844242876,0.7134956148582376,0.25489410669933354
25703,LOF,0.019287006069534488,0.17828825812346447,0.8024247358070011
25704,LOF,0.08211054913023395,0.16721895097742318,0.7506704998923428
25705,LOF,0.07202849893147228,0.22937155508028326,0.6985999459882445
25706,GOF,0.037755657141128246,0.5805057598527807,0.38173858300609104
25707,GOF,0.030701748733728836,0.5976308359645346,0.37166741530173664
25708,GOF,0.007306754215857651,0.5545389740312118,0.43815427175293054
25709,LOF,0.018562631675571116,0.07883029505440765,0.9026070732700212
25710,LOF,0.008506800634430751,0.16511594441083777,0.8263772549547315
25711,LOF,0.02044740478060077,0.12623077700759863,0.8533218182118005
25712,LOF,0.009529790228682083,0.21276628575531417,0.7777039240160037
25713,LOF,0.018696597179886375,0.11517047776276387,0.8661329250573498
25714,LOF,0.020374434478502523,0.15927332879715217,0.8203522367243453
25715,LOF,0.01932204608852755,0.14234450780186425,0.8383334461096082
25716,LOF,0.015191521668743907,0.11379099572777635,0.8710174826034798
25717,LOF,0.006886675622881094,0.12554170930138633,0.8675716150757325
25718,LOF,0.018745717455284618,0.09621531989110621,0.8850389626536093
25719,LOF,0.03558408724476756,0.1088438635936784,0.8555720491615539
25720,LOF,0.02675022437105169,0.09663447777362147,0.8766152978553269
25721,LOF,0.02283327595616028,0.10715256902425345,0.8700141550195862
25722,LOF,0.015451727622181242,0.15100809215335087,0.833540180224468
25723,LOF,0.02139485619349475,0.09423394629963423,0.884371197506871
25724,LOF,0.02640029109860377,0.16387896126172966,0.8097207476396666
25725,LOF,0.021123697303208486,0.08805016134488415,0.8908261413519073
25726,LOF,0.015339811323001227,0.12399478227727104,0.8606654063997277
25727,LOF,0.02073839785841448,0.11662565526892145,0.8626359468726641
25728,LOF,0.02023809105135722,0.11447271206964361,0.8652891968789992
25729,LOF,0.01955258922820337,0.12498203018474988,0.8554653805870468
25730,LOF,0.021696014116789696,0.09042551000939307,0.8878784758738172
25731,LOF,0.011746649950987224,0.17867221687532267,0.8095811331736901
25732,LOF,0.01799381942308506,0.11755625846990474,0.8644499221070102
25733,LOF,0.027793748425500257,0.10555449487283732,0.8666517567016624
25734,LOF,0.007610760798902625,0.2143335984948598,0.7780556407062376
25735,LOF,0.021312615514225235,0.08632955513643861,0.8923578293493362
25736,LOF,0.01944974467197053,0.14502456166848415,0.8355256936595453
25737,LOF,0.03864069104709636,0.11899268480211943,0.8423666241507842
25738,LOF,0.02125434094495947,0.16446453275657918,0.8142811262984614
25739,LOF,0.021972794987324906,0.1389867568149325,0.8390404481977426
25740,LOF,0.049010686719256256,0.15429525684620002,0.7966940564345437
25741,LOF,0.028841107429222135,0.12521690061746438,0.8459419919533135
25742,LOF,0.04548165265874954,0.13328487293418456,0.8212334744070658
25743,LOF,0.01203344716126709,0.030938883462938344,0.9570276693757946
25744,LOF,0.1699924918870961,0.34162543458018546,0.4883820735327184
25745,LOF,0.031211805805813855,0.11426221655224866,0.8545259776419376
25746,LOF,0.013833257079635198,0.15586749946961534,0.8302992434507496
25747,LOF,0.02981165749610805,0.03140010153413646,0.9387882409697555
25748,LOF,0.2504317481329673,0.05239196556810897,0.6971762862989237
25749,LOF,0.012657609456369392,0.09850185331989782,0.8888405372237328
25750,LOF,0.016400209371877313,0.09964972403941669,0.8839500665887059
25751,LOF,0.040513497936333805,0.0488774591736714,0.9106090428899948
25752,GOF,0.09334529006642239,0.6889566891467486,0.21769802078682907
25753,LOF,0.0069499628231710344,0.3751374786481185,0.6179125585287105
25754,GOF,0.00767055796392443,0.8663258298290941,0.12600361220698128
25755,LOF,0.007946696177942051,0.4255851858531054,0.5664681179689526
25756,LOF,0.04708696227005124,0.43078567086183284,0.5221273668681159
25757,GOF,0.007439590049561482,0.8605402634196728,0.13202014653076555
25758,GOF,0.009308589756090275,0.8673203260462455,0.12337108419766403
25759,GOF,0.0058836992761225485,0.5689495662117079,0.42516673451216974
25760,LOF,0.005766404833948742,0.29341281686193216,0.7008207783041193
25761,GOF,0.05582885555858825,0.8443204420837941,0.09985070235761763
25762,LOF,0.027966262486422304,0.3468086901471866,0.6252250473663911
25763,LOF,0.006585387427256627,0.2709013174259956,0.7225132951467478
25764,GOF,0.06684593430673273,0.6333086753712338,0.29984539032203356
25765,GOF,0.008329592558278264,0.855045502568663,0.13662490487305878
25766,GOF,0.037718091343298815,0.8190620351044011,0.1432198735523001
25767,GOF,0.010209854603714675,0.5400541112366425,0.4497360341596428
25768,LOF,0.03381465257826629,0.06859772891528487,0.8975876185064489
25769,LOF,0.02308365417875992,0.094514625927902,0.882401719893338
25770,LOF,0.18405826007914722,0.07277882456143336,0.7431629153594194
25771,LOF,0.016357738092900007,0.07517258844126751,0.9084696734658325
25772,LOF,0.024055426634634332,0.03752616025131966,0.9384184131140461
25773,LOF,0.02027707747552531,0.06845072962346267,0.911272192901012
25774,LOF,0.03070399782314046,0.11039261842194616,0.8589033837549133
25775,LOF,0.024678209907868495,0.04559621069198125,0.9297255794001503
25776,LOF,0.02465582683055661,0.03264756692582311,0.9426966062436204
25777,LOF,0.24796211209874894,0.08164769738431397,0.670390190516937
25778,LOF,0.017972622347908994,0.07842238689296496,0.903604990759126
25779,GOF,0.039915096443371,0.8868601590754926,0.07322474448113639
25780,GOF,0.06845493073021497,0.8780219236850537,0.05352314558473136
25781,GOF,0.034145958213561256,0.8632264923203227,0.10262754946611609
25782,GOF,0.03163796217273167,0.9021099272695804,0.06625211055768797
25783,GOF,0.026681020165814976,0.9150503922915809,0.05826858754260423
25784,GOF,0.08350304301684201,0.8727638929306624,0.04373306405249557
25785,GOF,0.08339288359944025,0.8757857649164076,0.04082135148415221
25786,GOF,0.009122910936540036,0.878919089763947,0.1119579992995129
25787,GOF,0.17458486433150905,0.7757007398634368,0.04971439580505414
25788,LOF,0.01555125009633098,0.16702627244027934,0.8174224774633897
25789,GOF,0.019540620056422448,0.8543444891677731,0.12611489077580432
25790,GOF,0.020577305243896882,0.8785070839271706,0.10091561082893236
25791,GOF,0.022140529928708574,0.8057755656658001,0.1720839044054913
25792,GOF,0.025831766108223086,0.8322460832356726,0.14192215065610425
25793,GOF,0.06596581180890286,0.8369583380877244,0.09707585010337268
25794,GOF,0.04940455723965592,0.7793079280971006,0.1712875146632434
25795,GOF,0.04611791189206163,0.7594160471702185,0.1944660409377199
25796,GOF,0.09846598086731906,0.8186061492057859,0.08292786992689513
25797,GOF,0.06884999654013434,0.7574473851536674,0.17370261830619838
25798,GOF,0.004533804195525901,0.761007451836879,0.23445874396759506
25799,GOF,0.003805554840930772,0.7142698356700087,0.2819246094890606
25800,GOF,0.023070801517501936,0.8341245290478325,0.14280466943466552
25801,GOF,0.018028656355424347,0.8901138476485739,0.09185749599600179
25802,GOF,0.028221301244574153,0.8310473012949564,0.14073139746046928
25803,GOF,0.01992423701251688,0.7289489046728639,0.25112685831461923
25804,GOF,0.026056722740626412,0.7638750129384831,0.21006826432089046
25805,GOF,0.029693223829548726,0.7979270919305315,0.1723796842399199
25806,GOF,0.029592120934874455,0.7968569916339465,0.17355088743117913
25807,GOF,0.007880745020503326,0.756760731385157,0.23535852359433965
25808,GOF,0.018444238745656524,0.7798848018573032,0.2016709593970402
25809,GOF,0.0091150959927185,0.7428764146139033,0.24800848939337822
25810,GOF,0.007491447342295943,0.7273125701180954,0.2651959825396086
25811,GOF,0.047275451342423364,0.8811933600789865,0.07153118857859017
25812,GOF,0.029892193520640688,0.8097539303489261,0.16035387613043328
25813,GOF,0.11610942166377379,0.8084771469820013,0.07541343135422482
25814,GOF,0.029390656630495456,0.8137060986469153,0.1569032447225892
25815,GOF,0.060762519328309575,0.8379734814472466,0.10126399922444379
25816,GOF,0.009907220370993695,0.8549444252340354,0.13514835439497094
25817,GOF,0.09691361718893345,0.8163847060790677,0.08670167673199902
25818,GOF,0.023049802363364364,0.804683259432134,0.1722669382045015
25819,GOF,0.0649648957345359,0.7671449538835026,0.16789015038196162
25820,GOF,0.030778341026126883,0.7176921683513546,0.25152949062251845
25821,GOF,0.021257898143917413,0.7353980276150341,0.2433440742410484
25822,GOF,0.03919575352625356,0.7327884020951412,0.22801584437860517
25823,GOF,0.02481239810586932,0.7219447370377574,0.2532428648563734
25824,GOF,0.024206196963335792,0.7843824816373665,0.1914113213992979
25825,GOF,0.01941856695258265,0.7689931332333236,0.21158829981409366
25826,GOF,0.007731270284640824,0.7203975222342397,0.2718712074811196
25827,GOF,0.012388374774210592,0.717544945510731,0.2700666797150585
25828,GOF,0.009302178921792973,0.7292603956452102,0.2614374254329968
25829,GOF,0.0036758277165292496,0.6739997157489448,0.322324456534526
25830,LOF,0.0345450716181502,0.42979319910590913,0.5356617292759407
25831,GOF,0.05456093990956578,0.8029988255310814,0.14244023455935267
25832,GOF,0.00855144059777267,0.7576618702473129,0.23378668915491446
25833,GOF,0.03269174402750457,0.8179163321303597,0.14939192384213565
25834,GOF,0.009694263090349734,0.777730942521025,0.2125747943886251
25835,GOF,0.025407427314406473,0.8390217621121555,0.1355708105734381
25836,GOF,0.006073863660343298,0.7695274981814292,0.22439863815822753
25837,GOF,0.007808152743082041,0.7664434093518039,0.22574843790511412
25838,GOF,0.021001521937662672,0.833569663826623,0.14542881423571422
25839,GOF,0.04628213763611873,0.8095706609251372,0.14414720143874402
25840,GOF,0.0759910904130937,0.8107313172918689,0.11327759229503748
25841,GOF,0.0751884457998885,0.8283142553348578,0.09649729886525371
25842,GOF,0.03172794467261909,0.8792804388481366,0.0889916164792445
25843,GOF,0.026365712181121513,0.8798992680387029,0.0937350197801756
25844,GOF,0.016515935392646706,0.8366396636407961,0.14684440096655713
25845,GOF,0.006025398547266251,0.7691158067470225,0.22485879470571124
25846,GOF,0.06316991946889591,0.8328486754503044,0.10398140508079966
25847,GOF,0.017837636648778566,0.8832488862993718,0.09891347705184958
25848,GOF,0.01949860337721775,0.8314946445047435,0.14900675211803868
25849,GOF,0.006758692875229933,0.82801246745968,0.16522883966509005
25850,GOF,0.005773267599583487,0.7389277775347013,0.25529895486571524
25851,GOF,0.00531493687343836,0.6919389018206178,0.3027461613059438
25852,GOF,0.14379489096353468,0.5903730522718138,0.2658320567646516
25853,GOF,0.07026806365358315,0.8027027965662146,0.12702913978020217
25854,GOF,0.005326066286178818,0.7222411216645461,0.27243281204927505
25855,GOF,0.024136838204777952,0.686018355689231,0.2898448061059911
25856,GOF,0.05116153541908119,0.7759883782156861,0.17285008636523264
25857,GOF,0.02585865720106766,0.7050777179388251,0.26906362486010726
25858,GOF,0.010199110928303905,0.7265365144962893,0.26326437457540675
25859,GOF,0.007579252564339928,0.7288545156900094,0.2635662317456507
25860,GOF,0.08624084316026279,0.798702603644732,0.11505655319500524
25861,GOF,0.08408233115802177,0.8166521140328796,0.09926555480909852
25862,GOF,0.022008220180231484,0.874756417569294,0.10323536225047442
25863,GOF,0.02345409503961976,0.8674261428359894,0.1091197621243908
25864,GOF,0.06684607751818361,0.8768920787728046,0.05626184370901173
25865,GOF,0.04562489442581796,0.8557075211083071,0.09866758446587492
25866,GOF,0.027465280554171082,0.8673008817979994,0.10523383764782954
25867,GOF,0.04360707933209246,0.8618843784125299,0.09450854225537757
25868,GOF,0.062235892603159135,0.8214264688393627,0.11633763855747839
25869,GOF,0.3513197835672617,0.5737201002798175,0.07496011615292077
25870,GOF,0.06209657123166617,0.5439870774070601,0.3939163513612737
25871,GOF,0.009684550235200559,0.853511371727366,0.13680407803743355
25872,GOF,0.018825191653053894,0.8418155891696532,0.13935921917729296
25873,GOF,0.020082513204343674,0.8756663445906665,0.10425114220498978
25874,LOF,0.015906344836740596,0.19325220982463093,0.7908414453386284
25875,LOF,0.030800029879798636,0.053139327765589404,0.916060642354612
25876,LOF,0.019317572128740256,0.03153806170483721,0.9491443661664226
25877,LOF,0.10266914485770784,0.07753167469893202,0.8197991804433602
25878,LOF,0.070335567547575,0.12967626735054127,0.7999881651018836
25879,LOF,0.01749898283694345,0.0820425648433098,0.9004584523197469
25880,LOF,0.05517696821819341,0.01206067004921357,0.932762361732593
25881,LOF,0.4623137861063575,0.07084491813999622,0.4668412957536463
25882,LOF,0.061422304796554354,0.028624984898993896,0.9099527103044517
25883,LOF,0.02915307341614262,0.035464507776791235,0.9353824188070662
25884,LOF,0.018452832577324375,0.06287272777468199,0.9186744396479937
25885,LOF,0.18239459087475457,0.014351205795657662,0.8032542033295879
25886,LOF,0.26535378874800464,0.07016513359578488,0.6644810776562105
25887,LOF,0.12028885041007845,0.08291411249565392,0.7967970370942676
25888,LOF,0.009260495262217642,0.1290029741428531,0.8617365305949292
25889,LOF,0.025333252155951634,0.04582383313991794,0.9288429147041305
25890,LOF,0.16658387407504907,0.08372052938935164,0.7496955965355994
25891,LOF,0.11671524730301287,0.02922531864321976,0.8540594340537674
25892,LOF,0.010103009276751833,0.032912655652725255,0.9569843350705228
25893,LOF,0.3710153981734916,0.008931179527347479,0.6200534222991608
25894,LOF,0.4114238794236705,0.006635803492210725,0.5819403170841188
25895,LOF,0.3674178121308731,0.012901953651753954,0.619680234217373
25896,LOF,0.06827901710513726,0.028730206083151254,0.9029907768117115
25897,LOF,0.16467325499480964,0.009185798426581666,0.8261409465786087
25898,LOF,0.14538098192429716,0.034763824165935486,0.8198551939097672
25899,LOF,0.413703044886119,0.024688818354641935,0.5616081367592392
25900,Neutral,0.49885042007139174,0.008179722314394473,0.4929698576142138
25901,LOF,0.059318706903584546,0.010637688468009703,0.9300436046284057
25902,LOF,0.1631679650385931,0.01199146064022529,0.8248405743211816
25903,LOF,0.3567727695134078,0.025966692809304682,0.6172605376772876
25904,Neutral,0.5198825507882555,0.03698454508286038,0.4431329041288841
25905,LOF,0.00728717587076184,0.4718143977510385,0.5208984263781996
25906,LOF,0.007575711477797255,0.09461749305660987,0.8978067954655928
25907,LOF,0.007172710234654884,0.28612615856549917,0.7067011311998459
25908,LOF,0.006489606988128473,0.2683008316509883,0.7252095613608832
25909,LOF,0.028037028504997872,0.1373399049439188,0.8346230665510834
25910,LOF,0.01269328736123635,0.1273233101370444,0.8599834025017192
25911,LOF,0.2232616906677414,0.07289867107735908,0.7038396382548995
25912,LOF,0.10265255844527402,0.041293128530193145,0.8560543130245329
25913,LOF,0.026895887998052637,0.06907786563332902,0.9040262463686184
25914,LOF,0.03786383475747006,0.03159633447434389,0.930539830768186
25915,LOF,0.18631681703862032,0.15750885360248526,0.6561743293588943
25916,LOF,0.025000744781570425,0.08060422733636027,0.8943950278820693
25917,LOF,0.07130077456894751,0.03124008810743985,0.8974591373236126
25918,LOF,0.04110775261166777,0.020164986197914174,0.938727261190418
25919,LOF,0.03689030637217343,0.019336525421659458,0.9437731682061672
25920,LOF,0.3560302084143341,0.27113202004366455,0.37283777154200143
25921,LOF,0.016577697391171563,0.036516783994368064,0.9469055186144604
25922,LOF,0.019075576053406047,0.03812444313832553,0.9427999808082685
25923,LOF,0.4271135571178496,0.034407053569443125,0.5384793893127073
25924,LOF,0.02726140488207568,0.05038296618267277,0.9223556289352517
25925,LOF,0.09068935707720462,0.049207687609527186,0.8601029553132683
25926,LOF,0.07129166923514284,0.04513392914945153,0.8835744016154057
25927,LOF,0.019898063782322988,0.0829898078303367,0.8971121283873403
25928,LOF,0.011126542688997083,0.050160752726456835,0.9387127045845461
25929,Neutral,0.5620807979489079,0.03259600864129002,0.4053231934098021
25930,LOF,0.07861678102027089,0.0335600510197161,0.8878231679600129
25931,LOF,0.015185725931447841,0.039025990710565055,0.9457882833579871
25932,LOF,0.06461900249074681,0.036099283963899526,0.8992817135453537
25933,LOF,0.070617811474356,0.019957795537355452,0.9094243929882886
25934,LOF,0.056825708878914985,0.022249461339772052,0.920924829781313
25935,LOF,0.08216481687376616,0.06307959586145258,0.8547555872647813
25936,LOF,0.11058984610672895,0.02273205443766406,0.8666780994556069
25937,LOF,0.021711527024116075,0.029230957802148648,0.9490575151737354
25938,LOF,0.07785384444722349,0.054894578824994454,0.8672515767277821
25939,LOF,0.049067398690790735,0.02980386452866426,0.9211287367805451
25940,LOF,0.009739721120903053,0.42270601473278957,0.5675542641463075
25941,Neutral,0.48823562081715716,0.048638003489323574,0.4631263756935192
25942,LOF,0.01115444854333154,0.06781841798365322,0.9210271334730153
25943,LOF,0.04857024900732773,0.18931756152337362,0.7621121894692987
25944,LOF,0.04114678753162552,0.08520948227332026,0.8736437301950541
25945,LOF,0.11462684958709256,0.04016544102852436,0.845207709384383
25946,LOF,0.06890682609925716,0.04377806136971225,0.8873151125310307
25947,Neutral,0.5381141737377672,0.07020204720740467,0.39168377905482815
25948,LOF,0.4008500009666464,0.01994444634625433,0.5792055526870993
25949,LOF,0.16281429537308184,0.07536038355658631,0.7618253210703317
25950,GOF,0.06671118026482453,0.5056580413145895,0.4276307784205861
25951,LOF,0.01356922297271699,0.35961236746860487,0.6268184095586782
25952,LOF,0.2622370443865136,0.1927328891099255,0.5450300665035609
25953,LOF,0.008427113916368075,0.20627616275504762,0.7852967233285844
25954,LOF,0.08318819913176428,0.3252472917802068,0.5915645090880289
25955,LOF,0.007631804917132004,0.20622295045884723,0.7861452446240207
25956,LOF,0.01386519362550794,0.3375014814333977,0.6486333249410944
25957,LOF,0.1698618747069896,0.033118639407061355,0.7970194858859491
25958,LOF,0.032827464737843634,0.07297262034745951,0.8941999149146967
25959,GOF,0.006836610852622528,0.806533134361596,0.18663025478578132
25960,LOF,0.005119164275847417,0.1154316420077722,0.8794491937163803
25961,LOF,0.030819482293335285,0.05518928456657083,0.9139912331400938
25962,LOF,0.055617080853494705,0.07709053241305341,0.867292386733452
25963,LOF,0.007754764869466344,0.15010884424720056,0.842136390883333
25964,LOF,0.02765571561810818,0.12171417119814848,0.8506301131837433
25965,LOF,0.23734001090197548,0.1239773190540439,0.6386826700439807
25966,LOF,0.37585750760353137,0.08769794089231127,0.5364445515041574
25967,LOF,0.008812745724638044,0.06617297705629183,0.92501427721907
25968,LOF,0.03802045537156918,0.22223876052407315,0.7397407841043576
25969,LOF,0.1632084738122053,0.05537118326060123,0.7814203429271934
25970,LOF,0.06427010026321027,0.07568773433143418,0.8600421654053556
25971,LOF,0.07986977569432775,0.03545367643296558,0.8846765478727067
25972,LOF,0.07265399162878868,0.06785745763258005,0.8594885507386313
25973,LOF,0.0686850743390513,0.01080761936955781,0.9205073062913909
25974,LOF,0.040656579168148244,0.04216196236284086,0.9171814584690108
25975,LOF,0.04036332798651165,0.018251749771774094,0.9413849222417142
25976,LOF,0.08785487753923228,0.011137547380806344,0.9010075750799613
25977,LOF,0.2378433672587597,0.05911458606105494,0.7030420466801854
25978,LOF,0.1674721974794192,0.1359047386900333,0.6966230638305475
25979,LOF,0.14175483798749708,0.1526996272367186,0.7055455347757843
25980,LOF,0.22913729416836634,0.20529773324841483,0.5655649725832188
25981,LOF,0.23088592977545455,0.20727692860911448,0.561837141615431
25982,LOF,0.4378745991548401,0.10153647687785589,0.46058892396730405
25983,Neutral,0.43413844868372237,0.1345145752235981,0.4313469760926794
25984,LOF,0.039484480210473905,0.0985874525107054,0.8619280672788207
25985,LOF,0.41925264999258766,0.12010988133961602,0.4606374686677963
25986,LOF,0.011251139374346,0.4705946482756669,0.5181542123499872
25987,LOF,0.04427107742175237,0.10237470680059595,0.8533542157776517
25988,LOF,0.03721257345667474,0.15066723405390625,0.812120192489419
25989,LOF,0.04313728835386436,0.1939230329446425,0.7629396787014933
25990,LOF,0.038539747792189064,0.29892523641337215,0.6625350157944389
25991,GOF,0.02091637366759397,0.4905113265392957,0.4885722997931103
25992,LOF,0.013726845143615536,0.4506174432165282,0.5356557116398563
25993,LOF,0.025172189449310777,0.0818595666262017,0.8929682439244875
25994,LOF,0.02191304835359784,0.08807474307288585,0.8900122085735163
25995,LOF,0.018135430687452405,0.15083731759694993,0.8310272517155977
25996,GOF,0.3700577244959799,0.3824605779206988,0.24748169758332125
25997,LOF,0.05845014540237233,0.4323760913325732,0.5091737632650545
25998,LOF,0.2637730170522624,0.04108643101354768,0.6951405519341899
25999,LOF,0.035822842508687065,0.11119528153459218,0.8529818759567208
26000,LOF,0.1324248124251484,0.01791516985583381,0.8496600177190177
26001,LOF,0.2435163262656603,0.018111201048405946,0.7383724726859338
26002,LOF,0.11913843233676343,0.02874467003173685,0.8521168976314998
26003,GOF,0.007153558330919652,0.6109261251223407,0.3819203165467396
26004,GOF,0.0161939225681233,0.6278253780363197,0.355980699395557
26005,LOF,0.005109077918950105,0.4639300494931516,0.5309608725878983
26006,GOF,0.10492614613244686,0.5294853875338635,0.3655884663336896
26007,GOF,0.010778257381613055,0.5064931338621045,0.4827286087562825
26008,GOF,0.005982074315815774,0.5846768125719647,0.40934111311221955
26009,GOF,0.011961982976414908,0.6208866338100014,0.36715138321358365
26010,GOF,0.009648012918716531,0.5647992860080049,0.42555270107327864
26011,LOF,0.004087208612904949,0.39320352906892214,0.6027092623181729
26012,GOF,0.004870561662989433,0.5297270717685556,0.46540236656845496
26013,GOF,0.010295930701833956,0.5485013486899357,0.4412027206082304
26014,LOF,0.07177355064060811,0.10907343757585602,0.819153011783536
26015,LOF,0.35182940314959626,0.044352269049678504,0.6038183278007252
26016,LOF,0.2769718163217313,0.05637298792192277,0.666655195756346
26017,LOF,0.013092170445394305,0.2527070502579699,0.7342007792966357
26018,LOF,0.02386702247902028,0.09007812808540505,0.8860548494355746
26019,LOF,0.02359164169449537,0.08415507003374119,0.8922532882717633
26020,LOF,0.007853308328491328,0.23557210705780524,0.7565745846137034
26021,LOF,0.077566209354496,0.11010749730065286,0.8123262933448512
26022,LOF,0.037670964601138925,0.04538527321801043,0.9169437621808506
26023,LOF,0.021018775404531533,0.06941904352903384,0.9095621810664345
26024,LOF,0.05646800230285491,0.08597297751615149,0.8575590201809935
26025,LOF,0.11601138713310015,0.10463053237228946,0.7793580804946104
26026,LOF,0.11305458030889529,0.08526633647787991,0.8016790832132248
26027,LOF,0.025732916192094165,0.04015487532088201,0.9341122084870238
26028,LOF,0.08978184721130673,0.16928303857181504,0.7409351142168783
26029,LOF,0.02510708249348515,0.15823313543504652,0.8166597820714684
26030,LOF,0.13036651227746326,0.021941798326830818,0.8476916893957059
26031,LOF,0.010131579469635539,0.12797421063780418,0.8618942098925602
26032,LOF,0.038344049808128416,0.035667179098357545,0.925988771093514
26033,LOF,0.042143739112873245,0.03818828955540111,0.9196679713317256
26034,LOF,0.016186108429303375,0.10624135471147468,0.877572536859222
26035,LOF,0.013617995039066492,0.10037950108039621,0.8860025038805374
26036,LOF,0.01235050688488816,0.08690426427653791,0.9007452288385739
26037,LOF,0.011440263064240772,0.09713804956079322,0.8914216873749661
26038,LOF,0.03276694074772258,0.03272369780220906,0.9345093614500684
26039,LOF,0.035101496702578984,0.11846687736997506,0.8464316259274459
26040,LOF,0.08124919893263671,0.10716300128590593,0.8115877997814573
26041,LOF,0.015166546243762954,0.08966429331518266,0.8951691604410544
26042,LOF,0.014519817098142445,0.09577378325670231,0.8897063996451553
26043,LOF,0.031791866194007735,0.049221906109816776,0.9189862276961754
26044,LOF,0.009623119896531215,0.039046264275629496,0.9513306158278393
26045,LOF,0.08458185705734637,0.11637279555263945,0.7990453473900141
26046,LOF,0.028338490494376915,0.03813236717409435,0.9335291423315287
26047,LOF,0.057167370762461756,0.03833032338878408,0.9045023058487541
26048,LOF,0.08189697838233957,0.016061532564601758,0.9020414890530586
26049,Neutral,0.9398783927032075,0.006168933514510471,0.05395267378228202
26050,Neutral,0.9082775808257983,0.006689887173255801,0.08503253200094588
26051,LOF,0.025564045816479475,0.0631868033846762,0.9112491507988443
26052,LOF,0.032484055038811924,0.05713663399391108,0.910379310967277
26053,LOF,0.023410924213501723,0.14217991325357793,0.8344091625329203
26054,LOF,0.04946253346443429,0.040000039828522085,0.9105374267070436
26055,LOF,0.07736710910579156,0.03429137461642652,0.8883415162777819
26056,LOF,0.06247692511138545,0.04501266726622505,0.8925104076223895
26057,LOF,0.05785012376445505,0.020864555044076052,0.9212853211914689
26058,LOF,0.061975139520256545,0.015824243713275232,0.9222006167664681
26059,LOF,0.22263686466248228,0.03767272219918755,0.7396904131383302
26060,LOF,0.02646681022581618,0.16214939443336823,0.8113837953408155
26061,LOF,0.013920328000037696,0.01155577452730497,0.9745238974726574
26062,LOF,0.007493874723612654,0.0187013976730862,0.9738047276033011
26063,LOF,0.04361181708348562,0.015376356978178116,0.9410118259383362
26064,LOF,0.016107178771928264,0.020742169735158165,0.9631506514929136
26065,LOF,0.05521983765246853,0.019105609987970572,0.9256745523595609
26066,LOF,0.04059219801709968,0.014864559493442462,0.9445432424894579
26067,LOF,0.04642735217847076,0.015574096227900543,0.9379985515936287
26068,LOF,0.0567104557434102,0.05428797769749186,0.8890015665590979
26069,LOF,0.2849342627733067,0.034841902638148146,0.6802238345885451
26070,Neutral,0.5346368257520072,0.024240166234512285,0.44112300801348053
26071,LOF,0.04746537245707567,0.018356693996841884,0.9341779335460825
26072,LOF,0.009430587143810837,0.023149257261170134,0.967420155595019
26073,LOF,0.039787860094457166,0.01940645975174037,0.9408056801538025
26074,Neutral,0.8579208355733068,0.012604182386199463,0.12947498204049376
26075,LOF,0.058502528731569185,0.029702721902863168,0.9117947493655677
26076,LOF,0.05712553040565376,0.015584087323168546,0.9272903822711778
26077,LOF,0.15849007456344308,0.008778841268047455,0.8327310841685094
26078,LOF,0.00842373650270846,0.020076781148430277,0.9714994823488613
26079,LOF,0.06553146961656135,0.0288908528163953,0.9055776775670433
26080,LOF,0.06477415980405565,0.02897586928493269,0.9062499709110117
26081,LOF,0.036864483251021374,0.012548481605428291,0.9505870351435504
26082,LOF,0.006634754701842087,0.022552651407842513,0.9708125938903153
26083,LOF,0.10974744623194334,0.030603250636573223,0.8596493031314835
26084,LOF,0.1094436654859525,0.024940892264659443,0.865615442249388
26085,LOF,0.09322027327850806,0.019904438253435,0.886875288468057
26086,LOF,0.04169481612354343,0.0172359611970074,0.9410692226794491
26087,LOF,0.03956350926645147,0.013993117426656487,0.9464433733068921
26088,LOF,0.00806968769350821,0.027260065797757423,0.9646702465087343
26089,LOF,0.045185866549614345,0.043908966677199505,0.9109051667731861
26090,LOF,0.04556026402772484,0.03495795594171884,0.9194817800305564
26091,LOF,0.03121761713531358,0.01121999097800767,0.9575623918866787
26092,LOF,0.04868762186996569,0.012653900952361834,0.9386584771776725
26093,LOF,0.08390350530603438,0.008203451423566767,0.907893043270399
26094,LOF,0.035947753830585544,0.011101692264836007,0.9529505539045785
26095,LOF,0.02258764687882521,0.021906663788417595,0.9555056893327573
26096,LOF,0.21548853538695345,0.005809808458624001,0.7787016561544226
26097,LOF,0.008232756520890581,0.047165348205184005,0.9446018952739255
26098,LOF,0.12073565703796948,0.023593959881352412,0.8556703830806781
26099,LOF,0.04284620057910145,0.028375641215867928,0.9287781582050306
26100,LOF,0.04282312681087652,0.02837632525741804,0.9288005479317054
26101,LOF,0.0675966474084642,0.04682198763885566,0.8855813649526803
26102,LOF,0.035664399135380886,0.025769442285301945,0.9385661585793171
26103,Neutral,0.8912363919171916,0.03303397495769801,0.07572963312511045
26104,LOF,0.061418249645677596,0.05336439569401457,0.8852173546603078
26105,LOF,0.2811626149498092,0.10559544102336335,0.6132419440268274
26106,LOF,0.30212168570401093,0.05083516397648414,0.6470431503195049
26107,LOF,0.020463723347351345,0.06944220310647695,0.9100940735461717
26108,LOF,0.2631259545552387,0.03779345951755002,0.6990805859272112
26109,LOF,0.07073846713186166,0.031043202351776905,0.8982183305163615
26110,LOF,0.42556876100085445,0.011477634282147089,0.5629536047169985
26111,LOF,0.06642545140902886,0.1189911695449209,0.8145833790460503
26112,LOF,0.05687170937361974,0.011172083722947508,0.9319562069034327
26113,LOF,0.11319238566860872,0.025767989434343448,0.8610396248970478
26114,LOF,0.08919341011753716,0.006158575888032969,0.90464801399443
26115,LOF,0.014620432206981079,0.04948307572602738,0.9358964920669917
26116,LOF,0.08155596107479743,0.018600690834671366,0.8998433480905312
26117,LOF,0.3313664394485829,0.044837118545657896,0.6237964420057591
26118,LOF,0.046555461394971555,0.02209343713451972,0.9313511014705087
26119,LOF,0.005523063233067405,0.11211568710828541,0.8823612496586473
26120,LOF,0.03188273854249362,0.022094626166011766,0.9460226352914946
26121,LOF,0.0032102373674903514,0.17704701857161495,0.8197427440608946
