feature0,prediction,LoGoFunc_Neutral,LoGoFunc_GOF,LoGoFunc_LOF
25546,Neutral,0.751027767266798,0.03179253651373313,0.21717969621946895
25547,Neutral,0.5733144858080639,0.07997577518611455,0.34670973900582147
25548,Neutral,0.5580811331418001,0.06156164947770883,0.3803572173804911
25549,Neutral,0.470515349823023,0.060945641111061155,0.4685390090659157
25550,LOF,0.3330815203331931,0.11726053558204562,0.5496579440847613
25551,LOF,0.28266073202387587,0.12397199300830214,0.5933672749678219
25552,LOF,0.19971516105000608,0.12240028228363146,0.6778845566663624
25553,Neutral,0.8351079121479161,0.031980453913631995,0.13291163393845176
25554,LOF,0.22607625130168713,0.1130836499357898,0.6608400987625231
25555,LOF,0.1893509774924613,0.09704786288318236,0.7136011596243563
25556,LOF,0.38683447398583687,0.10069445910220805,0.5124710669119551
25557,LOF,0.18494996046889403,0.10267923816977013,0.7123708013613358
25558,LOF,0.2200602881894359,0.11641226450215203,0.6635274473084121
25559,LOF,0.4025471904459005,0.07789715817459934,0.5195556513795001
25560,LOF,0.05361196517355738,0.19303857732242535,0.7533494575040173
25561,LOF,0.1037827389785406,0.22099518402589993,0.6752220769955595
25562,LOF,0.1085149589599211,0.0904297640385662,0.8010552770015128
25563,LOF,0.10935327341386518,0.08767677148962418,0.8029699550965106
25564,LOF,0.18019958506664097,0.16549991475219236,0.6543005001811667
25565,LOF,0.15636266447110933,0.1332961754540071,0.7103411600748836
25566,GOF,0.014410874412294166,0.7718445740070351,0.21374455158067077
25567,LOF,0.014976734872750712,0.15781561518918757,0.8272076499380617
25568,LOF,0.0500871988296747,0.07063370231734245,0.8792790988529829
25569,LOF,0.059735772125029014,0.07524520154519185,0.8650190263297791
25570,LOF,0.06767408429186227,0.1064452833804719,0.8258806323276657
25571,LOF,0.0633341745587508,0.09882778871639893,0.8378380367248504
25572,LOF,0.06468123182935867,0.14272993308896031,0.7925888350816811
25573,LOF,0.02916217889065618,0.10278343511280214,0.8680543859965417
25574,LOF,0.017118683971955706,0.17777993806022008,0.8051013779678242
25575,LOF,0.05112290550547925,0.11864296765326282,0.830234126841258
25576,LOF,0.02087186548488456,0.13692080340914448,0.8422073311059709
25577,LOF,0.01506882926652036,0.15625691531067906,0.8286742554228005
25578,LOF,0.2318202375198522,0.0977630329844223,0.6704167294957255
25579,LOF,0.23168899360524264,0.09677073788597267,0.6715402685087846
25580,LOF,0.034269863025840154,0.08787600286775304,0.8778541341064069
25581,LOF,0.04833463749168898,0.07981984384261258,0.8718455186656984
25582,LOF,0.047805333093840885,0.07746923335025548,0.8747254335559036
25583,LOF,0.044703704312150205,0.09958282142617787,0.8557134742616719
25584,LOF,0.436599223057402,0.10783674219922607,0.4555640347433718
25585,LOF,0.03607441595228014,0.12287696141917424,0.8410486226285456
25586,LOF,0.03577919043900103,0.09178748133802682,0.8724333282229721
25587,LOF,0.03395234557992545,0.085357541258566,0.8806901131615085
25588,LOF,0.03579234009387159,0.11153803530799564,0.8526696245981327
25589,Neutral,0.5937063317461928,0.13291252648987203,0.27338114176393513
25590,LOF,0.028140090693413344,0.1490486397072325,0.822811269599354
25591,LOF,0.09209145649774053,0.06731100017769495,0.8405975433245645
25592,LOF,0.0906798608232191,0.14629306242781645,0.7630270767489644
25593,LOF,0.018110757127751637,0.2747742916293931,0.7071149512428553
25594,LOF,0.031222840840547092,0.24649743513187974,0.7222797240275732
25595,LOF,0.04802911633662155,0.19039664624564825,0.7615742374177303
25596,LOF,0.055990994721000636,0.12999511943970615,0.8140138858392931
25597,LOF,0.05793347984266067,0.09156196440700153,0.8505045557503379
25598,LOF,0.03681728553395649,0.23764946306234777,0.7255332514036958
25599,GOF,0.006922516550993414,0.8136862323530051,0.17939125109600135
25600,GOF,0.00949272369601874,0.5690491143743655,0.4214581619296157
25601,LOF,0.008403885912254749,0.4814418297210481,0.5101542843666972
25602,LOF,0.021283468661722395,0.05179771461578252,0.9269188167224951
25603,LOF,0.03735390610313913,0.04511646548926818,0.9175296284075927
25604,LOF,0.053285271600050234,0.047134697218826245,0.8995800311811234
25605,LOF,0.010412678182877558,0.2214778460112422,0.7681094758058803
25606,LOF,0.06926202203191971,0.4116783456654672,0.5190596323026131
25607,LOF,0.005216050365353565,0.14540416862960198,0.8493797810050445
25608,LOF,0.0617922020715439,0.04969375763081374,0.8885140402976422
25609,LOF,0.052221993070837795,0.34251250607540557,0.6052655008537565
25610,LOF,0.04548339198352458,0.032603915912712424,0.9219126921037629
25611,LOF,0.04998973319021988,0.03105842268057408,0.9189518441292059
25612,LOF,0.09160766430981848,0.056178288393267634,0.852214047296914
25613,LOF,0.08080309644773433,0.05396215553046325,0.8652347480218024
25614,LOF,0.036288756478612516,0.04256912400821853,0.9211421195131689
25615,LOF,0.05623900089858443,0.038928410305217945,0.9048325887961978
25616,LOF,0.036832002333863335,0.03960570458822899,0.9235622930779076
25617,LOF,0.03580639183913846,0.04430914782672139,0.9198844603341402
25618,LOF,0.22005588922050565,0.043057670353521656,0.7368864404259726
25619,LOF,0.03537245381213818,0.03786714041204716,0.9267604057758146
25620,LOF,0.041586230994276774,0.04649651645613504,0.9119172525495882
25621,LOF,0.029775941255368362,0.03905193971975734,0.9311721190248744
25622,LOF,0.03006112796845634,0.049523339956342796,0.9204155320752008
25623,LOF,0.06799038480524747,0.03516338356605353,0.896846231628699
25624,LOF,0.02976280336082472,0.04971828739604453,0.9205189092431306
25625,LOF,0.0330515511654961,0.05048692191467202,0.9164615269198318
25626,LOF,0.06855432214307772,0.03836906124436868,0.8930766166125536
25627,Neutral,0.5738259775980166,0.12665905452227194,0.29951496787971144
25628,LOF,0.18565437497829745,0.06601933330365575,0.7483262917180469
25629,LOF,0.060514850919670564,0.1373187137337837,0.8021664353465456
25630,LOF,0.17845586244961956,0.1186045096812044,0.702939627869176
25631,Neutral,0.5850637186698174,0.0946113864322941,0.32032489489788846
25632,LOF,0.022482966768534562,0.07889846333326117,0.8986185698982043
25633,LOF,0.23834535275576912,0.0930821994246059,0.6685724478196249
25634,LOF,0.035694780546762006,0.1131048313855511,0.8512003880676868
25635,LOF,0.0462051542704326,0.0920182967592149,0.8617765489703525
25636,GOF,0.005213546792989847,0.5167236667806321,0.47806278642637806
25637,LOF,0.004569999801567611,0.4722981207911256,0.5231318794073069
25638,LOF,0.008680504357634473,0.3763138989454982,0.6150055966968674
25639,LOF,0.0049626852518545915,0.3807205135639546,0.6143168011841909
25640,GOF,0.4378800389785334,0.5216359847063049,0.04048397631516166
25641,LOF,0.007609631271889816,0.3732369764736943,0.6191533922544159
25642,LOF,0.2648180480566999,0.0809830529318347,0.6541988990114653
25643,LOF,0.19149525299273884,0.3087996070705087,0.4997051399367525
25644,LOF,0.026644667657391295,0.4359023671283496,0.5374529652142591
25645,LOF,0.020273154863761883,0.38512465134227797,0.5946021937939602
25646,LOF,0.019456257102155428,0.2453800625357323,0.7351636803621122
25647,LOF,0.018615591416106938,0.20506817620628787,0.7763162323776052
25648,LOF,0.015784798777647758,0.2129130211281954,0.7713021800941567
25649,LOF,0.014393090797404539,0.1605327386593815,0.825074170543214
25650,LOF,0.042372078267154875,0.4196720257565798,0.5379558959762654
25651,LOF,0.01252436977045096,0.19207495881661776,0.7954006714129312
25652,LOF,0.018001788548937327,0.1914189422881708,0.7905792691628919
25653,LOF,0.09745065779750678,0.31821796406316166,0.5843313781393316
25654,LOF,0.016277299036002366,0.19229638999852344,0.7914263109654742
25655,LOF,0.11692260769412263,0.23259170602688758,0.6504856862789897
25656,LOF,0.059964372303747356,0.06376841290553842,0.8762672147907141
25657,LOF,0.2956829218732772,0.028694745404674954,0.6756223327220477
25658,LOF,0.03147348175032698,0.07708185054284888,0.8914446677068242
25659,LOF,0.2304502723068693,0.05339026132464195,0.7161594663684887
25660,LOF,0.08502782123817908,0.11496628874092726,0.8000058900208937
25661,LOF,0.07131426797154691,0.07956646329889416,0.849119268729559
25662,LOF,0.032049435761049946,0.05379293527830262,0.9141576289606475
25663,LOF,0.04181890984290636,0.08535295834348171,0.8728281318136119
25664,LOF,0.029216472739323537,0.1310403383589881,0.8397431889016883
25665,LOF,0.0519090205770699,0.050944460791623146,0.8971465186313069
25666,LOF,0.03647826142775758,0.17697316119831408,0.7865485773739282
25667,LOF,0.03345345973012136,0.06314074002134208,0.9034058002485366
25668,LOF,0.04733322997867734,0.06250551013024629,0.8901612598910764
25669,LOF,0.05091611301857008,0.10665798983193055,0.8424258971494993
25670,LOF,0.14665005955846203,0.09462597444507671,0.7587239659964613
25671,LOF,0.039802424259260206,0.059266561670099915,0.90093101407064
25672,LOF,0.0517016012920489,0.08729494674430288,0.8610034519636482
25673,LOF,0.037104984669069425,0.08528757959605228,0.8776074357348783
25674,LOF,0.026700586530810564,0.09871345476810377,0.8745859587010857
25675,LOF,0.037474158288860686,0.08099707888229575,0.8815287628288435
25676,LOF,0.03252371716935455,0.07949135113099816,0.8879849316996473
25677,LOF,0.08230859264726263,0.07007405266943902,0.8476173546832982
25678,LOF,0.1485206804917005,0.05727038694040267,0.7942089325678969
25679,LOF,0.1021368778128745,0.08760902558452936,0.8102540966025962
25680,LOF,0.08615521001770778,0.1077458625809507,0.8060989274013415
25681,LOF,0.10086521875329467,0.10166248671857521,0.7974722945281301
25682,LOF,0.053172445537855294,0.08771724401258657,0.8591103104495581
25683,LOF,0.0762006386878215,0.11798402317271856,0.8058153381394599
25684,LOF,0.0632051894789931,0.08013338923867404,0.8566614212823329
25685,LOF,0.1228291610888491,0.0401405446935903,0.8370302942175606
25686,LOF,0.033117636221644424,0.08224209910362752,0.8846402646747281
25687,LOF,0.06514986222887785,0.08865761781771744,0.8461925199534046
25688,LOF,0.02156938571379288,0.14953087132776743,0.8288997429584396
25689,LOF,0.01769722247808158,0.08147434832142729,0.9008284292004912
25690,LOF,0.018990110215380062,0.1059865970607289,0.875023292723891
25691,LOF,0.1308548824112663,0.1646569203199217,0.704488197268812
25692,LOF,0.190016356675779,0.021533275299822654,0.7884503680243984
25693,LOF,0.03988439702088964,0.1688389086466392,0.7912766943324712
25694,LOF,0.2526194555125047,0.01249504737379597,0.7348854971136993
25695,LOF,0.18698955811311366,0.01735643524858472,0.7956540066383017
25696,LOF,0.15859857429638397,0.009683608269559454,0.8317178174340566
25697,LOF,0.11725532107438592,0.033111995928307644,0.8496326829973064
25698,LOF,0.02903724451994474,0.35853141952259765,0.6124313359574575
25699,LOF,0.08269862805977336,0.08250722323983771,0.8347941487003889
25700,LOF,0.03556636018276465,0.014357651264285932,0.9500759885529494
25701,LOF,0.016001496211826834,0.0816594618721925,0.9023390419159807
25702,GOF,0.02682574720553544,0.7661530174974279,0.20702123529703678
25703,LOF,0.01660912729399151,0.20516353989334585,0.7782273328126625
25704,LOF,0.1047446043481508,0.18045220541367432,0.714803190238175
25705,LOF,0.08581191794813425,0.28482977324807374,0.6293583088037921
25706,GOF,0.029953221090675122,0.6361504726227281,0.33389630628659694
25707,GOF,0.030279147390940203,0.6218661762848338,0.347854676324226
25708,GOF,0.007863865074051832,0.6208039936641808,0.3713321412617674
25709,LOF,0.02264669122645906,0.10318127120433393,0.8741720375692069
25710,LOF,0.00487229579381167,0.25575340965939425,0.739374294546794
25711,LOF,0.02583388786835555,0.15886428742055594,0.8153018247110885
25712,LOF,0.005655867950053554,0.33552669698930054,0.6588174350606459
25713,LOF,0.022471373432883763,0.1414007920882344,0.8361278344788818
25714,LOF,0.026442810086836813,0.1878273834425252,0.785729806470638
25715,LOF,0.026693163269026113,0.1618939533937735,0.8114128833372005
25716,LOF,0.008648983815007944,0.18000599257782227,0.8113450236071699
25717,LOF,0.00567965309882926,0.1782372828496721,0.8160830640514987
25718,LOF,0.024927030239144398,0.11173675211946116,0.8633362176413946
25719,LOF,0.032326169553743234,0.13930485850737048,0.8283689719388863
25720,LOF,0.032478890650371996,0.1297165525669556,0.8378045567826723
25721,LOF,0.02867825197358601,0.12626787576278908,0.8450538722636249
25722,LOF,0.01761048387445506,0.17015454662996524,0.8122349694955796
25723,LOF,0.026971083063273074,0.11287653543653273,0.8601523815001942
25724,LOF,0.02779779497176866,0.1868029435343968,0.7853992614938345
25725,LOF,0.02671730860646748,0.10960239023578953,0.8636803011577431
25726,LOF,0.01789566878463366,0.14190542837135345,0.8401989028440129
25727,LOF,0.02450245332207802,0.14380351629179416,0.8316940303861278
25728,LOF,0.02544586671443715,0.13827274952801186,0.836281383757551
25729,LOF,0.024616482240312817,0.14794808976765345,0.8274354279920337
25730,LOF,0.027554305254784053,0.10625692993497407,0.8661887648102419
25731,LOF,0.010098516457562184,0.23029634979665722,0.7596051337457805
25732,LOF,0.02186818611730064,0.12379601218961013,0.8543358016930893
25733,LOF,0.03383121764745478,0.12681740979837353,0.8393513725541717
25734,LOF,0.005381700625970613,0.3206313107437942,0.6739869886302352
25735,LOF,0.024726624835409806,0.10809097020660843,0.8671824049579817
25736,LOF,0.02242122549442087,0.1634412572570281,0.814137517248551
25737,LOF,0.04528697973092686,0.16969466392782628,0.785018356341247
25738,LOF,0.023368848970269567,0.19816599789150388,0.7784651531382265
25739,LOF,0.02728964579691671,0.17155197301528752,0.8011583811877958
25740,LOF,0.030864330236099878,0.1789051036171605,0.7902305661467396
25741,LOF,0.033430786039961816,0.16029453304808042,0.8062746809119579
25742,LOF,0.04493612295163207,0.16564454952291432,0.7894193275254536
25743,LOF,0.012678112697695842,0.03133777525188578,0.9559841120504183
25744,LOF,0.17470661469578114,0.3015661719758689,0.52372721332835
25745,LOF,0.03410382399597603,0.10243335540509005,0.8634628205989339
25746,LOF,0.014900985503334794,0.14586265172246368,0.8392363627742015
25747,LOF,0.040786919226771495,0.03591039584432153,0.923302684928907
25748,LOF,0.28029297649457857,0.06420292930855682,0.6555040941968645
25749,LOF,0.012794799167243158,0.08446678271916369,0.9027384181135931
25750,LOF,0.020251938928263626,0.08045339313145697,0.8992946679402795
25751,LOF,0.04661993249085431,0.06337089826839722,0.8900091692407484
25752,GOF,0.08549961045225349,0.7155379993547415,0.19896239019300502
25753,LOF,0.006754021117217349,0.39546200639166285,0.5977839724911199
25754,GOF,0.007169768531472703,0.8804523822506041,0.11237784921792318
25755,LOF,0.006780886543811293,0.4450603274927955,0.5481587859633932
25756,LOF,0.02858701976092498,0.4353967180283229,0.536016262210752
25757,GOF,0.008053675635620955,0.867492397198476,0.124453927165903
25758,GOF,0.00810917307394529,0.8740147196579878,0.11787610726806692
25759,GOF,0.00573158034616622,0.6296091779500468,0.36465924170378705
25760,LOF,0.005696836861044664,0.34082822738501656,0.6534749357539389
25761,GOF,0.05131028315855091,0.8404894090130665,0.10820030782838252
25762,LOF,0.03205216853606931,0.366504218274292,0.6014436131896387
25763,LOF,0.0064815327591696845,0.29106078214321723,0.7024576850976131
25764,GOF,0.057541751718423635,0.633632170170542,0.30882607811103446
25765,GOF,0.0076389833267693046,0.851552034944457,0.1408089817287736
25766,GOF,0.052123979219752745,0.8142395143135868,0.13363650646666053
25767,GOF,0.016183492221588942,0.5658878282040144,0.41792867957439683
25768,LOF,0.04946832275030872,0.06139433456142725,0.8891373426882639
25769,LOF,0.029828115924027083,0.06610460903915955,0.9040672750368133
25770,LOF,0.12665957701677638,0.05944009106368193,0.8139003319195417
25771,LOF,0.015988603538879983,0.052491982733516705,0.9315194137276033
25772,LOF,0.031369184875649124,0.02208867149831294,0.946542143626038
25773,LOF,0.021267663136330717,0.050671197893594366,0.9280611389700749
25774,LOF,0.02454975378096701,0.09488463146563607,0.880565614753397
25775,LOF,0.022358786508006958,0.03331257025844326,0.9443286432335498
25776,LOF,0.03434884552635254,0.01982577159891703,0.9458253828747304
25777,LOF,0.13377875635952505,0.054436908717880435,0.8117843349225946
25778,LOF,0.024297623374930393,0.04567140843627559,0.9300309681887942
25779,GOF,0.04758983924794062,0.8917327498313958,0.06067741092066367
25780,GOF,0.07448367730052949,0.8746161068417305,0.050900215857739864
25781,GOF,0.03185621100381585,0.8658865668344027,0.10225722216178126
25782,GOF,0.03232592715848022,0.906890298204406,0.06078377463711362
25783,GOF,0.03025678583301101,0.9258430633794805,0.04390015078750859
25784,GOF,0.07997699546975023,0.8728194653238536,0.04720353920639616
25785,GOF,0.0894797162957985,0.8698382361307813,0.04068204757342028
25786,GOF,0.009727076878650444,0.878173679033479,0.11209924408787049
25787,GOF,0.21961525933108733,0.73671628977246,0.04366845089645262
25788,LOF,0.017421320468210294,0.1765932237188099,0.8059854558129799
25789,GOF,0.016962437060893964,0.8680273925733396,0.11501017036576666
25790,GOF,0.02707567961690461,0.8918832313045771,0.08104108907851817
25791,GOF,0.024335746582564873,0.7781041854907074,0.1975600679267279
25792,GOF,0.028397924656474803,0.8128015188076635,0.15880055653586178
25793,GOF,0.0616639893372634,0.8568676168107459,0.0814683938519908
25794,GOF,0.03783857405412889,0.7780158694344536,0.18414555651141748
25795,GOF,0.05371619790506519,0.7404996865626821,0.20578411553225262
25796,GOF,0.10404471040231442,0.8095772619283685,0.08637802766931703
25797,GOF,0.0787334036399522,0.733009369789622,0.18825722657042585
25798,GOF,0.006792339569926334,0.765502349424095,0.22770531100597863
25799,GOF,0.004415517385676805,0.6987799430037105,0.29680453961061276
25800,GOF,0.027665443242276704,0.8332464300023112,0.13908812675541204
25801,GOF,0.02052301398368531,0.9024731193956893,0.07700386662062542
25802,GOF,0.03242827650771557,0.8301412983646976,0.13743042512758696
25803,GOF,0.02382196222382297,0.7145549967885395,0.26162304098763756
25804,GOF,0.03715254580547089,0.7742794524910341,0.18856800170349486
25805,GOF,0.027090360983736916,0.7965230351956,0.17638660382066315
25806,GOF,0.03739818826205021,0.793212275076592,0.16938953666135786
25807,GOF,0.010944858934998074,0.762374641745134,0.22668049931986778
25808,GOF,0.02131707550357308,0.7810797492868771,0.19760317520954984
25809,GOF,0.010993017200021623,0.746250342124879,0.24275664067509944
25810,GOF,0.008754303485925414,0.7288764680578588,0.2623692284562157
25811,GOF,0.0596641121654949,0.86483564972927,0.07550023810523508
25812,GOF,0.02822370486548088,0.7936828214530657,0.1780934736814533
25813,GOF,0.1380355224362876,0.792097139747387,0.06986733781632555
25814,GOF,0.028513812240276437,0.8197689461680813,0.1517172415916423
25815,GOF,0.056261984039317,0.8339783685347296,0.10975964742595355
25816,GOF,0.008491926029519845,0.8769933892352956,0.11451468473518461
25817,GOF,0.10533123959149215,0.7891031674429538,0.10556559296555398
25818,GOF,0.0311426245761507,0.8134264770382693,0.15543089838557997
25819,GOF,0.043210648230391294,0.7722911675386104,0.18449818423099829
25820,GOF,0.03945206911595278,0.7318286003272845,0.22871933055676277
25821,GOF,0.028538259196446168,0.7593590700631306,0.21210267074042324
25822,GOF,0.04810573043732478,0.7607350718346716,0.1911591977280037
25823,GOF,0.029855273194965098,0.748738344176023,0.22140638262901197
25824,GOF,0.028980157113743278,0.8083933734925932,0.1626264693936635
25825,GOF,0.02288409475025036,0.8047066104878313,0.17240929476191832
25826,GOF,0.010203433788648481,0.7512688742747027,0.2385276919366489
25827,GOF,0.0137918274640398,0.6873350693451507,0.2988731031908097
25828,GOF,0.01113581455480209,0.728444721148165,0.26041946429703294
25829,GOF,0.004098190463510585,0.6705255794646331,0.3253762300718564
25830,GOF,0.04563013172013154,0.49335424966618596,0.46101561861368234
25831,GOF,0.06173470091399401,0.8031663501380633,0.13509894894794278
25832,GOF,0.010905358942076712,0.762691081728399,0.22640355932952433
25833,GOF,0.03990693970896768,0.8272353710292405,0.13285768926179178
25834,GOF,0.011495717424831912,0.7700446925438105,0.21845959003135756
25835,GOF,0.024773248012225763,0.8416320762602663,0.13359467572750797
25836,GOF,0.007475503983516866,0.7590090084284131,0.23351548758807014
25837,GOF,0.010227494979585132,0.7779218336979998,0.2118506713224152
25838,GOF,0.027536478785748837,0.8352314574441961,0.13723206377005506
25839,GOF,0.08476734447775984,0.7804938430404571,0.13473881248178315
25840,GOF,0.11018586888271134,0.772084167411704,0.11772996370558475
25841,GOF,0.11093820880866888,0.799569569696791,0.0894922214945401
25842,GOF,0.03271284352317524,0.8837350485857262,0.08355210789109868
25843,GOF,0.03284642311494313,0.886456183521179,0.08069739336387775
25844,GOF,0.022483503280804215,0.8469034889291747,0.13061300779002102
25845,GOF,0.00784407541502735,0.7544981032613995,0.237657821323573
25846,GOF,0.09057900308145124,0.8117381901138592,0.09768280680468955
25847,GOF,0.02019934141061734,0.8887121532230938,0.091088505366289
25848,GOF,0.028054246762733166,0.8544504985521499,0.11749525468511683
25849,GOF,0.008580448686182301,0.831849489151569,0.15957006216224853
25850,GOF,0.007424949047636487,0.7522551589696407,0.24031989198272294
25851,GOF,0.006991916789619422,0.6925958356484652,0.3004122475619155
25852,GOF,0.16420861480379909,0.5574189931204322,0.2783723920757687
25853,GOF,0.062357241180784985,0.8331794222208431,0.1044633365983719
25854,GOF,0.007131499839992897,0.718131408445123,0.2747370917148842
25855,GOF,0.021259091193821925,0.6805055979503808,0.2982353108557973
25856,GOF,0.04030302726390319,0.7686458644854954,0.1910511082506014
25857,GOF,0.020780360550909396,0.6829675613966955,0.2962520780523952
25858,GOF,0.011341782349057906,0.6942280332781553,0.29443018437278695
25859,GOF,0.008074870537309821,0.686244154898272,0.3056809745644183
25860,GOF,0.08036715070457509,0.7902753658385124,0.1293574834569125
25861,GOF,0.1064692047471517,0.7875060634880358,0.10602473176481264
25862,GOF,0.027280348114692904,0.8862609808148468,0.08645867107046015
25863,GOF,0.02495530050544841,0.8824573088340202,0.09258739066053143
25864,GOF,0.06701083130955525,0.8753330051026171,0.057656163587827644
25865,GOF,0.05382827698038047,0.8573600739823972,0.08881164903722238
25866,GOF,0.027429603408012784,0.8829542885385326,0.08961610805345474
25867,GOF,0.04697444254102135,0.8783845722504383,0.07464098520854034
25868,GOF,0.0760404204825872,0.8202584406576443,0.10370113885976866
25869,GOF,0.36805857706231865,0.5437506743407259,0.08819074859695548
25870,GOF,0.07467960877771203,0.534816450078124,0.3905039411441639
25871,GOF,0.01258730156907844,0.8624923324403629,0.12492036599055871
25872,GOF,0.02469837031400953,0.8480891550164794,0.12721247466951102
25873,GOF,0.025109126078306756,0.8877536993675259,0.08713717455416736
25874,LOF,0.018131872926811995,0.18814509236746427,0.7937230347057237
25875,LOF,0.03656222774371046,0.053735608583566984,0.9097021636727226
25876,LOF,0.02117598369941787,0.03973416599745597,0.9390898503031261
25877,LOF,0.12092895914998697,0.09726032885619836,0.7818107119938147
25878,LOF,0.09843841999208641,0.12439938528097903,0.7771621947269345
25879,LOF,0.0151661298839316,0.09592997681950748,0.8889038932965609
25880,LOF,0.07165163017708545,0.014796493701820027,0.9135518761210945
25881,Neutral,0.5456569991115726,0.09136628809233549,0.36297671279609195
25882,LOF,0.07023133375828734,0.027265693550294984,0.9025029726914177
25883,LOF,0.028785789384427714,0.031477334845219,0.9397368757703533
25884,LOF,0.018818330924164475,0.04704111501080223,0.9341405540650333
25885,LOF,0.19898694241951528,0.01362495924397399,0.7873880983365107
25886,LOF,0.27389791329839713,0.0620107704770813,0.6640913162245216
25887,LOF,0.12954966306177457,0.12340636565399458,0.7470439712842308
25888,LOF,0.007586217567110886,0.1635055800358733,0.8289082023970158
25889,LOF,0.026548752193179554,0.0417765268171187,0.9316747209897018
25890,LOF,0.19614710975378521,0.05979158174480322,0.7440613085014115
25891,LOF,0.12764007244165382,0.02480919848103268,0.8475507290773134
25892,LOF,0.008192466108358441,0.034385758882708145,0.9574217750089336
25893,LOF,0.3823905813533352,0.009075082593199042,0.6085343360534657
25894,LOF,0.3832916861266215,0.0068099966008427805,0.6098983172725359
25895,LOF,0.3198428791108842,0.014675948460258773,0.665481172428857
25896,LOF,0.0691153300326712,0.03210883827412618,0.8987758316932026
25897,LOF,0.12248641541766095,0.011901889967267718,0.8656116946150715
25898,LOF,0.12367178479852035,0.03445262044417654,0.8418755947573032
25899,LOF,0.4107325923453663,0.03288667683393115,0.5563807308207026
25900,LOF,0.48621741960820025,0.011006583219443533,0.5027759971723562
25901,LOF,0.08737170200726652,0.012215920462176852,0.9004123775305566
25902,LOF,0.09035458461040302,0.014128412750430063,0.8955170026391669
25903,LOF,0.27274399332523036,0.026854666584013025,0.7004013400907566
25904,Neutral,0.5028800739676207,0.04275262964236155,0.45436729639001777
25905,LOF,0.006472463821042173,0.43526518131898695,0.558262354859971
25906,LOF,0.009225755395091738,0.07387306901593331,0.916901175588975
25907,LOF,0.009404152468671885,0.29172677848723916,0.6988690690440889
25908,LOF,0.009370287549980351,0.29126892216246186,0.6993607902875578
25909,LOF,0.032359233873099,0.1092185077277791,0.8584222583991219
25910,LOF,0.012808668659301093,0.14164941050657193,0.845541920834127
25911,LOF,0.19715758787889145,0.023108840263859603,0.7797335718572489
25912,LOF,0.09996875638824848,0.018024234901573507,0.8820070087101779
25913,LOF,0.02395163345925931,0.030881594933106007,0.9451667716076347
25914,LOF,0.04467569894171092,0.023811913289751872,0.9315123877685373
25915,LOF,0.22400931274102356,0.0977758301522857,0.6782148571066907
25916,LOF,0.025339754747111514,0.0537658188105884,0.9208944264423001
25917,LOF,0.07291148315211671,0.024210982948183104,0.9028775338997
25918,LOF,0.04463972476431029,0.012353129778693801,0.9430071454569959
25919,LOF,0.03699299593492387,0.012665995302293308,0.9503410087627828
25920,LOF,0.3260971243481515,0.2855523272855667,0.38835054836628186
25921,LOF,0.0167802623836112,0.02071665358219049,0.9625030840341983
25922,LOF,0.015391598405226364,0.02278364543729158,0.9618247561574821
25923,LOF,0.45183626632544566,0.014701505076669607,0.5334622285978848
25924,LOF,0.027354408754326712,0.02760569756690791,0.9450398936787655
25925,LOF,0.10223443715577722,0.029191563557973383,0.8685739992862493
25926,LOF,0.08637668642019858,0.020354853866288124,0.8932684597135134
25927,LOF,0.02744773389416303,0.04977651500670835,0.9227757510991286
25928,LOF,0.01244439607158534,0.02960071795725667,0.957954885971158
25929,Neutral,0.5681694331200186,0.014188866738097116,0.4176417001418843
25930,LOF,0.08784185172804841,0.01429882554254936,0.8978593227294023
25931,LOF,0.01478360619042621,0.01750467103377354,0.9677117227758003
25932,LOF,0.08102295897703819,0.01804649950113232,0.9009305415218295
25933,LOF,0.09021003593094638,0.011223134860691843,0.8985668292083617
25934,LOF,0.08532784769970363,0.00942512729609031,0.9052470250042061
25935,LOF,0.09660152476913103,0.027131205307615005,0.8762672699232539
25936,LOF,0.11006073078154739,0.010258908209820493,0.8796803610086321
25937,LOF,0.02250741948265446,0.015257809782350263,0.9622347707349953
25938,LOF,0.09997704292047967,0.025229229411991926,0.8747937276675284
25939,LOF,0.06878455178092965,0.013464716742141088,0.9177507314769292
25940,GOF,0.009446029868064074,0.5396823911382752,0.4508715789936607
25941,LOF,0.42388083199413934,0.04742891470816879,0.5286902532976918
25942,LOF,0.010841907566715875,0.05502322395757116,0.9341348684757129
25943,LOF,0.04171519594517073,0.17448142043762793,0.7838033836172014
25944,LOF,0.03705854748539777,0.0850584291192503,0.877883023395352
25945,LOF,0.16017551333650323,0.024500854657278793,0.8153236320062179
25946,LOF,0.06627164554222777,0.03755521803773854,0.8961731364200337
25947,Neutral,0.46695171182152084,0.10118238129382276,0.4318659068846564
25948,LOF,0.3839841421278759,0.0164970150241837,0.5995188428479404
25949,LOF,0.14363929448645266,0.08161603436223051,0.7747446711513168
25950,GOF,0.12058604318796867,0.5657310157565151,0.3136829410555162
25951,LOF,0.018029715854889796,0.45048143152020226,0.531488852624908
25952,LOF,0.2203492891222048,0.23789645924269462,0.5417542516351006
25953,LOF,0.00941365359270475,0.37535149240251414,0.6152348540047811
25954,GOF,0.11354463867411178,0.4609604443931702,0.42549491693271785
25955,LOF,0.009475198985271613,0.2494207660406733,0.7411040349740551
25956,LOF,0.012594871496868344,0.36423333792716917,0.6231717905759625
25957,LOF,0.1557615715776648,0.042269317940991785,0.8019691104813435
25958,LOF,0.03158406294937926,0.05878975721003981,0.9096261798405809
25959,GOF,0.007638846833968192,0.7767440842756471,0.21561706889038468
25960,LOF,0.004292982489807107,0.1309762067311481,0.8647308107790448
25961,LOF,0.029805206621231664,0.047283915977148504,0.9229108774016199
25962,LOF,0.033983569412422206,0.07136935881751391,0.894647071770064
25963,LOF,0.007638284377887235,0.1242973370888075,0.8680643785333053
25964,LOF,0.03826194551043558,0.14842667984394445,0.81331137464562
25965,LOF,0.25275557438073065,0.15790230374651787,0.5893421218727515
25966,LOF,0.3488493010011526,0.11600662423854859,0.5351440747602988
25967,LOF,0.0068012289789697936,0.08993641178282821,0.9032623592382021
25968,LOF,0.04258994908603581,0.27172523904128776,0.6856848118726765
25969,LOF,0.1454402515363918,0.06200318699444922,0.7925565614691589
25970,LOF,0.06512498039736518,0.06498291450805949,0.8698921050945755
25971,LOF,0.06408705925294085,0.03244844377792088,0.9034644969691383
25972,LOF,0.08705738227691139,0.056088203344391976,0.8568544143786966
25973,LOF,0.05442300888687767,0.012585732667845255,0.932991258445277
25974,LOF,0.04649994902173984,0.04833474735179329,0.9051653036264669
25975,LOF,0.03557154403056308,0.019074188927288432,0.9453542670421484
25976,LOF,0.08667411472929093,0.012633893219656838,0.9006919920510522
25977,LOF,0.2523997074036361,0.053339926882715785,0.6942603657136481
25978,LOF,0.16461169040532006,0.13525892445987228,0.7001293851348076
25979,LOF,0.13780377782606168,0.15433072269676273,0.7078654994771757
25980,LOF,0.20993932791833694,0.20872559669811006,0.581335075383553
25981,LOF,0.21070470595200264,0.21114798223374942,0.5781473118142479
25982,LOF,0.35998635124938383,0.12071136586406613,0.5193022828865501
25983,LOF,0.4308202747777961,0.1201118641603388,0.449067861061865
25984,LOF,0.06893638993268149,0.08580543898889785,0.8452581710784207
25985,Neutral,0.4788876487922951,0.1335756712158736,0.38753667999183133
25986,LOF,0.01361849346239815,0.4777547659040894,0.5086267406335125
25987,LOF,0.04159948946955869,0.09827052553546738,0.860129984994974
25988,LOF,0.0657067369783502,0.14375865538832547,0.7905346076333244
25989,LOF,0.07874749396751023,0.2043903693193982,0.7168621367130916
25990,LOF,0.05639228695162648,0.3345806691190978,0.6090270439292758
25991,LOF,0.028219027939950733,0.4824209198563746,0.4893600522036748
25992,LOF,0.01931039133919791,0.44014861987971793,0.5405409887810841
25993,LOF,0.021242955541651076,0.057450351311441175,0.9213066931469078
25994,LOF,0.03088667808053442,0.05900205018887895,0.9101112717305866
25995,LOF,0.019833275032530254,0.11059144097589035,0.8695752839915795
25996,GOF,0.3612082726118249,0.39849253547519126,0.2402991919129839
25997,LOF,0.062352505028499296,0.45204299574626716,0.4856044992252336
25998,LOF,0.23780491369562265,0.04384314067801663,0.7183519456263606
25999,LOF,0.043817663578903245,0.13256932788929449,0.8236130085318022
26000,LOF,0.140485662018795,0.0152089888203327,0.8443053491608722
26001,LOF,0.19468494185227536,0.02376583458226519,0.7815492235654594
26002,LOF,0.10334830699021681,0.029619520887346366,0.8670321721224368
26003,GOF,0.00608448728305932,0.6029907018202728,0.390924810896668
26004,GOF,0.01239662875046552,0.595305416250764,0.3922979549987705
26005,LOF,0.004376201093994241,0.4684239658262619,0.5271998330797438
26006,GOF,0.09518189550871069,0.4989864473150448,0.40583165717624453
26007,LOF,0.007940252852163553,0.48764473325334246,0.5044150138944941
26008,GOF,0.0060956099345485446,0.5603773761551215,0.4335270139103299
26009,GOF,0.01052570150547105,0.6153883499524799,0.37408594854204896
26010,GOF,0.008209774081139903,0.5890397064380156,0.40275051948084445
26011,LOF,0.00412481289971087,0.39541349923496905,0.6004616878653202
26012,GOF,0.005272322286456166,0.5393864399012873,0.4553412378122565
26013,GOF,0.01021044228683637,0.5325969041250176,0.4571926535881461
26014,LOF,0.04391717040096786,0.07847582068584978,0.8776070089131824
26015,LOF,0.370547069485282,0.021926826093378197,0.6075261044213398
26016,LOF,0.2930851589554893,0.03708022005241651,0.6698346209920941
26017,LOF,0.013600195674584299,0.17899182554471288,0.8074079787807029
26018,LOF,0.02588679702706837,0.0798149751993997,0.894298227773532
26019,LOF,0.025631973620278733,0.07057212560923552,0.9037959007704858
26020,LOF,0.006819667697349994,0.18866380588807072,0.8045165264145793
26021,LOF,0.06427564580346369,0.0883812884379122,0.8473430657586241
26022,LOF,0.03471319914677533,0.03470927407801243,0.9305775267752122
26023,LOF,0.021612459484766783,0.05062336197892232,0.9277641785363109
26024,LOF,0.03872402106208563,0.06658200963184775,0.8946939693060666
26025,LOF,0.11633268417099224,0.0678296675997388,0.815837648229269
26026,LOF,0.10665143615780029,0.04972142374373578,0.843627140098464
26027,LOF,0.02698235564045916,0.029598208984690497,0.9434194353748503
26028,LOF,0.06262891439246815,0.15651574801494164,0.7808553375925902
26029,LOF,0.02463409956555124,0.14680737789214823,0.8285585225423006
26030,LOF,0.13010684527737487,0.0214034087172385,0.8484897460053866
26031,LOF,0.01181567987100138,0.13597950446661053,0.852204815662388
26032,LOF,0.03592571809877469,0.04182533166820106,0.9222489502330242
26033,LOF,0.03952431845498214,0.04280363321612076,0.9176720483288971
26034,LOF,0.015614662483994996,0.0985315043498713,0.8858538331661336
26035,LOF,0.010915972072720843,0.09970804333947805,0.889375984587801
26036,LOF,0.010546493548746093,0.08685641578418112,0.9025970906670727
26037,LOF,0.009669947716096399,0.08970275999290121,0.9006272922910025
26038,LOF,0.030911627623276403,0.03678032423949205,0.9323080481372314
26039,LOF,0.02939017632321882,0.11801026016564203,0.8525995635111392
26040,LOF,0.0872408108887639,0.09986731002498496,0.8128918790862512
26041,LOF,0.011285854508453059,0.09140118133223037,0.8973129641593166
26042,LOF,0.01051567576151642,0.09524106475836208,0.8942432594801214
26043,LOF,0.030541224641182023,0.06410293642460366,0.9053558389342143
26044,LOF,0.006494794288513463,0.04512992883723896,0.9483752768742475
26045,LOF,0.06191178816291673,0.14058310216321368,0.7975051096738696
26046,LOF,0.027315247823385992,0.04480204537542239,0.9278827068011917
26047,LOF,0.05762001354381943,0.04546343174079333,0.8969165547153872
26048,LOF,0.08730235772309859,0.01658267590529131,0.8961149663716101
26049,Neutral,0.9449690275661617,0.00587447169595341,0.04915650073788485
26050,Neutral,0.9098913399804767,0.006286530104851125,0.08382212991467217
26051,LOF,0.028971018402347122,0.09344531575941036,0.8775836658382425
26052,LOF,0.032403575779477396,0.07655983104740273,0.8910365931731199
26053,LOF,0.02092651643248257,0.13379969217412488,0.8452737913933925
26054,LOF,0.04622925243076564,0.041410857453335254,0.912359890115899
26055,LOF,0.06603364420882202,0.035412323134025224,0.8985540326571528
26056,LOF,0.05534551071127139,0.04744818604097336,0.8972063032477552
26057,LOF,0.05795900656383237,0.022982455776885465,0.9190585376592821
26058,LOF,0.06339248101613816,0.017656745216299747,0.9189507737675621
26059,LOF,0.19981980683499673,0.03409160378069742,0.7660885893843058
26060,LOF,0.014772451348847354,0.20675077778492812,0.7784767708662246
26061,LOF,0.011255772483823019,0.015445469744191498,0.9732987577719854
26062,LOF,0.005420671674808436,0.021246113015996184,0.9733332153091954
26063,LOF,0.04944951171520834,0.015126885811109629,0.9354236024736821
26064,LOF,0.015964922933559923,0.020186627498303557,0.9638484495681365
26065,LOF,0.06498226781420538,0.020251538605458752,0.9147661935803358
26066,LOF,0.04707233722220749,0.014516842547516378,0.9384108202302761
26067,LOF,0.05840462021871714,0.01426630854044127,0.9273290712408415
26068,LOF,0.050070315659855896,0.04172800901972823,0.9082016753204158
26069,LOF,0.22034275331127848,0.029073203286020685,0.7505840434027008
26070,LOF,0.43421565630713815,0.01970793044613402,0.5460764132467278
26071,LOF,0.05367473722303495,0.01669612591334945,0.9296291368636156
26072,LOF,0.006476976344783694,0.022528492932910992,0.9709945307223053
26073,LOF,0.041092186531199504,0.01935047417306663,0.9395573392957338
26074,Neutral,0.7932885463532227,0.013472876061183362,0.19323857758559393
26075,LOF,0.04545171918583552,0.03307895391446769,0.9214693268996969
26076,LOF,0.0418044239565239,0.016638105209981945,0.9415574708334942
26077,LOF,0.14254093062134765,0.011354512505095239,0.8461045568735571
26078,LOF,0.006080895932451407,0.02662623834819908,0.9672928657193495
26079,LOF,0.05494510111743709,0.027499812480870505,0.9175550864016925
26080,LOF,0.05400480173517414,0.027575515582413737,0.918419682682412
26081,LOF,0.045218971610087026,0.013237611528662756,0.9415434168612501
26082,LOF,0.00611641549325776,0.020420822825736117,0.9734627616810061
26083,LOF,0.10481346967698321,0.02688414383845328,0.8683023864845635
26084,LOF,0.12864048207129014,0.02612710798122348,0.8452324099474864
26085,LOF,0.11931683872794621,0.020351772827556545,0.8603313884444972
26086,LOF,0.044468839484914265,0.01900683785042442,0.9365243226646612
26087,LOF,0.042796953491309936,0.016198514018879662,0.9410045324898103
26088,LOF,0.005887908067233838,0.03635186746577493,0.9577602244669912
26089,LOF,0.039376772156617605,0.04251250221627739,0.9181107256271049
26090,LOF,0.0396282718195241,0.03198105338601669,0.9283906747944591
26091,LOF,0.030453619336892005,0.01203910829503466,0.9575072723680734
26092,LOF,0.04780678811463335,0.013227661825497646,0.938965550059869
26093,LOF,0.06406407851939469,0.009513914899842548,0.9264220065807628
26094,LOF,0.03564765048407318,0.01102080658343563,0.9533315429324912
26095,LOF,0.018425169469727866,0.024475758501547214,0.9570990720287249
26096,LOF,0.23443345658469872,0.006369077403153781,0.7591974660121475
26097,LOF,0.006087181804496987,0.05786287572711854,0.9360499424683844
26098,LOF,0.09222227272587943,0.02594831328799759,0.881829413986123
26099,LOF,0.047168245890421824,0.02740303163840574,0.9254287224711724
26100,LOF,0.047168245890421824,0.02740303163840574,0.9254287224711724
26101,LOF,0.05371202925061884,0.04600835655244691,0.9002796141969343
26102,LOF,0.0380413349283538,0.022733916663207485,0.9392247484084388
26103,Neutral,0.8965870383487436,0.030423992930777,0.07298896872047929
26104,LOF,0.05166257006809629,0.04594470222481325,0.9023927277070904
26105,LOF,0.22774005257195745,0.12135103829284662,0.650908909135196
26106,LOF,0.33620937751059,0.04268087537433825,0.6211097471150717
26107,LOF,0.021425793411484224,0.06401918484468568,0.91455502174383
26108,LOF,0.22910688938421872,0.05294152271616647,0.7179515878996148
26109,LOF,0.06308958983541361,0.03789793013412711,0.8990124800304592
26110,LOF,0.3954495560778857,0.014739106318967734,0.5898113376031465
26111,LOF,0.0666360393790126,0.1128925845163964,0.820471376104591
26112,LOF,0.05977475277144356,0.012652543106350979,0.9275727041222054
26113,LOF,0.12935268364584726,0.038349208857875794,0.8322981074962771
26114,LOF,0.09424924916128775,0.005856792768508897,0.8998939580702034
26115,LOF,0.01999477964427827,0.04429378794879405,0.9357114324069276
26116,LOF,0.08407070410922689,0.0177529756843942,0.8981763202063789
26117,LOF,0.35556088449162354,0.056042470782068865,0.5883966447263076
26118,LOF,0.032148889281519516,0.02513167396250918,0.9427194367559714
26119,LOF,0.0050601724347172075,0.1220968279738267,0.8728429995914561
26120,LOF,0.029305895987718922,0.02475193490513217,0.945942169107149
26121,LOF,0.0038793818571844756,0.16571674685938717,0.8304038712834284
26122,LOF,0.004493214012289387,0.13842061492911698,0.8570861710585935
