feature0,prediction,LoGoFunc_Neutral,LoGoFunc_GOF,LoGoFunc_LOF
25546,Neutral,0.648311659877581,0.066113722379459,0.28557461774296
25547,Neutral,0.45942214783357926,0.12120556176299127,0.4193722904034296
25548,Neutral,0.4683262619349641,0.0928547308972141,0.43881900716782185
25549,LOF,0.3922534424070006,0.0963558421613254,0.511390715431674
25550,LOF,0.3394725910506655,0.1579713732135197,0.5025560357358148
25551,LOF,0.2781386086993968,0.18485891790588524,0.537002473394718
25552,LOF,0.1929132405577888,0.1680523604804459,0.6390343989617653
25553,Neutral,0.7848014025146,0.05508842964358312,0.160110167841817
25554,LOF,0.22164140227840926,0.1675749244992197,0.6107836732223711
25555,LOF,0.18554924784400528,0.14960663556491963,0.664844116591075
25556,LOF,0.3911642032525635,0.13290895041149955,0.47592684633593685
25557,LOF,0.1769498507216142,0.15435717475003294,0.6686929745283529
25558,LOF,0.2152856077632612,0.16423345530826863,0.6204809369284702
25559,LOF,0.17268922624058775,0.12260634321782994,0.7047044305415824
25560,LOF,0.06524284726925582,0.13357843531557087,0.8011787174151733
25561,LOF,0.12852468143677465,0.12591101746763791,0.7455643010955875
25562,LOF,0.062075818756149044,0.07500564138646451,0.8629185398573865
25563,LOF,0.0893495777116328,0.08135471569012138,0.8292957065982458
25564,LOF,0.23702843843141308,0.15525583943800841,0.6077157221305786
25565,LOF,0.1530955105217529,0.13838368174787827,0.7085208077303687
25566,GOF,0.016812431840518515,0.7429546905072758,0.24023287765220572
25567,LOF,0.024562270984198633,0.16674502979696887,0.8086926992188326
25568,LOF,0.06313052361593356,0.07959149030892253,0.8572779860751439
25569,LOF,0.057890548376300775,0.08083917107336401,0.8612702805503353
25570,LOF,0.0303342354057817,0.11684353804108527,0.852822226553133
25571,LOF,0.030212469888164905,0.11142240970866457,0.8583651204031705
25572,LOF,0.03469251669182162,0.13756107178121413,0.8277464115269643
25573,LOF,0.02929250903021692,0.10774658783697309,0.86296090313281
25574,LOF,0.019584097648014255,0.15185170201721143,0.8285642003347742
25575,LOF,0.024880324222287007,0.12323271922930192,0.8518869565484111
25576,LOF,0.012784203738412114,0.16542487673525003,0.8217909195263378
25577,LOF,0.01173399428525445,0.13572108470283295,0.8525449210119126
25578,LOF,0.27510427547763455,0.09214412437200493,0.6327516001503606
25579,LOF,0.1286833900647242,0.09747238728581861,0.7738442226494573
25580,LOF,0.018991475263399983,0.08721838478815548,0.8937901399484446
25581,LOF,0.04727635078271271,0.07871179794571272,0.8740118512715745
25582,LOF,0.047177639958476215,0.07660093493016748,0.8762214251113563
25583,LOF,0.021389575042852625,0.10126203157884638,0.8773483933783011
25584,Neutral,0.5265337498011269,0.09862555773123989,0.3748406924676333
25585,LOF,0.01302225503193198,0.1541955897110895,0.8327821552569786
25586,LOF,0.018359774457165537,0.08307048657992794,0.8985697389629065
25587,LOF,0.017530202605017416,0.07629390714473744,0.9061758902502451
25588,LOF,0.018203829293106193,0.0909036974725046,0.8908924732343892
25589,Neutral,0.6227639473589996,0.1306551578391294,0.24658089480187093
25590,LOF,0.020219138718583336,0.13019393684902564,0.849586924432391
25591,LOF,0.08704809210975545,0.06482439880223842,0.848127509088006
25592,LOF,0.0508708699359328,0.14251586914537728,0.8066132609186899
25593,LOF,0.02365128961749276,0.23129764915498857,0.7450510612275187
25594,LOF,0.03825677497322448,0.11486322599149969,0.8468799990352759
25595,LOF,0.03900117459529235,0.0849509820582989,0.8760478433464086
25596,LOF,0.04928937530944173,0.06507136757156613,0.8856392571189922
25597,LOF,0.0358875296535284,0.07019357075093538,0.8939188995955362
25598,LOF,0.03498489873233545,0.09596566542637507,0.8690494358412894
25599,GOF,0.008097193357642968,0.5847417431306687,0.4071610635116883
25600,GOF,0.02970273901002161,0.6567585139353865,0.3135387470545919
25601,LOF,0.01194462973922287,0.45696470183193894,0.5310906684288382
25602,LOF,0.013291753394610459,0.04777833863809599,0.9389299079672935
25603,LOF,0.04630284341710045,0.018961689836268406,0.9347354667466312
25604,LOF,0.017080666968180603,0.06487306202488362,0.9180462710069357
25605,LOF,0.007764995365471566,0.17924576207146323,0.8129892425630652
25606,LOF,0.08977470448385047,0.31252439256254394,0.5977009029536056
25607,LOF,0.005141620549629206,0.21594035874966333,0.7789180207007075
25608,LOF,0.012756617549376055,0.10691528850386187,0.8803280939467621
25609,LOF,0.0763811960217806,0.3554495389729201,0.5681692650052993
25610,LOF,0.018820389479337354,0.02544910760406417,0.9557305029165984
25611,LOF,0.01793966110871295,0.027650200282469915,0.9544101386088171
25612,LOF,0.055702074443342936,0.04006543323421055,0.9042324923224465
25613,LOF,0.05017463909607291,0.041021849861247496,0.9088035110426796
25614,LOF,0.02507399987441031,0.030661231737970612,0.944264768387619
25615,LOF,0.016451000076773966,0.0413143049631225,0.9422346949601035
25616,LOF,0.05119578364351423,0.02994248508206363,0.9188617312744221
25617,LOF,0.04854540684821548,0.032169749835755844,0.9192848433160286
25618,LOF,0.06258997335827443,0.034086923136996856,0.9033231035047288
25619,LOF,0.017749580154507724,0.030406550147498317,0.951843869697994
25620,LOF,0.06640273888176747,0.038463170438784625,0.8951340906794478
25621,LOF,0.01685874326674438,0.041274980194787377,0.9418662765384682
25622,LOF,0.021637035746681015,0.04169296738078799,0.9366699968725309
25623,LOF,0.03532723145115817,0.03535234332624702,0.9293204252225947
25624,LOF,0.021335708261740898,0.037732173170976296,0.9409321185672828
25625,LOF,0.0237623131608718,0.05569296421692941,0.9205447226221987
25626,LOF,0.05077046516568624,0.041349712205890864,0.9078798226284229
25627,Neutral,0.5904541217245444,0.10270269928953023,0.3068431789859254
25628,LOF,0.1980331064401557,0.05374888425515881,0.7482180093046855
25629,LOF,0.037619543776610566,0.05954968065591694,0.9028307755674726
25630,LOF,0.1433390788110347,0.08844313735148673,0.7682177838374785
25631,Neutral,0.5859169511858364,0.05987654516870863,0.35420650364545486
25632,LOF,0.00819825156728354,0.06365850985291402,0.9281432385798024
25633,LOF,0.20792096236740487,0.04218006618600944,0.7498989714465857
25634,LOF,0.029595118478856812,0.09081128776817951,0.8795935937529636
25635,LOF,0.03564681781791623,0.045641707646382666,0.9187114745357012
25636,GOF,0.004977772836257522,0.5776366548840451,0.41738557227969725
25637,GOF,0.006959327283599374,0.5743540260411416,0.41868664667525884
25638,LOF,0.010021685443449396,0.2954528234267603,0.6945254911297903
25639,LOF,0.004732777385760747,0.4425602330483287,0.5527069895659106
25640,GOF,0.4351809006955256,0.4774728601457697,0.08734623915870478
25641,LOF,0.013538583453575889,0.28286411538382356,0.7035973011626004
25642,LOF,0.22556661763393573,0.05887192333093423,0.71556145903513
25643,LOF,0.1432454105316174,0.15606995664647724,0.7006846328219053
25644,LOF,0.008689226341001477,0.4598994578709071,0.5314113157880915
25645,LOF,0.007401506855476555,0.4336870950985803,0.5589113980459431
25646,LOF,0.012368292934872982,0.3216399422205679,0.6659917648445591
25647,LOF,0.009067580107668881,0.2760039427137867,0.7149284771785445
25648,LOF,0.00898067615774152,0.25906295348822533,0.7319563703540332
25649,LOF,0.007423013434086926,0.20486628287299433,0.7877107036929187
25650,LOF,0.013912140105598313,0.4089272002221969,0.5771606596722048
25651,LOF,0.0055108878206888085,0.27461848325816285,0.7198706289211483
25652,LOF,0.00947745496734766,0.2606684026254133,0.7298541424072391
25653,LOF,0.026851585012817727,0.37678080213639215,0.5963676128507901
25654,LOF,0.010409371122636122,0.16090802093846193,0.828682607938902
25655,LOF,0.047111818043352065,0.407685220875822,0.545202961080826
25656,LOF,0.192993317429217,0.049040403864391735,0.7579662787063913
25657,LOF,0.2618655271532669,0.030250140411922227,0.707884332434811
25658,LOF,0.08264280113797698,0.08232065574434716,0.8350365431176758
25659,LOF,0.4177555989286708,0.06950189280795077,0.5127425082633784
25660,LOF,0.02746283030643287,0.10078791327012204,0.8717492564234451
25661,LOF,0.08875297744841303,0.0662900785809911,0.844956943970596
25662,LOF,0.029066838793713825,0.046551325278887355,0.9243818359273989
25663,LOF,0.03737216575221156,0.06667035801913294,0.8959574762286555
25664,LOF,0.048187091274481605,0.08710831275008299,0.8647045959754355
25665,LOF,0.051140267946999496,0.037635166416553914,0.9112245656364465
25666,LOF,0.03353907991534706,0.1163495872901826,0.8501113327944703
25667,LOF,0.060850574695175526,0.05190374639911211,0.8872456789057125
25668,LOF,0.03442608020245249,0.05467693940952062,0.9108969803880269
25669,LOF,0.030823089167814424,0.07725527356709694,0.8919216372650886
25670,LOF,0.054667851296471434,0.06485042947986974,0.8804817192236588
25671,LOF,0.08612555908069885,0.041330247047036674,0.8725441938722645
25672,LOF,0.054112612134752526,0.04797386677393028,0.8979135210913172
25673,LOF,0.023208563749754135,0.06380035932278952,0.9129910769274563
25674,LOF,0.020337978173606212,0.07701957474294448,0.9026424470834493
25675,LOF,0.0320657416128632,0.07046315526353905,0.8974711031235978
25676,LOF,0.017666220434393302,0.06234631586413217,0.9199874637014744
25677,LOF,0.026651121462519967,0.071495026247776,0.9018538522897042
25678,LOF,0.183195034251829,0.06453158558392272,0.7522733801642483
25679,LOF,0.15124432438751734,0.08470429463234265,0.76405138098014
25680,LOF,0.04157586795987872,0.11479812964231388,0.8436260023978075
25681,LOF,0.06766652373857385,0.10561291385763819,0.826720562403788
25682,LOF,0.13888835383127507,0.08292897700493203,0.778182669163793
25683,LOF,0.0778437754437027,0.12364095772947362,0.7985152668268236
25684,LOF,0.04204898747416747,0.07884650634250565,0.8791045061833268
25685,LOF,0.07938652527609516,0.05461405226139542,0.8659994224625095
25686,LOF,0.02671980095349283,0.07447410583540273,0.8988060932111044
25687,LOF,0.04829040333534754,0.0675072532074778,0.8842023434571746
25688,LOF,0.053114637057531076,0.05635734740302125,0.8905280155394476
25689,LOF,0.02707980407667399,0.06529421481809149,0.9076259811052345
25690,LOF,0.033768595262889806,0.05522474234831677,0.9110066623887934
25691,LOF,0.23211473471597185,0.07405848173798628,0.6938267835460419
25692,LOF,0.25808894659995235,0.007104892512044018,0.7348061608880037
25693,LOF,0.07470899985132208,0.22965488442525547,0.6956361157234224
25694,LOF,0.23305525939742297,0.013267057074619105,0.7536776835279579
25695,LOF,0.14239798381838992,0.02258740191350218,0.8350146142681079
25696,LOF,0.11881566863110543,0.01309657336988786,0.8680877579990068
25697,LOF,0.0906412488638306,0.02354195605426466,0.8858167950819047
25698,LOF,0.0514568661277864,0.44924486050109963,0.49929827337111404
25699,LOF,0.06138931496882971,0.11279917773673699,0.8258115072944332
25700,LOF,0.05349821491781007,0.010589133502866676,0.9359126515793232
25701,LOF,0.01509256379640108,0.07991416989896391,0.904993266304635
25702,GOF,0.03903922309641198,0.7030944062362017,0.2578663706673864
25703,LOF,0.008740496281470703,0.16982456216980096,0.8214349415487284
25704,LOF,0.0551465618951198,0.14553306192748805,0.7993203761773922
25705,LOF,0.06551091885002026,0.25787629291621533,0.6766127882337645
25706,GOF,0.02404340900549279,0.5175649233860694,0.45839166760843775
25707,LOF,0.018135673350038992,0.4453590557751845,0.5365052708747766
25708,LOF,0.007621759724639497,0.4299239572156408,0.5624542830597197
25709,LOF,0.0557586235788583,0.06334823520425509,0.8808931412168866
25710,LOF,0.005292408830027066,0.17811872704917336,0.8165888641207997
25711,LOF,0.01731084348976084,0.1425954290797108,0.8400937274305285
25712,LOF,0.006545757867314595,0.22801443967264612,0.7654398024600393
25713,LOF,0.01848211711183912,0.12120760783765173,0.8603102750505092
25714,LOF,0.058711791181683536,0.15265785882740743,0.788630349990909
25715,LOF,0.01185850282147698,0.16569924433296895,0.8224422528455542
25716,LOF,0.006164485658799281,0.1271037383537164,0.8667317759874842
25717,LOF,0.005639937117024261,0.11290601031665871,0.881454052566317
25718,LOF,0.012316231278263765,0.11317351254086026,0.8745102561808759
25719,LOF,0.01947043482573091,0.12142461907398291,0.8591049461002861
25720,LOF,0.02098354782095717,0.10309424430194798,0.8759222078770948
25721,LOF,0.015861658842585436,0.12594716976953357,0.858191171387881
25722,LOF,0.014457036513457519,0.15845151314587366,0.8270914503406688
25723,LOF,0.019735579820534938,0.08810310000563949,0.8921613201738257
25724,LOF,0.01745896884100112,0.13408194285807132,0.8484590883009275
25725,LOF,0.011934042028554992,0.09484874074164391,0.8932172172298011
25726,LOF,0.015088979875039519,0.14452972223470512,0.8403812978902554
25727,LOF,0.012713921319038823,0.10274538496695386,0.8845406937140073
25728,LOF,0.010824135726590934,0.1307105519375629,0.8584653123358461
25729,LOF,0.0111960933969497,0.13340433284296208,0.8553995737600882
25730,LOF,0.016324117435754036,0.11033083136491971,0.8733450511993263
25731,LOF,0.007653935994845547,0.14724150550570475,0.8451045584994497
25732,LOF,0.01623149307132393,0.10251493231778348,0.8812535746108926
25733,LOF,0.01617739644284451,0.09386587635180049,0.8899567272053551
25734,LOF,0.00563399781872469,0.14820829748334224,0.846157704697933
25735,LOF,0.013682890835339011,0.09169480661719819,0.8946223025474628
25736,LOF,0.014163476393968847,0.13756679687965268,0.8482697267263785
25737,LOF,0.019326695103462736,0.10154288583584746,0.8791304190606898
25738,LOF,0.01302572208638305,0.16427746998549625,0.8226968079281207
25739,LOF,0.01926219120421241,0.13861198745553172,0.8421258213402558
25740,LOF,0.03173541388648333,0.14084727455249005,0.8274173115610266
25741,LOF,0.015453474984948461,0.12149841211982258,0.863048112895229
25742,LOF,0.09547747558654923,0.12626121012128314,0.7782613142921677
25743,LOF,0.015594611086166051,0.028548693807515776,0.9558566951063181
25744,LOF,0.239178217779383,0.2937979714779516,0.46702381074266536
25745,LOF,0.029714451906118062,0.04028777021334505,0.929997777880537
25746,LOF,0.017044115164861158,0.05168764837142396,0.9312682364637148
25747,LOF,0.026722986112605786,0.023239559116565865,0.9500374547708285
25748,LOF,0.12495397745788397,0.03750187114797639,0.8375441513941396
25749,LOF,0.015835240883618335,0.037041772582059936,0.9471229865343217
25750,LOF,0.03533243426224311,0.05283136598328103,0.9118361997544759
25751,LOF,0.11518149289420644,0.04327473649064983,0.8415437706151437
25752,GOF,0.12275380531550517,0.6039956977432176,0.2732504969412772
25753,LOF,0.007692787052994617,0.2925356913187898,0.6997715216282155
25754,GOF,0.004828438473910547,0.7896424725391092,0.20552908898698014
25755,LOF,0.009587262638566098,0.3780337383339153,0.6123789990275186
25756,LOF,0.04184697259097629,0.3913049468706905,0.5668480805383332
25757,GOF,0.005464065841962272,0.849107344364234,0.14542858979380377
25758,GOF,0.007210187435128176,0.8460635573596547,0.1467262552052171
25759,GOF,0.0044863056886503124,0.531093242140998,0.46442045217035166
25760,LOF,0.005003169599110709,0.25460889880115145,0.7403879315997379
25761,GOF,0.047321663779754684,0.8033401362315787,0.1493381999886665
25762,LOF,0.028883798440874086,0.29376674507495065,0.6773494564841753
25763,LOF,0.006346816635804149,0.20869403663594666,0.7849591467282493
25764,GOF,0.16251430983023096,0.49026719535172697,0.34721849481804207
25765,GOF,0.011128066974258128,0.7693540190791158,0.2195179139466261
25766,GOF,0.01816159038254124,0.7952379856145401,0.1866004240029187
25767,GOF,0.018526862243663126,0.5330361974814715,0.4484369402748654
25768,LOF,0.07398584387469342,0.08785495424634437,0.8381592018789622
25769,LOF,0.08364207017137247,0.05234915399225484,0.8640087758363727
25770,LOF,0.3316233746591522,0.06629619237591863,0.6020804329649291
25771,LOF,0.014340255371417343,0.05267749862509278,0.93298224600349
25772,LOF,0.02080957042443328,0.025927118729499182,0.9532633108460675
25773,LOF,0.011886606314805809,0.11642109300824485,0.8716923006769494
25774,LOF,0.024257809832195932,0.06954091494673618,0.9062012752210679
25775,LOF,0.015287806065622578,0.04651331068720439,0.9381988832471729
25776,LOF,0.0867447316292159,0.020720414200909823,0.8925348541698743
25777,LOF,0.29780362757809276,0.04224465111393164,0.6599517213079756
25778,LOF,0.07235230823355568,0.03895057865440597,0.8886971131120384
25779,GOF,0.07106822059717659,0.8675534541783835,0.061378325224439916
25780,GOF,0.058922410337165686,0.8432435253975399,0.09783406426529442
25781,GOF,0.0273262336080383,0.8364703697524916,0.13620339663947023
25782,GOF,0.03302158401965878,0.8763530322727795,0.09062538370756168
25783,GOF,0.012139449373330063,0.6661528158094387,0.3217077348172312
25784,GOF,0.12415279406851058,0.8094573376629389,0.06638986826855058
25785,GOF,0.07792377460620181,0.866674676470516,0.055401548923282154
25786,GOF,0.005247958197779352,0.785866103903591,0.2088859378986297
25787,GOF,0.2031472333518908,0.745557608851484,0.051295157796625246
25788,LOF,0.04628105580898852,0.1101057349695238,0.8436132092214876
25789,GOF,0.0473897871744876,0.799864047993703,0.15274616483180944
25790,GOF,0.03956688689277235,0.8252246824750807,0.13520843063214696
25791,GOF,0.031218148893473584,0.7685912992315775,0.2001905518749489
25792,GOF,0.053584489650260525,0.7716315321566629,0.17478397819307653
25793,GOF,0.08309655227773433,0.708778549789861,0.20812489793240466
25794,GOF,0.10855859517886926,0.6796316962926112,0.21180970852851938
25795,GOF,0.02608574341792835,0.7421708565419224,0.2317434000401492
25796,GOF,0.14366510074896904,0.7462524489481414,0.11008245030288963
25797,GOF,0.03646070356123621,0.5982295820071876,0.36530971443157617
25798,GOF,0.0031676918864375113,0.5314052677415608,0.4654270403720016
25799,LOF,0.0030766552607521653,0.41704740548052105,0.5798759392587268
25800,GOF,0.010410024876975723,0.6010559383096981,0.3885340368133264
25801,GOF,0.029291293236692485,0.7985702947245921,0.17213841203871552
25802,GOF,0.01840588561882415,0.7085816239582021,0.27301249042297376
25803,GOF,0.009468368676716646,0.5780082751514227,0.41252335617186064
25804,LOF,0.012605647157210626,0.4706893847089652,0.5167049681338242
25805,GOF,0.021885089930030716,0.6035362690940121,0.3745786409759571
25806,GOF,0.016701926641734123,0.6220692183748621,0.3612288549834037
25807,GOF,0.005362102000602847,0.6440260230468021,0.350611874952595
25808,GOF,0.014181129530080423,0.6592277521760525,0.32659111829386717
25809,GOF,0.005704303650818589,0.6087791241924008,0.3855165721567807
25810,GOF,0.0046956594691008775,0.6239211217978137,0.3713832187330854
25811,GOF,0.09077422584229593,0.778118892778089,0.13110688137961515
25812,GOF,0.013314918023880714,0.618833676967709,0.3678514050084104
25813,GOF,0.10411636746496557,0.7259346295930506,0.16994900294198384
25814,GOF,0.03147517805594943,0.7182598153587428,0.2502650065853076
25815,GOF,0.043021177635630105,0.7047861851002069,0.25219263726416297
25816,GOF,0.007492291539537072,0.7455528133085716,0.24695489515189134
25817,GOF,0.06955737319917228,0.7648603823508647,0.16558224444996292
25818,GOF,0.017521145086313722,0.6989017075841456,0.2835771473295407
25819,GOF,0.0760135551149369,0.7332491807858373,0.1907372640992258
25820,GOF,0.03512362449294478,0.7151286089018811,0.24974776660517414
25821,GOF,0.01718952606155232,0.6931615620187888,0.2896489119196588
25822,GOF,0.038524550546030226,0.7091717957743507,0.25230365367961916
25823,GOF,0.012163242066836676,0.5488810171671497,0.4389557407660137
25824,GOF,0.01995706932459138,0.6578033348127577,0.322239595862651
25825,GOF,0.012034655446897543,0.6299814227409457,0.35798392181215677
25826,GOF,0.004706846930113124,0.6117941653575519,0.3834989877123348
25827,GOF,0.007943792937614625,0.635406678423696,0.35664952863868943
25828,GOF,0.0049737970544479005,0.5473748513601013,0.44765135158545083
25829,GOF,0.0027552550583280918,0.5878855277908142,0.40935921715085777
25830,LOF,0.037060434863042495,0.34205365176303,0.6208859133739275
25831,GOF,0.03294116005115144,0.8335483471185359,0.1335104928303128
25832,GOF,0.00709308436480945,0.7483089211667687,0.2445979944684218
25833,GOF,0.02717566256563324,0.7948993251438475,0.17792501229051924
25834,GOF,0.007549371087615918,0.7616826985094978,0.2307679304028862
25835,GOF,0.016890028502922313,0.812608563894058,0.1705014076030198
25836,GOF,0.006748794087243737,0.7533927522325169,0.23985845368023936
25837,GOF,0.006185767418570847,0.6628674337473618,0.33094679883406747
25838,GOF,0.020016316580945808,0.8327513493904791,0.14723233402857527
25839,GOF,0.0491723042256707,0.79380178280896,0.1570259129653694
25840,GOF,0.03647379898222813,0.8236832868788931,0.13984291413887878
25841,GOF,0.036190188049799,0.8343908892864111,0.1294189226637899
25842,GOF,0.024432432187806385,0.8490864420151885,0.12648112579700532
25843,GOF,0.024843068366528873,0.8722048136967896,0.1029521179366816
25844,GOF,0.016140472895388634,0.7830724208470959,0.2007871062575153
25845,GOF,0.004865030090053057,0.5691364617154502,0.42599850819449675
25846,GOF,0.024906043578048584,0.8433818480322571,0.13171210838969433
25847,GOF,0.017217465258306627,0.8724690369071801,0.11031349783451325
25848,GOF,0.013246047693151247,0.7561912742143737,0.2305626780924751
25849,GOF,0.004169205177443846,0.6476550517201245,0.3481757431024316
25850,GOF,0.006614765089130795,0.6819945975411277,0.31139063736974154
25851,GOF,0.0060227708727300724,0.5604536494226776,0.4335235797045923
25852,GOF,0.1532122644780708,0.5324002660160424,0.3143874695058868
25853,GOF,0.06968328418402496,0.8170770483246114,0.11323966749136365
25854,GOF,0.009553294996246318,0.6313155420115462,0.3591311629922075
25855,GOF,0.01323956471565919,0.5729457512930831,0.41381468399125754
25856,GOF,0.03411588945073846,0.7005043674080182,0.2653797431412433
25857,GOF,0.014319700514004637,0.5205976774011634,0.465082622084832
25858,GOF,0.007769798818747601,0.5216697894504465,0.470560411730806
25859,GOF,0.005291555652406142,0.5040039789768762,0.49070446537071766
25860,GOF,0.06814735315996803,0.7819088956677572,0.1499437511722747
25861,GOF,0.11816087542707535,0.7838249544781493,0.09801417009477535
25862,GOF,0.019193635607174735,0.8242423290242061,0.15656403536861915
25863,GOF,0.017803907615010085,0.8397520585497514,0.14244403383523851
25864,GOF,0.04310675769757139,0.8672784468587418,0.08961479544368679
25865,GOF,0.03121085955208357,0.8377385607836004,0.13105057966431605
25866,GOF,0.022960192967192428,0.8165743580721575,0.16046544896065
25867,GOF,0.0251979002184755,0.8558090044861801,0.11899309529534428
25868,GOF,0.047764173859032324,0.7855132284951696,0.16672259764579805
25869,GOF,0.2908065592959186,0.5983951361889781,0.11079830451510334
25870,GOF,0.18448587740304187,0.5107056912633781,0.3048084313335801
25871,GOF,0.026613823997843594,0.8411755902261463,0.13221058577601008
25872,GOF,0.01680593696932324,0.7594544810124144,0.2237395820182623
25873,GOF,0.017832984645758394,0.8337766839503838,0.14839033140385774
25874,LOF,0.016569269350240598,0.1155634523637082,0.8678672782860511
25875,LOF,0.0245149772818768,0.03361360213807084,0.9418714205800524
25876,LOF,0.016144930612323992,0.031194946455996322,0.9526601229316797
25877,LOF,0.126053025246364,0.058238499753452064,0.815708475000184
25878,LOF,0.0494826336208923,0.07862704048265803,0.8718903258964497
25879,LOF,0.022595695861845233,0.05605506147719451,0.9213492426609603
25880,LOF,0.04118786507975663,0.011061910646016115,0.9477502242742272
25881,Neutral,0.5597032967235256,0.04412463471960825,0.3961720685568662
25882,LOF,0.021829245418078166,0.032381640255649186,0.9457891143262727
25883,LOF,0.06962400008490245,0.02231567056458089,0.9080603293505166
25884,LOF,0.01177012727956001,0.03881554107387451,0.9494143316465654
25885,LOF,0.17448090575601993,0.006229986523724768,0.8192891077202553
25886,LOF,0.28419595037225803,0.04493115391113946,0.6708728957166026
25887,LOF,0.14935447164365628,0.05264940202702832,0.7979961263293154
25888,LOF,0.013851664041613034,0.10429742359880867,0.8818509123595784
25889,LOF,0.014111120278609337,0.030395033244776302,0.9554938464766145
25890,LOF,0.11953759868110593,0.08543800125387935,0.7950244000650146
25891,LOF,0.04735485227840212,0.03653587755047446,0.9161092701711234
25892,LOF,0.011014928635535234,0.04005593632792314,0.9489291350365415
25893,LOF,0.39197981316131064,0.013611591209879441,0.5944085956288099
25894,LOF,0.42047382426600965,0.006445571199134738,0.5730806045348557
25895,LOF,0.35399048863091725,0.01568605685537425,0.6303234545137084
25896,LOF,0.044415057489174986,0.026867692738446455,0.9287172497723786
25897,LOF,0.20529215730513206,0.012172354256973104,0.7825354884378948
25898,LOF,0.21848305736186463,0.03615231583431106,0.7453646268038244
25899,LOF,0.18424936968595704,0.02814050328184241,0.7876101270322006
25900,LOF,0.47081833687256297,0.01426410948709087,0.5149175536403461
25901,LOF,0.04972514254543412,0.011031013161827728,0.9392438442927381
25902,LOF,0.10250117700706936,0.017197685583763493,0.8803011374091673
25903,LOF,0.42331801144594233,0.03311423815463609,0.5435677503994216
25904,LOF,0.3263116301095492,0.043973035577350286,0.6297153343131004
25905,LOF,0.00655263294247175,0.40623004068769714,0.5872173263698311
25906,LOF,0.008556373352772323,0.12203748616744739,0.8694061404797803
25907,LOF,0.00427873194908538,0.3625262686959221,0.6331949993549926
25908,LOF,0.0038197523089404484,0.25389224829944673,0.7422879993916129
25909,LOF,0.012828162484616537,0.1549798938548028,0.8321919436605807
25910,LOF,0.016003855921089404,0.15939832082972738,0.8245978232491832
25911,LOF,0.19052413534942944,0.02797462442704598,0.7815012402235246
25912,LOF,0.07594526167828897,0.03985140072174173,0.8842033375999692
25913,LOF,0.08336674431865425,0.0501785347517231,0.8664547209296227
25914,LOF,0.02128346411015784,0.061681243005471134,0.9170352928843711
25915,LOF,0.14088075181187176,0.2909320191974268,0.5681872289907015
25916,LOF,0.020946113645374027,0.18418859906008725,0.7948652872945388
25917,LOF,0.05441856262968855,0.045060010515695734,0.9005214268546158
25918,LOF,0.02705390133219479,0.03393630450763297,0.9390097941601722
25919,LOF,0.022631499473432227,0.03527223978064889,0.9420962607459188
25920,LOF,0.10832027106039527,0.2758021654186467,0.6158775635209579
25921,LOF,0.01020990571875509,0.038897338898629716,0.9508927553826153
25922,LOF,0.013671785653024536,0.029882230485341995,0.9564459838616335
25923,Neutral,0.5074646613266245,0.041270184792607606,0.4512651538807679
25924,LOF,0.016978869231237304,0.043404907298592775,0.9396162234701699
25925,LOF,0.07728638663764491,0.04821489991763657,0.8744987134447185
25926,LOF,0.0553730111779255,0.042640817542672176,0.9019861712794024
25927,LOF,0.018938734981222515,0.06799177933147862,0.9130694856872988
25928,LOF,0.007569363981483893,0.05120024820927304,0.941230387809243
25929,Neutral,0.6272322849942382,0.043487379498716644,0.329280335507045
25930,LOF,0.06915403881321838,0.035000775947361874,0.8958451852394198
25931,LOF,0.009575869450412456,0.03553693433272866,0.9548871962168588
25932,LOF,0.03190341608970622,0.02886825193495648,0.9392283319753373
25933,LOF,0.04004340273435542,0.01970868959092544,0.9402479076747192
25934,LOF,0.02735482827620447,0.020069442698522295,0.9525757290252733
25935,LOF,0.06829310626161242,0.05517100402269448,0.8765358897156932
25936,LOF,0.04815378466651912,0.02306376375696577,0.9287824515765152
25937,LOF,0.009429068126428367,0.035783192585164034,0.9547877392884077
25938,LOF,0.06683932816174687,0.06078375425537068,0.8723769175828826
25939,LOF,0.039272457151486875,0.02318284579193371,0.9375446970565795
25940,LOF,0.009087431159580946,0.3035514028235221,0.687361166016897
25941,Neutral,0.5336927035078709,0.03410145705996183,0.4322058394321673
25942,LOF,0.005082027909880056,0.04134433802085726,0.9535736340692625
25943,LOF,0.03495534921122492,0.14124448246514823,0.8238001683236269
25944,LOF,0.12110075292485092,0.08096232568747448,0.7979369213876746
25945,LOF,0.0564533286839666,0.01841376494679883,0.9251329063692346
25946,LOF,0.06972982909406218,0.05934155652479461,0.8709286143811432
25947,LOF,0.4292954791027202,0.07854600509398735,0.4921585158032925
25948,LOF,0.2983182891903786,0.008789092029901337,0.69289261877972
25949,LOF,0.09032606324228559,0.04867984177246384,0.8609940949852506
25950,GOF,0.035946191230691864,0.5734064656554496,0.3906473431138585
25951,LOF,0.014885232816246834,0.4226096893566319,0.5625050778271212
25952,LOF,0.2555134514072706,0.315235209666673,0.42925133892605644
25953,LOF,0.012997687157007533,0.19101272601812017,0.7959895868248723
25954,LOF,0.04923801500348388,0.4597470572703808,0.4910149277261354
25955,LOF,0.00955967375595811,0.17555830647129264,0.8148820197727493
25956,LOF,0.030092531661375082,0.31565947154282264,0.6542479967958024
25957,LOF,0.13955681677956433,0.02984951310858027,0.8305936701118555
25958,LOF,0.05291915470810136,0.027011361261619408,0.9200694840302792
25959,LOF,0.01387487382565073,0.4724223512652999,0.5137027749090494
25960,LOF,0.006353967653771036,0.05268040632363,0.9409656260225989
25961,LOF,0.0423742255945611,0.02505266559815975,0.9325731088072792
25962,LOF,0.03160238636494468,0.08109630995123104,0.8873013036838244
25963,LOF,0.005239659969564306,0.24480808042274457,0.7499522596076911
25964,LOF,0.03390350686652969,0.10739714723548213,0.8586993458979882
25965,LOF,0.3248233893597528,0.14360740959698276,0.5315692010432644
25966,Neutral,0.5231489672787575,0.1473178744516211,0.3295331582696215
25967,LOF,0.006953705365107415,0.08803077065178133,0.9050155239831112
25968,LOF,0.05518448411253013,0.22777475276250092,0.717040763124969
25969,LOF,0.1302278612824057,0.057086651702723375,0.8126854870148709
25970,LOF,0.018637813699970224,0.09652192288311073,0.884840263416919
25971,LOF,0.06666430041113185,0.02924844816878589,0.9040872514200822
25972,LOF,0.06859944538418404,0.03949342803150138,0.8919071265843145
25973,LOF,0.05371166945065126,0.012182677694966615,0.9341056528543821
25974,LOF,0.036385455227949975,0.0383917941633644,0.9252227506086856
25975,LOF,0.04241922383950603,0.02248376048715695,0.935097015673337
25976,LOF,0.09574574378688357,0.01177917523634745,0.892475080976769
25977,LOF,0.19790040459674685,0.0556789446921323,0.7464206507111208
25978,LOF,0.14357358292467237,0.13745159012068456,0.7189748269546431
25979,LOF,0.1294671922637576,0.13884403091924002,0.7316887768170024
25980,LOF,0.23006481512114374,0.1515627354002103,0.618372449478646
25981,LOF,0.2588420233877304,0.1483149086708071,0.5928430679414626
25982,LOF,0.4036936060431238,0.11289456053364848,0.4834118334232275
25983,LOF,0.40376835844942627,0.12274806917987328,0.47348357237070043
25984,LOF,0.04315063620621549,0.06027860369078638,0.8965707601029981
25985,LOF,0.41740154329718426,0.10855240928480245,0.47404604741801337
25986,LOF,0.01087039843442317,0.3783740186676077,0.610755582897969
25987,LOF,0.032500663670356686,0.08701813770446921,0.880481198625174
25988,LOF,0.16394532509762585,0.0903108794999041,0.7457437954024702
25989,LOF,0.035823174777604716,0.12847381363647212,0.8357030115859231
25990,LOF,0.03705923751640595,0.19653178760096263,0.7664089748826314
25991,LOF,0.017590043749977274,0.34926635670917827,0.6331435995408444
25992,LOF,0.022202059433377025,0.34139277201790535,0.6364051685487176
25993,LOF,0.020693526471864867,0.09452358414851685,0.8847828893796184
25994,LOF,0.01510877337409395,0.09000682399564677,0.8948844026302593
25995,LOF,0.020552508432977415,0.18208882874604687,0.7973586628209757
25996,Neutral,0.36465977373432534,0.27068647780726784,0.36465374845840676
25997,LOF,0.07109162604220032,0.3401268059667163,0.5887815679910834
25998,LOF,0.29477112127911803,0.042803702590315684,0.6624251761305663
25999,LOF,0.018480548507694004,0.2140012540702317,0.7675181974220744
26000,LOF,0.14073934984717312,0.030305220542198016,0.828955429610629
26001,LOF,0.30565267552339276,0.023681877886802333,0.6706654465898049
26002,LOF,0.07570402787222348,0.048599662163828904,0.8756963099639476
26003,GOF,0.003839931793603592,0.6021891554320377,0.39397091277435864
26004,GOF,0.005990695637878572,0.6937873703024426,0.3002219340596788
26005,LOF,0.002939991155044152,0.4909599191006856,0.5061000897442702
26006,GOF,0.0825762906509914,0.564501802176428,0.3529219071725807
26007,GOF,0.006129802660141322,0.557788599173953,0.4360815981659057
26008,GOF,0.005002719622063482,0.628179289038901,0.36681799133903553
26009,GOF,0.005848113714362785,0.6692963319518982,0.3248555543337389
26010,GOF,0.007006764373800342,0.6790550507764995,0.3139381848497
26011,LOF,0.0026816305686656245,0.4751465005293453,0.5221718689019891
26012,GOF,0.003836450726573557,0.5493732010668619,0.4467903482065645
26013,GOF,0.005484465069002626,0.6363360363123532,0.35817949861864423
26014,LOF,0.04586459289082714,0.10745604497994853,0.8466793621292245
26015,LOF,0.12527331922337548,0.02488352790008112,0.8498431528765433
26016,LOF,0.3043392922426659,0.05006510572364307,0.645595602033691
26017,LOF,0.024684707374846973,0.23208485184133068,0.7432304407838224
26018,LOF,0.07345081654225674,0.04794302784967897,0.8786061556080643
26019,LOF,0.07016721810503451,0.03932866955183328,0.8905041123431323
26020,LOF,0.0075230413706892756,0.23553066861593625,0.7569462900133744
26021,LOF,0.06811113886007061,0.08713226272002025,0.8447565984199091
26022,LOF,0.027129285391771382,0.02932418985365193,0.9435465247545767
26023,LOF,0.04441226234367993,0.027695512707838276,0.9278922249484818
26024,LOF,0.04262239963648852,0.09319993550016822,0.8641776648633432
26025,LOF,0.05904004830781118,0.08638210149179776,0.854577850200391
26026,LOF,0.1224719020010589,0.06367405848335524,0.8138540395155859
26027,LOF,0.055248150754506155,0.022376195689897196,0.9223756535555967
26028,LOF,0.08546452558145354,0.11747095656413287,0.7970645178544136
26029,LOF,0.0297724958790633,0.196653066614621,0.7735744375063157
26030,LOF,0.14260480869316966,0.0293696930324209,0.8280254982744094
26031,LOF,0.015035484262808967,0.15354555906060102,0.83141895667659
26032,LOF,0.08452660640762885,0.06976895906881173,0.8457044345235595
26033,LOF,0.09243049505232609,0.06683865808029352,0.8407308468673805
26034,LOF,0.01589607007176032,0.17814647848267923,0.8059574514455604
26035,LOF,0.014132330362731987,0.13478697644139967,0.8510806931958683
26036,LOF,0.018755902449378723,0.17380243384022426,0.807441663710397
26037,LOF,0.012311553328291388,0.11816061914133343,0.8695278275303752
26038,LOF,0.07163264207429612,0.06290518621365597,0.865462171712048
26039,LOF,0.02756809826104445,0.1678706448414371,0.8045612568975183
26040,LOF,0.11096296639848567,0.15466536020966984,0.7343716733918445
26041,LOF,0.014656757898893723,0.10435648841307194,0.8809867536880344
26042,LOF,0.013363594858603445,0.10863497965549467,0.8780014254859018
26043,LOF,0.0702676653180766,0.08240157599879575,0.8473307586831276
26044,LOF,0.014345929610006856,0.06823959380072776,0.9174144765892652
26045,LOF,0.05727111143947544,0.10877073992668054,0.8339581486338441
26046,LOF,0.06329270654496529,0.06615269477130487,0.8705545986837298
26047,LOF,0.10561755641970857,0.06960414639075103,0.8247782971895404
26048,LOF,0.04622400518485751,0.04458683743959083,0.9091891573755516
26049,Neutral,0.9695699819713167,0.00590794975290121,0.024522068275782082
26050,Neutral,0.957915875252413,0.007660791435772421,0.03442333331181471
26051,LOF,0.014946723440456012,0.1632209433349431,0.8218323332246009
26052,LOF,0.02360408249422037,0.19358326230915665,0.7828126551966229
26053,LOF,0.023531866930546527,0.14460999731600493,0.8318581357534485
26054,LOF,0.051302279395557794,0.016139729969816646,0.9325579906346256
26055,LOF,0.06429622807810546,0.01492561012104499,0.9207781618008496
26056,LOF,0.05306534763949655,0.018486301930391053,0.9284483504301123
26057,LOF,0.03244336201822259,0.01120319688414783,0.9563534410976297
26058,LOF,0.032930150140678294,0.009973373012424161,0.9570964768468976
26059,LOF,0.29218111377701944,0.01781419883061209,0.6900046873923684
26060,LOF,0.00884441303475933,0.12785610429541272,0.8632994826698278
26061,LOF,0.005138119308190556,0.013939128003861536,0.9809227526879479
26062,LOF,0.004073396447309515,0.017790817353538355,0.9781357861991521
26063,LOF,0.02187313006469478,0.009793384330438137,0.9683334856048672
26064,LOF,0.006978665435538951,0.020142463435351157,0.9728788711291098
26065,LOF,0.023109643379052292,0.010818337939764706,0.966072018681183
26066,LOF,0.021480791696367445,0.010262111738463092,0.9682570965651695
26067,LOF,0.029438111747817162,0.008245566895915966,0.9623163213562669
26068,LOF,0.04416401249073883,0.02750286471626617,0.9283331227929951
26069,LOF,0.2509649714028167,0.01803991400429376,0.7309951145928896
26070,LOF,0.3996234057118964,0.012773272158557543,0.587603322129546
26071,LOF,0.021057275455909182,0.010700544594931239,0.9682421799491596
26072,LOF,0.005218115017621741,0.021327023582424203,0.973454861399954
26073,LOF,0.018745848281892782,0.01278104912661052,0.9684731025914968
26074,Neutral,0.8980669062606152,0.005780347098713413,0.09615274664067118
26075,LOF,0.0429066773444169,0.015052430349800486,0.9420408923057826
26076,LOF,0.03858850374958341,0.00894409120962093,0.9524674050407956
26077,LOF,0.11078699846303125,0.007762589088938183,0.8814504124480306
26078,LOF,0.005556744814860817,0.013369948877568625,0.9810733063075705
26079,LOF,0.055890155832767394,0.016209310124392796,0.9279005340428398
26080,LOF,0.05311810058701098,0.016255123639865438,0.9306267757731235
26081,LOF,0.030408449883621146,0.007003603034789736,0.9625879470815891
26082,LOF,0.004576365735689389,0.015135910846602514,0.9802877234177081
26083,LOF,0.14010230410403993,0.01442498776908459,0.8454727081268755
26084,LOF,0.03406971672672196,0.012022723575399647,0.9539075596978784
26085,LOF,0.02981593358392123,0.010909000876401686,0.9592750655396771
26086,LOF,0.019963324862605422,0.01010325224753763,0.969933422889857
26087,LOF,0.021929028625823046,0.008485366044168743,0.9695856053300081
26088,LOF,0.0057325703998215025,0.021286646171680943,0.9729807834284976
26089,LOF,0.04011160795864122,0.02031457913493667,0.9395738129064221
26090,LOF,0.039515269403072144,0.016721851369882097,0.9437628792270458
26091,LOF,0.02832445018709752,0.006432355384590016,0.9652431944283125
26092,LOF,0.020643856638619135,0.007738381364940822,0.9716177619964401
26093,LOF,0.03897892331603032,0.005933693212822595,0.955087383471147
26094,LOF,0.028366883367727025,0.0065014518670495364,0.9651316647652234
26095,LOF,0.01530893195778847,0.017017049413451397,0.96767401862876
26096,LOF,0.15284501771328052,0.005920480811619749,0.8412345014750998
26097,LOF,0.004853710555533207,0.03596572153416856,0.9591805679102983
26098,LOF,0.07413371032959548,0.013483224878248639,0.9123830647921559
26099,LOF,0.01991505450364059,0.012900494623928446,0.9671844508724309
26100,LOF,0.022588341092928475,0.012334868999630098,0.9650767899074415
26101,LOF,0.049448733326180494,0.018867447515536682,0.9316838191582828
26102,LOF,0.02137728739591488,0.014258328427957077,0.964364384176128
26103,Neutral,0.8667289557435328,0.018710711760559065,0.11456033249590815
26104,LOF,0.06670056388866584,0.022606220086107544,0.9106932160252267
26105,LOF,0.21241290675394534,0.1560951313782482,0.6314919618678064
26106,LOF,0.34382012538997175,0.12611537146403878,0.5300645031459894
26107,LOF,0.021251812896667617,0.10478252470932807,0.8739656623940043
26108,LOF,0.36607371434027247,0.03989291079812076,0.5940333748616068
26109,LOF,0.031220828440231076,0.0688908220851571,0.8998883494746117
26110,LOF,0.20148511721830334,0.006630054805629989,0.7918848279760666
26111,LOF,0.07642904541286406,0.07682405528698298,0.8467468993001529
26112,LOF,0.036719947178136154,0.006641140110023286,0.9566389127118405
26113,LOF,0.06581667114461794,0.014470150377855373,0.9197131784775266
26114,LOF,0.06589179074309803,0.014845520836515464,0.9192626884203865
26115,LOF,0.01550525300561651,0.08171180203277643,0.9027829449616072
26116,LOF,0.08601936301746915,0.053529175950986045,0.8604514610315449
26117,LOF,0.4180875573915292,0.04051659360204438,0.5413958490064263
26118,LOF,0.03499198471855633,0.022030562643398,0.9429774526380457
26119,LOF,0.0043484003413975115,0.04824706091107729,0.9474045387475253
26120,LOF,0.023352355067187455,0.017662857393277942,0.9589847875395345
26121,LOF,0.0039004075048336188,0.14574287753015755,0.8503567149650088
