feature0,prediction,LoGoFunc_Neutral,LoGoFunc_GOF,LoGoFunc_LOF
25546,Neutral,0.73871657282015,0.04016585357615802,0.22111757360369194
25547,Neutral,0.5673811556854077,0.0899417924217554,0.34267705189283687
25548,Neutral,0.5746444124300948,0.06338835256245351,0.36196723500745187
25549,Neutral,0.49029019710577226,0.06474067125675978,0.444969131637468
25550,LOF,0.3652867553595953,0.11055139953565862,0.5241618451047462
25551,LOF,0.31038754341829283,0.12042010392706945,0.5691923526546377
25552,LOF,0.21534884458887263,0.10978572883765818,0.6748654265734693
25553,Neutral,0.8412645644525499,0.031014162938552116,0.12772127260889782
25554,LOF,0.2518505572634275,0.10860767364641946,0.639541769090153
25555,LOF,0.20542129513296573,0.09744390016483427,0.6971348047022
25556,LOF,0.41456150214908527,0.09789467512291113,0.4875438227280036
25557,LOF,0.2027153724993312,0.100679800209143,0.6966048272915257
25558,LOF,0.2384660426326475,0.11229504632392827,0.6492389110434242
25559,LOF,0.3563276181831672,0.14174411729780548,0.5019282645190274
25560,LOF,0.046965778735661844,0.15444249954348144,0.7985917217208567
25561,LOF,0.09151472409567478,0.1637904077889614,0.7446948681153638
25562,LOF,0.10349796355310313,0.06399877005723718,0.8325032663896598
25563,LOF,0.09458654016385802,0.07361653037898988,0.8317969294571521
25564,LOF,0.19292183290005488,0.1400526829828433,0.6670254841171018
25565,LOF,0.16206974402077437,0.09636463125679728,0.7415656247224283
25566,GOF,0.01713520784902701,0.7213057029296733,0.26155908922129967
25567,LOF,0.013235907723319772,0.14784940326212112,0.838914689014559
25568,LOF,0.05105226013766975,0.06450149849505457,0.8844462413672757
25569,LOF,0.061305589973384554,0.0614936250292251,0.8772007849973903
25570,LOF,0.06137668377259233,0.0968656876863622,0.8417576285410455
25571,LOF,0.056358206939624546,0.09150369042864964,0.8521381026317257
25572,LOF,0.06724243350279427,0.11603957580909678,0.8167179906881089
25573,LOF,0.0257561847396295,0.08484041885405072,0.8894033964063198
25574,LOF,0.01590676464056714,0.14904612404069967,0.8350471113187332
25575,LOF,0.040866876633224955,0.10506359464618117,0.8540695287205938
25576,LOF,0.01827501377917639,0.11131571862565022,0.8704092675951733
25577,LOF,0.014047656429832986,0.12322258156833141,0.8627297620018357
25578,LOF,0.2450439203065348,0.0783183444973078,0.6766377351961573
25579,LOF,0.2453989907206813,0.0774853901225077,0.6771156191568111
25580,LOF,0.029972116393090022,0.07770821279555216,0.8923196708113579
25581,LOF,0.053418641942914256,0.06257390761092932,0.8840074504461565
25582,LOF,0.05304200536403458,0.060833316276711825,0.8861246783592537
25583,LOF,0.043776656294770275,0.08797143102986762,0.868251912675362
25584,Neutral,0.47834943503463767,0.09412276303171431,0.42752780193364803
25585,LOF,0.038023304283940684,0.10604966292312792,0.8559270327929314
25586,LOF,0.029679923198962222,0.07330838567844876,0.897011691122589
25587,LOF,0.02870505745146311,0.06943762689245893,0.9018573156560781
25588,LOF,0.029805933718387245,0.082588422536611,0.8876056437450018
25589,Neutral,0.6327324340591913,0.11714304928260706,0.2501245166582015
25590,LOF,0.026334172664603604,0.11552802427193651,0.8581378030634599
25591,LOF,0.10927804806359641,0.05373059308183863,0.836991358854565
25592,LOF,0.08490492233440851,0.12094193912368291,0.7941531385419086
25593,LOF,0.02191372737635827,0.24201693272347413,0.7360693399001677
25594,LOF,0.045659436162395046,0.18627984146150123,0.7680607223761038
25595,LOF,0.05243029627895564,0.12810918866148027,0.8194605150595642
25596,LOF,0.05297764503929089,0.06038588543492127,0.8866364695257879
25597,LOF,0.049047496747966955,0.07527300550352231,0.8756794977485106
25598,LOF,0.0498068634334926,0.11939299058690697,0.8308001459796004
25599,GOF,0.009307801681450434,0.7428345639952038,0.24785763432334587
25600,GOF,0.015459732341162356,0.5217702183750121,0.4627700492838255
25601,LOF,0.0076091738117621014,0.4448207911178893,0.5475700350703486
25602,LOF,0.023559143136365417,0.043952295294335295,0.9324885615692993
25603,LOF,0.06645110274774853,0.032523886996905255,0.9010250102553462
25604,LOF,0.06461811697408927,0.03167943370442436,0.9037024493214864
25605,LOF,0.016213044889956806,0.22481169727667832,0.7589752578333648
25606,GOF,0.11715108430579498,0.44960365999553564,0.4332452556986694
25607,LOF,0.006420673631243948,0.14890384515859387,0.8446754812101621
25608,LOF,0.064934610477997,0.044369613452291005,0.890695776069712
25609,LOF,0.03671480027021401,0.41909252648363005,0.5441926732461558
25610,LOF,0.040770897730076056,0.02648286350360006,0.9327462387663238
25611,LOF,0.040232697478215784,0.024290901859375717,0.9354764006624086
25612,LOF,0.10277581484499317,0.03501157733418847,0.8622126078208184
25613,LOF,0.0807003765490391,0.03304070018257015,0.8862589232683906
25614,LOF,0.029788709502717454,0.035044788780418897,0.9351665017168637
25615,LOF,0.05742294107565387,0.03275851431317171,0.9098185446111744
25616,LOF,0.029233166551248715,0.03222145156125572,0.9385453818874956
25617,LOF,0.028102855415521235,0.035426158917059,0.9364709856674197
25618,LOF,0.1775105852378713,0.030407350263664836,0.792082064498464
25619,LOF,0.027449117340846388,0.028674896985090285,0.9438759856740633
25620,LOF,0.03049190287847131,0.03951689735557954,0.9299911997659491
25621,LOF,0.03114365733267881,0.03038340802091138,0.9384729346464099
25622,LOF,0.03438544768834619,0.03718340551383403,0.9284311467978199
25623,LOF,0.0782476077280959,0.02717301999814096,0.8945793722737632
25624,LOF,0.025348616119067326,0.03883084628826425,0.9358205375926684
25625,LOF,0.03655149335167656,0.042526787157374936,0.9209217194909485
25626,LOF,0.08464994606441077,0.02925149579044088,0.8860985581451484
25627,Neutral,0.5717602928710392,0.1341095753633437,0.29413013176561703
25628,LOF,0.1576055055928994,0.07093581351222976,0.7714586808948709
25629,LOF,0.0714705882565458,0.0800602765754859,0.8484691351679683
25630,LOF,0.15096388993578977,0.10985050272218512,0.739185607342025
25631,Neutral,0.5577535307291254,0.09015643412287452,0.352090035148
25632,LOF,0.023295823643122954,0.07329186355528977,0.9034123128015872
25633,LOF,0.21945944266296066,0.08277317979499593,0.6977673775420434
25634,LOF,0.030464697055401068,0.12697090398308022,0.8425643989615187
25635,LOF,0.03480973692678573,0.0930721463186463,0.8721181167545679
25636,GOF,0.00530901895294152,0.5850626063866226,0.40962837466043583
25637,GOF,0.004861028946638839,0.5362314056365372,0.458907565416824
25638,LOF,0.0095837363204284,0.4253267067357448,0.5650895569438268
25639,LOF,0.004665866324887708,0.40210053518840666,0.5932335984867055
25640,Neutral,0.5001656651944558,0.4309412801945517,0.06889305461099261
25641,LOF,0.008734980853600501,0.32551139119081957,0.6657536279555799
25642,LOF,0.25814270123382177,0.0735118165442482,0.6683454822219301
25643,LOF,0.24670464320680793,0.20762853536529835,0.5456668214278937
25644,GOF,0.017430646041720513,0.5882781249607669,0.3942912289975126
25645,GOF,0.018031635991213775,0.5710786080075725,0.4108897560012138
25646,LOF,0.019968651269797806,0.3676185626172145,0.6124127861129877
25647,LOF,0.017123885197371756,0.2701389318979254,0.7127371829047028
25648,LOF,0.01526570918494671,0.2840140863670544,0.7007202044479989
25649,LOF,0.013520552105984922,0.23420129291503475,0.7522781549789803
25650,GOF,0.037335741019261584,0.5853542352711764,0.377310023709562
25651,LOF,0.011197641745297781,0.29358033815676793,0.6952220200979342
25652,LOF,0.018176590919731696,0.290509698597816,0.6913137104824524
25653,LOF,0.07951872382181713,0.40078138249497924,0.5196998936832037
25654,LOF,0.015292122709098821,0.24124483167095068,0.7434630456199506
25655,LOF,0.12238116643686357,0.41393992444340555,0.4636789091197308
25656,LOF,0.06149727987230845,0.08351226444944747,0.854990455678244
25657,LOF,0.26622353719600894,0.03360522155381688,0.7001712412501742
25658,LOF,0.03896759465887603,0.0831085597050883,0.8779238456360356
25659,LOF,0.2694280226911847,0.053127899350516004,0.6774440779582993
25660,LOF,0.07668041603304496,0.09749723681950204,0.8258223471474531
25661,LOF,0.04751712606079663,0.07489161306835976,0.8775912608708436
25662,LOF,0.029284194079675075,0.04706951242040825,0.9236462934999167
25663,LOF,0.03819063871344047,0.07818508983095197,0.8836242714556076
25664,LOF,0.037498942405854135,0.0907879521914378,0.8717131054027081
25665,LOF,0.05961875543876693,0.04701765939806852,0.8933635851631645
25666,LOF,0.040387513652541875,0.14098353208595904,0.8186289542614991
25667,LOF,0.02840162058118778,0.06154979154099114,0.9100485878778211
25668,LOF,0.035516144623992996,0.06425493234543223,0.9002289230305748
25669,LOF,0.03866159060546111,0.10161343735020463,0.8597249720443343
25670,LOF,0.15936694515072367,0.06515009735570637,0.7754829574935699
25671,LOF,0.037206358114763985,0.04899247330653681,0.9138011685786993
25672,LOF,0.058957885592356915,0.06961213353148935,0.8714299808761539
25673,LOF,0.0428175407511435,0.06071130602133551,0.896471153227521
25674,LOF,0.031471258000145746,0.07168910362721412,0.89683963837264
25675,LOF,0.04185079043364334,0.056306245605448335,0.9018429639609084
25676,LOF,0.02926680260080509,0.0616329002399975,0.9091002971591973
25677,LOF,0.053465849991862935,0.06658985390665219,0.8799442961014848
25678,LOF,0.26483565779205775,0.04888703491909317,0.6862773072888491
25679,LOF,0.16056171508406003,0.0680076784736939,0.771430606442246
25680,LOF,0.05988562052206346,0.09569602813806234,0.8444183513398743
25681,LOF,0.10458803137832762,0.08777025302635258,0.8076417155953197
25682,LOF,0.0448573452672048,0.07396574438239953,0.8811769103503956
25683,LOF,0.07778492349932954,0.09463026045550098,0.8275848160451694
25684,LOF,0.04820646204458421,0.07557078045321075,0.8762227575022051
25685,LOF,0.12367989831356663,0.03560006463968645,0.8407200370467468
25686,LOF,0.03446971564443045,0.09023902749989662,0.8752912568556729
25687,LOF,0.06131949046868385,0.07924877096750643,0.8594317385638097
25688,LOF,0.024376317050987875,0.10029809103611982,0.8753255919128924
25689,LOF,0.021208412961472713,0.06365655629864528,0.915135030739882
25690,LOF,0.02058235911120872,0.08154908111538638,0.8978685597734049
25691,LOF,0.15587969506165758,0.13063205236473174,0.7134882525736106
25692,LOF,0.2334088406754754,0.01715613650022651,0.749435022824298
25693,LOF,0.06015640612300752,0.13618344273998564,0.8036601511370068
25694,LOF,0.2559683100675843,0.013697129784453442,0.7303345601479623
25695,LOF,0.1694373147179732,0.02011837809614861,0.8104443071858782
25696,LOF,0.17730028355271732,0.010357039293671488,0.8123426771536112
25697,LOF,0.13952751401490915,0.031582445827444156,0.8288900401576467
25698,LOF,0.028928795698754273,0.32672356033271777,0.644347643968528
25699,LOF,0.07325112441430032,0.0724510500010238,0.8542978255846759
25700,LOF,0.034382736167775,0.011058282443699332,0.9545589813885258
25701,LOF,0.011436448231219185,0.07224600053367765,0.9163175512351032
25702,GOF,0.03452707208093222,0.6927020162381478,0.27277091168092005
25703,LOF,0.019212862292842785,0.16714891047535088,0.8136382272318062
25704,LOF,0.07895310928901031,0.16522916203446403,0.7558177286765256
25705,LOF,0.0656050828081325,0.24548943561066708,0.6889054815812005
25706,GOF,0.040189521705543005,0.6139458535499298,0.3458646247445273
25707,GOF,0.03347431297462728,0.5966239708066846,0.3699017162186883
25708,GOF,0.007370505532909869,0.5657792355486907,0.42685025891839934
25709,LOF,0.018135489207359065,0.07723059341370735,0.9046339173789337
25710,LOF,0.008372228540258155,0.16098424735739297,0.8306435241023488
25711,LOF,0.020901455150730806,0.13414009840344104,0.8449584464458282
25712,LOF,0.009323365479590116,0.21440437250341907,0.7762722620169908
25713,LOF,0.018922746232970765,0.11572504414184755,0.8653522096251817
25714,LOF,0.020242971509335565,0.16487584753968398,0.8148811809509804
25715,LOF,0.0187532002372215,0.14767044368818694,0.8335763560745916
25716,LOF,0.014718923074737095,0.11180993152780072,0.8734711453974623
25717,LOF,0.006222147592610074,0.11926859099063102,0.8745092614167589
25718,LOF,0.018967826576955848,0.09519851894705307,0.885833654475991
25719,LOF,0.0339426266617903,0.10879380403576167,0.8572635693024481
25720,LOF,0.02679458062751693,0.09174740907789398,0.881458010294589
25721,LOF,0.023963373533439074,0.1046532849749022,0.8713833414916587
25722,LOF,0.016262307125689424,0.14899944369899054,0.8347382491753201
25723,LOF,0.021354461040066525,0.09522648531520171,0.8834190536447317
25724,LOF,0.02524322721727256,0.16472691603882747,0.8100298567438999
25725,LOF,0.020654518926846083,0.08534353273987813,0.8940019483332757
25726,LOF,0.01561497175599983,0.12021714613868043,0.8641678821053198
25727,LOF,0.021214403895766443,0.10887527089390599,0.8699103252103275
25728,LOF,0.019606995337345494,0.1143179986169869,0.8660750060456676
25729,LOF,0.019103589644070523,0.12321754264474555,0.8576788677111838
25730,LOF,0.02091346708036215,0.08803414031486716,0.8910523926047706
25731,LOF,0.011537643076732104,0.17263184651371305,0.8158305104095549
25732,LOF,0.017984651735557584,0.11503437923697094,0.8669809690274715
25733,LOF,0.026935535592837765,0.10858988280834976,0.8644745815988126
25734,LOF,0.007369591347518258,0.21063214675953415,0.7819982618929475
25735,LOF,0.02123379634259273,0.08644737623150253,0.8923188274259047
25736,LOF,0.019502368329077927,0.142638115281129,0.8378595163897932
25737,LOF,0.03564270384641985,0.11925074897605739,0.8451065471775226
25738,LOF,0.020468052457516546,0.16329831488007368,0.8162336326624098
25739,LOF,0.02193153919392658,0.14515928969049063,0.8329091711155827
25740,LOF,0.047442104173619895,0.16857214790069736,0.7839857479256828
25741,LOF,0.026463231087725674,0.1341053790269315,0.8394313898853428
25742,LOF,0.0438300340427189,0.13843445943877064,0.8177355065185105
25743,LOF,0.011889122740282438,0.027913085858424096,0.9601977914012936
25744,LOF,0.1783925473060119,0.30049346251596015,0.521113990178028
25745,LOF,0.03259703480470946,0.10870377667383596,0.8586991885214545
25746,LOF,0.014530253323350756,0.15368745090141867,0.8317822957752307
25747,LOF,0.0325446878584771,0.030190078230275093,0.9372652339112477
25748,LOF,0.2692316797577686,0.049947179521608584,0.6808211407206228
25749,LOF,0.013765228253454796,0.0948846718457599,0.8913500999007853
25750,LOF,0.018533859304778955,0.09495662188471109,0.8865095188105101
25751,LOF,0.04014200141870925,0.047692138568501206,0.9121658600127895
25752,GOF,0.08682464501984381,0.6872050569951789,0.22597029798497745
25753,LOF,0.006689722523423042,0.3923564200889027,0.6009538573876744
25754,GOF,0.007154294131594045,0.865597466237324,0.12724823963108206
25755,LOF,0.007841241954606726,0.44444130920872366,0.5477174488366696
25756,LOF,0.045561495620326464,0.4369730056142404,0.517465498765433
25757,GOF,0.00799794830082093,0.8674489084962871,0.12455314320289197
25758,GOF,0.009464046311669243,0.8728147880328613,0.11772116565546963
25759,GOF,0.005721828248734921,0.6045403516116391,0.389737820139626
25760,LOF,0.005763615183209736,0.3103121132058736,0.6839242716109167
25761,GOF,0.05640816684336,0.841482186901676,0.10210964625496398
25762,LOF,0.02656578628271869,0.356982959828503,0.6164512538887783
25763,LOF,0.006089403277926848,0.28389270346065804,0.7100178932614151
25764,GOF,0.07211839884517292,0.6354219873794794,0.2924596137753477
25765,GOF,0.00828338227196526,0.8599166330456666,0.13179998468236812
25766,GOF,0.038952382775945704,0.8102089306094009,0.1508386866146534
25767,GOF,0.010753257970878673,0.5415761674180386,0.4476705746110828
25768,LOF,0.03316731259860693,0.0738539411706753,0.8929787462307177
25769,LOF,0.02435753041189265,0.09034290346183928,0.8852995661262681
25770,LOF,0.17015923054564883,0.07151175151891583,0.7583290179354354
25771,LOF,0.015249433554185114,0.0697159540225224,0.9150346124232925
25772,LOF,0.022489904383407894,0.035526367171442974,0.9419837284451492
25773,LOF,0.01975072049775612,0.06768530061763472,0.912563978884609
25774,LOF,0.0293032784294547,0.10355588378450012,0.8671408377860451
25775,LOF,0.022035704196846022,0.04632991014113962,0.9316343856620143
25776,LOF,0.024681178122210264,0.031433858943061596,0.9438849629347281
25777,LOF,0.24037111892843413,0.08116789332102205,0.6784609877505438
25778,LOF,0.019755324730491228,0.06686138732788052,0.9133832879416284
25779,GOF,0.034807928540815124,0.8975856015385344,0.06760646992065035
25780,GOF,0.06518797359627516,0.8861594345464655,0.04865259185725939
25781,GOF,0.03310808419859934,0.8715047436551738,0.09538717214622688
25782,GOF,0.029181425688897842,0.9057781764865993,0.0650403978245029
25783,GOF,0.026339357913900047,0.9159918854338892,0.0576687566522107
25784,GOF,0.0809098622769125,0.8733504326563569,0.045739705066730425
25785,GOF,0.08430809697099989,0.8738927275492908,0.04179917547970925
25786,GOF,0.008832847999214676,0.8712212413401339,0.11994591066065138
25787,GOF,0.17693145175039954,0.778622745357989,0.04444580289161145
25788,LOF,0.01541326175621617,0.16986319551979492,0.8147235427239888
25789,GOF,0.01777190050186279,0.8635758155046717,0.11865228399346552
25790,GOF,0.02064842349742639,0.8818927734376109,0.0974588030649627
25791,GOF,0.021680097931434467,0.8138017121292954,0.16451818993927023
25792,GOF,0.024934413501823557,0.837042537568671,0.1380230489295054
25793,GOF,0.06418590080725016,0.8420465010934987,0.09376759809925116
25794,GOF,0.05550436461886047,0.7667537118528662,0.1777419235282733
25795,GOF,0.04375237852951651,0.7609478479634093,0.1952997735070742
25796,GOF,0.08693953874186683,0.8214384464046969,0.09162201485343635
25797,GOF,0.07304804966286672,0.756730967167781,0.1702209831693523
25798,GOF,0.004703257944752811,0.7555999473616902,0.239696794693557
25799,GOF,0.0038811406881034444,0.7094825124656707,0.2866363468462257
25800,GOF,0.024243642307254176,0.827094353231112,0.14866200446163383
25801,GOF,0.01876125649366602,0.891664708553522,0.08957403495281199
25802,GOF,0.031653526048722916,0.8372412730797145,0.1311052008715625
25803,GOF,0.019432919876602797,0.73274841899902,0.24781866112437725
25804,GOF,0.027935992595189727,0.7627560252350883,0.20930798216972207
25805,GOF,0.03019524181559019,0.8095239289677697,0.1602808292166403
25806,GOF,0.02809746929188704,0.8118927936907467,0.1600097370173662
25807,GOF,0.008387101730685876,0.7591986670473911,0.23241423122192287
25808,GOF,0.017511493524639266,0.7923755346444875,0.1901129718308733
25809,GOF,0.010283776750421685,0.7643514793152995,0.22536474393427888
25810,GOF,0.008132510840151045,0.7482673637621143,0.2436001253977346
25811,GOF,0.046395050980905794,0.8727180726909204,0.0808868763281738
25812,GOF,0.029634130580752205,0.7962726554824493,0.17409321393679844
25813,GOF,0.11619963901522709,0.806600247243849,0.07720011374092377
25814,GOF,0.02882942303017909,0.8016818591577568,0.16948871781206415
25815,GOF,0.057807944029329365,0.8304680371362327,0.11172401883443796
25816,GOF,0.0095847183341789,0.8663799901962804,0.12403529146954076
25817,GOF,0.09890237956599597,0.8174422652372891,0.08365535519671506
25818,GOF,0.022247513680492475,0.8081308649315833,0.16962162138792442
25819,GOF,0.06429849015672345,0.7739836385866018,0.16171787125667486
25820,GOF,0.030987175984740063,0.7314964191081421,0.23751640490711778
25821,GOF,0.02241581892995032,0.7452514743319001,0.23233270673814965
25822,GOF,0.03900940967625392,0.7511242862346293,0.20986630408911675
25823,GOF,0.024678715378549612,0.7196085158746808,0.25571276874676957
25824,GOF,0.0246814989506135,0.7827057387224432,0.1926127623269433
25825,GOF,0.019837708351454885,0.7746125597639429,0.20554973188460227
25826,GOF,0.007610753922570955,0.7221781990749241,0.270211047002505
25827,GOF,0.012027536950539023,0.7157611892686545,0.27221127378080645
25828,GOF,0.008493280205588916,0.7414742212969936,0.25003249849741754
25829,GOF,0.003955722695731961,0.6866036516425795,0.3094406256616885
25830,LOF,0.03525628340150082,0.44777406883558546,0.5169696477629138
25831,GOF,0.05362094020459899,0.7972450004349602,0.14913405936044064
25832,GOF,0.008775684639764218,0.7492878621060278,0.241936453254208
25833,GOF,0.034617834467165466,0.8080806912446723,0.15730147428816227
25834,GOF,0.009884156267560514,0.7632058874997891,0.2269099562326504
25835,GOF,0.025312578084482555,0.8414416192367739,0.13324580267874353
25836,GOF,0.006219864833757687,0.7716208106325907,0.22215932453365167
25837,GOF,0.00756716353504145,0.760801839530073,0.23163099693488545
25838,GOF,0.022332862274087203,0.8328324563958063,0.14483468133010663
25839,GOF,0.049767691129394165,0.8094796972070295,0.14075261166357647
25840,GOF,0.0789693016931393,0.8024465118132886,0.11858418649357202
25841,GOF,0.08026479038170056,0.8209597177748342,0.09877549184346521
25842,GOF,0.029595750020235463,0.8833230598057362,0.08708119017402839
25843,GOF,0.02443557155383829,0.8850202358503462,0.09054419259581552
25844,GOF,0.01752169654096419,0.8442469701828103,0.13823133327622558
25845,GOF,0.006183583635138401,0.7737100108773586,0.22010640548750307
25846,GOF,0.07291344178014966,0.8250252307653755,0.102061327454475
25847,GOF,0.017882398584883403,0.8886999991916245,0.09341760222349219
25848,GOF,0.02033835312503036,0.8406292072598811,0.13903243961508854
25849,GOF,0.007206440094911534,0.8349866100831624,0.15780694982192595
25850,GOF,0.005761582556210122,0.7300204638926392,0.26421795355115063
25851,GOF,0.005454603843324085,0.6801230800676471,0.3144223160890289
25852,GOF,0.14092302747506613,0.584528905460284,0.2745480670646499
25853,GOF,0.06800870139745402,0.8202195222148553,0.11177177638769065
25854,GOF,0.005462720327978302,0.7131897458862665,0.2813475337857552
25855,GOF,0.023451695923541824,0.6860790657108297,0.2904692383656285
25856,GOF,0.04667253027809916,0.7829234906119726,0.17040397910992808
25857,GOF,0.024003662802805442,0.6994930263583026,0.27650331083889196
25858,GOF,0.010056295618842664,0.7325165432589111,0.25742716112224623
25859,GOF,0.007867794452822407,0.74560687707524,0.24652532847193767
25860,GOF,0.08014568360630676,0.8110572689563903,0.10879704743730298
25861,GOF,0.09291025383404228,0.8155091443357877,0.09158060183016992
25862,GOF,0.02097546259911267,0.8854087474667065,0.09361578993418068
25863,GOF,0.022490144458171272,0.8793335820728135,0.09817627346901511
25864,GOF,0.06790116187208006,0.8810919331692463,0.05100690495867382
25865,GOF,0.04631144546901038,0.8550556374320414,0.09863291709894821
25866,GOF,0.027052361298971463,0.8743961064983213,0.09855153220270718
25867,GOF,0.04159119521456836,0.8707141455260656,0.08769465925936588
25868,GOF,0.059283026532620374,0.8206595776770943,0.12005739579028539
25869,GOF,0.3610001665895255,0.5618476955368953,0.07715213787357923
25870,GOF,0.05843423171418248,0.5624892753665595,0.379076492919258
25871,GOF,0.010775056620278903,0.8574503528942843,0.1317745904854368
25872,GOF,0.02016971593646099,0.8586584004651913,0.12117188359834764
25873,GOF,0.01926283277134319,0.8855520797769584,0.09518508745169833
25874,LOF,0.015011216242334991,0.20270421657048898,0.7822845671871761
25875,LOF,0.02951189443688286,0.052753388511419676,0.9177347170516975
25876,LOF,0.02011197537539455,0.030344196031375417,0.94954382859323
25877,LOF,0.10044297430323483,0.08005192229632951,0.8195051034004356
25878,LOF,0.07333750795010663,0.12483827877082036,0.801824213279073
25879,LOF,0.016618347196156083,0.08513011587092782,0.8982515369329162
25880,LOF,0.06063380237392916,0.01235297568544858,0.9270132219406223
25881,Neutral,0.4741852887976569,0.07667895863315355,0.4491357525691896
25882,LOF,0.06739443647879034,0.03222068632215241,0.9003848771990574
25883,LOF,0.028793643575504204,0.03644940002848722,0.9347569563960086
25884,LOF,0.016098097972795777,0.07192473083443823,0.911977171192766
25885,LOF,0.17952049036412004,0.01461651060126785,0.8058629990346122
25886,LOF,0.2819327095844742,0.07099068962750142,0.6470766007880243
25887,LOF,0.12206711918422253,0.08851958553829001,0.7894132952774874
25888,LOF,0.008743696829325891,0.148877240514389,0.8423790626562851
25889,LOF,0.02311996403767373,0.050244153189990474,0.9266358827723359
25890,LOF,0.1667254274019635,0.08328938477863318,0.7499851878194033
25891,LOF,0.11259305693182507,0.02723926781497638,0.8601676752531986
25892,LOF,0.009669516090130387,0.030963831317927046,0.9593666525919425
25893,LOF,0.36514002987104743,0.008483894892123903,0.6263760752368287
25894,LOF,0.410430124421664,0.0062229218738474555,0.5833469537044885
25895,LOF,0.35331365445677876,0.011700601095526349,0.6349857444476948
25896,LOF,0.06895721344952192,0.025347505285791935,0.905695281264686
25897,LOF,0.1528322585276588,0.00953820596608462,0.8376295355062566
25898,LOF,0.12871396555899867,0.03239430518133561,0.8388917292596657
25899,LOF,0.4165438146957212,0.026037669481512492,0.5574185158227662
25900,Neutral,0.5237518727294097,0.007677517708740292,0.46857060956185
25901,LOF,0.0638761833235059,0.01012121688245366,0.9260025997940405
25902,LOF,0.16847501432019654,0.01243928154464915,0.8190857041351545
25903,LOF,0.3746955033704495,0.027136452184742595,0.5981680444448078
25904,Neutral,0.5275786408186267,0.03384307334354489,0.43857828583782843
25905,LOF,0.006648168608010757,0.4653789529334855,0.5279728784585037
25906,LOF,0.007455975929413185,0.09065465800514541,0.9018893660654413
25907,LOF,0.007022557869230612,0.2959667464467275,0.6970106956840418
25908,LOF,0.006103976842686162,0.26994603047587495,0.7239499926814388
25909,LOF,0.028822535994404687,0.12550771376582878,0.8456697502397665
25910,LOF,0.012584834196252564,0.13836757629568794,0.8490475895080595
25911,LOF,0.23617012392310535,0.08202427400227495,0.6818056020746197
25912,LOF,0.1035749598880391,0.04217181865856856,0.8542532214533924
25913,LOF,0.0233859855308313,0.07459777756923934,0.9020162368999294
25914,LOF,0.03730882295401103,0.02973389076687685,0.9329572862791121
25915,LOF,0.1714752806472464,0.12767204187758782,0.7008526774751658
25916,LOF,0.025519296469681752,0.07611160683758739,0.8983690966927308
25917,LOF,0.07286883042939646,0.025673225662405107,0.9014579439081986
25918,LOF,0.043020384588492895,0.01863187355021287,0.9383477418612941
25919,LOF,0.03989183460997819,0.018075509604054595,0.9420326557859673
25920,Neutral,0.355118409284381,0.2962966718625894,0.34858491885302956
25921,LOF,0.014606809762537695,0.03946338541774423,0.945929804819718
25922,LOF,0.016627070282567255,0.039664844146825286,0.9437080855706075
25923,LOF,0.4400237639385705,0.03513671659791631,0.5248395194635133
25924,LOF,0.02395189228202651,0.05492627367215065,0.9211218340458228
25925,LOF,0.09108901657166932,0.049582932553009336,0.8593280508753215
25926,LOF,0.07405667988208098,0.04329728028509547,0.8826460398328236
25927,LOF,0.020222339314675982,0.07903124737642966,0.9007464133088943
25928,LOF,0.010204989468966441,0.05225332461899982,0.9375416859120337
25929,Neutral,0.5743151189177548,0.03294554928319349,0.3927393317990517
25930,LOF,0.07705880764285172,0.034616970605054385,0.8883242217520939
25931,LOF,0.013184549485366535,0.04096001628617368,0.9458554342284597
25932,LOF,0.06351009054786261,0.0368179011077329,0.8996720083444045
25933,LOF,0.06250137233904779,0.021205007669065475,0.9162936199918866
25934,LOF,0.0557609856257449,0.02262328713037603,0.9216157272438792
25935,LOF,0.08262239112533692,0.05861238060749911,0.858765228267164
25936,LOF,0.10650835795813843,0.022569024176942707,0.8709226178649189
25937,LOF,0.021358774590759584,0.027572230903058673,0.9510689945061818
25938,LOF,0.07951126413565156,0.05027576101418064,0.8702129748501678
25939,LOF,0.048895895862173154,0.030668232877812538,0.9204358712600142
25940,LOF,0.00938631248938863,0.41164479238995255,0.5789688951206589
25941,LOF,0.4712596034823162,0.05546654923300122,0.4732738472846826
25942,LOF,0.00962603041257069,0.06353751267425996,0.9268364569131693
25943,LOF,0.048345694231925834,0.1910945033728608,0.7605598023952135
25944,LOF,0.041839944683371724,0.09562675504043826,0.86253330027619
25945,LOF,0.1135125729349165,0.03953809007252095,0.8469493369925625
25946,LOF,0.06375022057430876,0.04793566843471725,0.8883141109909739
25947,Neutral,0.5317012362589368,0.06751091030636126,0.40078785343470186
25948,LOF,0.4135485844424879,0.0210322393665797,0.5654191761909324
25949,LOF,0.17270507213843173,0.08033576213827087,0.7469591657232973
25950,GOF,0.06127819725574023,0.502483356787818,0.4362384459564418
25951,LOF,0.015085640571495395,0.3854972802947899,0.5994170791337148
25952,LOF,0.2566958430416894,0.2004809446566437,0.5428232123016669
25953,LOF,0.008646821978653475,0.22814452044500907,0.7632086575763374
25954,LOF,0.07753821267258149,0.33315976722863755,0.589302020098781
25955,LOF,0.007593634337139512,0.21636567463713866,0.7760406910257218
25956,LOF,0.013742606542932592,0.3374585139646108,0.6487988794924566
25957,LOF,0.16908467073297653,0.03143597472004346,0.7994793545469799
25958,LOF,0.03361785981627952,0.07158749603235115,0.8947946441513692
25959,GOF,0.006767632072858585,0.8071882144040528,0.1860441535230887
25960,LOF,0.004702532671053728,0.11639044247832327,0.8789070248506229
25961,LOF,0.030638391596921246,0.056639520595152267,0.9127220878079265
25962,LOF,0.05337500583619741,0.0828948007096484,0.8637301934541542
25963,LOF,0.0073636201788107175,0.15408781330299656,0.8385485665181927
25964,LOF,0.02637986494366052,0.1250027103512408,0.8486174247050986
25965,LOF,0.2378751595158051,0.12075373695767089,0.6413711035265239
25966,LOF,0.39540075538557334,0.09078398531018281,0.5138152593042438
25967,LOF,0.00799340671652795,0.06943465066009817,0.9225719426233738
25968,LOF,0.04059992807267673,0.2508515295247453,0.708548542402578
25969,LOF,0.1632556646737387,0.04922835272582311,0.7875159826004382
25970,LOF,0.07050985623122222,0.08183151815864072,0.8476586256101372
25971,LOF,0.07829333426692918,0.03527985809052648,0.8864268076425444
25972,LOF,0.07582989961428942,0.06494649372271986,0.8592236066629908
25973,LOF,0.0697905917478449,0.010420004551566307,0.9197894037005887
25974,LOF,0.039680372871386975,0.04019829269100299,0.9201213344376099
25975,LOF,0.041096390266918095,0.020818543615279513,0.9380850661178024
25976,LOF,0.08872863234412176,0.011210947411906666,0.9000604202439715
25977,LOF,0.24512976940961712,0.05451967993620866,0.7003505506541742
25978,LOF,0.17169097226786537,0.14772369190123597,0.6805853358308985
25979,LOF,0.14289819383540062,0.1605878977500499,0.6965139084145495
25980,LOF,0.22949118134729277,0.21788503776995385,0.5526237808827533
25981,LOF,0.2306948043057757,0.2201311534935046,0.5491740422007197
25982,LOF,0.42360944221991503,0.11566147816984705,0.46072907961023785
25983,Neutral,0.42955908828411926,0.1412393562279902,0.42920155548789046
25984,LOF,0.041617035371334536,0.08840465284172798,0.8699783117869375
25985,LOF,0.42515728399968616,0.12808194251947988,0.44676077348083393
25986,LOF,0.011087478177421475,0.46350340139881746,0.5254091204237611
25987,LOF,0.042999988139162955,0.1002448624150085,0.8567551494458284
25988,LOF,0.04079542841549853,0.14050408348477883,0.8187004880997225
25989,LOF,0.0451554419787752,0.18074370095848263,0.7741008570627421
25990,LOF,0.04249885091484725,0.2772162451484731,0.6802849039366797
25991,LOF,0.020676273320063204,0.4861416720241895,0.4931820546557473
25992,LOF,0.015364226252252039,0.45692103022259695,0.527714743525151
25993,LOF,0.026530311684937163,0.09757460026388369,0.8758950880511791
25994,LOF,0.024144432938979415,0.09760753167674077,0.8782480353842798
25995,LOF,0.018522202270614307,0.16137757451711582,0.8201002232122698
25996,Neutral,0.38820675341863276,0.37133578772113357,0.24045745886023365
25997,LOF,0.07231234582100818,0.4556409736993383,0.47204668047965354
25998,LOF,0.26566805242012964,0.043021365319549344,0.691310582260321
25999,LOF,0.03863809329465835,0.11053821928235688,0.8508236874229848
26000,LOF,0.1388529501748749,0.016419197967627815,0.8447278518574972
26001,LOF,0.2396429975701077,0.0190357497716918,0.7413212526582006
26002,LOF,0.12374690114297154,0.026622684719047822,0.8496304141379807
26003,GOF,0.007344575958763775,0.6022210934260468,0.3904343306151895
26004,GOF,0.017984500590130556,0.6311375899857389,0.3508779094241306
26005,LOF,0.005472285844451094,0.45758336818048884,0.5369443459750601
26006,GOF,0.10815627552625198,0.5225709874614735,0.3692727370122745
26007,LOF,0.011941546241231485,0.4884859510589409,0.49957250269982767
26008,GOF,0.006309950506839146,0.563082347419194,0.43060770207396676
26009,GOF,0.012366201532756542,0.6037561841299863,0.38387761433725726
26010,GOF,0.010434126794299722,0.5775535191401621,0.41201235406553827
26011,LOF,0.004275389362618911,0.3946315342432093,0.6010930763941719
26012,GOF,0.004831906578192113,0.5255167071395757,0.46965138628223235
26013,GOF,0.011494891334535412,0.5472429217667186,0.441262186898746
26014,LOF,0.07257196167632524,0.11023499332819103,0.8171930449954838
26015,LOF,0.38829868435159876,0.03947605884824491,0.5722252568001563
26016,LOF,0.28831238934884496,0.05306995585008926,0.6586176548010658
26017,LOF,0.01326933112586796,0.24717997485759943,0.7395506940165326
26018,LOF,0.025562484139281787,0.08933390202185812,0.8851036138388602
26019,LOF,0.02519521173799909,0.0809230781493545,0.8938817101126464
26020,LOF,0.00777574904227491,0.21947204253575978,0.7727522084219652
26021,LOF,0.07688775787202706,0.10172422171693576,0.8213880204110372
26022,LOF,0.036313358202035746,0.04215673563494934,0.921529906163015
26023,LOF,0.01983711078670954,0.06819585830575933,0.9119670309075311
26024,LOF,0.05344038671630899,0.07623293377076189,0.870326679512929
26025,LOF,0.1164824921084164,0.10135167954421172,0.7821658283473719
26026,LOF,0.11391790834493995,0.0809248955902393,0.8051571960648207
26027,LOF,0.02462813738243307,0.039496230227023824,0.935875632390543
26028,LOF,0.0894319768302545,0.17039841803190822,0.7401696051378374
26029,LOF,0.024661490945462532,0.1607519200647652,0.8145865889897723
26030,LOF,0.13402762308779523,0.019972942074143112,0.8459994348380617
26031,LOF,0.01102249670338084,0.13532274455674537,0.8536547587398738
26032,LOF,0.03773358454953754,0.03713529153475416,0.9251311239157083
26033,LOF,0.03737460337815998,0.03802036760066505,0.924605029021175
26034,LOF,0.017802725532935045,0.1151949247359026,0.8670023497311622
26035,LOF,0.0143378174802147,0.1042956086409452,0.8813665738788401
26036,LOF,0.01312476406926301,0.08861706480779587,0.8982581711229412
26037,LOF,0.012166750462577359,0.0972953700708136,0.890537879466609
26038,LOF,0.031773631645740374,0.03372151211095159,0.934504856243308
26039,LOF,0.03831899559549056,0.12663301022629653,0.835047994178213
26040,LOF,0.07808136118922365,0.10120591695918559,0.8207127218515907
26041,LOF,0.015528237027371333,0.09323140784269764,0.8912403551299309
26042,LOF,0.014761637214791368,0.10144964330267935,0.8837887194825292
26043,LOF,0.03161356153196379,0.052709481854068235,0.915676956613968
26044,LOF,0.009102132872056077,0.039933156404476235,0.9509647107234677
26045,LOF,0.07525392316297984,0.12433424490985377,0.8004118319271664
26046,LOF,0.028357273001879933,0.038701170036854186,0.9329415569612658
26047,LOF,0.05640849474192825,0.038202710360737024,0.9053887948973348
26048,LOF,0.0826265580345564,0.01699896372580915,0.9003744782396345
26049,Neutral,0.9444853917438407,0.006779776053840394,0.048734832202318876
26050,Neutral,0.9098233395224732,0.007132975594858339,0.08304368488266835
26051,LOF,0.024742714867600723,0.06700403663577402,0.9082532484966253
26052,LOF,0.029335948711038545,0.060515607266204516,0.9101484440227569
26053,LOF,0.02150298387117379,0.12974042361605137,0.8487565925127749
26054,LOF,0.047647221621444684,0.03675055414311421,0.9156022242354411
26055,LOF,0.07388783851217541,0.03503187273864837,0.8910802887491763
26056,LOF,0.06027797435567015,0.04504948793867082,0.894672537705659
26057,LOF,0.06189548766055057,0.020671854611131236,0.9174326577283182
26058,LOF,0.06429427313451008,0.016047281800592655,0.9196584450648974
26059,LOF,0.21040818582390985,0.035535445397788336,0.7540563687783018
26060,LOF,0.027202992707709945,0.16254542498393038,0.8102515823083597
26061,LOF,0.01156147531901068,0.01200455676169971,0.9764339679192896
26062,LOF,0.006490811939955637,0.01839612367561951,0.9751130643844248
26063,LOF,0.04445727508445764,0.016581271441664137,0.9389614534738783
26064,LOF,0.016501857733982,0.01958533709977274,0.9639128051662453
26065,LOF,0.05519456813758414,0.019375182826491245,0.9254302490359246
26066,LOF,0.04426595115180133,0.015574212619695552,0.9401598362285032
26067,LOF,0.04889238305258386,0.0158112970397039,0.9352963199077123
26068,LOF,0.05580275090076796,0.04880036435400708,0.8953968847452249
26069,LOF,0.3050739795413484,0.03246134394334474,0.6624646765153068
26070,Neutral,0.5426792283032466,0.023487629231236987,0.43383314246551646
26071,LOF,0.047990452267117636,0.019213246315538304,0.9327963014173439
26072,LOF,0.008536224652407817,0.023319354907206078,0.9681444204403861
26073,LOF,0.040869074131539035,0.01983732309853294,0.939293602769928
26074,Neutral,0.8604199772719651,0.013048361513631623,0.12653166121440343
26075,LOF,0.056711566547083966,0.027686364585766773,0.9156020688671492
26076,LOF,0.05433409648415132,0.016671989595887077,0.9289939139199617
26077,LOF,0.1640998853828038,0.008143555583056515,0.8277565590341397
26078,LOF,0.0070276509034786876,0.019975246001424852,0.9729971030950965
26079,LOF,0.06735257085154277,0.02601865246758956,0.9066287766808676
26080,LOF,0.06672482659327729,0.026156843392895826,0.9071183300138269
26081,LOF,0.03632368108408514,0.012845626212144775,0.9508306927037701
26082,LOF,0.005862981221455932,0.019400241634942406,0.9747367771436017
26083,LOF,0.10610609117942298,0.029340862054730434,0.8645530467658467
26084,LOF,0.10880429111521646,0.023050925009737145,0.8681447838750465
26085,LOF,0.0913381402741157,0.018664310433273622,0.8899975492926107
26086,LOF,0.04021606723485343,0.017521947979471417,0.9422619847856751
26087,LOF,0.03823139249622798,0.014430857320789404,0.9473377501829826
26088,LOF,0.007207462636994095,0.025366342936801387,0.9674261944262045
26089,LOF,0.045190809426237,0.04391211464862054,0.9108970759251424
26090,LOF,0.045268969366397044,0.034734150532798415,0.9199968801008045
26091,LOF,0.030788433830444065,0.01153321410414411,0.9576783520654119
26092,LOF,0.04934814926259494,0.012862815563976322,0.9377890351734287
26093,LOF,0.09062884782797465,0.008448710761975812,0.9009224414100495
26094,LOF,0.034810047634746315,0.011504032067127037,0.9536859202981267
26095,LOF,0.02005646642759784,0.02149116098873707,0.9584523725836651
26096,LOF,0.22357190173157263,0.005034131597930026,0.7713939666704973
26097,LOF,0.007465981643638813,0.044002120411293595,0.9485318979450675
26098,LOF,0.12445429597203753,0.022463570266990203,0.8530821337609723
26099,LOF,0.04279834996990727,0.027465976629180766,0.929735673400912
26100,LOF,0.04281209225502763,0.027465582307585168,0.9297223254373872
26101,LOF,0.06728439073836157,0.04661966295591013,0.8860959463057283
26102,LOF,0.034878551104987145,0.025604139787714864,0.939517309107298
26103,Neutral,0.887812034216508,0.03149681322570032,0.08069115255779177
26104,LOF,0.06382880981941577,0.049335115279466206,0.8868360749011179
26105,LOF,0.28125449449438306,0.09443797571607242,0.6243075297895446
26106,LOF,0.2957748406707315,0.052999606532130754,0.6512255527971378
26107,LOF,0.020858138052844987,0.07016654379998923,0.9089753181471659
26108,LOF,0.26221407771647465,0.03715834363428683,0.7006275786492385
26109,LOF,0.06731653736469273,0.032914273521030164,0.8997691891142771
26110,LOF,0.43316722417913034,0.011411381665048277,0.5554213941558213
26111,LOF,0.06620370847563513,0.10984519746161202,0.8239510940627528
26112,LOF,0.0543452372000078,0.012211821416796512,0.9334429413831956
26113,LOF,0.11527456189252397,0.02938415404434273,0.8553412840631334
26114,LOF,0.08767171669619032,0.007370233350773147,0.9049580499530364
26115,LOF,0.015255496616320462,0.05117742876072845,0.9335670746229511
26116,LOF,0.07795924678946156,0.021386640525290736,0.9006541126852478
26117,LOF,0.3504165166072923,0.04116206675918676,0.6084214166335209
26118,LOF,0.04862616393202026,0.02180950990766411,0.9295643261603157
26119,LOF,0.005912667602080308,0.11487479909045788,0.8792125333074619
26120,LOF,0.03333908812310948,0.021087155922021216,0.9455737559548694
26121,LOF,0.00318806088225903,0.17471782616252116,0.8220941129552198
