feature0,prediction,LoGoFunc_Neutral,LoGoFunc_GOF,LoGoFunc_LOF
25546,Neutral,0.6340374650855881,0.10747723324022318,0.2584853016741887
25547,Neutral,0.45913123134893197,0.2490051705870696,0.2918635980639984
25548,Neutral,0.4368968643055328,0.1921630007744684,0.37094013491999867
25549,Neutral,0.41027313184628766,0.19972972498273067,0.3899971431709816
25550,LOF,0.3227848853237435,0.20683555094130998,0.4703795637349466
25551,LOF,0.24344275989876518,0.1914484430499308,0.565108797051304
25552,LOF,0.1508581127763884,0.19700770311135693,0.6521341841122547
25553,Neutral,0.8224314658051399,0.04841546735912683,0.12915306683573338
25554,LOF,0.1814682308010699,0.208486594617167,0.6100451745817631
25555,LOF,0.15162316609753745,0.1832651960725074,0.6651116378299552
25556,Neutral,0.5022260602672637,0.1571646856494542,0.3406092540832822
25557,LOF,0.15596201841876292,0.19791320682870958,0.6461247747525275
25558,LOF,0.18537136030281437,0.231824093601015,0.5828045460961706
25559,Neutral,0.5339967625169314,0.02197353947332832,0.4440296980097402
25560,LOF,0.039422473848829145,0.21756571173252168,0.7430118144186492
25561,LOF,0.10343629887592555,0.27221210686678615,0.6243515942572884
25562,LOF,0.12939241503750767,0.05921911776710062,0.8113884671953916
25563,LOF,0.12110686269719782,0.09594045745662809,0.782952679846174
25564,LOF,0.07164785604161956,0.23882773088169007,0.6895244130766903
25565,LOF,0.12010218971590347,0.2590843868328301,0.6208134234512666
25566,GOF,0.019605235145667258,0.6821199305000871,0.2982748343542457
25567,LOF,0.010895455438750139,0.09531924694692964,0.8937852976143201
25568,LOF,0.06045006413458121,0.04790193605985583,0.891647999805563
25569,LOF,0.10944130731365039,0.04129592916102521,0.8492627635253244
25570,LOF,0.057159819006541185,0.04319168178636207,0.8996484992070967
25571,LOF,0.0713941800980891,0.03829473665846683,0.8903110832434441
25572,LOF,0.03927613829789654,0.05498217956187296,0.9057416821402305
25573,LOF,0.02134759781438771,0.05889523290593087,0.9197571692796814
25574,LOF,0.010378968991844555,0.21145333375188197,0.7781676972562734
25575,LOF,0.052534792820144935,0.023048607980951045,0.9244165991989041
25576,LOF,0.013724188713714305,0.027591753733398356,0.9586840575528874
25577,LOF,0.009237645384789663,0.028980812993934717,0.9617815416212757
25578,LOF,0.2439790510478238,0.056609377540841756,0.6994115714113344
25579,LOF,0.2047316890728785,0.055467460050210644,0.7398008508769109
25580,LOF,0.03057169539845255,0.023978803832127256,0.9454495007694202
25581,LOF,0.05207907918908956,0.07518635346430678,0.8727345673466037
25582,LOF,0.05172765068142477,0.060361860652648425,0.8879104886659268
25583,LOF,0.03450438878095891,0.024550689082309875,0.9409449221367312
25584,Neutral,0.5074458697640195,0.05294044710431462,0.4396136831316659
25585,LOF,0.028661734904698644,0.02718908439100146,0.9441491807043
25586,LOF,0.03348099755000454,0.02329330829305758,0.943225694156938
25587,LOF,0.02779976377156173,0.01773189549847363,0.9544683407299646
25588,LOF,0.027935197830389898,0.023122608634600656,0.9489421935350095
25589,Neutral,0.6842071538056167,0.05540553802295048,0.26038730817143274
25590,LOF,0.02072850662697006,0.0595674458645143,0.9197040475085155
25591,LOF,0.07210154817227912,0.03781735159326208,0.8900811002344589
25592,LOF,0.11559929596735045,0.03782076253547069,0.846579941497179
25593,LOF,0.012372949225109571,0.286356325502552,0.7012707252723384
25594,LOF,0.06416364373176998,0.042745143455974736,0.8930912128122553
25595,LOF,0.12019283898796193,0.061052512890482184,0.8187546481215559
25596,LOF,0.09495806578539244,0.04203751493589732,0.8630044192787103
25597,LOF,0.07603017721196909,0.018083127345209674,0.9058866954428213
25598,LOF,0.16211941961586232,0.04678003758613281,0.7911005427980048
25599,GOF,0.01035979083835377,0.6274416182458392,0.362198590915807
25600,GOF,0.010406712779980279,0.6904391793365825,0.29915410788343716
25601,LOF,0.0064330141391720054,0.37479735875207926,0.6187696271087487
25602,LOF,0.018159423658072018,0.0924643259135397,0.8893762504283882
25603,LOF,0.035007549307300934,0.0855533130193363,0.8794391376733628
25604,LOF,0.03573285906985286,0.09403421860425412,0.870232922325893
25605,LOF,0.011528717840920216,0.30664828320342863,0.6818229989556511
25606,LOF,0.0663640025824216,0.4198625207307855,0.5137734766867929
25607,LOF,0.003018446609072843,0.17635322699930853,0.8206283263916186
25608,LOF,0.06679582108375995,0.03191650442884528,0.9012876744873948
25609,LOF,0.10347912926679169,0.13504849630706398,0.7614723744261443
25610,LOF,0.040397586426863565,0.04134755639800727,0.9182548571751291
25611,LOF,0.057166395510762406,0.017893087249692307,0.9249405172395453
25612,LOF,0.275030861384405,0.02490559890188837,0.7000635397137066
25613,LOF,0.13680906095497725,0.03811155035757634,0.8250793886874465
25614,LOF,0.035260894939125126,0.04501019309014587,0.919728911970729
25615,LOF,0.07782799975235931,0.0345047140626001,0.8876672861850406
25616,LOF,0.02825339720954517,0.07215900165780453,0.8995876011326503
25617,LOF,0.0452788859583159,0.03550180627078497,0.9192193077708992
25618,LOF,0.18221588699271196,0.08229604544375521,0.7354880675635328
25619,LOF,0.03878741983011451,0.048680890363889937,0.9125316898059956
25620,LOF,0.033691880904027895,0.051417427827735264,0.9148906912682367
25621,LOF,0.03570271616900829,0.029300888608919256,0.9349963952220726
25622,LOF,0.026005528344341156,0.05332917216428012,0.9206652994913788
25623,LOF,0.04626722596885077,0.05026293642984445,0.9034698376013047
25624,LOF,0.03165505280623233,0.055705064328858994,0.9126398828649087
25625,LOF,0.037954150220622866,0.045116260165734993,0.9169295896136421
25626,LOF,0.14136177118366966,0.027176772892781833,0.8314614559235485
25627,Neutral,0.46753485646693627,0.11641231617727905,0.4160528273557846
25628,LOF,0.1792855547625536,0.03131556626370989,0.7893988789737364
25629,LOF,0.09379998182488443,0.041563342099592504,0.864636676075523
25630,LOF,0.18118639973391207,0.038514006343424556,0.7802995939226632
25631,Neutral,0.6014914923588273,0.0395028745299445,0.3590056331112282
25632,LOF,0.018504109212865428,0.16048376164408293,0.8210121291430517
25633,LOF,0.23972519517911597,0.36325243572474925,0.39702236909613475
25634,LOF,0.051975363930808045,0.22562315857192988,0.7224014774972621
25635,LOF,0.046231850980912176,0.19971436726990202,0.7540537817491858
25636,LOF,0.005179044083109455,0.453228340866689,0.5415926150502015
25637,LOF,0.004541101761147535,0.24092493615029217,0.7545339620885604
25638,LOF,0.006027819662456004,0.27328661730213744,0.7206855630354065
25639,LOF,0.004811232584737522,0.23481053457698442,0.760378232838278
25640,GOF,0.3785010626250539,0.5530949661284168,0.06840397124652926
25641,LOF,0.007838775810826988,0.23698762185243652,0.7551736023367365
25642,LOF,0.23934761853032455,0.053822253826011364,0.7068301276436642
25643,LOF,0.19989450819185445,0.04571809772090508,0.7543873940872405
25644,LOF,0.01278454741791248,0.35826197355226275,0.6289534790298249
25645,LOF,0.010078837953270484,0.4720046038606711,0.5179165581860585
25646,LOF,0.01108214030082383,0.27728727163880984,0.7116305880603664
25647,LOF,0.010074916178836036,0.2718410775046872,0.7180840063164767
25648,LOF,0.007290217650539912,0.2810766831192547,0.7116330992302053
25649,LOF,0.007720280074524747,0.20495280928107257,0.7873269106444027
25650,LOF,0.0257436631032599,0.3285110233037084,0.6457453135930317
25651,LOF,0.007066311096785477,0.21817734478007345,0.7747563441231411
25652,LOF,0.012159190186157161,0.35484053486767064,0.6330002749461722
25653,LOF,0.05445737213583409,0.43050422088022106,0.5150384069839449
25654,LOF,0.00832594131155839,0.3349818722172762,0.6566921864711655
25655,LOF,0.10073661157513121,0.44886847204164126,0.45039491638322754
25656,LOF,0.08309228449680285,0.0869894827688635,0.8299182327343337
25657,LOF,0.24998226311099037,0.03264807090636849,0.7173696659826412
25658,LOF,0.02589445702799336,0.18377723561999285,0.7903283073520138
25659,LOF,0.22615542205808095,0.10113932737698984,0.6727052505649291
25660,LOF,0.09640521956593805,0.08806705507437992,0.8155277253596821
25661,LOF,0.06247325304689045,0.0689179898318172,0.8686087571212923
25662,LOF,0.04234329673021837,0.06083338712384926,0.8968233161459324
25663,LOF,0.043704054936324684,0.10423732271236255,0.8520586223513127
25664,LOF,0.024539385402926717,0.15924929133697696,0.8162113232600963
25665,LOF,0.04625330088266736,0.07270995488966334,0.8810367442276693
25666,LOF,0.033816730496341464,0.2248610523333357,0.7413222171703229
25667,LOF,0.037716412263842265,0.02885094594978524,0.9334326417863725
25668,LOF,0.04109908920224484,0.05859269902284904,0.900308211774906
25669,LOF,0.03366166346695703,0.0739296139987469,0.8924087225342962
25670,LOF,0.062629570790821,0.08276651753458122,0.8546039116745977
25671,LOF,0.055316569547532536,0.037473257103617146,0.9072101733488503
25672,LOF,0.06203430337824542,0.049494979766108206,0.8884707168556463
25673,LOF,0.036245922783690536,0.07811681886097921,0.8856372583553302
25674,LOF,0.023935709818050876,0.10583579393394127,0.8702284962480078
25675,LOF,0.034130059898180735,0.06490639733559925,0.9009635427662199
25676,LOF,0.039691780663558086,0.06880172908938095,0.8915064902470611
25677,LOF,0.0692450415447572,0.048141201891664605,0.8826137565635782
25678,LOF,0.1466068087003688,0.07987423450226978,0.7735189567973614
25679,LOF,0.09880333585756265,0.1172897209265883,0.7839069432158492
25680,LOF,0.11112645673641927,0.09869891206016478,0.790174631203416
25681,LOF,0.11187067880935823,0.09957481427143272,0.788554506919209
25682,LOF,0.044521919844887736,0.0490267262156018,0.9064513539395105
25683,LOF,0.06966928900228962,0.10850520677745001,0.8218255042202603
25684,LOF,0.06389065141246661,0.07515268513327404,0.8609566634542594
25685,LOF,0.1179799860154687,0.026752238822823286,0.855267775161708
25686,LOF,0.02871670653780607,0.09432192185885724,0.8769613716033366
25687,LOF,0.048527202197548504,0.09737222313820984,0.8541005746642416
25688,LOF,0.030312279018109484,0.13770336179900622,0.8319843591828843
25689,LOF,0.016000603488401467,0.08024885247157983,0.9037505440400188
25690,LOF,0.022740725342003127,0.1631498723634702,0.8141094022945268
25691,LOF,0.18527526521207516,0.24785996905860883,0.5668647657293161
25692,LOF,0.3794938562113618,0.014963683668442552,0.6055424601201956
25693,LOF,0.030554813781530726,0.4425652475962195,0.5268799386222498
25694,LOF,0.24554265673328632,0.014811284007118567,0.7396460592595951
25695,LOF,0.19419318017093565,0.020893279136790836,0.7849135406922735
25696,LOF,0.07523534990155638,0.026989100401113544,0.89777554969733
25697,LOF,0.06523708650773856,0.02167666412007783,0.9130862493721835
25698,LOF,0.015493332181104774,0.3630756472208693,0.6214310205980258
25699,LOF,0.06705059645846859,0.2987147727408205,0.634234630800711
25700,LOF,0.05177024783744867,0.028262851290934064,0.9199669008716174
25701,LOF,0.010132299191529113,0.39107046249554783,0.5987972383129231
25702,LOF,0.029870124583624327,0.42808472766726985,0.5420451477491058
25703,LOF,0.01583251118306807,0.06220822064958864,0.9219592681673433
25704,LOF,0.05861502343819489,0.05623771534414219,0.885147261217663
25705,LOF,0.13207748303679834,0.16589665897654585,0.7020258579866558
25706,GOF,0.02216893510362331,0.5541816508417095,0.4236494140546672
25707,LOF,0.026268140189057824,0.3725551012039737,0.6011767586069684
25708,GOF,0.008012850976059747,0.5040408935426387,0.48794625548130166
25709,LOF,0.05769512705415228,0.06809134530635429,0.8742135276394933
25710,LOF,0.00825426587972134,0.15608461438962495,0.8356611197306537
25711,LOF,0.06170538861274616,0.09573057085249936,0.8425640405347545
25712,LOF,0.01247176142601409,0.18146945885872848,0.8060587797152574
25713,LOF,0.05563286972684883,0.10812634510059142,0.8362407851725597
25714,LOF,0.04099903837222458,0.208091558462813,0.7509094031649624
25715,LOF,0.04741824192840588,0.14166237826738898,0.8109193798042051
25716,LOF,0.00716807749239975,0.05855936130435889,0.9342725612032413
25717,LOF,0.006851987881058182,0.04942630235192599,0.9437217097670159
25718,LOF,0.05211681252495557,0.04119045346707543,0.9066927340079689
25719,LOF,0.05016165978723047,0.10318261961775657,0.846655720595013
25720,LOF,0.052938261651557295,0.10960858174617341,0.8374531566022694
25721,LOF,0.050110824856952924,0.06921794055808402,0.8806712345849631
25722,LOF,0.04280019276117531,0.09742986096113974,0.8597699462776849
25723,LOF,0.07002818823301366,0.12143661144421701,0.8085352003227694
25724,LOF,0.07520855935945456,0.29537984796354905,0.6294115926769964
25725,LOF,0.0663482789885689,0.11040881645975564,0.8232429045516754
25726,LOF,0.055752561635755836,0.08966896626884112,0.8545784720954032
25727,LOF,0.08204561691116626,0.06814337298905458,0.8498110100997791
25728,LOF,0.049586877307260635,0.12909234596286312,0.8213207767298762
25729,LOF,0.0563621723671072,0.13643710667635175,0.807200720956541
25730,LOF,0.06770591069444966,0.09721136304910678,0.8350827262564436
25731,LOF,0.01097942035714396,0.056983337848278984,0.932037241794577
25732,LOF,0.03371157630997788,0.052367974675860386,0.9139204490141617
25733,LOF,0.04257693668692867,0.11802021436795482,0.8394028489451164
25734,LOF,0.006717573266278938,0.21458531342414058,0.7786971133095806
25735,LOF,0.04133819322113999,0.07801180326799435,0.8806500035108656
25736,LOF,0.04364260500580073,0.09662379130585265,0.8597336036883467
25737,LOF,0.07450983199230746,0.0856804109163505,0.8398097570913421
25738,LOF,0.058414039742498314,0.15948437056119774,0.7821015896963038
25739,LOF,0.040472071371640314,0.11660438573976867,0.842923542888591
25740,LOF,0.0725546453739962,0.10711007743670249,0.8203352771893012
25741,LOF,0.0681785439364413,0.10809025243381307,0.8237312036297457
25742,LOF,0.07525655038569357,0.11976129768746052,0.8049821519268459
25743,LOF,0.012713209728133596,0.020641755634170127,0.9666450346376964
25744,LOF,0.13172467353075443,0.1444451079749029,0.7238302184943427
25745,LOF,0.028644969259884037,0.06263957406368563,0.9087154566764303
25746,LOF,0.014654070181186314,0.08671216772435643,0.8986337620944573
25747,LOF,0.04690602535276541,0.03552662599778835,0.9175673486494462
25748,LOF,0.26512728648536993,0.1118105883727688,0.6230621251418612
25749,LOF,0.018348312938007726,0.0797160062910846,0.9019356807709076
25750,LOF,0.01870377440935334,0.0925636306958081,0.8887325948948385
25751,LOF,0.034866381795401066,0.1408526103367112,0.8242810078678878
25752,GOF,0.09608986263148857,0.7089639301323307,0.19494620723618075
25753,GOF,0.007807167580231877,0.5092668853379724,0.4829259470817957
25754,GOF,0.00960945765734739,0.9229998202321608,0.06739072211049182
25755,GOF,0.008236057989719539,0.49791507881074554,0.4938488631995349
25756,GOF,0.0241336536194393,0.5790827025181084,0.39678364386245235
25757,GOF,0.009470322689752383,0.8823048647842346,0.10822481252601303
25758,GOF,0.01103347239701593,0.9087222601224518,0.08024426748053229
25759,GOF,0.007106574629947155,0.7426826707234406,0.25021075464661235
25760,LOF,0.0064878881113100695,0.4320446204949215,0.5614674913937685
25761,GOF,0.053141551169117174,0.8804154337935066,0.06644301503737608
25762,GOF,0.02396659454259913,0.5578590582340133,0.41817434722338764
25763,LOF,0.006728608377241294,0.39096090692460234,0.6023104846981564
25764,GOF,0.08136693555394336,0.756094782817823,0.16253828162823358
25765,GOF,0.01109922580341863,0.9396352838748385,0.04926549032174283
25766,GOF,0.03203849463690086,0.8716444474995148,0.0963170578635845
25767,GOF,0.010543528970799479,0.6065252677832604,0.3829312032459402
25768,LOF,0.051163435791415274,0.05383305065449207,0.8950035135540926
25769,LOF,0.034196117275838524,0.15556020185202366,0.8102436808721378
25770,Neutral,0.5054672314134937,0.18171305616884117,0.31281971241766504
25771,LOF,0.022066167094875373,0.10093373105896032,0.8770001018461644
25772,LOF,0.04508252808040672,0.09365540739359178,0.8612620645260014
25773,LOF,0.018152857255364727,0.25786614782435546,0.7239809949202799
25774,LOF,0.02909047954503332,0.3643069800292867,0.6066025404256801
25775,LOF,0.022603719604325005,0.06865666876868007,0.9087396116269949
25776,LOF,0.03143963954517955,0.08064123572924879,0.8879191247255716
25777,LOF,0.07587160986385105,0.2940311321164075,0.6300972580197415
25778,LOF,0.03521256692299305,0.12843591025357914,0.8363515228234278
25779,GOF,0.05799826772011647,0.7073723397945094,0.2346293924853741
25780,GOF,0.06741642834210529,0.6964199605757204,0.23616361108217418
25781,GOF,0.02941904984313774,0.602094429852552,0.3684865203043102
25782,GOF,0.032573125275381115,0.7252244648502738,0.24220240987434508
25783,GOF,0.06606562008449392,0.7562503776317,0.17768400228380604
25784,GOF,0.1481825752015402,0.7200626949229858,0.13175472987547393
25785,GOF,0.17560378110729444,0.6536050176625201,0.17079120123018546
25786,LOF,0.013831642299628064,0.46309420124540157,0.5230741564549704
25787,GOF,0.35299090817561235,0.49175747372167933,0.1552516181027084
25788,LOF,0.02641618801002267,0.05054713191433397,0.9230366800756434
25789,GOF,0.02052231679601766,0.6940351797393185,0.28544250346466377
25790,GOF,0.03370562212069806,0.5922008423212307,0.37409353555807123
25791,GOF,0.026442576092369916,0.5746901966292322,0.3988672272783979
25792,GOF,0.030862530946640605,0.6313322461750145,0.3378052228783449
25793,GOF,0.07147862219700696,0.5906480123188966,0.3378733654840964
25794,LOF,0.06191477242701144,0.40803178398076073,0.5300534435922278
25795,GOF,0.06553111971612327,0.4703322774854486,0.4641366027984281
25796,GOF,0.16641154754801177,0.42052791452479726,0.41306053792719094
25797,LOF,0.05701875898364572,0.4292107739685873,0.513770467047767
25798,GOF,0.00828524801491501,0.7225324948587085,0.2691822571263764
25799,GOF,0.005334108574726879,0.6127528829284308,0.38191300849684234
25800,GOF,0.027657435848918673,0.7776948757654498,0.19464768838563143
25801,GOF,0.025450873159114262,0.6722227213171803,0.30232640552370554
25802,GOF,0.026944962739510456,0.6572349188690082,0.31582011839148144
25803,GOF,0.025060165149235408,0.5493322595140292,0.4256075753367354
25804,GOF,0.045984327685623376,0.505332596197714,0.4486830761166627
25805,GOF,0.02862118179932933,0.6141864335921704,0.3571923846085002
25806,GOF,0.04092801807731379,0.6136905965267165,0.34538138539596974
25807,GOF,0.01846208609891747,0.5518227033282076,0.429715210572875
25808,GOF,0.029537378884434647,0.6715668709227525,0.29889575019281284
25809,GOF,0.016470990579172357,0.5870955344422745,0.3964334749785532
25810,GOF,0.013944650705936876,0.6117877778308708,0.3742675714631924
25811,GOF,0.0911631707308604,0.7076839168400527,0.20115291242908684
25812,GOF,0.042482228500661676,0.5495721519333991,0.4079456195659392
25813,GOF,0.23468154194811874,0.5570870386496262,0.20823141940225512
25814,GOF,0.04012975217707974,0.5728268730646779,0.3870433747582423
25815,GOF,0.07104994980824098,0.6761848633384077,0.2527651868533515
25816,GOF,0.00961167624944169,0.6369659801197178,0.3534223436308406
25817,GOF,0.13037212874583834,0.5344879863899626,0.335139884864199
25818,GOF,0.030127612211642694,0.7043886613343474,0.26548372645400986
25819,GOF,0.05582725864348186,0.5398190856942356,0.4043536556622826
25820,GOF,0.0619492644689384,0.490148702335435,0.4479020331956265
25821,GOF,0.041577258475343735,0.5233066610407963,0.43511608048385997
25822,GOF,0.08960611457452351,0.5028753028089131,0.4075185826165633
25823,GOF,0.04996992125934169,0.4810264210514726,0.46900365768918584
25824,GOF,0.030692742852037477,0.6774673663368473,0.2918398908111153
25825,GOF,0.02117649391028251,0.7010833715293029,0.2777401345604147
25826,GOF,0.010961506027759515,0.5747290136403613,0.41430948033187925
25827,GOF,0.0203141567812121,0.6245140182679971,0.35517182495079086
25828,GOF,0.013394682737656316,0.6261846400087171,0.36042067725362653
25829,LOF,0.00505517831215042,0.4327691705957585,0.562175651092091
25830,LOF,0.0779243300681289,0.19413197248669428,0.7279436974451767
25831,GOF,0.08651684436836721,0.7164260865275436,0.1970570691040892
25832,GOF,0.009876929342011162,0.630772846976615,0.359350223681374
25833,GOF,0.030741204718735454,0.732689111951325,0.23656968332993947
25834,GOF,0.010210219638743797,0.6458316750857618,0.3439581052754944
25835,GOF,0.03019511330578652,0.8055943044301643,0.16421058226404908
25836,GOF,0.00828190871092045,0.708370589910631,0.28334750137844866
25837,GOF,0.012221485975776361,0.6644885808284007,0.32328993319582294
25838,GOF,0.024169293881392353,0.7732399354185561,0.20259077070005174
25839,GOF,0.07409262390896598,0.6600626549024706,0.26584472118856345
25840,GOF,0.10351882458481926,0.6787359474371756,0.2177452279780052
25841,GOF,0.08699386507331998,0.737815261606169,0.17519087332051114
25842,GOF,0.030227951703064106,0.7953582333079144,0.17441381498902156
25843,GOF,0.028212728133175692,0.7926177310545727,0.17916954081225164
25844,GOF,0.02402175406640973,0.7271959066885371,0.2487823392450533
25845,GOF,0.008870113069342269,0.5677083788153326,0.4234215081153252
25846,GOF,0.08129833073782806,0.7838282764042536,0.13487339285791825
25847,GOF,0.022838979657070425,0.7658345705886491,0.21132644975428044
25848,GOF,0.022123612206442385,0.7281599979715904,0.2497163898219673
25849,GOF,0.007925927825590153,0.6970081403780851,0.2950659317963247
25850,GOF,0.008551864629008537,0.5466161350469533,0.44483200032403836
25851,LOF,0.007842565870101096,0.47362008123664706,0.5185373528932519
25852,LOF,0.2002464103132509,0.3686781265130027,0.4310754631737464
25853,GOF,0.06047960053127678,0.538892579433032,0.40062782003569114
25854,GOF,0.008294512429427974,0.5813463090658952,0.4103591785046768
25855,GOF,0.026442146615051156,0.495735087267833,0.47782276611711577
25856,GOF,0.0570188219580814,0.652594077464779,0.2903871005771395
25857,LOF,0.02652715417502613,0.4584556479924248,0.5150171978325491
25858,LOF,0.009630579087606048,0.4559879247811154,0.5343814961312785
25859,LOF,0.007067097927473588,0.4390673464094311,0.5538655556630953
25860,GOF,0.08770475148454102,0.49134102109002925,0.42095422742542987
25861,GOF,0.11810184854236966,0.6854151895140451,0.19648296194358528
25862,GOF,0.02272194707478066,0.8596203898295959,0.11765766309562353
25863,GOF,0.02143467005759456,0.7873861624265199,0.19117916751588543
25864,GOF,0.0347750015287949,0.8636474322226523,0.10157756624855285
25865,GOF,0.03626209755661731,0.8292948846877133,0.13444301775566944
25866,GOF,0.02063762658769302,0.8039084936064609,0.17545387980584617
25867,GOF,0.03661071240490317,0.8234104604213193,0.13997882717377758
25868,GOF,0.06925035699403471,0.6660437704771407,0.2647058725288246
25869,GOF,0.31039800265921297,0.4867101694566854,0.2028918278841018
25870,LOF,0.08605627912924163,0.34617490958892694,0.5677688112818314
25871,GOF,0.01209161550897469,0.5073663038527331,0.4805420806382922
25872,GOF,0.028713022142761824,0.5755533396492345,0.3957336382080036
25873,GOF,0.02228314692373587,0.6495788837458782,0.32813796933038586
25874,LOF,0.03887857701350823,0.04537256234305514,0.9157488606434366
25875,LOF,0.020759505902077386,0.2415522469346153,0.7376882471633073
25876,LOF,0.01976418455299056,0.13998765720109957,0.8402481582459098
25877,LOF,0.08526683833106904,0.29432237344645773,0.6204107882224733
25878,LOF,0.05527064807321686,0.46819909689395317,0.47653025503283
25879,LOF,0.010698829010891362,0.2261935579943143,0.7631076129947943
25880,LOF,0.048930146018219704,0.03124877730874191,0.9198210766730385
25881,Neutral,0.46138311173342406,0.3371307348257216,0.20148615344085422
25882,LOF,0.03679412937904295,0.16287206539280108,0.800333805228156
25883,LOF,0.026623991453642037,0.17588601566415032,0.7974899928822076
25884,LOF,0.013340589938297447,0.16759296300390206,0.8190664470578005
25885,LOF,0.14370710684904428,0.03533095758068516,0.8209619355702705
25886,LOF,0.1210479528394055,0.2281089148877886,0.6508431322728059
25887,GOF,0.04529405216784364,0.5088016359200217,0.4459043119121347
25888,LOF,0.005508377120410815,0.44842153379541533,0.546070089084174
25889,LOF,0.02307831871122808,0.10845294285505472,0.8684687384337172
25890,LOF,0.15720244021143917,0.23662904727167913,0.6061685125168818
25891,LOF,0.10894366158937799,0.062092722133717394,0.8289636162769046
25892,LOF,0.007773968890499272,0.046036670510339626,0.946189360599161
25893,LOF,0.2556848716198392,0.018435367328297144,0.7258797610518637
25894,LOF,0.3146570908436354,0.012195658830169622,0.6731472503261949
25895,LOF,0.26932363372965734,0.017094203778901137,0.7135821624914416
25896,LOF,0.08905622017298243,0.04555547255631255,0.8653883072707049
25897,LOF,0.11248662040902097,0.024244681153363232,0.8632686984376158
25898,LOF,0.09320073412153704,0.06168351297576444,0.8451157529026985
25899,LOF,0.35834244634686385,0.08764270375744536,0.5540148498956908
25900,Neutral,0.9388292575863796,0.008725504213393404,0.05244523820022702
25901,LOF,0.07136880125246003,0.01990868551203167,0.9087225132355083
25902,LOF,0.07760286813068029,0.010457888827502211,0.9119392430418175
25903,LOF,0.15811236760552322,0.046736997203764875,0.7951506351907119
25904,Neutral,0.5070159295052888,0.10199074109866864,0.39099332939604264
25905,LOF,0.01254733077434838,0.22531687479864,0.7621357944270117
25906,LOF,0.010269549573318357,0.026446487959484125,0.9632839624671976
25907,LOF,0.009204028632480241,0.16158746445665892,0.8292085069108608
25908,LOF,0.00979668599013401,0.17331905281188223,0.8168842611979837
25909,LOF,0.04378150235012307,0.10171975382112856,0.8544987438287484
25910,LOF,0.016049865103540607,0.09185901823332271,0.8920911166631366
25911,LOF,0.11022868578273248,0.07067965200704908,0.8190916622102185
25912,LOF,0.13360321708874626,0.016668734728431937,0.8497280481828219
25913,LOF,0.013534830122626905,0.09287897315185781,0.8935861967255153
25914,LOF,0.036463301946049444,0.0810279859067277,0.8825087121472229
25915,GOF,0.19668505967638988,0.44162703753166166,0.3616879027919484
25916,LOF,0.019861356599228,0.210045347200081,0.7700932962006911
25917,LOF,0.1453689272457089,0.05809243953496375,0.7965386332193273
25918,LOF,0.03956309671755788,0.04908251439068865,0.9113543888917534
25919,LOF,0.04097802746207833,0.038935603035689256,0.9200863695022323
25920,LOF,0.3517253354728547,0.28231691986365987,0.3659577446634853
25921,LOF,0.023498591191229417,0.025491063237994264,0.9510103455707763
25922,LOF,0.01979219506506916,0.02346716185327206,0.9567406430816587
25923,LOF,0.39354105157835717,0.03997816368058555,0.5664807847410573
25924,LOF,0.027363754025551405,0.03622142635308429,0.9364148196213642
25925,LOF,0.23480120634297563,0.028006020052268543,0.7371927736047558
25926,LOF,0.12821899487150334,0.0665200289062267,0.80526097622227
25927,LOF,0.02362888287754868,0.07574438512659953,0.9006267319958517
25928,LOF,0.014537935532992168,0.020001034952123308,0.9654610295148844
25929,Neutral,0.5794263763304205,0.040558126083250635,0.3800154975863289
25930,LOF,0.05093118717919793,0.033914453507699845,0.9151543593131023
25931,LOF,0.015181494315860087,0.02761861786852509,0.9571998878156148
25932,LOF,0.08813432214460472,0.020829049656489514,0.8910366281989057
25933,LOF,0.07667863255802679,0.010622441945624485,0.9126989254963488
25934,LOF,0.07022779551300387,0.013555312643975307,0.9162168918430208
25935,LOF,0.23484501780266,0.03487764186074946,0.7302773403365906
25936,LOF,0.07516278900286374,0.0128811206152138,0.9119560903819226
25937,LOF,0.017742242161716704,0.030923199316770525,0.9513345585215128
25938,LOF,0.23320141115774776,0.027499336577523136,0.7392992522647291
25939,LOF,0.05880042815851413,0.012725387996535501,0.9284741838449504
25940,GOF,0.007336776744031093,0.5608819918207504,0.43178123143521846
25941,Neutral,0.495286693852132,0.12078959923793234,0.38392370690993577
25942,LOF,0.010227782134332775,0.1678517034803093,0.8219205143853578
25943,GOF,0.02439030094731499,0.5698525603654071,0.4057571386872778
25944,LOF,0.0180981083419081,0.4418783444485763,0.5400235472095156
25945,LOF,0.08533262927782445,0.10108136902655501,0.8135860016956205
25946,LOF,0.09022643359759351,0.10264255801199956,0.807131008390407
25947,Neutral,0.4774688857263125,0.08430070104272158,0.43823041323096584
25948,Neutral,0.5170202982080546,0.007774557648014375,0.47520514414393095
25949,LOF,0.12445511364399543,0.02470161234014774,0.8508432740158569
25950,GOF,0.042334169941444635,0.8090845063836191,0.14858132367493623
25951,GOF,0.01378430752821019,0.7298564200722338,0.256359272399556
25952,GOF,0.07838586619526589,0.4757119050351834,0.44590222876955055
25953,GOF,0.006030899094950546,0.5510299678455917,0.44293913305945776
25954,GOF,0.022143537116238093,0.6916901019564454,0.2861663609273164
25955,GOF,0.004497606233005533,0.5651594131659942,0.43034298060100024
25956,GOF,0.009512119748277443,0.5323641617970456,0.458123718454677
25957,LOF,0.24069259481263006,0.05422936023476664,0.7050780449526033
25958,LOF,0.026479260258966096,0.18685095442005048,0.7866697853209834
25959,GOF,0.006518147947164896,0.7070988765062421,0.28638297554659287
25960,LOF,0.005088391691652378,0.19794403238056893,0.7969675759277787
25961,LOF,0.02575172913272965,0.1444843492460712,0.8297639216211992
25962,LOF,0.04607669218524145,0.09407571199940196,0.8598475958153566
25963,LOF,0.011214734977681808,0.23476388012164773,0.7540213849006705
25964,LOF,0.050798262633824684,0.134097118716048,0.8151046186501273
25965,LOF,0.15156140527089576,0.20771413441891481,0.6407244603101895
25966,LOF,0.27595107833484633,0.26835346003868193,0.45569546162647173
25967,LOF,0.007527194415160546,0.10158482260107003,0.8908879829837695
25968,LOF,0.08024615313090586,0.2790415598541257,0.6407122870149684
25969,LOF,0.15297105700838778,0.059320994408123245,0.787707948583489
25970,LOF,0.02321020446208459,0.2422110559023017,0.7345787396356138
25971,LOF,0.07056347766371979,0.13472136731868217,0.794715155017598
25972,LOF,0.07361602300569214,0.1599274553064403,0.7664565216878676
25973,LOF,0.09015195528082776,0.006650290115031781,0.9031977546041404
25974,LOF,0.13597511761746475,0.053226684618957694,0.8107981977635775
25975,LOF,0.04258643895640718,0.008501337690480849,0.9489122233531121
25976,LOF,0.09483649362573793,0.006745818180352183,0.8984176881939099
25977,LOF,0.17442087406007234,0.12147296578130029,0.7041061601586274
25978,LOF,0.12847928427876792,0.14462040881220967,0.7269003069090224
25979,LOF,0.10340971769981064,0.15257500484654565,0.7440152774536436
25980,LOF,0.14433971069835458,0.3690185191210085,0.48664177018063687
25981,LOF,0.1460245574028116,0.39191304977972113,0.4620623928174673
25982,LOF,0.24603660725277945,0.17114241110535786,0.5828209816418627
25983,Neutral,0.48653653553754894,0.15712584353638512,0.3563376209260661
25984,LOF,0.036242234817270645,0.12751946976982034,0.8362382954129091
25985,Neutral,0.4807842921206001,0.27310082188775975,0.2461148859916401
25986,GOF,0.009128608324811183,0.5710270051316975,0.41984438654349127
25987,LOF,0.016971339572631854,0.12576511319490194,0.8572635472324662
25988,LOF,0.03202430696657447,0.18668247828508594,0.7812932147483397
25989,LOF,0.038902589338424366,0.19503746576090947,0.7660599449006662
25990,LOF,0.03970885705406858,0.3072681736799887,0.6530229692659427
25991,GOF,0.033675960122605667,0.6919789581194755,0.2743450817579188
25992,LOF,0.011307787307946961,0.4581436357255536,0.5305485769664995
25993,LOF,0.029427900172912254,0.05279365138886934,0.9177784484382184
25994,LOF,0.03152315032152988,0.07833816297825123,0.890138686700219
25995,LOF,0.020310592165376194,0.12786526692090747,0.8518241409137163
25996,GOF,0.3200392407401694,0.44814157152970463,0.23181918773012603
25997,GOF,0.0635613786827792,0.6203189602026018,0.3161196611146191
25998,LOF,0.26954779181752725,0.04593627587092714,0.6845159323115456
25999,LOF,0.029458584497307153,0.4627899895024117,0.5077514260002811
26000,LOF,0.13215651225046637,0.02123765445159568,0.8466058332979378
26001,LOF,0.13619129395530605,0.03940486688304266,0.8244038391616514
26002,LOF,0.07810498036245914,0.023558654350959978,0.8983363652865808
26003,LOF,0.00815598105456594,0.4111990181725288,0.5806450007729053
26004,LOF,0.017148306431152092,0.35779704906476895,0.625054644504079
26005,LOF,0.006331883297122802,0.40678707282449444,0.5868810438783827
26006,LOF,0.13589681296970862,0.37016316334185895,0.4939400236884324
26007,LOF,0.011800787277074454,0.4166078151379114,0.5715913975850142
26008,LOF,0.008305967933784984,0.33836484926905586,0.6533291827971591
26009,LOF,0.014551000605299513,0.4497241637760119,0.5357248356186887
26010,LOF,0.008998941793602238,0.43881683968275426,0.5521842185236434
26011,LOF,0.007328428781824001,0.31939269671063203,0.673278874507544
26012,LOF,0.007672624565859867,0.370209211071018,0.6221181643631222
26013,LOF,0.013738801527931664,0.3998450743458593,0.5864161241262089
26014,LOF,0.06524516095835475,0.059320319675176036,0.8754345193664691
26015,LOF,0.3809559637956213,0.04816633413317493,0.5708777020712037
26016,LOF,0.22870824055918781,0.1544876173691292,0.616804142071683
26017,LOF,0.015326753520864258,0.44589361544539974,0.538779631033736
26018,LOF,0.020860465089146497,0.1604996107354943,0.8186399241753592
26019,LOF,0.021048076561291672,0.12612708390644128,0.8528248395322671
26020,LOF,0.0066327042948713935,0.3744778818688109,0.6188894138363178
26021,LOF,0.0793732499525722,0.2728679134278544,0.6477588366195735
26022,LOF,0.05182936889955308,0.06302539977929751,0.8851452313211494
26023,LOF,0.032516122117162274,0.11883275177512835,0.8486511261077094
26024,LOF,0.04582811822758787,0.17536430423100127,0.778807577541411
26025,LOF,0.11418214662719287,0.21720831261226872,0.6686095407605385
26026,LOF,0.09841593703822384,0.1860974281507322,0.715486634811044
26027,LOF,0.03175850141355624,0.05601910733103238,0.9122223912554114
26028,LOF,0.05952578133057128,0.23278786064271195,0.7076863580267169
26029,LOF,0.03641578282150811,0.10160490124618962,0.8619793159323023
26030,LOF,0.17007523259473337,0.013615705216295442,0.8163090621889713
26031,LOF,0.021628881820813125,0.10143054812223248,0.8769405700569544
26032,LOF,0.030767428029438267,0.02665864123241392,0.9425739307381479
26033,LOF,0.047519056309714994,0.05592107328451298,0.8965598704057721
26034,LOF,0.025157459249690622,0.06899096563742231,0.905851575112887
26035,LOF,0.015217750329935992,0.08225952284073064,0.9025227268293334
26036,LOF,0.014993085974714526,0.07069167648023311,0.9143152375450523
26037,LOF,0.013853312272382087,0.06535000440541244,0.9207966833222055
26038,LOF,0.024134742573274234,0.028926142600868215,0.9469391148258576
26039,LOF,0.03420906012690479,0.08742419619766001,0.8783667436754352
26040,LOF,0.05623056729065233,0.1687104770785295,0.7750589556308182
26041,LOF,0.016863148914027164,0.08479995249012612,0.8983368985958468
26042,LOF,0.01590162619127758,0.08710566790769741,0.8969927059010251
26043,LOF,0.0240133850823395,0.06638812063457013,0.9095984942830904
26044,LOF,0.009654729584432134,0.06775319123907245,0.9225920791764955
26045,LOF,0.08484332191907734,0.15748605912595298,0.7576706189549697
26046,LOF,0.02291738036709971,0.07494257213218354,0.9021400475007167
26047,LOF,0.06296991408885268,0.05045060480010311,0.8865794811110442
26048,LOF,0.07335761724196356,0.04218336186542005,0.8844590208926164
26049,Neutral,0.9042239830070061,0.007158312691133621,0.08861770430186014
26050,Neutral,0.8241047244047699,0.008866729295286471,0.1670285462999435
26051,GOF,0.025741094535552504,0.5596997558765321,0.41455914958791534
26052,GOF,0.02590725449751894,0.5035440735344874,0.47054867196799366
26053,LOF,0.03863585193171056,0.04038017863562145,0.9209839694326679
26054,LOF,0.12226686042569808,0.0854671784071078,0.7922659611671942
26055,LOF,0.12451493915787329,0.09749396953378942,0.7779910913083373
26056,LOF,0.11200049211404939,0.11366097946333845,0.7743385284226121
26057,LOF,0.051219204953730786,0.025316974866951034,0.9234638201793182
26058,LOF,0.05941369884604224,0.02056586334832207,0.9200204378056357
26059,Neutral,0.6984253314558732,0.07566201286842758,0.22591265567569915
26060,LOF,0.015937540044090842,0.33611031430100236,0.6479521456549069
26061,LOF,0.012154310827633638,0.02056438617113488,0.9672813030012314
26062,LOF,0.006129768260544625,0.0492191872631333,0.9446510444763221
26063,LOF,0.05022597014197019,0.025200670261340485,0.9245733595966893
26064,LOF,0.010734896132535629,0.02427374113838304,0.9649913627290814
26065,LOF,0.0446232265592448,0.03760067377393703,0.9177760996668182
26066,LOF,0.04582290695993816,0.023986992107028114,0.9301901009330337
26067,LOF,0.059765310475728854,0.026938346657694432,0.9132963428665767
26068,LOF,0.12046060185446704,0.04192051421694691,0.8376188839285861
26069,LOF,0.10655783235967572,0.04553354477888439,0.84790862286144
26070,LOF,0.2798210194768744,0.02762225035913753,0.6925567301639881
26071,LOF,0.05131291608197914,0.03259293945222578,0.9160941444657951
26072,LOF,0.008697906663375634,0.025939002211334324,0.9653630911252901
26073,LOF,0.04729536497430563,0.020540664303853554,0.9321639707218408
26074,Neutral,0.8589582064804845,0.016341149574772267,0.12470064394474323
26075,LOF,0.06430669498623476,0.04275675407841339,0.8929365509353518
26076,LOF,0.0555753127056202,0.04574448501039071,0.898680202283989
26077,LOF,0.1608133134679058,0.03871792971005304,0.800468756822041
26078,LOF,0.0071188524168978974,0.03446097430640324,0.9584201732766989
26079,LOF,0.14424183169637508,0.03295455541399206,0.8228036128896328
26080,LOF,0.14424183169637508,0.03295455541399206,0.8228036128896328
26081,LOF,0.05380804987646635,0.025384295942301485,0.9208076541812321
26082,LOF,0.0077010827230465685,0.03831405050270875,0.9539848667742448
26083,LOF,0.04968141493248144,0.057204311559632896,0.8931142735078856
26084,LOF,0.05727425764945719,0.04187932625817058,0.9008464160923721
26085,LOF,0.050516422992362656,0.03882338570260009,0.9106601913050372
26086,LOF,0.037126507983828314,0.042245927201526166,0.9206275648146456
26087,LOF,0.04780117269841663,0.039567773675287334,0.912631053626296
26088,LOF,0.009269710801330154,0.09736733900021519,0.8933629501984547
26089,LOF,0.04748350874789507,0.10702801306943752,0.8454884781826675
26090,LOF,0.05190335417565047,0.07699570634052438,0.871100939483825
26091,LOF,0.050381282517175593,0.03306054919384306,0.9165581682889814
26092,LOF,0.058346400016861706,0.0221337089482796,0.9195198910348588
26093,LOF,0.07392713862546403,0.017917946187577773,0.9081549151869582
26094,LOF,0.043690002286294265,0.028103922911005306,0.9282060748027005
26095,LOF,0.011738181303663294,0.03893560784508347,0.9493262108512533
26096,LOF,0.30549286570918527,0.006302383644020189,0.6882047506467945
26097,LOF,0.008268453418321406,0.04370901397827036,0.9480225326034083
26098,LOF,0.13786304701650987,0.02997316003396953,0.8321637929495206
26099,LOF,0.04314351517907673,0.04706971934781303,0.9097867654731102
26100,LOF,0.04314351517907673,0.04706971934781303,0.9097867654731102
26101,LOF,0.03580396694901848,0.056441534248178334,0.9077544988028031
26102,LOF,0.045718690694902316,0.02963809582056908,0.9246432134845286
26103,Neutral,0.8453845029720456,0.04587686480318754,0.10873863222476698
26104,LOF,0.13497359306337972,0.10032228807483881,0.7647041188617814
26105,LOF,0.25091591129454155,0.1338708470542759,0.6152132416511826
26106,LOF,0.30698437000572854,0.21980423846762304,0.4732113915266484
26107,LOF,0.008392892851429879,0.23816026644593408,0.753446840702636
26108,LOF,0.1390007960096056,0.20614453894643653,0.6548546650439578
26109,LOF,0.0438693987206245,0.027678347303049477,0.9284522539763261
26110,Neutral,0.5225065199955022,0.051821217689298545,0.4256722623151992
26111,LOF,0.054622194104044924,0.32807003273856583,0.6173077731573892
26112,LOF,0.06128514527178722,0.04435459432804276,0.89436026040017
26113,LOF,0.05572388170919016,0.08051875944825111,0.8637573588425587
26114,LOF,0.09016757617260317,0.02498866396894858,0.8848437598584483
26115,LOF,0.01653563793874595,0.1566995297813602,0.8267648322798938
26116,LOF,0.06130319859733195,0.04471781264226766,0.8939789887604005
26117,LOF,0.2148566481786422,0.086761162510769,0.6983821893105889
26118,LOF,0.039687285803167556,0.03549804175651315,0.9248146724403193
26119,LOF,0.005171034181475029,0.1628521792493386,0.8319767865691864
26120,LOF,0.042118518872067905,0.029769762788946334,0.9281117183389856
26121,LOF,0.0037910119425759053,0.1982451364265958,0.7979638516308283
