feature0,prediction,LoGoFunc_Neutral,LoGoFunc_GOF,LoGoFunc_LOF
25546,Neutral,0.7380858163855535,0.04163897431629674,0.2202752092981498
25547,Neutral,0.5829800298846687,0.0836652930862064,0.3333546770291249
25548,Neutral,0.5913807131563531,0.05953433104538035,0.34908495579826665
25549,Neutral,0.5031113898745385,0.06021048155443625,0.4366781285710252
25550,LOF,0.36394197832985997,0.11115811735181572,0.5248999043183242
25551,LOF,0.30821930202099584,0.11803887288139772,0.5737418250976065
25552,LOF,0.21637328538907585,0.11090800699428927,0.6727187076166349
25553,Neutral,0.8405651733869763,0.032549432565610374,0.12688539404741336
25554,LOF,0.24792862428328977,0.10553814733575666,0.6465332283809536
25555,LOF,0.20328737663341465,0.09489847299684888,0.7018141503697365
25556,LOF,0.4185526448710672,0.09539033819841375,0.48605701693051895
25557,LOF,0.2001972845370966,0.09851104460539979,0.7012916708575035
25558,LOF,0.23910340600108562,0.10842093435072093,0.6524756596481934
25559,LOF,0.35450322239913984,0.15046518223119304,0.495031595369667
25560,LOF,0.0439481687650347,0.16518504038773915,0.7908667908472262
25561,LOF,0.09026941173654507,0.1719770906507958,0.7377534976126592
25562,LOF,0.1026934431186167,0.06567845627021227,0.8316281006111711
25563,LOF,0.09652365987126685,0.08689149979666543,0.8165848403320678
25564,LOF,0.18301977380595924,0.14734015291551858,0.6696400732785223
25565,LOF,0.14963015586816994,0.10187030921108424,0.7484995349207458
25566,GOF,0.018863136584920243,0.7350491326767266,0.2460877307383531
25567,LOF,0.013145256315201272,0.14639918646293817,0.8404555572218606
25568,LOF,0.05152717797475614,0.064095076853886,0.8843777451713578
25569,LOF,0.06082832297702435,0.05956542721369372,0.8796062498092818
25570,LOF,0.06478432541660771,0.09111019298693482,0.8441054815964576
25571,LOF,0.05693258587576232,0.08583219136192705,0.8572352227623107
25572,LOF,0.07121612426521043,0.10979452549676436,0.8189893502380252
25573,LOF,0.025832859435829417,0.08341173387589823,0.8907554066882724
25574,LOF,0.014666563095841235,0.1580842843980459,0.8272491525061128
25575,LOF,0.043863152457026384,0.09703846388917045,0.8590983836538031
25576,LOF,0.01772491211733524,0.10397110085363627,0.8783039870290285
25577,LOF,0.014460881271471842,0.11519173807724015,0.870347380651288
25578,LOF,0.24689970728543176,0.07492161479258215,0.678178677921986
25579,LOF,0.24756028926074095,0.07390095603167036,0.6785387547075886
25580,LOF,0.030932528776970426,0.07055351287740819,0.8985139583456213
25581,LOF,0.05459381523001214,0.061947706709809376,0.8834584780601785
25582,LOF,0.05405699992340007,0.060268553296950196,0.8856744467796497
25583,LOF,0.043490724183476805,0.08133366221499942,0.8751756136015238
25584,Neutral,0.4712039463007801,0.0873300729662005,0.4414659807330194
25585,LOF,0.03285361158826533,0.09997741181034704,0.8671689766013876
25586,LOF,0.03180095242855038,0.06965098245488809,0.8985480651165615
25587,LOF,0.03015467099207711,0.06444288754864412,0.9054024414592787
25588,LOF,0.03181349395526804,0.08049883339672131,0.8876876726480106
25589,Neutral,0.616096877959042,0.11932779731539019,0.2645753247255679
25590,LOF,0.02904941484616923,0.11170117593073468,0.859249409223096
25591,LOF,0.11394453494531732,0.05265601275301606,0.8333994523016666
25592,LOF,0.08578275455857602,0.1236880652731239,0.7905291801683
25593,LOF,0.019911213771655598,0.2466890892617369,0.7333996969666075
25594,LOF,0.044358912830897546,0.18109687112809783,0.7745442160410045
25595,LOF,0.049357254701068894,0.1247325573713801,0.8259101879275511
25596,LOF,0.05579117352244143,0.06287146999302942,0.8813373564845292
25597,LOF,0.047579195164475035,0.0769425545812411,0.8754782502542839
25598,LOF,0.04862963860209214,0.1236750826364216,0.8276952787614863
25599,GOF,0.011036841214918167,0.7429220442175256,0.24604111456755615
25600,GOF,0.014992930896290637,0.5251653983837754,0.459841670719934
25601,LOF,0.007871141101068067,0.4545839812143214,0.5375448776846106
25602,LOF,0.027211766468828988,0.043432000521630626,0.9293562330095404
25603,LOF,0.054117970897639374,0.03183155644056683,0.9140504726617937
25604,LOF,0.06665715093427481,0.03245094818163201,0.9008919008840931
25605,LOF,0.016517835887214446,0.22121154718607097,0.7622706169267146
25606,LOF,0.11995430454879426,0.42939676899806695,0.4506489264531388
25607,LOF,0.006055604701691352,0.14542877751956013,0.8485156177787485
25608,LOF,0.06407718355111175,0.04552923404868963,0.8903935824001986
25609,LOF,0.03665188587024634,0.39926044646680314,0.5640876676629505
25610,LOF,0.039694865202654764,0.028405399805336646,0.9318997349920085
25611,LOF,0.04168265449368257,0.024582009948863313,0.9337353355574542
25612,LOF,0.09811362217258042,0.03528927610113599,0.8665971017262836
25613,LOF,0.079790408967579,0.03378623028171052,0.8864233607507106
25614,LOF,0.02986622023728886,0.037032333531436944,0.9331014462312742
25615,LOF,0.05145975669201691,0.03547689978784032,0.9130633435201426
25616,LOF,0.031144919470820973,0.034864771095035905,0.9339903094341431
25617,LOF,0.029956689929425837,0.03464217616514605,0.935401133905428
25618,LOF,0.1799024925229451,0.03505982837697133,0.7850376791000835
25619,LOF,0.028409805670965734,0.03145538849343926,0.9401348058355949
25620,LOF,0.03265600287387231,0.04035413247050363,0.926989864655624
25621,LOF,0.0314275402535279,0.030044030723278943,0.9385284290231932
25622,LOF,0.035797842600854626,0.037342332220658414,0.9268598251784871
25623,LOF,0.07729351346235878,0.028692940012321613,0.8940135465253196
25624,LOF,0.02577239141382802,0.04168293573590374,0.9325446728502682
25625,LOF,0.03976796656355381,0.043450768216496655,0.9167812652199496
25626,LOF,0.0892105252103782,0.02939368524540328,0.8813957895442186
25627,Neutral,0.5532439098994445,0.13247298975093694,0.3142831003496186
25628,LOF,0.15779448201691826,0.07023079496446992,0.7719747230186119
25629,LOF,0.0715355135450941,0.08353443496981537,0.8449300514850906
25630,LOF,0.16008024447533978,0.1141061244463075,0.7258136310783527
25631,Neutral,0.5603383476814532,0.0886659082538082,0.3509957440647385
25632,LOF,0.021641214158470798,0.07127578773348935,0.9070829981080397
25633,LOF,0.21680713489312206,0.0770954163023754,0.7060974488045024
25634,LOF,0.03252567972847381,0.11232555433134904,0.8551487659401772
25635,LOF,0.036502440766632706,0.08225362585679212,0.8812439333765751
25636,GOF,0.005489606442060695,0.5694632748113861,0.42504711874655315
25637,GOF,0.005071251844235825,0.5579870650525642,0.4369416831032
25638,LOF,0.009179055901787527,0.43435414821294965,0.5564667958852628
25639,LOF,0.004795113747938149,0.40652177655029037,0.5886831097017715
25640,Neutral,0.49833942172689893,0.43338527398280224,0.06827530429029893
25641,LOF,0.008258281413422493,0.33740823800434705,0.6543334805822304
25642,LOF,0.2594558224405456,0.06903085087074237,0.671513326688712
25643,LOF,0.24059348018077475,0.1894015999892788,0.5700049198299465
25644,GOF,0.017083504850382913,0.6077877860418113,0.37512870910780594
25645,GOF,0.017088050115860908,0.5796229254933605,0.4032890243907786
25646,LOF,0.01920985698130875,0.37155493336783424,0.609235209650857
25647,LOF,0.017218817465365032,0.28367161710094285,0.6991095654336922
25648,LOF,0.014950785551932012,0.29642783840851644,0.6886213760395514
25649,LOF,0.013038239886233162,0.2512235067338804,0.7357382533798865
25650,GOF,0.0342985406365747,0.6043646667948636,0.36133679256856177
25651,LOF,0.010409280314922274,0.3109822124207772,0.6786085072643004
25652,LOF,0.017206356418300147,0.32001704049286217,0.6627766030888377
25653,LOF,0.07304778828029733,0.4446856491358196,0.482266562583883
25654,LOF,0.01540940248750484,0.26753736439439857,0.7170532331180965
25655,LOF,0.11169511335456454,0.43625465078093173,0.4520502358645038
25656,LOF,0.06094298896440344,0.07914432251003417,0.8599126885255624
25657,LOF,0.27257991399211445,0.033052408801719065,0.6943676772061664
25658,LOF,0.0421749430005705,0.088235858556287,0.8695891984431425
25659,LOF,0.2727548725637237,0.05398793974724552,0.6732571876890308
25660,LOF,0.07363453411754291,0.10480943598051769,0.8215560299019393
25661,LOF,0.050931676042895925,0.07466164666806702,0.8744066772890371
25662,LOF,0.02890433094923073,0.049838056964891006,0.9212576120858782
25663,LOF,0.03999961773965336,0.0760246415009383,0.8839757407594083
25664,LOF,0.03944498878985772,0.08435018107796133,0.8762048301321811
25665,LOF,0.05721165595076193,0.04720277288896666,0.8955855711602714
25666,LOF,0.03891705415232454,0.14022486017999533,0.82085808566768
25667,LOF,0.028276189269097297,0.057669005550916884,0.9140548051799859
25668,LOF,0.034369762101335063,0.06734312226195399,0.898287115636711
25669,LOF,0.03946439836073322,0.10149518241739,0.8590404192218768
25670,LOF,0.15470077969380538,0.0720580581063901,0.7732411621998045
25671,LOF,0.03842091986575064,0.0524830194936834,0.9090960606405659
25672,LOF,0.056984962350394616,0.07036881396610518,0.8726462236835002
25673,LOF,0.04260705349969144,0.06271604086608645,0.894676905634222
25674,LOF,0.03295476213841162,0.0732028724307925,0.8938423654307959
25675,LOF,0.04277736150747965,0.05429232339434234,0.902930315098178
25676,LOF,0.03116374759098686,0.06523458194599567,0.9036016704630174
25677,LOF,0.05810683875669006,0.06656438698935352,0.8753287742539563
25678,LOF,0.25388755463639706,0.045010808924156376,0.7011016364394466
25679,LOF,0.16759247103798805,0.06420762626801935,0.7681999026939925
25680,LOF,0.058709219783647376,0.09924600790242749,0.8420447723139252
25681,LOF,0.10501046946320637,0.09088785891049699,0.8041016716262966
25682,LOF,0.04329826156160125,0.07873654958969015,0.8779651888487087
25683,LOF,0.07714039436287506,0.09902686355618455,0.8238327420809404
25684,LOF,0.04955508714082483,0.0781283696416398,0.8723165432175354
25685,LOF,0.12444345678202491,0.03715475202088913,0.838401791197086
25686,LOF,0.034482506923276396,0.09254608970009273,0.8729714033766308
25687,LOF,0.0560750063620354,0.08142304871341519,0.8625019449245493
25688,LOF,0.025496304489645266,0.10073878311163505,0.8737649123987198
25689,LOF,0.02086303144866584,0.0657787845756098,0.9133581839757244
25690,LOF,0.018901880535835948,0.07865810432567362,0.9024400151384905
25691,LOF,0.15502902302939328,0.12974313515466168,0.7152278418159451
25692,LOF,0.2630258287010432,0.015942518314309845,0.7210316529846471
25693,LOF,0.06032111938916221,0.12432653970510306,0.8153523409057347
25694,LOF,0.2678058911625759,0.012437218344264471,0.7197568904931595
25695,LOF,0.16939957957907603,0.018330453734918224,0.8122699666860057
25696,LOF,0.1598152507294029,0.009570599597886214,0.8306141496727109
25697,LOF,0.14357066539386829,0.030987811183558617,0.825441523422573
25698,LOF,0.02810719428227119,0.33332605958461925,0.6385667461331096
25699,LOF,0.07713700368670874,0.07749487646365505,0.8453681198496362
25700,LOF,0.031349236718423275,0.011958958096434562,0.9566918051851422
25701,LOF,0.011343169636041888,0.07237250120361594,0.9162843291603422
25702,GOF,0.03045862227913943,0.7101840962151797,0.2593572815056808
25703,LOF,0.01844015395660645,0.1661780282680613,0.8153818177753321
25704,LOF,0.08704587759156948,0.15787187215741336,0.7550822502510172
25705,LOF,0.06422618473446474,0.24276874195672843,0.6930050733088068
25706,GOF,0.038192211295252396,0.5716125236603722,0.3901952650443754
25707,GOF,0.0313458546341645,0.5818111865762675,0.3868429587895679
25708,GOF,0.007515422105234366,0.5505536071993894,0.4419309706953762
25709,LOF,0.01850246699199749,0.07496520355354273,0.9065323294544597
25710,LOF,0.008839211801953637,0.16587496726326373,0.8252858209347825
25711,LOF,0.020360511182979914,0.12730157815353485,0.8523379106634852
25712,LOF,0.009806503426729379,0.21131279220097118,0.7788807043722994
25713,LOF,0.018920566281571086,0.11415583305268076,0.8669236006657483
25714,LOF,0.020682691485001695,0.165206589555157,0.8141107189598412
25715,LOF,0.019199170076880403,0.14230391123558428,0.8384969186875354
25716,LOF,0.014395860684207914,0.11452983008116253,0.8710743092346295
25717,LOF,0.006890731016895007,0.11730057989444692,0.875808689088658
25718,LOF,0.019741594073945115,0.09203877136048458,0.8882196345655703
25719,LOF,0.03346437590055662,0.11161512827858654,0.8549204958208569
25720,LOF,0.02691921375029536,0.09525757124584645,0.8778232150038583
25721,LOF,0.022770232037951605,0.10446267457979823,0.8727670933822501
25722,LOF,0.016093426537301562,0.1537609530995749,0.8301456203631236
25723,LOF,0.021377621154078864,0.09694778999995599,0.8816745888459652
25724,LOF,0.025153737673069578,0.16392445416721307,0.8109218081597174
25725,LOF,0.02024867684029616,0.08913709338474653,0.8906142297749573
25726,LOF,0.015593141400431314,0.12244272208683624,0.8619641365127325
25727,LOF,0.020896409341317087,0.11019715902597885,0.8689064316327042
25728,LOF,0.020247792418913866,0.12027334092600787,0.8594788666550783
25729,LOF,0.019458354894810126,0.12854450162012934,0.8519971434850605
25730,LOF,0.021953795827002204,0.09232096580291707,0.8857252383700807
25731,LOF,0.011606201047169886,0.1743169031148359,0.8140768958379943
25732,LOF,0.018318488437380667,0.11760482098126046,0.8640766905813588
25733,LOF,0.02655958839550558,0.11659873673210112,0.8568416748723934
25734,LOF,0.007405721004198901,0.2090656750373987,0.7835286039584024
25735,LOF,0.021473342606511694,0.09060834889935225,0.887918308494136
25736,LOF,0.02013241045341922,0.1472843513274299,0.8325832382191508
25737,LOF,0.038171010091723,0.11931119156403472,0.8425177983442422
25738,LOF,0.020591417549498597,0.168783783330673,0.8106247991198284
25739,LOF,0.022861931485205225,0.14948258550098467,0.8276554830138102
25740,LOF,0.04852814429531187,0.1574994816061356,0.7939723740985526
25741,LOF,0.026654164727873207,0.1320135688662316,0.8413322664058951
25742,LOF,0.041611644357503454,0.13657074050045945,0.8218176151420371
25743,LOF,0.01341656415127166,0.028265478436935235,0.958317957411793
25744,LOF,0.15568194081883144,0.33436956494512143,0.509948494236047
25745,LOF,0.03203659960002938,0.10817997026967875,0.8597834301302919
25746,LOF,0.01398103799793913,0.15706760691972615,0.8289513550823348
25747,LOF,0.03167405708498281,0.027444231980245325,0.9408817109347719
25748,LOF,0.2651119753502871,0.05190401790412923,0.6829840067455837
25749,LOF,0.013337131871057879,0.0919460742928285,0.8947167938361136
25750,LOF,0.017381971935015308,0.09440309194301079,0.8882149361219739
25751,LOF,0.040725998508820915,0.047958655997874716,0.9113153454933043
25752,GOF,0.08577117058784922,0.6769750184529653,0.2372538109591855
25753,LOF,0.007206984765021578,0.3744398122130221,0.6183532030219563
25754,GOF,0.007211759558620097,0.8503218040693905,0.14246643637198939
25755,LOF,0.008732524480774918,0.41844934772980075,0.5728181277894244
25756,LOF,0.050620899481945585,0.4162625690616976,0.5331165314563567
25757,GOF,0.00776116918301033,0.8513909809972402,0.14084784981974954
25758,GOF,0.008868695858719206,0.8709187926746155,0.12021251146666535
25759,GOF,0.005419292484650543,0.5719410600757463,0.4226396474396031
25760,LOF,0.005707622520630879,0.3033476913944859,0.6909446860848832
25761,GOF,0.0512838959683941,0.844947345990233,0.1037687580413728
25762,LOF,0.0292131661791104,0.35031872915927964,0.6204681046616098
25763,LOF,0.006601437321968498,0.2652125108192071,0.7281860518588245
25764,GOF,0.07407238647745887,0.6242639117124412,0.30166370181010005
25765,GOF,0.00807413839393816,0.8448193873840405,0.1471064742220214
25766,GOF,0.03955801423882729,0.8049281237976431,0.1555138619635295
25767,GOF,0.010544113285689084,0.55321483450004,0.4362410522142708
25768,LOF,0.03380687534324528,0.07019466919355759,0.8959984554631971
25769,LOF,0.024716244289671847,0.0930979546225405,0.8821858010877877
25770,LOF,0.18677691527401724,0.06557982600384009,0.7476432587221427
25771,LOF,0.015420347194583952,0.07572227492365782,0.9088573778817584
25772,LOF,0.02536290485843964,0.03844075164820497,0.9361963434933555
25773,LOF,0.022835038745825494,0.0678158251428684,0.9093491361113061
25774,LOF,0.031238288743979915,0.10368026461437298,0.8650814466416471
25775,LOF,0.025017274096838755,0.045929939236355806,0.9290527866668056
25776,LOF,0.02627627931948268,0.033122028610217645,0.9406016920702996
25777,LOF,0.2647039274541594,0.07890359309606879,0.6563924794497719
25778,LOF,0.019284590310917036,0.0754461665344612,0.9052692431546218
25779,GOF,0.0401866992720171,0.8851259173200604,0.07468738340792253
25780,GOF,0.06520105393755163,0.8867743300160681,0.04802461604638037
25781,GOF,0.03345466017860759,0.8677932005036746,0.09875213931771791
25782,GOF,0.03223375321352992,0.8994659031392046,0.06830034364726548
25783,GOF,0.02682649257291226,0.9120348039576698,0.061138703469417945
25784,GOF,0.08820698670293002,0.8684810907252212,0.043311922571848835
25785,GOF,0.08002897429362764,0.8761594444780074,0.04381158122836498
25786,GOF,0.009170320556538757,0.88678002341063,0.10404965603283114
25787,GOF,0.1626174621619816,0.7922160373108311,0.04516650052718725
25788,LOF,0.01569259026066264,0.1747999323083249,0.8095074774310125
25789,GOF,0.017798367722513423,0.8550307451279026,0.12717088714958405
25790,GOF,0.02059504028118886,0.8806265143410555,0.09877844537775572
25791,GOF,0.02056772214409075,0.8075024233006922,0.1719298545552172
25792,GOF,0.024150184498782274,0.8358174112457941,0.14003240425542357
25793,GOF,0.06485296830929652,0.8436073347590715,0.091539696931632
25794,GOF,0.05109875352809384,0.7888309485793905,0.16007029789251556
25795,GOF,0.04295507511224269,0.7626125770185442,0.1944323478692131
25796,GOF,0.0912857389580716,0.8214062598444573,0.0873080011974712
25797,GOF,0.06271517183348382,0.7678759414811488,0.1694088866853675
25798,GOF,0.00465087879865432,0.7613163992490684,0.2340327219522772
25799,GOF,0.003959132909314482,0.707853623637724,0.28818724345296154
25800,GOF,0.022800151216924337,0.828858447345329,0.14834140143774668
25801,GOF,0.016143400491562796,0.8912986487558946,0.09255795075254267
25802,GOF,0.029825869531569384,0.8374535050308897,0.13272062543754096
25803,GOF,0.018491942193564113,0.7280096909923647,0.25349836681407123
25804,GOF,0.026258295454539567,0.7605594665218179,0.21318223802364242
25805,GOF,0.029160204109208287,0.8105248487832915,0.16031494710750027
25806,GOF,0.02682974392714794,0.8112942886163992,0.16187596745645288
25807,GOF,0.007587787414470489,0.7498100970413005,0.2426021155442291
25808,GOF,0.01637733746691814,0.7770621750819825,0.20656048745109934
25809,GOF,0.009302259534364015,0.7578684032732343,0.23282933719240176
25810,GOF,0.007359717062084261,0.7333003813870924,0.2593399015508232
25811,GOF,0.04205599771839254,0.8792708606127497,0.07867314166885757
25812,GOF,0.029414788400008048,0.793776415580751,0.17680879601924088
25813,GOF,0.10828811365830172,0.817125842537646,0.07458604380405225
25814,GOF,0.027078466106131512,0.8119528377617602,0.1609686961321082
25815,GOF,0.05210668982807945,0.8428557129603609,0.10503759721155964
25816,GOF,0.00906326205771195,0.8684653795706611,0.12247135837162686
25817,GOF,0.09330057860517191,0.8181448731931409,0.08855454820168716
25818,GOF,0.02337644160764131,0.8131764513317323,0.16344710706062632
25819,GOF,0.06275717051971483,0.7895535211322734,0.14768930834801183
25820,GOF,0.03174930292135719,0.7552102081880002,0.21304048889064264
25821,GOF,0.02256297327500437,0.7637157861215628,0.21372124060343292
25822,GOF,0.03836562309378311,0.759879194151645,0.20175518275457188
25823,GOF,0.02488479627282397,0.7368988069398897,0.23821639678728615
25824,GOF,0.02364322438006728,0.7924853451570055,0.18387143046292723
25825,GOF,0.018647164322091788,0.7776978984193375,0.20365493725857067
25826,GOF,0.007445700239515393,0.7308149786423976,0.26173932111808706
25827,GOF,0.011778062087682305,0.7121973860355376,0.27602455187678004
25828,GOF,0.008894319904324268,0.7316116173685797,0.25949406272709613
25829,GOF,0.0038667817426385987,0.6937650281533906,0.30236819010397087
25830,LOF,0.035082492072653605,0.45465306425291907,0.5102644436744274
25831,GOF,0.05384419503119261,0.8054810499307435,0.1406747550380638
25832,GOF,0.008138170425335713,0.7548507271804605,0.2370111023942039
25833,GOF,0.03217285433836977,0.809422137062654,0.15840500859897622
25834,GOF,0.008899504947316316,0.773183992532318,0.2179165025203657
25835,GOF,0.02270256290962453,0.8348765389080535,0.14242089818232223
25836,GOF,0.006068680271501213,0.7723413487298061,0.22158997099869274
25837,GOF,0.007517296646516007,0.7686257598635967,0.22385694348988733
25838,GOF,0.019982823671656703,0.8316337302242693,0.14838344610407392
25839,GOF,0.046476949216356325,0.8095920721192355,0.14393097866440807
25840,GOF,0.07488851559223633,0.8042866622951015,0.12082482211266223
25841,GOF,0.07285392261760369,0.8179092327763399,0.10923684460605658
25842,GOF,0.027495754828190513,0.8889383188645865,0.08356592630722309
25843,GOF,0.025609200864212533,0.8848612785500458,0.08952952058574153
25844,GOF,0.016621844655551832,0.8318252074686209,0.15155294787582738
25845,GOF,0.00623805257137942,0.7707004129208418,0.22306153450777888
25846,GOF,0.06894434961558778,0.8173257977829625,0.11372985260144966
25847,GOF,0.016061105762795,0.8924442098053382,0.09149468443186669
25848,GOF,0.020109476577338137,0.8390609116653545,0.1408296117573072
25849,GOF,0.006732381299920063,0.8377708269433889,0.15549679175669107
25850,GOF,0.00571897706847789,0.733689775708459,0.26059124722306304
25851,GOF,0.00540310806052868,0.6903790407311341,0.3042178512083372
25852,GOF,0.13532106626196264,0.5806254402812877,0.2840534934567495
25853,GOF,0.06444854721580848,0.8175866194220384,0.11796483336215328
25854,GOF,0.005805976124085492,0.7159055599708313,0.2782884639050833
25855,GOF,0.02279108425882533,0.7048383990366938,0.272370516704481
25856,GOF,0.04726331228235692,0.7946428109684078,0.15809387674923528
25857,GOF,0.023889443518181678,0.7200422780642948,0.2560682784175236
25858,GOF,0.010208295876136173,0.7548266410794258,0.2349650630444382
25859,GOF,0.007811443168106754,0.7511494368788203,0.24103911995307292
25860,GOF,0.07817152317658077,0.8191923731988042,0.10263610362461498
25861,GOF,0.08293044834406257,0.8191466151637954,0.09792293649214195
25862,GOF,0.020972593675415565,0.8822915652703517,0.0967358410542329
25863,GOF,0.02196604004843228,0.8681730839638896,0.10986087598767827
25864,GOF,0.0641201242362854,0.879641152585534,0.05623872317818051
25865,GOF,0.04306108355671652,0.8534444511671394,0.10349446527614421
25866,GOF,0.02397138485980211,0.865785224904725,0.11024339023547287
25867,GOF,0.04503084818454327,0.8615717437214929,0.09339740809396373
25868,GOF,0.05890930577505785,0.8228892599302045,0.11820143429473762
25869,GOF,0.33531427923015716,0.5883218355299075,0.07636388523993543
25870,GOF,0.06036509189796123,0.5617158301143935,0.3779190779876453
25871,GOF,0.010486672694941591,0.8672282216458133,0.12228510565924508
25872,GOF,0.01943903057746385,0.8546894678477489,0.12587150157478735
25873,GOF,0.019566141236333472,0.8817651465015032,0.09866871226216346
25874,LOF,0.015651688983853645,0.2060287679686981,0.7783195430474483
25875,LOF,0.028947180406471328,0.05069627733888375,0.920356542254645
25876,LOF,0.01977810881107601,0.030706053133500805,0.9495158380554232
25877,LOF,0.10422405163561499,0.07808642516339684,0.8176895232009881
25878,LOF,0.06829308569419755,0.11926899412137401,0.8124379201844285
25879,LOF,0.01611347056790728,0.0820346625866554,0.9018518668454374
25880,LOF,0.05723486236964,0.01123298754609685,0.9315321500842633
25881,Neutral,0.4636709561000833,0.07518901455996115,0.4611400293399555
25882,LOF,0.062408996765147794,0.0278190816071549,0.9097719216276974
25883,LOF,0.02691260516266348,0.03522265788852582,0.9378647369488106
25884,LOF,0.017347880786222427,0.06626010837355387,0.9163920108402236
25885,LOF,0.18308540956904176,0.014414746076032818,0.8024998443549254
25886,LOF,0.27502392603315745,0.06871645204259791,0.6562596219242446
25887,LOF,0.11656645184680366,0.08382245193344506,0.7996110962197512
25888,LOF,0.008447186831526537,0.12859401554988378,0.8629587976185897
25889,LOF,0.02441105366644843,0.04759252921004831,0.9279964171235033
25890,LOF,0.16119751665979182,0.08344484483573796,0.7553576385044702
25891,LOF,0.11598276602042881,0.030367123258055843,0.8536501107215154
25892,LOF,0.010028881528614348,0.03278173575345192,0.9571893827179337
25893,LOF,0.3660179034813502,0.009150348224541542,0.6248317482941083
25894,LOF,0.40078357364988887,0.006554267962727647,0.5926621583873835
25895,LOF,0.35245795042973393,0.011552704443482031,0.6359893451267841
25896,LOF,0.06907227267215064,0.025338772547309707,0.9055889547805396
25897,LOF,0.16084343410039634,0.009518523751699853,0.8296380421479038
25898,LOF,0.13486388463612511,0.03478490108009555,0.8303512142837793
25899,LOF,0.4215644350508111,0.025322365803772173,0.5531131991454167
25900,Neutral,0.5065892751915413,0.007384725322400252,0.4860259994860584
25901,LOF,0.06318832865221846,0.010241090493714843,0.9265705808540666
25902,LOF,0.1613280351367502,0.012247130841569418,0.8264248340216803
25903,LOF,0.3546050055455814,0.02560174207051482,0.6197932523839037
25904,Neutral,0.5150994751627035,0.03252715052428413,0.4523733743130123
25905,LOF,0.006600818219228718,0.4791883403660909,0.5142108414146803
25906,LOF,0.007773264152620995,0.08970306928945682,0.9025236665579223
25907,LOF,0.007231496341871753,0.313150227924864,0.6796182757332642
25908,LOF,0.006529058345684122,0.2874454295875953,0.7060255120667205
25909,LOF,0.02587442143825977,0.1345298762046694,0.8395957023570709
25910,LOF,0.011810004209591765,0.1415603654264498,0.8466296303639586
25911,LOF,0.22636962309562783,0.06866818620899579,0.7049621906953764
25912,LOF,0.11718312879584412,0.03594397919637481,0.846872892007781
25913,LOF,0.025811575584389453,0.06888725444598598,0.9053011699696245
25914,LOF,0.03837236430398944,0.03370681663588538,0.9279208190601252
25915,LOF,0.19191932128757438,0.14416417243109,0.6639165062813356
25916,LOF,0.027629314694884697,0.07804632921285204,0.8943243560922632
25917,LOF,0.07659166367520319,0.02789665358038037,0.8955116827444164
25918,LOF,0.04288739820155502,0.020559614346018457,0.9365529874524265
25919,LOF,0.03746903388225524,0.01974053985548198,0.9427904262622628
25920,Neutral,0.354356796350719,0.296681759692872,0.3489614439564089
25921,LOF,0.014397500759820632,0.03973661845527353,0.9458658807849057
25922,LOF,0.016459672382680812,0.043204008269638446,0.9403363193476807
25923,LOF,0.43748029955831563,0.0370238716383286,0.5254958288033558
25924,LOF,0.023611298954858275,0.05663111889309772,0.9197575821520441
25925,LOF,0.08974006635222301,0.05028573927346822,0.8599741943743089
25926,LOF,0.06837500159288673,0.04481742870945046,0.8868075696976628
25927,LOF,0.020110645032216153,0.08931210984838557,0.8905772451193982
25928,LOF,0.009853389314864385,0.05703274642181535,0.9331138642633203
25929,Neutral,0.5749132975780427,0.03549374530503881,0.3895929571169185
25930,LOF,0.07788730730620486,0.0365748831964663,0.8855378094973289
25931,LOF,0.012827278798004276,0.039813230020435936,0.9473594911815597
25932,LOF,0.06167600284154437,0.038700543518172384,0.8996234536402833
25933,LOF,0.061907552572982576,0.022545769612281344,0.9155466778147361
25934,LOF,0.053487109641457,0.023438612453259143,0.923074277905284
25935,LOF,0.08151931350048977,0.05998152225418447,0.8584991642453257
25936,LOF,0.09693390259132346,0.024539680087737707,0.878526417320939
25937,LOF,0.01968945396361064,0.02944361934283584,0.9508669266935534
25938,LOF,0.07809213470043833,0.05304756769992543,0.8688602975996361
25939,LOF,0.04669039335942687,0.03164043313300924,0.9216691735075639
25940,LOF,0.009738218437484866,0.43248092079768063,0.5577808607648345
25941,Neutral,0.49067603795404463,0.048561951341793974,0.4607620107041614
25942,LOF,0.010438083782378916,0.06304466421658995,0.9265172520010311
25943,LOF,0.04243079013812709,0.19637576047959932,0.7611934493822736
25944,LOF,0.03656073479474959,0.09417200283347746,0.8692672623717729
25945,LOF,0.11557414551640555,0.03780622222028698,0.8466196322633076
25946,LOF,0.06346863416125943,0.046138372410410626,0.8903929934283299
25947,Neutral,0.5477389708382455,0.06777784067172639,0.38448318849002816
25948,LOF,0.42805419125519645,0.02295800666557482,0.5489878020792287
25949,LOF,0.17085549716163007,0.0830333596418162,0.7461111431965538
25950,GOF,0.05970393492109689,0.497473089640664,0.442822975438239
25951,LOF,0.014778091193144506,0.3691918566250879,0.6160300521817675
25952,LOF,0.26376437194275615,0.19494840259837748,0.5412872254588663
25953,LOF,0.008553235229198524,0.22186470387951523,0.7695820608912862
25954,LOF,0.07262997325235657,0.31184863109654953,0.6155213956510939
25955,LOF,0.007170630499600607,0.22014844076731235,0.7726809287330871
25956,LOF,0.013464556332639543,0.32731530590924907,0.6592201377581114
25957,LOF,0.16591044643271108,0.03510625691554685,0.7989832966517422
25958,LOF,0.03265781651498165,0.07181598372714385,0.8955261997578746
25959,GOF,0.007049646642632173,0.8072763117612337,0.1856740415961343
25960,LOF,0.0049914825133568425,0.11321266886333843,0.8817958486233048
25961,LOF,0.030606062111476404,0.05328593185180334,0.9161080060367203
25962,LOF,0.056106731617912575,0.07782812778973645,0.866065140592351
25963,LOF,0.007494795923583523,0.15520892756220578,0.8372962765142107
25964,LOF,0.02568488092082006,0.1218228531669369,0.8524922659122431
25965,LOF,0.24885860136624108,0.12831649052099728,0.6228249081127617
25966,LOF,0.4072552060435124,0.08883799181061011,0.5039068021458775
25967,LOF,0.008418345532636118,0.0708194290117447,0.9207622254556191
25968,LOF,0.03911650628734842,0.21784451218593462,0.743038981526717
25969,LOF,0.18959999441206657,0.04856600648320067,0.7618339991047328
25970,LOF,0.06416790126729843,0.07666749328865419,0.8591646054440475
25971,LOF,0.07819529897320435,0.034898020616432955,0.8869066804103628
25972,LOF,0.07477011579847365,0.06306176576413446,0.8621681184373919
25973,LOF,0.06635162591432728,0.009861370406368062,0.9237870036793047
25974,LOF,0.040566677113296666,0.040682367194079264,0.9187509556926241
25975,LOF,0.04187180369814932,0.019203860157498386,0.9389243361443523
25976,LOF,0.08464483775585943,0.010376044300691344,0.9049791179434492
25977,LOF,0.23976842135520865,0.0607063504723417,0.6995252281724497
25978,LOF,0.1675032545826745,0.13602328049883022,0.6964734649184953
25979,LOF,0.1410545268696713,0.1495921929440359,0.7093532801862928
25980,LOF,0.24125793957232056,0.20420088883285525,0.5545411715948242
25981,LOF,0.24328695633713152,0.20608970888243636,0.550623334780432
25982,Neutral,0.4548134878924816,0.10213624386718168,0.4430502682403367
25983,Neutral,0.4584808662438596,0.12125968162636944,0.42025945212977106
25984,LOF,0.039465345081132225,0.09953862671420426,0.8609960282046636
25985,LOF,0.4220003937613948,0.1284006810773627,0.4495989251612424
25986,LOF,0.01136303573865076,0.47401315140842054,0.5146238128529287
25987,LOF,0.04234487867996726,0.1005363936333396,0.8571187276866931
25988,LOF,0.03904884258976038,0.1537958232295716,0.8071553341806681
25989,LOF,0.04288327046449881,0.19816483102814714,0.7589518985073541
25990,LOF,0.0371455934837867,0.2972550355947117,0.6655993709215015
25991,LOF,0.024890252893085826,0.4840626191571744,0.4910471279497398
25992,LOF,0.016830743005221516,0.4529790503937498,0.5301902066010287
25993,LOF,0.027167256021699775,0.08404711760515231,0.888785626373148
25994,LOF,0.024472102487533495,0.0861362503325109,0.8893916471799557
25995,LOF,0.020135702522260164,0.14556950900227297,0.8342947884754668
25996,Neutral,0.4024429351280255,0.36606538215542916,0.23149168271654533
25997,LOF,0.06782608240990909,0.44852983049089656,0.4836440870991943
25998,LOF,0.2701554811321863,0.038364684599985925,0.6914798342678278
25999,LOF,0.04028787224214368,0.10405143908625177,0.8556606886716045
26000,LOF,0.13365981689471154,0.017600771840058965,0.8487394112652296
26001,LOF,0.23543957311171027,0.019005420340329756,0.74555500654796
26002,LOF,0.1137998364494327,0.027358869108561956,0.8588412944420053
26003,GOF,0.007959502235323405,0.6307111575992149,0.3613293401654617
26004,GOF,0.020689165023982298,0.6358757660191446,0.3434350689568731
26005,LOF,0.005737074577504175,0.45828893300524154,0.5359739924172543
26006,GOF,0.11963126891230752,0.5163053607579856,0.36406337032970687
26007,GOF,0.013129383406700735,0.49841919323817346,0.48845142335512576
26008,GOF,0.006333020067135809,0.584618680370111,0.40904829956275324
26009,GOF,0.014076491692427763,0.6131417622001739,0.37278174610739817
26010,GOF,0.010522814721552549,0.5517180022100656,0.43775918306838185
26011,LOF,0.004348950310682944,0.3884555746604393,0.6071954750288778
26012,GOF,0.005098010019975939,0.5203933594158087,0.4745086305642154
26013,GOF,0.010641234852417412,0.5490965367585556,0.44026222838902707
26014,LOF,0.06765402240015395,0.12266893005834838,0.8096770475414976
26015,LOF,0.37556404638503776,0.039062952661915715,0.5853730009530465
26016,LOF,0.2809771929310454,0.055734830221248574,0.663287976847706
26017,LOF,0.014328894617569804,0.23391869347160707,0.7517524119108231
26018,LOF,0.02390504965391328,0.07884387454135941,0.8972510758047273
26019,LOF,0.02346529971509874,0.07315410000914903,0.9033806002757522
26020,LOF,0.0076535883409013655,0.21690237024875247,0.7754440414103462
26021,LOF,0.07461328920917587,0.10385337273616156,0.8215333380546627
26022,LOF,0.03777889886975436,0.0396919756743488,0.9225291254558969
26023,LOF,0.01873573728511232,0.06048112145089393,0.9207831412639936
26024,LOF,0.05568357395394204,0.08289629747694165,0.8614201285691164
26025,LOF,0.10884836734672201,0.09173883770600025,0.7994127949472777
26026,LOF,0.12018777477615775,0.07557398132943463,0.8042382438944077
26027,LOF,0.02378161533580842,0.035518276394030476,0.940700108270161
26028,LOF,0.09082980475750684,0.19430267061313844,0.7148675246293547
26029,LOF,0.02578668976963277,0.16149056449723823,0.812722745733129
26030,LOF,0.13519049602725125,0.024187650605564007,0.8406218533671848
26031,LOF,0.010764849209692543,0.13766171879887218,0.8515734319914353
26032,LOF,0.03774746022538029,0.04006202128702762,0.922190518487592
26033,LOF,0.037815413257347684,0.03955408795420878,0.9226304987884435
26034,LOF,0.017283684513802085,0.11309626747293865,0.8696200480132593
26035,LOF,0.01419362673360887,0.10502033634522855,0.8807860369211625
26036,LOF,0.01308674003574195,0.08942865538479966,0.8974846045794583
26037,LOF,0.012369135669137466,0.09711988261110904,0.8905109817197535
26038,LOF,0.031418228810980976,0.03599092190881099,0.932590849280208
26039,LOF,0.03682293077562464,0.12419448849635044,0.8389825807280249
26040,LOF,0.08236093596475699,0.10408016882444565,0.8135588952107973
26041,LOF,0.015547971916991301,0.09422840391757362,0.8902236241654351
26042,LOF,0.01471560153496861,0.10017437220645696,0.8851100262585745
26043,LOF,0.03066613326447875,0.057286999198237376,0.9120468675372838
26044,LOF,0.009506977356464066,0.041886088095008316,0.9486069345485276
26045,LOF,0.08389816798571444,0.1265528888995435,0.7895489431147421
26046,LOF,0.02763742777521157,0.04133137374641687,0.9310311984783716
26047,LOF,0.053305178807819424,0.041521681569035164,0.9051731396231454
26048,LOF,0.08186961584036834,0.01671046660647257,0.9014199175531591
26049,Neutral,0.9409967040446742,0.006746401190056084,0.052256894765269735
26050,Neutral,0.9085236651684117,0.007279347106622421,0.08419698772496599
26051,LOF,0.024600844015316797,0.06688113156943111,0.9085180244152521
26052,LOF,0.03143873826241764,0.06025047695738729,0.908310784780195
26053,LOF,0.02365953453168127,0.13892362395779098,0.8374168415105278
26054,LOF,0.048761647873146075,0.040204472692254925,0.911033879434599
26055,LOF,0.07628945639454493,0.035866388844933504,0.8878441547605216
26056,LOF,0.0616846819987549,0.0483704956251048,0.8899448223761403
26057,LOF,0.058921113333413426,0.020083610488153936,0.9209952761784327
26058,LOF,0.06311422650306295,0.015495855704290124,0.9213899177926469
26059,LOF,0.20149480297022396,0.03861533609042275,0.7598898609393532
26060,LOF,0.025665390296332736,0.1768132697831242,0.7975213399205431
26061,LOF,0.012557461538695983,0.012102178936135249,0.9753403595251686
26062,LOF,0.007056194201703966,0.01912525730156127,0.9738185484967348
26063,LOF,0.042117374844636644,0.017089745296798197,0.9407928798585652
26064,LOF,0.0159086117389182,0.02157411217477124,0.9625172760863105
26065,LOF,0.051543648955244464,0.019735483523382624,0.9287208675213728
26066,LOF,0.04102502412811458,0.01630687329490167,0.9426681025769837
26067,LOF,0.04527058524012519,0.015586417429559548,0.9391429973303154
26068,LOF,0.05657477359392491,0.052705514372183154,0.890719712033892
26069,LOF,0.3006587886997533,0.03576097361815877,0.6635802376820878
26070,Neutral,0.5670855992487496,0.02639112157469,0.40652327917656045
26071,LOF,0.04682101159886902,0.01761863101866753,0.9355603573824635
26072,LOF,0.008842523969470703,0.02625546870139864,0.9649020073291307
26073,LOF,0.03921139905737463,0.01969975420184453,0.941088846740781
26074,Neutral,0.8591130490804334,0.014113312472209977,0.12677363844735662
26075,LOF,0.05819960836165047,0.028083464680385396,0.9137169269579641
26076,LOF,0.05505485860141176,0.016492038857986367,0.9284531025406018
26077,LOF,0.1647975064459072,0.008627051334994746,0.826575442219098
26078,LOF,0.00790533055148327,0.019152530384109703,0.9729421390644071
26079,LOF,0.0648654912970223,0.028583483334977643,0.906551025368
26080,LOF,0.06386515493305542,0.02867905443413323,0.9074557906328113
26081,LOF,0.03448068289812234,0.012439837235133847,0.9530794798667438
26082,LOF,0.006407114526990455,0.021903707240104733,0.9716891782329049
26083,LOF,0.10724259816024968,0.031150861256533303,0.861606540583217
26084,LOF,0.10798079846371453,0.02430080202784851,0.8677183995084369
26085,LOF,0.09024192673806523,0.019367962903193172,0.8903901103587415
26086,LOF,0.03909110328737336,0.017524650262074167,0.9433842464505525
26087,LOF,0.037376997153089925,0.01442989333247126,0.9481931095144387
26088,LOF,0.007430069816898715,0.028310586827023528,0.9642593433560779
26089,LOF,0.04415378109417769,0.04616882820777038,0.909677390698052
26090,LOF,0.04498500135444876,0.035061278958166776,0.9199537196873844
26091,LOF,0.028960967864854355,0.011946464155877164,0.9590925679792686
26092,LOF,0.04670346036932736,0.012202450558033416,0.9410940890726391
26093,LOF,0.0843860257047921,0.008775454187068875,0.906838520108139
26094,LOF,0.03379431864209857,0.011441092870009627,0.9547645884878918
26095,LOF,0.021138245030374963,0.02214126564362866,0.9567204893259963
26096,LOF,0.21173895839001844,0.0057951856325003425,0.7824658559774812
26097,LOF,0.007836380028578224,0.04533994282319435,0.9468236771482275
26098,LOF,0.12541189514849474,0.023579856467352056,0.8510082483841532
26099,LOF,0.03917916119896614,0.027819638056553405,0.9330012007444805
26100,LOF,0.039156686921505764,0.027820288777519568,0.9330230243009747
26101,LOF,0.06298087689578584,0.04666645213619274,0.8903526709680215
26102,LOF,0.033160193823223265,0.026377997051699086,0.9404618091250776
26103,Neutral,0.8914504897889872,0.03287454539929486,0.07567496481171807
26104,LOF,0.060331223120243034,0.05375333479841097,0.885915442081346
26105,LOF,0.2681260666959558,0.10662654495623204,0.6252473883478122
26106,LOF,0.2989343450766291,0.055527995760103754,0.6455376591632671
26107,LOF,0.019354277715512885,0.07017071415358042,0.9104750081309068
26108,LOF,0.26850170221793745,0.03628286758874062,0.695215430193322
26109,LOF,0.075333674628606,0.0332434039544486,0.8914229214169453
26110,LOF,0.4548902450441052,0.01126368325312432,0.5338460717027704
26111,LOF,0.06367119365057325,0.10900177131844828,0.8273270350309785
26112,LOF,0.0552085002323307,0.011156965753343972,0.9336345340143253
26113,LOF,0.11249040932516761,0.02657032099664611,0.8609392696781862
26114,LOF,0.09060583339699062,0.0073859107286743985,0.902008255874335
26115,LOF,0.014487642123747157,0.04517238492239301,0.9403399729538598
26116,LOF,0.0743146765511571,0.020205146026593748,0.9054801774222492
26117,LOF,0.34303845336558225,0.04287045110226268,0.6140910955321551
26118,LOF,0.04578263844225614,0.022471029924400376,0.9317463316333434
26119,LOF,0.00573741507084024,0.11440703655682759,0.879855548372332
26120,LOF,0.03092366725037081,0.02159857330872018,0.9474777594409091
26121,LOF,0.0033067849581029725,0.17707518132203542,0.8196180337198616
