feature0,prediction,LoGoFunc_Neutral,LoGoFunc_GOF,LoGoFunc_LOF
25546,Neutral,0.6550554328003025,0.06174939396215414,0.28319517323754334
25547,Neutral,0.5313807169208342,0.1334411218969798,0.3351781611821861
25548,Neutral,0.4875523519324514,0.09070035672934647,0.42174729133820216
25549,Neutral,0.44778119919812326,0.1075671854119668,0.44465161538990994
25550,Neutral,0.6126560896628985,0.06123928859325181,0.32610462174384963
25551,Neutral,0.6434166012757473,0.0670283061783678,0.28955509254588485
25552,LOF,0.3217494700241965,0.10086045600827546,0.577390073967528
25553,Neutral,0.5259698321823268,0.055771190997134956,0.41825897682053814
25554,LOF,0.3558254345446855,0.11579776663187034,0.528376798823444
25555,LOF,0.28080873481323054,0.09750759657485389,0.6216836686119156
25556,LOF,0.36311112447323984,0.1048214001480355,0.5320674753787246
25557,LOF,0.27773041959708916,0.10234389340380104,0.6199256869991098
25558,LOF,0.36587649960620805,0.10671616170869944,0.5274073386850925
25559,LOF,0.26003779472196387,0.07018102998451449,0.6697811752935217
25560,LOF,0.04222885274299622,0.21524741217857973,0.742523735078424
25561,LOF,0.11872868199961664,0.22279222500968135,0.6584790929907021
25562,LOF,0.10359487304134463,0.045184263366469614,0.8512208635921857
25563,LOF,0.15763488255620428,0.06164361911747945,0.7807214983263163
25564,LOF,0.05994708067066517,0.12030974442938246,0.8197431748999525
25565,LOF,0.1320429426549056,0.2763174918313287,0.5916395655137657
25566,GOF,0.030424103490853675,0.53780380822739,0.4317720882817562
25567,LOF,0.017495421537470947,0.0941435241237527,0.8883610543387763
25568,LOF,0.09524186468723832,0.1381034854408928,0.7666546498718688
25569,LOF,0.257130192132826,0.01799942398336962,0.7248703838838043
25570,LOF,0.08266824512691594,0.10617657109965233,0.8111551837734317
25571,LOF,0.09830694869903,0.06979376065554087,0.8318992906454292
25572,LOF,0.07989832988225434,0.10384474139255023,0.8162569287251954
25573,LOF,0.038009289765430235,0.08608244676367319,0.8759082634708967
25574,LOF,0.014097900173576167,0.17913017014689098,0.8067719296795329
25575,LOF,0.08600876307847788,0.04104218768491509,0.8729490492366071
25576,LOF,0.02644721101353869,0.03619439743220374,0.9373583915542575
25577,LOF,0.019634469317965045,0.06282425308671077,0.9175412775953241
25578,LOF,0.3163778665260526,0.0998382981992209,0.5837838352747264
25579,LOF,0.11318348446654865,0.09952790417127155,0.7872886113621796
25580,LOF,0.05216243762099251,0.02427949189458209,0.9235580704844254
25581,LOF,0.08936069711943062,0.13204309984023493,0.7785962030403345
25582,LOF,0.08962261027013702,0.08522407981419124,0.8251533099156718
25583,LOF,0.061881714999153015,0.026357745769570364,0.9117605392312766
25584,Neutral,0.5295612452957309,0.048411227815275244,0.4220275268889939
25585,LOF,0.022048153738359534,0.0384380433523911,0.9395138029092494
25586,LOF,0.057707389725882116,0.04678005068486216,0.8955125595892557
25587,LOF,0.043801126518604024,0.034127471674589314,0.9220714018068067
25588,LOF,0.05186296225149572,0.044610721931600344,0.903526315816904
25589,Neutral,0.7531649144028312,0.07256732440564434,0.17426776119152457
25590,LOF,0.03930387002241194,0.09360992307891704,0.867086206898671
25591,LOF,0.11653621143030853,0.06541691619616885,0.8180468723735226
25592,LOF,0.23519019626684518,0.13457020531465042,0.6302395984185044
25593,LOF,0.02267796771584725,0.31974037840441594,0.6575816538797368
25594,LOF,0.0701097854188853,0.10044708821300748,0.8294431263681074
25595,LOF,0.055947774763238,0.2050198716620968,0.7390323535746652
25596,LOF,0.11580750960451912,0.07607086046148835,0.8081216299339926
25597,LOF,0.10336501306288169,0.05432026322922545,0.842314723707893
25598,LOF,0.17485116539864906,0.06540378941428926,0.7597450451870615
25599,LOF,0.013895581472013864,0.2183677852587953,0.7677366332691908
25600,LOF,0.015398466996446772,0.24467181011653832,0.7399297228870149
25601,LOF,0.009711172724952685,0.15765967161995206,0.8326291556550952
25602,LOF,0.037605501170837136,0.11776561033714658,0.8446288884920162
25603,LOF,0.04223422415063015,0.12151368698159558,0.8362520888677742
25604,LOF,0.029043889733141117,0.18330036822290918,0.7876557420439497
25605,LOF,0.015733383783276687,0.3449737753814608,0.6392928408352626
25606,GOF,0.0790660741755282,0.5389440217233074,0.3819899041011644
25607,LOF,0.003339365603737237,0.20198999790582278,0.79467063649044
25608,LOF,0.028317011958756348,0.04703490513587297,0.9246480829053708
25609,LOF,0.17598755184046555,0.13717205606179786,0.6868403920977365
25610,LOF,0.03824066192281444,0.08134269376585969,0.8804166443113258
25611,LOF,0.0556720439576367,0.07326484839004127,0.871063107652322
25612,LOF,0.12851786325649378,0.09647272825772775,0.7750094084857785
25613,LOF,0.04061851937053368,0.17260737876102467,0.7867741018684415
25614,LOF,0.032944534032948475,0.09866726395963579,0.8683882020074156
25615,LOF,0.034775863892748664,0.08028379983353738,0.8849403362737139
25616,LOF,0.02509132974963778,0.16104906562810545,0.8138596046222568
25617,LOF,0.04426040354115532,0.10289817237901203,0.8528414240798327
25618,LOF,0.09953059867640854,0.42018604779275043,0.4802833535308411
25619,LOF,0.04006026594859954,0.09772514805937448,0.862214585992026
25620,LOF,0.03314848497263209,0.11982967001256911,0.8470218450147988
25621,LOF,0.041385333197912266,0.09066759693767124,0.8679470698644165
25622,LOF,0.03255576668850326,0.12113030220233462,0.8463139311091621
25623,LOF,0.050460917270551485,0.09906164373140423,0.8504774389980443
25624,LOF,0.030113652574057636,0.14599429868247663,0.8238920487434657
25625,LOF,0.0339798871087862,0.1208491024454837,0.8451710104457301
25626,LOF,0.14564162415083362,0.06609981006341596,0.7882585657857505
25627,Neutral,0.4400552491347943,0.17978117493991325,0.3801635759252925
25628,LOF,0.1413475339786722,0.0423543965403778,0.81629806948095
25629,LOF,0.17732967768725322,0.0528688825924847,0.769801439720262
25630,LOF,0.08307921450373407,0.06323103029381588,0.8536897552024502
25631,Neutral,0.49422854711032604,0.13098157755186846,0.3747898753378054
25632,LOF,0.013382823454348065,0.06144489078506031,0.9251722857605916
25633,LOF,0.31450284023787367,0.2197082518489907,0.46578890791313565
25634,LOF,0.06779228075106285,0.18005782582995744,0.7521498934189798
25635,LOF,0.0461136542917724,0.06490145783058021,0.8889848878776473
25636,GOF,0.005147296173655868,0.5663747155423534,0.4284779882839907
25637,LOF,0.0053563318237482786,0.2687672363692668,0.725876431806985
25638,LOF,0.006480773281402569,0.3151776983253241,0.6783415283932732
25639,LOF,0.006359375686718739,0.22372093215880742,0.7699196921544739
25640,Neutral,0.5726689839322243,0.28359471341177866,0.14373630265599707
25641,LOF,0.010040252810091292,0.12989794912557062,0.860061798064338
25642,LOF,0.28207325014980483,0.04368329428659115,0.674243455563604
25643,LOF,0.4164449597382253,0.011882246304944468,0.5716727939568302
25644,LOF,0.012067013207669036,0.35906522927914936,0.6288677575131816
25645,LOF,0.010206879995522522,0.46245763991815175,0.5273354800863257
25646,LOF,0.011186769776310088,0.2967771322742318,0.692036097949458
25647,LOF,0.010883770262609947,0.30992653787600566,0.6791896918613844
25648,LOF,0.008233032043705736,0.3846119040378542,0.6071550639184401
25649,LOF,0.00855459310043352,0.20929030222844677,0.7821551046711196
25650,GOF,0.02796272347813922,0.5236578228768904,0.44837945364497034
25651,LOF,0.007776555843875511,0.3545660485563578,0.6376573955997666
25652,LOF,0.017111359069974613,0.2647251368735814,0.718163504056444
25653,GOF,0.08740469489277232,0.505590197238786,0.4070051078684418
25654,LOF,0.011540681930099534,0.4335544422753375,0.5549048757945629
25655,LOF,0.08739506024281511,0.4473499613023535,0.46525497845483144
25656,LOF,0.06170216694632047,0.34504410283006043,0.593253730223619
25657,LOF,0.2500246840151659,0.03223162214023597,0.717743693844598
25658,LOF,0.023533697674775252,0.313577905576707,0.6628883967485177
25659,LOF,0.12573438103182843,0.22265393480880638,0.6516116841593652
25660,LOF,0.09188244649884353,0.12923954089910553,0.778878012602051
25661,LOF,0.07922657385242443,0.07892831207165674,0.8418451140759188
25662,LOF,0.05385267062681542,0.07662065378609875,0.8695266755870859
25663,LOF,0.05094913118140979,0.1057174036751678,0.8433334651434224
25664,LOF,0.039007469188290976,0.17017317499566775,0.7908193558160412
25665,LOF,0.06176733188027401,0.17591344095511127,0.7623192271646146
25666,LOF,0.06578229990320593,0.1449840242973411,0.789233675799453
25667,LOF,0.046273138843854096,0.0323890666189657,0.9213377945371803
25668,LOF,0.05516451959385342,0.05257081280665174,0.8922646675994947
25669,LOF,0.041759387515873624,0.08630530054632213,0.8719353119378043
25670,LOF,0.06272506411299157,0.06916189450837472,0.8681130413786338
25671,LOF,0.06279819358121648,0.08141251098183377,0.8557892954369497
25672,LOF,0.07130114212115599,0.0854191459680856,0.8432797119107583
25673,LOF,0.06170765629546843,0.07513850797547035,0.8631538357290612
25674,LOF,0.03500977110385541,0.1103230756137229,0.8546671532824216
25675,LOF,0.06274288793169755,0.04595032525235991,0.8913067868159424
25676,LOF,0.04749976760504905,0.10209004400529166,0.8504101883896592
25677,LOF,0.07164340623311716,0.06120988943896376,0.8671467043279191
25678,LOF,0.3118710671509947,0.044534752177501934,0.6435941806715033
25679,LOF,0.14679271555724294,0.08909292484455851,0.7641143595981986
25680,LOF,0.09510623134170687,0.15291141230762864,0.7519823563506646
25681,LOF,0.10497035109537119,0.14477666599796896,0.7502529829066599
25682,LOF,0.05896101037034042,0.0804670192313514,0.8605719703983084
25683,LOF,0.11681904938292524,0.08469668003766578,0.798484270579409
25684,LOF,0.09249739022582888,0.12775922439586654,0.7797433853783046
25685,LOF,0.10751065287607733,0.05378676294115737,0.8387025841827653
25686,LOF,0.023555961980429536,0.22126783764214014,0.7551762003774303
25687,LOF,0.03821429348069691,0.23018187738995632,0.7316038291293467
25688,LOF,0.016137434076061538,0.3848864808976377,0.5989760850263008
25689,LOF,0.011174028202177184,0.2064360630965455,0.7823899087012773
25690,LOF,0.01141425835347775,0.46774572989416896,0.5208400117523533
25691,GOF,0.0785293790723261,0.653794628893575,0.2676759920340989
25692,LOF,0.12467640882289335,0.040842848265048394,0.8344807429120582
25693,LOF,0.028158725822824273,0.47485855932590787,0.49698271485126777
25694,LOF,0.20227640688731854,0.05401467486512575,0.7437089182475557
25695,LOF,0.1530508157692681,0.08676314087739509,0.7601860433533368
25696,LOF,0.1528174175864967,0.07098298959328216,0.7761995928202211
25697,LOF,0.15425638343879994,0.03663775484782326,0.8091058617133767
25698,LOF,0.012677032365090511,0.475493279572601,0.5118296880623086
25699,LOF,0.07755521803024866,0.2914280822741081,0.6310166996956432
25700,LOF,0.05410930904552791,0.017310255211233153,0.928580435743239
25701,LOF,0.010026049213275592,0.44926417371289834,0.540709777073826
25702,GOF,0.02344229124630833,0.6481622203948643,0.32839548835882737
25703,LOF,0.016316753831974822,0.0909580459070003,0.892725200261025
25704,LOF,0.06902510044141877,0.1114656687247531,0.8195092308338282
25705,LOF,0.09107328450501254,0.22001422220243372,0.6889124932925538
25706,GOF,0.02092580305742565,0.7916327511436769,0.18744144579889743
25707,GOF,0.018349736806411138,0.7617984069148709,0.21985185627871798
25708,GOF,0.007521727523581427,0.7948260768110599,0.19765219566535872
25709,LOF,0.05067946840276829,0.12340520973508824,0.8259153218621433
25710,LOF,0.012656113672484173,0.21612890567622633,0.7712149806512896
25711,LOF,0.046497280523980354,0.14672694095453487,0.8067757785214847
25712,LOF,0.02083354975615913,0.15879640551997187,0.820370044723869
25713,LOF,0.040715406965134836,0.15180224600532352,0.8074823470295417
25714,LOF,0.03566579613504287,0.3347424544693639,0.6295917493955931
25715,LOF,0.035496476106792664,0.2127248786993397,0.7517786451938676
25716,LOF,0.012009922543348369,0.09526601088146654,0.892724066575185
25717,LOF,0.010678036631847037,0.07774323053460767,0.9115787328335453
25718,LOF,0.0452819114250127,0.07596948762978957,0.8787486009451978
25719,LOF,0.04124359216479519,0.15892241218393305,0.7998339956512718
25720,LOF,0.03963446924869492,0.17616121607213367,0.7842043146791715
25721,LOF,0.0449056616703607,0.10383066331452001,0.8512636750151193
25722,LOF,0.038566863994091954,0.1342460309030075,0.8271871051029006
25723,LOF,0.04827130023304576,0.1891223962317677,0.7626063035351864
25724,GOF,0.0578607235738275,0.5099120075278623,0.4322272688983102
25725,LOF,0.07195649546562356,0.15399494097144592,0.7740485635629306
25726,LOF,0.043796991343603875,0.14970403368461271,0.8064989749717834
25727,LOF,0.06022124272907493,0.1094137503519535,0.8303650069189715
25728,LOF,0.035227695657686825,0.23391776519057916,0.730854539151734
25729,LOF,0.04131819656080694,0.21738898927380898,0.741292814165384
25730,LOF,0.04947291865691183,0.17176414536655202,0.7787629359765361
25731,LOF,0.015242900943362937,0.12012504911022545,0.8646320499464116
25732,LOF,0.03269663718355479,0.11396083674392446,0.8533425260725207
25733,LOF,0.04334588446671981,0.2837767771833911,0.6728773383498892
25734,LOF,0.009123322224278873,0.20017456135649808,0.790702116419223
25735,LOF,0.04141246334779179,0.12950676593799176,0.8290807707142164
25736,LOF,0.03838891683197616,0.19718555302492555,0.7644255301430982
25737,LOF,0.0639590992268163,0.12053533466385404,0.8155055661093297
25738,LOF,0.05195567351172176,0.25088779336378575,0.6971565331244924
25739,LOF,0.03584985456268969,0.1925358232957534,0.771614322141557
25740,LOF,0.05892435564084244,0.18053839581999792,0.7605372485391596
25741,LOF,0.05747443902579898,0.1743433730304975,0.7681821879437036
25742,LOF,0.06073475852260243,0.20405458559491835,0.7352106558824792
25743,LOF,0.01262568728845579,0.03867276439687145,0.9487015483146728
25744,LOF,0.0808699134149603,0.4493281436042914,0.4698019429807482
25745,LOF,0.018952500730018224,0.36110979874739235,0.6199377005225895
25746,LOF,0.010636919747474213,0.40237629701702154,0.5869867832355042
25747,LOF,0.044908606049811686,0.0496544825883805,0.9054369113618079
25748,LOF,0.0924319110440242,0.3153536301532386,0.5922144588027373
25749,LOF,0.01133227949305927,0.36693968707623437,0.6217280334307064
25750,LOF,0.012882529482821595,0.4230707790869532,0.5640466914302252
25751,LOF,0.028158239698461488,0.2150156106102289,0.7568261496913097
25752,GOF,0.10761223947927623,0.6494159082493088,0.24297185227141496
25753,LOF,0.011995679187928848,0.28374334017502434,0.7042609806370468
25754,GOF,0.011785916917455503,0.8845557627480123,0.10365832033453232
25755,LOF,0.010572484036696398,0.2933798658082447,0.696047650155059
25756,LOF,0.04913539334258219,0.3528273414261668,0.598037265231251
25757,GOF,0.010620354334559318,0.8151614875184054,0.17421815814703526
25758,GOF,0.010917836131741769,0.8905059404907412,0.09857622337751708
25759,GOF,0.006597204267753956,0.7843606379495797,0.20904215778266644
25760,LOF,0.009699298451024681,0.1683034127532747,0.8219972887957007
25761,GOF,0.03853865885469172,0.8693921173706882,0.09206922377462012
25762,LOF,0.0536616521754887,0.38920518697964185,0.5571331608448694
25763,LOF,0.011754470265139521,0.159089945574344,0.8291555841605165
25764,GOF,0.083776633870455,0.6781330302761519,0.23809033585339306
25765,GOF,0.010211612157262287,0.8885747880277155,0.1012135998150222
25766,GOF,0.03171260692543321,0.8265984228726535,0.1416889702019132
25767,GOF,0.007846176248074823,0.6325866387881702,0.3595671849637549
25768,LOF,0.051393032413734205,0.0739329190508652,0.8746740485354005
25769,LOF,0.0298755872011993,0.23007523800136967,0.740049174797431
25770,Neutral,0.7236805113907301,0.08134742346044409,0.19497206514882573
25771,LOF,0.029615194708824667,0.13717891709093194,0.8332058882002433
25772,LOF,0.04599452533858161,0.18634483683883504,0.7676606378225833
25773,LOF,0.02419751112493156,0.29194653024666606,0.6838559586284024
25774,LOF,0.04754692836431253,0.24602733355383843,0.7064257380818489
25775,LOF,0.02650284563241282,0.10505971144390405,0.8684374429236832
25776,LOF,0.02581794064311297,0.1820731708741421,0.792108888482745
25777,LOF,0.2919648777534426,0.15488598970662557,0.5531491325399318
25778,LOF,0.03896092737008131,0.20099727753602722,0.7600417950938915
25779,GOF,0.12377271227142622,0.6159684136667063,0.2602588740618676
25780,GOF,0.11457113861591811,0.5963545258591909,0.28907433552489104
25781,GOF,0.05529980241074638,0.5120380483858501,0.4326621492034035
25782,GOF,0.04601657629574349,0.5676431171417832,0.3863403065624734
25783,GOF,0.10196950100610533,0.6483223549187249,0.24970814407516986
25784,GOF,0.20381515936701416,0.5955546145272254,0.20063022610576042
25785,GOF,0.3397943600968952,0.5242994268579041,0.1359062130452007
25786,LOF,0.020093351951762987,0.31230195036360514,0.6676046976846319
25787,Neutral,0.5272370224743289,0.2965745501665209,0.1761884273591502
25788,LOF,0.04335819238783406,0.07079015991192948,0.8858516477002365
25789,GOF,0.03741458575356354,0.7196214855362583,0.24296392871017822
25790,GOF,0.049065373716751064,0.5140513115467189,0.43688331473653014
25791,GOF,0.04187316262441113,0.4828189202496843,0.47530791712590464
25792,GOF,0.05270364940595991,0.5381970380197685,0.4090993125742716
25793,LOF,0.07597384107157758,0.4525816011952817,0.47144455773314065
25794,LOF,0.0738993283257976,0.3560214159227718,0.5700792557514306
25795,LOF,0.042400655239103295,0.20813289430817614,0.7494664504527206
25796,LOF,0.3221831951938689,0.28931022761255476,0.38850657719357634
25797,LOF,0.09629306030258432,0.31646692400947474,0.5872400156879409
25798,GOF,0.011159052354839976,0.6483418010428871,0.34049914660227293
25799,GOF,0.008579682701874885,0.5148247630210279,0.4765955542770972
25800,GOF,0.04022425675839862,0.7736307938844391,0.18614494935716233
25801,GOF,0.05539418167560051,0.6380392640573569,0.30656655426704243
25802,GOF,0.06939012561490004,0.6085053662688283,0.3221045081162716
25803,LOF,0.04217288463014639,0.450803714941177,0.5070234004286766
25804,LOF,0.09475770897901178,0.368493944012657,0.5367483470083312
25805,GOF,0.06201910346232097,0.5433053843403413,0.3946755121973377
25806,GOF,0.07740426628254728,0.5543112590046023,0.3682844747128504
25807,LOF,0.027463005371001728,0.44214776339094164,0.5303892312380567
25808,GOF,0.06225483083677449,0.6265524340331502,0.3111927351300752
25809,LOF,0.017007724736098344,0.3939732475093004,0.5890190277546012
25810,LOF,0.014978502650063551,0.42914072993060554,0.5558807674193309
25811,GOF,0.12831518912811754,0.523694395683296,0.34799041518858637
25812,LOF,0.09001624788787717,0.426753098229598,0.4832306538825248
25813,GOF,0.3352877390717753,0.40643749481882735,0.25827476610939737
25814,GOF,0.06878772759937105,0.5067332756687636,0.42447899673186534
25815,GOF,0.10942880832523605,0.5334311289243864,0.3571400627503775
25816,GOF,0.01681769671449047,0.6262263184445918,0.3569559848409177
25817,LOF,0.11555067125076854,0.4381404205271229,0.4463089082221086
25818,GOF,0.06387279632663266,0.5653369016435441,0.37079030202982327
25819,LOF,0.10662495750322652,0.4013992643990641,0.4919757780977094
25820,LOF,0.12677818954081083,0.3540067603617478,0.5192150500974415
25821,LOF,0.09475563318485669,0.39371629384374773,0.5115280729713956
25822,LOF,0.1813215275335684,0.3302575694138094,0.48842090305262226
25823,LOF,0.0800570623124978,0.3028007907123748,0.6171421469751274
25824,GOF,0.05611490168086401,0.5798312177353782,0.3640538805837579
25825,GOF,0.03813005882917442,0.611653916795128,0.3502160243756975
25826,LOF,0.015704377492157175,0.4061778230302228,0.57811779947762
25827,GOF,0.013862994476022707,0.5229502551016433,0.4631867504223339
25828,GOF,0.01579929767962283,0.49898187238161673,0.48521882993876053
25829,LOF,0.008536915276556563,0.2800772616835864,0.7113858230398571
25830,LOF,0.14071178477889681,0.0518657594418984,0.8074224557792048
25831,GOF,0.054043280941795765,0.6619162701298309,0.2840404489283734
25832,LOF,0.015306385299021846,0.35178329242610884,0.6329103222748693
25833,GOF,0.06446360971950012,0.5492526706428377,0.3862837196376621
25834,LOF,0.01567807511846632,0.3595926490071226,0.624729275874411
25835,GOF,0.04944736017267385,0.6682441025932159,0.2823085372341102
25836,LOF,0.012187093505560893,0.48175521283036177,0.5060576936640773
25837,LOF,0.022951584965317542,0.3556697490519742,0.6213786659827083
25838,GOF,0.04885758382524512,0.5540425695076389,0.39709984666711606
25839,GOF,0.11494667346997928,0.4660741020434295,0.41897922448659114
25840,GOF,0.12210506644144303,0.5434747020445027,0.33442023151405426
25841,GOF,0.10896400492377091,0.5827279589746448,0.30830803610158425
25842,GOF,0.05832787663346425,0.7069348319672585,0.23473729139927718
25843,GOF,0.041112636703183984,0.7344673407587184,0.22442002253809754
25844,GOF,0.04399685401586993,0.5574729847144061,0.3985301612697239
25845,LOF,0.01242356529460353,0.29941130879116407,0.6881651259142324
25846,GOF,0.06555208814691094,0.5586929656450186,0.37575494620807054
25847,GOF,0.04988743182254589,0.6658617719121659,0.2842507962652882
25848,GOF,0.04100735725458831,0.7117244852784168,0.24726815746699507
25849,GOF,0.009839753019693238,0.5735144909439911,0.41664575603631565
25850,LOF,0.014230393811434396,0.49251170381400255,0.493257902374563
25851,LOF,0.014473670277497441,0.4243099904207512,0.5612163393017514
25852,LOF,0.2586427153041909,0.3008964525166579,0.44046083217915116
25853,GOF,0.1012427730431762,0.44975187274374495,0.44900535421307886
25854,LOF,0.010812310403178134,0.42393027761295904,0.5652574119838627
25855,LOF,0.0342073139003022,0.41862021279982714,0.5471724732998706
25856,GOF,0.08182020150103551,0.6105710648370791,0.30760873366188546
25857,LOF,0.03691586445872641,0.3444953258893941,0.6185888096518795
25858,LOF,0.015282259525024074,0.2580029535805334,0.7267147868944426
25859,LOF,0.010488015543248866,0.24658137950716136,0.7429306049495897
25860,LOF,0.119906478424667,0.3373275097752217,0.5427660118001113
25861,GOF,0.1162446045907101,0.516456458299208,0.36729893711008177
25862,GOF,0.032404779652586,0.7552430313917796,0.2123521889556344
25863,GOF,0.03432681779102883,0.640757440209015,0.3249157419999561
25864,GOF,0.043866567417289934,0.721084895739748,0.23504853684296204
25865,GOF,0.0377972120647494,0.7233004968872726,0.238902291047978
25866,GOF,0.04583638819497058,0.7193864307098587,0.23477718109517057
25867,GOF,0.12046810000101268,0.7069764275572109,0.17255547244177646
25868,GOF,0.12596611540935881,0.5008602382759145,0.3731736463147266
25869,Neutral,0.44998618545303914,0.3815257746795296,0.1684880398674313
25870,LOF,0.19394384098209935,0.09845672752081842,0.7075994314970823
25871,LOF,0.016747466314887854,0.31399753188790336,0.6692550017972088
25872,LOF,0.044088776730016356,0.34211210239490825,0.6137991208750753
25873,GOF,0.03183881060646179,0.5380587102817982,0.43010247911174
25874,LOF,0.05812769580637412,0.025180206671769376,0.9166920975218565
25875,LOF,0.02122352035148347,0.4662232033405646,0.512553276307952
25876,LOF,0.029703443829056903,0.12179576691577172,0.8485007892551715
25877,GOF,0.07004547982363171,0.6335242001981136,0.2964303199782547
25878,GOF,0.052075787025130806,0.7670702134805982,0.18085399949427097
25879,LOF,0.011134385643950603,0.38376761679543003,0.6050979975606193
25880,LOF,0.04700151525870233,0.06942517536444379,0.8835733093768539
25881,GOF,0.39964617495606897,0.40573128796801444,0.19462253707591648
25882,LOF,0.02620951590859438,0.27470627074459464,0.6990842133468109
25883,LOF,0.027714654518305976,0.12604078781134773,0.8462445576703463
25884,LOF,0.023299858593212444,0.1572760553103246,0.8194240860964629
25885,LOF,0.15659127142939053,0.03909393673350947,0.8043147918371
25886,LOF,0.05700768793796195,0.19722293011652492,0.7457693819455132
25887,GOF,0.039239512731647115,0.6382563391772653,0.32250414809108774
25888,LOF,0.004870174432163048,0.459508072785845,0.535621752781992
25889,LOF,0.04195718577441869,0.10179661829051863,0.8562461959350627
25890,LOF,0.15042656185101913,0.2979741173473229,0.551599320801658
25891,LOF,0.11998258830246296,0.08324717351668218,0.796770238180855
25892,LOF,0.005744186173350242,0.13789952926590468,0.8563562845607451
25893,LOF,0.25378596217900495,0.0644376187205066,0.6817764191004885
25894,LOF,0.31891597574242775,0.034223879980777416,0.646860144276795
25895,LOF,0.21085003593516172,0.04148527931828929,0.747664684746549
25896,LOF,0.0823781059369485,0.10655774155773508,0.8110641525053164
25897,LOF,0.0948371658839094,0.06847213246031496,0.8366907016557755
25898,GOF,0.06465479497733909,0.5396889011617487,0.3956563038609123
25899,LOF,0.24068363552675648,0.21188157724725795,0.5474347872259856
25900,Neutral,0.8610990567707,0.04143729193653938,0.09746365129276076
25901,LOF,0.07833894091357216,0.03286865106910622,0.8887924080173216
25902,LOF,0.19810869305240358,0.011789720147188404,0.790101586800408
25903,LOF,0.13155263580403578,0.14271646041806468,0.7257309037778995
25904,LOF,0.39701676394352864,0.199724663702508,0.4032585723539634
25905,LOF,0.009954078040453989,0.45486244888800564,0.5351834730715403
25906,LOF,0.016695428500400077,0.05753240181064125,0.9257721696889587
25907,LOF,0.008799850099825361,0.35444212471163294,0.6367580251885416
25908,LOF,0.009326658093005771,0.320155563314536,0.6705177785924582
25909,LOF,0.035307547434915564,0.17730565288967032,0.7873867996754141
25910,LOF,0.01822058418958224,0.1551987671236953,0.8265806486867224
25911,LOF,0.08984784172652514,0.09499423163650192,0.8151579266369728
25912,LOF,0.11639228870658117,0.03207819475000069,0.8515295165434181
25913,LOF,0.01406176746482868,0.09279612029586379,0.8931421122393075
25914,LOF,0.03736236730574393,0.17892538355456522,0.7837122491396908
25915,GOF,0.06975773869226638,0.8473711409170729,0.08287112039066077
25916,GOF,0.018620784214312364,0.6835805155585786,0.2977987002271091
25917,LOF,0.2388694969743232,0.11610829586093073,0.645022207164746
25918,LOF,0.04144342678398323,0.13584320492070143,0.8227133682953153
25919,LOF,0.04035544055798457,0.10471127712048053,0.854933282321535
25920,GOF,0.13510574176488707,0.48605275676421206,0.37884150147090084
25921,LOF,0.028614179791760917,0.03774369901738652,0.9336421211908524
25922,LOF,0.023346539168165772,0.036689820848501725,0.9399636399833325
25923,LOF,0.31654616426315435,0.0695428391283273,0.6139109966085183
25924,LOF,0.03211490460811343,0.06090815231340306,0.9069769430784834
25925,LOF,0.2414814683266022,0.01917298281366389,0.739345548859734
25926,LOF,0.10821229096437864,0.08047678292190857,0.8113109261137129
25927,LOF,0.018854604994318677,0.10418331895288126,0.8769620760528002
25928,LOF,0.018437095372130625,0.04207973217435905,0.9394831724535102
25929,Neutral,0.5829676752130165,0.06802219881941653,0.3490101259675669
25930,LOF,0.036824105688332075,0.059698425988376914,0.9034774683232911
25931,LOF,0.017839154016697775,0.052130317350533285,0.9300305286327689
25932,LOF,0.07108319656652043,0.0325362728355156,0.896380530597964
25933,LOF,0.06138316275323552,0.020998966326596088,0.9176178709201683
25934,LOF,0.06257933153067298,0.026077663562748325,0.9113430049065786
25935,LOF,0.2506375393567251,0.022610045866712995,0.7267524147765619
25936,LOF,0.05553135759101256,0.026084365900625555,0.9183842765083619
25937,LOF,0.01878698908230045,0.06884665473205229,0.9123663561856472
25938,LOF,0.2521300716039851,0.020529534236257887,0.7273403941597569
25939,LOF,0.047428757440632546,0.026822322442244837,0.9257489201171226
25940,GOF,0.006544311266998355,0.5930266638408732,0.40042902489212845
25941,LOF,0.36582061287088335,0.06031834913908481,0.5738610379900319
25942,LOF,0.012178174366783322,0.1217242171721755,0.8660976084610411
25943,GOF,0.017847232832315662,0.6196815396215116,0.36247122754617267
25944,LOF,0.018625187980602028,0.36895168341656037,0.6124231286028377
25945,LOF,0.0661236625385306,0.1261071278270393,0.80776920963443
25946,LOF,0.09203283412671323,0.06838745499441333,0.8395797108788735
25947,LOF,0.44641427825729435,0.02949440105437512,0.5240913206883305
25948,LOF,0.2136443751105391,0.050888227575658695,0.7354673973138022
25949,LOF,0.2300875673321675,0.03370239761344812,0.7362100350543844
25950,GOF,0.04972841486042042,0.7821788388599293,0.16809274627965015
25951,LOF,0.01351092871940446,0.40479667295814,0.5816923983224556
25952,LOF,0.09113105735972904,0.28752322484719406,0.6213457177930769
25953,LOF,0.006928427170475869,0.422062244351463,0.5710093284780611
25954,GOF,0.027292781703499996,0.5464899458829517,0.4262172724135483
25955,GOF,0.004877247544807245,0.5751356390864625,0.4199871133687302
25956,GOF,0.010646020785378955,0.6435477591874208,0.34580622002720013
25957,LOF,0.2651560246645859,0.0538562231603427,0.6809877521750715
25958,LOF,0.023217579265739214,0.22715961110221292,0.749622809632048
25959,GOF,0.004638258440822255,0.594161578745413,0.40120016281376475
25960,LOF,0.006263544032354669,0.13731854851333253,0.8564179074543128
25961,LOF,0.020045076181838442,0.19719959983785296,0.7827553239803087
25962,LOF,0.12670242977959448,0.0309587272937814,0.8423388429266242
25963,LOF,0.01194867386509086,0.12341622951317688,0.8646350966217322
25964,LOF,0.051898618330789695,0.12663283659519056,0.8214685450740197
25965,LOF,0.15892359428370265,0.1881219702235249,0.6529544354927725
25966,LOF,0.21848714277259979,0.3167983233836745,0.4647145338437259
25967,LOF,0.01163293451573385,0.05718270319770219,0.9311843622865639
25968,LOF,0.11465842919833613,0.43196378405306324,0.4533777867486005
25969,LOF,0.19860150573975943,0.023190681910096635,0.7782078123501439
25970,LOF,0.020803539931901587,0.15102187803428435,0.8281745820338141
25971,LOF,0.08174610466536845,0.1403999491187266,0.777853946215905
25972,LOF,0.06949306606163248,0.12441505919963981,0.8060918747387278
25973,LOF,0.2059663119347819,0.010205899579896104,0.783827788485322
25974,LOF,0.0785670127173877,0.29082476940599555,0.6306082178766168
25975,LOF,0.057539394510409354,0.023681460947069133,0.9187791445425215
25976,LOF,0.07704797276140031,0.015020198550827547,0.9079318286877721
25977,LOF,0.19514698203790393,0.07046975000533066,0.7343832679567655
25978,LOF,0.20682287295105323,0.2174196876238523,0.5757574394250945
25979,LOF,0.15026150955582768,0.2544445616985441,0.5952939287456281
25980,GOF,0.14339863192274593,0.4329923014061497,0.4236090666711043
25981,GOF,0.14663090195080083,0.45073126035526223,0.402637837693937
25982,LOF,0.18936024763949116,0.33325773700917655,0.4773820153513323
25983,LOF,0.1696832525665231,0.3435994641268354,0.4867172833066413
25984,LOF,0.04021996158468425,0.09516775867109341,0.8646122797442224
25985,Neutral,0.4427114391547043,0.23563907037004603,0.32164949047524966
25986,GOF,0.008377634632023961,0.6484664581965952,0.34315590717138084
25987,LOF,0.02530727690128329,0.11580930263442286,0.8588834204642938
25988,LOF,0.03519027573431578,0.12312538553756852,0.8416843387281158
25989,LOF,0.0455214144885825,0.1296981563898918,0.8247804291215256
25990,LOF,0.0503455176440141,0.2286469921866054,0.7210074901693805
25991,GOF,0.03512200439060554,0.7388237478846744,0.22605424772472005
25992,LOF,0.019553973597578368,0.42210546434224233,0.5583405620601792
25993,LOF,0.05484080724169413,0.034128618878304096,0.9110305738800019
25994,LOF,0.05402279614941308,0.07176523928404588,0.874211964566541
25995,LOF,0.03741379144964393,0.0627469734774246,0.8998392350729314
25996,GOF,0.3326957130678691,0.3864877317268731,0.28081655520525783
25997,GOF,0.058646198268937015,0.570142638296014,0.37121116343504895
25998,LOF,0.24359063762828725,0.1023944284112761,0.6540149339604368
25999,GOF,0.019018204922188937,0.6089104298946907,0.37207136518312045
26000,LOF,0.12703844408838055,0.008355795098469813,0.8646057608131495
26001,LOF,0.11739117798375963,0.02208521582095178,0.8605236061952886
26002,LOF,0.20311646757935822,0.006983211247846844,0.789900321172795
26003,LOF,0.011706750115057639,0.48883494004835415,0.4994583098365882
26004,LOF,0.037989598854814385,0.34913795466871744,0.6128724464764681
26005,LOF,0.006938167905786337,0.39638313467584696,0.5966786974183667
26006,GOF,0.25527713454867523,0.46685679460490764,0.2778660708464171
26007,LOF,0.01920155431947467,0.4364785754554193,0.5443198702251061
26008,LOF,0.01564325029257869,0.3517028642824668,0.6326538854249545
26009,GOF,0.03492089921026951,0.620041020985595,0.3450380798041354
26010,GOF,0.01606876154933764,0.4937441829420576,0.49018705550860475
26011,LOF,0.008101658806614636,0.3069686196317617,0.6849297215616238
26012,LOF,0.008605781560493802,0.46516445707536236,0.5262297613641439
26013,LOF,0.008746035810360635,0.370873309163813,0.6203806550258264
26014,LOF,0.21707758775319927,0.009911881016596047,0.7730105312302048
26015,LOF,0.11210383463691534,0.22423420704919308,0.6636619583138915
26016,LOF,0.17072190594737363,0.28155414436432874,0.5477239496882977
26017,GOF,0.014840231180910367,0.5626616794881032,0.4224980893309864
26018,LOF,0.02131669981833511,0.3306015940143431,0.6480817061673219
26019,LOF,0.021963002940090983,0.2393828002544562,0.7386541968054529
26020,LOF,0.00673089949692329,0.3287076778525257,0.664561422650551
26021,LOF,0.06591689272148114,0.2763009576047028,0.6577821496738161
26022,LOF,0.0565055769061398,0.10392643699528976,0.8395679860985704
26023,LOF,0.04083458741416853,0.26980109653268997,0.6893643160531414
26024,LOF,0.045955090073299926,0.22091480272404834,0.7331301072026517
26025,LOF,0.06053134317808061,0.3708050164207318,0.5686636404011876
26026,LOF,0.0855114707131992,0.3525579642656239,0.5619305650211768
26027,LOF,0.032027052524926,0.15162942512260608,0.816343522352468
26028,LOF,0.03861905936385495,0.33561071768434664,0.6257702229517984
26029,LOF,0.02433755867213367,0.4597067149272733,0.5159557264005931
26030,LOF,0.21767908618498655,0.05845796400194197,0.7238629498130715
26031,LOF,0.010697324999354602,0.44945509437452646,0.5398475806261188
26032,LOF,0.03522150636319147,0.09585062887921304,0.8689278647575954
26033,LOF,0.05350111271026188,0.21777530702896622,0.7287235802607719
26034,LOF,0.012888744349921582,0.3235205674564411,0.6635906881936373
26035,LOF,0.010262651268326503,0.36314226136355493,0.6265950873681185
26036,LOF,0.009637844340502645,0.24585658110494157,0.7445055745545559
26037,LOF,0.009784452658817116,0.2595577970211884,0.7306577503199945
26038,LOF,0.02613847385953411,0.09729817335769037,0.8765633527827755
26039,LOF,0.02320307786199914,0.33302022754986677,0.643776694588134
26040,LOF,0.0479001988078776,0.2469030586751483,0.7051967425169741
26041,LOF,0.012041046927946242,0.2746234218104514,0.7133355312616023
26042,LOF,0.011179824085715238,0.29683113698526276,0.691989038929022
26043,LOF,0.02601735252051664,0.2335547505614368,0.7404278969180466
26044,LOF,0.009539571123482997,0.2523957370457147,0.7380646918308023
26045,GOF,0.046387931561986,0.6151377343252181,0.33847433411279576
26046,LOF,0.025460441306132547,0.239276127905234,0.7352634307886335
26047,LOF,0.06523489447367133,0.14555950149559496,0.7892056040307337
26048,LOF,0.08276040630622801,0.1557465813530176,0.7614930123407543
26049,Neutral,0.8253402263434482,0.06791944957865585,0.10674032407789592
26050,Neutral,0.8163913996757427,0.06465816068864695,0.11895043963561042
26051,GOF,0.012432889934222521,0.6098174606715072,0.37774964939427025
26052,GOF,0.014843175051169439,0.5523298784046458,0.4328269465441848
26053,LOF,0.03155907577326591,0.020926835095056273,0.9475140891316778
26054,LOF,0.16176321119172096,0.06460549142571961,0.7736312973825594
26055,LOF,0.1829531365761305,0.10586179244026998,0.7111850709835994
26056,LOF,0.18662229949225986,0.11137965940423462,0.7019980411035055
26057,LOF,0.05483190277321526,0.03771752824961958,0.907450568977165
26058,LOF,0.06010612137479395,0.030013747167941723,0.9098801314572643
26059,Neutral,0.8396129476442353,0.06080998807054091,0.09957706428522388
26060,LOF,0.012471012048652525,0.34708269105734624,0.6404462968940011
26061,LOF,0.01564931713650085,0.034071222268183494,0.9502794605953158
26062,LOF,0.008363421898522785,0.07536309978045427,0.916273478321023
26063,LOF,0.04984629145153538,0.03866182926713782,0.9114918792813267
26064,LOF,0.01429646940312728,0.04639096270398727,0.9393125678928855
26065,LOF,0.036535150927380744,0.056265973187863465,0.9071988758847557
26066,LOF,0.04944927947501995,0.04366634318303986,0.9068843773419402
26067,LOF,0.05994581590504042,0.05695551410902305,0.8830986699859364
26068,LOF,0.17228855447583863,0.06580985271318372,0.7619015928109778
26069,LOF,0.0671323639416769,0.10130430739094273,0.8315633286673804
26070,LOF,0.07787958301419065,0.09105469903090083,0.8310657179549085
26071,LOF,0.050254199977149035,0.04256666050402978,0.9071791395188212
26072,LOF,0.00961033188466153,0.032336545838876574,0.9580531222764619
26073,LOF,0.04316141741580122,0.03325241650229733,0.9235861660819016
26074,Neutral,0.8230519421323899,0.040474274215847095,0.13647378365176308
26075,LOF,0.0569381112435409,0.15160594000822405,0.7914559487482351
26076,LOF,0.05389148062581195,0.06866330125110102,0.8774452181230871
26077,LOF,0.1586393863396239,0.07423563057109024,0.767124983089286
26078,LOF,0.008928779061404773,0.057298433454372175,0.9337727874842231
26079,LOF,0.1625382573629596,0.07463256385755984,0.7628291787794805
26080,LOF,0.1625382573629596,0.07463256385755984,0.7628291787794805
26081,LOF,0.05008603434638424,0.041412395376886055,0.9085015702767298
26082,LOF,0.00991549606205553,0.08703179974476304,0.9030527041931814
26083,LOF,0.033663210871792124,0.10759676663767803,0.8587400224905298
26084,LOF,0.04534881566699183,0.0612529158280508,0.8933982685049574
26085,LOF,0.042386768580469414,0.05204586300238809,0.9055673684171425
26086,LOF,0.03988479130249732,0.05980958618789574,0.9003056225096069
26087,LOF,0.05407592885338016,0.06861163714280738,0.8773124340038125
26088,LOF,0.01096461166897465,0.12740373382025097,0.8616316545107743
26089,LOF,0.05146804653406712,0.23371385066950354,0.7148181027964292
26090,LOF,0.05521927229344757,0.21374983388888502,0.7310308938176674
26091,LOF,0.04419131079758412,0.05284404885159252,0.9029646403508232
26092,LOF,0.045676376275353064,0.03704458838016712,0.9172790353444799
26093,LOF,0.06571130391324315,0.03283857963569974,0.9014501164510571
26094,LOF,0.041632059019766444,0.04944311557989103,0.9089248254003425
26095,LOF,0.016571367717207932,0.05479246215209736,0.9286361701306948
26096,LOF,0.2774356478241397,0.01031874495090115,0.7122456072249591
26097,LOF,0.009597056867703492,0.04694799163894921,0.9434549514933473
26098,LOF,0.16066447592634148,0.06437310988922998,0.7749624141844286
26099,LOF,0.03273518175053325,0.07534906786487662,0.8919157503845901
26100,LOF,0.03273518175053325,0.07534906786487662,0.8919157503845901
26101,LOF,0.03301984037506818,0.09626001839448127,0.8707201412304506
26102,LOF,0.04441564403283833,0.04527926721941987,0.9103050887477419
26103,Neutral,0.8383892219071866,0.05804663211977136,0.10356414597304206
26104,LOF,0.1699627745493315,0.08622067185806288,0.7438165535926057
26105,LOF,0.26098379664130894,0.17724321369220558,0.5617729896664854
26106,LOF,0.29012375447054184,0.1761167398966924,0.5337595056327658
26107,LOF,0.008844621582869942,0.2754891986073233,0.7156661798098067
26108,LOF,0.1451014803094032,0.24076072411583263,0.6141377955747641
26109,LOF,0.05726047415522047,0.08226062100990475,0.8604789048348748
26110,LOF,0.16601316191790524,0.10712278741024979,0.7268640506718449
26111,LOF,0.04445815293543715,0.31312606406372834,0.6424157830008345
26112,LOF,0.046711659680510435,0.047977399738417414,0.9053109405810722
26113,LOF,0.04004494441756432,0.08467025650401189,0.8752847990784237
26114,LOF,0.10210615576431382,0.03366011820975649,0.8642337260259297
26115,LOF,0.013904913173414205,0.3765154320528479,0.6095796547737379
26116,LOF,0.07636691749963748,0.12231401125702801,0.8013190712433346
26117,LOF,0.17889837915472123,0.10251210626102987,0.7185895145842489
26118,LOF,0.0404354884605663,0.02902468736580792,0.9305398241736258
26119,LOF,0.005719270997568509,0.08812775230242376,0.9061529767000077
26120,LOF,0.04601723525233449,0.03184528040827153,0.9221374843393939
26121,LOF,0.004361527472854483,0.1799618406805875,0.815676631846558
26122,LOF,0.00438656369542878,0.202289511328348,0.7933239249762232
26123,LOF,0.004969376090819747,0.17627644845455173,0.8187541754546285
26124,LOF,0.0056589351905831165,0.2034855062517305,0.7908555585576865
