feature0,prediction,LoGoFunc_Neutral,LoGoFunc_GOF,LoGoFunc_LOF
25546,Neutral,0.6327100917107263,0.10410176506875721,0.2631881432205164
25547,Neutral,0.4798630536872023,0.23312024547761384,0.28701670083518394
25548,Neutral,0.4473708734430985,0.1784077740836297,0.3742213524732718
25549,Neutral,0.424239587069197,0.18597022812281405,0.3897901848079889
25550,LOF,0.31097790513862206,0.20233479582383557,0.48668729903754243
25551,LOF,0.23447444410523077,0.18664231018852273,0.5788832457062465
25552,LOF,0.15374946668469378,0.19431340589467286,0.6519371274206334
25553,Neutral,0.8125958355512888,0.04317704522858636,0.14422711922012474
25554,LOF,0.18154806863350847,0.19533827617651292,0.6231136551899785
25555,LOF,0.15415267008867034,0.17416142771224158,0.6716859021990881
25556,Neutral,0.5133482608662228,0.13996807366805752,0.34668366546571977
25557,LOF,0.15611525588503503,0.19361556592158,0.6502691781933849
25558,LOF,0.1816649659233034,0.2240934335530411,0.5942416005236555
25559,Neutral,0.5337194156007518,0.01633113834463089,0.44994944605461734
25560,LOF,0.0425863065794801,0.18620527864901903,0.7712084147715008
25561,LOF,0.11465753774241651,0.21932885184638523,0.6660136104111982
25562,LOF,0.13103174690813446,0.06082869029912671,0.8081395627927387
25563,LOF,0.13059693910182504,0.0948056036827127,0.7745974572154622
25564,LOF,0.07082578213402611,0.23983699706337547,0.6893372208025984
25565,LOF,0.12590766288055924,0.2590775186364011,0.6150148184830396
25566,GOF,0.019000914067558192,0.6926725230580872,0.28832656287435443
25567,LOF,0.01194330469523548,0.08092120965408797,0.9071354856506765
25568,LOF,0.06184143950416264,0.04731847328947543,0.8908400872063619
25569,LOF,0.113502614930846,0.04046254487066989,0.8460348401984842
25570,LOF,0.0621018382844642,0.04641165960903177,0.8914865021065039
25571,LOF,0.07507078404604975,0.040818321086633524,0.8841108948673166
25572,LOF,0.04169852381639758,0.05468428139013883,0.9036171947934636
25573,LOF,0.021287970373042867,0.06380094253807916,0.9149110870888779
25574,LOF,0.01061331770896964,0.20639948415991682,0.7829871981311135
25575,LOF,0.05749811003062624,0.02287505635348071,0.919626833615893
25576,LOF,0.015930009584250664,0.02507379572799014,0.9589961946877592
25577,LOF,0.009958645051342955,0.027362357654914737,0.9626789972937423
25578,LOF,0.2476550257007309,0.06319411801576835,0.6891508562835007
25579,LOF,0.20368446344278748,0.0609365655386915,0.735378971018521
25580,LOF,0.03333303091449817,0.026186800777050705,0.9404801683084512
25581,LOF,0.05352848130138815,0.07800796126042042,0.8684635574381914
25582,LOF,0.052938957790542016,0.059015476307231585,0.8880455659022265
25583,LOF,0.036904714030542504,0.026035151929961666,0.9370601340394957
25584,Neutral,0.5156041746543791,0.047561516378840346,0.4368343089667805
25585,LOF,0.027080627565887232,0.027415761527984826,0.945503610906128
25586,LOF,0.03656774338405345,0.021924338440301318,0.9415079181756452
25587,LOF,0.029474601517685682,0.01849738649027798,0.9520280119920363
25588,LOF,0.02907470063843072,0.024292788448583163,0.9466325109129862
25589,Neutral,0.6730528160787581,0.05708275814822205,0.26986442577302
25590,LOF,0.02190040342569815,0.06426580101487052,0.9138337955594313
25591,LOF,0.07342785302157216,0.036297845100327894,0.8902743018781
25592,LOF,0.11759135537900473,0.043987789959167495,0.8384208546618277
25593,LOF,0.012670725760771688,0.27269709614735094,0.7146321780918774
25594,LOF,0.06772768103553996,0.03991460510913227,0.8923577138553279
25595,LOF,0.12668841942609088,0.06426030777889291,0.8090512727950161
25596,LOF,0.09843064599358843,0.04522707914017852,0.856342274866233
25597,LOF,0.08088519327307203,0.018205799978068662,0.9009090067488592
25598,LOF,0.1707120460168428,0.04834075211417267,0.7809472018689845
25599,GOF,0.011549609126034862,0.5452245210266263,0.44322586984733886
25600,GOF,0.012880250175444488,0.6057023068023584,0.3814174430221972
25601,LOF,0.007596794840338554,0.3128709895973765,0.6795322155622849
25602,LOF,0.020462366756968373,0.08991140774276754,0.889626225500264
25603,LOF,0.037156580280485775,0.08374280812011604,0.8791006115993981
25604,LOF,0.03406991379979785,0.0982249706359285,0.8677051155642737
25605,LOF,0.011788885484867328,0.30185754010726545,0.6863535744078673
25606,LOF,0.06490756055949544,0.4109591995544673,0.5241332398860373
25607,LOF,0.0030564730385323467,0.1792400625841819,0.8177034643772858
25608,LOF,0.05772920143651907,0.03136104121588781,0.9109097573475932
25609,LOF,0.08538394486580725,0.13895078784160114,0.7756652672925916
25610,LOF,0.036937334843770854,0.062266305242167516,0.9007963599140616
25611,LOF,0.05718139011779367,0.027333667422018686,0.9154849424601876
25612,LOF,0.22629309723695112,0.031159928405729377,0.7425469743573194
25613,LOF,0.10808914840795394,0.04635983277118406,0.8455510188208619
25614,LOF,0.03241642421148885,0.06298355116624595,0.9046000246222652
25615,LOF,0.07269575041292745,0.04405675762659961,0.883247491960473
25616,LOF,0.02578843237742978,0.1083542243238938,0.8658573432986765
25617,LOF,0.04038911372207728,0.04548977918852721,0.9141211070893955
25618,LOF,0.15292692006439965,0.1533445458203478,0.6937285341152525
25619,LOF,0.034730750144870634,0.08202031946398033,0.883248930391149
25620,LOF,0.03245169313948313,0.08191319004770586,0.8856351168128112
25621,LOF,0.03564481865531509,0.036085342705449594,0.9282698386392354
25622,LOF,0.02629639679294377,0.06428789280413862,0.9094157104029177
25623,LOF,0.045379115781352106,0.0738385241827196,0.8807823600359284
25624,LOF,0.028673512782134956,0.08537141657761042,0.8859550706402546
25625,LOF,0.040203154265920533,0.06603387560679859,0.8937629701272808
25626,LOF,0.11499930141799479,0.03364630169320053,0.8513543968888047
25627,LOF,0.4306058991087306,0.09198922040388276,0.47740488048738666
25628,LOF,0.17024086025118396,0.02841190827992968,0.8013472314688864
25629,LOF,0.09159903336971151,0.040965460434447196,0.8674355061958414
25630,LOF,0.17762398388966533,0.040015149949995,0.7823608661603397
25631,Neutral,0.5768115216639553,0.049754993318353105,0.3734334850176915
25632,LOF,0.016613257761866312,0.13023698397663275,0.853149758261501
25633,LOF,0.2512078435017926,0.32858745310965737,0.42020470338855004
25634,LOF,0.053500288543015286,0.19892504685588672,0.747574664601098
25635,LOF,0.04805881154225985,0.154749216163763,0.7971919722939772
25636,LOF,0.005035763213666581,0.4440382102559465,0.5509260265303869
25637,LOF,0.004415171493176647,0.25555999776378635,0.7400248307430372
25638,LOF,0.005701390064458426,0.2966704355509401,0.6976281743846015
25639,LOF,0.0044832979201540925,0.24625974683996837,0.7492569552398775
25640,GOF,0.3879740851213448,0.5349209233243475,0.07710499155430767
25641,LOF,0.009850446191475978,0.19050946752006503,0.7996400862884591
25642,LOF,0.25338290692332055,0.03552104706694346,0.711096046009736
25643,LOF,0.23622964988259773,0.033812220809809106,0.7299581293075932
25644,LOF,0.014370962519130977,0.31144233821597156,0.6741866992648975
25645,LOF,0.012081147214354339,0.46329116870870335,0.5246276840769423
25646,LOF,0.013360681348872666,0.24133996064124408,0.7452993580098833
25647,LOF,0.011431301865698852,0.23714016786470862,0.7514285302695924
25648,LOF,0.008381822792684129,0.27606444720355466,0.7155537300037612
25649,LOF,0.00889561050164227,0.1808160947771829,0.8102882947211748
25650,LOF,0.02930808876809165,0.2642433434467861,0.7064485677851222
25651,LOF,0.008252088148783452,0.1820514930210864,0.8096964188301301
25652,LOF,0.014262750302004544,0.3146733599181142,0.6710638897798814
25653,LOF,0.06186588141551259,0.37037133107572495,0.5677627875087624
25654,LOF,0.009220731652321613,0.29117037564604703,0.6996088927016314
25655,LOF,0.12789141172255478,0.40290380006732696,0.46920478821011813
25656,LOF,0.07959674477257545,0.10304936269748534,0.8173538925299392
25657,LOF,0.2500426710987252,0.03588147254783285,0.714075856353442
25658,LOF,0.028847573709090808,0.1852091441957555,0.7859432820951536
25659,LOF,0.2060059074044073,0.12067632386994823,0.6733177687256444
25660,LOF,0.09438507394410557,0.09076196663026313,0.8148529594256313
25661,LOF,0.06082012475323451,0.07138434451362562,0.86779553073314
25662,LOF,0.04078625216158832,0.06114934157608913,0.8980644062623226
25663,LOF,0.043251490545799624,0.10700034779775648,0.8497481616564438
25664,LOF,0.026259135281141988,0.15384056624933728,0.8199002984695206
25665,LOF,0.04559462764770397,0.0768482217268796,0.8775571506254165
25666,LOF,0.033394244535823604,0.22491223591397302,0.7416935195502034
25667,LOF,0.03663144881461324,0.03111468022978252,0.9322538709556043
25668,LOF,0.039827565188801116,0.056668122406590506,0.9035043124046084
25669,LOF,0.03307324692610901,0.07549667351228298,0.8914300795616079
25670,LOF,0.060675563301583656,0.07861760930894293,0.8607068273894734
25671,LOF,0.053859596451551355,0.04178279098163401,0.9043576125668146
25672,LOF,0.05931893578350126,0.053262072847879434,0.8874189913686193
25673,LOF,0.034196286030121634,0.07354698992636864,0.8922567240435096
25674,LOF,0.023723244688313005,0.10060885804092268,0.8756678972707643
25675,LOF,0.03185004113205817,0.059744385149443566,0.9084055737184982
25676,LOF,0.038660134816673554,0.06867912128482949,0.892660743898497
25677,LOF,0.065928012339132,0.050608183660474856,0.883463804000393
25678,LOF,0.13204794633018826,0.08119949670965193,0.7867525569601599
25679,LOF,0.0934029025158795,0.11207440028901132,0.7945226971951093
25680,LOF,0.1073232143095942,0.09785518318404396,0.7948216025063618
25681,LOF,0.11232178432010344,0.09885912203442614,0.7888190936454705
25682,LOF,0.043768782236928136,0.050122984304525005,0.9061082334585469
25683,LOF,0.06661158294137053,0.09494265430039549,0.838445762758234
25684,LOF,0.061000493330493774,0.07165180851331833,0.867347698156188
25685,LOF,0.1116538008482301,0.025776026743232573,0.8625701724085373
25686,LOF,0.029267425716266848,0.10014201910062721,0.8705905551831059
25687,LOF,0.04539375148803307,0.10673442980847517,0.8478718187034917
25688,LOF,0.020695682315259145,0.3060568544409749,0.673247463243766
25689,LOF,0.014381202341240105,0.17029293356794997,0.81532586409081
25690,LOF,0.018138267824552284,0.29467800627319635,0.6871837259022514
25691,GOF,0.11426321965968071,0.4823401478389272,0.403396632501392
25692,LOF,0.37792075367049843,0.027070871540248984,0.5950083747892526
25693,LOF,0.031910584779679264,0.44239577199827346,0.5256936432220474
25694,LOF,0.23920044155427367,0.018812373641449238,0.7419871848042771
25695,LOF,0.1818276177719654,0.02719861692369573,0.7909737653043389
25696,LOF,0.06955241285706043,0.0369191863795925,0.8935284007633469
25697,LOF,0.06232750130722686,0.03837658717290037,0.8992959115198728
25698,LOF,0.015022334616291051,0.3948227426103054,0.5901549227734035
25699,LOF,0.06917229547605244,0.17564017163010467,0.755187532893843
25700,LOF,0.06004407416551497,0.02240426484351007,0.917551660990975
25701,LOF,0.014028133020205199,0.26135415506633397,0.7246177119134607
25702,LOF,0.027787803748839067,0.4763244005638457,0.4958877956873153
25703,LOF,0.015512019511076893,0.06663970998160157,0.9178482705073217
25704,LOF,0.05934204060231388,0.05830989825503587,0.8823480611426503
25705,LOF,0.1280267602669306,0.157630132049117,0.7143431076839524
25706,GOF,0.022765012988529093,0.5553986327352722,0.4218363542761987
25707,LOF,0.024801250362899426,0.3808872128175116,0.5943115368195888
25708,GOF,0.008075535437801115,0.5111169597995553,0.4808075047626435
25709,LOF,0.06044089489238851,0.06040882567053354,0.8791502794370779
25710,LOF,0.008097952580220452,0.13651831813655296,0.8553837292832266
25711,LOF,0.06617111166920332,0.08052992878088155,0.8532989595499151
25712,LOF,0.012344403826925386,0.16364322463268346,0.8240123715403911
25713,LOF,0.05971210029958886,0.09155235408458297,0.8487355456158282
25714,LOF,0.0448197374866156,0.1765006718169837,0.7786795906964007
25715,LOF,0.044668953411656546,0.1142751333462144,0.841055913242129
25716,LOF,0.007147852844323691,0.05209015719728793,0.9407619899583884
25717,LOF,0.006844077397785333,0.04450576240222337,0.9486501601999912
25718,LOF,0.05242970620687047,0.0367610795161073,0.9108092142770222
25719,LOF,0.05168173059334978,0.08714719722154267,0.8611710721851076
25720,LOF,0.05216017469889348,0.09096506773658293,0.8568747575645236
25721,LOF,0.05738639165465116,0.05987804445637645,0.8827355638889723
25722,LOF,0.044759574865096616,0.08409542236251043,0.871145002772393
25723,LOF,0.07377559155420929,0.09999242893722905,0.8262319795085616
25724,LOF,0.07280809328793397,0.2648746725685908,0.6623172341434752
25725,LOF,0.06748859289695668,0.09602173172539842,0.836489675377645
25726,LOF,0.0579862835807259,0.07717023347650069,0.8648434829427734
25727,LOF,0.08248823269249599,0.05991331843770633,0.8575984488697977
25728,LOF,0.05186903028758862,0.10690209628098783,0.8412288734314236
25729,LOF,0.05822034117987103,0.11563741952147626,0.8261422392986526
25730,LOF,0.06981653440201632,0.08261544570408556,0.8475680198938982
25731,LOF,0.010674859728999796,0.05522346316894074,0.9341016771020596
25732,LOF,0.03383839594799012,0.05067588984388246,0.9154857142081275
25733,LOF,0.045111113165892794,0.09880585079584545,0.8560830360382617
25734,LOF,0.006989256376270407,0.19006205376794014,0.8029486898557895
25735,LOF,0.042896093140968206,0.07266915896453151,0.8844347478945002
25736,LOF,0.04328682129407038,0.08531742244469916,0.8713957562612304
25737,LOF,0.07240489388624102,0.0757127582438382,0.8518823478699207
25738,LOF,0.05731786050107466,0.1412343621172906,0.8014477773816348
25739,LOF,0.04239554929579161,0.10339002363916858,0.8542144270650398
25740,LOF,0.07411747011106272,0.10608958212242227,0.819792947766515
25741,LOF,0.06674031674207143,0.10939123392962627,0.8238684493283023
25742,LOF,0.07160130367131372,0.11806371775873933,0.810334978569947
25743,LOF,0.012728159281180797,0.019833904270716903,0.9674379364481022
25744,LOF,0.1464706479943224,0.1390575383562939,0.7144718136493837
25745,LOF,0.028202346216012225,0.0720066909876467,0.8997909627963411
25746,LOF,0.015930927067577077,0.10044578129090967,0.8836232916415133
25747,LOF,0.04834809392865074,0.03663221292662372,0.9150196931447254
25748,LOF,0.298595008206686,0.100659091433048,0.6007459003602661
25749,LOF,0.019519504337259585,0.08372389484228247,0.8967566008204579
25750,LOF,0.02008679776912282,0.10282463052365906,0.8770885717072182
25751,LOF,0.03514555631840809,0.11722282228833113,0.8476316213932608
25752,GOF,0.08933071448809778,0.7071748132237636,0.20349447228813852
25753,LOF,0.007460409764982664,0.4664661076250621,0.5260734826099553
25754,GOF,0.009808604685833621,0.9113595689557041,0.07883182635846234
25755,LOF,0.00798180627533745,0.48637470376301767,0.505643489961645
25756,GOF,0.025174773154784783,0.576634163314954,0.3981910635302613
25757,GOF,0.009368543835936823,0.8669261810878012,0.12370527507626206
25758,GOF,0.01136386419416152,0.8891498138853868,0.09948632192045172
25759,GOF,0.007132311597556618,0.7226557869688285,0.27021190143361484
25760,LOF,0.006687315002101453,0.4144828270338289,0.5788298579640695
25761,GOF,0.05548831547680852,0.8722111692156155,0.07230051530757595
25762,GOF,0.025443170015730727,0.5664112859810676,0.4081455440032015
25763,LOF,0.00690899132644438,0.3697139521656416,0.623377056507914
25764,GOF,0.08404785265835221,0.7466774097886363,0.16927473755301167
25765,GOF,0.011477574972007415,0.9317161476811096,0.0568062773468832
25766,GOF,0.029992173454333627,0.863850535274455,0.10615729127121136
25767,GOF,0.011547812787804515,0.608879336723158,0.3795728504890375
25768,LOF,0.05369252364915096,0.050430078594750745,0.8958773977560982
25769,LOF,0.03316305493682048,0.1386446903704193,0.8281922546927603
25770,Neutral,0.5168327850347938,0.1688927193589484,0.3142744956062577
25771,LOF,0.023757933256408837,0.09863942218069373,0.8776026445628975
25772,LOF,0.045276057430099236,0.08738838105235622,0.8673355615175447
25773,LOF,0.018570096896488,0.23840169937542452,0.7430282037280874
25774,LOF,0.030909570292654173,0.34637856338979833,0.6227118663175475
25775,LOF,0.021871932304313155,0.07064238149772731,0.9074856861979596
25776,LOF,0.030913885728116795,0.07785694646107845,0.8912291678108046
25777,LOF,0.08430347369599375,0.2729600203430954,0.6427365059609107
25778,LOF,0.03452224916075144,0.10765486873017481,0.8578228821090738
25779,GOF,0.07140281344360305,0.6529403143360379,0.27565687222035906
25780,GOF,0.08148251043059797,0.6207345845291059,0.2977829050402962
25781,GOF,0.03288022210863134,0.5529578871394544,0.41416189075191434
25782,GOF,0.037540127737254514,0.6899630933472519,0.2724967789154936
25783,GOF,0.07381292483674637,0.7181529309191422,0.20803414424411126
25784,GOF,0.1595124310578158,0.686538452071025,0.1539491168711591
25785,GOF,0.198348002580543,0.5725251689809416,0.22912682843851545
25786,LOF,0.013570684708845598,0.3911578290204846,0.5952714862706698
25787,GOF,0.36361102260600653,0.42578753974857014,0.21060143764542333
25788,LOF,0.02618317000128449,0.04511924271130665,0.9286975872874088
25789,GOF,0.022102453213933157,0.633613005089374,0.34428454169669287
25790,GOF,0.03664574454197884,0.5147150345827,0.4486392208753212
25791,GOF,0.028526401483397745,0.5148785901791535,0.45659500833744876
25792,GOF,0.033361513413084264,0.5714994269129527,0.3951390596739629
25793,GOF,0.07430618029306549,0.5081231871055696,0.41757063260136495
25794,LOF,0.07080987304860202,0.37128728435167513,0.5579028425997229
25795,LOF,0.0717916132598795,0.39826286145503387,0.5299455252850866
25796,LOF,0.19707784394924052,0.34217902099609854,0.4607431350546608
25797,LOF,0.057732121689589154,0.37363499764394587,0.5686328806664649
25798,GOF,0.00893362452662664,0.6678438123972663,0.3232225630761071
25799,GOF,0.0061192238381739955,0.5823054367937683,0.41157533936805774
25800,GOF,0.030198892569461514,0.7432903069564825,0.22651080047405608
25801,GOF,0.02982156683412511,0.6416292533700872,0.3285491797957876
25802,GOF,0.03061982863216922,0.6266343435163104,0.3427458278515203
25803,GOF,0.02874308697535216,0.5083681083682112,0.4628888046564366
25804,GOF,0.046943286158613505,0.4862329785853355,0.466823735256051
25805,GOF,0.03167585725222951,0.5824938433085511,0.38583029943921937
25806,GOF,0.04580296043280518,0.5737877987693417,0.3804092407978531
25807,GOF,0.019323758426313006,0.5217328102051432,0.45894343136854376
25808,GOF,0.033542069348042894,0.6226930084980284,0.3437649221539288
25809,GOF,0.016453587571473496,0.5250475145990565,0.45849889782946995
25810,GOF,0.014469710838193872,0.5517601362398109,0.4337701529219953
25811,GOF,0.10316118305116063,0.6633787049253336,0.2334601120235058
25812,LOF,0.045698939921614765,0.47655240623512046,0.47774865384326476
25813,GOF,0.26581607962495046,0.4540098893190346,0.2801740310560149
25814,GOF,0.04597597992515914,0.5063380146325434,0.44768600544229753
25815,GOF,0.07934601425721871,0.5935025669868405,0.32715141875594095
25816,GOF,0.011669769192778219,0.5570460013146105,0.4312842294926113
25817,GOF,0.1564876510606426,0.44451327680056646,0.39899907213879093
25818,GOF,0.03147610325895774,0.6320773560848809,0.3364465406561613
25819,LOF,0.06655558565680177,0.4524205825237832,0.48102383181941516
25820,LOF,0.07250596158988155,0.41436472763109977,0.5131293107790186
25821,LOF,0.04599635667508827,0.4595941911169906,0.4944094522079211
25822,LOF,0.10354892732989246,0.4243083117290909,0.4721427609410166
25823,LOF,0.05406832960354781,0.4072498770035526,0.5386817933928997
25824,GOF,0.03478863780123176,0.6323494858803529,0.33286187631841535
25825,GOF,0.02411048481872931,0.6492573519432854,0.3266321632379853
25826,GOF,0.012214041885676954,0.5347061071890599,0.45307985092526326
25827,GOF,0.02432193648882708,0.6095757097575555,0.3661023537536175
25828,GOF,0.014003923097740196,0.5866270323307706,0.39936904457148914
25829,LOF,0.0058896234169859354,0.37914879332383866,0.6149615832591755
25830,LOF,0.08286809106296607,0.1503231881720689,0.766808720764965
25831,GOF,0.09717721928035944,0.649784572142171,0.25303820857746956
25832,GOF,0.010802902216045084,0.5746818043981055,0.4145152933858494
25833,GOF,0.033533142065938784,0.6766985838312981,0.2897682741027632
25834,GOF,0.01096486021771624,0.5826381264108983,0.4063970133713855
25835,GOF,0.030692691692106616,0.750584075391724,0.2187232329161694
25836,GOF,0.00891414684879779,0.6480695472510951,0.343016305900107
25837,GOF,0.013197313826905373,0.6045518653185816,0.38225082085451306
25838,GOF,0.02711352272137587,0.7074105993358085,0.2654758779428156
25839,GOF,0.0853976324336617,0.5687679304829584,0.3458344370833798
25840,GOF,0.10944745851771465,0.5987594082118737,0.2917931332704118
25841,GOF,0.09496485517169283,0.6666081162394009,0.23842702858890633
25842,GOF,0.03222303899757785,0.7517799701312747,0.21599699087114743
25843,GOF,0.030977318333570234,0.7493921929999326,0.2196304886664972
25844,GOF,0.02519710864831521,0.648623346355492,0.3261795449961928
25845,LOF,0.008973004292084644,0.4892357657257168,0.5017912299821986
25846,GOF,0.08733221133912684,0.7248380116101804,0.18782977705069276
25847,GOF,0.023782777800532263,0.7140706568149524,0.2621465653845152
25848,GOF,0.024156874695404933,0.6832524891398112,0.2925906361647839
25849,GOF,0.008246340875310473,0.6451844127130146,0.3465692464116749
25850,LOF,0.009874635555351027,0.4659582797396098,0.5241670847050391
25851,LOF,0.009072150075066015,0.4006184041573067,0.5903094457676273
25852,LOF,0.21906855007751638,0.3126403383399239,0.46829111158255987
25853,GOF,0.06655151306245706,0.49321264792711944,0.44023583901042335
25854,GOF,0.008614811501400341,0.5324797515638525,0.4589054369347471
25855,LOF,0.030048946757903733,0.42923983095650314,0.5407112222855931
25856,GOF,0.06476496249307583,0.5810897201656363,0.35414531734128785
25857,LOF,0.030727913705267812,0.3914240772627003,0.5778480090320319
25858,LOF,0.010058236807880474,0.39931365933498736,0.5906281038571322
25859,LOF,0.007284644605218726,0.38467730689063095,0.6080380485041503
25860,LOF,0.09374400521414131,0.4024893342758368,0.503766660510022
25861,GOF,0.13021784442876833,0.6127669069442808,0.2570152486269508
25862,GOF,0.02386767260192849,0.8133183160324001,0.16281401136567147
25863,GOF,0.023112805126850565,0.7327508340589578,0.2441363608141916
25864,GOF,0.036174278874223864,0.8114455148111931,0.1523802063145831
25865,GOF,0.03865852583625664,0.7880972420135686,0.17324423215017487
25866,GOF,0.022275572185918347,0.7501406460479223,0.22758378176615943
25867,GOF,0.042756363993955396,0.76804498802952,0.18919864797652453
25868,GOF,0.07320945295178974,0.564996375544732,0.3617941715034783
25869,GOF,0.3333175622134684,0.3954041203870718,0.27127831739945973
25870,LOF,0.09389808017177516,0.2857514200441546,0.6203504997840702
25871,LOF,0.012759930119984771,0.4566829269746032,0.530557142905412
25872,GOF,0.031583356117142275,0.5036892690257226,0.4647273748571351
25873,GOF,0.02430270592794217,0.5817973037300815,0.3938999903419763
25874,LOF,0.03624749343150964,0.04067524290337736,0.9230772636651131
25875,LOF,0.020847497234644935,0.2026253471537102,0.7765271556116449
25876,LOF,0.01958271233995067,0.13300782284550355,0.8474094648145458
25877,LOF,0.10037750608327489,0.2376392268196364,0.6619832670970887
25878,LOF,0.06035946143859653,0.4140749797518855,0.5255655588095179
25879,LOF,0.011503293056914377,0.1864806514997987,0.8020160554432869
25880,LOF,0.046927028174801676,0.030130931305895108,0.9229420405193032
25881,Neutral,0.4340494285668746,0.33400267786763604,0.2319478935654894
25882,LOF,0.03435528181176621,0.1520077910412256,0.8136369271470082
25883,LOF,0.026131550065763853,0.17689781100099852,0.7969706389332377
25884,LOF,0.01330662238555585,0.1638393132682467,0.8228540643461975
25885,LOF,0.141672768966179,0.03644180067333554,0.8218854303604854
25886,LOF,0.12064247605438183,0.22060669348901735,0.6587508304566008
25887,GOF,0.04597950209261965,0.49467093202748563,0.4593495658798948
25888,LOF,0.005414270179505055,0.4487185552991806,0.5458671745213143
25889,LOF,0.02196428812180717,0.1094716728697452,0.8685640390084476
25890,LOF,0.15700922092489764,0.24030207299529058,0.6026887060798118
25891,LOF,0.103633082253358,0.05887861395488537,0.8374883037917565
25892,LOF,0.005834415284624638,0.08956199171459196,0.9046035930007834
25893,LOF,0.24001696618799587,0.0408649835456094,0.7191180502663949
25894,LOF,0.3091002777966554,0.022164890084429942,0.6687348321189147
25895,LOF,0.24400557222693206,0.03776723182045961,0.7182271959526082
25896,LOF,0.06688633616408382,0.06610263833265864,0.8670110255032575
25897,LOF,0.098645436158763,0.05312535696483319,0.8482292068764037
25898,LOF,0.07419154013328501,0.15021216657421488,0.7755962932925001
25899,LOF,0.31338130220773325,0.14652154795563796,0.5400971498366288
25900,Neutral,0.9383082876145528,0.013089293661238316,0.048602418724208826
25901,LOF,0.06510712813333998,0.03171047071957277,0.9031824011470874
25902,LOF,0.07611476674999865,0.015664514785717534,0.9082207184642838
25903,LOF,0.12951997762997428,0.1289259975155997,0.741554024854426
25904,Neutral,0.4619066473584608,0.12788751131305176,0.41020584132848753
25905,LOF,0.013881361024156578,0.22137609736960956,0.7647425416062339
25906,LOF,0.010785048523109266,0.0255069596752628,0.963707991801628
25907,LOF,0.010188807061947273,0.13762751208402815,0.8521836808540245
25908,LOF,0.010927069699502735,0.1539810528045647,0.8350918774959325
25909,LOF,0.04320581951125247,0.10365529911750176,0.8531388813712458
25910,LOF,0.01628239831060958,0.1035702938672376,0.8801473078221529
25911,LOF,0.13485572076172364,0.0699525894417832,0.7951916897964931
25912,LOF,0.13662419147844246,0.016974095643063614,0.846401712878494
25913,LOF,0.014653589893525592,0.0732773692455076,0.9120690408609669
25914,LOF,0.03292952547851366,0.1349613477355144,0.832109126785972
25915,GOF,0.09827894791070971,0.6927156759480625,0.20900537614122772
25916,LOF,0.016721779061154043,0.33504354091271793,0.648234680026128
25917,LOF,0.1276078939497754,0.0672784039683484,0.8051137020818763
25918,LOF,0.03828443756563537,0.07168825466832601,0.8900273077660386
25919,LOF,0.03744776851624941,0.057515882290691676,0.9050363491930589
25920,LOF,0.3507679523608342,0.2888132871460084,0.3604187604931574
25921,LOF,0.023935236129105683,0.02921387043062697,0.9468508934402673
25922,LOF,0.01957820086322003,0.025846568668065683,0.9545752304687142
25923,LOF,0.3822753001941462,0.047985624442074847,0.569739075363779
25924,LOF,0.026869823874657944,0.04244824074828934,0.9306819353770528
25925,LOF,0.23246752810892563,0.03179218095902977,0.7357402909320445
25926,LOF,0.12142553522862105,0.07900891656812646,0.7995655482032525
25927,LOF,0.022695640558931536,0.09357333912018288,0.8837310203208857
25928,LOF,0.014606641571366711,0.023483486497420922,0.9619098719312122
25929,Neutral,0.5850361282879769,0.04861221984305334,0.36635165186896984
25930,LOF,0.046191612006243644,0.04800482610326982,0.9058035618904866
25931,LOF,0.015414882100853108,0.033467979641244996,0.9511171382579019
25932,LOF,0.08906251360479961,0.02325673075805842,0.8876807556371419
25933,LOF,0.07620617686120874,0.011663541272588146,0.9121302818662032
25934,LOF,0.0666192866278385,0.014843881574846387,0.918536831797315
25935,LOF,0.22713759280046972,0.0399582998341894,0.732904107365341
25936,LOF,0.06963190728849701,0.013867201831083975,0.9165008908804189
25937,LOF,0.016375365161838185,0.036710390808129476,0.9469142440300324
25938,LOF,0.23026130277059806,0.03065818949214314,0.7390805077372588
25939,LOF,0.05351802682168589,0.014800110790273859,0.9316818623880402
25940,GOF,0.0076675900437894184,0.5678991418226447,0.4244332681335659
25941,Neutral,0.4998828942641696,0.1116114773431902,0.3885056283926402
25942,LOF,0.010887384828377214,0.18197124532110084,0.807141369850522
25943,GOF,0.028137540360241582,0.55875338636436,0.41310907327539836
25944,LOF,0.020777914626512378,0.4268967761435189,0.5523253092299687
25945,LOF,0.09261561164207688,0.09882202100164321,0.80856236735628
25946,LOF,0.08255565529627723,0.0870859393571931,0.8303584053465297
25947,Neutral,0.47891415949763133,0.08993497922851673,0.4311508612738519
25948,Neutral,0.5418699203927759,0.014802406197904641,0.4433276734093193
25949,LOF,0.11456592396506719,0.03723615323492765,0.8481979228000052
25950,GOF,0.044210005444989,0.7930750572276172,0.16271493732739384
25951,GOF,0.013226614510112785,0.7366791905453385,0.2500941949445488
25952,GOF,0.08038201494508163,0.47972155569306313,0.43989642936185525
25953,GOF,0.005689867615582124,0.5539362508805338,0.4403738815038842
25954,GOF,0.01999285760536661,0.6840622412418008,0.29594490115283245
25955,GOF,0.004341364646460806,0.5626208653288578,0.4330377700246813
25956,GOF,0.010364670371603716,0.5361040177731173,0.45353131185527906
25957,LOF,0.25514489518352723,0.04908524257864276,0.69576986223783
25958,LOF,0.027205353859684277,0.17113934067968165,0.801655305460634
25959,GOF,0.00620424272857047,0.6832123927587821,0.3105833645126475
25960,LOF,0.004947665449165482,0.19507317740896066,0.7999791571418738
25961,LOF,0.027396766961606832,0.13546787422220818,0.8371353588161851
25962,LOF,0.04812528133218257,0.1006460700435361,0.8512286486242814
25963,LOF,0.011322665183851569,0.2321041739498576,0.7565731608662908
25964,LOF,0.056481643312943496,0.13765534992793868,0.8058630067591178
25965,LOF,0.17958665233738724,0.18488196157052078,0.635531386092092
25966,LOF,0.27241344518202776,0.2996375872860638,0.4279489675319085
25967,LOF,0.007848216749467313,0.10488659941347776,0.887265183837055
25968,LOF,0.0931071099558519,0.25845247630889745,0.6484404137352507
25969,LOF,0.16553618402388912,0.05297395507338604,0.7814898609027249
25970,LOF,0.024567676516203864,0.2424605238700176,0.7329717996137786
25971,LOF,0.07285441257736615,0.13177585165141323,0.7953697357712207
25972,LOF,0.07373888577512569,0.14681734428274199,0.7794437699421323
25973,LOF,0.09188127596764112,0.006652684025274024,0.9014660400070849
25974,LOF,0.11113912791070676,0.0830527523747997,0.8058081197144934
25975,LOF,0.04195277159208262,0.010380813037463833,0.9476664153704535
25976,LOF,0.08048204221037972,0.007476372533422253,0.9120415852561979
25977,LOF,0.16609551142970302,0.111229194960153,0.722675293610144
25978,LOF,0.14392625464203102,0.11641128416284607,0.7396624611951229
25979,LOF,0.11868914643598236,0.12734736137251154,0.753963492191506
25980,LOF,0.16221746292789943,0.30873207187217977,0.5290504651999208
25981,LOF,0.1641710763888766,0.33345527714239304,0.5023736464687304
25982,LOF,0.28401513436725523,0.13891684330138115,0.5770680223313637
25983,Neutral,0.5100528492359594,0.13472003642527267,0.3552271143387679
25984,LOF,0.0381568085712598,0.1338895742263834,0.8279536172023568
25985,Neutral,0.4757895409790109,0.2713510959707049,0.25285936305028417
25986,GOF,0.008759525699585139,0.5963828405607814,0.3948576337396334
25987,LOF,0.01672041407292621,0.13371962757726166,0.8495599583498122
25988,LOF,0.0326995750538667,0.19883944425631278,0.7684609806898204
25989,LOF,0.037811034731721434,0.19394759664170172,0.7682413686265769
25990,LOF,0.03853497680203138,0.31394834080498313,0.6475166823929854
25991,GOF,0.050061880645450335,0.5716572743305094,0.37828084502404025
25992,LOF,0.014564185553807018,0.3669550673637084,0.6184807470824847
25993,LOF,0.03233519489308142,0.03937310766489062,0.9282916974420279
25994,LOF,0.03503707327189961,0.06180972491948726,0.9031532018086132
25995,LOF,0.022731994406085636,0.09057476228499681,0.8866932433089176
25996,Neutral,0.40089844997867513,0.31616737516564064,0.2829341748556842
25997,GOF,0.08537438374132118,0.5108144461730985,0.4038111700855803
25998,LOF,0.2035420864174756,0.09921723648092919,0.6972406771015952
25999,LOF,0.023150206113437977,0.4713600195183836,0.5054897743681784
26000,LOF,0.12737707859353428,0.021472054350884694,0.851150867055581
26001,LOF,0.14152714795944565,0.04775920357340154,0.8107136484671529
26002,LOF,0.08073267102412299,0.023330968742362162,0.8959363602335149
26003,LOF,0.009703728824257348,0.45030199376409785,0.5399942774116449
26004,LOF,0.02143955292238877,0.37947445684063374,0.5990859902369775
26005,LOF,0.008064085106575088,0.4101337415540171,0.5818021733394078
26006,LOF,0.1808205542983066,0.34144726160676553,0.477732184094928
26007,LOF,0.014991413760746674,0.41868310320999697,0.5663254830292563
26008,LOF,0.009685468187497239,0.33630131916598854,0.6540132126465142
26009,LOF,0.019472507167487618,0.4497874740559168,0.5307400187765956
26010,LOF,0.011090401852434853,0.42363071007439307,0.5652788880731721
26011,LOF,0.009114267538292826,0.31618451034859374,0.6747012221131135
26012,LOF,0.009327341744245585,0.3821275880797932,0.6085450701759613
26013,LOF,0.015637822263322252,0.3844613407389181,0.5999008369977598
26014,LOF,0.06695057482612117,0.0546507711281537,0.878398654045725
26015,LOF,0.4304739201626241,0.03448489261230273,0.5350411872250732
26016,LOF,0.3041328053645145,0.09743495007484376,0.5984322445606418
26017,LOF,0.020664103312389683,0.3754619814660565,0.6038739152215538
26018,LOF,0.02659973998966522,0.10997663824889306,0.8634236217614418
26019,LOF,0.02659449210114141,0.08933458291535404,0.8840709249835046
26020,LOF,0.008266779417771168,0.29903961486230834,0.6926936057199206
26021,LOF,0.10328759368403537,0.17451427574940914,0.7221981305665555
26022,LOF,0.061375274120521815,0.045941243501750564,0.8926834823777277
26023,LOF,0.04262286737435892,0.0858514076231419,0.8715257250024991
26024,LOF,0.05964942830896518,0.11823759422589479,0.8221129774651401
26025,LOF,0.13797915157996835,0.16485866231799973,0.697162186102032
26026,LOF,0.1255842419943178,0.14163719571612385,0.7327785622895584
26027,LOF,0.03934936588564605,0.0419554828109342,0.9186951513034198
26028,LOF,0.06314380305970009,0.2129391363158111,0.7239170606244889
26029,LOF,0.04272146554633715,0.09143434028895944,0.8658441941647034
26030,LOF,0.17551567242989968,0.01234737276947629,0.8121369548006241
26031,LOF,0.02321118043444789,0.09582538856671233,0.8809634309988398
26032,LOF,0.031929721318048006,0.02361072345169501,0.9444595552302569
26033,LOF,0.05201499370559254,0.043823516466774265,0.9041614898276331
26034,LOF,0.027159975722007144,0.0682128696999657,0.9046271545780272
26035,LOF,0.01636945458238859,0.07819072799350432,0.9054398174241071
26036,LOF,0.01538648435453218,0.07343394995323124,0.9111795656922366
26037,LOF,0.014448717622479573,0.0640896124337655,0.9214616699437549
26038,LOF,0.024290413714098222,0.024887875680070448,0.9508217106058314
26039,LOF,0.03631741500042459,0.08224393450451405,0.8814386504950613
26040,LOF,0.06570695114207252,0.12681787555503402,0.8074751733028935
26041,LOF,0.01748237087131342,0.08709304480198894,0.8954245843266976
26042,LOF,0.016477816739236525,0.08387944649281846,0.899642736767945
26043,LOF,0.024521921720571764,0.052483679113985146,0.922994399165443
26044,LOF,0.00949904264053662,0.06226352991388086,0.9282374274455825
26045,LOF,0.0991583388945156,0.146851702141169,0.7539899589643154
26046,LOF,0.023696964377892593,0.05790367831831873,0.9183993573037887
26047,LOF,0.06020545061487425,0.0443968281178193,0.8953977212673064
26048,LOF,0.07620762060052373,0.039941982384908516,0.8838503970145677
26049,Neutral,0.9048441044005656,0.007673480330628377,0.08748241526880614
26050,Neutral,0.8272983366407589,0.009374390102390329,0.16332727325685065
26051,GOF,0.020617288015119143,0.6530000002955354,0.32638271168934546
26052,GOF,0.021676360927611896,0.530076018784232,0.44824762028815607
26053,LOF,0.034371949071121996,0.04499337850514542,0.9206346724237325
26054,LOF,0.12547563444255316,0.0763996618077254,0.7981247037497213
26055,LOF,0.13264459541539536,0.09089697898179132,0.7764584256028133
26056,LOF,0.12158955302766711,0.1043350813215046,0.7740753656508282
26057,LOF,0.051529254371763186,0.026038146095673745,0.9224325995325631
26058,LOF,0.05860234302071662,0.020678013405474777,0.9207196435738085
26059,Neutral,0.7116823882923209,0.07007604112961241,0.2182415705780666
26060,LOF,0.017150112409531956,0.36312668719547503,0.619723200394993
26061,LOF,0.011775846847367938,0.019506746924974453,0.9687174062276576
26062,LOF,0.006292275152310573,0.04911069200907328,0.9445970328386162
26063,LOF,0.051908926955755275,0.023336372310307107,0.9247547007339377
26064,LOF,0.010605307617791805,0.023919395640733445,0.9654752967414747
26065,LOF,0.04473703992587978,0.03590364176732269,0.9193593183067975
26066,LOF,0.04708888369089725,0.022721935005541188,0.9301891813035617
26067,LOF,0.059931514655907486,0.02651792895050535,0.9135505563935871
26068,LOF,0.12091542143778916,0.04183800315942736,0.8372465754027836
26069,LOF,0.11387828116628124,0.04441957744990434,0.8417021413838145
26070,LOF,0.301870639788706,0.026499959615203014,0.671629400596091
26071,LOF,0.049105203309910216,0.030662243185278774,0.920232553504811
26072,LOF,0.008589785938565886,0.026741180570837086,0.9646690334905971
26073,LOF,0.047487107121984444,0.021700655007264015,0.9308122378707514
26074,Neutral,0.864708796867011,0.015864918844528998,0.11942628428845993
26075,LOF,0.06810489052422247,0.04358025223074635,0.8883148572450311
26076,LOF,0.06096791970618178,0.04537886010170308,0.8936532201921151
26077,LOF,0.1532483026164984,0.04410515396588137,0.8026465434176203
26078,LOF,0.007453570768100901,0.03481293794713401,0.957733491284765
26079,LOF,0.14718414680773026,0.03180141249029707,0.8210144407019726
26080,LOF,0.14718414680773026,0.03180141249029707,0.8210144407019726
26081,LOF,0.05413304610373947,0.025143035575936532,0.920723918320324
26082,LOF,0.0074411102891665335,0.03732539402847226,0.9552334956823613
26083,LOF,0.04869356259237235,0.05823534953723688,0.8930710878703908
26084,LOF,0.05342479866906906,0.039233528868933124,0.9073416724619977
26085,LOF,0.04924174941480978,0.035162084589491584,0.9155961659956986
26086,LOF,0.037381916109999594,0.03890595160740275,0.9237121322825977
26087,LOF,0.0498163682185181,0.035112781375340615,0.9150708504061412
26088,LOF,0.009117976693918005,0.10027644884820565,0.8906055744578765
26089,LOF,0.05002841361572179,0.107834389260588,0.8421371971236902
26090,LOF,0.05463964808269621,0.0791953778935924,0.8661649740237113
26091,LOF,0.052571339487967536,0.03336925867048582,0.9140594018415468
26092,LOF,0.05864561649551703,0.021299084426608685,0.9200552990778742
26093,LOF,0.07650856599260823,0.017228427149202565,0.9062630068581892
26094,LOF,0.046503403801538605,0.02713629284342922,0.9263603033550322
26095,LOF,0.011189479438021113,0.03741733873907096,0.9513931818229079
26096,LOF,0.2861579435840586,0.0069205841962392805,0.7069214722197021
26097,LOF,0.008303208177720916,0.048812382265844875,0.9428844095564342
26098,LOF,0.14034402725583936,0.029120143622009206,0.8305358291221514
26099,LOF,0.04409467540255185,0.045436905931646426,0.9104684186658017
26100,LOF,0.04409467540255185,0.045436905931646426,0.9104684186658017
26101,LOF,0.03939497628571121,0.05632778823390127,0.9042772354803874
26102,LOF,0.046055543109422864,0.02894390827329645,0.9250005486172808
26103,Neutral,0.8506384926845598,0.045597800768839715,0.1037637065466004
26104,LOF,0.13807344387138296,0.09432297813542927,0.7676035779931877
26105,LOF,0.2634736246578235,0.12760056210285436,0.6089258132393222
26106,LOF,0.3146883578024082,0.22419398186427866,0.4611176603333131
26107,LOF,0.008805549109052615,0.2317399960692346,0.7594544548217128
26108,LOF,0.14099835400492652,0.2052263260625642,0.6537753199325093
26109,LOF,0.04032690742347843,0.047034705186145595,0.9126383873903761
26110,Neutral,0.5297409326260406,0.046067534187258494,0.4241915331867008
26111,LOF,0.05462364245425526,0.27867338264930985,0.6667029748964348
26112,LOF,0.05869818619324074,0.04792780854879216,0.8933740052579672
26113,LOF,0.05447184323341126,0.07677502340117971,0.868753133365409
26114,LOF,0.08024467093097133,0.028149520144360663,0.8916058089246679
26115,LOF,0.010326425674464554,0.24377152777160452,0.7459020465539309
26116,LOF,0.05434999385683346,0.06096566001357021,0.8846843461295963
26117,LOF,0.2235366120409815,0.08098513021072072,0.6954782577482979
26118,LOF,0.03990070927551107,0.03368764501528811,0.9264116457092009
26119,LOF,0.00512661531397026,0.1729135212409311,0.8219598634450986
26120,LOF,0.04075672203170558,0.030374564744854907,0.9288687132234394
26121,LOF,0.004017776225343131,0.1970170588772184,0.7989651648974384
26122,LOF,0.004218593159103407,0.19502805497651837,0.8007533518643782
