feature0,prediction,LoGoFunc_Neutral,LoGoFunc_GOF,LoGoFunc_LOF
25546,Neutral,0.6363855738865764,0.06360260830332286,0.30001181781010083
25547,LOF,0.4349050308071812,0.10850624655718415,0.4565887226356346
25548,Neutral,0.46144795294144075,0.08100953120571787,0.4575425158528414
25549,LOF,0.40145384332306633,0.0868190941813394,0.5117270624955942
25550,LOF,0.3152606367948281,0.1562905063498714,0.5284488568553004
25551,LOF,0.27460210345669706,0.17804962472204783,0.5473482718212551
25552,LOF,0.1920935517783642,0.16456106372065651,0.6433453845009792
25553,Neutral,0.7912218938186021,0.05166751899354708,0.15711058718785065
25554,LOF,0.2262758706710545,0.15854944988282893,0.6151746794461166
25555,LOF,0.18670938295595213,0.14333881221484676,0.6699518048292011
25556,LOF,0.39177738270107704,0.1199939416270044,0.4882286756719187
25557,LOF,0.177570053770303,0.15040897214793694,0.67202097408176
25558,LOF,0.21973677787751192,0.15553154615464557,0.6247316759678424
25559,LOF,0.16934561328305162,0.11943291262037592,0.7112214740965724
25560,LOF,0.07193051508415813,0.14520207306468066,0.7828674118511612
25561,LOF,0.13678311545929892,0.1388413272419303,0.7243755572987708
25562,LOF,0.06550354024101823,0.08193450315965475,0.852561956599327
25563,LOF,0.08935946956764611,0.09718554431704264,0.8134549861153112
25564,LOF,0.2288661333850064,0.19242754778055088,0.5787063188344428
25565,LOF,0.16156626598643167,0.13153639859359972,0.7068973354199686
25566,GOF,0.020071423947174254,0.7754899153123878,0.20443866074043804
25567,LOF,0.020472140405931954,0.18475908279658682,0.7947687767974813
25568,LOF,0.060540091026558995,0.08086855257339931,0.8585913564000417
25569,LOF,0.05700206960057294,0.08129984712568418,0.8616980832737429
25570,LOF,0.030695716008028798,0.11041375108551484,0.8588905329064562
25571,LOF,0.029713781162823687,0.11148201239397201,0.8588042064432042
25572,LOF,0.031219807617974753,0.1504321030765145,0.8183480893055107
25573,LOF,0.025004537888528737,0.11275520034596549,0.8622402617655058
25574,LOF,0.017223363603748664,0.16617687926349464,0.8165997571327567
25575,LOF,0.024704699940635018,0.12564033718054238,0.8496549628788226
25576,LOF,0.012609899267656315,0.17492007564651224,0.8124700250858315
25577,LOF,0.010728788568944981,0.14091811061278012,0.8483531008182749
25578,LOF,0.2834738024407176,0.09324814632224278,0.6232780512370395
25579,LOF,0.12317119379308676,0.10071834324556181,0.7761104629613514
25580,LOF,0.018912489773165446,0.08934742746290775,0.8917400827639268
25581,LOF,0.04643234049934482,0.08215800140587971,0.8714096580947754
25582,LOF,0.046317970071446606,0.07925286307200402,0.8744291668565494
25583,LOF,0.02122829260871661,0.09966280553769212,0.8791089018535913
25584,Neutral,0.540884147253245,0.11018189500048006,0.34893395774627506
25585,LOF,0.012749313630555634,0.16753677279726298,0.8197139135721814
25586,LOF,0.0183743053508413,0.08321273068064355,0.8984129639685151
25587,LOF,0.017152607124902575,0.07683646125353376,0.9060109316215638
25588,LOF,0.017562504908341846,0.09213957382569671,0.8902979212659614
25589,Neutral,0.6181532375680158,0.15087680507567958,0.23096995735630463
25590,LOF,0.019393353223568454,0.14006485848042133,0.8405417882960102
25591,LOF,0.08449351853810258,0.06594129434054655,0.849565187121351
25592,LOF,0.05006079945177442,0.14483533388361353,0.805103866664612
25593,LOF,0.021536037267803048,0.2434339915703139,0.7350299711618832
25594,LOF,0.03685192705428676,0.10989736928609077,0.8532507036596225
25595,LOF,0.03595732394937263,0.08494392287495046,0.8790987531756769
25596,LOF,0.05288691343041256,0.06950102946628149,0.877612057103306
25597,LOF,0.03311525400704123,0.07359236389735697,0.8932923820956017
25598,LOF,0.03349823241918705,0.09525672223083166,0.8712450453499814
25599,GOF,0.008486132454696165,0.5687877618612972,0.4227261056840066
25600,GOF,0.02974648846853306,0.6148774118659216,0.35537609966554523
25601,LOF,0.012136456482302889,0.4117759998231646,0.5760875436945325
25602,LOF,0.013124937692534625,0.050595521832644465,0.9362795404748208
25603,LOF,0.04828878143846726,0.020151494569242014,0.9315597239922908
25604,LOF,0.016325237058943527,0.06939670641175846,0.914278056529298
25605,LOF,0.00777109354078108,0.19616950107878484,0.7960594053804341
25606,LOF,0.08112354154793577,0.34137439963047184,0.5775020588215923
25607,LOF,0.005493141379418439,0.22303567451448708,0.7714711841060945
25608,LOF,0.012723932742727082,0.11500082224087294,0.8722752450164
25609,LOF,0.07643914372516188,0.35624335884525493,0.5673174974295833
25610,LOF,0.019644067487489893,0.026111522818042972,0.954244409694467
25611,LOF,0.019537874394113336,0.02712367872647391,0.9533384468794127
25612,LOF,0.056806665832843245,0.03607509193565819,0.9071182422314985
25613,LOF,0.05196970426798841,0.036529820824581095,0.9115004749074306
25614,LOF,0.026707841978302883,0.02915104320320158,0.9441411148184955
25615,LOF,0.01574850122348834,0.036467744602951845,0.9477837541735598
25616,LOF,0.05450505420343648,0.02892901443560452,0.916565931360959
25617,LOF,0.050258807447616544,0.032043984766745345,0.9176972077856381
25618,LOF,0.06571608833245077,0.03408033493566892,0.9002035767318802
25619,LOF,0.018746959750644412,0.031370288626683736,0.9498827516226718
25620,LOF,0.06828150186360803,0.03938902420097863,0.8923294739354134
25621,LOF,0.01838896998096912,0.03843918227788869,0.9431718477411422
25622,LOF,0.022987634460535818,0.04063862716816698,0.9363737383712971
25623,LOF,0.03608319793307952,0.03496563573395436,0.9289511663329661
25624,LOF,0.022088360785920826,0.03586750208152819,0.942044137132551
25625,LOF,0.023820587356727256,0.05014857614283164,0.926030836500441
25626,LOF,0.05161714491960598,0.03706473664917769,0.9113181184312164
25627,Neutral,0.5845878911100518,0.11179264996361407,0.30361945892633413
25628,LOF,0.21005929311269703,0.05585018203906336,0.7340905248482397
25629,LOF,0.04093243039403321,0.05701707515683594,0.9020504944491308
25630,LOF,0.14069890494491571,0.09778124581635343,0.7615198492387308
25631,Neutral,0.600980689336741,0.06657895588833342,0.33244035477492556
25632,LOF,0.0077368332950806555,0.06781633566562613,0.9244468310392933
25633,LOF,0.21053549678065955,0.04538024788122431,0.7440842553381162
25634,LOF,0.030093844517177518,0.08922976839465481,0.8806763870881675
25635,LOF,0.03479931084789249,0.04804282232378865,0.9171578668283189
25636,GOF,0.00521799360455926,0.5765776459769715,0.41820436041846926
25637,GOF,0.007639230511645517,0.5923322729287925,0.4000284965595619
25638,LOF,0.010270526988577198,0.31172509342299004,0.6780043795884327
25639,LOF,0.00496670164439286,0.4575493581481589,0.5374839402074483
25640,Neutral,0.4659343687238738,0.4438718097375076,0.09019382153861868
25641,LOF,0.013894488546103728,0.31484888028082064,0.6712566311730755
25642,LOF,0.2612057388981853,0.05309047682674558,0.6857037842750691
25643,LOF,0.13070038672938977,0.1537193278987993,0.715580285371811
25644,LOF,0.008385820288810394,0.4494459728324229,0.5421682068787667
25645,LOF,0.007233207659064154,0.43023567772150495,0.562531114619431
25646,LOF,0.011796545453513552,0.31851901316912623,0.6696844413773602
25647,LOF,0.009559012731987117,0.26711311961483125,0.7233278676531817
25648,LOF,0.008789507266854879,0.2608401994327391,0.730370293300406
25649,LOF,0.007402327364147872,0.20140956652036884,0.7911881061154832
25650,LOF,0.013017066954395135,0.3979585954799916,0.5890243375656132
25651,LOF,0.005432493714134831,0.27744119785791205,0.7171263084279532
25652,LOF,0.009066277200415964,0.2628315113701803,0.7281022114294037
25653,LOF,0.024798717327388718,0.37924299123046123,0.59595829144215
25654,LOF,0.01009433294557213,0.15927849000738017,0.8306271770470477
25655,LOF,0.04660970127828966,0.40371783724052457,0.5496724614811858
25656,LOF,0.18322382527900782,0.04733662495896422,0.769439549762028
25657,LOF,0.25491552100702336,0.029074352371839245,0.7160101266211375
25658,LOF,0.08040933722583225,0.07788265437854401,0.8417080083956238
25659,LOF,0.4139370346561791,0.07119683070870748,0.5148661346351134
25660,LOF,0.029600554270959593,0.10419401622356808,0.8662054295054723
25661,LOF,0.08878858257799377,0.06820622617535835,0.8430051912466477
25662,LOF,0.02990523405595532,0.04485222241616228,0.9252425435278824
25663,LOF,0.036307755562039426,0.06679225323655187,0.8968999912014087
25664,LOF,0.04426712129604666,0.0812079632706047,0.8745249154333486
25665,LOF,0.05523665370469157,0.036539964616464075,0.9082233816788442
25666,LOF,0.03330876875777304,0.1073604769183664,0.8593307543238605
25667,LOF,0.06179492696745897,0.05266779873279587,0.8855372742997453
25668,LOF,0.03293171091484768,0.05243896785365667,0.9146293212314957
25669,LOF,0.030404674579872264,0.07506208684463707,0.8945332385754907
25670,LOF,0.052525505895056265,0.06174850241660188,0.8857259916883419
25671,LOF,0.09119854409698343,0.04476457348018934,0.8640368824228272
25672,LOF,0.05540060197081007,0.04661976975714822,0.8979796282720417
25673,LOF,0.024835334424152505,0.05871035694262078,0.9164543086332267
25674,LOF,0.021108028537239473,0.06920925370385651,0.909682717758904
25675,LOF,0.03322625400477871,0.06903995930542929,0.8977337866897921
25676,LOF,0.0187826605383707,0.06153061588444516,0.9196867235771841
25677,LOF,0.02863959084883248,0.07213271218869012,0.8992276969624775
25678,LOF,0.19325987890179364,0.0597036957848289,0.7470364253133774
25679,LOF,0.16737111698059645,0.07953835030222205,0.7530905327171815
25680,LOF,0.04241140166009596,0.11496817303877102,0.842620425301133
25681,LOF,0.06778130522577296,0.10876927896972777,0.8234494158044994
25682,LOF,0.1329519374123458,0.088227759738684,0.7788203028489703
25683,LOF,0.07870179838889318,0.12005822163999214,0.8012399799711146
25684,LOF,0.043030049402701824,0.08011448187313765,0.8768554687241604
25685,LOF,0.08286767957942337,0.057325345106708114,0.8598069753138684
25686,LOF,0.027579683366372915,0.07710280289284432,0.8953175137407827
25687,LOF,0.04976081851136743,0.06578342433840673,0.884455757150226
25688,LOF,0.05004362503700296,0.06053397955729351,0.8894223954057036
25689,LOF,0.027267631602675757,0.06674043978589979,0.9059919286114245
25690,LOF,0.03475928856339119,0.05949388621636477,0.905746825220244
25691,LOF,0.2639340781040347,0.08010232876254231,0.655963593133423
25692,LOF,0.2811030292545,0.00755887826059123,0.7113380924849088
25693,LOF,0.07793743861091806,0.24744099254651966,0.6746215688425622
25694,LOF,0.2289102626007038,0.013440323748560103,0.7576494136507362
25695,LOF,0.1425892749024992,0.022603768710216774,0.8348069563872841
25696,LOF,0.1108154339955733,0.011430151989204902,0.8777544140152218
25697,LOF,0.09187872199482783,0.02097488979770979,0.8871463882074625
25698,LOF,0.05630960724691969,0.4509880103629787,0.4927023823901017
25699,LOF,0.07527134426398871,0.09997116755279616,0.8247574881832151
25700,LOF,0.053857966464006965,0.010199521690407446,0.9359425118455856
25701,LOF,0.017785623504567968,0.0762430142282924,0.9059713622671396
25702,GOF,0.03966288386656989,0.6892012032945168,0.2711359128389133
25703,LOF,0.009001501912412647,0.17875128336063403,0.8122472147269533
25704,LOF,0.05589723068954586,0.15118428608991233,0.7929184832205419
25705,LOF,0.05964710876806223,0.2729129463403599,0.6674399448915778
25706,GOF,0.02697597977420897,0.5259766044013854,0.44704741582440566
25707,LOF,0.018174963220426197,0.48970454864666113,0.4921204881329126
25708,LOF,0.007975958357954373,0.46003208650355837,0.5319919551384872
25709,LOF,0.054332176837406904,0.07099318607383245,0.8746746370887606
25710,LOF,0.005140048274538236,0.1796499826591375,0.8152099690663243
25711,LOF,0.0167225145879799,0.15072287006829674,0.8325546153437234
25712,LOF,0.006842445413350214,0.23215225251497534,0.7610053020716745
25713,LOF,0.01712622670373399,0.1317184603678471,0.8511553129284188
25714,LOF,0.05730455892168427,0.15021327149305533,0.7924821695852605
25715,LOF,0.010896966250720582,0.17879053684961274,0.8103124968996667
25716,LOF,0.005579312879994373,0.14892590904322292,0.8454947780767827
25717,LOF,0.005636968258495231,0.1256859513065418,0.868677080434963
25718,LOF,0.012135203992033963,0.12108061211344999,0.8667841838945161
25719,LOF,0.018665005066261193,0.1306592307671235,0.8506757641666153
25720,LOF,0.019442804203132803,0.11952445884892988,0.8610327369479372
25721,LOF,0.016055014500352148,0.13023684828461426,0.8537081372150336
25722,LOF,0.013867010756779298,0.165113625358652,0.8210193638845686
25723,LOF,0.019076983663022296,0.09956093351803594,0.8813620828189418
25724,LOF,0.017402059420147775,0.1462558365017361,0.8363421040781162
25725,LOF,0.011613070425111414,0.10776407824236872,0.8806228513325198
25726,LOF,0.013928930496845073,0.14821562261265608,0.8378554468904988
25727,LOF,0.01249403625911829,0.1208386654301762,0.8666672983107054
25728,LOF,0.010613978781612866,0.14683791562938103,0.8425481055890061
25729,LOF,0.010960013457403269,0.1497899351316586,0.839250051410938
25730,LOF,0.015733528268938098,0.12221032180570968,0.8620561499253522
25731,LOF,0.007416795134638003,0.16545529863471736,0.8271279062306447
25732,LOF,0.015613653485467208,0.109495077551997,0.8748912689625359
25733,LOF,0.015770917869381142,0.09628334399992486,0.887945738130694
25734,LOF,0.005267837304487243,0.1625453372700999,0.8321868254254128
25735,LOF,0.014009423463745087,0.09797685719323407,0.8880137193430209
25736,LOF,0.014166218345212441,0.1427299374276811,0.8431038442271066
25737,LOF,0.018798454003243214,0.11168231304630893,0.8695192329504479
25738,LOF,0.01273419444618596,0.17304083175587448,0.8142249737979395
25739,LOF,0.018968956853918188,0.1388763063170819,0.8421547368289999
25740,LOF,0.030066921053314117,0.14648481559876977,0.8234482633479161
25741,LOF,0.014395078069950003,0.13102947612433288,0.8545754458057171
25742,LOF,0.08695752138196566,0.138954569896749,0.7740879087212853
25743,LOF,0.01553079554337846,0.03180481237330217,0.9526643920833193
25744,LOF,0.2204484490527587,0.30803259097111696,0.47151895997612436
25745,LOF,0.029350357867573628,0.047578634109741995,0.9230710080226844
25746,LOF,0.018172683926095185,0.055968030735285404,0.9258592853386194
25747,LOF,0.028106095999054916,0.02504262160161159,0.9468512823993336
25748,LOF,0.1215159992012611,0.04022292478712036,0.8382610760116186
25749,LOF,0.01624293460915716,0.04266646852641405,0.9410905968644288
25750,LOF,0.03870722317886084,0.05791585934483617,0.9033769174763031
25751,LOF,0.11207291627396453,0.04751522702180457,0.8404118567042309
25752,GOF,0.12088912177317232,0.59060785358491,0.28850302464191774
25753,LOF,0.00802995123067841,0.3028811309459257,0.6890889178233958
25754,GOF,0.004995252360499246,0.7805649623061727,0.21443978533332803
25755,LOF,0.009685482978033125,0.3973844684380198,0.592930048583947
25756,LOF,0.04394282852194195,0.39777308049807475,0.5582840909799833
25757,GOF,0.005749525518746958,0.8359139399460618,0.1583365345351913
25758,GOF,0.006912018684955782,0.8378998943488225,0.1551880869662217
25759,GOF,0.004414290842145864,0.5200944810506298,0.47549122810722433
25760,LOF,0.004763130469136894,0.25868741577416204,0.7365494537567011
25761,GOF,0.041014288643505155,0.7991972975062287,0.15978841385026618
25762,LOF,0.03045739762033344,0.2880554217799981,0.6814871805996685
25763,LOF,0.0062329069395463555,0.20990336636252668,0.7838637266979269
25764,GOF,0.17270472050713948,0.469340786980714,0.3579544925121464
25765,GOF,0.01213716087162396,0.7402748893555602,0.24758794977281595
25766,GOF,0.019104629075125227,0.7765232674784917,0.20437210344638296
25767,LOF,0.018677211816450687,0.48601500019244026,0.49530778799110897
25768,LOF,0.07832945280638572,0.07282889300943239,0.8488416541841818
25769,LOF,0.0800621330742131,0.05831911087717137,0.8616187560486155
25770,LOF,0.31213211100618427,0.06286335788029268,0.6250045311135229
25771,LOF,0.013776714042206357,0.05404911889340378,0.9321741670643898
25772,LOF,0.019424085424999453,0.027642615434518868,0.9529332991404816
25773,LOF,0.010213203255651983,0.10555227806288557,0.8842345186814624
25774,LOF,0.023334085220195144,0.06496924928842904,0.9116966654913758
25775,LOF,0.015046784142774751,0.045933551890690275,0.939019663966535
25776,LOF,0.07914235602086106,0.022446739466357165,0.8984109045127817
25777,LOF,0.2871173644614899,0.0422157708040856,0.6706668647344245
25778,LOF,0.06619085076406328,0.04182436475613445,0.8919847844798022
25779,GOF,0.06738434486876162,0.869879717719336,0.06273593741190227
25780,GOF,0.06265027826975923,0.8421296304932794,0.09522009123696121
25781,GOF,0.02579922648845826,0.8309948578522668,0.14320591565927482
25782,GOF,0.032611190481179775,0.8659781480773748,0.1014106614414454
25783,GOF,0.012423741356202018,0.6706634788060554,0.31691277983774263
25784,GOF,0.1249402301041701,0.8220250808045099,0.05303468909132004
25785,GOF,0.07492503178920099,0.8684991306692258,0.05657583754157318
25786,GOF,0.005689059038499297,0.7979249444196356,0.19638599654186503
25787,GOF,0.19179842182449966,0.759202089312095,0.048999488863405466
25788,LOF,0.04443029370093935,0.11448357092049323,0.8410861353785674
25789,GOF,0.039990567182154185,0.7957456548264592,0.16426377799138664
25790,GOF,0.04334246262409174,0.8311742978238026,0.1254832395521057
25791,GOF,0.02955486236676787,0.7736036939541466,0.19684144367908554
25792,GOF,0.049983086340649886,0.7747798620340918,0.1752370516252585
25793,GOF,0.07896111730870345,0.725466147292999,0.19557273539829753
25794,GOF,0.1224854063270688,0.6794338255155327,0.19808076815739856
25795,GOF,0.026447442951769477,0.7755091907356799,0.19804336631255068
25796,GOF,0.13584524094810302,0.7514059806775445,0.11274877837435242
25797,GOF,0.037083030856593584,0.5795014813506292,0.3834154877927771
25798,GOF,0.0031937749245373485,0.5374244378409548,0.4593817872345077
25799,LOF,0.0031328291350742987,0.4236773574732678,0.573189813391658
25800,GOF,0.011020331091188319,0.6296764595784082,0.3593032093304034
25801,GOF,0.02909366745999537,0.8163875170074788,0.15451881553252578
25802,GOF,0.019751414100014606,0.7077967363577858,0.2724518495421996
25803,GOF,0.010030451186307866,0.5925337948185704,0.39743575399512165
25804,LOF,0.012515107874403979,0.47956945500131515,0.5079154371242808
25805,GOF,0.020398644570138975,0.6078969934529856,0.3717043619768754
25806,GOF,0.01936930401898588,0.6410814089715265,0.33954928700948744
25807,GOF,0.005807140332990723,0.6356064827682641,0.3585863768987451
25808,GOF,0.015215952661205356,0.6381113920706909,0.34667265526810365
25809,GOF,0.006372593164002721,0.6078856409734318,0.38574176586256553
25810,GOF,0.005336016115106616,0.6264632304498822,0.3682007534350113
25811,GOF,0.09141024612654926,0.8062289397178887,0.10236081415556209
25812,GOF,0.01271063471107025,0.6122017426479942,0.3750876226409356
25813,GOF,0.11384336057180572,0.7263681958878279,0.15978844354036634
25814,GOF,0.031795415745364,0.7071235564923365,0.2610810277622996
25815,GOF,0.04447142075082487,0.7132031219503532,0.242325457298822
25816,GOF,0.007560574740548047,0.756509512944543,0.2359299123149089
25817,GOF,0.06880070417416269,0.7751627897195088,0.15603650610632844
25818,GOF,0.017562653613785718,0.7049782637923948,0.2774590825938196
25819,GOF,0.07640707132488732,0.7271016139159957,0.19649131475911696
25820,GOF,0.03434736891847704,0.71489348007696,0.250759151004563
25821,GOF,0.01791483476148702,0.7079887190140668,0.27409644622444623
25822,GOF,0.03814008525664284,0.7148590593470555,0.24700085539630168
25823,GOF,0.011735319134418084,0.5476677378876063,0.4405969429779755
25824,GOF,0.02392915104015989,0.6531264275719414,0.32294442138789875
25825,GOF,0.01240287958723483,0.6333798881300924,0.3542172322826728
25826,GOF,0.004856098563786564,0.6022997302685478,0.39284417116766557
25827,GOF,0.007802804498868938,0.6140252523971054,0.3781719431040257
25828,GOF,0.005135469377569122,0.5332241829866852,0.4616403476357457
25829,GOF,0.002714433892394563,0.5882257485865208,0.40905981752108467
25830,LOF,0.03942718699190828,0.36271705548059385,0.5978557575274979
25831,GOF,0.03411341970093722,0.8394542790783717,0.126432301220691
25832,GOF,0.008012295943098343,0.764444530276918,0.22754317377998362
25833,GOF,0.02816161150028063,0.8056524263646574,0.166185962135062
25834,GOF,0.008515919771045833,0.7771745288338274,0.2143095513951267
25835,GOF,0.017328428766878907,0.8221939186377402,0.16047765259538097
25836,GOF,0.007097256389087141,0.7720920970417366,0.2208106465691762
25837,GOF,0.007162445020167485,0.6826804468109292,0.31015710816890335
25838,GOF,0.020886836934460237,0.842141396262123,0.1369717668034168
25839,GOF,0.04592840173355646,0.802375185458467,0.15169641280797658
25840,GOF,0.03906897887943088,0.8138902784328084,0.1470407426877608
25841,GOF,0.036697995275418685,0.8375422687884213,0.12575973593615997
25842,GOF,0.02426496807746641,0.8615960670587054,0.11413896486382819
25843,GOF,0.02593240318978039,0.8789463955113795,0.09512120129884014
25844,GOF,0.017511525587945213,0.7954675653368843,0.18702090907517036
25845,GOF,0.005266546560019621,0.587351682261141,0.4073817711788394
25846,GOF,0.026764275187488355,0.8556709526152142,0.11756477219729736
25847,GOF,0.018213167069729173,0.8836040811541124,0.09818275177615864
25848,GOF,0.01338463400195587,0.769252690195313,0.2173626758027312
25849,GOF,0.004420533527278241,0.6414289516957485,0.3541505147769731
25850,GOF,0.0070885419207769515,0.6838858180323218,0.3090256400469013
25851,GOF,0.006248882396188525,0.5634090362264705,0.4303420813773408
25852,GOF,0.15972994628054288,0.5158381314138314,0.32443192230562584
25853,GOF,0.07166944081426373,0.8300410182947738,0.09828954089096247
25854,GOF,0.009936988493049642,0.6533478136947678,0.3367151978121827
25855,GOF,0.014857926780771278,0.5814722467840554,0.4036698264351732
25856,GOF,0.03871667912927999,0.7079988833907099,0.25328443748001
25857,GOF,0.015025431928182918,0.5381311313266662,0.4468434367451508
25858,GOF,0.00855883745562744,0.5704979698274392,0.4209431927169333
25859,GOF,0.005877883593457295,0.5467167288588454,0.44740538754769743
25860,GOF,0.0738717674076924,0.7812723340784625,0.14485589851384506
25861,GOF,0.10829062555373241,0.7999500520167121,0.09175932242955552
25862,GOF,0.019628814713012886,0.8493434090499085,0.13102777623707862
25863,GOF,0.01940416308366997,0.865303456024433,0.11529238089189701
25864,GOF,0.04028106256985169,0.8779538573825498,0.08176508004759847
25865,GOF,0.03192000731114136,0.8469797575063782,0.12110023518248036
25866,GOF,0.02554795021469577,0.8363203011988781,0.13813174858642607
25867,GOF,0.025363781978104058,0.8643901031153418,0.11024611490655414
25868,GOF,0.05141009009712389,0.7996786515736948,0.14891125832918126
25869,GOF,0.31025285593268415,0.5854745963955051,0.10427254767181074
25870,GOF,0.18856328719274773,0.5031303951540782,0.30830631765317396
25871,GOF,0.028964192926392796,0.8586005294941202,0.11243527757948686
25872,GOF,0.016596819269626115,0.7797976452096322,0.20360553552074173
25873,GOF,0.018572418159213754,0.8577346937256412,0.12369288811514517
25874,LOF,0.01673059691429774,0.11897118913810123,0.8642982139476011
25875,LOF,0.025127662409048512,0.04035522249555561,0.9345171150953958
25876,LOF,0.014539991370092984,0.035440988497369506,0.9500190201325375
25877,LOF,0.11476005974248973,0.0683534680187248,0.8168864722387854
25878,LOF,0.047933050766764844,0.08703241881937025,0.8650345304138649
25879,LOF,0.022155584580454895,0.07075447489112596,0.9070899405284192
25880,LOF,0.043865939106524046,0.012273190903190003,0.943860869990286
25881,Neutral,0.5398264613055502,0.046968970464137665,0.4132045682303122
25882,LOF,0.019842604229316767,0.03134867116276752,0.9488087246079158
25883,LOF,0.06606288711685439,0.02200926498587294,0.9119278478972727
25884,LOF,0.01122930198277608,0.03883125227618353,0.9499394457410405
25885,LOF,0.16509540053951668,0.006885287090768317,0.828019312369715
25886,LOF,0.2874025912495587,0.04471111677513391,0.6678862919753074
25887,LOF,0.12977222825381635,0.05606820861776446,0.8141595631284191
25888,LOF,0.013066510138210894,0.10695815203531088,0.8799753378264782
25889,LOF,0.013349675034296344,0.03085369105959033,0.9557966339061132
25890,LOF,0.10996986515846756,0.07945366477407075,0.8105764700674617
25891,LOF,0.04343665090303688,0.04022366646799104,0.9163396826289721
25892,LOF,0.011888243073936927,0.04595147737376289,0.9421602795523002
25893,LOF,0.39508391023093303,0.013801429289749511,0.5911146604793175
25894,LOF,0.4194138885282094,0.007079268614512853,0.5735068428572777
25895,LOF,0.3623359196200484,0.015311375185718741,0.6223527051942328
25896,LOF,0.041596233066499864,0.02823132813293959,0.9301724388005607
25897,LOF,0.18991608501333293,0.013764077931045006,0.7963198370556221
25898,LOF,0.20011807216299363,0.03707207227742131,0.7628098555595851
25899,LOF,0.18651272101784597,0.025816789942345923,0.7876704890398082
25900,LOF,0.4450388681651906,0.011682351354015137,0.5432787804807943
25901,LOF,0.04495533938906937,0.011429413751242548,0.943615246859688
25902,LOF,0.10079160398591226,0.01763271009703577,0.881575685917052
25903,LOF,0.3758774368616904,0.03466001577260866,0.5894625473657009
25904,LOF,0.30327862932884214,0.0422575258227237,0.6544638448484341
25905,LOF,0.006498559662574635,0.4178936357474943,0.5756078045899311
25906,LOF,0.008374435473625545,0.11749594714316532,0.874129617383209
25907,LOF,0.0038163289053893567,0.36949825761067406,0.6266854134839366
25908,LOF,0.0037305029342983146,0.26488975165895884,0.7313797454067428
25909,LOF,0.013081941096080579,0.1476871487678157,0.8392309101361036
25910,LOF,0.01649500776987695,0.15114377269055726,0.8323612195395658
25911,LOF,0.18165656291868276,0.026631999779540706,0.7917114373017765
25912,LOF,0.08360071161979842,0.037882299897371546,0.8785169884828299
25913,LOF,0.07903373111501294,0.052206183348561794,0.8687600855364253
25914,LOF,0.02221659466227115,0.054785242996366876,0.922998162341362
25915,LOF,0.1344567836349304,0.2728230379434545,0.5927201784216151
25916,LOF,0.021113624789181284,0.1742657514309279,0.8046206237798909
25917,LOF,0.05245851278150076,0.03793952173671828,0.909601965481781
25918,LOF,0.026357513220505425,0.032046003285702576,0.9415964834937919
25919,LOF,0.022422715651512885,0.032072276731173584,0.9455050076173135
25920,LOF,0.11617451429624973,0.21775008930129974,0.6660753964024506
25921,LOF,0.010282584845328853,0.04035507687047294,0.9493623382841982
25922,LOF,0.013175472783712151,0.03366643292958311,0.9531580942867046
25923,Neutral,0.4961157777788122,0.04390056212165848,0.45998366009952946
25924,LOF,0.01684475514418902,0.050767604384926994,0.932387640470884
25925,LOF,0.0754793598141201,0.04696310131869929,0.8775575388671806
25926,LOF,0.05420697702713361,0.04345013841327618,0.9023428845595902
25927,LOF,0.02039672309305,0.07495866770697936,0.9046446091999706
25928,LOF,0.007751016563179347,0.06385868692649521,0.9283902965103255
25929,Neutral,0.6198929202196571,0.04569671190041522,0.3344103678799276
25930,LOF,0.06541328657105182,0.03900258008918897,0.8955841333397593
25931,LOF,0.009847509757686094,0.03909185088082676,0.9510606393614871
25932,LOF,0.03273225480844965,0.03366431877131796,0.9336034264202324
25933,LOF,0.041661255170346384,0.021918235727286062,0.9364205091023675
25934,LOF,0.028272994910750516,0.022430591375897015,0.9492964137133525
25935,LOF,0.06867445562047866,0.056065190120927116,0.8752603542585942
25936,LOF,0.048188840252695694,0.029507771973240133,0.9223033877740641
25937,LOF,0.009446817456267492,0.04038300832355226,0.9501701742201804
25938,LOF,0.06857015067169635,0.06489860736853632,0.8665312419597673
25939,LOF,0.03804846161329796,0.027447824255216555,0.9345037141314855
25940,LOF,0.009707102186374902,0.30491334733788805,0.6853795504757371
25941,Neutral,0.519626876302842,0.02968979520759497,0.4506833284895631
25942,LOF,0.004963246022673802,0.041066204734198676,0.9539705492431275
25943,LOF,0.03693694117899878,0.13916723391330663,0.8238958249076946
25944,LOF,0.12474588564155425,0.08132485728285123,0.7939292570755945
25945,LOF,0.055450076051354685,0.018158058934052073,0.9263918650145931
25946,LOF,0.07243727563108834,0.054335859114174136,0.8732268652547376
25947,Neutral,0.4745962782840954,0.07478010103825311,0.4506236206776515
25948,LOF,0.3111944913571867,0.00931624543013404,0.6794892632126792
25949,LOF,0.08811154078010594,0.047271171784548184,0.8646172874353458
25950,GOF,0.03485371453234477,0.5966941959197353,0.36845208954792
25951,LOF,0.015230352400714388,0.43019608551706096,0.5545735620822246
25952,LOF,0.24585191347992053,0.3090982901455639,0.4450497963745155
25953,LOF,0.01367371615803105,0.19272377453465367,0.7936025093073154
25954,GOF,0.05359618193126665,0.48059911533236566,0.46580470273636765
25955,LOF,0.009733393852314098,0.18306960839179698,0.8071969977558889
25956,LOF,0.029082926609410992,0.2896613508993628,0.6812557224912261
25957,LOF,0.15213270536579016,0.03430862408505541,0.8135586705491545
25958,LOF,0.05104397381455307,0.027687889469902572,0.9212681367155444
25959,LOF,0.012810137796662301,0.4771611762682679,0.5100286859350699
25960,LOF,0.0061712852248375135,0.05083822119000486,0.9429904935851575
25961,LOF,0.04122953183767678,0.02595333955375851,0.9328171286085648
25962,LOF,0.03012830478580095,0.08344944909128978,0.8864222461229093
25963,LOF,0.005682911250160966,0.25217312210400505,0.7421439666458339
25964,LOF,0.033348372126184835,0.10547434804924194,0.8611772798245731
25965,LOF,0.3378094576638752,0.13242934368525322,0.5297611986508717
25966,Neutral,0.507861101173344,0.14233039650203363,0.34980850232462246
25967,LOF,0.007131041802948591,0.09422439085785116,0.8986445673392004
25968,LOF,0.05648232120810804,0.21909601892573508,0.7244216598661568
25969,LOF,0.12811335927958145,0.05711670343515223,0.8147699372852664
25970,LOF,0.01737155543163834,0.09130887226815709,0.8913195723002045
25971,LOF,0.06560284652850876,0.02739745503348681,0.9069996984380045
25972,LOF,0.06550009708551012,0.03659429442651378,0.8979056084879761
25973,LOF,0.055997421318202296,0.011909623023569548,0.9320929556582281
25974,LOF,0.034166990127059635,0.0384761087643418,0.9273569011085986
25975,LOF,0.04523121849798568,0.02381402015552451,0.9309547613464899
25976,LOF,0.09668343906653243,0.012361656059578069,0.8909549048738895
25977,LOF,0.19574912501685474,0.05235703289180508,0.7518938420913402
25978,LOF,0.14623549183241505,0.12631608229020794,0.727448425877377
25979,LOF,0.12637073354967104,0.1302218621070384,0.7434074043432906
25980,LOF,0.2445385961956472,0.14989312553609474,0.605568278268258
25981,LOF,0.27454287634820973,0.14761619842840037,0.5778409252233899
25982,LOF,0.4105617785860464,0.10173431026619062,0.48770391114776307
25983,LOF,0.39418792599670344,0.11326063344236961,0.49255144056092703
25984,LOF,0.04177430822274663,0.057929003383008465,0.9002966883942448
25985,LOF,0.40884758466479554,0.10412418734653117,0.48702822798867335
25986,LOF,0.00985137555905749,0.3931286895137012,0.5970199349272414
25987,LOF,0.030945395404180284,0.10359589400378097,0.8654587105920387
25988,LOF,0.15237269419471672,0.09280578002776627,0.754821525777517
25989,LOF,0.03638082407395665,0.13917682332177003,0.8244423526042733
25990,LOF,0.040802338286843334,0.20923609799925924,0.7499615637138974
25991,LOF,0.019801524215016526,0.32678682304063783,0.6534116527443457
25992,LOF,0.02308102453483933,0.34271165323015695,0.6342073222350038
25993,LOF,0.02115150719687535,0.0863275071308874,0.8925209856722374
25994,LOF,0.016281295118345886,0.08396593690800276,0.8997527679736513
25995,LOF,0.020383236896527757,0.17113808136344258,0.8084786817400297
25996,Neutral,0.36468738129685924,0.27092369319241744,0.3643889255107233
25997,LOF,0.07313223359219982,0.331042404007707,0.5958253624000932
25998,LOF,0.2634082848879749,0.046080417867766774,0.6905112972442583
25999,LOF,0.016125405816313342,0.23404439617206518,0.7498301980116215
26000,LOF,0.14665067852599323,0.03322463408989232,0.8201246873841145
26001,LOF,0.3074295234346278,0.027326299298116495,0.6652441772672556
26002,LOF,0.07143866722711872,0.048607503241226986,0.8799538295316544
26003,GOF,0.0038459724895075873,0.6015364128902401,0.3946176146202524
26004,GOF,0.005654717693543293,0.680409187427114,0.3139360948793427
26005,LOF,0.0028269533265081284,0.4863983794520053,0.5107746672214866
26006,GOF,0.07159378313671658,0.5467602268314853,0.3816459900317982
26007,GOF,0.005931859402701001,0.5447348762437421,0.4493332643535569
26008,GOF,0.005452491137261655,0.6302030706506675,0.3643444382120708
26009,GOF,0.005629152824224406,0.6388437333770747,0.35552711379870094
26010,GOF,0.0072504045504112585,0.6779607533434863,0.3147888421061025
26011,LOF,0.0025511646760138164,0.45840800975925844,0.5390408255647278
26012,GOF,0.003867376406337995,0.5526288334155722,0.4435037901780897
26013,GOF,0.004824928563218975,0.6216436072951383,0.3735314641416427
26014,LOF,0.043479170392352225,0.11824217018711336,0.8382786594205345
26015,LOF,0.13593772420320901,0.02345408848568554,0.8406081873111054
26016,LOF,0.2855160606705228,0.04863343249168347,0.6658505068377937
26017,LOF,0.024710450392351063,0.22683248972152986,0.7484570598861191
26018,LOF,0.0709513468731861,0.042703109084511845,0.8863455440423021
26019,LOF,0.06746342857721425,0.035306795389298214,0.8972297760334875
26020,LOF,0.008093729039785204,0.22868512221917084,0.763221148741044
26021,LOF,0.06804922775266796,0.07921650824717973,0.8527342640001524
26022,LOF,0.026822142286655457,0.02568186745103942,0.9474959902623051
26023,LOF,0.045399584590409194,0.026122550950061336,0.9284778644595296
26024,LOF,0.04298827437325594,0.08243052804017678,0.8745811975865673
26025,LOF,0.0589547994707487,0.08178630076553521,0.8592588997637162
26026,LOF,0.1268520222833829,0.06034400937550601,0.8128039683411111
26027,LOF,0.05425080376270788,0.020755747858767114,0.9249934483785249
26028,LOF,0.08302936580528858,0.12109516227494203,0.7958754719197694
26029,LOF,0.026605620412071075,0.1967975848002386,0.7765967947876904
26030,LOF,0.14576603424968748,0.02525977552889464,0.8289741902214179
26031,LOF,0.014825429984718239,0.1490978121983429,0.8360767578169389
26032,LOF,0.07561943185691258,0.061895125961494546,0.8624854421815927
26033,LOF,0.08042229605569622,0.05698801229517321,0.8625896916491307
26034,LOF,0.015315127240835068,0.16465159504018603,0.8200332777189789
26035,LOF,0.014249499319660965,0.13324131488407984,0.8525091857962592
26036,LOF,0.018362423834190955,0.17094511562532327,0.8106924605404857
26037,LOF,0.011930591275468739,0.11533709269130585,0.8727323160332255
26038,LOF,0.06420397491459118,0.05694271755104988,0.878853307534359
26039,LOF,0.02333348943911025,0.16124618191267756,0.8154203286482122
26040,LOF,0.10666538726279653,0.14410167221118952,0.7492329405260139
26041,LOF,0.013976801614950126,0.10264288564197235,0.8833803127430776
26042,LOF,0.012778237652679953,0.10790242661819859,0.8793193357291215
26043,LOF,0.0629344584053156,0.0764538151590254,0.860611726435659
26044,LOF,0.013219990807351572,0.06362047236378636,0.9231595368288621
26045,LOF,0.05219132512468045,0.10970025369169359,0.8381084211836259
26046,LOF,0.05664172371410557,0.059500155572164364,0.8838581207137302
26047,LOF,0.09801398887811061,0.06135789739504029,0.840628113726849
26048,LOF,0.04367189759543492,0.040256447263065244,0.9160716551414997
26049,Neutral,0.9658459812049138,0.006247574117324818,0.027906444677761405
26050,Neutral,0.9523513213296793,0.007999753475812348,0.03964892519450827
26051,LOF,0.015323289863272655,0.18305201265555138,0.801624697481176
26052,LOF,0.02485108552485076,0.21399747139976416,0.7611514430753851
26053,LOF,0.023007632870588473,0.14469981498193388,0.8322925521474777
26054,LOF,0.05031053661838106,0.01672265451706225,0.9329668088645567
26055,LOF,0.06358747910949468,0.015121733276668678,0.9212907876138366
26056,LOF,0.052168378290998255,0.018613925328940066,0.9292176963800616
26057,LOF,0.0323634586556037,0.011005787143633256,0.9566307542007632
26058,LOF,0.033252566809159806,0.009755462539236488,0.9569919706516038
26059,LOF,0.30147892215247113,0.018941566470171655,0.6795795113773572
26060,LOF,0.009039291892150426,0.12776028567396083,0.8632004224338886
26061,LOF,0.004879409604049068,0.013408301568555893,0.9817122888273951
26062,LOF,0.0039746319663521166,0.018086704101861133,0.9779386639317867
26063,LOF,0.021856120170322794,0.009536024240912397,0.9686078555887647
26064,LOF,0.006956195588271481,0.02021717780512067,0.9728266266066078
26065,LOF,0.023505982699174213,0.011564902219159973,0.9649291150816659
26066,LOF,0.021062725714778043,0.01008650574310256,0.9688507685421193
26067,LOF,0.028844260361730448,0.00808380227550555,0.963071937362764
26068,LOF,0.042466079798989406,0.029230145745670493,0.9283037744553401
26069,LOF,0.26793380258787214,0.018350928852532807,0.713715268559595
26070,LOF,0.427957073647967,0.014051710889121806,0.5579912154629113
26071,LOF,0.021724633301817238,0.010600782928604733,0.9676745837695779
26072,LOF,0.0055762838527664985,0.021675987504688653,0.9727477286425448
26073,LOF,0.018848982892409185,0.014037658674719962,0.9671133584328708
26074,Neutral,0.9003562779544891,0.005901337318459913,0.09374238472705088
26075,LOF,0.04186774841676568,0.014294827654078192,0.943837423929156
26076,LOF,0.037504447977319666,0.008630845706170487,0.9538647063165099
26077,LOF,0.11579091585952837,0.0074800657701072125,0.8767290183703644
26078,LOF,0.005449801912033513,0.01272322814967565,0.9818269699382909
26079,LOF,0.054912024283815135,0.015631565084384624,0.9294564106318003
26080,LOF,0.05299256327007834,0.015661018381095355,0.9313464183488264
26081,LOF,0.02980931213551455,0.006965770387161081,0.9632249174773243
26082,LOF,0.004606684645756312,0.01586157550121297,0.9795317398530307
26083,LOF,0.13260081402299204,0.014490488162706533,0.8529086978143013
26084,LOF,0.03601282500365676,0.012077333900623557,0.9519098410957197
26085,LOF,0.032451370988920106,0.010741525643410117,0.9568071033676697
26086,LOF,0.019885543257785795,0.010608023173549818,0.9695064335686643
26087,LOF,0.020654483043539392,0.008852601716493838,0.9704929152399668
26088,LOF,0.005591032053664717,0.021315025520402337,0.973093942425933
26089,LOF,0.04004245968380501,0.02213873281613957,0.9378188075000554
26090,LOF,0.03904605512874869,0.017186167080050784,0.9437677777912006
26091,LOF,0.028667765830993244,0.0068757731209567715,0.9644564610480499
26092,LOF,0.02064531988277851,0.00784880367763554,0.971505876439586
26093,LOF,0.0378211772610408,0.006069915023336416,0.9561089077156228
26094,LOF,0.027837725016710634,0.006474996771117632,0.9656872782121717
26095,LOF,0.015133271148233346,0.018047795119244727,0.9668189337325219
26096,LOF,0.15845745917011972,0.005463024011639644,0.8360795168182406
26097,LOF,0.004813192530152109,0.0357808299246507,0.9594059775451973
26098,LOF,0.07232521289710664,0.013703444666789133,0.9139713424361042
26099,LOF,0.0196272772526355,0.012908703523467176,0.9674640192238972
26100,LOF,0.022291981620729318,0.012199564508753548,0.9655084538705172
26101,LOF,0.04669047418553006,0.018494057886173747,0.9348154679282962
26102,LOF,0.020225525355440803,0.012814855050219861,0.9669596195943394
26103,Neutral,0.8698482488770576,0.01844016518808145,0.11171158593486091
26104,LOF,0.06778676962881762,0.0224046387000042,0.9098085916711782
26105,LOF,0.21650929146793327,0.15301750445487375,0.630473204077193
26106,LOF,0.3203026012243144,0.12547819053671436,0.5542192082389712
26107,LOF,0.02163833250771049,0.10833602778670308,0.8700256397055863
26108,LOF,0.34339047706317655,0.041635492061755305,0.6149740308750681
26109,LOF,0.029177508103857025,0.0704480756994094,0.9003744161967335
26110,LOF,0.19588079713504492,0.006306875766701904,0.7978123270982531
26111,LOF,0.08698850153694236,0.06555648923349391,0.8474550092295637
26112,LOF,0.035798412687239684,0.006384826714863448,0.9578167605978969
26113,LOF,0.067728576389463,0.01412051718592686,0.9181509064246102
26114,LOF,0.0679422983601371,0.014261788830544941,0.9177959128093179
26115,LOF,0.016381461294220787,0.07847593190818151,0.9051426067975976
26116,LOF,0.08402657870604745,0.04716633543943734,0.8688070858545153
26117,LOF,0.39633459652309017,0.04473278490838848,0.5589326185685213
26118,LOF,0.03311855297013951,0.02469411627079586,0.9421873307590647
26119,LOF,0.004487763668674783,0.04894788424215536,0.9465643520891699
26120,LOF,0.023442028284545332,0.019435181806439893,0.9571227899090148
