feature0,prediction,LoGoFunc_Neutral,LoGoFunc_GOF,LoGoFunc_LOF
25546,Neutral,0.6571085394563265,0.05164703460553648,0.291244425938137
25547,Neutral,0.473590341252538,0.11600753326006424,0.41040212548739785
25548,Neutral,0.4761957351857363,0.0828755249226603,0.4409287398916033
25549,LOF,0.42381466410923935,0.08094762505822711,0.49523771083253354
25550,LOF,0.36655224060343217,0.1355513914351749,0.4978963679613929
25551,LOF,0.27379808755624113,0.15643888646623874,0.56976302597752
25552,LOF,0.19292710898881535,0.14999551500041663,0.657077376010768
25553,Neutral,0.798771629760427,0.03730046178348348,0.16392790845608957
25554,LOF,0.22134075913767542,0.14250208660769575,0.6361571542546288
25555,LOF,0.18824974573499026,0.12460763161230029,0.6871426226527094
25556,LOF,0.3683697258258992,0.12566345537636767,0.5059668187977331
25557,LOF,0.1805180722361907,0.13091932429044265,0.6885626034733667
25558,LOF,0.21258941166679965,0.14009548657738732,0.647315101755813
25559,LOF,0.1887626983878311,0.16189712135503717,0.6493401802571318
25560,LOF,0.0763619456858737,0.13536042547018412,0.7882776288439421
25561,LOF,0.1626861807845223,0.11862347136515315,0.7186903478503245
25562,LOF,0.07195611406311717,0.08986525007302258,0.8381786358638603
25563,LOF,0.10074729403618028,0.08631305408746592,0.8129396518763538
25564,LOF,0.21495100416786703,0.16048520905437105,0.6245637867777619
25565,LOF,0.1425703822624894,0.14800803523585876,0.7094215825016519
25566,GOF,0.017323508178805465,0.7861931740761543,0.19648331774504021
25567,LOF,0.017142600571528988,0.20229476762907828,0.7805626317993927
25568,LOF,0.05207694529291563,0.09593770416689325,0.8519853505401912
25569,LOF,0.05055352539947497,0.0946976588786537,0.8547488157218713
25570,LOF,0.03133759596202927,0.1490552569852,0.8196071470527707
25571,LOF,0.030143660112144026,0.14162766306896768,0.8282286768188883
25572,LOF,0.03439590990169787,0.16370059520430838,0.8019034948939937
25573,LOF,0.02702215754422937,0.13358861080632317,0.8393892316494476
25574,LOF,0.018212018196531853,0.19118642765102664,0.7906015541524415
25575,LOF,0.02306168078067593,0.15948267724069415,0.81745564197863
25576,LOF,0.01165953810586396,0.19646559980466066,0.7918748620894754
25577,LOF,0.010344671291570942,0.15546390441929558,0.8341914242891335
25578,LOF,0.2560473223914827,0.13279276284364008,0.6111599147648773
25579,LOF,0.1654369355816798,0.1423007642834311,0.692262300134889
25580,LOF,0.01824645816567735,0.12077958591674492,0.8609739559175776
25581,LOF,0.04142794713891511,0.09760708170728043,0.8609649711538045
25582,LOF,0.04133807708182967,0.09597270653636715,0.8626892163818032
25583,LOF,0.019830704452225643,0.135889863607443,0.8442794319403314
25584,Neutral,0.526167844606818,0.1351799252770557,0.3386522301161263
25585,LOF,0.012638473692855165,0.17587317304998393,0.811488353257161
25586,LOF,0.01619635499257942,0.1164809798143979,0.8673226651930227
25587,LOF,0.01678725726213339,0.10829558840746274,0.8749171543304038
25588,LOF,0.01669963592308593,0.12813182117194868,0.8551685429049655
25589,Neutral,0.5658239266267295,0.16263930253818357,0.271536770835087
25590,LOF,0.018106816383923745,0.15874625191929462,0.8231469316967815
25591,LOF,0.07427018971212886,0.08376314927895274,0.8419666610089184
25592,LOF,0.0443055250179972,0.18838124607297968,0.7673132289090232
25593,LOF,0.021960563911332474,0.28849912509178244,0.6895403109968851
25594,LOF,0.04010515638615349,0.13031723181363164,0.8295776118002148
25595,LOF,0.047519867252940884,0.09398651185307998,0.8584936208939792
25596,LOF,0.061845775643846405,0.0742761477641756,0.863878076591978
25597,LOF,0.0387986577643114,0.08474752892496033,0.8764538133107282
25598,LOF,0.03941926436373778,0.11970212086627684,0.8408786147699854
25599,GOF,0.007924183780648363,0.5605255521981585,0.43155026402119306
25600,GOF,0.028231037671448873,0.5906410284187572,0.3811279339097938
25601,LOF,0.016180661797104385,0.41049111999458376,0.5733282182083118
25602,LOF,0.015416178390277745,0.05016549090079709,0.9344183307089252
25603,LOF,0.05898937741244388,0.019570964547768906,0.9214396580397872
25604,LOF,0.016001938973330222,0.06909260196087204,0.9149054590657978
25605,LOF,0.008927626136584894,0.20274508768138097,0.7883272861820341
25606,LOF,0.121537789739757,0.3710530949466938,0.5074091153135492
25607,LOF,0.005847170610891728,0.21646504692377086,0.7776877824653373
25608,LOF,0.01145819693400759,0.10514028226546812,0.8834015208005243
25609,LOF,0.06423145110839348,0.3944022770831542,0.5413662718084523
25610,LOF,0.019361855575412066,0.03109747632706276,0.9495406680975252
25611,LOF,0.02030961985239085,0.0306494354724126,0.9490409446751966
25612,LOF,0.06647139980803102,0.03993859237090803,0.893590007821061
25613,LOF,0.055966576448721245,0.04247575882332269,0.901557664727956
25614,LOF,0.026086991252369546,0.03553084712888829,0.9383821616187422
25615,LOF,0.018750842500092495,0.04117723101919727,0.9400719264807103
25616,LOF,0.058085743078940044,0.0340025442119651,0.9079117127090948
25617,LOF,0.05732604295840696,0.034862009894931226,0.9078119471466619
25618,LOF,0.07323099321965243,0.041144232256651196,0.8856247745236964
25619,LOF,0.01798621879898865,0.03605387226548307,0.9459599089355282
25620,LOF,0.0711510053235839,0.04221592062588913,0.886633074050527
25621,LOF,0.019131727518932065,0.03945269819507449,0.9414155742859934
25622,LOF,0.024708294812765083,0.03762635845327301,0.9376653467339618
25623,LOF,0.043135604438203884,0.02828554578780261,0.9285788497739935
25624,LOF,0.021353622986679432,0.04295495692644795,0.9356914200868727
25625,LOF,0.0274822936449779,0.04830778617749713,0.9242099201775249
25626,LOF,0.06057283446877485,0.034208206382389764,0.9052189591488354
25627,Neutral,0.5992035592140958,0.12495544690897835,0.2758409938769259
25628,LOF,0.19833827865673115,0.05758399087857306,0.7440777304646958
25629,LOF,0.04489589144054246,0.06357572377721998,0.8915283847822375
25630,LOF,0.14879122829111213,0.09869339097898808,0.7525153807298998
25631,Neutral,0.6188807286812408,0.06466047059303301,0.31645880072572613
25632,LOF,0.007958927375476946,0.0801101877563702,0.9119308848681529
25633,LOF,0.2616116852405975,0.0645258341319723,0.6738624806274301
25634,LOF,0.03110318851363293,0.10927218531692252,0.8596246261694445
25635,LOF,0.029798736885537563,0.07438505644596605,0.8958162066684965
25636,GOF,0.005627476917586219,0.5776619061894449,0.4167106168929689
25637,GOF,0.007972342080069361,0.5976180612493732,0.39440959667055747
25638,LOF,0.01242370529153797,0.30023543035973327,0.6873408643487288
25639,LOF,0.00623714638064927,0.4703786919928606,0.52338416162649
25640,GOF,0.45244759188650674,0.45980812492092227,0.08774428319257095
25641,LOF,0.012525174735435258,0.3194442714767162,0.6680305537878484
25642,LOF,0.26326875772172775,0.07257758006114969,0.6641536622171227
25643,LOF,0.13520741075969905,0.1912618404288023,0.6735307488114987
25644,GOF,0.010049347141959623,0.5524998044127457,0.43745084844529475
25645,LOF,0.007747304614987166,0.49589031686551666,0.4963623785194963
25646,LOF,0.012091441149383856,0.3645333521839296,0.6233752066666866
25647,LOF,0.010518185668626754,0.31368334090395883,0.6757984734274145
25648,LOF,0.009461647690957581,0.2907538918485084,0.6997844604605341
25649,LOF,0.008125342116500468,0.21795965629924224,0.7739150015842573
25650,LOF,0.01408800115623827,0.46922898098251464,0.516683017861247
25651,LOF,0.0060208252699723375,0.3260028914213925,0.6679762833086352
25652,LOF,0.009577543350575313,0.2861707979485237,0.704251658700901
25653,LOF,0.028021472863603965,0.43690270992689273,0.5350758172095034
25654,LOF,0.011726659223395632,0.16948476580346392,0.8187885749731404
25655,LOF,0.04882654962806672,0.4658746485050056,0.4852988018669276
25656,LOF,0.1748365808484122,0.043531674949811236,0.7816317442017765
25657,LOF,0.25987415516783,0.02772598883945783,0.7123998559927122
25658,LOF,0.07048406057839585,0.07432625610283976,0.8551896833187643
25659,LOF,0.3933333820296007,0.07283582375004732,0.533830794220352
25660,LOF,0.03283686760994615,0.10511570532046634,0.8620474270695875
25661,LOF,0.1033431703981454,0.06733218718233268,0.8293246424195219
25662,LOF,0.026348531999117134,0.05100878522665091,0.9226426827742319
25663,LOF,0.034813876516908725,0.07205971628888397,0.8931264071942072
25664,LOF,0.03912681659277825,0.08518385274046932,0.8756893306667525
25665,LOF,0.04911837109997088,0.041643919214609665,0.9092377096854195
25666,LOF,0.037050129678694296,0.10842074949603302,0.8545291208252728
25667,LOF,0.07577213122943315,0.05452319223251165,0.8697046765380553
25668,LOF,0.02890889797894879,0.05738190283994231,0.9137091991811088
25669,LOF,0.030822684204162346,0.08215873023128648,0.8870185855645512
25670,LOF,0.0547736477900529,0.06671133524068693,0.8785150169692602
25671,LOF,0.08762538152320878,0.050739603468172856,0.8616350150086183
25672,LOF,0.04971842200550922,0.053921275455345315,0.8963603025391454
25673,LOF,0.026862748288968296,0.06972129973428982,0.9034159519767418
25674,LOF,0.020581013745587528,0.08237530127389445,0.897043684980518
25675,LOF,0.03483980320949754,0.08325394255700291,0.8819062542334996
25676,LOF,0.020971262862930665,0.07065695424211726,0.908371782894952
25677,LOF,0.030374588710383635,0.07791684134857278,0.8917085699410435
25678,LOF,0.17647612481874753,0.05085131506699378,0.7726725601142588
25679,LOF,0.14989737968358635,0.0705588786121482,0.7795437417042654
25680,LOF,0.03735335580057773,0.11680531691353596,0.8458413272858862
25681,LOF,0.06322798174340649,0.10870003077908956,0.828071987477504
25682,LOF,0.10622803432826831,0.07994865957814538,0.8138233060935862
25683,LOF,0.07877723135582355,0.10073908544649145,0.820483683197685
25684,LOF,0.0434082153781346,0.08587125850655945,0.870720526115306
25685,LOF,0.08141913199058894,0.07016165380898416,0.848419214200427
25686,LOF,0.02999088630696399,0.08645027077341458,0.8835588429196214
25687,LOF,0.04412551606979044,0.07646025752388108,0.8794142264063285
25688,LOF,0.04982799430252483,0.04810811397570217,0.902063891721773
25689,LOF,0.029439828459867066,0.05756714112349749,0.9129930304166354
25690,LOF,0.03262903723221006,0.0480420831558878,0.9193288796119022
25691,LOF,0.28918149375492985,0.06710938019206676,0.6437091260530033
25692,LOF,0.2462625097982765,0.007312978998216152,0.7464245112035073
25693,LOF,0.08989875655476902,0.1872635351762985,0.7228377082689325
25694,LOF,0.24866957826123612,0.014626145929054712,0.7367042758097092
25695,LOF,0.1577507334821901,0.030381871785654754,0.8118673947321552
25696,LOF,0.11649637274759903,0.012992845449908122,0.8705107818024928
25697,LOF,0.10371313287784548,0.0292633894058896,0.8670234777162649
25698,LOF,0.04462590013902506,0.4766997255504943,0.4786743743104807
25699,LOF,0.06745875859661267,0.07682679849034187,0.8557144429130454
25700,LOF,0.06139156147529749,0.008807256866301526,0.9298011816584011
25701,LOF,0.016847125619688357,0.06997367191075636,0.9131792024695554
25702,GOF,0.030668364541969514,0.7085517548209609,0.2607798806370696
25703,LOF,0.00864373321646096,0.18246744618645397,0.8088888205970851
25704,LOF,0.046208525276721875,0.16935740221084322,0.7844340725124349
25705,LOF,0.06135227517390564,0.22052920133388174,0.7181185234922125
25706,GOF,0.036941553132804957,0.5302158166462939,0.43284263022090114
25707,LOF,0.024968808289675622,0.47296378250528526,0.5020674092050392
25708,LOF,0.008180923844270365,0.37217783566908896,0.6196412404866406
25709,LOF,0.05639546487158338,0.05716724618307877,0.8864372889453378
25710,LOF,0.005112895370636525,0.16771013801589016,0.8271769666134734
25711,LOF,0.01986449281240118,0.11217697458490851,0.8679585326026903
25712,LOF,0.007237455105327254,0.19146183963847582,0.801300705256197
25713,LOF,0.018987593244000386,0.09424317720352515,0.8867692295524745
25714,LOF,0.07302903663934253,0.11427001393092072,0.8127009494297367
25715,LOF,0.013505008408021947,0.12236957009650001,0.8641254214954781
25716,LOF,0.006174530725628578,0.11159124311334731,0.8822342261610241
25717,LOF,0.004993552657856034,0.10835339220881124,0.8866530551333328
25718,LOF,0.013870312975321012,0.0822258431454582,0.9039038438792207
25719,LOF,0.02356950483681201,0.08439726553463378,0.8920332296285542
25720,LOF,0.024661730639104575,0.08043246429601306,0.8949058050648824
25721,LOF,0.01660666858850364,0.10625366625634806,0.8771396651551483
25722,LOF,0.01390115304577735,0.13250023069560668,0.853598616258616
25723,LOF,0.020504667220222345,0.0669253496669023,0.9125699831128754
25724,LOF,0.020833377385600187,0.10333712890249264,0.8758294937119071
25725,LOF,0.013979546103891806,0.07296920475449956,0.9130512491416086
25726,LOF,0.012001682918611443,0.10530091796369567,0.8826973991176928
25727,LOF,0.014758972775685476,0.09196797381305694,0.8932730534112575
25728,LOF,0.013061871279769885,0.11020318940201172,0.8767349393182183
25729,LOF,0.013544185351537187,0.11160259175207561,0.8748532228963872
25730,LOF,0.014084658101835857,0.09400651114112463,0.8919088307570394
25731,LOF,0.007428251804100254,0.1407152598838928,0.8518564883120069
25732,LOF,0.013690446317798238,0.09470937529002137,0.8916001783921804
25733,LOF,0.019245731178654562,0.07767543184384743,0.9030788369774981
25734,LOF,0.005072393547509845,0.14758539893343237,0.8473422075190578
25735,LOF,0.015972379028678648,0.07923806786440911,0.9047895531069121
25736,LOF,0.014997371578508972,0.11448910265222906,0.8705135257692619
25737,LOF,0.024914735298523272,0.08988854210116566,0.8851967226003111
25738,LOF,0.015118396423257872,0.1336921416898495,0.8511894618868926
25739,LOF,0.022208506908016987,0.10889457844743931,0.8688969146445437
25740,LOF,0.03216612026902846,0.12062477459871132,0.8472091051322602
25741,LOF,0.017836922865318055,0.10501775068817852,0.8771453264465034
25742,LOF,0.1131068665643634,0.09860976543434026,0.7882833680012964
25743,LOF,0.014425950496321959,0.0398537958414317,0.9457202536622464
25744,LOF,0.22292303005716918,0.38428696250583994,0.3927900074369908
25745,LOF,0.025166305218357648,0.049553082176379486,0.9252806126052628
25746,LOF,0.015395040217578817,0.063424720739218,0.9211802390432032
25747,LOF,0.027002051817742075,0.03548597416146236,0.9375119740207956
25748,LOF,0.14726137825111488,0.06125170810612902,0.7914869136427561
25749,LOF,0.015275319306860434,0.04423008396219156,0.940494596730948
25750,LOF,0.029791910629855534,0.06694707415208039,0.903261015218064
25751,LOF,0.10557743120927063,0.06203949886567346,0.8323830699250558
25752,GOF,0.10609348922783404,0.6442820951872826,0.24962441558488335
25753,LOF,0.007263600164704502,0.36724274496586645,0.625493654869429
25754,GOF,0.004871732104890311,0.8593111055318591,0.13581716236325048
25755,LOF,0.009965472295775433,0.42564086326332,0.5643936644409047
25756,LOF,0.04397796178093559,0.41786091015704924,0.5381611280620152
25757,GOF,0.005898058043869842,0.8769413221037043,0.11716061985242575
25758,GOF,0.006551068949347548,0.8614501312478603,0.13199879980279217
25759,GOF,0.0045431491334852496,0.5498699074335259,0.4455869434329889
25760,LOF,0.0047185536068382215,0.28829464999502774,0.7069867963981341
25761,GOF,0.03604245305548639,0.8402306635128799,0.12372688343163378
25762,LOF,0.030291757034148277,0.3288247071328127,0.6408835358330389
25763,LOF,0.005662282036932366,0.23677917439933344,0.7575585435637343
25764,GOF,0.14624114582028233,0.5246108978258497,0.329147956353868
25765,GOF,0.010936307298500062,0.7834511791231765,0.20561251357832347
25766,GOF,0.01767233394077316,0.8151444764884486,0.1671831895707783
25767,LOF,0.02072643482819679,0.48146630480786534,0.497807260363938
25768,LOF,0.07559931515577956,0.06344150802110564,0.8609591768231148
25769,LOF,0.08076271253727231,0.051968328640183886,0.8672689588225437
25770,LOF,0.24313407093619763,0.06402913976396285,0.6928367892998395
25771,LOF,0.012438781839178023,0.07025681499722633,0.9173044031635956
25772,LOF,0.016610586005197638,0.024721280318410966,0.9586681336763915
25773,LOF,0.009992888650793397,0.10115722124641896,0.8888498901027877
25774,LOF,0.024739021219884312,0.06803012103549123,0.9072308577446245
25775,LOF,0.014633428617092438,0.04449088501282126,0.9408756863700862
25776,LOF,0.08497893525414565,0.01972943740049022,0.8952916273453642
25777,LOF,0.27764804875401505,0.0460097748140443,0.6763421764319407
25778,LOF,0.07143884433161816,0.038812095481338925,0.8897490601870428
25779,GOF,0.05706757536187962,0.8752432861295081,0.06768913850861222
25780,GOF,0.05717898530433468,0.8584232822739818,0.08439773242168354
25781,GOF,0.02424594401776403,0.8374010080164755,0.13835304796576056
25782,GOF,0.026699389890060765,0.878368042846484,0.09493256726345532
25783,GOF,0.01304541261253363,0.6677792552404259,0.3191753321470405
25784,GOF,0.10553195796293834,0.8390395056414768,0.05542853639558485
25785,GOF,0.06278350175243026,0.8866979875452197,0.05051851070235016
25786,GOF,0.004537119009216959,0.8207566787751129,0.1747062022156702
25787,GOF,0.17869174974912203,0.786747297687549,0.03456095256332907
25788,LOF,0.04368363542452224,0.14557111568155842,0.8107452488939193
25789,GOF,0.030217886868669178,0.8369997900573907,0.1327823230739402
25790,GOF,0.0352965289266487,0.8743054034326354,0.09039806764071595
25791,GOF,0.024019207562260877,0.8097077266436492,0.16627306579408974
25792,GOF,0.03907065719365694,0.8136028862889293,0.14732645651741388
25793,GOF,0.08338360055135041,0.8168522203028709,0.09976417914577862
25794,GOF,0.08563998947930022,0.7295414650650234,0.1848185454556765
25795,GOF,0.02306694055029097,0.7659025817009883,0.21103047774872066
25796,GOF,0.12210734416325093,0.7690514109990576,0.10884124483769135
25797,GOF,0.028736430546689576,0.6432531741090771,0.32801039534423343
25798,GOF,0.0030222518817689032,0.5848538295668064,0.41212391855142466
25799,LOF,0.002848546787244044,0.4706460182256789,0.526505434987077
25800,GOF,0.009512130385683552,0.6630017658597795,0.3274861037545368
25801,GOF,0.023830696613548072,0.829524392436093,0.1466449109503589
25802,GOF,0.015341362922805506,0.7463459765205137,0.23831266055668085
25803,GOF,0.009553791617343392,0.6589015801706095,0.3315446282120471
25804,GOF,0.010307937351755005,0.5580426859500534,0.43164937669819164
25805,GOF,0.017558212047938258,0.6531679422972251,0.3292738456548366
25806,GOF,0.015966905443380537,0.6900417323605041,0.29399136219611544
25807,GOF,0.004466534032225704,0.6790714536739629,0.3164620122938113
25808,GOF,0.012025263723024938,0.6789090365605386,0.3090656997164364
25809,GOF,0.004867616274470544,0.6569343608330382,0.3381980228924913
25810,GOF,0.004432329997307666,0.6690584161732936,0.32650925382939866
25811,GOF,0.07269921394922779,0.8369457696496843,0.0903550164010879
25812,GOF,0.012462192312933882,0.679554771599719,0.30798303608734706
25813,GOF,0.09236455492500792,0.7819678010793887,0.12566764399560343
25814,GOF,0.020623978114544084,0.7428116179255188,0.23656440395993727
25815,GOF,0.03606599825114281,0.7666059440562495,0.19732805769260772
25816,GOF,0.007214364296659261,0.8273979233677891,0.1653877123355517
25817,GOF,0.06045809955169508,0.788669862351087,0.15087203809721791
25818,GOF,0.019339703966794707,0.7651737173212548,0.21548657871195045
25819,GOF,0.06959155967490507,0.7559115302607461,0.17449691006434873
25820,GOF,0.028564382325207638,0.7562227549423931,0.2152128627323992
25821,GOF,0.01627842981979763,0.7403808462771628,0.2433407239030395
25822,GOF,0.03174098551020793,0.773352281317406,0.1949067331723862
25823,GOF,0.011065460071031374,0.6187881818294291,0.37014635809953955
25824,GOF,0.01953375603612695,0.7382307962890529,0.24223544767482028
25825,GOF,0.011243660227999826,0.7134232400305537,0.2753330997414464
25826,GOF,0.0048155066013382,0.6703091244768054,0.3248753689218565
25827,GOF,0.007437529124807307,0.6662353457175519,0.3263271251576408
25828,GOF,0.0048690300988700605,0.6116819721415059,0.383448997759624
25829,GOF,0.002759611538255268,0.6629872944161734,0.33425309404557135
25830,LOF,0.028157056938912305,0.4131961166863796,0.5586468263747081
25831,GOF,0.03007553884426315,0.8439942888970805,0.1259301722586564
25832,GOF,0.006823978412519015,0.7712556725052051,0.22192034908227598
25833,GOF,0.022272406045789,0.8157284382029101,0.16199915575130086
25834,GOF,0.006471629998761208,0.778350204814102,0.21517816518713678
25835,GOF,0.01624872345803716,0.8302065025458261,0.1535447739961368
25836,GOF,0.005529537123576264,0.7769968343308742,0.21747362854554958
25837,GOF,0.005539081100271159,0.6895671491072825,0.30489376979244637
25838,GOF,0.01638870713962088,0.8398675444525487,0.14374374840783022
25839,GOF,0.03197262745128064,0.8279774899950902,0.14004988255362896
25840,GOF,0.033795930193819254,0.8440411644883064,0.12216290531787435
25841,GOF,0.030755279915781013,0.8565371452525485,0.11270757483167043
25842,GOF,0.02052803504240907,0.8792825971156358,0.10018936784195527
25843,GOF,0.024167784158392627,0.890376307441022,0.08545590840058526
25844,GOF,0.013823696854112945,0.8076274375168834,0.17854886562900363
25845,GOF,0.004788961515548269,0.6255318815549746,0.36967915692947706
25846,GOF,0.02351311719268829,0.8565214754382162,0.1199654073690955
25847,GOF,0.014842152121976829,0.896263136011918,0.0888947118661051
25848,GOF,0.013147464309730907,0.8377577553341646,0.14909478035610452
25849,GOF,0.00450640244419949,0.7176822454147157,0.27781135214108477
25850,GOF,0.005747313640779052,0.716482353955493,0.2777703324037279
25851,GOF,0.005234003292263804,0.6084984327528062,0.38626756395493006
25852,GOF,0.13628424970651903,0.581685672629987,0.2820300776634939
25853,GOF,0.06484711608878478,0.8487375176015979,0.08641536630961717
25854,GOF,0.008485386908215773,0.6887256555883295,0.3027889575034547
25855,GOF,0.011166835413564124,0.6146830644735142,0.37415010011292166
25856,GOF,0.030689387672306882,0.747100702424386,0.22220990990330725
25857,GOF,0.013668229085176578,0.5801278376014725,0.40620393331335103
25858,GOF,0.007466941073355406,0.6087865947590814,0.38374646416756325
25859,GOF,0.005063061988225222,0.5825675764202156,0.4123693615915592
25860,GOF,0.06867819018568899,0.8162540305876521,0.11506777922665892
25861,GOF,0.10315446365139912,0.79953941825275,0.09730611809585095
25862,GOF,0.018343729697262133,0.8393338052183622,0.14232246508437574
25863,GOF,0.015811850375016957,0.846254607627576,0.13793354199740698
25864,GOF,0.03503605006735838,0.8797887531814212,0.08517519675122044
25865,GOF,0.023640980279104478,0.8454126499088945,0.13094636981200078
25866,GOF,0.019996355796226283,0.8359299536960609,0.14407369050771288
25867,GOF,0.022866373523472993,0.8650213365414428,0.11211228993508426
25868,GOF,0.04910806185656073,0.8202869310761998,0.13060500706723954
25869,GOF,0.3082744160702844,0.6153716535421111,0.07635393038760455
25870,GOF,0.16740104430663816,0.5812027865753495,0.2513961691180124
25871,GOF,0.01933713061628621,0.8822255447508891,0.09843732463282484
25872,GOF,0.015919025306478967,0.8648628385163886,0.1192181361771323
25873,GOF,0.015966753221636515,0.8788921220115793,0.10514112476678417
25874,LOF,0.015619438714753188,0.15813358058864166,0.8262469806966051
25875,LOF,0.03099155600633839,0.03734393154926122,0.9316645124444004
25876,LOF,0.014147443096310462,0.03230456163708659,0.9535479952666028
25877,LOF,0.11999129390001945,0.07041185468251838,0.8095968514174622
25878,LOF,0.04906340841397658,0.09094556483210335,0.8599910267539201
25879,LOF,0.021699231484697608,0.0775922550492943,0.900708513466008
25880,LOF,0.04821290994392421,0.01030327907798795,0.941483810978088
25881,Neutral,0.5782557928703476,0.0764714435522219,0.3452727635774305
25882,LOF,0.021929006221737015,0.04520676890218008,0.9328642248760829
25883,LOF,0.0548768902471035,0.02730874469935698,0.9178143650535395
25884,LOF,0.011535661582749872,0.05935420967802935,0.9291101287392208
25885,LOF,0.19399536254135055,0.010475560846105932,0.7955290766125435
25886,LOF,0.21263422198469012,0.055385303487418144,0.7319804745278916
25887,LOF,0.1474800638742105,0.07083043801359364,0.7816894981121958
25888,LOF,0.01249248902951415,0.1405711296084432,0.8469363813620427
25889,LOF,0.01655950677764942,0.038602566759523095,0.9448379264628276
25890,LOF,0.1244613874109035,0.1047810239258266,0.7707575886632698
25891,LOF,0.04998587385258454,0.05859794365766511,0.8914161824897503
25892,LOF,0.010627043454827246,0.04554204583106347,0.9438309107141093
25893,LOF,0.37387242215432914,0.013537012061156508,0.6125905657845142
25894,LOF,0.4208909365266474,0.008587503964852907,0.5705215595084996
25895,LOF,0.34551410060256105,0.016379312144182513,0.6381065872532564
25896,LOF,0.0428409620989345,0.03181013819896794,0.9253488997020975
25897,LOF,0.1841638589469004,0.01372848239887465,0.802107658654225
25898,LOF,0.22457402824205777,0.04659763264749808,0.7288283391104441
25899,LOF,0.23610932568935553,0.03300977504391293,0.7308808992667316
25900,LOF,0.4599666289644621,0.012866433891236559,0.5271669371443014
25901,LOF,0.04529171518558202,0.014200418073345869,0.9405078667410721
25902,LOF,0.10011059518443226,0.019156799038176697,0.880732605777391
25903,LOF,0.33982218487335786,0.038873536792271485,0.6213042783343706
25904,Neutral,0.4876937847826968,0.046256735896891304,0.4660494793204119
25905,LOF,0.006506614133846705,0.41177392112573036,0.5817194647404229
25906,LOF,0.008298557282755489,0.11452322558496106,0.8771782171322835
25907,LOF,0.0041523408450180425,0.33177731044472514,0.6640703487102568
25908,LOF,0.004112558358349408,0.23473915661386263,0.7611482850277879
25909,LOF,0.01518423899061815,0.15771888380817264,0.8270968772012092
25910,LOF,0.017197911222203256,0.1379785942980455,0.8448234944797511
25911,LOF,0.17801048612834788,0.02873640626721177,0.7932531076044405
25912,LOF,0.071871580768095,0.04666271218152646,0.8814657070503785
25913,LOF,0.06213161858852364,0.05008180809449485,0.8877865733169815
25914,LOF,0.02315509686400471,0.07670754300211244,0.9001373601338829
25915,LOF,0.13029818904550555,0.3128058544308908,0.5568959565236036
25916,LOF,0.019510508843592424,0.2025480488109857,0.7779414423454218
25917,LOF,0.05736802886937815,0.04716567351037978,0.8954662976202421
25918,LOF,0.028573508307549646,0.043365737356052377,0.9280607543363981
25919,LOF,0.02376671161536726,0.04206512666706018,0.9341681617175726
25920,LOF,0.10256927884005297,0.22930162192803574,0.6681290992319113
25921,LOF,0.008943337596231825,0.03674123064224799,0.9543154317615201
25922,LOF,0.011101807670285194,0.029683716584680355,0.9592144757450344
25923,LOF,0.3993870322432102,0.03873131153361656,0.5618816562231733
25924,LOF,0.016818442458022477,0.04643883670701305,0.9367427208349646
25925,LOF,0.07208560607172683,0.05149763452202003,0.8764167594062532
25926,LOF,0.0485290755979072,0.04548237547521656,0.9059885489268763
25927,LOF,0.019936710649863996,0.058778749704244806,0.9212845396458912
25928,LOF,0.006892931490456672,0.051682564158893565,0.9414245043506497
25929,LOF,0.47407829482027974,0.03602839064446635,0.48989331453525403
25930,LOF,0.09246254123749344,0.030765176244421984,0.8767722825180845
25931,LOF,0.00893089033839449,0.035377026975869925,0.9556920826857355
25932,LOF,0.0356442305912559,0.028846830136782957,0.9355089392719612
25933,LOF,0.04521710944051597,0.018495489649652235,0.9362874009098318
25934,LOF,0.028593284970359626,0.019035298486732938,0.9523714165429074
25935,LOF,0.07002122495315338,0.06174088538669931,0.8682378896601474
25936,LOF,0.0434746650998427,0.021470877620364676,0.9350544572797926
25937,LOF,0.008397718021757079,0.031169859100663062,0.9604324228775798
25938,LOF,0.0676571641988459,0.05342914875658874,0.8789136870445654
25939,LOF,0.03491758958623566,0.0227563100042495,0.9423261004095149
25940,LOF,0.008880174722331295,0.3445709383533271,0.6465488869243416
25941,Neutral,0.5267546969617418,0.027491446476082614,0.4457538565621756
25942,LOF,0.0056772757894866495,0.04301018674396909,0.9513125374665443
25943,LOF,0.03659646913285566,0.1383280824241722,0.8250754484429721
25944,LOF,0.11139940076603816,0.06770519883938297,0.8208954003945789
25945,LOF,0.056491675982530645,0.020746772147482224,0.9227615518699871
25946,LOF,0.07267381615736729,0.047280915160178245,0.8800452686824545
25947,Neutral,0.5113348018768586,0.0792869928243504,0.4093782052987909
25948,LOF,0.3420998479078448,0.011039626868950094,0.6468605252232051
25949,LOF,0.09130816825648619,0.05387320904100805,0.8548186227025057
25950,GOF,0.04076343578705949,0.6276225099658643,0.3316140542470763
25951,LOF,0.0129241049855759,0.42386036891946166,0.5632155260949624
25952,LOF,0.2501192474858268,0.2861698245331822,0.463710927980991
25953,LOF,0.011797599421839309,0.19164035239113442,0.7965620481870263
25954,LOF,0.04621834511319579,0.44016384938909636,0.5136178054977079
25955,LOF,0.01007486274574921,0.1440837616191809,0.8458413756350699
25956,LOF,0.027781667319999304,0.29496492068615515,0.6772534119938455
25957,LOF,0.20552738552245836,0.03897820403527942,0.7554944104422622
25958,LOF,0.05031056059617551,0.02938152183353497,0.9203079175702895
25959,LOF,0.012592809688255237,0.4921983549880532,0.4952088353236914
25960,LOF,0.005354622555186513,0.053604148173445006,0.9410412292713685
25961,LOF,0.0508382164614532,0.026837058928853286,0.9223247246096934
25962,LOF,0.03207738095422638,0.08357818711377327,0.8843444319320003
25963,LOF,0.006080033855922261,0.2416449599083332,0.7522750062357445
25964,LOF,0.029979295079780734,0.10799752393047997,0.8620231809897392
25965,LOF,0.3318065595343453,0.1315064171538212,0.5366870233118335
25966,LOF,0.42565360307383654,0.12260156326077379,0.45174483366538976
25967,LOF,0.006083831244453761,0.07565512644228142,0.9182610423132648
25968,LOF,0.04758779427764141,0.21535550706884407,0.7370566986535146
25969,LOF,0.1207122849286068,0.06976515117265976,0.8095225638987334
25970,LOF,0.019018409437513383,0.09017872992861968,0.8908028606338669
25971,LOF,0.07054506275511413,0.029033317039639947,0.900421620205246
25972,LOF,0.058587272645859875,0.04054389848907811,0.900868828865062
25973,LOF,0.059448289703738395,0.01297681307998726,0.9275748972162744
25974,LOF,0.047632019859874565,0.037512255211494816,0.9148557249286307
25975,LOF,0.042570285133697365,0.025122466457145724,0.932307248409157
25976,LOF,0.12266365623238772,0.012947908309561787,0.8643884354580506
25977,LOF,0.21456754458274474,0.05386645982953151,0.7315659955877237
25978,LOF,0.13919823917739715,0.15087145471749625,0.7099303061051067
25979,LOF,0.12134358640657278,0.15759369117730013,0.721062722416127
25980,LOF,0.2482058002373327,0.1679391873646386,0.5838550123980287
25981,LOF,0.2487248150674352,0.168521488362617,0.5827536965699478
25982,LOF,0.39375317553820177,0.11959748109287222,0.48664934336892596
25983,LOF,0.3737335897078469,0.14148096231164903,0.484785447980504
25984,LOF,0.03824924592694749,0.07492389292203108,0.8868268611510215
25985,LOF,0.4032714230500825,0.13618575327288882,0.4605428236770287
25986,LOF,0.012327298621817128,0.44293551014769433,0.5447371912304885
25987,LOF,0.039295671792709846,0.12667222314390778,0.8340321050633824
25988,LOF,0.14325103734376401,0.1338029370373164,0.7229460256189195
25989,LOF,0.04075958533012983,0.1747209189399471,0.7845194957299231
25990,LOF,0.0420109802099136,0.24848744934056666,0.7095015704495198
25991,LOF,0.020938035854246674,0.34184754037544574,0.6372144237703076
25992,LOF,0.026507389655118264,0.3637739216125634,0.6097186887323184
25993,LOF,0.020413072649151827,0.09387506275628671,0.8857118645945615
25994,LOF,0.016448979704118637,0.08404007095457701,0.8995109493413044
25995,LOF,0.01700937758273623,0.17943060215643145,0.8035600202608323
25996,LOF,0.2885134861241761,0.30428294587207727,0.4072035680037467
25997,LOF,0.0762827795723528,0.36385058456725383,0.5598666358603934
25998,LOF,0.29881009448595647,0.058157216907728945,0.6430326886063147
25999,LOF,0.020970697549031317,0.2547013837000019,0.7243279187509668
26000,LOF,0.16103279441945417,0.03821914465276135,0.8007480609277845
26001,LOF,0.29789616628243204,0.033837848514735494,0.6682659852028324
26002,LOF,0.06438597265851907,0.06682286274297766,0.8687911645985033
26003,GOF,0.0036740049415775406,0.621534715126205,0.3747912799322176
26004,GOF,0.005986617079921207,0.7344042052370334,0.2596091776830454
26005,GOF,0.0031312217064612094,0.5248810671158197,0.4719877111777191
26006,GOF,0.09318779949535527,0.6163030752632545,0.2905091252413903
26007,GOF,0.006167684118756782,0.6098214182855597,0.38401089759568363
26008,GOF,0.0052396783569515935,0.6890421924386108,0.30571812920443764
26009,GOF,0.0061260432901542134,0.7026903048877868,0.2911836518220589
26010,GOF,0.0068432726338087625,0.6821195876814367,0.31103713968475455
26011,GOF,0.002836025183462326,0.5035554989227725,0.49360847589376516
26012,GOF,0.003916093785799372,0.588058585763699,0.40802532045050166
26013,GOF,0.0047998332953695785,0.6105374059684501,0.3846627607361803
26014,LOF,0.03627303189803178,0.11922490841180006,0.8445020596901682
26015,LOF,0.13719402428490035,0.020439356352710034,0.8423666193623897
26016,LOF,0.26976093437715915,0.03817564669332543,0.6920634189295154
26017,LOF,0.02282855116974268,0.20079093205956244,0.776380516770695
26018,LOF,0.049410104732313165,0.040248318633408844,0.9103415766342781
26019,LOF,0.0492968019463586,0.03398554241032005,0.9167176556433213
26020,LOF,0.009196456578075574,0.18776619723397112,0.8030373461879533
26021,LOF,0.07518469958475872,0.06492992072297145,0.8598853796922697
26022,LOF,0.030756964888175538,0.025729919507324867,0.9435131156044995
26023,LOF,0.03959100275857558,0.023160624198614015,0.9372483730428105
26024,LOF,0.04703042347306897,0.059560989472085664,0.8934085870548454
26025,LOF,0.04882855442977685,0.07582742376945889,0.8753440218007642
26026,LOF,0.08699196798520621,0.05938519573439238,0.8536228362804015
26027,LOF,0.043154062359396755,0.019336765845202844,0.9375091717954004
26028,LOF,0.09333169963946378,0.1329565208525263,0.77371177950801
26029,LOF,0.021926803675831597,0.21634268017060954,0.7617305161535589
26030,LOF,0.14427649978621282,0.036662147557094585,0.8190613526566926
26031,LOF,0.013366196218197674,0.16922508846284132,0.8174087153189611
26032,LOF,0.06522121877655128,0.0787458599076849,0.8560329213157639
26033,LOF,0.08102166740825975,0.0720142224680254,0.8469641101237148
26034,LOF,0.015189327522270993,0.1791242063830897,0.8056864660946392
26035,LOF,0.013785389251631405,0.13293304401596912,0.8532815667323995
26036,LOF,0.015326238481151902,0.16198379011708885,0.8226899714017593
26037,LOF,0.01275695332468071,0.11704547110110976,0.8701975755742096
26038,LOF,0.055881887538593286,0.07195530696576506,0.8721628054956415
26039,LOF,0.026765474125560462,0.1621306763159193,0.8111038495585203
26040,LOF,0.11865065717901871,0.15107630329893246,0.7302730395220489
26041,LOF,0.015616148707659734,0.10144046113515201,0.8829433901571883
26042,LOF,0.014438562427473958,0.10658370596426889,0.8789777316082572
26043,LOF,0.05433901620709839,0.08789034361862912,0.8577706401742725
26044,LOF,0.01145439974635589,0.06847604520531075,0.9200695550483334
26045,LOF,0.04925004597603697,0.11580514948446662,0.8349448045394964
26046,LOF,0.047954903260902536,0.07038316510191368,0.8816619316371839
26047,LOF,0.07929027432091877,0.06805902203228545,0.8526507036467958
26048,LOF,0.04295758811252615,0.04751290919816213,0.9095295026893118
26049,Neutral,0.961371825628285,0.008159425108253468,0.030468749263461437
26050,Neutral,0.9474754536377541,0.008489598178309623,0.04403494818393622
26051,LOF,0.01351031943159316,0.1361090453902132,0.8503806351781936
26052,LOF,0.019924518832289108,0.17139223393542988,0.8086832472322811
26053,LOF,0.021160410973697006,0.14616115408787458,0.8326784349384284
26054,LOF,0.043349342378856896,0.02036461202478624,0.9362860455963568
26055,LOF,0.05594989909736033,0.018231043944282058,0.9258190569583576
26056,LOF,0.04876199379545308,0.02220068434302031,0.9290373218615267
26057,LOF,0.03106782573175255,0.013685096126007202,0.9552470781422403
26058,LOF,0.031766803374130584,0.01172849741636523,0.9565046992095041
26059,LOF,0.30922488375508,0.020300167541855305,0.6704749487030647
26060,LOF,0.010531111098253292,0.18916889352076036,0.8002999953809863
26061,LOF,0.0048478994610877,0.015973704139750296,0.9791783963991619
26062,LOF,0.0036095922244324358,0.021355037254442603,0.975035370521125
26063,LOF,0.021312874909570793,0.011612995435433548,0.9670741296549956
26064,LOF,0.005213897951352183,0.031015355326206438,0.9637707467224413
26065,LOF,0.024618651661992057,0.012177800890977428,0.9632035474470305
26066,LOF,0.02291849530517171,0.011649317506735327,0.965432187188093
26067,LOF,0.028042167542698927,0.010609933150038664,0.9613478993072625
26068,LOF,0.03975941931637419,0.04487759549611008,0.9153629851875158
26069,LOF,0.2822575121087472,0.02373327820259541,0.6940092096886574
26070,LOF,0.42789917397063504,0.018983667064809705,0.5531171589645553
26071,LOF,0.022940902939217446,0.012228223670341772,0.9648308733904408
26072,LOF,0.0046948163093659375,0.03063574312181299,0.9646694405688211
26073,LOF,0.021640049064942508,0.015703101345180985,0.9626568495898764
26074,Neutral,0.9181794232114893,0.007256473281708974,0.07456410350680165
26075,LOF,0.03840446220322021,0.022099418409213135,0.9394961193875667
26076,LOF,0.03493539409437398,0.011159777821041385,0.9539048280845847
26077,LOF,0.12108460161447367,0.009088841109804228,0.8698265572757222
26078,LOF,0.0049353931834896945,0.01795524397218442,0.9771093628443259
26079,LOF,0.0484277975286361,0.022835641367301356,0.9287365611040626
26080,LOF,0.04639345017182678,0.02289620508990804,0.9307103447382653
26081,LOF,0.028499528470696717,0.008321006468575684,0.9631794650607277
26082,LOF,0.003327359693360208,0.01882661469273952,0.9778460256139002
26083,LOF,0.1199822974058733,0.019260675841495586,0.8607570267526311
26084,LOF,0.04367221290932282,0.014414843590351478,0.9419129435003258
26085,LOF,0.039924631806130255,0.012817322795472272,0.9472580453983974
26086,LOF,0.022582330442855732,0.012191829249225506,0.9652258403079187
26087,LOF,0.021227092946522662,0.011081061316315985,0.9676918457371614
26088,LOF,0.005231358777782822,0.023477936020970164,0.9712907052012469
26089,LOF,0.03690480225761654,0.02386785171497617,0.9392273460274072
26090,LOF,0.03764333510355988,0.01983178421426236,0.9425248806821777
26091,LOF,0.027852304616695647,0.00789348448939913,0.9642542108939052
26092,LOF,0.022587327731697696,0.009001795206469142,0.9684108770618333
26093,LOF,0.040053416545773095,0.007271659961605576,0.9526749234926214
26094,LOF,0.03216755755363284,0.007399829125451406,0.9604326133209158
26095,LOF,0.016240665732638323,0.01872154460974657,0.9650377896576151
26096,LOF,0.17379637176991947,0.005891068403583274,0.8203125598264973
26097,LOF,0.004744218550985273,0.035462666665110255,0.9597931147839044
26098,LOF,0.07624193592783077,0.017279667648193695,0.9064783964239757
26099,LOF,0.022017795063414818,0.0163868568726174,0.9615953480639678
26100,LOF,0.022017795063414818,0.0163868568726174,0.9615953480639678
26101,LOF,0.0546153322129016,0.023535432866906122,0.9218492349201923
26102,LOF,0.020455735431701646,0.016521381906243277,0.963022882662055
26103,Neutral,0.8392943768017266,0.023840534225184687,0.13686508897308874
26104,LOF,0.06332109945561573,0.027433103221766914,0.9092457973226172
26105,LOF,0.2474275545417547,0.17287934162737276,0.5796931038308726
26106,LOF,0.3408191714266009,0.12553016232299552,0.5336506662504036
26107,LOF,0.02015425361307348,0.1070542508529966,0.8727914955339299
26108,LOF,0.3293500024081324,0.046533384750758265,0.6241166128411093
26109,LOF,0.03629383582269628,0.05266982351164095,0.9110363406656626
26110,LOF,0.20493746679823868,0.008373974032812155,0.7866885591689492
26111,LOF,0.07308264717264412,0.08010002320404273,0.846817329623313
26112,LOF,0.036195923170588416,0.0082768036656363,0.9555272731637754
26113,LOF,0.060400737784925926,0.016778102881647522,0.9228211593334266
26114,LOF,0.08029020410168322,0.011566007638492191,0.9081437882598247
26115,LOF,0.015985613116919376,0.07250955959098292,0.9115048272920978
26116,LOF,0.1065392413790819,0.04348498596177341,0.8499757726591447
26117,LOF,0.4129808001926322,0.035834952969561774,0.5511842468378061
26118,LOF,0.0306357342476925,0.017557239079772708,0.9518070266725347
26119,LOF,0.005019342094712026,0.03908058651489886,0.955900071390389
26120,LOF,0.025298454169214623,0.01709817218764257,0.9576033736431427
26121,LOF,0.0043621494627129765,0.12626861561797809,0.869369234919309
