feature0,prediction,LoGoFunc_Neutral,LoGoFunc_GOF,LoGoFunc_LOF
25546,Neutral,0.6611782963587058,0.053552746598359256,0.28526895704293487
25547,Neutral,0.5401769995460548,0.11968224757126115,0.34014075288268397
25548,Neutral,0.5027325356940862,0.08675315134414216,0.41051431296177177
25549,Neutral,0.4746223308611367,0.08611645489062915,0.43926121424823417
25550,LOF,0.39040337822983817,0.13845214482472154,0.4711444769454403
25551,LOF,0.31939076310950004,0.13528648736246404,0.5453227495280358
25552,LOF,0.19013866964925522,0.14600618793854708,0.6638551424121977
25553,Neutral,0.8237814708386694,0.03824940461995951,0.13796912454137128
25554,LOF,0.2293332844160816,0.14321932552458685,0.6274473900593315
25555,LOF,0.1814729528892962,0.13353140189744944,0.6849956452132543
25556,Neutral,0.5110513415872621,0.1108015111948587,0.3781471472178792
25557,LOF,0.17775578962651176,0.13818174128799576,0.6840624690854924
25558,LOF,0.23084224305473752,0.15174927757943785,0.6174084793658247
25559,Neutral,0.5856068583632992,0.0706428416261165,0.34375030001058426
25560,LOF,0.046625347868022055,0.32829929240054956,0.6250753597314285
25561,LOF,0.08082583984172662,0.3693354526961703,0.5498387074621031
25562,LOF,0.09927429137581616,0.1906180464717084,0.7101076621524753
25563,LOF,0.1094849071544575,0.20492518241585306,0.6855899104296894
25564,LOF,0.06158830757223631,0.29320043233176313,0.6452112600960006
25565,LOF,0.1494020255839004,0.16722052425267248,0.6833774501634272
25566,GOF,0.016061197764608223,0.7442586204850078,0.23968018175038397
25567,LOF,0.014012793191768494,0.13232677886573221,0.8536604279424993
25568,LOF,0.04708235572170408,0.07673166440256178,0.8761859798757341
25569,LOF,0.05715827419699564,0.0747356272354271,0.8681060985675774
25570,LOF,0.0629823717000707,0.10710170408448869,0.8299159242154406
25571,LOF,0.06378695160295392,0.10494682099680126,0.8312662274002447
25572,LOF,0.06327365624335211,0.1497257183366685,0.7870006254199794
25573,LOF,0.02893460183444634,0.08616273636513645,0.8849026618004171
25574,LOF,0.015676241400249577,0.1418011823692451,0.8425225762305053
25575,LOF,0.05297806330997018,0.10667915169277045,0.8403427849972593
25576,LOF,0.020719482677715815,0.1046129983734546,0.8746675189488295
25577,LOF,0.013328152381796656,0.14363254458136748,0.8430393030368358
25578,LOF,0.22750793289064464,0.0980293328692094,0.6744627342401459
25579,LOF,0.2292900530070566,0.09722707109960886,0.6734828758933347
25580,LOF,0.036275293877876105,0.09469270989583776,0.8690319962262861
25581,LOF,0.04810354205790574,0.07801578579475715,0.8738806721473371
25582,LOF,0.0478045905249571,0.07470289954800075,0.8774925099270422
25583,LOF,0.04294546266381706,0.10582516695752676,0.8512293703786561
25584,Neutral,0.4685361470564989,0.08390214692721754,0.4475617060162835
25585,LOF,0.030071873000061485,0.09956203601489022,0.8703660909850482
25586,LOF,0.031914633171554754,0.07781980760262402,0.8902655592258213
25587,LOF,0.03128360166391136,0.06665392824379932,0.9020624700922893
25588,LOF,0.03146066031034026,0.08469437030429916,0.8838449693853606
25589,Neutral,0.6210929409843065,0.08041375248683273,0.29849330652886086
25590,LOF,0.025373702272798764,0.12038812588439186,0.8542381718428094
25591,LOF,0.10582366008217078,0.06000403017154748,0.8341723097462816
25592,LOF,0.09294391521568797,0.12607089533584268,0.7809851894484694
25593,LOF,0.015406352260803741,0.22119580890576873,0.7633978388334275
25594,LOF,0.03222832813641022,0.2159055037937429,0.7518661680698469
25595,LOF,0.06199227462080216,0.16252792892765802,0.7754797964515399
25596,LOF,0.08445809706105628,0.12076556790203263,0.7947763350369113
25597,LOF,0.07391842564606842,0.055134014348191915,0.8709475600057397
25598,LOF,0.04298207888693023,0.2170415214230804,0.7399763996899893
25599,GOF,0.0067880147200618125,0.6016907535553542,0.3915212317245841
25600,GOF,0.00808260302836305,0.5620871049192546,0.42983029205238227
25601,LOF,0.007359444559509175,0.3719867785892179,0.620653776851273
25602,LOF,0.014169706600395276,0.07987820987661608,0.9059520835229887
25603,LOF,0.03817095179739547,0.033479627805038346,0.9283494203975661
25604,LOF,0.03500136078980973,0.07425838769085315,0.890740251519337
25605,LOF,0.010310184369851457,0.20847110524855347,0.7812187103815952
25606,GOF,0.05418388724351049,0.4758939302025333,0.46992218255395624
25607,LOF,0.003657678726088293,0.15707037226702958,0.8392719490068821
25608,LOF,0.04767107069759307,0.046415603062882616,0.9059133262395243
25609,LOF,0.059865499421191584,0.2511334920211796,0.6890010085576287
25610,LOF,0.05011727342292413,0.038933900488628444,0.9109488260884474
25611,LOF,0.0591732250583645,0.02750732406222763,0.9133194508794079
25612,LOF,0.11995573477346422,0.07123632625114569,0.80880793897539
25613,LOF,0.10645417287094648,0.06386020416600466,0.8296856229630488
25614,LOF,0.03942505387945286,0.04440760523316622,0.9161673408873809
25615,LOF,0.07682546223627437,0.06368426547877752,0.8594902722849482
25616,LOF,0.042550821227035816,0.06241838285219858,0.8950307959207655
25617,LOF,0.049142934904920166,0.060810525117527284,0.8900465399775527
25618,LOF,0.2748187032495031,0.047512231530767675,0.6776690652197292
25619,LOF,0.04467725399497109,0.048746111475351094,0.9065766345296777
25620,LOF,0.04179010849544744,0.06850590380953189,0.8897039876950206
25621,LOF,0.038341799972431284,0.04943393376232114,0.9122242662652477
25622,LOF,0.031699877011835784,0.06816885980634219,0.900131263181822
25623,LOF,0.05336861738749748,0.04481607570466687,0.9018153069078356
25624,LOF,0.03245521578699894,0.05455751679575753,0.9129872674172435
25625,LOF,0.03714768687262825,0.07118174297948321,0.8916705701478886
25626,LOF,0.07684491019215303,0.05249778642016702,0.87065730338768
25627,Neutral,0.5470803962485716,0.11676146714160687,0.3361581366098215
25628,LOF,0.2084674822849735,0.05380147971268112,0.7377310380023454
25629,LOF,0.07340638654078298,0.15381538233843536,0.7727782311207817
25630,LOF,0.1855022520488185,0.08558922525891008,0.7289085226922715
25631,Neutral,0.5883009288123249,0.05969828494625961,0.35200078624141545
25632,LOF,0.023179546918871217,0.08222707518189543,0.8945933778992333
25633,LOF,0.23566560979139065,0.08242176187952668,0.6819126283290826
25634,LOF,0.03945273043161896,0.07785488140171305,0.882692388166668
25635,LOF,0.03936417977647982,0.07098571676102777,0.8896501034624925
25636,GOF,0.005244459629524087,0.689488945632145,0.30526659473833084
25637,GOF,0.003772094706566232,0.5994917763327254,0.39673612896070837
25638,GOF,0.006943630340815203,0.5504688375761642,0.44258753208302065
25639,GOF,0.004145270431414889,0.5251205800266663,0.4707341495419189
25640,GOF,0.34566780696530347,0.5971890319449478,0.05714316108974879
25641,LOF,0.005495155277136644,0.3494794865467166,0.6450253581761467
25642,LOF,0.24429757473184469,0.13036623588639287,0.6253361893817624
25643,LOF,0.22267676608205458,0.25645974198328775,0.5208634919346576
25644,GOF,0.015223081349131654,0.6590422681448928,0.32573465050597566
25645,GOF,0.012595952568277474,0.5637245300752287,0.4236795173564938
25646,LOF,0.012517577102635291,0.4092796827267687,0.578202740170596
25647,LOF,0.010575165752605123,0.3106538855972051,0.6787709486501897
25648,LOF,0.007753243441386849,0.3988568673813082,0.5933898891773048
25649,LOF,0.008835749720818851,0.22978197312006302,0.7613822771591181
25650,GOF,0.027494756501373355,0.5218715101847318,0.4506337333138949
25651,LOF,0.006650680869261079,0.261440905153005,0.7319084139777339
25652,LOF,0.012178268513050502,0.35040564153107095,0.6374160899558786
25653,GOF,0.05004112787961084,0.5210787648200266,0.4288801073003626
25654,LOF,0.008458106630690207,0.33705687411921886,0.6544850192500908
25655,GOF,0.07936479107999005,0.4658924575895577,0.45474275133045217
25656,LOF,0.0923241255552143,0.09944428098716124,0.8082315934576244
25657,LOF,0.3024735379167012,0.045377417206762256,0.6521490448765366
25658,LOF,0.03994565138013714,0.20128601854728334,0.7587683300725795
25659,LOF,0.22427160644995603,0.11203919416876212,0.6636891993812818
25660,LOF,0.09538640298544414,0.08632257883208595,0.81829101818247
25661,LOF,0.07724247644458222,0.06782795511561619,0.8549295684398016
25662,LOF,0.040015117733406845,0.058218869738700676,0.9017660125278925
25663,LOF,0.04844328924670994,0.09884339935903595,0.8527133113942541
25664,LOF,0.03199463525978484,0.1361608422555416,0.8318445224846736
25665,LOF,0.041771749243184726,0.061176093561196396,0.8970521571956189
25666,LOF,0.04119631419015671,0.14857330237249647,0.8102303834373469
25667,LOF,0.0404973712634372,0.04800570236366195,0.9114969263729008
25668,LOF,0.05769342076755842,0.059017880105069954,0.8832886991273715
25669,LOF,0.05560460617539596,0.08585769092339873,0.8585377029012053
25670,LOF,0.07903893822956633,0.07887500931179016,0.8420860524586434
25671,LOF,0.050172761375755784,0.044391744573354194,0.9054354940508901
25672,LOF,0.047905173875591935,0.06752452946659099,0.8845702966578172
25673,LOF,0.037497496506773274,0.06473979172857888,0.897762711764648
25674,LOF,0.026333391415809888,0.08060790637176844,0.8930587022124217
25675,LOF,0.0340192188738851,0.06155606429882957,0.9044247168272852
25676,LOF,0.03715162017995916,0.060753223490180905,0.90209515632986
25677,LOF,0.09113359575277441,0.05590280298922583,0.8529636012579997
25678,LOF,0.19080830230351103,0.046553463895224946,0.762638233801264
25679,LOF,0.13046663405076794,0.05407769428314334,0.8154556716660887
25680,LOF,0.09777437357802364,0.08718580705247789,0.8150398193694984
25681,LOF,0.11300012806751926,0.08200289368107933,0.8049969782514015
25682,LOF,0.05306385729906696,0.05398213844807882,0.8929540042528541
25683,LOF,0.0836540788619825,0.07263509996579104,0.8437108211722264
25684,LOF,0.07566037809316647,0.05845955006360113,0.8658800718432323
25685,LOF,0.12798239393221195,0.03891638506223176,0.8331012210055563
25686,LOF,0.02743001908302871,0.08600964752785195,0.8865603333891192
25687,LOF,0.05985474563256671,0.09084602586304395,0.8492992285043893
25688,LOF,0.022941656162469435,0.061844747033164976,0.9152135968043655
25689,LOF,0.019832622385168468,0.034413451067048746,0.9457539265477829
25690,LOF,0.02035881424177365,0.042672486669168064,0.9369686990890584
25691,LOF,0.11588879980642315,0.06724953553445215,0.8168616646591247
25692,LOF,0.2926725607563365,0.012772889880386364,0.6945545493632771
25693,LOF,0.03613472997988415,0.26943528817128376,0.6944299818488321
25694,LOF,0.24544619747895202,0.014887348646013782,0.7396664538750342
25695,LOF,0.18033987989016653,0.030177667924233636,0.7894824521855999
25696,LOF,0.08305985821877213,0.02873266812317435,0.8882074736580535
25697,LOF,0.07938280475194855,0.041861272342615226,0.8787559229054362
25698,LOF,0.015068741865121813,0.42846514416817594,0.5564661139667023
25699,LOF,0.09372517470575122,0.10695586386917802,0.7993189614250708
25700,LOF,0.038431222252679705,0.018451855743702124,0.9431169220036181
25701,LOF,0.013891101161283956,0.09117751224950697,0.8949313865892091
25702,GOF,0.026378420079209475,0.7748164546302602,0.19880512529053018
25703,LOF,0.014623941495300195,0.2606954798850905,0.7246805786196093
25704,LOF,0.06716066890330451,0.16615428805624216,0.7666850430404534
25705,LOF,0.06190631820959163,0.1841125048804973,0.753981176909911
25706,GOF,0.01749939378911099,0.6741252161104322,0.30837539010045684
25707,GOF,0.02722564089054665,0.5619836930519657,0.41079066605748754
25708,GOF,0.00720719459050538,0.5163340334706413,0.4764587719388533
25709,LOF,0.03121067325376928,0.07845378090183955,0.8903355458443912
25710,LOF,0.005726128425087227,0.1533886677625256,0.8408852038123872
25711,LOF,0.03105822534402934,0.14476934794190313,0.8241724267140675
25712,LOF,0.00769008461146979,0.2164867127780687,0.7758232026104614
25713,LOF,0.028499856703045813,0.12766768263824274,0.8438324606587113
25714,LOF,0.02651818144579792,0.16534734225502373,0.8081344762991783
25715,LOF,0.03541835601277157,0.14121069418241927,0.8233709498048092
25716,LOF,0.00653644623345816,0.15744623959049228,0.8360173141760495
25717,LOF,0.006044756555379703,0.12583133688657233,0.8681239065580479
25718,LOF,0.03383335018223921,0.08961841120007605,0.8765482386176848
25719,LOF,0.043625188203584915,0.1258647368669486,0.8305100749294665
25720,LOF,0.038453558459479766,0.1356032712094128,0.8259431703311074
25721,LOF,0.031017508843867534,0.13692052021252019,0.8320619709436123
25722,LOF,0.019120265334344074,0.16591987965045343,0.8149598550152024
25723,LOF,0.03479576566905109,0.12489408747687213,0.8403101468540769
25724,LOF,0.046910498868727925,0.2753514573200479,0.6777380438112242
25725,LOF,0.03503188164068579,0.1059765797609669,0.8589915385983474
25726,LOF,0.021699600857550263,0.16218412078007394,0.8161162783623758
25727,LOF,0.030189318336201552,0.12243955225395861,0.8473711294098398
25728,LOF,0.03103587345191206,0.14206224653429544,0.8269018800137925
25729,LOF,0.028785858299670408,0.1611376908512939,0.8100764508490358
25730,LOF,0.038728349055624195,0.09559871009114382,0.8656729408532319
25731,LOF,0.009996953223664675,0.11109977124842609,0.8789032755279093
25732,LOF,0.021107997407010692,0.08661582610959175,0.8922761764833975
25733,LOF,0.036943141204611764,0.09350978245832753,0.8695470763370607
25734,LOF,0.006425637119932921,0.281081311645752,0.7124930512343151
25735,LOF,0.027584540730809525,0.10352978371897445,0.8688856755502159
25736,LOF,0.02551380935665551,0.18319431405176584,0.7912918765915786
25737,LOF,0.03670332665625312,0.12964995346092803,0.8336467198828188
25738,LOF,0.02831750435824224,0.18272845331464294,0.7889540423271149
25739,LOF,0.029732073640021374,0.13074221486823293,0.8395257114917457
25740,LOF,0.03864657911958187,0.15599986753476938,0.8053535533456486
25741,LOF,0.046556333320266104,0.1199817640188011,0.8334619026609327
25742,LOF,0.05621425290934177,0.13426601498766982,0.8095197321029884
25743,LOF,0.012028782297918029,0.02301911230677964,0.9649521053953023
25744,LOF,0.21889075117301834,0.1378658032880392,0.6432434455389425
25745,LOF,0.038219128910189415,0.056730132395018514,0.905050738694792
25746,LOF,0.015454092993663807,0.09087732411396379,0.8936685828923724
25747,LOF,0.05161552866088795,0.029077184633628458,0.9193072867054837
25748,LOF,0.3113667691783987,0.0549398436630107,0.6336933871585907
25749,LOF,0.016596501563349974,0.04992495548527034,0.9334785429513797
25750,LOF,0.02211390049381917,0.05569567257124348,0.9221904269349375
25751,LOF,0.04934733262411169,0.04257805964569008,0.9080746077301983
25752,GOF,0.07030762789514754,0.7109612051489683,0.21873116695588407
25753,LOF,0.00736616622611519,0.46574891393225043,0.5268849198416344
25754,GOF,0.007470179769779434,0.8977228324895635,0.09480698774065707
25755,LOF,0.007165945705658063,0.4358425367954009,0.5569915174989409
25756,LOF,0.023971415565143057,0.45386413955510335,0.5221644448797536
25757,GOF,0.00783255991099588,0.87904539687188,0.11312204321712413
25758,GOF,0.008715208171240909,0.8979618639660171,0.09332292786274189
25759,GOF,0.006227322655639052,0.7037114005359527,0.2900612768084083
25760,LOF,0.005518164928384951,0.3422707082778403,0.6522111267937748
25761,GOF,0.04569881816078225,0.8724610432493152,0.08184013858990262
25762,LOF,0.027155559222217854,0.37285979136587216,0.59998464941191
25763,LOF,0.006204521908078,0.3177346276543023,0.6760608504376198
25764,GOF,0.06317083816837182,0.7003733955497025,0.23645576628192574
25765,GOF,0.00843988864251173,0.8925555248925146,0.09900458646497362
25766,GOF,0.024060649056992574,0.8598561067020332,0.11608324424097433
25767,GOF,0.016765704876074487,0.5541761339091971,0.4290581612147285
25768,LOF,0.05435462362760127,0.04916795355491928,0.8964774228174794
25769,LOF,0.025437539681043467,0.07986006886496849,0.894702391453988
25770,LOF,0.13899892124243038,0.14748056834419962,0.71352051041337
25771,LOF,0.01793230427727587,0.10002297524746033,0.8820447204752637
25772,LOF,0.02967829454560639,0.03692932984077797,0.9333923756136155
25773,LOF,0.014100673279729782,0.08484777679347352,0.9010515499267967
25774,LOF,0.024604184061010847,0.23390154433947927,0.7414942715995099
25775,LOF,0.018036003061595897,0.049368385035568334,0.9325956119028357
25776,LOF,0.029341614624742995,0.024777393255985835,0.945880992119271
25777,LOF,0.30861672974559823,0.12496517387506442,0.5664180963793374
25778,LOF,0.026449413932023318,0.08780965449876812,0.8857409315692086
25779,GOF,0.05460204676293828,0.8807502155795602,0.06464773765750158
25780,GOF,0.06478576106612935,0.8743236386201836,0.06089060031368706
25781,GOF,0.029462901026694525,0.8416899754801627,0.1288471234931429
25782,GOF,0.038140311613567415,0.9001441196989164,0.06171556868751619
25783,GOF,0.03716025051833765,0.9112998480519164,0.05153990142974583
25784,GOF,0.1219796078654012,0.8285215700599392,0.04949882207465953
25785,GOF,0.11843902665413199,0.8498784963268684,0.03168247701899961
25786,GOF,0.010712321698743555,0.8708068991406843,0.11848077916057222
25787,GOF,0.24977953601400982,0.7038518700222636,0.046368593963726695
25788,LOF,0.01935487888690134,0.19633688011396705,0.7843082409991315
25789,GOF,0.020563728768603618,0.8724588939893153,0.10697737724208091
25790,GOF,0.029409644407246534,0.897890630048858,0.07269972554389542
25791,GOF,0.02788146695030039,0.7820533638339966,0.190065169215703
25792,GOF,0.03416003581552638,0.826777125236784,0.13906283894768964
25793,GOF,0.0423233337796975,0.8226478163705185,0.13502884984978406
25794,GOF,0.05001544541730947,0.7603774095688591,0.18960714501383144
25795,GOF,0.05294004141435153,0.7546489008650991,0.19241105772054934
25796,GOF,0.13072591651568463,0.7872308703547243,0.08204321312959098
25797,GOF,0.0711807400477079,0.7189899405604137,0.2098293193918784
25798,GOF,0.007659746310459096,0.8177626846863016,0.17457756900323915
25799,GOF,0.005292031925134782,0.735022330181131,0.2596856378937343
25800,GOF,0.027383558860792936,0.8624974987033145,0.11011894243589265
25801,GOF,0.025005620931023435,0.902334608830109,0.07265977023886758
25802,GOF,0.02816848383027976,0.8078695734496458,0.16396194272007447
25803,GOF,0.020077099825884404,0.7461199176095237,0.23380298256459184
25804,GOF,0.034462030231706305,0.8074417658911439,0.15809620387714973
25805,GOF,0.030056753630934796,0.8463775947107048,0.12356565165836049
25806,GOF,0.03817601912168061,0.8536326170596826,0.10819136381863685
25807,GOF,0.015681629239936903,0.8008920685657592,0.18342630219430384
25808,GOF,0.025984363274660766,0.8249187401906288,0.14909689653471025
25809,GOF,0.01376245607228754,0.7709445006295398,0.2152930432981727
25810,GOF,0.01219419201162049,0.7578556208656482,0.22995018712273146
25811,GOF,0.07447447274292232,0.863554525249965,0.06197100200711269
25812,GOF,0.03371045224040793,0.7994051054752417,0.1668844422843503
25813,GOF,0.19284891855221248,0.7369610447100283,0.07019003673775927
25814,GOF,0.03111091842760612,0.7965620107312665,0.17232707084112744
25815,GOF,0.058811010741683475,0.8124312927450784,0.12875769651323812
25816,GOF,0.009926966667628254,0.8758093784562736,0.1142636548760982
25817,GOF,0.11682935231866746,0.7676953058393544,0.11547534184197812
25818,GOF,0.029671466238624548,0.8143025566694925,0.1560259770918829
25819,GOF,0.05023306096377132,0.7829517901314041,0.1668151489048245
25820,GOF,0.05320231213531776,0.7586141452585359,0.18818354260614628
25821,GOF,0.03768181700057912,0.8032557686406145,0.15906241435880633
25822,GOF,0.057503599676144504,0.7847062094569495,0.157790190866906
25823,GOF,0.030255589258178152,0.7466383228147887,0.22310608792703318
25824,GOF,0.03036308456599182,0.8085330926743473,0.16110382275966087
25825,GOF,0.022411715822786806,0.8058293426522227,0.1717589415249904
25826,GOF,0.011792047540831112,0.7544615652094243,0.23374638724974442
25827,GOF,0.016798816168807774,0.7662398071954639,0.21696137663572837
25828,GOF,0.01111660929495097,0.79626109428683,0.19262229641821904
25829,GOF,0.0048101276562971486,0.688833068182988,0.3063568041607148
25830,GOF,0.04938605669436294,0.5733195853826925,0.37729435792294475
25831,GOF,0.07372615529642566,0.8224817960864331,0.10379204861714128
25832,GOF,0.011764819639596765,0.7664812350869329,0.22175394527347028
25833,GOF,0.03863609120210085,0.8315452389143057,0.12981866988359345
25834,GOF,0.012042649370821721,0.7896555656027562,0.19830178502642212
25835,GOF,0.027293942977751208,0.842906356878599,0.1297997001436498
25836,GOF,0.007829574736629867,0.7755386514298446,0.21663177383352555
25837,GOF,0.009772422300333556,0.7996797979509801,0.19054777974868628
25838,GOF,0.02074847872139575,0.8509094730082515,0.12834204827035264
25839,GOF,0.04622707275692304,0.8286769826318816,0.12509594461119533
25840,GOF,0.08397438769855942,0.7952548757552932,0.12077073654614721
25841,GOF,0.07336421879398161,0.8358439520689719,0.09079182913704642
25842,GOF,0.02842172430396209,0.8938661659549332,0.07771210974110462
25843,GOF,0.026128256281388727,0.8978038417208233,0.07606790199778779
25844,GOF,0.02072146020926664,0.837073181891249,0.14220535789948427
25845,GOF,0.0074083352003830386,0.7489374238932028,0.24365424090641427
25846,GOF,0.07199758147395799,0.8460511786907828,0.08195123983525908
25847,GOF,0.017464085610934516,0.889676717801631,0.09285919658743454
25848,GOF,0.02428402121953613,0.8417906874139245,0.1339252913665394
25849,GOF,0.008195987744474123,0.819501991660571,0.17230202059495486
25850,GOF,0.00717666782922714,0.7320316728956325,0.26079165927514036
25851,GOF,0.006482777443078176,0.6800362217626331,0.3134810007942887
25852,GOF,0.14876872594753354,0.5552609690712553,0.29597030498121113
25853,GOF,0.05293557333702676,0.8234513927774383,0.12361303388553495
25854,GOF,0.0069424034286049915,0.7649547534313952,0.22810284313999982
25855,GOF,0.022484405711723426,0.6418479126923912,0.3356676815958855
25856,GOF,0.04509598875481002,0.729140233560909,0.22576377768428094
25857,GOF,0.022942677228704286,0.6336253507250202,0.34343197204627557
25858,GOF,0.009837795502666702,0.6258895311847141,0.36427267331261914
25859,GOF,0.00716998593103568,0.6010562822974906,0.39177373177147373
25860,GOF,0.08393093650162757,0.7550667146386629,0.16100234885970932
25861,GOF,0.10308055918993242,0.8135271392985411,0.08339230151152648
25862,GOF,0.023121514270221615,0.9050324476287251,0.07184603810105337
25863,GOF,0.01971566641865612,0.8857222157214989,0.09456211785984507
25864,GOF,0.0389870121211279,0.896945015258552,0.06406797262032016
25865,GOF,0.038308264456563344,0.8731066821485329,0.08858505339490383
25866,GOF,0.01907695192838544,0.8764032667658244,0.10451978130579007
25867,GOF,0.03926541026522848,0.8753469306409647,0.08538765909380681
25868,GOF,0.06318722919120072,0.7973193494810333,0.139493421327766
25869,GOF,0.2997782459465281,0.6052318631296983,0.0949898909237736
25870,GOF,0.06683478679420952,0.6163506366466598,0.31681457655913076
25871,GOF,0.00938052467453489,0.8268062845629228,0.1638131907625423
25872,GOF,0.02040395318049839,0.8195744371202478,0.16002160969925378
25873,GOF,0.02068252324579442,0.8926532099862947,0.08666426676791103
25874,LOF,0.02399676683128972,0.20236241773380798,0.7736408154349024
25875,LOF,0.02243155304642332,0.10393652205635481,0.8736319248972219
25876,LOF,0.024239861647977493,0.04697433547760582,0.9287858028744167
25877,LOF,0.11074444956288507,0.16943521517726945,0.7198203352598455
25878,LOF,0.06607189524266145,0.24473894866091478,0.6891891560964237
25879,LOF,0.010952560026620038,0.16368736775918938,0.8253600722141906
25880,LOF,0.04772090178751971,0.015832013332635,0.9364470848798452
25881,Neutral,0.5263334142394764,0.15738503277841429,0.31628155298210925
25882,LOF,0.044863385405161535,0.03868759489512161,0.9164490196997168
25883,LOF,0.02809223454148397,0.030533658518941843,0.9413741069395742
25884,LOF,0.015492733627886264,0.05078833660235069,0.9337189297697631
25885,LOF,0.15190231056519746,0.01652092549854125,0.8315767639362613
25886,LOF,0.2568244899736188,0.06983792476695452,0.6733375852594268
25887,LOF,0.07038037746314131,0.2191596926684832,0.7104599298683755
25888,LOF,0.007133889529382473,0.23718413974442543,0.755681970726192
25889,LOF,0.023306403374836894,0.04199340636979296,0.9347001902553702
25890,LOF,0.19595986369147267,0.0784923266546642,0.7255478096538631
25891,LOF,0.11242963053334014,0.039801210728662564,0.8477691587379973
25892,LOF,0.008456211917106977,0.03591631089920862,0.9556274771836845
25893,LOF,0.2834400270786771,0.012837087909686067,0.7037228850116369
25894,LOF,0.3338376741773011,0.00795721317899176,0.6582051126437073
25895,LOF,0.2639230983521124,0.017541383925835582,0.718535517722052
25896,LOF,0.08595942906723913,0.03644058252496547,0.8775999884077953
25897,LOF,0.11440481508443111,0.015651575996034974,0.8699436089195338
25898,LOF,0.1204773810239879,0.038138282992310917,0.8413843359837011
25899,LOF,0.3881756359871609,0.042553193071083795,0.5692711709417553
25900,Neutral,0.6648126559751835,0.01428897416409842,0.32089836986071807
25901,LOF,0.05319609161016009,0.01665091120265186,0.930152997187188
25902,LOF,0.06877144576668509,0.012887249589440585,0.9183413046438743
25903,LOF,0.15060139350142956,0.03411565097718344,0.815282955521387
25904,LOF,0.44663390470396874,0.07760327540411407,0.4757628198919171
25905,LOF,0.008056006512066375,0.3254653863287059,0.6664786071592278
25906,LOF,0.008984810678744504,0.05142036625332155,0.939594823067934
25907,LOF,0.009373571366531462,0.22774764081084037,0.7628787878226281
25908,LOF,0.00839068080782271,0.20710818263134637,0.784501136560831
25909,LOF,0.03552930469559503,0.1033981033431103,0.8610725919612946
25910,LOF,0.015107481510535667,0.1165492947222955,0.8683432237671688
25911,LOF,0.18478629678044958,0.027192257494973292,0.7880214457245771
25912,LOF,0.13397732397353948,0.027026349484662236,0.8389963265417983
25913,LOF,0.018548896148766234,0.02868913885986868,0.9527619649913651
25914,LOF,0.04467594032736873,0.028669460420819907,0.9266545992518113
25915,LOF,0.22838330283942618,0.24013600637213406,0.5314806907884398
25916,LOF,0.014800460888969674,0.12844966504627123,0.8567498740647591
25917,LOF,0.07006971651566671,0.03874358642104669,0.8911866970632866
25918,LOF,0.05133368237112127,0.01779855368673889,0.9308677639421399
25919,LOF,0.04170733606869617,0.020876289185766735,0.937416374745537
25920,LOF,0.3499649490489262,0.22951131587382623,0.42052373507724755
25921,LOF,0.01983856195238908,0.01965418221748659,0.9605072558301244
25922,LOF,0.0210115260607366,0.019423159166951365,0.959565314772312
25923,LOF,0.44153180585438034,0.011984619191079845,0.5464835749545399
25924,LOF,0.028554430867754756,0.017639540729827468,0.9538060284024177
25925,LOF,0.10707114255183542,0.025786055696753372,0.8671428017514113
25926,LOF,0.09138645840099344,0.01923783593170673,0.8893757056673
25927,LOF,0.027295073526130382,0.028207440529664295,0.9444974859442052
25928,LOF,0.014312853565716497,0.012067447272539267,0.9736196991617442
25929,Neutral,0.5803439580168408,0.011686970348456588,0.40796907163470264
25930,LOF,0.05919265807712609,0.010896127950056523,0.9299112139728175
25931,LOF,0.015312117747391604,0.012096103067869499,0.9725917791847389
25932,LOF,0.07094496598734569,0.01031651760917435,0.9187385164034799
25933,LOF,0.07773731258382408,0.007010526969330857,0.915252160446845
25934,LOF,0.0814601811961592,0.007466744723138531,0.9110730740807024
25935,LOF,0.10432145824839105,0.021506679921014918,0.8741718618305939
25936,LOF,0.09305625412802357,0.007396828843541257,0.8995469170284353
25937,LOF,0.016370334193504404,0.014834624061416942,0.9687950417450787
25938,LOF,0.10420810659912684,0.020031697710592433,0.8757601956902807
25939,LOF,0.06199218460739137,0.012265026508265584,0.9257427888843431
25940,GOF,0.010629157360320713,0.5040347507253756,0.4853360919143036
25941,Neutral,0.4889871682090496,0.03839072605437207,0.4726221057365784
25942,LOF,0.012308604367465621,0.05559090992339097,0.9321004857091434
25943,LOF,0.04963103799072757,0.17231704847452176,0.7780519135347507
25944,LOF,0.046014218459396364,0.11083268268745006,0.8431530988531536
25945,LOF,0.1866000604039778,0.027953454746001607,0.7854464848500206
25946,LOF,0.08636738344527226,0.06012907979107207,0.8535035367636556
25947,Neutral,0.5358721903202284,0.13547917187820593,0.3286486378015657
25948,Neutral,0.5113813331786916,0.01741100509437922,0.47120766172692913
25949,LOF,0.10703609076011973,0.04427380929045593,0.8486900999494243
25950,GOF,0.09658490798817401,0.6488431194791883,0.25457197253263775
25951,GOF,0.014870346401122026,0.5268193007552568,0.4583103528436211
25952,LOF,0.14918349632015637,0.28230369847421816,0.5685128052056255
25953,LOF,0.007399578799768734,0.3174569371659886,0.6751434840342426
25954,GOF,0.06494625272238555,0.48126574899415575,0.4537879982834586
25955,LOF,0.008482574507889317,0.3453009512646325,0.6462164742274782
25956,LOF,0.01082728554674482,0.3449483153821012,0.6442243990711539
25957,LOF,0.17886829439138113,0.047214540351540754,0.7739171652570781
25958,LOF,0.025752799303775217,0.06581053715605836,0.9084366635401664
25959,GOF,0.006624230813413346,0.728597890132037,0.2647778790545496
25960,LOF,0.005490074997965389,0.11203724119328268,0.882472683808752
25961,LOF,0.025980840752790405,0.06090828332172161,0.9131108759254879
25962,LOF,0.03912414668155481,0.08177738696668947,0.8790984663517557
25963,LOF,0.01160855866528477,0.12771889211565104,0.8606725492190641
25964,LOF,0.046889247038558755,0.08157254307887399,0.8715382098825672
25965,LOF,0.1795767596850386,0.15452674086900212,0.6658964994459593
25966,LOF,0.33003203337130477,0.14398723399838873,0.5259807326303065
25967,LOF,0.007069669532933383,0.1260111908469656,0.8669191396201009
25968,LOF,0.060400157517650585,0.2559173155685273,0.6836825269138221
25969,LOF,0.146898174323372,0.06824223675472942,0.7848595889218986
25970,LOF,0.05121474544112406,0.06036510157631921,0.8884201529825568
25971,LOF,0.07296755003369447,0.027415010644107653,0.899617439322198
25972,LOF,0.07816336410609769,0.029630505867027822,0.8922061300268745
25973,LOF,0.07359432619684846,0.012789002083626709,0.9136166717195248
25974,LOF,0.05750396082235457,0.043002340626643404,0.8994936985510019
25975,LOF,0.02715237576705963,0.013783576899982728,0.9590640473329577
25976,LOF,0.08735229214558136,0.012383202738145626,0.900264505116273
25977,LOF,0.23132923134010935,0.07383449706070874,0.694836271599182
25978,LOF,0.1646948912951802,0.1550707028359193,0.6802344058689005
25979,LOF,0.12107298154037126,0.15648812842406679,0.7224388900355619
25980,LOF,0.19463449986879522,0.28378224500430294,0.5215832551269018
25981,LOF,0.19669434263399446,0.2892842313054737,0.5140214260605318
25982,LOF,0.2787797194612764,0.14066160613052872,0.580558674408195
25983,Neutral,0.4697306958381137,0.12296116775699732,0.4073081364048889
25984,LOF,0.06107536392242337,0.06565814104335942,0.8732664950342173
25985,Neutral,0.4885071035838822,0.13205635660247197,0.37943653981364583
25986,LOF,0.012729116176271945,0.39631209970227876,0.5909587841214493
25987,LOF,0.034950428865235125,0.09048451025637663,0.8745650608783883
25988,LOF,0.045465790418759124,0.11457332127304426,0.8399608883081966
25989,LOF,0.04721121407755678,0.13336585532709552,0.8194229305953477
25990,LOF,0.04927210443365685,0.2653799657151701,0.6853479298511731
25991,GOF,0.02388560968221517,0.5276120251626811,0.4485023651551038
25992,LOF,0.012507227140692075,0.39374694674466965,0.5937458261146382
25993,LOF,0.022375427890715376,0.061064332568208556,0.916560239541076
25994,LOF,0.028321354226197085,0.071192934112186,0.9004857116616168
25995,LOF,0.02019966270845678,0.11301525053948927,0.8667850867520539
25996,GOF,0.3667540539862852,0.4067712364217384,0.2264747095919764
25997,GOF,0.06724663979524356,0.5852537443861237,0.3474996158186327
25998,LOF,0.2464494767250808,0.03182205682789327,0.7217284664470258
25999,LOF,0.024555915173435874,0.2741378871385539,0.7013061976880102
26000,LOF,0.14338589664355597,0.014103347992516063,0.842510755363928
26001,LOF,0.15167180769219063,0.017740388574309922,0.8305878037334994
26002,LOF,0.09353892364809467,0.01690859144896816,0.8895524849029373
26003,GOF,0.0061378808338308,0.5778320622421764,0.4160300569239928
26004,GOF,0.016047057441760333,0.6020722771513229,0.3818806654069168
26005,GOF,0.005019582251080606,0.5058400961957408,0.48914032155317855
26006,GOF,0.08743363733964053,0.5207639051437501,0.3918024575166093
26007,GOF,0.00917289238015334,0.5598540112089498,0.4309730964108967
26008,GOF,0.006193348419509026,0.6022571986380024,0.3915494529424886
26009,GOF,0.011350467672560642,0.6279180777588165,0.3607314545686229
26010,GOF,0.01063085903522727,0.5425642991388488,0.4468048418259238
26011,LOF,0.005513682391812697,0.41468609952537366,0.5798002180828136
26012,GOF,0.005411382162407397,0.5325706121019318,0.4620180057356608
26013,GOF,0.009645291548780154,0.5027378912301017,0.48761681722111816
26014,LOF,0.04884640211414172,0.0828180739216399,0.8683355239642184
26015,LOF,0.3967698937831098,0.02225529372695488,0.5809748124899353
26016,LOF,0.2504548290052928,0.04516844421597291,0.7043767267787342
26017,LOF,0.01703358734507928,0.1597607890517043,0.8232056236032164
26018,LOF,0.020711221790765434,0.08628988418686638,0.8929988940223681
26019,LOF,0.020806398067848706,0.07694348752220133,0.9022501144099498
26020,LOF,0.007401842820560948,0.14961255393449158,0.8429856032449474
26021,LOF,0.07626280714389265,0.07061201592277605,0.8531251769333313
26022,LOF,0.041155366345193733,0.029883240982100913,0.9289613926727054
26023,LOF,0.0325596461543776,0.0645597500233395,0.9028806038222829
26024,LOF,0.05167118587928652,0.05641717635381462,0.8919116377668989
26025,LOF,0.14940028960579466,0.06627619344906703,0.7843235169451382
26026,LOF,0.13910315199212303,0.05195106302512124,0.8089457849827557
26027,LOF,0.02864796736605714,0.03929378939700235,0.9320582432369405
26028,LOF,0.07910587727333512,0.2076123840048181,0.7132817387218467
26029,LOF,0.03654104304446627,0.18164914594885923,0.7818098110066745
26030,LOF,0.13137883186566943,0.02019648768948937,0.8484246804448412
26031,LOF,0.01562558342549232,0.17533375390913508,0.8090406626653727
26032,LOF,0.029450074092563124,0.032323635857173405,0.9382262900502635
26033,LOF,0.05010269189203352,0.059927512244600356,0.8899697958633661
26034,LOF,0.022355340522165344,0.11709000329728561,0.860554656180549
26035,LOF,0.012609953958091065,0.1416019150843082,0.8457881309576009
26036,LOF,0.011675242027574178,0.11524079027061075,0.8730839677018152
26037,LOF,0.011640152616461308,0.12273862825275877,0.8656212191307798
26038,LOF,0.02606350176165999,0.031704714247480545,0.9422317839908595
26039,LOF,0.037053871271855846,0.16572096690017163,0.7972251618279724
26040,LOF,0.07567079240691492,0.18283095938215768,0.7414982482109274
26041,LOF,0.013772507614675824,0.1314482706140782,0.8547792217712459
26042,LOF,0.012897493532145006,0.13861132804351028,0.8484911784243447
26043,LOF,0.025832040507134783,0.05892550388731912,0.9152424556055461
26044,LOF,0.008274922844454226,0.06020192238560439,0.9315231547699413
26045,LOF,0.09340665385424375,0.2655763742359246,0.6410169719098315
26046,LOF,0.025703694399657175,0.05792164160850514,0.9163746639918376
26047,LOF,0.07519293259564616,0.05237128953471516,0.8724357778696387
26048,LOF,0.0886331114807251,0.025642799732224993,0.8857240887870499
26049,Neutral,0.9393651137005499,0.006682330682052425,0.053952555617397695
26050,Neutral,0.8971992662912879,0.008105312154237956,0.09469542155447422
26051,LOF,0.031067830079907877,0.31002548607049446,0.6589066838495977
26052,LOF,0.03481676647628782,0.21833106189405185,0.7468521716296604
26053,LOF,0.02212994258284847,0.1707564413353596,0.8071136160817919
26054,LOF,0.05129888226641008,0.07599160697057505,0.8727095107630148
26055,LOF,0.07381103267903807,0.0786089584978315,0.8475800088231303
26056,LOF,0.06935071702986714,0.08196996918614162,0.8486793137839913
26057,LOF,0.045312376755784076,0.019252054844207635,0.9354355684000083
26058,LOF,0.05003593905206265,0.015527996594047959,0.9344360643538895
26059,LOF,0.2524290353852266,0.10241066316168482,0.6451603014530886
26060,LOF,0.01814683623076552,0.19999506327442157,0.7818581004948129
26061,LOF,0.01400815181821362,0.012083881123643283,0.973907967058143
26062,LOF,0.006095359078326057,0.025367425520680387,0.9685372154009936
26063,LOF,0.04470457365649396,0.014856993006363901,0.9404384333371422
26064,LOF,0.008562549932614344,0.016227222901110255,0.9752102271662754
26065,LOF,0.04840752868697697,0.021142531706297985,0.930449939606725
26066,LOF,0.041513857515236556,0.014237569469748227,0.9442485730150153
26067,LOF,0.04731180977646276,0.015136378298439595,0.9375518119250977
26068,LOF,0.05042799924788938,0.05552704098090244,0.8940449597712081
26069,LOF,0.20673527362088384,0.0481596442070394,0.7451050821720768
26070,LOF,0.46097566786678484,0.02719459090438295,0.5118297412288322
26071,LOF,0.051708241221064107,0.019265720730860147,0.9290260380480757
26072,LOF,0.008653612051186305,0.02071912297486959,0.9706272649739441
26073,LOF,0.04683844001813679,0.014919570566899113,0.9382419894149641
26074,Neutral,0.6855221993632443,0.02151017808033592,0.29296762255641984
26075,LOF,0.04291107617432491,0.04041435313637644,0.9166745706892987
26076,LOF,0.04832832976786301,0.02114240898150196,0.9305292612506351
26077,LOF,0.1816901940866298,0.019030957267302938,0.7992788486460672
26078,LOF,0.006918315235252684,0.025927516821995192,0.9671541679427521
26079,LOF,0.056748427293935845,0.039852665340202494,0.9033989073658617
26080,LOF,0.05612279267877064,0.03978186488326432,0.9040953424379651
26081,LOF,0.04961102940310128,0.017096319832960217,0.9332926507639384
26082,LOF,0.006838281533220948,0.026073953972390748,0.9670877644943882
26083,LOF,0.06911045386469115,0.032015603349704574,0.8988739427856043
26084,LOF,0.07918165019640465,0.020318855146753974,0.9004994946568414
26085,LOF,0.06925877745535804,0.01709624590600154,0.9136449766386404
26086,LOF,0.04220212886804645,0.02212606545341619,0.9356718056785374
26087,LOF,0.04690139013235224,0.01681991070865158,0.9362786991589962
26088,LOF,0.0075203561658726235,0.037248308036526505,0.9552313357976009
26089,LOF,0.038261166660592025,0.05846806006596091,0.9032707732734471
26090,LOF,0.03805359178739764,0.0527677884402995,0.9091786197723029
26091,LOF,0.03547105906456327,0.015497924210832582,0.9490310167246042
26092,LOF,0.046119665074953464,0.014577096636170841,0.9393032382888757
26093,LOF,0.07364559951198674,0.009236864846543819,0.9171175356414694
26094,LOF,0.0441972244387097,0.011732667363823527,0.9440701081974668
26095,LOF,0.015247571964800062,0.03016309379027622,0.9545893342449238
26096,LOF,0.2935717441515792,0.005529816668219469,0.7008984391802014
26097,LOF,0.007252986567722578,0.0556075809189711,0.9371394325133064
26098,LOF,0.056302931645291536,0.04118999176944343,0.9025070765852651
26099,LOF,0.06006612514800792,0.03843794428600171,0.9014959305659903
26100,LOF,0.06006612514800792,0.03843794428600171,0.9014959305659903
26101,LOF,0.054028757968369125,0.05145638016101388,0.8945148618706169
26102,LOF,0.044552405767577546,0.02276361346991191,0.9326839807625105
26103,Neutral,0.8899164993846408,0.04700936235813741,0.06307413825722166
26104,LOF,0.04700178890513368,0.10589473330327465,0.8471034777915917
26105,LOF,0.24343597481825902,0.07432349363578766,0.6822405315459533
26106,LOF,0.29179724072965907,0.04381491853093876,0.6643878407394023
26107,LOF,0.017583084914272247,0.06629031225433869,0.916126602831389
26108,LOF,0.16930254648512338,0.06695924541177269,0.7637382081031039
26109,LOF,0.05162084665356102,0.04424209053828,0.904137062808159
26110,LOF,0.4859185869259924,0.01622215672116631,0.49785925635284123
26111,LOF,0.06109734379242722,0.10843279648494586,0.830469859722627
26112,LOF,0.07447353302859555,0.013790362268017307,0.9117361047033871
26113,LOF,0.07380829449350566,0.029172952844873132,0.8970187526616212
26114,LOF,0.10984927072071711,0.01017897855743058,0.8799717507218523
26115,LOF,0.021514926650605993,0.06228809094495308,0.9161969824044409
26116,LOF,0.05968099352364278,0.0190835882053341,0.9212354182710232
26117,LOF,0.35473242735404437,0.05578151822713047,0.5894860544188251
26118,LOF,0.035277808934963725,0.022483795368507215,0.9422383956965291
26119,LOF,0.005589512506057961,0.09325189646866495,0.9011585910252771
26120,LOF,0.029618174442900408,0.017862849714521522,0.952518975842578
26121,LOF,0.0038248352979170057,0.11570680312000824,0.8804683615820748
