feature0,prediction,LoGoFunc_Neutral,LoGoFunc_GOF,LoGoFunc_LOF
25546,Neutral,0.7427084890307017,0.03749575978411218,0.21979575118518616
25547,Neutral,0.6060237268152259,0.0721587940126288,0.32181747917214526
25548,Neutral,0.5695727863950278,0.056848125006300744,0.3735790885986715
25549,Neutral,0.4792916743391449,0.05583754784835775,0.4648707778124975
25550,LOF,0.34746905236154524,0.1072948956066791,0.5452360520317756
25551,LOF,0.3014958567967547,0.11670145802583419,0.5818026851774111
25552,LOF,0.2125482669582583,0.10902014808226931,0.6784315849594724
25553,Neutral,0.8250535021208688,0.03527685071291629,0.13966964716621477
25554,LOF,0.2430786271907749,0.1046986484202949,0.6522227243889303
25555,LOF,0.19857740430518184,0.09041119036775312,0.7110114053270651
25556,LOF,0.4008992784096661,0.08872815817450556,0.5103725634158284
25557,LOF,0.19321507763713952,0.09434622247596433,0.7124386998868961
25558,LOF,0.237296267933044,0.10556805535894916,0.6571356767080068
25559,LOF,0.4027267226413599,0.15047563108434095,0.4467976462742991
25560,LOF,0.0467373396094904,0.1603199473954717,0.792942712995038
25561,LOF,0.0983621279234727,0.18120047758788266,0.7204373944886446
25562,LOF,0.10014563551673697,0.07379413919705194,0.826060225286211
25563,LOF,0.09402581788703498,0.08595971620485912,0.8200144659081059
25564,LOF,0.17574473618436845,0.1528025852923394,0.6714526785232922
25565,LOF,0.1542105124434984,0.11482592444899585,0.7309635631075057
25566,GOF,0.017166329594907895,0.7574656524533036,0.22536801795178849
25567,LOF,0.01315049194179308,0.14413338413588284,0.842716123922324
25568,LOF,0.056700794395212056,0.06832454764115485,0.874974657963633
25569,LOF,0.06683740368117541,0.07130000971411868,0.8618625866047058
25570,LOF,0.058537649346533153,0.11052588445530391,0.8309364661981631
25571,LOF,0.05445641922782867,0.09952311138742553,0.8460204693847457
25572,LOF,0.06753799648225726,0.13044781443410514,0.8020141890836376
25573,LOF,0.02774187653625037,0.09756384988765593,0.8746942735760938
25574,LOF,0.017664715181813753,0.159936165615202,0.8223991192029843
25575,LOF,0.04430232929814838,0.11536234554833676,0.8403353251535148
25576,LOF,0.018855773602367135,0.12155076994214548,0.8595934564554873
25577,LOF,0.013846663719272343,0.13315744471629423,0.8529958915644333
25578,LOF,0.24187456770500698,0.09185242293423715,0.6662730093607558
25579,LOF,0.2424112269761571,0.09057482220558968,0.6670139508182532
25580,LOF,0.0309517492668304,0.08470862767137309,0.8843396230617965
25581,LOF,0.054679891398381024,0.0729891641286488,0.8723309444729702
25582,LOF,0.05433599533031867,0.07114056831186004,0.8745234363578214
25583,LOF,0.044722730757694173,0.09701808550477006,0.8582591837375357
25584,Neutral,0.47693791346451825,0.09727092610327692,0.4257911604322049
25585,LOF,0.032490200297550724,0.10178973241802415,0.8657200672844252
25586,LOF,0.0317067088149227,0.0786098954984953,0.8896833956865821
25587,LOF,0.030467988477425063,0.0767524678861932,0.8927795436363817
25588,LOF,0.03148528031293987,0.0941185978354093,0.8743961218516508
25589,Neutral,0.5969538197244082,0.12188204575841805,0.28116413451717365
25590,LOF,0.029003947168027174,0.1303988201074797,0.8405972327244932
25591,LOF,0.10622891302404802,0.0607445172350808,0.8330265697408712
25592,LOF,0.08554995954616167,0.14886959910501238,0.7655804413488259
25593,LOF,0.020707242719120594,0.2657438048269295,0.7135489524539499
25594,LOF,0.036376065836517,0.21495211103347622,0.7486718231300068
25595,LOF,0.050414472201340634,0.1826721085995374,0.766913419199122
25596,LOF,0.06089674545636733,0.08357180944742709,0.8555314450962056
25597,LOF,0.04448342532649107,0.09962978893541762,0.8558867857380913
25598,LOF,0.048834846318917144,0.18574153445768907,0.7654236192233939
25599,GOF,0.009468401175539877,0.7493082914731647,0.24122330735129532
25600,GOF,0.012542544781445859,0.5341927554029594,0.45326469981559464
25601,LOF,0.0076297570526121196,0.46729080666567946,0.5250794362817084
25602,LOF,0.027829331930286888,0.04986433985507414,0.9223063282146389
25603,LOF,0.053736760379372486,0.03751221539992837,0.9087510242206992
25604,LOF,0.05439066262560543,0.04189042986536905,0.9037189075090255
25605,LOF,0.012845871148082205,0.24967390567585931,0.7374802231760584
25606,LOF,0.09171559058761986,0.4330388001692992,0.4752456092430808
25607,LOF,0.005220753302946946,0.17427744532538195,0.8205018013716712
25608,LOF,0.05829503624703745,0.059679677669520086,0.8820252860834426
25609,LOF,0.03561216033754484,0.4215172666869035,0.5428705729755517
25610,LOF,0.03940873571666041,0.03380537070572977,0.9267858935776098
25611,LOF,0.04094707762478931,0.03211775005871764,0.926935172316493
25612,LOF,0.10363251059251835,0.050569422846303044,0.8457980665611786
25613,LOF,0.08597066173836791,0.05366387978388838,0.8603654584777436
25614,LOF,0.029145035459019916,0.04750100455079121,0.9233539599901889
25615,LOF,0.05437622030594104,0.04317554820153303,0.9024482314925258
25616,LOF,0.03144582242835237,0.04181683155740931,0.9267373460142383
25617,LOF,0.029861164547820847,0.04951059900020228,0.9206282364519769
25618,LOF,0.17641097245022197,0.045179802308833214,0.7784092252409447
25619,LOF,0.027890852913275786,0.04088840876141116,0.931220738325313
25620,LOF,0.03199943824024032,0.05516519887522652,0.9128353628845332
25621,LOF,0.031225166258446888,0.03862568008700845,0.9301491536545448
25622,LOF,0.035414135995224055,0.044569338617636074,0.9200165253871398
25623,LOF,0.07712465178199078,0.03615015017668179,0.8867251980413274
25624,LOF,0.025613007927373695,0.050630456213673146,0.9237565358589531
25625,LOF,0.03733719130895275,0.05250461927400123,0.910158189417046
25626,LOF,0.07310347875340988,0.04019529480947557,0.8867012264371146
25627,Neutral,0.5357931153003814,0.14975743289422005,0.3144494518053984
25628,LOF,0.1784584992338326,0.08104901698657145,0.740492483779596
25629,LOF,0.07418969070526574,0.11592709473931204,0.8098832145554222
25630,LOF,0.16766853289696723,0.11973298224096468,0.7125984848620682
25631,Neutral,0.5844787108421896,0.11939474401096241,0.2961265451468479
25632,LOF,0.02434286335025367,0.06469844696982222,0.9109586896799242
25633,LOF,0.21708307145301217,0.07555212030371866,0.7073648082432692
25634,LOF,0.03706892673312514,0.09751953574908401,0.8654115375177909
25635,LOF,0.0329490055980765,0.0819850556461054,0.8850659387558181
25636,GOF,0.005219625851011954,0.6071266595120278,0.3876537146369602
25637,GOF,0.004392386871821862,0.5158017743260306,0.4798058388021475
25638,LOF,0.009904442905633448,0.4303818074519146,0.559713749642452
25639,LOF,0.004798411052821041,0.4242539349255142,0.5709476540216647
25640,GOF,0.45945124221258377,0.4950305654389083,0.04551819234850788
25641,LOF,0.006973763743992697,0.3901118972917291,0.6029143389642782
25642,LOF,0.2420619211597486,0.08989141172325472,0.6680466671169967
25643,LOF,0.2466282433853928,0.29190347505207503,0.46146828156253206
25644,GOF,0.020097557680457352,0.5458337511964598,0.4340686911230829
25645,LOF,0.01879986594226815,0.4854870403945033,0.4957130936632286
25646,LOF,0.0196280687713141,0.2913262860357509,0.689045645192935
25647,LOF,0.018910467741658513,0.22474227731212945,0.7563472549462119
25648,LOF,0.015841900480927554,0.2285722358800029,0.7555858636390695
25649,LOF,0.013565205395273748,0.19288110431237687,0.7935536902923493
25650,GOF,0.03617069289461113,0.5127006286764272,0.45112867842896165
25651,LOF,0.01155790975782116,0.22033480470267378,0.768107285539505
25652,LOF,0.02004831541320419,0.23959296199216087,0.7403587225946349
25653,LOF,0.09050266906588987,0.36200301977275506,0.5474943111613552
25654,LOF,0.014917173869272535,0.20636315135554054,0.7787196747751869
25655,LOF,0.11854505262743459,0.27262450336865485,0.6088304440039106
25656,LOF,0.06056915876165855,0.04923250064227513,0.8901983405960664
25657,LOF,0.28980402350911233,0.023310420223842353,0.6868855562670453
25658,LOF,0.040701034928845733,0.0596987312633457,0.8996002338078086
25659,LOF,0.2729107790282819,0.04339584040669582,0.6836933805650223
25660,LOF,0.07265257730777708,0.10299417436683624,0.8243532483253867
25661,LOF,0.049739710931800706,0.07466669592053365,0.8755935931476656
25662,LOF,0.02770765757888027,0.04597065144757289,0.9263216909735469
25663,LOF,0.03761024636719929,0.07103359303332431,0.8913561605994763
25664,LOF,0.0362224124364277,0.08785404257181188,0.8759235449917604
25665,LOF,0.05026352360948179,0.055776538726673396,0.8939599376638447
25666,LOF,0.03670687598563062,0.14206431268787073,0.8212288113264986
25667,LOF,0.02821569127068665,0.05583039876879005,0.9159539099605233
25668,LOF,0.03385597917784849,0.06507103488226307,0.9010729859398884
25669,LOF,0.03958884138183557,0.0971945156004912,0.8632166430176731
25670,LOF,0.14335042384401453,0.07646956636598212,0.7801800097900033
25671,LOF,0.03603944980152173,0.047862670356772594,0.9160978798417057
25672,LOF,0.0594571541507135,0.08078807210843998,0.8597547737408465
25673,LOF,0.04240980883615566,0.06256518444603384,0.8950250067178105
25674,LOF,0.032644845537946235,0.07381628457475486,0.8935388698872989
25675,LOF,0.040356897950624186,0.055410954724063106,0.9042321473253128
25676,LOF,0.028677052276512,0.061730372764888755,0.9095925749585992
25677,LOF,0.05541712928727088,0.06491042185759148,0.8796724488551376
25678,LOF,0.23693226414346832,0.04733658392228745,0.7157311519342443
25679,LOF,0.15716506486793466,0.07100354125561571,0.7718313938764496
25680,LOF,0.06098958167275455,0.09792890168341176,0.8410815166438337
25681,LOF,0.11465216774907086,0.08775592255644644,0.7975919096944828
25682,LOF,0.039732954580859806,0.07687735608899923,0.8833896893301408
25683,LOF,0.07736119648723735,0.10205195782582949,0.8205868456869332
25684,LOF,0.04735129778866797,0.07578931696437506,0.8768593852469571
25685,LOF,0.11754573504464383,0.034848161426900094,0.847606103528456
25686,LOF,0.02998452890720764,0.08640139882823132,0.8836140722645611
25687,LOF,0.06148375571894407,0.07874114044669231,0.8597751038343636
25688,LOF,0.02447782786645685,0.13130990922708105,0.8442122629064621
25689,LOF,0.019559637170633744,0.07743241285477338,0.9030079499745929
25690,LOF,0.017452867895451564,0.10502597063070436,0.8775211614738441
25691,LOF,0.17610699214276784,0.16155220254594083,0.6623408053112914
25692,LOF,0.2478192668698737,0.01969935475296154,0.7324813783771648
25693,LOF,0.05076738353823166,0.15702288493159475,0.7922097315301736
25694,LOF,0.2697435993864167,0.011770851518012337,0.718485549095571
25695,LOF,0.17274232962651587,0.017146153060786894,0.8101115173126973
25696,LOF,0.1618665451992504,0.008912222950570337,0.8292212318501794
25697,LOF,0.1342593329398943,0.026342946705309574,0.8393977203547961
25698,LOF,0.02956684516692535,0.32524277745429064,0.6451903773787842
25699,LOF,0.07361323974193393,0.09325447463632419,0.8331322856217418
25700,LOF,0.030783077808099028,0.014044654843763021,0.9551722673481381
25701,LOF,0.011658633146412788,0.10212341819300846,0.8862179486605788
25702,GOF,0.021971674944644644,0.7341105694818748,0.24391775557348047
25703,LOF,0.016516956454336783,0.21475919418849315,0.76872384935717
25704,LOF,0.07974832934403976,0.18121328722281577,0.7390383834331445
25705,LOF,0.06916484983273714,0.27034062936100106,0.6604945208062617
25706,GOF,0.034388847301324826,0.59779989220516,0.3678112604935151
25707,GOF,0.02755679468585037,0.6330748742396775,0.33936833107447223
25708,GOF,0.006259989299585345,0.5924766597090745,0.4012633509913401
25709,LOF,0.018472062086516645,0.10182402071296577,0.8797039172005175
25710,LOF,0.00636698347580892,0.20343775678673137,0.7901952597374597
25711,LOF,0.021043164896511042,0.15892135990759904,0.8200354751958899
25712,LOF,0.007086663759744913,0.26608789763462465,0.7268254386056304
25713,LOF,0.02007739908693803,0.1374168320984525,0.8425057688146095
25714,LOF,0.02201918836946385,0.18874814313106253,0.7892326684994736
25715,LOF,0.020209301731651468,0.1741871701317465,0.805603528136602
25716,LOF,0.01117379930621806,0.1377752369660531,0.8510509637277289
25717,LOF,0.005122470716794913,0.15010396579729446,0.8447735634859106
25718,LOF,0.019064128786974475,0.10982278674601864,0.8711130844670067
25719,LOF,0.035503770385299276,0.13232609972088535,0.8321701298938154
25720,LOF,0.029628824080135285,0.11608022692791356,0.8542909489919511
25721,LOF,0.023687428353868344,0.12407064752096073,0.8522419241251709
25722,LOF,0.015917719552463076,0.16647241356826664,0.8176098668792703
25723,LOF,0.02237146860650211,0.11285866662596819,0.8647698647675298
25724,LOF,0.027246651629161976,0.17970779222086225,0.7930455561499757
25725,LOF,0.020963772877298656,0.10319694434493443,0.8758392827777669
25726,LOF,0.01664487179441607,0.13735167245265864,0.8460034557529253
25727,LOF,0.02102388969488696,0.13347698546115064,0.8454991248439625
25728,LOF,0.021068476058218617,0.13859177658282643,0.840339747358955
25729,LOF,0.0198056186096067,0.15150558016666174,0.8286888012237317
25730,LOF,0.022754926962718414,0.1114281570996041,0.8658169159376775
25731,LOF,0.009512898605190463,0.20252793363565527,0.7879591677591542
25732,LOF,0.01899789723676534,0.1263179500751121,0.8546841526881227
25733,LOF,0.02766739094331934,0.12738229925201655,0.8449503098046641
25734,LOF,0.006503138599190327,0.2419111018565584,0.7515857595442513
25735,LOF,0.020429819664911607,0.10294905061791106,0.8766211297171774
25736,LOF,0.018231486369098698,0.1615239245995658,0.8202445890313356
25737,LOF,0.039232380742236714,0.14895744012620143,0.811810179131562
25738,LOF,0.019830127594447515,0.20432960543176235,0.77584026697379
25739,LOF,0.021675995990650475,0.18037302598537905,0.7979509780239705
25740,LOF,0.052203857313657544,0.19044938192352842,0.757346760762814
25741,LOF,0.02729504283461654,0.15869319305016144,0.814011764115222
25742,LOF,0.047384954765009056,0.16198312795675357,0.7906319172782373
25743,LOF,0.010220591546106338,0.02871170310790107,0.9610677053459926
25744,LOF,0.1695422780366848,0.2922816284581173,0.5381760935051979
25745,LOF,0.02897400190475267,0.10810461610101998,0.8629213819942273
25746,LOF,0.013038916367073947,0.153832979646846,0.8331281039860801
25747,LOF,0.03612851343004986,0.03455502303830435,0.9293164635316457
25748,LOF,0.27875164600518004,0.058860211247834394,0.6623881427469855
25749,LOF,0.011309762428482705,0.08891330325374826,0.899776934317769
25750,LOF,0.01709449777853946,0.09693694397649118,0.8859685582449695
25751,LOF,0.04927432171432934,0.05263057978873169,0.8980950984969389
25752,GOF,0.07998029697101817,0.7269478346494159,0.1930718683795659
25753,LOF,0.006747937983921482,0.35959249088261047,0.6336595711334682
25754,GOF,0.007134500545845874,0.873750397547651,0.11911510190650296
25755,LOF,0.006819060485773946,0.4167459560526892,0.5764349834615368
25756,LOF,0.029455323487572283,0.4327299378255532,0.5378147386868746
25757,GOF,0.006410788726810023,0.8667762109223142,0.1268130003508758
25758,GOF,0.009239391391263006,0.8833656188194619,0.10739498978927517
25759,GOF,0.0054720246978642575,0.6137351303553207,0.38079284494681515
25760,LOF,0.005484506694044843,0.27517682347475125,0.719338669831204
25761,GOF,0.05461597945867985,0.8546815816940176,0.09070243884730253
25762,LOF,0.029998268116499197,0.3641226839209444,0.6058790479625565
25763,LOF,0.006223907549140779,0.25711756841545275,0.7366585240354064
25764,GOF,0.0721834585396338,0.6505085396623389,0.2773080017980272
25765,GOF,0.008341238630895685,0.8615020273944268,0.13015673397467753
25766,GOF,0.032859412627279073,0.8439819486304193,0.12315863874230154
25767,GOF,0.01369698781759926,0.5558059657659079,0.43049704641649295
25768,LOF,0.04309056750735062,0.06554457047692396,0.8913648620157254
25769,LOF,0.026862020214285624,0.06964576548252613,0.9034922143031883
25770,LOF,0.14284238637080215,0.05308460756971623,0.8040730060594815
25771,LOF,0.015394880683289423,0.04968805928812572,0.9349170600285849
25772,LOF,0.02660996126438464,0.0272227660394862,0.9461672726961291
25773,LOF,0.021351060703214148,0.050194955285052544,0.9284539840117334
25774,LOF,0.031008539367424058,0.08948120657231529,0.8795102540602607
25775,LOF,0.024140766263599112,0.03411024305856403,0.9417489906778368
25776,LOF,0.02798199948619355,0.021758126471506992,0.9502598740422995
25777,LOF,0.16714335369830613,0.0576109971164362,0.7752456491852577
25778,LOF,0.020616754240222985,0.05108466602716761,0.9282985797326094
25779,GOF,0.03063206315538906,0.8986632850227658,0.07070465182184517
25780,GOF,0.06336483148990914,0.8861577018553661,0.05047746665472459
25781,GOF,0.027075938189696436,0.8792176071819852,0.09370645462831834
25782,GOF,0.02557782434893798,0.908148612625632,0.06627356302543018
25783,GOF,0.02702849984954198,0.9263224623245435,0.04664903782591449
25784,GOF,0.07888401592332107,0.8763687528237781,0.044747231252900685
25785,GOF,0.08539847915599828,0.8801354095414351,0.0344661113025665
25786,GOF,0.008263682529210756,0.8810544774527854,0.11068184001800391
25787,GOF,0.17339588246693818,0.782597719584921,0.044006397948140874
25788,LOF,0.016042390124528356,0.20414577125361316,0.7798118386218585
25789,GOF,0.015779435999451318,0.8724083941932427,0.11181216980730614
25790,GOF,0.017746209342176862,0.8886404516060572,0.09361333905176587
25791,GOF,0.020675205936725165,0.8244062802400683,0.15491851382320654
25792,GOF,0.023506405382526043,0.8489930090464355,0.12750058557103833
25793,GOF,0.06371192135548955,0.8550711048013907,0.08121697384311972
25794,GOF,0.05171847415986915,0.8107408026729286,0.13754072316720228
25795,GOF,0.04338483843996264,0.7693383123395287,0.18727684922050883
25796,GOF,0.08770228580569736,0.8251561614357963,0.08714155275850638
25797,GOF,0.07210712781362755,0.7840972048852957,0.14379566730107676
25798,GOF,0.004944262987593754,0.7852875047404022,0.20976823227200417
25799,GOF,0.004097066584509979,0.7449246652648481,0.2509782681506418
25800,GOF,0.023547180124535494,0.8571650876811984,0.119287732194266
25801,GOF,0.01800563813227616,0.9036858174655766,0.07830854440214732
25802,GOF,0.02411624650322631,0.8430738681755072,0.13280988532126642
25803,GOF,0.018022187898691353,0.7407011825892259,0.24127662951208262
25804,GOF,0.026394280796137072,0.7934992230363022,0.18010649616756058
25805,GOF,0.02317385991129449,0.8202141331417213,0.15661200694698435
25806,GOF,0.022906913243099375,0.821426280184421,0.15566680657247972
25807,GOF,0.008067641151776614,0.7812716053847885,0.210660753463435
25808,GOF,0.015419693028457741,0.7972684343576724,0.1873118726138699
25809,GOF,0.009960099352584318,0.7700527403077396,0.21998716033967608
25810,GOF,0.0082720585447911,0.7591733601942884,0.23255458126092063
25811,GOF,0.04294995488644088,0.8895072795408014,0.0675427655727577
25812,GOF,0.02778099304056356,0.8234934144029985,0.14872559255643789
25813,GOF,0.11754163327650494,0.8168149472621885,0.06564341946130671
25814,GOF,0.03052652720157134,0.8394873213365146,0.12998615146191397
25815,GOF,0.06308967438337201,0.8459121891907542,0.09099813642587382
25816,GOF,0.009504456382014748,0.8826358907801309,0.10785965283785433
25817,GOF,0.0941206582190769,0.8279930102740264,0.07788633150689667
25818,GOF,0.021769340645550566,0.8320241986788238,0.14620646067562562
25819,GOF,0.054904656745979205,0.7803241432011166,0.16477120005290427
25820,GOF,0.030623593656393597,0.7491386811547905,0.22023772518881596
25821,GOF,0.021747273708347708,0.7773118457772681,0.2009408805143843
25822,GOF,0.04514349250099443,0.7752626613524468,0.17959384614655877
25823,GOF,0.025498786725883155,0.7621789556665011,0.21232225760761583
25824,GOF,0.02480255012537892,0.8173230059417076,0.15787444393291358
25825,GOF,0.020951207133521742,0.8085593952021953,0.17048939766428303
25826,GOF,0.007675965220089093,0.7652101488050956,0.22711388597481524
25827,GOF,0.012044584846621641,0.7147661696370485,0.27318924551632984
25828,GOF,0.009840833345333515,0.7529425698522989,0.23721659680236754
25829,GOF,0.00429098461464511,0.7149523365628132,0.2807566788225416
25830,GOF,0.03346306388366324,0.5386946313049334,0.4278423048114033
25831,GOF,0.05197229111931751,0.8180660375902907,0.12996167129039157
25832,GOF,0.008763171805923965,0.7967943603980195,0.1944424677960565
25833,GOF,0.033728713107590506,0.8463686575522749,0.11990262934013458
25834,GOF,0.009889196095303926,0.8098066215906436,0.18030418231405235
25835,GOF,0.0238664459117295,0.8585720187158717,0.1175615353723986
25836,GOF,0.006314893003523524,0.7991313089731718,0.19455379802330466
25837,GOF,0.008113924761809128,0.8110242974532063,0.1808617777849845
25838,GOF,0.02121801082697523,0.8572991221848091,0.12148286698821568
25839,GOF,0.0455142467055246,0.829345986385721,0.1251397669087544
25840,GOF,0.0754790669194915,0.8249423744565877,0.09957855862392076
25841,GOF,0.08216031958523845,0.8347200154985304,0.08311966491623125
25842,GOF,0.028805762711025827,0.8975119220204537,0.07368231526852052
25843,GOF,0.024719084900555025,0.9008068135581726,0.07447410154127226
25844,GOF,0.01675226911590227,0.8646275975937812,0.11862013329031636
25845,GOF,0.006095223824535888,0.7861767599099,0.2077280162655641
25846,GOF,0.06804748567867398,0.8396130878503105,0.09233942647101555
25847,GOF,0.014291329733703183,0.8965887036279928,0.089119966638304
25848,GOF,0.02173408614307951,0.8656354244476409,0.11263048940927964
25849,GOF,0.006966051553120906,0.8435931121655823,0.14944083628129676
25850,GOF,0.005743853134778728,0.756878528795767,0.23737761806945423
25851,GOF,0.005265342992995453,0.7147245546952662,0.28001010231173845
25852,GOF,0.14702351799595056,0.6012789580281096,0.25169752397593975
25853,GOF,0.06420443524491759,0.8365521423945487,0.09924342236053375
25854,GOF,0.005515416696755496,0.7607606860751308,0.2337238972281136
25855,GOF,0.02407234056144382,0.7408207682739449,0.23510689116461128
25856,GOF,0.04166454710708328,0.7993970822412138,0.15893837065170296
25857,GOF,0.023628169491068662,0.7361762112785921,0.24019561923033922
25858,GOF,0.0094408413151059,0.7735953519512935,0.21696380673360063
25859,GOF,0.0070248525559576495,0.7588069216289896,0.2341682258150528
25860,GOF,0.07056223355870252,0.8264747343090942,0.10296303213220326
25861,GOF,0.08666536477769925,0.8224903559034047,0.09084427931889619
25862,GOF,0.019945510579139764,0.8940088090780821,0.08604568034277794
25863,GOF,0.024407910681322566,0.8854423576925379,0.09014973162613947
25864,GOF,0.06597649547490336,0.8840941607890932,0.04992934373600356
25865,GOF,0.04632597364261566,0.8701150954653183,0.08355893089206616
25866,GOF,0.027292667645944926,0.8893964549071297,0.08331087744692527
25867,GOF,0.04047131243130307,0.884479208562663,0.07504947900603387
25868,GOF,0.05669121429406503,0.8405013641132268,0.10280742159270832
25869,GOF,0.3155119798014821,0.6123928908319786,0.07209512936653933
25870,GOF,0.0582449481819576,0.6405239284677902,0.3012311233502523
25871,GOF,0.009750010796687763,0.8786725247888764,0.11157746441443599
25872,GOF,0.019726165456527462,0.8684764757796168,0.11179735876385559
25873,GOF,0.020027657043965363,0.8929392991390909,0.08703304381694393
25874,LOF,0.015834115077483505,0.22652162891700175,0.7576442560055148
25875,LOF,0.03601200965204415,0.05414779335856958,0.9098401969893863
25876,LOF,0.019520070918531543,0.036637651223534816,0.9438422778579337
25877,LOF,0.1249319807798787,0.08513591493109818,0.7899321042890232
25878,LOF,0.09515772368844044,0.13432046485218294,0.7705218114593766
25879,LOF,0.017340999409731578,0.09213164093715163,0.8905273596531168
25880,LOF,0.06492059302126887,0.014663555676415328,0.9204158513023157
25881,Neutral,0.5117016261210356,0.0852800145949477,0.40301835928401664
25882,LOF,0.0597251257697297,0.03078416173191085,0.9094907124983596
25883,LOF,0.02851676298415317,0.032080489280126426,0.9394027477357203
25884,LOF,0.016792535546609283,0.05648998691486072,0.9267174775385301
25885,LOF,0.17595912944067937,0.01411782105983491,0.8099230494994858
25886,LOF,0.271976766866769,0.06329211035842218,0.664731122774809
25887,LOF,0.12163680475166687,0.10125934950618536,0.7771038457421479
25888,LOF,0.009025008626199043,0.1329652435279073,0.8580097478458936
25889,LOF,0.02346401732634284,0.043791393133113136,0.9327445895405441
25890,LOF,0.19662678949361,0.07001637169030299,0.7333568388160869
25891,LOF,0.1186598019845289,0.03023651142342861,0.8511036865920425
25892,LOF,0.009999925867371202,0.0369099321793618,0.953090141953267
25893,LOF,0.37700423713584286,0.010102363154889058,0.6128933997092681
25894,LOF,0.40676591660593076,0.0074981587120588585,0.5857359246820104
25895,LOF,0.3682571747051924,0.013289251671493474,0.618453573623314
25896,LOF,0.0721623811266974,0.029274549531151113,0.8985630693421515
25897,LOF,0.15659628558937766,0.010256787849824395,0.833146926560798
25898,LOF,0.13437885369417304,0.037458575850675926,0.8281625704551511
25899,LOF,0.41356853667256777,0.030195901760423735,0.5562355615670086
25900,Neutral,0.5052355446755764,0.008672130890747197,0.48609232443367634
25901,LOF,0.0661702341269831,0.012487272390852512,0.9213424934821645
25902,LOF,0.1858970059619497,0.012618958389301584,0.8014840356487488
25903,LOF,0.3373484107890592,0.02607479143609514,0.6365767977748458
25904,Neutral,0.5275821092231819,0.03986559163409973,0.43255229914271814
25905,LOF,0.006468908011123301,0.42966556444603976,0.5638655275428368
25906,LOF,0.008161009544145656,0.07475726015171574,0.9170817303041385
25907,LOF,0.007575305200923984,0.26829728851686474,0.7241274062822113
25908,LOF,0.006952686416294478,0.267669651091361,0.7253776624923445
25909,LOF,0.032572907097868774,0.09813570021006714,0.8692913926920641
25910,LOF,0.011831163210680907,0.14005945183849733,0.8481093849508217
25911,LOF,0.2066177522164808,0.042996610168512576,0.7503856376150067
25912,LOF,0.099011778073268,0.034443129062946776,0.8665450928637851
25913,LOF,0.022837515808768624,0.054042720594808025,0.9231197635964233
25914,LOF,0.0366674300121228,0.023865066439754775,0.9394675035481224
25915,LOF,0.2119247833011145,0.11460772303014737,0.6734674936687381
25916,LOF,0.024140661555934854,0.057759889371551604,0.9180994490725136
25917,LOF,0.0730020203708994,0.02274908469894163,0.9042488949301589
25918,LOF,0.03995354576237802,0.014137490916362409,0.9459089633212596
25919,LOF,0.03446895225824288,0.013037129712729148,0.952493918029028
25920,LOF,0.34771618244026925,0.2847028730393004,0.3675809445204303
25921,LOF,0.014344741104521073,0.03504621440807745,0.9506090444874016
25922,LOF,0.0165310844363496,0.03626583398345725,0.9472030815801931
25923,LOF,0.4296741440593139,0.029570239405667876,0.5407556165350182
25924,LOF,0.026380473592902135,0.05036803053260936,0.9232514958744885
25925,LOF,0.09491332930222672,0.04487512425538182,0.8602115464423915
25926,LOF,0.08062738795503141,0.04276133228431271,0.8766112797606559
25927,LOF,0.022111754225665758,0.07159776814784648,0.9062904776264878
25928,LOF,0.010846450318722374,0.05650155249730865,0.9326519971839691
25929,Neutral,0.5651527140941426,0.028349943004093863,0.4064973429017635
25930,LOF,0.07760998548306328,0.02985132174004388,0.8925386927768929
25931,LOF,0.014113841623924301,0.03956378672146196,0.9463223716546136
25932,LOF,0.06238410915722571,0.034265791345591,0.9033500994971834
25933,LOF,0.06322878720929855,0.020191844643317053,0.9165793681473844
25934,LOF,0.058577321796404284,0.018594971702516817,0.9228277065010789
25935,LOF,0.08880287593771384,0.05664829952918769,0.8545488245330985
25936,LOF,0.1064974426333509,0.01989253809034018,0.873610019276309
25937,LOF,0.02022864339376171,0.02645846297028073,0.9533128936359576
25938,LOF,0.0910510845142243,0.05067967866173967,0.8582692368240361
25939,LOF,0.050250437767061396,0.026037547955710984,0.9237120142772276
25940,LOF,0.0091536618084299,0.4578976028470941,0.5329487353444761
25941,LOF,0.4444972314582928,0.04570577477995052,0.5097969937617567
25942,LOF,0.01063878449427907,0.04791893686809853,0.9414422786376224
25943,LOF,0.041310815257696566,0.16258092395147566,0.7961082607908279
25944,LOF,0.039771111525656995,0.06917117821424942,0.8910577102600936
25945,LOF,0.11802815637829392,0.02955284212947012,0.8524190014922359
25946,LOF,0.06572638805735644,0.03988436111818752,0.8943892508244561
25947,Neutral,0.5291451831006511,0.07008470644360484,0.40077011045574407
25948,LOF,0.40569174634263944,0.017213112856663625,0.5770951408006969
25949,LOF,0.17354030315272098,0.06938036644301587,0.7570793304042631
25950,GOF,0.09327719072547085,0.5450580646775419,0.3616647445969873
25951,LOF,0.015475037791251105,0.4481581665624392,0.5363667956463097
25952,LOF,0.24835604198234673,0.21687474023329634,0.5347692177843569
25953,LOF,0.008849373613151518,0.2662297749486066,0.7249208514382419
25954,LOF,0.0816443568585404,0.4106552985046989,0.5077003446367606
25955,LOF,0.008620802437742735,0.23173071050674174,0.7596484870555156
25956,LOF,0.01566746453805104,0.31298061839373326,0.6713519170682158
25957,LOF,0.16929761102629645,0.034480389937694,0.7962219990360095
25958,LOF,0.030526159941909624,0.06684332455549817,0.9026305155025921
25959,GOF,0.006494758470300434,0.7455899855752801,0.24791525595441952
25960,LOF,0.0050900375711498,0.11432458250157065,0.8805853799272795
25961,LOF,0.02731162787146895,0.050587376324652995,0.922100995803878
25962,LOF,0.05052969086674201,0.07464778997828139,0.8748225191549767
25963,LOF,0.006923215855507953,0.151311150306292,0.8417656338382
25964,LOF,0.028276570078786235,0.14503136821097146,0.8266920617102423
25965,LOF,0.2671993328121068,0.1437660143170399,0.5890346528708533
25966,LOF,0.3411998672677599,0.09772889673246946,0.5610712359997707
25967,LOF,0.007575384036149632,0.06469425419235968,0.9277303617714908
25968,LOF,0.04281883453265178,0.24242408991557404,0.7147570755517741
25969,LOF,0.17545580156511953,0.04870293916634927,0.7758412592685312
25970,LOF,0.06263629683119673,0.0643530532185101,0.8730106499502932
25971,LOF,0.08060439158464616,0.029116767783048565,0.8902788406323053
25972,LOF,0.07644112866926661,0.05484260090530077,0.8687162704254326
25973,LOF,0.06989164977385925,0.009960029478376696,0.920148320747764
25974,LOF,0.043438545674452066,0.041472502685095135,0.9150889516404529
25975,LOF,0.03899108772643642,0.019724794062623313,0.9412841182109404
25976,LOF,0.08765344354051846,0.010762256812709156,0.9015842996467723
25977,LOF,0.236360138530292,0.049928046412888026,0.71371181505682
25978,LOF,0.1599254055868662,0.15058964753991264,0.6894849468732211
25979,LOF,0.1298311084953392,0.17228665647166994,0.6978822350329908
25980,LOF,0.20061515162178048,0.23764509708638112,0.5617397512918384
25981,LOF,0.20169341404251212,0.23943010360496245,0.5588764823525255
25982,LOF,0.3951533711691135,0.11314595095084096,0.4917006778800455
25983,LOF,0.39920843929409733,0.13856135995087682,0.4622302007550258
25984,LOF,0.048109465352213256,0.08751438627115495,0.8643761483766318
25985,Neutral,0.4875758261988794,0.10698006461000376,0.40544410919111684
25986,LOF,0.011685372427383803,0.4341993075871124,0.5541153199855039
25987,LOF,0.03878753183495423,0.09319504085616491,0.8680174273088809
25988,LOF,0.04703357864220883,0.14119886596769188,0.8117675553900993
25989,LOF,0.05375703465995724,0.17806638510991166,0.7681765802301311
25990,LOF,0.04541427725465594,0.27968379045639413,0.6749019322889499
25991,LOF,0.029031024917487117,0.42493828516820936,0.5460306899143036
25992,LOF,0.018547269651236774,0.365136763757852,0.6163159665909113
25993,LOF,0.029201520441408602,0.04896955293954548,0.921828926619046
25994,LOF,0.0257957517045563,0.052873769066725994,0.9213304792287177
25995,LOF,0.020537128437443253,0.09921127965509433,0.8802515919074624
25996,Neutral,0.38540022680306346,0.3386076534369056,0.275992119760031
25997,LOF,0.06510740934871856,0.4322947501529848,0.5025978404982966
25998,LOF,0.2622809007548136,0.03881338408756005,0.6989057151576263
25999,LOF,0.040374277307687535,0.10761318479459245,0.85201253789772
26000,LOF,0.146807222324356,0.012567900189252114,0.8406248774863919
26001,LOF,0.24050896640946434,0.018484903453126252,0.7410061301374093
26002,LOF,0.12462255778936515,0.02216697273984519,0.8532104694707897
26003,GOF,0.006774974134669822,0.5926062837000794,0.4006187421652508
26004,GOF,0.013044169074690595,0.5860185347114838,0.4009372962138256
26005,LOF,0.0045832633297808,0.4454862491988936,0.5499304874713256
26006,GOF,0.0700330594660552,0.4770339926531216,0.4529329478808231
26007,LOF,0.00853590147551232,0.46234804800319607,0.5291160505212917
26008,GOF,0.005086090713216662,0.5568971786562746,0.4380167306305086
26009,GOF,0.009569891442301717,0.5983198459666886,0.3921102625910097
26010,GOF,0.007835682255420586,0.5321162050389071,0.46004811270567225
26011,LOF,0.0038980727877086156,0.3952803119597858,0.6008216152525055
26012,GOF,0.004128984303992606,0.523090652243319,0.47278036345268837
26013,GOF,0.008689459230222542,0.5253717808038095,0.465938759965968
26014,LOF,0.0702004020360406,0.09135512404627157,0.8384444739176878
26015,LOF,0.3212947853815906,0.044412165466740816,0.6342930491516685
26016,LOF,0.26151685378408523,0.060040885159280764,0.678442261056634
26017,LOF,0.011050053621354777,0.23017706263109644,0.7587728837475488
26018,LOF,0.022572722149971,0.11377326992293255,0.8636540079270966
26019,LOF,0.02248859311092101,0.10272271336278413,0.8747886935262948
26020,LOF,0.007551769459746954,0.23031948010890382,0.7621287504313492
26021,LOF,0.07122843658585529,0.10544541883879131,0.8233261445753534
26022,LOF,0.035653143654266584,0.048420990503041064,0.9159258658426924
26023,LOF,0.01841696375693016,0.0807955242359123,0.9007875120071576
26024,LOF,0.049745155498677814,0.08188278076854202,0.8683720637327801
26025,LOF,0.11188331019684279,0.10003718273815738,0.7880795070649999
26026,LOF,0.10898323065503003,0.07327088371143316,0.8177458856335368
26027,LOF,0.022118749447872788,0.05121495606897116,0.9266662944831561
26028,LOF,0.07566902872210611,0.16810993530390866,0.7562210359739852
26029,LOF,0.023902588433321048,0.1462065627350877,0.8298908488315914
26030,LOF,0.1307463527799654,0.02069020583232209,0.8485634413877124
26031,LOF,0.01068494119131591,0.12775512813865691,0.8615599306700271
26032,LOF,0.039554137479600626,0.036720525682882074,0.9237253368375172
26033,LOF,0.04270794979810017,0.03716687706047349,0.9201251731414263
26034,LOF,0.014620307930419124,0.10675941134096886,0.878620280728612
26035,LOF,0.011387301429275814,0.09637319285048766,0.8922395057202366
26036,LOF,0.011220657372512152,0.08068005266078834,0.9080992899666995
26037,LOF,0.010796478197171446,0.08765498334101282,0.9015485384618158
26038,LOF,0.03342752187798981,0.03225313148076702,0.9343193466412432
26039,LOF,0.033734387002925414,0.11383644968906599,0.8524291633080087
26040,LOF,0.09068671926081211,0.1063586713646273,0.8029546093745605
26041,LOF,0.014103762877112591,0.0847865271606409,0.9011097099622466
26042,LOF,0.012604113153757018,0.08701975707695327,0.9003761297692897
26043,LOF,0.03297489541399463,0.05317894497317429,0.9138461596128311
26044,LOF,0.00846198177434012,0.04071726819900342,0.9508207500266566
26045,LOF,0.07570205927985531,0.11003353801899697,0.8142644027011477
26046,LOF,0.029348395642267197,0.03866740480181993,0.9319841995559128
26047,LOF,0.06177374567260954,0.03892621538621681,0.8993000389411736
26048,LOF,0.09104745956733247,0.015361064598379073,0.8935914758342884
26049,Neutral,0.9346522073970409,0.006252536175975038,0.059095256426984016
26050,Neutral,0.9025652715565744,0.006530761529639895,0.09090396691378551
26051,LOF,0.026866314339532512,0.07364179177994343,0.899491893880524
26052,LOF,0.028166268895533052,0.06251644192480141,0.9093172891796656
26053,LOF,0.020669969236565954,0.13881571247735097,0.8405143182860831
26054,LOF,0.04939657862220274,0.03768716666874966,0.9129162547090476
26055,LOF,0.07349726982707755,0.034304917505788624,0.8921978126671337
26056,LOF,0.06207975063554103,0.042320874889477646,0.8955993744749814
26057,LOF,0.051102783796544975,0.020697545761911462,0.9281996704415436
26058,LOF,0.05548658104270371,0.016639686713812083,0.9278737322434841
26059,LOF,0.22197904714621308,0.040345830994250535,0.7376751218595363
26060,LOF,0.01856732756981818,0.15811577237944427,0.8233169000507375
26061,LOF,0.0112000614301137,0.013215919797560208,0.975584018772326
26062,LOF,0.0060034486714293095,0.019834892179031217,0.9741616591495396
26063,LOF,0.038768482757163984,0.015623122023349013,0.9456083952194869
26064,LOF,0.012298037545098063,0.022435851306991158,0.9652661111479108
26065,LOF,0.04827849961501626,0.020210604627961874,0.931510895757022
26066,LOF,0.035438201927689976,0.014875004401086111,0.9496867936712239
26067,LOF,0.040336730330173876,0.015402881961376565,0.9442603877084496
26068,LOF,0.04844428834376642,0.04730473892356686,0.9042509727326667
26069,LOF,0.22705269422295757,0.02993867573250364,0.7430086300445389
26070,LOF,0.45336274756988665,0.02237012639945094,0.5242671260306624
26071,LOF,0.03969874079016937,0.01801216749206105,0.9422890917177696
26072,LOF,0.007495460006796372,0.022535643871789746,0.9699688961214138
26073,LOF,0.03532866563948173,0.018940195943829036,0.9457311384166891
26074,Neutral,0.828835188113348,0.012447194962550081,0.1587176169241021
26075,LOF,0.049374305784579804,0.027815847832539743,0.9228098463828805
26076,LOF,0.04735874201828758,0.01720582954678339,0.935435428434929
26077,LOF,0.14881883651512542,0.009255894660107207,0.8419252688247674
26078,LOF,0.00666688435537442,0.021044229969999793,0.9722888856746257
26079,LOF,0.05927443312991891,0.02682080236736141,0.9139047645027196
26080,LOF,0.05779390980822104,0.026833322196842056,0.915372767994937
26081,LOF,0.030194668468971054,0.013447404998211546,0.9563579265328174
26082,LOF,0.005673087299460198,0.02457172775756242,0.9697551849429774
26083,LOF,0.09820106731285771,0.029224149927347384,0.8725747827597949
26084,LOF,0.09768906778331163,0.025374876871545323,0.8769360553451431
26085,LOF,0.08430648351658676,0.021164301700494548,0.8945292147829187
26086,LOF,0.034744992067860116,0.019314235078315922,0.945940772853824
26087,LOF,0.03388520534203424,0.01635434396570356,0.9497604506922621
26088,LOF,0.007052782124075276,0.03141090013458046,0.9615363177413443
26089,LOF,0.04207542486726309,0.041800966779200054,0.9161236083535369
26090,LOF,0.04251617503454965,0.03336171462412514,0.9241221103413253
26091,LOF,0.025126240012214505,0.011227400801710797,0.9636463591860747
26092,LOF,0.04377135897389992,0.013159651862132048,0.9430689891639681
26093,LOF,0.07983512757807423,0.00904903399373102,0.9111158384281947
26094,LOF,0.02958273499251128,0.011614311089947578,0.9588029539175411
26095,LOF,0.02028241372927602,0.020712613745000018,0.959004972525724
26096,LOF,0.20867633605295877,0.0060687237141929164,0.7852549402328484
26097,LOF,0.006935375770033725,0.04688629980160899,0.9461783244283573
26098,LOF,0.10925869968068035,0.021988176858396172,0.8687531234609236
26099,LOF,0.03393192997497833,0.028288514813530702,0.937779555211491
26100,LOF,0.03393192997497833,0.028288514813530702,0.937779555211491
26101,LOF,0.05687148193767614,0.04729715883159319,0.8958313592307308
26102,LOF,0.028951683874340984,0.02471895203411944,0.9463293640915397
26103,Neutral,0.8865498406746959,0.03209394247438667,0.08135621685091747
26104,LOF,0.05592544837474735,0.05031092809998971,0.8937636235252628
26105,LOF,0.29156763833487814,0.10805453933012076,0.600377822335001
26106,LOF,0.30668735989485585,0.0688802617907916,0.6244323783143526
26107,LOF,0.018654539166695107,0.07398516928633955,0.9073602915469654
26108,LOF,0.24973905174888703,0.041109003828422024,0.7091519444226909
26109,LOF,0.08192846914948196,0.03501267130053646,0.8830588595499815
26110,LOF,0.40688301485089895,0.012922240473999284,0.5801947446751018
26111,LOF,0.06678334759805066,0.12951775652605424,0.8036988958758952
26112,LOF,0.04873678661520628,0.012832028215172434,0.9384311851696213
26113,LOF,0.10866818001762141,0.03805783462513183,0.8532739853572469
26114,LOF,0.08965246215860732,0.007006038810202696,0.90334149903119
26115,LOF,0.016379760342516456,0.05056792493786496,0.9330523147196186
26116,LOF,0.07496040693524735,0.022023851790989406,0.9030157412737634
26117,LOF,0.3340611068655916,0.050487074728859584,0.6154518184055489
26118,LOF,0.052256117885989495,0.021507371110082284,0.9262365110039281
26119,LOF,0.005434577334246602,0.1056330769088909,0.8889323457568625
26120,LOF,0.033747818255350406,0.020455497627069417,0.9457966841175802
26121,LOF,0.0032936762941559354,0.15367861517441858,0.8430277085314255
