feature0,prediction,LoGoFunc_Neutral,LoGoFunc_GOF,LoGoFunc_LOF
25546,Neutral,0.6424591610551434,0.07414672726302934,0.2833941116818274
25547,LOF,0.4279931869486255,0.13530671198967767,0.4367001010616968
25548,Neutral,0.47873575138823005,0.10045607341857662,0.42080817519319336
25549,LOF,0.4163724862382993,0.10244977053417963,0.4811777432275212
25550,LOF,0.3387675891972531,0.15650378576555535,0.5047286250371915
25551,LOF,0.29149335351850764,0.18379028601104117,0.5247163604704512
25552,LOF,0.2018977862871064,0.17576430311088653,0.622337910602007
25553,Neutral,0.7840286911541816,0.05803011437903277,0.15794119446678567
25554,LOF,0.2369368224685306,0.17233195556904557,0.5907312219624239
25555,LOF,0.1953273772026909,0.1544149612426272,0.6502576615546818
25556,LOF,0.4023372195014702,0.13583798585929988,0.46182479463923
25557,LOF,0.18207240230322455,0.16230227375798428,0.6556253239387911
25558,LOF,0.22951819539948803,0.166420415240849,0.604061389359663
25559,LOF,0.17447258616961958,0.12737616444564337,0.6981512493847369
25560,LOF,0.06892880266700162,0.16767921471206657,0.7633919826209319
25561,LOF,0.13665287954977717,0.15433607319730566,0.7090110472529171
25562,LOF,0.06493530109501573,0.095222728808867,0.8398419700961174
25563,LOF,0.0949418601374526,0.10774933764163243,0.7973088022209149
25564,LOF,0.21783490978006448,0.18676025626949977,0.5954048339504358
25565,LOF,0.14828373099486145,0.1334900657039876,0.718226203301151
25566,GOF,0.021345752549788943,0.7712947971884785,0.20735945026173253
25567,LOF,0.019900384022721124,0.19397501680941695,0.7861245991678619
25568,LOF,0.056662556377230854,0.08491381122891481,0.8584236323938544
25569,LOF,0.0544412183261621,0.08583067578307087,0.859728105890767
25570,LOF,0.029650333529337783,0.1233403081053681,0.847009358365294
25571,LOF,0.02928982037724207,0.11766650934117444,0.8530436702815835
25572,LOF,0.03061451229904597,0.15181010610016785,0.8175753816007862
25573,LOF,0.024766081204359882,0.11412663716616292,0.8611072816294773
25574,LOF,0.01680039230851454,0.16795900925095894,0.8152405984405265
25575,LOF,0.023105792761607208,0.13098558114652517,0.8459086260918677
25576,LOF,0.011534255870354483,0.175278761063588,0.8131869830660574
25577,LOF,0.010119929826145251,0.14179904654502057,0.8480810236288342
25578,LOF,0.26557882001765865,0.09795281566923787,0.6364683643131036
25579,LOF,0.11230130561668314,0.10460265309269247,0.7830960412906244
25580,LOF,0.017075534674278872,0.09494452302419479,0.8879799423015263
25581,LOF,0.04054808952829587,0.0819779400815767,0.8774739703901275
25582,LOF,0.040427239041257834,0.08060078983905924,0.878971971119683
25583,LOF,0.019757274333553617,0.10594616975229866,0.8742965559141478
25584,Neutral,0.5309097968533554,0.11134916457802191,0.35774103856862277
25585,LOF,0.011162111921317169,0.16304363903294164,0.8257942490457411
25586,LOF,0.016861788855859577,0.08959145359331233,0.8935467575508281
25587,LOF,0.01587337994917894,0.08253110272181183,0.9015955173290092
25588,LOF,0.01634504029273506,0.10017366766205119,0.8834812920452138
25589,Neutral,0.6163966761160913,0.1502185016192824,0.23338482226462637
25590,LOF,0.017676376200901213,0.14201744436941474,0.840306179429684
25591,LOF,0.07257915026817047,0.06987267530864621,0.8575481744231833
25592,LOF,0.04512556518772025,0.15853139133688965,0.7963430434753902
25593,LOF,0.020080092344108704,0.267986173312828,0.7119337343430634
25594,LOF,0.03857865988494671,0.10570484373875266,0.8557164963763007
25595,LOF,0.04025413900643485,0.07750787754916155,0.8822379834444035
25596,LOF,0.05178822503464432,0.07357762845311064,0.8746341465122449
25597,LOF,0.03703436214694176,0.07141879224123668,0.8915468456118216
25598,LOF,0.036470348883838696,0.09122066625911171,0.8723089848570496
25599,GOF,0.008215619889924993,0.5942497751414082,0.39753460496866677
25600,GOF,0.02918452578966618,0.6236215877002887,0.3471938865100452
25601,LOF,0.012245613348819356,0.43127650384494115,0.5564778828062394
25602,LOF,0.013855990383822571,0.050715219057207085,0.9354287905589702
25603,LOF,0.04916140518142374,0.021320058946430444,0.9295185358721458
25604,LOF,0.015031912318399237,0.07425245997869706,0.9107156277029037
25605,LOF,0.00806617467892796,0.2114582345674004,0.7804755907536716
25606,LOF,0.09097069526550154,0.3569956665508362,0.5520336381836622
25607,LOF,0.0052043586590655565,0.23254480008312628,0.7622508412578081
25608,LOF,0.012532284397018584,0.10911277641191353,0.878354939191068
25609,LOF,0.07940546945343087,0.3806312340817253,0.5399632964648439
25610,LOF,0.019856026432454696,0.02552493096056978,0.9546190426069756
25611,LOF,0.018681711293743797,0.026767437415699317,0.9545508512905568
25612,LOF,0.05622538207276099,0.03733077323727336,0.9064438446899655
25613,LOF,0.050663003844345245,0.03818031298816963,0.9111566831674852
25614,LOF,0.024615396533898506,0.03129214634254212,0.9440924571235593
25615,LOF,0.016668341077255285,0.03883545517693545,0.9444962037458092
25616,LOF,0.0517289465263077,0.030277405750290604,0.9179936477234016
25617,LOF,0.04994980389768356,0.03446639677131945,0.9155837993309971
25618,LOF,0.061955570007870366,0.03448679509961479,0.9035576348925148
25619,LOF,0.018119870662248076,0.03173623919076739,0.9501438901469845
25620,LOF,0.068793930257838,0.04137634465422264,0.8898297250879393
25621,LOF,0.018076371671317124,0.0392722612251935,0.9426513671034893
25622,LOF,0.021902596937125363,0.04145584289633436,0.9366415601665403
25623,LOF,0.03499839387441137,0.03526295573295967,0.9297386503926289
25624,LOF,0.021245130359702453,0.039728745905333124,0.9390261237349644
25625,LOF,0.022901891626466258,0.05218748983192043,0.9249106185416134
25626,LOF,0.05220755506999955,0.039774966867863894,0.9080174780621366
25627,Neutral,0.5644813674427456,0.10527449580868434,0.3302441367485699
25628,LOF,0.19264856377219594,0.05730793431254361,0.7500435019152605
25629,LOF,0.044635609558229886,0.05748025587912694,0.8978841345626432
25630,LOF,0.14469939714686036,0.09448362657503984,0.7608169762780997
25631,Neutral,0.5764973171274637,0.0607795422919642,0.3627231405805723
25632,LOF,0.007761845240626176,0.07193249088881284,0.920305663870561
25633,LOF,0.2040570985643308,0.04363733626253124,0.752305565173138
25634,LOF,0.030602325382361777,0.09655255152724643,0.8728451230903919
25635,LOF,0.03824785053986183,0.04725266158791002,0.9144994878722281
25636,GOF,0.005078569455553649,0.5920247502903133,0.402896680254133
25637,GOF,0.007562475907018713,0.6087778267277398,0.38365969736524147
25638,LOF,0.01026997266106576,0.2986930363145893,0.6910369910243449
25639,LOF,0.004742534168473505,0.4645431659803024,0.5307142998512242
25640,GOF,0.44505771937971317,0.46820316504566617,0.08673911557462066
25641,LOF,0.013523589286188775,0.3038288997243285,0.6826475109894826
25642,LOF,0.2748673588402205,0.0562989971670223,0.6688336439927571
25643,LOF,0.1430555005740961,0.13414220300816074,0.7228022964177432
25644,LOF,0.008997976983660127,0.4588190416481107,0.5321829813682291
25645,LOF,0.007438364243974728,0.42871829515248844,0.5638433406035369
25646,LOF,0.01378952230571853,0.30986072498675504,0.6763497527075265
25647,LOF,0.009716557084768101,0.2596143680669281,0.7306690748483037
25648,LOF,0.009186814878370218,0.2505339657391317,0.7402792193824981
25649,LOF,0.007609308751237066,0.19192782447866222,0.8004628667701007
25650,LOF,0.014222776624769045,0.3948855293150254,0.5908916940602056
25651,LOF,0.0059068414646064734,0.2542068378953279,0.7398863206400658
25652,LOF,0.009356188234493645,0.2520038528754582,0.7386399588900482
25653,LOF,0.025576277796387877,0.37092082244210045,0.6035028997615117
25654,LOF,0.010562559075308597,0.1434981110979207,0.8459393298267708
25655,LOF,0.047659166022484115,0.3903790257595558,0.56196180821796
25656,LOF,0.1840940119200738,0.05029314973514096,0.7656128383447851
25657,LOF,0.2496721985569133,0.02757441116267664,0.7227533902804101
25658,LOF,0.07665327287851896,0.07159561414475267,0.8517511129767285
25659,LOF,0.4261210738227405,0.061691029507920506,0.512187896669339
25660,LOF,0.030345044893056356,0.09395453021937208,0.8757004248875716
25661,LOF,0.0940141056532008,0.066793422156866,0.8391924721899331
25662,LOF,0.029717857349698916,0.045943018155460945,0.9243391244948401
25663,LOF,0.04024331330454153,0.06621425025358631,0.8935424364418723
25664,LOF,0.044841345608885884,0.08287755460760662,0.8722810997835075
25665,LOF,0.05443816484943164,0.033041762388988795,0.9125200727615796
25666,LOF,0.03471457019869032,0.10628049338221952,0.8590049364190903
25667,LOF,0.0632323399366259,0.04904663228978357,0.8877210277735906
25668,LOF,0.03410793191993072,0.05396907545558426,0.911922992624485
25669,LOF,0.03168996122848985,0.07678311727619373,0.8915269214953165
25670,LOF,0.055035343705912336,0.06455285762128388,0.8804117986728037
25671,LOF,0.09069769828931126,0.041638259555161705,0.8676640421555271
25672,LOF,0.05381592715459075,0.04220316859076968,0.9039809042546397
25673,LOF,0.024641744116469938,0.058964705882715046,0.916393550000815
25674,LOF,0.02113759750917845,0.06981945897581728,0.9090429435150044
25675,LOF,0.032573147385311835,0.06347269968901957,0.9039541529256686
25676,LOF,0.01898330789262772,0.0606745970119977,0.9203420950953746
25677,LOF,0.027968192051759797,0.07026868461751176,0.9017631233307285
25678,LOF,0.19668670459012896,0.05950626481764385,0.7438070305922272
25679,LOF,0.1704404628889377,0.08350878907703109,0.7460507480340313
25680,LOF,0.04123035326365449,0.10935349892373479,0.8494161478126107
25681,LOF,0.06633937579241654,0.10058512605501736,0.8330754981525661
25682,LOF,0.14412341600000245,0.08087894503531866,0.7749976389646789
25683,LOF,0.08422218624334969,0.12849710329364675,0.7872807104630036
25684,LOF,0.043255866287268144,0.07874256544740017,0.8780015682653317
25685,LOF,0.0733733801709743,0.055049972206011565,0.8715766476230141
25686,LOF,0.024832711310223774,0.07987950102077099,0.8952877876690053
25687,LOF,0.048202106847033445,0.06981590277808092,0.8819819903748856
25688,LOF,0.04142946303642631,0.06049210672775683,0.8980784302358169
25689,LOF,0.025536551844820395,0.0717494336983759,0.9027140144568038
25690,LOF,0.036114505570247826,0.05409237321020871,0.9097931212195434
25691,LOF,0.22435401192317492,0.07768503848451305,0.697960949592312
25692,LOF,0.2487932568547899,0.00751388484760611,0.7436928582976041
25693,LOF,0.09631566191669694,0.26342315129801797,0.640261186785285
25694,LOF,0.2408067907982432,0.012539457714601153,0.7466537514871556
25695,LOF,0.1500628535358181,0.02137215268095683,0.828564993783225
25696,LOF,0.12296005235653809,0.0121844617279337,0.8648554859155281
25697,LOF,0.09753463065978263,0.021208743903320344,0.881256625436897
25698,LOF,0.05639718917598266,0.44177703355531933,0.5018257772686979
25699,LOF,0.07476934408888239,0.082857075157518,0.8423735807535995
25700,LOF,0.05394326626871991,0.010361314454638237,0.9356954192766419
25701,LOF,0.017403912133597342,0.0774912713045526,0.90510481656185
25702,GOF,0.03575358241841105,0.6976794098493482,0.26656700773224073
25703,LOF,0.008064341280982837,0.17204341468676115,0.819892244032256
25704,LOF,0.05615391174516954,0.1421222863586729,0.8017238018961577
25705,LOF,0.0618732555410262,0.2643197281470843,0.6738070163118896
25706,GOF,0.02175928644060555,0.519353921452881,0.4588867921065135
25707,GOF,0.01733245251549682,0.4927442466219503,0.4899233008625527
25708,LOF,0.007675245180999016,0.47142114485892395,0.520903609960077
25709,LOF,0.05527119299363722,0.07001707731630333,0.8747117296900594
25710,LOF,0.005026436465520496,0.17385561426492585,0.8211179492695536
25711,LOF,0.016856116071660338,0.1532842452611677,0.829859638667172
25712,LOF,0.006364955333938701,0.22656870219723108,0.7670663424688303
25713,LOF,0.018233930518022894,0.12474897668458118,0.8570170927973959
25714,LOF,0.05754647923876941,0.1589047911500783,0.7835487296111523
25715,LOF,0.011223751804792315,0.17894496170519641,0.8098312864900111
25716,LOF,0.005422362854749153,0.13535594699434736,0.8592216901509035
25717,LOF,0.005591147449839662,0.10868818879420657,0.8857206637559537
25718,LOF,0.01203766039149205,0.11496925165199734,0.8729930879565105
25719,LOF,0.019220643562009528,0.12464459923690936,0.8561347572010812
25720,LOF,0.019548493654918703,0.1124320358390265,0.8680194705060547
25721,LOF,0.015803280459532325,0.12826403730892771,0.85593268223154
25722,LOF,0.013643921917658028,0.1638396415650989,0.8225164365172429
25723,LOF,0.019204820122602023,0.09608990900096881,0.884705270876429
25724,LOF,0.01749484265964627,0.13988826023902967,0.842616897101324
25725,LOF,0.011620452763241975,0.10415555095736749,0.8842239962793904
25726,LOF,0.014571632472960958,0.1491427737588999,0.8362855937681392
25727,LOF,0.01221755583527473,0.11232190069485795,0.8754605434698672
25728,LOF,0.01019802445281868,0.14327305102935076,0.8465289245178306
25729,LOF,0.010593612213637305,0.1493528854201348,0.8400535023662279
25730,LOF,0.01521229404910447,0.11536995957479321,0.8694177463761025
25731,LOF,0.007573413124417898,0.15674506578866262,0.8356815210869194
25732,LOF,0.01533856498694366,0.10918648391422064,0.8754749510988357
25733,LOF,0.015410093159473438,0.10200610915048675,0.8825837976900397
25734,LOF,0.005298001558339182,0.15218558834980073,0.8425164100918602
25735,LOF,0.013718919754911399,0.09389118549119169,0.892389894753897
25736,LOF,0.014148928294002439,0.13361723794065256,0.852233833765345
25737,LOF,0.018650562148881444,0.10518629423320539,0.8761631436179131
25738,LOF,0.012698337645995091,0.1543945779935371,0.8329070843604678
25739,LOF,0.01837781278162389,0.13895455034537837,0.8426676368729978
25740,LOF,0.030265043823496072,0.13548802165731078,0.8342469345191931
25741,LOF,0.014557574583706804,0.12174521202269413,0.8636972133935991
25742,LOF,0.09693749997510241,0.12590148798137335,0.7771610120435243
25743,LOF,0.014240751748472998,0.03198025020121842,0.9537789980503086
25744,LOF,0.23678220846723746,0.3021856105280412,0.4610321810047213
25745,LOF,0.02954020630148886,0.048582461510409326,0.9218773321881018
25746,LOF,0.01709377256169985,0.0556605173751844,0.9272457100631157
25747,LOF,0.029044222412686158,0.025637046026129717,0.9453187315611841
25748,LOF,0.12013654163230085,0.043689997991423,0.8361734603762762
25749,LOF,0.01504741831469409,0.044670799729417565,0.9402817819558883
25750,LOF,0.03370966441917669,0.06019332628424018,0.9060970092965832
25751,LOF,0.11167657099560271,0.048927913436283534,0.8393955155681138
25752,GOF,0.121735850972116,0.6036162550537179,0.27464789397416606
25753,LOF,0.0076072237858136795,0.31707066067138645,0.6753221155427999
25754,GOF,0.0048532628705401275,0.7905020264683262,0.20464471066113368
25755,LOF,0.009335425817044466,0.3974411205713455,0.59322345361161
25756,LOF,0.042761700353887114,0.4060132312048281,0.5512250684412848
25757,GOF,0.005994060285703261,0.8557027189178735,0.13830322079642332
25758,GOF,0.006887545073051702,0.8535569691554673,0.13955548577148102
25759,GOF,0.004824178577812852,0.550493307384866,0.4446825140373211
25760,LOF,0.004992591602882754,0.2734592650839832,0.7215481433131341
25761,GOF,0.044721904512025505,0.8069716422331104,0.14830645325486416
25762,LOF,0.030582182048966528,0.30713132749548944,0.662286490455544
25763,LOF,0.006351770890501652,0.2165856158776109,0.7770626132318874
25764,GOF,0.19361291376153336,0.4950248791034578,0.3113622071350089
25765,GOF,0.012748718432473613,0.7707181127769482,0.21653316879057816
25766,GOF,0.01867988739979963,0.808695055209077,0.17262505739112324
25767,GOF,0.020013791727267555,0.5044033335936187,0.4755828746791138
25768,LOF,0.07019231880170705,0.06945819815757018,0.8603494830407228
25769,LOF,0.08292613645851557,0.051840673720516726,0.8652331898209678
25770,LOF,0.3255223414113634,0.06504797483854134,0.6094296837500952
25771,LOF,0.013445990937229096,0.05005725792961704,0.9364967511331538
25772,LOF,0.02032466017551258,0.027177760935821117,0.9524975788886664
25773,LOF,0.010522259007075794,0.11776627387839886,0.8717114671145253
25774,LOF,0.024194148006442418,0.064042771733632,0.9117630802599255
25775,LOF,0.014797840662320257,0.04395046029020185,0.9412516990474779
25776,LOF,0.0866656753573635,0.02073093254240512,0.8926033921002313
25777,LOF,0.29371701293870167,0.04247657092379933,0.6638064161374991
25778,LOF,0.0723899960531097,0.03627759707549937,0.891332406871391
25779,GOF,0.07187431826036095,0.8724014953255322,0.055724186414106786
25780,GOF,0.06058973910246211,0.8586140693216502,0.08079619157588785
25781,GOF,0.027012892824947787,0.8609832863658277,0.11200382080922447
25782,GOF,0.0341488430208269,0.8829513095654847,0.08289984741368835
25783,GOF,0.012524302972364251,0.6650384940052724,0.3224372030223633
25784,GOF,0.12480811267795708,0.8270934468890809,0.04809844043296196
25785,GOF,0.07799525331813767,0.8749423753609102,0.047062371320952104
25786,GOF,0.005754665254310034,0.8154794833512691,0.178765851394421
25787,GOF,0.19794265235617775,0.7623540036119655,0.03970334403185673
25788,LOF,0.04662403029689633,0.11997481312782303,0.8334011565752806
25789,GOF,0.042425293348606744,0.8192141760770959,0.13836053057429726
25790,GOF,0.04384278203655891,0.8377110711070036,0.11844614685643759
25791,GOF,0.03043850382203202,0.7737079440143032,0.19585355216366473
25792,GOF,0.05140589338965598,0.7742123580594836,0.17438174855086022
25793,GOF,0.07573059368134004,0.7341001806969035,0.19016922562175642
25794,GOF,0.12204479839298553,0.6732996667011479,0.2046555349058666
25795,GOF,0.027070081200536066,0.7584059423993506,0.21452397640011334
25796,GOF,0.1390192543173523,0.7631618160088819,0.09781892967376567
25797,GOF,0.03815824148638532,0.5963576798867413,0.3654840786268735
25798,GOF,0.0031061652834873652,0.5430374242202367,0.453856410496276
25799,LOF,0.003068424322858443,0.4166395029238679,0.5802920727532737
25800,GOF,0.01159266138929929,0.6246181181555728,0.3637892204551279
25801,GOF,0.030990568040859267,0.8184461772144934,0.1505632547446473
25802,GOF,0.020816580389277303,0.7140527237838463,0.2651306958268763
25803,GOF,0.010288586925076403,0.6044341072497594,0.3852773058251641
25804,LOF,0.013394192592207206,0.4817830244914227,0.5048227829163701
25805,GOF,0.021842108151738565,0.5958252704025087,0.38233262144575264
25806,GOF,0.01942612423327893,0.6303354647786512,0.35023841098806985
25807,GOF,0.005490374917499718,0.6375103655094846,0.35699925957301565
25808,GOF,0.015594185238956781,0.6407517668049582,0.3436540479560852
25809,GOF,0.006469361389390198,0.6155096549733265,0.37802098363728315
25810,GOF,0.005194926060376471,0.6309849921252173,0.3638200818144062
25811,GOF,0.08793239112144158,0.8050360149481782,0.10703159393038016
25812,GOF,0.014165368620598482,0.6311273141409854,0.35470731723841603
25813,GOF,0.10957068432455197,0.7388287871707139,0.15160052850473416
25814,GOF,0.03156755089633762,0.7098930135414624,0.2585394355621998
25815,GOF,0.0442409976152496,0.7133948174003264,0.24236418498442397
25816,GOF,0.007780855941592063,0.7620974095591705,0.23012173449923748
25817,GOF,0.07203676554315282,0.7591030064668363,0.168860227990011
25818,GOF,0.01929697439728099,0.7207296875995217,0.2599733380031973
25819,GOF,0.07432783092186065,0.7327538274980857,0.19291834158005366
25820,GOF,0.03418776801220604,0.7120206722081972,0.2537915597795969
25821,GOF,0.01692908019867459,0.7032766625104121,0.2797942572909132
25822,GOF,0.035795388086189386,0.7258275603825729,0.2383770515312378
25823,GOF,0.011725785917069798,0.5534326650428564,0.43484154904007394
25824,GOF,0.024812529606183995,0.6893982357232971,0.2857892346705189
25825,GOF,0.012669535918122787,0.6682715643668959,0.3190588997149813
25826,GOF,0.004856364858929213,0.632886438671057,0.3622571964700137
25827,GOF,0.0073252099944557635,0.6019662276344877,0.3907085623710565
25828,GOF,0.005279813065442234,0.5460526921412768,0.44866749479328094
25829,GOF,0.0027946659483815855,0.5985474829980194,0.3986578510535989
25830,LOF,0.03996263391458277,0.3569798934734071,0.6030574726120101
25831,GOF,0.03639962982850184,0.8252231551740711,0.1383772149974271
25832,GOF,0.007392476825567372,0.7607098901368022,0.2318976330376304
25833,GOF,0.027295812758394416,0.8076562789860567,0.1650479082555489
25834,GOF,0.008121081666849463,0.7598940165500411,0.23198490178310946
25835,GOF,0.017920057752349602,0.8159680558216234,0.16611188642602712
25836,GOF,0.006474799515559528,0.7655145768394822,0.22801062364495833
25837,GOF,0.006396982333905483,0.672328225739908,0.32127479192618635
25838,GOF,0.020393749566788272,0.8390401205089238,0.140566129924288
25839,GOF,0.05093753211635805,0.7887680416300027,0.1602944262536391
25840,GOF,0.039299346188781066,0.8161516235346128,0.1445490302766061
25841,GOF,0.03513697767122187,0.8372977749195977,0.1275652474091805
25842,GOF,0.024113786798920702,0.8648167482747269,0.11106946492635258
25843,GOF,0.026248395747468626,0.8820524504809463,0.0916991537715852
25844,GOF,0.017122486474772096,0.7919475842334973,0.1909299292917306
25845,GOF,0.004874497244200258,0.5604811115886952,0.4346443911671046
25846,GOF,0.027240364005974342,0.8497626697806375,0.12299696621338817
25847,GOF,0.01681990298423314,0.8865013397625795,0.09667875725318742
25848,GOF,0.013430895072821202,0.7830673842869444,0.2035017206402343
25849,GOF,0.004212817808906743,0.6659046607798982,0.32988252141119506
25850,GOF,0.0068992202193304385,0.6813213363436186,0.31177944343705094
25851,GOF,0.006421088290180478,0.5618906436355163,0.43168826807430316
25852,GOF,0.15614872242265357,0.5150747363879251,0.3287765411894215
25853,GOF,0.06941708402573872,0.8320569608007687,0.09852595517349245
25854,GOF,0.008843854343837353,0.639659678489406,0.3514964671667566
25855,GOF,0.014669956732674528,0.5818285773019767,0.40350146596534886
25856,GOF,0.0375314786688111,0.6950747622503024,0.26739375908088653
25857,GOF,0.014161841482144345,0.5214720980539378,0.4643660604639179
25858,GOF,0.0076615117593811805,0.5316412533950706,0.4606972348455482
25859,GOF,0.005124354055405347,0.5096670735188972,0.4852085724256975
25860,GOF,0.07020817147072093,0.7893315585159655,0.14046027001331357
25861,GOF,0.10913351567807995,0.7840480406726998,0.10681844364922025
25862,GOF,0.018555376168684513,0.8453335261750073,0.1361110976563081
25863,GOF,0.018522414363841375,0.8658863871840811,0.11559119845207753
25864,GOF,0.04381339143912575,0.8709978129276436,0.08518879563323055
25865,GOF,0.03217237297132361,0.8396662522906957,0.12816137473798073
25866,GOF,0.027886861679343896,0.8324557919112324,0.1396573464094238
25867,GOF,0.026042928233217064,0.8689110077888783,0.10504606397790472
25868,GOF,0.052743213763181356,0.801781264343723,0.14547552189309565
25869,GOF,0.2981133286625698,0.5995642860080984,0.10232238532933176
25870,GOF,0.18887062738160854,0.5267154688141652,0.2844139038042263
25871,GOF,0.0322839500292372,0.8562430786619919,0.1114729713087709
25872,GOF,0.016683442697442215,0.7725144560232189,0.2108021012793389
25873,GOF,0.018106361973249153,0.8503352259081298,0.13155841211862096
25874,LOF,0.017451230268970084,0.12279216409761524,0.8597566056334147
25875,LOF,0.024462917004117162,0.037033086142604255,0.9385039968532786
25876,LOF,0.014358807764974384,0.029514185178519094,0.9561270070565064
25877,LOF,0.1243146974781204,0.07049694938944448,0.8051883531324351
25878,LOF,0.04983670411670911,0.09414391250906058,0.8560193833742303
25879,LOF,0.022009011545239203,0.06994952905778842,0.9080414593969723
25880,LOF,0.03989851279509226,0.011825772394168946,0.9482757148107388
25881,Neutral,0.5598423779177113,0.044731670142684504,0.3954259519396041
25882,LOF,0.02250345818032445,0.03146622717691413,0.9460303146427614
25883,LOF,0.07690815970825335,0.02180453949113078,0.9012873008006159
25884,LOF,0.011743169017140391,0.039813811390295155,0.9484430195925644
25885,LOF,0.18563751752631744,0.006247143647853194,0.8081153388258294
25886,LOF,0.3342686026151527,0.04358722084660246,0.6221441765382448
25887,LOF,0.1503736713038883,0.05783982539836659,0.7917865032977452
25888,LOF,0.014101660268976735,0.10369415648846061,0.8822041832425627
25889,LOF,0.015103866150557215,0.02997016592001486,0.954925967929428
25890,LOF,0.12228416108318882,0.07962786600034209,0.798087972916469
25891,LOF,0.042435166007401236,0.039287482105390764,0.918277351887208
25892,LOF,0.010480707786780003,0.045242489895022255,0.9442768023181978
25893,LOF,0.39258753352766557,0.01365767365664108,0.5937547928156933
25894,LOF,0.41933370682821725,0.007281614119261425,0.5733846790525214
25895,LOF,0.3522552359604559,0.015545917382473975,0.6321988466570702
25896,LOF,0.042551223617029496,0.026546015455971024,0.9309027609269994
25897,LOF,0.19442907803197715,0.012996697718797426,0.7925742242492255
25898,LOF,0.22224681751058317,0.04011187887320243,0.7376413036162144
25899,LOF,0.2034962454046619,0.028490334293211506,0.7680134203021266
25900,LOF,0.4672623242956176,0.010671321163821962,0.5220663545405605
25901,LOF,0.047494272203181906,0.012346407212264017,0.940159320584554
25902,LOF,0.10448871642782767,0.017990086837091034,0.8775211967350812
25903,LOF,0.39146891561246433,0.036014126582900395,0.5725169578046353
25904,LOF,0.31595990330325513,0.047643120616140726,0.6363969760806041
25905,LOF,0.00627335581367571,0.4042391574129231,0.5894874867734012
25906,LOF,0.008485786148543116,0.11921899707144026,0.8722952167800166
25907,LOF,0.004070987921503209,0.35497534730735986,0.640953664771137
25908,LOF,0.003675346936977737,0.24627142382159517,0.7500532292414271
25909,LOF,0.013231621419026673,0.153910688697223,0.8328576898837504
25910,LOF,0.014918399283856717,0.14805560548068905,0.8370259952354543
25911,LOF,0.16655073764071038,0.030011490128925743,0.8034377722303638
25912,LOF,0.07160380113898937,0.0438870458169996,0.8845091530440111
25913,LOF,0.07673580631162988,0.05426318674736979,0.8690010069410002
25914,LOF,0.021008853690894384,0.056388848764318274,0.9226022975447874
25915,LOF,0.15221304266660235,0.2699836195677825,0.5778033377656151
25916,LOF,0.021697180127464407,0.17363096301560602,0.8046718568569297
25917,LOF,0.04919740654647446,0.04234872822655359,0.9084538652269719
25918,LOF,0.024936888527963247,0.034052496905391756,0.9410106145666451
25919,LOF,0.022003277389374045,0.03225688308208947,0.9457398395285366
25920,LOF,0.102161343512723,0.23984430291629616,0.6579943535709809
25921,LOF,0.009921780163990349,0.038263757081046644,0.951814462754963
25922,LOF,0.012598591259388208,0.031258911339750485,0.9561424974008613
25923,Neutral,0.48834150073205784,0.04087235416772284,0.47078614510021943
25924,LOF,0.016629466527897,0.04686880845963159,0.9365017250124713
25925,LOF,0.07978878752868938,0.04669391477583241,0.8735172976954781
25926,LOF,0.05938182188522838,0.03951825746466368,0.9010999206501079
25927,LOF,0.021126014311872422,0.06237323798727142,0.9165007477008562
25928,LOF,0.008270293317991458,0.04996119407145085,0.9417685126105577
25929,Neutral,0.6160965692578722,0.04246463127067381,0.34143879947145395
25930,LOF,0.06933528637377502,0.03544132581438802,0.895223387811837
25931,LOF,0.009885552942158147,0.03641220832159503,0.9537022387362468
25932,LOF,0.03227234600652683,0.03070404649921665,0.9370236074942566
25933,LOF,0.04178018333357504,0.020122036122859437,0.9380977805435655
25934,LOF,0.029160906074766485,0.022392866833320757,0.9484462270919128
25935,LOF,0.07366899793636356,0.049117574544578595,0.8772134275190578
25936,LOF,0.047313331332531156,0.025960044549385042,0.9267266241180837
25937,LOF,0.010088676219033891,0.03534133075801112,0.954569993022955
25938,LOF,0.07630102237448136,0.055773248398181215,0.8679257292273375
25939,LOF,0.039117947433002155,0.025462175498435158,0.9354198770685627
25940,LOF,0.010134096246948303,0.29175773661085197,0.6981081671421997
25941,Neutral,0.5279762379062005,0.029862175704489326,0.4421615863893102
25942,LOF,0.0051313550233413096,0.03561675412856514,0.9592518908480936
25943,LOF,0.03777770555930231,0.13673529588351802,0.8254869985571797
25944,LOF,0.12873687468911724,0.07220099997935774,0.7990621253315251
25945,LOF,0.056404826515314054,0.018088368548650823,0.9255068049360351
25946,LOF,0.07503485115534585,0.05929546086763267,0.8656696879770216
25947,LOF,0.44092690378775207,0.08292819567394659,0.4761449005383013
25948,LOF,0.32600326270369306,0.009974452561803928,0.664022284734503
25949,LOF,0.0939311489331621,0.045657689013790435,0.8604111620530474
25950,GOF,0.043154028257618056,0.6000593469770465,0.35678662476533546
25951,LOF,0.015603473003209153,0.41168122063496065,0.5727153063618301
25952,LOF,0.2632718141743942,0.2998581957246143,0.4368699901009915
25953,LOF,0.013818296375400255,0.1842321197940295,0.8019495838305702
25954,LOF,0.056393075333919906,0.44393747748693696,0.4996694471791431
25955,LOF,0.010566221095458362,0.16725776692733624,0.8221760119772055
25956,LOF,0.031630288585368135,0.29837080245903286,0.669998908955599
25957,LOF,0.16271197636070536,0.0340121363189014,0.8032758873203933
25958,LOF,0.05013908927274128,0.028476226264220063,0.9213846844630388
25959,LOF,0.012457183238719206,0.4701186888494758,0.517424127911805
25960,LOF,0.0058169087277426,0.05297049030275007,0.9412126009695072
25961,LOF,0.03704737868982518,0.027018385764826788,0.9359342355453479
25962,LOF,0.03513056652033371,0.07529716850243783,0.8895722649772284
25963,LOF,0.0056435554684095435,0.2503913688976193,0.7439650756339712
25964,LOF,0.03309118494078434,0.09999570151671275,0.8669131135425029
25965,LOF,0.33526561430125784,0.1426061051276514,0.5221282805710907
25966,Neutral,0.5106472400147102,0.1480837592636365,0.34126900072165334
25967,LOF,0.006787712176506872,0.09095988542852365,0.9022524023949694
25968,LOF,0.04896453158095368,0.23140322878302133,0.719632239636025
25969,LOF,0.12342522141699484,0.05775399772119219,0.818820780861813
25970,LOF,0.018015674471713643,0.08761173310424018,0.8943725924240463
25971,LOF,0.0713142906128701,0.027556203009006883,0.9011295063781231
25972,LOF,0.06790697398215198,0.036248508875711516,0.8958445171421365
25973,LOF,0.05751880022595851,0.011519196968187555,0.9309620028058538
25974,LOF,0.03487388849353561,0.042465405066572,0.9226607064398924
25975,LOF,0.04320652180260878,0.02330976123963206,0.9334837169577591
25976,LOF,0.0999799063024361,0.013419575019207272,0.8866005186783565
25977,LOF,0.19259702030746148,0.05243471624909247,0.754968263443446
25978,LOF,0.12842642294045378,0.12909345733993247,0.7424801197196138
25979,LOF,0.11490233218477233,0.13033044409153507,0.7547672237236925
25980,LOF,0.2221689108727183,0.15227020614746195,0.6255608829798197
25981,LOF,0.24735076655332688,0.1497597124578203,0.6028895209888528
25982,LOF,0.39716703724227437,0.10430926827069484,0.49852369448703077
25983,LOF,0.3760617077070064,0.10936568826865314,0.5145726040243405
25984,LOF,0.045123706868050076,0.058183503193438624,0.8966927899385113
25985,LOF,0.41752306136297906,0.10466309585930025,0.47781384277772077
25986,LOF,0.010133386595146924,0.3928110564898164,0.5970555569150366
25987,LOF,0.031094484328861808,0.09053209183971082,0.8783734238314274
25988,LOF,0.16719998049416918,0.08780125625903074,0.7449987632468001
25989,LOF,0.03568430513114937,0.11988467534874336,0.8444310195201072
25990,LOF,0.03978440305004269,0.18488368191525176,0.7753319150347054
25991,LOF,0.02105043115099478,0.33300310810822015,0.6459464607407852
25992,LOF,0.022567781132022426,0.3358754395538017,0.6415567793141759
25993,LOF,0.02159153318450128,0.08656232003613801,0.8918461467793607
25994,LOF,0.0155362765388997,0.08038973718437802,0.9040739862767223
25995,LOF,0.020776797998926837,0.1612083716856879,0.8180148303153854
25996,Neutral,0.3666572823772315,0.2693162675817633,0.3640264500410052
25997,LOF,0.08373493623540991,0.332955592256761,0.583309471507829
25998,LOF,0.28907201625720896,0.04607211181938314,0.6648558719234079
25999,LOF,0.01546002586996802,0.24241979955457563,0.7421201745754563
26000,LOF,0.14739956510688382,0.030538774640932215,0.822061660252184
26001,LOF,0.3036906111671237,0.022656843538055933,0.6736525452948203
26002,LOF,0.0673424410827464,0.0486731654983932,0.8839843934188604
26003,GOF,0.003973075322494252,0.5933675053226324,0.40265941935487337
26004,GOF,0.0061281587288583945,0.698985165865135,0.2948866754060066
26005,LOF,0.003008785441168614,0.48112320142202863,0.5158680131368027
26006,GOF,0.07833126651063574,0.5728279927097466,0.34884074077961763
26007,GOF,0.006478445307513044,0.556617437691872,0.4369041170006151
26008,GOF,0.005906759117547727,0.6636292744327608,0.3304639664496915
26009,GOF,0.006054891990338467,0.659126543539828,0.33481856446983344
26010,GOF,0.0067565057489989075,0.6955395495517784,0.2977039446992225
26011,LOF,0.0026314165442235726,0.47234283071240085,0.5250257527433755
26012,GOF,0.003803923360084007,0.5497103395760303,0.44648573706388567
26013,GOF,0.004876419644507614,0.6314666736218356,0.3636569067336567
26014,LOF,0.042214644457532716,0.11178683055419308,0.8459985249882742
26015,LOF,0.12278594479518029,0.02078084988916029,0.8564332053156594
26016,LOF,0.2764493027119716,0.0437939507453902,0.6797567465426383
26017,LOF,0.02429979669341165,0.19412780490003798,0.7815723984065504
26018,LOF,0.0658663741649932,0.03994373131583523,0.8941898945191716
26019,LOF,0.06301994078549931,0.0328949746634606,0.9040850845510401
26020,LOF,0.008146830640656544,0.20782668259826154,0.7840264867610819
26021,LOF,0.06755755137054714,0.07303533824313797,0.8594071103863148
26022,LOF,0.027274430016784087,0.02422180593240751,0.9485037640508084
26023,LOF,0.04364087733692938,0.02469529229902782,0.9316638303640428
26024,LOF,0.04293207732954971,0.07826914924905495,0.8787987734213953
26025,LOF,0.05502020084686971,0.07798777647879078,0.8669920226743394
26026,LOF,0.11981633143768648,0.061311193394204024,0.8188724751681095
26027,LOF,0.0544410343605508,0.020129924160309655,0.9254290414791396
26028,LOF,0.08372819650228887,0.12439067522564737,0.7918811282720638
26029,LOF,0.027966388508253403,0.19542147202861163,0.776612139463135
26030,LOF,0.14653053181149253,0.026233459086424857,0.8272360091020826
26031,LOF,0.014569475908621673,0.15611606274885498,0.8293144613425233
26032,LOF,0.08193166474570822,0.06457939835758329,0.8534889368967086
26033,LOF,0.08791180792084885,0.0613198436072268,0.8507683484719245
26034,LOF,0.01543729136515159,0.17157679752307717,0.8129859111117712
26035,LOF,0.013652359891749732,0.1368352001555859,0.8495124399526642
26036,LOF,0.017091613079425576,0.17209026038905992,0.8108181265315145
26037,LOF,0.011296159340261399,0.11182689539854805,0.8768769452611905
26038,LOF,0.06991443279972193,0.05960406096141379,0.8704815062388643
26039,LOF,0.024438184922115542,0.16436204712702843,0.811199767950856
26040,LOF,0.11540364519593439,0.14585972914472256,0.7387366256593431
26041,LOF,0.013850741989448297,0.10106451593916131,0.8850847420713903
26042,LOF,0.012496719085267732,0.10278413836795815,0.8847191425467742
26043,LOF,0.06867385878817246,0.07716351836172783,0.8541626228500996
26044,LOF,0.014295053139530169,0.06152526274050217,0.9241796841199676
26045,LOF,0.05564744030326781,0.10540756001834871,0.8389449996783834
26046,LOF,0.061534018023678305,0.0602950988460301,0.8781708831302916
26047,LOF,0.10343968371062283,0.06372073399116011,0.8328395822982171
26048,LOF,0.045957406734364846,0.04017199309429784,0.9138706001713373
26049,Neutral,0.9665745615069561,0.005462711375041296,0.027962727118002725
26050,Neutral,0.9537584503210839,0.007138911927618779,0.03910263775129746
26051,LOF,0.014695830222204503,0.16589165869967584,0.8194125110781196
26052,LOF,0.022604839836403975,0.21539728074612455,0.7619978794174715
26053,LOF,0.02160137048365563,0.1435126544050458,0.8348859751112986
26054,LOF,0.047017654215334014,0.016080553244722497,0.9369017925399435
26055,LOF,0.059256916013657554,0.015274434352962359,0.92546864963338
26056,LOF,0.049077201279287865,0.018055268549722777,0.9328675301709893
26057,LOF,0.031696133307691166,0.011226718859939547,0.9570771478323692
26058,LOF,0.032946175813615114,0.009698539546303753,0.9573552846400811
26059,LOF,0.30249436211159736,0.01878326899421977,0.6787223688941829
26060,LOF,0.009041989275441253,0.1301385937825938,0.8608194169419651
26061,LOF,0.005027951004172549,0.013024116222206006,0.9819479327736215
26062,LOF,0.0038884134776033526,0.017240496406079785,0.9788710901163168
26063,LOF,0.021925139708076795,0.009918043507041556,0.9681568167848817
26064,LOF,0.006466586475441665,0.02054213140199466,0.9729912821225637
26065,LOF,0.022351150511542576,0.011078160151187122,0.9665706893372703
26066,LOF,0.021039169176499926,0.01069347834498777,0.9682673524785124
26067,LOF,0.029355516704946353,0.0088857875053999,0.9617586957896538
26068,LOF,0.04028786318768171,0.026932448081034746,0.9327796887312836
26069,LOF,0.27025659261429924,0.016941310643362267,0.7128020967423385
26070,LOF,0.4385575558250509,0.012056235103974935,0.5493862090709742
26071,LOF,0.02130427274941399,0.011183074758466234,0.9675126524921198
26072,LOF,0.005419555947535861,0.02117638078449948,0.9734040632679646
26073,LOF,0.01903000867890659,0.013679024531900256,0.9672909667891931
26074,Neutral,0.9055375722492696,0.005801594143347871,0.08866083360738275
26075,LOF,0.038814709013117066,0.014663328671719397,0.9465219623151635
26076,LOF,0.038290062617369176,0.00883086690835735,0.9528790704742733
26077,LOF,0.11238141052095224,0.007967873660549388,0.8796507158184984
26078,LOF,0.0055201317267918795,0.01367261077381351,0.9808072574993946
26079,LOF,0.05248342415101274,0.015447854323344118,0.9320687215256431
26080,LOF,0.05039943037710784,0.015481738468239732,0.9341188311546523
26081,LOF,0.029815895488684963,0.007251730119962758,0.9629323743913524
26082,LOF,0.004556565176059059,0.015201063706071905,0.9802423711178692
26083,LOF,0.135531973139704,0.014989917792062069,0.8494781090682338
26084,LOF,0.03502810604958754,0.012358369055646131,0.9526135248947663
26085,LOF,0.030261817073293378,0.011342387983033797,0.9583957949436729
26086,LOF,0.01974369991109872,0.011303874021322843,0.9689524260675785
26087,LOF,0.022367724178956314,0.009086623150433373,0.9685456526706103
26088,LOF,0.005380823417404287,0.02100286793573743,0.9736163086468583
26089,LOF,0.03912563995522967,0.019754218900967048,0.9411201411438033
26090,LOF,0.037903385766950806,0.01603603296738455,0.9460605812656646
26091,LOF,0.030125603038644855,0.006657344977431659,0.9632170519839235
26092,LOF,0.020251457382549007,0.00806073127618293,0.9716878113412681
26093,LOF,0.03809733102867407,0.0062425698235249105,0.955660099147801
26094,LOF,0.028504024515039684,0.006638494574929878,0.9648574809100304
26095,LOF,0.015517520068669638,0.017879212955059794,0.9666032669762705
26096,LOF,0.1503076429272327,0.00601612442449286,0.8436762326482744
26097,LOF,0.004594072144673833,0.03628486662947927,0.9591210612258468
26098,LOF,0.06901207717722148,0.013455620654709252,0.9175323021680692
26099,LOF,0.019227789924695055,0.012829809548410197,0.9679424005268946
26100,LOF,0.02176425903682908,0.012193397324548003,0.966042343638623
26101,LOF,0.0488344761443448,0.01860623927808387,0.9325592845775713
26102,LOF,0.02115307328113169,0.013886369373679217,0.964960557345189
26103,Neutral,0.8713725266339256,0.01933666578779706,0.10929080757827726
26104,LOF,0.06613971845199537,0.020804931642946223,0.9130553499050584
26105,LOF,0.21281575105055164,0.16078481541901582,0.6263994335304325
26106,LOF,0.3153007857218901,0.1247246883423258,0.5599745259357841
26107,LOF,0.02290560270936794,0.09890171801793214,0.8781926792727
26108,LOF,0.3430514006943781,0.03910860965355376,0.6178399896520681
26109,LOF,0.030307650686500643,0.06847208860942393,0.9012202607040755
26110,LOF,0.1934747631411176,0.006567559768261052,0.7999576770906213
26111,LOF,0.08372668685211566,0.07007470491706184,0.8461986082308225
26112,LOF,0.0352923345000318,0.006673795497273881,0.9580338700026944
26113,LOF,0.059983719690185455,0.015164620004874762,0.9248516603049398
26114,LOF,0.06832650689483281,0.013265454475912762,0.9184080386292544
26115,LOF,0.015742348259658923,0.08047028159012164,0.9037873701502195
26116,LOF,0.08282912932671237,0.044793343527948525,0.8723775271453391
26117,LOF,0.40293855001789625,0.04306373341263011,0.5539977165694736
26118,LOF,0.03365373192626103,0.02232091812216187,0.9440253499515772
26119,LOF,0.004511743524946382,0.046734166438720394,0.9487540900363333
26120,LOF,0.024815472129830464,0.01901657818782537,0.9561679496823442
26121,LOF,0.004414812980815298,0.1407739804988796,0.8548112065203052
