feature0,prediction,LoGoFunc_Neutral,LoGoFunc_GOF,LoGoFunc_LOF
25546,Neutral,0.6879719668018871,0.04367239732784537,0.2683556358702676
25547,Neutral,0.572607793120196,0.11311033897079778,0.31428186790900614
25548,Neutral,0.5336057955002611,0.07300928621425709,0.3933849182854818
25549,Neutral,0.49650885651378385,0.0824809895091992,0.42101015397701697
25550,Neutral,0.6460711937822311,0.03535202282751532,0.31857678339025364
25551,Neutral,0.6698334614488676,0.039365404777270865,0.2908011337738615
25552,LOF,0.3491312332785624,0.06892315419810625,0.5819456125233314
25553,Neutral,0.5634975335185752,0.031991775049862135,0.40451069143156265
25554,LOF,0.3926368724537566,0.07284719852856654,0.5345159290176769
25555,LOF,0.302869776235408,0.06465990888064134,0.6324703148839507
25556,LOF,0.3990781387673818,0.0674485299222711,0.5334733313103471
25557,LOF,0.2979996022031314,0.07650332575377852,0.62549707204309
25558,LOF,0.3858257909423571,0.0793502429998516,0.5348239660577914
25559,LOF,0.23169664415421354,0.06648657896537591,0.7018167768804106
25560,LOF,0.03955442383479026,0.21879455151618202,0.7416510246490278
25561,LOF,0.12088214944992377,0.22927337147342022,0.6498444790766561
25562,LOF,0.10766431758594538,0.045871906331466046,0.8464637760825885
25563,LOF,0.14674102145473625,0.07579558420673113,0.7774633943385326
25564,LOF,0.05805223261787032,0.11131689027510214,0.8306308771070275
25565,LOF,0.1276245773207946,0.28790063858777826,0.5844747840914271
25566,GOF,0.03506649907347455,0.5526672211558785,0.4122662797706469
25567,LOF,0.020306170944869383,0.07715391885601562,0.902539910199115
25568,LOF,0.10955041648393606,0.05684149830208484,0.8336080852139791
25569,LOF,0.27863880312947226,0.010656584909867227,0.7107046119606606
25570,LOF,0.08038998975284654,0.10690439860633812,0.8127056116408155
25571,LOF,0.0958842545683838,0.06747433602461861,0.8366414094069976
25572,LOF,0.07674027817465277,0.10292902619890439,0.8203306956264428
25573,LOF,0.03930986778810455,0.06655749470668423,0.8941326375052112
25574,LOF,0.014280197385783441,0.16935591261171828,0.8163638900024982
25575,LOF,0.08941816288977812,0.03576373825036826,0.8748180988598536
25576,LOF,0.025132286066428096,0.029656210228148933,0.945211503705423
25577,LOF,0.01979432450500058,0.04758027576523388,0.9326253997297655
25578,LOF,0.310222646948972,0.10073916169563,0.5890381913553979
25579,LOF,0.10769721517861812,0.09883554507231991,0.7934672397490619
25580,LOF,0.054665990618366515,0.022150361592104144,0.9231836477895294
25581,LOF,0.10129076019021793,0.06306147390238317,0.8356477659073989
25582,LOF,0.1008622604072942,0.039393534936875994,0.8597442046558298
25583,LOF,0.06315778528673344,0.023728297593156162,0.9131139171201104
25584,Neutral,0.5226193428729381,0.04533548180107581,0.4320451753259861
25585,LOF,0.019836506049838283,0.0348164777323454,0.9453470162178164
25586,LOF,0.05406229322262103,0.04484706246765732,0.9010906443097216
25587,LOF,0.041277501691627284,0.03474293845093167,0.9239795598574412
25588,LOF,0.04887589527884071,0.04889496678222669,0.9022291379389326
25589,Neutral,0.7433170377538817,0.0820929138443118,0.17459004840180642
25590,LOF,0.03727894795515655,0.09099081790907455,0.8717302341357689
25591,LOF,0.12888939809203515,0.032137859133291743,0.8389727427746732
25592,LOF,0.23627597002049205,0.12555812335151076,0.6381659066279972
25593,LOF,0.020312424486278922,0.3525671646460118,0.6271204108677093
25594,LOF,0.06865740289097012,0.13063931809518162,0.8007032790138482
25595,LOF,0.05478529745635438,0.24629567545914294,0.6989190270845027
25596,LOF,0.11730027745052536,0.08662265295536661,0.796077069594108
25597,LOF,0.10234703786337646,0.058627181859944776,0.8390257802766787
25598,LOF,0.16385979209518772,0.098252318327887,0.7378878895769253
25599,LOF,0.014568978664106788,0.27885720779823364,0.7065738135376596
25600,LOF,0.01675879479543052,0.2687141880793319,0.7145270171252376
25601,LOF,0.010429466893860822,0.16931358305431457,0.8202569500518245
25602,LOF,0.043778513289614275,0.07108351450393985,0.8851379722064459
25603,LOF,0.043008370443299415,0.09696619802199037,0.8600254315347102
25604,LOF,0.028160467437000403,0.13644289413965616,0.8353966384233433
25605,LOF,0.014260426678256043,0.3379337869631605,0.6478057863585834
25606,LOF,0.07873317275489963,0.4450938174792321,0.4761730097658682
25607,LOF,0.0034478818415684003,0.17635592540129078,0.820196192757141
25608,LOF,0.025334618486414415,0.051118417051472236,0.9235469644621134
25609,LOF,0.16046288195694,0.15827254353143422,0.6812645745116257
25610,LOF,0.036696281857862355,0.08715278471785393,0.8761509334242836
25611,LOF,0.05594048114280388,0.07860465185275432,0.8654548670044419
25612,LOF,0.1463534127723767,0.039657830509942114,0.8139887567176811
25613,LOF,0.0527012063768022,0.09069869700429473,0.8566000966189031
25614,LOF,0.03141742953192902,0.12956505564237095,0.8390175148257
25615,LOF,0.03720343464741717,0.08395011410017907,0.8788464512524037
25616,LOF,0.02453415657946806,0.15255174078509776,0.8229141026354341
25617,LOF,0.04532422975083195,0.10874359597664883,0.8459321742725192
25618,LOF,0.1005324107977952,0.4257641577584186,0.47370343144378635
25619,LOF,0.042589727646145666,0.09546586623249372,0.8619444061213606
25620,LOF,0.031449332366789276,0.12256544494770924,0.8459852226855016
25621,LOF,0.042479837157156204,0.08911422776201246,0.8684059350808314
25622,LOF,0.03340334868719496,0.12693574892268616,0.8396609023901189
25623,LOF,0.05174508063418101,0.11026952223840929,0.8379853971274097
25624,LOF,0.028291739441551042,0.178989779305258,0.7927184812531909
25625,LOF,0.03352689366390711,0.11544579248378774,0.8510273138523051
25626,LOF,0.14064369184991513,0.04750288303636149,0.8118534251137235
25627,Neutral,0.4674624855100996,0.12925830824092124,0.40327920624897917
25628,LOF,0.15450271161926002,0.04197380372894474,0.8035234846517953
25629,LOF,0.19288543356261165,0.028074753750162017,0.7790398126872263
25630,LOF,0.09360773898677079,0.0681781573537051,0.8382141036595241
25631,Neutral,0.5181467518795372,0.10957811130550442,0.37227513681495844
25632,LOF,0.011738846502533507,0.06029483539823128,0.9279663180992352
25633,LOF,0.3098442148962393,0.20788988982045048,0.48226589528331026
25634,LOF,0.09125388057836413,0.08395155844104699,0.8247945609805889
25635,LOF,0.046267691137178095,0.06728411272505702,0.8864481961377649
25636,GOF,0.004963489204428905,0.521425685134363,0.473610825661208
25637,LOF,0.0049989567507183405,0.2681498483243462,0.7268511949249354
25638,LOF,0.006428804517341532,0.31954259655266193,0.6740285989299966
25639,LOF,0.005669106856926987,0.23661759753401304,0.7577132956090599
25640,Neutral,0.5667648814362708,0.3087056200100631,0.12452949855366607
25641,LOF,0.009929724771854555,0.13916363944078033,0.8509066357873651
25642,LOF,0.2779907634130899,0.0404656010203667,0.6815436355665434
25643,LOF,0.38147299137666596,0.015868752104236026,0.602658256519098
25644,LOF,0.012317949850534866,0.360692188282029,0.6269898618674362
25645,LOF,0.011438547232589245,0.43203055731538076,0.5565308954520299
25646,LOF,0.011553659827008827,0.2932282690356273,0.6952180711373639
25647,LOF,0.011844706151926225,0.30335803054417426,0.6847972633038995
25648,LOF,0.009124149952544906,0.3586650489460392,0.6322108011014158
25649,LOF,0.008737193333642987,0.2157186800374834,0.7755441266288736
25650,LOF,0.03281527544640271,0.4807134095878244,0.48647131496577284
25651,LOF,0.007784918197914535,0.296084693524407,0.6961303882776784
25652,LOF,0.01577616560147497,0.29729907670618044,0.6869247576923445
25653,GOF,0.08136447107531888,0.5497436368519643,0.3688918920727167
25654,LOF,0.010253177100061524,0.44899276805086286,0.5407540548490756
25655,GOF,0.08551674822910524,0.5077296124445593,0.40675363932633557
25656,LOF,0.0640020024546324,0.3339371988481414,0.6020607986972262
25657,LOF,0.2539833574568163,0.03396551570454278,0.7120511268386409
25658,LOF,0.019877223121157705,0.28426209541686803,0.6958606814619742
25659,LOF,0.14048447229549083,0.21451317296627492,0.6450023547382342
25660,LOF,0.09984594963836405,0.1133912405008053,0.7867628098608306
25661,LOF,0.072835833567983,0.08291004011927113,0.8442541263127459
25662,LOF,0.05213232318805222,0.06699451094529826,0.8808731658666494
25663,LOF,0.050039125349182034,0.08765342968617174,0.8623074449646462
25664,LOF,0.039894081882556824,0.17615911982458574,0.7839467982928574
25665,LOF,0.08114297362509962,0.10287747699593923,0.8159795493789611
25666,LOF,0.062115615407264825,0.21499773554001989,0.7228866490527153
25667,LOF,0.04484140837322056,0.031947320196037604,0.9232112714307418
25668,LOF,0.04989913595521617,0.05019851697430758,0.8999023470704763
25669,LOF,0.03851327927497929,0.1008409376131057,0.8606457831119151
25670,LOF,0.06140671325776068,0.07611072215231746,0.8624825645899219
25671,LOF,0.06320121923010778,0.061956003940120595,0.8748427768297715
25672,LOF,0.08695540574618572,0.0576137418435236,0.8554308524102907
25673,LOF,0.06389997555855656,0.07835269267902437,0.8577473317624191
25674,LOF,0.036412162759950205,0.12451103637212828,0.8390768008679216
25675,LOF,0.0656116411217874,0.047703166531506455,0.8866851923467062
25676,LOF,0.04754355572173195,0.10043131093394381,0.8520251333443243
25677,LOF,0.0802703565562571,0.05907621203427543,0.8606534314094675
25678,LOF,0.3239043850123617,0.06454763556942443,0.6115479794182139
25679,LOF,0.16596307326595242,0.10414468721751453,0.729892239516533
25680,LOF,0.10657194127800143,0.14187329773373417,0.7515547609882643
25681,LOF,0.12106984499902557,0.13016660107578376,0.7487635539251907
25682,LOF,0.061336157428707565,0.08009360550592722,0.8585702370653653
25683,LOF,0.1284476821374795,0.09592661444923642,0.7756257034132841
25684,LOF,0.09030678390588269,0.12483677762243545,0.7848564384716818
25685,LOF,0.10453349217037998,0.054668257422597934,0.8407982504070222
25686,LOF,0.022776917652347555,0.21482482663561212,0.7623982557120402
25687,LOF,0.03718722432409923,0.21473955217609172,0.7480732234998091
25688,LOF,0.015596545091067197,0.3910199650025378,0.593383489906395
25689,LOF,0.010914955981520143,0.22057832128798024,0.7685067227304997
25690,GOF,0.011157759211624992,0.5059946276259745,0.48284761316240055
25691,GOF,0.0640865800653355,0.6997595120946479,0.23615390784001652
25692,LOF,0.1316242133352723,0.04030089855179959,0.8280748881129281
25693,LOF,0.027335090975293363,0.4308955955012505,0.5417693135234561
25694,LOF,0.21321821227564697,0.052920948097141374,0.7338608396272117
25695,LOF,0.1591455109909977,0.08703478629793075,0.7538197027110717
25696,LOF,0.1513895182817,0.07140106227584496,0.7772094194424549
25697,LOF,0.15961377276286684,0.029473093064579278,0.8109131341725538
25698,LOF,0.014011301901873536,0.4267842114287436,0.5592044866693828
25699,LOF,0.06890264086914485,0.31839985516774394,0.6126975039631113
25700,LOF,0.0532131047237137,0.029043866411113985,0.9177430288651722
25701,LOF,0.010656092967517848,0.48121983266731966,0.5081240743651626
25702,GOF,0.02180069361251977,0.5817588714933429,0.39644043489413733
25703,LOF,0.01448263908886966,0.08068260105060635,0.9048347598605241
25704,LOF,0.06380759664713316,0.11033923479796282,0.825853168554904
25705,LOF,0.09644783893012045,0.22077234157688702,0.6827798194929925
25706,GOF,0.019559698720350252,0.7099663397223019,0.2704739615573478
25707,GOF,0.01828459371950595,0.6331311637805257,0.3485842424999682
25708,GOF,0.007605142039468346,0.6662417081988536,0.3261531497616782
25709,LOF,0.049638648876571864,0.12282476029767378,0.8275365908257544
25710,LOF,0.01109153771909337,0.21940673243509673,0.7695017298458099
25711,LOF,0.04899079266375465,0.13418997898057092,0.8168192283556743
25712,LOF,0.019258856754691293,0.15818972447799812,0.8225514187673106
25713,LOF,0.0442152098770886,0.13857457784850932,0.817210212274402
25714,LOF,0.03822411034186669,0.32912580274498526,0.6326500869131481
25715,LOF,0.03688816246152998,0.20334364660683074,0.7597681909316393
25716,LOF,0.01085628330740649,0.10425669508019932,0.8848870216123942
25717,LOF,0.009693526192869,0.07626291878578546,0.9140435550213455
25718,LOF,0.046786801597238706,0.07072255832474598,0.8824906400780154
25719,LOF,0.04473397981701817,0.14228474570418112,0.8129812744788008
25720,LOF,0.039929838595942825,0.18435089173446148,0.7757192696695957
25721,LOF,0.0450452770043847,0.09904949480207662,0.8559052281935386
25722,LOF,0.03880465611517835,0.1350602553132846,0.826135088571537
25723,LOF,0.054235632400517576,0.18162075385205662,0.7641436137474258
25724,GOF,0.06823887785482878,0.49807311211228644,0.43368801003288476
25725,LOF,0.07073183346973665,0.14802911254747414,0.7812390539827891
25726,LOF,0.04105050578145751,0.1479012508719695,0.811048243346573
25727,LOF,0.06289303629869054,0.10733175510135531,0.8297752085999542
25728,LOF,0.036076050791453866,0.24005638535383564,0.7238675638547104
25729,LOF,0.040081586322840757,0.2258092890707734,0.7341091246063859
25730,LOF,0.05394044872232064,0.16022308448148298,0.7858364667961963
25731,LOF,0.01406729024682848,0.12718979901315758,0.8587429107400141
25732,LOF,0.03325447186364067,0.1007766283076615,0.865968899828698
25733,LOF,0.042722022149409816,0.2770104006123601,0.6802675772382301
25734,LOF,0.009214153421735535,0.2270757520836902,0.7637100944945743
25735,LOF,0.03990556427976384,0.1250021480806606,0.8350922876395754
25736,LOF,0.038199265258683904,0.18761433944831063,0.7741863952930054
25737,LOF,0.06021275496393391,0.12788063260196753,0.8119066124340985
25738,LOF,0.05996360916148419,0.23508132605721377,0.704955064781302
25739,LOF,0.03881569788356981,0.1808222318621409,0.7803620702542893
25740,LOF,0.06140181078932432,0.17554717424951222,0.7630510149611636
25741,LOF,0.056959078079374545,0.16951212888226824,0.7735287930383573
25742,LOF,0.06521189534935361,0.19803192182068047,0.7367561828299659
25743,LOF,0.01141863777772609,0.026398480152949648,0.9621828820693243
25744,LOF,0.07976842376340468,0.39053136171390995,0.5297002145226853
25745,LOF,0.020119563043034784,0.35480292694892346,0.6250775100080417
25746,LOF,0.011118661902318925,0.340978321518131,0.6479030165795501
25747,LOF,0.04246088387024106,0.05423097486082058,0.9033081412689384
25748,LOF,0.09031693859546339,0.29833707245505753,0.6113459889494791
25749,LOF,0.012361057350651738,0.33147761144755433,0.656161331201794
25750,LOF,0.013977840292802088,0.41684101988023486,0.5691811398269631
25751,LOF,0.029125825389623963,0.1999179978640245,0.7709561767463515
25752,GOF,0.10009780976679242,0.6526728735886198,0.2472293166445876
25753,LOF,0.010810190597430956,0.3003233798729403,0.6888664295296287
25754,GOF,0.011365832711038566,0.8972157135065192,0.09141845378244229
25755,LOF,0.009505840322232966,0.29982946341634575,0.6906646962614214
25756,LOF,0.043867508467704666,0.40655881193775933,0.5495736795945361
25757,GOF,0.00980320730146891,0.8321835718389288,0.1580132208596024
25758,GOF,0.011600716709710837,0.864434136948568,0.12396514634172101
25759,GOF,0.0059829712794972345,0.7869065893235151,0.2071104393969878
25760,LOF,0.007867634982257064,0.19254684781625223,0.7995855172014907
25761,GOF,0.03694494102309975,0.841385400858175,0.12166965811872521
25762,LOF,0.05008254806732644,0.37793530678755,0.5719821451451236
25763,LOF,0.009556332217877666,0.1713662555131943,0.8190774122689279
25764,GOF,0.07258220266808313,0.7158861914303667,0.21153160590155023
25765,GOF,0.009091810721786412,0.875007689306736,0.11590049997147751
25766,GOF,0.03052549434919903,0.8120260228574383,0.1574484827933626
25767,GOF,0.007615072784873513,0.638223917195068,0.3541610100200587
25768,LOF,0.0535239123522746,0.06929228529909662,0.8771838023486288
25769,LOF,0.03057789346073044,0.22612322854229316,0.7432988779969764
25770,Neutral,0.7259788517289968,0.12144793057077907,0.15257321770022403
25771,LOF,0.030895557755356358,0.133932935246845,0.8351715069977986
25772,LOF,0.04656627460990451,0.17840132319948407,0.7750324021906114
25773,LOF,0.022289537205389388,0.3302959644780272,0.6474144983165834
25774,LOF,0.04359112459926689,0.34650567302334845,0.6099032023773846
25775,LOF,0.027224438936431405,0.13087926771484826,0.8418962933487203
25776,LOF,0.0286354281220445,0.1903434169757225,0.781021154902233
25777,LOF,0.28374618308510396,0.19586305082355307,0.5203907660913429
25778,LOF,0.03924360737566887,0.19425376703481312,0.766502625589518
25779,GOF,0.10876149773616024,0.6525783350667452,0.23866016719709457
25780,GOF,0.10853247662830064,0.652942680052897,0.23852484331880242
25781,GOF,0.054614179513690506,0.5838563543062061,0.3615294661801034
25782,GOF,0.04689841415746828,0.648367961971671,0.3047336238708607
25783,GOF,0.09550067826030388,0.6954169125664197,0.20908240917327645
25784,GOF,0.18548029954338607,0.6253161985360011,0.18920350192061283
25785,GOF,0.32989876699367543,0.5522714153050137,0.11782981770131093
25786,LOF,0.020232450516017467,0.3718821687837063,0.6078853807002762
25787,Neutral,0.5262555940202419,0.33008828345080105,0.14365612252895701
25788,LOF,0.04021967605511149,0.0672146103144389,0.8925657136304497
25789,GOF,0.03836250926033455,0.722286787897455,0.23935070284221052
25790,GOF,0.05739723680638882,0.5244570131321052,0.41814575006150595
25791,LOF,0.04720993687909387,0.46887160964216384,0.48391845347874246
25792,GOF,0.05420592498019696,0.5054574693307307,0.4403366056890723
25793,GOF,0.08897480325514757,0.4845426304765865,0.4264825662682659
25794,LOF,0.07845877164044765,0.344500452038391,0.5770407763211614
25795,LOF,0.046356118139133824,0.21599696933832901,0.7376469125225372
25796,LOF,0.33469555059990697,0.2826457989803767,0.3826586504197164
25797,LOF,0.10151208006166858,0.3080411616317033,0.5904467583066281
25798,GOF,0.012680220304906488,0.6778492099018391,0.3094705697932545
25799,GOF,0.009646994448670392,0.5770200740243291,0.41333293152700046
25800,GOF,0.0440847714530608,0.7794772236247142,0.17643800492222492
25801,GOF,0.05102440453377787,0.6258152521677384,0.3231603432984837
25802,GOF,0.06626497945301196,0.6463401865287188,0.28739483401826915
25803,LOF,0.04472716789168251,0.45254390084418133,0.5027289312641362
25804,LOF,0.10400975858286873,0.3485518122152912,0.5474384292018402
25805,GOF,0.0619579216943861,0.5616714770019606,0.37637060130365324
25806,GOF,0.07925125900161721,0.5615082306076298,0.35924051039075305
25807,LOF,0.029747673423251006,0.46174925066583644,0.5085030759109126
25808,GOF,0.06467490899199903,0.6390789168638077,0.29624617414419335
25809,LOF,0.018589982039165797,0.4256694149543258,0.5557406030065083
25810,LOF,0.0165615513871641,0.4606498892891295,0.5227885593237065
25811,GOF,0.1317359943678184,0.5483879154565562,0.31987609017562535
25812,LOF,0.10457639813658934,0.4329310696815584,0.4624925321818522
25813,GOF,0.36772295157101315,0.3955033921705518,0.23677365625843497
25814,GOF,0.07810939368161504,0.5152341744704668,0.4066564318479182
25815,GOF,0.1292275003785944,0.5562811598470883,0.3144913397743172
25816,GOF,0.019466904104916163,0.6744327861969411,0.3061003096981426
25817,LOF,0.13162839783734676,0.399344306830691,0.4690272953319622
25818,GOF,0.05840278152876622,0.5593449904890401,0.38225222798219366
25819,LOF,0.11682800949024909,0.40430329944612187,0.47886869106362917
25820,LOF,0.10863364107290863,0.3922590721688452,0.4991072867582461
25821,LOF,0.07855172540099768,0.43253691297242597,0.48891136162657634
25822,LOF,0.17516264943443557,0.31924296014053366,0.5055943904250308
25823,LOF,0.09014727849097699,0.25736125980842883,0.6524914617005941
25824,GOF,0.05671602268147588,0.5850238608234112,0.35826011649511297
25825,GOF,0.04245437152705286,0.6192435575801022,0.338302070892845
25826,LOF,0.015778006920084433,0.43421981353829886,0.5500021795416168
25827,GOF,0.015323825102370061,0.5086482077775929,0.4760279671200371
25828,LOF,0.014776089920719302,0.49028217966538057,0.49494173041390005
25829,LOF,0.010070913405850437,0.2746406055587901,0.7152884810353595
25830,LOF,0.1378919663645142,0.04460857109665502,0.8174994625388308
25831,GOF,0.05475310268374317,0.6774941912699155,0.2677527060463412
25832,LOF,0.01636829757909091,0.4123263719240452,0.5713053304968639
25833,GOF,0.06988872524978537,0.5673465802376828,0.3627646945125318
25834,LOF,0.017041945978738395,0.40402745860626,0.5789305954150016
25835,GOF,0.05600401939087412,0.6988816320750162,0.24511434853410963
25836,GOF,0.015263240283939395,0.5582862911145599,0.42645046860150077
25837,LOF,0.024848198049798827,0.40021671011495336,0.5749350918352479
25838,GOF,0.057382727664951096,0.6130694506503903,0.32954782168465857
25839,GOF,0.12638282634518824,0.49613725923934315,0.3774799144154686
25840,GOF,0.13931586391156056,0.5460473424985164,0.3146367935899229
25841,GOF,0.11559612320259227,0.601790097130485,0.28261377966692275
25842,GOF,0.06171761510306527,0.7137397923733595,0.22454259252357517
25843,GOF,0.04535396224838925,0.7400588174942473,0.21458722025736346
25844,GOF,0.04967004493071963,0.6020467656853186,0.34828318938396186
25845,LOF,0.013929380803597536,0.347391207472411,0.6386794117239916
25846,GOF,0.07212891213285369,0.5784842100848961,0.34938687778225014
25847,GOF,0.051945283591257135,0.672828295994566,0.27522642041417694
25848,GOF,0.04876599196815303,0.7458166378914401,0.2054173701404068
25849,GOF,0.011866600326377888,0.6334844234288931,0.354648976244729
25850,GOF,0.018135749677070174,0.5011462188703493,0.4807180314525806
25851,LOF,0.01836094048074037,0.41063523290176746,0.5710038266174922
25852,LOF,0.2508286547024581,0.33296207874674905,0.4162092665507928
25853,LOF,0.09735600227116928,0.4489023915964844,0.4537416061323464
25854,LOF,0.011838392212301653,0.41990113714837696,0.5682604706393214
25855,GOF,0.03400533834295239,0.4947957806215547,0.4711988810354929
25856,GOF,0.08736428963149925,0.6480291569450319,0.26460655342346884
25857,LOF,0.03713265453134697,0.40596675365049895,0.5569005918181541
25858,LOF,0.015724317704061713,0.34374626665674585,0.6405294156391924
25859,LOF,0.010896187305238158,0.3241652964028785,0.6649385162918833
25860,LOF,0.12284182802793085,0.4003104999467883,0.47684767202528083
25861,GOF,0.11996547955611163,0.5430333694500583,0.33700115099383
25862,GOF,0.03272922226212051,0.8008885747283778,0.16638220300950182
25863,GOF,0.03300602869554345,0.7311053379203988,0.23588863338405788
25864,GOF,0.04188362008716042,0.7537855382989627,0.20433084161387682
25865,GOF,0.0354448054847308,0.7792988259318342,0.1852563685834349
25866,GOF,0.04127266793028774,0.7711633907535519,0.18756394131616047
25867,GOF,0.11413355775690573,0.7432647319790711,0.14260171026402316
25868,GOF,0.12987129435711758,0.5319484318555834,0.338180273787299
25869,Neutral,0.4715345473788774,0.3639732379287803,0.16449221469234224
25870,LOF,0.1982584965063305,0.09935868102046942,0.7023828224732
25871,LOF,0.01786452708249675,0.3347396757902732,0.6473957971272299
25872,LOF,0.05012637643514063,0.4159429792262525,0.5339306443386068
25873,GOF,0.03630870268407728,0.5771082763210338,0.3865830209948889
25874,LOF,0.057962964427804846,0.023322046462111383,0.9187149891100838
25875,LOF,0.02041967376623804,0.3595122119161145,0.6200681143176475
25876,LOF,0.030141831487283416,0.10683927758838689,0.8630188909243297
25877,GOF,0.06426835033800649,0.566556878163343,0.3691747714986505
25878,GOF,0.050872478074813,0.719692248969692,0.229435272955495
25879,LOF,0.011359460955836755,0.33030296035390005,0.6583375786902632
25880,LOF,0.04884116349749953,0.054423489566811,0.8967353469356896
25881,GOF,0.36717765543967146,0.46241644770456447,0.1704058968557641
25882,LOF,0.02479794013346637,0.276174979233831,0.6990270806327026
25883,LOF,0.027653887261829057,0.11983313977522621,0.8525129729629447
25884,LOF,0.02113568552939173,0.19137008203712838,0.7874942324334799
25885,LOF,0.15713376725185446,0.030344215652794753,0.8125220170953508
25886,LOF,0.05331925024466826,0.1905775192697492,0.7561032304855825
25887,GOF,0.03558557485255228,0.6278581786852473,0.33655624646220034
25888,LOF,0.004822097610243541,0.4171200069244859,0.5780578954652705
25889,LOF,0.038844456151598795,0.10749382949025739,0.8536617143581439
25890,LOF,0.15613066955867755,0.3050808414471658,0.5387884889941568
25891,LOF,0.12391870082660982,0.07228797678791365,0.8037933223854765
25892,LOF,0.006216304118205242,0.17208740632973524,0.8216962895520595
25893,LOF,0.27779353552183345,0.06092040245696206,0.6612860620212044
25894,LOF,0.31246411694942056,0.03050272091645712,0.6570331621341223
25895,LOF,0.21486580160298185,0.04157813687904206,0.7435560615179762
25896,LOF,0.0959916516067661,0.06413820587217917,0.8398701425210549
25897,LOF,0.0886416936802177,0.055645612654307404,0.8557126936654749
25898,GOF,0.06475986146442825,0.47670643069013124,0.45853370784544045
25899,LOF,0.23557029304914015,0.21232216432468437,0.5521075426261756
25900,Neutral,0.8594212979956113,0.041905149789201276,0.09867355221518744
25901,LOF,0.07124350899296376,0.03109285658332711,0.8976636344237091
25902,LOF,0.17263409669504462,0.012194926764496922,0.8151709765404584
25903,LOF,0.1201533151111328,0.1455417850220899,0.7343048998667773
25904,LOF,0.3848636003609382,0.21120216718890733,0.40393423245015453
25905,LOF,0.01009156644770907,0.4044644522106674,0.5854439813416236
25906,LOF,0.015148866242995631,0.052803201928491916,0.9320479318285124
25907,LOF,0.009034539239373031,0.3102241780228295,0.6807412827377975
25908,LOF,0.010934955174731139,0.308007952721569,0.6810570921036999
25909,LOF,0.034977028506457244,0.20077353406359852,0.7642494374299443
25910,LOF,0.018308455729109083,0.17380080410841622,0.8078907401624748
25911,LOF,0.09131664277913691,0.12798892360270092,0.7806944336181622
25912,LOF,0.11741906043486568,0.03390411719543468,0.8486768223696995
25913,LOF,0.015011836095071538,0.09529348481143274,0.8896946790934958
25914,LOF,0.039850688146557595,0.17537882683438966,0.7847704850190527
25915,GOF,0.06702943744810244,0.8252778633328396,0.10769269921905804
25916,GOF,0.01762916990367084,0.6590999126194447,0.3232709174768844
25917,LOF,0.2227706610458424,0.060438837968860945,0.7167905009852966
25918,LOF,0.04348461929414018,0.12275267236488968,0.8337627083409701
25919,LOF,0.04197307203978608,0.09416082768692866,0.8638661002732853
25920,GOF,0.11664739825814023,0.5136558887334594,0.3696967130084004
25921,LOF,0.025069565075999077,0.04016217777879822,0.9347682571452027
25922,LOF,0.021265424733242708,0.03865546688594086,0.9400791083808164
25923,LOF,0.31535448370411895,0.07499072359527091,0.6096547927006102
25924,LOF,0.030296699896546164,0.05164699928496629,0.9180563008184875
25925,LOF,0.242954456088442,0.02117542256180784,0.7358701213497502
25926,LOF,0.10563236611188319,0.09578790535883003,0.7985797285292868
25927,LOF,0.018945219360516952,0.09788624437616618,0.8831685362633169
25928,LOF,0.016850875160295507,0.03603599673735937,0.9471131281023452
25929,Neutral,0.5916259583319642,0.07353292096764066,0.33484112070039523
25930,LOF,0.035889855437483284,0.06527886707638787,0.8988312774861288
25931,LOF,0.01635283471130657,0.03877258463857655,0.9448745806501168
25932,LOF,0.06994867855052768,0.030910161177003355,0.899141160272469
25933,LOF,0.06293273999845936,0.019910651808766288,0.9171566081927743
25934,LOF,0.0630194311550684,0.02379138616417836,0.9131891826807533
25935,LOF,0.25285904207069443,0.02687600990471269,0.7202649480245928
25936,LOF,0.057709651739385595,0.024577862170839772,0.9177124860897745
25937,LOF,0.016289539367210212,0.055806252164045514,0.9279042084687442
25938,LOF,0.24397857572107742,0.023966653310453886,0.7320547709684687
25939,LOF,0.04424508583403662,0.026529683797356884,0.9292252303686065
25940,GOF,0.006030599808329251,0.5728975163587905,0.4210718838328802
25941,LOF,0.41424876523794935,0.07226968072028798,0.5134815540417627
25942,LOF,0.012374063600244298,0.15649233854070238,0.8311335978590533
25943,GOF,0.02060328159047874,0.5702848746274486,0.4091118437820726
25944,LOF,0.02078366263262866,0.3842172304087838,0.5949991069585875
25945,LOF,0.06724341961855264,0.12177829821549148,0.8109782821659559
25946,LOF,0.09185061671800573,0.08384132607009655,0.8243080572118977
25947,LOF,0.4456514863770264,0.034509047991191866,0.5198394656317817
25948,LOF,0.2196323638024516,0.026803273173331154,0.7535643630242173
25949,LOF,0.2209991359414205,0.02577775510792485,0.7532231089506546
25950,GOF,0.04512884707060882,0.7625237914563185,0.19234736147307263
25951,LOF,0.01290461933979768,0.36461160288005484,0.6224837777801474
25952,LOF,0.0844951110360493,0.31838349711977754,0.5971213918441731
25953,LOF,0.006349980669793858,0.48730404747885764,0.5063459718513484
25954,GOF,0.024616380115436303,0.5683517753982748,0.4070318444862889
25955,LOF,0.006017112826530815,0.49365204722656736,0.5003308399469019
25956,GOF,0.010697709630120405,0.6353662269286705,0.3539360634412091
25957,LOF,0.2586599579522707,0.06553839833988408,0.6758016437078451
25958,LOF,0.02227905102410248,0.20868571598160443,0.769035232994293
25959,GOF,0.005430994950094707,0.5553345485427079,0.43923445650719734
25960,LOF,0.006335592094040898,0.14483014073274714,0.848834267173212
25961,LOF,0.01932431895283153,0.19749968698141362,0.7831759940657548
25962,LOF,0.12442997445506314,0.060049564920812995,0.8155204606241239
25963,LOF,0.011473360837059224,0.11917915376072677,0.8693474854022141
25964,LOF,0.05560460110661997,0.11796243760301074,0.8264329612903693
25965,LOF,0.1694104810609672,0.22084771711387904,0.6097418018251538
25966,LOF,0.201715012587146,0.3551400408026253,0.44314494661022874
25967,LOF,0.010740193866004428,0.057454664966855196,0.9318051411671404
25968,LOF,0.12121488637666748,0.36705605850266326,0.5117290551206691
25969,LOF,0.1901212941354492,0.023469636756667765,0.786409069107883
25970,LOF,0.019580866994780136,0.15309538847463242,0.8273237445305874
25971,LOF,0.08315497350719037,0.13684295956163414,0.7800020669311755
25972,LOF,0.07165397202427963,0.11858282578101711,0.8097632021947032
25973,LOF,0.18687571191984076,0.00899772240529666,0.8041265656748626
25974,LOF,0.07960894536627271,0.2723477720712346,0.6480432825624927
25975,LOF,0.05847561355274122,0.021255869878018738,0.9202685165692401
25976,LOF,0.08378669214983903,0.015751471809060127,0.9004618360411007
25977,LOF,0.20987698051010742,0.07062229803798215,0.7195007214519105
25978,LOF,0.24310817121845812,0.14149482670748526,0.6153970020740567
25979,LOF,0.17050932255398724,0.19185485782719014,0.6376358196188227
25980,GOF,0.13087647688015255,0.46071607876550763,0.4084074443543398
25981,GOF,0.13370110810397612,0.47680491412236226,0.3894939777736617
25982,LOF,0.2315682482338859,0.24398673279357477,0.5244450189725394
25983,LOF,0.17833195745496327,0.32606858048578286,0.4955994620592538
25984,LOF,0.04013744852936377,0.09430105976304091,0.8655614917075954
25985,Neutral,0.4711821408665526,0.18629658301604166,0.34252127611740585
25986,GOF,0.010288230654524392,0.6596585654484235,0.3300532038970523
25987,LOF,0.02597786557679334,0.11606358339458223,0.8579585510286245
25988,LOF,0.03796799582607675,0.1204843406930953,0.8415476634808279
25989,LOF,0.04832476435313817,0.13889693180512228,0.8127783038417397
25990,LOF,0.04913526437471026,0.2475951842214679,0.7032695514038219
25991,GOF,0.04464163442110075,0.6450375057088076,0.31032085987009167
25992,LOF,0.020226064899884114,0.377456229419086,0.6023177056810299
25993,LOF,0.0495519728503408,0.029068035944397847,0.9213799912052614
25994,LOF,0.05086970205547796,0.06854760305637793,0.8805826948881441
25995,LOF,0.03598901512437142,0.05862491707555401,0.9053860678000746
25996,GOF,0.3230734704711512,0.3901646767224234,0.2867618528064253
25997,GOF,0.05240281789434203,0.5668351615047036,0.38076202060095443
25998,LOF,0.22226944044216068,0.12462020335216116,0.6531103562056781
25999,GOF,0.01952822693505202,0.6267443178916771,0.3537274551732709
26000,LOF,0.1257776450246287,0.010330852646334227,0.8638915023290371
26001,LOF,0.11908638721424286,0.022832713192464136,0.8580808995932929
26002,LOF,0.21807720548669776,0.006749951217081798,0.7751728432962204
26003,GOF,0.013110210399276031,0.49698581087209265,0.4899039787286313
26004,LOF,0.04517775923616493,0.3328692400820972,0.6219530006817379
26005,LOF,0.007753784385012308,0.4496975049550509,0.5425487106599367
26006,GOF,0.26739120988960363,0.44286427509362125,0.2897445150167751
26007,GOF,0.019369571626663504,0.5165150156443825,0.464115412728954
26008,LOF,0.017707256158106373,0.34205875564727306,0.6402339881946205
26009,GOF,0.0395786298338873,0.5239012646914416,0.4365201054746712
26010,LOF,0.01662199746625723,0.44102922114251636,0.5423487813912264
26011,LOF,0.008513477412537858,0.3482487811415331,0.6432377414459289
26012,LOF,0.010026261366023491,0.4160100934271309,0.5739636452068456
26013,LOF,0.010315907877719912,0.35229589364503194,0.6373881984772481
26014,LOF,0.21668779903953733,0.010135696328060646,0.7731765046324022
26015,LOF,0.09617387520586863,0.2280083795544736,0.6758177452396579
26016,LOF,0.14750690686426476,0.27895577666253074,0.5735373164732044
26017,GOF,0.012495271876197074,0.5412451107139158,0.4462596174098871
26018,LOF,0.020144984094609648,0.3364235353391862,0.6434314805662041
26019,LOF,0.020666018449241236,0.2484372088644031,0.7308967726863556
26020,LOF,0.007248183154381027,0.37186706445299517,0.6208847523926238
26021,LOF,0.06900477900148581,0.31626985862571744,0.6147253623727967
26022,LOF,0.06011775069440993,0.11614773731634247,0.8237345119892475
26023,LOF,0.038695147547431405,0.2832500553032615,0.6780547971493072
26024,LOF,0.05076911931609343,0.23316526789198527,0.7160656127919214
26025,LOF,0.06746576211569123,0.26222527255987893,0.6703089653244299
26026,LOF,0.0991473493815406,0.2710203306741551,0.6298323199443042
26027,LOF,0.030837146246690775,0.15360556622805524,0.815557287525254
26028,LOF,0.04812089601169423,0.29629462560620357,0.6555844783821022
26029,LOF,0.028191002746778954,0.3574267363948105,0.6143822608584106
26030,LOF,0.210692979363267,0.03904222611144854,0.7502647945252845
26031,LOF,0.011861141021437923,0.34191587601470125,0.6462229829638609
26032,LOF,0.03566150531416633,0.09566174119859441,0.8686767534872392
26033,LOF,0.054537751492276826,0.24147267634983013,0.703989572157893
26034,LOF,0.015336244771708453,0.23174467550544744,0.7529190797228441
26035,LOF,0.012001751306447915,0.27864902822138277,0.7093492204721694
26036,LOF,0.011066021109965074,0.1859748039647916,0.8029591749252434
26037,LOF,0.011137472069805164,0.20042240196453923,0.7884401259656557
26038,LOF,0.025155681320912872,0.10715485865985845,0.8676894600192286
26039,LOF,0.02665134592195419,0.2770907586800189,0.6962578953980268
26040,LOF,0.04638324012585636,0.30047931559458035,0.6531374442795632
26041,LOF,0.01288026006106181,0.2416016938642857,0.7455180460746526
26042,LOF,0.012011825220747115,0.2606075395544235,0.7273806352248293
26043,LOF,0.02551311383964778,0.2451632409884658,0.7293236451718863
26044,LOF,0.00918876266188111,0.23945304123369723,0.7513581961044217
26045,GOF,0.0548240903657311,0.534933101058485,0.41024280857578393
26046,LOF,0.02522713026156146,0.2592164475227513,0.7155564222156873
26047,LOF,0.06973431085938261,0.15443461043738066,0.7758310787032368
26048,LOF,0.0922680069342227,0.138730099768517,0.7690018932972603
26049,Neutral,0.8401315332115277,0.040036125253425876,0.11983234153504652
26050,Neutral,0.829133321917571,0.03872736608565441,0.13213931199677445
26051,GOF,0.013486480126558155,0.6214631781384442,0.36505034173499773
26052,GOF,0.016019094493530086,0.6007409102354361,0.38323999527103386
26053,LOF,0.03526057822769407,0.01810585054332489,0.946633571228981
26054,LOF,0.1499684692581175,0.08726969959605214,0.7627618311458304
26055,LOF,0.17064421631435794,0.1405041605785223,0.6888516231071198
26056,LOF,0.1745050187294139,0.1511112384322053,0.6743837428383808
26057,LOF,0.05410815991957842,0.03567289681340794,0.9102189432670136
26058,LOF,0.06333385635592965,0.029003451944224105,0.9076626916998463
26059,Neutral,0.8378169115714832,0.07636152854280327,0.08582155988571365
26060,LOF,0.0129137498462123,0.27305995604174105,0.7140262941120467
26061,LOF,0.0141062526024264,0.02588596869671404,0.9600077787008595
26062,LOF,0.007918502467323632,0.06077932761443091,0.9313021699182455
26063,LOF,0.049045748924820484,0.03508500765913443,0.9158692434160451
26064,LOF,0.01361648673681497,0.03749774186156203,0.9488857714016229
26065,LOF,0.03743839627893784,0.04984894301383945,0.9127126607072227
26066,LOF,0.04960267256226669,0.038359866400672016,0.9120374610370612
26067,LOF,0.06237683520643313,0.04931030308595109,0.8883128617076158
26068,LOF,0.1610618866079773,0.047315001661184485,0.7916231117308382
26069,LOF,0.06926858606477712,0.0766592694451188,0.854072144490104
26070,LOF,0.0791346347282783,0.06861054269047266,0.8522548225812491
26071,LOF,0.05167890707505542,0.04078571420823352,0.907535378716711
26072,LOF,0.009468890801024426,0.02843285464472133,0.9620982545542542
26073,LOF,0.044310022213141405,0.031616485523069615,0.924073492263789
26074,Neutral,0.8215643445471233,0.035116841000873526,0.143318814452003
26075,LOF,0.07020888004262095,0.09366191929640258,0.8361292006609765
26076,LOF,0.05113277931651262,0.05997008879673994,0.8888971318867475
26077,LOF,0.16984473699215505,0.1036252155280702,0.7265300474797747
26078,LOF,0.00945751260288972,0.06826750050793631,0.922274986889174
26079,LOF,0.19141540592674508,0.035825265050240154,0.7727593290230147
26080,LOF,0.19141540592674508,0.035825265050240154,0.7727593290230147
26081,LOF,0.05241892063171071,0.03417379613824951,0.9134072832300397
26082,LOF,0.010318274601448003,0.10199637216424005,0.8876853532343119
26083,LOF,0.03490365362273685,0.11367587105213905,0.851420475325124
26084,LOF,0.04737268583142547,0.05265209304877097,0.8999752211198035
26085,LOF,0.04289527443906809,0.04557807125912025,0.9115266543018117
26086,LOF,0.03956523024707046,0.05833984827395179,0.9020949214789777
26087,LOF,0.0541675369501376,0.058954655430408925,0.8868778076194533
26088,LOF,0.011097114952964995,0.11155490810013706,0.8773479769468979
26089,LOF,0.05314685304364534,0.16670875971178364,0.780144387244571
26090,LOF,0.057382919148989714,0.14257909499083463,0.8000379858601756
26091,LOF,0.04445504038645237,0.05172392477117767,0.90382103484237
26092,LOF,0.05237615105749981,0.03156025002536176,0.9160635989171385
26093,LOF,0.07462815266505665,0.027460275886909746,0.8979115714480336
26094,LOF,0.04369390464098801,0.04276476442542238,0.9135413309335897
26095,LOF,0.016574500531746337,0.04594781504160236,0.9374776844266514
26096,LOF,0.28433023419444137,0.009549011544310548,0.7061207542612481
26097,LOF,0.009839286388435625,0.045168318240099356,0.944992395371465
26098,LOF,0.18064699907269505,0.03216076284988602,0.787192238077419
26099,LOF,0.03245641180481973,0.067747168860942,0.8997964193342383
26100,LOF,0.03245641180481973,0.067747168860942,0.8997964193342383
26101,LOF,0.032895770279328544,0.093181990656238,0.8739222390644334
26102,LOF,0.046759271411629395,0.039901490054266193,0.9133392385341045
26103,Neutral,0.8373279865140536,0.058335979873187824,0.10433603361275864
26104,LOF,0.15932025452503762,0.1057087514367419,0.7349709940382204
26105,LOF,0.21282791675281748,0.22898820944425238,0.5581838738029301
26106,LOF,0.24802410822430665,0.2293523717367016,0.5226235200389917
26107,LOF,0.008389249132105415,0.3087462209204736,0.6828645299474211
26108,LOF,0.13516691562222893,0.29101594471241493,0.5738171396653562
26109,LOF,0.05036259239935076,0.09920145797038116,0.850435949630268
26110,LOF,0.18759021764228362,0.1318538818209545,0.680555900536762
26111,LOF,0.048969162592782285,0.2963533061068078,0.6546775313004098
26112,LOF,0.04437481297692588,0.04387607115985028,0.9117491158632237
26113,LOF,0.039794251216017304,0.07417231765734782,0.8860334311266348
26114,LOF,0.10446436835652273,0.034001250226174826,0.8615343814173024
26115,LOF,0.013511311995701783,0.334978627124164,0.6515100608801343
26116,LOF,0.07171896023581298,0.12489849403081262,0.8033825457333744
26117,LOF,0.17628787829270312,0.10091794004493168,0.7227941816623653
26118,LOF,0.042428391691351694,0.027784611531903307,0.9297869967767449
26119,LOF,0.005438884837570758,0.09587395845651828,0.898687156705911
26120,LOF,0.04652504080172513,0.02755675988623922,0.9259181993120357
26121,LOF,0.0042361958258763524,0.18531943349246474,0.8104443706816589
26122,LOF,0.0042180021940285296,0.19847947449361927,0.7973025233123522
26123,LOF,0.004859727039086245,0.16522119411533123,0.8299190788455826
