feature0,prediction,LoGoFunc_Neutral,LoGoFunc_GOF,LoGoFunc_LOF
25546,Neutral,0.6049946297051879,0.17873328325601753,0.21627208703879455
25547,Neutral,0.4271158346595784,0.3367674221273548,0.2361167432130668
25548,Neutral,0.41157079931918794,0.27448523396687313,0.313943966713939
25549,Neutral,0.38629014676941437,0.28490312158996123,0.3288067316406243
25550,LOF,0.2807404667602642,0.34646796636781585,0.37279156687191994
25551,LOF,0.21088299466325203,0.3207304378388675,0.46838656749788055
25552,LOF,0.12657164275707788,0.29771194064974604,0.5757164165931761
25553,Neutral,0.8161017847516063,0.06362545360428437,0.12027276164410929
25554,LOF,0.15129299735051738,0.3156679233948388,0.5330390792546439
25555,LOF,0.12738236998098118,0.27441007819561064,0.5982075518234081
25556,Neutral,0.4737144312778307,0.2282943439268582,0.2979912247953111
25557,LOF,0.12953549533849945,0.29339968029413027,0.5770648243673703
25558,LOF,0.1532744708214937,0.35033567654682457,0.4963898526316818
25559,Neutral,0.5303385201281257,0.01984031818157975,0.4498211616902947
25560,LOF,0.039515901756531455,0.23678710006343665,0.7236969981800319
25561,LOF,0.10653303779533313,0.28601472913923354,0.6074522330654334
25562,LOF,0.1311476922876149,0.06086059190544004,0.8079917158069451
25563,LOF,0.133171258090969,0.08765143787144228,0.7791773040375887
25564,LOF,0.07564452669157454,0.19875948375000604,0.7255959895584193
25565,LOF,0.11954487389783507,0.24186441556660598,0.6385907105355588
25566,GOF,0.01765873037418867,0.6353876251240317,0.34695364450177957
25567,LOF,0.010297206254668774,0.10002838650137306,0.8896744072439582
25568,LOF,0.05633288754536755,0.04101501322421004,0.9026520992304224
25569,LOF,0.10829847015264407,0.035308355499016134,0.8563931743483398
25570,LOF,0.05724038455285615,0.03570472691994565,0.9070548885271982
25571,LOF,0.06717753244418224,0.03288865746064425,0.8999338100951735
25572,LOF,0.039669147226368835,0.045177417988600886,0.9151534347850302
25573,LOF,0.022411448012912404,0.048361686573346205,0.9292268654137413
25574,LOF,0.01070196110849813,0.22030913092004634,0.7689889079714555
25575,LOF,0.05539358037663725,0.02075004339612981,0.9238563762272329
25576,LOF,0.015249462657300808,0.02419855619208981,0.9605519811506094
25577,LOF,0.009161055105902228,0.026528299961009846,0.964310644933088
25578,LOF,0.24695175325502097,0.04848369913400928,0.7045645476109698
25579,LOF,0.20313900569381102,0.04778579395136365,0.7490752003548253
25580,LOF,0.03143483028402191,0.021056378984151303,0.9475087907318269
25581,LOF,0.04722635502855748,0.0600988064995076,0.892674838471935
25582,LOF,0.04802729715213947,0.04729241793958923,0.9046802849082713
25583,LOF,0.035025397450274734,0.024829131354079974,0.9401454711956453
25584,Neutral,0.5168898112860377,0.057666156964956666,0.42544403174900564
25585,LOF,0.025712983020360243,0.02815220603592694,0.9461348109437129
25586,LOF,0.030889516978839404,0.01927798182661444,0.9498325011945461
25587,LOF,0.026401312449099896,0.01634303077132197,0.9572556567795781
25588,LOF,0.025572275432034622,0.022263617129011117,0.9521641074389544
25589,Neutral,0.6516298080478035,0.06422641837090569,0.28414377358129084
25590,LOF,0.021834492750111376,0.05061622220586196,0.9275492850440266
25591,LOF,0.06902040020463714,0.03428144236877455,0.8966981574265884
25592,LOF,0.10200770058190733,0.03701619663041859,0.8609761027876741
25593,LOF,0.010845043006695127,0.3606798619169241,0.6284750950763808
25594,LOF,0.05455656662611537,0.061880013537654356,0.8835634198362303
25595,LOF,0.10323422830903492,0.08592804270971643,0.8108377289812487
25596,LOF,0.10036613297394469,0.04447442378722239,0.855159443238833
25597,LOF,0.08221754775518957,0.015279711802714703,0.9025027404420957
25598,LOF,0.14112944732449928,0.07201727646529449,0.7868532762102062
25599,GOF,0.010133799974512116,0.6323711797160715,0.3574950203094165
25600,GOF,0.011724686634817726,0.5485756281412333,0.439699685223949
25601,LOF,0.007505546760030786,0.2872528813684142,0.705241571871555
25602,LOF,0.02072111374545188,0.0732479966889045,0.9060308895656437
25603,LOF,0.042155080605317266,0.06812897915818822,0.8897159402364945
25604,LOF,0.04186307469597613,0.06953525917878273,0.8886016661252413
25605,LOF,0.014439747809134235,0.19167801868807738,0.7938822335027884
25606,GOF,0.06242011115045169,0.47539746612313055,0.4621824227264178
25607,LOF,0.003428983054103461,0.14469940837524017,0.8518716085706564
25608,LOF,0.06512226915698525,0.021908375572280283,0.9129693552707344
25609,LOF,0.08983846943395872,0.1618455220394236,0.7483160085266177
25610,LOF,0.042837906767838344,0.020076435092927905,0.9370856581392337
25611,LOF,0.0588340586369111,0.012320319960357864,0.928845621402731
25612,LOF,0.2874643377125276,0.017029327391142046,0.6955063348963304
25613,LOF,0.14493226173938423,0.02516135217114092,0.8299063860894748
25614,LOF,0.04009921797976179,0.039127785556066955,0.9207729964641713
25615,LOF,0.08438881727505515,0.02878309308901869,0.8868280896359262
25616,LOF,0.03234833938572003,0.04508119016608095,0.9225704704481991
25617,LOF,0.046945874495324,0.02990446122180222,0.9231496642828738
25618,LOF,0.22561611786476407,0.04942899700648901,0.724954885128747
25619,LOF,0.04141112638348029,0.032981863937509036,0.9256070096790106
25620,LOF,0.03794384032726054,0.04531689540811,0.9167392642646295
25621,LOF,0.04069772154330715,0.021261917897854147,0.9380403605588388
25622,LOF,0.029717172728987867,0.04086949904215246,0.9294133282288596
25623,LOF,0.0527082332329069,0.030249174731728848,0.9170425920353642
25624,LOF,0.03379351023009628,0.05221817561196723,0.9139883141579365
25625,LOF,0.04073627703415012,0.03766836431081131,0.9215953586550386
25626,LOF,0.14704347708304655,0.019529215662817775,0.8334273072541356
25627,Neutral,0.4672857204379652,0.07837098094567556,0.4543432986163592
25628,LOF,0.1691236694253252,0.03643206988454963,0.7944442606901252
25629,LOF,0.08607212490052914,0.07449482231869552,0.8394330527807753
25630,LOF,0.17381113276175725,0.04622379359077615,0.7799650736474666
25631,Neutral,0.5724842504033414,0.04626101952964045,0.38125473006701815
25632,LOF,0.01646821642174612,0.19214543749572538,0.7913863460825284
25633,LOF,0.19832143907354677,0.3936489095363637,0.4080296513900896
25634,LOF,0.04108403265836936,0.2540557883675944,0.7048601789740362
25635,LOF,0.03352317138495211,0.20725384570101293,0.759222982914035
25636,LOF,0.005120100701320782,0.4154617361843322,0.579418163114347
25637,LOF,0.004417044123438521,0.2455912219895126,0.7499917338870489
25638,LOF,0.005998457232209901,0.25159041535655496,0.7424111274112352
25639,LOF,0.004661393949638856,0.20075405875117172,0.7945845472991894
25640,GOF,0.3422302681185021,0.590970648869893,0.06679908301160498
25641,LOF,0.007500642963879883,0.1909260791073182,0.8015732779288018
25642,LOF,0.22127263644275236,0.07074043272812382,0.7079869308291238
25643,LOF,0.2381965161160183,0.09957136368676829,0.6622321201972134
25644,GOF,0.014505861316572983,0.5016459911408768,0.4838481475425502
25645,GOF,0.010347426410471254,0.6039071383735426,0.3857454352159862
25646,LOF,0.010889216165103964,0.36193649455607274,0.6271742892788233
25647,LOF,0.010963929237305029,0.281566188984202,0.707469881778493
25648,LOF,0.0075024216315222655,0.35773102121797923,0.6347665571504985
25649,LOF,0.008149576319138738,0.2313589016190441,0.7604915220618171
25650,GOF,0.025153286834488316,0.517968678355514,0.4568780348099978
25651,LOF,0.007382675800883051,0.23412770802126717,0.7584896161778498
25652,LOF,0.01201556227604824,0.3226185560051777,0.6653658817187741
25653,LOF,0.04832786072072251,0.43875448628635577,0.5129176529929217
25654,LOF,0.008603955417903424,0.3576431023693454,0.6337529422127511
25655,GOF,0.08714726413738623,0.511901405090241,0.4009513307723728
25656,LOF,0.09169488092556742,0.03246442664003304,0.8758406924343995
25657,LOF,0.24533516624497748,0.019572775434993726,0.7350920583200288
25658,LOF,0.029801177918370236,0.08476394244274436,0.8854348796388853
25659,LOF,0.25572581953486795,0.080846585021002,0.66342759544413
25660,LOF,0.10629568171512893,0.07988855308222116,0.8138157652026499
25661,LOF,0.06929970099099675,0.061916935842153124,0.8687833631668501
25662,LOF,0.04200168352031255,0.051891752890662765,0.9061065635890247
25663,LOF,0.046822561550485614,0.0888169141097367,0.8643605243397777
25664,LOF,0.02772989696801061,0.17306271717278765,0.7992073858592018
25665,LOF,0.045450179170318676,0.05552210132149875,0.8990277195081825
25666,LOF,0.03591697896005987,0.20741504677556025,0.7566679742643798
25667,LOF,0.03733876495801066,0.037446759537857276,0.925214475504132
25668,LOF,0.041480638917529046,0.05957656805870804,0.8989427930237629
25669,LOF,0.03490658333336562,0.09432793530546438,0.87076548136117
25670,LOF,0.06734238117572501,0.08122940760302463,0.8514282112212502
25671,LOF,0.06177785316425401,0.03216899382487133,0.9060531530108747
25672,LOF,0.05860326539305936,0.04207990850263784,0.8993168261043029
25673,LOF,0.04029807996810862,0.07083491590160369,0.8888670041302876
25674,LOF,0.026444823127282212,0.11006451040908397,0.8634906664636337
25675,LOF,0.03521895530145941,0.05751666022215218,0.9072643844763884
25676,LOF,0.04486745172327975,0.053425235854272425,0.9017073124224478
25677,LOF,0.07249212052355192,0.0435998515021027,0.8839080279743453
25678,LOF,0.16681035911161685,0.0710233430086801,0.7621662978797031
25679,LOF,0.10454980233498606,0.10842234725969077,0.7870278504053232
25680,LOF,0.11003622304461347,0.09612838818756776,0.7938353887678188
25681,LOF,0.11078495362852749,0.09141555419629324,0.7977994921751792
25682,LOF,0.04638763003332679,0.039365879683441386,0.9142464902832317
25683,LOF,0.07319564957020269,0.08069339147739575,0.8461109589524016
25684,LOF,0.06160866035473464,0.05814550648215372,0.8802458331631116
25685,LOF,0.12465559376900694,0.028509551019184842,0.8468348552118082
25686,LOF,0.02931005697852802,0.09412274221937594,0.876567200802096
25687,LOF,0.045871023553222985,0.09690541048588903,0.857223565960888
25688,LOF,0.026736730879425977,0.10617693803086446,0.8670863310897096
25689,LOF,0.01847903739488996,0.06036790107420406,0.9211530615309059
25690,LOF,0.025107289483735924,0.09675449879136719,0.8781382117248969
25691,LOF,0.17007349634853497,0.16249586937239965,0.6674306342790653
25692,LOF,0.36988473608345523,0.011399834571161985,0.6187154293453828
25693,LOF,0.03151015577444197,0.4216936023950186,0.5467962418305394
25694,LOF,0.24076900112102137,0.011297065844103192,0.7479339330348754
25695,LOF,0.18482516080850614,0.015694764761628576,0.7994800744298654
25696,LOF,0.0808850909709046,0.017960289838333796,0.9011546191907617
25697,LOF,0.08533288316690744,0.01384794250773343,0.9008191743253591
25698,LOF,0.01663666134532933,0.236409239024392,0.7469540996302786
25699,LOF,0.06105468579319134,0.3793316093612011,0.5596137048456076
25700,LOF,0.04508123080305489,0.029516329691255335,0.9254024395056897
25701,LOF,0.008818468184862085,0.39034293108440166,0.6008386007307362
25702,LOF,0.030798175541565904,0.48201091767529564,0.4871909067831385
25703,LOF,0.01776735851485077,0.06606801111418893,0.9161646303709603
25704,LOF,0.057114905249590446,0.06050062236539189,0.8823844723850176
25705,LOF,0.11702483213651449,0.155969713661435,0.7270054542020505
25706,GOF,0.021159783927219213,0.5833247523311299,0.39551546374165086
25707,LOF,0.025132385958739047,0.48024982142120404,0.49461779262005695
25708,GOF,0.007916288097386894,0.5853978432122565,0.4066858686903567
25709,LOF,0.05825122105574656,0.06794168691374436,0.8738070920305092
25710,LOF,0.008128089314138647,0.15865117535771717,0.8332207353281442
25711,LOF,0.061316372782558796,0.09753846234151659,0.8411451648759247
25712,LOF,0.0127382252268769,0.18641332864307986,0.8008484461300431
25713,LOF,0.053615441909022565,0.10030533532133601,0.8460792227696415
25714,LOF,0.04181552483217611,0.20221201437978623,0.7559724607880376
25715,LOF,0.04619003733484116,0.13282603484088695,0.820983927824272
25716,LOF,0.007616271893917525,0.06791164526705869,0.9244720828390237
25717,LOF,0.00758311510812101,0.0591629399502336,0.9332539449416455
25718,LOF,0.04744557562389758,0.049776507609657274,0.9027779167664453
25719,LOF,0.053447376493149394,0.10579919505249553,0.8407534284543551
25720,LOF,0.052378437232877224,0.11076778006312848,0.8368537827039942
25721,LOF,0.05333424060454403,0.07073619076868805,0.875929568626768
25722,LOF,0.04231144416527796,0.10481432184217042,0.8528742339925517
25723,LOF,0.06501571162986843,0.11334123680494633,0.8216430515651851
25724,LOF,0.06836498232628904,0.2754489442223113,0.6561860734513996
25725,LOF,0.06521101072705472,0.09193089974774751,0.8428580895251977
25726,LOF,0.05442334283817931,0.08772953476452822,0.8578471223972925
25727,LOF,0.07725682971072353,0.0700595622810559,0.8526836080082205
25728,LOF,0.050262722440767627,0.12347892810196341,0.8262583494572691
25729,LOF,0.06003707900739125,0.12747418786724898,0.8124887331253597
25730,LOF,0.06810766431151727,0.0935883682446087,0.838303967443874
25731,LOF,0.01070257125453442,0.0636738779317795,0.9256235508136861
25732,LOF,0.03103247350293853,0.05756546991323333,0.9114020565838281
25733,LOF,0.04123228315989836,0.0897164771652295,0.8690512396748721
25734,LOF,0.006754703810893723,0.25249326879533934,0.7407520273937669
25735,LOF,0.04211099748235842,0.08305624362053866,0.8748327588971029
25736,LOF,0.04393519214645614,0.10799768401607754,0.8480671238374663
25737,LOF,0.07511893229283932,0.08178236649038022,0.8430987012167804
25738,LOF,0.057841740916938306,0.1733270805088641,0.7688311785741976
25739,LOF,0.04366991435271735,0.13028328583871115,0.8260467998085715
25740,LOF,0.07341368587998112,0.11303387391575158,0.8135524402042673
25741,LOF,0.06449679964291163,0.12207034330846157,0.8134328570486269
25742,LOF,0.07317841573135626,0.12601214454252713,0.8008094397261166
25743,LOF,0.014132854692391011,0.01674274559039218,0.9691243997172168
25744,LOF,0.1547697862606485,0.13123552978234362,0.7139946839570078
25745,LOF,0.02835164197091685,0.04266583969850798,0.9289825183305752
25746,LOF,0.015894005763437177,0.06359784742487286,0.9205081468116899
25747,LOF,0.05227637896425991,0.020388021305603198,0.927335599730137
25748,LOF,0.2816971764683453,0.06785397531019048,0.6504488482214642
25749,LOF,0.019141444163228674,0.05127852042088109,0.9295800354158903
25750,LOF,0.019632303146027784,0.059646445424587274,0.920721251429385
25751,LOF,0.04285178261081397,0.08505622237804075,0.8720919950111453
25752,GOF,0.09096104405588101,0.6087122619378565,0.30032669400626255
25753,LOF,0.008501120457763332,0.4143139357805377,0.577184943761699
25754,GOF,0.009796007670673379,0.9045927557863495,0.08561123654297724
25755,LOF,0.009583031631970574,0.4153379627606028,0.5750790056074266
25756,LOF,0.0282121741304144,0.4749580048327179,0.4968298210368678
25757,GOF,0.00987261778021573,0.866337358415046,0.12379002380473818
25758,GOF,0.011280161100046,0.9019601352075162,0.08675970369243764
25759,GOF,0.007547521492448361,0.7562588482555239,0.2361936302520277
25760,LOF,0.006944120530633647,0.35551046106146844,0.637545418407898
25761,GOF,0.054831962423014864,0.8977884150315897,0.047379622545395475
25762,LOF,0.029104983424434804,0.4384381193112705,0.5324568972642948
25763,LOF,0.007351211210521353,0.30412726952577834,0.6885215192637003
25764,GOF,0.07821465852596156,0.7340118772807733,0.18777346419326507
25765,GOF,0.012348929489592311,0.9165472474707841,0.07110382303962358
25766,GOF,0.03319785939760923,0.8628985774948607,0.10390356310753027
25767,GOF,0.011354958723602425,0.6327223163117779,0.35592272496461974
25768,LOF,0.05404233471840324,0.051932391368022544,0.8940252739135742
25769,LOF,0.03196926231211027,0.14115668735725304,0.8268740503306367
25770,Neutral,0.5102584919932773,0.16104296620682024,0.3286985417999023
25771,LOF,0.02532765092848919,0.07511549919793281,0.8995568498735781
25772,LOF,0.04302200759747248,0.08227375023917373,0.8747042421633539
25773,LOF,0.020238211811210063,0.17359318002969473,0.8061686081590953
25774,LOF,0.028848153735748835,0.3182215132725297,0.6529303329917215
25775,LOF,0.025506134532070682,0.05378620432900319,0.9207076611389261
25776,LOF,0.03403329361273014,0.04822671342158973,0.9177399929656801
25777,LOF,0.07751428383835696,0.27455272847153583,0.6479329876901072
25778,LOF,0.0326254065454885,0.1015416345464211,0.8658329589080904
25779,GOF,0.06138454411357863,0.7381948510652134,0.200420604821208
25780,GOF,0.06913242183619933,0.7720181070798751,0.15884947108392572
25781,GOF,0.02849505837986807,0.7030225330974138,0.26848240852271804
25782,GOF,0.03145316536111353,0.7960092738111018,0.17253756082778468
25783,GOF,0.06312433110378027,0.7935157090685971,0.14335995982762265
25784,GOF,0.13515000204849412,0.7635433512495107,0.10130664670199521
25785,GOF,0.16471662917212257,0.7247002454872158,0.11058312534066154
25786,GOF,0.013596444841780955,0.6520522204338876,0.33435133472433143
25787,GOF,0.32872378436999833,0.5737511482596505,0.09752506737035123
25788,LOF,0.023805411613290004,0.07942899691492769,0.8967655914717824
25789,GOF,0.019691222651569643,0.7462621935224388,0.23404658382599158
25790,GOF,0.03667601504199037,0.6852344883165985,0.27808949664141114
25791,GOF,0.027525619387827095,0.5226879360827484,0.44978644452942457
25792,GOF,0.03404051360663177,0.6136362150991654,0.3523232712942028
25793,GOF,0.06861912333160941,0.6568220002773764,0.2745588763910142
25794,LOF,0.06083618647841413,0.4435638994416227,0.495599914079963
25795,GOF,0.06618227439540049,0.5334990358874893,0.40031868971711027
25796,GOF,0.18172823471117247,0.48803329885424146,0.3302384664345862
25797,LOF,0.05025411617909248,0.4544418515784547,0.49530403224245273
25798,GOF,0.0073808227643710235,0.7549246480319063,0.23769452920372264
25799,GOF,0.0052971330867097105,0.6785419072947099,0.31616095961858043
25800,GOF,0.02478658094306541,0.8136302656657756,0.16158315339115914
25801,GOF,0.025989751618384443,0.7308939671077237,0.24311628127389184
25802,GOF,0.02840410547370502,0.6839308958704945,0.2876649986558004
25803,GOF,0.027416837196742854,0.5984964274448953,0.37408673535836184
25804,GOF,0.04712257591347427,0.5536365334768502,0.39924089060967555
25805,GOF,0.03039843908324772,0.6552142747486219,0.31438728616813044
25806,GOF,0.043818352133695074,0.6498312401296651,0.3063504077366398
25807,GOF,0.01816033446317536,0.5801692204585429,0.40167044507828165
25808,GOF,0.03064053342175934,0.6811725642556856,0.28818690232255506
25809,GOF,0.016380268577181237,0.5864451905839037,0.3971745408389152
25810,GOF,0.01409478798043204,0.5860652761871606,0.39983993583240723
25811,GOF,0.0809236463262366,0.7918015115943065,0.12727484207945694
25812,GOF,0.04340107491781924,0.6271263216003901,0.3294726034817905
25813,GOF,0.24194264448003497,0.6027643628001703,0.15529299271979466
25814,GOF,0.048149610160078606,0.6190436015492438,0.3328067882906777
25815,GOF,0.06551237702783728,0.7265907899181205,0.2078968330540421
25816,GOF,0.009256255353571155,0.7151148154327057,0.2756289292137231
25817,GOF,0.13038813827830428,0.5578284689642874,0.3117833927574083
25818,GOF,0.031988263498658735,0.7388268314171302,0.22918490508421088
25819,GOF,0.05524933191202699,0.6099324660947325,0.3348182019932406
25820,GOF,0.05899680648579763,0.5319732321612191,0.4090299613529833
25821,GOF,0.03990613795604717,0.58954338921506,0.3705504728288929
25822,GOF,0.0858474831697532,0.5549820715950575,0.3591704452351892
25823,GOF,0.0481548511709533,0.5348750766256197,0.4169700722034269
25824,GOF,0.033058901460681765,0.6462487030024306,0.3206923955368876
25825,GOF,0.022692731217461543,0.6717438521011603,0.30556341668137826
25826,GOF,0.011200629502920199,0.5707691425660762,0.4180302279310035
25827,GOF,0.018823921953430193,0.6598358405461212,0.32134023750044854
25828,GOF,0.012154379160681697,0.685291427204472,0.3025541936348462
25829,GOF,0.004730238850644536,0.5157379398356163,0.4795318213137392
25830,LOF,0.07193579991086721,0.23330261983733125,0.6947615802518015
25831,GOF,0.0832320654316283,0.7678411605331755,0.1489267740351962
25832,GOF,0.01001429797577028,0.7093935003524517,0.28059220167177784
25833,GOF,0.03100156487312806,0.7889232286152583,0.18007520651161382
25834,GOF,0.010243250396444425,0.7334755376027301,0.25628121200082565
25835,GOF,0.02990683776465663,0.8383530080225884,0.13174015421275512
25836,GOF,0.00822031348999088,0.7745666752335325,0.21721301127647666
25837,GOF,0.012240610179893488,0.7329338257690792,0.25482556405102735
25838,GOF,0.02356857761245188,0.7951874861785989,0.18124393620894927
25839,GOF,0.06874846785557509,0.7178911753311593,0.21336035681326554
25840,GOF,0.09049174625496276,0.7234302949528303,0.18607795879220687
25841,GOF,0.0752338230123004,0.7758111214167026,0.14895505557099695
25842,GOF,0.028744951377914933,0.8294423918636928,0.14181265675839214
25843,GOF,0.027485271988912,0.82400980050652,0.14850492750456798
25844,GOF,0.02317907372885504,0.779805934131552,0.19701499213959292
25845,GOF,0.008978436548111032,0.6624911349820265,0.3285304284698625
25846,GOF,0.07426895540867184,0.8004402015222669,0.12529084306906124
25847,GOF,0.020758614987653183,0.8234464393299566,0.1557949456823901
25848,GOF,0.022182045906744614,0.7830689330619663,0.1947490210312891
25849,GOF,0.008025301899823051,0.7596826734098182,0.2322920246903587
25850,GOF,0.008818717595687676,0.6319069549502822,0.35927432745403004
25851,GOF,0.00767634335955337,0.5641296801553816,0.428193976485065
25852,GOF,0.1738666292664589,0.42762427646879697,0.3985090942647441
25853,GOF,0.06047893483053356,0.551082073813101,0.3884389913563654
25854,GOF,0.007837577707024378,0.6445588820104775,0.3476035402824983
25855,GOF,0.025387942292092052,0.5362136222207217,0.4383984354871863
25856,GOF,0.05053535566671337,0.6909117307762168,0.2585529135570698
25857,GOF,0.025742667225888947,0.5180540668680028,0.45620326590610827
25858,GOF,0.008755212995586875,0.5526096459981439,0.43863514100626916
25859,GOF,0.006670471366947088,0.5385108600221201,0.45481866861093273
25860,GOF,0.08122453104156628,0.556042198085307,0.3627332708731268
25861,GOF,0.10703313730217275,0.7022983721993816,0.19066849049844564
25862,GOF,0.02071669558788152,0.8614644677137583,0.11781883669836028
25863,GOF,0.01936178995551916,0.8126993430128108,0.16793886703166996
25864,GOF,0.031050714037706744,0.8629013220096027,0.10604796395269069
25865,GOF,0.03337596653046784,0.8399333179039387,0.12669071556559358
25866,GOF,0.018936428619027723,0.8370688474655336,0.14399472391543863
25867,GOF,0.03482782990606706,0.8556037680749331,0.10956840201899987
25868,GOF,0.06871818490430921,0.6995786168676549,0.23170319822803587
25869,GOF,0.3153445727951612,0.4774726197929425,0.20718280741189637
25870,LOF,0.07789735060999105,0.3371342156275883,0.5849684337624207
25871,GOF,0.011858139533046614,0.5522653873356322,0.43587647313132116
25872,GOF,0.027094579095831316,0.6488705662430031,0.32403485466116566
25873,GOF,0.021425261674309123,0.7318532018152579,0.24672153651043294
25874,LOF,0.03524083983590597,0.06576269974244753,0.8989964604216465
25875,LOF,0.020474027016724735,0.15504572920542606,0.8244802437778491
25876,LOF,0.0216525591370331,0.10125437697435122,0.8770930638886156
25877,LOF,0.08273390539944733,0.2470249802251127,0.67024111437544
25878,LOF,0.049993582479704896,0.3514511215266349,0.5985552959936603
25879,LOF,0.011655445759774981,0.1598112485373412,0.8285333057028839
25880,LOF,0.04777846783175164,0.022134533438649157,0.9300869987295993
25881,Neutral,0.4628349118127942,0.2918135931987054,0.24535149498850048
25882,LOF,0.039136461946756074,0.14687607601129213,0.8139874620419518
25883,LOF,0.027927871444846798,0.13791853662411308,0.8341535919310401
25884,LOF,0.014047653890804517,0.14340348665541688,0.8425488594537786
25885,LOF,0.13991477928965884,0.032859607880054584,0.8272256128302865
25886,LOF,0.12542211091042954,0.2083869476372664,0.6661909414523042
25887,GOF,0.0440830344016981,0.49151164998920216,0.46440531560909976
25888,LOF,0.005395789595856376,0.4291357652393878,0.5654684451647559
25889,LOF,0.024305910148884488,0.0980382046851155,0.877655885166
25890,LOF,0.1527103685340827,0.31261019751409336,0.5346794339518239
25891,LOF,0.10021239487784299,0.07380293306941632,0.8259846720527407
25892,LOF,0.007396139927060907,0.045754691751173276,0.9468491683217659
25893,LOF,0.24759728495363817,0.016057147334095606,0.7363455677122662
25894,LOF,0.31328506399730927,0.009825025209196724,0.676889910793494
25895,LOF,0.26694703464732267,0.013833275451397637,0.7192196899012797
25896,LOF,0.0834193241236561,0.03298572083902192,0.8835949550373219
25897,LOF,0.10051028307830226,0.02208608781329,0.8774036291084076
25898,LOF,0.08653749439366193,0.04899651553963553,0.8644659900667024
25899,LOF,0.3570693859781514,0.056497168376761775,0.5864334456450868
25900,Neutral,0.9336127246793975,0.006433552055919658,0.05995372326468305
25901,LOF,0.06477879176645472,0.01572007207292222,0.9195011361606231
25902,LOF,0.08296615945246942,0.008920358185188746,0.9081134823623418
25903,LOF,0.14562936152402542,0.03793808295312363,0.816432555522851
25904,LOF,0.4550394221128025,0.0806183125352686,0.464342265351929
25905,LOF,0.011716653867104763,0.27745610669789417,0.710827239435001
25906,LOF,0.010915791285360948,0.02406216700316932,0.9650220417114698
25907,LOF,0.009244236491986869,0.14613014399388433,0.8446256195141288
25908,LOF,0.00967988804288411,0.16386070352737261,0.8264594084297433
25909,LOF,0.05255739790019659,0.07647971457309848,0.8709628875267048
25910,LOF,0.0146820984996954,0.1272536382233837,0.8580642632769209
25911,LOF,0.12322651511420712,0.06393955421387189,0.8128339306719209
25912,LOF,0.1296602857570672,0.018408181256181794,0.8519315329867511
25913,LOF,0.01462152625757575,0.06368740960161791,0.9216910641408063
25914,LOF,0.04828871981879707,0.038432623932423464,0.9132786562487795
25915,GOF,0.2045518929450422,0.4210167737341416,0.37443133332081613
25916,LOF,0.018442920584161856,0.1778822768583667,0.8036748025574716
25917,LOF,0.16777604010913805,0.02590346926730943,0.8063204906235525
25918,LOF,0.05219285736628354,0.025228829000987968,0.9225783136327286
25919,LOF,0.05305750856533144,0.019907547031833638,0.927034944402835
25920,LOF,0.34389268102064857,0.26937262573193776,0.38673469324741366
25921,LOF,0.0240647693545888,0.033003730877814455,0.9429314997675968
25922,LOF,0.020069401188089756,0.029475263956646163,0.9504553348552641
25923,LOF,0.4165249269710934,0.026456196503562894,0.5570188765253437
25924,LOF,0.02663912542846384,0.042339203321794125,0.9310216712497421
25925,LOF,0.2562211422145482,0.022282155847363535,0.7214967019380882
25926,LOF,0.13916491213640747,0.04717448585560181,0.8136606020079906
25927,LOF,0.0240770883485678,0.08016219740112215,0.89576071425031
25928,LOF,0.016471559277937628,0.02481746406947126,0.958710976652591
25929,Neutral,0.5938619998477424,0.02692493295136708,0.37921306720089054
25930,LOF,0.06843859316145881,0.030983450577417446,0.9005779562611238
25931,LOF,0.01687656165951608,0.029438038334648923,0.953685400005835
25932,LOF,0.09846464822442146,0.01725002324337011,0.8842853285322084
25933,LOF,0.08571104245868988,0.012346500008714177,0.901942457532596
25934,LOF,0.08172967708199479,0.015001279490758608,0.9032690434272467
25935,LOF,0.2526372799939192,0.024458693446244666,0.7229040265598362
25936,LOF,0.08538471719117689,0.013516966128580003,0.9010983166802432
25937,LOF,0.019007489347494223,0.0302291971056289,0.9507633135468768
25938,LOF,0.2567451610308639,0.020688565105866225,0.7225662738632698
25939,LOF,0.06775188334942224,0.014555710355313884,0.9176924062952638
25940,LOF,0.007549876479972073,0.4622465864493789,0.5302035370706489
25941,Neutral,0.535843149468181,0.17418629780296044,0.2899705527288585
25942,LOF,0.010481475177384621,0.21181234572887453,0.7777061790937408
25943,GOF,0.024302470940729657,0.6709211715562193,0.304776357503051
25944,LOF,0.020090518824430317,0.44203089595709777,0.537878585218472
25945,LOF,0.10394596286744576,0.19303378060267887,0.7030202565298754
25946,LOF,0.08598125234990871,0.11662990234260177,0.7973888453074895
25947,Neutral,0.4890534290625236,0.09055817429356627,0.4203883966439102
25948,Neutral,0.5150752278889211,0.009044708900339564,0.4758800632107393
25949,LOF,0.12643655669049136,0.02568106364057055,0.847882379668938
25950,GOF,0.04487763151026556,0.8210916999893874,0.13403066850034703
25951,GOF,0.012350965427112419,0.6569632724391852,0.33068576213370243
25952,GOF,0.07734514053949028,0.5637435898399933,0.3589112696205164
25953,GOF,0.005414189996965786,0.5052144404786949,0.48937136952433924
25954,GOF,0.022351393559962948,0.5836906562205545,0.39395795021948254
25955,GOF,0.0041492055668944745,0.5593691940788377,0.43648160035426786
25956,LOF,0.00989142354460339,0.40098891666516484,0.5891196597902317
25957,LOF,0.24988349767355794,0.050634771791846805,0.6994817305345952
25958,LOF,0.026156425892583574,0.16073647820626571,0.8131070959011506
25959,GOF,0.006303188963091599,0.6836697148356442,0.3100270962012642
25960,LOF,0.005227872784962298,0.19354265476184537,0.8012294724531924
25961,LOF,0.02687912310211264,0.12957674043315673,0.8435441364647306
25962,LOF,0.04514236295971203,0.09466309288835129,0.8601945441519366
25963,LOF,0.009831734336107931,0.19261307914152445,0.7975551865223676
25964,LOF,0.04743230041100424,0.15443161176138678,0.798136087827609
25965,LOF,0.17918325283239164,0.18064349083004938,0.640173256337559
25966,LOF,0.2345466154508239,0.34209271371812416,0.42336067083105183
25967,LOF,0.007512231678012002,0.08565095079619886,0.906836817525789
25968,LOF,0.07854163778330712,0.24490323327565183,0.676555128941041
25969,LOF,0.1407191508360637,0.04833946490128274,0.8109413842626536
25970,LOF,0.024413472600393997,0.24075721336489828,0.7348293140347076
25971,LOF,0.07134444883647914,0.10620309934445521,0.8224524518190656
25972,LOF,0.07569089828730298,0.1451876356375262,0.7791214660751709
25973,LOF,0.09775402738973406,0.007830595004462725,0.8944153776058033
25974,LOF,0.14252704686501996,0.05092838320768585,0.8065445699272942
25975,LOF,0.044177605583281994,0.010708236730159422,0.9451141576865585
25976,LOF,0.10209505482696209,0.007001776348203509,0.8909031688248343
25977,LOF,0.17631762990028133,0.1152610113329296,0.7084213587667891
25978,LOF,0.12195840465918616,0.15498820060550378,0.72305339473531
25979,LOF,0.09780469862941703,0.1422015593813058,0.7599937419892773
25980,LOF,0.14723478073853888,0.33324059520375715,0.5195246240577039
25981,LOF,0.14867235935344542,0.3504325401436261,0.5008951005029284
25982,LOF,0.2541993523749942,0.16003352311122132,0.5857671245137844
25983,Neutral,0.49814094671129827,0.1383740280937477,0.36348502519495407
25984,LOF,0.038599730367634304,0.1342524375993123,0.8271478320330533
25985,Neutral,0.4883133690457333,0.21618872095597721,0.29549790999828945
25986,GOF,0.008692611170269367,0.5958440101057565,0.3954633787239743
25987,LOF,0.017812083218583498,0.12679866908511148,0.855389247696305
25988,LOF,0.033422987471189776,0.19671002835582013,0.7698669841729902
25989,LOF,0.0378281873707206,0.1635085699542098,0.7986632426750695
25990,LOF,0.042681127983048774,0.2489413196213282,0.708377552395623
25991,GOF,0.027221419476918106,0.6739487696471679,0.298829810875914
25992,LOF,0.009655914935939591,0.4261749818148209,0.5641691032492395
25993,LOF,0.02807035713875653,0.10462697204052755,0.8673026708207159
25994,LOF,0.03051264235278434,0.13311585990330765,0.836371497743908
25995,LOF,0.018752495615156368,0.20620351231535858,0.7750439920694852
25996,GOF,0.2351459777237139,0.5853385996122875,0.1795154226639986
25997,GOF,0.04729037717150056,0.6815059763497394,0.2712036464787601
25998,LOF,0.2757286595351573,0.03872378643481077,0.685547554030032
25999,LOF,0.030621004197669513,0.4523524072453999,0.5170265885569307
26000,LOF,0.11560713566199082,0.020214529341502866,0.8641783349965063
26001,LOF,0.13723267209145334,0.03330819330323217,0.8294591346053146
26002,LOF,0.08206421940441437,0.0198156214387611,0.8981201591568245
26003,GOF,0.007640853457704424,0.5265097758329237,0.4658493707093718
26004,GOF,0.015935693722137195,0.49989436400121556,0.4841699422766471
26005,LOF,0.006161529613149428,0.46317744596887706,0.5306610244179735
26006,GOF,0.14043227762066912,0.4396403492170141,0.4199273731623167
26007,LOF,0.01074459262359654,0.48728045621183363,0.5019749511645698
26008,LOF,0.007735316729902376,0.4445908604015989,0.5476738228684986
26009,GOF,0.014127204746470466,0.5698822452586715,0.415990549994858
26010,GOF,0.00958131774840088,0.5864276894454277,0.4039909928061715
26011,LOF,0.007208876018768005,0.335656604593514,0.6571345193877179
26012,LOF,0.0072420641766433565,0.377569112392003,0.6151888234313536
26013,LOF,0.01204220013893746,0.4576507896265484,0.5303070102345141
26014,LOF,0.06596753100924657,0.0744737289793866,0.8595587400113668
26015,LOF,0.3949268274186436,0.04717579494644005,0.5578973776349163
26016,LOF,0.23816019426288942,0.13959483353641888,0.6222449722006917
26017,LOF,0.014873078213139178,0.4020674903476441,0.5830594314392168
26018,LOF,0.020994510072350953,0.17885967580500178,0.8001458141226473
26019,LOF,0.020725132383617714,0.1393602093164051,0.8399146582999772
26020,LOF,0.00693164130849201,0.32911042318549455,0.6639579355060133
26021,LOF,0.08636443314159167,0.23347433489832464,0.6801612319600837
26022,LOF,0.05181467495171257,0.06331204344886308,0.8848732815994242
26023,LOF,0.032218822791432386,0.1216096011248714,0.8461715760836962
26024,LOF,0.047732978170018904,0.15502426573879644,0.7972427560911847
26025,LOF,0.11402023322424147,0.20986700368791397,0.6761127630878445
26026,LOF,0.10242215055665983,0.1661413210668218,0.7314365283765184
26027,LOF,0.032241411055663534,0.0713162265700823,0.8964423623742542
26028,LOF,0.05645904755812698,0.2153844960838261,0.7281564563580469
26029,LOF,0.04205172213291581,0.08860410747728709,0.8693441703897972
26030,LOF,0.1768249363739079,0.010068365873188866,0.8131066977529031
26031,LOF,0.02466678479536732,0.09225850404094087,0.8830747111636917
26032,LOF,0.03278313441292734,0.021867671993226343,0.9453491935938464
26033,LOF,0.04639040457854888,0.04082508355414941,0.9127845118673018
26034,LOF,0.029097703385799437,0.0654254247020314,0.9054768719121691
26035,LOF,0.018102603600207424,0.07799463047996977,0.9039027659198228
26036,LOF,0.01642966984654913,0.06778726709556437,0.9157830630578864
26037,LOF,0.01596651554383182,0.06289775057006283,0.9211357338861054
26038,LOF,0.026063832546288176,0.02208358966677429,0.9518525777869374
26039,LOF,0.036220511532122225,0.08135828899365342,0.8824211994742245
26040,LOF,0.06478017836702325,0.13293343769735036,0.8022863839356265
26041,LOF,0.019512783086691497,0.08079622525714568,0.8996909916561628
26042,LOF,0.01819769589269885,0.08263804636622289,0.8991642577410782
26043,LOF,0.02544107505963274,0.05192800385560459,0.9226309210847627
26044,LOF,0.010055928848045962,0.055374305904457834,0.9345697652474962
26045,LOF,0.09983047960916992,0.15190839744580556,0.7482611229450244
26046,LOF,0.024758267860537184,0.05776183777731588,0.9174798943621468
26047,LOF,0.06217143229118527,0.04079732993328573,0.8970312377755291
26048,LOF,0.07800942035681803,0.03402858935075846,0.8879619902924235
26049,Neutral,0.9116990472214562,0.006745837381781585,0.08155511539676219
26050,Neutral,0.8375230152831171,0.008398925485483084,0.15407805923139994
26051,LOF,0.029478514443484885,0.4413036074791105,0.5292178780774046
26052,LOF,0.027312451545349895,0.36160141538476986,0.6110861330698802
26053,LOF,0.037804043030330026,0.05447303790619036,0.9077229190634796
26054,LOF,0.12540684347676723,0.08039926812899086,0.794193888394242
26055,LOF,0.13424568956005178,0.08628005495440684,0.7794742554855414
26056,LOF,0.1193353864505438,0.09685146441239613,0.78381314913706
26057,LOF,0.051559477308997854,0.02618597348619389,0.9222545492048082
26058,LOF,0.06042532001195392,0.020171514399194984,0.9194031655888512
26059,Neutral,0.7154246200272864,0.0715776884021342,0.21299769157057943
26060,LOF,0.015961066972179822,0.32866701554813127,0.655371917479689
26061,LOF,0.013288004992045166,0.016249954411874108,0.9704620405960807
26062,LOF,0.006273451465950789,0.042617437054437546,0.9511091114796117
26063,LOF,0.04771249003877846,0.023032610246328526,0.929254899714893
26064,LOF,0.011299340293312901,0.021631280765846347,0.9670693789408408
26065,LOF,0.04384530413235513,0.032746961517646805,0.9234077343499981
26066,LOF,0.04621942648518557,0.020461439988341296,0.9333191335264732
26067,LOF,0.06106120124113911,0.024231016186845998,0.9147077825720149
26068,LOF,0.12019282417289462,0.04310362338914905,0.8367035524379564
26069,LOF,0.1076971924427361,0.042652421790678116,0.8496503857665858
26070,LOF,0.2924986955816535,0.028672330062061182,0.6788289743562854
26071,LOF,0.0471831788304334,0.024797351477898154,0.9280194696916684
26072,LOF,0.00974396384113681,0.025418944282181617,0.9648370918766814
26073,LOF,0.04872135273356811,0.018699092049757966,0.932579555216674
26074,Neutral,0.8675072669232211,0.01767096664524729,0.1148217664315317
26075,LOF,0.05939947799491906,0.04418770093884039,0.8964128210662405
26076,LOF,0.061351590258381265,0.042812964550259756,0.895835445191359
26077,LOF,0.1576661171825012,0.04096628567600433,0.8013675971414945
26078,LOF,0.007692432132973624,0.0334315011929139,0.9588760666741124
26079,LOF,0.14527840861060484,0.032016087345275696,0.8227055040441196
26080,LOF,0.14527840861060484,0.032016087345275696,0.8227055040441196
26081,LOF,0.055551838855059855,0.023920565578834423,0.9205275955661056
26082,LOF,0.007664264554149424,0.03999249022513064,0.9523432452207199
26083,LOF,0.04871884218846381,0.05904959319308796,0.8922315646184482
26084,LOF,0.054653659819555674,0.03420588187038878,0.9111404583100554
26085,LOF,0.04925202062160805,0.029790323614882687,0.9209576557635093
26086,LOF,0.036690127763780986,0.03191848871573083,0.9313913835204882
26087,LOF,0.04866467062432495,0.0311376291939345,0.9201977001817404
26088,LOF,0.008948074419809748,0.07005365906227763,0.9209982665179126
26089,LOF,0.04445509070443006,0.10128616717654901,0.8542587421190209
26090,LOF,0.048034806647396004,0.07589161563442108,0.876073577718183
26091,LOF,0.04915254015563842,0.02891920839537196,0.9219282514489896
26092,LOF,0.055817146267623505,0.021840427860738542,0.9223424258716381
26093,LOF,0.0738067593052886,0.015611525211681986,0.9105817154830295
26094,LOF,0.048919821233602924,0.021370862903117394,0.9297093158632797
26095,LOF,0.011701742752517138,0.03829346645899244,0.9500047907884905
26096,LOF,0.305533531211878,0.007019302003474574,0.6874471667846475
26097,LOF,0.008399119016839662,0.05941210581486171,0.9321887751682986
26098,LOF,0.13761449178840826,0.030529310853287885,0.8318561973583039
26099,LOF,0.0462671750033629,0.0933008579778974,0.8604319670187396
26100,LOF,0.0462671750033629,0.0933008579778974,0.8604319670187396
26101,LOF,0.03615584629009307,0.09000485415792754,0.8738392995519795
26102,LOF,0.04397843959195096,0.03540299290770594,0.9206185675003431
26103,Neutral,0.8496065800966683,0.04670637938370415,0.1036870405196276
26104,LOF,0.1371324579660421,0.09302005768103208,0.7698474843529259
26105,LOF,0.2650670699226985,0.22618009133167696,0.5087528387456245
26106,LOF,0.30146828334135795,0.22994439011520745,0.4685873265434347
26107,LOF,0.009881261100391489,0.14068532238966425,0.8494334165099443
26108,LOF,0.1333237634030883,0.22183695008706572,0.644839286509846
26109,LOF,0.046793012306595425,0.03422126879288093,0.9189857189005236
26110,Neutral,0.5351913033996015,0.03910275685590094,0.42570593974449755
26111,LOF,0.05568233806992907,0.23092351692005073,0.7133941450100203
26112,LOF,0.06529251490709446,0.03988184336575679,0.8948256417271487
26113,LOF,0.06228049717003401,0.07902230831295348,0.8586971945170125
26114,LOF,0.0924357992009042,0.026954947229030607,0.8806092535700653
26115,LOF,0.016096493699689306,0.168039088908161,0.8158644173921497
26116,LOF,0.056068682960600386,0.05301042151999534,0.8909208955194042
26117,LOF,0.22348721369660018,0.08790872722897827,0.6886040590744216
26118,LOF,0.045767477826323864,0.025621925245888504,0.9286105969277876
26119,LOF,0.005757926174454726,0.1171575841481707,0.8770844896773746
26120,LOF,0.043153726504905544,0.02862050769897715,0.9282257657961174
26121,LOF,0.0045868742768963066,0.1319130704348061,0.8635000552882975
26122,LOF,0.0049651148617330795,0.1384247020485553,0.8566101830897117
