feature0,prediction,LoGoFunc_Neutral,LoGoFunc_GOF,LoGoFunc_LOF
25546,Neutral,0.6536392683889001,0.04996646773907687,0.296394263872023
25547,Neutral,0.5533982211109814,0.10000454129261577,0.3465972375964029
25548,Neutral,0.5247500479490951,0.0706242979628553,0.4046256540880496
25549,Neutral,0.4877729850443255,0.07068617667955567,0.4415408382761187
25550,LOF,0.39115198590566264,0.12467669519237513,0.48417131890196224
25551,LOF,0.32240354558079104,0.11862742452703325,0.5589690298921758
25552,LOF,0.1912586446836755,0.12705555781895378,0.6816857974973708
25553,Neutral,0.8291051878393952,0.035281994894629624,0.13561281726597513
25554,LOF,0.22920628495192383,0.12576691153150707,0.6450268035165692
25555,LOF,0.18234269077196508,0.11598664980099757,0.7016706594270373
25556,Neutral,0.5306954909277456,0.09477530576129749,0.3745292033109569
25557,LOF,0.17487265997140153,0.12028137859937338,0.704845961429225
25558,LOF,0.22948486464730308,0.13154650250216782,0.6389686328505291
25559,Neutral,0.5630379498513634,0.07166307096673004,0.3652989791819066
25560,LOF,0.04434025679141155,0.3126560443867661,0.6430036988218224
25561,LOF,0.0809437634733008,0.34931739455458255,0.5697388419721168
25562,LOF,0.10266426550812732,0.18069303179038707,0.7166427027014857
25563,LOF,0.10364216095429388,0.19322256498246335,0.7031352740632428
25564,LOF,0.06325330544359774,0.2820812194895929,0.6546654750668094
25565,LOF,0.14923814378344535,0.17259605999454028,0.6781657962220143
25566,GOF,0.015760997265328966,0.7550127116773144,0.22922629105735656
25567,LOF,0.012778688400831288,0.13407665624766066,0.853144655351508
25568,LOF,0.0440869097270956,0.08173821385653707,0.8741748764163673
25569,LOF,0.057629683812119206,0.07910488778566188,0.8632654284022189
25570,LOF,0.060330987638405054,0.11344070662029092,0.826228305741304
25571,LOF,0.06137096016408713,0.11050818897617358,0.8281208508597393
25572,LOF,0.06487936831990586,0.14213909544841366,0.7929815362316804
25573,LOF,0.028420907620772592,0.09027715352915451,0.8813019388500729
25574,LOF,0.016132769096288798,0.15015575581365787,0.8337114750900533
25575,LOF,0.049687381429930594,0.11145531962357877,0.8388572989464907
25576,LOF,0.01835517122595799,0.11071088637580782,0.8709339423982342
25577,LOF,0.012772781122510679,0.1378886008748183,0.849338618002671
25578,LOF,0.2238138753557289,0.10357739177666102,0.6726087328676101
25579,LOF,0.22551950499941487,0.10310952281429767,0.6713709721862876
25580,LOF,0.03450664518775496,0.09710004105625371,0.8683933137559913
25581,LOF,0.04589931377852416,0.08068900799582931,0.8734116782256466
25582,LOF,0.04555901491218379,0.07740543811079025,0.8770355469770259
25583,LOF,0.04038484951393349,0.11292430362687488,0.8466908468591916
25584,Neutral,0.47277046425950553,0.08776982712641658,0.43945970861407807
25585,LOF,0.027855571636876186,0.1039178343567365,0.8682265940063874
25586,LOF,0.031327502119803986,0.08375564572909479,0.8849168521511013
25587,LOF,0.029236820573727104,0.07042835767170376,0.9003348217545692
25588,LOF,0.029363957463917484,0.09004327078541571,0.8805927717506669
25589,Neutral,0.6063679641576966,0.08671215733378712,0.3069198785085164
25590,LOF,0.023832551168793143,0.1222694407588368,0.85389800807237
25591,LOF,0.1044883816337429,0.06390788552801852,0.8316037328382385
25592,LOF,0.09126026466157955,0.13827020977629764,0.7704695255621228
25593,LOF,0.014087312364850045,0.21942436228599885,0.766488325349151
25594,LOF,0.033829010996787166,0.22327118942287996,0.7428997995803328
25595,LOF,0.061362852575634216,0.17691529097390138,0.7617218564504644
25596,LOF,0.08829969321530844,0.12884919526935598,0.7828511115153356
25597,LOF,0.08143340093223299,0.057237151734910285,0.8613294473328568
25598,LOF,0.0439267569243283,0.22621771413720781,0.729855528938464
25599,GOF,0.006534874391594771,0.6207175558002574,0.3727475698081477
25600,GOF,0.008321224743613369,0.5822333133007278,0.4094454619556589
25601,LOF,0.007474109163910659,0.3932583865426513,0.5992675042934381
25602,LOF,0.014235568437376837,0.0723737532264508,0.9133906783361724
25603,LOF,0.03814960407985817,0.03251671606017154,0.9293336798599703
25604,LOF,0.03620310050273466,0.07562267468589376,0.8881742248113716
25605,LOF,0.009839135487155473,0.19920364610364344,0.7909572184092011
25606,GOF,0.05618659038523823,0.48866986666923756,0.4551435429455242
25607,LOF,0.00349955860488242,0.1449552067896761,0.8515452346054414
25608,LOF,0.04369844171610834,0.04649435158537886,0.9098072066985129
25609,LOF,0.05785805552276213,0.27577779211739306,0.6663641523598447
25610,LOF,0.053219084761315615,0.041074545108297264,0.9057063701303871
25611,LOF,0.06383701884906821,0.030966076264859244,0.9051969048860726
25612,LOF,0.12743932527136181,0.06787657309675933,0.8046841016318789
25613,LOF,0.10765202568380769,0.06040400928090109,0.8319439650352911
25614,LOF,0.040457700551408314,0.046479636165929865,0.9130626632826618
25615,LOF,0.08060512455412784,0.06153213464055492,0.8578627408053172
25616,LOF,0.04352771639767419,0.06395125794461191,0.8925210256577139
25617,LOF,0.0529840418987581,0.0680627157895761,0.8789532423116658
25618,LOF,0.27314434848012503,0.0482059701250223,0.6786496813948527
25619,LOF,0.048317640539379814,0.050466861894367526,0.9012154975662527
25620,LOF,0.04513084414976327,0.07042245751459396,0.8844466983356428
25621,LOF,0.045331115845797375,0.05417725329902766,0.9004916308551749
25622,LOF,0.03516954618632702,0.0728005676057341,0.8920298862079389
25623,LOF,0.05702932945049545,0.04801080011587326,0.8949598704336313
25624,LOF,0.033654977731369655,0.057208826470850946,0.9091361957977794
25625,LOF,0.043334922635538446,0.07328870429802162,0.8833763730664399
25626,LOF,0.08345417969609814,0.04880127847181137,0.8677445418320905
25627,Neutral,0.5716506397816535,0.11265262461975935,0.3156967355985871
25628,LOF,0.213912441200571,0.05438881916917608,0.7316987396302529
25629,LOF,0.07407902616285152,0.16351577338581902,0.7624052004513294
25630,LOF,0.2030877621396913,0.08610421550535412,0.7108080223549544
25631,Neutral,0.5939782622092455,0.06174266580704325,0.3442790719837112
25632,LOF,0.021604690484917994,0.08671571939142404,0.891679590123658
25633,LOF,0.22535275540584387,0.09783462352792971,0.6768126210662263
25634,LOF,0.04013262508508888,0.09438730894503479,0.8654800659698763
25635,LOF,0.03698922782151925,0.08147850844371733,0.8815322637347633
25636,GOF,0.005237875403453804,0.6821872736582744,0.3125748509382717
25637,GOF,0.003678414330063976,0.5849786352813174,0.4113429503886187
25638,GOF,0.006703220475065379,0.5522039488266625,0.4410928306982721
25639,GOF,0.004035122367779881,0.5097530541112715,0.4862118235209486
25640,GOF,0.35060491629807733,0.5930580514313599,0.05633703227056273
25641,LOF,0.0056690658767454775,0.3399496765832039,0.6543812575400506
25642,LOF,0.2704070080299439,0.1203040380318702,0.6092889539381858
25643,LOF,0.2428401813149586,0.2717757383701968,0.4853840803148445
25644,GOF,0.016242313294489805,0.6595599096995024,0.3241977770060079
25645,GOF,0.011462341708997105,0.5768419502185558,0.4116957080724471
25646,LOF,0.011921240193700628,0.40048792609019257,0.5875908337161069
25647,LOF,0.010791237847032177,0.3008779010366697,0.688330861116298
25648,LOF,0.007859282054228103,0.40599696450658423,0.5861437534391876
25649,LOF,0.008571064516174924,0.21809395806897672,0.7733349774148484
25650,GOF,0.025178832139011533,0.5116432254399074,0.4631779424210812
25651,LOF,0.006474824520696373,0.2502526194121492,0.7432725560671544
25652,LOF,0.012802261451287416,0.36105923021960107,0.6261385083291114
25653,GOF,0.05912149119645939,0.5344569760355856,0.406421532767955
25654,LOF,0.00900038880914027,0.33231702867325036,0.6586825825176092
25655,GOF,0.078395625516573,0.48987864475062204,0.43172572973280493
25656,LOF,0.09692801798332822,0.11966297511887827,0.7834090068977936
25657,LOF,0.28328624627278876,0.0519472301993956,0.6647665235278157
25658,LOF,0.04030183265515116,0.2160015442292571,0.7436966231155917
25659,LOF,0.23202832499863443,0.125108773097189,0.6428629019041765
25660,LOF,0.09141560986365284,0.079079624694138,0.8295047654422092
25661,LOF,0.0702270243946441,0.06263678151597436,0.8671361940893815
25662,LOF,0.038259320046937065,0.06118870143183627,0.9005519785212266
25663,LOF,0.04556600399607768,0.10297807309319644,0.8514559229107259
25664,LOF,0.031697098704837334,0.13611844671862006,0.8321844545765426
25665,LOF,0.041902580492311416,0.06216216555928139,0.8959352539484071
25666,LOF,0.04359968618602447,0.13721333475737874,0.8191869790565969
25667,LOF,0.04010754239427859,0.04781991301080041,0.9120725445949209
25668,LOF,0.05306705289580657,0.05938923072132837,0.887543716382865
25669,LOF,0.05496570457934842,0.08375138353390996,0.8612829118867416
25670,LOF,0.07595833475443947,0.08560911972407623,0.8384325455214844
25671,LOF,0.05035589864570418,0.04794259247230275,0.9017015088819931
25672,LOF,0.047008388776926854,0.06851229745298631,0.8844793137700869
25673,LOF,0.04073034120404872,0.06584579574028443,0.8934238630556669
25674,LOF,0.027722407567193373,0.08316054997119723,0.8891170424616094
25675,LOF,0.037247678405102895,0.06415382376817366,0.8985984978267235
25676,LOF,0.036440902215647816,0.06525083074344348,0.8983082670409087
25677,LOF,0.08722858510334894,0.053180863044268466,0.8595905518523826
25678,LOF,0.17358181006772277,0.042565521425185625,0.7838526685070916
25679,LOF,0.13749681200896005,0.05137568766699992,0.81112750032404
25680,LOF,0.09664451968732206,0.08396282918659057,0.8193926511260873
25681,LOF,0.10800661996797205,0.0794346774709158,0.8125587025611121
25682,LOF,0.05149459758781071,0.05541706637994365,0.8930883360322457
25683,LOF,0.08700991424681367,0.07355179993739014,0.8394382858157962
25684,LOF,0.07137490283005327,0.06023866146910011,0.8683864357008465
25685,LOF,0.12749718334952878,0.037974321530341484,0.8345284951201297
25686,LOF,0.02756296221190229,0.08362761659075427,0.8888094211973435
25687,LOF,0.05511602764187736,0.09485015114583438,0.8500338212122882
25688,LOF,0.022295960284676238,0.059259799723174265,0.9184442399921495
25689,LOF,0.01863085505693673,0.03272633812159985,0.9486428068214634
25690,LOF,0.02052378827030633,0.03833024133529218,0.9411459703944015
25691,LOF,0.11500546849623024,0.06193743755490626,0.8230570939488634
25692,LOF,0.28022485568148936,0.012581409984124357,0.7071937343343863
25693,LOF,0.03512689197294411,0.27207267174989036,0.6928004362771656
25694,LOF,0.23629691403480824,0.014362555509770558,0.7493405304554211
25695,LOF,0.18719897929160678,0.030121194719345802,0.7826798259890473
25696,LOF,0.08187779489152201,0.02774165726624029,0.8903805478422376
25697,LOF,0.06957820300072012,0.04687584917503329,0.8835459478242466
25698,LOF,0.015485313087604351,0.41777821489761036,0.5667364720147853
25699,LOF,0.08478048330923899,0.10338293238440137,0.8118365843063596
25700,LOF,0.03756562074815878,0.02044342953471621,0.9419909497171249
25701,LOF,0.013315778648374446,0.09965550304612941,0.8870287183054961
25702,GOF,0.025879883215145557,0.778312172632486,0.19580794415236852
25703,LOF,0.015892065108346242,0.2813638915956339,0.7027440432960198
25704,LOF,0.07007052735077747,0.17101681605590457,0.758912656593318
25705,LOF,0.06161719683468447,0.19243302528288664,0.7459497778824289
25706,GOF,0.01723190288563255,0.7009978194551846,0.28177027765918283
25707,GOF,0.026502670094287063,0.5818563213836252,0.3916410085220878
25708,GOF,0.006995268513986167,0.5257377668517297,0.4672669646342841
25709,LOF,0.030485130926530206,0.08225937640980104,0.8872554926636688
25710,LOF,0.006107583920095829,0.1540358453472154,0.8398565707326887
25711,LOF,0.03028766592309979,0.15415852765621532,0.815553806420685
25712,LOF,0.00831952795109857,0.22554579409659967,0.7661346779523017
25713,LOF,0.03026763312369245,0.12346602524094027,0.8462663416353673
25714,LOF,0.025818096862386796,0.16739117274183749,0.8067907303957756
25715,LOF,0.034815802727221096,0.14263267883142036,0.8225515184413585
25716,LOF,0.006927476738306951,0.1604929133217091,0.832579609939984
25717,LOF,0.006961813870744422,0.1292503688643075,0.8637878172649481
25718,LOF,0.0345062189239293,0.09495620360078251,0.8705375774752883
25719,LOF,0.04201406125940604,0.1345940344924452,0.8233919042481488
25720,LOF,0.038223616317900486,0.14078513472027038,0.8209912489618292
25721,LOF,0.03167952495858994,0.14197278191672102,0.826347693124689
25722,LOF,0.019688620831128746,0.17952907823211367,0.8007823009367575
25723,LOF,0.03285897724358344,0.12431736721523301,0.8428236555411835
25724,LOF,0.04936281726439416,0.28290370660332725,0.6677334761322786
25725,LOF,0.03472340817163511,0.10783247001564011,0.8574441218127248
25726,LOF,0.021056581930705937,0.1680435776302799,0.8108998404390143
25727,LOF,0.031195579552206695,0.12576116698411438,0.843043253463679
25728,LOF,0.03095510939169768,0.1468810776985473,0.822163812909755
25729,LOF,0.028389941167907603,0.15932907629417284,0.8122809825379196
25730,LOF,0.03863301825695611,0.0957720986468671,0.8655948830961768
25731,LOF,0.010080201358534852,0.1125226747713691,0.877397123870096
25732,LOF,0.02222603940157722,0.08865040434857271,0.8891235562498502
25733,LOF,0.03970804471209867,0.09837304211040525,0.861918913177496
25734,LOF,0.006759427559035248,0.2868691964215064,0.7063713760194584
25735,LOF,0.02794927286724731,0.10974508992226621,0.8623056372104865
25736,LOF,0.025131672721983283,0.19307942194941105,0.7817889053286057
25737,LOF,0.0359396611955306,0.12929488340571824,0.834765455398751
25738,LOF,0.028915180530526705,0.1759395892015402,0.795145230267933
25739,LOF,0.02900285163905637,0.12932068746999398,0.8416764608909497
25740,LOF,0.038686817609815245,0.14719723652647695,0.8141159458637077
25741,LOF,0.04367882044957464,0.12100883813350134,0.8353123414169239
25742,LOF,0.05633313799012747,0.13282406470719754,0.8108427973026751
25743,LOF,0.012263408730240994,0.027266096911936065,0.960470494357823
25744,LOF,0.21634416333398282,0.1511160050107295,0.6325398316552877
25745,LOF,0.03982359069394527,0.059479993366894864,0.9006964159391599
25746,LOF,0.01576574673697436,0.09428727105330723,0.8899469822097185
25747,LOF,0.055672456662792455,0.031704412296435246,0.9126231310407724
25748,LOF,0.3158230498486932,0.05654976413175688,0.62762718601955
25749,LOF,0.01669687984707799,0.05596640023780118,0.9273367199151209
25750,LOF,0.02359706408984343,0.06037908136204809,0.9160238545481085
25751,LOF,0.04927753742532219,0.04450357343095357,0.9062188891437244
25752,GOF,0.07135845743320138,0.7003299331888847,0.22831160937791392
25753,LOF,0.00715619829258419,0.48395286380054237,0.5088909379068733
25754,GOF,0.008068228025271601,0.9022850790180179,0.08964669295671047
25755,LOF,0.007496281361320572,0.45331567681900364,0.5391880418196757
25756,LOF,0.024486871269535367,0.4558764593725848,0.5196366693578799
25757,GOF,0.008346295870916282,0.8842312330472849,0.10742247108179878
25758,GOF,0.008983985020678615,0.905208659593882,0.08580735538543938
25759,GOF,0.006131701009114657,0.7070669923315513,0.28680130665933407
25760,LOF,0.0060070939081232405,0.36681202348997954,0.6271808826018971
25761,GOF,0.044656037264432825,0.8762039429421977,0.07914001979336936
25762,LOF,0.027468714901024194,0.3829121656038162,0.5896191194951597
25763,LOF,0.005983441729573012,0.337466215309763,0.656550342960664
25764,GOF,0.05979134398417997,0.7081616203111746,0.2320470357046455
25765,GOF,0.008444977059483622,0.893603178647321,0.09795184429319534
25766,GOF,0.0253279733004696,0.868912195864643,0.10575983083488735
25767,GOF,0.017087677328042974,0.5572935016723539,0.42561882099960313
25768,LOF,0.051333581297819654,0.051166321994527565,0.8975000967076529
25769,LOF,0.024971778632795465,0.08259122704449055,0.8924369943227141
25770,LOF,0.14118150859213788,0.14196475366746047,0.7168537377404016
25771,LOF,0.019330069316694072,0.10071295253589833,0.8799569781474076
25772,LOF,0.030007091398643344,0.039118971221490634,0.930873937379866
25773,LOF,0.014520314593992969,0.08426483190278199,0.901214853503225
25774,LOF,0.025273822208594553,0.22781405114172348,0.746912126649682
25775,LOF,0.02022511983010886,0.046574342997539014,0.9332005371723522
25776,LOF,0.03152025321533367,0.023805337239523473,0.9446744095451428
25777,LOF,0.31201229306268485,0.12141782804284248,0.5665698788944726
25778,LOF,0.025352100461485717,0.08968279754499678,0.8849651019935175
25779,GOF,0.05498398091540524,0.8870297461283314,0.05798627295626335
25780,GOF,0.06480863563921002,0.883087007846506,0.05210435651428399
25781,GOF,0.02964195887896482,0.8731741777250983,0.09718386339593692
25782,GOF,0.03730829096224868,0.9112238794537683,0.05146782958398307
25783,GOF,0.03891332026317074,0.9153894491339072,0.04569723060292205
25784,GOF,0.1255471073253581,0.8328575675562674,0.041595325118374514
25785,GOF,0.11658462402067646,0.8537127400573091,0.029702635922014466
25786,GOF,0.010729330183807414,0.8903150098302918,0.09895565998590088
25787,GOF,0.23975399367253872,0.7202571955079946,0.039988810819466626
25788,LOF,0.018277682978310096,0.22296746609056947,0.7587548509311204
25789,GOF,0.020272844357985556,0.8808386924606069,0.09888846318140748
25790,GOF,0.028691319751391366,0.9034263178652664,0.06788236238334226
25791,GOF,0.026382315064765623,0.7834759380339231,0.1901417469013114
25792,GOF,0.032895222350102116,0.8237463879362151,0.14335838971368284
25793,GOF,0.04060700746520077,0.8327801689747086,0.12661282356009057
25794,GOF,0.04784913753349589,0.7622276647629198,0.18992319770358426
25795,GOF,0.051698107997521385,0.768335520671794,0.17996637133068474
25796,GOF,0.11956472277989084,0.8099447446847511,0.07049053253535809
25797,GOF,0.07115335470394495,0.7551739699218204,0.17367267537423478
25798,GOF,0.007286268455485529,0.829469142866641,0.16324458867787342
25799,GOF,0.00480446990332887,0.7291816644037772,0.266013865692894
25800,GOF,0.025118395875949672,0.8677630006011791,0.10711860352287139
25801,GOF,0.025465982977088502,0.9061235612760878,0.06841045574682364
25802,GOF,0.028161123402176823,0.822669814636116,0.14916906196170712
25803,GOF,0.021417014097866817,0.7697403748895005,0.20884261101263274
25804,GOF,0.033250056189945774,0.8177856161913617,0.14896432761869258
25805,GOF,0.030048874783477477,0.8521303857960799,0.11782073942044254
25806,GOF,0.038919324010545875,0.8566642650446602,0.10441641094479379
25807,GOF,0.01634067618486266,0.8144870405056501,0.16917228330948728
25808,GOF,0.026243027500782834,0.8264096654883487,0.14734730701086834
25809,GOF,0.014230713993884652,0.7796207583990635,0.20614852760705182
25810,GOF,0.012287884524706347,0.760958211254362,0.22675390422093164
25811,GOF,0.07063866537577612,0.8695552978745029,0.05980603674972083
25812,GOF,0.03195453605159687,0.8199117137363677,0.14813375021203543
25813,GOF,0.19057504575539475,0.7446121167932461,0.0648128374513592
25814,GOF,0.029663119641205042,0.8048563398120949,0.16548054054670006
25815,GOF,0.06050725878869024,0.8234318927081046,0.11606084850320515
25816,GOF,0.010205499275983248,0.8832461154997502,0.10654838522426655
25817,GOF,0.11647216241762792,0.7839074789493599,0.09962035863301211
25818,GOF,0.029766037920944965,0.8211738509011366,0.14906011117791834
25819,GOF,0.05042139163663741,0.7949497616062811,0.1546288467570814
25820,GOF,0.05138301260475105,0.7796468013776848,0.16897018601756397
25821,GOF,0.036298699967925334,0.8187047590445042,0.1449965409875703
25822,GOF,0.05519627513527961,0.8015364569203324,0.14326726794438802
25823,GOF,0.030012195268496796,0.7633208152170587,0.20666698951444443
25824,GOF,0.028046139252422404,0.8270940789841421,0.14485978176343542
25825,GOF,0.021650187800111794,0.8281823765311059,0.15016743566878235
25826,GOF,0.010920919454141333,0.7704142411477597,0.21866483939809894
25827,GOF,0.01730517555365458,0.7626004046960896,0.22009441975025584
25828,GOF,0.010703155535717549,0.8075514764307024,0.18174536803358
25829,GOF,0.004558366867322545,0.6948158724068098,0.3006257607258677
25830,GOF,0.048607164097716746,0.5911619542967672,0.3602308816055159
25831,GOF,0.06579804320827738,0.8305217063422718,0.10368025044945071
25832,GOF,0.010567916620363984,0.7687028077334852,0.2207292756461508
25833,GOF,0.0353622748144692,0.8390604174407658,0.12557730774476505
25834,GOF,0.010843167992538897,0.787442609542932,0.20171422246452905
25835,GOF,0.024872648371921872,0.8494975204293934,0.12562983119868468
25836,GOF,0.007532508856745424,0.7883370058823747,0.2041304852608801
25837,GOF,0.00895062720186964,0.8017744026931001,0.18927497010503033
25838,GOF,0.019410735470368586,0.8641927202753498,0.11639654425428173
25839,GOF,0.04763636467791591,0.8357069498898586,0.11665668543222552
25840,GOF,0.08173987552318858,0.806057355297409,0.11220276917940249
25841,GOF,0.07698050630577502,0.8370740607554195,0.08594543293880541
25842,GOF,0.026627955878299612,0.900907524273683,0.07246451984801733
25843,GOF,0.02543846835744072,0.9050145218923257,0.06954700975023369
25844,GOF,0.02014342202094276,0.8467575459103466,0.13309903206871074
25845,GOF,0.007008646310107949,0.7547744694265472,0.2382168842633448
25846,GOF,0.06724520242479912,0.8562604577186168,0.07649433985658424
25847,GOF,0.01616628994238165,0.8993720360187752,0.0844616740388431
25848,GOF,0.023565054029730578,0.8490717203561631,0.1273632256141063
25849,GOF,0.0076619579469443646,0.8238702322511164,0.16846780980193926
25850,GOF,0.0071173145713385065,0.7406910221206959,0.2521916633079656
25851,GOF,0.0062451633969167804,0.6871357520816683,0.3066190845214149
25852,GOF,0.13792130065582583,0.5873869952699834,0.27469170407419063
25853,GOF,0.0501112237259136,0.8237748792478244,0.12611389702626197
25854,GOF,0.006611572697418723,0.7677314381172916,0.2256569891852896
25855,GOF,0.021588606680682867,0.6545815330350567,0.32382986028426036
25856,GOF,0.044473906108289524,0.749031554027531,0.20649453986417943
25857,GOF,0.021247688680165515,0.6475027991041884,0.3312495122156461
25858,GOF,0.009340056461679729,0.6348972220472104,0.35576272149110977
25859,GOF,0.006945653601633784,0.6084731398071725,0.38458120659119366
25860,GOF,0.07951401422974007,0.773453319702534,0.14703266606772608
25861,GOF,0.10653536070921057,0.822576646757193,0.07088799253359637
25862,GOF,0.023530594819205712,0.9151961527871613,0.06127325239363282
25863,GOF,0.01970090841905528,0.8975333159803429,0.08276577560060193
25864,GOF,0.03628153602247273,0.9044716047137115,0.059246859263815864
25865,GOF,0.03724404971879131,0.8788028938838062,0.08395305639740258
25866,GOF,0.01898787540722772,0.87452724531342,0.10648487927935234
25867,GOF,0.03863706583804621,0.8749249764834206,0.08643795767853313
25868,GOF,0.06222954128813575,0.804960812504972,0.13280964620689223
25869,GOF,0.298616972194023,0.6091384286481375,0.09224459915783942
25870,GOF,0.06740553758172504,0.6161344413697036,0.31646002104857124
25871,GOF,0.009107608535796579,0.8441510863655753,0.14674130509862804
25872,GOF,0.020966531629059867,0.8367951759751296,0.14223829239581057
25873,GOF,0.021494036583351344,0.8899335357563009,0.08857242766034787
25874,LOF,0.023521176203650115,0.22234200398408122,0.7541368198122687
25875,LOF,0.023809537729374573,0.09569995751156839,0.8804905047590571
25876,LOF,0.025372008381727932,0.04484283511686773,0.9297851565014045
25877,LOF,0.1067131781202972,0.15804618537660192,0.7352406365031009
25878,LOF,0.06823546545705421,0.22293078357125215,0.7088337509716937
25879,LOF,0.011141427942341442,0.15809442465163837,0.8307641474060201
25880,LOF,0.05198992934175237,0.014711451587502613,0.933298619070745
25881,Neutral,0.5349108697428426,0.1622640135588054,0.302825116698352
25882,LOF,0.045746115045297055,0.03809195411225755,0.9161619308424453
25883,LOF,0.02734224203905892,0.03145697540100812,0.941200782559933
25884,LOF,0.016078424025674307,0.05026283585647721,0.9336587401178484
25885,LOF,0.15247801928099122,0.015610541306217043,0.8319114394127918
25886,LOF,0.26384939479285413,0.0708199438388767,0.6653306613682691
25887,LOF,0.06499709883708837,0.2280250999353866,0.706977801227525
25888,LOF,0.006668614919041701,0.24606374149654045,0.7472676435844179
25889,LOF,0.02456010364531973,0.044708840658808174,0.9307310556958721
25890,LOF,0.1910516135873504,0.07991260631822943,0.7290357800944202
25891,LOF,0.10490242824993158,0.04455476347347414,0.8505428082765943
25892,LOF,0.008181818066629919,0.0362666075335248,0.9555515743998453
25893,LOF,0.28680432442660414,0.012508942045957051,0.7006867335274388
25894,LOF,0.3271757281417563,0.008148825839452506,0.6646754460187911
25895,LOF,0.2722241290964525,0.018308312292438768,0.7094675586111088
25896,LOF,0.08385322683940517,0.04106568217895346,0.8750810909816414
25897,LOF,0.11320126614415502,0.015501056024272838,0.8712976778315722
25898,LOF,0.11358126196611983,0.03559155924447684,0.8508271787894033
25899,LOF,0.38580086918289763,0.04757967726215078,0.5666194535549517
25900,Neutral,0.6784446546639468,0.01486119393738338,0.30669415139866985
25901,LOF,0.0541453964428677,0.018426148598964572,0.9274284549581677
25902,LOF,0.06695265765250066,0.013236837503432498,0.9198105048440668
25903,LOF,0.14786716059172983,0.034651199388683,0.8174816400195871
25904,LOF,0.4534830890671211,0.08942147172191403,0.45709543921096485
25905,LOF,0.007325027552414274,0.3754386595937235,0.6172363128538622
25906,LOF,0.008565905906827816,0.057700124553274064,0.9337339695398981
25907,LOF,0.008392393780705406,0.2716435036296206,0.719964102589674
25908,LOF,0.008085295906176817,0.2287536248655427,0.7631610792282805
25909,LOF,0.03416320566655432,0.10640803448223154,0.8594287598512141
25910,LOF,0.01610371179789315,0.11058460872077831,0.8733116794813285
25911,LOF,0.17695837625585345,0.02728194279537021,0.7957596809487764
25912,LOF,0.12568542314676492,0.024995482050794694,0.8493190948024404
25913,LOF,0.020035077169057173,0.02811055317154861,0.9518543696593943
25914,LOF,0.04934706515985714,0.02636037259845404,0.9242925622416889
25915,LOF,0.21002275021602318,0.23257921318726035,0.5573980365967165
25916,LOF,0.014497740687218178,0.1375648674423525,0.8479373918704294
25917,LOF,0.06970118880529254,0.036324248111789914,0.8939745630829176
25918,LOF,0.05386804727444489,0.019411833007770808,0.9267201197177843
25919,LOF,0.04332231934380349,0.02051626645582153,0.9361614142003749
25920,LOF,0.350018751877727,0.2066384217295802,0.44334282639269285
25921,LOF,0.020952142999874187,0.020462256133504445,0.9585856008666215
25922,LOF,0.021695377696770702,0.019745118340389726,0.9585595039628395
25923,LOF,0.44875262480535466,0.01265912659600057,0.5385882485986446
25924,LOF,0.02998308879713811,0.01736284214010722,0.9526540690627545
25925,LOF,0.1091495092226125,0.025016748614733922,0.8658337421626536
25926,LOF,0.0888272984910545,0.018791340695881592,0.8923813608130639
25927,LOF,0.027654125894542195,0.026928695850789428,0.9454171782546683
25928,LOF,0.01582904438705291,0.012130081869834726,0.9720408737431123
25929,Neutral,0.5955829955277171,0.012158871480632718,0.3922581329916501
25930,LOF,0.06554445965135311,0.011011190215272595,0.9234443501333743
25931,LOF,0.017128411502294962,0.011703688676338657,0.9711678998213663
25932,LOF,0.08102030552129928,0.010002203287651588,0.9089774911910491
25933,LOF,0.09016330925035514,0.006805888630688912,0.9030308021189559
25934,LOF,0.0860074550530085,0.00724316201164438,0.906749382935347
25935,LOF,0.10242259431033945,0.0208582389579523,0.8767191667317084
25936,LOF,0.09928021878447972,0.007093072951113691,0.8936267082644065
25937,LOF,0.0173792510597862,0.01509462132157867,0.9675261276186351
25938,LOF,0.10316536148819663,0.019289565862798574,0.8775450726490048
25939,LOF,0.0671082511189879,0.01217249593047705,0.920719252950535
25940,LOF,0.0098692263328876,0.47207824065230286,0.5180525330148096
25941,Neutral,0.4911342565024123,0.03657980215339699,0.4722859413441908
25942,LOF,0.011932584403243124,0.05309663286141597,0.9349707827353408
25943,LOF,0.04980153115165831,0.17133539919763854,0.7788630696507031
25944,LOF,0.04972008506044205,0.1131693078276672,0.8371106071118908
25945,LOF,0.18598120615045785,0.02538363963644606,0.788635154213096
25946,LOF,0.0826572332009385,0.061896623321477606,0.8554461434775839
25947,Neutral,0.5241404800205421,0.14131607444435076,0.334543445535107
25948,Neutral,0.5104617617849585,0.01834110513474013,0.4711971330803013
25949,LOF,0.1035352945484596,0.045315236370617,0.8511494690809234
25950,GOF,0.09082735554766762,0.6591017379504778,0.2500709065018547
25951,GOF,0.013451181159833575,0.5304375411894857,0.45611127765068055
25952,LOF,0.1441821079767185,0.3054619124579709,0.5503559795653107
25953,LOF,0.006795821126180863,0.33291447983492345,0.6602896990388958
25954,GOF,0.06323478676746272,0.4985412017008366,0.4382240115317007
25955,LOF,0.00862619789283047,0.35567839436353743,0.6356954077436321
25956,LOF,0.00967043291887912,0.3616973219083287,0.6286322451727921
25957,LOF,0.17038904082582285,0.04811762232228271,0.7814933368518944
25958,LOF,0.026607745496490004,0.06528331249274173,0.9081089420107683
25959,GOF,0.006284274424846044,0.733364742834557,0.26035098274059687
25960,LOF,0.005629090834856617,0.11454378468606914,0.8798271244790742
25961,LOF,0.026217980813418067,0.06307674132654757,0.9107052778600344
25962,LOF,0.03690346142682161,0.08476964891712421,0.8783268896560541
25963,LOF,0.011155209744383804,0.126918416792547,0.8619263734630692
25964,LOF,0.05137536992032759,0.0791550405273085,0.8694695895523638
25965,LOF,0.18828428976515568,0.14879802322235552,0.6629176870124889
25966,LOF,0.3422706844350262,0.16314868483393663,0.4945806307310373
25967,LOF,0.007104909917728238,0.12914593416858908,0.8637491559136826
25968,LOF,0.052687116067417564,0.24648889752340605,0.7008239864091764
25969,LOF,0.14092103789755125,0.06976668522945796,0.7893122768729908
25970,LOF,0.0541099294395472,0.06536392903344648,0.8805261415270063
25971,LOF,0.07266180147384213,0.02743394502317349,0.8999042535029843
25972,LOF,0.07993503904901178,0.030414028473912464,0.8896509324770758
25973,LOF,0.06895150370958099,0.01357793123706061,0.9174705650533583
25974,LOF,0.06434217138214385,0.041333976323453085,0.8943238522944031
25975,LOF,0.02738302942770277,0.017329405957737486,0.9552875646145598
25976,LOF,0.09311978784152479,0.013480925131146558,0.8933992870273287
25977,LOF,0.2341455346471041,0.0744026709653941,0.6914517943875017
25978,LOF,0.15613179929647591,0.1462022589602592,0.6976659417432648
25979,LOF,0.11805522203380252,0.14888208481951765,0.7330626931466799
25980,LOF,0.17796205455500635,0.2620196481089945,0.5600182973359991
25981,LOF,0.1792392519493176,0.26582077282299366,0.5549399752276888
25982,LOF,0.26954586445493856,0.13451978157198172,0.5959343539730797
25983,Neutral,0.4637009317643058,0.1235446139108162,0.41275445432487795
25984,LOF,0.057727420502217214,0.07357398523038267,0.8686985942674003
25985,Neutral,0.47473711308396094,0.134927750304583,0.39033513661145613
25986,LOF,0.01282203495976205,0.3929784501923956,0.5941995148478424
25987,LOF,0.03534973443074268,0.09036023095112784,0.8742900346181294
25988,LOF,0.04248772075371796,0.11858961850970358,0.8389226607365785
25989,LOF,0.043970549934725704,0.138404507276506,0.8176249427887683
25990,LOF,0.04505944445859864,0.2611242102514168,0.6938163452899846
25991,GOF,0.02518083409169973,0.5323323870351702,0.44248677887313015
25992,LOF,0.012003529547443362,0.40668770603982896,0.5813087644127277
25993,LOF,0.023359399051630852,0.05591429010783908,0.92072631084053
25994,LOF,0.03090927808726916,0.0690787582455779,0.9000119636671531
25995,LOF,0.021036746670761095,0.10501851199970856,0.8739447413295303
25996,GOF,0.3733903200152346,0.40853621990902733,0.21807346007573813
25997,GOF,0.06764253423389166,0.5935147447823389,0.3388427209837696
25998,LOF,0.2268367774805652,0.0332656967722261,0.7398975257472087
25999,LOF,0.02545280065944863,0.27189572880961244,0.7026514705309389
26000,LOF,0.14929955893588906,0.01616910326712726,0.8345313377969837
26001,LOF,0.1664332080134404,0.01872330627206344,0.814843485714496
26002,LOF,0.09710293085472355,0.017838442914465773,0.8850586262308107
26003,GOF,0.0061453273366671125,0.5585163427504881,0.4353383299128449
26004,GOF,0.017053142856265996,0.5761757956437817,0.4067710614999521
26005,GOF,0.005488459808950724,0.5136795314830271,0.4808320087080221
26006,GOF,0.09062497451069912,0.5173334696655294,0.3920415558237715
26007,GOF,0.009820681013743305,0.5454253064116028,0.4447540125746539
26008,GOF,0.006838689563792095,0.5985532625681841,0.3946080478680237
26009,GOF,0.011209465889943942,0.6089666848786776,0.37982384923137863
26010,GOF,0.011272769581100614,0.5215696245606717,0.4671576058582277
26011,LOF,0.005880686767081089,0.3965790257498441,0.5975402874830749
26012,GOF,0.005396999880321605,0.5271050927766624,0.467497907343016
26013,LOF,0.01053242100588012,0.4933551530624574,0.49611242593166255
26014,LOF,0.053696244798536734,0.0879166073527377,0.8583871478487255
26015,LOF,0.3691410193955198,0.026163427197078818,0.6046955534074014
26016,LOF,0.25347989421849754,0.044749880725664354,0.7017702250558381
26017,LOF,0.01660278646781623,0.16544827951066154,0.8179489340215222
26018,LOF,0.01987811241828958,0.09254540547983633,0.8875764821018741
26019,LOF,0.020053631798604598,0.08261472861998463,0.8973316395814108
26020,LOF,0.0066367448445218725,0.14822898144048471,0.8451342737149934
26021,LOF,0.07782797629851869,0.07323006966715861,0.8489419540343227
26022,LOF,0.043496889420950216,0.030399710439520253,0.9261034001395296
26023,LOF,0.03142420862696828,0.06449095248710583,0.9040848388859258
26024,LOF,0.05052305753871228,0.054467671992699605,0.8950092704685881
26025,LOF,0.13487381809592963,0.06871758868564662,0.7964085932184237
26026,LOF,0.12882999766960412,0.05133861021867243,0.8198313921117234
26027,LOF,0.028767736171778826,0.04023895452780841,0.9309933093004127
26028,LOF,0.08594920754759763,0.20193829637383812,0.7121124960785642
26029,LOF,0.035633581794799495,0.19047644321750648,0.773889974987694
26030,LOF,0.13047883142010736,0.02271547567962038,0.8468056929002722
26031,LOF,0.016053422761871758,0.18547113046580355,0.7984754467723247
26032,LOF,0.028761099846991583,0.034255987906437774,0.9369829122465706
26033,LOF,0.04744327359734471,0.05794320675091726,0.8946135196517381
26034,LOF,0.02212655755141532,0.12791713353718162,0.8499563089114031
26035,LOF,0.013537215711800075,0.1516103241558834,0.8348524601323165
26036,LOF,0.012822029213135223,0.12152831783527966,0.8656496529515852
26037,LOF,0.012653193826709345,0.12993276400952902,0.8574140421637616
26038,LOF,0.02554385799253104,0.03485108053436591,0.9396050614731031
26039,LOF,0.03537441906107064,0.17451685664396377,0.7901087242949656
26040,LOF,0.07139157664878122,0.19724354694769616,0.7313648764035227
26041,LOF,0.01507203271223717,0.13835481872763897,0.8465731485601238
26042,LOF,0.013884259480057873,0.14678740858704128,0.8393283319329009
26043,LOF,0.024926140071643083,0.061777454762889414,0.9132964051654675
26044,LOF,0.008291878918517312,0.061545090257628346,0.9301630308238543
26045,LOF,0.0884488374129785,0.29446163558739763,0.6170895269996239
26046,LOF,0.024459315950189586,0.059024927857827036,0.9165157561919833
26047,LOF,0.07043268331705772,0.05387874106166509,0.8756885756212771
26048,LOF,0.08788250509297364,0.02800216353357145,0.8841153313734549
26049,Neutral,0.9370110985549441,0.0071518254079801745,0.055837076037075765
26050,Neutral,0.8927964916087751,0.008522280497936557,0.09868122789328831
26051,LOF,0.03100146475996949,0.31235856815236257,0.6566399670876679
26052,LOF,0.03507323799650846,0.2171990622652319,0.7477276997382596
26053,LOF,0.02535847183028303,0.18149882346813537,0.7931427047015817
26054,LOF,0.05825606008046689,0.0756421652720694,0.8661017746474637
26055,LOF,0.0767581819434361,0.07918436687469638,0.8440574511818676
26056,LOF,0.07364681419772463,0.0829448195224157,0.8434083662798597
26057,LOF,0.049515106858418055,0.01874516607429388,0.9317397270672881
26058,LOF,0.05492401956336865,0.01493269343300975,0.9301432870036216
26059,LOF,0.2723132829993812,0.09793364719897779,0.6297530698016411
26060,LOF,0.01899140522711152,0.19852411111309765,0.7824844836597908
26061,LOF,0.01465311919648555,0.010897122264074653,0.9744497585394398
26062,LOF,0.00637092977687521,0.023344742354265542,0.9702843278688593
26063,LOF,0.04455751558312648,0.01450952601384138,0.9409329584030321
26064,LOF,0.009076608972681238,0.015627737635424507,0.9752956533918943
26065,LOF,0.05104999979571037,0.02053199601769711,0.9284180041865926
26066,LOF,0.04344510656019504,0.01285014570257943,0.9437047477372256
26067,LOF,0.05183943320793783,0.014403937124440774,0.9337566296676214
26068,LOF,0.056092157325978706,0.0536352756404712,0.8902725670335501
26069,LOF,0.20565072856515282,0.046772309448471494,0.7475769619863757
26070,LOF,0.4796733222884298,0.025466566473136932,0.49486011123843343
26071,LOF,0.05144991330467145,0.01852411462579299,0.9300259720695355
26072,LOF,0.008763491395030092,0.01902197503042945,0.9722145335745405
26073,LOF,0.05153149090067577,0.014208186621669942,0.9342603224776543
26074,Neutral,0.7084082202652943,0.020699506925575085,0.2708922728091307
26075,LOF,0.04512015043203371,0.03876218132718359,0.9161176682407828
26076,LOF,0.051405089748715944,0.01767920948699251,0.9309157007642915
26077,LOF,0.18086297929949957,0.016755865962203454,0.802381154738297
26078,LOF,0.007239261042628748,0.024377252518541614,0.9683834864388295
26079,LOF,0.06267140191412196,0.037022169821591455,0.9003064282642866
26080,LOF,0.061155786689171314,0.037028917742456695,0.901815295568372
26081,LOF,0.052810084632941956,0.015700628782313278,0.9314892865847447
26082,LOF,0.007269434755906996,0.02338365563572032,0.9693469096083727
26083,LOF,0.0643012342969095,0.030544950311862176,0.9051538153912284
26084,LOF,0.07781645959488295,0.019084964520274472,0.9030985758848425
26085,LOF,0.0675161653462416,0.016029915532934286,0.9164539191208242
26086,LOF,0.0442690306996427,0.020453375976384986,0.9352775933239722
26087,LOF,0.04753323642706673,0.016198893127956252,0.9362678704449771
26088,LOF,0.008008793016881769,0.0344161533825528,0.9575750536005654
26089,LOF,0.040221555850905824,0.060157154350947054,0.899621289798147
26090,LOF,0.04033660551628064,0.0521059656403184,0.9075574288434011
26091,LOF,0.03680998119321464,0.014861241199508272,0.9483287776072771
26092,LOF,0.04645217816764086,0.013069423353527123,0.9404783984788321
26093,LOF,0.07423878307178793,0.008107253392058193,0.9176539635361538
26094,LOF,0.046231979479194774,0.011041038784777767,0.9427269817360275
26095,LOF,0.014795598167799927,0.02710707187697899,0.9580973299552211
26096,LOF,0.2993611306368683,0.005169786082243411,0.6954690832808883
26097,LOF,0.007938889772019701,0.052251684854741326,0.9398094253732389
26098,LOF,0.06310079407672596,0.03765261201369455,0.8992465939095795
26099,LOF,0.053931411207944396,0.03709212086216139,0.9089764679298943
26100,LOF,0.053931411207944396,0.03709212086216139,0.9089764679298943
26101,LOF,0.05595715461890106,0.048213368942737624,0.8958294764383612
26102,LOF,0.044859701391998415,0.02195096491393547,0.9331893336940661
26103,Neutral,0.899102369441229,0.04367478669511519,0.057222843863655816
26104,LOF,0.051684132147501706,0.10107168984045539,0.8472441780120429
26105,LOF,0.22909473296116917,0.07176858705184923,0.6991366799869817
26106,LOF,0.293826809973357,0.04392472487315068,0.6622484651534923
26107,LOF,0.016330199347042773,0.06404881639281058,0.9196209842601466
26108,LOF,0.17192640327912273,0.06487802479139167,0.7631955719294855
26109,LOF,0.055910193827109975,0.04914489484543104,0.894944911327459
26110,LOF,0.47027948820724885,0.014874748182830525,0.5148457636099206
26111,LOF,0.05061455742510892,0.09947731950628977,0.8499081230686012
26112,LOF,0.07435306356679688,0.011756707864547586,0.9138902285686555
26113,LOF,0.06789646141556409,0.023145817223813394,0.9089577213606225
26114,LOF,0.1021001936059407,0.010119561429074626,0.8877802449649846
26115,LOF,0.02236631492797785,0.06546008994187007,0.9121735951301522
26116,LOF,0.0681910717861381,0.020587884429046237,0.9112210437848157
26117,LOF,0.36513222745367707,0.054154271961736014,0.580713500584587
26118,LOF,0.038589500199152964,0.024295212785834727,0.9371152870150122
26119,LOF,0.00555059263370489,0.09337099427533083,0.9010784130909644
26120,LOF,0.03005127282733204,0.018892124090520903,0.951056603082147
26121,LOF,0.004027101331979211,0.11432931763910827,0.8816435810289125
