feature0,prediction,LoGoFunc_Neutral,LoGoFunc_GOF,LoGoFunc_LOF
25546,Neutral,0.7683856218348198,0.02571867597430556,0.20589570219087455
25547,Neutral,0.6199567900624505,0.05358381039270577,0.3264593995448437
25548,Neutral,0.5996360357330702,0.0425707597181156,0.3577932045488142
25549,Neutral,0.5229389896585455,0.04372542543541773,0.4333355849060369
25550,LOF,0.34729658213977727,0.10217455051011343,0.5505288673501092
25551,LOF,0.2902037433968773,0.11447426983267923,0.5953219867704435
25552,LOF,0.18313172428025645,0.12185818245505836,0.6950100932646852
25553,Neutral,0.8306888222021525,0.03139871425398589,0.13791246354386183
25554,LOF,0.22376219691953314,0.11441580038979393,0.6618220026906728
25555,LOF,0.17917149015604675,0.09308252032468793,0.7277459895192653
25556,LOF,0.4126133238389483,0.09156951984112083,0.4958171563199308
25557,LOF,0.17458122332111684,0.10449555006108477,0.7209232266177984
25558,LOF,0.22249668936092995,0.11961005322553325,0.6578932574135369
25559,LOF,0.3883947744050565,0.05834660025166239,0.5532586253432811
25560,LOF,0.06788299034186066,0.18022882574050947,0.7518881839176298
25561,LOF,0.11407107760222077,0.19925890107754252,0.6866700213202367
25562,LOF,0.11271786703963152,0.10125189642955286,0.7860302365308157
25563,LOF,0.11239366099413607,0.11137804070172345,0.7762282983041404
25564,LOF,0.14235499213687583,0.20708696950912153,0.6505580383540026
25565,LOF,0.12452935362946062,0.19059815097714108,0.6848724953933983
25566,GOF,0.012861684570499458,0.7290242015929702,0.2581141138365304
25567,LOF,0.013132651186122857,0.12487688177275477,0.8619904670411224
25568,LOF,0.049803122998508635,0.05785559147151706,0.8923412855299744
25569,LOF,0.06388155634476543,0.05595532748625828,0.8801631161689764
25570,LOF,0.06564173914098605,0.10812549400577795,0.8262327668532361
25571,LOF,0.06249042741457878,0.09122109679396918,0.846288475791452
25572,LOF,0.0684664340076458,0.1343511103202553,0.7971824556720989
25573,LOF,0.030845857429902288,0.08301297502016794,0.8861411675499298
25574,LOF,0.019176310030906012,0.13841829994992885,0.8424053900191651
25575,LOF,0.05272429025388487,0.0974305457588678,0.8498451639872474
25576,LOF,0.02091187905581444,0.10816333849053673,0.8709247824536488
25577,LOF,0.016356861057123744,0.14495387162053086,0.8386892673223454
25578,LOF,0.2413811930806381,0.07496833523393424,0.6836504716854277
25579,LOF,0.2444809300337191,0.07404090913080148,0.6814781608354794
25580,LOF,0.03799367174944607,0.08572274691342224,0.8762835813371317
25581,LOF,0.052536191077646587,0.05789682093542887,0.8895669879869245
25582,LOF,0.05205686943580735,0.05497979737917692,0.8929633331850158
25583,LOF,0.049654675866042296,0.08257370248572152,0.8677716216482361
25584,LOF,0.4612250790839879,0.06699349473794317,0.471781426178069
25585,LOF,0.03452547896348962,0.09374689185197113,0.8717276291845393
25586,LOF,0.041378396877104234,0.07416157752561076,0.8844600255972851
25587,LOF,0.03775553891044235,0.06909613569932088,0.8931483253902368
25588,LOF,0.04137669863797894,0.09290966490214476,0.8657136364598763
25589,Neutral,0.6152836165728841,0.09916544847440328,0.2855509349527127
25590,LOF,0.03070966953231775,0.12494793612869184,0.8443423943389903
25591,LOF,0.12110329999818588,0.045121134667938226,0.833775565333876
25592,LOF,0.10805930353624997,0.1209817726545428,0.7709589238092073
25593,LOF,0.017549171524195967,0.2437845431932931,0.7386662852825109
25594,LOF,0.03750962126760372,0.1849930403734772,0.7774973383589191
25595,LOF,0.055699540618253864,0.14935404358368537,0.7949464157980607
25596,LOF,0.06061818638745095,0.09712051636991097,0.842261297242638
25597,LOF,0.06783253141908555,0.08380293469570343,0.848364533885211
25598,LOF,0.04645721327016027,0.19153388684165581,0.762008899888184
25599,GOF,0.007099943523091533,0.7115141823027145,0.28138587417419403
25600,GOF,0.008069502538696404,0.5841885827610234,0.40774191470028026
25601,LOF,0.006825014487085856,0.4578134126185783,0.5353615728943358
25602,LOF,0.020629993016854628,0.07353253596404744,0.9058374710190978
25603,LOF,0.03452796078668349,0.03339869546162696,0.9320733437516896
25604,LOF,0.04820058638106558,0.061489130652229974,0.8903102829667044
25605,LOF,0.009532553541560209,0.24877175380084604,0.7416956926575938
25606,GOF,0.05844629936395054,0.5077633357302295,0.43379036490582007
25607,LOF,0.003983065543672943,0.15435547411834177,0.8416614603379853
25608,LOF,0.06275261711226464,0.05840242769418414,0.8788449551935512
25609,LOF,0.06669690544747588,0.37519983531112105,0.5581032592414031
25610,LOF,0.05055704816082169,0.037050926861142405,0.912392024978036
25611,LOF,0.06097241514003724,0.029027045999166504,0.9100005388607962
25612,LOF,0.1188012703017783,0.05233872490935131,0.8288600047888703
25613,LOF,0.10234752569262719,0.039554593342680994,0.8580978809646919
25614,LOF,0.04506709261844096,0.04112313015962832,0.9138097772219307
25615,LOF,0.06674353231190645,0.038648336972702854,0.8946081307153907
25616,LOF,0.04160328209552779,0.04303289919317446,0.9153638187112977
25617,LOF,0.044732177524505985,0.0447882543798605,0.9104795680956335
25618,LOF,0.2616411055812128,0.039218195014768586,0.6991406994040187
25619,LOF,0.0419054283720367,0.03656673499551,0.9215278366324533
25620,LOF,0.04299754219160951,0.04642572929397525,0.9105767285144152
25621,LOF,0.04127606424331354,0.03209540601874646,0.92662852973794
25622,LOF,0.035549370294004255,0.04827532534201867,0.9161753043639771
25623,LOF,0.06304435066666005,0.03454429378073674,0.9024113555526031
25624,LOF,0.03344918678231801,0.04628607219586192,0.92026474102182
25625,LOF,0.041879965141698575,0.05433053840600863,0.9037894964522928
25626,LOF,0.0895464260339973,0.033772478226068436,0.8766810957399342
25627,Neutral,0.5863246625492095,0.09838321851774044,0.3152921189330501
25628,LOF,0.20785372197273358,0.04931611990087206,0.7428301581263943
25629,LOF,0.09219118873403724,0.13219022183799328,0.7756185894279695
25630,LOF,0.201176307126694,0.09712265735869985,0.7017010355146063
25631,Neutral,0.6190625478338485,0.05732318075413092,0.3236142714120206
25632,LOF,0.022835004023268705,0.08779292291927118,0.8893720730574602
25633,LOF,0.22502171359521167,0.09486075431139089,0.6801175320933974
25634,LOF,0.03701025218537845,0.1004204578016721,0.8625692900129496
25635,LOF,0.03562044022905853,0.0999672249235476,0.8644123348473938
25636,GOF,0.006472819284792178,0.6814960880626141,0.3120310926525937
25637,GOF,0.004796410390338498,0.5441724396338552,0.45103114997580623
25638,LOF,0.0090862654874899,0.4688702468856801,0.5220434876268301
25639,LOF,0.004962398582209323,0.47612986810658187,0.5189077333112088
25640,GOF,0.3668954007400782,0.5884888678453122,0.044615731414609526
25641,LOF,0.0058519829943661315,0.3523930719736189,0.6417549450320149
25642,LOF,0.24864776217155943,0.12410614996372235,0.6272460878647182
25643,LOF,0.23158145310125033,0.33814395259360097,0.4302745943051487
25644,GOF,0.033089619959199214,0.6852719383902549,0.28163844165054586
25645,GOF,0.02410738643581148,0.6342084718255692,0.3416841417386194
25646,LOF,0.0248441517889742,0.4631595875030368,0.511996260707989
25647,LOF,0.01753546329849118,0.3298787082786174,0.6525858284228914
25648,LOF,0.016369597054673595,0.3845620988733953,0.5990683040719311
25649,LOF,0.01617724127645612,0.2796586746310156,0.7041640840925283
25650,GOF,0.05123507693637293,0.6430709589392692,0.30569396412435773
25651,LOF,0.013593465237739927,0.2985583346374527,0.6878482001248074
25652,LOF,0.021349490482044174,0.3935123242575606,0.5851381852603953
25653,GOF,0.11830758529104722,0.5890936716504632,0.29259874305848965
25654,LOF,0.016485359669670612,0.37999509924366687,0.6035195410866625
25655,GOF,0.16152920475229163,0.5130434921196694,0.325427303128039
25656,LOF,0.053286675937066166,0.09321965354408696,0.8534936705188467
25657,LOF,0.29515873900137224,0.04431523737286599,0.6605260236257618
25658,LOF,0.02865631675025808,0.211903087902876,0.7594405953468659
25659,LOF,0.20065314967502398,0.11027434324700672,0.6890725070779693
25660,LOF,0.09719089389916444,0.10350104634454098,0.7993080597562945
25661,LOF,0.08553602658346975,0.07754558722469936,0.8369183861918308
25662,LOF,0.036044530119279126,0.05486306941638341,0.9090924004643375
25663,LOF,0.040069266514979975,0.1023378241745158,0.8575929093105041
25664,LOF,0.03243744610404038,0.1565260194143697,0.81103653448159
25665,LOF,0.04748398070737422,0.06090574808749893,0.8916102712051269
25666,LOF,0.04247121075167424,0.1819331920369934,0.7755955972113323
25667,LOF,0.03775478125345931,0.05840073697116097,0.9038444817753798
25668,LOF,0.04800553964462782,0.060542121409958835,0.8914523389454134
25669,LOF,0.05534739221641118,0.0913617280311563,0.8532908797524325
25670,LOF,0.1291122725121906,0.10870594486945244,0.7621817826183569
25671,LOF,0.04348183673007568,0.052039800947860905,0.9044783623220635
25672,LOF,0.047216033427966944,0.07564956378851319,0.8771344027835197
25673,LOF,0.037653508939131705,0.0880195985010845,0.8743268925597838
25674,LOF,0.02661053640165087,0.10190092651566017,0.871488537082689
25675,LOF,0.03732093751663756,0.09263276993493154,0.8700462925484308
25676,LOF,0.033833235081016266,0.07227174137483007,0.8938950235441537
25677,LOF,0.08824914143317858,0.06442866127307277,0.8473221972937486
25678,LOF,0.16570588316213652,0.05634194147281622,0.7779521753650471
25679,LOF,0.11015702266552777,0.08130254137480576,0.8085404359596665
25680,LOF,0.08851072920594885,0.10107908538328783,0.8104101854107633
25681,LOF,0.10244589848928816,0.09138902880690666,0.8061650727038051
25682,LOF,0.0533384934346995,0.07394199599411351,0.8727195105711869
25683,LOF,0.07928585461557032,0.11042481527267468,0.810289330111755
25684,LOF,0.06829853400076655,0.07661274986097101,0.8550887161382624
25685,LOF,0.10738768850320704,0.053848879576514026,0.8387634319202789
25686,LOF,0.03330634870130245,0.11750508727322963,0.8491885640254679
25687,LOF,0.05504381947584456,0.10624964196388736,0.8387065385602681
25688,LOF,0.01845045968815864,0.07534571128909245,0.9062038290227489
25689,LOF,0.014848391937530703,0.0489248309588471,0.9362267771036222
25690,LOF,0.01547541580355695,0.05914815082349154,0.9253764333729515
25691,LOF,0.11878578049242633,0.08215428741829708,0.7990599320892765
25692,LOF,0.19020758043127176,0.01299888049632828,0.7967935390724
25693,LOF,0.04754104227032945,0.150543194324433,0.8019157634052375
25694,LOF,0.2770768938294464,0.012044866731346537,0.7108782394392071
25695,LOF,0.21180098600785688,0.022163579112982314,0.7660354348791608
25696,LOF,0.1569908738460834,0.017718960150406,0.8252901660035105
25697,LOF,0.12194284485817734,0.03763410966938662,0.8404230454724361
25698,LOF,0.020719829157989044,0.3165555925446334,0.6627245782973775
25699,LOF,0.09300398519683546,0.09277492761615337,0.8142210871870111
25700,LOF,0.03237859070256687,0.017720229814948925,0.9499011794824843
25701,LOF,0.015365416506620887,0.10554849007457483,0.8790860934188043
25702,GOF,0.021966430847397574,0.760275033891722,0.2177585352608804
25703,LOF,0.016259976239980236,0.23915251024998027,0.7445875135100395
25704,LOF,0.10397114172173337,0.21527449984193622,0.6807543584363305
25705,LOF,0.08380667137216602,0.2951891391144871,0.6210041895133469
25706,GOF,0.020025172964743168,0.6887256375577557,0.29124918947750106
25707,GOF,0.027563762514300316,0.6254341514625699,0.3470020860231299
25708,GOF,0.0088610375836205,0.6238382654937071,0.36730069692267225
25709,LOF,0.028218527941436648,0.08722826641857859,0.8845532056399849
25710,LOF,0.005595603567525786,0.25635892401431604,0.7380454724181581
25711,LOF,0.030376697238856335,0.15220237176759957,0.8174209309935441
25712,LOF,0.007263473445748913,0.32099764043201434,0.6717388861222368
25713,LOF,0.024198192095995247,0.1329821667557751,0.8428196411482297
25714,LOF,0.02771451922880747,0.16852512116230547,0.803760359608887
25715,LOF,0.0280422936509834,0.14541367374606823,0.8265440326029484
25716,LOF,0.007813437382358117,0.22247264969722566,0.7697139129204161
25717,LOF,0.006465524577223623,0.21067022725565027,0.7828642481671261
25718,LOF,0.027588406760753626,0.103411155745468,0.8690004374937783
25719,LOF,0.03781224037614463,0.13567851094926062,0.8265092486745946
25720,LOF,0.0367202952435489,0.12963932566939576,0.8336403790870552
25721,LOF,0.03071291036211734,0.11852997618612614,0.8507571134517565
25722,LOF,0.01968553352338341,0.15890727730530574,0.8214071891713108
25723,LOF,0.03079411880503036,0.12367089094819957,0.84553499024677
25724,LOF,0.026629042360383406,0.22091444752104133,0.7524565101185753
25725,LOF,0.030478209707660023,0.11058120302685195,0.8589405872654879
25726,LOF,0.021384155689729907,0.14673030462465284,0.8318855396856173
25727,LOF,0.028835473908402836,0.1430283788057087,0.8281361472858885
25728,LOF,0.027589001105910407,0.13069121509807163,0.841719783796018
25729,LOF,0.027305429313860735,0.15296814323120905,0.8197264274549302
25730,LOF,0.030781306244130464,0.10344113204292682,0.8657775617129426
25731,LOF,0.010061323661874377,0.2482559531294446,0.7416827232086811
25732,LOF,0.023825177448030848,0.11917445354222435,0.8570003690097447
25733,LOF,0.03913277297774236,0.12255642129288312,0.8383108057293744
25734,LOF,0.007007705867355583,0.35118371467947535,0.6418085794531689
25735,LOF,0.025803522725039482,0.1009499498762554,0.873246527398705
25736,LOF,0.024911897054230574,0.17166318448300036,0.803424918462769
25737,LOF,0.06244131341821805,0.1573983473308353,0.7801603392509465
25738,LOF,0.027395485898904875,0.19735063077648543,0.7752538833246098
25739,LOF,0.03163528821348825,0.11954066450452668,0.8488240472819851
25740,LOF,0.03272788689815401,0.14878169151198947,0.8184904215898565
25741,LOF,0.03827230389690455,0.13935311920725849,0.8223745768958369
25742,LOF,0.05123294751448835,0.14173234496136344,0.8070347075241482
25743,LOF,0.010629102546466524,0.025959062996988608,0.9634118344565448
25744,LOF,0.2397303343938374,0.2312194876203882,0.5290501779857745
25745,LOF,0.03613187314430185,0.060030971850355976,0.9038371550053421
25746,LOF,0.01444079284239571,0.08701324118168709,0.8985459659759173
25747,LOF,0.037304217112931026,0.02769655550241467,0.9349992273846542
25748,LOF,0.2783020783181913,0.05136871020130981,0.6703292114804988
25749,LOF,0.01599462220022312,0.054415368386710475,0.9295900094130665
25750,LOF,0.02192678051399247,0.05830542754687992,0.9197677919391276
25751,LOF,0.03653454022098932,0.03946147517268867,0.9240039846063222
25752,GOF,0.07491598839210671,0.7215570860601821,0.20352692554771118
25753,GOF,0.006807072410701629,0.4979508194478736,0.49524210814142466
25754,GOF,0.006927541251143586,0.8888552729599561,0.10421718578890019
25755,GOF,0.00684339646452208,0.4971723009476425,0.49598430258783544
25756,GOF,0.02393168699687455,0.5098043187208886,0.46626399428223686
25757,GOF,0.0073758143601695405,0.8768887284848468,0.1157354571549836
25758,GOF,0.00813406424350037,0.8995380047930782,0.09232793096342135
25759,GOF,0.005701461689592911,0.6830489968238453,0.3112495414865617
25760,LOF,0.0057639029431085145,0.385567610157852,0.6086684868990395
25761,GOF,0.043636357094362206,0.8767617917204841,0.0796018511851538
25762,LOF,0.02773548362498332,0.4306116019257862,0.5416529144492305
25763,LOF,0.005854719987272469,0.3405661257135017,0.6535791542992259
25764,GOF,0.053567397861261364,0.6943085149843622,0.25212408715437634
25765,GOF,0.007897643466870915,0.8956924472283779,0.09640990930475113
25766,GOF,0.04051427741910986,0.849444125796038,0.11004159678485216
25767,GOF,0.02014414758001332,0.5411799422338182,0.4386759101861686
25768,LOF,0.05137624396483352,0.049597924502333676,0.8990258315328328
25769,LOF,0.042490444053197254,0.06917599324384581,0.8883335627029569
25770,LOF,0.21015163326193229,0.0816165891272489,0.7082317776108187
25771,LOF,0.01978886944779833,0.06702411945266808,0.9131870110995336
25772,LOF,0.034272354828526995,0.027900606533150744,0.9378270386383222
25773,LOF,0.020532079946877366,0.07855448306513162,0.900913436987991
25774,LOF,0.029220983039649068,0.14939227383645698,0.8213867431238939
25775,LOF,0.02126489308052755,0.05354163501319917,0.9251934719062734
25776,LOF,0.031165198525300794,0.021365694322003,0.9474691071526962
25777,LOF,0.2983015629174121,0.10037374760017402,0.6013246894824139
25778,LOF,0.03044402894771495,0.05530275524572926,0.9142532158065558
25779,GOF,0.07690686399135639,0.8530071766959217,0.07008595931272196
25780,GOF,0.08547755172606382,0.8560588970293541,0.05846355124458207
25781,GOF,0.041577720528211036,0.8339588781752226,0.1244634012965665
25782,GOF,0.04783466511127566,0.8789615606552359,0.07320377423348856
25783,GOF,0.043531236853274494,0.896905526667914,0.059563236478811475
25784,GOF,0.14315743064656336,0.8145038979419497,0.04233867141148703
25785,GOF,0.1534103175276595,0.8085660035725295,0.038023678899810995
25786,GOF,0.011732222675923514,0.8454655318752335,0.14280224544884307
25787,GOF,0.27442899340220656,0.6769415199154978,0.04862948668229577
25788,LOF,0.01869953798107557,0.16057987342444235,0.820720588594482
25789,GOF,0.023897547704568107,0.8373211168129654,0.1387813354824666
25790,GOF,0.03667139169518576,0.860422584246395,0.10290602405841923
25791,GOF,0.03796774439128148,0.6915787919085419,0.2704534637001766
25792,GOF,0.04390031924039869,0.7488032475745172,0.2072964331850841
25793,GOF,0.05522202487818632,0.8008937246513507,0.14388425047046297
25794,GOF,0.07347512781761394,0.6986850363829922,0.227839835799394
25795,GOF,0.06975450527728393,0.7059879120772171,0.22425758264549897
25796,GOF,0.14768134552526932,0.7596284555809608,0.09269019889376984
25797,GOF,0.10950135049539342,0.6902268196822533,0.20027182982235334
25798,GOF,0.007622950399498684,0.7673685406142053,0.22500850898629612
25799,GOF,0.005172867695632851,0.6590002499497077,0.33582688235465946
25800,GOF,0.031484158209273354,0.8225706787616437,0.14594516302908297
25801,GOF,0.03057297994580917,0.8859668918282441,0.08346012822594664
25802,GOF,0.03447263177330632,0.7681624749953242,0.19736489323136946
25803,GOF,0.025645755598695093,0.6986333764391004,0.2757208679622046
25804,GOF,0.040431734944755236,0.7539251844094291,0.20564308064581552
25805,GOF,0.037895114053845665,0.7852556698532459,0.1768492160929085
25806,GOF,0.050876327405622424,0.7908093747874875,0.15831429780689021
25807,GOF,0.016674614127918607,0.7354512885774441,0.2478740972946373
25808,GOF,0.03135883635307141,0.7570461517896333,0.2115950118572953
25809,GOF,0.013212191084763769,0.6777676529851511,0.30902015593008514
25810,GOF,0.011803956226295162,0.654293411163527,0.3339026326101777
25811,GOF,0.06373864889046583,0.8521400174862714,0.0841213336232628
25812,GOF,0.03556161981570889,0.754538412887777,0.20989996729651417
25813,GOF,0.19327519889951372,0.716216978183051,0.09050782291743538
25814,GOF,0.037371532632268833,0.7492196877414886,0.21340877962624244
25815,GOF,0.06514029681098515,0.7937957524255264,0.14106395076348852
25816,GOF,0.010338349620809735,0.8344055531978221,0.15525609718136815
25817,GOF,0.12913007146129038,0.7386017869894289,0.13226814154928065
25818,GOF,0.032087562897774695,0.7661322917184803,0.20178014538374514
25819,GOF,0.06219614214601504,0.7294067450814211,0.2083971127725639
25820,GOF,0.065117075190017,0.6992217512507156,0.23566117355926727
25821,GOF,0.04225872601383802,0.7513524815199836,0.2063887924661785
25822,GOF,0.08248699257014204,0.7105361610128229,0.20697684641703498
25823,GOF,0.03859533475005302,0.6787392850021572,0.2826653802477898
25824,GOF,0.04011155597878794,0.7210761386320435,0.2388123053891686
25825,GOF,0.030709993640265373,0.7134253533425663,0.2558646530171683
25826,GOF,0.01339249560508807,0.6623303392100077,0.3242771651849043
25827,GOF,0.01953834334020488,0.6456903906559093,0.3347712660038859
25828,GOF,0.014968862004060045,0.6924240764400986,0.29260706155584126
25829,GOF,0.0048039849941654235,0.6156114725856902,0.3795845424201445
25830,GOF,0.04251411332441982,0.49149070736169653,0.46599517931388373
25831,GOF,0.08531803136750357,0.7712424863482213,0.14343948228427514
25832,GOF,0.012264480352849421,0.6955175703352577,0.29221794931189293
25833,GOF,0.04676302608914846,0.7792159719357676,0.1740210019750839
25834,GOF,0.012569495707241238,0.7225401407363801,0.26489036355637857
25835,GOF,0.02998207048427249,0.799693143015877,0.17032478649985056
25836,GOF,0.00894111949274981,0.7064296151020093,0.28462926540524075
25837,GOF,0.010497419662300021,0.7143962800931544,0.2751063002445455
25838,GOF,0.0253841043327966,0.7962211763684499,0.17839471929875356
25839,GOF,0.06781319507338007,0.7499885132709774,0.1821982916556426
25840,GOF,0.0879969360254591,0.7236517784119548,0.18835128556258612
25841,GOF,0.08409411947692974,0.765378121757505,0.15052775876556518
25842,GOF,0.032315012693528176,0.8526737406215232,0.11501124668494836
25843,GOF,0.03213262966232401,0.8576339326237133,0.11023343771396257
25844,GOF,0.02723475029717667,0.7970571274898579,0.1757081222129655
25845,GOF,0.007971056495744316,0.6918694544926963,0.3001594890115594
25846,GOF,0.08772967792964603,0.8082471273082285,0.10402319476212546
25847,GOF,0.017896269259974434,0.8499398942738537,0.1321638364661718
25848,GOF,0.029583370303010587,0.7926358900070117,0.1777807396899776
25849,GOF,0.008536204430643362,0.7535119740415978,0.23795182152775873
25850,GOF,0.007523064020742755,0.6778305945605677,0.31464634141868963
25851,GOF,0.007181704886035214,0.6201298114520941,0.3726884836618706
25852,GOF,0.14813769995895723,0.5438985801847486,0.3079637198562943
25853,GOF,0.06926681430720227,0.7573798963483725,0.17335328934442523
25854,GOF,0.006708767979288593,0.6759827668988088,0.31730846512190275
25855,GOF,0.02542248026125452,0.6683401775465834,0.3062373421921622
25856,GOF,0.04998294319704754,0.7432628942128927,0.20675416259005971
25857,GOF,0.026208078812939514,0.6682004336005632,0.3055914875864972
25858,GOF,0.010635885916531683,0.6070335227196406,0.3823305913638277
25859,GOF,0.007843468183971365,0.575430556071323,0.41672597574470566
25860,GOF,0.09052076051689448,0.7480195234346567,0.1614597160484488
25861,GOF,0.1282096379333554,0.782246338066056,0.08954402400058854
25862,GOF,0.027070099431492786,0.8696640132616303,0.10326588730687693
25863,GOF,0.025032981398142404,0.85530267467977,0.11966434392208769
25864,GOF,0.059901949680755504,0.8498294646184806,0.09026858570076389
25865,GOF,0.05533231573745628,0.8172302951667181,0.1274373890958255
25866,GOF,0.024908555890069534,0.8330492712079438,0.1420421729019866
25867,GOF,0.04217180425384873,0.8342084771182601,0.12361971862789116
25868,GOF,0.07231421370886724,0.7677632335364086,0.15992255275472414
25869,GOF,0.3762080814876856,0.5243085745456071,0.09948334396670726
25870,GOF,0.06749416535092946,0.5043341638312329,0.4281716708178377
25871,GOF,0.010357229799686384,0.8009412735887751,0.1887014966115386
25872,GOF,0.02707936576943155,0.7944633699956958,0.17845726423487276
25873,GOF,0.024351562844190617,0.8610307291849248,0.11461770797088457
25874,LOF,0.01916369147403298,0.19013148517969253,0.7907048233462745
25875,LOF,0.022955806714952003,0.11448489224880869,0.8625593010362393
25876,LOF,0.020891592860244668,0.05360018672138941,0.925508220418366
25877,LOF,0.10149605392469994,0.19644447065847292,0.7020594754168271
25878,LOF,0.060544876341482,0.2448486218382192,0.6946065018202988
25879,LOF,0.01076648258916564,0.17258643252490577,0.8166470848859286
25880,LOF,0.06548386912421514,0.019216046136902854,0.9153000847388819
25881,Neutral,0.56467723009315,0.09902207408764244,0.3363006958192075
25882,LOF,0.06973209414627178,0.025492805077752666,0.9047751007759756
25883,LOF,0.030223441628878033,0.028375165119302003,0.94140139325182
25884,LOF,0.021216850392734396,0.04394241358030575,0.9348407360269598
25885,LOF,0.18430373767875022,0.01369153545201048,0.8020047268692393
25886,LOF,0.24489368528975486,0.05808759836177175,0.6970187163484733
25887,LOF,0.09412488989472842,0.15019456418845176,0.7556805459168198
25888,LOF,0.007948110834188107,0.19880360240754724,0.7932482867582646
25889,LOF,0.029642806398370358,0.038802453509652265,0.9315547400919774
25890,LOF,0.1866105717710394,0.0619738433319309,0.7514155848970298
25891,LOF,0.10539694736028411,0.03240477802549545,0.8621982746142206
25892,LOF,0.008676937521975904,0.03541760252855075,0.9559054599494733
25893,LOF,0.32227194870307113,0.01015451656960902,0.6675735347273198
25894,LOF,0.3425275122194697,0.0067814641443582156,0.650691023636172
25895,LOF,0.2854696352334374,0.015601819746551266,0.6989285450200114
25896,LOF,0.09377758254582828,0.027733162180067304,0.8784892552741045
25897,LOF,0.12658339662492862,0.011433035959104451,0.8619835674159668
25898,LOF,0.13253085814548515,0.0313366692997559,0.8361324725547589
25899,LOF,0.41948901085207435,0.03459436596992738,0.5459166231779983
25900,Neutral,0.6408421486835437,0.012869060919598566,0.3462887903968576
25901,LOF,0.11230812378285193,0.01270760316789221,0.8749842730492557
25902,LOF,0.11041679415481181,0.014715187139892073,0.8748680187052961
25903,LOF,0.20061614294664457,0.030682035846272708,0.7687018212070827
25904,Neutral,0.5515579928709046,0.03733597345583626,0.4111060336732592
25905,LOF,0.007615306723654172,0.4043768477258293,0.5880078455505166
25906,LOF,0.008776794762988876,0.06708925500988791,0.9241339502271232
25907,LOF,0.00865184566851163,0.2546329322417279,0.7367152220897605
25908,LOF,0.0084203462890702,0.24697210137604314,0.7446075523348866
25909,LOF,0.03348257198851139,0.0995933907964766,0.866924037215012
25910,LOF,0.01211652348082515,0.1556204380603214,0.8322630384588535
25911,LOF,0.17989071808530768,0.03007598388875683,0.7900332980259354
25912,LOF,0.11365436203478813,0.022916486439876642,0.8634291515253352
25913,LOF,0.020264628231405676,0.028633025906130278,0.951102345862464
25914,LOF,0.04349412800284756,0.025807691111511714,0.9306981808856407
25915,LOF,0.18006134030013418,0.19501106122717177,0.624927598472694
25916,LOF,0.01228592882828838,0.09699651585520655,0.890717555316505
25917,LOF,0.07449354152594534,0.02837841379500686,0.8971280446790477
25918,LOF,0.042279940382707555,0.01563993847162014,0.9420801211456722
25919,LOF,0.0336194611660962,0.015838778525486638,0.9505417603084171
25920,LOF,0.31735130935639266,0.17572893099386752,0.5069197596497398
25921,LOF,0.019731282229244345,0.01755040717996552,0.9627183105907902
25922,LOF,0.018538649878692515,0.01902610354495126,0.9624352465763563
25923,LOF,0.45293113006635805,0.01403285720092545,0.5330360127327165
25924,LOF,0.02976520557256926,0.01999647217489267,0.950238322252538
25925,LOF,0.1176019711545489,0.03010496560782122,0.8522930632376299
25926,LOF,0.09738427585443038,0.02238583316605545,0.8802298909795141
25927,LOF,0.026877700946037048,0.03063613993141139,0.9424861591225515
25928,LOF,0.015293180385920178,0.01792297917089875,0.9667838404431811
25929,Neutral,0.599372919756701,0.013621926044876822,0.38700515419842213
25930,LOF,0.10902317508457234,0.012590692160806688,0.878386132754621
25931,LOF,0.016731866770213665,0.014679937833346323,0.96858819539644
25932,LOF,0.0981118175064291,0.012367990112563596,0.8895201923810073
25933,LOF,0.10500231362317118,0.0084342092401291,0.8865634771366997
25934,LOF,0.10381687706737949,0.007483225654207107,0.8886998972784135
25935,LOF,0.11800101865672202,0.023341178042309067,0.858657803300969
25936,LOF,0.10215021949782835,0.007907946447491829,0.8899418340546799
25937,LOF,0.022596339918315382,0.01643876347961738,0.9609648966020673
25938,LOF,0.11537765170055832,0.02127128892810448,0.8633510593713373
25939,LOF,0.0684341800908886,0.012708579881392673,0.9188572400277188
25940,GOF,0.011014906260801838,0.5929445329632508,0.39604056077594735
25941,Neutral,0.49732831380704934,0.04239265057093958,0.460279035622011
25942,LOF,0.01154697415438868,0.042407266701348305,0.9460457591442631
25943,LOF,0.05220002527361432,0.1629341086455927,0.7848658660807929
25944,LOF,0.05350552966713113,0.09575234403016775,0.8507421263027012
25945,LOF,0.19092549019417024,0.025711532452221752,0.783362977353608
25946,LOF,0.07261363124360247,0.04352462882055545,0.8838617399358422
25947,Neutral,0.49339791087547624,0.154020074017128,0.3525820151073958
25948,LOF,0.4011632502297988,0.012710378113140668,0.5861263716570606
25949,LOF,0.1450069985039632,0.06736966173393698,0.7876233397620999
25950,GOF,0.10561739125076382,0.6550798996916842,0.2393027090575519
25951,LOF,0.013475063685576128,0.4554776452765742,0.5310472910378496
25952,LOF,0.15337354216342633,0.3064758675035335,0.5401505903330402
25953,LOF,0.0072276678178237515,0.30679950931458344,0.6859728228675928
25954,LOF,0.06802582327467237,0.46416721477325823,0.46780696195206933
25955,LOF,0.010199212573100998,0.30402722778119634,0.6857735596457026
25956,LOF,0.010912845737767242,0.4023569542472299,0.5867302000150029
25957,LOF,0.1679939197777798,0.053033914182701994,0.7789721660395182
25958,LOF,0.03205480959587268,0.05975404202006218,0.9081911483840651
25959,GOF,0.0070989645941025165,0.7331854036093063,0.2597156317965913
25960,LOF,0.005185402403678544,0.1277746926109227,0.8670399049853987
25961,LOF,0.027841146449971307,0.05264534109614119,0.9195135124538876
25962,LOF,0.032236712731634504,0.10341778629517862,0.8643455009731869
25963,LOF,0.009095128895577651,0.16277253808085,0.8281323330235723
25964,LOF,0.04353920985094079,0.11376023594596771,0.8427005542030915
25965,LOF,0.1636727213888503,0.17752568629883664,0.6588015923123131
25966,LOF,0.3075768350670822,0.10350433482459563,0.5889188301083221
25967,LOF,0.006544993427917192,0.10560659483454421,0.8878484117375386
25968,LOF,0.051167950740750985,0.2561149118039243,0.6927171374553247
25969,LOF,0.14703262438462178,0.07301304855926054,0.7799543270561176
25970,LOF,0.05851695627490948,0.06715722198657577,0.8743258217385148
25971,LOF,0.07245402986137338,0.03159012103702556,0.8959558491016011
25972,LOF,0.08236058892907726,0.04205987560273039,0.8755795354681924
25973,LOF,0.057197369022585036,0.009783519755434426,0.9330191112219804
25974,LOF,0.059360443409861394,0.04044960727140881,0.9001899493187298
25975,LOF,0.031116672827478372,0.013953258689340586,0.9549300684831811
25976,LOF,0.08740607753521411,0.011376478529467103,0.9012174439353189
25977,LOF,0.24557515827026002,0.05358387060245924,0.7008409711272808
25978,LOF,0.14435024515689437,0.1611596610474731,0.6944900937956326
25979,LOF,0.11467725793968615,0.16896981838002187,0.716352923680292
25980,LOF,0.20140132602929112,0.24988335436663967,0.5487153196040693
25981,LOF,0.2027394843622426,0.25474825070536694,0.5425122649323905
25982,LOF,0.3351031175133914,0.1240349816093162,0.5408619008772925
25983,Neutral,0.43835948126039304,0.1330605339026148,0.4285799848369921
25984,LOF,0.06619168023051906,0.08986997226477651,0.8439383475047044
25985,LOF,0.4325025319152005,0.12182715774135165,0.44567031034344784
25986,LOF,0.015439137658306994,0.38654775706211564,0.5980131052795774
25987,LOF,0.04185799955359591,0.09936179692514614,0.858780203521258
25988,LOF,0.06459103246854384,0.1547723837621701,0.780636583769286
25989,LOF,0.07371037830037094,0.22745407119470468,0.6988355505049244
25990,LOF,0.06548853601265343,0.34002285694121903,0.5944886070461275
25991,GOF,0.02372559981299453,0.5811195204032535,0.395154879783752
25992,LOF,0.011652085339321045,0.46970558180831345,0.5186423328523654
25993,LOF,0.019384937118707906,0.05963726024165249,0.9209778026396396
25994,LOF,0.022877833955204305,0.06961939578126207,0.9075027702635337
25995,LOF,0.016651066210586974,0.12906024392584792,0.8542886898635651
25996,GOF,0.3360832057013062,0.41626927383687556,0.24764752046181832
25997,GOF,0.05843125888001657,0.5213757243179761,0.42019301680200727
25998,LOF,0.2426223068433904,0.03290743196473219,0.7244702611918774
25999,LOF,0.02600696557924713,0.29865378861776715,0.6753392458029857
26000,LOF,0.14574906568422974,0.015270183920243052,0.8389807503955272
26001,LOF,0.15341344560937423,0.01903335134865273,0.8275532030419731
26002,LOF,0.09785080646188017,0.024071421321810275,0.8780777722163096
26003,GOF,0.006309497427061432,0.5771506407864682,0.41653986178647046
26004,GOF,0.01878516551794066,0.5723013388879558,0.4089134955941036
26005,LOF,0.005222552383248207,0.46167357347091464,0.5331038741458372
26006,GOF,0.09537787241625273,0.5024328004038888,0.4021893271798585
26007,LOF,0.010565093821994456,0.4651489369476437,0.5242859692303619
26008,GOF,0.006987565630685553,0.5615363604847534,0.43147607388456116
26009,GOF,0.012598399381465097,0.5975640672126123,0.38983753340592264
26010,GOF,0.00937827064206745,0.5364935952152778,0.45412813414265485
26011,LOF,0.006130684902048846,0.390514730976798,0.6033545841211532
26012,GOF,0.0051904666444986276,0.5019023696049767,0.4929071637505246
26013,GOF,0.013159522252773321,0.5325377365971967,0.45430274115003
26014,LOF,0.038102419124173975,0.08376014763036785,0.8781374332454581
26015,LOF,0.39396807714949306,0.022786483250436095,0.5832454396000709
26016,LOF,0.2536715837041493,0.03225535220617392,0.7140730640896769
26017,LOF,0.01768458831456657,0.12394898604181703,0.8583664256436163
26018,LOF,0.033633507190610534,0.06151182349296696,0.9048546693164226
26019,LOF,0.033313666733142906,0.04981340636902153,0.9168729268978356
26020,LOF,0.00687565057513176,0.11460078734651899,0.8785235620783493
26021,LOF,0.07717740211396225,0.05707265680643809,0.8657499410795997
26022,LOF,0.03878075488716508,0.023083724991508646,0.9381355201213264
26023,LOF,0.026867792238985527,0.03555277460743325,0.9375794331535813
26024,LOF,0.052031113747641904,0.044923843118082576,0.9030450431342756
26025,LOF,0.12712923176773727,0.04472907349147865,0.828141694740784
26026,LOF,0.11464727193975277,0.03226133950484659,0.8530913885554007
26027,LOF,0.03142809334168692,0.022170457367163155,0.9464014492911499
26028,LOF,0.0658377761292518,0.18485024379200016,0.7493119800787481
26029,LOF,0.029251737151562415,0.1867130662810967,0.7840351965673408
26030,LOF,0.11629583824754476,0.026800141277149393,0.8569040204753058
26031,LOF,0.012580938726579366,0.16950529361092811,0.8179137676624925
26032,LOF,0.03835372006810726,0.044459733668833455,0.9171865462630594
26033,LOF,0.038477437772046354,0.04394822015543622,0.9175743420725175
26034,LOF,0.01760513905540438,0.1103055896821728,0.8720892712624227
26035,LOF,0.01145947462083978,0.11687860756532882,0.8716619178138314
26036,LOF,0.010685164118671233,0.09421856520790008,0.8950962706734287
26037,LOF,0.010850935620614162,0.09922474696804397,0.8899243174113418
26038,LOF,0.032864581353805704,0.03973555785225995,0.9273998607939344
26039,LOF,0.030862780782327914,0.13337607665098797,0.8357611425666841
26040,LOF,0.08328167154623327,0.13389990962242027,0.7828184188313465
26041,LOF,0.013256723751776769,0.10338437629092528,0.8833588999572979
26042,LOF,0.012118160973907369,0.10818582334269128,0.8796960156834014
26043,LOF,0.03422252312735458,0.07102906003691821,0.8947484168357271
26044,LOF,0.007107618796183558,0.0611037305935989,0.9317886506102175
26045,LOF,0.08757618403605362,0.19261787218744048,0.7198059437765059
26046,LOF,0.028535809830316543,0.04851142609508481,0.9229527640745987
26047,LOF,0.06662954301455083,0.04904737394994759,0.8843230830355017
26048,LOF,0.0845937739620618,0.023940358735118034,0.8914658673028202
26049,Neutral,0.9418729171526987,0.007040387126306792,0.0510866957209944
26050,Neutral,0.9071878020302347,0.007676270227120564,0.08513592774264463
26051,LOF,0.024058481690518354,0.3611080611754198,0.6148334571340618
26052,LOF,0.025349366604689505,0.30667561625434936,0.6679750171409612
26053,LOF,0.016810351632500428,0.1865543960499497,0.7966352523175498
26054,LOF,0.059900269930106505,0.04895504543452469,0.8911446846353688
26055,LOF,0.08599400804883611,0.044225789903791134,0.8697802020473727
26056,LOF,0.07046226625676141,0.05101789955547454,0.878519834187764
26057,LOF,0.07172741183174015,0.028991261310445993,0.8992813268578138
26058,LOF,0.07891278733313041,0.023449262356394135,0.8976379503104754
26059,LOF,0.21775052046090582,0.06080008195814631,0.7214493975809478
26060,LOF,0.014890214689726278,0.24429221262744386,0.7408175726828299
26061,LOF,0.011169056248936892,0.018789639829449485,0.9700413039216137
26062,LOF,0.005886562659435195,0.03151957796929897,0.9625938593712658
26063,LOF,0.05376660458596097,0.017417320241070115,0.9288160751729688
26064,LOF,0.013621553175277063,0.025678509852181414,0.9606999369725414
26065,LOF,0.06489158885327989,0.029382660303889856,0.9057257508428302
26066,LOF,0.05867389608028505,0.019965217462504143,0.9213608864572108
26067,LOF,0.05839257980770867,0.01685777541186114,0.9247496447804302
26068,LOF,0.05710463004478718,0.0388395109985928,0.90405585895662
26069,LOF,0.19154041990625087,0.034609360283467096,0.773850219810282
26070,LOF,0.38841614695499443,0.02136950162532714,0.5902143514196784
26071,LOF,0.05200581848230859,0.021596302749206996,0.9263978787684843
26072,LOF,0.00669897940383162,0.02355014151684137,0.969750879079327
26073,LOF,0.04604490989826409,0.018326732235269285,0.9356283578664667
26074,Neutral,0.6840296288586672,0.015043419389009284,0.3009269517523235
26075,LOF,0.0462165668476682,0.03144598434845354,0.9223374488038784
26076,LOF,0.04453137176018088,0.026588812299955064,0.928879815939864
26077,LOF,0.16031445081142148,0.016671114924136088,0.8230144342644424
26078,LOF,0.006237196300727166,0.041500331054534496,0.9522624726447383
26079,LOF,0.06204385568087244,0.03154546008531492,0.9064106842338127
26080,LOF,0.061104211378066986,0.03164273001896724,0.9072530586029657
26081,LOF,0.04767845553100366,0.019154209081383357,0.9331673353876129
26082,LOF,0.006454894544711019,0.027937550846876883,0.9656075546084121
26083,LOF,0.12062498508631368,0.03187689997895008,0.8474981149347363
26084,LOF,0.1482795662720736,0.02737406691021062,0.8243463668177158
26085,LOF,0.12602008828579322,0.02378985400330309,0.8501900577109036
26086,LOF,0.039728326736942564,0.026371096646032398,0.933900576617025
26087,LOF,0.042849687623683255,0.021326579334176962,0.9358237330421397
26088,LOF,0.006940832042952941,0.050812936431632275,0.9422462315254149
26089,LOF,0.04395300220958871,0.04307078214196682,0.9129762156484446
26090,LOF,0.04331848446314426,0.04035430331493906,0.9163272122219166
26091,LOF,0.03552332525763512,0.017049108107985624,0.9474275666343793
26092,LOF,0.04344902899807531,0.015028164874600788,0.9415228061273239
26093,LOF,0.06147011999428672,0.01007934898195818,0.9284505310237552
26094,LOF,0.03931397365594216,0.012848797750375719,0.947837228593682
26095,LOF,0.011695537595590813,0.03329134380741455,0.9550131185969947
26096,LOF,0.25329816080457734,0.0073478406675636775,0.739353998527859
26097,LOF,0.006289787091325202,0.06894177180852532,0.9247684411001494
26098,LOF,0.056173340035422153,0.029507953426301158,0.9143187065382767
26099,LOF,0.05133296207543345,0.035102611519802034,0.9135644264047645
26100,LOF,0.05133296207543345,0.035102611519802034,0.9135644264047645
26101,LOF,0.049119832198320015,0.05981792823253369,0.8910622395691462
26102,LOF,0.042764901802562004,0.025223706257234788,0.9320113919402032
26103,Neutral,0.8970805583694609,0.036750891432474814,0.06616855019806436
26104,LOF,0.054290316799282604,0.06401655006272543,0.881693133137992
26105,LOF,0.2619952260617218,0.07503567145530012,0.6629691024829781
26106,LOF,0.2589055778126629,0.03172250727020613,0.709371914917131
26107,LOF,0.014117784080648678,0.06570142240748793,0.9201807935118634
26108,LOF,0.1631924307386081,0.05363917467229902,0.7831683945890928
26109,LOF,0.055720385770151766,0.057503649106934625,0.8867759651229136
26110,LOF,0.4346046618865306,0.010130857956590989,0.5552644801568785
26111,LOF,0.06399621009660612,0.07016781583309613,0.8658359740702978
26112,LOF,0.06685295995551693,0.011541542738425262,0.9216054973060578
26113,LOF,0.11507423968037822,0.028069919268525506,0.8568558410510962
26114,LOF,0.09300501767499383,0.008460390092339459,0.8985345922326666
26115,LOF,0.01848635624314226,0.0760477416904672,0.9054659020663907
26116,LOF,0.08529332432482802,0.024429072548011712,0.8902776031271603
26117,LOF,0.3619881615533419,0.04093880547481719,0.5970730329718409
26118,LOF,0.0377142330855047,0.021269394374264637,0.9410163725402307
26119,LOF,0.0060823631813042,0.08779180095546277,0.906125835863233
26120,LOF,0.03371377835890687,0.015016817649308616,0.9512694039917845
26121,LOF,0.004409788075826678,0.11369544700329162,0.8818947649208817
26122,LOF,0.005344496394045866,0.10084389441488253,0.8938116091910715
