feature0,prediction,LoGoFunc_Neutral,LoGoFunc_GOF,LoGoFunc_LOF
25546,Neutral,0.6815957644004257,0.033215897308062875,0.28518833829151147
25547,Neutral,0.5771043463639081,0.07503903651453202,0.3478566171215599
25548,Neutral,0.5301413409919604,0.053890693895419714,0.4159679651126199
25549,Neutral,0.49851133985821966,0.053812063426233805,0.4476765967155465
25550,LOF,0.43258935357430667,0.09117149692466933,0.4762391495010241
25551,LOF,0.36032830896962087,0.09008049294509853,0.5495911980852806
25552,LOF,0.20766634916411364,0.10616094715527913,0.6861727036806073
25553,Neutral,0.8344187903939297,0.025725528719711576,0.13985568088635866
25554,LOF,0.25717070139362275,0.10059473854008004,0.6422345600662972
25555,LOF,0.19850773698143112,0.09707338171740028,0.7044188813011686
25556,Neutral,0.5365571635475604,0.06981453356673321,0.3936283028857063
25557,LOF,0.19737541033134212,0.09844396739425618,0.7041806222744016
25558,LOF,0.262058359362173,0.10477060521708466,0.6331710354207424
25559,LOF,0.3813115049714322,0.07823795259928844,0.5404505424292794
25560,LOF,0.06569808229709793,0.1894517627793846,0.7448501549235175
25561,LOF,0.11072811671835316,0.21390044784119924,0.6753714354404475
25562,LOF,0.1271459883769006,0.0984716134663919,0.7743823981567075
25563,LOF,0.12405334467478288,0.1027073483117049,0.7732393070135123
25564,LOF,0.14484544830378654,0.21610479589424278,0.6390497558019707
25565,LOF,0.12054448406867642,0.19247366850573291,0.6869818474255907
25566,GOF,0.015118803240274047,0.7667429263570718,0.21813827040265418
25567,LOF,0.01310127644539438,0.11561299104702398,0.8712857325075817
25568,LOF,0.05319304297520874,0.06066159575295021,0.886145361271841
25569,LOF,0.06509767712813729,0.06162845629795263,0.8732738665739102
25570,LOF,0.061922252358940354,0.09702758042484061,0.841050167216219
25571,LOF,0.06260267082169889,0.08476344700252654,0.8526338821757745
25572,LOF,0.06430816214019724,0.11749419429689083,0.8181976435629119
25573,LOF,0.029687035417463963,0.0742168733758584,0.8960960912066777
25574,LOF,0.017095574944176215,0.13035407844612532,0.8525503466096985
25575,LOF,0.054560056738397644,0.08698496213166149,0.8584549811299408
25576,LOF,0.01876999340893319,0.08732596808735549,0.8939040385037114
25577,LOF,0.01330761118637413,0.12702418662455583,0.85966820218907
25578,LOF,0.2685176464585355,0.07971017995116954,0.6517721735902949
25579,LOF,0.27071807772538053,0.0791274485745192,0.6501544737001003
25580,LOF,0.03754961922773466,0.08232911052244686,0.8801212702498185
25581,LOF,0.053092542251569855,0.06284280966456843,0.8840646480838618
25582,LOF,0.05270513429521802,0.060038249908821215,0.8872566157959607
25583,LOF,0.04604099795286079,0.08435935077000863,0.8695996512771307
25584,Neutral,0.4881289071538297,0.07514590654621535,0.43672518629995477
25585,LOF,0.030501242056997762,0.08856145327809321,0.880937304664909
25586,LOF,0.04021001350622555,0.06870571197523881,0.8910842745185357
25587,LOF,0.03607647063790979,0.06440729657743195,0.8995162327846583
25588,LOF,0.03833257783702904,0.08375837179140798,0.8779090503715629
25589,Neutral,0.6063181032892506,0.09141126300719887,0.3022706337035505
25590,LOF,0.02882974239690771,0.1006445470167531,0.8705257105863391
25591,LOF,0.12164158405943416,0.04911828713806618,0.8292401288024996
25592,LOF,0.11221349384895003,0.10947856311276422,0.7783079430382858
25593,LOF,0.015583352675940845,0.1978586548690615,0.7865579924549976
25594,LOF,0.037354359878757355,0.17066284095677248,0.7919827991644702
25595,LOF,0.07074608374219567,0.1279204152770401,0.8013335009807642
25596,LOF,0.08576519030080974,0.10032719257212189,0.8139076171270684
25597,LOF,0.07682085594357643,0.058489409555675345,0.8646897345007483
25598,LOF,0.050317567320983136,0.16989761010452298,0.7797848225744938
25599,GOF,0.0069905704121230846,0.6724587215335286,0.32055070805434827
25600,GOF,0.00810670635368965,0.5662565689591786,0.4256367246871317
25601,LOF,0.007086028260995305,0.41738704658569165,0.5755269251533129
25602,LOF,0.013733018000744088,0.09424480194032742,0.8920221800589285
25603,LOF,0.037844987873732173,0.04320987707166996,0.918945135054598
25604,LOF,0.03374054619153615,0.08401616327142492,0.882243290537039
25605,LOF,0.009906660916118762,0.27832951206331547,0.7117638270205658
25606,GOF,0.05250038621310275,0.5812738224595423,0.3662257913273549
25607,LOF,0.0034875304909678133,0.1829119907257569,0.8136004787832753
25608,LOF,0.04913205239135034,0.048717376434485204,0.9021505711741645
25609,LOF,0.057725494492113005,0.30132917631442996,0.6409453291934571
25610,LOF,0.050014634481473724,0.03812220612261096,0.9118631593959153
25611,LOF,0.06039730758886135,0.030151050352238574,0.9094516420589001
25612,LOF,0.12081506842365804,0.0636073839361596,0.8155775476401823
25613,LOF,0.10601595357837243,0.051862843223480525,0.8421212031981471
25614,LOF,0.038735462867542654,0.044848372806944835,0.9164161643255126
25615,LOF,0.0799124843546018,0.04127311376125993,0.8788144018841384
25616,LOF,0.03948352515809528,0.049433899169936464,0.9110825756719682
25617,LOF,0.04181197630271066,0.05155917932588214,0.9066288443714071
25618,LOF,0.2748416593788743,0.04892144574970546,0.6762368948714204
25619,LOF,0.04050445565485733,0.04273700324937159,0.916758541095771
25620,LOF,0.037920230704471355,0.050760352546508035,0.9113194167490207
25621,LOF,0.043452116175766275,0.03581739638570972,0.9207304874385239
25622,LOF,0.03729703162684188,0.05409278274152075,0.9086101856316373
25623,LOF,0.0599787866677197,0.04584064344948913,0.8941805698827912
25624,LOF,0.03339472055880043,0.055446875622032446,0.9111584038191671
25625,LOF,0.043297562770905955,0.05621962979350051,0.9004828074355936
25626,LOF,0.08190124267649357,0.04208729399301045,0.876011463330496
25627,Neutral,0.5838892165654369,0.10988171747432526,0.3062290659602379
25628,LOF,0.2242255712092162,0.05481687970396687,0.720957549086817
25629,LOF,0.0872267676297382,0.12355282679149605,0.7892204055787657
25630,LOF,0.19917029782917425,0.09515463482823168,0.7056750673425941
25631,Neutral,0.6128069356421585,0.05835907537623051,0.32883398898161104
25632,LOF,0.020623152864720818,0.10004591609721017,0.879330931038069
25633,LOF,0.21245282035573693,0.09814293121517478,0.6894042484290883
25634,LOF,0.03472350963197897,0.10406172175113866,0.8612147686168824
25635,LOF,0.0357579564813615,0.08956252728531425,0.8746795162333242
25636,GOF,0.006090118662185927,0.6901595591402907,0.30375032219752324
25637,GOF,0.0043332493540375015,0.5601166488845468,0.43555010176141556
25638,GOF,0.007868699728534741,0.5038351858035909,0.48829611446787446
25639,LOF,0.004633392738697841,0.46910980708285893,0.5262568001784431
25640,GOF,0.45634968249472563,0.48183259312719423,0.06181772437808022
25641,LOF,0.005237729838462303,0.36809915256838516,0.6266631175931525
25642,LOF,0.25304499123959334,0.1281421880380619,0.6188128207223447
25643,LOF,0.28598332809873034,0.2626318189686353,0.4513848529326344
25644,GOF,0.025997031658964977,0.6612720905287246,0.31273087781231035
25645,GOF,0.02199878531162877,0.5715333044196289,0.4064679102687422
25646,LOF,0.02066391417065108,0.41390275597729115,0.5654333298520579
25647,LOF,0.01580126444457171,0.2970719833468876,0.6871267522085407
25648,LOF,0.013864585369341226,0.35641856423119656,0.6297168503994622
25649,LOF,0.014129631362941703,0.2472715699046553,0.738598798732403
25650,GOF,0.04154793660792886,0.5401499423711577,0.41830212102091346
25651,LOF,0.01108380399839192,0.2736102038720004,0.7153059921296077
25652,LOF,0.018390029226269363,0.3849012353794449,0.5967087353942857
25653,GOF,0.08534061150845305,0.5166565134267761,0.39800287506477094
25654,LOF,0.013738962838863923,0.34801226633349236,0.6382487708276436
25655,GOF,0.11692172607047485,0.4997698771610222,0.3833083967685029
25656,LOF,0.05236068613278629,0.10118524415165656,0.8464540697155573
25657,LOF,0.30301282427104076,0.04538964644933356,0.6515975292796258
25658,LOF,0.03214979931183892,0.2029293251615026,0.7649208755266583
25659,LOF,0.19098014794701304,0.1078197497463463,0.7012001023066408
25660,LOF,0.09316079246349615,0.10933870284256073,0.7975005046939432
25661,LOF,0.07633430280875057,0.07691060326362599,0.8467550939276234
25662,LOF,0.03813471157643979,0.06698698348517923,0.8948783049383809
25663,LOF,0.043612140034598866,0.12024814051541712,0.836139719449984
25664,LOF,0.03282983246972154,0.15333720557468117,0.8138329619555973
25665,LOF,0.04450226163357562,0.07285472800662875,0.8826430103597956
25666,LOF,0.04378113081102593,0.17581037762293852,0.7804084915660355
25667,LOF,0.03816798285144645,0.06229226689932205,0.8995397502492315
25668,LOF,0.05115616215024759,0.06273895717266152,0.8861048806770909
25669,LOF,0.052382501106946394,0.09702155862000027,0.8505959402730533
25670,LOF,0.07860136760330112,0.10912816252426534,0.8122704698724336
25671,LOF,0.04603329023061304,0.056977187712466265,0.8969895220569207
25672,LOF,0.05035961443573203,0.08432169066350272,0.8653186949007653
25673,LOF,0.03747467502703676,0.09041921695685283,0.8721061080161104
25674,LOF,0.02626592407935913,0.10616292049953158,0.8675711554211093
25675,LOF,0.03530960003140002,0.08609294963289199,0.8785974503357079
25676,LOF,0.03416956466705274,0.07478662027811062,0.8910438150548367
25677,LOF,0.08241075415134541,0.06426899658049758,0.8533202492681569
25678,LOF,0.14829609052533313,0.04932374433085666,0.8023801651438102
25679,LOF,0.12807355877915075,0.06223311487036997,0.8096933263504793
25680,LOF,0.0866217123183429,0.09824379752427148,0.8151344901573856
25681,LOF,0.10075131359946182,0.09414263417886416,0.805106052221674
25682,LOF,0.0518802893683111,0.06282009723895028,0.8852996133927385
25683,LOF,0.08354414688491701,0.08892933485796646,0.8275265182571164
25684,LOF,0.06378894195633758,0.06851922072243831,0.8676918373212241
25685,LOF,0.12393633167565424,0.0611652938103215,0.8148983745140242
25686,LOF,0.030863255850765683,0.11759437142715949,0.8515423727220748
25687,LOF,0.06076194116922487,0.11389215934091199,0.8253458994898631
25688,LOF,0.01895074420154162,0.06298427061333092,0.9180649851851274
25689,LOF,0.01765962845276419,0.044691995391586824,0.9376483761556489
25690,LOF,0.016231320719984677,0.0497571238403591,0.9340115554396562
25691,LOF,0.11667141874917539,0.06484776965331765,0.8184808115975069
25692,LOF,0.19688545827627055,0.012016821482804758,0.7910977202409247
25693,LOF,0.037576408513744594,0.250518543088699,0.7119050483975564
25694,LOF,0.2319577338666648,0.013680754616828666,0.7543615115165065
25695,LOF,0.17609961308580616,0.02820601259616938,0.7956943743180245
25696,LOF,0.0673715737646639,0.0268346413035683,0.9057937849317679
25697,LOF,0.15320245602801713,0.049298776131317876,0.797498767840665
25698,LOF,0.015021650205044595,0.458161272385118,0.5268170774098374
25699,LOF,0.11023509443267132,0.10705825052948542,0.7827066550378432
25700,LOF,0.03370820836569603,0.018909264058180376,0.9473825275761236
25701,LOF,0.015469796265482913,0.11996566873829577,0.8645645349962214
25702,GOF,0.0219677414544868,0.7754723921341274,0.2025598664113858
25703,LOF,0.013407890524438736,0.28530343067376157,0.7012886788017998
25704,LOF,0.08978351285665054,0.2336210702519614,0.676595416891388
25705,LOF,0.08197222772094682,0.2757690337712755,0.6422587385077778
25706,GOF,0.017698990665711845,0.6626272406150423,0.3196737687192458
25707,GOF,0.027016614494700376,0.5609959382593553,0.41198744724594427
25708,GOF,0.008063762468269363,0.5602935104555754,0.4316427270761552
25709,LOF,0.028503375280464798,0.0822450908740018,0.8892515338455335
25710,LOF,0.006145636849546543,0.18501337888662586,0.8088409842638277
25711,LOF,0.0273083811929808,0.1491304951993008,0.8235611236077185
25712,LOF,0.008366279268116344,0.2544562486222484,0.7371774721096351
25713,LOF,0.02821783637644052,0.11954714707977823,0.8522350165437813
25714,LOF,0.025255477361464274,0.17032724086239265,0.804417281776143
25715,LOF,0.03206252124634518,0.14337758572507153,0.8245598930285833
25716,LOF,0.00603321899162751,0.19982091235181001,0.7941458686565624
25717,LOF,0.006141450472907349,0.17277171864970875,0.821086830877384
25718,LOF,0.02746787000096696,0.09630829933255043,0.8762238306664826
25719,LOF,0.03543725391806216,0.1543416859849708,0.810221060096967
25720,LOF,0.03892420708333074,0.12909633219864164,0.8319794607180275
25721,LOF,0.026859549221046445,0.11361284961081437,0.8595276011681392
25722,LOF,0.019079278517743437,0.16766918741868098,0.8132515340635755
25723,LOF,0.030203530846152668,0.1338003504560878,0.8359961186977596
25724,LOF,0.029340322435939814,0.24734944784192528,0.723310229722135
25725,LOF,0.03253204414581756,0.10914516147638842,0.858322794377794
25726,LOF,0.021176028259040067,0.15259689984518338,0.8262270718957766
25727,LOF,0.028540707457890554,0.1464683917364422,0.8249909008056672
25728,LOF,0.026429292372643767,0.14690111607320702,0.8266695915541491
25729,LOF,0.02632861338327582,0.16045106206361584,0.8132203245531083
25730,LOF,0.031403430615193566,0.10073138978275983,0.8678651796020466
25731,LOF,0.009783966340697744,0.16827703330013924,0.8219390003591629
25732,LOF,0.022691781771765913,0.1144444135547419,0.8628638046734922
25733,LOF,0.03480889068392414,0.10738578328015994,0.8578053260359159
25734,LOF,0.0066325807839296485,0.29735564472120396,0.6960117744948664
25735,LOF,0.024591740051396416,0.10057403334155898,0.8748342266070447
25736,LOF,0.022990777631633652,0.1789181997992661,0.7980910225691003
25737,LOF,0.05784396883441486,0.1587035440597625,0.7834524871058226
25738,LOF,0.025920081561895358,0.19899486525442744,0.7750850531836772
25739,LOF,0.0283620458920685,0.12368965640347293,0.8479482977044585
25740,LOF,0.03336528552569174,0.15094588216488272,0.8156888323094255
25741,LOF,0.039077875547678304,0.13809164032635046,0.8228304841259712
25742,LOF,0.05004823347770808,0.14335787831166297,0.8065938882106289
25743,LOF,0.011273166182700812,0.02315055739443075,0.9655762764228685
25744,LOF,0.2117476678491124,0.19881611317166356,0.589436218979224
25745,LOF,0.035956341978603215,0.0600091867857081,0.9040344712356887
25746,LOF,0.013549011017418101,0.08788619080034267,0.8985647981822391
25747,LOF,0.03915104302619153,0.02350965743354537,0.9373392995402631
25748,LOF,0.2875447175285675,0.04708110072134154,0.665374181750091
25749,LOF,0.015585077748881657,0.05603710219300152,0.9283778200581169
25750,LOF,0.02071508166311007,0.06306015076825343,0.9162247675686365
25751,LOF,0.03976070867085727,0.03899293961677034,0.9212463517123722
25752,GOF,0.06301537258694323,0.7286018129929118,0.20838281442014484
25753,GOF,0.006755404078723527,0.5211251248152328,0.47211947110604363
25754,GOF,0.007011810102349495,0.9114491557351763,0.0815390341624743
25755,LOF,0.006453278145823024,0.48433684658458176,0.5092098752695953
25756,GOF,0.02094013109349979,0.523217316074887,0.4558425528316132
25757,GOF,0.0076655666197207,0.8960874975201266,0.09624693586015273
25758,GOF,0.008312314290861945,0.9122718339968972,0.0794158517122409
25759,GOF,0.005337233395649506,0.7147647461088977,0.27989802049545265
25760,LOF,0.006023339304704842,0.39120086329438747,0.6027757974009078
25761,GOF,0.042396032399008715,0.8777484469430495,0.07985552065794171
25762,LOF,0.0243337139981842,0.4538072668325594,0.5218590191692565
25763,LOF,0.005794426440467121,0.36063050667750973,0.633575066882023
25764,GOF,0.05409683251141179,0.7323789462047328,0.21352422128385554
25765,GOF,0.007975028422766739,0.8984686340134289,0.09355633756380428
25766,GOF,0.024393206676561762,0.872021475235556,0.10358531808788224
25767,GOF,0.018122479851631727,0.5678391735079471,0.4140383466404211
25768,LOF,0.053679922958419654,0.05330511344072182,0.8930149636008584
25769,LOF,0.03920050581352628,0.0773984100719693,0.8834010841145045
25770,LOF,0.1427861170679753,0.1061403440844391,0.7510735388475854
25771,LOF,0.020023840694608268,0.0792398672862488,0.9007362920191431
25772,LOF,0.032475372101417634,0.031065303175464055,0.9364593247231182
25773,LOF,0.015686001070422416,0.07849248298233225,0.9058215159472454
25774,LOF,0.02749245802915217,0.15832111271005253,0.8141864292607952
25775,LOF,0.01912416665221731,0.04532585136843958,0.935549981979343
25776,LOF,0.030739616267580178,0.021717308463345394,0.9475430752690743
25777,LOF,0.31822575003149617,0.08712213986757147,0.5946521101009323
25778,LOF,0.027530315858577674,0.06790328940048564,0.9045663947409367
25779,GOF,0.062193622495160444,0.8566048473251856,0.08120153017965391
25780,GOF,0.07669649560224186,0.85260712410066,0.0706963802970981
25781,GOF,0.033408651879068135,0.8120297404343666,0.15456160768656527
25782,GOF,0.04063922498648117,0.8840483094512038,0.0753124655623151
25783,GOF,0.03507767514496314,0.9042094346913162,0.060712890163720626
25784,GOF,0.12620508447831802,0.8235054445871205,0.050289470934561604
25785,GOF,0.1281286437647019,0.8284438276170559,0.04342752861824211
25786,GOF,0.010450032304672025,0.832962941897203,0.15658702579812514
25787,GOF,0.2758184714562441,0.6646506553786788,0.059530873165077075
25788,LOF,0.01709688565297906,0.18310950000539153,0.7997936143416294
25789,GOF,0.021921636049154005,0.8315615567931643,0.14651680715768173
25790,GOF,0.032804625887710666,0.8669424056156719,0.10025296849661731
25791,GOF,0.02912818427501796,0.7082437400698112,0.2626280756551708
25792,GOF,0.035633587910335704,0.7712176003784127,0.19314881171125145
25793,GOF,0.046416339755373334,0.7931290217854373,0.16045463845918934
25794,GOF,0.05257467221400644,0.6993323026890388,0.2480930250969548
25795,GOF,0.05969340550996793,0.7119858820081982,0.2283207124818338
25796,GOF,0.14592475247046208,0.7503986413668694,0.10367660616266841
25797,GOF,0.07375580251376385,0.6944900936911625,0.23175410379507363
25798,GOF,0.007429052045375613,0.7590248774597875,0.23354607049483683
25799,GOF,0.004797991005512337,0.6426143248818066,0.3525876841126811
25800,GOF,0.029447877831902818,0.8168061637582299,0.15374595840986727
25801,GOF,0.027028066734983366,0.8759677025767169,0.09700423068829969
25802,GOF,0.030979570456509134,0.7507208330232482,0.2182995965202426
25803,GOF,0.02204988657736972,0.6826097237593464,0.2953403896632839
25804,GOF,0.03766800142945685,0.7483457357433658,0.21398626282717734
25805,GOF,0.03470549120655035,0.7947148772313696,0.1705796315620801
25806,GOF,0.046104228575079925,0.8040614471727576,0.14983432425216242
25807,GOF,0.01633734992103882,0.7245765386069242,0.25908611147203703
25808,GOF,0.027957157084103932,0.7531285543249967,0.2189142885908993
25809,GOF,0.01322978456992378,0.6661384944897643,0.3206317209403119
25810,GOF,0.01138512506054707,0.6585028264820773,0.33011204845737574
25811,GOF,0.08292855172182746,0.8359581626476841,0.08111328563048843
25812,GOF,0.03350554054293706,0.7377404617983095,0.22875399765875334
25813,GOF,0.20931583046452143,0.7032046475226462,0.08747952201283221
25814,GOF,0.031413303355362444,0.7484609839105688,0.22012571273406883
25815,GOF,0.059846444963569556,0.7921943745516242,0.14795918048480627
25816,GOF,0.009334032551047354,0.8439519010931138,0.14671406635583878
25817,GOF,0.12272848010672094,0.7451350026799567,0.13213651721332242
25818,GOF,0.02979297448546646,0.7587291880588396,0.21147783745569407
25819,GOF,0.054345958763799156,0.747023739817841,0.19863030141835986
25820,GOF,0.05475124863088744,0.7032332619057247,0.24201548946338777
25821,GOF,0.03810108766889539,0.7431531705570738,0.2187457417740309
25822,GOF,0.06462660928917797,0.7400662909398117,0.19530709977101016
25823,GOF,0.033261061578930495,0.6937788976867857,0.2729600407342838
25824,GOF,0.03362336300190198,0.7462423870016897,0.22013424999640827
25825,GOF,0.02585291939963563,0.7430646231040007,0.2310824574963635
25826,GOF,0.012546227198263682,0.6978528495535984,0.28960092324813796
25827,GOF,0.01889424483292767,0.6823114400410036,0.29879431512606874
25828,GOF,0.011444824001059922,0.7153946996623145,0.27316047633662544
25829,GOF,0.004520378009351373,0.6315660291031386,0.36391359288750996
25830,GOF,0.03966682267878806,0.5172936050911905,0.4430395722300214
25831,GOF,0.07867773286660121,0.7897265028939812,0.1315957642394175
25832,GOF,0.01091783987295417,0.7077233492301818,0.2813588108968641
25833,GOF,0.04087159209752316,0.7912049279222314,0.16792347998024532
25834,GOF,0.011245161049975885,0.7276597646959724,0.26109507425405165
25835,GOF,0.027811655770337194,0.8065758462664105,0.16561249796325214
25836,GOF,0.007368187751196341,0.7204931565636012,0.27213865568520257
25837,GOF,0.009255854338098241,0.7165385277194345,0.27420561794246723
25838,GOF,0.022253878647705932,0.7997058506612716,0.1780402706910223
25839,GOF,0.05016036352104921,0.770070021627911,0.17976961485103976
25840,GOF,0.09426152991685507,0.7471196381152957,0.15861883196784915
25841,GOF,0.0821456727887748,0.7948772401853142,0.12297708702591098
25842,GOF,0.031375141802739884,0.8552641355899039,0.11336072260735612
25843,GOF,0.030047138531073554,0.8612017551184159,0.10875110635051052
25844,GOF,0.022112969391257467,0.7829273704736613,0.19495966013508118
25845,GOF,0.007027404373541049,0.6640030579151238,0.3289695377113351
25846,GOF,0.08164148333507575,0.8193480707256576,0.09901044593926646
25847,GOF,0.016147424768448496,0.8483231368603248,0.13552943837122675
25848,GOF,0.02510753143324068,0.7859048066392424,0.1889876619275169
25849,GOF,0.007487484628755705,0.7346615366531798,0.2578509787180646
25850,GOF,0.006958562155582871,0.6526412027186254,0.3404002351257919
25851,GOF,0.006308612279733575,0.5994926864881097,0.39419870123215656
25852,GOF,0.13626155534217751,0.5537595084402545,0.3099789362175681
25853,GOF,0.0603812626251113,0.764546591573454,0.17507214580143474
25854,GOF,0.0062623086731501635,0.6662239089944582,0.3275137823323916
25855,GOF,0.024341664712943533,0.6101378983587618,0.3655204369282948
25856,GOF,0.04452343150615511,0.7060960357325277,0.24938053276131722
25857,GOF,0.024111307321374703,0.6145972987149364,0.36129139396368887
25858,GOF,0.009249255630404882,0.5677879141508041,0.422962830218791
25859,GOF,0.006826015341523279,0.5495067978110856,0.4436671868473912
25860,GOF,0.09662226929622131,0.7199203060912128,0.18345742461256584
25861,GOF,0.12671960551815448,0.784105664960621,0.08917472952122471
25862,GOF,0.02598888728475852,0.8750265071632524,0.09898460555198921
25863,GOF,0.02284013031383102,0.8522036720624142,0.12495619762375475
25864,GOF,0.04161853085564016,0.8743304555489768,0.08405101359538306
25865,GOF,0.043863331282711644,0.8467968728968094,0.10933979582047891
25866,GOF,0.02172633733717476,0.8407846888128165,0.13748897385000866
25867,GOF,0.050372084601873625,0.8408604785802226,0.1087674368179039
25868,GOF,0.06874088805465203,0.763482605320515,0.1677765066248329
25869,GOF,0.3376591973388928,0.5516951937304307,0.1106456089306763
25870,GOF,0.06117981151803694,0.5559623217558239,0.38285786672613914
25871,GOF,0.00929617716050505,0.7594824061744679,0.23122141666502705
25872,GOF,0.02452024191098579,0.7683578782713808,0.2071218798176336
25873,GOF,0.0230283605290651,0.8560314539873678,0.12094018548356704
25874,LOF,0.01797274377274189,0.18843293817461043,0.7935943180526477
25875,LOF,0.023763728078358828,0.12233028000834881,0.8539059919132923
25876,LOF,0.023526455167120805,0.06522333037419216,0.9112502144586869
25877,LOF,0.09700492457746947,0.22054237070385777,0.6824527047186728
25878,LOF,0.06200170514848658,0.30965973400127866,0.6283385608502348
25879,LOF,0.010749929801337762,0.18263317612740337,0.8066168940712588
25880,LOF,0.06259790394482032,0.022867009567894045,0.9145350864872855
25881,Neutral,0.5633662527935721,0.11139846247600421,0.3252352847304237
25882,LOF,0.04679753917787061,0.03198122022563407,0.9212212405964952
25883,LOF,0.02856101982586312,0.027246298775056237,0.9441926813990806
25884,LOF,0.017952428985048154,0.04057771037747834,0.9414698606374735
25885,LOF,0.15589640432861265,0.015045735840529565,0.8290578598308579
25886,LOF,0.25633381495656515,0.05083552489247423,0.6928306601509605
25887,LOF,0.0859362667514516,0.17442250860113281,0.7396412246474156
25888,LOF,0.00766612540352284,0.20743126153904276,0.7849026130574345
25889,LOF,0.026339354026086243,0.03419349408480999,0.9394671518891038
25890,LOF,0.1716116104885346,0.061689888518447505,0.7666985009930178
25891,LOF,0.10172834146148466,0.04212066140789029,0.856150997130625
25892,LOF,0.00810846600733138,0.034178597252514355,0.9577129367401543
25893,LOF,0.28720658869143784,0.011344329993452234,0.70144908131511
25894,LOF,0.34239302570082986,0.007460634230495254,0.6501463400686748
25895,LOF,0.2790721520568619,0.014681616397271077,0.706246231545867
25896,LOF,0.09120450498438294,0.02855803942922997,0.8802374555863871
25897,LOF,0.1247151922424964,0.012371393950399491,0.8629134138071042
25898,LOF,0.12831569750151273,0.029695668746363733,0.8419886337521235
25899,LOF,0.4288357725806376,0.031028376164926093,0.5401358512544363
25900,Neutral,0.7002059046700904,0.011565011554596948,0.28822908377531264
25901,LOF,0.1006388301025128,0.013758237722655347,0.8856029321748319
25902,LOF,0.10764836391782226,0.015035618682029479,0.8773160174001483
25903,LOF,0.16631947803775501,0.03226837556828081,0.8014121463939643
25904,Neutral,0.5623184826735319,0.0459978151020722,0.3916837022243958
25905,LOF,0.007330644046062578,0.389200197957636,0.6034691579963014
25906,LOF,0.00921469492477004,0.05905819895640304,0.9317271061188268
25907,LOF,0.008277960772787717,0.24931956166043845,0.7424024775667739
25908,LOF,0.008006028166459473,0.2377196962535896,0.7542742755799509
25909,LOF,0.03606765368749466,0.08215493361824748,0.8817774126942579
25910,LOF,0.013864067559202808,0.12673490602715773,0.8594010264136395
25911,LOF,0.18981883039592012,0.017802808465107792,0.7923783611389721
25912,LOF,0.13013757734538217,0.018816168848403102,0.8510462538062148
25913,LOF,0.015969323013407446,0.025567926606524093,0.9584627503800686
25914,LOF,0.0446051854283288,0.029462081830524626,0.9259327327411466
25915,LOF,0.1918484596146708,0.2131828261361388,0.5949687142491904
25916,LOF,0.012877369377235054,0.11037060776953644,0.8767520228532284
25917,LOF,0.06209303944594493,0.03179156322409465,0.9061153973299605
25918,LOF,0.04112300894974666,0.01698232269327208,0.9418946683569812
25919,LOF,0.03329921736984653,0.01885227803319549,0.9478485045969579
25920,LOF,0.31474151353708046,0.18211963758551664,0.5031388488774029
25921,LOF,0.01990725798133883,0.016318147406757758,0.9637745946119035
25922,LOF,0.020664493766020166,0.017814533842292146,0.9615209723916875
25923,LOF,0.47739104678113853,0.011033586229843005,0.5115753669890185
25924,LOF,0.029672887245395258,0.016938682626645697,0.9533884301279589
25925,LOF,0.12558981111670425,0.024512660445155543,0.8498975284381401
25926,LOF,0.10425202431252281,0.017771678298144786,0.8779762973893324
25927,LOF,0.02894197958202354,0.023360506062280142,0.9476975143556964
25928,LOF,0.014584869331668741,0.012633549381647229,0.972781581286684
25929,Neutral,0.5969038488313044,0.010937598768502524,0.39215855240019304
25930,LOF,0.10674478614040656,0.012137430402574556,0.881117783457019
25931,LOF,0.01569403501737621,0.010932371087785839,0.973373593894838
25932,LOF,0.09390638484753995,0.010756123453621973,0.8953374916988381
25933,LOF,0.09534251222886825,0.008645813272315554,0.8960116744988162
25934,LOF,0.09681597526335418,0.007820678423659948,0.8953633463129858
25935,LOF,0.1218252011991121,0.020550190099028653,0.8576246087018593
25936,LOF,0.09784005013957675,0.007474581541108209,0.894685368319315
25937,LOF,0.017724605399847517,0.016634290863639004,0.9656411037365134
25938,LOF,0.118392527168454,0.01903862011682957,0.8625688527147165
25939,LOF,0.06378794817848119,0.010921212056739044,0.9252908397647798
25940,GOF,0.00869579977944971,0.5989519070666794,0.3923522931538709
25941,Neutral,0.5083945797934729,0.0382710095267548,0.45333441067977237
25942,LOF,0.01311313103889573,0.05501790396006848,0.9318689650010359
25943,LOF,0.07098604036513714,0.18271476750937365,0.7462991921254893
25944,LOF,0.057249139497427715,0.10296373156204335,0.8397871289405289
25945,LOF,0.2004001763570004,0.026529183016586272,0.7730706406264134
25946,LOF,0.08180180369788405,0.043132453422857805,0.8750657428792582
25947,Neutral,0.47639758872365773,0.14430654593965542,0.3792958653366868
25948,LOF,0.34700574915831306,0.016956010099780428,0.6360382407419065
25949,LOF,0.14065905713608878,0.07351294017494772,0.7858280026889634
25950,GOF,0.08952037215674752,0.6505948638748131,0.25988476396843946
25951,LOF,0.014851363321457728,0.4651202799989359,0.5200283566796063
25952,LOF,0.152541327638521,0.2888207572825506,0.5586379150789283
25953,LOF,0.007840516524392136,0.3102387901134409,0.681920693362167
25954,GOF,0.07414522425527685,0.4826731383728645,0.44318163737185867
25955,LOF,0.008546171062921609,0.33300515889074844,0.6584486700463299
25956,LOF,0.010115800822272149,0.37988989806202084,0.6099943011157071
25957,LOF,0.17529421400950562,0.04408623571229067,0.7806195502782038
25958,LOF,0.03067243506733211,0.06051621713300279,0.9088113477996652
25959,GOF,0.006215522907135746,0.7156768965192396,0.27810758057362467
25960,LOF,0.005029355399602597,0.09871908687931231,0.8962515577210851
25961,LOF,0.024097477485613205,0.051655427533726435,0.9242470949806604
25962,LOF,0.030058821531974866,0.09283813233628778,0.8771030461317373
25963,LOF,0.01155508720978641,0.15892618953063595,0.8295187232595777
25964,LOF,0.046766277341317,0.09999335976191238,0.8532403628967706
25965,LOF,0.17731282922409566,0.1674876564642117,0.6551995143116927
25966,LOF,0.3152121573166119,0.08991439593871557,0.5948734467446726
25967,LOF,0.006337473560458014,0.09696367659937961,0.8966988498401623
25968,LOF,0.04466683508354116,0.3476474072264492,0.6076857576900095
25969,LOF,0.12806295434767476,0.11510668013827483,0.7568303655140505
25970,LOF,0.05734582348280665,0.0795908976630349,0.8630632788541583
25971,LOF,0.0619356715541088,0.027644977317271162,0.91041935112862
25972,LOF,0.07284368184218802,0.03419209382835688,0.8929642243294551
25973,LOF,0.07654775456138503,0.01233560988889,0.911116635549725
25974,LOF,0.06249919028664396,0.048539223344229915,0.8889615863691261
25975,LOF,0.03171394184416761,0.014930743473415485,0.953355314682417
25976,LOF,0.09100228212372402,0.01542115051736278,0.8935765673589131
25977,LOF,0.2163761587281972,0.04804351212780163,0.7355803291440012
25978,LOF,0.1588461422809668,0.1210821595099035,0.7200716982091296
25979,LOF,0.12030409955148871,0.12723529248324847,0.7524606079652629
25980,LOF,0.20489029990088192,0.24063822208384053,0.5544714780152775
25981,LOF,0.20569088913793346,0.24290086385023904,0.5514082470118274
25982,LOF,0.2634967728731593,0.11519447032245346,0.6213087568043872
25983,Neutral,0.4478181651460272,0.10714841695819068,0.4450334178957821
25984,LOF,0.05517336355159396,0.07501755075558746,0.8698090856928186
25985,Neutral,0.45457846925274265,0.14317025356091265,0.4022512771863448
25986,LOF,0.011814295906542604,0.4422315268230766,0.5459541772703809
25987,LOF,0.03260438295456103,0.09155974303455959,0.8758358740108794
25988,LOF,0.057869803780355396,0.12982977588673839,0.8123004203329063
25989,LOF,0.07086909971403997,0.20133436372016086,0.7277965365657991
25990,LOF,0.06495388824193271,0.3300078998282644,0.605038211929803
25991,GOF,0.02274495847795872,0.5379876279938377,0.43926741352820364
25992,LOF,0.010225742952264468,0.44432280467484697,0.5454514523728886
25993,LOF,0.019387544362757945,0.057393886139650754,0.9232185694975913
25994,LOF,0.02428969963831494,0.0704594754929464,0.9052508248687388
25995,LOF,0.016956761892039034,0.10482925343659402,0.8782139846713669
25996,GOF,0.3112632637619371,0.41140997994482026,0.27732675629324266
25997,GOF,0.050580581099622796,0.5535879452156807,0.3958314736846967
25998,LOF,0.23682702344404466,0.03665773670540949,0.7265152398505459
25999,LOF,0.02572877008012563,0.30307547178914035,0.6711957581307341
26000,LOF,0.14102941957783616,0.014689751479071088,0.8442808289430926
26001,LOF,0.14182324783481617,0.018894695994484102,0.8392820561706997
26002,LOF,0.10660060797856988,0.02027553921594045,0.8731238528054897
26003,GOF,0.006230627090209657,0.5352745692167721,0.4584948036930182
26004,GOF,0.015807615443138703,0.57668274424705,0.4075096403098113
26005,LOF,0.005412163148610944,0.4852511700569766,0.5093366667944125
26006,GOF,0.09441575534242845,0.4947507122269777,0.41083353243059384
26007,GOF,0.009272984572436286,0.5096214542950219,0.48110556113254166
26008,GOF,0.00702398584602053,0.5667833527737691,0.4261926613802104
26009,GOF,0.012078048393822913,0.6186102184224122,0.369311733183765
26010,GOF,0.0101470640203164,0.5446195141170788,0.4452334218626049
26011,LOF,0.005564286817862099,0.40296134318034726,0.5914743700017906
26012,LOF,0.005458225588416901,0.49109624985231315,0.5034455245592699
26013,LOF,0.011019400084928745,0.4570440716653123,0.531936528249759
26014,LOF,0.03915486801562522,0.08241840181073426,0.8784267301736405
26015,LOF,0.35431009450952883,0.021171969598475157,0.624517935891996
26016,LOF,0.2905731279118312,0.026711596518425706,0.6827152755697431
26017,LOF,0.02078219988848469,0.10888878117879415,0.8703290189327212
26018,LOF,0.03248315186531409,0.05747954213420735,0.9100373060004786
26019,LOF,0.03208096934740052,0.05017717865453979,0.9177418519980597
26020,LOF,0.007778039752362859,0.11093642200887473,0.8812855382387624
26021,LOF,0.08943046218473895,0.05289675912454671,0.8576727786907143
26022,LOF,0.04407553058147735,0.01971734987122108,0.9362071195473016
26023,LOF,0.02387935208231763,0.03475044619050748,0.9413702017271749
26024,LOF,0.05595753364134353,0.0378195382053743,0.9062229281532821
26025,LOF,0.1622755604747634,0.04056208037178939,0.7971623591534471
26026,LOF,0.1433738378385057,0.032578715900359434,0.8240474462611349
26027,LOF,0.03275613500493911,0.019465756969676378,0.9477781080253845
26028,LOF,0.07870260393836731,0.21780000670452293,0.7034973893571098
26029,LOF,0.03031675587736107,0.2210574788969865,0.7486257652256524
26030,LOF,0.12202432855172861,0.026310373414745066,0.8516652980335262
26031,LOF,0.014133801570929666,0.2221661661594736,0.7637000322695967
26032,LOF,0.03656860987964501,0.05260159461850673,0.9108297955018483
26033,LOF,0.0350153634137652,0.05788839916327533,0.9070962374229594
26034,LOF,0.019331203033848204,0.1433804259711607,0.8372883709949911
26035,LOF,0.012137106095327905,0.16850550084455856,0.8193573930601136
26036,LOF,0.011530084353780005,0.1323614972998454,0.8561084183463745
26037,LOF,0.01102719928826148,0.14346187837223764,0.8455109223395009
26038,LOF,0.030373130700215824,0.04844712397012315,0.921179745329661
26039,LOF,0.03171055486959493,0.1944375395454339,0.7738519055849711
26040,LOF,0.0874935512181565,0.18013512542858115,0.7323713233532624
26041,LOF,0.01326454762735617,0.14375230299806174,0.8429831493745821
26042,LOF,0.012348793689330851,0.14969313141743898,0.8379580748932302
26043,LOF,0.03201744580782628,0.0870988394175355,0.8808837147746381
26044,LOF,0.007789535594135663,0.06847700306730921,0.9237334613385552
26045,LOF,0.07987817075217368,0.28843241770210976,0.6316894115457166
26046,LOF,0.02765426130472308,0.059920361364045216,0.9124253773312316
26047,LOF,0.06321495521331152,0.054794175642945565,0.8819908691437429
26048,LOF,0.08290990583165268,0.03395111013041088,0.8831389840379364
26049,Neutral,0.9401633971050916,0.008353197506475398,0.051483405388433115
26050,Neutral,0.8976243626843288,0.010256733058616678,0.09211890425705448
26051,LOF,0.02475507932406211,0.34665322474241095,0.6285916959335269
26052,LOF,0.029070235700092793,0.28716304838783757,0.6837667159120696
26053,LOF,0.017453614620713136,0.19121021466057453,0.7913361707187123
26054,LOF,0.05154216709754018,0.04398587543747239,0.9044719574649874
26055,LOF,0.06752467010338119,0.04390853784067098,0.8885667920559478
26056,LOF,0.06321063156436338,0.045900527016141814,0.8908888414194948
26057,LOF,0.06733600058372638,0.028243558744388133,0.9044204406718854
26058,LOF,0.07418306365294743,0.022230499491767888,0.9035864368552847
26059,LOF,0.23539196754096622,0.05842295731124544,0.7061850751477884
26060,LOF,0.017212183696345605,0.21234939785846332,0.7704384184451911
26061,LOF,0.01226735802719838,0.014275617130569134,0.9734570248422324
26062,LOF,0.005812489026011655,0.023821739111314758,0.9703657718626735
26063,LOF,0.048941345572044125,0.016534484235356563,0.9345241701925994
26064,LOF,0.008843703928419351,0.02019924696209911,0.9709570491094816
26065,LOF,0.06891017087355335,0.025286343791899285,0.9058034853345474
26066,LOF,0.05889692232996919,0.018261966428925098,0.9228411112411057
26067,LOF,0.05323324806256125,0.015821782858544544,0.9309449690788942
26068,LOF,0.052764102577882874,0.038525576140832365,0.9087103212812848
26069,LOF,0.19682361167363102,0.030075915723714305,0.7731004726026547
26070,LOF,0.43239427106048245,0.018718555200524848,0.5488871737389927
26071,LOF,0.04977455411299692,0.019126941120545075,0.931098504766458
26072,LOF,0.007653036735103726,0.020204017392894697,0.9721429458720016
26073,LOF,0.04594390075127256,0.015686931565432816,0.9383691676832946
26074,Neutral,0.6591584180324769,0.016138580768706792,0.3247030011988163
26075,LOF,0.042199099867254175,0.027218272371890898,0.930582627760855
26076,LOF,0.04598555346060928,0.018396129432313054,0.9356183171070778
26077,LOF,0.1683948269040275,0.015077604583839178,0.8165275685121333
26078,LOF,0.006629804367290617,0.03271381587744783,0.9606563797552614
26079,LOF,0.05524387003378735,0.027022145071280253,0.9177339848949324
26080,LOF,0.05424238400482284,0.02701119747429907,0.918746418520878
26081,LOF,0.047432426188782295,0.015997339337459164,0.9365702344737586
26082,LOF,0.006455561469433736,0.020743096764953926,0.9728013417656124
26083,LOF,0.11201985499298421,0.028944595241928477,0.8590355497650873
26084,LOF,0.13786761666665073,0.024775572578839333,0.8373568107545099
26085,LOF,0.12103112034712075,0.02100866460570634,0.8579602150471729
26086,LOF,0.040021235432699434,0.023691069118235417,0.9362876954490651
26087,LOF,0.04510608764999182,0.020486800527550798,0.9344071118224573
26088,LOF,0.007139415772890355,0.04385954670002906,0.9490010375270805
26089,LOF,0.03876796089586535,0.038372919990119415,0.9228591191140153
26090,LOF,0.03790068492317285,0.03419074084167303,0.9279085742351542
26091,LOF,0.03148460079930684,0.015992974926917015,0.952522424273776
26092,LOF,0.041294072755859494,0.013273438989653578,0.945432488254487
26093,LOF,0.06354319160058179,0.009178871755786171,0.927277936643632
26094,LOF,0.039065743296779344,0.011940075949813292,0.9489941807534074
26095,LOF,0.012324378339135779,0.024346016592064514,0.9633296050687997
26096,LOF,0.2693026941889548,0.005353711915530976,0.7253435938955142
26097,LOF,0.006775338461595408,0.050850143076447564,0.9423745184619571
26098,LOF,0.054805735141820716,0.025573829992597462,0.9196204348655818
26099,LOF,0.05218854126670344,0.03393091164154367,0.9138805470917529
26100,LOF,0.05218602511767868,0.03392927574162841,0.9138846991406929
26101,LOF,0.047072065656006246,0.05251878823567537,0.9004091461083185
26102,LOF,0.04217299519929033,0.021762178929028802,0.9360648258716809
26103,Neutral,0.8981924160114975,0.035121813098628704,0.06668577088987382
26104,LOF,0.048793577336832934,0.058991001716820465,0.8922154209463466
26105,LOF,0.255293103093775,0.07365964158423524,0.6710472553219897
26106,LOF,0.27914496365608504,0.03372198738948727,0.6871330489544277
26107,LOF,0.015283057767785217,0.06301822067020764,0.9216987215620072
26108,LOF,0.17119179593942857,0.06347633767527729,0.7653318663852943
26109,LOF,0.05117449544415977,0.060877680529015425,0.8879478240268247
26110,LOF,0.39050181557646957,0.012823312212998598,0.5966748722105318
26111,LOF,0.06465079916147323,0.07737596814984037,0.8579732326886864
26112,LOF,0.07237560875654364,0.012654618607571302,0.914969772635885
26113,LOF,0.11706650977515415,0.028568597368333743,0.8543648928565122
26114,LOF,0.0982051064055085,0.012151608291518736,0.8896432853029728
26115,LOF,0.020886623974325395,0.0739605462040025,0.9051528298216722
26116,LOF,0.07906060739102684,0.024753657677202584,0.8961857349317706
26117,LOF,0.3899488569787497,0.032547198983997,0.5775039440372534
26118,LOF,0.03930043002075788,0.01930799337817713,0.941391576601065
26119,LOF,0.006008015070765993,0.0837310601214943,0.9102609248077398
26120,LOF,0.03236634106431109,0.014972556286646156,0.9526611026490428
26121,LOF,0.004402110408756503,0.10678503707290107,0.8888128525183425
