feature0,prediction,LoGoFunc_Neutral,LoGoFunc_GOF,LoGoFunc_LOF
25546,Neutral,0.7713700648986054,0.030007407690472096,0.19862252741092246
25547,Neutral,0.6296902414859508,0.06007565772244908,0.3102341007916003
25548,Neutral,0.6052822626064955,0.04880563220811729,0.34591210518538734
25549,Neutral,0.5236354913025116,0.04922484306911438,0.4271396656283741
25550,LOF,0.3413113433309744,0.11710938185505569,0.5415792748139698
25551,LOF,0.28541773152522726,0.13260848355505978,0.581973784919713
25552,LOF,0.18428099019699473,0.13519527539291035,0.6805237344100948
25553,Neutral,0.8285415072560299,0.035055468609763496,0.13640302413420666
25554,LOF,0.23112248727067217,0.12955166045202,0.6393258522773078
25555,LOF,0.18514652381516677,0.1028113561059519,0.7120421200788812
25556,LOF,0.405605916950827,0.10262580142396634,0.4917682816252065
25557,LOF,0.17530156519423903,0.11861402318735612,0.7060844116184049
25558,LOF,0.22457634777285007,0.13309046413226802,0.6423331880948818
25559,LOF,0.3663867603027967,0.061651560867401985,0.5719616788298013
25560,LOF,0.06120105288810295,0.1996332276511485,0.7391657194607485
25561,LOF,0.11933532052530497,0.2189354705212958,0.6617292089533992
25562,LOF,0.09991512553458444,0.10012645564733112,0.7999584188180844
25563,LOF,0.10951450170939836,0.10939791028380184,0.7810875880067997
25564,LOF,0.1491166103519399,0.18389474860310606,0.6669886410449539
25565,LOF,0.13156284061193949,0.17200306570854773,0.6964340936795127
25566,GOF,0.015135764418515947,0.7139997367422519,0.2708644988392321
25567,LOF,0.012866937949654017,0.12481586962309024,0.8623171924272557
25568,LOF,0.04945027721431282,0.05861108176836112,0.891938641017326
25569,LOF,0.06630843313891027,0.05558588097059794,0.8781056858904918
25570,LOF,0.06412063281417606,0.09329813562950948,0.8425812315563145
25571,LOF,0.05760499205451459,0.08421401709610286,0.8581809908493825
25572,LOF,0.06316381700623305,0.11933333867469528,0.8175028443190716
25573,LOF,0.029515221396077974,0.0864849983827324,0.8839997802211897
25574,LOF,0.019271010652921226,0.14097641350308027,0.8397525758439985
25575,LOF,0.049439520393431656,0.09064877232236607,0.8599117072842023
25576,LOF,0.018712319924163896,0.10254526622694071,0.8787424138488953
25577,LOF,0.015608019067750537,0.12992954660291992,0.8544624343293294
25578,LOF,0.2406560028509312,0.07897880192201896,0.6803651952270499
25579,LOF,0.2408728881288769,0.07842707508192069,0.6807000367892024
25580,LOF,0.03467468088014592,0.081577487251938,0.8837478318679162
25581,LOF,0.04951898448541757,0.06202538475300679,0.8884556307615756
25582,LOF,0.04927182672695411,0.059176748583593494,0.8915514246894525
25583,LOF,0.04225377229064736,0.08679045852404907,0.8709557691853036
25584,Neutral,0.4808247938117531,0.07512622400288713,0.4440489821853597
25585,LOF,0.03384888358832817,0.10414209643357743,0.8620090199780943
25586,LOF,0.040791449081049806,0.07348469864587875,0.8857238522730714
25587,LOF,0.03553593723643483,0.07099152901805235,0.8934725337455128
25588,LOF,0.03619944450631021,0.09538446074925142,0.8684160947444384
25589,Neutral,0.6043689880703494,0.09504881683531931,0.3005821950943313
25590,LOF,0.028459938275992913,0.1257115106959012,0.8458285510281058
25591,LOF,0.11487934441792608,0.04811302970995823,0.8370076258721157
25592,LOF,0.10469504899510909,0.1332586713753404,0.7620462796295505
25593,LOF,0.018529639645945742,0.2291896735537543,0.7522806868003
25594,LOF,0.036437929344365176,0.1843347080719059,0.7792273625837289
25595,LOF,0.05740594300363743,0.1499935562999351,0.7926005006964274
25596,LOF,0.06049526375721596,0.0904748599675772,0.8490298762752068
25597,LOF,0.058420634140713835,0.07313860406664631,0.8684407617926398
25598,LOF,0.04658440964139976,0.18829513250854868,0.7651204578500516
25599,GOF,0.006265262222736388,0.7041775260852066,0.2895572116920571
25600,GOF,0.008471075348426026,0.5520422350187602,0.4394866896328138
25601,LOF,0.006614994237486517,0.4430544428605983,0.5503305629019152
25602,LOF,0.017022261976033147,0.060432746171921174,0.9225449918520457
25603,LOF,0.03689574628662945,0.03370707832680273,0.9293971753865677
25604,LOF,0.045686785246083605,0.06568102389487716,0.8886321908590392
25605,LOF,0.009832521158198694,0.2743252614667433,0.715842217375058
25606,GOF,0.06352866126027365,0.48801267689415795,0.44845866184556854
25607,LOF,0.0038926794813135975,0.1637335255415519,0.8323737949771346
25608,LOF,0.06353215862519652,0.05527656961065096,0.8811912717641526
25609,LOF,0.05458194398580104,0.40815856969711245,0.5372594863170865
25610,LOF,0.05123438448282174,0.036033333865953046,0.9127322816512252
25611,LOF,0.06561190030377488,0.029677363817571342,0.9047107358786537
25612,LOF,0.12935567272563792,0.050114268501683525,0.8205300587726785
25613,LOF,0.10854926014921597,0.040708395517518786,0.8507423443332652
25614,LOF,0.045053465682795106,0.038700321056833846,0.9162462132603711
25615,LOF,0.06402410748405206,0.043747521631808145,0.8922283708841399
25616,LOF,0.043144674477678564,0.041715036427662285,0.9151402890946592
25617,LOF,0.04197071240457663,0.044830052728436404,0.913199234866987
25618,LOF,0.24586768991712593,0.04077817170190776,0.7133541383809663
25619,LOF,0.04256325243017285,0.03648930942010918,0.920947438149718
25620,LOF,0.046204128025854246,0.04696373396629875,0.906832138007847
25621,LOF,0.043528642971304196,0.03272371379245492,0.9237476432362408
25622,LOF,0.0338404161652041,0.04909387790363377,0.9170657059311621
25623,LOF,0.06489146434967302,0.031857920025072865,0.9032506156252542
25624,LOF,0.03561336753332412,0.04838104948614581,0.9160055829805301
25625,LOF,0.04277282151151267,0.051542161234923306,0.9056850172535641
25626,LOF,0.08649529815023513,0.032773676394923144,0.8807310254548416
25627,Neutral,0.583714304706558,0.09190935158331226,0.32437634371012963
25628,LOF,0.20995802109732858,0.050343733883689665,0.7396982450189816
25629,LOF,0.09051969507478265,0.13248227168665289,0.7769980332385644
25630,LOF,0.20552743810293092,0.08985239409272472,0.7046201678043443
25631,Neutral,0.6069634738035226,0.05732213904214366,0.33571438715433377
25632,LOF,0.02264865175135194,0.08413874754137807,0.8932126007072699
25633,LOF,0.23159530708940487,0.08349244808454952,0.6849122448260456
25634,LOF,0.03989179412578119,0.1006244001051071,0.8594838057691118
25635,LOF,0.03614852510835932,0.08396996188575802,0.8798815130058826
25636,GOF,0.0068905567910386364,0.6921475234717498,0.3009619197372114
25637,GOF,0.004779236633810635,0.5799054741198724,0.4153152892463171
25638,LOF,0.00983156727028857,0.44743525760074043,0.5427331751289709
25639,LOF,0.005136608889734838,0.4470581967891419,0.5478051943211232
25640,GOF,0.3872336000537776,0.5693633982957098,0.04340300165051275
25641,LOF,0.00608100696517173,0.3456175256226726,0.6483014674121557
25642,LOF,0.26353788652705823,0.10288286784002004,0.6335792456329217
25643,LOF,0.19471009133758077,0.35509247680728084,0.45019743185513844
25644,GOF,0.027365255862296118,0.6807294125043564,0.29190533163334753
25645,GOF,0.018893200881428096,0.63880015562803,0.3423066434905418
25646,LOF,0.024258204437228065,0.46729720438126093,0.508444591181511
25647,LOF,0.017865486599601462,0.3436426765657328,0.6384918368346657
25648,LOF,0.015908647954971926,0.38917907040860256,0.5949122816364254
25649,LOF,0.01507806239065649,0.27946217895033126,0.7054597586590122
25650,GOF,0.04522876395305926,0.6741571705493438,0.28061406549759693
25651,LOF,0.013067098193429254,0.3260325887853528,0.660900313021218
25652,LOF,0.022704740450525736,0.37657211815052294,0.6007231413989514
25653,GOF,0.09262621724876231,0.5838244360758493,0.3235493466753883
25654,LOF,0.015397408932096372,0.404938921232991,0.5796636698349127
25655,GOF,0.13383914738375255,0.5359036211562442,0.3302572314600033
25656,LOF,0.05187288628943023,0.09717586584494418,0.8509512478656256
25657,LOF,0.28370043298696457,0.043685886538607936,0.6726136804744275
25658,LOF,0.0322343855245287,0.1820971439528619,0.7856684705226094
25659,LOF,0.19804175186627357,0.08394781557748397,0.7180104325562425
25660,LOF,0.10360202000337629,0.10395963217271317,0.7924383478239105
25661,LOF,0.0868519415855012,0.06856027725861548,0.8445877811558834
25662,LOF,0.035905352060952,0.048833487016957534,0.9152611609220904
25663,LOF,0.04368951671227846,0.08356746720314202,0.8727430160845794
25664,LOF,0.03171569909050735,0.13974100808342127,0.8285432928260714
25665,LOF,0.047340804268148816,0.05617948866284786,0.8964797070690034
25666,LOF,0.04302937350429167,0.17881467846707777,0.7781559480286306
25667,LOF,0.03610776881907423,0.06537413563079308,0.8985180955501327
25668,LOF,0.0481997377076009,0.05463249163381943,0.8971677706585796
25669,LOF,0.057061428641032926,0.10006273470679992,0.8428758366521671
25670,LOF,0.11864241382991296,0.11093313969133889,0.7704244464787481
25671,LOF,0.04370615475819941,0.05357559849715568,0.902718246744645
25672,LOF,0.04627548623583482,0.07196315738146838,0.8817613563826968
25673,LOF,0.03728205126311315,0.08544934116074798,0.877268607576139
25674,LOF,0.026699791748113016,0.09927969636043055,0.8740205118914565
25675,LOF,0.03788775132168944,0.08768138810000024,0.8744308605783103
25676,LOF,0.033470620604898346,0.07327232002274277,0.8932570593723589
25677,LOF,0.09220785832290024,0.05889147669437514,0.8489006649827247
25678,LOF,0.16588949505548753,0.046885251530440646,0.7872252534140719
25679,LOF,0.11755317002678106,0.06800165287524436,0.8144451770979745
25680,LOF,0.09019631901776211,0.09096523236820485,0.818838448614033
25681,LOF,0.10819955040368476,0.08305055882672817,0.808749890769587
25682,LOF,0.05713640206669029,0.06906905299492051,0.8737945449383893
25683,LOF,0.07564095602626165,0.10821662687743229,0.8161424170963062
25684,LOF,0.06747158789641228,0.07925966156227264,0.853268750541315
25685,LOF,0.10429716716832554,0.053206756154587864,0.8424960766770866
25686,LOF,0.0353255699491622,0.11997827910150594,0.8446961509493318
25687,LOF,0.05617611234778465,0.11211496772589936,0.831708919926316
25688,LOF,0.018500549435978668,0.07483116199977465,0.9066682885642467
25689,LOF,0.01542913964614626,0.04341148812703914,0.9411593722268147
25690,LOF,0.014470770322473589,0.059455039183882695,0.9260741904936437
25691,LOF,0.12451675506024526,0.09087787768376032,0.7846053672559945
25692,LOF,0.18133852477209814,0.012011195034253349,0.8066502801936485
25693,LOF,0.046320707267587885,0.13844600215589528,0.815233290576517
25694,LOF,0.2804952904746201,0.01149121804985941,0.7080134914755205
25695,LOF,0.22016301132146848,0.01806984607702763,0.7617671426015038
25696,LOF,0.14480228452943325,0.01616355564036744,0.8390341598301994
25697,LOF,0.11918608406977013,0.03855646253657436,0.8422574533936555
25698,LOF,0.02051005799877144,0.3092140683144762,0.6702758736867525
25699,LOF,0.09779485427935519,0.09674978480968181,0.805455360910963
25700,LOF,0.03358547591887476,0.017221500980110594,0.9491930231010146
25701,LOF,0.018092484457255312,0.10551406523888518,0.8763934503038595
25702,GOF,0.022685597286099063,0.7566544450705411,0.22065995764335988
25703,LOF,0.015871452010087043,0.2067858604522005,0.7773426875377124
25704,LOF,0.09797819168959945,0.20985956642903741,0.6921622418813632
25705,LOF,0.08175225819029296,0.2989674115119937,0.6192803302977135
25706,GOF,0.022020169796355005,0.6728637371525965,0.30511609305104853
25707,GOF,0.03145580745392651,0.652115935265389,0.3164282572806845
25708,GOF,0.010425118353432714,0.6168350538865431,0.37273982776002407
25709,LOF,0.027599358265479636,0.09432869601024081,0.8780719457242796
25710,LOF,0.005520520279558817,0.2722873670605732,0.722192112659868
25711,LOF,0.02822933575552381,0.15910933425032536,0.8126613299941507
25712,LOF,0.007473934128416017,0.30260206917722293,0.6899239966943611
25713,LOF,0.023471339380089547,0.1377277754615624,0.8388008851583479
25714,LOF,0.027617717154497356,0.1780362914757283,0.7943459913697745
25715,LOF,0.029300289525455436,0.1588725802355783,0.8118271302389664
25716,LOF,0.008113681250690436,0.21333014339941384,0.7785561753498957
25717,LOF,0.006467848215497908,0.22759589598323787,0.7659362558012641
25718,LOF,0.02737142623028747,0.1201351645931251,0.8524934091765876
25719,LOF,0.03687695394439997,0.1374980831213397,0.8256249629342604
25720,LOF,0.04047103504981915,0.13544420086670747,0.8240847640834734
25721,LOF,0.030344416335938477,0.1202474386811045,0.849408144982957
25722,LOF,0.020036751103667143,0.17205086427892724,0.8079123846174056
25723,LOF,0.029682787065950143,0.12498642505026634,0.8453307878837836
25724,LOF,0.027717278786520194,0.22339147807560894,0.7488912431378709
25725,LOF,0.030255404632644877,0.10956486523097037,0.8601797301363848
25726,LOF,0.02046153001921269,0.15547629123803666,0.8240621787427506
25727,LOF,0.027412962661188374,0.15861488498823875,0.813972152350573
25728,LOF,0.027535872012685106,0.15362746239429872,0.8188366655930162
25729,LOF,0.026870591219692458,0.17640941636869545,0.796719992411612
25730,LOF,0.031246383724615676,0.11456479954720226,0.8541888167281821
25731,LOF,0.01057631495580449,0.2506334652485191,0.7387902197956764
25732,LOF,0.022694648138490883,0.12686185662677582,0.8504434952347332
25733,LOF,0.03861345897806353,0.11428972787890743,0.847096813143029
25734,LOF,0.006756313491470533,0.34277088304368003,0.6504728034648495
25735,LOF,0.02508601735721121,0.10548591850236108,0.8694280641404278
25736,LOF,0.024093242135469727,0.17418081062004007,0.8017259472444903
25737,LOF,0.05692126634095784,0.15524778630337455,0.7878309473556676
25738,LOF,0.02586466185579326,0.18334998759081259,0.7907853505533942
25739,LOF,0.03131403902983581,0.14497775348460049,0.8237082074855637
25740,LOF,0.032510873753774476,0.15718967671516698,0.8102994495310585
25741,LOF,0.03884292452634374,0.1398021295652243,0.8213549459084319
25742,LOF,0.051854851685582216,0.15373153474812934,0.7944136135662884
25743,LOF,0.011236123398279604,0.024428614474273993,0.9643352621274465
25744,LOF,0.21473275240930528,0.2549851468100341,0.5302821007806606
25745,LOF,0.03799027885551777,0.06044089339276621,0.9015688277517161
25746,LOF,0.016153367606175462,0.07082582709704892,0.9130208052967755
25747,LOF,0.03715861371028418,0.027107675359772498,0.9357337109299434
25748,LOF,0.27179378102007956,0.04743830260024557,0.6807679163796749
25749,LOF,0.016412135461463265,0.0473271797741615,0.9362606847643752
25750,LOF,0.021474531805991525,0.04842523746476346,0.930100230729245
25751,LOF,0.039403319003288466,0.04579448547089044,0.9148021955258212
25752,GOF,0.07111775090381775,0.7392624607048225,0.1896197883913598
25753,LOF,0.006472472601518293,0.4553808824915774,0.5381466449069044
25754,GOF,0.0070443320627409664,0.8830559350669742,0.10989973287028472
25755,GOF,0.0065804413740775895,0.5083904287927343,0.48502912983318813
25756,GOF,0.024576097682708593,0.49484397862173923,0.4805799236955521
25757,GOF,0.007665890595264125,0.8799169599875488,0.11241714941718718
25758,GOF,0.008843948816415112,0.8952889758125413,0.09586707537104354
25759,GOF,0.005334645111602684,0.6826586870193515,0.3120066678690457
25760,LOF,0.00561982963648763,0.3804655772865188,0.6139145930769935
25761,GOF,0.04496856861149644,0.8686842109578824,0.08634722043062122
25762,LOF,0.027237421431331833,0.4385863407076707,0.5341762378609974
25763,LOF,0.005394488156924167,0.3486674016942216,0.6459381101488543
25764,GOF,0.05067961029403046,0.708407212793621,0.24091317691234848
25765,GOF,0.007501845584817233,0.8952149879214588,0.09728316649372394
25766,GOF,0.04116785024771209,0.8545172354844399,0.10431491426784803
25767,GOF,0.020496316194730562,0.5561563092433716,0.42334737456189775
25768,LOF,0.05568483695048007,0.04593877358737783,0.898376389462142
25769,LOF,0.03652773933209744,0.07528305660167912,0.8881892040662234
25770,LOF,0.19558556903214586,0.08166551502978849,0.7227489159380658
25771,LOF,0.01976052346957362,0.07340496055575546,0.9068345159746709
25772,LOF,0.03005885583730945,0.029119006991699545,0.9408221371709911
25773,LOF,0.02020947559130423,0.07988654011355538,0.8999039842951404
25774,LOF,0.027511927264340374,0.14915485470487658,0.823333218030783
25775,LOF,0.022557420372220468,0.04209574112594556,0.935346838501834
25776,LOF,0.02903580643895179,0.023879616460680042,0.9470845771003683
25777,LOF,0.3001604114953164,0.09968106812987707,0.6001585203748065
25778,LOF,0.026911245810645166,0.04858099866179526,0.9245077555275595
25779,GOF,0.08039892211181586,0.843697408682518,0.07590366920566614
25780,GOF,0.1007218017037414,0.8390849884766625,0.06019320981959632
25781,GOF,0.04108863939694887,0.8302892497007504,0.1286221109023007
25782,GOF,0.050520510216568504,0.8728494683653719,0.07663002141805962
25783,GOF,0.04456266923833492,0.8973039817424028,0.05813334901926236
25784,GOF,0.13876601368960445,0.817390114131582,0.04384387217881357
25785,GOF,0.16268108396428138,0.7962843030773719,0.041034612958346824
25786,GOF,0.013853522816116582,0.8637903317100307,0.1223561454738528
25787,GOF,0.3031210811020245,0.6499138461396324,0.04696507275834304
25788,LOF,0.019348790601674583,0.15252084232623364,0.8281303670720916
25789,GOF,0.023574087452594466,0.8327077178135616,0.14371819473384406
25790,GOF,0.0387498520895541,0.8504874805397504,0.11076266737069536
25791,GOF,0.035588365543709005,0.6912544855695829,0.2731571488867081
25792,GOF,0.04264484836888421,0.7472627325519824,0.2100924190791335
25793,GOF,0.06554894007393854,0.7916022168651322,0.14284884306092924
25794,GOF,0.0802150230474579,0.680166025603231,0.23961895134931105
25795,GOF,0.06556164115216655,0.6945092167012921,0.23992914214654146
25796,GOF,0.15888649735240373,0.754830487329557,0.0862830153180393
25797,GOF,0.123228305765882,0.6916336871084939,0.18513800712562403
25798,GOF,0.00910772269410752,0.7636496539864054,0.22724262331948705
25799,GOF,0.005494860428652822,0.6742395017286793,0.3202656378426678
25800,GOF,0.032138203803489696,0.8208938244555125,0.14696797174099777
25801,GOF,0.029850443392336418,0.8855955817273241,0.08455397488033956
25802,GOF,0.038589709680289304,0.759973616423132,0.2014366738965787
25803,GOF,0.02628533154848095,0.6915316008171231,0.28218306763439605
25804,GOF,0.04233279028192134,0.7382539759868015,0.21941323373127725
25805,GOF,0.04132291337212301,0.7739772906581869,0.18469979596969016
25806,GOF,0.05811453813892422,0.7740875263535943,0.16779793550748145
25807,GOF,0.017712570540207827,0.7192178212579449,0.26306960820184727
25808,GOF,0.031828689004090596,0.7362678952858919,0.23190341571001755
25809,GOF,0.013342715937969858,0.6568029263151136,0.3298543577469166
25810,GOF,0.011976843746471164,0.6476733940397036,0.34034976221382524
25811,GOF,0.07012250233100353,0.8424729362030994,0.08740456146589722
25812,GOF,0.037658110897267665,0.7186200922488515,0.24372179685388087
25813,GOF,0.20327299285905873,0.6970164006661497,0.09971060647479166
25814,GOF,0.03886986573234015,0.7298284601206814,0.2313016741469786
25815,GOF,0.07156487983835347,0.7951093664886577,0.13332575367298885
25816,GOF,0.011050470188133153,0.8461609867412175,0.1427885430706493
25817,GOF,0.133903911864511,0.7441763891376527,0.12191969899783625
25818,GOF,0.0351531366949165,0.7558240020902167,0.2090228612148669
25819,GOF,0.06521925400022774,0.7301064536326793,0.20467429236709292
25820,GOF,0.06640844721423378,0.6815831041143243,0.2520084486714418
25821,GOF,0.04291787485272805,0.7329137199792096,0.2241684051680624
25822,GOF,0.07916625614734923,0.67832524200971,0.24250850184294062
25823,GOF,0.035926622770012934,0.6668226247984136,0.2972507524315734
25824,GOF,0.03900152033246108,0.7375608832539005,0.22343759641363845
25825,GOF,0.030006929402573875,0.7256278579453539,0.24436521265207223
25826,GOF,0.014239484367852388,0.6784181522121192,0.3073423634200284
25827,GOF,0.017714809725827507,0.6624239496768228,0.31986124059734977
25828,GOF,0.015406817188692851,0.7098151150208003,0.27477806779050684
25829,GOF,0.004898451752425207,0.6281768504728702,0.36692469777470454
25830,GOF,0.04207163367474681,0.4794183430376836,0.4785100232875696
25831,GOF,0.0724566757817772,0.781572003380942,0.14597132083728068
25832,GOF,0.013325291796120645,0.693703116377486,0.29297159182639343
25833,GOF,0.048051726797652634,0.7648519870224861,0.1870962861798611
25834,GOF,0.013414163571020404,0.7100389706766488,0.2765468657523308
25835,GOF,0.03131242401986441,0.7812112309021156,0.18747634507801986
25836,GOF,0.009102497094446615,0.6953242176975057,0.29557328520804765
25837,GOF,0.012240290898840525,0.7139473777933981,0.2738123313077613
25838,GOF,0.030088285448028437,0.790624809627545,0.17928690492442653
25839,GOF,0.07903964399008885,0.7521287954118179,0.16883156059809326
25840,GOF,0.11905645881029757,0.7211544471061447,0.15978909408355757
25841,GOF,0.1161385458927609,0.7631382766524996,0.12072317745473965
25842,GOF,0.03775479232053865,0.8412317449704374,0.12101346270902384
25843,GOF,0.03751032079182747,0.8489825438522614,0.11350713535591127
25844,GOF,0.028213309821978675,0.7777584657011379,0.1940282244768834
25845,GOF,0.008198862091475481,0.6782622215915214,0.31353891631700304
25846,GOF,0.0833153085908468,0.8017593553236269,0.11492533608552633
25847,GOF,0.020008487001373514,0.851320480052244,0.12867103294638252
25848,GOF,0.03129144359430692,0.7984594818464298,0.17024907455926327
25849,GOF,0.009152572777332207,0.7653229602407571,0.22552446698191075
25850,GOF,0.008204271812805272,0.6877346337280392,0.30406109445915547
25851,GOF,0.007579933337201714,0.6305779965121087,0.36184207015068964
25852,GOF,0.17388284364872392,0.5128493430052317,0.3132678133460444
25853,GOF,0.07876777056687301,0.7547759629830434,0.16645626645008352
25854,GOF,0.007501409447262151,0.6572485736092932,0.33525001694344453
25855,GOF,0.028828451755674063,0.6374542198143871,0.33371732842993884
25856,GOF,0.061184201129735834,0.7090759843311335,0.2297398145391306
25857,GOF,0.030217883781898464,0.641140450008225,0.3286416662098766
25858,GOF,0.0114959765988779,0.5993965301288466,0.3891074932722755
25859,GOF,0.008340420621540513,0.5681180245466689,0.4235415548317906
25860,GOF,0.09620871404083245,0.7258234325191124,0.1779678534400552
25861,GOF,0.11699049635782126,0.7559355585829326,0.12707394505924624
25862,GOF,0.03062931761826651,0.8574941007332416,0.11187658164849178
25863,GOF,0.029115246669745774,0.8444206345880891,0.12646411874216507
25864,GOF,0.07048901891878058,0.8396151727527887,0.08989580832843069
25865,GOF,0.05908138806135307,0.8149185657882088,0.12600004615043806
25866,GOF,0.029677299845204716,0.8102419435421738,0.16008075661262136
25867,GOF,0.049721335146689125,0.8150037853475357,0.1352748795057752
25868,GOF,0.08786958145003183,0.7359581820054667,0.17617223654450143
25869,GOF,0.4109731876464794,0.4805054380542268,0.10852137429929368
25870,GOF,0.07823478068035848,0.5054150937896295,0.41635012553001216
25871,GOF,0.011559547121762936,0.7918789248932467,0.19656152798499035
25872,GOF,0.028497436726528564,0.7910382287107873,0.1804643345626841
25873,GOF,0.02562033523659923,0.8413183286433654,0.1330613361200353
25874,LOF,0.018939297615161423,0.18065509692735987,0.8004056054574787
25875,LOF,0.024700989212053093,0.11034378238382027,0.8649552284041268
25876,LOF,0.01990266541106369,0.06440169067789404,0.9156956439110422
25877,LOF,0.09553096678701217,0.22179692917985866,0.6826721040331292
25878,LOF,0.06149364927370029,0.2641769803580351,0.6743293703682646
25879,LOF,0.010795706915093477,0.19449711507120904,0.7947071780136975
25880,LOF,0.06723352694034335,0.021410848597949363,0.9113556244617073
25881,Neutral,0.5576104096082766,0.0848709795813217,0.35751861081040176
25882,LOF,0.07388198509668925,0.027356879102968454,0.8987611358003423
25883,LOF,0.032717578018636506,0.025390826137555594,0.9418915958438079
25884,LOF,0.023329443946752272,0.042339159149089464,0.9343313969041583
25885,LOF,0.20098497653182512,0.013501587830300388,0.7855134356378745
25886,LOF,0.25778148392053407,0.050297385593409225,0.6919211304860566
25887,LOF,0.09665935183057636,0.13207736770976797,0.7712632804596558
25888,LOF,0.00831755440866368,0.17964287361174006,0.8120395719795962
25889,LOF,0.031037238543579614,0.03519731775668771,0.9337654436997327
25890,LOF,0.20606672967758183,0.07166022988535119,0.722273040437067
25891,LOF,0.1002283747298147,0.04253620368669143,0.857235421583494
25892,LOF,0.008541996573127474,0.030179896999059336,0.9612781064278132
25893,LOF,0.30954300582998284,0.010753591659039908,0.6797034025109773
25894,LOF,0.33274743129184436,0.007584537553465428,0.6596680311546902
25895,LOF,0.28014789097494414,0.013848652863676581,0.7060034561613793
25896,LOF,0.08580987523677948,0.030429528188636187,0.8837605965745843
25897,LOF,0.1360752796424754,0.010552223201556181,0.8533724971559685
25898,LOF,0.11828582535479316,0.02955723016353321,0.8521569444816737
25899,LOF,0.4201782260793364,0.033917338355772264,0.5459044355648914
25900,Neutral,0.6527587115575064,0.013305537763073813,0.33393575067941983
25901,LOF,0.1050095901803379,0.01368818099918565,0.8813022288204765
25902,LOF,0.11337015514347362,0.014810901600759036,0.8718189432557673
25903,LOF,0.20006683088883687,0.027388021935312683,0.7725451471758503
25904,Neutral,0.551541991863755,0.04277924300596676,0.40567876513027823
25905,LOF,0.0076735091115390786,0.39205647980333236,0.6002700110851286
25906,LOF,0.008793606814429847,0.07417684461043227,0.9170295485751379
25907,LOF,0.008578424280983397,0.25716835493990864,0.7342532207791079
25908,LOF,0.009244726965599833,0.24820035518930925,0.7425549178450909
25909,LOF,0.032450530311514285,0.10436905323070547,0.8631804164577802
25910,LOF,0.013650681328270556,0.15269514021002406,0.8336541784617053
25911,LOF,0.1781009502972694,0.026839155111899382,0.7950598945908313
25912,LOF,0.10109540969269434,0.018835379135994063,0.8800692111713115
25913,LOF,0.021524707060018963,0.028256547190638318,0.9502187457493427
25914,LOF,0.046030874756322185,0.028115491233315273,0.9258536340103625
25915,LOF,0.17025470912873608,0.21141545578773244,0.6183298350835315
25916,LOF,0.013366592386872331,0.10211048833813298,0.8845229192749947
25917,LOF,0.07668868089537216,0.028935613966049135,0.8943757051385788
25918,LOF,0.04006921330730339,0.014881359169306814,0.9450494275233897
25919,LOF,0.034128500185714,0.0164905701101968,0.9493809297040892
25920,LOF,0.30570389134917786,0.1741399713193051,0.520156137331517
25921,LOF,0.02040374358750805,0.01781424958747184,0.9617820068250201
25922,LOF,0.018748435640236746,0.018622752981633836,0.9626288113781293
25923,LOF,0.45683368013121073,0.011841058042046885,0.5313252618267423
25924,LOF,0.029486318882214518,0.018245554576465907,0.9522681265413196
25925,LOF,0.11818110553629856,0.027869049319236845,0.8539498451444646
25926,LOF,0.09894532417940703,0.02127636815317963,0.8797783076674134
25927,LOF,0.029307501872262623,0.03810622269709869,0.9325862754306387
25928,LOF,0.015762861532081122,0.022346164852038695,0.9618909736158802
25929,Neutral,0.5945287820259197,0.011651664556268213,0.39381955341781205
25930,LOF,0.10692168865506393,0.011801125585414194,0.8812771857595219
25931,LOF,0.017247653558020055,0.01612750068057951,0.9666248457614005
25932,LOF,0.09592469300803395,0.01309019869434252,0.8909851082976235
25933,LOF,0.09714145623614519,0.007953423195926498,0.8949051205679283
25934,LOF,0.09805043151556814,0.0072402814969523424,0.8947092869874794
25935,LOF,0.12059803158685418,0.02264825455829392,0.8567537138548518
25936,LOF,0.10610096381840889,0.008261571538039062,0.8856374646435521
25937,LOF,0.024123085559398055,0.015762331325028578,0.9601145831155734
25938,LOF,0.11749965886922334,0.019799976527787876,0.8627003646029887
25939,LOF,0.07396599420729898,0.01235512058583275,0.9136788852068682
25940,GOF,0.011643219961669624,0.5212695895409053,0.4670871904974251
25941,Neutral,0.48673475898317264,0.04570004513812282,0.4675651958787045
25942,LOF,0.01105051287844456,0.04713255222816003,0.9418169348933954
25943,LOF,0.04931553546568847,0.208589278065013,0.7420951864692985
25944,LOF,0.058693035881184845,0.10354349941517119,0.8377634647036439
25945,LOF,0.1803670410523758,0.030804343101116568,0.7888286158465077
25946,LOF,0.07633822077063497,0.04272711600981712,0.8809346632195478
25947,Neutral,0.4929526147722841,0.14305939121986827,0.3639879940078476
25948,LOF,0.3819595430987936,0.010373888733355445,0.607666568167851
25949,LOF,0.1363227082823807,0.06746581452867605,0.7962114771889431
25950,GOF,0.1277516968185822,0.625475070736366,0.24677323244505184
25951,GOF,0.011437823979222035,0.5021013606155246,0.4864608154052533
25952,LOF,0.14927663985654166,0.3085973862815563,0.542125973861902
25953,LOF,0.0072772669771294955,0.32127168024501007,0.6714510527778604
25954,LOF,0.06942718182815318,0.4427635060525553,0.48780931211929146
25955,LOF,0.010575902636512164,0.26768914141634753,0.7217349559471403
25956,LOF,0.010542966686463652,0.39439051999245683,0.5950665133210794
25957,LOF,0.17161307182535174,0.050657687917861384,0.7777292402567868
25958,LOF,0.029635842951947856,0.06487842431625386,0.9054857327317982
25959,GOF,0.0067364415202226776,0.7257153062752066,0.2675482522045707
25960,LOF,0.00493161421523814,0.12713926004048967,0.8679291257442722
25961,LOF,0.026152884553201108,0.051012351109473046,0.9228347643373257
25962,LOF,0.03214180362398314,0.0917428943567986,0.8761153020192183
25963,LOF,0.009235135060294723,0.1431159921498311,0.8476488727898741
25964,LOF,0.04554696381850436,0.11235028245719109,0.8421027537243045
25965,LOF,0.1687187193019056,0.17008909689665414,0.6611921838014402
25966,LOF,0.3122663453234265,0.09641852991372947,0.591315124762844
25967,LOF,0.006522544527770199,0.09379207650446589,0.8996853789677639
25968,LOF,0.05210695155180338,0.25691972181609124,0.6909733266321053
25969,LOF,0.14071153605068396,0.06580502263886387,0.7934834413104522
25970,LOF,0.06236227083315624,0.05900048465158956,0.8786372445152542
25971,LOF,0.06990421287005472,0.030871888534891624,0.8992238985950536
25972,LOF,0.08265760561070865,0.050990540048120356,0.866351854341171
25973,LOF,0.0538876056990378,0.011185093116486446,0.9349273011844758
25974,LOF,0.06161656282416937,0.04543680913585033,0.8929466280399803
25975,LOF,0.03496840110529766,0.015420907775763007,0.9496106911189393
25976,LOF,0.09113061173693343,0.01194856793380423,0.8969208203292625
25977,LOF,0.23145621959126939,0.05564320277395899,0.7129005776347715
25978,LOF,0.14764742421996702,0.15767011533416678,0.6946824604458662
25979,LOF,0.11921903412998336,0.16362942450445983,0.7171515413655569
25980,LOF,0.19499474241406475,0.2531595131384574,0.5518457444474778
25981,LOF,0.19696697511218686,0.2567679522569289,0.5462650726308842
25982,LOF,0.34967702431980047,0.12375954832715254,0.5265634273530471
25983,Neutral,0.4530232327552587,0.12570483404900817,0.42127193319573314
25984,LOF,0.06991137676075004,0.0944365970005135,0.8356520262387365
25985,Neutral,0.4470013466399314,0.13916352055407943,0.4138351328059891
25986,LOF,0.016200651483353073,0.4450933033633195,0.5387060451533274
25987,LOF,0.04146664163861795,0.10230993640287607,0.8562234219585061
25988,LOF,0.06383198020085046,0.17901717126020042,0.757150848538949
25989,LOF,0.0744694839597574,0.2061448992429146,0.719385616797328
25990,LOF,0.06083921108622334,0.377799794710167,0.5613609942036096
25991,GOF,0.02572766443907169,0.5422018135943613,0.43207052196656703
25992,LOF,0.013758167641318689,0.45634502606431165,0.5298968062943696
25993,LOF,0.017913086541726318,0.07339572673042707,0.9086911867278467
25994,LOF,0.024416304555264955,0.07414284529376754,0.9014408501509675
25995,LOF,0.01756819353992731,0.12434104717181853,0.8580907592882542
25996,GOF,0.31346311325503995,0.4423133113542179,0.24422357539074216
25997,GOF,0.06180513899269452,0.5349282619211235,0.4032665990861819
25998,LOF,0.2431685842225437,0.03572823846853501,0.7211031773089213
25999,LOF,0.025906145897348333,0.32032451599881456,0.6537693381038371
26000,LOF,0.13253195879296853,0.01437604029499838,0.8530920009120331
26001,LOF,0.14805141344582606,0.022291190153122933,0.8296573964010509
26002,LOF,0.07901883031439093,0.023418253601270936,0.8975629160843382
26003,GOF,0.007211804321678763,0.5797677332547588,0.4130204624235624
26004,GOF,0.018190948242002944,0.602592461648004,0.379216590109993
26005,LOF,0.005532382265155024,0.45319459054012645,0.5412730271947186
26006,GOF,0.10280648717603548,0.49435650344583687,0.4028370093781276
26007,LOF,0.010760387408214852,0.45933320301566105,0.5299064095761241
26008,GOF,0.007449178446458056,0.5845753438623947,0.40797547769114717
26009,GOF,0.012110291232509531,0.6132145259987393,0.3746751827687511
26010,GOF,0.010364770848803313,0.5336634186578063,0.4559718104933905
26011,LOF,0.005985175635191433,0.3926178705112812,0.6013969538535274
26012,GOF,0.005628185610998123,0.5204701312356783,0.4739016831533236
26013,GOF,0.012261966818435653,0.553402081365106,0.4343359518164584
26014,LOF,0.04428987439465017,0.08052165948364491,0.8751884661217049
26015,LOF,0.4018116977445409,0.021324578293257894,0.5768637239622012
26016,LOF,0.2665205660853393,0.028538208747711017,0.7049412251669497
26017,LOF,0.017532102982213325,0.1175495967126823,0.8649183003051044
26018,LOF,0.03419124676072692,0.06194482100580026,0.9038639322334729
26019,LOF,0.03360989978288137,0.05403469727849822,0.9123554029386204
26020,LOF,0.006940177757434049,0.1132502526727228,0.879809569569843
26021,LOF,0.0772614812564614,0.050293231345597274,0.8724452873979414
26022,LOF,0.03924970611805902,0.025199555676740752,0.9355507382052002
26023,LOF,0.025112459487308603,0.03743594504803701,0.9374515954646544
26024,LOF,0.05105667126463751,0.03728094316525002,0.9116623855701125
26025,LOF,0.1276719989615847,0.04625368391804485,0.8260743171203704
26026,LOF,0.12033036572265204,0.03336202728526951,0.8463076069920784
26027,LOF,0.03352719904625553,0.02233688697395996,0.9441359139797845
26028,LOF,0.06543761889655227,0.18380563743435196,0.7507567436690957
26029,LOF,0.029808277146837217,0.18700590596008096,0.7831858168930818
26030,LOF,0.11108637339099353,0.02571924158769694,0.8631943850213095
26031,LOF,0.012031614096406467,0.1697325602480059,0.8182358256555876
26032,LOF,0.036527514399572414,0.047340867950249506,0.9161316176501781
26033,LOF,0.03819045502035697,0.04887508772563844,0.9129344572540046
26034,LOF,0.0182649102632164,0.11536394436859773,0.8663711453681858
26035,LOF,0.011871961522191598,0.11993793783212621,0.8681901006456821
26036,LOF,0.011092999408515096,0.09909257290200896,0.889814427689476
26037,LOF,0.010827615019186972,0.10491023693133866,0.8842621480494742
26038,LOF,0.032779944059076103,0.04290169911724282,0.9243183568236811
26039,LOF,0.029948370774042433,0.13913535279768688,0.8309162764282706
26040,LOF,0.08538616833100027,0.13035966933242668,0.7842541623365731
26041,LOF,0.012863778772954287,0.1062864905470675,0.8808497306799782
26042,LOF,0.012074470706219441,0.11099323056387096,0.8769322987299096
26043,LOF,0.03417373222853527,0.07533759891896985,0.890488668852495
26044,LOF,0.007007768548228639,0.05913688377998294,0.9338553476717885
26045,LOF,0.09357067741403553,0.19903815944861958,0.707391163137345
26046,LOF,0.029741075186733166,0.05065584100512864,0.9196030838081382
26047,LOF,0.06640037496940174,0.050192529716456095,0.8834070953141421
26048,LOF,0.08371365792719966,0.02563665948010718,0.8906496825926932
26049,Neutral,0.9447246075000358,0.007128613825160833,0.04814677867480328
26050,Neutral,0.9072987547965418,0.007841164800638106,0.08486008040282007
26051,LOF,0.029201510853532932,0.32659264194405907,0.644205847202408
26052,LOF,0.024392274405071416,0.2414012961298312,0.7342064294650973
26053,LOF,0.018597772361157366,0.1911641428114271,0.7902380848274155
26054,LOF,0.05844577674921497,0.04695138256194197,0.8946028406888431
26055,LOF,0.08059411944502513,0.041045694901066146,0.8783601856539087
26056,LOF,0.0658190495642504,0.04984738463434116,0.8843335658014084
26057,LOF,0.06261523350156871,0.025365621606594838,0.9120191448918364
26058,LOF,0.06987395696779632,0.020982335625761548,0.9091437074064422
26059,LOF,0.21693822425089707,0.0556244502661318,0.7274373254829711
26060,LOF,0.0152654376754552,0.21386550900324286,0.770869053321302
26061,LOF,0.010984320625549293,0.01640077441992796,0.9726149049545227
26062,LOF,0.0060686991842507565,0.025432846171460154,0.9684984546442891
26063,LOF,0.04972121453299989,0.01721157598670299,0.9330672094802972
26064,LOF,0.013390431278664424,0.021732425510428286,0.9648771432109073
26065,LOF,0.0738028265307847,0.024108063450542158,0.9020891100186732
26066,LOF,0.05311769792815017,0.01809289192634354,0.9287894101455063
26067,LOF,0.056715733033046244,0.014727567640690756,0.9285566993262631
26068,LOF,0.05521788965486466,0.03890621936562301,0.9058758909795124
26069,LOF,0.17891521523346154,0.03344269272342709,0.7876420920431114
26070,LOF,0.38746163363142966,0.018892596121475813,0.5936457702470945
26071,LOF,0.05042704055826933,0.01734804374102096,0.9322249157007096
26072,LOF,0.006717335514661177,0.030456329247125637,0.9628263352382131
26073,LOF,0.04546950746706936,0.021769204273415298,0.9327612882595152
26074,Neutral,0.6635772586789903,0.012791972922315417,0.32363076839869437
26075,LOF,0.04571307786190045,0.030929164915257948,0.9233577572228416
26076,LOF,0.043903686959720134,0.019811771763560353,0.9362845412767195
26077,LOF,0.14842265759692114,0.01541278464851023,0.8361645577545685
26078,LOF,0.005940320569812464,0.0307789908782053,0.9632806885519823
26079,LOF,0.060215481453670894,0.03125650793624931,0.9085280106100797
26080,LOF,0.058990410777730304,0.031390882299209694,0.9096187069230599
26081,LOF,0.046446100153062254,0.016315526820267337,0.9372383730266705
26082,LOF,0.00674128905231814,0.027787497171249488,0.9654712137764323
26083,LOF,0.1164791280594723,0.03125176473463464,0.8522691072058931
26084,LOF,0.13088243574711247,0.02534518714657484,0.8437723771063127
26085,LOF,0.11477001434553387,0.02154996810531184,0.8636800175491544
26086,LOF,0.03982576512573195,0.023703348530876987,0.9364708863433912
26087,LOF,0.043408937574130994,0.021734608974636013,0.934856453451233
26088,LOF,0.006421216726173225,0.053650403407334846,0.9399283798664919
26089,LOF,0.04252763437457514,0.04156441205592697,0.915907953569498
26090,LOF,0.04209602355938475,0.03868831414957051,0.9192156622910447
26091,LOF,0.032563327501840655,0.014290468887826578,0.9531462036103326
26092,LOF,0.04602994107386652,0.014605133182697565,0.939364925743436
26093,LOF,0.0639052299634723,0.010075479864170562,0.9260192901723572
26094,LOF,0.03832095281852608,0.012302618235199146,0.9493764289462748
26095,LOF,0.011368257326551645,0.03420420829744763,0.9544275343760008
26096,LOF,0.23106036307549338,0.007843792203572997,0.7610958447209337
26097,LOF,0.0062430520593118105,0.06835907194942696,0.9253978759912613
26098,LOF,0.054177787089115435,0.02727978377464589,0.9185424291362386
26099,LOF,0.04179875408514845,0.033045021173194175,0.9251562247416573
26100,LOF,0.04179875408514845,0.033045021173194175,0.9251562247416573
26101,LOF,0.04462015183456581,0.053083651953175014,0.9022961962122591
26102,LOF,0.04047434721467616,0.024692680122995907,0.934832972662328
26103,Neutral,0.8976783844015979,0.0355520140044395,0.06676960159396265
26104,LOF,0.0546148228229872,0.06464782324753493,0.8807373539294779
26105,LOF,0.262443998531712,0.10170286948842233,0.6358531319798657
26106,LOF,0.24432024529321233,0.04376138438817686,0.7119183703186108
26107,LOF,0.01592966540951554,0.06549252537386585,0.9185778092166187
26108,LOF,0.1595707604333591,0.04758023493239616,0.7928490046342448
26109,LOF,0.057709542683123165,0.0539187304496728,0.8883717268672041
26110,LOF,0.42502716019448644,0.010607515812455663,0.5643653239930579
26111,LOF,0.08352007666445006,0.06053756409376516,0.8559423592417847
26112,LOF,0.06674168026956193,0.011197393387683618,0.9220609263427544
26113,LOF,0.1152441700219628,0.028455095922693886,0.8563007340553432
26114,LOF,0.09215665988960078,0.008127597511000997,0.8997157425993983
26115,LOF,0.018407008521518067,0.06616767490324284,0.9154253165752391
26116,LOF,0.0805300679846583,0.022997443493722708,0.8964724885216189
26117,LOF,0.37335515151549875,0.03986414706746866,0.5867807014170325
26118,LOF,0.03625105178443527,0.017862013679423014,0.9458869345361418
26119,LOF,0.005997357329932158,0.07383520294004793,0.9201674397300198
26120,LOF,0.0318647384667005,0.014883796120411106,0.9532514654128884
26121,LOF,0.004390664980389199,0.1072388251711035,0.8883705098485073
