feature0,prediction,LoGoFunc_Neutral,LoGoFunc_GOF,LoGoFunc_LOF
25546,Neutral,0.6528799996794148,0.05633832026239179,0.2907816800581935
25547,Neutral,0.49645648402458303,0.09980539875573984,0.40373811721967723
25548,Neutral,0.4815269925725957,0.07752088337928488,0.44095212404811934
25549,LOF,0.4016452678084363,0.07874570223768042,0.5196090299538831
25550,LOF,0.34443218591240815,0.12143931632920096,0.5341284977583909
25551,LOF,0.2854561977119744,0.1341188655032328,0.5804249367847929
25552,LOF,0.2154686849907582,0.12955955008586711,0.6549717649233747
25553,Neutral,0.8045454124310886,0.044747316466667415,0.15070727110224397
25554,LOF,0.27220500821215954,0.1213867166725611,0.6064082751152793
25555,LOF,0.21624595975123054,0.11649520576886271,0.6672588344799067
25556,LOF,0.4334740917304008,0.09672434250345333,0.46980156576614596
25557,LOF,0.20340606398955396,0.12130879415637406,0.675285141854072
25558,LOF,0.2731198551654604,0.12067280298435051,0.6062073418501891
25559,LOF,0.19095726672040197,0.1634301975180991,0.645612535761499
25560,LOF,0.06734849656345544,0.12125449610148192,0.8113970073350626
25561,LOF,0.1297622905888115,0.10792323255655847,0.76231447685463
25562,LOF,0.06182086658844589,0.07529221707463424,0.8628869163369198
25563,LOF,0.08357250741691119,0.07019684458552258,0.8462306479975663
25564,LOF,0.20607659883433896,0.14716668071545752,0.6467567204502035
25565,LOF,0.17549580842543888,0.13263905718081725,0.691865134393744
25566,GOF,0.020426951486187256,0.7690850532693977,0.2104879952444151
25567,LOF,0.027314626431152646,0.12523864149867972,0.8474467320701676
25568,LOF,0.061675935965669136,0.06746580422492228,0.8708582598094087
25569,LOF,0.0585803311831031,0.0663425549874712,0.8750771138294258
25570,LOF,0.03137153151294138,0.09948882199046802,0.8691396464965905
25571,LOF,0.031655858481069936,0.09753566865810562,0.8708084728608244
25572,LOF,0.035534089630928356,0.12186725043947345,0.8425986599295981
25573,LOF,0.026167449443228602,0.09159588092250899,0.8822366696342624
25574,LOF,0.015385377683740065,0.17017232306113175,0.8144422992551282
25575,LOF,0.026804172612704177,0.10830872101335225,0.8648871063739436
25576,LOF,0.013555977274561112,0.1475330514097597,0.8389109713156793
25577,LOF,0.011791162192498183,0.11393781053069664,0.8742710272768052
25578,LOF,0.281903497535613,0.07535135622277213,0.6427451462416148
25579,LOF,0.1288546325360116,0.08190735222522841,0.7892380152387599
25580,LOF,0.018927814393472766,0.07496472549753218,0.9061074601089951
25581,LOF,0.048396963658216836,0.06527994107273995,0.8863230952690432
25582,LOF,0.048470834672325054,0.0640604775875562,0.8874686877401187
25583,LOF,0.02152863507641244,0.0804859858133815,0.897985379110206
25584,Neutral,0.5106947588726302,0.1113152794722139,0.37798996165515586
25585,LOF,0.014241922792851112,0.12433197662980901,0.8614261005773398
25586,LOF,0.01894789499258835,0.07018846969213048,0.9108636353152811
25587,LOF,0.017710266529823306,0.061227175862438595,0.9210625576077381
25588,LOF,0.018455952209053005,0.07471972282668217,0.9068243249642648
25589,Neutral,0.6285013360973729,0.13211849010113963,0.2393801738014875
25590,LOF,0.021922625501027207,0.11249753731832635,0.8655798371806466
25591,LOF,0.07537984034241521,0.05746231385186222,0.8671578458057226
25592,LOF,0.05257381271370108,0.11658054149734413,0.8308456457889548
25593,LOF,0.020516100624404957,0.2718946036046539,0.7075892957709412
25594,LOF,0.039570703405439944,0.12423607199570377,0.8361932245988563
25595,LOF,0.039299870440368014,0.0925281782551689,0.8681719513044632
25596,LOF,0.05298775265345268,0.06979419817993035,0.877218049166617
25597,LOF,0.034748120254733984,0.08200497606675389,0.8832469036785122
25598,LOF,0.03652740538792125,0.09746384559599165,0.8660087490160872
25599,GOF,0.008837986687518746,0.5635971589537601,0.4275648543587212
25600,GOF,0.02540825104060474,0.6071776664207791,0.3674140825386163
25601,LOF,0.012866136847911007,0.40382335815982295,0.5833105049922661
25602,LOF,0.01130246136465023,0.05215514644257479,0.936542392192775
25603,LOF,0.042977437190521016,0.021640944636684784,0.9353816181727943
25604,LOF,0.015810928539380417,0.05901503853056758,0.9251740329300521
25605,LOF,0.009507105499008218,0.17701062818064478,0.813482266320347
25606,LOF,0.09939650107736543,0.29078238099549003,0.6098211179271446
25607,LOF,0.0064326279492597106,0.1734723766895658,0.8200949953611746
25608,LOF,0.011380167168723226,0.10468769952016944,0.8839321333111072
25609,LOF,0.07762168756749309,0.39742281161889403,0.5249555008136129
25610,LOF,0.02004297019434584,0.0256346384026138,0.9543223914030403
25611,LOF,0.018899217318586698,0.028179975065979787,0.9529208076154335
25612,LOF,0.057770124090129875,0.037409866214558087,0.9048200096953121
25613,LOF,0.052425863493630716,0.038564166084071115,0.9090099704222983
25614,LOF,0.02706074810942805,0.030820892023375367,0.9421183598671966
25615,LOF,0.01707069571858357,0.04338348009567916,0.9395458241857373
25616,LOF,0.05149758919971721,0.03251784981130527,0.9159845609889775
25617,LOF,0.05001420378995317,0.03556869621089651,0.9144170999991503
25618,LOF,0.06231242928677109,0.03694787527524107,0.9007396954379879
25619,LOF,0.01882135261736566,0.032318938689848184,0.9488597086927861
25620,LOF,0.06668240185384539,0.04169333619993931,0.8916242619462152
25621,LOF,0.01853373878738251,0.03498425004634998,0.9464820111662675
25622,LOF,0.02282043233275526,0.04330170695583619,0.9338778607114085
25623,LOF,0.034753045772735476,0.039009725652064106,0.9262372285752005
25624,LOF,0.023125815481458496,0.03921476732885612,0.9376594171896854
25625,LOF,0.023789757884408867,0.05349834021667849,0.9227119018989127
25626,LOF,0.05591079654545643,0.035539690442856736,0.9085495130116867
25627,Neutral,0.6441990788447264,0.0897956587833215,0.2660052623719521
25628,LOF,0.18027454853795438,0.04398346390775786,0.7757419875542878
25629,LOF,0.03669660407725484,0.062103379178315585,0.9012000167444295
25630,LOF,0.1446563030386424,0.07770287970770239,0.7776408172536552
25631,Neutral,0.6441678997623972,0.05001650315323768,0.3058155970843652
25632,LOF,0.007766438854883245,0.06728312076574956,0.9249504403793672
25633,LOF,0.21018895954487016,0.04751817972659481,0.7422928607285351
25634,LOF,0.029186313163525813,0.090982776412744,0.8798309104237301
25635,LOF,0.038238941851322705,0.04839041453690655,0.9133706436117708
25636,LOF,0.005730176528888391,0.4804927252012335,0.5137770982698782
25637,GOF,0.007921199502767774,0.502838326837622,0.4892404736596102
25638,LOF,0.01022129800106187,0.23868287280803363,0.7510958291909045
25639,LOF,0.005741950647036677,0.3897662421174277,0.6044918072355355
25640,Neutral,0.5143553672878987,0.4027424783058838,0.08290215440621754
25641,LOF,0.00805284487598275,0.49431738701141875,0.49762976811259835
25642,LOF,0.203327347549602,0.12250441816465704,0.674168234285741
25643,LOF,0.1531754858227995,0.1431312120355749,0.7036933021416256
25644,LOF,0.00814534088493904,0.49378246847992124,0.4980721906351397
25645,LOF,0.006410017046943323,0.44855038029253197,0.5450396026605246
25646,LOF,0.010173733518519749,0.3674435561545526,0.6223827103269276
25647,LOF,0.008634394070600212,0.2935107836370257,0.697854822292374
25648,LOF,0.007569659658549302,0.29308094202286145,0.6993493983185892
25649,LOF,0.006768374346462135,0.23894769937029772,0.7542839262832401
25650,LOF,0.01090574658220699,0.4291139892552714,0.5599802641625217
25651,LOF,0.005164849820379517,0.2975931882088192,0.6972419619708013
25652,LOF,0.008341038274084873,0.2871887537962092,0.7044702079297058
25653,LOF,0.0202008786711328,0.4133149485982717,0.5664841727305955
25654,LOF,0.009183853705446958,0.2153290524376095,0.7754870938569436
25655,LOF,0.036205682904156405,0.4429580782687436,0.5208362388271
25656,LOF,0.190114428409418,0.05821397834200278,0.7516715932485792
25657,LOF,0.27662536744029886,0.032693830484692175,0.690680802075009
25658,LOF,0.06971045391733015,0.11151090168803449,0.8187786443946353
25659,LOF,0.4161464011523254,0.09293261338834236,0.4909209854593322
25660,LOF,0.03128944123026941,0.08661157029519169,0.8820989884745389
25661,LOF,0.0910973963674491,0.05929881237089073,0.8496037912616602
25662,LOF,0.03296397704505172,0.03535911068127183,0.9316769122736764
25663,LOF,0.04116343915073741,0.05489128488801273,0.9039452759612497
25664,LOF,0.04891357962284374,0.06812547626800534,0.8829609441091509
25665,LOF,0.05121427627107489,0.026844991589758515,0.9219407321391666
25666,LOF,0.03800271371439595,0.08793626876363525,0.8740610175219687
25667,LOF,0.06726516545515748,0.03877186253824563,0.8939629720065969
25668,LOF,0.03508047628890202,0.04376875341314777,0.9211507702979502
25669,LOF,0.0314650782391786,0.058312591302013425,0.9102223304588078
25670,LOF,0.0647510361388718,0.056638793270926725,0.8786101705902015
25671,LOF,0.09375095571733409,0.0343422195337028,0.8719068247489632
25672,LOF,0.056981457468370356,0.03410055243269399,0.9089179900989357
25673,LOF,0.027372685309121944,0.0498000359876085,0.9228272787032695
25674,LOF,0.023939800454885467,0.06382685890654351,0.912233340638571
25675,LOF,0.03522945695711598,0.053232915372759815,0.9115376276701244
25676,LOF,0.020674179626515347,0.050193836815524286,0.9291319835579603
25677,LOF,0.02863670251199138,0.06517554107336977,0.9061877564146389
25678,LOF,0.20593330686116088,0.059826296980243006,0.7342403961585962
25679,LOF,0.16515091970600207,0.08353002488762998,0.751319055406368
25680,LOF,0.04331636710576052,0.10779845851894701,0.8488851743752924
25681,LOF,0.06749680143227228,0.09838714761365246,0.8341160509540754
25682,LOF,0.14595793977415647,0.07155724613958532,0.7824848140862583
25683,LOF,0.08309130391551053,0.11033224301367801,0.8065764530708115
25684,LOF,0.043347967957689866,0.06786848570247787,0.8887835463398324
25685,LOF,0.0844227731894934,0.04008781205467415,0.8754894147558324
25686,LOF,0.02844707889038973,0.077605534547275,0.8939473865623352
25687,LOF,0.05806271245702487,0.06895813429891126,0.8729791532440638
25688,LOF,0.04991547535595065,0.07906375720982264,0.8710207674342266
25689,LOF,0.028605332798041287,0.08107461008723345,0.8903200571147253
25690,LOF,0.0411118410501075,0.07191456704403855,0.886973591905854
25691,LOF,0.27787718328257216,0.09175618897239991,0.6303666277450279
25692,LOF,0.2547123878946962,0.009436457992440818,0.735851154112863
25693,LOF,0.05409460772195346,0.3323239744258096,0.6135814178522369
25694,LOF,0.23041319215573985,0.015859423588357437,0.7537273842559027
25695,LOF,0.14264895132469166,0.0212687002960845,0.8360823483792239
25696,LOF,0.10335816103474542,0.011857655459066543,0.8847841835061879
25697,LOF,0.09202697639448977,0.02526501827544349,0.8827080053300668
25698,LOF,0.07734897089297273,0.4277554808878207,0.49489554821920656
25699,LOF,0.0629285490774444,0.08822783336998574,0.84884361755257
25700,LOF,0.055107940125385606,0.010590377411983992,0.9343016824626305
25701,LOF,0.015608151085333106,0.10127479297617928,0.8831170559384877
25702,GOF,0.03781704118122177,0.6501534058690599,0.31202955294971824
25703,LOF,0.00983647862747128,0.14926650349937398,0.8408970178731547
25704,LOF,0.059173665438548274,0.11234076686872267,0.8284855676927291
25705,LOF,0.0723118387807171,0.21821655445937183,0.709471606759911
25706,LOF,0.027869768905727125,0.3902054506306798,0.5819247804635931
25707,LOF,0.020429138476894218,0.3264471203384783,0.6531237411846275
25708,LOF,0.008462415322056596,0.29778248148529124,0.6937551031926522
25709,LOF,0.0670106948475941,0.04773742731737514,0.8852518778350307
25710,LOF,0.005663774464064734,0.1370291313525379,0.8573070941833973
25711,LOF,0.02014531502745209,0.10843588152339681,0.8714188034491512
25712,LOF,0.007912822350758577,0.18287099894540912,0.8092161787038323
25713,LOF,0.02147453400609837,0.09888467464222342,0.8796407913516783
25714,LOF,0.07105786858403909,0.1180963909445361,0.8108457404714248
25715,LOF,0.0134954470504031,0.137079873386049,0.849424679563548
25716,LOF,0.0065809818383668756,0.11364368598004172,0.8797753321815913
25717,LOF,0.006644678522133484,0.07651633385715774,0.9168389876207087
25718,LOF,0.01414496130238465,0.08656571304012176,0.8992893256574935
25719,LOF,0.02248401636487791,0.08700352055695969,0.8905124630781625
25720,LOF,0.023109822800481357,0.07869677949971217,0.8981933976998064
25721,LOF,0.018868909230964778,0.1094717434053258,0.8716593473637094
25722,LOF,0.016963323838226487,0.11947773689492751,0.863558939266846
25723,LOF,0.023101491656858125,0.05946301330480689,0.917435495038335
25724,LOF,0.021030181851239175,0.09547153994305281,0.883498278205708
25725,LOF,0.013858918419703263,0.07192760131748431,0.9142134802628125
25726,LOF,0.017463930500769186,0.09956111354159013,0.8829749559576406
25727,LOF,0.014663880081937105,0.07536472724065482,0.9099713926774081
25728,LOF,0.012788300392605041,0.10417004430131337,0.8830416553060815
25729,LOF,0.013140169597303242,0.10584361800669094,0.8810162123960058
25730,LOF,0.01870684125140744,0.08179744938285537,0.8994957093657371
25731,LOF,0.007803352147619685,0.12425560613741798,0.8679410417149622
25732,LOF,0.018789903719217207,0.07917857593078571,0.902031520349997
25733,LOF,0.017652947281757446,0.06831894561473582,0.9140281071035067
25734,LOF,0.006026724602936992,0.12543907229340134,0.8685342031036616
25735,LOF,0.016417800792250102,0.06983130075343932,0.9137508984543107
25736,LOF,0.017010835583881036,0.09750845776825835,0.8854807066478606
25737,LOF,0.02451627001761105,0.08601546844159708,0.889468261540792
25738,LOF,0.015494158800088509,0.1293045054543342,0.8552013357455773
25739,LOF,0.02264271966125929,0.10663057823436102,0.8707267021043796
25740,LOF,0.03542632085359171,0.11401183420517884,0.8505618449412296
25741,LOF,0.016369591146664236,0.10887987239429014,0.8747505364590457
25742,LOF,0.09959088261241271,0.11035379403592088,0.7900553233516663
25743,LOF,0.015827160940357778,0.032785788840308486,0.9513870502193337
25744,GOF,0.18358459168594016,0.41760176904015717,0.3988136392739026
25745,LOF,0.024168634668718884,0.06296089639884013,0.9128704689324411
25746,LOF,0.016962703367474387,0.07766474765120976,0.9053725489813159
25747,LOF,0.029104743346610833,0.030840931517447236,0.9400543251359418
25748,LOF,0.13200815173135866,0.05129649193767312,0.8166953563309682
25749,LOF,0.0151060699157792,0.06457304786531318,0.9203208822189075
25750,LOF,0.03257113923888151,0.07732305188791888,0.8901058088731997
25751,LOF,0.11700785452168568,0.060514890042082936,0.8224772554362314
25752,GOF,0.12207150107662677,0.60786847646951,0.2700600224538632
25753,LOF,0.009135498107560881,0.27331832712774,0.7175461747646992
25754,GOF,0.004956478789180341,0.8003394937017743,0.19470402750904534
25755,LOF,0.010115086003036391,0.38248608340675455,0.607398830590209
25756,LOF,0.04847036880356029,0.3397443537206452,0.6117852774757945
25757,GOF,0.005810162416022877,0.8375360291952172,0.15665380838875978
25758,GOF,0.006748062506140434,0.8379687289465404,0.15528320854731925
25759,GOF,0.004489684203683622,0.5481399575778055,0.44737035821851073
25760,LOF,0.005766768139850307,0.2373071664685683,0.7569260653915814
25761,GOF,0.04398173455386205,0.8048908588617438,0.15112740658439414
25762,LOF,0.03674561803993718,0.2535385084488384,0.7097158735112243
25763,LOF,0.007242685602490502,0.17437361785904334,0.8183836965384662
25764,GOF,0.17808540304115636,0.4933324463664465,0.32858215059239715
25765,GOF,0.010334168128863085,0.7587724483497738,0.23089338352136318
25766,GOF,0.01506960648340283,0.7987325632825322,0.1861978302340652
25767,GOF,0.024743661703236327,0.5467544444980076,0.4285018937987562
25768,LOF,0.08003754497637629,0.08562448969382982,0.8343379653297939
25769,LOF,0.08778853823672526,0.06041736664767561,0.8517940951155991
25770,LOF,0.3473044922608764,0.0765489013504986,0.576146606388625
25771,LOF,0.0133243050227975,0.062378230829470645,0.924297464147732
25772,LOF,0.020904160536271414,0.02918257633029489,0.9499132631334337
25773,LOF,0.012491176309298435,0.11055640678659104,0.8769524169041106
25774,LOF,0.02812501681969912,0.0738997062389129,0.897975276941388
25775,LOF,0.015508920514964279,0.05080446710992602,0.9336866123751096
25776,LOF,0.08917337051863437,0.024708509714290543,0.8861181197670751
25777,LOF,0.31347506825612426,0.05188895119117997,0.6346359805526958
25778,LOF,0.07506500507376158,0.04670406217568084,0.8782309327505576
25779,GOF,0.08839819915303214,0.8441326345988628,0.06746916624810519
25780,GOF,0.07097170626008766,0.828541932111166,0.10048636162874633
25781,GOF,0.025896945350537902,0.831770116324827,0.14233293832463506
25782,GOF,0.04115885509291704,0.8480759431785475,0.1107652017285354
25783,GOF,0.01256093864686966,0.6480201732396468,0.33941888811348364
25784,GOF,0.15393523676335777,0.7779662940884359,0.06809846914820654
25785,GOF,0.08123159339007129,0.8584839400806072,0.06028446652932145
25786,GOF,0.006558498696345021,0.7942307981320559,0.1992107031715991
25787,GOF,0.23104472891172587,0.7161409315972007,0.052814339491073406
25788,LOF,0.05164827054468811,0.11611583355238335,0.8322358959029285
25789,GOF,0.03925659611118578,0.8070464488077865,0.15369695508102774
25790,GOF,0.04056221268732997,0.8330641756108671,0.12637361170180295
25791,GOF,0.028340250001630027,0.7716264774721239,0.2000332725262461
25792,GOF,0.054920558002484396,0.7615042676219106,0.18357517437560505
25793,GOF,0.08190138757083516,0.7192929212510407,0.1988056911781241
25794,GOF,0.11656169125675077,0.6675732880089127,0.21586502073433655
25795,GOF,0.023106826242123398,0.7574674385969149,0.21942573516096156
25796,GOF,0.13379808086395498,0.7272028423518743,0.13899907678417078
25797,GOF,0.033894636531719084,0.5743351248008084,0.3917702386674725
25798,GOF,0.003610317205544586,0.5223870859035153,0.47400259689094
25799,LOF,0.0033962790029733597,0.4035877328789355,0.5930159881180911
25800,GOF,0.011205309849641442,0.6062760965411307,0.38251859360922785
25801,GOF,0.040981858615296414,0.7925707485084131,0.16644739287629032
25802,GOF,0.018151271834766117,0.7217987193596437,0.2600500088055901
25803,GOF,0.01046824663696936,0.5799132784788058,0.4096184748842248
25804,LOF,0.011917963208489838,0.4643441963183006,0.5237378404732095
25805,GOF,0.020936032985594395,0.6108587165014925,0.3682052505129132
25806,GOF,0.019007033775894168,0.6166313161945399,0.36436165002956583
25807,GOF,0.006149413780635281,0.6526133634849391,0.3412372227344257
25808,GOF,0.015230875723431866,0.6480565199925646,0.33671260428400346
25809,GOF,0.0069234289026892624,0.6097103422180988,0.3833662288792118
25810,GOF,0.005626248092014693,0.6218134966809856,0.37256025522699965
25811,GOF,0.12142549546768981,0.7559426362551606,0.12263186827714963
25812,GOF,0.013609532933064904,0.6059467113068087,0.3804437557601265
25813,GOF,0.1322152801888309,0.6969937501359281,0.17079096967524093
25814,GOF,0.03139115431876359,0.6931757327977375,0.27543311288349887
25815,GOF,0.03960889094201627,0.6848193852838104,0.27557172377417327
25816,GOF,0.007449008686172283,0.7432649481046735,0.24928604320915432
25817,GOF,0.0540421946627735,0.7776572501264318,0.1683005552107946
25818,GOF,0.01814543048557589,0.7093814534844577,0.2724731160299664
25819,GOF,0.07495353075710792,0.713496562275189,0.21154990696770307
25820,GOF,0.034427921012208054,0.7122966591147423,0.25327541987304975
25821,GOF,0.016419737015903907,0.6947167653064666,0.2888634976776294
25822,GOF,0.039719635923835504,0.7092756304618857,0.25100473361427883
25823,GOF,0.0120640941644429,0.5388416899905395,0.4490942158450176
25824,GOF,0.020118140867118637,0.6619492719504017,0.31793258718247974
25825,GOF,0.0125255093984799,0.6406988605144558,0.34677563008706436
25826,GOF,0.005449601789122337,0.6235934440991772,0.3709569541117006
25827,GOF,0.008348634023761821,0.6450001735885953,0.34665119238764286
25828,GOF,0.005545057064601087,0.5517948976988165,0.4426600452365825
25829,GOF,0.003048832144705761,0.6033479497777339,0.3936032180775604
25830,LOF,0.04474918642521846,0.30234711717940865,0.6529036963953728
25831,GOF,0.04991615565402052,0.7964596856290916,0.15362415871688775
25832,GOF,0.008955143538829107,0.7491986213622606,0.24184623509891048
25833,GOF,0.035052767330299585,0.7818047549608681,0.1831424777088323
25834,GOF,0.00965985941010722,0.7557703959055003,0.23456974468439257
25835,GOF,0.02207108486476404,0.7965153251065908,0.18141359002864507
25836,GOF,0.008450930857612882,0.7449702641074627,0.24657880503492446
25837,GOF,0.008062333482682696,0.6458860343368698,0.3460516321804476
25838,GOF,0.026399374849323164,0.8251978031320502,0.14840282201862673
25839,GOF,0.056757480671982996,0.7646234002821468,0.1786191190458701
25840,GOF,0.05286457155920834,0.7728909237571748,0.17424450468361685
25841,GOF,0.04691553728788359,0.80179159180526,0.15129287090685625
25842,GOF,0.031165995562415054,0.8445504117880791,0.12428359264950596
25843,GOF,0.034665671112459065,0.8594307720312097,0.10590355685633121
25844,GOF,0.02261761992593507,0.77311871796789,0.20426366210617478
25845,GOF,0.00631170399194539,0.5356669203443227,0.45802137566373186
25846,GOF,0.03924710180146315,0.8125817543035443,0.14817114389499253
25847,GOF,0.02323283439962661,0.8726605822393291,0.10410658336104422
25848,GOF,0.013436248278478138,0.7851535466951927,0.20141020502632914
25849,GOF,0.004570678781287021,0.6606555045611979,0.33477381665751504
25850,GOF,0.007100860908756177,0.6959262218900162,0.29697291720122776
25851,GOF,0.0065685625571909045,0.569513103297999,0.42391833414481006
25852,GOF,0.15645445648077208,0.5171738304652151,0.3263717130540128
25853,GOF,0.0759425797397511,0.8059147387175168,0.11814268154273191
25854,GOF,0.00916919007710062,0.6363059900405379,0.3545248198823614
25855,GOF,0.013601550520631162,0.5854066624960073,0.4009917869833617
25856,GOF,0.047775460918765965,0.689481703670971,0.26274283541026305
25857,GOF,0.01328101380583154,0.5373466261760499,0.44937236001811853
25858,GOF,0.007880479155006625,0.5244722071801259,0.46764731366486745
25859,GOF,0.005336325023262933,0.5076150076372568,0.4870486673394803
25860,GOF,0.08406442174927684,0.7806426973810817,0.13529288086964142
25861,GOF,0.1333208468420725,0.7540619252065448,0.1126172279513828
25862,GOF,0.022614621586769603,0.8271796798396515,0.15020569857357893
25863,GOF,0.02340308135834919,0.8472585464438102,0.12933837219784086
25864,GOF,0.052258554300864346,0.8643684992836351,0.08337294641550061
25865,GOF,0.02715609087403648,0.857400125804615,0.11544378332134843
25866,GOF,0.02427632601010991,0.8213452461010259,0.15437842788886436
25867,GOF,0.03077248590875037,0.8572341931979558,0.1119933208932938
25868,GOF,0.06104909464612711,0.767612293644165,0.17133861170970793
25869,GOF,0.3310437185415121,0.5661751890604793,0.1027810923980086
25870,GOF,0.22816434416819778,0.4639506535118745,0.30788500231992766
25871,GOF,0.03469642066910654,0.8128869710144835,0.1524166083164101
25872,GOF,0.02024117464296683,0.7620650300748185,0.21769379528221477
25873,GOF,0.025977376507650994,0.821944975872311,0.1520776476200382
25874,LOF,0.017756852255484068,0.12390653934914694,0.8583366083953688
25875,LOF,0.02279861821579276,0.04457654791706701,0.9326248338671402
25876,LOF,0.0145480408669802,0.035572306523773044,0.9498796526092469
25877,LOF,0.1466016917935839,0.07237614628375404,0.7810221619226619
25878,LOF,0.05261320035804028,0.11497482495346042,0.8324119746884991
25879,LOF,0.02071683737145403,0.08477902805926237,0.8945041345692836
25880,LOF,0.04412469804351922,0.013980939822587647,0.9418943621338931
25881,Neutral,0.5475031049608191,0.037614999817923336,0.41488189522125757
25882,LOF,0.019962499516362173,0.028303108959307263,0.9517343915243305
25883,LOF,0.05905742046270727,0.0240031487697438,0.9169394307675488
25884,LOF,0.00907507563637775,0.038936785711216976,0.9519881386524052
25885,LOF,0.16947401017033964,0.006183344161990515,0.8243426456676699
25886,LOF,0.26003567924812243,0.05491881324950124,0.6850455075023764
25887,LOF,0.15652895229733946,0.04376948528000832,0.7997015624226523
25888,LOF,0.012953673950090424,0.0939108738607576,0.8931354521891519
25889,LOF,0.011107828705488685,0.030761075725217857,0.9581310955692935
25890,LOF,0.135726826793919,0.08590392712233677,0.7783692460837442
25891,LOF,0.040902667148163284,0.05337923748677767,0.905718095365059
25892,LOF,0.014667846807547248,0.040035551912158594,0.9452966012802942
25893,LOF,0.4081625535275324,0.013006095270693744,0.5788313512017738
25894,LOF,0.427158951681385,0.007384062305513204,0.5654569860131017
25895,LOF,0.3664306703140805,0.015119528527021158,0.6184498011588984
25896,LOF,0.041917500283915825,0.029125651758069405,0.9289568479580148
25897,LOF,0.2230423070665817,0.013393754470062873,0.7635639384633554
25898,LOF,0.27271359615824825,0.0351838795900679,0.6921025242516838
25899,LOF,0.1843140117906572,0.03203590765334332,0.7836500805559994
25900,LOF,0.4884312182714489,0.01439187041307892,0.4971769113154722
25901,LOF,0.042991122273109986,0.01319374396515867,0.9438151337617314
25902,LOF,0.09400580728588974,0.016354395928607417,0.8896397967855029
25903,LOF,0.41756459740105245,0.03614986402009778,0.5462855385788496
25904,LOF,0.3144534039075932,0.05520360287967114,0.6303429932127358
25905,LOF,0.005824168182302968,0.4072630930338626,0.5869127387838344
25906,LOF,0.009713709522610879,0.09153311015282244,0.8987531803245666
25907,LOF,0.004234763667393251,0.3861425727706642,0.6096226635619426
25908,LOF,0.0035831508676824235,0.2849287832903794,0.711488065841938
25909,LOF,0.0139568346319668,0.12754522570971316,0.85849793965832
25910,LOF,0.014420042442165996,0.1605781987496704,0.8250017588081636
25911,LOF,0.191312415318812,0.029955028014554363,0.7787325566666337
25912,LOF,0.07095244912038928,0.037273453675955026,0.8917740972036556
25913,LOF,0.08095964027630355,0.040323251124515964,0.8787171085991805
25914,LOF,0.02266038487698519,0.053292167698386315,0.9240474474246286
25915,LOF,0.1581837815442934,0.3514385536640354,0.490377664791671
25916,LOF,0.017753013050384254,0.23795897143426867,0.7442880155153471
25917,LOF,0.05313937435557434,0.03758522032053072,0.909275405323895
25918,LOF,0.027932380407014065,0.030042891423506173,0.9420247281694798
25919,LOF,0.022875591058178945,0.028294699735097375,0.9488297092067237
25920,LOF,0.05922867698917841,0.43882992424169637,0.5019413987691252
25921,LOF,0.010241138567659775,0.04029386767828252,0.9494649937540578
25922,LOF,0.012587141551450638,0.03047055429913824,0.9569423041494111
25923,Neutral,0.49640394894641376,0.036967110323931476,0.46662894072965466
25924,LOF,0.01670636392280952,0.03988636889192397,0.9434072671852664
25925,LOF,0.07796221104421845,0.041571566985034406,0.8804662219707472
25926,LOF,0.05424666509175693,0.03879000210244638,0.9069633328057967
25927,LOF,0.015813248297143163,0.15340520907660893,0.8307815426262479
25928,LOF,0.007847681411478569,0.05204522929418098,0.9401070892943405
25929,Neutral,0.5993349541077704,0.039493686937805694,0.3611713589544239
25930,LOF,0.07183456684066829,0.031622048658120426,0.8965433845012113
25931,LOF,0.0100631566122664,0.03200251062084636,0.9579343327668872
25932,LOF,0.032796860636007834,0.028487430019143823,0.9387157093448484
25933,LOF,0.040321779852111855,0.018514191031951066,0.941164029115937
25934,LOF,0.028434027759399322,0.020959663827571435,0.9506063084130293
25935,LOF,0.0681326829336114,0.051300241885942774,0.8805670751804459
25936,LOF,0.04645756006340333,0.02549434066352114,0.9280480992730756
25937,LOF,0.01034500109808192,0.036951422790884536,0.9527035761110335
25938,LOF,0.06731967595257851,0.058148915915641086,0.8745314081317804
25939,LOF,0.03922675653146029,0.023568058989841767,0.9372051844786979
25940,LOF,0.00714782406427813,0.32134522366618307,0.6715069522695387
25941,Neutral,0.5299372958588895,0.05198118719676103,0.4180815169443495
25942,LOF,0.004811647251600081,0.041617281556741915,0.9535710711916581
25943,LOF,0.03502689451924428,0.12440349591007165,0.8405696095706842
25944,LOF,0.09630133721267686,0.07404823987202894,0.8296504229152942
25945,LOF,0.054008831294989325,0.020542146139224365,0.9254490225657862
25946,LOF,0.06250801200462354,0.0621219132738452,0.8753700747215312
25947,LOF,0.44913046548312474,0.07635146140162401,0.4745180731152513
25948,LOF,0.3221463112921313,0.009481999358577629,0.6683716893492911
25949,LOF,0.08955982537299342,0.04255574051084959,0.867884434116157
25950,GOF,0.044190864341539404,0.531026099729998,0.42478303592846256
25951,LOF,0.022985137971332996,0.33972357072914444,0.6372912912995226
25952,LOF,0.25808434645902445,0.24664373563729314,0.49527191790368225
25953,LOF,0.014124497005149492,0.14047008781607212,0.8454054151787784
25954,LOF,0.07880242254290545,0.3424414072797123,0.5787561701773823
25955,LOF,0.012603433591421253,0.09544193909116007,0.8919546273174186
25956,LOF,0.029564645568055634,0.16979702859655105,0.8006383258353933
25957,LOF,0.14088138091246877,0.021224069955768764,0.8378945491317624
25958,LOF,0.04908743119517829,0.030677454536760237,0.9202351142680614
25959,LOF,0.012872559188664682,0.39501957471353166,0.5921078660978036
25960,LOF,0.006270210333459657,0.05056780619241578,0.9431619834741245
25961,LOF,0.03835146518174032,0.027622497779516562,0.9340260370387432
25962,LOF,0.03283786084723599,0.056153295261098184,0.9110088438916658
25963,LOF,0.005184146621506859,0.2717905546291242,0.723025298749369
25964,LOF,0.03316827529692341,0.1062560922336265,0.86057563246945
25965,LOF,0.34529620252590604,0.10314004375571863,0.5515637537183754
25966,Neutral,0.5142488203210558,0.1746444707527004,0.3111067089262437
25967,LOF,0.007190603825846301,0.08711029855025294,0.9056990976239009
25968,LOF,0.03469249842075091,0.35108502022611543,0.6142224813531337
25969,LOF,0.12485609932940199,0.054242143349046174,0.8209017573215519
25970,LOF,0.019025855161586582,0.07766653541988223,0.9033076094185313
25971,LOF,0.06384482521249467,0.029898238760907848,0.9062569360265975
25972,LOF,0.06253834766510141,0.041090388769924824,0.8963712635649737
25973,LOF,0.05441225208807139,0.009277362773864262,0.9363103851380643
25974,LOF,0.035117310683564974,0.030642058806747485,0.9342406305096874
25975,LOF,0.04821576607066812,0.022649551144377895,0.9291346827849539
25976,LOF,0.09906012917153106,0.009279770170639719,0.8916601006578293
25977,LOF,0.19039861547358358,0.05782983061216359,0.7517715539142529
25978,LOF,0.16741221683590993,0.10616439555006713,0.7264233876140229
25979,LOF,0.14108216039321522,0.10577612352228008,0.7531417160845046
25980,LOF,0.2403421650598148,0.13272486790954058,0.6269329670306446
25981,LOF,0.27210504337152214,0.13235729456365314,0.5955376620648247
25982,LOF,0.43227911080506587,0.08716164309652213,0.4805592460984119
25983,LOF,0.4012877854163179,0.0905944110402876,0.5081178035433946
25984,LOF,0.04140368424784656,0.05238817419942333,0.9062081415527301
25985,LOF,0.37241846233927217,0.13208238882224138,0.49549914883848634
25986,LOF,0.008875028058076617,0.4019791083308734,0.5891458636110499
25987,LOF,0.03259584525667244,0.08179509151334133,0.8856090632299862
25988,LOF,0.15785515523625854,0.07874289792161762,0.7634019468421238
25989,LOF,0.03652153803308627,0.1165907021130048,0.846887759853909
25990,LOF,0.03677462991737362,0.18233447394131705,0.7808908961413094
25991,LOF,0.014701241642837712,0.34509127028549325,0.6402074880716689
25992,LOF,0.023463930544737575,0.3203563804219806,0.6561796890332817
25993,LOF,0.023146016791077775,0.0719630121577802,0.9048909710511421
25994,LOF,0.016418180503757557,0.0713558927502634,0.912225926745979
25995,LOF,0.021554999253931954,0.16883550640646092,0.8096094943396072
25996,LOF,0.2919566138725132,0.28961410990641895,0.41842927622106774
25997,LOF,0.06521370722894575,0.342529512110957,0.5922567806600971
25998,LOF,0.29759633206475267,0.044911460675490046,0.6574922072597574
25999,LOF,0.017565778438718257,0.21546564488076667,0.766968576680515
26000,LOF,0.14111544520475608,0.025463245805564545,0.8334213089896795
26001,LOF,0.2949955281921051,0.021679807431930088,0.6833246643759648
26002,LOF,0.06942431029622832,0.04358166900770583,0.8869940206960659
26003,GOF,0.004088755208499102,0.6094541381304366,0.38645710666106436
26004,GOF,0.005633413841792967,0.6941277498110221,0.300238836347185
26005,LOF,0.0028313320856789923,0.47547085616093154,0.5216978117533894
26006,GOF,0.08404887518559889,0.5476471074115399,0.3683040174028613
26007,GOF,0.005775677648993547,0.5425323343782205,0.4516919879727861
26008,GOF,0.005054713992150421,0.5997776427224323,0.39516764328541737
26009,GOF,0.005542960580737628,0.653182461621748,0.34127457779751436
26010,GOF,0.006371817114592073,0.6851004136275162,0.3085277692578917
26011,LOF,0.0026480802559176227,0.4658604324934876,0.5314914872505948
26012,GOF,0.0036931246186269777,0.53190797109524,0.46439890428613306
26013,GOF,0.005080585507483215,0.6174089021591668,0.37751051233335003
26014,LOF,0.050363007177626984,0.08586629957590508,0.863770693246468
26015,LOF,0.1435735928852535,0.019713709060134588,0.8367126980546118
26016,LOF,0.29909441007613286,0.03177170222595978,0.6691338876979074
26017,LOF,0.022237419509086982,0.18313834224941689,0.7946242382414961
26018,LOF,0.07868109104241915,0.043539744627392976,0.8777791643301878
26019,LOF,0.07627252787605246,0.034683208343044926,0.8890442637809026
26020,LOF,0.010120270675068146,0.1811124111234232,0.8087673182015086
26021,LOF,0.07008151363742487,0.059315569058995384,0.8706029173035797
26022,LOF,0.028759337970656614,0.02448069833588421,0.9467599636934592
26023,LOF,0.05159794563304563,0.02517084636437888,0.9232312080025754
26024,LOF,0.047241048790408434,0.06404877686591531,0.8887101743436763
26025,LOF,0.0623799749468987,0.13688601490031224,0.8007340101527891
26026,LOF,0.13398214595584676,0.05110682344698008,0.8149110305971733
26027,LOF,0.06442587314556562,0.018884050293874195,0.9166900765605601
26028,LOF,0.09328756583447884,0.11366548767659734,0.7930469464889239
26029,LOF,0.025938999124324406,0.16652582585778325,0.8075351750178923
26030,LOF,0.14468550184940218,0.019916146836917448,0.8353983513136803
26031,LOF,0.013525169378701454,0.1249794366184184,0.8614953940028802
26032,LOF,0.08326302263114452,0.044946428775388035,0.8717905485934675
26033,LOF,0.0898181273385,0.04461865986162856,0.8655632127998715
26034,LOF,0.014614099373987966,0.13672407918034657,0.8486618214456654
26035,LOF,0.013198631541031665,0.1076738922320689,0.8791274762268995
26036,LOF,0.016074642197771955,0.13625195298468015,0.8476734048175478
26037,LOF,0.011184119307537885,0.0980888044553858,0.8907270762370764
26038,LOF,0.07147126289511692,0.04329448406080157,0.8852342530440814
26039,LOF,0.02196982646992439,0.13077735074156596,0.8472528227885097
26040,LOF,0.1222673735369528,0.09834612953331658,0.7793864969297306
26041,LOF,0.012921549740610078,0.08806150077641253,0.8990169494829774
26042,LOF,0.011626107326430633,0.09287406795080408,0.8954998247227653
26043,LOF,0.0701417975517075,0.059026853746504265,0.8708313487017884
26044,LOF,0.015052096329290058,0.04914455807114749,0.9358033455995625
26045,LOF,0.04665713014630451,0.08985843742139892,0.8634844324322966
26046,LOF,0.06338223741285927,0.04885200407375767,0.8877657585133831
26047,LOF,0.10779136703462489,0.053049617881139134,0.8391590150842358
26048,LOF,0.050806675347589175,0.033070647208228506,0.9161226774441823
26049,Neutral,0.9689836901219303,0.005540978594485378,0.025475331283584497
26050,Neutral,0.9583726362650883,0.006854308685617053,0.0347730550492946
26051,LOF,0.013039929394397496,0.25869106087737354,0.7282690097282288
26052,LOF,0.01613354771797378,0.2946079089953698,0.6892585432866564
26053,LOF,0.022692981989010513,0.14916952128394234,0.8281374967270472
26054,LOF,0.04639009383189492,0.017945117807880613,0.9356647883602245
26055,LOF,0.06264351489733179,0.016609936704492963,0.9207465483981752
26056,LOF,0.053312960125087544,0.019112786283174584,0.9275742535917378
26057,LOF,0.029638527623982246,0.012650137790010943,0.9577113345860069
26058,LOF,0.03020145900399994,0.010528161506942177,0.9592703794890579
26059,LOF,0.2725441156992004,0.0231576722147835,0.7042982120860161
26060,LOF,0.006349970775307655,0.24746713933718448,0.7461828898875079
26061,LOF,0.004949254503944697,0.012508275114372767,0.9825424703816825
26062,LOF,0.004084101171166874,0.015967586628744614,0.9799483122000886
26063,LOF,0.02166886508046668,0.010096326810862593,0.9682348081086707
26064,LOF,0.006710014871591894,0.022887695434638707,0.9704022896937694
26065,LOF,0.022092674089627874,0.013033292758538794,0.9648740331518334
26066,LOF,0.020231113406561876,0.010549868617451332,0.9692190179759866
26067,LOF,0.026876733376024788,0.009815760804891948,0.9633075058190833
26068,LOF,0.04175108509491793,0.029760886048068914,0.9284880288570131
26069,LOF,0.24673775906055323,0.02022083292020345,0.7330414080192432
26070,LOF,0.39426548970464254,0.015809085917182067,0.5899254243781754
26071,LOF,0.02046368378788131,0.011785032044219847,0.9677512841678988
26072,LOF,0.005530840546801884,0.020097307330188618,0.9743718521230094
26073,LOF,0.017957720901736675,0.013251403315090613,0.9687908757831728
26074,Neutral,0.8909975976378057,0.006300576468457487,0.10270182589373676
26075,LOF,0.043346849978196156,0.014671702308940871,0.941981447712863
26076,LOF,0.038333378656094715,0.010104277695904246,0.9515623436480011
26077,LOF,0.11811905868566101,0.006636271107943863,0.8752446702063952
26078,LOF,0.0057933897877210025,0.012363169454469447,0.9818434407578096
26079,LOF,0.05417400339662705,0.01771529707570997,0.928110699527663
26080,LOF,0.051469233944831085,0.017833557192136605,0.9306972088630323
26081,LOF,0.028943831918659887,0.00824549169896959,0.9628106763823706
26082,LOF,0.004692373304485466,0.016054934929945548,0.9792526917655691
26083,LOF,0.132521420985527,0.016376849442746984,0.8511017295717261
26084,LOF,0.03460250906452284,0.013744740174108067,0.951652750761369
26085,LOF,0.031193993011500495,0.012459124416109304,0.9563468825723901
26086,LOF,0.019277340177501708,0.01228909477738094,0.9684335650451172
26087,LOF,0.0209398138006884,0.009413024624911183,0.9696471615744005
26088,LOF,0.005655908709281728,0.02347551920472915,0.9708685720859891
26089,LOF,0.03818315214534732,0.022346186852271452,0.9394706610023812
26090,LOF,0.03791359481153436,0.019192347012954285,0.9428940581755113
26091,LOF,0.02745317635315821,0.007360694998364025,0.9651861286484779
26092,LOF,0.01987766881365647,0.008677632813295436,0.9714446983730481
26093,LOF,0.03703842062342554,0.006489077817603973,0.9564725015589706
26094,LOF,0.027293783168405424,0.007237575050791001,0.9654686417808036
26095,LOF,0.014218530268450104,0.016827188556244425,0.9689542811753054
26096,LOF,0.14325227380169772,0.005804084774999803,0.8509436414233024
26097,LOF,0.004834230766030651,0.035292231091101425,0.9598735381428679
26098,LOF,0.06987279180354374,0.014292735304122518,0.9158344728923337
26099,LOF,0.01846597921395375,0.01485166528041484,0.9666823555056314
26100,LOF,0.021053274488929182,0.014250654735947011,0.9646960707751239
26101,LOF,0.04633930567937245,0.02206022158989062,0.9316004727307369
26102,LOF,0.02039454365178021,0.014309124755220047,0.9652963315929997
26103,Neutral,0.869208620883643,0.02142794622232286,0.109363432894034
26104,LOF,0.0652551801132133,0.02487052102864933,0.9098742988581373
26105,LOF,0.22205245610875676,0.16462839543398677,0.6133191484572564
26106,LOF,0.3869204952356834,0.11057554902264928,0.5025039557416673
26107,LOF,0.02542315939220877,0.12894888608003952,0.8456279545277516
26108,LOF,0.4135478034536477,0.04023051975836526,0.546221676787987
26109,LOF,0.029116435956243886,0.06225596759298037,0.9086275964507757
26110,LOF,0.198428875312609,0.00864209247856991,0.7929290322088212
26111,LOF,0.09381845377626101,0.0678821312159479,0.838299415007791
26112,LOF,0.03037564290847659,0.008120750675983933,0.9615036064155396
26113,LOF,0.058616732170539455,0.01742836014332656,0.9239549076861339
26114,LOF,0.06340635965606263,0.014805388209892615,0.9217882521340447
26115,LOF,0.017165483379374163,0.08176548456929325,0.9010690320513327
26116,LOF,0.07684371948512966,0.04746239302813975,0.8756938874867305
26117,LOF,0.43159573648557537,0.05290129252512751,0.5155029709892971
26118,LOF,0.0349837713562441,0.02536099986082091,0.9396552287829351
26119,LOF,0.0058452784114668005,0.04679218858353269,0.9473625330050005
26120,LOF,0.025345898116956617,0.02148615189401721,0.9531679499890262
26121,LOF,0.005474462735203094,0.12494207743710624,0.8695834598276906
