feature0,prediction,LoGoFunc_Neutral,LoGoFunc_GOF,LoGoFunc_LOF
25546,Neutral,0.7320472765146349,0.042942858080058606,0.22500986540530651
25547,Neutral,0.5853602380034559,0.09031422517330905,0.3243255368232351
25548,Neutral,0.5839077167188248,0.06468945717273614,0.3514028261084392
25549,Neutral,0.5036934026230937,0.06489741910282446,0.4314091782740818
25550,LOF,0.35707976842298733,0.1255401388150292,0.5173800927619834
25551,LOF,0.30080268310556596,0.13956036503808447,0.5596369518563495
25552,LOF,0.2156302886933159,0.12782910767553302,0.656540603631151
25553,Neutral,0.8294190385930049,0.03256218279530159,0.13801877861169357
25554,LOF,0.2464297307974472,0.12310840050966491,0.6304618686928879
25555,LOF,0.20375907872545024,0.10479945810906582,0.6914414631654839
25556,LOF,0.41503495281903935,0.10440431121691145,0.48056073596404913
25557,LOF,0.1992117943322403,0.11047063205457396,0.6903175736131858
25558,LOF,0.23822205125045423,0.12426215291335733,0.6375157958361884
25559,LOF,0.3560044196682494,0.1561105274913197,0.4878850528404308
25560,LOF,0.04831956578443734,0.15768905370078606,0.7939913805147766
25561,LOF,0.10614773998499885,0.15999166777321072,0.7338605922417905
25562,LOF,0.10071468417229602,0.0679894586775909,0.831295857150113
25563,LOF,0.09274681323360157,0.08078321556723438,0.8264699711991641
25564,LOF,0.1912628850017136,0.14149291931563115,0.6672441956826554
25565,LOF,0.15421759114628478,0.09304369269918725,0.752738716154528
25566,GOF,0.017637852459183194,0.734759134000746,0.2476030135400709
25567,LOF,0.014250669207871542,0.14518521025544234,0.840564120536686
25568,LOF,0.053207764151653424,0.06312854777142854,0.883663688076918
25569,LOF,0.06188216190840943,0.059175383756098134,0.8789424543354925
25570,LOF,0.059966258297988274,0.0903274596784945,0.8497062820235173
25571,LOF,0.056100108250143665,0.08585579324855543,0.8580440985013008
25572,LOF,0.06575527446502072,0.10689081253537902,0.8273539129996003
25573,LOF,0.0256418359364234,0.08044253220192799,0.8939156318616487
25574,LOF,0.01463267230000909,0.15160600120066567,0.8337613264993253
25575,LOF,0.04530538270905508,0.1015163449680607,0.8531782723228842
25576,LOF,0.0194280102575908,0.10697235631219017,0.873599633430219
25577,LOF,0.014768265011792292,0.10941109810217381,0.8758206368860338
25578,LOF,0.2496831791038322,0.07702603528348123,0.6732907856126865
25579,LOF,0.2499028899918266,0.07595322150519132,0.674143888502982
25580,LOF,0.030661619150347593,0.0699744245544163,0.8993639562952361
25581,LOF,0.05579354353351402,0.06088490879390713,0.8833215476725789
25582,LOF,0.055370739983536206,0.059805201384391875,0.884824058632072
25583,LOF,0.04350196702241685,0.08191468457924701,0.8745833483983361
25584,Neutral,0.48060364215203843,0.09067598535903819,0.4287203724889235
25585,LOF,0.032983846363402146,0.1055035815578661,0.8615125720787317
25586,LOF,0.02947756093468684,0.07063816847886266,0.8998842705864505
25587,LOF,0.02844334284218465,0.06522466997231795,0.9063319871854975
25588,LOF,0.028874144197628595,0.08099988385287285,0.8901259719494986
25589,Neutral,0.62287300481098,0.12164845187880353,0.2554785433102165
25590,LOF,0.029343783194100692,0.11446629700520829,0.856189919800691
25591,LOF,0.11938281730464056,0.0522729832699649,0.8283441994253945
25592,LOF,0.08536153660189723,0.12054362668993425,0.7940948367081685
25593,LOF,0.021718356162957225,0.2459996735301451,0.7322819703068977
25594,LOF,0.045688966332082866,0.17082783666058693,0.7834831970073302
25595,LOF,0.050041546638440626,0.11675986689423253,0.8331985864673269
25596,LOF,0.055243128335151194,0.059720581686821574,0.8850362899780271
25597,LOF,0.046388826101332215,0.07619392066410915,0.8774172532345587
25598,LOF,0.04813999855390253,0.11389564137273013,0.8379643600733673
25599,GOF,0.009966302874615354,0.7305390775968484,0.25949461952853625
25600,GOF,0.01412326140331378,0.5122921489558351,0.4735845896408511
25601,LOF,0.007587180801724316,0.4472137231263327,0.5451990960719431
25602,LOF,0.0295635548436682,0.04712897700083123,0.9233074681555005
25603,LOF,0.0546536869668589,0.02986910440844208,0.9154772086246991
25604,LOF,0.07002937479373583,0.03261148966671634,0.8973591355395479
25605,LOF,0.015512817244602644,0.23538613210519216,0.7491010506502053
25606,GOF,0.10975175562047013,0.4710909159838289,0.419157328395701
25607,LOF,0.006116209312850462,0.15682854607217747,0.8370552446149722
25608,LOF,0.06529168231722647,0.04384879522329285,0.8908595224594807
25609,LOF,0.03700672181421863,0.4099058473465047,0.5530874308392767
25610,LOF,0.038846957345282505,0.027277160897688446,0.9338758817570291
25611,LOF,0.04240132135473232,0.02487123592226765,0.932727442723
25612,LOF,0.09971579299552694,0.0346828732908734,0.8656013337135996
25613,LOF,0.08305500209573044,0.035535951404786076,0.8814090464994834
25614,LOF,0.027671545913124516,0.03577598455368471,0.9365524695331907
25615,LOF,0.05754231663804574,0.03553039925655766,0.9069272841053965
25616,LOF,0.031068404884667795,0.032870660724764945,0.9360609343905671
25617,LOF,0.029593826254346336,0.03690064461984361,0.9335055291258101
25618,LOF,0.174639365858551,0.03187813625465397,0.7934824978867951
25619,LOF,0.02913285428152367,0.030974180213971525,0.9398929655045047
25620,LOF,0.03202782431623943,0.04177421044938986,0.9261979652343707
25621,LOF,0.03144060384202925,0.03314380579983246,0.9354155903581384
25622,LOF,0.03565347334742038,0.039749929931382544,0.9245965967211971
25623,LOF,0.07359536021020253,0.03141468600272598,0.8949899537870715
25624,LOF,0.026480435620909664,0.04202240067997141,0.931497163699119
25625,LOF,0.03812615474414858,0.04535232424338312,0.9165215210124684
25626,LOF,0.08323962841955723,0.030857696485405203,0.8859026750950376
25627,Neutral,0.5647436192374304,0.13309495794028003,0.3021614228222895
25628,LOF,0.1561083218386636,0.0678484324841315,0.776043245677205
25629,LOF,0.07182742517107187,0.07847476702296187,0.8496978078059663
25630,LOF,0.1519991023212376,0.10500978885317802,0.7429911088255843
25631,Neutral,0.5597355571682612,0.08897581860298992,0.3512886242287489
25632,LOF,0.021830573929569146,0.07238363926532432,0.9057857868051066
25633,LOF,0.20997687519267288,0.08484959833016996,0.7051735264771573
25634,LOF,0.031126186177794897,0.12777445308549928,0.8410993607367058
25635,LOF,0.03328046739214913,0.09381860419781869,0.8729009284100322
25636,GOF,0.005497119318214015,0.5827111758145039,0.41179170486728206
25637,GOF,0.005387592244204664,0.5699594633289877,0.4246529444268076
25638,LOF,0.009221671597991154,0.4406298924298728,0.550148435972136
25639,LOF,0.004636683802024963,0.41975869255572357,0.5756046236422515
25640,Neutral,0.49325535542501486,0.4363930506647284,0.07035159391025667
25641,LOF,0.00794467919941724,0.3285789786415347,0.6634763421590482
25642,LOF,0.246246886824384,0.07038869559692187,0.6833644175786941
25643,LOF,0.23392216025090617,0.1985730717266908,0.567504768022403
25644,GOF,0.018861635337011507,0.6072747118962262,0.37386365276676226
25645,GOF,0.01789139836115394,0.5843552921385918,0.3977533095002542
25646,LOF,0.020216381206566363,0.3963546551412855,0.5834289636521481
25647,LOF,0.01806994465460065,0.30959649746092227,0.672333557884477
25648,LOF,0.016009369215199503,0.3025215693891512,0.6814690613956493
25649,LOF,0.013446867427223702,0.2621033507459047,0.7244497818268717
25650,GOF,0.035041833210180943,0.5825172505300071,0.38244091625981197
25651,LOF,0.011156105030125119,0.3139079118513527,0.6749359831185222
25652,LOF,0.018227022919632924,0.3165303015804963,0.6652426754998707
25653,LOF,0.0812314716777921,0.42769278530555066,0.49107574301665724
25654,LOF,0.01579761035493501,0.2724579570936185,0.7117444325514465
25655,LOF,0.11714754563582785,0.4176771184206071,0.4651753359435651
25656,LOF,0.06061073161276859,0.08153852073597906,0.8578507476512522
25657,LOF,0.2655002153396219,0.034016326524427785,0.7004834581359503
25658,LOF,0.04701161790299506,0.0820614925500853,0.8709268895469197
25659,LOF,0.26280816678789604,0.05749948091393285,0.679692352298171
25660,LOF,0.0791416660514853,0.10608788330503717,0.8147704506434776
25661,LOF,0.049595938462131964,0.07684256457059022,0.8735614969672778
25662,LOF,0.027838571233362232,0.048135891317923375,0.9240255374487145
25663,LOF,0.039673381420097936,0.07363508998707652,0.8866915285928255
25664,LOF,0.03833061514653822,0.09269225993346919,0.8689771249199926
25665,LOF,0.057342159639070425,0.05105821293216459,0.891599627428765
25666,LOF,0.039635815364608265,0.14422427019614978,0.8161399144392419
25667,LOF,0.02818165334878675,0.05793766606408619,0.9138806805871271
25668,LOF,0.03451501068857746,0.06632575484195828,0.8991592344694643
25669,LOF,0.03968535856627768,0.10033674665826693,0.8599778947754554
25670,LOF,0.1512080667826462,0.06791581814784833,0.7808761150695055
25671,LOF,0.036000344025048356,0.05014192453486326,0.9138577314400883
25672,LOF,0.056501860104940314,0.07279509360134971,0.8707030462937099
25673,LOF,0.04320843861998498,0.06513825260876911,0.8916533087712459
25674,LOF,0.03303354305754909,0.07558424582795278,0.8913822111144981
25675,LOF,0.04198487179613298,0.05576386009714686,0.9022512681067203
25676,LOF,0.03141513501661858,0.0627928967982313,0.9057919681851501
25677,LOF,0.05838673887051583,0.06884257833502216,0.872770682794462
25678,LOF,0.25816645370523844,0.04748312485246768,0.6943504214422939
25679,LOF,0.16982973337955384,0.06737375601296536,0.7627965106074808
25680,LOF,0.061031725116155205,0.10465709662760732,0.8343111782562376
25681,LOF,0.11077999489863066,0.0964403199378535,0.7927796851635158
25682,LOF,0.044817421259571284,0.07345439905914922,0.8817281796812794
25683,LOF,0.07836143212036613,0.09473610730917312,0.8269024605704608
25684,LOF,0.05150133573685067,0.0757471792788892,0.8727514849842601
25685,LOF,0.12096426225531696,0.037619122762384265,0.8414166149822989
25686,LOF,0.03379294518274574,0.0933137820657804,0.8728932727514738
25687,LOF,0.05688766071057114,0.08544547608081378,0.8576668632086151
25688,LOF,0.025178947743492074,0.1015625423609595,0.8732585098955484
25689,LOF,0.021086823535732144,0.06983580316332272,0.9090773733009452
25690,LOF,0.01777225280359152,0.09400408837299064,0.8882236588234178
25691,LOF,0.15769549261409313,0.1407605496276025,0.7015439577583044
25692,LOF,0.24171971288128588,0.016815512429136405,0.7414647746895778
25693,LOF,0.057484313175311406,0.14657968234965363,0.795936004475035
25694,LOF,0.26575217388138317,0.012838513322321363,0.7214093127962954
25695,LOF,0.17942559467776803,0.018841465836084884,0.801732939486147
25696,LOF,0.17724775747413032,0.009699469586143107,0.8130527729397267
25697,LOF,0.13481842667058622,0.02929373543192406,0.8358878378974897
25698,LOF,0.031018580574291025,0.31848081919019844,0.6505006002355105
25699,LOF,0.0715576803807552,0.07528307960085667,0.853159240018388
25700,LOF,0.029728522124064398,0.010691042584664584,0.959580435291271
25701,LOF,0.010832521026337834,0.07180819690908057,0.9173592820645816
25702,GOF,0.030336081705504645,0.7098162007154666,0.2598477175790287
25703,LOF,0.01848575202491064,0.17196895137904963,0.8095452965960398
25704,LOF,0.08786642118151283,0.15752106390862555,0.7546125149098617
25705,LOF,0.06705736969814433,0.22912657609749426,0.7038160542043614
25706,GOF,0.039624246027760664,0.5755270608009554,0.384848693171284
25707,GOF,0.031444570671517534,0.6018907692487118,0.3666646600797707
25708,GOF,0.007363901175956759,0.5493339777827279,0.4433021210413154
25709,LOF,0.017715618798960567,0.08304776432835577,0.8992366168726836
25710,LOF,0.008565971141908579,0.1716005010651683,0.8198335277929232
25711,LOF,0.020830165334272878,0.1347178995781853,0.8444519350875419
25712,LOF,0.009370655924156451,0.22571900746372384,0.7649103366121197
25713,LOF,0.018277282407749416,0.11906160340242403,0.8626611141898266
25714,LOF,0.020728953861691497,0.16236896250662558,0.8169020836316829
25715,LOF,0.018789452490586715,0.14902965518171665,0.8321808923276967
25716,LOF,0.014722007226659076,0.11896441126003707,0.8663135815133038
25717,LOF,0.006633181630133939,0.12314453798348574,0.8702222803863803
25718,LOF,0.019308166141700712,0.09320705025704516,0.8874847836012542
25719,LOF,0.036093231339376426,0.1070620860481903,0.8568446826124333
25720,LOF,0.027335506309090932,0.09518043171000849,0.8774840619809005
25721,LOF,0.023035505738955405,0.10786526292302923,0.8690992313380155
25722,LOF,0.015783654898149233,0.1533570820590644,0.8308592630427865
25723,LOF,0.021587065672714484,0.09829301862632393,0.8801199157009616
25724,LOF,0.024214441742261814,0.1632780754736841,0.8125074827840542
25725,LOF,0.020343995859079922,0.089270946541064,0.890385057599856
25726,LOF,0.015400999092394852,0.1271963837101307,0.8574026171974745
25727,LOF,0.021350133886262994,0.111044088275788,0.867605777837949
25728,LOF,0.01976255130843018,0.12314840688016884,0.8570890418114009
25729,LOF,0.018839455758017327,0.13370217197394293,0.8474583722680397
25730,LOF,0.02101384252998555,0.09333174768663417,0.8856544097833802
25731,LOF,0.010919993572980105,0.17701483377337462,0.8120651726536453
25732,LOF,0.018136599315733665,0.11550359362124596,0.8663598070630203
25733,LOF,0.02758759018341342,0.10965274966339401,0.8627596601531925
25734,LOF,0.007057086220836667,0.22079223240051718,0.7721506813786462
25735,LOF,0.021522732680093894,0.08685996661782534,0.8916173007020808
25736,LOF,0.019784671434875858,0.14215814634649598,0.8380571822186281
25737,LOF,0.0362235872161622,0.12152607723384436,0.8422503355499934
25738,LOF,0.020594642035340328,0.174494805065417,0.8049105528992427
25739,LOF,0.02341030461502457,0.15005616017020715,0.8265335352147684
25740,LOF,0.04896772633426686,0.15979371068460885,0.7912385629811243
25741,LOF,0.026327471859337252,0.13179610451800267,0.84187642362266
25742,LOF,0.045242160265433144,0.13640651678616172,0.8183513229484051
25743,LOF,0.012398401104803156,0.028148335149372525,0.9594532637458243
25744,LOF,0.17100639953056357,0.3266225629104293,0.5023710375590071
25745,LOF,0.0320215635826198,0.11488391704955107,0.8530945193678291
25746,LOF,0.014191953057784847,0.1669771850950579,0.8188308618471571
25747,LOF,0.03001913437266466,0.02892143700988701,0.9410594286174484
25748,LOF,0.26492991111810454,0.052770201707554296,0.6822998871743412
25749,LOF,0.012711061337049244,0.09790378015503036,0.8893851585079203
25750,LOF,0.01723026720437724,0.09976105872482678,0.883008674070796
25751,LOF,0.04101447393583912,0.04785928070498968,0.9111262453591711
25752,GOF,0.09505935436610485,0.6958354111895846,0.20910523444431067
25753,LOF,0.006567492492516731,0.4129008329688136,0.5805316745386696
25754,GOF,0.006981755689552844,0.8579893949169272,0.13502884939352
25755,LOF,0.007804349361710895,0.45250670751997396,0.5396889431183152
25756,LOF,0.046548959647839686,0.45556957526821085,0.49788146508394937
25757,GOF,0.0075516968253869395,0.8634236721167682,0.12902463105784479
25758,GOF,0.008274558048115535,0.8786837145093529,0.11304172744253153
25759,GOF,0.005313040289861018,0.5942860784534326,0.4004008812567065
25760,LOF,0.005412721701628175,0.31453094342124727,0.6800563348771246
25761,GOF,0.05181591548947291,0.8613477177458176,0.08683636676470943
25762,LOF,0.026225951480315035,0.383240267840306,0.5905337806793789
25763,LOF,0.006268215836859799,0.2920616862041171,0.7016700979590231
25764,GOF,0.06563352661380911,0.6500747879051627,0.2842916854810282
25765,GOF,0.0075592719819047305,0.8525878203656454,0.13985290765244995
25766,GOF,0.03739428605913589,0.8193315421130453,0.14327417182781887
25767,GOF,0.010704568508891373,0.547770917809778,0.44152451368133067
25768,LOF,0.03477902233801031,0.06927927322085271,0.8959417044411369
25769,LOF,0.02348088982791605,0.09045845214758638,0.8860606580244976
25770,LOF,0.17478654868631646,0.07290629020895764,0.752307161104726
25771,LOF,0.015154877178575317,0.07705632140692031,0.9077888014145045
25772,LOF,0.022575396295617504,0.03736772172085743,0.940056881983525
25773,LOF,0.020637917835886838,0.0728686998174221,0.9064933823466911
25774,LOF,0.029760761473215762,0.10971427162194697,0.8605249669048374
25775,LOF,0.022861000818896318,0.04740799509715633,0.9297310040839474
25776,LOF,0.024471101905505693,0.032353653209589224,0.943175244884905
25777,LOF,0.2642442266512612,0.08409860069782332,0.6516571726509154
25778,LOF,0.017991412388210736,0.07133026469210561,0.9106783229196838
25779,GOF,0.03655393066097514,0.8845182509203968,0.07892781841862805
25780,GOF,0.06482763170441307,0.8779100728099234,0.05726229548566359
25781,GOF,0.03217850330987112,0.8657872474302655,0.10203424925986344
25782,GOF,0.03253872447141585,0.9035044240181862,0.06395685151039798
25783,GOF,0.02544358420718165,0.9150210988261347,0.05953531696668368
25784,GOF,0.08157609845087865,0.8704606641316509,0.047963237417470536
25785,GOF,0.0791389640289143,0.8769565145894579,0.043904521381627676
25786,GOF,0.008435065979395815,0.8690835312816095,0.12248140273899472
25787,GOF,0.1576502933314758,0.7941382937836566,0.04821141288486763
25788,LOF,0.014816086732848444,0.1841148560680795,0.8010690571990722
25789,GOF,0.01672615126715908,0.8526944892644646,0.13057935946837643
25790,GOF,0.018243779456102574,0.8684223572930083,0.11333386325088925
25791,GOF,0.018725282787283453,0.7977252861469434,0.18354943106577315
25792,GOF,0.02275988390492496,0.8311507310809093,0.14608938501416585
25793,GOF,0.06510512515385428,0.8427359716379951,0.09215890320815062
25794,GOF,0.05488971700487255,0.7727612823213457,0.17234900067378173
25795,GOF,0.04482506583955486,0.7485451808870517,0.20662975327339347
25796,GOF,0.09810709157082555,0.8042321644209045,0.09766074400826988
25797,GOF,0.06014779254387176,0.7648001184601007,0.1750520889960276
25798,GOF,0.004540762851058279,0.7635903215691717,0.2318689155797699
25799,GOF,0.0036615891475000645,0.6974061058897852,0.2989323049627146
25800,GOF,0.020420552621449876,0.8201140321133927,0.15946541526515737
25801,GOF,0.015882515373267604,0.8829216065731217,0.10119587805361058
25802,GOF,0.025785020142206815,0.8398957010958217,0.13431927876197164
25803,GOF,0.018022642744025864,0.7295256461358657,0.2524517111201084
25804,GOF,0.025091263180601803,0.7708613949655632,0.20404734185383505
25805,GOF,0.02586095898850677,0.8043562681483425,0.16978277286315072
25806,GOF,0.026663501632660666,0.80365789016723,0.16967860820010938
25807,GOF,0.007602122168438464,0.7455658282877871,0.2468320495437746
25808,GOF,0.016837563080976732,0.7925923919011767,0.19057004501784672
25809,GOF,0.00898640147855484,0.740106369281408,0.2509072292400371
25810,GOF,0.00698962134399091,0.7257286012111924,0.2672817774448168
25811,GOF,0.04216026978717897,0.8777514752645673,0.08008825494825383
25812,GOF,0.028915790517897555,0.7885726854826924,0.1825115239994101
25813,GOF,0.12010776847253321,0.798297262530331,0.0815949689971357
25814,GOF,0.028544973823993663,0.7947134210558372,0.17674160512016904
25815,GOF,0.051141394780685905,0.8325908276335383,0.11626777758577561
25816,GOF,0.009528573327960635,0.863540305766712,0.12693112090532735
25817,GOF,0.0887353142752646,0.8145562782944145,0.09670840743032114
25818,GOF,0.021066985426183238,0.8097784053508759,0.16915460922294076
25819,GOF,0.06431189418658737,0.7578399460024962,0.17784815981091645
25820,GOF,0.029199200719323044,0.7105935515423077,0.26020724773836906
25821,GOF,0.020744298248187815,0.7271969463237408,0.2520587554280714
25822,GOF,0.03701261028802002,0.7166860870441523,0.24630130266782765
25823,GOF,0.022368104853706383,0.7146185854310301,0.26301330971526354
25824,GOF,0.02203340638123855,0.7777991887330248,0.20016740488573664
25825,GOF,0.017307614925805688,0.7645013665963359,0.2181910184778585
25826,GOF,0.006932371730365294,0.7116252305354245,0.28144239773421026
25827,GOF,0.011415957403138407,0.6918344411485334,0.2967496014483283
25828,GOF,0.008194909274432867,0.7112947627331524,0.28051032799241477
25829,GOF,0.0036264181376571363,0.6775249673384567,0.31884861452388624
25830,LOF,0.032634954144139396,0.4725192522765042,0.4948457935793563
25831,GOF,0.04774774846270618,0.7898391896727671,0.1624130618645266
25832,GOF,0.00790396669478348,0.736130852889105,0.2559651804161115
25833,GOF,0.028641334682699807,0.8053215176382814,0.16603714767901873
25834,GOF,0.008946430156059375,0.7586857144631568,0.23236785538078392
25835,GOF,0.021718403503542587,0.8340960489630744,0.14418554753338297
25836,GOF,0.00595882270047263,0.7486653141890169,0.24537586311051032
25837,GOF,0.007297821701562615,0.7619657288694672,0.23073644942897006
25838,GOF,0.018861860742472803,0.8305005112189473,0.15063762803857997
25839,GOF,0.03843625964494773,0.8048366168380633,0.156727123516989
25840,GOF,0.06365895568318666,0.810047621125843,0.1262934231909703
25841,GOF,0.0664739698019563,0.8283851601488121,0.10514087004923169
25842,GOF,0.02532323751909589,0.8863068915766653,0.0883698709042389
25843,GOF,0.022832039225879057,0.8853835096390469,0.0917844511350741
25844,GOF,0.015207789518245286,0.8241061925641957,0.16068601791755896
25845,GOF,0.0056771863684275635,0.7537017880706895,0.24062102556088302
25846,GOF,0.05842788975742765,0.8219324786593915,0.11963963158318074
25847,GOF,0.015690150992064764,0.8867505012674939,0.09755934774044142
25848,GOF,0.018517884283024772,0.8301427662265364,0.15133934949043884
25849,GOF,0.006624434495597977,0.8216571120436121,0.17171845346079004
25850,GOF,0.005473963464127781,0.7287253834961581,0.2658006530397141
25851,GOF,0.005191296844413005,0.6835846048653218,0.31122409829026515
25852,GOF,0.12642617932599065,0.6172241469637627,0.25634967371024664
25853,GOF,0.06832615425389002,0.8063149554549194,0.12535889029119077
25854,GOF,0.005190367782670481,0.7187687963428827,0.2760408358744468
25855,GOF,0.021925767605773736,0.6890263222646722,0.28904791012955405
25856,GOF,0.04374156931525445,0.794701198609352,0.16155723207539377
25857,GOF,0.023343633166244916,0.7134665922073525,0.2631897746264026
25858,GOF,0.00962263915854121,0.7427867221973548,0.24759063864410402
25859,GOF,0.007267393042825899,0.7434846149937374,0.2492479919634368
25860,GOF,0.07783804941805707,0.8086769468760924,0.11348500370585073
25861,GOF,0.08385001096697964,0.8135613102258947,0.10258867880712563
25862,GOF,0.019789991227468058,0.8783494542149016,0.10186055455763034
25863,GOF,0.021181664418056665,0.8680803311550461,0.11073800442689716
25864,GOF,0.0626532368128243,0.8800726880886698,0.057274075098506017
25865,GOF,0.0439609449831193,0.8504875766807644,0.10555147833611632
25866,GOF,0.0235213721361486,0.8724457136458864,0.10403291421796507
25867,GOF,0.03976522403222928,0.8696750093853516,0.09055976658241903
25868,GOF,0.05556389936901947,0.823106281331809,0.1213298192991715
25869,GOF,0.3418414238503499,0.5824726202139467,0.07568595593570339
25870,GOF,0.056339609110740756,0.5785256438015942,0.3651347470876651
25871,GOF,0.009350021672607327,0.8557412190402881,0.13490875928710455
25872,GOF,0.017712390865157572,0.8379929558794045,0.14429465325543797
25873,GOF,0.017445817744057523,0.8703152239060554,0.11223895834988697
25874,LOF,0.015109425074449845,0.219325682704472,0.7655648922210782
25875,LOF,0.028751058088059476,0.055275286639123976,0.9159736552728167
25876,LOF,0.01838025530584031,0.035537541340856335,0.9460822033533034
25877,LOF,0.09840105789236836,0.08629697247394973,0.815301969633682
25878,LOF,0.06720826566774267,0.12946907300503405,0.8033226613272233
25879,LOF,0.016629281870005928,0.08850017575324484,0.8948705423767492
25880,LOF,0.06118229350800447,0.012454508641072524,0.926363197850923
25881,Neutral,0.47287960754128155,0.0713786353979254,0.45574175706079306
25882,LOF,0.06439763535526158,0.027969143259069216,0.9076332213856693
25883,LOF,0.028228568750391727,0.03332826993510543,0.938443161314503
25884,LOF,0.016491509957077786,0.06371135116882387,0.9197971388740982
25885,LOF,0.18896527403484073,0.013194878304119192,0.79783984766104
25886,LOF,0.28015300877654836,0.06998180822519375,0.6498651829982578
25887,LOF,0.12205008760599026,0.07932400311535957,0.7986259092786503
25888,LOF,0.008353248401392009,0.1275773504793871,0.8640694011192208
25889,LOF,0.02375841647633812,0.043739590410353746,0.9325019931133081
25890,LOF,0.16973503362792566,0.08599875007152169,0.7442662163005527
25891,LOF,0.12023518817112473,0.03139948408625914,0.8483653277426162
25892,LOF,0.009352761171230493,0.034066792745714475,0.956580446083055
25893,LOF,0.3640503022357448,0.00982985816337271,0.6261198396008825
25894,LOF,0.4062209868659938,0.00732588504794228,0.586453128086064
25895,LOF,0.36147432275784963,0.013848120460523338,0.6246775567816271
25896,LOF,0.07114600316625622,0.029479582622795094,0.8993744142109487
25897,LOF,0.16878764883286154,0.010789896477421365,0.820422454689717
25898,LOF,0.1441322699432543,0.035177438537790005,0.8206902915189557
25899,LOF,0.4158263587193732,0.028135168828051702,0.5560384724525751
25900,Neutral,0.5025213585172883,0.008887518031284965,0.48859112345142675
25901,LOF,0.05938676207423927,0.01218737031615789,0.9284258676096029
25902,LOF,0.16895822007145056,0.014117543316902922,0.8169242366116466
25903,LOF,0.3546413154459688,0.028647984472313936,0.6167107000817171
25904,Neutral,0.5247958517414539,0.03976404489351223,0.43544010336503386
25905,LOF,0.006857175674183462,0.45228875618933817,0.5408540681364784
25906,LOF,0.0070656292490786565,0.08794896953731053,0.9049854012136108
25907,LOF,0.007250839351953819,0.28549458591298116,0.7072545747350649
25908,LOF,0.006125856579160578,0.25808682807910016,0.7357873153417394
25909,LOF,0.027092413298073572,0.13029229288216895,0.8426152938197574
25910,LOF,0.01297792558527732,0.13220866556143743,0.8548134088532854
25911,LOF,0.22002359562120224,0.08134297862183196,0.6986334257569657
25912,LOF,0.10275190539019208,0.04317199830196471,0.8540760963078431
25913,LOF,0.02324555084674319,0.07588512281223762,0.9008693263410192
25914,LOF,0.036000129775891135,0.03196623540648864,0.9320336348176202
25915,LOF,0.19760198324587694,0.14173471182189826,0.6606633049322248
25916,LOF,0.02653867248740428,0.07364045772824403,0.8998208697843517
25917,LOF,0.07725182887921891,0.0243761731711279,0.8983719979496531
25918,LOF,0.042127983203762834,0.019577662866169198,0.938294353930068
25919,LOF,0.0370679841041606,0.018398478368890477,0.9445335375269488
25920,LOF,0.33764232471903477,0.26489442923870193,0.3974632460422634
25921,LOF,0.014421217271041589,0.03912867528931605,0.9464501074396423
25922,LOF,0.017265024736070875,0.039746681103549834,0.9429882941603792
25923,LOF,0.45286780392467096,0.03584391728471333,0.5112882787906157
25924,LOF,0.025553623334561317,0.05542786609378996,0.9190185105716486
25925,LOF,0.08522227838699012,0.04914682334519791,0.8656308982678119
25926,LOF,0.06914358303397358,0.04559912999465817,0.8852572869713683
25927,LOF,0.019909304309201212,0.08445046659976792,0.8956402290910309
25928,LOF,0.009846564547888523,0.05271784823303144,0.93743558721908
25929,Neutral,0.5821849707834301,0.03397893956341779,0.3838360896531521
25930,LOF,0.07490101814437825,0.03426440405175939,0.8908345778038624
25931,LOF,0.013707898704068681,0.04004782256411587,0.9462442787318154
25932,LOF,0.06189411593424532,0.03710208245861354,0.9010038016071411
25933,LOF,0.062053075192398145,0.022338141145866207,0.9156087836617356
25934,LOF,0.054138137273456156,0.022169884821878733,0.9236919779046651
25935,LOF,0.07882231480112872,0.05969435680765068,0.8614833283912205
25936,LOF,0.09975973731225946,0.022678618685185208,0.8775616440025553
25937,LOF,0.019171725564959597,0.029759190891735322,0.951069083543305
25938,LOF,0.07461631935386837,0.051180814994809476,0.8742028656513222
25939,LOF,0.046500526296240755,0.030136779443054616,0.9233626942607046
25940,LOF,0.009546837541464757,0.42734539955311457,0.5631077629054208
25941,Neutral,0.4798986535549547,0.0453490651588812,0.47475228128616404
25942,LOF,0.00995897884960817,0.06408860188467298,0.9259524192657189
25943,LOF,0.04469861868687128,0.18917272284490153,0.7661286584682272
25944,LOF,0.0402734118386285,0.0896681121088243,0.8700584760525473
25945,LOF,0.12333320404852459,0.03832891224879488,0.8383378837026805
25946,LOF,0.07022800016850943,0.04161925431815244,0.8881527455133381
25947,Neutral,0.5373855687477287,0.06907933548298581,0.3935350957692856
25948,LOF,0.4299544043334867,0.021337789972064185,0.5487078056944491
25949,LOF,0.15403865672205933,0.08559303057754529,0.7603683127003954
25950,GOF,0.060014148755250046,0.5122938233451554,0.42769202789959454
25951,LOF,0.015545826078113969,0.3708417037933197,0.6136124701285663
25952,LOF,0.2691921500759195,0.2119746491852179,0.5188332007388626
25953,LOF,0.008581924423765167,0.2210797039287151,0.7703383716475198
25954,LOF,0.07478586425088342,0.30717110472413606,0.6180430310249805
25955,LOF,0.007420587523187644,0.2197176529764884,0.7728617595003241
25956,LOF,0.01299395305353522,0.3224960412107172,0.6645100057357476
25957,LOF,0.15746660903531165,0.03301288904499024,0.809520501919698
25958,LOF,0.03302319791903396,0.07443946722681526,0.8925373348541508
25959,GOF,0.006882127467563911,0.8003579625047242,0.19275991002771187
25960,LOF,0.004825929612583444,0.1231286506160978,0.8720454197713189
25961,LOF,0.031165001613862615,0.059223753647357075,0.9096112447387804
25962,LOF,0.046162454084284245,0.07768256917846668,0.876154976737249
25963,LOF,0.006774541014367775,0.14638765509870416,0.8468378038869281
25964,LOF,0.027171579472820322,0.12296997572513797,0.8498584448020416
25965,LOF,0.25878304217145737,0.12606376344613507,0.6151531943824076
25966,LOF,0.40682731257782584,0.0972819050531925,0.49589078236898176
25967,LOF,0.008600651751197579,0.06442914006776078,0.9269702081810416
25968,LOF,0.03984221669908836,0.22788511064427205,0.7322726726566395
25969,LOF,0.16791719624793672,0.0525180592229677,0.7795647445290956
25970,LOF,0.07135907088658995,0.07426144640400913,0.8543794827094009
25971,LOF,0.08471444346772021,0.03321347393467298,0.8820720825976067
25972,LOF,0.07715419780742153,0.060321673424993005,0.8625241287675856
25973,LOF,0.06302439552996687,0.010849793855233207,0.9261258106147998
25974,LOF,0.04035523674301345,0.0440008165587245,0.915643946698262
25975,LOF,0.039553433573874704,0.019291646986782193,0.9411549194393432
25976,LOF,0.08738775591314302,0.011559452712879023,0.9010527913739781
25977,LOF,0.25122557375337773,0.055463119348994665,0.6933113068976277
25978,LOF,0.1700443481073027,0.1469511332208664,0.6830045186718309
25979,LOF,0.13950517035847246,0.16295541244650136,0.6975394171950262
25980,LOF,0.23027822493400463,0.21958211559307672,0.5501396594729187
25981,LOF,0.2320781046988597,0.22155654361419708,0.5463653516869432
25982,LOF,0.43854944301082194,0.10763345009608585,0.45381710689309207
25983,Neutral,0.4451884497580055,0.1343871000073801,0.42042445023461444
25984,LOF,0.04252767107084403,0.09863847061925266,0.8588338583099033
25985,LOF,0.42948895096856926,0.11574189217616948,0.4547691568552612
25986,LOF,0.010950462448074284,0.4620487470135091,0.5270007905384165
25987,LOF,0.04323805148857671,0.1027929190025435,0.8539690295088798
25988,LOF,0.04132626398882952,0.14384222284797807,0.8148315131631924
25989,LOF,0.04542563136106955,0.19558201241380183,0.7589923562251286
25990,LOF,0.03957402195408994,0.2931991487145757,0.6672268293313343
25991,GOF,0.02166401527163605,0.49540561678375705,0.4829303679446068
25992,LOF,0.017154015928569168,0.4733900060212447,0.5094559780501862
25993,LOF,0.025930117073495795,0.08736053738635459,0.8867093455401496
25994,LOF,0.02419101809564596,0.09064417736814875,0.8851648045362053
25995,LOF,0.019072999326924543,0.1546330071634647,0.8262939935096107
25996,Neutral,0.3779197333886374,0.3625775986794047,0.2595026679319579
25997,LOF,0.06535239670658878,0.44324298752726926,0.4914046157661421
25998,LOF,0.27132909448962156,0.04149839953580875,0.6871725059745698
25999,LOF,0.03912796308149808,0.11621078164942408,0.844661255269078
26000,LOF,0.13691415915356245,0.016751947436831064,0.8463338934096065
26001,LOF,0.24416174937614513,0.018176258962265775,0.7376619916615891
26002,LOF,0.12088228830526514,0.026657846554750834,0.852459865139984
26003,GOF,0.0070286062751830115,0.619312246675046,0.373659147049771
26004,GOF,0.015907546699159152,0.6426249032028647,0.3414675500979762
26005,LOF,0.005051991748615226,0.4789751724342575,0.5159728358171272
26006,GOF,0.09683510467518786,0.5272671219281956,0.3758977733966165
26007,GOF,0.010778293365100548,0.49940368035914695,0.48981802627575244
26008,GOF,0.00595464421772521,0.5991438061062435,0.39490154967603125
26009,GOF,0.01178230896724869,0.624983820092409,0.3632338709403423
26010,GOF,0.009359957378843242,0.576824970966528,0.4138150716546288
26011,LOF,0.003957053946873389,0.4183098457604592,0.5777331002926673
26012,GOF,0.004863840463994972,0.5410381905883892,0.4540979689476159
26013,GOF,0.00994291161589063,0.5642834536348864,0.4257736347492229
26014,LOF,0.06678448338948716,0.11009426816190816,0.8231212484486048
26015,LOF,0.3609578331240406,0.04178089968850669,0.5972612671874526
26016,LOF,0.2769474209529982,0.05850368694407759,0.6645488921029242
26017,LOF,0.012551031097061563,0.25588783069062027,0.7315611382123182
26018,LOF,0.02359770920312849,0.08855639519744515,0.8878458955994264
26019,LOF,0.022992957978844996,0.07642150539144092,0.9005855366297142
26020,LOF,0.007332693356413574,0.23518644674871755,0.7574808598948689
26021,LOF,0.07275724346902565,0.10478515198290235,0.8224576045480719
26022,LOF,0.037425473179617384,0.04047283448123512,0.9221016923391475
26023,LOF,0.01864273474635598,0.06288725896942532,0.9184700062842186
26024,LOF,0.05514459938091387,0.08149487399440106,0.863360526624685
26025,LOF,0.11582372911287804,0.10868655817741638,0.7754897127097057
26026,LOF,0.12113114719955126,0.09067550081042827,0.7881933519900205
26027,LOF,0.023635330660065276,0.037518407345841574,0.9388462619940933
26028,LOF,0.09016994233001926,0.17187950720767703,0.7379505504623037
26029,LOF,0.02442308479905393,0.17499903700867467,0.8005778781922714
26030,LOF,0.12988127933735014,0.022537865337018213,0.8475808553256315
26031,LOF,0.010192348651125284,0.1416992019020114,0.8481084494468633
26032,LOF,0.03635968762635245,0.03781985700083971,0.9258204553728078
26033,LOF,0.03563542922174454,0.04030200575777588,0.9240625650204796
26034,LOF,0.01608878767608473,0.11704331354644469,0.8668678987774705
26035,LOF,0.013367601984103823,0.11059714222620368,0.8760352557896924
26036,LOF,0.011821194267581995,0.09330006525562756,0.8948787404767905
26037,LOF,0.01120953974729405,0.09986897419212695,0.888921486060579
26038,LOF,0.03102169791550469,0.034673893333681344,0.934304408750814
26039,LOF,0.039206842710889186,0.13011844703930317,0.8306747102498077
26040,LOF,0.07796010323205987,0.11545808348850989,0.8065818132794303
26041,LOF,0.013710445117189461,0.09586623650127997,0.8904233183815305
26042,LOF,0.013765345833160005,0.1043231525811754,0.8819115015856646
26043,LOF,0.03066801770741646,0.05487758079354367,0.9144544014990398
26044,LOF,0.00922190367834509,0.04314734290265215,0.9476307534190027
26045,LOF,0.08251560697129139,0.13064669549866864,0.7868376975300401
26046,LOF,0.027208069094390875,0.04274583659775949,0.9300460943078497
26047,LOF,0.055297112539973214,0.04345195319640581,0.9012509342636209
26048,LOF,0.08247362317443045,0.018602148032699915,0.8989242287928696
26049,Neutral,0.939944444688869,0.006965640256413949,0.05308991505471708
26050,Neutral,0.9060668705122119,0.00733137272318316,0.0866017567646049
26051,LOF,0.02647238770686347,0.060978922295387844,0.9125486899977487
26052,LOF,0.03353333128759856,0.056578481301949854,0.9098881874104516
26053,LOF,0.02376879181201073,0.132645145440758,0.8435860627472312
26054,LOF,0.048929540337164186,0.03911044514180823,0.9119600145210276
26055,LOF,0.0756915978704635,0.037208274414427006,0.8871001277151095
26056,LOF,0.0619696257974649,0.0469478360997063,0.8910825381028289
26057,LOF,0.05974835336495722,0.021895910391915033,0.9183557362431278
26058,LOF,0.06428326432049108,0.017023079064172778,0.9186936566153361
26059,LOF,0.20531886499475668,0.04111980699868598,0.7535613280065573
26060,LOF,0.02371286291101069,0.17775672737549558,0.7985304097134936
26061,LOF,0.013035182550520347,0.012893693542687294,0.9740711239067924
26062,LOF,0.006876572188265681,0.01984765948606932,0.973275768325665
26063,LOF,0.042246322243800837,0.01581265976949758,0.9419410179867016
26064,LOF,0.014740391761052594,0.02038603194663609,0.9648735762923114
26065,LOF,0.053518894100551086,0.01989750383115852,0.9265836020682904
26066,LOF,0.04002565427987424,0.015529598328143204,0.9444447473919825
26067,LOF,0.04555446225224784,0.01607033176636084,0.9383752059813912
26068,LOF,0.055502649225028455,0.05164226808993907,0.8928550826850324
26069,LOF,0.3015267435757803,0.03504552036273204,0.6634277360614876
26070,Neutral,0.533790508045256,0.026804026522188235,0.4394054654325557
26071,LOF,0.047994884782208175,0.018030110064419503,0.9339750051533723
26072,LOF,0.008381833350661259,0.023165004420725062,0.9684531622286138
26073,LOF,0.038285580950931944,0.02032825883770987,0.9413861602113581
26074,Neutral,0.8670386141678695,0.013216492334427631,0.11974489349770277
26075,LOF,0.059225629908859524,0.02875458308950227,0.9120197870016381
26076,LOF,0.051630619485986566,0.016079715443613505,0.9322896650703999
26077,LOF,0.15620204494030746,0.00841188552319279,0.8353860695364997
26078,LOF,0.007571987227787983,0.02142674011851082,0.9710012726537012
26079,LOF,0.06783397964764508,0.029156405021289727,0.9030096153310652
26080,LOF,0.06656525071539265,0.029240167917615672,0.9041945813669917
26081,LOF,0.035443079055142816,0.012960874340998801,0.9515960466038583
26082,LOF,0.0063173388178378986,0.022451912830536724,0.9712307483516253
26083,LOF,0.11018440907686826,0.030810332993730035,0.8590052579294016
26084,LOF,0.10958584722686274,0.023079500078129724,0.8673346526950075
26085,LOF,0.09549362027879832,0.01946772877374855,0.8850386509474532
26086,LOF,0.03899700387501216,0.01842347998852892,0.9425795161364589
26087,LOF,0.03709918632519568,0.014265216577765019,0.9486355970970394
26088,LOF,0.007357414768617397,0.02801914111499458,0.9646234441163881
26089,LOF,0.04422669989842023,0.04604476614777912,0.9097285339538007
26090,LOF,0.04443784641795078,0.03600989237575071,0.9195522612062985
26091,LOF,0.02873782777048047,0.01166343695835507,0.9595987352711645
26092,LOF,0.046836252724652874,0.012391268881931082,0.940772478393416
26093,LOF,0.08535765575522362,0.008655412891026011,0.9059869313537503
26094,LOF,0.034426884460651494,0.011487629217013084,0.9540854863223355
26095,LOF,0.021644381155316784,0.02142746736221858,0.9569281514824646
26096,LOF,0.20989201274372074,0.0055054165959851865,0.7846025706602942
26097,LOF,0.0076117016073845795,0.04528267174395098,0.9471056266486644
26098,LOF,0.12668962050607036,0.025247446117501154,0.8480629333764285
26099,LOF,0.040451154524962105,0.02725289427455433,0.9322959512004836
26100,LOF,0.040451154524962105,0.02725289427455433,0.9322959512004836
26101,LOF,0.06493238116590803,0.04473840029827256,0.8903292185358195
26102,LOF,0.03352745119669733,0.026323446072357516,0.9401491027309452
26103,Neutral,0.8863973075672311,0.03351971141240311,0.08008298102036569
26104,LOF,0.06195495375451838,0.05173010008010253,0.8863149461653791
26105,LOF,0.2651523174487472,0.10595253357407061,0.6288951489771822
26106,LOF,0.31356639466830266,0.05160317363655611,0.6348304316951413
26107,LOF,0.019855587901872133,0.0696007651697529,0.9105436469283749
26108,LOF,0.2734056863043006,0.03580862389073167,0.6907856898049677
26109,LOF,0.0753707957834928,0.034936812636085744,0.8896923915804215
26110,LOF,0.4364658672389462,0.012178938329203892,0.5513551944318499
26111,LOF,0.058797496764580084,0.11230280491063455,0.8288996983247853
26112,LOF,0.054311743106435446,0.011062779964429687,0.9346254769291349
26113,LOF,0.11605641780330285,0.02695187959473324,0.8569917026019639
26114,LOF,0.09381953927985852,0.006843522247859688,0.8993369384722818
26115,LOF,0.015180149957376932,0.049849944145101036,0.9349699058975222
26116,LOF,0.07858168254179253,0.01923818964844769,0.9021801278097598
26117,LOF,0.34730255098983304,0.04090989505757688,0.6117875539525901
26118,LOF,0.04646288721397434,0.02010054261549573,0.9334365701705298
26119,LOF,0.0057946124238148575,0.1084198396715466,0.8857855479046386
26120,LOF,0.0319631836264589,0.018063131899274897,0.9499736844742662
26121,LOF,0.00305754560229653,0.1648631932101019,0.8320792611876016
