feature0,prediction,LoGoFunc_Neutral,LoGoFunc_GOF,LoGoFunc_LOF
25546,Neutral,0.7611401511320445,0.031348893159082604,0.207510955708873
25547,Neutral,0.6216757464117212,0.06343622623680793,0.31488802735147103
25548,Neutral,0.6302499705390409,0.04965156695346285,0.32009846250749635
25549,Neutral,0.5564057203307843,0.04801866638154759,0.3955756132876682
25550,LOF,0.37748824547329124,0.09959306524489553,0.5229186892818133
25551,LOF,0.29729332568958067,0.10773510034590096,0.5949715739645184
25552,LOF,0.22050583809895818,0.10092833569704789,0.678565826203994
25553,Neutral,0.8568887698040961,0.024782673680101078,0.11832855651580294
25554,LOF,0.2669852427111217,0.09891091853962133,0.634103838749257
25555,LOF,0.21697388052035216,0.08611895305764897,0.6969071664219989
25556,Neutral,0.48354265202361557,0.08457980513194524,0.43187754284443924
25557,LOF,0.2043851794729787,0.09088601465604995,0.7047288058709713
25558,LOF,0.24629936898393204,0.09848563382910067,0.6552149971869673
25559,LOF,0.37917258115709535,0.09970832966922755,0.5211190891736771
25560,LOF,0.053947505642334706,0.14780813435412737,0.7982443600035379
25561,LOF,0.12762235514199716,0.14292450753164637,0.7294531373263564
25562,LOF,0.08344459088845323,0.07421334010488692,0.84234206900666
25563,LOF,0.10744624556086128,0.06718346786169421,0.8253702865774446
25564,LOF,0.2639513458636124,0.12184149447254138,0.6142071596638463
25565,LOF,0.13310500045969248,0.12904217480941396,0.7378528247308934
25566,GOF,0.011596837367032747,0.7722019829849436,0.21620117964802363
25567,LOF,0.019576092834412667,0.19814242254763823,0.7822814846179491
25568,LOF,0.056693174776502334,0.075696155665077,0.8676106695584207
25569,LOF,0.060015940205272594,0.07583775091968405,0.8641463088750434
25570,LOF,0.058383333114682176,0.12380687788917215,0.8178097889961456
25571,LOF,0.051013763676919226,0.11584120214649417,0.8331450341765866
25572,LOF,0.06674335940791781,0.13038258431207592,0.8028740562800063
25573,LOF,0.03380451017588846,0.1076557282534062,0.8585397615707052
25574,LOF,0.020098951924290613,0.16885418950935077,0.8110468585663586
25575,LOF,0.04030742496539479,0.13251807987166567,0.8271744951629396
25576,LOF,0.019514309941275367,0.15335873577224216,0.8271269542864825
25577,LOF,0.016007723634021743,0.13678429314248786,0.8472079832234904
25578,LOF,0.2964960327314042,0.09943308554861686,0.604070881719979
25579,LOF,0.12975371058335453,0.11753605589358435,0.7527102335230611
25580,LOF,0.028765512628457533,0.10019161800700047,0.871042869364542
25581,LOF,0.05178611514173782,0.07823322948695464,0.8699806553713075
25582,LOF,0.05106555205211847,0.07733798958120394,0.8715964583666775
25583,LOF,0.034434874875691315,0.11428219180756766,0.851282933316741
25584,Neutral,0.4814995287230385,0.12484766495206022,0.39365280632490135
25585,LOF,0.024018334457948088,0.15009667275104224,0.8258849927910096
25586,LOF,0.026195522898904647,0.09117288321319213,0.8826315938879032
25587,LOF,0.027578143045395534,0.08469350097914807,0.8877283559754564
25588,LOF,0.02755857553263432,0.10291797721315836,0.8695234472542073
25589,Neutral,0.6274111383658846,0.1268438449269291,0.24574501670718626
25590,LOF,0.03503527493331713,0.1461393148476604,0.8188254102190226
25591,LOF,0.09197783438742248,0.06915005636840597,0.8388721092441715
25592,LOF,0.08894720452634214,0.15661276394208135,0.7544400315315766
25593,LOF,0.033349190025057505,0.2795234789686471,0.6871273310062954
25594,LOF,0.047104893464008014,0.14149173297714565,0.8114033735588463
25595,LOF,0.057813573294581436,0.1008191952671528,0.8413672314382658
25596,LOF,0.0488935695230711,0.07024732955124845,0.8808591009256803
25597,LOF,0.03602034778899296,0.07136240405452045,0.8926172481564866
25598,LOF,0.05066171238171486,0.10368061634301474,0.8456576712752705
25599,GOF,0.006213909601909203,0.6132863965179666,0.38049969388012417
25600,GOF,0.012308877637482365,0.6147569882736351,0.37293413408888265
25601,LOF,0.008854936498759416,0.4337146052405503,0.5574304582606903
25602,LOF,0.01948791360406619,0.03917568133316486,0.9413364050627688
25603,LOF,0.06673224133184406,0.01722981233038883,0.9160379463377671
25604,LOF,0.033970262375755886,0.04147218691832229,0.9245575507059218
25605,LOF,0.010885686462618225,0.19211573982256078,0.796998573714821
25606,LOF,0.10415219203559024,0.31790273184175516,0.5779450761226547
25607,LOF,0.006616557046056229,0.16281723747044705,0.8305662054834968
25608,LOF,0.017796744124134668,0.09743376208393308,0.8847694937919324
25609,LOF,0.05454474780552792,0.3992171407922059,0.5462381114022663
25610,LOF,0.03203197900816642,0.026787218534717498,0.9411808024571161
25611,LOF,0.03855282988355583,0.025665183374675906,0.9357819867417683
25612,LOF,0.0972336450449875,0.03812756128589661,0.864638793669116
25613,LOF,0.08552348714716111,0.04024598358518565,0.8742305292676533
25614,LOF,0.03292340391348357,0.03272465910936148,0.9343519369771549
25615,LOF,0.036507040610399784,0.04664352917401026,0.91684943021559
25616,LOF,0.02618168995320558,0.03283011504296218,0.9409881950038324
25617,LOF,0.026526589782964873,0.035969516869263224,0.9375038933477718
25618,LOF,0.14208417885686303,0.029292169118682116,0.8286236520244549
25619,LOF,0.028974438710076416,0.03324224727516292,0.9377833140147606
25620,LOF,0.03361667365343549,0.039911062666462875,0.9264722636801016
25621,LOF,0.028559791280498147,0.03410084032874168,0.9373393683907602
25622,LOF,0.03771049431917289,0.036233036288936454,0.9260564693918907
25623,LOF,0.05329179638041463,0.027766962608894566,0.9189412410106907
25624,LOF,0.02510338335376242,0.038887870141198905,0.9360087465050386
25625,LOF,0.036514683187913455,0.0427009109901261,0.9207844058219604
25626,LOF,0.07807311718666299,0.03371245413062157,0.8882144286827154
25627,Neutral,0.5328588777490763,0.11635625394702098,0.35078486830390276
25628,LOF,0.18803106255326651,0.05416452884142782,0.7578044086053056
25629,LOF,0.05918385158724442,0.05942652017758142,0.8813896282351742
25630,LOF,0.1735904052597567,0.08672252478757231,0.7396870699526709
25631,Neutral,0.6127878230358371,0.06094428424208492,0.3262678927220779
25632,LOF,0.012866184525953936,0.103383514203529,0.883750301270517
25633,LOF,0.10133086067095431,0.0765645555302366,0.822104583798809
25634,LOF,0.03248838442074292,0.09703409463372817,0.8704775209455289
25635,LOF,0.0376436352789293,0.07819074517912274,0.884165619541948
25636,GOF,0.004275317781442221,0.5939634796871899,0.40176120253136777
25637,GOF,0.003535899748858083,0.6295681548292139,0.36689594542192805
25638,LOF,0.006111720781531788,0.3827905071890054,0.6110977720294628
25639,GOF,0.0035220074811111363,0.5112408214091132,0.4852371711097757
25640,GOF,0.4496224496781107,0.48541678584483844,0.06496076447705085
25641,LOF,0.009634280640400143,0.31058938009573167,0.6797763392638682
25642,LOF,0.25472726698470216,0.05864551501590405,0.6866272179993937
25643,LOF,0.3153496028850145,0.1452950360528824,0.539355361062103
25644,GOF,0.014956826679207485,0.5086146682696236,0.47642850505116885
25645,LOF,0.011933596906411903,0.4588725333013049,0.5291938697922832
25646,LOF,0.017800830542221372,0.30979371409968565,0.6724054553580929
25647,LOF,0.013441550787817946,0.2657456724175574,0.7208127767946246
25648,LOF,0.013005577887801037,0.2729348984473243,0.7140595236648746
25649,LOF,0.01181686512664225,0.19069453978950388,0.7974885950838538
25650,LOF,0.020101976425834785,0.42081012560760395,0.5590878979665612
25651,LOF,0.008506523771369118,0.2673080574771978,0.724185418751433
25652,LOF,0.014018038815293633,0.24648131311744545,0.7395006480672609
25653,LOF,0.04794906613151351,0.3496029580035773,0.6024479758649091
25654,LOF,0.015140814212502907,0.14051554524305723,0.84434364054444
25655,LOF,0.0829910087117675,0.3855566743082832,0.5314523169799493
25656,LOF,0.10284630481175959,0.06929668596267537,0.827857009225565
25657,LOF,0.2992264713731442,0.032348584797586705,0.6684249438292691
25658,LOF,0.043602167798243344,0.08549937558051278,0.8708984566212439
25659,LOF,0.3558651379224194,0.06969641336611107,0.5744384487114695
25660,LOF,0.059874614846131755,0.09545047056922014,0.8446749145846482
25661,LOF,0.044874858918060374,0.06740356233208218,0.8877215787498575
25662,LOF,0.02736835665137698,0.046681760551662864,0.9259498827969601
25663,LOF,0.0356323207541242,0.07018989107637426,0.8941777881695016
25664,LOF,0.045497829561847544,0.07555981634397513,0.8789423540941773
25665,LOF,0.05585955941533345,0.04308886385760641,0.90105157672706
25666,LOF,0.03976887552028382,0.11243108498198799,0.8478000394977282
25667,LOF,0.030808064605086023,0.05197732554914785,0.9172146098457662
25668,LOF,0.031777648646172434,0.05211659306005286,0.9161057582937747
25669,LOF,0.03878446745571658,0.07359225155490694,0.8876232809893765
25670,LOF,0.08094752378867451,0.08874284214683659,0.830309634064489
25671,LOF,0.03839907801875045,0.04834210443012389,0.9132588175511257
25672,LOF,0.05745404254912631,0.06144185159978994,0.8811041058510838
25673,LOF,0.046464036818292226,0.0696595806026849,0.8838763825790229
25674,LOF,0.04164957652358522,0.07005696808225513,0.8882934553941597
25675,LOF,0.05223447977735397,0.05897505091195541,0.8887904693106907
25676,LOF,0.03383525038609398,0.06152456656804923,0.9046401830458568
25677,LOF,0.05779802672444277,0.06519969887909428,0.8770022743964629
25678,LOF,0.2880265208614875,0.036620269561053596,0.6753532095774589
25679,LOF,0.17973371448251138,0.06978263942698945,0.7504836460904992
25680,LOF,0.060850534285093454,0.09760161433402278,0.8415478513808838
25681,LOF,0.10754030210591,0.08912372665306192,0.8033359712410282
25682,LOF,0.04452243817443594,0.08354645643774243,0.8719311053878216
25683,LOF,0.10040475901160528,0.09772305884040541,0.8018721821479894
25684,LOF,0.05683376569840841,0.08406645969653291,0.8590997746050588
25685,LOF,0.10694038243239617,0.05876221179183901,0.8342974057757647
25686,LOF,0.035389548003160576,0.12683306870841507,0.8377773832884243
25687,LOF,0.04286407597541019,0.10456036742144463,0.8525755566031451
25688,LOF,0.029100174626670444,0.08377147220598904,0.8871283531673405
25689,LOF,0.02025275921803174,0.07330086165881623,0.9064463791231521
25690,LOF,0.022279236966501435,0.07772521968665483,0.8999955433468436
25691,LOF,0.24105987402175544,0.09852807811237335,0.6604120478658713
25692,LOF,0.298259319359303,0.009108510967127241,0.6926321696735698
25693,LOF,0.0951915140759627,0.15715081543479018,0.7476576704892473
25694,LOF,0.2584530165916095,0.016925138868928942,0.7246218445394615
25695,LOF,0.15799315056513571,0.020695924126808093,0.8213109253080562
25696,LOF,0.1595500979772508,0.010348049350281708,0.8301018526724675
25697,LOF,0.13303835551990245,0.03304684563274404,0.8339147988473535
25698,LOF,0.032727615970421065,0.4219215157751947,0.5453508682543843
25699,LOF,0.06277025645355785,0.08465696492040184,0.8525727786260403
25700,LOF,0.03199901155756102,0.011207372812370093,0.9567936156300689
25701,LOF,0.015678823599785625,0.07448062528294064,0.9098405511172738
25702,GOF,0.03828369128943946,0.726415374198097,0.2353009345124635
25703,LOF,0.012965344066606842,0.1863797233755302,0.800654932557863
25704,LOF,0.08996491452034756,0.1461388000807566,0.7638962853988958
25705,LOF,0.061989119977175405,0.23345958357351862,0.7045512964493059
25706,GOF,0.0558372231581328,0.570698193022122,0.3734645838197452
25707,GOF,0.02870121906059233,0.4973780865022463,0.4739206944371613
25708,LOF,0.008843183704229172,0.43949118345067684,0.5516656328450941
25709,LOF,0.019239451623829503,0.0643041450383949,0.9164564033377757
25710,LOF,0.008801206830713297,0.16395220592483203,0.8272465872444547
25711,LOF,0.02066459565510791,0.11883346351837398,0.860501940826518
25712,LOF,0.009715078383391446,0.22443807146972172,0.7658468501468868
25713,LOF,0.01823902961241356,0.09725900312039676,0.8845019672671898
25714,LOF,0.02004589040309863,0.1362451397799982,0.8437089698169031
25715,LOF,0.019783943225155583,0.11034233160996948,0.8698737251648749
25716,LOF,0.010313170866533874,0.11655834907202517,0.873128480061441
25717,LOF,0.005860593373618091,0.13142613170393408,0.8627132749224478
25718,LOF,0.017683477235483882,0.07842764677733648,0.9038888759871796
25719,LOF,0.032695513986875493,0.08151638486357857,0.8857881011495459
25720,LOF,0.02190833572411314,0.08906635534909614,0.8890253089267908
25721,LOF,0.02345546586625065,0.09490515459391187,0.8816393795398376
25722,LOF,0.018218681554514036,0.12128388343050456,0.8604974350149814
25723,LOF,0.020940627067519785,0.06932502291463054,0.9097343500178496
25724,LOF,0.03542435389913426,0.09519982824209157,0.8693758178587742
25725,LOF,0.022148502913271414,0.0654847676964757,0.912366729390253
25726,LOF,0.01600330941114676,0.0982162949115957,0.8857803956772576
25727,LOF,0.01988053023859572,0.0830610003093124,0.8970584694520919
25728,LOF,0.018225733362249568,0.09625508659346221,0.8855191800442881
25729,LOF,0.018961491451280642,0.09699810469851271,0.8840404038502067
25730,LOF,0.019982204611313253,0.07736204195457838,0.9026557534341083
25731,LOF,0.011576804326221412,0.1614813541316233,0.8269418415421553
25732,LOF,0.018317275899946542,0.09087123239340704,0.8908114917066464
25733,LOF,0.028332157596291208,0.07127677871151297,0.9003910636921958
25734,LOF,0.007679713529542722,0.17813014107018593,0.8141901454002713
25735,LOF,0.022866404760128977,0.0660624598545373,0.9110711353853337
25736,LOF,0.021414912696611655,0.10028231539117706,0.8783027719122112
25737,LOF,0.04134101505754321,0.07961837632489938,0.8790406086175575
25738,LOF,0.0204295038707715,0.11293412318937597,0.8666363729398525
25739,LOF,0.02119067886695183,0.11510769230819494,0.8637016288248534
25740,LOF,0.05103261721895098,0.10860736635194207,0.840360016429107
25741,LOF,0.025874577712899707,0.09016164247792818,0.883963779809172
25742,LOF,0.03528934636298849,0.1067793667229926,0.8579312869140189
25743,LOF,0.011711549730831375,0.04865755837041992,0.9396308918987486
25744,GOF,0.12195787848506519,0.47672313577528064,0.401318985739654
25745,LOF,0.019066777560653097,0.07378372595502874,0.9071494964843182
25746,LOF,0.010365946320738447,0.09270675222141168,0.8969273014578498
25747,LOF,0.03257623633077548,0.03850539357031129,0.9289183700989132
25748,LOF,0.19230188891302055,0.06535525461641946,0.7423428564705601
25749,LOF,0.012944567413368701,0.057811476274931814,0.9292439563116995
25750,LOF,0.014721138799694567,0.09491604593785075,0.8903628152624548
25751,LOF,0.03717289126714037,0.07467175154687317,0.8881553571859864
25752,GOF,0.08197837266643537,0.6611150503128271,0.25690657702073755
25753,LOF,0.006665143797608998,0.3730327844857755,0.6203020717166154
25754,GOF,0.0052564256960427914,0.8674903890440491,0.12725318525990809
25755,LOF,0.010000719215424362,0.43764456866984885,0.5523547121147268
25756,LOF,0.04640424862022111,0.46288457887585865,0.4907111725039202
25757,GOF,0.006922322042758006,0.8799803080573003,0.11309736989994185
25758,GOF,0.008650773122169718,0.8546796472954052,0.13666957958242518
25759,GOF,0.005133669754054425,0.5917559866887233,0.4031103435572223
25760,LOF,0.0068040720059720375,0.3234754012060889,0.669720526787939
25761,GOF,0.04634129492710328,0.8355130924091423,0.11814561266375458
25762,LOF,0.027103825416578298,0.3837389787084959,0.5891571958749259
25763,LOF,0.008645509788123605,0.2623561410194074,0.728998349192469
25764,GOF,0.10637977805456914,0.5754650304498691,0.31815519149556176
25765,GOF,0.0072824336352696655,0.8440743717178701,0.14864319464686013
25766,GOF,0.03243668259707772,0.82483746757289,0.14272584983003236
25767,LOF,0.01660445643060319,0.4846990383439275,0.4986965052254693
25768,LOF,0.03660660473797348,0.07965259682126917,0.8837407984407573
25769,LOF,0.02262785126756473,0.07703681245357206,0.9003353362788631
25770,LOF,0.148321559050585,0.06915905806048996,0.782519382888925
25771,LOF,0.017618747121838193,0.07607715274483064,0.9063041001333312
25772,LOF,0.023869985053711146,0.030007124723995596,0.9461228902222932
25773,LOF,0.013147779755985536,0.0727930190985745,0.9140592011454399
25774,LOF,0.026391804482904648,0.10423320035364063,0.8693749951634547
25775,LOF,0.02148146006819456,0.045209704187019376,0.9333088357447861
25776,LOF,0.024873471034743518,0.02885504907027697,0.9462714798949794
25777,LOF,0.1757812862982626,0.07529176114424416,0.7489269525574932
25778,LOF,0.019592623532280827,0.0528420056387716,0.9275653708289476
25779,GOF,0.03703090819500675,0.9013593183398605,0.06160977346513264
25780,GOF,0.06882485293527364,0.8761152896892216,0.05505985737550489
25781,GOF,0.02699904775236224,0.8812955177978129,0.09170543444982475
25782,GOF,0.036486878304885485,0.9065377516504143,0.05697537004470019
25783,GOF,0.018419572498757402,0.7523638995804751,0.22921652792076735
25784,GOF,0.11159231258541809,0.8405919356202989,0.04781575179428293
25785,GOF,0.06672915767501077,0.8971541221920339,0.03611672013295533
25786,GOF,0.00564306458877263,0.8515103769351838,0.14284655847604355
25787,GOF,0.1618916949715737,0.8083878913571269,0.02972041367129929
25788,LOF,0.015798193356602833,0.18178099502674328,0.8024208116166539
25789,GOF,0.01862913594380809,0.8605936384517784,0.12077722560441333
25790,GOF,0.022735936873245464,0.8933542067093498,0.08390985641740469
25791,GOF,0.016477361327046067,0.8335430187560894,0.1499796199168645
25792,GOF,0.026909625320817726,0.8449241597142807,0.1281662149649016
25793,GOF,0.07810182947140738,0.8312455811870755,0.09065258934151726
25794,GOF,0.05425568539886528,0.7811624414008393,0.16458187320029535
25795,GOF,0.04074264309359632,0.7707487703788192,0.1885085865275847
25796,GOF,0.07865992431296033,0.8207413745673597,0.10059870111967989
25797,GOF,0.03599889944253466,0.6819063004984907,0.2820948000589747
25798,GOF,0.0033022106018845256,0.6657512969764714,0.3309464924216441
25799,GOF,0.0031898285380780847,0.5279096689445005,0.4689005025174215
25800,GOF,0.012995338553948502,0.7207627967091377,0.26624186473691386
25801,GOF,0.015407783916021349,0.8738293046002855,0.11076291148369324
25802,GOF,0.023140399813749556,0.7999397048157041,0.17691989537054637
25803,GOF,0.012330304264871793,0.6963934964112694,0.29127619932385895
25804,GOF,0.014255548661627909,0.6078145538770107,0.37792989746136146
25805,GOF,0.026053523725515282,0.7201553098222747,0.2537911664522101
25806,GOF,0.021306600518808477,0.754479937516141,0.2242134619650505
25807,GOF,0.005714244919546996,0.7274425843815417,0.2668431706989114
25808,GOF,0.015809051527022354,0.7499696348040296,0.23422131366894797
25809,GOF,0.006591869182095264,0.732306856435598,0.26110127438230674
25810,GOF,0.005707255554980217,0.7419985820576215,0.25229416238739844
25811,GOF,0.04906580638748779,0.8658792084087136,0.08505498520379852
25812,GOF,0.01629677086908085,0.7242590823964946,0.2594441467344244
25813,GOF,0.09650361014047028,0.8130244607931523,0.09047192906637745
25814,GOF,0.025251728891403966,0.8112271356619629,0.16352113544663316
25815,GOF,0.039878095488029265,0.8230283577926748,0.13709354671929594
25816,GOF,0.008219165061935757,0.865985724672562,0.12579511026550222
25817,GOF,0.09357927000092678,0.7806022546160459,0.12581847538302737
25818,GOF,0.02427722646062447,0.8014543350219847,0.17426843851739085
25819,GOF,0.06014458186267288,0.7759934049939197,0.16386201314340748
25820,GOF,0.03264985800614162,0.7772617266898924,0.19008841530396603
25821,GOF,0.018817525794415715,0.7634866932034027,0.21769578100218154
25822,GOF,0.04075747856856083,0.7792165433191014,0.18002597811233778
25823,GOF,0.01515300363093317,0.6557690919562306,0.32907790441283635
25824,GOF,0.025844433566083246,0.7694931634322525,0.20466240300166433
25825,GOF,0.01545431334129231,0.7433980135758068,0.24114767308290094
25826,GOF,0.005744054630982238,0.7155135295362052,0.2787424158328127
25827,GOF,0.008479372452120045,0.7173951442907814,0.2741254832570986
25828,GOF,0.005903548033643622,0.6655878561640616,0.3285085958022948
25829,GOF,0.003077912847814414,0.7012181891684947,0.2957038979836909
25830,GOF,0.03796369896401676,0.5089126413954072,0.45312365964057605
25831,GOF,0.044461104736296116,0.8493746754847102,0.10616421977899364
25832,GOF,0.00897767535469997,0.8033796882721523,0.1876426363731478
25833,GOF,0.032461115376736266,0.8441961252199262,0.1233427594033375
25834,GOF,0.008618918849537513,0.8121790326316686,0.1792020485187939
25835,GOF,0.01869233314888639,0.8614084421775036,0.11989922467361006
25836,GOF,0.006514962776892149,0.8184600330873488,0.17502500413575897
25837,GOF,0.006947065950312993,0.7345312670012176,0.25852166704846935
25838,GOF,0.020080048262913992,0.8700841188996894,0.10983583283739642
25839,GOF,0.03973219120623161,0.863564338784878,0.09670347000889021
25840,GOF,0.0540367340591468,0.8505355747960346,0.09542769114481861
25841,GOF,0.05044930392203432,0.8581191373847548,0.09143155869321094
25842,GOF,0.026495592660107762,0.901782055484364,0.07172235185552812
25843,GOF,0.029014318213074482,0.9043041483972439,0.06668153338968151
25844,GOF,0.01757076428868729,0.8456563810561186,0.13677285465519404
25845,GOF,0.005795162368109781,0.6726674280038399,0.3215374096280503
25846,GOF,0.038834852414789914,0.8672799171224422,0.09388523046276792
25847,GOF,0.020800005688234945,0.9143234756357703,0.0648765186759947
25848,GOF,0.01719217748962604,0.859509482397349,0.123298340113025
25849,GOF,0.005419967182036502,0.758748301986546,0.2358317308314175
25850,GOF,0.006627913176084281,0.7542530995896728,0.23911898723424282
25851,GOF,0.005874067915755973,0.6492605866223105,0.3448653454619335
25852,GOF,0.12569972552400518,0.6245682016101379,0.24973207286585686
25853,GOF,0.07125994119368009,0.8521407948590077,0.0765992639473121
25854,GOF,0.005361575804920864,0.7146054997242393,0.28003292447083983
25855,GOF,0.014655092916524996,0.6499944439673779,0.33535046311609695
25856,GOF,0.035749823938857346,0.7879443049479083,0.17630587111323434
25857,GOF,0.01347772424802052,0.6596566521443067,0.32686562360767285
25858,GOF,0.007721744983550523,0.6383767914459808,0.35390146357046876
25859,GOF,0.005804924824477485,0.6224561473990785,0.37173892777644413
25860,GOF,0.07743570114619655,0.814887557028193,0.10767674182561036
25861,GOF,0.08340413113791663,0.8301065528720826,0.08648931599000068
25862,GOF,0.022292313508593706,0.8688708402849173,0.10883684620648887
25863,GOF,0.021310293180950398,0.8715811055733008,0.10710860124574878
25864,GOF,0.046745336024051336,0.8794951673348937,0.07375949664105488
25865,GOF,0.03324932918431856,0.8467343448635183,0.12001632595216319
25866,GOF,0.026988495486913337,0.8635755432184157,0.10943596129467092
25867,GOF,0.03229267146847377,0.8770023299016634,0.09070499862986292
25868,GOF,0.05322610401561655,0.8375783200183045,0.10919557596607897
25869,GOF,0.33822076795649075,0.594022359867975,0.06775687217553432
25870,GOF,0.07022349129264634,0.7014083808042907,0.228368127903063
25871,GOF,0.011397392053589533,0.8986386288798055,0.08996397906660498
25872,GOF,0.021176266569146816,0.8718190539556406,0.10700467947521246
25873,GOF,0.02009922631421175,0.8988173262452429,0.08108344744054549
25874,LOF,0.01702876685285882,0.21027032855664735,0.7727009045904939
25875,LOF,0.04964125849697707,0.04671124421225127,0.9036474972907718
25876,LOF,0.01729634213532573,0.03340522548337897,0.9492984323812953
25877,LOF,0.1254937297430467,0.084665045026507,0.7898412252304463
25878,LOF,0.06810861947034484,0.11364169300757691,0.8182496875220783
25879,LOF,0.02741135916333571,0.08324776549825791,0.8893408753384064
25880,LOF,0.053779067442957684,0.012548253871740064,0.9336726786853022
25881,Neutral,0.55117480213302,0.05625910352592128,0.3925660943410587
25882,LOF,0.05880351152176369,0.02667283108512289,0.9145236573931134
25883,LOF,0.0286137285990446,0.02271262920832513,0.9486736421926303
25884,LOF,0.028430247667616086,0.03846519126462142,0.9331045610677626
25885,LOF,0.22641122174231687,0.010227919659844528,0.7633608585978386
25886,LOF,0.14803904512659943,0.054803526967322665,0.797157427906078
25887,LOF,0.19612543459245757,0.05406113211641761,0.7498134332911249
25888,LOF,0.012127409779844967,0.1268597755473163,0.8610128146728387
25889,LOF,0.032452283826481264,0.02946735952904591,0.9380803566444729
25890,LOF,0.12582498148292587,0.11332657814765877,0.7608484403694153
25891,LOF,0.09451158256622302,0.020825129618012247,0.8846632878157646
25892,LOF,0.009286661583812335,0.03401757645142312,0.9566957619647645
25893,LOF,0.41094884950531324,0.008970794374318688,0.5800803561203681
25894,LOF,0.4529891606771514,0.005950114315420738,0.5410607250074279
25895,LOF,0.3559522238024768,0.012144667664688451,0.6319031085328348
25896,LOF,0.07258277867696328,0.015894032047608152,0.9115231892754286
25897,LOF,0.19466116711447567,0.009754729843200034,0.7955841030423242
25898,LOF,0.16283209542289329,0.028713581463919002,0.8084543231131877
25899,LOF,0.3698556629699088,0.01670697663274694,0.6134373603973442
25900,LOF,0.4499830040189357,0.007289101559838021,0.5427278944212262
25901,LOF,0.06743743228778167,0.007334378373984663,0.9252281893382337
25902,LOF,0.1668416009641412,0.009268721517857102,0.8238896775180018
25903,LOF,0.4058506593091556,0.026232147870366124,0.5679171928204783
25904,Neutral,0.49923049249191087,0.022601726090742652,0.4781677814173465
25905,LOF,0.00395335827514764,0.48583094225893614,0.5102156994659163
25906,LOF,0.00871791065982917,0.12886104379999672,0.8624210455401741
25907,LOF,0.004425639804402972,0.3545790426169958,0.6409953175786012
25908,LOF,0.004442668774861119,0.26788152492793627,0.7276758062972026
25909,LOF,0.02187155267544786,0.1682399522413197,0.8098884950832325
25910,LOF,0.010415504510875582,0.14494579063951654,0.8446387048496079
25911,LOF,0.32620095033132235,0.052142760688157166,0.6216562889805205
25912,LOF,0.06702198822646026,0.06322995897451689,0.8697480527990229
25913,LOF,0.0474370798190568,0.07080317192113122,0.8817597482598121
25914,LOF,0.03850430175985502,0.047483807506935795,0.9140118907332092
25915,LOF,0.17078678024619182,0.19984692751226174,0.6293662922415464
25916,LOF,0.03049797165697367,0.13410212890272002,0.8353998994403062
25917,LOF,0.07256899054120043,0.04142829949234867,0.8860027099664508
25918,LOF,0.04819947046815783,0.030277602014816624,0.9215229275170255
25919,LOF,0.040404410161405564,0.03026812513426101,0.9293274647043336
25920,LOF,0.15709560213726084,0.17701393593106843,0.6658904619316708
25921,LOF,0.017235183338660417,0.03869236438322034,0.9440724522781192
25922,LOF,0.018397528958309897,0.03652530210826963,0.9450771689334205
25923,LOF,0.4668451554306651,0.040686227107560764,0.492468617461774
25924,LOF,0.025401452139842486,0.05694708594920523,0.9176514619109523
25925,LOF,0.08468500161348864,0.05645782790916778,0.8588571704773437
25926,LOF,0.05922801523867251,0.05632094439795266,0.8844510403633747
25927,LOF,0.02366083396759799,0.07563918200982585,0.9006999840225761
25928,LOF,0.010847854430162769,0.06476720016845497,0.9243849454013823
25929,Neutral,0.5502111030087705,0.03862201340348628,0.4111668835877432
25930,LOF,0.0712541307735207,0.03767117364709621,0.8910746955793831
25931,LOF,0.014864056736684794,0.03983384611382772,0.9453020971494874
25932,LOF,0.061265851259144646,0.0339750440924873,0.9047591046483681
25933,LOF,0.05652046508673912,0.021763865999012,0.9217156689142488
25934,LOF,0.053366176976349614,0.02155476624819278,0.9250790567754575
25935,LOF,0.07370598549822567,0.06885490756122548,0.8574391069405488
25936,LOF,0.09392616899179557,0.02478202041112615,0.8812918105970783
25937,LOF,0.014866750033793213,0.0380099734252897,0.947123276540917
25938,LOF,0.07082867244335309,0.06459462681401193,0.864576700742635
25939,LOF,0.04063308223276549,0.02946635111978005,0.9299005666474544
25940,LOF,0.009167147705701777,0.3485872539058066,0.6422455983884917
25941,Neutral,0.4960284034460486,0.03715954558448815,0.4668120509694631
25942,LOF,0.009555424119638136,0.04763474369932505,0.9428098321810368
25943,LOF,0.04746138091746445,0.17954420986164665,0.7729944092208889
25944,LOF,0.06566046933025756,0.0860730652994242,0.8482664653703181
25945,LOF,0.11842733122812726,0.018413994874413225,0.8631586738974595
25946,LOF,0.07251408486113291,0.04341248723104243,0.8840734279078247
25947,Neutral,0.46609589560557435,0.10142820977751987,0.4324758946169057
25948,LOF,0.4304275858662722,0.013143023304835744,0.556429390828892
25949,LOF,0.13026366776568765,0.06966621604150856,0.8000701161928039
25950,GOF,0.0657276597161337,0.6156473976971928,0.3186249425866736
25951,LOF,0.01272737612218998,0.4309476187996605,0.5563250050781495
25952,LOF,0.2823423448459494,0.23998706302009482,0.47767059213395574
25953,LOF,0.007605144022516918,0.18751083136187766,0.8048840246156054
25954,GOF,0.09373167173228761,0.4647503339142463,0.44151799435346606
25955,LOF,0.007072984732502887,0.15231404229554119,0.8406129729719559
25956,LOF,0.018391423356003734,0.23980611884381414,0.7418024578001821
25957,LOF,0.21005653193902854,0.03306706219450965,0.7568764058664619
25958,LOF,0.03178684485714422,0.029878640756166405,0.9383345143866894
25959,GOF,0.013509942210137267,0.5246682748167605,0.4618217829731023
25960,LOF,0.007204741079415633,0.04831400094954626,0.944481257971038
25961,LOF,0.031055167969462165,0.027575851466125956,0.941368980564412
25962,LOF,0.038538227706912495,0.06269968978540733,0.8987620825076802
25963,LOF,0.005252664367128684,0.1707616597572227,0.8239856758756486
25964,LOF,0.030221160968430746,0.09349889999785677,0.8762799390337125
25965,LOF,0.2421521662055335,0.11936834122717062,0.638479492567296
25966,Neutral,0.4657238839653553,0.13898313065076456,0.3952929853838801
25967,LOF,0.009293831539472223,0.0864486007793397,0.904257567681188
25968,LOF,0.04601437246522971,0.21917198255321182,0.7348136449815585
25969,LOF,0.1297034827425361,0.046175551988216594,0.8241209652692474
25970,LOF,0.021583318085398203,0.07251368737808371,0.9059029945365181
25971,LOF,0.08034395930168754,0.02519170198492616,0.8944643387133863
25972,LOF,0.06338970931043705,0.03735154560881992,0.899258745080743
25973,LOF,0.07144979967915045,0.009134044758366051,0.9194161555624835
25974,LOF,0.05001931576654018,0.03901229670740944,0.9109683875260502
25975,LOF,0.04822013196824036,0.017210573751609733,0.93456929428015
25976,LOF,0.09980758683019623,0.009966679913046388,0.8902257332567575
25977,LOF,0.19500225516044398,0.07144131623765569,0.7335564286019003
25978,LOF,0.17798299017347308,0.1279490240663955,0.6940679857601314
25979,LOF,0.14281543654849146,0.1452370429508164,0.7119475205006922
25980,LOF,0.23741596022355488,0.188848313047348,0.5737357267290971
25981,LOF,0.23835827487640576,0.19036797128485744,0.5712737538387368
25982,Neutral,0.4699204769382644,0.08933305893225897,0.4407464641294767
25983,Neutral,0.48902561665611416,0.11265083381430156,0.39832354952958415
25984,LOF,0.036011327853561426,0.08929756616335277,0.8746911059830859
25985,LOF,0.39519882532273365,0.14286523793116399,0.4619359367461024
25986,LOF,0.012032967858261,0.3958665738570162,0.5921004582847228
25987,LOF,0.05340217472832089,0.11834455437123868,0.8282532709004404
25988,LOF,0.04032113280293751,0.17870574961263708,0.7809731175844256
25989,LOF,0.03874776650037839,0.2118495870876736,0.7494026464119481
25990,LOF,0.038493257308889334,0.3168801408253957,0.6446266018657149
25991,LOF,0.026991859568530927,0.40826827347207173,0.5647398669593974
25992,LOF,0.026830935631185722,0.3965406296383471,0.5766284347304672
25993,LOF,0.026654634270536662,0.07373700949230302,0.8996083562371603
25994,LOF,0.022389254125743285,0.07389396979907135,0.9037167760751854
25995,LOF,0.02057412451516783,0.1451572462734761,0.8342686292113561
25996,Neutral,0.351924468604702,0.3054248636997291,0.34265066769556896
25997,LOF,0.06930114040364799,0.37338145651115545,0.5573174030851965
25998,LOF,0.24660853697154522,0.044763141906099035,0.7086283211223557
25999,LOF,0.0276902327041996,0.17658793660668728,0.7957218306891132
26000,LOF,0.186995671597723,0.03804757079175135,0.7749567576105257
26001,LOF,0.2743634052848056,0.04800906920691934,0.6776275255082751
26002,LOF,0.11114232936402221,0.06657449436472801,0.8222831762712497
26003,GOF,0.0053439183892184175,0.6562434641026358,0.33841261750814566
26004,GOF,0.008019456764050395,0.7086270457218863,0.2833534975140633
26005,GOF,0.003671757397611746,0.5046369935312728,0.49169124907111544
26006,GOF,0.11068295645240435,0.562696487666201,0.32662055588139477
26007,GOF,0.007448829122723593,0.5542720514402529,0.4382791194370235
26008,GOF,0.006022895767514991,0.6480933528640432,0.3458837513684418
26009,GOF,0.007334721440277415,0.6810677412094789,0.3115975373502437
26010,GOF,0.008781155207681147,0.6489739633559599,0.34224488143635895
26011,LOF,0.0035161158243386375,0.4711654151127857,0.5253184690628756
26012,GOF,0.0050447613885666485,0.5306597733890402,0.4642954652223932
26013,GOF,0.006486498882704092,0.6012982310298087,0.39221527008748713
26014,LOF,0.05771908361884461,0.11801367066168118,0.8242672457194743
26015,LOF,0.4050773938001404,0.027005483468293793,0.5679171227315659
26016,LOF,0.33059183765629185,0.0486944320747948,0.6207137302689134
26017,LOF,0.024873060446522027,0.23220456278096802,0.7429223767725099
26018,LOF,0.027877851030622833,0.0658544320076256,0.9062677169617516
26019,LOF,0.027975018212069987,0.0592137603467615,0.9128112214411687
26020,LOF,0.010456207069154117,0.1932339363958272,0.7963098565350186
26021,LOF,0.08173988851906215,0.07425136369597096,0.8440087477849668
26022,LOF,0.04255319052574685,0.03200938096119488,0.9254374285130583
26023,LOF,0.03154517412776295,0.036330800217160626,0.9321240256550763
26024,LOF,0.04992322674964485,0.07632247402448156,0.8737542992258737
26025,LOF,0.06448171549995345,0.09436527503226279,0.8411530094677837
26026,LOF,0.11960076024036763,0.06982043880090023,0.8105788009587321
26027,LOF,0.02602009374555886,0.03057056545138452,0.9434093408030566
26028,LOF,0.11184913156778456,0.14467708787131653,0.743473780560899
26029,LOF,0.01807218921336704,0.1689093859222954,0.8130184248643375
26030,LOF,0.15555966462081075,0.022248274101215368,0.8221920612779738
26031,LOF,0.00871957082064529,0.14805433522859782,0.8432260939507569
26032,LOF,0.042682143653629115,0.051600551364818094,0.9057173049815528
26033,LOF,0.07183800025822396,0.04374697410680008,0.8844150256349761
26034,LOF,0.012635026571577617,0.1366643819673803,0.850700591461042
26035,LOF,0.011086882711421987,0.09994694418025024,0.8889661731083277
26036,LOF,0.011215449532650324,0.12036210563539321,0.8684224448319565
26037,LOF,0.00911598434614616,0.09237238409657912,0.8985116315572746
26038,LOF,0.03700127225708296,0.04604308024902392,0.9169556474938931
26039,LOF,0.02388540213897666,0.11509545573996553,0.8610191421210578
26040,LOF,0.11671755710273547,0.11410595985228174,0.7691764830449829
26041,LOF,0.012625623529953677,0.08157016146923371,0.9058042150008127
26042,LOF,0.011436537546719616,0.09136805487152562,0.8971954075817549
26043,LOF,0.03626175939257444,0.06281438094479024,0.9009238596626352
26044,LOF,0.013385054546941236,0.04603558465814279,0.9405793607949159
26045,LOF,0.06704823091645988,0.0958609450881213,0.8370908239954188
26046,LOF,0.03164748469784629,0.047138222939077,0.9212142923630766
26047,LOF,0.0541510798779362,0.04874207171749492,0.8971068484045689
26048,LOF,0.0912492761575336,0.023711085568089797,0.8850396382743766
26049,Neutral,0.9482583947985682,0.006583560968671264,0.045158044232760514
26050,Neutral,0.9241265092023008,0.00718685519429532,0.06868663560340389
26051,LOF,0.01603961305541128,0.09011709062052932,0.8938432963240595
26052,LOF,0.03052872971056337,0.1133454179065203,0.8561258523829163
26053,LOF,0.02929645066323804,0.15190667589077453,0.8187968734459874
26054,LOF,0.04466350311337284,0.029771700095773023,0.9255647967908541
26055,LOF,0.06170967498012628,0.025559801562972988,0.9127305234569009
26056,LOF,0.04915239006218128,0.03206293902056216,0.9187846709172567
26057,LOF,0.056046357990451316,0.015998795595782742,0.9279548464137659
26058,LOF,0.0592224948091591,0.013399095476812012,0.9273784097140289
26059,LOF,0.2054829490875446,0.03040612811519169,0.7641109227972637
26060,LOF,0.016251568949604733,0.17612824313904485,0.8076201879113504
26061,LOF,0.012858142945363622,0.011739665853055416,0.975402191201581
26062,LOF,0.006830668821137542,0.01901441041672232,0.97415492076214
26063,LOF,0.03683088311447882,0.011117702875695384,0.9520514140098257
26064,LOF,0.011005839518450541,0.025868242025348227,0.9631259184562012
26065,LOF,0.04528140077625068,0.012675584222294646,0.9420430150014547
26066,LOF,0.0443312194398204,0.010672495031391291,0.9449962855287882
26067,LOF,0.050410609424781386,0.010546052833334353,0.9390433377418842
26068,LOF,0.04939156065331608,0.047242199183581156,0.9033662401631029
26069,LOF,0.15351540294747767,0.028248201010741384,0.818236396041781
26070,LOF,0.3303570562643224,0.022658637248570934,0.6469843064871067
26071,LOF,0.043686154195808874,0.012541116480555304,0.9437727293236359
26072,LOF,0.011133329346853564,0.022116967668386518,0.9667497029847598
26073,LOF,0.03918149640415114,0.014606961802120122,0.9462115417937288
26074,Neutral,0.9230810267596756,0.009081178476981087,0.06783779476334323
26075,LOF,0.05015380774171657,0.022289270052759356,0.9275569222055241
26076,LOF,0.05052770255383461,0.011621765613895649,0.9378505318322697
26077,LOF,0.15377218714996563,0.00717358492844152,0.8390542279215929
26078,LOF,0.008936775447524655,0.0160075529215238,0.9750556716309516
26079,LOF,0.06276533909807999,0.024912550348972082,0.912322110552948
26080,LOF,0.06147018034503232,0.024923858261778176,0.9136059613931895
26081,LOF,0.03146625849020149,0.009233529423473592,0.9593002120863249
26082,LOF,0.007405719855024433,0.014365120456293288,0.9782291596886822
26083,LOF,0.09647601198233718,0.02097770826779719,0.8825462797498657
26084,LOF,0.11038298324320295,0.015173558234450582,0.8744434585223465
26085,LOF,0.10144210891647444,0.013304778615266275,0.8852531124682592
26086,LOF,0.03926704555435604,0.013005473419984419,0.9477274810256596
26087,LOF,0.03451296918012175,0.011581071303897524,0.9539059595159807
26088,LOF,0.008884346244977701,0.02014157881690311,0.970974074938119
26089,LOF,0.04263605804181157,0.04004559275602356,0.9173183492021649
26090,LOF,0.043477709739510845,0.030465367292311127,0.926056922968178
26091,LOF,0.030213795562468716,0.008080748842702759,0.9617054555948285
26092,LOF,0.04241385770438703,0.00895054091023687,0.9486356013853761
26093,LOF,0.08111798366701328,0.006270473901002404,0.9126115424319843
26094,LOF,0.03550917801231614,0.007473714492972592,0.9570171074947114
26095,LOF,0.037475266029485026,0.018003575476843343,0.9445211584936717
26096,LOF,0.21469941789008742,0.005215792304086017,0.7800847898058265
26097,LOF,0.008345733631819228,0.03015607744609753,0.9614981889220833
26098,LOF,0.08000197885559389,0.020030628516958214,0.899967392627448
26099,LOF,0.04255325743243616,0.015647746293308364,0.9417989962742555
26100,LOF,0.04250977350657168,0.015648456959927733,0.9418417695335005
26101,LOF,0.05648535905468663,0.029713626304673845,0.9138010146406396
26102,LOF,0.03384209399525998,0.0166720920111443,0.9494858139935958
26103,Neutral,0.8797493618837898,0.027335363616463236,0.09291527449974694
26104,LOF,0.05797176320224591,0.0423394090827149,0.8996888277150393
26105,LOF,0.24904856086404228,0.1900725185304533,0.5608789206055045
26106,LOF,0.3193144674239988,0.13486895295247206,0.545816579623529
26107,LOF,0.019931633341723504,0.10237721955493344,0.8776911471033431
26108,LOF,0.25695876402313533,0.053702855215837356,0.6893383807610273
26109,LOF,0.09848237860602047,0.03841493138559106,0.8631026900083884
26110,LOF,0.47742814480316115,0.008099049903430347,0.5144728052934086
26111,LOF,0.04705400840865576,0.16082878772194473,0.7921172038693995
26112,LOF,0.05453469883209225,0.008558320954994486,0.9369069802129133
26113,LOF,0.11823574741548312,0.018114213621697874,0.863650038962819
26114,LOF,0.09426273912747343,0.006237571659781669,0.8994996892127448
26115,LOF,0.013726337704748287,0.04542590680390247,0.9408477554913491
26116,LOF,0.06894029232950892,0.021712855659312497,0.9093468520111785
26117,LOF,0.4153677797954767,0.03360674562815259,0.5510254745763707
26118,LOF,0.045848687974887406,0.014636438149259863,0.9395148738758526
26119,LOF,0.005969202436107589,0.03063035843729132,0.9634004391266012
26120,LOF,0.03694251897874081,0.014326320244048441,0.9487311607772106
26121,LOF,0.004453072248458677,0.11132428397164222,0.8842226437798991
