feature0,prediction,LoGoFunc_Neutral,LoGoFunc_GOF,LoGoFunc_LOF
25546,Neutral,0.7742264508857353,0.026734999429841876,0.19903854968442294
25547,Neutral,0.6254150677328455,0.05604228662930388,0.3185426456378506
25548,Neutral,0.6069707282858798,0.04066233753991477,0.3523669341742054
25549,Neutral,0.516046355374364,0.041648149513017374,0.44230549511261863
25550,LOF,0.3816352217676336,0.10045127966910465,0.5179134985632619
25551,LOF,0.3252416489415548,0.11160024047157943,0.5631581105868658
25552,LOF,0.20535874098531795,0.11310472229240844,0.6815365367222735
25553,Neutral,0.8299758008036321,0.030632388157758286,0.1393918110386096
25554,LOF,0.24749924306887025,0.10721973047351957,0.6452810264576102
25555,LOF,0.1965176698103561,0.08788714333292665,0.7155951868567172
25556,LOF,0.4241696179277206,0.09640729425997742,0.47942308781230186
25557,LOF,0.1844692608981849,0.09762662266635856,0.7179041164354565
25558,LOF,0.23740676603841937,0.11036090905145124,0.6522323249101294
25559,LOF,0.3640262353485791,0.06588637662139411,0.5700873880300268
25560,LOF,0.06094949210349751,0.18288441201576344,0.756166095880739
25561,LOF,0.11989726826025562,0.210196520758181,0.6699062109815633
25562,LOF,0.10516489652087997,0.07406922765410283,0.8207658758250171
25563,LOF,0.11718369745870579,0.09003551417230922,0.792780788368985
25564,LOF,0.1667533994307847,0.16224849399910807,0.6709981065701073
25565,LOF,0.12831113813113798,0.1533627008734545,0.7183261609954075
25566,GOF,0.015602985036598927,0.7314006938018971,0.2529963211615039
25567,LOF,0.01354576822722764,0.12287273031211837,0.863581501460654
25568,LOF,0.05442773082891272,0.05855315482530747,0.8870191143457797
25569,LOF,0.06764295220381165,0.05680389931442018,0.8755531484817681
25570,LOF,0.06630777436997473,0.10060915681228023,0.8330830688177451
25571,LOF,0.06067863282496419,0.09231883629154569,0.8470025308834901
25572,LOF,0.06801364136931191,0.13074407745079458,0.8012422811798935
25573,LOF,0.02983951541512965,0.08558398852237767,0.8845764960624927
25574,LOF,0.01969721544452523,0.1398089556093759,0.8404938289460989
25575,LOF,0.047512329598829686,0.10017388057491892,0.8523137898262514
25576,LOF,0.021750782514116645,0.11576680865044542,0.8624824088354379
25577,LOF,0.0160314398138785,0.1253079709402251,0.8586605892458964
25578,LOF,0.22516543495378707,0.08410100380152156,0.6907335612446914
25579,LOF,0.22677344929005624,0.08319386796610309,0.6900326827438407
25580,LOF,0.033239740864256,0.08598050384819697,0.8807797552875472
25581,LOF,0.056006582759548236,0.0635650708295668,0.8804283464108849
25582,LOF,0.05591353636379163,0.06170596853602197,0.8823804951001863
25583,LOF,0.041934959569357014,0.09855795189461412,0.8595070885360288
25584,LOF,0.4529843929581069,0.08067732934199716,0.46633827769989583
25585,LOF,0.03251674924377802,0.0956144179418294,0.8718688328143926
25586,LOF,0.03642701798633834,0.07759750491775129,0.8859754770959103
25587,LOF,0.03471473420193211,0.07693607501786504,0.8883491907802028
25588,LOF,0.03404343588534148,0.10465650707653658,0.861300057038122
25589,Neutral,0.5887415405691016,0.09676609542591591,0.3144923640049825
25590,LOF,0.029315260932502557,0.1200145359165658,0.8506702031509317
25591,LOF,0.12193424680331409,0.047103330917323695,0.8309624222793622
25592,LOF,0.09856611218444826,0.13935024625167167,0.7620836415638801
25593,LOF,0.017433660208311563,0.22939971005196,0.7531666297397285
25594,LOF,0.0393053405194246,0.1757488354006284,0.784945824079947
25595,LOF,0.06439434177165188,0.1255356033244904,0.8100700549038578
25596,LOF,0.06634120787464122,0.08871787910331301,0.8449409130220458
25597,LOF,0.06466948655604379,0.062132587745635445,0.8731979256983208
25598,LOF,0.05137991153536887,0.17023363236131023,0.778386456103321
25599,GOF,0.007699674645044196,0.7652607104360237,0.2270396149189321
25600,GOF,0.009656326074245256,0.5668631555039105,0.4234805184218443
25601,LOF,0.007149442525580803,0.45708700244026557,0.5357635550341536
25602,LOF,0.023795812275818815,0.04913820207549653,0.9270659856486847
25603,LOF,0.03385454186448771,0.037011584152680424,0.9291338739828318
25604,LOF,0.04525779776158027,0.050036128319813127,0.9047060739186066
25605,LOF,0.01201189662302119,0.25889085574274856,0.7290972476342302
25606,LOF,0.06360029952395269,0.4342595160901726,0.5021401843858747
25607,LOF,0.004240534432501418,0.14669346387620724,0.8490660016912913
25608,LOF,0.06240926739782415,0.05729817947596887,0.880292553126207
25609,LOF,0.05960033257225624,0.3912404460159815,0.5491592214117623
25610,LOF,0.04703645087918439,0.03659808024636255,0.916365468874453
25611,LOF,0.05484029881270475,0.03373222163122541,0.9114274795560698
25612,LOF,0.13222028114331286,0.05432604640856707,0.8134536724481201
25613,LOF,0.104920719335951,0.045845083008646204,0.8492341976554028
25614,LOF,0.03791173474015068,0.04098808977082313,0.9211001754890261
25615,LOF,0.05530476169542634,0.0399459552347694,0.9047492830698043
25616,LOF,0.038829883501984276,0.044068505750554876,0.9171016107474608
25617,LOF,0.03749446482039493,0.05159373412092352,0.9109118010586816
25618,LOF,0.24016823354974032,0.04218462972895028,0.7176471367213094
25619,LOF,0.0380329843295155,0.03699314600803915,0.9249738696624454
25620,LOF,0.03806414332001598,0.052606714971340555,0.9093291417086435
25621,LOF,0.0357354680908776,0.0365766770082085,0.927687854900914
25622,LOF,0.03355579766816591,0.04795341715393997,0.9184907851778942
25623,LOF,0.06764208320861345,0.03548357967229863,0.8968743371190879
25624,LOF,0.03152660292784161,0.053748062882405356,0.9147253341897531
25625,LOF,0.041159743662680104,0.05615273640361525,0.9026875199337047
25626,LOF,0.10183526660020221,0.03420966584929119,0.8639550675505066
25627,Neutral,0.5838529464462539,0.09514361468639612,0.3210034388673501
25628,LOF,0.19319449858232246,0.05281252854354068,0.7539929728741369
25629,LOF,0.08742643306404993,0.12347652666686912,0.789097040269081
25630,LOF,0.20837578975244073,0.0963918740559445,0.6952323361916147
25631,Neutral,0.6044931965056556,0.06283139919160789,0.3326754043027365
25632,LOF,0.023055404630606076,0.0954362748337778,0.8815083205356161
25633,LOF,0.22057848364643043,0.0962099765741005,0.683211539779469
25634,LOF,0.037256293410688875,0.11096360420405578,0.8517801023852553
25635,LOF,0.03197598711612138,0.08740997230287789,0.8806140405810007
25636,GOF,0.00680484267508862,0.6768235804608176,0.3163715768640938
25637,GOF,0.005111745876877599,0.5626303275521202,0.4322579265710022
25638,LOF,0.00864568661292818,0.44897381449977214,0.5423804988872997
25639,LOF,0.005022904576579309,0.4231108239021703,0.5718662715212504
25640,GOF,0.36229743715139684,0.5959122032881965,0.04179035956040679
25641,LOF,0.005986481036813006,0.3505203112052945,0.6434932077578925
25642,LOF,0.2513707346637424,0.08369872621445719,0.6649305391218003
25643,LOF,0.1827168774893734,0.3375303556400395,0.47975276687058693
25644,GOF,0.026422115299788457,0.6470641541065263,0.3265137305936852
25645,GOF,0.02147823686760043,0.6069104253286847,0.37161133780371475
25646,LOF,0.022836929499153627,0.4280069323950909,0.5491561381057555
25647,LOF,0.01935769854618469,0.30584322697437344,0.6747990744794419
25648,LOF,0.0148617331345528,0.3620972982921844,0.6230409685732629
25649,LOF,0.014272372327003915,0.2721846514880915,0.7135429761849046
25650,GOF,0.044486940305216126,0.6491941082229795,0.30631895147180427
25651,LOF,0.012647253703662934,0.3143436660804848,0.6730090802158523
25652,LOF,0.022312369005116614,0.3272545939487553,0.650433037046128
25653,GOF,0.08961512277576125,0.5290172977273123,0.3813675794969264
25654,LOF,0.01537556911276932,0.3509435880850816,0.6336808428021491
25655,GOF,0.12521991236525384,0.5022708565429909,0.3725092310917553
25656,LOF,0.05679632733804174,0.08489197581159377,0.8583116968503645
25657,LOF,0.27884236207326274,0.03804068678355169,0.6831169511431856
25658,LOF,0.028382250641799427,0.15186749145122416,0.8197502579069763
25659,LOF,0.1912978681937592,0.07762305046028578,0.7310790813459549
25660,LOF,0.10324243967331956,0.09283430602253431,0.803923254304146
25661,LOF,0.07655833122966614,0.06529325566290237,0.8581484131074315
25662,LOF,0.03456609041410403,0.04882628093269762,0.9166076286531983
25663,LOF,0.04373151945486903,0.08128929655237975,0.8749791839927512
25664,LOF,0.03284835323497729,0.13118429606303836,0.8359673507019844
25665,LOF,0.05342562788789716,0.05897910460482237,0.8875952675072806
25666,LOF,0.04359204768873076,0.1964313721381349,0.7599765801731343
25667,LOF,0.03267990630227448,0.06040454772387852,0.9069155459738469
25668,LOF,0.046426167457051276,0.05838348100103585,0.8951903515419128
25669,LOF,0.05207285886500058,0.10359642896543457,0.8443307121695648
25670,LOF,0.13876157188170984,0.09718295353024,0.7640554745880501
25671,LOF,0.04425556915941169,0.055018634636763146,0.9007257962038251
25672,LOF,0.05271061737677771,0.08117471673087014,0.8661146658923522
25673,LOF,0.04279190629466386,0.08334256351620489,0.8738655301891313
25674,LOF,0.032222860207269076,0.09433604745458618,0.8734410923381447
25675,LOF,0.03928925866721163,0.08408007394458072,0.8766306673882077
25676,LOF,0.03681213185630167,0.06586800891460423,0.8973198592290942
25677,LOF,0.09030930393930803,0.057385117646024324,0.8523055784146676
25678,LOF,0.16277556969495804,0.04922447527054527,0.7879999550344967
25679,LOF,0.11184406856436625,0.0769519800467814,0.8112039513888523
25680,LOF,0.09374822191207531,0.09088503429173439,0.8153667437961902
25681,LOF,0.1063489172740836,0.08649181147745452,0.8071592712484619
25682,LOF,0.05436109781836606,0.0713496650355419,0.8742892371460921
25683,LOF,0.08109373339176248,0.10336511075038762,0.8155411558578498
25684,LOF,0.06731549442876796,0.06936998530015592,0.8633145202710762
25685,LOF,0.11127570193541678,0.051849153950617274,0.836875144113966
25686,LOF,0.036033086979643345,0.12487065328177041,0.8390962597385863
25687,LOF,0.06255422276529962,0.09659314545598113,0.8408526317787194
25688,LOF,0.017678337682278503,0.07943327744510158,0.9028883848726199
25689,LOF,0.01634012806493737,0.048461837739417285,0.9351980341956454
25690,LOF,0.01610728908998394,0.057331595561163524,0.9265611153488525
25691,LOF,0.11834875659986246,0.0869418670273551,0.7947093763727824
25692,LOF,0.16513175577555772,0.0115125366933448,0.8233557075310974
25693,LOF,0.04611634435477611,0.13856579832003701,0.8153178573251868
25694,LOF,0.2826099406967399,0.013517494243622736,0.7038725650596372
25695,LOF,0.21152258445236596,0.019245807355389204,0.7692316081922448
25696,LOF,0.14778060867087014,0.01668122634029233,0.8355381649888375
25697,LOF,0.12325670473900713,0.038935381179465926,0.8378079140815269
25698,LOF,0.024021912167399344,0.28821458739102046,0.6877635004415803
25699,LOF,0.09697385917698985,0.09731768838527372,0.8057084524377364
25700,LOF,0.035080013676526224,0.018286549183304582,0.9466334371401691
25701,LOF,0.01663302962691605,0.09259430805392685,0.8907726623191572
25702,GOF,0.021840800776374913,0.747790127175927,0.23036907204769824
25703,LOF,0.015102116231393521,0.22160072023443392,0.7632971635341727
25704,LOF,0.09412312557728482,0.19462152606340258,0.7112553483593125
25705,LOF,0.08686997554361994,0.3030384299943514,0.6100915944620288
25706,GOF,0.021915476530545826,0.6405272773920571,0.3375572460773971
25707,GOF,0.026095664000075642,0.6150567425533778,0.35884759344654654
25708,GOF,0.009045957523377965,0.5915396859082763,0.3994143565683456
25709,LOF,0.02706253391322511,0.10018227487186195,0.872755191214913
25710,LOF,0.005641356419915767,0.24921526438526428,0.7451433791948199
25711,LOF,0.03216816182023647,0.15865586215609334,0.8091759760236702
25712,LOF,0.007493068161344998,0.31855827104995926,0.6739486607886956
25713,LOF,0.025131153242270263,0.1419437207081602,0.8329251260495696
25714,LOF,0.02905406582316166,0.1825601949603831,0.7883857392164553
25715,LOF,0.030995179702402443,0.16046554503334626,0.8085392752642512
25716,LOF,0.008736845876017486,0.18149450585520552,0.8097686482687769
25717,LOF,0.006130701221729937,0.19570602901750772,0.7981632697607624
25718,LOF,0.027216612137187318,0.12593496924179692,0.8468484186210158
25719,LOF,0.039933211931928746,0.13026061395296937,0.8298061741151019
25720,LOF,0.036850250007224195,0.1298301327443759,0.8333196172483999
25721,LOF,0.03190510405295592,0.11747301537296925,0.8506218805740748
25722,LOF,0.01998234795633237,0.16076912628769663,0.819248525755971
25723,LOF,0.03196578466930984,0.11143780448927222,0.8565964108414179
25724,LOF,0.03033483024702825,0.20505353639512763,0.7646116333578442
25725,LOF,0.03154508483551683,0.10946557768491315,0.85898933747957
25726,LOF,0.019853322793168565,0.15257664575013807,0.8275700314566934
25727,LOF,0.02794204864655074,0.15224006593793565,0.8198178854155135
25728,LOF,0.027689575217357675,0.13072675642123577,0.8415836683614066
25729,LOF,0.02704582554985615,0.15153319586830924,0.8214209785818346
25730,LOF,0.030665082485718066,0.10624571876641246,0.8630891987478695
25731,LOF,0.010666263981116045,0.23681471403529902,0.752519021983585
25732,LOF,0.02304899377982634,0.1288178756397698,0.8481331305804038
25733,LOF,0.03831585794000879,0.11820902276024599,0.8434751192997452
25734,LOF,0.006848666851283289,0.3111093393495972,0.6820419937991195
25735,LOF,0.027789230196200804,0.09850066219548705,0.8737101076083121
25736,LOF,0.025225765792953606,0.16665615559262756,0.8081180786144188
25737,LOF,0.06327954239248933,0.15897921315400373,0.7777412444535069
25738,LOF,0.02697231967516524,0.18835045436576947,0.7846772259590653
25739,LOF,0.0330841991742128,0.1594576527624818,0.8074581480633053
25740,LOF,0.03440544860048747,0.16985834909600625,0.7957362023035063
25741,LOF,0.03994890206613987,0.1555917315353096,0.8044593663985505
25742,LOF,0.05197493750753167,0.1577761468337804,0.7902489156586878
25743,LOF,0.01149640341796707,0.02257313745825402,0.965930459123779
25744,LOF,0.21703619221917436,0.25110877818975613,0.5318550295910695
25745,LOF,0.046187222837109985,0.062152748901021564,0.8916600282618684
25746,LOF,0.016444301926582482,0.08699389128772167,0.8965618067856957
25747,LOF,0.036452161094163556,0.025614873642632773,0.9379329652632037
25748,LOF,0.27271626161545315,0.04294489387733245,0.6843388445072144
25749,LOF,0.015877293430104328,0.052533082284054254,0.9315896242858415
25750,LOF,0.023502515474339142,0.055456823217817135,0.9210406613078437
25751,LOF,0.03982573030222637,0.04471423651190038,0.9154600331858732
25752,GOF,0.0700225096435015,0.7287033499788386,0.20127414037766003
25753,LOF,0.006301336167705595,0.4247661810971867,0.5689324827351077
25754,GOF,0.007576560725613378,0.8949766240850412,0.09744681518934553
25755,LOF,0.005765575076061032,0.451956181417415,0.542278243506524
25756,LOF,0.024856189666121242,0.4605085056677815,0.5146353046660973
25757,GOF,0.007776875786339977,0.8833845282467632,0.10883859596689704
25758,GOF,0.009009251025234684,0.8924859633795418,0.0985047855952237
25759,GOF,0.005875323071886179,0.6604721324528379,0.333652544475276
25760,LOF,0.005476392566936285,0.3637254476653686,0.6307981597676952
25761,GOF,0.04298917042082457,0.8623007183173311,0.09471011126184434
25762,LOF,0.02867614198582783,0.4070548134561865,0.5642690445579857
25763,LOF,0.005688677787342342,0.31176968280134726,0.6825416394113104
25764,GOF,0.05376015081196442,0.6672481078515561,0.2789917413364796
25765,GOF,0.007898739156624606,0.8909612241509952,0.10114003669238027
25766,GOF,0.04749954151893204,0.8144621298889728,0.13803832859209503
25767,LOF,0.01984617560109567,0.47774973075014754,0.5024040936487569
25768,LOF,0.054807970319088954,0.04763350635668908,0.8975585233242219
25769,LOF,0.03439205896044842,0.07856641253666802,0.8870415285028836
25770,LOF,0.1898537846122141,0.07208919738017083,0.738057018007615
25771,LOF,0.01949108475469113,0.06061813607601813,0.9198907791692906
25772,LOF,0.03389988230499731,0.027144727706557313,0.9389553899884453
25773,LOF,0.02165510084767334,0.0702413341203422,0.9081035650319845
25774,LOF,0.030840903950728214,0.10267801244640823,0.8664810836028635
25775,LOF,0.02246093115376076,0.03646734757625849,0.9410717212699807
25776,LOF,0.03364681286698445,0.021612625569206966,0.9447405615638085
25777,LOF,0.3131028658650245,0.06497502799627455,0.6219221061387008
25778,LOF,0.02906270284720004,0.04795825478312793,0.922979042369672
25779,GOF,0.0885302494277048,0.8410433655618691,0.07042638501042607
25780,GOF,0.11024474968991618,0.8307165660326487,0.059038684277435236
25781,GOF,0.043087667129844624,0.82546553670622,0.1314467961639354
25782,GOF,0.05404479200849965,0.8756078181730255,0.07034738981847485
25783,GOF,0.04642067556971119,0.8987488387550949,0.054830485675193726
25784,GOF,0.13484916079199127,0.8123249867079698,0.05282585250003902
25785,GOF,0.15444597130012241,0.8003561094927696,0.045197919207108014
25786,GOF,0.014917064393016434,0.8424918877841544,0.1425910478228292
25787,GOF,0.2980211692405143,0.6498840396989616,0.05209479106052411
25788,LOF,0.018392279800659547,0.14763533807339194,0.8339723821259484
25789,GOF,0.025410487142892086,0.8229106587524105,0.15167885410469742
25790,GOF,0.041305995161929523,0.8380530743287339,0.12064093050933675
25791,GOF,0.03502071743320011,0.6856397815522756,0.2793395010145244
25792,GOF,0.04169130642853822,0.7480033929667568,0.21030530060470495
25793,GOF,0.06782329342247927,0.7794184935925524,0.15275821298496825
25794,GOF,0.06771745157187381,0.6900633598552741,0.24221918857285205
25795,GOF,0.06984031857279897,0.6778368477533396,0.25232283367386144
25796,GOF,0.17154091265469792,0.7327813763653351,0.095677710979967
25797,GOF,0.12483075753110935,0.6820764896568139,0.19309275281207686
25798,GOF,0.008756630237531052,0.7234090191352751,0.26783435062719396
25799,GOF,0.005117962833020265,0.6055425315602461,0.3893395056067337
25800,GOF,0.03442377418661404,0.7905608082817812,0.17501541753160496
25801,GOF,0.03008481771670963,0.8803758587374033,0.08953932354588698
25802,GOF,0.03843374518977057,0.7346407230160789,0.2269255317941506
25803,GOF,0.029210538534631618,0.6538224016095918,0.3169670598557766
25804,GOF,0.04572390826360548,0.7156495027792554,0.23862658895713906
25805,GOF,0.04161779226937975,0.729764208354879,0.22861799937574137
25806,GOF,0.05856794938753911,0.7450579667007862,0.19637408391167469
25807,GOF,0.017333883976231167,0.7100576754400825,0.2726084405836865
25808,GOF,0.03347694032896297,0.72799464331271,0.2385284163583271
25809,GOF,0.01561528416012036,0.6564475958874054,0.3279371199524742
25810,GOF,0.013626698412805876,0.6368641351850906,0.3495091664021035
25811,GOF,0.07519019508807546,0.8334284872587939,0.09138131765313048
25812,GOF,0.03583250869255857,0.7319181127782571,0.23224937852918426
25813,GOF,0.207404203830189,0.7054740582748262,0.08712173789498485
25814,GOF,0.038533737769707414,0.7504362502975387,0.21103001193275386
25815,GOF,0.07445722446893457,0.7936175694640392,0.13192520606702635
25816,GOF,0.011407473299762116,0.8429130178348779,0.14567950886536
25817,GOF,0.14325886668457327,0.7534234454174711,0.10331768789795555
25818,GOF,0.037611171427163914,0.7355427031018537,0.2268461254709825
25819,GOF,0.06692016761587287,0.6955432487815886,0.23753658360253843
25820,GOF,0.06344367306416197,0.6567360189482122,0.27982030798762586
25821,GOF,0.04254461946362194,0.7209802528271743,0.2364751277092039
25822,GOF,0.07772829965956204,0.6638804302592713,0.25839127008116675
25823,GOF,0.038067645252595775,0.6140768335971084,0.34785552115029594
25824,GOF,0.04210418183713085,0.6971366532141547,0.26075916494871443
25825,GOF,0.032547573665265686,0.6867013369438967,0.2807510893908377
25826,GOF,0.015704005249221466,0.6261304944747893,0.35816550027598926
25827,GOF,0.018885101496836997,0.6335349685827899,0.3475799299203731
25828,GOF,0.014582291741496929,0.663611128917289,0.3218065793412139
25829,GOF,0.004979531317970017,0.604452703728026,0.3905677649540041
25830,LOF,0.046298651115204204,0.45205525166523247,0.5016460972195633
25831,GOF,0.07759219521611259,0.7702415178674374,0.1521662869164499
25832,GOF,0.013212626341122633,0.6650420517913435,0.32174532186753396
25833,GOF,0.0488988028853486,0.7435832607360138,0.2075179363786377
25834,GOF,0.013680935972967751,0.677208226101305,0.3091108379257273
25835,GOF,0.03281524245407136,0.7588810636336687,0.20830369391226009
25836,GOF,0.008962632096795571,0.6569934916618726,0.3340438762413318
25837,GOF,0.012973036551735635,0.6740703679384312,0.3129565955098332
25838,GOF,0.03154427222829572,0.7679374031674813,0.20051832460422297
25839,GOF,0.09236151824387873,0.7235068605213429,0.18413162123477836
25840,GOF,0.11754169349381906,0.7041101617196002,0.17834814478658081
25841,GOF,0.1136332151004291,0.7476768733764385,0.13868991152313245
25842,GOF,0.039489000803384675,0.8232214352524551,0.1372895639441602
25843,GOF,0.03963730148113387,0.8302680577541512,0.13009464076471486
25844,GOF,0.026209791907111334,0.7497436251450103,0.22404658294787838
25845,GOF,0.007865880043699893,0.6409430664037126,0.3511910535525875
25846,GOF,0.08875324222351894,0.793485936914954,0.11776082086152714
25847,GOF,0.019165537201605447,0.8256727840776301,0.15516167872076447
25848,GOF,0.030876878534477348,0.7649201819289376,0.20420293953658505
25849,GOF,0.009121826887074837,0.7324312390678298,0.2584469340450954
25850,GOF,0.008993150161441225,0.6525086280952413,0.33849822174331745
25851,GOF,0.008583515803430879,0.5948289869819963,0.39658749721457276
25852,GOF,0.19552214951202473,0.49905495703720426,0.30542289345077106
25853,GOF,0.08103078464553874,0.7658693769290417,0.15309983842541958
25854,GOF,0.008160210718551232,0.6470125595537191,0.3448272297277296
25855,GOF,0.028204974998590707,0.6092173394590207,0.3625776855423885
25856,GOF,0.05648788824270052,0.6898434183372137,0.25366869342008574
25857,GOF,0.0290071682861918,0.6160166197615834,0.35497621195222495
25858,GOF,0.011834571381499747,0.5603602595166622,0.42780516910183797
25859,GOF,0.008236205071114684,0.5373928064248703,0.4543709885040151
25860,GOF,0.10474830768015521,0.6985853152792462,0.19666637704059867
25861,GOF,0.12223789512664995,0.7293489110979934,0.14841319377535678
25862,GOF,0.028777271933397013,0.8433891656340439,0.1278335624325592
25863,GOF,0.025978883914401688,0.8282103024522854,0.14581081363331289
25864,GOF,0.07313221978909776,0.8284411850671969,0.09842659514370519
25865,GOF,0.06373811174062445,0.7856023015465328,0.1506595867128427
25866,GOF,0.03169524842382003,0.7988413863563631,0.16946336521981678
25867,GOF,0.052834180515232976,0.8051161355078835,0.14204968397688356
25868,GOF,0.09641582983377528,0.7218372321420645,0.1817469380241601
25869,Neutral,0.44212221460537,0.43772728311221465,0.12015050228241544
25870,GOF,0.07921610587179309,0.47624564643474765,0.4445382476934593
25871,GOF,0.010632215902781681,0.7679023678731818,0.22146541622403662
25872,GOF,0.027432213705672625,0.7805553875942494,0.192012398700078
25873,GOF,0.026141738502019955,0.8504006719489382,0.12345758954904176
25874,LOF,0.019722912219697464,0.16522424188778673,0.8150528458925157
25875,LOF,0.024185238991826546,0.1051244629252414,0.8706902980829322
25876,LOF,0.019814184460000724,0.06005760193863609,0.9201282136013632
25877,LOF,0.09200860863025735,0.19600585298560091,0.7119855383841418
25878,LOF,0.06588431191052221,0.24743694814017844,0.6866787399492994
25879,LOF,0.01099383096671602,0.1841748775301679,0.8048312915031162
25880,LOF,0.06943135746731384,0.022435811086025194,0.9081328314466609
25881,Neutral,0.5553527975628654,0.08674158213623608,0.3579056203008986
25882,LOF,0.06852022124404107,0.024640461601180226,0.9068393171547787
25883,LOF,0.03077641309877835,0.026402870575151585,0.9428207163260701
25884,LOF,0.021296253069843292,0.034463859671120256,0.9442398872590365
25885,LOF,0.18683004986817311,0.012358823743497973,0.8008111263883289
25886,LOF,0.2586810602831239,0.05035937252453832,0.6909595671923379
25887,LOF,0.0876437600693552,0.10835896413471971,0.8039972757959252
25888,LOF,0.008336713537296297,0.1541951917869795,0.8374680946757241
25889,LOF,0.02840854836132983,0.031374747836497185,0.9402167038021729
25890,LOF,0.19501120874402886,0.06803351159394302,0.7369552796620281
25891,LOF,0.10996777825742264,0.03378707678597924,0.8562451449565982
25892,LOF,0.009055948464237639,0.030805692144047218,0.960138359391715
25893,LOF,0.3199173786925503,0.009849545111133949,0.6702330761963157
25894,LOF,0.3274869501481964,0.008103156178497804,0.6644098936733058
25895,LOF,0.2816039033206615,0.013233152942060776,0.7051629437372777
25896,LOF,0.09023416250350613,0.02825076935963767,0.8815150681368562
25897,LOF,0.12941252864691094,0.011048704817638895,0.8595387665354501
25898,LOF,0.12171454803997368,0.030035997558255333,0.8482494544017709
25899,LOF,0.42096671694691856,0.03562631117840827,0.5434069718746731
25900,Neutral,0.6569019141519553,0.012290403931909121,0.3308076819161357
25901,LOF,0.11118583456844665,0.013973469294453427,0.8748406961370999
25902,LOF,0.10854934595801015,0.015312450258825095,0.8761382037831648
25903,LOF,0.18943102058222483,0.024677955707510656,0.7858910237102645
25904,Neutral,0.5650982903264837,0.04205302487253676,0.39284868480097956
25905,LOF,0.007076877059382332,0.38574808888871776,0.6071750340519
25906,LOF,0.009312342853589574,0.07235491432511532,0.9183327428212951
25907,LOF,0.008733395072005833,0.22032128629487108,0.7709453186331231
25908,LOF,0.008275522348994266,0.21195273028711614,0.7797717473638895
25909,LOF,0.03233010115928623,0.09243641103758904,0.8752334878031247
25910,LOF,0.012313502164293142,0.1554273679606332,0.8322591298750738
25911,LOF,0.18294208286907576,0.02554648326054426,0.79151143387038
25912,LOF,0.11278731685304158,0.02042414657673259,0.8667885365702259
25913,LOF,0.019176973654690954,0.029485697241661946,0.9513373291036471
25914,LOF,0.04238832843321017,0.02523183658889183,0.9323798349778981
25915,LOF,0.15538470428250817,0.17702728345392124,0.6675880122635706
25916,LOF,0.012702161785676026,0.09213924041321726,0.8951585978011067
25917,LOF,0.08395626281107411,0.027744402294234586,0.8882993348946913
25918,LOF,0.03865056490270289,0.01445232928610212,0.9468971058111949
25919,LOF,0.03373040025673407,0.015439526861701169,0.9508300728815647
25920,LOF,0.3214537143744716,0.18430731145846432,0.4942389741670642
25921,LOF,0.01950664822171869,0.01750530836629811,0.9629880434119832
25922,LOF,0.017688860067933368,0.019012042547036877,0.9632990973850298
25923,LOF,0.4533025076465011,0.011468676352036591,0.5352288160014622
25924,LOF,0.026085034072742225,0.019803840870362615,0.9541111250568951
25925,LOF,0.11183387502619109,0.027339255049655294,0.8608268699241536
25926,LOF,0.09778056027889728,0.019523877882814008,0.8826955618382887
25927,LOF,0.02579856993622945,0.03812007826067998,0.9360813518030906
25928,LOF,0.01480679378409043,0.02375203373875986,0.9614411724771497
25929,Neutral,0.5898611269290981,0.011273347098297453,0.3988655259726045
25930,LOF,0.10476498591212467,0.012063652117438987,0.8831713619704363
25931,LOF,0.016577676893957546,0.016460324224455203,0.9669619988815874
25932,LOF,0.09629357335104662,0.01520451577226835,0.8885019108766851
25933,LOF,0.09181128474052522,0.008359448695374258,0.8998292665641006
25934,LOF,0.09087811316790766,0.007527718221499464,0.9015941686105929
25935,LOF,0.12061694566220332,0.020472866684981137,0.8589101876528156
25936,LOF,0.11160908210684396,0.00828265773770093,0.8801082601554551
25937,LOF,0.024548919521579497,0.014887962477674464,0.9605631180007459
25938,LOF,0.11905671814496098,0.017659610366805394,0.8632836714882336
25939,LOF,0.0724792056522537,0.012313449382673447,0.9152073449650728
25940,GOF,0.012629325733522137,0.5125064501470107,0.4748642241194671
25941,Neutral,0.48655575159794534,0.04257982512180596,0.4708644232802488
25942,LOF,0.011067291365082768,0.05602211589451535,0.9329105927404019
25943,LOF,0.051543572725272026,0.20504635609810629,0.7434100711766217
25944,LOF,0.05913755516563061,0.09132490156916356,0.8495375432652058
25945,LOF,0.17459317217372458,0.031223348568910278,0.7941834792573651
25946,LOF,0.07907105203012385,0.03237742745240537,0.8885515205174709
25947,Neutral,0.4780396491683768,0.1379504918108948,0.38400985902072843
25948,LOF,0.36681349960228077,0.011672929149057156,0.6215135712486621
25949,LOF,0.14560443225458705,0.06706231821565015,0.7873332495297629
25950,GOF,0.11048034660151713,0.5754269063130548,0.3140927470854281
25951,LOF,0.011394025820020809,0.4441778000168886,0.5444281741630905
25952,LOF,0.18684939831208913,0.23297084282069086,0.5801797588672201
25953,LOF,0.008319457816111493,0.28987784324982147,0.7018026989340671
25954,GOF,0.09099135830719707,0.45729165704572045,0.45171698464708254
25955,LOF,0.009575316164935023,0.2493281781366557,0.7410965056984092
25956,LOF,0.01150555528427971,0.3570524734219589,0.6314419712937613
25957,LOF,0.16332324190371422,0.048342386005269966,0.7883343720910158
25958,LOF,0.030428528012284222,0.05866125951692825,0.9109102124707875
25959,GOF,0.006834947056831105,0.7550566913563181,0.23810836158685078
25960,LOF,0.005216548147547455,0.12442406244680594,0.8703593894056466
25961,LOF,0.027566877298147188,0.04860845519906672,0.923824667502786
25962,LOF,0.03424458726348951,0.08983349751129888,0.8759219152252117
25963,LOF,0.009519236373746793,0.133993577588313,0.8564871860379402
25964,LOF,0.04048434614618189,0.12352749704138512,0.835988156812433
25965,LOF,0.18780209377876367,0.14738434844092382,0.6648135577803125
25966,LOF,0.30040337166440617,0.11231613539485608,0.5872804929407377
25967,LOF,0.006725010624720647,0.08771285522014972,0.9055621341551295
25968,LOF,0.05100757617294681,0.280905725701072,0.6680866981259812
25969,LOF,0.14615601281858814,0.06503830977143443,0.7888056774099774
25970,LOF,0.06511353196765023,0.05900931571505888,0.8758771523172909
25971,LOF,0.0723732585968503,0.03192889325864339,0.8956978481445064
25972,LOF,0.08712581131138014,0.05549856785964688,0.857375620828973
25973,LOF,0.06231905740987042,0.00915995311733383,0.9285209894727958
25974,LOF,0.05689695311778921,0.045084247467626855,0.898018799414584
25975,LOF,0.03740681967487048,0.015351807414506624,0.947241372910623
25976,LOF,0.08782255514288606,0.011159530882071278,0.9010179139750426
25977,LOF,0.24510778818918083,0.048054278555426835,0.7068379332553923
25978,LOF,0.16172019336703447,0.1400206013726161,0.6982592052603495
25979,LOF,0.1257456810028557,0.1476267149190804,0.7266276040780639
25980,LOF,0.2045172277702643,0.2165117450444608,0.5789710271852749
25981,LOF,0.20556524733317924,0.22055588442800697,0.5738788682388138
25982,LOF,0.34605224206491864,0.11199361818228651,0.5419541397527948
25983,LOF,0.43239042480582324,0.11256080151715422,0.4550487736770224
25984,LOF,0.06865599842349095,0.0847273007247755,0.8466167008517337
25985,Neutral,0.4621284818526793,0.12817350105444805,0.40969801709287257
25986,LOF,0.01423825378694919,0.4358166308499548,0.549945115363096
25987,LOF,0.04485018857304353,0.10076856390088601,0.8543812475260705
25988,LOF,0.0672142253563328,0.1465136642745929,0.7862721103690744
25989,LOF,0.07407636352940683,0.23746418947404588,0.6884594469965474
25990,LOF,0.06305726502598867,0.35256809648834614,0.5843746384856652
25991,GOF,0.023599108103042086,0.5277397992540597,0.4486610926428982
25992,LOF,0.009856140675185582,0.4320036837729258,0.5581401755518887
25993,LOF,0.018077709083940224,0.06382267965681374,0.918099611259246
25994,LOF,0.02629052605532799,0.06377847909889152,0.9099309948457805
25995,LOF,0.017714805496101698,0.11773780160055669,0.8645473929033416
25996,GOF,0.3124730932283525,0.41514433333875705,0.27238257343289035
25997,GOF,0.058055317007330895,0.4880962817231835,0.4538484012694856
25998,LOF,0.27530544937608475,0.03981777211567318,0.6848767785082421
25999,LOF,0.024484231595527036,0.3379756627862048,0.6375401056182681
26000,LOF,0.1363425621115158,0.013377862089143459,0.8502795757993408
26001,LOF,0.16974830063661497,0.021376692806916783,0.8088750065564683
26002,LOF,0.08761307466469363,0.024961403302454374,0.887425522032852
26003,GOF,0.007031415327611475,0.5696053071596557,0.4233632775127327
26004,GOF,0.017079036484941634,0.5403915827672919,0.4425293807477664
26005,LOF,0.005448119381797603,0.43263041524369944,0.5619214653745029
26006,GOF,0.12926038305178233,0.4437556984506183,0.4269839184975993
26007,LOF,0.011752185683029274,0.4642133991747706,0.5240344151422001
26008,GOF,0.007189846723865557,0.5286033805465257,0.4642067727296088
26009,GOF,0.012503653193362746,0.5689543549162127,0.41854199189042446
26010,GOF,0.010058902507712216,0.5248623981665391,0.4650786993257487
26011,LOF,0.005470429877418239,0.366278927942624,0.6282506421799577
26012,LOF,0.005529563151744185,0.48237275339319746,0.5120976834550585
26013,GOF,0.01150053922610451,0.5229410750652285,0.46555838570866703
26014,LOF,0.03954088396232837,0.08314014736445766,0.877318968673214
26015,LOF,0.41477470349608636,0.02445330072530325,0.5607719957786105
26016,LOF,0.2969048313346124,0.028594619945229185,0.6745005487201584
26017,LOF,0.018387144067295327,0.12588824401512488,0.8557246119175799
26018,LOF,0.03427173143558114,0.05776497867979097,0.9079632898846278
26019,LOF,0.033575236580730014,0.05537870383026194,0.9110460595890081
26020,LOF,0.006683176771038248,0.1294673020221541,0.8638495212068076
26021,LOF,0.07375450986321792,0.06017166251276109,0.866073827624021
26022,LOF,0.039585588032445225,0.026196525241347433,0.9342178867262073
26023,LOF,0.026940755726853945,0.0399415328542326,0.9331177114189135
26024,LOF,0.04914742578810971,0.04650528793979195,0.9043472862720984
26025,LOF,0.12965351318652568,0.04006115271772816,0.8302853340957462
26026,LOF,0.12134811303888213,0.031070794289760482,0.8475810926713574
26027,LOF,0.03479840699862288,0.02444864958389008,0.9407529434174869
26028,LOF,0.05879034211667116,0.16831421888036177,0.7728954390029671
26029,LOF,0.029376971591179007,0.19778662481535378,0.7728364035934673
26030,LOF,0.11440845855185092,0.029454684821522047,0.8561368566266271
26031,LOF,0.012830354553162388,0.18488068761973028,0.8022889578271074
26032,LOF,0.03726948212182373,0.054730115156482226,0.9080004027216941
26033,LOF,0.03886823946061626,0.05323972629952631,0.9078920342398574
26034,LOF,0.01937094947606524,0.12852547338012016,0.8521035771438147
26035,LOF,0.01245625220584111,0.136675929130969,0.85086781866319
26036,LOF,0.011544653173317118,0.11000169699637107,0.8784536498303117
26037,LOF,0.011358900879816785,0.12269868552313078,0.8659424135970525
26038,LOF,0.032388108355286896,0.047292832805995506,0.9203190588387176
26039,LOF,0.031866635347434974,0.15600408192130727,0.8121292827312578
26040,LOF,0.08687286299498001,0.13549897604766203,0.777628160957358
26041,LOF,0.012819825904568736,0.11386745472330224,0.8733127193721291
26042,LOF,0.011913921162646128,0.11904467549588375,0.8690414033414701
26043,LOF,0.03249017546674364,0.0770503377572904,0.890459486775966
26044,LOF,0.00739490802155848,0.05788078219621111,0.9347243097822304
26045,LOF,0.08923870771905215,0.21540157001148277,0.6953597222694652
26046,LOF,0.028263560888414644,0.05150403966665921,0.9202323994449262
26047,LOF,0.059962128696270406,0.052857321571986915,0.8871805497317427
26048,LOF,0.08122021446545542,0.02343584599196648,0.8953439395425782
26049,Neutral,0.9424959311463802,0.0074746374890611155,0.050029431364558744
26050,Neutral,0.906100525106646,0.00829469410851542,0.08560478078483878
26051,LOF,0.028077599423223493,0.2891316257582452,0.6827907748185313
26052,LOF,0.030166097669229227,0.221833578791689,0.7480003235390819
26053,LOF,0.016712698929771543,0.19688994456144504,0.7863973565087833
26054,LOF,0.05624301203560665,0.042851763864378375,0.900905224100015
26055,LOF,0.07854617441931279,0.045772489806586485,0.8756813357741007
26056,LOF,0.06374149797561343,0.056588710729879435,0.8796697912945072
26057,LOF,0.05967115330232629,0.026488187682323715,0.91384065901535
26058,LOF,0.0670597825055868,0.021159965056140984,0.9117802524382722
26059,LOF,0.2116389740053781,0.060075408589370514,0.7282856174052514
26060,LOF,0.016573734685033953,0.19950341872430835,0.7839228465906578
26061,LOF,0.010979472238550425,0.01630654070181341,0.9727139870596362
26062,LOF,0.005685613694570689,0.02391016767538884,0.9704042186300406
26063,LOF,0.04545997318899618,0.017018160623742885,0.9375218661872609
26064,LOF,0.013299790224911689,0.023642430232949967,0.9630577795421382
26065,LOF,0.06072327440455478,0.02428365937399372,0.9149930662214514
26066,LOF,0.046747493199666805,0.01820794470053437,0.9350445620997989
26067,LOF,0.057188947241481235,0.015319361274769863,0.927491691483749
26068,LOF,0.05430287579264597,0.036880216446015926,0.908816907761338
26069,LOF,0.17071395931998143,0.03824585181840118,0.7910401888616174
26070,LOF,0.3732149372494423,0.02367799063629117,0.6031070721142665
26071,LOF,0.046852832939355195,0.018387002764555512,0.9347601642960892
26072,LOF,0.006566985833889802,0.031171483020577585,0.9622615311455327
26073,LOF,0.042995709042167464,0.022242885945887213,0.9347614050119454
26074,Neutral,0.6666140283359464,0.014813293193586423,0.31857267847046733
26075,LOF,0.04557305388777104,0.029176976691873285,0.9252499694203556
26076,LOF,0.04569839868543111,0.017871746306985088,0.9364298550075838
26077,LOF,0.16703094707772695,0.013592923223145583,0.8193761296991274
26078,LOF,0.00651645021142955,0.029592684284740375,0.9638908655038301
26079,LOF,0.06193790978814766,0.0287203469158763,0.9093417432959761
26080,LOF,0.06092192946550931,0.028966459550390483,0.9101116109841002
26081,LOF,0.041479911832824595,0.014960264487604779,0.9435598236795706
26082,LOF,0.006617263395546405,0.02996447037657264,0.963418266227881
26083,LOF,0.10916036029184836,0.031994736813004084,0.8588449028951477
26084,LOF,0.12599237553050896,0.028804087535466705,0.8452035369340243
26085,LOF,0.11751885589106012,0.022792208192788068,0.8596889359161518
26086,LOF,0.04239498214352539,0.019932949872759325,0.9376720679837153
26087,LOF,0.044625307256790175,0.018780405675342834,0.9365942870678671
26088,LOF,0.007012915087555882,0.04706616664055138,0.9459209182718927
26089,LOF,0.0424561030203741,0.04888330351153607,0.9086605934680897
26090,LOF,0.04300318038683105,0.03681329951442394,0.920183520098745
26091,LOF,0.031226583952977467,0.01500560742599202,0.9537678086210305
26092,LOF,0.04336499487920322,0.015139187845311396,0.9414958172754854
26093,LOF,0.06389107693912055,0.01061722110851296,0.9254917019523664
26094,LOF,0.03867852238411275,0.012412519667851531,0.9489089579480356
26095,LOF,0.011520722443019193,0.03643904256569279,0.9520402349912881
26096,LOF,0.23440528309546027,0.006952226419928181,0.7586424904846115
26097,LOF,0.0065751323532678,0.05673207376960767,0.9366927938771246
26098,LOF,0.05309991928322918,0.02748175327920647,0.9194183274375644
26099,LOF,0.047190587526145605,0.03686908833621267,0.9159403241376417
26100,LOF,0.047156125953165935,0.036870421831413036,0.915973452215421
26101,LOF,0.046522047132414715,0.05108395693553203,0.9023939959320533
26102,LOF,0.0386765548306093,0.027737513803684045,0.9335859313657066
26103,Neutral,0.8974816140626287,0.03640451719751007,0.06611386873986115
26104,LOF,0.05728416703163501,0.04874877667657963,0.8939670562917854
26105,LOF,0.2295478948479291,0.11998122425220809,0.6504708808998627
26106,LOF,0.28113839229377996,0.04621067734133701,0.6726509303648831
26107,LOF,0.016184734642582365,0.056499656271358174,0.9273156090860595
26108,LOF,0.15594585384112414,0.05307697731248489,0.7909771688463909
26109,LOF,0.058826824669492475,0.054935480799915025,0.8862376945305924
26110,LOF,0.41179031826238927,0.01156028440080399,0.5766493973368066
26111,LOF,0.05912325650786026,0.06744459585715336,0.8734321476349864
26112,LOF,0.06737506924286552,0.010551562780071869,0.9220733679770626
26113,LOF,0.11482559998121877,0.027645004777520674,0.8575293952412605
26114,LOF,0.09377994249918814,0.007689104564372706,0.8985309529364391
26115,LOF,0.017639507334600277,0.06170490646688381,0.920655586198516
26116,LOF,0.08299418877723234,0.021466518448219667,0.895539292774548
26117,LOF,0.37129705941586266,0.035797604108498075,0.5929053364756393
26118,LOF,0.03828149754961854,0.017164593147840124,0.9445539093025414
26119,LOF,0.00638877547335776,0.07595974656408626,0.917651477962556
26120,LOF,0.03291243187403219,0.015586510310663214,0.9515010578153046
26121,LOF,0.004724692340110873,0.11424827759390774,0.8810270300659815
