feature0,prediction,LoGoFunc_Neutral,LoGoFunc_GOF,LoGoFunc_LOF
25546,Neutral,0.6309413680133309,0.14923595528318123,0.219822676703488
25547,Neutral,0.44956588257121316,0.3045052088239897,0.24592890860479705
25548,Neutral,0.4325462107330245,0.24714121513935552,0.32031257412762004
25549,Neutral,0.40090733459968353,0.2584007815272683,0.34069188387304805
25550,LOF,0.2902380637195362,0.3114040296810841,0.3983579065993796
25551,LOF,0.2252940556011706,0.2861488377258159,0.4885571066730136
25552,LOF,0.1298762979608278,0.2725805406495985,0.5975431613895738
25553,Neutral,0.8195671806022758,0.05982631682093719,0.12060650257678696
25554,LOF,0.15985072578612133,0.2810756585400435,0.5590736156738351
25555,LOF,0.12967263242562949,0.24176639958850363,0.6285609679858669
25556,Neutral,0.477072454961536,0.2092083285296751,0.3137192165087888
25557,LOF,0.13095620263784855,0.2572165507606251,0.6118272466015263
25558,LOF,0.16355713072227906,0.31171245487656546,0.5247304144011554
25559,Neutral,0.5038119410934571,0.018837723226069712,0.4773503356804732
25560,LOF,0.0392563180613855,0.2544498653362977,0.7062938166023169
25561,LOF,0.09759166823994311,0.2875643203318329,0.614844011428224
25562,LOF,0.12335478304189211,0.057129528629592356,0.8195156883285155
25563,LOF,0.12114181663466474,0.09325700714702324,0.785601176218312
25564,LOF,0.07776824055038346,0.18890680486431347,0.733324954585303
25565,LOF,0.12395080117795168,0.2299106092574722,0.646138589564576
25566,GOF,0.018461276932478878,0.6030881756528323,0.37845054741468875
25567,LOF,0.010657150073963539,0.09543454057225426,0.8939083093537822
25568,LOF,0.06069055677803687,0.039582464985358785,0.8997269782366043
25569,LOF,0.07682880245005129,0.03755885962517252,0.8856123379247762
25570,LOF,0.05463988812660628,0.03190716812912153,0.9134529437442722
25571,LOF,0.06517361040691586,0.0286547942994724,0.9061715952936117
25572,LOF,0.041805059647372876,0.03688846603346552,0.9213064743191617
25573,LOF,0.021421430830470312,0.04613863572820031,0.9324399334413294
25574,LOF,0.008884902979164461,0.20422751587800453,0.786887581142831
25575,LOF,0.05044918013711575,0.02316388151493592,0.9263869383479484
25576,LOF,0.014261297724489133,0.02223016444644603,0.9635085378290648
25577,LOF,0.009145897989399786,0.024986491562660015,0.9658676104479402
25578,LOF,0.29116658294835435,0.046845719416634735,0.661987697635011
25579,LOF,0.2929356221899794,0.04610078935425783,0.6609635884557628
25580,LOF,0.02877298995355394,0.019917639374834498,0.9513093706716116
25581,LOF,0.05365215576816875,0.05942028332244977,0.8869275609093814
25582,LOF,0.054804147545959636,0.0456702618959578,0.8995255905580826
25583,LOF,0.031770898823563716,0.022480777592349382,0.945748323584087
25584,Neutral,0.5014242712423788,0.07306061319088425,0.425515115566737
25585,LOF,0.027374613781953865,0.037481794137005815,0.9351435920810404
25586,LOF,0.030376300706766845,0.01871453305690848,0.9509091662363247
25587,LOF,0.025186916623603794,0.015834165798951978,0.9589789175774442
25588,LOF,0.024837061466036606,0.02105520672576354,0.9541077318081999
25589,Neutral,0.6491771219801791,0.07935337192890508,0.27146950609091586
25590,LOF,0.021670324295443535,0.06271327598476054,0.915616399719796
25591,LOF,0.07573759741783508,0.04503955906576673,0.8792228435163981
25592,LOF,0.09112033996920174,0.03595448205895259,0.8729251779718457
25593,LOF,0.010622469828119567,0.38543743858423374,0.6039400915876467
25594,LOF,0.05706400805562112,0.055690810676518765,0.8872451812678602
25595,LOF,0.10760565949994426,0.0815285818475992,0.8108657586524566
25596,LOF,0.09598589468928613,0.04773929746442305,0.8562748078462907
25597,LOF,0.08134280128903372,0.01577536391047046,0.9028818348004958
25598,LOF,0.0861885906012244,0.06970285993703035,0.8441085494617453
25599,GOF,0.009776379911145253,0.6154715365969956,0.37475208349185907
25600,GOF,0.010440627824673653,0.5313192613991666,0.4582401107761597
25601,LOF,0.00684615336341039,0.29071585187642046,0.7024379947601691
25602,LOF,0.018550782003099824,0.07778544504864766,0.9036637729482525
25603,LOF,0.03682402811213947,0.06496901047954773,0.8982069614083127
25604,LOF,0.03833814230161964,0.06844075746293392,0.8932211002354464
25605,LOF,0.013499883984436677,0.1903484344557492,0.7961516815598141
25606,LOF,0.062151222858295,0.4457106656892117,0.4921381114524932
25607,LOF,0.003300737871580479,0.13738870628505984,0.8593105558433597
25608,LOF,0.06897784978379709,0.022036772890500538,0.9089853773257023
25609,LOF,0.08402283479025605,0.1843227483768881,0.7316544168328558
25610,LOF,0.04048770279588498,0.017726019215962514,0.9417862779881526
25611,LOF,0.05274581189906957,0.011668005961053754,0.9355861821398768
25612,LOF,0.18339540533172669,0.019317674542967355,0.797286920125306
25613,LOF,0.13682639767698843,0.025174679807739308,0.8379989225152723
25614,LOF,0.03344005893814366,0.03301850481570883,0.9335414362461476
25615,LOF,0.07834783092195104,0.028792719600978536,0.8928594494770704
25616,LOF,0.029876224219172322,0.043574141970953974,0.9265496338098737
25617,LOF,0.03927115626315031,0.02800810446597234,0.9327207392708774
25618,LOF,0.21515193066340152,0.03729974196260345,0.7475483273739949
25619,LOF,0.038663884168002864,0.028403795880857115,0.93293231995114
25620,LOF,0.034723300186160155,0.043781382321384794,0.9214953174924551
25621,LOF,0.03833063806468081,0.018740349621449687,0.9429290123138695
25622,LOF,0.02825008545862442,0.04192842050743775,0.9298214940339379
25623,LOF,0.04729798722841404,0.02515112596300682,0.9275508868085791
25624,LOF,0.03169133081678139,0.041802145315397665,0.926506523867821
25625,LOF,0.041209871933913934,0.04098549034884804,0.9178046377172381
25626,LOF,0.10476430755702985,0.022958794813929866,0.8722768976290403
25627,Neutral,0.4670915450733955,0.07999126322799552,0.45291719169860883
25628,LOF,0.1786611053365213,0.03451832135168813,0.7868205733117906
25629,LOF,0.06334992662283047,0.08163949833833628,0.8550105750388332
25630,LOF,0.16106986596453152,0.04382241465502361,0.7951077193804448
25631,Neutral,0.5650304699727277,0.04101170220323255,0.3939578278240396
25632,LOF,0.016053192060413324,0.18788278030934888,0.7960640276302378
25633,GOF,0.19295062580722516,0.4095385678756439,0.3975108063171309
25634,LOF,0.04211081298900005,0.2654524522044179,0.6924367348065822
25635,LOF,0.03495618378990752,0.22398779272463326,0.7410560234854592
25636,LOF,0.005297619119632109,0.41373753467816227,0.5809648462022056
25637,LOF,0.004471095740850397,0.2512208376438221,0.7443080666153276
25638,LOF,0.006066593280678412,0.25996643260339664,0.7339669741159249
25639,LOF,0.004869122119196646,0.2090316332960256,0.7860992445847776
25640,GOF,0.34018437395877654,0.5957607585543943,0.06405486748682915
25641,LOF,0.007308475728806625,0.1785947766779665,0.8140967475932268
25642,LOF,0.21685571096408618,0.06912543096574729,0.7140188580701665
25643,LOF,0.23793645717579776,0.09572530485053526,0.666338237973667
25644,GOF,0.011567272225789564,0.5191676458082379,0.4692650819659724
25645,GOF,0.008631848485265855,0.6094043649498057,0.38196378656492846
25646,LOF,0.010368203835777627,0.3599063280657766,0.6297254680984459
25647,LOF,0.009930016056443804,0.2960354170688135,0.6940345668747427
25648,LOF,0.006565697098173557,0.3601582329719551,0.6332760699298713
25649,LOF,0.007228294554675354,0.23127104170727328,0.7615006637380514
25650,GOF,0.023255276955533734,0.5100770693471308,0.46666765369733554
25651,LOF,0.006846883129595694,0.2348864136967969,0.7582667031736074
25652,LOF,0.0129177877491407,0.35055510511158355,0.6365271071392757
25653,GOF,0.040926674449820816,0.5035495478233385,0.4555237777268407
25654,LOF,0.007878856287901559,0.3826608029238062,0.6094603407882921
25655,GOF,0.09122909622701722,0.5186467012876896,0.3901242024852932
25656,LOF,0.08911604599530651,0.030793460723055506,0.8800904932816379
25657,LOF,0.25684046432765045,0.019510853050673762,0.7236486826216758
25658,LOF,0.029370430464145843,0.08043413981217726,0.8901954297236768
25659,LOF,0.25407948488847404,0.08646857947256027,0.6594519356389656
25660,LOF,0.09799260322001585,0.08104968164099854,0.8209577151389856
25661,LOF,0.060781312244600795,0.06835131394347466,0.8708673738119246
25662,LOF,0.04007672958745051,0.05317746451709127,0.9067458058954582
25663,LOF,0.04359493814423972,0.08343794475784111,0.8729671170979192
25664,LOF,0.025707056933634922,0.19137594949109904,0.782916993575266
25665,LOF,0.0482396269843123,0.07163937238939565,0.8801210006262921
25666,LOF,0.0358028783938467,0.2316997302170994,0.732497391389054
25667,LOF,0.03544999327653438,0.03906270439873527,0.9254873023247304
25668,LOF,0.039031481069008216,0.05853988863979167,0.9024286302912
25669,LOF,0.03172105148360691,0.09312408931567887,0.8751548592007142
25670,LOF,0.06371286892903716,0.09364619226498469,0.842640938805978
25671,LOF,0.056063748156966915,0.03291427360811018,0.9110219782349229
25672,LOF,0.06287700028227543,0.05730532719678108,0.8798176725209435
25673,LOF,0.03720703683397785,0.09770436571753549,0.8650885974484865
25674,LOF,0.025619733524043002,0.13113572837718274,0.8432445380987742
25675,LOF,0.03306952835349146,0.04651067206633856,0.9204197995801698
25676,LOF,0.03937759157418534,0.05369866886309813,0.9069237395627165
25677,LOF,0.07011742437571071,0.045044132642207975,0.8848384429820813
25678,LOF,0.17161928411873198,0.06459077538810307,0.763789940493165
25679,LOF,0.10142966224724007,0.09601563004047853,0.8025547077122814
25680,LOF,0.10598192184254948,0.09529778500550466,0.7987202931519459
25681,LOF,0.10922502515728989,0.09446471825724069,0.7963102565854694
25682,LOF,0.04286552936471736,0.03882240887378416,0.9183120617614985
25683,LOF,0.07488422939446589,0.06367699478506011,0.8614387758204741
25684,LOF,0.05994597748731593,0.05409666224688919,0.8859573602657949
25685,LOF,0.1169498009957513,0.029109810110983198,0.8539403888932655
25686,LOF,0.03189976184925576,0.0875590791432017,0.8805411590075426
25687,LOF,0.048019799022241495,0.08774497401260832,0.8642352269651501
25688,LOF,0.02922657736662887,0.11371374052060304,0.8570596821127681
25689,LOF,0.017053236652919187,0.07250868477479704,0.9104380785722838
25690,LOF,0.02445392632417717,0.10917073104484251,0.8663753426309803
25691,LOF,0.16185860907510566,0.15623828935940384,0.6819031015654905
25692,LOF,0.3488352946438852,0.013262186546201614,0.6379025188099131
25693,LOF,0.030520962797630037,0.4097396664395121,0.5597393707628578
25694,LOF,0.2466060883146664,0.01101817266871332,0.7423757390166202
25695,LOF,0.19058321972393988,0.015838309868734652,0.7935784704073255
25696,LOF,0.08093169002752505,0.016481315854606174,0.9025869941178688
25697,LOF,0.09379071796498337,0.014098071910789416,0.8921112101242273
25698,LOF,0.01784787615633533,0.26772071345206827,0.7144314103915963
25699,LOF,0.060443214435462564,0.3974278324653626,0.5421289530991747
25700,LOF,0.04607132503154275,0.027030899352396304,0.9268977756160609
25701,LOF,0.009007383728410078,0.36408569113375433,0.6269069251378355
25702,GOF,0.03272372718755188,0.4955086134151231,0.47176765939732507
25703,LOF,0.015571404707704652,0.06754825379671255,0.9168803414955828
25704,LOF,0.058172499627737,0.05725885736365607,0.884568643008607
25705,LOF,0.11087121897591608,0.17772550246399818,0.7114032785600859
25706,GOF,0.02155839383816722,0.6258938876458381,0.35254771851599476
25707,LOF,0.030802585173907913,0.47500615799230156,0.4941912568337906
25708,GOF,0.008412137740189007,0.5594209344309284,0.43216692782888266
25709,LOF,0.0547161651666879,0.06820477283616948,0.8770790619971426
25710,LOF,0.007687949348509055,0.1494521623770844,0.8428598882744066
25711,LOF,0.05886967725490578,0.09914755628936664,0.8419827664557276
25712,LOF,0.011576588984483391,0.18428758281882743,0.804135828196689
25713,LOF,0.04944758757813322,0.10296486506715696,0.8475875473547099
25714,LOF,0.041714216788143715,0.18427471564037345,0.7740110675714829
25715,LOF,0.04538442018867246,0.12667946367595448,0.8279361161353731
25716,LOF,0.0065717451161091955,0.06992570989275816,0.9235025449911327
25717,LOF,0.006459677811150034,0.060220355095312476,0.9333199670935375
25718,LOF,0.0457502954298691,0.052204473413812076,0.9020452311563187
25719,LOF,0.05203379433791871,0.10875698754102298,0.8392092181210582
25720,LOF,0.04470111104209614,0.12177620579129766,0.8335226831666062
25721,LOF,0.04834198231448584,0.09839044402872318,0.8532675736567911
25722,LOF,0.03870688450241405,0.11555041850967827,0.8457426969879077
25723,LOF,0.06455266293672118,0.1013428139756006,0.8341045230876782
25724,LOF,0.07033970274901195,0.26660855626591967,0.6630517409850684
25725,LOF,0.06252029425962591,0.09630721337476143,0.8411724923656126
25726,LOF,0.05388143817775365,0.08959504273699767,0.8565235190852487
25727,LOF,0.07056371225711656,0.07168738030158514,0.8577489074412982
25728,LOF,0.04562845639638225,0.12772159676150516,0.8266499468421126
25729,LOF,0.05362126500027752,0.13051007574214185,0.8158686592575807
25730,LOF,0.06557048206766754,0.09386826190392461,0.8405612560284078
25731,LOF,0.010291872800109854,0.08819341005687382,0.9015147171430163
25732,LOF,0.028209591459503115,0.07095825741440896,0.9008321511260878
25733,LOF,0.040059332724209314,0.09224212712678143,0.8676985401490093
25734,LOF,0.006118257935325615,0.2367272591614495,0.7571544829032248
25735,LOF,0.035939966461308884,0.08669875129708478,0.8773612822416064
25736,LOF,0.03603789909792203,0.1574159757283189,0.806546125173759
25737,LOF,0.06979613380147318,0.08289830952087322,0.8473055566776536
25738,LOF,0.05588466457981009,0.17345838456370669,0.7706569508564831
25739,LOF,0.039911958503823466,0.12592290469474673,0.8341651368014298
25740,LOF,0.07085309200686579,0.11568178570334657,0.8134651222897877
25741,LOF,0.06341898817020765,0.12763927887477322,0.808941732955019
25742,LOF,0.06687909011786643,0.11991387798459456,0.8132070318975391
25743,LOF,0.013668114151210083,0.016599977428298877,0.9697319084204912
25744,LOF,0.14892441839893764,0.11442442132878149,0.736651160272281
25745,LOF,0.029008859059471745,0.045484322291964585,0.9255068186485637
25746,LOF,0.014830620302659641,0.07109851309070338,0.914070866606637
25747,LOF,0.053702113764547074,0.02195151221276886,0.924346374022684
25748,LOF,0.3174910130393185,0.06817109459169994,0.6143378923689815
25749,LOF,0.018674305294353273,0.05139228947573568,0.929933405229911
25750,LOF,0.01854175307271991,0.0605276766094298,0.9209305703178502
25751,LOF,0.042401645073132196,0.07731862175092832,0.8802797331759395
25752,GOF,0.09050008380793545,0.6421107306872892,0.26738918550477536
25753,LOF,0.007509769135920848,0.4309812426895378,0.5615089881745413
25754,GOF,0.009105006798973499,0.9128721302956706,0.07802286290535597
25755,LOF,0.008417369140778824,0.42717676852257713,0.5644058623366441
25756,GOF,0.02789170823907774,0.48801416593958385,0.4840941258213384
25757,GOF,0.009122184193454374,0.8803591656440891,0.11051865016245661
25758,GOF,0.010502324135501903,0.9118352264468704,0.0776624494176278
25759,GOF,0.006826303362815529,0.7624960028722293,0.23067769376495523
25760,LOF,0.006453851431092122,0.375754247402425,0.6177919011664829
25761,GOF,0.05162783807563099,0.8979250473290085,0.050447114595360436
25762,LOF,0.028090884786012096,0.4488577422577641,0.5230513729562237
25763,LOF,0.00643386766544635,0.31226224173717326,0.6813038905973804
25764,GOF,0.07844508644826098,0.7335859554841814,0.18796895806755765
25765,GOF,0.011374405599253573,0.9237909535878748,0.06483464081287157
25766,GOF,0.029424932164987098,0.8609847140176907,0.10959035381732224
25767,GOF,0.011461824507303781,0.6212655867630935,0.3672725887296027
25768,LOF,0.056807247569462205,0.055531012118675734,0.8876617403118621
25769,LOF,0.030837801779736263,0.1432819310188159,0.8258802672014479
25770,LOF,0.27987734721772584,0.18684462211419606,0.5332780306680781
25771,LOF,0.023479232669124685,0.0768982366338385,0.8996225306970368
25772,LOF,0.04062968182674698,0.07790876253709121,0.8814615556361619
25773,LOF,0.018974908414840667,0.14683736824658258,0.8341877233385768
25774,LOF,0.03179744680692547,0.3129140562659589,0.6552884969271155
25775,LOF,0.02304666383145657,0.05326502928114268,0.9236883068874008
25776,LOF,0.030584285420897576,0.04932762856916831,0.9200880860099341
25777,LOF,0.120697639651543,0.2452526598554824,0.6340497004929747
25778,LOF,0.029422674152530293,0.11183625070744117,0.8587410751400285
25779,GOF,0.060148548027851946,0.7525253954467945,0.18732605652535347
25780,GOF,0.06906449875498863,0.7798392496245483,0.15109625162046308
25781,GOF,0.02870496904332495,0.6990731043974155,0.2722219265592595
25782,GOF,0.031657227170062134,0.784423950919926,0.18391882191001183
25783,GOF,0.05983654225121232,0.8057585691091559,0.13440488863963176
25784,GOF,0.12306711641496694,0.7647432222303612,0.11218966135467194
25785,GOF,0.1620541940372557,0.7415302278007295,0.09641557816201485
25786,GOF,0.011956157878293457,0.6667951450848733,0.3212486970368334
25787,GOF,0.3193635592756951,0.5877336001430077,0.0929028405812972
25788,LOF,0.02356813684767078,0.07760522131011938,0.89882664184221
25789,GOF,0.01884942393686353,0.7550996712980445,0.22605090476509196
25790,GOF,0.03488589160879041,0.7174088018426021,0.2477053065486075
25791,GOF,0.029044393470688303,0.5643429089604252,0.40661269756888657
25792,GOF,0.03434772246647209,0.6511497397888583,0.3145025377446696
25793,GOF,0.07001028413816372,0.7082201580769335,0.22176955778490273
25794,LOF,0.06272775804002421,0.4568004987869381,0.4804717431730377
25795,GOF,0.061765991423302885,0.511204468969425,0.42702953960727214
25796,GOF,0.16908901437181106,0.5176662116267065,0.31324477400148254
25797,GOF,0.04973364804507142,0.49547591418229114,0.45479043777263745
25798,GOF,0.007368630077709413,0.7528435537814884,0.23978781614080213
25799,GOF,0.005203027822420569,0.6706223161126836,0.32417465606489587
25800,GOF,0.02461686011995818,0.8089919267909809,0.16639121308906088
25801,GOF,0.026211284214311348,0.7587693912334715,0.21501932455221703
25802,GOF,0.026671410053038986,0.708201571751513,0.26512701819544804
25803,GOF,0.024602768969742013,0.6236406268513982,0.3517566041788598
25804,GOF,0.04065287942855635,0.6151267376896197,0.3442203828818241
25805,GOF,0.02897664798727053,0.7016455196112341,0.26937783240149543
25806,GOF,0.040559343423356264,0.7063178982147849,0.25312275836185877
25807,GOF,0.017882091265258932,0.597097406995405,0.38502050173933594
25808,GOF,0.03175902948155142,0.7153081961722209,0.2529327743462278
25809,GOF,0.01597747615366536,0.6131323746955099,0.3708901491508249
25810,GOF,0.013438582185413925,0.6255246514217229,0.3610367663928632
25811,GOF,0.07850657481257219,0.7936590687643671,0.12783435642306085
25812,GOF,0.0418567408647208,0.5808964743647221,0.37724678477055706
25813,GOF,0.23672460391388084,0.5902100381693397,0.17306535791677943
25814,GOF,0.03968494246984523,0.6393402925863398,0.3209747649438149
25815,GOF,0.06715315590954435,0.7167196319760591,0.21612721211439653
25816,GOF,0.009471034791397218,0.7514705469268246,0.23905841828177812
25817,GOF,0.13203595120896577,0.5637981970971224,0.30416585169391186
25818,GOF,0.03214515470652795,0.735633700745659,0.23222114454781287
25819,GOF,0.051131163960010245,0.6187565746600905,0.3301122613798994
25820,GOF,0.05531792493902267,0.5282121806960577,0.41646989436491966
25821,GOF,0.03715795710848634,0.5787030701737417,0.384138972717772
25822,GOF,0.07609605333806956,0.5796692993006825,0.34423464736124804
25823,GOF,0.04086469344234154,0.5555931695373885,0.4035421370202699
25824,GOF,0.028945587452702454,0.6800889438055002,0.2909654687417974
25825,GOF,0.021007855862006937,0.6958683202711993,0.2831238238667938
25826,GOF,0.010516666940588422,0.5991275341867037,0.39035579887270777
25827,GOF,0.018954585138289237,0.6543495726671867,0.32669584219452397
25828,GOF,0.012149517002513913,0.6807580566784016,0.3070924263190846
25829,GOF,0.004752359585776384,0.5084626858679453,0.4867849545462783
25830,LOF,0.0643967185324258,0.2459530863719217,0.6896501950956525
25831,GOF,0.08029066766581561,0.7656427174766266,0.15406661485755774
25832,GOF,0.00964353673910903,0.712478234690361,0.2778782285705299
25833,GOF,0.029851380316789713,0.7962189779513166,0.1739296417318938
25834,GOF,0.00991081422290333,0.7326531243801865,0.2574360613969102
25835,GOF,0.02948686631228977,0.8414738424986417,0.12903929118906862
25836,GOF,0.00792948588574223,0.7875258376458085,0.20454467646844932
25837,GOF,0.011330813643415847,0.727062612208531,0.26160657414805316
25838,GOF,0.023026748991090463,0.7998485172271114,0.1771247337817982
25839,GOF,0.06481306584250875,0.7202757715870135,0.21491116257047777
25840,GOF,0.09372700201718315,0.717900170346226,0.18837282763659077
25841,GOF,0.07812008245902011,0.7816255795795893,0.1402543379613907
25842,GOF,0.02738180489426336,0.8387544350144107,0.13386376009132592
25843,GOF,0.025911390647595352,0.8338534230769303,0.1402351862754743
25844,GOF,0.02254070731615303,0.78378106710723,0.1936782255766171
25845,GOF,0.008497612294597194,0.6619024881489192,0.3295998995564836
25846,GOF,0.07253345944008899,0.8108269074858943,0.11663963307401673
25847,GOF,0.020165930314441454,0.8191792968857059,0.16065477279985269
25848,GOF,0.02183013231453357,0.7889791508454079,0.1891907168400585
25849,GOF,0.007627946144943647,0.7595876589077004,0.23278439494735598
25850,GOF,0.008446814204821339,0.6312926067615434,0.36026057903363523
25851,GOF,0.007453485511839219,0.5615529426146145,0.4309935718735462
25852,GOF,0.1775454373316127,0.4279700081302818,0.39448455453810555
25853,GOF,0.06173724251608506,0.5667681782439082,0.3714945792400068
25854,GOF,0.007372280931920658,0.6583291851128,0.33429853395527925
25855,GOF,0.02348024831649162,0.5295882439960177,0.4469315076874907
25856,GOF,0.05209902047416522,0.6877443778238949,0.26015660170193994
25857,GOF,0.024155875906356265,0.5103679487887187,0.465476175304925
25858,GOF,0.008086917579552084,0.5281373852186284,0.4637756972018195
25859,GOF,0.006209856299199174,0.5182572585089854,0.47553288519181547
25860,GOF,0.07239788937640174,0.5380978217079335,0.38950428891566474
25861,GOF,0.11244392747584801,0.7116456144237886,0.17591045810036335
25862,GOF,0.020609083763628026,0.8528411118006521,0.12654980443572003
25863,GOF,0.0197847914798954,0.8119356945086847,0.16827951401141986
25864,GOF,0.030465080377643013,0.8617751084173249,0.10775981120503215
25865,GOF,0.03422771633870841,0.8370746289441066,0.12869765471718503
25866,GOF,0.018490282397061075,0.8315616811557222,0.14994803644721663
25867,GOF,0.041186151274541144,0.8476064214895486,0.11120742723591025
25868,GOF,0.06787133806418064,0.7012086872574932,0.23091997467832626
25869,GOF,0.3009394763718031,0.4981881972760978,0.20087232635209898
25870,LOF,0.07512731639026872,0.33295585498843844,0.5919168286212928
25871,GOF,0.011087922054062248,0.5380636362339012,0.45084844171203653
25872,GOF,0.02594959784281471,0.633551955626264,0.3404984465309213
25873,GOF,0.02041520755366614,0.7375479640094946,0.24203682843683924
25874,LOF,0.03436958870055295,0.0642145875938659,0.901415823705581
25875,LOF,0.021348792106090423,0.16253927859934408,0.8161119292945656
25876,LOF,0.020290278946688525,0.10191343715860447,0.8777962838947071
25877,LOF,0.08718594587219534,0.28612152822746856,0.6266925259003362
25878,LOF,0.050867384680104336,0.3939837694250876,0.5551488458948081
25879,LOF,0.010712054785813895,0.18235765058395897,0.806930294630227
25880,LOF,0.049809183621988426,0.025482733030640314,0.9247080833473714
25881,Neutral,0.4726876957353786,0.2864533876840482,0.24085891658057326
25882,LOF,0.03899709107744702,0.14411409568362418,0.8168888132389288
25883,LOF,0.027927887337911853,0.14313020039466942,0.8289419122674188
25884,LOF,0.013463708724295744,0.14877787609089616,0.8377584151848081
25885,LOF,0.13801092627762457,0.03070823159722555,0.8312808421251499
25886,LOF,0.1855447377206158,0.20978763845003323,0.604667623829351
25887,GOF,0.04723287062643847,0.49558073673477393,0.4571863926387876
25888,LOF,0.004994218195123766,0.4180567039575645,0.5769490778473118
25889,LOF,0.024866418080111117,0.09736574913575965,0.8777678327841291
25890,LOF,0.13937897670553706,0.2742613261332131,0.5863596971612499
25891,LOF,0.10859446604580843,0.06852026918568278,0.8228852647685088
25892,LOF,0.0070080686271103134,0.04183453089188606,0.9511574004810036
25893,LOF,0.2407610530583348,0.0154380621895145,0.7438008847521507
25894,LOF,0.3043487765150526,0.010216129802067556,0.6854350936828799
25895,LOF,0.26194546090466225,0.013438009283233635,0.7246165298121042
25896,LOF,0.08822941240290613,0.03440381190259147,0.8773667756945024
25897,LOF,0.09486450315526933,0.023464053349061015,0.8816714434956696
25898,LOF,0.08228704345568803,0.0528924736132091,0.8648204829311029
25899,LOF,0.35185114551227026,0.055175094689003244,0.5929737597987266
25900,Neutral,0.8012575155057365,0.010974997170099803,0.18776748732416368
25901,LOF,0.06050239822471089,0.017097889532855806,0.9223997122424332
25902,LOF,0.08098984333502261,0.009642624682981887,0.9093675319819954
25903,LOF,0.13883833413847213,0.040788707109019724,0.8203729587525082
25904,LOF,0.43557387880917287,0.09036623368332743,0.4740598875074996
25905,LOF,0.012262201574812455,0.254624631528529,0.7331131668966585
25906,LOF,0.009814365246884773,0.02396061917362376,0.9662250155794915
25907,LOF,0.009581399728040714,0.13086117464904717,0.8595574256229122
25908,LOF,0.009696785867210218,0.15437708058199093,0.8359261335507989
25909,LOF,0.05081019932448858,0.07899921401706968,0.8701905866584418
25910,LOF,0.015186955306673973,0.13494793259902488,0.8498651120943012
25911,LOF,0.11685680563667979,0.0683614535901393,0.8147817407731809
25912,LOF,0.1265355933783822,0.01645201406099338,0.8570123925606244
25913,LOF,0.013769948552516936,0.06253873708035558,0.9236913143671276
25914,LOF,0.04435657451698531,0.03816976698036897,0.9174736585026457
25915,GOF,0.21249856151739524,0.42570496508950234,0.3617964733931024
25916,LOF,0.017734733295098393,0.17688157159877407,0.8053836951061276
25917,LOF,0.10909892214912727,0.03166099531135263,0.85924008253952
25918,LOF,0.044926621228693724,0.023837437488455026,0.9312359412828511
25919,LOF,0.04502019825548024,0.01930648077532396,0.9356733209691958
25920,LOF,0.36507198118752426,0.2627533026310602,0.37217471618141557
25921,LOF,0.02223128448601852,0.03895934440413196,0.9388093711098494
25922,LOF,0.01957298193524171,0.030335891023535254,0.9500911270412231
25923,LOF,0.44752121669863826,0.02535951390900333,0.5271192693923584
25924,LOF,0.027577020740666848,0.03578363047877986,0.9366393487805532
25925,LOF,0.1812632908169473,0.03056834616681529,0.7881683630162374
25926,LOF,0.1489091693875238,0.048526020581665406,0.8025648100308108
25927,LOF,0.02325568131399356,0.07601464624045448,0.9007296724455519
25928,LOF,0.015720531499651753,0.021207165271426572,0.9630723032289216
25929,Neutral,0.6215355312781689,0.025875545195923867,0.35258892352590726
25930,LOF,0.06525655754466451,0.029584043962154898,0.9051593984931806
25931,LOF,0.016174657944386845,0.025283705293571275,0.9585416367620418
25932,LOF,0.10378081322258795,0.016030941374962075,0.88018824540245
25933,LOF,0.0864050126753599,0.011621888173468991,0.9019730991511712
25934,LOF,0.08035492434201918,0.013595780109368499,0.9060492955486124
25935,LOF,0.172741332278111,0.03331493358455292,0.7939437341373361
25936,LOF,0.08918411808950323,0.012154374160278258,0.8986615077502186
25937,LOF,0.018769541402201828,0.025832365159575522,0.9553980934382227
25938,LOF,0.17894588286273055,0.02785312523326912,0.7932009919040003
25939,LOF,0.06396395001286981,0.013885624219235334,0.9221504257678949
25940,LOF,0.007369679914352787,0.46305057014674783,0.5295797499388994
25941,Neutral,0.5020981469482163,0.17490843875467896,0.32299341429710476
25942,LOF,0.009467941458420044,0.20096592919134076,0.7895661293502391
25943,GOF,0.024231086566593146,0.6591483584430287,0.3166205549903782
25944,LOF,0.0193835433455587,0.4541632101875891,0.5264532464668522
25945,LOF,0.09480859713398909,0.18796870436868063,0.7172226984973303
25946,LOF,0.09686516387444653,0.12121908166148244,0.7819157544640711
25947,Neutral,0.48153089525198667,0.09054658713863344,0.4279225176093798
25948,LOF,0.4890438107175087,0.0105979101219452,0.5003582791605461
25949,LOF,0.12246043142947553,0.02534151476601323,0.8521980538045112
25950,GOF,0.0488358405015754,0.8099065201438627,0.14125763935456193
25951,GOF,0.012383009620173947,0.6532358960084383,0.3343810943713877
25952,GOF,0.07946908105269343,0.5639456272251278,0.35658529172217884
25953,LOF,0.005539792847441354,0.45462281323374126,0.5398373939188174
25954,GOF,0.02228288548743335,0.5568604487685356,0.42085666574403097
25955,GOF,0.004206374119543419,0.5640666652757655,0.43172696060469107
25956,LOF,0.009509053231247495,0.4307809993111885,0.559709947457564
25957,LOF,0.24650105998081467,0.05306216436149261,0.7004367756576927
25958,LOF,0.025021006902920372,0.16358502354940777,0.8113939695476718
25959,GOF,0.006439416926803777,0.6793285681715305,0.31423201490166575
25960,LOF,0.004859785208985083,0.19011504211286273,0.8050251726781523
25961,LOF,0.023927395333710428,0.14245994170839163,0.833612662957898
25962,LOF,0.047879609794444083,0.08592016940950076,0.8662002207960551
25963,LOF,0.01015677999789658,0.19089250038079658,0.7989507196213068
25964,LOF,0.04649191163752274,0.16239582234430158,0.7911122660181756
25965,LOF,0.15424659278654035,0.17989430351865246,0.665859103694807
25966,LOF,0.2837313691217077,0.3315024118559193,0.3847662190223731
25967,LOF,0.0073754615724136,0.07207817013324555,0.9205463682943408
25968,LOF,0.08817158422728055,0.26032321949136833,0.6515051962813512
25969,LOF,0.1365663677042277,0.04210905547527166,0.8213245768205006
25970,LOF,0.02535182238641012,0.22670435045161194,0.7479438271619779
25971,LOF,0.06762406316394821,0.1090445885919132,0.8233313482441387
25972,LOF,0.06921966188717649,0.16297656012538975,0.7678037779874337
25973,LOF,0.09771899249559354,0.006610031527848671,0.8956709759765579
25974,LOF,0.14138861086923407,0.048242970557347845,0.8103684185734181
25975,LOF,0.04277090352786199,0.009875555331043563,0.9473535411410945
25976,LOF,0.10544442767759746,0.006436004539715227,0.8881195677826873
25977,LOF,0.1808767756136406,0.1019050981375346,0.7172181262488247
25978,LOF,0.12285623848988939,0.14061161593627164,0.736532145573839
25979,LOF,0.09507257089061667,0.13920462207118553,0.7657228070381978
25980,LOF,0.14090288199338544,0.3349589198337009,0.5241381981729136
25981,LOF,0.1426702516130835,0.3492137969112173,0.5081159514756992
25982,LOF,0.24487556850185546,0.15238556783952756,0.6027388636586171
25983,Neutral,0.4764268922090095,0.13916138456926416,0.3844117232217264
25984,LOF,0.038066370389740894,0.11978093059577936,0.8421526990144798
25985,Neutral,0.48812147021522145,0.2373053785279698,0.27457315125680876
25986,GOF,0.008852407967224429,0.6024291246266192,0.38871846740615634
25987,LOF,0.016020146603826214,0.1520675422171636,0.8319123111790102
25988,LOF,0.03259669843887319,0.2015968527796248,0.7658064487815021
25989,LOF,0.03659241586084593,0.1653625325585954,0.7980450515805586
25990,LOF,0.04020894908134,0.268862432866496,0.6909286180521639
25991,GOF,0.02944234687838344,0.6661923455218356,0.3043653075997808
25992,LOF,0.009808499402756205,0.4418377090814199,0.5483537915158239
25993,LOF,0.029716288240197064,0.0867878013098025,0.8834959104500003
25994,LOF,0.03263828755818995,0.11421802739499154,0.8531436850468186
25995,LOF,0.019220454666616937,0.1763780276333681,0.804401517700015
25996,GOF,0.24908735190122222,0.5840401137896998,0.16687253430907797
25997,GOF,0.05455566487621157,0.6850910141240412,0.2603533209997473
25998,LOF,0.2660523780123302,0.03908298802715856,0.6948646339605111
25999,LOF,0.029213547244862446,0.4502892744392892,0.5204971783158483
26000,LOF,0.11835183064986395,0.016879124380568416,0.8647690449695675
26001,LOF,0.12708550399119212,0.029142360145200986,0.8437721358636069
26002,LOF,0.08413002673678661,0.01777375620986646,0.898096217053347
26003,GOF,0.008157732703104024,0.5026362906645582,0.4892059766323379
26004,GOF,0.021068705638579217,0.5277426722288026,0.4511886221326182
26005,LOF,0.006327638245264376,0.4674850969647455,0.5261872647899901
26006,GOF,0.16348078380337452,0.4530899138548316,0.3834293023417938
26007,GOF,0.011406542707606744,0.5034417812847737,0.4851516760076195
26008,LOF,0.008041122137661616,0.4416731701978145,0.5502857076645239
26009,GOF,0.01617371858176412,0.5510412304152267,0.43278505100300924
26010,GOF,0.01004852428510548,0.5410531741054077,0.44889830160948674
26011,LOF,0.007641937562021316,0.3643447255082283,0.6280133369297505
26012,LOF,0.007612640104282001,0.37681961870053043,0.6155677411951876
26013,LOF,0.012782792141384648,0.4805614315036697,0.5066557763549457
26014,LOF,0.07698100238754318,0.06505619874283354,0.8579627988696233
26015,LOF,0.37626826638704536,0.05729711908732117,0.5664346145256335
26016,LOF,0.24466625960853947,0.14516827771603488,0.6101654626754257
26017,LOF,0.01650828639521528,0.4307139225986929,0.5527777910060919
26018,LOF,0.020791602869466956,0.18023339458908427,0.7989750025414488
26019,LOF,0.020494174991704923,0.14217093260462732,0.8373348924036678
26020,LOF,0.007133408510868827,0.33468484457622166,0.6581817469129096
26021,LOF,0.08482398198143917,0.2346543005948918,0.680521717423669
26022,LOF,0.05565520551568488,0.05746990665922316,0.8868748878250919
26023,LOF,0.033367515713369225,0.11264428642898291,0.8539881978576479
26024,LOF,0.04789908057015817,0.16077535782665886,0.791325561603183
26025,LOF,0.104204849946255,0.20586536015031734,0.6899297899034278
26026,LOF,0.09846848622187065,0.17427770387915073,0.7272538098989786
26027,LOF,0.03230323618990105,0.07473042932869739,0.8929663344814015
26028,LOF,0.05665290933994427,0.2127194473898119,0.7306276432702438
26029,LOF,0.04237230699491325,0.07902527706262254,0.8786024159424641
26030,LOF,0.17800667225288885,0.009624192919306407,0.8123691348278047
26031,LOF,0.024675034834383762,0.08320601339164034,0.8921189517739758
26032,LOF,0.031043254312397073,0.02071242750592444,0.9482443181816784
26033,LOF,0.049231815440079034,0.03363042319828115,0.9171377613616398
26034,LOF,0.0306336432145223,0.05594391518985214,0.9134224415956255
26035,LOF,0.017738761412437486,0.06946915617761917,0.9127920824099433
26036,LOF,0.016927152981434143,0.05686284060715824,0.9262100064114075
26037,LOF,0.016281373301967647,0.05487222781145151,0.9288463988865808
26038,LOF,0.025520365792107175,0.02109842732760736,0.9533812068802855
26039,LOF,0.035390471349583716,0.07445980978416702,0.8901497188662493
26040,LOF,0.0681869626803995,0.12422994183649716,0.8075830954831034
26041,LOF,0.01883289280291037,0.06630948903441726,0.9148576181626724
26042,LOF,0.017775480622820503,0.06911404682686359,0.9131104725503159
26043,LOF,0.024655233635530294,0.04396780913139223,0.9313769572330775
26044,LOF,0.010295448551426252,0.04553152287849402,0.9441730285700797
26045,LOF,0.09423596236385948,0.12412711525563724,0.7816369223805033
26046,LOF,0.024001626309248337,0.05098203695996541,0.9250163367307863
26047,LOF,0.06208591379206022,0.03688541230224734,0.9010286739056924
26048,LOF,0.0767880779381215,0.029113940215128677,0.8940979818467499
26049,Neutral,0.9121702237569527,0.005981015847719618,0.08184876039532768
26050,Neutral,0.8396980487264378,0.007179253713375465,0.15312269756018662
26051,LOF,0.030023771375356202,0.45742605033027517,0.5125501782943686
26052,LOF,0.02908747958229067,0.37127929754871863,0.5996332228689907
26053,LOF,0.04352355576127089,0.05365972615840903,0.90281671808032
26054,LOF,0.07711770925492399,0.08449392271699684,0.8383883680280791
26055,LOF,0.1370495780332889,0.0831128847005605,0.7798375372661507
26056,LOF,0.1261491899227544,0.09274164770919187,0.7811091623680537
26057,LOF,0.04815183859069656,0.025765570093083823,0.9260825913162196
26058,LOF,0.05656702089806771,0.020084913008955,0.9233480660929773
26059,Neutral,0.4827910668380391,0.08593388857205557,0.43127504458990523
26060,LOF,0.014792666148011217,0.2995144362233313,0.6856928976286575
26061,LOF,0.012054659051610937,0.015713449151516175,0.972231891796873
26062,LOF,0.005706053822830762,0.039210371281497444,0.9550835748956717
26063,LOF,0.0472043857043814,0.021965954165759617,0.930829660129859
26064,LOF,0.010112331650141757,0.021192753277674323,0.9686949150721839
26065,LOF,0.042821819249176836,0.03365276952385017,0.923525411226973
26066,LOF,0.044279383431401226,0.02037307429846067,0.9353475422701382
26067,LOF,0.056404791105742966,0.02238931819999299,0.921205890694264
26068,LOF,0.07861995668267255,0.0466459508042718,0.8747340925130556
26069,LOF,0.0973113452274569,0.04196280712491822,0.8607258476476249
26070,LOF,0.27815066992704096,0.02763603437907499,0.694213295693884
26071,LOF,0.04680693606091898,0.023622124706580514,0.9295709392325004
26072,LOF,0.008467534599522174,0.022890655115387574,0.9686418102850902
26073,LOF,0.04732108949564061,0.018056710542950192,0.9346221999614092
26074,Neutral,0.7274852295599828,0.019389345054286113,0.2531254253857311
26075,LOF,0.05639357656910757,0.04294524853107216,0.9006611748998202
26076,LOF,0.05725637298280713,0.04387268797478917,0.8988709390424037
26077,LOF,0.15600272638822274,0.02919452595741386,0.8148027476543633
26078,LOF,0.007333118442316621,0.030580771846481423,0.962086109711202
26079,LOF,0.08385638411767224,0.03377940590985783,0.8823642099724699
26080,LOF,0.08288158940680819,0.03369784420721875,0.8834205663859731
26081,LOF,0.05249428804710318,0.023934682984315545,0.9235710289685813
26082,LOF,0.007338326738642993,0.03661063340729733,0.9560510398540596
26083,LOF,0.044491335267628364,0.06249832798858938,0.8930103367437823
26084,LOF,0.049615093669819,0.03561683906301021,0.9147680672671707
26085,LOF,0.04534040500927811,0.030097441697992396,0.9245621532927295
26086,LOF,0.03638830951774179,0.03237201120763357,0.9312396792746247
26087,LOF,0.04853832151321653,0.030944975876668578,0.920516702610115
26088,LOF,0.008285174518592448,0.06712151887458993,0.9245933066068176
26089,LOF,0.04451584814017586,0.09955797087944619,0.855926180980378
26090,LOF,0.04687795268085637,0.077787893091814,0.8753341542273296
26091,LOF,0.049248742114821956,0.028917007508236482,0.9218342503769416
26092,LOF,0.05820577147243703,0.021062919477627423,0.9207313090499355
26093,LOF,0.07977314543248379,0.014801613444456862,0.9054252411230594
26094,LOF,0.04562802127436371,0.020058332097965027,0.9343136466276712
26095,LOF,0.011384905762725796,0.0362587364935158,0.9523563577437584
26096,LOF,0.2903655830186935,0.006112231751355899,0.7035221852299507
26097,LOF,0.007819841543746748,0.05119241061070022,0.9409877478455531
26098,LOF,0.08479515348731206,0.03246732852464475,0.8827375179880431
26099,LOF,0.046066968577157474,0.09611681275218047,0.8578162186706619
26100,LOF,0.046066968577157474,0.09611681275218047,0.8578162186706619
26101,LOF,0.035680877253610674,0.08360374372755688,0.8807153790188325
26102,LOF,0.04230489172568938,0.033237329564490714,0.9244577787098198
26103,Neutral,0.8383721659796886,0.04731239729362174,0.11431543672668965
26104,LOF,0.07575196081966921,0.09897787605076729,0.8252701631295636
26105,LOF,0.28206699645822103,0.2352099328838636,0.4827230706579154
26106,LOF,0.2985339864733454,0.22646462827614397,0.4750013852505106
26107,LOF,0.009295338001625852,0.14556786493899807,0.8451367970593762
26108,LOF,0.1322988330476043,0.2078148959736965,0.6598862709786991
26109,LOF,0.04774365089829615,0.03365553930773157,0.9186008097939723
26110,Neutral,0.5261829081573534,0.039376249492956865,0.4344408423496897
26111,LOF,0.06507088838555587,0.24989559097240194,0.6850335206420421
26112,LOF,0.06709929416423033,0.03514889641519237,0.8977518094205772
26113,LOF,0.06038004738518797,0.07224227005833445,0.8673776825564776
26114,LOF,0.0954423986891071,0.02505736215088636,0.8795002391600065
26115,LOF,0.015494244997733326,0.1648600452393106,0.8196457097629561
26116,LOF,0.0539476572789319,0.0556321997934124,0.8904201429276556
26117,LOF,0.24660889382779938,0.08406097310001344,0.6693301330721871
26118,LOF,0.041741519649487246,0.02437341302118815,0.9338850673293246
26119,LOF,0.005900906850226325,0.10846188588823691,0.8856372072615367
26120,LOF,0.03849274146785857,0.027725953888515436,0.9337813046436261
26121,LOF,0.004555669438675657,0.13366841668388318,0.8617759138774411
26122,LOF,0.004861153832210108,0.13212455242780705,0.8630142937399828
