feature0,prediction,LoGoFunc_Neutral,LoGoFunc_GOF,LoGoFunc_LOF
25546,Neutral,0.6457286419506695,0.06204411460898475,0.29222724344034573
25547,LOF,0.43952176475424753,0.11809200835208111,0.4423862268936713
25548,Neutral,0.4794878517526821,0.08744762804799307,0.4330645201993249
25549,LOF,0.41449049879349736,0.09005926047107757,0.4954502407354251
25550,LOF,0.33326287104502805,0.14974836526357646,0.5169887636913955
25551,LOF,0.27457140690907617,0.17417339561401074,0.5512551974769131
25552,LOF,0.19035027596067242,0.16336185613710888,0.6462878679022187
25553,Neutral,0.7868141522369763,0.05325058822743281,0.15993525953559096
25554,LOF,0.22283328971531668,0.15948143806415488,0.6176852722205285
25555,LOF,0.18603701172290824,0.1390855934640149,0.6748773948130768
25556,LOF,0.37619609350539457,0.13099371197780224,0.4928101945168033
25557,LOF,0.17344889676818287,0.1478849523015632,0.678666150930254
25558,LOF,0.21676220853014236,0.15414626302383694,0.6290915284460207
25559,LOF,0.17888390307075153,0.13758105779023247,0.683535039139016
25560,LOF,0.07267050628416874,0.144943865410821,0.7823856283050102
25561,LOF,0.14377934531664663,0.13645464866767196,0.7197660060156814
25562,LOF,0.06548384474082157,0.0872247012344772,0.8472914540247012
25563,LOF,0.08874581894718571,0.09775145608274959,0.8135027249700647
25564,LOF,0.22203995277922717,0.18325425025866746,0.5947057969621053
25565,LOF,0.15890920648301154,0.13050788649993997,0.7105829070170484
25566,GOF,0.02035982356764183,0.771817433896406,0.20782274253595204
25567,LOF,0.017503406667137483,0.20528303660481992,0.7772135567280427
25568,LOF,0.0573291562168668,0.08526120401221977,0.8574096397709134
25569,LOF,0.0581218712576831,0.08454108047924805,0.8573370482630688
25570,LOF,0.028785619219933244,0.11459128413699786,0.8566230966430689
25571,LOF,0.029162479213571055,0.11230151670221125,0.8585360040842178
25572,LOF,0.031822873653547835,0.14538470923007205,0.8227924171163801
25573,LOF,0.02758261011228437,0.11592895648402575,0.8564884334036899
25574,LOF,0.01856018013494989,0.18299650765073744,0.7984433122143126
25575,LOF,0.023139610103288508,0.12759495023657105,0.8492654396601403
25576,LOF,0.012109621674525728,0.17251865224163937,0.815371726083835
25577,LOF,0.010362495752425312,0.13370935980794849,0.8559281444396263
25578,LOF,0.26665950967032576,0.10290896530904271,0.6304315250206316
25579,LOF,0.11808362003505803,0.10781810118599143,0.7740982787789505
25580,LOF,0.017636383649112724,0.08974874652668742,0.8926148698241999
25581,LOF,0.04433227143438706,0.08239686458077512,0.8732708639848377
25582,LOF,0.04412753521441809,0.08142705685015318,0.8744454079354288
25583,LOF,0.019724684007272394,0.09932479819736725,0.8809505177953605
25584,Neutral,0.5373558753048608,0.1122643859102856,0.35037973878485357
25585,LOF,0.01153293828122834,0.15989267077852606,0.8285743909402457
25586,LOF,0.017179572734178868,0.0864577891076569,0.8963626381581642
25587,LOF,0.016323802266744285,0.07983496226820533,0.9038412354650504
25588,LOF,0.017284068959127086,0.09246348335258521,0.8902524476882877
25589,Neutral,0.6205199262483816,0.14553254587329445,0.23394752787832399
25590,LOF,0.018185472820215254,0.13488260085677511,0.8469319263230097
25591,LOF,0.08195831679591195,0.0680106755559099,0.8500310076481782
25592,LOF,0.04690668598452229,0.14683326297917082,0.8062600510363069
25593,LOF,0.02026996466162722,0.25886239177296777,0.720867643565405
25594,LOF,0.0387765738875946,0.09986060413216882,0.8613628219802365
25595,LOF,0.038262126369006784,0.07841927850608384,0.8833185951249093
25596,LOF,0.04671026843018653,0.06852279027012441,0.8847669412996889
25597,LOF,0.03176491932320664,0.07242619908253285,0.8958088815942604
25598,LOF,0.036298981218427936,0.08804925222538947,0.8756517665561825
25599,GOF,0.008139699645379628,0.5742984200722868,0.41756188028233365
25600,GOF,0.029442797644850367,0.64874224734682,0.3218149550083297
25601,LOF,0.011521944467586503,0.4296959217197281,0.5587821338126854
25602,LOF,0.012199607453696677,0.053657246764456164,0.9341431457818471
25603,LOF,0.04639533816727319,0.021217741608470918,0.9323869202242558
25604,LOF,0.01517239360974582,0.06844046168054106,0.9163871447097132
25605,LOF,0.00765801382007093,0.22386498190810952,0.7684770042718195
25606,LOF,0.09932134817448096,0.36428714317976835,0.5363915086457508
25607,LOF,0.004733348179929937,0.23192868614527393,0.7633379656747961
25608,LOF,0.012463701500530666,0.1131900667576719,0.8743462317417975
25609,LOF,0.08132647741216505,0.39705510300672986,0.5216184195811051
25610,LOF,0.019967261228974072,0.026700101605807637,0.9533326371652184
25611,LOF,0.019062677460650344,0.029013051443935903,0.9519242710954137
25612,LOF,0.061399178548868484,0.03843744433279303,0.9001633771183385
25613,LOF,0.054811049107109024,0.03901227826340892,0.906176672629482
25614,LOF,0.027635318456871658,0.03081230543339101,0.9415523761097373
25615,LOF,0.01693196936597709,0.04024261423657942,0.9428254163974434
25616,LOF,0.05249851228450315,0.030845006371056395,0.9166564813444404
25617,LOF,0.048265332103905406,0.03302011112303251,0.9187145567730621
25618,LOF,0.06328339228396469,0.03654961391409763,0.9001669938019377
25619,LOF,0.018401722033662027,0.03301280138912693,0.9485854765772112
25620,LOF,0.06499345612150027,0.03983908586506044,0.8951674580134392
25621,LOF,0.01772321509036147,0.03827392333942361,0.9440028615702148
25622,LOF,0.022884067318584292,0.043349206433929234,0.9337667262474864
25623,LOF,0.03608490895228977,0.034977366520952465,0.9289377245267578
25624,LOF,0.02341585982082859,0.03921887418195433,0.937365265997217
25625,LOF,0.02328768494224976,0.05447259888382878,0.9222397161739215
25626,LOF,0.054812128983030936,0.03931758318260865,0.9058702878343604
25627,Neutral,0.5626209109804003,0.10736220277618223,0.33001688624341746
25628,LOF,0.18509754194497366,0.05750785266259882,0.7573946053924276
25629,LOF,0.04188129266384608,0.059615620366189934,0.8985030869699641
25630,LOF,0.14076966981373806,0.09937431467431214,0.7598560155119498
25631,Neutral,0.5844686046633659,0.06961927137355564,0.34591212396307847
25632,LOF,0.007807862477019346,0.07026379396182227,0.9219283435611583
25633,LOF,0.221542373270225,0.049176275088998064,0.7292813516407769
25634,LOF,0.030303773868978364,0.11119455574374612,0.8585016703872757
25635,LOF,0.037502987963063124,0.052019723614933774,0.9104772884220032
25636,GOF,0.0052112289887333635,0.6167783635704347,0.3780104074408321
25637,GOF,0.007304610580549931,0.5943911867881116,0.39830420263133837
25638,LOF,0.009582156141567396,0.306961731966517,0.6834561118919157
25639,LOF,0.004911083083626233,0.4692488943154827,0.525840022600891
25640,Neutral,0.4574740948495829,0.4515029959410298,0.09102290920938724
25641,LOF,0.012893981380383633,0.3179532478394628,0.6691527707801536
25642,LOF,0.2589959989956469,0.06292720584994346,0.6780767951544096
25643,LOF,0.12445738221843633,0.16168805650611748,0.7138545612754462
25644,LOF,0.009078875151180388,0.4493380856291094,0.5415830392197102
25645,LOF,0.007388917486037523,0.42806039431155,0.5645506882024125
25646,LOF,0.012745928286761963,0.3143587349493829,0.6728953367638552
25647,LOF,0.009647522106593358,0.26644232925090455,0.723910148642502
25648,LOF,0.00943227170592638,0.2602210577504339,0.7303466705436398
25649,LOF,0.007445086301859251,0.2080709121741867,0.784484001523954
25650,LOF,0.014491990380047146,0.40010957474615544,0.5853984348737974
25651,LOF,0.005721926110914234,0.2680624477459789,0.7262156261431068
25652,LOF,0.008853601874040573,0.2584207672167891,0.7327256309091704
25653,LOF,0.027315266021226307,0.37166676142848615,0.6010179725502877
25654,LOF,0.010328294447978607,0.15139104526724373,0.8382806602847778
25655,LOF,0.048171108438737315,0.3956160195989827,0.55621287196228
25656,LOF,0.17353017938250945,0.04654475628751514,0.7799250643299753
25657,LOF,0.2571566688675121,0.027489327683082498,0.7153540034494054
25658,LOF,0.07787177206562433,0.0644760476159438,0.8576521803184318
25659,LOF,0.39245414277611695,0.056396748706378425,0.5511491085175046
25660,LOF,0.028906684028033387,0.09013852002818624,0.8809547959437803
25661,LOF,0.08926053086720705,0.06232297155386734,0.8484164975789257
25662,LOF,0.029604993335488536,0.04105260059709416,0.9293424060674172
25663,LOF,0.03848372712359282,0.060469289723259205,0.901046983153148
25664,LOF,0.04342024833756432,0.07447155951153553,0.8821081921509002
25665,LOF,0.054040858417986906,0.0315778568733579,0.9143812847086553
25666,LOF,0.033630360190769516,0.10342602750921338,0.862943612300017
25667,LOF,0.0641908898900617,0.04526680839110737,0.890542301718831
25668,LOF,0.03370820982807396,0.05231028241321223,0.9139815077587138
25669,LOF,0.03094940449367042,0.07550463526975251,0.8935459602365771
25670,LOF,0.05344341762897561,0.06177113167431233,0.8847854506967121
25671,LOF,0.086389074537282,0.04025251688873458,0.8733584085739834
25672,LOF,0.05437833868525393,0.04163644302708986,0.9039852182876563
25673,LOF,0.023371399662534605,0.0567198832837881,0.9199087170536774
25674,LOF,0.020778379484413804,0.06713379457731042,0.9120878259382759
25675,LOF,0.03141025083650715,0.06724844948269193,0.9013412996808009
25676,LOF,0.01861619465969399,0.0582922483211709,0.923091557019135
25677,LOF,0.028479330234221625,0.0667164923541119,0.9048041774116664
25678,LOF,0.1944750785154234,0.05859998996173077,0.7469249315228458
25679,LOF,0.16245101445993013,0.08736477322512268,0.7501842123149473
25680,LOF,0.043914359622704166,0.10695851856612405,0.8491271218111717
25681,LOF,0.06900795878552225,0.0983661232174734,0.8326259179970044
25682,LOF,0.1346164485998054,0.07682161356847514,0.7885619378317196
25683,LOF,0.07687701876633708,0.12103251513116718,0.8020904661024958
25684,LOF,0.042568174026542206,0.07462390714921062,0.8828079188242471
25685,LOF,0.06888965856636772,0.05309047535892687,0.8780198660747055
25686,LOF,0.02496905745115444,0.08030062063241632,0.8947303219164293
25687,LOF,0.047522690388683286,0.0694263147579804,0.8830509948533363
25688,LOF,0.0458227256119846,0.050647574080348666,0.9035297003076668
25689,LOF,0.027474868561851475,0.05868907109460206,0.9138360603435465
25690,LOF,0.032605887522297344,0.04889032539796078,0.9185037870797418
25691,LOF,0.22537360779510793,0.06697023490260096,0.7076561573022911
25692,LOF,0.2517713632077892,0.006141585050523673,0.7420870517416871
25693,LOF,0.08653033973902294,0.24710162563125027,0.6663680346297268
25694,LOF,0.24070358307188847,0.013398489752109402,0.7458979271760021
25695,LOF,0.14888347382183176,0.02291700497202631,0.8281995212061419
25696,LOF,0.12462594076795772,0.012965594261531209,0.8624084649705109
25697,LOF,0.09705844990246891,0.023986484040237573,0.8789550660572935
25698,LOF,0.05442779228771052,0.43985835880509194,0.5057138489071975
25699,LOF,0.07314767172625326,0.09882985974556462,0.8280224685281822
25700,LOF,0.05709489012304788,0.010446864235691633,0.9324582456412605
25701,LOF,0.017815573151042163,0.08973051817764038,0.8924539086713175
25702,GOF,0.03336863688891404,0.6875210890765829,0.2791102740345031
25703,LOF,0.00840205801201177,0.1553246744822387,0.8362732675057495
25704,LOF,0.055169836397133944,0.12996987475808125,0.8148602888447849
25705,LOF,0.06670665310768999,0.23705799828719834,0.6962353486051117
25706,LOF,0.024133326745588782,0.4783527454514573,0.49751392780295406
25707,LOF,0.017293297889142797,0.45832913329470715,0.52437756881615
25708,LOF,0.007819864844697622,0.42588102687481433,0.566299108280488
25709,LOF,0.05765745647365472,0.06426705948237682,0.8780754840439685
25710,LOF,0.005180558999650775,0.17124807945931753,0.8235713615410317
25711,LOF,0.01757979146352975,0.12802500246433088,0.8543952060721395
25712,LOF,0.0068509391992211,0.18829084510585184,0.804858215694927
25713,LOF,0.0184927195977728,0.11217082293165281,0.8693364574705743
25714,LOF,0.05803605014416914,0.13363628151397478,0.8083276683418561
25715,LOF,0.011749459916333018,0.15106842285357244,0.8371821172300945
25716,LOF,0.005791574995367398,0.11648992131118006,0.8777185036934526
25717,LOF,0.005462786868486697,0.09962269591512588,0.8949145172163875
25718,LOF,0.012936620563612219,0.10788225402793421,0.8791811254084535
25719,LOF,0.020157283949841485,0.10845861075477353,0.871384105295385
25720,LOF,0.020994960748187613,0.09653607992596125,0.8824689593258511
25721,LOF,0.016437601351353946,0.11870943000189689,0.8648529686467491
25722,LOF,0.01467528735763222,0.1437651997827241,0.8415595128596437
25723,LOF,0.020238638364808582,0.07945505992155204,0.9003063017136393
25724,LOF,0.018111594242758763,0.1227517248351087,0.8591366809221326
25725,LOF,0.012133859647973741,0.08987763292752683,0.8979885074244994
25726,LOF,0.014536610378702181,0.1328562768597417,0.8526071127615562
25727,LOF,0.012807110475713122,0.10385602785680069,0.8833368616674862
25728,LOF,0.011089586683920013,0.12861760051306512,0.860292812803015
25729,LOF,0.011369315062024644,0.13605637951616115,0.8525743054218142
25730,LOF,0.016396050267569903,0.10188402108474864,0.8817199286476815
25731,LOF,0.00822166044001711,0.14779695263698062,0.8439813869230023
25732,LOF,0.01647739216696749,0.0992613153491427,0.8842612924838897
25733,LOF,0.016032433575462034,0.09307701905755908,0.8908905473669789
25734,LOF,0.005248181604664375,0.15013654920431596,0.8446152691910196
25735,LOF,0.014554551348592834,0.09055743778154947,0.8948880108698578
25736,LOF,0.014670290888343067,0.12783890519652694,0.8574908039151301
25737,LOF,0.01942836935606223,0.10364866546726062,0.8769229651766771
25738,LOF,0.01326720694170241,0.1524449802003931,0.8342878128579044
25739,LOF,0.01985675126258427,0.1243392159124462,0.8558040328249696
25740,LOF,0.03235455070565,0.13420398193984223,0.8334414673545077
25741,LOF,0.015278504039033889,0.11639582528788568,0.8683256706730804
25742,LOF,0.09186901964545881,0.11569097458718006,0.7924400057673612
25743,LOF,0.01422673062317221,0.03129749762156381,0.9544757717552639
25744,LOF,0.21677304926254015,0.2993565588975209,0.483870391839939
25745,LOF,0.02777645403271432,0.04598721316092038,0.9262363328063653
25746,LOF,0.017761772416600458,0.055519626775728845,0.9267186008076707
25747,LOF,0.02889340497841834,0.025675945447833914,0.9454306495737478
25748,LOF,0.12377185251345518,0.043262367969403824,0.8329657795171411
25749,LOF,0.015892196895077763,0.04124280261189009,0.942865000493032
25750,LOF,0.0354693894005617,0.061506185063429426,0.9030244255360088
25751,LOF,0.1156290472258157,0.04634145768527454,0.8380294950889099
25752,GOF,0.1178777879936416,0.6499202396038827,0.2322019724024757
25753,LOF,0.007297587531694692,0.33525022578731517,0.6574521866809901
25754,GOF,0.00451808306541198,0.7984892607674281,0.1969926561671598
25755,LOF,0.008968266016244026,0.42236027306956564,0.5686714609141903
25756,LOF,0.043780099498554076,0.42217368559612156,0.5340462149053244
25757,GOF,0.0055923777949304304,0.8711075345477922,0.12330008765727724
25758,GOF,0.006666893785670777,0.8651078603529698,0.12822524586135944
25759,GOF,0.004470954778174821,0.5749576555948815,0.4205713896269437
25760,LOF,0.004520896084012997,0.29702823108101173,0.6984508728349753
25761,GOF,0.041355965452218375,0.8450491205698285,0.11359491397795309
25762,LOF,0.032281509562393375,0.3271409526622102,0.6405775377753964
25763,LOF,0.005705302709176143,0.22653881883026483,0.7677558784605591
25764,GOF,0.17669189227358087,0.5313620664099539,0.2919460413164653
25765,GOF,0.011297331919155646,0.7845761624019549,0.20412650567888926
25766,GOF,0.015614933478848837,0.8319802145020933,0.15240485201905793
25767,GOF,0.018069815325682564,0.49148522961709934,0.490444955057218
25768,LOF,0.07272877154445688,0.07082777260202361,0.8564434558535196
25769,LOF,0.08492076007286255,0.053767786912825064,0.8613114530143124
25770,LOF,0.3310138312532251,0.06166542731297518,0.6073207414337998
25771,LOF,0.014589759744267175,0.060746504881288715,0.9246637353744441
25772,LOF,0.020523005984474624,0.03020957007719943,0.9492674239383261
25773,LOF,0.011288075110667104,0.11097278158077127,0.8777391433085616
25774,LOF,0.02466025285896847,0.0657468156179746,0.9095929315230569
25775,LOF,0.0150195329976101,0.0478850016727149,0.937095465329675
25776,LOF,0.08740857519459805,0.02342075890143899,0.8891706659039629
25777,LOF,0.29146928854888243,0.04345918716666999,0.6650715242844476
25778,LOF,0.07490476036640221,0.04134525670615037,0.8837499829274473
25779,GOF,0.07128534446473166,0.8652165583207893,0.06349809721447902
25780,GOF,0.06150020360663405,0.8413828338692331,0.0971169625241329
25781,GOF,0.029729077963113516,0.8397654976401775,0.13050542439670895
25782,GOF,0.031817999198775586,0.8689561861391049,0.09922581466211967
25783,GOF,0.01287603686153513,0.6583831935974986,0.32874076954096637
25784,GOF,0.1139375642112241,0.8250275159369799,0.061034919851796064
25785,GOF,0.08420511607718732,0.8597432859381798,0.05605159798463276
25786,GOF,0.006312112285403977,0.8088483597745276,0.18483952794006853
25787,GOF,0.19490572501101508,0.7569187346852893,0.048175540303695794
25788,LOF,0.04784069659886799,0.11577461287514645,0.8363846905259856
25789,GOF,0.04331609780329718,0.8144917525967561,0.14219214959994675
25790,GOF,0.04323508907651282,0.8407981697390586,0.11596674118442853
25791,GOF,0.033393131200840614,0.780321707729634,0.1862851610695253
25792,GOF,0.05530204979264385,0.783923792372734,0.16077415783462204
25793,GOF,0.08131417769357235,0.7387675750440016,0.17991824726242595
25794,GOF,0.1179926363517386,0.6812350429792454,0.20077232066901604
25795,GOF,0.026425414627556848,0.7617698808561415,0.2118047045163015
25796,GOF,0.1342131557427023,0.7541910751779878,0.11159576907930982
25797,GOF,0.03508203878147346,0.5778415707119561,0.38707639050657044
25798,GOF,0.00322122009487863,0.551496449135769,0.44528233076935236
25799,LOF,0.0029881291256964536,0.4248672384247646,0.572144632449539
25800,GOF,0.011323213999560123,0.6155833458039054,0.3730934401965344
25801,GOF,0.03209066454385279,0.8018535174815071,0.16605581797464017
25802,GOF,0.020297123534395153,0.7256677895877301,0.2540350868778748
25803,GOF,0.010791716719513452,0.6127053530851192,0.3765029301953673
25804,GOF,0.013428959051430657,0.49628730757174294,0.4902837333768265
25805,GOF,0.0238979845838038,0.5993811686160826,0.3767208468001137
25806,GOF,0.020192237423225127,0.6254636899266006,0.3543440726501741
25807,GOF,0.005510392357021048,0.6333795318440537,0.36111007579892523
25808,GOF,0.016087292534596478,0.6334921825685504,0.35042052489685305
25809,GOF,0.006010123832981224,0.609698727819871,0.3842911483471477
25810,GOF,0.005135936349189177,0.6200568102858292,0.3748072533649817
25811,GOF,0.09049858573293765,0.8010863959712798,0.10841501829578257
25812,GOF,0.01423097255032892,0.6317588530774317,0.35401017437223925
25813,GOF,0.11016402457086912,0.7275697179359963,0.16226625749313456
25814,GOF,0.03222453705828917,0.7013438201559983,0.2664316427857126
25815,GOF,0.04889218092277683,0.7252175629209429,0.22589025615628033
25816,GOF,0.007898188921990793,0.7547001584324984,0.2374016526455108
25817,GOF,0.07751100142291344,0.7688601964955218,0.15362880208156482
25818,GOF,0.019106579261351814,0.7029839573337144,0.2779094634049338
25819,GOF,0.07135187960505451,0.7294276611034919,0.19922045929145357
25820,GOF,0.03542915910213343,0.7239181975491259,0.24065264334874065
25821,GOF,0.01795918017129873,0.7104741101968235,0.2715667096318779
25822,GOF,0.03996046028722841,0.7203409596069349,0.23969858010583667
25823,GOF,0.012949918533371992,0.5609202009596576,0.4261298805069705
25824,GOF,0.024921996463691386,0.6801125177274819,0.29496548580882653
25825,GOF,0.013948512385078495,0.6583020138990764,0.327749473715845
25826,GOF,0.005318200821169985,0.6317233324685049,0.3629584667103252
25827,GOF,0.008817067106182722,0.6233816326711605,0.3678013002226567
25828,GOF,0.005909089359135274,0.5592299370725053,0.4348609735683594
25829,GOF,0.0029383315043850253,0.6142772678871962,0.38278440060841873
25830,LOF,0.038319306566871575,0.3899297920641777,0.5717509013689507
25831,GOF,0.0353452485104543,0.8252848891410747,0.13936986234847099
25832,GOF,0.007940597126009665,0.7660791924667837,0.22598021040720662
25833,GOF,0.028742798297042915,0.8006769262580417,0.1705802754449155
25834,GOF,0.008417760118978426,0.764449307825881,0.22713293205514054
25835,GOF,0.017499534846273125,0.803399960048932,0.1791005051047948
25836,GOF,0.006575586472242381,0.7595034801401779,0.23392093338757963
25837,GOF,0.006732346776617128,0.6622744071608963,0.33099324606248665
25838,GOF,0.02119808627050151,0.8337493082926559,0.1450526054368426
25839,GOF,0.048194608779879036,0.7930679815317572,0.15873740968836386
25840,GOF,0.039086355203105765,0.8214564789518332,0.13945716584506124
25841,GOF,0.03791318129628082,0.8405297291219186,0.12155708958180056
25842,GOF,0.024190062158323835,0.8560884321038809,0.11972150573779518
25843,GOF,0.024992212166012908,0.8816858344206768,0.09332195341331026
25844,GOF,0.01679197834139861,0.799548996504971,0.1836590251536305
25845,GOF,0.004908878811322709,0.570327071129414,0.4247640500592632
25846,GOF,0.027935197101286197,0.85662331350573,0.11544148939298392
25847,GOF,0.019743039060861934,0.8817918292359374,0.09846513170320068
25848,GOF,0.014132738556746459,0.7913473960395773,0.1945198654036763
25849,GOF,0.004410141866137764,0.6736448752681923,0.32194498286566997
25850,GOF,0.007326037726981787,0.716670903938251,0.2760030583347673
25851,GOF,0.0064360007775350414,0.596494927958291,0.39706907126417407
25852,GOF,0.15848495957892797,0.5547641677415298,0.2867508726795422
25853,GOF,0.0648056712053322,0.8439849209936021,0.09120940780106568
25854,GOF,0.009629341095853951,0.6797673401701696,0.31060331873397634
25855,GOF,0.0134545028585097,0.6028102593166995,0.3837352378247908
25856,GOF,0.03818551515726313,0.7162560460054299,0.24555843883730685
25857,GOF,0.013692886013524818,0.5480609463903884,0.4382461675960869
25858,GOF,0.0076161913080738984,0.5684523236962014,0.4239314849957247
25859,GOF,0.005209285425756033,0.5500003075422087,0.44479040703203526
25860,GOF,0.0683062206115645,0.7968703346438746,0.13482344474456084
25861,GOF,0.11156780713723971,0.7950902736256434,0.09334191923711693
25862,GOF,0.019119075465244995,0.8415527095327622,0.13932821500199283
25863,GOF,0.018603344468011936,0.8555638901290491,0.125832765402939
25864,GOF,0.041513866989355046,0.8683600256581013,0.09012610735254363
25865,GOF,0.03223923456995719,0.8469777750024321,0.12078299042761059
25866,GOF,0.02599676752361204,0.829490213912677,0.14451301856371096
25867,GOF,0.02642641229198676,0.8661812524488239,0.10739233525918926
25868,GOF,0.050610392710113146,0.8066620372461796,0.14272757004370723
25869,GOF,0.3140093788286244,0.5877196873075238,0.09827093386385168
25870,GOF,0.1867100087956643,0.529941630123774,0.2833483610805617
25871,GOF,0.027084659986546807,0.8423294319245451,0.130585908088908
25872,GOF,0.0159638640611923,0.7654995803435404,0.21853655559526736
25873,GOF,0.0190869674432906,0.8486115092989255,0.13230152325778397
25874,LOF,0.017281131545606426,0.12984650328680725,0.8528723651675864
25875,LOF,0.023761185965486084,0.03194634564087362,0.9442924683936403
25876,LOF,0.014465816424345903,0.02801842347819801,0.957515760097456
25877,LOF,0.1175555046810592,0.05652904394621212,0.8259154513727288
25878,LOF,0.05364524943287743,0.07932504530899266,0.8670297052581301
25879,LOF,0.02064305231457181,0.059904525457639496,0.9194524222277887
25880,LOF,0.0420513642436232,0.010469697146084976,0.9474789386102919
25881,Neutral,0.5820606344689404,0.043770598731628536,0.37416876679943106
25882,LOF,0.024008313997290302,0.030231884878140155,0.9457598011245696
25883,LOF,0.07919457988739427,0.023158058043820397,0.8976473620687854
25884,LOF,0.012148632538322256,0.04396428133501584,0.943887086126662
25885,LOF,0.19045093776508817,0.007225630514573223,0.8023234317203386
25886,LOF,0.33909569037105,0.045179032086150414,0.6157252775427996
25887,LOF,0.15251704677212616,0.05417917314837036,0.7933037800795035
25888,LOF,0.013055788224089334,0.10836238438206121,0.8785818273938494
25889,LOF,0.014680070286659344,0.03422260043723177,0.9510973292761089
25890,LOF,0.11346850764760127,0.09038721828820541,0.7961442740641933
25891,LOF,0.043463301321300885,0.0366294376421524,0.9199072610365466
25892,LOF,0.011697790752407315,0.049084099689501,0.9392181095580918
25893,LOF,0.40907083760658863,0.01440430275354262,0.5765248596398688
25894,LOF,0.43714201803309677,0.007376460101588521,0.5554815218653147
25895,LOF,0.3669917470884171,0.015361395068522323,0.6176468578430606
25896,LOF,0.04405347720314488,0.028569499091995767,0.9273770237048594
25897,LOF,0.20003437983976396,0.013739511117145787,0.7862261090430903
25898,LOF,0.21770055474448535,0.03823626288812355,0.744063182367391
25899,LOF,0.18551201433096368,0.0279457187650485,0.7865422669039879
25900,LOF,0.4802259544726218,0.011083806893161584,0.5086902386342167
25901,LOF,0.0483578341781981,0.01156682799019375,0.9400753378316081
25902,LOF,0.1040754678464084,0.018638333654077608,0.8772861984995141
25903,LOF,0.36591771926346917,0.036145783244900774,0.59793649749163
25904,LOF,0.31187541681255676,0.045365697886884576,0.6427588853005586
25905,LOF,0.0062562968294714826,0.4351193193515569,0.5586243838189717
25906,LOF,0.009141914352378372,0.13610325816511867,0.8547548274825029
25907,LOF,0.0038719604758649046,0.3965345366952949,0.5995935028288402
25908,LOF,0.0036322153780065404,0.2696301704959599,0.7267376141260337
25909,LOF,0.01372646671937631,0.1607584225548258,0.825515110725798
25910,LOF,0.016891516529051718,0.14029549119050988,0.8428129922804385
25911,LOF,0.16108899115873374,0.02884967216872891,0.8100613366725374
25912,LOF,0.07237973640239506,0.039544920125004976,0.8880753434725999
25913,LOF,0.06468099663567974,0.05346478484447208,0.8818542185198482
25914,LOF,0.021853068673981468,0.05461990416935079,0.9235270271566678
25915,LOF,0.12978214440414867,0.27798255621630924,0.5922352993795421
25916,LOF,0.01879779500167589,0.17319862080603826,0.8080035841922858
25917,LOF,0.05596798326689228,0.04023323924815756,0.9037987774849501
25918,LOF,0.027780993422293856,0.032213509553318816,0.9400054970243873
25919,LOF,0.023080158101313322,0.03248677850143359,0.944433063397253
25920,LOF,0.10495772220433951,0.17752833494532522,0.7175139428503353
25921,LOF,0.010100364633754492,0.03625654536385051,0.953643090002395
25922,LOF,0.013023676211407393,0.027739739717858352,0.9592365840707342
25923,Neutral,0.48270855042346666,0.035001543322872725,0.48228990625366064
25924,LOF,0.016886527664487075,0.04220416410638362,0.9409093082291294
25925,LOF,0.07768385741313868,0.03902909314338211,0.8832870494434792
25926,LOF,0.057536574237971615,0.03453444573388549,0.9079289800281428
25927,LOF,0.01889122806643626,0.05958813608146018,0.9215206358521035
25928,LOF,0.007717251339587973,0.050311491842615,0.9419712568177969
25929,Neutral,0.5994867290868003,0.03706891882870454,0.3634443520844951
25930,LOF,0.06957878934885857,0.03228417411846054,0.898137036532681
25931,LOF,0.009308351845503311,0.03455219547685207,0.9561394526776446
25932,LOF,0.033084504685187456,0.02810458027699264,0.9388109150378199
25933,LOF,0.0433092524842964,0.01743876857062519,0.9392519789450785
25934,LOF,0.02969721741003844,0.01898815491573824,0.9513146276742234
25935,LOF,0.07214059286901642,0.04505646234679702,0.8828029447841865
25936,LOF,0.04873601236116839,0.02382815323153902,0.9274358344072927
25937,LOF,0.009467489709997074,0.034210217471479294,0.9563222928185235
25938,LOF,0.0699279737671764,0.053254649473173564,0.8768173767596501
25939,LOF,0.03951366590000746,0.02249208332857992,0.9379942507714126
25940,LOF,0.009155988133623196,0.33512039170504193,0.6557236201613348
25941,Neutral,0.499873474921196,0.025765932254320993,0.474360592824483
25942,LOF,0.004691646327109586,0.037555103119228724,0.9577532505536618
25943,LOF,0.036848641367478924,0.13590595491592186,0.8272454037165993
25944,LOF,0.11876920843915685,0.06556732542460057,0.8156634661362425
25945,LOF,0.05788551250074752,0.015892131610471382,0.9262223558887811
25946,LOF,0.0724104005757367,0.0660064311848172,0.8615831682394461
25947,LOF,0.44634757955602766,0.0826141787267071,0.47103824171726516
25948,LOF,0.33462030896393397,0.00867788278518386,0.6567018082508821
25949,LOF,0.10155850367351368,0.05264910491458586,0.8457923914119004
25950,GOF,0.045619050455473945,0.5282983922196771,0.42608255732484884
25951,LOF,0.016580956657163127,0.39718444009983966,0.5862346032429973
25952,LOF,0.24275269874718994,0.28013466880487875,0.47711263244793134
25953,LOF,0.012805058317775928,0.17295070009288913,0.8142442415893351
25954,LOF,0.05890547760502252,0.4304628235657175,0.51063169882926
25955,LOF,0.009892478861433998,0.15827781383767947,0.8318297073008866
25956,LOF,0.03242255922144971,0.27864384758792127,0.6889335931906291
25957,LOF,0.17436892722927852,0.03356517931521034,0.7920658934555113
25958,LOF,0.05000508074926805,0.02976678199016023,0.9202281372605717
25959,GOF,0.01252140471089525,0.5077781000280633,0.4797004952610414
25960,LOF,0.00634526432871606,0.06336524856858339,0.9302894871027004
25961,LOF,0.03910513352081339,0.026507325006057313,0.9343875414731292
25962,LOF,0.03608679470681182,0.08640264624487987,0.8775105590483082
25963,LOF,0.005558367378053621,0.25455747046536265,0.7398841621565837
25964,LOF,0.03361393258638498,0.10249984290231388,0.8638862245113011
25965,LOF,0.3355867945994246,0.1513090160368122,0.5131041893637632
25966,Neutral,0.4822775502296682,0.133228601436094,0.38449384833423783
25967,LOF,0.005922698812837045,0.07769217061113776,0.9163851305760252
25968,LOF,0.052574644801113936,0.2623228024582676,0.6851025527406184
25969,LOF,0.12222715828564877,0.0633469618310017,0.8144258798833495
25970,LOF,0.017692111637742303,0.080755590656272,0.9015522977059857
25971,LOF,0.06600084586103623,0.023655096021048667,0.9103440581179151
25972,LOF,0.06314110460861437,0.03456610669964618,0.9022927886917393
25973,LOF,0.055969668423728455,0.013576887565603062,0.9304534440106685
25974,LOF,0.034896076469741966,0.042889851871673636,0.9222140716585844
25975,LOF,0.04694648454280713,0.02776750878277969,0.9252860066744132
25976,LOF,0.10739562847358057,0.014037640098000253,0.8785667314284191
25977,LOF,0.19826005769321067,0.054958728695841036,0.7467812136109484
25978,LOF,0.1264127310958499,0.12663421385116266,0.7469530550529874
25979,LOF,0.11653219147640256,0.12999572395361805,0.7534720845699795
25980,LOF,0.2315337889063608,0.1528508872704069,0.6156153238232323
25981,LOF,0.25902562254311623,0.14865376769471197,0.5923206097621717
25982,LOF,0.39956645066350255,0.10898414543603555,0.4914494039004618
25983,LOF,0.36744700699976524,0.11376182900752749,0.5187911639927073
25984,LOF,0.04266844512563163,0.0647153841316809,0.8926161707426874
25985,LOF,0.42241834427393554,0.1149909055801352,0.4625907501459293
25986,LOF,0.010814126014579607,0.377131534403779,0.6120543395816415
25987,LOF,0.03494189280355353,0.09460708300880863,0.8704510241876378
25988,LOF,0.16297730209587113,0.10062688173453276,0.736395816169596
25989,LOF,0.03575029032804191,0.13245150782717618,0.8317982018447819
25990,LOF,0.03718985422474247,0.21503701309356194,0.7477731326816957
25991,LOF,0.018376986217358813,0.37825690880425666,0.6033661049783846
25992,LOF,0.018776035036906072,0.37952080382180786,0.601703161141286
25993,LOF,0.019508502864785532,0.10543806785968785,0.8750534292755267
25994,LOF,0.014501411467178926,0.10119318208854577,0.8843054064442752
25995,LOF,0.01874589708600577,0.20336491678899818,0.777889186124996
25996,LOF,0.3294105514646699,0.31291380200182867,0.35767564653350153
25997,LOF,0.07704573144953547,0.3667834865360386,0.556170782014426
25998,LOF,0.2941108138529068,0.05502215869406999,0.6508670274530232
25999,LOF,0.018237613431220028,0.26314970996487347,0.7186126766039064
26000,LOF,0.14856616515667936,0.036240032975032956,0.8151938018682877
26001,LOF,0.3153801527029748,0.029856183067252143,0.654763664229773
26002,LOF,0.07303337705164067,0.052691176639833005,0.8742754463085263
26003,GOF,0.003856801750500173,0.6331443394027055,0.36299885884679434
26004,GOF,0.006234334705141523,0.7394773936689053,0.2542882716259532
26005,GOF,0.002932930676367984,0.5127192040911984,0.48434786523243356
26006,GOF,0.07613546935220437,0.6017907472835963,0.3220737833641995
26007,GOF,0.00627174290648828,0.621352643125744,0.3723756139677676
26008,GOF,0.005681253144808246,0.6886637622059166,0.30565498464927515
26009,GOF,0.006633998507815686,0.6810781942776737,0.31228780721451077
26010,GOF,0.006877135962496539,0.7069176992253837,0.2862051648121197
26011,GOF,0.002693801257371138,0.5091474185056175,0.4881587802370113
26012,GOF,0.0039667819289475265,0.588632374986579,0.4074008430844734
26013,GOF,0.005257689298913974,0.6545148500206575,0.34022746068042864
26014,LOF,0.04810293256638845,0.09893729707219981,0.8529597703614117
26015,LOF,0.12185214339430187,0.01740667716709926,0.860741179438599
26016,LOF,0.25540361974629827,0.037180168526808374,0.7074162117268934
26017,LOF,0.0240069953651044,0.18168002302851827,0.7943129816063774
26018,LOF,0.06221774088514012,0.034654218748153116,0.9031280403667068
26019,LOF,0.05928638875363427,0.02855453514588911,0.9121590761004768
26020,LOF,0.008274863681486465,0.20459559263265703,0.7871295436858564
26021,LOF,0.06299900069695628,0.06714777859872431,0.8698532207043194
26022,LOF,0.026773051465868423,0.02423041621023105,0.9489965323239005
26023,LOF,0.03851612262145311,0.021500719306241815,0.9399831580723051
26024,LOF,0.039781270398953204,0.0665398367603977,0.8936788928406492
26025,LOF,0.05728255608571354,0.0721219461950007,0.8705954977192857
26026,LOF,0.11196868969165749,0.05409909869800468,0.8339322116103379
26027,LOF,0.05200938480047345,0.01729126288962224,0.9306993523099043
26028,LOF,0.08070769926631023,0.12048355052199597,0.7988087502116937
26029,LOF,0.0273571143550581,0.2052139051927309,0.7674289804522111
26030,LOF,0.1484949414649162,0.029149844807808876,0.8223552137272748
26031,LOF,0.014615520106259562,0.1538626424904647,0.8315218374032757
26032,LOF,0.07965716105472903,0.06725460872920543,0.8530882302160655
26033,LOF,0.07894453834808289,0.0638519100212915,0.8572035516306256
26034,LOF,0.01528360415873601,0.1702172097298505,0.8144991861114135
26035,LOF,0.013568839396419476,0.13496934956586684,0.8514618110377138
26036,LOF,0.017750713206473506,0.17219934139199455,0.810049945401532
26037,LOF,0.011159485985042957,0.11930981157680368,0.8695307024381534
26038,LOF,0.06809992179628532,0.06299975559063722,0.8689003226130775
26039,LOF,0.024479655997786162,0.161077364717999,0.8144429792842149
26040,LOF,0.10993519770547099,0.1514128585418278,0.7386519437527013
26041,LOF,0.013753909412160323,0.10290260652846545,0.8833434840593741
26042,LOF,0.012675352915450895,0.10643090885395307,0.880893738230596
26043,LOF,0.06700305553237283,0.08009322457224616,0.852903719895381
26044,LOF,0.013593752903287345,0.0679949094146097,0.9184113376821028
26045,LOF,0.05535383631891171,0.1069649305050723,0.837681233176016
26046,LOF,0.059956067616607725,0.06354802436384352,0.8764959080195487
26047,LOF,0.1043996096703411,0.06564934476487501,0.8299510455647838
26048,LOF,0.04758405287707301,0.03961658440713214,0.9127993627157949
26049,Neutral,0.9660959518246119,0.006598611757462673,0.027305436417925308
26050,Neutral,0.951603074065699,0.008168403060072134,0.04022852287422901
26051,LOF,0.014388370461485564,0.18219858377866158,0.803413045759853
26052,LOF,0.02101459829882238,0.22303973847434275,0.755945663226835
26053,LOF,0.022067547291718583,0.15804785412590774,0.8198845985823737
26054,LOF,0.050049014982261775,0.01713389086570357,0.9328170941520347
26055,LOF,0.06474683476858228,0.01600944731023532,0.9192437179211824
26056,LOF,0.05261582499671457,0.017767428571402243,0.9296167464318832
26057,LOF,0.032709104692123576,0.011601964925192255,0.9556889303826841
26058,LOF,0.03340405850073221,0.01000352017960218,0.9565924213196656
26059,LOF,0.31974851005335386,0.018519171352435526,0.6617323185942107
26060,LOF,0.00969019731873775,0.15577013093196948,0.8345396717492928
26061,LOF,0.005140561930379172,0.01432398272078426,0.9805354553488366
26062,LOF,0.003949305452644416,0.019589347890772088,0.9764613466565836
26063,LOF,0.022657628343107288,0.010251872828392147,0.9670904988285006
26064,LOF,0.006890198523127053,0.02553111170248181,0.9675786897743912
26065,LOF,0.02294517003697513,0.011284885562514724,0.9657699444005101
26066,LOF,0.02202476349427544,0.010562419610481523,0.9674128168952429
26067,LOF,0.03023249568762018,0.008447498230926973,0.9613200060814527
26068,LOF,0.04609836070293629,0.031635759678706785,0.9222658796183568
26069,LOF,0.27445896277619375,0.018713301958934996,0.7068277352648712
26070,LOF,0.4373256106177084,0.014170663351745955,0.5485037260305456
26071,LOF,0.02175413944028886,0.010920172119972586,0.9673256884397385
26072,LOF,0.005481853765519112,0.02406003811886145,0.9704581081156194
26073,LOF,0.019031283065997627,0.014083289313285967,0.9668854276207163
26074,Neutral,0.9173759342575418,0.006243060679029926,0.07638100506342818
26075,LOF,0.042034807754909566,0.016300422310566717,0.9416647699345237
26076,LOF,0.039600540883256825,0.009077801956353718,0.9513216571603894
26077,LOF,0.10756293735524704,0.009494483945972056,0.8829425786987808
26078,LOF,0.005710880551622155,0.014978315661588552,0.9793108037867894
26079,LOF,0.056214750533466196,0.017251719987320512,0.9265335294792134
26080,LOF,0.055052925719790625,0.017270382486877213,0.9276766917933321
26081,LOF,0.030708708071905955,0.007458629547799902,0.9618326623802941
26082,LOF,0.004254389967215807,0.0165701746014229,0.9791754354313613
26083,LOF,0.1403094802483027,0.015715680511740732,0.8439748392399566
26084,LOF,0.0366898597743621,0.013046480973874236,0.9502636592517638
26085,LOF,0.03236441646456112,0.011879625532843505,0.9557559580025953
26086,LOF,0.02034168430070576,0.011058693328089406,0.9685996223712048
26087,LOF,0.02189222549485094,0.00916386485844818,0.9689439096467007
26088,LOF,0.005569751288766067,0.023571742016526582,0.9708585066947074
26089,LOF,0.04029857393898612,0.02280450217216738,0.9368969238888464
26090,LOF,0.039436811389275725,0.017584513920794815,0.9429786746899294
26091,LOF,0.02977503991979351,0.006770273844564692,0.9634546862356417
26092,LOF,0.021406680564739034,0.008153507843659319,0.9704398115916016
26093,LOF,0.03839771553748213,0.006119312320564567,0.9554829721419533
26094,LOF,0.02986987272427087,0.006575513695230009,0.9635546135804991
26095,LOF,0.015667319881336884,0.017615450149418406,0.9667172299692447
26096,LOF,0.15678094236677675,0.006673827353572568,0.8365452302796507
26097,LOF,0.004801784742102447,0.037976635012015064,0.9572215802458826
26098,LOF,0.06787164714484828,0.01327586730791732,0.9188524855472344
26099,LOF,0.01948314549602509,0.013103592760142346,0.9674132617438326
26100,LOF,0.021863412488854896,0.01272753248968555,0.9654090550214595
26101,LOF,0.04928907901423142,0.02036756583296476,0.9303433551528039
26102,LOF,0.0213750855619561,0.013968233236031016,0.964656681202013
26103,Neutral,0.8787881806453294,0.019246658929516207,0.10196516042515445
26104,LOF,0.06877227028746247,0.021396672062317348,0.9098310576502201
26105,LOF,0.21700200058042843,0.1504477596477941,0.6325502397717775
26106,LOF,0.3419617655773808,0.13075159833542227,0.527286636087197
26107,LOF,0.021212122827207063,0.09967258887429613,0.8791152882984968
26108,LOF,0.3522595251191182,0.04429615174134854,0.6034443231395333
26109,LOF,0.03290522584137302,0.06429739173730623,0.9027973824213207
26110,LOF,0.200484841222386,0.005667076673693659,0.7938480821039203
26111,LOF,0.07398728745329557,0.07982439083821283,0.8461883217084917
26112,LOF,0.03575095256825045,0.006408094375557155,0.9578409530561924
26113,LOF,0.06179994594407142,0.013311852850198983,0.9248882012057297
26114,LOF,0.06508314177181564,0.01267098685950032,0.922245871368684
26115,LOF,0.01586749455300064,0.08455928506740601,0.8995732203795933
26116,LOF,0.07735023594914975,0.0396649712328863,0.8829847928179638
26117,LOF,0.41278630780838854,0.045288351061885224,0.5419253411297261
26118,LOF,0.03474774659935524,0.02334664648000375,0.9419056069206411
26119,LOF,0.004560981787922889,0.043997331052982355,0.9514416871590948
26120,LOF,0.02508127769957577,0.01901734457766177,0.9559013777227625
26121,LOF,0.004179692869692264,0.15096490590622283,0.8448554012240849
