feature0,prediction,LoGoFunc_Neutral,LoGoFunc_GOF,LoGoFunc_LOF
25546,Neutral,0.7497321045034325,0.03318379673995724,0.2170840987566102
25547,Neutral,0.5821882822455298,0.08264699072227809,0.3351647270321922
25548,Neutral,0.5615944952959196,0.062139505894350404,0.37626599880972994
25549,Neutral,0.48281678569365094,0.06262556388187043,0.45455765042447865
25550,LOF,0.3281189801407239,0.12954596827903195,0.5423350515802442
25551,LOF,0.27823345126543475,0.1360026626108281,0.5857638861237372
25552,LOF,0.19350398248423034,0.1338465251294702,0.6726494923862995
25553,Neutral,0.8238541388869564,0.03416491158280954,0.14198094953023413
25554,LOF,0.2212508126244722,0.12209767933986607,0.6566515080356617
25555,LOF,0.1867262652128574,0.10410773745096609,0.7091659973361765
25556,LOF,0.37634132284058536,0.10865228998931628,0.5150063871700984
25557,LOF,0.18210625379059694,0.11088359904311305,0.7070101471662901
25558,LOF,0.21543069344503532,0.12405675384436245,0.6605125527106022
25559,LOF,0.39364988462059775,0.08501007438313939,0.5213400409962629
25560,LOF,0.04948558262942539,0.17441515269363297,0.7760992646769417
25561,LOF,0.10233593831941441,0.20805438769050502,0.6896096739900806
25562,LOF,0.11109855587695239,0.09039855616301155,0.7985028879600362
25563,LOF,0.10424304998532272,0.08881366477298147,0.8069432852416959
25564,LOF,0.17536767326646457,0.1519617019315648,0.6726706248019706
25565,LOF,0.14389235534140474,0.15299712294823598,0.7031105217103594
25566,GOF,0.014485807574337171,0.7555383879734519,0.229975804452211
25567,LOF,0.015268379594753266,0.14208400847087535,0.8426476119343713
25568,LOF,0.05212308415791223,0.06421516336285614,0.8836617524792316
25569,LOF,0.06171408785436898,0.06851912188935133,0.8697667902562796
25570,LOF,0.06611132270873982,0.10682679692272906,0.8270618803685311
25571,LOF,0.06244217879804212,0.09908944088634633,0.8384683803156116
25572,LOF,0.06617548423322846,0.13829764567826205,0.7955268700885094
25573,LOF,0.027715382984065076,0.09760034969240801,0.8746842673235269
25574,LOF,0.016895141911305978,0.16566099940385756,0.8174438586848365
25575,LOF,0.04964750848582892,0.1096796802564848,0.8406728112576863
25576,LOF,0.01979551036557254,0.12945209048743422,0.8507523991469932
25577,LOF,0.014667712895502763,0.14948669459193292,0.8358455925125643
25578,LOF,0.23962017763765608,0.09082103147783918,0.6695587908845048
25579,LOF,0.2395738825838618,0.0902199993125622,0.6702061181035761
25580,LOF,0.03571805721191172,0.09136978582552754,0.8729121569625607
25581,LOF,0.047125229403026714,0.07345674661777638,0.8794180239791969
25582,LOF,0.04693873044886707,0.07155264371305099,0.881508625838082
25583,LOF,0.04409656506153482,0.10642853170158423,0.8494749032368809
25584,LOF,0.43426103430223195,0.09410783818428113,0.4716311275134868
25585,LOF,0.03551292632031764,0.11212094889504458,0.8523661247846378
25586,LOF,0.03575053248490927,0.0865206874664667,0.8777287800486241
25587,LOF,0.03301064695698986,0.08489703741973291,0.8820923156232772
25588,LOF,0.036976620159935136,0.10476573017063052,0.8582576496694344
25589,Neutral,0.6046823576037236,0.11369266678779891,0.28162497560847743
25590,LOF,0.027111254333560136,0.14644426468406524,0.8264444809823746
25591,LOF,0.09673333706412292,0.06432855915734931,0.8389381037785277
25592,LOF,0.09571782056133275,0.141066386884111,0.7632157925545563
25593,LOF,0.019112462503140915,0.28679259881011526,0.6940949386867439
25594,LOF,0.029218691085823846,0.25599562401786413,0.714785684896312
25595,LOF,0.04436646947570724,0.2000957415605748,0.7555377889637179
25596,LOF,0.05822573320923657,0.1372297382590762,0.8045445285316872
25597,LOF,0.054708899311392334,0.10624261600558503,0.8390484846830225
25598,LOF,0.03524525837747593,0.24336226229427213,0.721392479328252
25599,GOF,0.006920618700262745,0.8095598479102688,0.1835195333894684
25600,GOF,0.009930920738944379,0.5938993591428615,0.39616972011819407
25601,GOF,0.007893593395983748,0.5108868478284732,0.481219558775543
25602,LOF,0.022364397995396506,0.05766813969347809,0.9199674623111255
25603,LOF,0.03425066880083571,0.043118973604744905,0.9226303575944194
25604,LOF,0.05134193759522485,0.05551497477575952,0.8931430876290156
25605,LOF,0.009962758295825894,0.2618765804741166,0.7281606612300575
25606,LOF,0.06709965408051118,0.4600363544450372,0.47286399147445163
25607,LOF,0.0046034908991726565,0.18388289335358082,0.8115136157472465
25608,LOF,0.06452611515735701,0.045245670601223385,0.8902282142414196
25609,LOF,0.049783436784619314,0.342977708566135,0.6072388546492457
25610,LOF,0.04512193602911169,0.03257975930893303,0.9222983046619553
25611,LOF,0.05257386543003609,0.02945239633782537,0.9179737382321385
25612,LOF,0.10182636863731204,0.051760891060549895,0.8464127403021381
25613,LOF,0.08585745470602917,0.049288094360778176,0.8648544509331927
25614,LOF,0.03913070313726208,0.03834918025039253,0.9225201166123453
25615,LOF,0.05500982918148456,0.04015471954951708,0.9048354512689984
25616,LOF,0.03688684187531335,0.03994144257799585,0.9231717155466908
25617,LOF,0.0347333479066093,0.04620740256486018,0.9190592495285305
25618,LOF,0.2184348223087189,0.03577013674747662,0.7457950409438046
25619,LOF,0.036192632936623295,0.03648333496437,0.9273240320990066
25620,LOF,0.04005446575344767,0.04640427267913101,0.9135412615674213
25621,LOF,0.03356458702330462,0.03777490756858922,0.9286605054081063
25622,LOF,0.02985285596799371,0.051347820876852246,0.9187993231551541
25623,LOF,0.0656115473711655,0.038330131232737326,0.8960583213960971
25624,LOF,0.030069239550010035,0.04959831663368727,0.9203324438163027
25625,LOF,0.03586350614715361,0.05360198441533175,0.9105345094375147
25626,LOF,0.07438329693138829,0.036439638008474044,0.8891770650601376
25627,Neutral,0.5606262565667525,0.1426229677878621,0.2967507756453854
25628,LOF,0.1711690665876618,0.06790031401164065,0.7609306194006975
25629,LOF,0.06041707686089199,0.14531427663295854,0.7942686465061494
25630,LOF,0.18279844459305525,0.12079518241532805,0.6964063729916167
25631,Neutral,0.5873611489997582,0.08400419782965188,0.3286346531705899
25632,LOF,0.02205261520178668,0.0792253904229837,0.8987219943752296
25633,LOF,0.26425624977890366,0.09044389189721508,0.6452998583238813
25634,LOF,0.037326601322787985,0.10859304271987266,0.8540803559573394
25635,LOF,0.05054592711086171,0.0911957183698923,0.8582583545192459
25636,GOF,0.005904607732871037,0.5623263953072216,0.4317689969599074
25637,GOF,0.004860743379461897,0.510658741482215,0.4844805151383232
25638,LOF,0.008166593524615639,0.4080933878318527,0.5837400186435316
25639,LOF,0.005261488222950589,0.3794728237637675,0.615265688013282
25640,GOF,0.43627345046461574,0.5252588329979041,0.03846771653748008
25641,LOF,0.007258854608498819,0.35748962869205575,0.6352515166994455
25642,LOF,0.26426944696264193,0.07721063910058124,0.6585199139367768
25643,LOF,0.17673747617382282,0.28697319941910604,0.5362893244070711
25644,LOF,0.027454210920612874,0.483917814843442,0.488627974235945
25645,LOF,0.022745407901351822,0.4018973006881397,0.5753572914105085
25646,LOF,0.020840891766187843,0.2548043559642227,0.7243547522695895
25647,LOF,0.018862864608603307,0.21262726595782322,0.7685098694335735
25648,LOF,0.0162220210400419,0.21677528893717793,0.7670026900227802
25649,LOF,0.015063936926566174,0.15533485356013235,0.8296012095133015
25650,LOF,0.050322807125985906,0.4230452282940669,0.5266319645799472
25651,LOF,0.013648364727259053,0.18898871058093317,0.7973629246918078
25652,LOF,0.018373664169830464,0.18151496860901095,0.8001113672211587
25653,LOF,0.10097267291037197,0.3512908112083989,0.5477365158812292
25654,LOF,0.015267381570263392,0.19484350490579758,0.7898891135239391
25655,LOF,0.11022089250223017,0.24737743113645852,0.6424016763613113
25656,LOF,0.05714777904963079,0.05653554793732748,0.8863166730130418
25657,LOF,0.28475984933262494,0.026857220845212533,0.6883829298221625
25658,LOF,0.03487590337180122,0.07250958582148878,0.89261451080671
25659,LOF,0.24687784303365942,0.05359176531235953,0.699530391653981
25660,LOF,0.08984260542708801,0.10368141712133644,0.8064759774515755
25661,LOF,0.07103084685518002,0.07651897096914724,0.8524501821756728
25662,LOF,0.03373521727165789,0.05123956954368151,0.9150252131846606
25663,LOF,0.04385660986766644,0.08400726367227541,0.8721361264600582
25664,LOF,0.02801624008126317,0.14617190332125696,0.8258118565974798
25665,LOF,0.051387551352695675,0.05305761238023209,0.8955548362670722
25666,LOF,0.035112939772934414,0.1928506929641438,0.7720363672629218
25667,LOF,0.03328548564851946,0.06574078582559192,0.9009737285258886
25668,LOF,0.0432689987532489,0.06347385463457325,0.8932571466121778
25669,LOF,0.04937974428832127,0.1034219642829927,0.8471982914286861
25670,LOF,0.1382622103826829,0.10602522208371916,0.755712567533598
25671,LOF,0.04019254057484539,0.060885382437406085,0.8989220769877484
25672,LOF,0.05218668911772037,0.09054147357273365,0.857271837309546
25673,LOF,0.03452295378454998,0.09628186316431721,0.8691951830511327
25674,LOF,0.026006216305215518,0.1095881294145578,0.8644056542802268
25675,LOF,0.03382526004397834,0.0948158450618607,0.871358894894161
25676,LOF,0.033079664256899746,0.07375793666769702,0.8931623990754033
25677,LOF,0.08783045353675335,0.06429564947427177,0.8478738969889749
25678,LOF,0.14965692008862327,0.05041406342854298,0.7999290164828339
25679,LOF,0.10185055927027073,0.07989644184124113,0.8182529988884881
25680,LOF,0.08820103139070062,0.10426006919055704,0.8075388994187424
25681,LOF,0.09364356207608011,0.09621597945163887,0.810140458472281
25682,LOF,0.05135362338727131,0.07905207886376814,0.8695942977489606
25683,LOF,0.07405522814607361,0.11617279692125672,0.8097719749326696
25684,LOF,0.063611106717155,0.07337726982854599,0.8630116234542989
25685,LOF,0.1241887197438458,0.04144268059568784,0.8343685996604664
25686,LOF,0.03361962326390354,0.08098894298020153,0.885391433755895
25687,LOF,0.06327986879355903,0.08778763794595322,0.8489324932604878
25688,LOF,0.02342674855449165,0.17087782374179628,0.805695427703712
25689,LOF,0.01643477250955694,0.09590547017199323,0.8876597573184499
25690,LOF,0.016636951154622714,0.11724984330490947,0.8661132055404679
25691,LOF,0.1480744577301349,0.17908282177630905,0.672842720493556
25692,LOF,0.16678954497563608,0.0230528010277487,0.8101576539966152
25693,LOF,0.04641539921558469,0.1839008154618037,0.7696837853226116
25694,LOF,0.2877048695099376,0.012247937031183848,0.7000471934588786
25695,LOF,0.2131546378813452,0.017203555371954213,0.7696418067467006
25696,LOF,0.1685878843775943,0.010701149595429787,0.8207109660269758
25697,LOF,0.11973785432969487,0.03680351964111089,0.8434586260291942
25698,LOF,0.028060797681290165,0.3302336519326726,0.6417055503860372
25699,LOF,0.07871954338024227,0.07228774018494878,0.848992716434809
25700,LOF,0.034992132236570654,0.013441132709032277,0.9515667350543972
25701,LOF,0.01530237090963567,0.07681334796259898,0.9078842811277654
25702,GOF,0.0246642636454504,0.7460474601259087,0.22928827622864076
25703,LOF,0.016533341958808675,0.23325512012751923,0.7502115379136721
25704,LOF,0.10763099694446725,0.1855960958249708,0.706772907230562
25705,LOF,0.08865591906881964,0.2614637170058655,0.6498803639253149
25706,GOF,0.030122071882278598,0.6337628825551018,0.33611504556261956
25707,GOF,0.036272528429123464,0.5997112562894369,0.3640162152814397
25708,GOF,0.008228178595109445,0.5748858501501515,0.41688597125473903
25709,LOF,0.024762676580123898,0.09162568354865204,0.883611639871224
25710,LOF,0.005421042087665348,0.23443097683040484,0.7601479810819297
25711,LOF,0.028188347343296238,0.1480278185235882,0.8237838341331155
25712,LOF,0.006668372540520404,0.2940650527109754,0.6992665747485042
25713,LOF,0.02577718008082509,0.12308061631809315,0.8511422036010817
25714,LOF,0.02734614503093054,0.16825128399709952,0.80440257097197
25715,LOF,0.03119062113733555,0.1509954688880538,0.8178139099746107
25716,LOF,0.008718900327575843,0.13451921101417516,0.856761888658249
25717,LOF,0.006262837605882325,0.1588848667824163,0.8348522956117014
25718,LOF,0.02777433736566899,0.09883430815378134,0.8733913544805497
25719,LOF,0.03447866551973385,0.11960419869181992,0.8459171357884463
25720,LOF,0.03524807832437389,0.10971532383890069,0.8550365978367254
25721,LOF,0.029920671294096157,0.10207427140791943,0.8680050572979844
25722,LOF,0.018751262536986987,0.14332412407521733,0.8379246133877958
25723,LOF,0.0275229836600985,0.09723891795387948,0.875238098386022
25724,LOF,0.02729106331250508,0.18223052566813808,0.7904784110193569
25725,LOF,0.02926513399120188,0.09756781244299884,0.8731670535657993
25726,LOF,0.018994304021300576,0.1286299651671283,0.8523757308115711
25727,LOF,0.02613464045721336,0.1273972389666494,0.8464681205761372
25728,LOF,0.028764579432888744,0.11752474812250008,0.8537106724446113
25729,LOF,0.02825821919004379,0.13259084976205426,0.8391509310479018
25730,LOF,0.03063082393610593,0.09239780183197972,0.8769713742319143
25731,LOF,0.010329813878042386,0.1718373907656764,0.8178327953562812
25732,LOF,0.02426101177305595,0.09399332489811378,0.8817456633288302
25733,LOF,0.03645493742102364,0.10595194990018103,0.8575931126787953
25734,LOF,0.006200249198872586,0.28608641235949567,0.7077133384416318
25735,LOF,0.024734395447489677,0.08731994204733058,0.8879456625051798
25736,LOF,0.022994372955782008,0.14292759124797702,0.834078035796241
25737,LOF,0.050988621664498836,0.13930664349403726,0.809704734841464
25738,LOF,0.024924903555787397,0.18259355639337607,0.7924815400508366
25739,LOF,0.028529746153430034,0.15178350113063557,0.8196867527159343
25740,LOF,0.031346362502711736,0.161818872881635,0.8068347646156534
25741,LOF,0.035205431343936576,0.14717010077148207,0.8176244678845814
25742,LOF,0.04705787270288365,0.1492577314687421,0.8036843958283743
25743,LOF,0.012805284967831128,0.03481884367706712,0.9523758713551017
25744,LOF,0.20085510536223022,0.31667547757334086,0.48246941706442886
25745,LOF,0.036030398214562755,0.10611645372536802,0.8578531480600692
25746,LOF,0.015178315164300866,0.15465113013212953,0.8301705547035695
25747,LOF,0.04094167637523297,0.029992673906057102,0.92906564971871
25748,LOF,0.29683939453998137,0.06040100769192982,0.6427595977680889
25749,LOF,0.013073854063271802,0.08472466648275877,0.9022014794539696
25750,LOF,0.019760242882098055,0.08337602219279512,0.8968637349251068
25751,LOF,0.04396496422385396,0.05783953085112328,0.8981955049250228
25752,GOF,0.08162700088124271,0.7078286240742185,0.21054437504453888
25753,LOF,0.0069743588385851344,0.41976502255370995,0.5732606186077048
25754,GOF,0.007272533795120396,0.8863152559037129,0.10641221030116688
25755,LOF,0.0066515010055206245,0.4272006625586884,0.566147836435791
25756,LOF,0.030318017531730034,0.43146784057443793,0.538214141893832
25757,GOF,0.007888443045017809,0.8726290319870154,0.11948252496796678
25758,GOF,0.008669504862892089,0.8767097716262798,0.11462072351082817
25759,GOF,0.00579684742416535,0.6264638145976313,0.3677393379782032
25760,LOF,0.005636942613617869,0.3265752172692034,0.6677878401171787
25761,GOF,0.04407039031994416,0.8471472994364346,0.10878231024362119
25762,LOF,0.03368448176398199,0.3656248769663795,0.6006906412696386
25763,LOF,0.006098367409245906,0.2991225095328129,0.6947791230579412
25764,GOF,0.05098029834035896,0.6535407602570669,0.29547894140257425
25765,GOF,0.007551809769918657,0.8594006858654668,0.13304750436461468
25766,GOF,0.04906200188543268,0.797826119011837,0.15311187910273036
25767,GOF,0.014658545320187264,0.5557788728713873,0.4295625818084253
25768,LOF,0.04665089976064541,0.06474839042787649,0.888600709811478
25769,LOF,0.034557350862829926,0.0666230879927971,0.898819561144373
25770,LOF,0.12496867718988862,0.05679825422495548,0.818233068585156
25771,LOF,0.015480311517872087,0.05593258276050155,0.9285871057216264
25772,LOF,0.028838592104882838,0.022969528698114337,0.9481918791970028
25773,LOF,0.019381115729682277,0.057089307009728016,0.9235295772605897
25774,LOF,0.024278754398622038,0.09105651342582324,0.8846647321755546
25775,LOF,0.01876106136863167,0.03704571269540463,0.9441932259359637
25776,LOF,0.03227335255767841,0.01925331351804511,0.9484733339242766
25777,LOF,0.12259748117145977,0.0550262781846408,0.8223762406438994
25778,LOF,0.024388520870547277,0.04420091310584993,0.9314105660236027
25779,GOF,0.04987649539450586,0.8813650773896551,0.06875842721583907
25780,GOF,0.07029923469644535,0.8818211888707946,0.0478795764327601
25781,GOF,0.02933066405641966,0.8642742946156479,0.10639504132793251
25782,GOF,0.033113552058987375,0.9016227379211753,0.06526371001983729
25783,GOF,0.03008741068508046,0.9184248494516747,0.051487739863244855
25784,GOF,0.08676765944341927,0.8615724808455215,0.05165985971105918
25785,GOF,0.09149452935908928,0.8702054599426378,0.03830001069827312
25786,GOF,0.009648062987376802,0.8771754903348139,0.11317644667780928
25787,GOF,0.22580144209709874,0.7260356870062395,0.04816287089666179
25788,LOF,0.01765760202988859,0.1639719361106925,0.8183704618594189
25789,GOF,0.01699730290377229,0.8434898079053786,0.139512889190849
25790,GOF,0.02876306924722138,0.8759020317590571,0.09533489899372158
25791,GOF,0.023258348398919212,0.7621632952087543,0.21457835639232656
25792,GOF,0.027636769002024192,0.801567665069995,0.17079556592798084
25793,GOF,0.0626506689992141,0.8492161009373667,0.08813323006341926
25794,GOF,0.04180658766152199,0.7748731069134647,0.18332030542501332
25795,GOF,0.055406468583748356,0.7320491055211091,0.2125444258951425
25796,GOF,0.11471462365371485,0.8025264764972981,0.08275889984898695
25797,GOF,0.08376433416458973,0.7302247521024866,0.1860109137329238
25798,GOF,0.006990626739086005,0.7359460551809777,0.2570633180799364
25799,GOF,0.004479251564887812,0.6755227774219268,0.31999797101318544
25800,GOF,0.026720236091676387,0.8336961521454976,0.1395836117628259
25801,GOF,0.02153830481887533,0.9021749698344607,0.07628672534666417
25802,GOF,0.030134576226686274,0.8066134444843491,0.16325197928896468
25803,GOF,0.02045971873529648,0.7056117561652778,0.2739285250994257
25804,GOF,0.03224140696662413,0.7592636917231014,0.20849490131027454
25805,GOF,0.02713996538599617,0.7660053229698136,0.20685471164419025
25806,GOF,0.03706499285486364,0.783622319331424,0.17931268781371243
25807,GOF,0.01125487616773527,0.7340968007915385,0.25464832304072615
25808,GOF,0.02202399164964314,0.7469680609588251,0.23100794739153174
25809,GOF,0.010895144249637284,0.6896707624936104,0.29943409325675235
25810,GOF,0.009425977148639977,0.6684240864018749,0.32214993644948514
25811,GOF,0.0569280115460604,0.8700428377814726,0.07302915067246701
25812,GOF,0.029042096174785127,0.7885784105053855,0.18237949331982953
25813,GOF,0.1369933833917544,0.789025777900926,0.07398083870731971
25814,GOF,0.029151354005162014,0.8008148455543261,0.17003380044051183
25815,GOF,0.053519513434343496,0.8434395289043582,0.10304095766129816
25816,GOF,0.009056025492471398,0.8660042977811423,0.12493967672638626
25817,GOF,0.1120923881959495,0.7847147215822234,0.10319289022182711
25818,GOF,0.0271443796570493,0.7787236686695712,0.19413195167337938
25819,GOF,0.047500540486536444,0.7418392244416113,0.21066023507185225
25820,GOF,0.04161156499448838,0.702743013027111,0.2556454219784007
25821,GOF,0.030269129922251767,0.7414606416767874,0.2282702284009608
25822,GOF,0.05013190904584625,0.7256803699922836,0.2241877209618702
25823,GOF,0.030768262446059833,0.6936199378848719,0.27561179966906835
25824,GOF,0.030989870554793915,0.7774054194319403,0.19160471001326565
25825,GOF,0.02425060184911124,0.7555631956285677,0.2201862025223211
25826,GOF,0.011220178128682033,0.704589680778946,0.2841901410923719
25827,GOF,0.014687759039812391,0.675522397397942,0.30978984356224554
25828,GOF,0.011717926981116929,0.7062553347457128,0.2820267382731704
25829,GOF,0.0042469102700590676,0.6499985798930812,0.34575450983685974
25830,GOF,0.04141756913558246,0.5054465827903872,0.45313584807403035
25831,GOF,0.06456509498866896,0.8059463578959499,0.12948854711538113
25832,GOF,0.011422665341778517,0.7425431117925853,0.2460342228656362
25833,GOF,0.039446050762177866,0.812485129025026,0.14806882021279602
25834,GOF,0.011734143680945412,0.7585377643948444,0.2297280919242103
25835,GOF,0.025606642891812626,0.8191844356672162,0.1552089214409713
25836,GOF,0.007946927502598925,0.7209358539475681,0.27111721854983295
25837,GOF,0.011574667134577252,0.7554699486537692,0.23295538421165377
25838,GOF,0.027610953288348818,0.829434066653061,0.14295498005859017
25839,GOF,0.07560087716584188,0.8064213932510853,0.11797772958307286
25840,GOF,0.10238117919215428,0.7801314950164431,0.11748732579140272
25841,GOF,0.0968072942824967,0.8101236399649787,0.09306906575252456
25842,GOF,0.0323988041583084,0.8754499147857707,0.09215128105592102
25843,GOF,0.033387276071299245,0.8782080778323175,0.08840464609638321
25844,GOF,0.023227556996826944,0.8227930546396937,0.15397938836347955
25845,GOF,0.007916117841551053,0.7364692556977521,0.255614626460697
25846,GOF,0.07348136898657032,0.8353362444894837,0.09118238652394592
25847,GOF,0.0216397657375652,0.8732718563549468,0.10508837790748797
25848,GOF,0.028849476137013753,0.8380176135047837,0.13313291035820254
25849,GOF,0.008564423590082856,0.8017811724634242,0.189654403946493
25850,GOF,0.008256582898075737,0.7070656561972749,0.2846777609046492
25851,GOF,0.007356796437463043,0.6586692334830642,0.3339739700794728
25852,GOF,0.16186606617240062,0.5650020498161278,0.2731318840114717
25853,GOF,0.061380121484200544,0.8069899472022833,0.131629931313516
25854,GOF,0.007218738596134477,0.6922010734910671,0.3005801879127984
25855,GOF,0.021982983257936368,0.6764184987688718,0.30159851797319187
25856,GOF,0.03874608003567328,0.7523354981207723,0.20891842184355444
25857,GOF,0.021344044782080542,0.6738955545123595,0.30476040070556
25858,GOF,0.0108798395693835,0.6582611883662093,0.3308589720644072
25859,GOF,0.008329225161039273,0.6284289865754232,0.3632417882635376
25860,GOF,0.08062562723592502,0.7777956348970703,0.1415787378670047
25861,GOF,0.10275919711485032,0.7811310321891238,0.11610977069602603
25862,GOF,0.027144904267356437,0.8810717780636931,0.09178331766895038
25863,GOF,0.026102935943026997,0.8754011629771418,0.09849590107983136
25864,GOF,0.0634693386001308,0.8770133885684573,0.059517272831411845
25865,GOF,0.053872498177487904,0.8517210394461114,0.0944064623764007
25866,GOF,0.024893751018597598,0.8693392903198198,0.10576695866158264
25867,GOF,0.04150915424848387,0.8658913921814843,0.09259945357003173
25868,GOF,0.06870361411995471,0.8061877176800231,0.12510866820002234
25869,GOF,0.37269505763898625,0.5332304081867305,0.09407453417428324
25870,GOF,0.07716355761651264,0.5339239541808046,0.38891248820268276
25871,GOF,0.012727615965269447,0.839705703104684,0.14756668093004657
25872,GOF,0.02616219623573196,0.8045104157733721,0.16932738799089592
25873,GOF,0.026454380601011407,0.8653892216872273,0.10815639771176135
25874,LOF,0.017882990863491224,0.19685746207715332,0.7852595470593554
25875,LOF,0.03622870990217453,0.05698606588098712,0.9067852242168383
25876,LOF,0.021820931975082627,0.04686597260108638,0.9313130954238309
25877,LOF,0.1255531135609342,0.10550062554183053,0.7689462608972353
25878,LOF,0.0939072537664007,0.13560401458218507,0.7704887316514142
25879,LOF,0.016292978523455504,0.09764097952220561,0.8860660419543389
25880,LOF,0.0756316073894704,0.015150771494648134,0.9092176211158816
25881,Neutral,0.5435822951909127,0.10888719204685053,0.34753051276223673
25882,LOF,0.06443652092850849,0.03178719144571657,0.9037762876257749
25883,LOF,0.02735852014709056,0.03232034579543702,0.9403211340574723
25884,LOF,0.018870643333916224,0.049627473115869986,0.9315018835502138
25885,LOF,0.2050973719774964,0.015593053671494645,0.779309574351009
25886,LOF,0.25344179810753187,0.06831739457953426,0.6782408073129339
25887,LOF,0.13240213131370857,0.1384038846634266,0.7291939840228648
25888,LOF,0.007947013158821842,0.17539977456340933,0.8166532122777688
25889,LOF,0.023733787585796254,0.04516388232794804,0.9311023300862558
25890,LOF,0.18075950977310848,0.06473093794828887,0.7545095522786027
25891,LOF,0.11447309814943811,0.029496995966630277,0.8560299058839315
25892,LOF,0.008672203215449096,0.032793085592296274,0.9585347111922548
25893,LOF,0.4123428814006413,0.009328114048469904,0.5783290045508888
25894,LOF,0.37679254732316664,0.007264880680770774,0.6159425719960626
25895,LOF,0.31753410345154737,0.01363577493105501,0.6688301216173975
25896,LOF,0.07101691720737228,0.030504663835119038,0.8984784189575087
25897,LOF,0.1330343191300696,0.011469324328556928,0.8554963565413735
25898,LOF,0.13666404785694025,0.03370791957805319,0.8296280325650066
25899,LOF,0.40221036073357935,0.0302676006335558,0.5675220386328649
25900,Neutral,0.504613044211223,0.009731660395404395,0.48565529539337254
25901,LOF,0.08621795640576763,0.011263350890207725,0.9025186927040247
25902,LOF,0.09205784410184698,0.01457251771304073,0.8933696381851124
25903,LOF,0.2847946966270959,0.025286658897422033,0.6899186444754821
25904,Neutral,0.507516910719485,0.04122743366136857,0.45125565561914643
25905,LOF,0.006408397480769922,0.4511932894409478,0.5423983130782822
25906,LOF,0.009316736218500352,0.08485591787719354,0.905827345904306
25907,LOF,0.00929098854587762,0.296453203253178,0.6942558082009443
25908,LOF,0.009307015058044703,0.2950403224033726,0.6956526625385827
25909,LOF,0.03419202872773385,0.11228220589784603,0.85352576537442
25910,LOF,0.012655067680549845,0.1380914852285953,0.8492534470908548
25911,LOF,0.19867691497580509,0.025666526922621336,0.7756565581015736
25912,LOF,0.09886218241178181,0.019556894184026744,0.8815809234041915
25913,LOF,0.02377737385788573,0.034249495900926935,0.9419731302411873
25914,LOF,0.04248579011232495,0.025377903396612344,0.9321363064910627
25915,LOF,0.2446670167070473,0.10359192066501555,0.6517410626279372
25916,LOF,0.02441037458288456,0.057061523352847164,0.9185281020642683
25917,LOF,0.07213599932580073,0.026504376785610878,0.9013596238885884
25918,LOF,0.044160057768554035,0.013716764059778053,0.9421231781716679
25919,LOF,0.037664526399320275,0.01345610253853306,0.9488793710621466
25920,LOF,0.3776842935383979,0.2177286490399615,0.40458705742164053
25921,LOF,0.016553458979513515,0.02090741984671488,0.9625391211737716
25922,LOF,0.015247515448929536,0.02313780734725148,0.9616146772038189
25923,LOF,0.4449443673358094,0.015204313585155907,0.5398513190790348
25924,LOF,0.02668663302152963,0.028101770645215962,0.9452115963332544
25925,LOF,0.09680765650431718,0.02860214905545225,0.8745901944402307
25926,LOF,0.07959063773057377,0.019459622833111586,0.9009497394363147
25927,LOF,0.026725817501383486,0.053264561373547965,0.9200096211250685
25928,LOF,0.013024273214016982,0.029661228550422237,0.9573144982355609
25929,Neutral,0.5796990504129518,0.014756486787769094,0.4055444627992792
25930,LOF,0.08833969088247415,0.013743942443045101,0.8979163666744807
25931,LOF,0.014658740005870955,0.018729004993216503,0.9666122550009126
25932,LOF,0.0841472297878101,0.017248695231218383,0.8986040749809715
25933,LOF,0.09491993388986585,0.010493744790598697,0.8945863213195355
25934,LOF,0.08941047955220387,0.008699223892994897,0.9018902965548012
25935,LOF,0.09172024183275951,0.025189353037873438,0.883090405129367
25936,LOF,0.11230880261628019,0.010217992413282601,0.8774732049704371
25937,LOF,0.020469238897568482,0.016644155314939683,0.9628866057874919
25938,LOF,0.09472302115657942,0.02398473803856981,0.8812922408048507
25939,LOF,0.07292102146509917,0.01279128441007796,0.9142876941248229
25940,GOF,0.009057671686073465,0.5298050843995432,0.4611372439143833
25941,LOF,0.43765129511005046,0.04139866619662475,0.5209500386933248
25942,LOF,0.00975268621114322,0.04972892704280035,0.9405183867460564
25943,LOF,0.04455404689797533,0.19570632148499495,0.7597396316170297
25944,LOF,0.03850882361662112,0.08425699715036426,0.8772341792330146
25945,LOF,0.16226268635208102,0.025090584139849957,0.812646729508069
25946,LOF,0.06717971626323362,0.03713865342876388,0.8956816303080025
25947,Neutral,0.49185027756721644,0.09643428566026731,0.4117154367725163
25948,LOF,0.36157358558063357,0.015089996746963022,0.6233364176724034
25949,LOF,0.13545146733858043,0.08097445120954434,0.7835740814518752
25950,GOF,0.13259628244252067,0.5564743007379532,0.31092941681952607
25951,LOF,0.01648184819285852,0.4535348422054444,0.529983309601697
25952,LOF,0.215749916339671,0.22513306552036083,0.5591170181399683
25953,LOF,0.009532853681675321,0.351849156402908,0.6386179899154167
25954,GOF,0.10794048700228678,0.483486010464457,0.4085735025332561
25955,LOF,0.011305165322367194,0.2504712579772469,0.738223576700386
25956,LOF,0.01361691134515639,0.35220095331843077,0.6341821353364129
25957,LOF,0.1432787522678567,0.03644229640248393,0.8202789513296593
25958,LOF,0.03183485362421729,0.06010508994072304,0.9080600564350596
25959,GOF,0.007693605579486752,0.7802683085508544,0.2120380858696588
25960,LOF,0.004543436921176706,0.15590374786633318,0.8395528152124901
25961,LOF,0.028447481644002435,0.048963889865743314,0.9225886284902542
25962,LOF,0.0355511781597458,0.07027104825208598,0.8941777735881683
25963,LOF,0.008075464424545934,0.12030869916546313,0.871615836409991
25964,LOF,0.040144652758764256,0.14175847186094534,0.8180968753802904
25965,LOF,0.2514838969602923,0.15900856547695305,0.5895075375627548
25966,LOF,0.32547893370144004,0.12364840649087194,0.5508726598076881
25967,LOF,0.006174865547490886,0.1078502003229151,0.885974934129594
25968,LOF,0.045446792764025086,0.28013552844347284,0.6744176787925021
25969,LOF,0.13804674778746998,0.07182186462554845,0.7901313875869815
25970,LOF,0.06604809280444925,0.06745075713290449,0.8665011500626463
25971,LOF,0.06363018720837961,0.03050904079358548,0.9058607719980348
25972,LOF,0.07853997842891056,0.05590039730418985,0.8655596242668996
25973,LOF,0.058213921247950544,0.013755017029679347,0.92803106172237
25974,LOF,0.05137603590731499,0.046017937851204456,0.9026060262414805
25975,LOF,0.036835523548205726,0.019006331506062814,0.9441581449457314
25976,LOF,0.08948801240004521,0.013404525611504075,0.8971074619884507
25977,LOF,0.2572822665264744,0.04965155939621305,0.6930661740773126
25978,LOF,0.16288727905794678,0.12734773986780348,0.7097649810742497
25979,LOF,0.13935230529275736,0.14300244092467573,0.7176452537825669
25980,LOF,0.20163138291435848,0.20675138992015377,0.5916172271654877
25981,LOF,0.2020689138466853,0.21204239497240585,0.5858886911809088
25982,LOF,0.3627861065577476,0.11298452525507316,0.5242293681871792
25983,Neutral,0.4484503504240787,0.11770208857290702,0.4338475610030142
25984,LOF,0.06187003979498935,0.09734653580506304,0.8407834243999477
25985,Neutral,0.515420470464203,0.13229046545991804,0.35228906407587895
25986,LOF,0.013278030401349068,0.4825205386094978,0.5042014309891533
25987,LOF,0.04225200962554486,0.11381059575251605,0.8439373946219392
25988,LOF,0.06265615393258528,0.14543730383320883,0.7919065422342058
25989,LOF,0.07044149301938153,0.23235706043336724,0.6972014465472512
25990,LOF,0.05202794512687899,0.37820129019679943,0.5697707646763216
25991,GOF,0.02749038507777374,0.5218756488999788,0.4506339660222475
25992,LOF,0.017214868971255674,0.4533942666624802,0.529390864366264
25993,LOF,0.020543071627293946,0.05638797469851127,0.9230689536741948
25994,LOF,0.029407764058270017,0.057990113616745935,0.912602122324984
25995,LOF,0.02004305256456377,0.11169396817641147,0.8682629792590247
25996,GOF,0.35661096620408606,0.4165606105819502,0.2268284232139637
25997,GOF,0.058248647555865035,0.4760595815323532,0.46569177091178177
25998,LOF,0.237384401691847,0.04478521518911214,0.7178303831190408
25999,LOF,0.043716175646783484,0.13466920767351503,0.8216146166797015
26000,LOF,0.13110105206732067,0.015698636392211664,0.8532003115404677
26001,LOF,0.20297137897342454,0.02142253600061296,0.7756060850259625
26002,LOF,0.09918719618702572,0.02746747575393146,0.873345328059043
26003,GOF,0.005921287758256681,0.6001924993073552,0.39388621293438814
26004,GOF,0.012584673680469819,0.5639261043609429,0.42348922195858735
26005,LOF,0.0044084337943148455,0.4748535616084381,0.5207380045972471
26006,GOF,0.09329238723312913,0.4918171105503529,0.414890502216518
26007,LOF,0.008234665615294932,0.4833061900202697,0.5084591443644353
26008,GOF,0.005585935477373502,0.5552399349094881,0.4391741296131385
26009,GOF,0.009615359818414836,0.5970597925488029,0.39332484763278225
26010,GOF,0.007815200329904544,0.5753697636138898,0.4168150360562058
26011,LOF,0.004287600817864611,0.3948410158842009,0.6008713832979344
26012,GOF,0.004706960234392145,0.5311624471863197,0.46413059257928824
26013,GOF,0.009873863361609104,0.552430865023482,0.43769527161490884
26014,LOF,0.04081038895663784,0.08434466694722476,0.8748449440961374
26015,LOF,0.38301512189367803,0.019648608771681668,0.5973362693346403
26016,LOF,0.282281171105051,0.034802930507032204,0.6829158983879168
26017,LOF,0.015728138655763273,0.1497861327247042,0.8344857286195325
26018,LOF,0.029516941079581485,0.06632928561381272,0.9041537733066058
26019,LOF,0.02860117785333019,0.05744370096919773,0.913955121177472
26020,LOF,0.007531462351471387,0.16974539310836262,0.8227231445401659
26021,LOF,0.07268205577041872,0.07540569695435557,0.8519122472752256
26022,LOF,0.03671894677640243,0.02997510960017235,0.9333059436234253
26023,LOF,0.022334508407664308,0.042417432598571794,0.935248058993764
26024,LOF,0.042616287220810366,0.05372346349586938,0.9036602492833202
26025,LOF,0.12503832502402965,0.05675403928519765,0.8182076356907726
26026,LOF,0.10975232924883939,0.04064453256870673,0.8496031381824538
26027,LOF,0.029380657690088543,0.02569244399241969,0.9449268983174919
26028,LOF,0.0688423998536422,0.16313300122268912,0.7680245989236687
26029,LOF,0.02422580493516906,0.15843366988849983,0.8173405251763312
26030,LOF,0.1177212397666728,0.0232562057711748,0.8590225544621525
26031,LOF,0.011636223874617742,0.1411106682649981,0.8472531078603842
26032,LOF,0.03605029705921535,0.044124359706811445,0.9198253432339731
26033,LOF,0.03711358880298361,0.04341806459479271,0.9194683466022237
26034,LOF,0.015609551317301308,0.10331242384144765,0.8810780248412511
26035,LOF,0.01081868693511062,0.10611935470428589,0.8830619583606035
26036,LOF,0.010855239667176626,0.08812735791437126,0.9010174024184521
26037,LOF,0.010036655251723375,0.0968832686523013,0.8930800760959753
26038,LOF,0.030455644674561577,0.038345627913440775,0.9311987274119976
26039,LOF,0.026935499226333093,0.12556731671278526,0.8474971840608817
26040,LOF,0.07953157728656922,0.11830764567877218,0.8021607770346586
26041,LOF,0.011676329658747577,0.09058081643824699,0.8977428539030053
26042,LOF,0.010851954113561395,0.0978930109377152,0.8912550349487234
26043,LOF,0.03016271944687931,0.06429343167308722,0.9055438488800335
26044,LOF,0.00686726373471383,0.04512784713560438,0.9480048891296818
26045,LOF,0.061045801425175766,0.1432505257712713,0.7957036728035528
26046,LOF,0.027203688947577884,0.04433001787568741,0.9284662931767347
26047,LOF,0.05849774402910045,0.04468471639418045,0.8968175395767192
26048,LOF,0.08935549307332247,0.016515712887758986,0.8941287940389184
26049,Neutral,0.943969182286858,0.005687789410411636,0.050343028302730373
26050,Neutral,0.9086354567727234,0.006326289213237213,0.08503825401403933
26051,LOF,0.026566984393111594,0.08615941774589672,0.8872735978609916
26052,LOF,0.03028037144766259,0.06907167610799529,0.900647952444342
26053,LOF,0.02005075659164386,0.14810471370928593,0.8318445296990702
26054,LOF,0.04618879184665312,0.042200817386046814,0.9116103907673001
26055,LOF,0.06498294217932954,0.0356575536899246,0.899359504130746
26056,LOF,0.05438585148562349,0.04855265030522767,0.8970614982091488
26057,LOF,0.057505941631159185,0.020681806938511207,0.9218122514303296
26058,LOF,0.06368790758117347,0.01642424578712349,0.919887846631703
26059,LOF,0.21812714860155438,0.03330850734627437,0.7485643440521712
26060,LOF,0.015629528147723216,0.21444282307032378,0.7699276487819531
26061,LOF,0.010554934428069013,0.016965622156184045,0.972479443415747
26062,LOF,0.005384820810391805,0.023451705053176664,0.9711634741364316
26063,LOF,0.050200391834534154,0.014941760181643032,0.9348578479838229
26064,LOF,0.014878641633619644,0.021105861682460057,0.9640154966839204
26065,LOF,0.06075799459975678,0.018554933420243752,0.9206870719799994
26066,LOF,0.04627384517484827,0.014908634095860417,0.9388175207292913
26067,LOF,0.054215507704433286,0.01422020912922679,0.9315642831663399
26068,LOF,0.0512743164721972,0.042103151312365555,0.9066225322154373
26069,LOF,0.20889255271056767,0.029930373061946854,0.7611770742274854
26070,LOF,0.42026390075936176,0.019490597072802776,0.5602455021678354
26071,LOF,0.05369712081930545,0.015456538266691808,0.9308463409140028
26072,LOF,0.006544706588656461,0.029133689733939767,0.9643216036774038
26073,LOF,0.04072002876661271,0.018362206908577736,0.9409177643248094
26074,Neutral,0.7833470991340723,0.014425018549831085,0.20222788231609665
26075,LOF,0.04530520615774751,0.032852624132822666,0.9218421697094298
26076,LOF,0.04370688753450357,0.015369696826396238,0.9409234156391001
26077,LOF,0.1548050705485962,0.013954698961917816,0.8312402304894859
26078,LOF,0.006116486687044019,0.02968950835643413,0.9641940049565219
26079,LOF,0.05787290465950891,0.027281217071361843,0.9148458782691293
26080,LOF,0.056936368326807214,0.027456556430915106,0.9156070752422776
26081,LOF,0.04425815102890598,0.013836210005303405,0.9419056389657906
26082,LOF,0.006163248522889069,0.02392494263393269,0.9699118088431782
26083,LOF,0.10032905653345911,0.02607363955028041,0.8735973039162604
26084,LOF,0.12008711173320927,0.02321007169463933,0.8567028165721514
26085,LOF,0.11227865878305883,0.018819306240533663,0.8689020349764075
26086,LOF,0.042846622698836934,0.018727796492913756,0.9384255808082492
26087,LOF,0.040827762380776275,0.01783820485740249,0.9413340327618213
26088,LOF,0.006134613034935984,0.04150564420402964,0.9523597427610343
26089,LOF,0.038436962356874924,0.0437668034315062,0.9177962342116188
26090,LOF,0.03903394453097744,0.03274019202067193,0.9282258634483506
26091,LOF,0.030381885907527998,0.01191073741678826,0.9577073766756837
26092,LOF,0.048404795951448185,0.013127048092846101,0.9384681559557058
26093,LOF,0.060607445221213155,0.009413443395444265,0.9299791113833424
26094,LOF,0.03371692619275226,0.011139455589346084,0.9551436182179017
26095,LOF,0.017031115827166564,0.024969255810696894,0.9579996283621366
26096,LOF,0.22235013293657277,0.006761929147663903,0.7708879379157634
26097,LOF,0.0059915892880501795,0.057235842717970456,0.9367725679939793
26098,LOF,0.09268240460771986,0.025854045596005393,0.8814635497962746
26099,LOF,0.04507962173750191,0.02686836408158941,0.9280520141809088
26100,LOF,0.04507788002013612,0.026867325982898527,0.9280547939969653
26101,LOF,0.04864372203060104,0.04242109373385898,0.90893518423554
26102,LOF,0.03662096210886211,0.022258427379106896,0.941120610512031
26103,Neutral,0.8942911765172349,0.030332067497603095,0.07537675598516208
26104,LOF,0.05427495401506203,0.04605738261340517,0.8996676633715327
26105,LOF,0.24097630386266658,0.10689230377125832,0.6521313923660751
26106,LOF,0.34596996079772974,0.03791269667461386,0.6161173425276565
26107,LOF,0.020089565770201864,0.05758751564966431,0.9223229185801337
26108,LOF,0.21573793668485794,0.04631228166918565,0.7379497816459565
26109,LOF,0.059939485684016754,0.03972069181019248,0.9003398225057907
26110,LOF,0.39451422384586304,0.014002786245686254,0.5914829899084507
26111,LOF,0.07145936406855788,0.10583342790529676,0.8227072080261454
26112,LOF,0.05919775096456601,0.012845829585692435,0.9279564194497416
26113,LOF,0.12251965483992432,0.03450073763214161,0.8429796075279342
26114,LOF,0.09217260559190574,0.006983105492954065,0.9008442889151403
26115,LOF,0.019536523544206194,0.04798974989560644,0.9324737265601873
26116,LOF,0.08736661084174324,0.020281135714746667,0.8923522534435101
26117,LOF,0.35472579440104846,0.0364637343007069,0.6088104712982447
26118,LOF,0.03673939303944295,0.016086507584258076,0.9471740993762989
26119,LOF,0.005406258204064374,0.08264311855020025,0.9119506232457353
26120,LOF,0.029046500157099014,0.016304203696281657,0.9546492961466193
26121,LOF,0.0039769455862489955,0.12307276637873948,0.8729502880350115
