feature0,prediction,LoGoFunc_Neutral,LoGoFunc_GOF,LoGoFunc_LOF
25546,Neutral,0.7607243643418199,0.03845600678813211,0.20081962887004814
25547,Neutral,0.6118571718300028,0.07735092353434554,0.3107919046356517
25548,Neutral,0.6147137613762085,0.058057250802558275,0.32722898782123316
25549,Neutral,0.5338454896202436,0.055523552275392754,0.41063095810436373
25550,LOF,0.3629885737599493,0.11990696304342677,0.517104463196624
25551,LOF,0.2856010398200334,0.12615289826926177,0.5882460619107048
25552,LOF,0.2124293186005686,0.11927456581987815,0.6682961155795533
25553,Neutral,0.8592229248345173,0.027373831723028787,0.11340324344245407
25554,LOF,0.24552486903778295,0.11006405152162158,0.6444110794405955
25555,LOF,0.2063067132631056,0.09865653592649659,0.6950367508103977
25556,Neutral,0.4761123621622548,0.09465080126301079,0.4292368365747345
25557,LOF,0.19609435363630323,0.10263056926901341,0.7012750770946834
25558,LOF,0.23181392579219473,0.11106357352184977,0.6571225006859555
25559,LOF,0.34500457696960884,0.142462726521683,0.5125326965087081
25560,LOF,0.06337270358866424,0.15286953317799415,0.7837577632333417
25561,LOF,0.13346929666699045,0.14459492758853265,0.7219357757444769
25562,LOF,0.08812562616172537,0.08238172940192137,0.8294926444363534
25563,LOF,0.09500971788919681,0.10398639150120668,0.8010038906095964
25564,LOF,0.19913626480822463,0.14983204661739755,0.6510316885743779
25565,LOF,0.13576012853986272,0.13485219414142624,0.7293876773187111
25566,GOF,0.017937743990020707,0.7569680744709723,0.22509418153900704
25567,LOF,0.017910301275039703,0.2100943561090176,0.7719953426159428
25568,LOF,0.05317256869639975,0.09233667418772465,0.8544907571158756
25569,LOF,0.05851330122418488,0.09370000708287152,0.8477866916929436
25570,LOF,0.030713967235878763,0.14208590734549487,0.8272001254186264
25571,LOF,0.0279330346070134,0.13625000328264525,0.8358169621103413
25572,LOF,0.048424468409772325,0.16116045868420803,0.7904150729060198
25573,LOF,0.03376590393983845,0.1306180431349598,0.8356160529252018
25574,LOF,0.020826770005137107,0.18729988005583573,0.7918733499390271
25575,LOF,0.02299431588394503,0.15203413742188304,0.8249715466941718
25576,LOF,0.014591532295170325,0.1822781046693439,0.8031303630354857
25577,LOF,0.012024438660532598,0.15938098441696333,0.828594576922504
25578,LOF,0.275886453185389,0.12040429591429427,0.6037092509003168
25579,LOF,0.12416190286316973,0.13804273722053512,0.7377953599162952
25580,LOF,0.01714881584426893,0.11992111938486431,0.8629300647708669
25581,LOF,0.05183429052768006,0.09505121904264731,0.8531144904296726
25582,LOF,0.05126776113870054,0.09411184003301465,0.8546203988282849
25583,LOF,0.01852214052413045,0.1392930306009983,0.8421848288748712
25584,Neutral,0.4776613772764149,0.1420202437079883,0.38031837901559684
25585,LOF,0.016596014366586778,0.17858140920792914,0.8048225764254842
25586,LOF,0.01517576903576063,0.10881324422081241,0.876010986743427
25587,LOF,0.015669132727152847,0.10132990185583364,0.8830009654170135
25588,LOF,0.015644571828118067,0.12327017875040101,0.861085249421481
25589,Neutral,0.5945199583197865,0.15872144566894017,0.24675859601127317
25590,LOF,0.030194741244372672,0.16894825778957812,0.8008570009660493
25591,LOF,0.09168097213328434,0.0879052157580116,0.8204138121087041
25592,LOF,0.050096193972311506,0.19148369429424028,0.7584201117334481
25593,LOF,0.022013388061936888,0.2996521274859718,0.6783344844520912
25594,LOF,0.04397151302959872,0.15082991082150293,0.8051985761488983
25595,LOF,0.056182355294590834,0.11768565826305567,0.8261319864423534
25596,LOF,0.07027215972471566,0.07856078786737893,0.8511670524079055
25597,LOF,0.0430911473453687,0.07987818903256234,0.8770306636220689
25598,LOF,0.04721797672541825,0.12098383900748805,0.8317981842670936
25599,GOF,0.00603360734784974,0.6040127268434318,0.38995366580871843
25600,GOF,0.02054068947463329,0.6509696927831052,0.3284896177422615
25601,LOF,0.013220001249160092,0.4491757317399157,0.5376042670109241
25602,LOF,0.03101795908651598,0.035708686078162,0.9332733548353221
25603,LOF,0.053587554563496224,0.018326434272459505,0.9280860111640443
25604,LOF,0.028651643455338875,0.05245659274218397,0.9188917638024772
25605,LOF,0.00811951137517824,0.20820272093625156,0.7836777676885701
25606,LOF,0.11326119525835045,0.34860387059284875,0.5381349341488009
25607,LOF,0.004984344801007263,0.2020874647235461,0.7929281904754466
25608,LOF,0.020908905666890368,0.08732247504119274,0.8917686192919168
25609,LOF,0.06993114423962224,0.43239959654285015,0.49766925921752764
25610,LOF,0.018869552881536453,0.026141131939332783,0.9549893151791308
25611,LOF,0.02034081248231766,0.024143944352056905,0.9555152431656255
25612,LOF,0.09139295831229227,0.03241808343959801,0.8761889582481097
25613,LOF,0.07970241127219205,0.03415267343075685,0.8861449152970512
25614,LOF,0.023366992343661627,0.02729352058197505,0.9493394870743634
25615,LOF,0.02969579166014111,0.04072675349572338,0.9295774548441355
25616,LOF,0.057209730793816936,0.026777012966737856,0.9160132562394453
25617,LOF,0.05594126823246139,0.030202758558433563,0.9138559732091052
25618,LOF,0.07222522341055959,0.031249095884574862,0.8965256807048656
25619,LOF,0.01768008507701083,0.02995149796888221,0.9523684169541069
25620,LOF,0.06994453194679233,0.03389464263120645,0.8961608254220013
25621,LOF,0.032439922517332624,0.030542358413208372,0.9370177190694591
25622,LOF,0.04362657380649862,0.02993496102152903,0.9264384651719723
25623,LOF,0.06114414564872105,0.02419175585573524,0.9146640984955436
25624,LOF,0.02009123772692374,0.0342087833521817,0.9456999789208946
25625,LOF,0.04371612713525194,0.03654833761392467,0.9197355352508233
25626,LOF,0.0712083486844268,0.028743248990786337,0.9000484023247868
25627,Neutral,0.5645203526806565,0.12121952562256234,0.3142601216967812
25628,LOF,0.2161358605697927,0.05484124823897387,0.7290228911912334
25629,LOF,0.05520453509270517,0.06083982646834773,0.883955638438947
25630,LOF,0.15075427046699372,0.08893836029291707,0.7603073692400892
25631,Neutral,0.6293627863463912,0.05610804983340594,0.3145291638202028
25632,LOF,0.010003199618277395,0.11615436079290216,0.8738424395888206
25633,LOF,0.19917521092998106,0.08307414870612176,0.7177506403638971
25634,LOF,0.03177981889643307,0.11732747160721375,0.8508927094963531
25635,LOF,0.027775297070162762,0.08393442135921203,0.8882902815706253
25636,GOF,0.006315627426626544,0.6181712756541622,0.37551309691921125
25637,GOF,0.006147632539292091,0.6799026274517206,0.3139497400089873
25638,LOF,0.011072886147434598,0.3692445283485421,0.6196825855040233
25639,GOF,0.005998074254694886,0.5427547456468186,0.45124718009848647
25640,GOF,0.4533792343715874,0.46353806938171926,0.08308269624669348
25641,LOF,0.013186188624600338,0.2913030987733754,0.6955107126020242
25642,LOF,0.2667450885101235,0.06371308610996447,0.669541825379912
25643,LOF,0.20904259681080833,0.20261638775848928,0.5883410154307024
25644,GOF,0.011820364942418794,0.5180539635832336,0.4701256714743475
25645,LOF,0.010070637363580067,0.46767958421008965,0.5222497784263304
25646,LOF,0.015715991089508278,0.3120075598982393,0.6722764490122524
25647,LOF,0.012383574015248077,0.25674310936586436,0.7308733166188875
25648,LOF,0.01154909368604953,0.25580765621120016,0.7326432501027503
25649,LOF,0.009309385989715634,0.18094224233067926,0.8097483716796051
25650,LOF,0.01799593064336354,0.4048598987320603,0.5771441706245761
25651,LOF,0.00721676763994624,0.26986693713929966,0.7229162952207541
25652,LOF,0.011643377051062529,0.229500486073952,0.7588561368749855
25653,LOF,0.04147804941272637,0.3628718083976289,0.5956501421896448
25654,LOF,0.012576578084306268,0.14479111600048908,0.8426323059152047
25655,LOF,0.060686415764155115,0.39445087662422823,0.5448627076116167
25656,LOF,0.20953365283614708,0.04509287670125733,0.7453734704625956
25657,LOF,0.3408645938818855,0.023586375268188464,0.635549030849926
25658,LOF,0.07834345865451989,0.06829261423102354,0.8533639271144565
25659,LOF,0.39229827640272774,0.061669813884082395,0.5460319097131898
25660,LOF,0.03300381402897631,0.10231319372872225,0.8646829922423015
25661,LOF,0.10068787917316059,0.06511137355157018,0.8342007472752693
25662,LOF,0.02413789309594968,0.04659127325755263,0.9292708336464977
25663,LOF,0.0326508081067233,0.06855836672618341,0.8987908251670933
25664,LOF,0.05766094720177354,0.08047316841333838,0.861865884384888
25665,LOF,0.05753825370779188,0.045683704920981,0.8967780413712271
25666,LOF,0.054099081639063316,0.11266106196670794,0.8332398563942287
25667,LOF,0.07852776647033068,0.04998290075724028,0.8714893327724291
25668,LOF,0.026785903870921706,0.0550736780632719,0.9181404180658064
25669,LOF,0.02929335751280841,0.0803200613820822,0.8903865811051095
25670,LOF,0.09171793144930274,0.08540093506738862,0.8228811334833086
25671,LOF,0.09741543230438968,0.04547877189192418,0.8571057958036862
25672,LOF,0.06414539896009304,0.05979582158966339,0.8760587794502435
25673,LOF,0.043891288566112206,0.0640445217927908,0.892064189641097
25674,LOF,0.04137728052863798,0.06531927313056018,0.8933034463408018
25675,LOF,0.06401555414580652,0.05954123949555027,0.8764432063586433
25676,LOF,0.021750978532761697,0.0682700111696764,0.909979010297562
25677,LOF,0.030352150226212345,0.07246843746885104,0.8971794123049367
25678,LOF,0.197101882121387,0.04294428975666865,0.7599538281219443
25679,LOF,0.15930248272546982,0.07198779548410196,0.7687097217904283
25680,LOF,0.03302194402566544,0.11407950730534469,0.85289854866899
25681,LOF,0.05298724184506192,0.1051917713406201,0.8418209868143179
25682,LOF,0.1167502313090706,0.0763427286284825,0.806907040062447
25683,LOF,0.1335162197820755,0.09254511242542683,0.7739386677924976
25684,LOF,0.04593842760152981,0.08431073021414104,0.8697508421843292
25685,LOF,0.12472934504767066,0.048856929571677345,0.8264137253806519
25686,LOF,0.0335344912923804,0.0998163244070448,0.8666491843005748
25687,LOF,0.03869601782928725,0.087414367792054,0.8738896143786588
25688,LOF,0.0366198995594269,0.09056739296401142,0.8728127074765616
25689,LOF,0.02478156974645852,0.08250801214421188,0.8927104181093296
25690,LOF,0.02558135785484019,0.0795150966468317,0.8949035454983281
25691,LOF,0.2617944819747435,0.09964665145414221,0.6385588665711143
25692,LOF,0.35176931166851444,0.009081446239843551,0.639149242091642
25693,LOF,0.08781944842653461,0.17638707735927478,0.7357934742141905
25694,LOF,0.2550495041617293,0.01722259752519284,0.7277278983130779
25695,LOF,0.1737822503839177,0.021928973355336317,0.804288776260746
25696,LOF,0.15351408035481467,0.010475890370219983,0.8360100292749654
25697,LOF,0.16173239824733637,0.02447292153327081,0.8137946802193928
25698,LOF,0.048365702194355285,0.4139112632910221,0.5377230345146226
25699,LOF,0.08095137739325464,0.08730704913447661,0.8317415734722687
25700,LOF,0.06292008098736657,0.00973206685007698,0.9273478521625564
25701,LOF,0.015231328639645225,0.07575330012637195,0.9090153712339828
25702,GOF,0.02707837546161247,0.7391735103521709,0.2337481141862166
25703,LOF,0.010041076061632263,0.205463607214265,0.7844953167241028
25704,LOF,0.042293335541295815,0.1627251873208868,0.7949814771378174
25705,LOF,0.047759322340152816,0.2232799705786728,0.7289607070811743
25706,GOF,0.038897371648711127,0.6127591180262195,0.3483435103250693
25707,GOF,0.01950435890758054,0.5189256551897378,0.4615699859026816
25708,LOF,0.00682958864968511,0.42373356221190317,0.5694368491384117
25709,LOF,0.05242663793817838,0.05626655358788103,0.8913068084739406
25710,LOF,0.006676892177643089,0.18054198016272283,0.8127811276596341
25711,LOF,0.017521628540457756,0.11205241352419491,0.8704259579353474
25712,LOF,0.009941833096643298,0.21918623952812258,0.770871927375234
25713,LOF,0.016119451862645556,0.09246340822874312,0.8914171399086113
25714,LOF,0.060209851145043056,0.11743660833688326,0.8223535405180737
25715,LOF,0.011990386128073793,0.12585522012494382,0.8621543937469824
25716,LOF,0.007965789475168296,0.12355721758556633,0.8684769929392654
25717,LOF,0.006396152917788074,0.12325101267109531,0.8703528344111167
25718,LOF,0.01302937435893741,0.08343505770442397,0.9035355679366386
25719,LOF,0.022266393784422158,0.09132176579623259,0.8864118404193453
25720,LOF,0.020369984756558338,0.08690265289859953,0.8927273623448422
25721,LOF,0.014854532125648894,0.10399996001621643,0.8811455078581347
25722,LOF,0.01232045094088062,0.13713151286450614,0.8505480361946133
25723,LOF,0.018185504700057337,0.06512449872140187,0.9166899965785409
25724,LOF,0.023128022778347402,0.09936293779331803,0.8775090394283347
25725,LOF,0.013367904761261954,0.06961770899144483,0.9170143862472933
25726,LOF,0.010993202466137494,0.1031727079888501,0.8858340895450124
25727,LOF,0.014112287460691682,0.08855824361138889,0.8973294689279193
25728,LOF,0.011528336579323124,0.10924803645827043,0.8792236269624064
25729,LOF,0.012002569976762705,0.10994401286816159,0.8780534171550757
25730,LOF,0.012608832822272651,0.08650012832098106,0.9008910388567464
25731,LOF,0.011211770358657482,0.15928096992085403,0.8295072597204886
25732,LOF,0.012476935035021296,0.10211541524496999,0.8854076497200086
25733,LOF,0.017626100168858728,0.0810814193493715,0.9012924804817699
25734,LOF,0.005892184259786239,0.19754666532909515,0.7965611504111185
25735,LOF,0.01520135548332664,0.08041582197191972,0.9043828225447537
25736,LOF,0.014504571959751585,0.12182566804020632,0.8636697600000421
25737,LOF,0.02429774700644495,0.09291206454946735,0.8827901884440876
25738,LOF,0.013840826168203717,0.13511193101833438,0.8510472428134618
25739,LOF,0.018341042019290463,0.11453487857445865,0.8671240794062508
25740,LOF,0.030231355514943763,0.12474954755781521,0.8450190969272411
25741,LOF,0.015988155515786095,0.10035257290531376,0.8836592715789
25742,LOF,0.10282940192426002,0.09617289494656697,0.8009977031291731
25743,LOF,0.01683317733102768,0.052211347478613473,0.9309554751903588
25744,GOF,0.18381276306190492,0.4489858572654399,0.3672013796726552
25745,LOF,0.024132635407491027,0.07539945157961543,0.9004679130128936
25746,LOF,0.012213913930489888,0.08942799689838393,0.8983580891711261
25747,LOF,0.024447775467414855,0.04493250714760792,0.9306197173849773
25748,LOF,0.14231026433674618,0.08214887047755538,0.7755408651856984
25749,LOF,0.012745843681679754,0.06029491806986564,0.9269592382484546
25750,LOF,0.02696970821226034,0.08803307602681457,0.884997215760925
25751,LOF,0.09563114942434447,0.07611746278058112,0.8282513877950743
25752,GOF,0.09640059272350984,0.6226801691240437,0.28091923815244657
25753,LOF,0.01048873180334069,0.3673838301533488,0.6221274380433104
25754,GOF,0.004612633571727012,0.8369373689050525,0.15844999752322053
25755,LOF,0.014187077501772363,0.4136365687817283,0.5721763537164993
25756,LOF,0.0501552095942276,0.40419825390043185,0.5456465365053406
25757,GOF,0.006032250315005683,0.8490178751760297,0.14494987450896454
25758,GOF,0.006933684017743362,0.8442764659600438,0.1487898500222129
25759,GOF,0.004508082449019572,0.5592429004744819,0.43624901707649855
25760,LOF,0.006804014707060908,0.3013475412170751,0.6918484440758641
25761,GOF,0.04460703348970744,0.817364121300444,0.13802884520984834
25762,LOF,0.0309295996056648,0.3423695097138599,0.6267008906804753
25763,LOF,0.006881300268982129,0.25820749805257615,0.7349112016784417
25764,GOF,0.09897435373792622,0.5333551943613273,0.3676704519007465
25765,GOF,0.010929509343074776,0.8150774454078131,0.173993045249112
25766,GOF,0.02414643301362768,0.8207733325102384,0.15508023447613398
25767,LOF,0.021392002800015672,0.45777635877769857,0.5208316384222857
25768,LOF,0.0754749533472179,0.06804051911945272,0.8564845275333294
25769,LOF,0.0646354330583761,0.06879940440926727,0.8665651625323566
25770,LOF,0.1357960244912464,0.06253012972154554,0.801673845787208
25771,LOF,0.020271864883625645,0.06475483303085808,0.9149733020855162
25772,LOF,0.01458403969763001,0.029404683419958052,0.9560112768824119
25773,LOF,0.017564850807719464,0.07447294447187283,0.9079622047204078
25774,LOF,0.025950859251576742,0.08135783236633716,0.892691308382086
25775,LOF,0.026083622844719555,0.039488849475968237,0.9344275276793123
25776,LOF,0.0765962539662116,0.022177124589242415,0.9012266214445459
25777,LOF,0.1800166991671716,0.06658377109834922,0.7533995297344792
25778,LOF,0.05670389079579894,0.04603752328529838,0.8972585859189026
25779,GOF,0.04829848217812945,0.8831198186280678,0.06858169919380291
25780,GOF,0.05284833363881697,0.8768846493748926,0.07026701698629045
25781,GOF,0.022971396384287815,0.8625137196203646,0.11451488399534761
25782,GOF,0.02679645646175063,0.8968075216223652,0.07639602191588402
25783,GOF,0.013735684903865354,0.7157127541987579,0.2705515608973768
25784,GOF,0.14855614051195334,0.8023743347146597,0.0490695247733869
25785,GOF,0.05273827053511912,0.8969621796106234,0.050299549854257566
25786,GOF,0.00426679376332009,0.8083163914337715,0.1874168148029083
25787,GOF,0.13369713041720893,0.8314939180811047,0.03480895150168629
25788,LOF,0.04437110420776656,0.15315780815118887,0.8024710876410446
25789,GOF,0.026933245541039725,0.8554240289158476,0.11764272554311267
25790,GOF,0.03128048747591491,0.8789853683483148,0.0897341441757702
25791,GOF,0.025857314438028748,0.8227344325348677,0.1514082530271035
25792,GOF,0.043445055078857306,0.8282949147786342,0.12826003014250856
25793,GOF,0.09416509139354014,0.8130743041561524,0.09276060445030743
25794,GOF,0.08108887726943069,0.753120158569619,0.16579096416095024
25795,GOF,0.03784604997570569,0.7675095218053516,0.19464442821894268
25796,GOF,0.09272144828050696,0.7987450278011942,0.10853352391829883
25797,GOF,0.03371183874361744,0.6792845898671211,0.28700357138926136
25798,GOF,0.0027311596124945316,0.6373486100407025,0.3599202303468029
25799,LOF,0.002604823529283576,0.4909534387750034,0.506441737695713
25800,GOF,0.01072206880491386,0.7114675314242636,0.27781039977082267
25801,GOF,0.021933609527475615,0.8575964684053415,0.1204699220671828
25802,GOF,0.016423025186909256,0.7893734516389436,0.19420352317414713
25803,GOF,0.00944936957210018,0.6925238277383681,0.29802680268953174
25804,GOF,0.010748164618993125,0.5735280328023724,0.41572380257863445
25805,GOF,0.018569745239512155,0.692388005237021,0.2890422495234669
25806,GOF,0.014796733362840753,0.7389402338697774,0.24626303276738187
25807,GOF,0.004768687722489121,0.7091719308117715,0.2860593814657393
25808,GOF,0.01217876237923993,0.7458516683964843,0.2419695692242758
25809,GOF,0.004943848855152195,0.7234632388055754,0.2715929123392723
25810,GOF,0.004228375235842135,0.7278432579371684,0.2679283668269894
25811,GOF,0.05936081377113949,0.8504540888732355,0.09018509735562509
25812,GOF,0.013991201067858793,0.7073150752361982,0.278693723695943
25813,GOF,0.08586239894716527,0.8110374713143953,0.10310012973843947
25814,GOF,0.021468597079901102,0.7915131264922319,0.18701827642786698
25815,GOF,0.03413092668540905,0.8013203877907409,0.16454868552385019
25816,GOF,0.006929416793645791,0.8256637254414686,0.16740685776488545
25817,GOF,0.09041838718314811,0.7588653535379691,0.15071625927888282
25818,GOF,0.020699918695234885,0.7873761956704338,0.1919238856343312
25819,GOF,0.04958768667413356,0.7684093481494058,0.18200296517646078
25820,GOF,0.026319327076804948,0.758862393741152,0.2148182791820429
25821,GOF,0.01437412191615708,0.7477614941936092,0.23786438389023368
25822,GOF,0.027914372916357608,0.7811750827827515,0.19091054430089083
25823,GOF,0.01185833119864432,0.6306798227520172,0.35746184604933845
25824,GOF,0.019375605965453863,0.7740561984637275,0.20656819557081854
25825,GOF,0.012706365532517031,0.7537662356322263,0.23352739883525664
25826,GOF,0.005065043043626296,0.7053328875629373,0.28960206939343625
25827,GOF,0.007988017338813392,0.6843450352545895,0.30766694740659706
25828,GOF,0.005142712715181462,0.6334755050328109,0.3613817822520076
25829,GOF,0.0025988170098816643,0.6855383484045069,0.31186283458561137
25830,LOF,0.026203278354387606,0.4688518979368713,0.504944823708741
25831,GOF,0.03972407457411721,0.8326230557061686,0.1276528697197142
25832,GOF,0.006349255969072526,0.7856772412030801,0.2079735028278474
25833,GOF,0.023093387708975354,0.8400667356641618,0.13683987662686284
25834,GOF,0.006306121532739937,0.8003961799354559,0.19329769853180429
25835,GOF,0.012568019177152724,0.8520440960902212,0.13538788473262617
25836,GOF,0.005188287532075134,0.7966216820677171,0.19819003040020786
25837,GOF,0.004753209123469174,0.7020393672141635,0.2932074236623673
25838,GOF,0.013381901528927844,0.8631182548220626,0.12349984364900957
25839,GOF,0.029344919219638364,0.8561887354229508,0.11446634535741092
25840,GOF,0.04919116516819008,0.8424374350127669,0.10837139981904297
25841,GOF,0.04611290888750719,0.8552493060044624,0.09863778510803044
25842,GOF,0.019949446249309364,0.8960362211719071,0.08401433257878359
25843,GOF,0.019407087009466282,0.8997179742273032,0.0808749387632306
25844,GOF,0.012925978868656913,0.8361345475660045,0.1509394735653386
25845,GOF,0.00445852071843622,0.6217221045492191,0.3738193747323448
25846,GOF,0.034353618331784484,0.8530617914067486,0.1125845902614668
25847,GOF,0.015442229295901801,0.9077307467208791,0.07682702398321906
25848,GOF,0.013164815137677586,0.8611494282223909,0.1256857566399315
25849,GOF,0.004221864335316146,0.7304553715100436,0.2653227641546402
25850,GOF,0.0050421383602149055,0.7571302190376412,0.237827642602144
25851,GOF,0.004322252168651412,0.6231418485623371,0.3725358992690114
25852,GOF,0.13053344730935532,0.6087274770313108,0.26073907565933385
25853,GOF,0.05906934696630753,0.851133697338462,0.08979695569523033
25854,GOF,0.007847073880850264,0.7067852142494598,0.28536771186968996
25855,GOF,0.012520493493570118,0.657800955281619,0.3296785512248108
25856,GOF,0.03023956047573806,0.7854714141779078,0.1842890253463541
25857,GOF,0.010555601260024918,0.6315279947226938,0.35791640401728114
25858,GOF,0.0059251944232764225,0.6040660964150494,0.3900087091616742
25859,GOF,0.0043643612177471725,0.5769305686181003,0.4187050701641525
25860,GOF,0.05996028960903921,0.8235072238199331,0.11653248657102752
25861,GOF,0.10970273580795167,0.7938325932655622,0.09646467092648618
25862,GOF,0.01811324656561573,0.8607485692276622,0.12113818420672208
25863,GOF,0.017147356975741882,0.8723944120333709,0.11045823099088727
25864,GOF,0.042501549612800824,0.8728398619810122,0.0846585884061869
25865,GOF,0.030912494102371117,0.8378259481567328,0.13126155774089623
25866,GOF,0.02137581098500851,0.8602230654001884,0.11840112361480311
25867,GOF,0.026866421427968436,0.8763814856510292,0.09675209292100245
25868,GOF,0.04210255641843889,0.8447660077799057,0.11313143580165527
25869,GOF,0.30365026261670686,0.624061222476429,0.0722885149068641
25870,GOF,0.20436830077372128,0.6172841781345779,0.17834752109170074
25871,GOF,0.01873726471835969,0.8848548751234669,0.09640786015817325
25872,GOF,0.015691986277685584,0.8706206813406389,0.11368733238167558
25873,GOF,0.01524674059316319,0.8930857752811455,0.0916674841256913
25874,LOF,0.01454266807385257,0.16136387632719076,0.8240934555989567
25875,LOF,0.03692545735170219,0.04121741929349111,0.9218571233548066
25876,LOF,0.024673556787489535,0.029928501003769054,0.9453979422087414
25877,LOF,0.11520869880222816,0.08122766881102639,0.8035636323867454
25878,LOF,0.04805326790150238,0.10432913707047871,0.8476175950280188
25879,LOF,0.02151754433732625,0.0791092743205439,0.8993731813421298
25880,LOF,0.046629723129049415,0.011193518158920352,0.9421767587120302
25881,Neutral,0.5298293987108499,0.06196112687081596,0.4082094744183341
25882,LOF,0.052937949242464664,0.02981525043562577,0.9172468003219095
25883,LOF,0.04194439888537208,0.022213996372322478,0.9358416047423055
25884,LOF,0.027466628104479075,0.04106120164751618,0.9314721702480047
25885,LOF,0.2153440712817023,0.01177694699815942,0.7728789817201384
25886,LOF,0.17155138042928691,0.048461795653080585,0.7799868239176325
25887,LOF,0.1733668523036358,0.06954943780895838,0.7570837098874058
25888,LOF,0.011631796991435659,0.14369876720049415,0.8446694358080701
25889,LOF,0.03314489149493683,0.029144558794852997,0.9377105497102102
25890,LOF,0.1231385465134797,0.10390666561425935,0.7729547878722609
25891,LOF,0.0932261099300514,0.02044720544575257,0.8863266846241962
25892,LOF,0.009759424760254737,0.03153112826730311,0.9587094469724422
25893,LOF,0.37507198474636355,0.008814116835522152,0.6161138984181144
25894,LOF,0.4429980678765142,0.005367321921128351,0.5516346102023576
25895,LOF,0.38233795944147814,0.010629904381636355,0.6070321361768855
25896,LOF,0.062069533035966046,0.025086478147788367,0.9128439888162455
25897,LOF,0.19292039477546413,0.00882240388283262,0.7982572013417032
25898,LOF,0.2127313169822524,0.027603387633084325,0.7596652953846633
25899,LOF,0.23163282222079104,0.024945213607808846,0.7434219641714003
25900,LOF,0.41732779106165874,0.0081857539171568,0.5744864550211845
25901,LOF,0.04145177392251296,0.009613473003642655,0.9489347530738443
25902,LOF,0.0999283236739698,0.01227957365006269,0.8877921026759676
25903,LOF,0.3836152911902642,0.02288819061522849,0.5934965181945073
25904,LOF,0.4435496773688945,0.03579306912310036,0.5206572535080051
25905,LOF,0.005822105823910712,0.4415669820858462,0.552610912090243
25906,LOF,0.011759189367598616,0.1175981163575198,0.8706426942748816
25907,LOF,0.0036934732300184982,0.3436303118839705,0.652676214886011
25908,LOF,0.0037065750913411093,0.2465338959229455,0.7497595289857134
25909,LOF,0.013710200982954597,0.15181172652398942,0.8344780724930558
25910,LOF,0.01670937896975789,0.11343812147346732,0.8698524995567748
25911,LOF,0.3586177688177935,0.03789756451430508,0.6034846666679015
25912,LOF,0.06989840054502336,0.051563398646454824,0.8785382008085219
25913,LOF,0.061780450631896744,0.060745998342744835,0.8774735510253585
25914,LOF,0.0212436696389539,0.06891509514037356,0.9098412352206726
25915,LOF,0.10684581971875426,0.3183328239078636,0.5748213563733822
25916,LOF,0.018849484628435942,0.20626558992274088,0.7748849254488231
25917,LOF,0.07293581884891269,0.05155438987567676,0.8755097912754105
25918,LOF,0.02802052405088275,0.03955860355551332,0.9324208723936039
25919,LOF,0.023372021627019537,0.04099158328391688,0.9356363950890635
25920,LOF,0.15744505806683665,0.18399295305739674,0.6585619888757667
25921,LOF,0.012050328865636874,0.04673319408637424,0.9412164770479888
25922,LOF,0.015793731563970296,0.04220287993382447,0.9420033885022052
25923,LOF,0.43820359059702596,0.049482142356566575,0.5123142670464074
25924,LOF,0.017360154259189742,0.064263209712017,0.9183766360287933
25925,LOF,0.07479935355739191,0.06389212175337466,0.8613085246892334
25926,LOF,0.05619513013312503,0.06270680258154789,0.8810980672853271
25927,LOF,0.01679997690203334,0.07909146478886933,0.9041085583090973
25928,LOF,0.007849422874568225,0.06534859075280058,0.9268019863726312
25929,Neutral,0.5228448292256399,0.047748639423020205,0.4294065313513398
25930,LOF,0.0791951381571156,0.0446311393167142,0.8761737225261701
25931,LOF,0.009890110707844903,0.04421166788892616,0.945898221403229
25932,LOF,0.02982067835836701,0.0382762491162561,0.931903072525377
25933,LOF,0.037640813912823604,0.025038775269998915,0.9373204108171775
25934,LOF,0.025057074355778742,0.026060644397233067,0.9488822812469883
25935,LOF,0.06440284822762865,0.0807787108492965,0.8548184409230748
25936,LOF,0.03891675725725978,0.03026902644572279,0.9308142162970174
25937,LOF,0.010875426054078935,0.04650432358699989,0.9426202503589212
25938,LOF,0.0647124819168354,0.07237946913118233,0.8629080489519824
25939,LOF,0.02769800808843585,0.03320440108817263,0.9390975908233916
25940,LOF,0.00954061536914632,0.34235556782940235,0.6481038168014512
25941,Neutral,0.5584623075611859,0.03725672462473999,0.40428096781407413
25942,LOF,0.007031942598616739,0.05441285021566992,0.9385552071857133
25943,LOF,0.03282234109734904,0.19124990943934725,0.7759277494633038
25944,LOF,0.08899106749755119,0.09085382452949398,0.8201551079729549
25945,LOF,0.061361641734200806,0.022559735935837162,0.9160786223299621
25946,LOF,0.08824741277993198,0.03929468109509263,0.8724579061249754
25947,Neutral,0.4819092055583637,0.12298122653004845,0.3951095679115879
25948,LOF,0.47577109953754976,0.015535671860958732,0.5086932286014915
25949,LOF,0.09781048112499845,0.06451537602874564,0.837674142846256
25950,GOF,0.07384264737469852,0.6032831213120078,0.3228742313132936
25951,LOF,0.010213350282470291,0.4091501741851625,0.5806364755323672
25952,LOF,0.2535988561264878,0.27108052652542625,0.475320617348086
25953,LOF,0.011909893864638997,0.17056311474669744,0.8175269913886636
25954,LOF,0.06535500124833525,0.4543945002626785,0.4802504984889862
25955,LOF,0.011635062798783152,0.13508344338367603,0.8532814938175408
25956,LOF,0.023765225584901618,0.2412738396831551,0.7349609347319433
25957,LOF,0.24176936510407715,0.03338637806208391,0.7248442568338389
25958,LOF,0.04259791243084585,0.034302814643810436,0.9230992729253437
25959,GOF,0.012856469688244554,0.5122588007706557,0.47488472954109984
25960,LOF,0.006733943021582143,0.06030631080819992,0.9329597461702178
25961,LOF,0.04194859083802295,0.031037564092687726,0.9270138450692893
25962,LOF,0.03873964219191166,0.06638636130522449,0.8948739965028639
25963,LOF,0.006572920375098177,0.21719699038202053,0.7762300892428813
25964,LOF,0.024001846324078275,0.0905264620392374,0.8854716916366844
25965,LOF,0.2624294519463906,0.12430474264054925,0.6132658054130601
25966,Neutral,0.4768640169760232,0.12073458565527619,0.4024013973687006
25967,LOF,0.007051394089865638,0.07840574798491914,0.9145428579252153
25968,LOF,0.04987301988009242,0.19715869723094367,0.752968282888964
25969,LOF,0.1383092453005902,0.045043484730424736,0.8166472699689851
25970,LOF,0.02639965614605892,0.08386539585338565,0.8897349480005553
25971,LOF,0.06016303286030737,0.028076752865127567,0.9117602142745651
25972,LOF,0.04889143959390571,0.04063966752665745,0.9104688928794369
25973,LOF,0.04893723343752438,0.01217808370150324,0.9388846828609725
25974,LOF,0.05219058983533965,0.038327906610069636,0.9094815035545907
25975,LOF,0.030439707158226418,0.02344891918050942,0.9461113736612641
25976,LOF,0.12443770941949316,0.01198888554398113,0.8635734050365257
25977,LOF,0.21910446692969746,0.08754328819683221,0.6933522448734704
25978,LOF,0.17191288533414792,0.12148766390672514,0.706599450759127
25979,LOF,0.1433356618537505,0.13722040788380926,0.7194439302624404
25980,LOF,0.24453662512917118,0.17699791716109445,0.5784654577097343
25981,LOF,0.2454816191587883,0.17877526514292308,0.5757431156982886
25982,Neutral,0.4911329438723358,0.08582157558469386,0.4230454805429703
25983,Neutral,0.5005563979057688,0.10205662357844836,0.3973869785157829
25984,LOF,0.03500646122205751,0.06882125596604952,0.896172282811893
25985,Neutral,0.4553954692720395,0.12977651741114973,0.4148280133168107
25986,LOF,0.013566841825642228,0.3946090527919253,0.5918241053824325
25987,LOF,0.08544587693209216,0.09803819629381434,0.8165159267740935
25988,LOF,0.1386652566541815,0.12721071249634774,0.7341240308494708
25989,LOF,0.039635813410343654,0.16827102141958328,0.792093165170073
25990,LOF,0.041156538811042656,0.27480914334523393,0.6840343178437234
25991,LOF,0.025512015752116184,0.46416380829715287,0.5103241759507309
25992,LOF,0.020675943172409155,0.4249315027444996,0.5543925540830913
25993,LOF,0.02007346970212023,0.08765652452347583,0.892270005774404
25994,LOF,0.015765492337483828,0.08709041318370181,0.8971440944788143
25995,LOF,0.01533215341639679,0.17272648374034985,0.8119413628432532
25996,Neutral,0.3903942437525784,0.3025271340370774,0.3070786222103441
25997,LOF,0.0735005999050907,0.4011083385541407,0.5253910615407686
25998,LOF,0.2801870074630107,0.04486051229128623,0.6749524802457032
25999,LOF,0.02511647308027611,0.22830187801906807,0.7465816489006558
26000,LOF,0.20474419428390228,0.035662245356237826,0.7595935603598599
26001,LOF,0.26648435784934604,0.03781139450511685,0.6957042476455371
26002,LOF,0.07406693216585658,0.061015510281049096,0.8649175575530944
26003,GOF,0.004247499394253108,0.6419422841930167,0.3538102164127302
26004,GOF,0.006272765416209389,0.6908211868055785,0.302906047778212
26005,GOF,0.003124149012483316,0.5166054404211569,0.4802704105663599
26006,GOF,0.0777137910109152,0.6246225972245509,0.29766361176453393
26007,GOF,0.00574924058874995,0.5650971022051532,0.4291536572060969
26008,GOF,0.005126576612849215,0.6490300723141273,0.3458433510730234
26009,GOF,0.006439467732118247,0.6747122778643279,0.3188482544035539
26010,GOF,0.006718556829010249,0.6636787980163618,0.3296026451546279
26011,LOF,0.0027020318024998722,0.47266449637683494,0.5246334718206651
26012,GOF,0.0041704009177330505,0.5355682947320521,0.46026130435021473
26013,GOF,0.005370989830143666,0.5956616727160845,0.3989673374537719
26014,LOF,0.04873887654171841,0.12136894449837585,0.8298921789599059
26015,LOF,0.4396917280320109,0.01793836395195275,0.5423699080160364
26016,LOF,0.3042377832923429,0.03652361510303013,0.659238601604627
26017,LOF,0.029061473041514286,0.17808941744703202,0.7928491095114536
26018,LOF,0.047760275063529464,0.03551285203389289,0.9167268729025777
26019,LOF,0.04711077850006551,0.03159677250724121,0.9212924489926931
26020,LOF,0.011035893775142084,0.16974459448855228,0.8192195117363057
26021,LOF,0.06974440566043642,0.06397855052418322,0.8662770438153804
26022,LOF,0.040065979947811185,0.021023862766519418,0.9389101572856693
26023,LOF,0.04416913783269208,0.02229892312835888,0.933531939038949
26024,LOF,0.04421447026293159,0.06024884569988875,0.8955366840371796
26025,LOF,0.06899410530352605,0.0676599460532578,0.8633459486432161
26026,LOF,0.12456117368814892,0.05476716379017628,0.8206716625216747
26027,LOF,0.0406753279005283,0.01773150463387659,0.9415931674655951
26028,LOF,0.11011980228590879,0.1387412588705283,0.751138938843563
26029,LOF,0.022448999333010946,0.212564408397239,0.76498659226975
26030,LOF,0.15579334637033673,0.03221953334839459,0.8119871202812687
26031,LOF,0.010352476014849085,0.1881045269801709,0.80154299700498
26032,LOF,0.055146205213639686,0.07483464820798676,0.8700191465783735
26033,LOF,0.0817290761444886,0.06917171731077225,0.8490992065447391
26034,LOF,0.014997030430176214,0.17031847214247936,0.8146844974273444
26035,LOF,0.012043484830361604,0.1259792865504946,0.8619772286191437
26036,LOF,0.012576790047291408,0.14729814142551503,0.8401250685271935
26037,LOF,0.010455639654492355,0.11763929823290337,0.8719050621126042
26038,LOF,0.04887468201182768,0.07193445529096788,0.8791908626972044
26039,LOF,0.027469433446997427,0.14905334377682175,0.8234772227761809
26040,LOF,0.12325686157610041,0.16461953566610715,0.7121236027577925
26041,LOF,0.013069662199304997,0.10413867688388011,0.8827916609168148
26042,LOF,0.01161123024666388,0.11378706242952692,0.8746017073238093
26043,LOF,0.04748161942170611,0.09089538608655626,0.8616229944917377
26044,LOF,0.013655278289404266,0.0630869250022769,0.9232577967083188
26045,LOF,0.07082987129502699,0.12579343853679287,0.8033766901681801
26046,LOF,0.04250574484359643,0.07391162461513093,0.8835826305412727
26047,LOF,0.06576532558010857,0.07070172146707197,0.8635329529528194
26048,LOF,0.08473661611070266,0.032234558376987285,0.8830288255123101
26049,Neutral,0.9527829049360514,0.008565432631294853,0.03865166243265371
26050,Neutral,0.929618343263674,0.009500780744389292,0.06088087599193679
26051,LOF,0.014907270261122542,0.08667600695208946,0.8984167227867881
26052,LOF,0.02232206058454397,0.10803449832694606,0.86964344108851
26053,LOF,0.045497996202210976,0.15134822444655177,0.8031537793512373
26054,LOF,0.043322074501831655,0.028668926777862973,0.9280089987203053
26055,LOF,0.06098571532303515,0.026066768593501922,0.912947516083463
26056,LOF,0.05013184129273553,0.031871934959966784,0.9179962237472977
26057,LOF,0.029566995088819194,0.014536827556250947,0.9558961773549299
26058,LOF,0.030703309047170536,0.0116631075907841,0.9576335833620454
26059,LOF,0.18663832700103594,0.028761405133230538,0.7846002678657336
26060,LOF,0.011832217971079938,0.20318144733666835,0.7849863346922518
26061,LOF,0.009304043757016342,0.01209713984013717,0.9785988164028464
26062,LOF,0.005300862209977548,0.021422071936572317,0.9732770658534502
26063,LOF,0.01970949709013477,0.012702470412846974,0.9675880324970183
26064,LOF,0.008051950341024688,0.029242135434406617,0.9627059142245687
26065,LOF,0.023371306239146992,0.013528673955083904,0.9631000198057692
26066,LOF,0.0227056966949827,0.011769879266027046,0.9655244240389903
26067,LOF,0.026923587212548172,0.010228610244659892,0.9628478025427919
26068,LOF,0.052634849787623963,0.045310295270388885,0.9020548549419871
26069,LOF,0.17194415243987665,0.028474358241359906,0.7995814893187635
26070,LOF,0.3511441813609891,0.022406356350390573,0.6264494622886203
26071,LOF,0.021096419635895796,0.013286671612663177,0.965616908751441
26072,LOF,0.00831626574948757,0.02381550545334032,0.967868228797172
26073,LOF,0.02036594466741742,0.01552704389813475,0.9641070114344479
26074,Neutral,0.9160140772315382,0.008792682099038456,0.07519324066942329
26075,LOF,0.05288443872167429,0.023695371653590192,0.9234201896247355
26076,LOF,0.030746756143103862,0.011913678321051753,0.9573395655358444
26077,LOF,0.13732522356148405,0.0087669966374342,0.8539077798010818
26078,LOF,0.008187387756533843,0.015788826886725945,0.9760237853567402
26079,LOF,0.06572403507571363,0.025833202878479972,0.9084427620458064
26080,LOF,0.06505247116951017,0.02589475279005787,0.909052776040432
26081,LOF,0.026241463438575505,0.00905991731275169,0.9646986192486727
26082,LOF,0.005511279036001002,0.01755967173641442,0.9769290492275846
26083,LOF,0.12260584145253114,0.020961135112805458,0.8564330234346633
26084,LOF,0.045443742069925644,0.016088240860317734,0.9384680170697566
26085,LOF,0.04117435644418196,0.013878158042192093,0.944947485513626
26086,LOF,0.02103657899803034,0.01260038511601058,0.9663630358859591
26087,LOF,0.01968495961318101,0.011281554350279513,0.9690334860365395
26088,LOF,0.007528249998680638,0.020531376458853334,0.971940373542466
26089,LOF,0.04400623823132143,0.03560386989949388,0.9203898918691847
26090,LOF,0.044813113870921004,0.02812052089361238,0.9270663652354666
26091,LOF,0.024994556089771382,0.007972870412797765,0.9670325734974309
26092,LOF,0.021548637164771598,0.009296969568238776,0.9691543932669897
26093,LOF,0.04007510901249378,0.007023338410492611,0.9529015525770136
26094,LOF,0.03094090932654393,0.007326722317067411,0.9617323683563885
26095,LOF,0.0342139294548068,0.020515345995546178,0.9452707245496469
26096,LOF,0.22424124402412635,0.005695497434360363,0.7700632585415133
26097,LOF,0.006633072486948004,0.037430879207471755,0.9559360483055803
26098,LOF,0.08356228361627624,0.02153421699601549,0.8949034993877082
26099,LOF,0.020323049860445513,0.016984667199551093,0.9626922829400034
26100,LOF,0.020323049860445513,0.016984667199551093,0.9626922829400034
26101,LOF,0.04663597914379018,0.025294385394430213,0.9280696354617797
26102,LOF,0.019913973897563456,0.017146304937694413,0.9629397211647421
26103,Neutral,0.8737526263646052,0.026360654690373915,0.0998867189450208
26104,LOF,0.0589436190218409,0.038489385103140636,0.9025669958750185
26105,LOF,0.24530782115759595,0.16346041355267354,0.5912317652897305
26106,LOF,0.37705383942971127,0.11359443699508659,0.5093517235752021
26107,LOF,0.021995076317806558,0.09054589119011464,0.8874590324920788
26108,LOF,0.32546947496600787,0.04560522058143101,0.628925304452561
26109,LOF,0.07017497300540043,0.04382937084191511,0.8859956561526845
26110,LOF,0.3739927166992416,0.0060743901520684245,0.6199328931486899
26111,LOF,0.06903864108474966,0.10412139190877182,0.8268399670064785
26112,LOF,0.030377782806267302,0.0069423034029196225,0.9626799137908131
26113,LOF,0.05216351927860481,0.015062768135047654,0.9327737125863476
26114,LOF,0.10000096308080707,0.009433432933129805,0.8905656039860631
26115,LOF,0.013391031332737986,0.06106976615720383,0.9255392025100583
26116,LOF,0.08738254865911464,0.03235262376145932,0.8802648275794259
26117,LOF,0.4134832761073019,0.030825557778920726,0.5556911661137773
26118,LOF,0.02704722585731805,0.016962257935301376,0.9559905162073806
26119,LOF,0.005460080885705426,0.03669069808478829,0.9578492210295063
26120,LOF,0.023654306937493482,0.015591151918963703,0.9607545411435429
26121,LOF,0.005497892432545209,0.11454305415184016,0.8799590534156146
