feature0,prediction,LoGoFunc_Neutral,LoGoFunc_GOF,LoGoFunc_LOF
25546,Neutral,0.757296065678121,0.030750069355189993,0.21195386496668883
25547,Neutral,0.6057945101873158,0.06586349227977245,0.32834199753291177
25548,Neutral,0.6362969239366485,0.0470352301245478,0.3166678459388038
25549,Neutral,0.5442987042121205,0.046794661666507927,0.40890663412137157
25550,LOF,0.37545408233893013,0.09791317217265744,0.5266327454884125
25551,LOF,0.29747778174064193,0.10820924849900894,0.5943129697603491
25552,LOF,0.21642737817529112,0.1024597809585575,0.6811128408661513
25553,Neutral,0.8556425318756301,0.022525281397583235,0.12183218672678665
25554,LOF,0.2493281723484358,0.09432050139474758,0.6563513262568166
25555,LOF,0.20687020070948334,0.08152325000827404,0.7116065492822425
25556,Neutral,0.47191386737370605,0.08284754035123269,0.44523859227506124
25557,LOF,0.19722036653358016,0.08701166631891995,0.7157679671474999
25558,LOF,0.2320554823740405,0.09259372373019356,0.6753507938957659
25559,LOF,0.39327462931378865,0.10419305216137509,0.5025323185248363
25560,LOF,0.057774202420272404,0.12173255237909272,0.8204932452006349
25561,LOF,0.1204642409803135,0.11768959948962347,0.761846159530063
25562,LOF,0.08385239342556865,0.0642947933579558,0.8518528132164754
25563,LOF,0.1118427244415527,0.0640085299831641,0.8241487455752833
25564,LOF,0.2736367154848229,0.11531260235925067,0.6110506821559264
25565,LOF,0.14524971286307367,0.12286883997624627,0.7318814471606799
25566,GOF,0.011718305570706576,0.7470516665107121,0.24123002791858134
25567,LOF,0.01815056486110828,0.17981352557434438,0.8020359095645473
25568,LOF,0.05573703531671714,0.06747969023070556,0.8767832744525772
25569,LOF,0.06103713472081919,0.06773123970280358,0.8712316255763773
25570,LOF,0.05689959487272113,0.10978317448936675,0.8333172306379121
25571,LOF,0.05148387601058272,0.10077865067101825,0.8477374733183991
25572,LOF,0.06445087141153816,0.12096886724380013,0.8145802613446617
25573,LOF,0.03139726500511378,0.09838400149584382,0.8702187334990424
25574,LOF,0.01971648252091664,0.15282525096284247,0.8274582665162409
25575,LOF,0.04395267262088614,0.11684823697064092,0.839199090408473
25576,LOF,0.01892740807919096,0.13266871412069486,0.8484038778001142
25577,LOF,0.01632529221308918,0.12384411410090862,0.8598305936860021
25578,LOF,0.29908356614933795,0.08855398664085624,0.6123624472098057
25579,LOF,0.13264742565942644,0.1069933141641801,0.7603592601763935
25580,LOF,0.02956324490643201,0.09001454449920084,0.8804222105943672
25581,LOF,0.05142610263706483,0.06882765166467004,0.8797462456982651
25582,LOF,0.051178071981288834,0.0671618638737113,0.8816600641449998
25583,LOF,0.03819566333480963,0.098121471994997,0.8636828646701934
25584,Neutral,0.4961436112181431,0.11284387306951242,0.39101251571234447
25585,LOF,0.020512436131340024,0.12934825968104743,0.8501393041876125
25586,LOF,0.029410800521967626,0.07745011934530383,0.8931390801327286
25587,LOF,0.029533413030572622,0.07199613614322929,0.8984704508261981
25588,LOF,0.03012521041876233,0.08618921043423826,0.8836855791469994
25589,Neutral,0.6474346387774189,0.11576717137713538,0.23679818984544562
25590,LOF,0.034429792076982865,0.13062644612648788,0.8349437617965294
25591,LOF,0.09657182287949125,0.060747451556615255,0.8426807255638935
25592,LOF,0.0986429066500812,0.1357082022300052,0.7656488911199136
25593,LOF,0.03541445020511,0.27382338978891013,0.6907621600059799
25594,LOF,0.04708858728379927,0.15480040297581016,0.7981110097403906
25595,LOF,0.05956506930448983,0.10900120960927137,0.8314337210862388
25596,LOF,0.05040180388251974,0.0844054670619604,0.8651927290555199
25597,LOF,0.03480993337572528,0.08698985103370316,0.8782002155905716
25598,LOF,0.053150561331681154,0.11778249248880823,0.8290669461795106
25599,GOF,0.006850710039509138,0.6181672585233593,0.3749820314371316
25600,GOF,0.011829512972619874,0.5856737668136601,0.40249672021371996
25601,LOF,0.009817448155605592,0.42548711253351673,0.5646954393108776
25602,LOF,0.016257710331550285,0.0515353301484388,0.9322069595200109
25603,LOF,0.05286281668145109,0.02515207396638066,0.9219851093521682
25604,LOF,0.029751240232817507,0.057297290179134666,0.9129514695880477
25605,LOF,0.008750415529498068,0.24493391273145512,0.7463156717390468
25606,LOF,0.0744112808123019,0.4011341564906174,0.5244545626970808
25607,LOF,0.005928918768851434,0.20335122195596977,0.7907198592751787
25608,LOF,0.01429885200416076,0.07632437420271185,0.9093767737931274
25609,LOF,0.05661684782238262,0.38740160848595473,0.5559815436916626
25610,LOF,0.03317690582871458,0.023907584110230064,0.9429155100610553
25611,LOF,0.040898424055323485,0.022924717755930604,0.936176858188746
25612,LOF,0.09958581722705502,0.04158746566650409,0.8588267171064408
25613,LOF,0.08679128666096292,0.040565675148159556,0.8726430381908775
25614,LOF,0.029385055991290123,0.0327001285204664,0.9379148154882435
25615,LOF,0.035884205282448685,0.040749717351048695,0.9233660773665027
25616,LOF,0.02670538625169575,0.030427758785408435,0.9428668549628957
25617,LOF,0.02615043582414299,0.034129056167560685,0.9397205080082964
25618,LOF,0.14925516062590446,0.028954376822428317,0.8217904625516672
25619,LOF,0.028332292546502394,0.03021030630885172,0.9414574011446458
25620,LOF,0.032281273579154744,0.03929478997148715,0.9284239364493581
25621,LOF,0.02663116973119468,0.03367080252419263,0.9396980277446128
25622,LOF,0.03588345183201302,0.03523211611350254,0.9288844320544845
25623,LOF,0.05699420047818082,0.02778142322917137,0.9152243762926479
25624,LOF,0.024923373524448313,0.03778309579063199,0.9372935306849197
25625,LOF,0.03575498882298131,0.041855161144362316,0.9223898500326564
25626,LOF,0.08106730558258302,0.033864884359954356,0.8850678100574627
25627,Neutral,0.5402361173323135,0.12090434100883962,0.33885954165884685
25628,LOF,0.19819053782838447,0.0533801029773874,0.7484293591942281
25629,LOF,0.05468467002250965,0.06244815946063709,0.8828671705168533
25630,LOF,0.1855213423861985,0.08100494546662558,0.7334737121471759
25631,Neutral,0.6188788615958128,0.06018347519791475,0.32093766320627254
25632,LOF,0.013375086061011092,0.11693470765699353,0.8696902062819954
25633,LOF,0.09648605575349024,0.08562656859430946,0.8178873756522003
25634,LOF,0.03329608581878197,0.11952656333481033,0.8471773508464077
25635,LOF,0.03528053822572069,0.08545851753426703,0.8792609442400123
25636,GOF,0.003715346693089377,0.6193817620126848,0.37690289129422583
25637,GOF,0.003555974681335559,0.6888661978761056,0.3075778274425589
25638,LOF,0.006151316435566421,0.42792840781037345,0.5659202757540601
25639,GOF,0.0036920807076579252,0.5264965185434488,0.46981140074889327
25640,GOF,0.4419028379698795,0.48696235882828864,0.07113480320183188
25641,LOF,0.008793277017316326,0.3037168165141526,0.6874899064685309
25642,LOF,0.2572861442390524,0.05689921895207151,0.6858146368088761
25643,LOF,0.30855700766063093,0.1444191533910993,0.5470238389482698
25644,GOF,0.013596370507881884,0.5310731360053588,0.4553304934867593
25645,LOF,0.011684354271427458,0.4786801073822747,0.5096355383462979
25646,LOF,0.01731229566590289,0.3220725827869439,0.6606151215471533
25647,LOF,0.01230981886590013,0.28607378766866465,0.7016163934654354
25648,LOF,0.012456256718219429,0.2899197717322223,0.6976239715495582
25649,LOF,0.010482410986488146,0.22222643742663017,0.7672911515868818
25650,LOF,0.020161805409361275,0.428137759627219,0.5517004349634197
25651,LOF,0.00766715006577107,0.2813128912570929,0.711019958677136
25652,LOF,0.013626190710952956,0.26477593439359154,0.7215978748954555
25653,LOF,0.048153003552065206,0.35429942636275935,0.5975475700851753
25654,LOF,0.013828837245118101,0.15213137637962135,0.8340397863752606
25655,LOF,0.07731798804422421,0.37687385371391047,0.5458081582418653
25656,LOF,0.09948228785815198,0.07715518614557941,0.8233625259962686
25657,LOF,0.31692799563348323,0.03246570122819846,0.6506063031383184
25658,LOF,0.04380619575640204,0.09933506138476121,0.8568587428588368
25659,LOF,0.3439865338446479,0.08528124263278723,0.5707322235225648
25660,LOF,0.0632064902085001,0.10239749883361611,0.8343960109578837
25661,LOF,0.04590798521094885,0.07372926051869982,0.8803627542703514
25662,LOF,0.026983279490662614,0.05010814681194708,0.9229085736973903
25663,LOF,0.03717770747461255,0.06834314211512789,0.8944791504102596
25664,LOF,0.042364814751467465,0.08198551522215865,0.8756496700263738
25665,LOF,0.06019933725799012,0.050051314634350204,0.8897493481076596
25666,LOF,0.03886817629801351,0.12178560224172814,0.8393462214602583
25667,LOF,0.03132472308786518,0.05472902526206872,0.9139462516500662
25668,LOF,0.03150728968524027,0.05851218049382973,0.90998052982093
25669,LOF,0.03843270620144289,0.08564961097286604,0.875917682825691
25670,LOF,0.0817770657113085,0.0816062594840901,0.8366166748046013
25671,LOF,0.03752109324058328,0.048925908484016935,0.9135529982753998
25672,LOF,0.06356512947604871,0.06737800050626036,0.8690568700176908
25673,LOF,0.04560791555523452,0.06943316438548493,0.8849589200592807
25674,LOF,0.04160572219161933,0.07239090461055023,0.8860033731978304
25675,LOF,0.05192818437707309,0.06303007461935589,0.885041741003571
25676,LOF,0.03241967672418095,0.06163113694779854,0.9059491863280205
25677,LOF,0.057010565764812574,0.07217414510580167,0.8708152891293858
25678,LOF,0.28086896236601955,0.03659685012613963,0.6825341875078409
25679,LOF,0.17778803014254488,0.07290883057110574,0.7493031392863494
25680,LOF,0.05966060345932035,0.10080464489724274,0.8395347516434368
25681,LOF,0.10080200059839856,0.09343438570238427,0.8057636136992171
25682,LOF,0.044527621021810994,0.08568464976165696,0.869787729216532
25683,LOF,0.10369750730219032,0.09786006972645919,0.7984424229713504
25684,LOF,0.05856712170277255,0.08308465395529835,0.8583482243419291
25685,LOF,0.10875268184340472,0.04726106632040577,0.8439862518361895
25686,LOF,0.037843747319593266,0.097023959150963,0.8651322935294438
25687,LOF,0.038153058595543465,0.0914124317156994,0.8704345096887571
25688,LOF,0.0293798478179628,0.09548912176406446,0.8751310304179728
25689,LOF,0.020656314839711625,0.0828092582587956,0.8965344269014929
25690,LOF,0.020514376821568196,0.09013428360188121,0.8893513395765505
25691,LOF,0.22749392096253526,0.1208188172658041,0.6516872617716607
25692,LOF,0.30292445791997413,0.009506818070612695,0.6875687240094133
25693,LOF,0.10412315657948248,0.16306788258163232,0.7328089608388852
25694,LOF,0.2648133578578253,0.015022333549238808,0.7201643085929359
25695,LOF,0.1661440430994953,0.017657124603625684,0.816198832296879
25696,LOF,0.17383842234243738,0.009637172483298215,0.8165244051742645
25697,LOF,0.14501911564376654,0.033052260850600916,0.8219286235056326
25698,LOF,0.035147662099378155,0.42040875759617646,0.5444435803044454
25699,LOF,0.06822376611266112,0.08380005953873881,0.8479761743486
25700,LOF,0.03415460189780366,0.010968308495337495,0.9548770896068588
25701,LOF,0.017076186879298617,0.07178786420674,0.9111359489139613
25702,GOF,0.038938100650185034,0.7517071791712852,0.20935472017852993
25703,LOF,0.01341147603234326,0.20794262272601718,0.7786459012416395
25704,LOF,0.09510584826211885,0.15860104476363046,0.7462931069742508
25705,LOF,0.05692911950604783,0.2357307129087397,0.7073401675852126
25706,GOF,0.05504120853680466,0.6161407521921796,0.3288180392710158
25707,GOF,0.029073504819539856,0.534588684171456,0.43633781100900404
25708,LOF,0.008410100950415944,0.445373343440604,0.5462165556089801
25709,LOF,0.018841372954008992,0.06366424436853683,0.9174943826774542
25710,LOF,0.009241675656753852,0.17485802709761272,0.8159002972456334
25711,LOF,0.020121531892929555,0.13070723451956345,0.849171233587507
25712,LOF,0.010373075680646262,0.23799885594949305,0.7516280683698607
25713,LOF,0.018532757230438835,0.10062595920075311,0.8808412835688081
25714,LOF,0.02097372475168932,0.14546510765759432,0.8335611675907163
25715,LOF,0.01931712643173539,0.1181051920499613,0.8625776815183034
25716,LOF,0.011063721224756098,0.12594839803140334,0.8629878807438405
25717,LOF,0.006302295712174419,0.12248364245893993,0.8712140618288856
25718,LOF,0.01777225043938428,0.07570270044295638,0.9065250491176594
25719,LOF,0.03291388247669941,0.08425410671656623,0.8828320108067343
25720,LOF,0.02222497733886541,0.08461758971062247,0.893157432950512
25721,LOF,0.022645207524177723,0.09243350390610515,0.8849212885697172
25722,LOF,0.017855948497497196,0.12637372062714028,0.8557703308753625
25723,LOF,0.02165197981559297,0.07005839452720937,0.9082896256571976
25724,LOF,0.0360221222914967,0.09912862615452012,0.8648492515539832
25725,LOF,0.021765673931677287,0.06358747894718203,0.9146468471211406
25726,LOF,0.01610422270047245,0.09739806889797961,0.8864977084015481
25727,LOF,0.01997402497725155,0.08468266868311634,0.8953433063396321
25728,LOF,0.018000105843784597,0.09988596328449313,0.8821139308717223
25729,LOF,0.018889413827969163,0.10124329222731128,0.8798672939447194
25730,LOF,0.020130250083069935,0.07634221060238665,0.9035275393145433
25731,LOF,0.012709760448195469,0.1634555003939671,0.8238347391578373
25732,LOF,0.01880665813196303,0.08682965352047156,0.8943636883475654
25733,LOF,0.03032790197141564,0.07976521755417902,0.8899068804744052
25734,LOF,0.007843723121400878,0.20998062374953094,0.7821756531290681
25735,LOF,0.022980431528378246,0.08135152642344712,0.8956680420481746
25736,LOF,0.021524105253672363,0.11703950334258055,0.8614363914037472
25737,LOF,0.04406801725608986,0.0938270245635792,0.8621049581803308
25738,LOF,0.019888216969539404,0.13950521173265312,0.8406065712978075
25739,LOF,0.020952715808447667,0.13739739464601017,0.8416498895455421
25740,LOF,0.051262676954455806,0.13039836536517313,0.818338957680371
25741,LOF,0.02559921664092148,0.1132558380901785,0.8611449452689
25742,LOF,0.0370103748242125,0.13178162454821446,0.831208000627573
25743,LOF,0.011590743021364215,0.042112028558105634,0.9462972284205302
25744,GOF,0.13351598577360202,0.4818769371679363,0.3846070770584618
25745,LOF,0.021536679187324877,0.06901400143322367,0.9094493193794515
25746,LOF,0.011315435352730175,0.08605495843262272,0.9026296062146472
25747,LOF,0.03393709609198851,0.03639287560872591,0.9296700282992856
25748,LOF,0.18304375858876137,0.06701802907433269,0.7499382123369058
25749,LOF,0.013809548744695413,0.05309082238061794,0.9330996288746867
25750,LOF,0.015446851654974093,0.08343660659462598,0.9011165417503999
25751,LOF,0.04012078951983623,0.0718057018536271,0.8880735086265368
25752,GOF,0.08594641092681486,0.6553349028395801,0.258718686233605
25753,LOF,0.006997936197879033,0.3709829360163479,0.6220191277857731
25754,GOF,0.005332256124557859,0.852217467494601,0.14245027638084107
25755,LOF,0.01083171191716342,0.4349817553680511,0.5541865327147855
25756,LOF,0.04820983183021149,0.4418275663687783,0.5099626018010103
25757,GOF,0.0064249275125498415,0.8753497702448387,0.11822530224261135
25758,GOF,0.0075875772929758015,0.8535502910015722,0.13886213170545206
25759,GOF,0.004939135668305462,0.5569462783028528,0.43811458602884173
25760,LOF,0.006932168914069671,0.3059178633548249,0.6871499677311054
25761,GOF,0.04775813105163105,0.8333803222957255,0.1188615466526434
25762,LOF,0.028165784697080327,0.36958945234162627,0.6022447629612934
25763,LOF,0.009079011857407858,0.251530974768392,0.7393900133742002
25764,GOF,0.10775527002143424,0.5726941435513971,0.31955058642716866
25765,GOF,0.008267722649358917,0.8340453777187564,0.1576868996318847
25766,GOF,0.03077894305411781,0.823051518172108,0.14616953877377417
25767,LOF,0.01922400415481543,0.4634526829882202,0.5173233128569643
25768,LOF,0.04007930361462018,0.07452926668089065,0.8853914297044891
25769,LOF,0.023155314687593975,0.0779431595365061,0.8989015257758999
25770,LOF,0.14995618856541063,0.06901983417202733,0.781023977262562
25771,LOF,0.016663088590492866,0.07942556760366291,0.9039113438058443
25772,LOF,0.02397469533062764,0.029289466511423265,0.9467358381579491
25773,LOF,0.014681100504768856,0.08021928800229819,0.9050996114929329
25774,LOF,0.02505364269614678,0.09909977061889605,0.8758465866849571
25775,LOF,0.0208184845080642,0.0412019036488904,0.9379796118430453
25776,LOF,0.02575499770849487,0.026408572528762303,0.9478364297627427
25777,LOF,0.1711654146748698,0.07393615740587857,0.7548984279192517
25778,LOF,0.0198205937245893,0.05637622399768205,0.9238031822777287
25779,GOF,0.03894928581348019,0.8948685282583755,0.06618218592814422
25780,GOF,0.060259763830941525,0.8816211771192554,0.0581190590498032
25781,GOF,0.025986898948052263,0.8735101479180017,0.10050295313394605
25782,GOF,0.03408378570339965,0.9039388776001596,0.06197733669644082
25783,GOF,0.01855979267389116,0.7748630204628033,0.20657718686330562
25784,GOF,0.11429716455264705,0.8414294315160632,0.044273403931289805
25785,GOF,0.07023540389993602,0.8897567931319285,0.040007802968135546
25786,GOF,0.005703362198824589,0.8395465370721009,0.15475010072907452
25787,GOF,0.162979076138167,0.806615813754027,0.030405110107806034
25788,LOF,0.01615349536703817,0.2131999952411341,0.7706465093918278
25789,GOF,0.0197389359651608,0.8623216289738116,0.11793943506102764
25790,GOF,0.022499309347967664,0.8892742579689998,0.08822643268303251
25791,GOF,0.018664493248460503,0.8420461235017623,0.1392893832497772
25792,GOF,0.02946884466335991,0.8511899375895727,0.1193412177470673
25793,GOF,0.07538901350900719,0.8394873736455529,0.08512361284543978
25794,GOF,0.0556534930244918,0.7815832015150669,0.16276330546044124
25795,GOF,0.04321773555087468,0.7793285951298652,0.17745366931926018
25796,GOF,0.07413829657438302,0.8267686193945365,0.09909308403108051
25797,GOF,0.03933746441833449,0.6872461914786949,0.2734163441029706
25798,GOF,0.0031630035164072045,0.6541093256046698,0.34272767087892286
25799,GOF,0.0031042559124487335,0.5580761527149362,0.4388195913726151
25800,GOF,0.013035224362781416,0.7342462166889707,0.25271855894824785
25801,GOF,0.015262798983928544,0.8656474913970409,0.11908970961903043
25802,GOF,0.022367642731213958,0.8088284254248336,0.16880393184395243
25803,GOF,0.011921417011006893,0.707827939094593,0.2802506438944002
25804,GOF,0.014590316356184628,0.6386408517364048,0.3467688319074105
25805,GOF,0.02311784463578837,0.7293549214784919,0.24752723388571982
25806,GOF,0.01987687492423169,0.7666884364669804,0.21343468860878795
25807,GOF,0.0056500788629053255,0.7308156244531756,0.26353429668391914
25808,GOF,0.014743465772763002,0.7568331604724576,0.2284233737547793
25809,GOF,0.006302631142782072,0.730875775043501,0.262821593813717
25810,GOF,0.005420811265207825,0.7393899434236365,0.25518924531115567
25811,GOF,0.054310211007698936,0.8715469099073033,0.07414287908499773
25812,GOF,0.016054812834307014,0.7169099416744138,0.26703524549127927
25813,GOF,0.09020010093603593,0.8223109463406737,0.08748895272329048
25814,GOF,0.02533182334778273,0.816740783191392,0.15792739346082532
25815,GOF,0.04256663150603632,0.8313532648319867,0.12608010366197686
25816,GOF,0.008308097056631889,0.8680492373304831,0.1236426656128849
25817,GOF,0.09788416188556771,0.7831776018687473,0.11893823624568504
25818,GOF,0.025100010427313437,0.8000790216383243,0.17482096793436214
25819,GOF,0.06210187703933877,0.7859209345755712,0.15197718838508995
25820,GOF,0.031962775540395984,0.7701714202175146,0.1978658042420893
25821,GOF,0.019173302546820006,0.771782304096984,0.209044393356196
25822,GOF,0.03386315697888174,0.7937474451514969,0.1723893978696214
25823,GOF,0.015073733379085042,0.6496728035436716,0.33525346307724346
25824,GOF,0.025136666171008397,0.7591054753726689,0.2157578584563227
25825,GOF,0.01568377339186704,0.7454441467487591,0.23887207985937384
25826,GOF,0.005570047569532518,0.7150682084472799,0.27936174398318747
25827,GOF,0.009142952501427328,0.7179102041516744,0.2729468433468982
25828,GOF,0.006132179016600842,0.6747966142490377,0.31907120673436146
25829,GOF,0.0030127809297363904,0.7141683301916543,0.28281888887860923
25830,GOF,0.0375482219287522,0.5254158416980516,0.4370359363731963
25831,GOF,0.049776448265828444,0.8395565220554844,0.11066702967868706
25832,GOF,0.008881395284476467,0.8043446497883738,0.1867739549271497
25833,GOF,0.03280417785854522,0.8473055005012969,0.11989032164015792
25834,GOF,0.008889268767490518,0.8163419549655776,0.17476877626693196
25835,GOF,0.019492431457368835,0.8674258978219808,0.11308167072065026
25836,GOF,0.006869109275927467,0.8228736825322532,0.1702572081918192
25837,GOF,0.007519851397935673,0.7310964285166125,0.26138372008545196
25838,GOF,0.02094480571311618,0.8692804443264575,0.10977474996042627
25839,GOF,0.03870593197034416,0.8586903357021923,0.10260373232746339
25840,GOF,0.06357080924997865,0.8364206463962235,0.1000085443537978
25841,GOF,0.056957360868630104,0.8497503611354125,0.09329227799595743
25842,GOF,0.025774409835322726,0.9007000203722704,0.07352556979240692
25843,GOF,0.02734685862813945,0.906826210951774,0.06582693042008658
25844,GOF,0.017631343704922912,0.8590168463066297,0.12335180998844736
25845,GOF,0.005873275293881661,0.7012446870664789,0.2928820376396395
25846,GOF,0.03947990717384148,0.8709273778272025,0.08959271499895594
25847,GOF,0.018518277841861986,0.9206877286480082,0.06079399351012982
25848,GOF,0.01806675648809925,0.8647819601498358,0.11715128336206511
25849,GOF,0.005399985509938086,0.7630839423859429,0.23151607210411895
25850,GOF,0.006675570740733506,0.7703149672566951,0.22300946200257143
25851,GOF,0.005868975205915658,0.66386020285188,0.3302708219422045
25852,GOF,0.1358048868763605,0.6161247817179085,0.24807033140573104
25853,GOF,0.07461191066232939,0.8524862688032372,0.07290182053443349
25854,GOF,0.005897240450483141,0.7232672649031447,0.270835494646372
25855,GOF,0.015897396254791196,0.6733396960945026,0.31076290765070624
25856,GOF,0.04218479905364083,0.7992539608529579,0.15856124009340147
25857,GOF,0.01437092200398613,0.6729080954473053,0.3127209825487085
25858,GOF,0.008295602093869373,0.6738836707209178,0.3178207271852128
25859,GOF,0.005705108687251341,0.6532291441243009,0.34106574718844773
25860,GOF,0.08255950692308801,0.8262268782048249,0.09121361487208707
25861,GOF,0.0829441193568856,0.8324874359161845,0.08456844472693
25862,GOF,0.021843608261335138,0.8739825142258282,0.10417387751283691
25863,GOF,0.02167926982203581,0.8825493303848395,0.09577139979312464
25864,GOF,0.053337795613158344,0.8793794254816396,0.06728277890520198
25865,GOF,0.03629691128589948,0.8494396367820772,0.11426345193202328
25866,GOF,0.028306060730301768,0.8722874453504531,0.09940649391924523
25867,GOF,0.036527524875672165,0.8826752690688511,0.0807972060554769
25868,GOF,0.05916726087266468,0.8459482567898835,0.09488448233745175
25869,GOF,0.3267141407240699,0.6186764812281528,0.054609378047777414
25870,GOF,0.06919773216612195,0.6995808925497359,0.2312213752841422
25871,GOF,0.011581450287605172,0.8935433676987602,0.09487518201363444
25872,GOF,0.02028338276902658,0.8741826987874205,0.10553391844355292
25873,GOF,0.020122628465665177,0.8948574249474474,0.08501994658688725
25874,LOF,0.016790587961781,0.23754408789003148,0.7456653241481874
25875,LOF,0.044380506666157754,0.05062581788081429,0.904993675453028
25876,LOF,0.01759537232276497,0.04271916023591781,0.9396854674413171
25877,LOF,0.11659646707291632,0.08617334964496029,0.7972301832821235
25878,LOF,0.06505824655823034,0.12227684611132486,0.8126649073304447
25879,LOF,0.02641279475295094,0.08818694392997847,0.8854002613170705
25880,LOF,0.05676438914548438,0.014270303793071272,0.9289653070614443
25881,Neutral,0.5447561798045087,0.052223714208735866,0.4030201059867554
25882,LOF,0.05418939411363667,0.025047192138229184,0.9207634137481342
25883,LOF,0.029505469128779424,0.02234417808474569,0.9481503527864749
25884,LOF,0.02872323627109281,0.04053930898857377,0.9307374547403334
25885,LOF,0.22066764527579866,0.010229686874279706,0.7691026678499215
25886,LOF,0.158804156769763,0.05363877477829541,0.7875570684519415
25887,LOF,0.19842403145246781,0.05305328000245565,0.7485226885450765
25888,LOF,0.012602669405970905,0.1250321425918513,0.8623651880021779
25889,LOF,0.032634592664023736,0.02907509467817625,0.9382903126578
25890,LOF,0.13354724861591608,0.10769622109191641,0.7587565302921676
25891,LOF,0.09289316301028161,0.022298274100802266,0.8848085628889161
25892,LOF,0.009389236776994733,0.03371001979162797,0.9569007434313772
25893,LOF,0.41259648786345493,0.009320420949500469,0.5780830911870445
25894,LOF,0.45725242687050777,0.006001933962081519,0.5367456391674107
25895,LOF,0.3562332129873225,0.011846258927833272,0.6319205280848441
25896,LOF,0.06857408382024491,0.015379663021399433,0.9160462531583557
25897,LOF,0.1951939285694405,0.010324923896397855,0.7944811475341615
25898,LOF,0.17528112585190356,0.029914309682495914,0.7948045644656005
25899,LOF,0.353232013034528,0.018698023722737607,0.6280699632427345
25900,LOF,0.4421672359647515,0.00822604630454468,0.5496067177307039
25901,LOF,0.07186585089348192,0.007531761561266912,0.9206023875452513
25902,LOF,0.1636473110030074,0.007969263837853967,0.8283834251591385
25903,LOF,0.43130215131960875,0.02652616056660848,0.5421716881137827
25904,LOF,0.4847966682935153,0.022530126461477156,0.49267320524500746
25905,LOF,0.00384567022971669,0.4760878924372683,0.5200664373330149
25906,LOF,0.00872258348696882,0.11384248722771335,0.8774349292853179
25907,LOF,0.004303512708611867,0.36110248787590954,0.6345939994154787
25908,LOF,0.004194014993578937,0.2673101923453524,0.7284957926610686
25909,LOF,0.023295238758700116,0.17115413329221904,0.8055506279490808
25910,LOF,0.01087385936952863,0.1245980502092818,0.8645280904211896
25911,LOF,0.321693682517225,0.046049268003412504,0.6322570494793626
25912,LOF,0.06051592490216487,0.055130045025003474,0.8843540300728316
25913,LOF,0.0439101074775461,0.07007092061054267,0.8860189719119113
25914,LOF,0.039660295551046706,0.04654986334574623,0.9137898411032069
25915,LOF,0.16575201120104577,0.2010382107320928,0.6332097780668614
25916,LOF,0.030109004769980775,0.13526176198373965,0.8346292332462796
25917,LOF,0.07011622422138299,0.04193676118037495,0.887947014598242
25918,LOF,0.042441329802274066,0.02865856374665491,0.9289001064510709
25919,LOF,0.03814398542139728,0.028261567884235155,0.9335944466943675
25920,LOF,0.16684775876506655,0.15787823745512744,0.675274003779806
25921,LOF,0.01751259299217401,0.03796087185012823,0.9445265351576977
25922,LOF,0.01889326849110548,0.03519664642591517,0.9459100850829792
25923,LOF,0.46043686654786564,0.03386664635303258,0.5056964870991018
25924,LOF,0.024257914787736413,0.054375837912781846,0.9213662472994817
25925,LOF,0.08599482040322753,0.049201343032550714,0.8648038365642217
25926,LOF,0.06264592998609546,0.048446175044558275,0.8889078949693462
25927,LOF,0.024937390647355194,0.0749070247528975,0.9001555845997472
25928,LOF,0.010882093305773995,0.055936596045573675,0.9331813106486522
25929,Neutral,0.547759326181531,0.03243438094250447,0.4198062928759645
25930,LOF,0.07872239989617681,0.03316531490372874,0.8881122852000944
25931,LOF,0.014794438362836738,0.03879482248027999,0.9464107391568832
25932,LOF,0.06364815344447285,0.03160882797363812,0.904743018581889
25933,LOF,0.05871830911046815,0.021267519250591716,0.9200141716389401
25934,LOF,0.0527429871491082,0.0204468807818528,0.926810132069039
25935,LOF,0.07406871702326125,0.0595295549234193,0.8664017280533195
25936,LOF,0.08925616588361156,0.022183300278551026,0.8885605338378375
25937,LOF,0.014175061006740283,0.0383098003877154,0.9475151386055444
25938,LOF,0.07456195112832187,0.05916341436654426,0.866274634505134
25939,LOF,0.04277733455510559,0.02612485803344942,0.9310978074114449
25940,LOF,0.0095883499101473,0.35491385256951663,0.6354977975203361
25941,Neutral,0.5259416390327544,0.03805250381870102,0.4360058571485447
25942,LOF,0.008741041961253788,0.0540581072921422,0.937200850746604
25943,LOF,0.043999257271402144,0.2012294451591378,0.7547712975694599
25944,LOF,0.06711995027532267,0.0980152932592835,0.8348647564653938
25945,LOF,0.12680813332177515,0.021779788866069846,0.851412077812155
25946,LOF,0.07108220444667578,0.043949055038078,0.8849687405152462
25947,Neutral,0.45317509021817287,0.10084109787183383,0.44598381190999326
25948,LOF,0.44508374221037506,0.014006888601882523,0.5409093691877425
25949,LOF,0.14421391697094613,0.07285619799913721,0.7829298850299167
25950,GOF,0.067140807547333,0.630285052601817,0.30257413985084985
25951,LOF,0.012216288988711708,0.440548280585311,0.5472354304259772
25952,LOF,0.29113487243298874,0.2858364553669443,0.4230286722000669
25953,LOF,0.006991211514874805,0.20146382523337764,0.7915449632517475
25954,GOF,0.08956972408260074,0.4922426408536574,0.4181876350637418
25955,LOF,0.0071840852200539245,0.17140715634800216,0.8214087584319439
25956,LOF,0.018902970118344596,0.2600475282667881,0.7210495016148674
25957,LOF,0.20380895521427622,0.03709015085335483,0.7591008939323689
25958,LOF,0.03292585511546324,0.03890835702899985,0.9281657878555369
25959,GOF,0.014681109191538125,0.559576610669368,0.4257422801390939
25960,LOF,0.006853880485574675,0.0583716018959216,0.9347745176185037
25961,LOF,0.03138723531476547,0.03450291479005257,0.9341098498951819
25962,LOF,0.03997559642397908,0.05918374123248361,0.9008406623435372
25963,LOF,0.005269266826902898,0.20066584121755388,0.7940648919555432
25964,LOF,0.0273313137522471,0.11499924084261938,0.8576694454051336
25965,LOF,0.25017823502715153,0.11091424168305111,0.6389075232897974
25966,Neutral,0.4794471407473231,0.13493014204222312,0.3856227172104538
25967,LOF,0.009618166992115375,0.08008086069234373,0.910300972315541
25968,LOF,0.04515696837413626,0.24394963579259266,0.710893395833271
25969,LOF,0.11544276480764962,0.05860555217720489,0.8259516830151455
25970,LOF,0.02050571083842191,0.082603673194502,0.8968906159670762
25971,LOF,0.07851412006983832,0.027572538853741915,0.8939133410764198
25972,LOF,0.06425782688730143,0.045774595512133025,0.8899675776005656
25973,LOF,0.06997965861179475,0.009473320739877793,0.9205470206483275
25974,LOF,0.05387017608275994,0.03814938101787277,0.9079804428993673
25975,LOF,0.05318831153251121,0.017993395222109448,0.9288182932453792
25976,LOF,0.10366405602667805,0.01022998770466984,0.8861059562686521
25977,LOF,0.1996096019861106,0.07386777056719258,0.7265226274466969
25978,LOF,0.17433205544496075,0.1257035584198978,0.6999643861351414
25979,LOF,0.14162077934644318,0.1384942911554639,0.7198849294980928
25980,LOF,0.24775522884946122,0.18926430205720482,0.562980469093334
25981,LOF,0.24851000030361622,0.19118392238304552,0.5603060773133383
25982,Neutral,0.46582984872041167,0.0949872778100096,0.43918287346957874
25983,Neutral,0.46762580444969387,0.11641675936380216,0.41595743618650394
25984,LOF,0.03934286978447893,0.0942117381766197,0.8664453920389014
25985,LOF,0.42522417854274186,0.14175316411849873,0.43302265733875944
25986,LOF,0.014311593410216567,0.39242987364070886,0.5932585329490746
25987,LOF,0.05475730993607127,0.09714433037885957,0.8480983596850692
25988,LOF,0.042577878621326226,0.1594177123776652,0.7980044090010086
25989,LOF,0.040311912360469174,0.19212082110664724,0.7675672665328837
25990,LOF,0.03945135013069322,0.29431022037470456,0.6662384294946021
25991,LOF,0.02573828859277642,0.41952288851321656,0.5547388228940071
25992,LOF,0.022796016838788874,0.4169516327371682,0.560252350424043
25993,LOF,0.02672741018237719,0.07530962910473613,0.8979629607128867
25994,LOF,0.022628039435840366,0.07265865005467903,0.9047133105094806
25995,LOF,0.02045774734372896,0.13321303759062494,0.8463292150656461
25996,LOF,0.3261775317892892,0.31586962558532666,0.3579528426253842
25997,LOF,0.0654923740483687,0.3659549259676728,0.5685526999839585
25998,LOF,0.25021262120975324,0.047699244579474595,0.7020881342107722
25999,LOF,0.027547586049501735,0.17470533061194954,0.7977470833385488
26000,LOF,0.19139887840653633,0.0369546074795097,0.7716465141139539
26001,LOF,0.2593738104010797,0.044662109395735214,0.695964080203185
26002,LOF,0.1228912077304637,0.05719788919740666,0.8199109030721297
26003,GOF,0.005282830793304377,0.6451725821236027,0.34954458708309305
26004,GOF,0.008973137996472088,0.6915140218407652,0.2995128401627628
26005,GOF,0.003859934076313866,0.5056680937844917,0.4904719721391944
26006,GOF,0.11870799090922288,0.5573948990354144,0.32389711005536265
26007,GOF,0.008426259901114137,0.539989722869581,0.45158401722930486
26008,GOF,0.005717913591420679,0.6643295323891785,0.32995255401940077
26009,GOF,0.007137902574534072,0.6701861426927394,0.3226759547327266
26010,GOF,0.008974414379841261,0.6515098968646479,0.33951568875551086
26011,LOF,0.003577412357629884,0.4644253378257911,0.5319972498165789
26012,GOF,0.004967605816088675,0.5557977589765412,0.43923463520737005
26013,GOF,0.006332745929924004,0.6062293667960063,0.3874378872740697
26014,LOF,0.05362579793526604,0.12179543176490132,0.8245787702998327
26015,LOF,0.4135169568706677,0.026354946198514313,0.560128096930818
26016,LOF,0.32298366467768,0.04287659398108856,0.6341397413412314
26017,LOF,0.0234042433997495,0.23754669126574182,0.7390490653345086
26018,LOF,0.02941472827153866,0.060131034040071835,0.9104542376883894
26019,LOF,0.029450474496049647,0.05107721978855538,0.919472305715395
26020,LOF,0.010354156164381968,0.21704260557462762,0.7726032382609903
26021,LOF,0.07867968001271854,0.0714385601404937,0.8498817598467877
26022,LOF,0.04465152801852919,0.031830146224881777,0.9235183257565891
26023,LOF,0.03382258327168471,0.03825364844951575,0.9279237682787995
26024,LOF,0.05159322001224953,0.07124118350750941,0.8771655964802412
26025,LOF,0.07035109692264335,0.09351631104516933,0.8361325920321873
26026,LOF,0.1273794765417649,0.0736318432212587,0.7989886802369764
26027,LOF,0.027415473248896177,0.029457656725871233,0.9431268700252327
26028,LOF,0.12592424491413462,0.15100200169327294,0.7230737533925923
26029,LOF,0.018108995622149345,0.2141402397352024,0.7677507646426482
26030,LOF,0.15584396268890657,0.025651435992727133,0.8185046013183662
26031,LOF,0.009034964074547578,0.1702383396155676,0.8207266963098848
26032,LOF,0.041819422686147044,0.05737093683290576,0.9008096404809472
26033,LOF,0.06539029491101382,0.04999688419526182,0.8846128208937243
26034,LOF,0.012245765749834839,0.14911387996985387,0.8386403542803114
26035,LOF,0.01080384834511973,0.11064067065607194,0.8785554809988083
26036,LOF,0.01102544941435551,0.12778487480441744,0.861189675781227
26037,LOF,0.009144922239498289,0.10176647834099986,0.8890885994195018
26038,LOF,0.03546620841905337,0.05030142259615356,0.9142323689847931
26039,LOF,0.023396890995044908,0.12345621883484262,0.8531468901701124
26040,LOF,0.10766926290727159,0.12806823974526896,0.7642624973474594
26041,LOF,0.011659242826956814,0.08904173748818085,0.8992990196848624
26042,LOF,0.010390243769661254,0.09923352966578884,0.89037622656455
26043,LOF,0.035146208905738205,0.0700652169046086,0.8947885741896533
26044,LOF,0.013228877740279857,0.04682844695676734,0.9399426753029528
26045,LOF,0.06801982055880851,0.10827731176976052,0.823702867671431
26046,LOF,0.02971549246299519,0.05341749358632285,0.9168670139506818
26047,LOF,0.05008748304102192,0.054481556393335254,0.8954309605656428
26048,LOF,0.0853763387721829,0.024612005702802118,0.8900116555250149
26049,Neutral,0.9483473598248279,0.007244437035153962,0.04440820314001798
26050,Neutral,0.9257654472063044,0.0081726525711028,0.06606190022259276
26051,LOF,0.01713926356668055,0.1027625304785458,0.8800982059547735
26052,LOF,0.03109284885642434,0.11802612000508565,0.85088103113849
26053,LOF,0.03166014192793318,0.1627703110790135,0.8055695469930533
26054,LOF,0.043471268209916744,0.026938766933276414,0.9295899648568068
26055,LOF,0.06151400849695924,0.023917757412854446,0.9145682340901863
26056,LOF,0.05067643032257747,0.03033904441688395,0.9189845252605386
26057,LOF,0.05936539972696648,0.01444378808160746,0.9261908121914261
26058,LOF,0.06188228650278955,0.011824202311252136,0.9262935111859584
26059,LOF,0.20710274322999397,0.03057020346914957,0.7623270533008565
26060,LOF,0.017035621785896397,0.18402213811752038,0.7989422400965831
26061,LOF,0.013231416944797873,0.010470594708658491,0.9762979883465436
26062,LOF,0.007102923724845581,0.01843648215259635,0.9744605941225581
26063,LOF,0.038017450560788923,0.011042949612697054,0.9509395998265141
26064,LOF,0.011054876628922627,0.024373180021049993,0.9645719433500274
26065,LOF,0.04512643802653228,0.011918478119305366,0.9429550838541623
26066,LOF,0.04706109178942151,0.010503753543682222,0.9424351546668963
26067,LOF,0.05331185699417617,0.00955358960946913,0.9371345533963548
26068,LOF,0.052354823876406546,0.047472783454755196,0.9001723926688383
26069,LOF,0.1651094308949067,0.02903754621880855,0.8058530228862847
26070,LOF,0.3403022244679236,0.023378449667854365,0.636319325864222
26071,LOF,0.042094285246445776,0.011521920970752783,0.9463837937828014
26072,LOF,0.011253777316679104,0.019707211711566332,0.9690390109717546
26073,LOF,0.0393895991057677,0.013757946093794196,0.9468524548004381
26074,Neutral,0.9214740499533487,0.008513811977139555,0.07001213806951183
26075,LOF,0.05260736261076256,0.022221718821854287,0.9251709185673831
26076,LOF,0.056815052095037094,0.011814638428217934,0.931370309476745
26077,LOF,0.17588249496462705,0.0069745941418184465,0.8171429108935544
26078,LOF,0.008883193664671656,0.014418072554155625,0.9766987337811727
26079,LOF,0.0645832804583178,0.024633898919194406,0.9107828206224877
26080,LOF,0.063436490270346,0.024662804080483384,0.9119007056491707
26081,LOF,0.03441059832373296,0.008350477311469363,0.9572389243647977
26082,LOF,0.007761873910997335,0.013902347207779678,0.978335778881223
26083,LOF,0.10639354270525135,0.01978303551163406,0.8738234217831146
26084,LOF,0.10889889256217276,0.015121233561237036,0.8759798738765903
26085,LOF,0.10290732564843308,0.01279095162838031,0.8843017227231866
26086,LOF,0.04092871080597291,0.011534598469838285,0.9475366907241889
26087,LOF,0.03812721390545245,0.009572577986535364,0.9523002081080122
26088,LOF,0.009636705308729666,0.018415395097352436,0.9719478995939179
26089,LOF,0.04345053652928922,0.03753377187570991,0.9190156915950008
26090,LOF,0.04408318190113964,0.02844242144852085,0.9274743966503396
26091,LOF,0.03283447984887361,0.007347270752118893,0.9598182493990074
26092,LOF,0.04334518630655803,0.008114312701028333,0.9485405009924135
26093,LOF,0.08120603080504879,0.005622368148787573,0.9131716010461636
26094,LOF,0.036844993464908105,0.007038684715667334,0.9561163218194245
26095,LOF,0.0377850107289373,0.01676390645357812,0.9454510828174846
26096,LOF,0.23242288161953842,0.005229951574640121,0.7623471668058214
26097,LOF,0.008815938134315145,0.03130517379505468,0.9598788880706302
26098,LOF,0.08191022241992808,0.019090998090854835,0.898998779489217
26099,LOF,0.04401929597345154,0.015396143382264657,0.9405845606442839
26100,LOF,0.0440077379773658,0.015396329524688031,0.9405959324979462
26101,LOF,0.058219887993621086,0.029504468220224293,0.9122756437861546
26102,LOF,0.03687844062006974,0.01597306079140334,0.9471484985885269
26103,Neutral,0.8746827559200072,0.026510743892817167,0.09880650018717542
26104,LOF,0.05814110289585415,0.04020736758361428,0.9016515295205315
26105,LOF,0.2602342514568718,0.14690906041384744,0.5928566881292807
26106,LOF,0.3128923071612848,0.11639763614152317,0.570710056697192
26107,LOF,0.023773429229680572,0.08904212252251804,0.8871844482478013
26108,LOF,0.28941944870523006,0.0432708752123186,0.6673096760824514
26109,LOF,0.09112584524119417,0.03600319576930601,0.8728709589894998
26110,LOF,0.4764917831181764,0.007768475946388169,0.5157397409354354
26111,LOF,0.04985688305861175,0.1284975815823891,0.8216455353589992
26112,LOF,0.05264504799164324,0.0090548426326953,0.9383001093756616
26113,LOF,0.1022145336874019,0.02253852614534008,0.875246940167258
26114,LOF,0.0911387154971354,0.007231965076408877,0.9016293194264556
26115,LOF,0.013903427656970745,0.046770764174636326,0.939325808168393
26116,LOF,0.07124878441409123,0.019897147376282398,0.9088540682096263
26117,LOF,0.41631998789449964,0.033830868736364254,0.5498491433691362
26118,LOF,0.04922148578766006,0.014965440982880386,0.9358130732294595
26119,LOF,0.006716156892266426,0.03322101841726659,0.960062824690467
26120,LOF,0.03874666075064788,0.014094777089661267,0.9471585621596909
26121,LOF,0.004617180877540135,0.11791750600789361,0.8774653131145662
