feature0,prediction,LoGoFunc_Neutral,LoGoFunc_GOF,LoGoFunc_LOF
25546,Neutral,0.7690223111219529,0.023082955847222583,0.20789473303082445
25547,Neutral,0.6140161994381691,0.06155615266746344,0.32442764789436745
25548,Neutral,0.5774024669893845,0.04434757288853638,0.3782499601220791
25549,Neutral,0.5017206445773126,0.04512672930049491,0.4531526261221925
25550,LOF,0.3563915979506384,0.09813241922786531,0.5454759828214962
25551,LOF,0.3025169831499912,0.10965043248312362,0.5878325843668851
25552,LOF,0.2071095144875751,0.11132353969461267,0.6815669458178122
25553,Neutral,0.8397384975998458,0.02498869858120376,0.13527280381895043
25554,LOF,0.2368493631697763,0.10513188139227755,0.6580187554379461
25555,LOF,0.19069790710509862,0.08860719819759949,0.7206948946973019
25556,LOF,0.40631566692608845,0.08907115403235764,0.5046131790415539
25557,LOF,0.1861614698538593,0.09579320628460959,0.7180453238615312
25558,LOF,0.2272714709468621,0.10757006213664387,0.665158466916494
25559,LOF,0.4059613779050437,0.08238176549508944,0.5116568565998668
25560,LOF,0.054136222806545564,0.1988140007753426,0.7470497764181119
25561,LOF,0.0982381373911027,0.23378932671703911,0.6679725358918582
25562,LOF,0.09708186754885643,0.10727416890503111,0.7956439635461124
25563,LOF,0.10667471490511886,0.10405288618158022,0.7892723989133009
25564,LOF,0.14680808475473447,0.17831071774695997,0.6748811974983057
25565,LOF,0.1376428581306545,0.1668249247363434,0.6955322171330021
25566,GOF,0.01531046219380765,0.7452667711781578,0.23942276662803458
25567,LOF,0.014114176038163765,0.14591761890750843,0.8399682050543279
25568,LOF,0.048848090289224856,0.06607938071311452,0.8850725289976606
25569,LOF,0.06037159569772288,0.07131491449319866,0.8683134898090784
25570,LOF,0.06300238510859925,0.09732614949541929,0.8396714653959815
25571,LOF,0.058140733119358044,0.08963856866171652,0.8522206982189254
25572,LOF,0.06346975404163598,0.14613496922405347,0.7903952767343106
25573,LOF,0.026095096992205708,0.09786355221096911,0.8760413507968252
25574,LOF,0.015591090065771368,0.165120967545919,0.8192879423883096
25575,LOF,0.04537073760766824,0.1040829442078954,0.8505463181844364
25576,LOF,0.019594890715728033,0.12718600616974288,0.853219103114529
25577,LOF,0.015435150644841746,0.1452925549517175,0.8392722944034409
25578,LOF,0.2297823783060456,0.09106689714215302,0.6791507245518015
25579,LOF,0.2306890919251974,0.09038013545389967,0.678930772620903
25580,LOF,0.03374740137243989,0.08556378529558659,0.8806888133319735
25581,LOF,0.048365916222058714,0.07598825378991692,0.8756458299880244
25582,LOF,0.04796019222244975,0.07359832105052917,0.8784414867270209
25583,LOF,0.041172342031522424,0.0942477686196913,0.8645798893487864
25584,LOF,0.45272702072043447,0.09036737614868441,0.456905603130881
25585,LOF,0.03134234192895309,0.11117830067014181,0.8574793574009051
25586,LOF,0.035905794521124135,0.07964602678492504,0.8844481786939508
25587,LOF,0.033508888885423325,0.07792491248688521,0.8885661986276915
25588,LOF,0.034159072451411414,0.10112495094543572,0.8647159766031529
25589,Neutral,0.5938797915453276,0.11307232892175903,0.2930478795329135
25590,LOF,0.02680315754205328,0.13886895329947155,0.8343278891584751
25591,LOF,0.10383346081833789,0.06534113156142245,0.8308254076202396
25592,LOF,0.09409146316485051,0.1351970103911359,0.7707115264440135
25593,LOF,0.015277728556364438,0.26890896719793006,0.7158133042457054
25594,LOF,0.035012253796758104,0.22933857303600147,0.7356491731672404
25595,LOF,0.05257926646503135,0.17999412220441596,0.7674266113305527
25596,LOF,0.06459120810210112,0.1207350769316155,0.8146737149662835
25597,LOF,0.06397571544015966,0.0982273856103273,0.837796898949513
25598,LOF,0.04117181017730707,0.21317036446333143,0.7456578253593615
25599,GOF,0.007328447760428122,0.7862057970331081,0.20646575520646387
25600,GOF,0.0094198445770775,0.5795153254015315,0.411064830021391
25601,LOF,0.007106611871876394,0.4888382277049674,0.5040551604231562
25602,LOF,0.020980183439823632,0.05828614596560859,0.9207336705945677
25603,LOF,0.033582956559333584,0.042912946074111405,0.9235040973665551
25604,LOF,0.04801335847961944,0.06261703588009238,0.8893696056402881
25605,LOF,0.010705282917119356,0.27606830843172103,0.7132264086511596
25606,GOF,0.06447893820406077,0.5068786685891941,0.42864239320674513
25607,LOF,0.004342519756233052,0.17964155211704286,0.8160159281267241
25608,LOF,0.057205337889198085,0.05087326765042483,0.8919213944603771
25609,LOF,0.064045406112227,0.37216709755546934,0.5637874963323036
25610,LOF,0.04425471626100254,0.030342106927698082,0.9254031768112992
25611,LOF,0.05022536913992051,0.02898375240520856,0.920790878454871
25612,LOF,0.09969031974318064,0.054731010567778626,0.8455786696890407
25613,LOF,0.08419413684977135,0.05179912017724769,0.864006742972981
25614,LOF,0.034133344221399395,0.039694279095563396,0.9261723766830372
25615,LOF,0.05778812955177515,0.039743863661438915,0.902468006786786
25616,LOF,0.035427335082932915,0.038075984113924974,0.9264966808031421
25617,LOF,0.03379833445371426,0.04330198814125969,0.9228996774050261
25618,LOF,0.21133931156023308,0.038188359596830694,0.7504723288429361
25619,LOF,0.03615323157692954,0.035056626422064245,0.9287901420010063
25620,LOF,0.03894998412469951,0.04553832238422632,0.9155116934910741
25621,LOF,0.03649184846443748,0.03671693399388489,0.9267912175416777
25622,LOF,0.0323416531929309,0.04948446376551947,0.9181738830415497
25623,LOF,0.06195385897148089,0.038659544371133024,0.8993865966573862
25624,LOF,0.029992412497585344,0.047247812566581,0.9227597749358336
25625,LOF,0.03722663328461865,0.05650986940842884,0.9062634973069524
25626,LOF,0.07380579155961839,0.03825633446463138,0.8879378739757502
25627,Neutral,0.548523225843408,0.12466605841857595,0.32681071573801607
25628,LOF,0.19880554206658504,0.06765358730433203,0.7335408706290829
25629,LOF,0.06583789229644317,0.14254530503608487,0.7916168026674719
25630,LOF,0.1894453805936747,0.11590777352782249,0.6946468458785028
25631,Neutral,0.6065819904651247,0.08295465776750525,0.3104633517673701
25632,LOF,0.023735923955022425,0.08793553172653099,0.8883285443184467
25633,LOF,0.2620496952691838,0.10432706702260099,0.6336232377082152
25634,LOF,0.03987352014092223,0.11709825509805073,0.843028224761027
25635,LOF,0.050452903547391154,0.1021592753667281,0.8473878210858806
25636,GOF,0.006068358489994356,0.6095776800002485,0.3843539615097572
25637,GOF,0.005221050729092982,0.5102990364520522,0.48447991281885483
25638,LOF,0.008201929176178032,0.4209822165814928,0.5708158542423291
25639,LOF,0.005027532053863132,0.3943686780906974,0.6006037898554395
25640,GOF,0.40271425137887173,0.550620740692956,0.04666500792817222
25641,LOF,0.006549703590876927,0.3445964267077151,0.648853869701408
25642,LOF,0.24823068734342246,0.0737273591679645,0.6780419534886131
25643,LOF,0.1760901968124269,0.2545491276685704,0.5693606755190027
25644,GOF,0.02781818266242126,0.5438281250132557,0.42835369232432297
25645,LOF,0.020465430693576314,0.46951247880358965,0.510022090502834
25646,LOF,0.021036117054142617,0.3367623921491069,0.6422014907967506
25647,LOF,0.017735146281012158,0.2598010003018539,0.7224638534171339
25648,LOF,0.015411138367466942,0.2749272173077371,0.7096616443247958
25649,LOF,0.01362588619968168,0.21346612797311848,0.7729079858271998
25650,GOF,0.04157267727248506,0.5086416569563097,0.4497856657712052
25651,LOF,0.01249409980563935,0.24952371407785762,0.7379821861165031
25652,LOF,0.01933341991461317,0.24812711546003968,0.732539464625347
25653,LOF,0.09452983262109077,0.43742005187704247,0.46805011550186676
25654,LOF,0.014206032235490596,0.2593001687233007,0.7264937990412088
25655,LOF,0.11163109699144941,0.35989748486004525,0.5284714181485053
25656,LOF,0.05795056441739575,0.06304215708283628,0.879007278499768
25657,LOF,0.31088440859464705,0.025419405130870078,0.6636961862744828
25658,LOF,0.031194604461531814,0.08053421791796041,0.8882711776205078
25659,LOF,0.22614677616788204,0.06398554209153859,0.7098676817405793
25660,LOF,0.10515777979544264,0.09517085558328808,0.7996713646212693
25661,LOF,0.08740176586602554,0.06536428871775583,0.8472339454162187
25662,LOF,0.03595619608421812,0.04427036289615682,0.919773441019625
25663,LOF,0.04573542154520645,0.08208025813247237,0.8721843203223212
25664,LOF,0.03215437553401418,0.1415783707923723,0.8262672536736134
25665,LOF,0.054067060468469146,0.047334733593630586,0.8985982059379002
25666,LOF,0.03994957375212579,0.18100972161472853,0.7790407046331456
25667,LOF,0.03501957598926821,0.05998507352081609,0.9049953504899156
25668,LOF,0.0450217777853308,0.061237303432157573,0.8937409187825116
25669,LOF,0.05217184280401612,0.10134047343274573,0.8464876837632382
25670,LOF,0.14274311558930022,0.10587023793749076,0.751386646473209
25671,LOF,0.04383533775041556,0.05139403357023992,0.9047706286793444
25672,LOF,0.05375430094942649,0.08291021362201272,0.8633354854285609
25673,LOF,0.03892415230039779,0.08745180842116983,0.8736240392784324
25674,LOF,0.029637201566263562,0.10125244824611908,0.8691103501876174
25675,LOF,0.039631202978787555,0.08870768644297355,0.8716611105782388
25676,LOF,0.03576833482632987,0.06458526853386938,0.8996463966398007
25677,LOF,0.09406012661645237,0.05872570158405871,0.847214171799489
25678,LOF,0.16310811384106244,0.05645671798865101,0.7804351681702865
25679,LOF,0.10070630798724263,0.08321379312534519,0.8160798988874122
25680,LOF,0.09376473571910927,0.09054249500496393,0.8156927692759268
25681,LOF,0.10495462263004472,0.08619228314928153,0.8088530942206738
25682,LOF,0.0562705607504542,0.07287359412187194,0.8708558451276739
25683,LOF,0.07477867789156407,0.12457415441166764,0.8006471676967682
25684,LOF,0.06548724399578128,0.06820382998896987,0.8663089260152488
25685,LOF,0.1209134565970665,0.04671779972368138,0.8323687436792521
25686,LOF,0.03670190275447376,0.08915892698536715,0.8741391702601591
25687,LOF,0.07070790498367424,0.09021323222112673,0.839078862795199
25688,LOF,0.016655737190285614,0.13167086839378572,0.8516733944159286
25689,LOF,0.014195766055518392,0.07780759920335834,0.9079966347411234
25690,LOF,0.016056420373417184,0.09088894337640657,0.8930546362501762
25691,LOF,0.1123368109937885,0.15227937604347133,0.7353838129627402
25692,LOF,0.1865408572502697,0.01808544172587359,0.7953737010238566
25693,LOF,0.04433859605744332,0.16522146969982315,0.7904399342427335
25694,LOF,0.27714887387172,0.014895953548130706,0.7079551725801493
25695,LOF,0.21287895296494322,0.021246515704645915,0.7658745313304108
25696,LOF,0.15632096585689248,0.01232995257316075,0.8313490815699467
25697,LOF,0.1152253270218012,0.030743899843753593,0.8540307731344453
25698,LOF,0.02254743474104116,0.3413512327500081,0.6361013325089508
25699,LOF,0.09614972918616035,0.0678980504986307,0.835952220315209
25700,LOF,0.03591979771456278,0.014491353818575838,0.9495888484668614
25701,LOF,0.017190736042411867,0.06792769910537454,0.9148815648522137
25702,GOF,0.023590879120908126,0.7356708615004539,0.2407382593786379
25703,LOF,0.014919320858918944,0.2141333544124739,0.7709473247286072
25704,LOF,0.10185832100363004,0.19727591746499804,0.7008657615313719
25705,LOF,0.09176046113176406,0.2603326859860722,0.6479068528821638
25706,GOF,0.020241614188289552,0.6226901826114707,0.3570682032002398
25707,GOF,0.025682468703338547,0.6275260847131313,0.3467914465835303
25708,GOF,0.008342401575757762,0.6090626481338,0.38259495029044244
25709,LOF,0.0274425124975488,0.08967982672903844,0.8828776607734127
25710,LOF,0.005358060801617881,0.25699347530273287,0.7376484638956493
25711,LOF,0.0306877052904414,0.14432904400313498,0.8249832507064236
25712,LOF,0.007141217123910642,0.3123792841768062,0.6804794986992831
25713,LOF,0.026670995998071264,0.12906421367632726,0.8442647903256015
25714,LOF,0.029498760357336368,0.16739025600369273,0.8031109836389709
25715,LOF,0.03264294878388356,0.1436224255113401,0.8237346257047764
25716,LOF,0.009280814126367203,0.1672601689716812,0.8234590169019517
25717,LOF,0.005461902712996648,0.1834234437167583,0.811114653570245
25718,LOF,0.028013498237966332,0.10652717307062255,0.8654593286914112
25719,LOF,0.038988211059291185,0.12195240321420793,0.8390593857265007
25720,LOF,0.03880966769859351,0.11078530730871568,0.8504050249926909
25721,LOF,0.03247012280428661,0.10096424140561609,0.8665656357900973
25722,LOF,0.01966889856650061,0.14642162412271398,0.8339094773107855
25723,LOF,0.031668506865085495,0.10179003507970195,0.8665414580552125
25724,LOF,0.026912197167253914,0.18918158027339627,0.7839062225593499
25725,LOF,0.031354713878896434,0.09390907709409926,0.8747362090270042
25726,LOF,0.021538077284873114,0.1252507065722022,0.8532112161429247
25727,LOF,0.02961133193397755,0.13139302589745544,0.8389956421685669
25728,LOF,0.029576257018628673,0.12048426980134215,0.8499394731800292
25729,LOF,0.028395269155311216,0.1339060827574853,0.8376986480872035
25730,LOF,0.0315175220292704,0.09516540210234696,0.8733170758683827
25731,LOF,0.01116136142915134,0.21704595711358393,0.7717926814572648
25732,LOF,0.024660933677999868,0.10885482261483527,0.8664842437071649
25733,LOF,0.03741503700818588,0.10962905623312208,0.8529559067586919
25734,LOF,0.006164896587385958,0.3102910898172112,0.6835440135954028
25735,LOF,0.027497368256431346,0.09376699649602185,0.8787356352475468
25736,LOF,0.024770593356192305,0.15225488514405516,0.8229745214997526
25737,LOF,0.05562495441470322,0.14039497479018875,0.803980070795108
25738,LOF,0.02768651701412122,0.17613030426018053,0.7961831787256983
25739,LOF,0.033796252714701165,0.14642598140176222,0.8197777658835366
25740,LOF,0.034119996286116554,0.16208912556849325,0.8037908781453902
25741,LOF,0.04126408666994826,0.14087827364441757,0.8178576396856342
25742,LOF,0.05268610503809841,0.14301557002718432,0.8042983249347172
25743,LOF,0.01234519589817676,0.02816541332367379,0.9594893907781493
25744,LOF,0.22139127187169302,0.314946884801291,0.463661843327016
25745,LOF,0.04894606264529752,0.10492830034943704,0.8461256370052653
25746,LOF,0.019009796260035506,0.15457041439375213,0.8264197893462123
25747,LOF,0.04190479768163404,0.029089447218126483,0.9290057551002394
25748,LOF,0.3008216625001202,0.05903390695386758,0.6401444305460122
25749,LOF,0.014927085177219862,0.07583088088154705,0.909242033941233
25750,LOF,0.02390011553819872,0.08117242151876294,0.8949274629430383
25751,LOF,0.04375773908772658,0.05189328729465684,0.9043489736176167
25752,GOF,0.07956442751785152,0.732326253027835,0.1881093194543134
25753,LOF,0.005943893812227234,0.44992074318280095,0.5441353630049718
25754,GOF,0.007126330749083272,0.8967787271533966,0.09609494209752022
25755,LOF,0.005688768343871218,0.4723989525825851,0.5219122790735438
25756,LOF,0.02396144708431136,0.47547589453739125,0.5005626583782974
25757,GOF,0.007703125191911534,0.8845800546875523,0.1077168201205362
25758,GOF,0.008377785614226163,0.8901817409598711,0.10144047342590258
25759,GOF,0.005693383387847302,0.7013353052093427,0.29297131140281
25760,LOF,0.004911562051034006,0.3741937782339577,0.6208946597150082
25761,GOF,0.04474980608866812,0.8636614352713955,0.09158875863993628
25762,LOF,0.02732898863171429,0.4148058115272635,0.5578651998410222
25763,LOF,0.00552068497185478,0.342316523279693,0.6521627917484523
25764,GOF,0.05597606103406152,0.684053113365917,0.2599708256000215
25765,GOF,0.007616217855932204,0.8945190902809327,0.09786469186313511
25766,GOF,0.04777792632783955,0.8384132983223619,0.11380877534979864
25767,GOF,0.01928340093008996,0.5288387787958426,0.4518778202740676
25768,LOF,0.060438505736977365,0.056253396515912164,0.8833080977471105
25769,LOF,0.035094760391738825,0.07576503200607002,0.8891402076021911
25770,LOF,0.14458783009892096,0.06582082714530699,0.789591342755772
25771,LOF,0.017939302545541314,0.061008561844847965,0.9210521356096107
25772,LOF,0.03343609309757104,0.022974811188358066,0.9435890957140709
25773,LOF,0.02197538592663182,0.06628293786313096,0.9117416762102372
25774,LOF,0.02759468280091938,0.09334928405532213,0.8790560331437585
25775,LOF,0.02049816088056364,0.03698446741516231,0.9425173717042741
25776,LOF,0.036525819370707674,0.020101731128507935,0.9433724495007845
25777,LOF,0.15981697767626474,0.06245978112231932,0.7777232412014159
25778,LOF,0.026544736472778406,0.0437586268916328,0.9296966366355889
25779,GOF,0.06403122977382329,0.8730068882155101,0.06296188201066662
25780,GOF,0.09346190563857092,0.8574241402488229,0.04911395411260639
25781,GOF,0.035839611822021965,0.8609562088206759,0.10320417935730213
25782,GOF,0.03942984363132961,0.9024728297425829,0.058097326626087416
25783,GOF,0.03990429877675242,0.9166549023810086,0.04344079884223903
25784,GOF,0.11117588520094192,0.8423777565285825,0.04644635827047563
25785,GOF,0.1157733574506431,0.8477697403710351,0.036456902178321614
25786,GOF,0.012095335432895713,0.8776710890459504,0.11023357552115395
25787,GOF,0.25777434701194,0.7029247906676171,0.03930086232044293
25788,LOF,0.017187517423658205,0.16153992522865046,0.8212725573476913
25789,GOF,0.022470095525606894,0.8365885915993915,0.14094131287500167
25790,GOF,0.03215065242791586,0.8728098016479715,0.0950395459241126
25791,GOF,0.030495561573128868,0.7548161383412859,0.2146883000855853
25792,GOF,0.03478466932849787,0.7916439978347076,0.17357133283679446
25793,GOF,0.06771835982002997,0.8235529089375705,0.10872873124239962
25794,GOF,0.049109683010635855,0.7398196854736812,0.211070631515683
25795,GOF,0.06577293465258188,0.7328823102316158,0.2013447551158023
25796,GOF,0.12308124529425488,0.7921721611473016,0.08474659355844362
25797,GOF,0.09249072222860434,0.7320710021482218,0.17543827562317388
25798,GOF,0.0074743939825948555,0.7273895932318186,0.2651360127855866
25799,GOF,0.004465456312934758,0.6567677296814289,0.3387668140056362
25800,GOF,0.03001822861971145,0.8219497508785603,0.14803202050172845
25801,GOF,0.023917216509515594,0.8967263287397886,0.0793564547506957
25802,GOF,0.031161924831903325,0.7880684070258958,0.18076966814220108
25803,GOF,0.021499433064082606,0.6909956950142758,0.28750487192164165
25804,GOF,0.032562354585419645,0.7404865515333043,0.22695109388127604
25805,GOF,0.030813923850852725,0.7630872984870251,0.2060987776621224
25806,GOF,0.040808119006375744,0.7733891338024218,0.18580274719120238
25807,GOF,0.01275991704020297,0.718695050468372,0.26854503249142514
25808,GOF,0.024387302155147225,0.7474995585837111,0.2281131392611417
25809,GOF,0.011738856813643977,0.6679364622811204,0.3203246809052357
25810,GOF,0.010410948078841794,0.6503574818159035,0.3392315701052547
25811,GOF,0.0686940218619982,0.8560276379474554,0.0752783401905464
25812,GOF,0.02852936463280059,0.7646429218796559,0.20682771348754342
25813,GOF,0.15514357005674806,0.7656996818213728,0.0791567481218791
25814,GOF,0.034737825372567845,0.7781525685195648,0.18710960610786745
25815,GOF,0.06978174449170196,0.8281577474003656,0.1020605081079324
25816,GOF,0.01027913180766195,0.8597870326140155,0.1299338355783227
25817,GOF,0.12686117208346362,0.7661548787958024,0.10698394912073417
25818,GOF,0.028827799047494388,0.75471141228706,0.21646078866544569
25819,GOF,0.052367845042701124,0.7297746670408559,0.217857487916443
25820,GOF,0.045868345124094226,0.664043092528591,0.29008856234731484
25821,GOF,0.03101079142179759,0.7107601586152842,0.2582290499629184
25822,GOF,0.0620216881097378,0.6972253333510303,0.2407529785392319
25823,GOF,0.028912963229981038,0.6876708248645799,0.28341621190543914
25824,GOF,0.033357937146375014,0.7412749165231257,0.22536714633049917
25825,GOF,0.027028514778483868,0.7290121889042207,0.2439592963172953
25826,GOF,0.012091103922580927,0.6688070741382273,0.3191018219391919
25827,GOF,0.016485490093555218,0.6710110859563103,0.3125034239501346
25828,GOF,0.012554693747607346,0.6942608390002081,0.2931844672521846
25829,GOF,0.004590527725262592,0.628430793381143,0.3669786788935944
25830,GOF,0.03838440692901924,0.48951721538627807,0.4720983776847027
25831,GOF,0.06332789771860468,0.799784542419502,0.1368875598618934
25832,GOF,0.009945857421908224,0.7073256881759465,0.28272845440214517
25833,GOF,0.0363014864409802,0.7901415361643916,0.1735569773946281
25834,GOF,0.0103511138115234,0.7246118680014839,0.2650370181869927
25835,GOF,0.026736743057915943,0.7983977554345475,0.17486550150753655
25836,GOF,0.007702421760422381,0.7108933371077324,0.2814042411318451
25837,GOF,0.010030720265427423,0.7272381082857339,0.2627311714488386
25838,GOF,0.027512322506013737,0.8073131242490996,0.1651745532448867
25839,GOF,0.07123565364477082,0.7959871305400963,0.13277721581513285
25840,GOF,0.0954228221727434,0.7634610767900206,0.14111610103723599
25841,GOF,0.09483134184062064,0.7967938176541729,0.10837484050520649
25842,GOF,0.03134439399543258,0.854921857207166,0.11373374879740136
25843,GOF,0.0318517869487534,0.8581973827564717,0.1099508302947748
25844,GOF,0.02183407095985956,0.7963467430352352,0.1818191860049053
25845,GOF,0.00647403937897269,0.7048740688192446,0.28865189180178286
25846,GOF,0.06859292113688197,0.8178215356319946,0.11358554323112333
25847,GOF,0.020144455176202117,0.8550005039474027,0.12485504087639511
25848,GOF,0.029400204043592927,0.8092801991960044,0.16131959676040275
25849,GOF,0.008664244879010232,0.7757398309470798,0.2155959241739101
25850,GOF,0.00730393703661257,0.6763079742233286,0.31638808874005886
25851,GOF,0.006884273298682948,0.6269899112630373,0.3661258154382798
25852,GOF,0.15260706406793473,0.5722685558167212,0.2751243801153441
25853,GOF,0.06569369924903985,0.7829773831863931,0.15132891756456698
25854,GOF,0.0057021132675188655,0.6549905429248528,0.3393073438076283
25855,GOF,0.02158469436482219,0.6491328330713574,0.32928247256382054
25856,GOF,0.042683943749039756,0.7273093078656634,0.23000674838529675
25857,GOF,0.02147490190490729,0.6524335764976634,0.3260915215974292
25858,GOF,0.010327190309077207,0.6239774326708666,0.3656953770200561
25859,GOF,0.007547934696645158,0.5934868340853372,0.3989652312180175
25860,GOF,0.07683016679660205,0.7453637336140813,0.1778060995893167
25861,GOF,0.10419113966938011,0.7876853313456453,0.10812352898497454
25862,GOF,0.024882576006671736,0.8664174662956577,0.10869995769767046
25863,GOF,0.02133236610165794,0.8639147623535891,0.11475287154475305
25864,GOF,0.06615309153873354,0.8635294825026442,0.07031742595862218
25865,GOF,0.05596521442073467,0.8309813199871605,0.11305346559210484
25866,GOF,0.02547724672075892,0.8482359379472916,0.12628681533194938
25867,GOF,0.04125961348769149,0.8493770273723171,0.10936335913999133
25868,GOF,0.0676429879397154,0.7892834532409881,0.14307355881929643
25869,GOF,0.37333400085891705,0.5157010228587998,0.11096497628228312
25870,GOF,0.06601539853617326,0.5247010388617651,0.40928356260206167
25871,GOF,0.01005560324663114,0.8137303773697583,0.17621401938361067
25872,GOF,0.022023354696328018,0.7700573979145574,0.20791924738911446
25873,GOF,0.021383084343847673,0.8484028640309723,0.13021405162518002
25874,LOF,0.017641621608650685,0.1791418637902553,0.803216514601094
25875,LOF,0.030911528808621514,0.05863276363926915,0.9104557075521094
25876,LOF,0.0216560723189705,0.04934668531961974,0.9289972423614098
25877,LOF,0.11022307660052155,0.11308802248545893,0.7766889009140195
25878,LOF,0.07659333758168954,0.1357817322986594,0.7876249301196511
25879,LOF,0.013214895175605786,0.09979601940181608,0.886989085422578
25880,LOF,0.07247619199731918,0.0173736516444695,0.9101501563582112
25881,Neutral,0.5312038056173457,0.10072253100912162,0.36807366337353276
25882,LOF,0.06871539338311375,0.03338622609297463,0.8978983805239116
25883,LOF,0.03163438677278213,0.030254538459885304,0.9381110747673326
25884,LOF,0.02023165316916194,0.04905575748638028,0.9307125893444578
25885,LOF,0.19425637357731781,0.016060599729210052,0.7896830266934721
25886,LOF,0.2795246581404888,0.06553219560734524,0.6549431462521659
25887,LOF,0.09060268607112329,0.1302733301019203,0.7791239838269565
25888,LOF,0.007856741504583965,0.1708767143139451,0.8212665441814708
25889,LOF,0.02666386493549171,0.04426548064413863,0.9290706544203697
25890,LOF,0.1969576265398106,0.06738965301832878,0.7356527204418606
25891,LOF,0.10112110040185597,0.028353295234744773,0.8705256043633993
25892,LOF,0.008545775119003219,0.031751435980111806,0.959702788900885
25893,LOF,0.3645078560905989,0.009778274130883124,0.625713869778518
25894,LOF,0.34682838932411797,0.007052802590662801,0.6461188080852193
25895,LOF,0.2921894912329414,0.012829174813833867,0.6949813339532247
25896,LOF,0.07242865289853996,0.03053569912321261,0.8970356479782475
25897,LOF,0.13048691088519443,0.01038630468139596,0.8591267844334097
25898,LOF,0.12281510784202307,0.030881790298567247,0.8463031018594097
25899,LOF,0.3992710905072388,0.03168446853455713,0.5690444409582041
25900,LOF,0.4889491903573567,0.00978219483666319,0.5012686148059802
25901,LOF,0.08532165018452034,0.010989529028986363,0.9036888207864933
25902,LOF,0.09074847478400594,0.014586077451520737,0.8946654477644733
25903,LOF,0.2174237669314601,0.02397720782005343,0.7585990252484865
25904,Neutral,0.4965459584326224,0.03896769233890415,0.46448634922847354
25905,LOF,0.008225369236483964,0.4220180693194749,0.5697565614440412
25906,LOF,0.009894448725233446,0.07836034049464798,0.9117452107801186
25907,LOF,0.009839585786943246,0.25274626184389953,0.7374141523691572
25908,LOF,0.00955148823514185,0.25874676955017895,0.7317017422146792
25909,LOF,0.034801254742138896,0.0988446242940116,0.8663541209638495
25910,LOF,0.01238972171964242,0.1260877950923153,0.8615224831880423
25911,LOF,0.203093897881748,0.02822446355415797,0.768681638564094
25912,LOF,0.10477436310363132,0.022174096966028258,0.8730515399303403
25913,LOF,0.017843577187007017,0.03501970494505978,0.9471367178679332
25914,LOF,0.048678873937761075,0.021585538742715616,0.9297355873195233
25915,LOF,0.20120567387055044,0.09381058000516877,0.7049837461242808
25916,LOF,0.01784480705002926,0.05282007354550436,0.9293351194044663
25917,LOF,0.08433836802896205,0.025340866740491814,0.890320765230546
25918,LOF,0.05199727196931201,0.012116710929502495,0.9358860171011855
25919,LOF,0.04120076968176615,0.01192949818542552,0.9468697321328082
25920,LOF,0.35708507171942494,0.25245387508420136,0.39046105319637364
25921,LOF,0.016914208526184155,0.020678672534486107,0.9624071189393297
25922,LOF,0.015474168458141865,0.022120123239753757,0.9624057083021045
25923,LOF,0.4792181920279674,0.01478418085876325,0.5059976271132692
25924,LOF,0.024486143699094715,0.025847517682344407,0.9496663386185609
25925,LOF,0.10594521245425449,0.02840900848362292,0.8656457790621225
25926,LOF,0.09124201431139409,0.018199766345551503,0.8905582193430545
25927,LOF,0.023789498931366528,0.050890618586554554,0.9253198824820789
25928,LOF,0.012930387116781156,0.02747445295792838,0.9595951599252903
25929,Neutral,0.599359637793714,0.014298788185695823,0.3863415740205903
25930,LOF,0.09110599564076917,0.013481863569704136,0.8954121407895267
25931,LOF,0.015238388693231804,0.01789167652473487,0.9668699347820333
25932,LOF,0.08351807635888335,0.01728553295758148,0.8991963906835352
25933,LOF,0.08949053557727939,0.01046441931898772,0.900045045103733
25934,LOF,0.09015518567651913,0.00846251946023681,0.9013822948632441
25935,LOF,0.101403509833977,0.02588985598335873,0.8727066341826643
25936,LOF,0.11448076831151444,0.009929765014083894,0.8755894666744016
25937,LOF,0.022919599954749226,0.015319667521822367,0.9617607325234284
25938,LOF,0.10737884221419106,0.023877587604665584,0.8687435701811433
25939,LOF,0.07113329575819033,0.012568388496614326,0.9162983157451954
25940,GOF,0.01135526373680318,0.5705291366951952,0.4181155995680017
25941,LOF,0.4657848115749463,0.040978094160593684,0.49323709426446005
25942,LOF,0.010666351834884505,0.046270992134210785,0.9430626560309047
25943,LOF,0.051103506746882764,0.20638505811437477,0.7425114351387425
25944,LOF,0.04890681948725227,0.09445868400108635,0.8566344965116613
25945,LOF,0.16953879546047926,0.025182265781126534,0.8052789387583943
25946,LOF,0.07241579907689405,0.03942194988444718,0.8881622510386588
25947,Neutral,0.4713265097716194,0.09768830840168935,0.4309851818266912
25948,LOF,0.38092178546740985,0.014770086328946538,0.6043081282036435
25949,LOF,0.1367211391349398,0.07433939420812052,0.7889394666569397
25950,GOF,0.11748357164784921,0.5849626784407641,0.29755374991138667
25951,LOF,0.010708733774449869,0.45362286313746913,0.5356684030880811
25952,LOF,0.18694191963371176,0.24832569098212087,0.5647323893841674
25953,LOF,0.008374271701795036,0.3704359447092206,0.6211897835889845
25954,GOF,0.09549805733741641,0.5131751289159238,0.3913268137466598
25955,LOF,0.00955148289954156,0.26333011430740844,0.72711840279305
25956,LOF,0.009593492761921842,0.37173805908337754,0.6186684481547006
25957,LOF,0.15489777928742496,0.04334223278968986,0.8017599879228852
25958,LOF,0.03366055544541272,0.0700297711927533,0.8963096733618339
25959,GOF,0.006606761493655935,0.7789005897046456,0.21449264880169847
25960,LOF,0.004585034403937469,0.14622404309053644,0.8491909225055262
25961,LOF,0.02964697727855123,0.05520595381421631,0.9151470689072324
25962,LOF,0.031227749555302903,0.0837497174358178,0.8850225330088792
25963,LOF,0.00847173780284087,0.13946041231547016,0.8520678498816889
25964,LOF,0.03997688087144884,0.15077852063488986,0.8092445984936613
25965,LOF,0.1984524856417315,0.18133742799684582,0.6202100863614226
25966,LOF,0.33102809235245845,0.13410959289196317,0.5348623147555783
25967,LOF,0.006737684849131281,0.09349069793480307,0.8997716172160656
25968,LOF,0.0471306197326295,0.27462277533075097,0.6782466049366196
25969,LOF,0.1356976217108295,0.06869759646966775,0.7956047818195027
25970,LOF,0.06620412971471319,0.06167616737598543,0.8721197029093014
25971,LOF,0.06796614358745764,0.029669983405074055,0.9023638730074682
25972,LOF,0.08472057165744835,0.056287036338944905,0.8589923920036067
25973,LOF,0.05599690851526436,0.01272839913922808,0.9312746923455075
25974,LOF,0.05495341815092867,0.04218699492332444,0.902859586925747
25975,LOF,0.03526097141361242,0.019345183415688725,0.9453938451706988
25976,LOF,0.09135150214826168,0.014218285040835242,0.8944302128109031
25977,LOF,0.24966497407857688,0.05305930652755061,0.6972757193938726
25978,LOF,0.14220958727171498,0.14377145178759196,0.7140189609406931
25979,LOF,0.11995751413524457,0.16305735939344723,0.7169851264713082
25980,LOF,0.18295266995427786,0.22562280590742306,0.591424524138299
25981,LOF,0.18385938825844392,0.2281997128166391,0.587940898924917
25982,LOF,0.33517428652251413,0.1302620129682213,0.5345637005092646
25983,LOF,0.411694731754073,0.13597423720406734,0.4523310310418595
25984,LOF,0.07270997297536802,0.07663721338827757,0.8506528136363544
25985,Neutral,0.4972854884363247,0.12358751781023886,0.37912699375343656
25986,LOF,0.014132104225587824,0.4384173862995115,0.5474505094749007
25987,LOF,0.042376220770113174,0.09631255008025212,0.8613112291496346
25988,LOF,0.06680768316754297,0.12083983059525397,0.8123524862372031
25989,LOF,0.07244310321880733,0.211091739115774,0.7164651576654186
25990,LOF,0.05796206388786774,0.3318909461097574,0.6101469900023748
25991,GOF,0.02411421093008322,0.5988982868587962,0.3769875022111206
25992,GOF,0.011945864247898992,0.5344056633008581,0.45364847245124285
25993,LOF,0.01789459292730695,0.07662268693191447,0.9054827201407787
25994,LOF,0.027811146627230963,0.08369778060063165,0.8884910727721373
25995,LOF,0.017803770784531135,0.14994724873342113,0.8322489804820478
25996,GOF,0.3285327152921371,0.4897832495142535,0.18168403519360932
25997,GOF,0.051921802335325604,0.5433288371759037,0.40474936048877064
25998,LOF,0.23727380039215998,0.03870562706680952,0.7240205725410305
25999,LOF,0.040262383175390624,0.14429942572238194,0.8154381911022275
26000,LOF,0.14192736055163968,0.01523334584267611,0.8428392936056842
26001,LOF,0.16177257081444435,0.02288125001318583,0.8153461791723698
26002,LOF,0.09415139469359293,0.027036991447668815,0.8788116138587382
26003,GOF,0.006400230820493049,0.7060466533493187,0.2875531158301882
26004,GOF,0.014346226530281954,0.6614809098045044,0.32417286366521375
26005,GOF,0.004765082813380884,0.5540075297636107,0.4412273874230084
26006,GOF,0.09105688240930354,0.5794084563232893,0.32953466126740727
26007,GOF,0.009000841374722983,0.5672761253873657,0.42372303323791116
26008,GOF,0.006092094496538784,0.6344131014313997,0.35949480407206136
26009,GOF,0.010299498802573248,0.6674836023420424,0.3222168988553843
26010,GOF,0.00851442944485156,0.6421024446383534,0.3493831259167951
26011,LOF,0.004652847020134128,0.4646131589842288,0.5307339939956371
26012,GOF,0.004995777885363369,0.5950396803313119,0.3999645417833247
26013,GOF,0.010493570519183542,0.6063131310696355,0.38319329841118094
26014,LOF,0.03912850391731906,0.08254829566321202,0.8783232004194689
26015,LOF,0.36284045708963386,0.02126872657120422,0.615890816339162
26016,LOF,0.24431365195532384,0.035157518389053226,0.7205288296556229
26017,LOF,0.014010097558112515,0.1511755763783532,0.8348143260635343
26018,LOF,0.027797640385161134,0.06397075672056107,0.9082316028942777
26019,LOF,0.027274240319374303,0.05674460957259843,0.9159811501080274
26020,LOF,0.0059574343716887945,0.16771735688656517,0.8263252087417461
26021,LOF,0.07584951077185234,0.07067882253502165,0.8534716666931259
26022,LOF,0.03953018783040991,0.030908513913696572,0.9295612982558934
26023,LOF,0.021000808029245185,0.043537761175702225,0.9354614307950526
26024,LOF,0.04550909897968343,0.050148266464231345,0.9043426345560853
26025,LOF,0.12407332012525948,0.05431375228222074,0.8216129275925198
26026,LOF,0.10088549372122929,0.03823298716129812,0.8608815191174727
26027,LOF,0.028214514524383456,0.02579272825955922,0.9459927572160572
26028,LOF,0.06268819621348433,0.1568240007307119,0.7804878030558037
26029,LOF,0.03031093852910964,0.16743015391954494,0.8022589075513454
26030,LOF,0.11757498941386708,0.02585817612481537,0.8565668344613175
26031,LOF,0.014540475362204779,0.14939825624163422,0.8360612683961609
26032,LOF,0.035411200322524636,0.048485701526712166,0.9161030981507632
26033,LOF,0.03547224643263664,0.04829588335080278,0.9162318702165606
26034,LOF,0.02083142531552832,0.10925106242147305,0.8699175122629986
26035,LOF,0.01291349426196819,0.11489264583187322,0.8721938599061586
26036,LOF,0.011863876862224284,0.09381505614548719,0.8943210669922886
26037,LOF,0.011737418514115699,0.10263808628051023,0.8856244952053741
26038,LOF,0.030333080795640184,0.04198016331943214,0.9276867558849278
26039,LOF,0.03828839607241903,0.13275987026726885,0.8289517336603122
26040,LOF,0.08363379997322472,0.12592569402155024,0.7904405060052251
26041,LOF,0.013290423209649505,0.09749859885298277,0.8892109779373677
26042,LOF,0.012445039954574815,0.10314474620548875,0.8844102138399365
26043,LOF,0.031070673072122128,0.06974405789759677,0.8991852690302811
26044,LOF,0.006607394691779329,0.04693786920357364,0.946454736104647
26045,LOF,0.0972911252926178,0.1705136792424151,0.7321951954649671
26046,LOF,0.027363656756040317,0.046232729967898845,0.9264036132760608
26047,LOF,0.05816424428450079,0.0439004172281454,0.897935338487354
26048,LOF,0.08079567732827586,0.01842555121338117,0.900778771458343
26049,Neutral,0.9448714927156465,0.0062257941657098935,0.04890271311864365
26050,Neutral,0.9097336724622828,0.006556424221041904,0.08370990331667547
26051,LOF,0.0286342227545885,0.10287354829806417,0.8684922289473472
26052,LOF,0.027263471325042896,0.07764277406990193,0.8950937546050552
26053,LOF,0.017149007694898685,0.15725853258528136,0.82559245971982
26054,LOF,0.04647037065170471,0.03992117393864013,0.9136084554096551
26055,LOF,0.06552012680842921,0.034004570607074465,0.9004753025844964
26056,LOF,0.05416613083637719,0.04601905281222716,0.8998148163513956
26057,LOF,0.05712686628440555,0.023186778042466195,0.9196863556731283
26058,LOF,0.061767918787592024,0.018654503689226578,0.9195775775231814
26059,LOF,0.20575437492098544,0.0325870217222374,0.7616586033567773
26060,LOF,0.013891042815922811,0.2177361573774758,0.7683727998066014
26061,LOF,0.010794400468446116,0.01745870524518914,0.9717468942863648
26062,LOF,0.0052697907648167905,0.02247780355331328,0.97225240568187
26063,LOF,0.04726978861324816,0.016496902931694837,0.9362333084550569
26064,LOF,0.01376807477219486,0.02273282989315677,0.9634990953346483
26065,LOF,0.061108321116365966,0.022017622550233863,0.9168740563334002
26066,LOF,0.04615384466518379,0.017153293918522574,0.9366928614162937
26067,LOF,0.05648377594586051,0.01543644914228856,0.9280797749118509
26068,LOF,0.05040102665524937,0.04050010541773234,0.9090988679270182
26069,LOF,0.1983808284993433,0.02870754931082683,0.7729116221898298
26070,LOF,0.42873858251717417,0.019643589148093308,0.5516178283347324
26071,LOF,0.05096828263362792,0.017719911581577364,0.9313118057847948
26072,LOF,0.00649266391426173,0.027186104297417576,0.9663212317883206
26073,LOF,0.04447803662186958,0.02100100285979227,0.9345209605183381
26074,Neutral,0.7888527230123286,0.014083227447619128,0.19706404954005233
26075,LOF,0.04533144847967561,0.029531546938864693,0.9251370045814596
26076,LOF,0.043186251016640274,0.01570929902405253,0.9411044499593072
26077,LOF,0.1669075608865598,0.012928902212242294,0.8201635369011979
26078,LOF,0.006336821504039947,0.026610693890618303,0.9670524846053417
26079,LOF,0.056362474333876485,0.02602689196568325,0.9176106337004404
26080,LOF,0.0553628075917853,0.0261593033028602,0.9184778891053544
26081,LOF,0.041279159893679314,0.014285323382965471,0.9444355167233551
26082,LOF,0.005919456009807934,0.024873472989002443,0.9692070710011896
26083,LOF,0.10249871231881771,0.028264848889995864,0.8692364387911865
26084,LOF,0.11813731920121577,0.025391342472264995,0.8564713383265192
26085,LOF,0.10796156798165535,0.020811328893503258,0.8712271031248413
26086,LOF,0.04499701042726827,0.01969218149492233,0.9353108080778093
26087,LOF,0.044039847326136417,0.01764423312386359,0.93831591955
26088,LOF,0.006250583871977715,0.039678780460198695,0.9540706356678237
26089,LOF,0.03937374638973337,0.03882676956589873,0.9217994840443678
26090,LOF,0.03929058447974315,0.03101462908130259,0.9296947864389543
26091,LOF,0.03064587719352556,0.013486911416744211,0.9558672113897303
26092,LOF,0.04514871672010584,0.014123606488689724,0.9407276767912044
26093,LOF,0.06430705757157278,0.009753808482125129,0.925939133946302
26094,LOF,0.035693301815414476,0.011629261280934475,0.9526774369036509
26095,LOF,0.01662307676127761,0.02683641394234917,0.9565405092963734
26096,LOF,0.2343239486871047,0.006516956817692602,0.7591590944952028
26097,LOF,0.0060605111647898825,0.05564657427670258,0.9382929145585075
26098,LOF,0.08762142665246127,0.026686532709169333,0.8856920406383695
26099,LOF,0.044052560469110415,0.029488423525520946,0.9264590160053686
26100,LOF,0.044052560469110415,0.029488423525520946,0.9264590160053686
26101,LOF,0.046749192664134444,0.04677692740353067,0.9064738799323349
26102,LOF,0.03688859358150612,0.025050701332928086,0.9380607050855658
26103,Neutral,0.8912916168978139,0.030074761343355103,0.07863362175883112
26104,LOF,0.052459078259375146,0.04504515935658049,0.9024957623840443
26105,LOF,0.21439569352435556,0.10563750640854175,0.6799668000671026
26106,LOF,0.2735937408762426,0.03520013843452651,0.6912061206892308
26107,LOF,0.014588188998613336,0.05000981322352611,0.9354019977778606
26108,LOF,0.13302882497823165,0.04442798846042706,0.8225431865613413
26109,LOF,0.05362257804059435,0.04226830168532371,0.9041091202740819
26110,LOF,0.4136996941653801,0.013299565752913196,0.5730007400817068
26111,LOF,0.058372557243252916,0.1037363962997781,0.8378910464569689
26112,LOF,0.06153867861073536,0.012314623598774764,0.92614669779049
26113,LOF,0.11568346235854404,0.0338881491912674,0.8504283884501885
26114,LOF,0.08904128833967045,0.0080527097118222,0.9029060019485075
26115,LOF,0.016505350521548317,0.05671991294637171,0.92677473653208
26116,LOF,0.07957808137678646,0.02249993953575058,0.897921979087463
26117,LOF,0.38459467858651153,0.0322870205809636,0.5831183008325248
26118,LOF,0.03655309426748054,0.015607227733806833,0.9478396779987126
26119,LOF,0.005737360362305078,0.08249704802487795,0.9117655916128169
26120,LOF,0.032174458141652686,0.01497640771727659,0.9528491341410708
26121,LOF,0.004039976982887546,0.12202096888322524,0.8739390541338873
26122,LOF,0.0051558512924508955,0.09916334551903247,0.8956808031885165
