feature0,prediction,LoGoFunc_Neutral,LoGoFunc_GOF,LoGoFunc_LOF
25546,Neutral,0.6594832080748463,0.0631346323066734,0.2773821596184803
25547,Neutral,0.4499736372373978,0.11019929574035876,0.43982706702224333
25548,Neutral,0.4918392659894464,0.08108271442546038,0.4270780195850933
25549,LOF,0.41605554560407093,0.08676428603232984,0.4971801683635992
25550,LOF,0.34591613025153317,0.15280572701104486,0.501278142737422
25551,LOF,0.2888354157449998,0.1772741423827205,0.5338904418722796
25552,LOF,0.19499624458280823,0.1666089948977586,0.6383947605194331
25553,Neutral,0.7867431045573565,0.05743493509388936,0.15582196034875415
25554,LOF,0.2264045888724233,0.1574540853322659,0.6161413257953109
25555,LOF,0.1879446364155954,0.14135140087044826,0.6707039627139564
25556,LOF,0.39107773276528174,0.12356833898435651,0.4853539282503618
25557,LOF,0.18035386846220453,0.14772450919936128,0.6719216223384342
25558,LOF,0.2232137818661836,0.15573419289750873,0.6210520252363076
25559,LOF,0.1672594621409225,0.12198535395518376,0.7107551839038937
25560,LOF,0.06595640533768787,0.14587620782805,0.7881673868342622
25561,LOF,0.1329449552553572,0.13955780872418694,0.7274972360204558
25562,LOF,0.06347456199554345,0.10258502677961075,0.8339404112248459
25563,LOF,0.09318802134893586,0.09817962120206089,0.8086323574490032
25564,LOF,0.21257180028490294,0.1878282784502999,0.5995999212647972
25565,LOF,0.16231537544333943,0.12042817869686472,0.7172564458597959
25566,GOF,0.019354484998069837,0.7739590489341571,0.20668646606777308
25567,LOF,0.01752649438461373,0.18640310415228592,0.7960704014631005
25568,LOF,0.057519819079559296,0.08510573593594062,0.8573744449845001
25569,LOF,0.05742168661521152,0.08751810988537174,0.8550602034994167
25570,LOF,0.0303968410669903,0.11080877650956288,0.8587943824234469
25571,LOF,0.029753684715208614,0.1095066175928198,0.8607396976919716
25572,LOF,0.031856049708202896,0.1480095981680843,0.8201343521237129
25573,LOF,0.02806693344599242,0.12055412789774005,0.8513789386562676
25574,LOF,0.018687816655377852,0.1714364378505581,0.8098757454940639
25575,LOF,0.025198049193881633,0.12186610931083773,0.8529358414952806
25576,LOF,0.011403870770590954,0.16764030735346871,0.8209558218759404
25577,LOF,0.010347845856730207,0.14116192192051197,0.8484902322227578
25578,LOF,0.28128543389249483,0.09704126426477687,0.6216733018427283
25579,LOF,0.12040407252853727,0.10326515855861335,0.7763307689128494
25580,LOF,0.0175625944647571,0.0899521496624332,0.8924852558728097
25581,LOF,0.04340313958271167,0.08575978196022062,0.8708370784570676
25582,LOF,0.043345360926189555,0.084119531127121,0.8725351079466895
25583,LOF,0.01952351181269368,0.09724051207133211,0.8832359761159742
25584,Neutral,0.5554190452473264,0.11015544940163258,0.33442550535104104
25585,LOF,0.011164768031564147,0.16905161472624036,0.8197836172421955
25586,LOF,0.0177588234001583,0.08267922386557204,0.8995619527342696
25587,LOF,0.016246320571651013,0.0769565755842414,0.9067971038441075
25588,LOF,0.016697029683621318,0.09395275793485373,0.8893502123815249
25589,Neutral,0.6232031149052772,0.14985231924514836,0.2269445658495745
25590,LOF,0.0187267504620433,0.13702466115419437,0.8442485883837623
25591,LOF,0.08589227705914708,0.06900853393297844,0.8450991890078744
25592,LOF,0.04986626608428103,0.15071557910893407,0.7994181548067849
25593,LOF,0.023173951678425144,0.2515795851102823,0.7252464632112925
25594,LOF,0.03861226319327261,0.10415197518487825,0.8572357616218492
25595,LOF,0.037192812818853775,0.08001109214517778,0.8827960950359686
25596,LOF,0.04779521321468874,0.06612205018045296,0.8860827366048584
25597,LOF,0.03370927432372454,0.07447120574693383,0.8918195199293416
25598,LOF,0.0354479972238983,0.0891707223358443,0.8753812804402574
25599,GOF,0.00844038212089375,0.5887692199586883,0.402790397920418
25600,GOF,0.028527493266406946,0.6275422557182377,0.3439302510153554
25601,LOF,0.01182926329460362,0.4003922470167123,0.5877784896886842
25602,LOF,0.012669217271571921,0.048335782875684234,0.9389949998527438
25603,LOF,0.04927201987869154,0.01955963156515943,0.9311683485561489
25604,LOF,0.01572433525403978,0.06729563840560064,0.9169800263403596
25605,LOF,0.007542251298124994,0.21659633210564272,0.7758614165962322
25606,LOF,0.08377854877062772,0.35662422186343107,0.5595972293659413
25607,LOF,0.004911045000884987,0.2319937663892364,0.7630951886098787
25608,LOF,0.011996889347190114,0.10787012323425577,0.8801329874185542
25609,LOF,0.08199175370970746,0.40772790208711895,0.5102803442031736
25610,LOF,0.01881877409650958,0.026039118673295083,0.9551421072301953
25611,LOF,0.018401418948953318,0.029669019171049103,0.9519295618799976
25612,LOF,0.056036602975671916,0.040002269227995615,0.9039611277963324
25613,LOF,0.051192936920194186,0.04106708869876751,0.9077399743810383
25614,LOF,0.025834966394091923,0.030885836492125666,0.9432791971137824
25615,LOF,0.016330613426106564,0.037194707060717154,0.9464746795131763
25616,LOF,0.04834932359894025,0.03141264640748321,0.9202380299935765
25617,LOF,0.0471841202390657,0.03562098824536285,0.9171948915155715
25618,LOF,0.060043691809101955,0.03547922207059078,0.9044770861203072
25619,LOF,0.018017147967802585,0.032289076448487435,0.9496937755837099
25620,LOF,0.06141444895282681,0.041406462813666875,0.8971790882335063
25621,LOF,0.017598310682226826,0.04012960724184022,0.9422720820759329
25622,LOF,0.021106752193414523,0.04304250112625252,0.935850746680333
25623,LOF,0.032710757270100456,0.03553669184592005,0.9317525508839795
25624,LOF,0.022023207195850634,0.040256769529227965,0.9377200232749214
25625,LOF,0.023997059862420053,0.056393523148780225,0.9196094169887996
25626,LOF,0.05218681545544313,0.04186248435006715,0.9059507001944896
25627,Neutral,0.5771037823719608,0.10349549044083216,0.319400727187207
25628,LOF,0.18953149313881484,0.05787748697314029,0.7525910198880449
25629,LOF,0.03964288357736884,0.0598012870768031,0.900555829345828
25630,LOF,0.13587079226864904,0.09334178242149925,0.7707874253098517
25631,Neutral,0.6011863353552507,0.06680922914933357,0.3320044354954159
25632,LOF,0.007760140389936621,0.07757792817345537,0.914661931436608
25633,LOF,0.2120215069067724,0.044973841286800154,0.7430046518064274
25634,LOF,0.02884068080153551,0.10161015181472123,0.8695491673837432
25635,LOF,0.03716049657397423,0.052585338646950794,0.910254164779075
25636,GOF,0.005121971344705564,0.6025016681721456,0.39237636048314894
25637,GOF,0.007693906344156038,0.6410918592461246,0.35121423440971933
25638,LOF,0.010712155487066288,0.30627116252635317,0.6830166819865806
25639,LOF,0.004955441575801257,0.4816961643696778,0.5133483940545208
25640,GOF,0.450246326536857,0.46094523518850433,0.08880843827463876
25641,LOF,0.01356947527547453,0.31207940336129936,0.6743511213632262
25642,LOF,0.23478563961806495,0.06311786151159175,0.7020964988703433
25643,LOF,0.13129656220257674,0.17451913922404563,0.6941842985733776
25644,LOF,0.008648649671370577,0.4622738612123161,0.5290774891163134
25645,LOF,0.0074666886096668925,0.440575058458389,0.551958252931944
25646,LOF,0.013028832134133727,0.326899032566555,0.6600721352993113
25647,LOF,0.009482354507358076,0.27962411406147375,0.7108935314311682
25648,LOF,0.009295291019213251,0.27566454173578137,0.7150401672450054
25649,LOF,0.00771121689091497,0.21764046853384916,0.7746483145752358
25650,LOF,0.01328497951522545,0.41827002153657084,0.5684449989482037
25651,LOF,0.0057205188181201775,0.28365517086930336,0.7106243103125764
25652,LOF,0.00904807745497915,0.27634282648597724,0.7146090960590435
25653,LOF,0.02630502427864298,0.38444694571369903,0.5892480300076581
25654,LOF,0.01017633616054221,0.17876868615868627,0.8110549776807715
25655,LOF,0.043412673616878894,0.4180883304181829,0.5384989959649382
25656,LOF,0.18092459851923226,0.04982903465700315,0.7692463668237645
25657,LOF,0.24415282349096973,0.02744917416851879,0.7283980023405114
25658,LOF,0.08390674440987671,0.06905873547659623,0.8470345201135271
25659,LOF,0.42096514855235423,0.06677221579002543,0.5122626356576203
25660,LOF,0.029971428999791914,0.09252808174452518,0.8775004892556829
25661,LOF,0.09202955757927758,0.0630536107421514,0.8449168316785709
25662,LOF,0.03082139438020476,0.04160916867791805,0.9275694369418772
25663,LOF,0.039689270853426536,0.062091505325434206,0.8982192238211393
25664,LOF,0.04704891619070808,0.07591234973660486,0.8770387340726871
25665,LOF,0.05583372828835966,0.0332326037379123,0.910933667973728
25666,LOF,0.03593014121874774,0.10222126093140066,0.8618485978498516
25667,LOF,0.06395906615174747,0.04896808134956871,0.8870728524986837
25668,LOF,0.03391637488170062,0.05084887979595231,0.915234745322347
25669,LOF,0.03130385067427673,0.07324322877470515,0.895452920551018
25670,LOF,0.05251603317159032,0.06053026964756958,0.8869536971808402
25671,LOF,0.09155161558578197,0.03914223768739349,0.8693061467268245
25672,LOF,0.05737345532886961,0.04404894650276757,0.8985775981683629
25673,LOF,0.026320753862603078,0.060117461166220756,0.9135617849711762
25674,LOF,0.022467506156147385,0.07036856664475252,0.9071639271991002
25675,LOF,0.034841393637906136,0.06631857201238897,0.8988400343497048
25676,LOF,0.018866969631929985,0.054961262403902277,0.9261717679641677
25677,LOF,0.02765256189222257,0.06553557374448538,0.9068118643632921
25678,LOF,0.19752629890957468,0.06038228543990847,0.742091415650517
25679,LOF,0.1543164481975696,0.08672978698466904,0.7589537648177614
25680,LOF,0.044686179724243595,0.10705814898474715,0.8482556712910093
25681,LOF,0.0712502771896818,0.1008754896505021,0.8278742331598161
25682,LOF,0.14076991035733782,0.07340368016937214,0.7858264094732901
25683,LOF,0.07472300702600695,0.11571224514216141,0.8095647478318316
25684,LOF,0.044998071397619875,0.07167309755354677,0.8833288310488334
25685,LOF,0.07074649078772599,0.05568999643812619,0.8735635127741478
25686,LOF,0.02391041680668412,0.07562961283529018,0.9004599703580257
25687,LOF,0.04359696081699867,0.06223883305097794,0.8941642061320235
25688,LOF,0.04879825950029443,0.0439595315487102,0.9072422089509954
25689,LOF,0.026513749387664633,0.05326673128537543,0.9202195193269599
25690,LOF,0.03411520375878939,0.04345927105343037,0.9224255251877801
25691,LOF,0.2440635225812056,0.060100852761779275,0.6958356246570152
25692,LOF,0.24245445483970812,0.0058587992175779926,0.7516867459427138
25693,LOF,0.09048903975113212,0.25654273801732,0.6529682222315478
25694,LOF,0.24563103288252786,0.013421125523835524,0.7409478415936366
25695,LOF,0.1488507465297941,0.02307852138209589,0.82807073208811
25696,LOF,0.12490324063666537,0.011342947013923311,0.8637538123494114
25697,LOF,0.10246171648739598,0.022444624557645967,0.875093658954958
25698,LOF,0.04638976016693465,0.444039532454628,0.5095707073784373
25699,LOF,0.06634697591478245,0.11382213809476141,0.8198308859904561
25700,LOF,0.05901333492113256,0.011722102483019541,0.9292645625958479
25701,LOF,0.018044985182125835,0.09248488467944262,0.8894701301384317
25702,GOF,0.03952370173738824,0.693049183327281,0.2674271149353306
25703,LOF,0.007500168991374566,0.15027547306498937,0.8422243579436361
25704,LOF,0.05469565387961077,0.12990116750647462,0.8154031786139146
25705,LOF,0.0724656169305141,0.24656242980958412,0.6809719532599017
25706,GOF,0.0245213848028682,0.4907116102615569,0.4847670049355748
25707,LOF,0.017122963431376825,0.45479676216883824,0.5280802743997849
25708,LOF,0.00812544243720247,0.4324152875660527,0.5594592699967449
25709,LOF,0.05810399337198514,0.06288040451728678,0.879015602110728
25710,LOF,0.005178378538040549,0.16195630924913654,0.8328653122128229
25711,LOF,0.01816501311417269,0.1390742086517107,0.8427607782341167
25712,LOF,0.006812471336598515,0.20718395874055523,0.7860035699228464
25713,LOF,0.018911752607084276,0.11618240115890666,0.864905846234009
25714,LOF,0.061229220295639736,0.13755841036242827,0.8012123693419319
25715,LOF,0.011857797740055801,0.15737833607713084,0.8307638661828133
25716,LOF,0.0055491953042531884,0.11799928265159958,0.8764515220441472
25717,LOF,0.00549784711674675,0.10197587555181707,0.8925262773314362
25718,LOF,0.012622170089205017,0.10912151843428078,0.8782563114765142
25719,LOF,0.019262737682407546,0.11404545995941784,0.8666918023581747
25720,LOF,0.02088035833564884,0.10298596156564123,0.87613368009871
25721,LOF,0.01689898540740649,0.12552595412898512,0.8575750604636084
25722,LOF,0.015245049988379287,0.15149716713718234,0.8332577828744383
25723,LOF,0.02023542634522722,0.08151558437174457,0.8982489892830281
25724,LOF,0.017791327468927566,0.1266997294180713,0.8555089431130012
25725,LOF,0.01201042900818554,0.09229034988823932,0.8956992211035751
25726,LOF,0.01482997633001947,0.12737352943429175,0.8577964942356889
25727,LOF,0.012858388125244374,0.09868239297747022,0.8884592188972855
25728,LOF,0.011131343358308914,0.1248987360185907,0.8639699206231004
25729,LOF,0.011550263801223697,0.12972539146658638,0.8587243447321901
25730,LOF,0.016639244589122117,0.09873481234487858,0.8846259430659994
25731,LOF,0.00762528079172871,0.13212537103033592,0.8602493481779354
25732,LOF,0.01664587767806482,0.08731412302884212,0.8960399992930931
25733,LOF,0.016152577184296548,0.08984574241883811,0.8940016803968653
25734,LOF,0.00587524659765246,0.14997523481895705,0.8441495185833905
25735,LOF,0.014633789237063858,0.08973013209772833,0.8956360786652079
25736,LOF,0.01504779795180714,0.12204113311514601,0.8629110689330468
25737,LOF,0.019809516213448976,0.10282639335621123,0.8773640904303398
25738,LOF,0.014232731690388417,0.14596593624759824,0.8398013320620134
25739,LOF,0.020942207845758114,0.12679703368268597,0.8522607584715559
25740,LOF,0.032995083845218105,0.1267185792613789,0.8402863368934029
25741,LOF,0.016552711612021907,0.11192692774228523,0.8715203606456928
25742,LOF,0.09456602425315294,0.1159745921566972,0.7894593835901498
25743,LOF,0.014461305342599923,0.028252290075224333,0.9572864045821757
25744,LOF,0.2242346408723603,0.30072069368904786,0.4750446654385918
25745,LOF,0.0262875102453647,0.04395105408137429,0.9297614356732611
25746,LOF,0.017327733928697325,0.0569634639446029,0.9257088021266997
25747,LOF,0.027020674233144592,0.021893204862934168,0.9510861209039212
25748,LOF,0.12410593838823311,0.040540681053314924,0.835353380558452
25749,LOF,0.014125601552990474,0.04291909869547142,0.942955299751538
25750,LOF,0.03485206122289628,0.05385197292849137,0.9112959658486123
25751,LOF,0.10777634915121184,0.041747043115824035,0.8504766077329641
25752,GOF,0.10671329248807378,0.630854858310912,0.26243184920101437
25753,LOF,0.007232661450169562,0.3384054299275906,0.65436190862224
25754,GOF,0.00471883086153985,0.797487688055917,0.1977934810825431
25755,LOF,0.009036689614693595,0.42314279704887764,0.5678205133364288
25756,LOF,0.03920177474848341,0.4330367381974079,0.5277614870541087
25757,GOF,0.006045616768165648,0.8602076307531505,0.13374675247868392
25758,GOF,0.006686787696487534,0.8570304795571845,0.13628273274632813
25759,GOF,0.004788592127120643,0.5715696757876128,0.42364173208526656
25760,LOF,0.005296067459671815,0.2943880988453306,0.7003158336949975
25761,GOF,0.04106309815214297,0.8326809986096796,0.12625590323817742
25762,LOF,0.02997024289757593,0.3425794378530774,0.6274503192493467
25763,LOF,0.006358611950757732,0.24104135911664162,0.7526000289326006
25764,GOF,0.15778893978213845,0.5336596553276084,0.3085514048902531
25765,GOF,0.010653510360402407,0.7809958115117479,0.2083506781278496
25766,GOF,0.017822488014416396,0.8253192758497175,0.15685823613586605
25767,GOF,0.020065139727773698,0.4913535835016664,0.48858127677056
25768,LOF,0.07826295684474718,0.0725415987625,0.8491954443927527
25769,LOF,0.08317492316823674,0.05893868768968753,0.8578863891420757
25770,LOF,0.3195928145130826,0.06995334240916458,0.6104538430777529
25771,LOF,0.014367633282221725,0.05562469095596836,0.93000767576181
25772,LOF,0.02061211918171422,0.02780138928725977,0.9515864915310259
25773,LOF,0.011193068241519772,0.12004785357314185,0.8687590781853384
25774,LOF,0.02572334745663862,0.06754799364548345,0.9067286588978779
25775,LOF,0.015763423110302294,0.04803601826650055,0.9362005586231972
25776,LOF,0.08720774028540494,0.022104307918584077,0.890687951796011
25777,LOF,0.30463878692515733,0.04529198487524336,0.6500692281995993
25778,LOF,0.07476121931206235,0.043926987992994736,0.8813117926949429
25779,GOF,0.06278500438338051,0.8791476861405593,0.058067309476060244
25780,GOF,0.06010760793100301,0.862111901748225,0.07778049032077204
25781,GOF,0.026592940531413766,0.8570919722687326,0.11631508719985369
25782,GOF,0.03197243921423181,0.876929031123184,0.09109852966258422
25783,GOF,0.01180838334156028,0.6678598162569459,0.3203318004014937
25784,GOF,0.11193408843345594,0.8369802515626015,0.05108566000394257
25785,GOF,0.07198383533525572,0.8749225570613048,0.053093607603439584
25786,GOF,0.006146790892590897,0.8320847374437209,0.16176847166368824
25787,GOF,0.19242833951620905,0.7683349887598971,0.039236671723893765
25788,LOF,0.04458731265423165,0.12208175170150166,0.8333309356442667
25789,GOF,0.03862783804650259,0.795364131361001,0.1660080305924964
25790,GOF,0.03787665644093608,0.8423583662546458,0.11976497730441814
25791,GOF,0.0278992292674564,0.767086138382969,0.2050146323495746
25792,GOF,0.04536897183586934,0.7654220638257814,0.18920896433834922
25793,GOF,0.08259564260415796,0.7422751933343349,0.17512916406150714
25794,GOF,0.11211333418925606,0.6897749732605938,0.1981116925501501
25795,GOF,0.024649507979009912,0.7621930979194231,0.21315739410156692
25796,GOF,0.12612188313501127,0.7667045341039073,0.10717358276108148
25797,GOF,0.03522984523276813,0.5801177542123381,0.3846524005548937
25798,GOF,0.0031825400656644836,0.5371641231035018,0.4596533368308337
25799,LOF,0.002981064056879639,0.4330006367411075,0.564018299202013
25800,GOF,0.010562856615040203,0.6219291947122525,0.3675079486727072
25801,GOF,0.027764460179660118,0.8109685884039349,0.1612669514164049
25802,GOF,0.018574105702117552,0.7122360480188851,0.26918984627899745
25803,GOF,0.009788772000621363,0.598954522372447,0.39125670562693166
25804,LOF,0.01235281520916069,0.49022468640877037,0.4974224983820689
25805,GOF,0.021448217247420413,0.60754796553887,0.3710038172137097
25806,GOF,0.019242576949916143,0.6282540262715831,0.35250339677850073
25807,GOF,0.005410004591042478,0.6316286226903746,0.362961372718583
25808,GOF,0.015133912559914716,0.6329198979249944,0.35194618951509093
25809,GOF,0.006041074947102149,0.6117303533717979,0.3822285716810999
25810,GOF,0.005151148131904404,0.6269098266996015,0.36793902516849414
25811,GOF,0.09468826258740934,0.7902558418359438,0.11505589557664672
25812,GOF,0.01321893726338709,0.6239486011848043,0.3628324615518086
25813,GOF,0.10279333570545503,0.7355778486143918,0.1616288156801532
25814,GOF,0.028569757074128583,0.6914552957818059,0.27997494714406546
25815,GOF,0.0439278280559727,0.703928252626058,0.25214391931796937
25816,GOF,0.00797908839814475,0.7757715946536381,0.2162493169482172
25817,GOF,0.07218965958227366,0.7677099350595646,0.16010040535816164
25818,GOF,0.016911285781235876,0.7007560469289145,0.2823326672898497
25819,GOF,0.0702792715368472,0.7379722392112119,0.19174848925194082
25820,GOF,0.03452555059835806,0.7172820218478533,0.24819242755378879
25821,GOF,0.016668917567477404,0.7128257277639448,0.27050535466857784
25822,GOF,0.03565566762009517,0.7095229472701249,0.2548213851097799
25823,GOF,0.011286563986790872,0.5562763847485096,0.4324370512646996
25824,GOF,0.023374447649200696,0.671212441627494,0.3054131107233054
25825,GOF,0.012565092626556392,0.6558147131883257,0.3316201941851178
25826,GOF,0.005267639940303608,0.6292585980007989,0.3654737620588974
25827,GOF,0.007379788748800951,0.6152855336629255,0.37733467758827355
25828,GOF,0.005025557192191096,0.5484855437316999,0.446488899076109
25829,GOF,0.0028970970202883725,0.6071585175725748,0.3899443854071368
25830,LOF,0.037834817194219016,0.3564512494977822,0.6057139333079988
25831,GOF,0.0342861202010986,0.8271447917526007,0.13856908804630078
25832,GOF,0.007479965395614445,0.7748250565291633,0.21769497807522234
25833,GOF,0.026164109376348575,0.8083172663766952,0.16551862424695624
25834,GOF,0.007772368779509099,0.7753634534301372,0.21686417779035377
25835,GOF,0.015358944445207471,0.8156841781399409,0.1689568774148517
25836,GOF,0.0064430886830946785,0.7740275905830671,0.21952932073383827
25837,GOF,0.006479768926394847,0.6909542221765532,0.3025660088970519
25838,GOF,0.01920184297190025,0.8398805524072424,0.14091760462085745
25839,GOF,0.045023016630164864,0.8006819618712172,0.15429502149861804
25840,GOF,0.036075141211715185,0.8212207443023672,0.1427041144859175
25841,GOF,0.03471128082421802,0.8379214747930492,0.12736724438273261
25842,GOF,0.023842918688597965,0.8649765732599922,0.11118050805140967
25843,GOF,0.026355705457679443,0.8879054488475845,0.0857388456947362
25844,GOF,0.01620811531545425,0.7996014515746687,0.18419043310987707
25845,GOF,0.004820038344320581,0.5888526992172144,0.40632726243846495
25846,GOF,0.025266193263110664,0.8530633774579752,0.12167042927891424
25847,GOF,0.01792345296325385,0.8828245725929872,0.09925197444375883
25848,GOF,0.01341560478757607,0.7718926868424754,0.2146917083699486
25849,GOF,0.004391921066267247,0.6635779497573997,0.332030129176333
25850,GOF,0.007250077970780148,0.7069727970400839,0.285777124989136
25851,GOF,0.006508991077049769,0.5899061640114416,0.40358484491150864
25852,GOF,0.14980085573080326,0.5551352842219645,0.29506386004723223
25853,GOF,0.06556003511136854,0.8379176671006806,0.09652229778795082
25854,GOF,0.008794806320579319,0.6431103134164387,0.3480948802629821
25855,GOF,0.013051988239967578,0.5835116308891388,0.4034363808708936
25856,GOF,0.03750063234485371,0.6954851574633448,0.26701421019180144
25857,GOF,0.013147127155046689,0.5545600796077912,0.4322927932371622
25858,GOF,0.007283637139360939,0.5585317174418658,0.4341846454187734
25859,GOF,0.005092402437118158,0.5486157286091708,0.44629186895371104
25860,GOF,0.07307185850350048,0.7883321355302558,0.1385960059662437
25861,GOF,0.11090680230878779,0.7950915479797278,0.09400164971148443
25862,GOF,0.017672939176116016,0.8392761759844134,0.14305088483947054
25863,GOF,0.016950230900421914,0.8580812937818286,0.12496847531774949
25864,GOF,0.03876470537871715,0.8730708798529705,0.08816441476831216
25865,GOF,0.029214641101562366,0.8375217856563478,0.13326357324208968
25866,GOF,0.02268393925358154,0.8313476647733631,0.14596839597305541
25867,GOF,0.025742986603093924,0.8610242344615775,0.11323277893532849
25868,GOF,0.0521843210615609,0.8005723178379013,0.14724336110053796
25869,GOF,0.30825317648556,0.5933491960323409,0.09839762748209907
25870,GOF,0.18904715087101215,0.5201243574910587,0.2908284916379291
25871,GOF,0.0266026863241114,0.8489983385639525,0.12439897511193625
25872,GOF,0.016055226661047958,0.776725921002316,0.20721885233663606
25873,GOF,0.01756589320810459,0.8501607591138354,0.13227334767806015
25874,LOF,0.016966569488284244,0.13752242448521004,0.8455110060265058
25875,LOF,0.024659968990096565,0.03335969158943382,0.9419803394204695
25876,LOF,0.01366495068228129,0.028167362505964143,0.9581676868117547
25877,LOF,0.1281965860120459,0.06121277679127288,0.8105906371966813
25878,LOF,0.05435698085804742,0.08696748198676345,0.8586755371551891
25879,LOF,0.022009901906984677,0.06627716950501125,0.911712928588004
25880,LOF,0.040445907394650676,0.009812179562258641,0.9497419130430907
25881,Neutral,0.5951697341206059,0.048109243702064666,0.3567210221773294
25882,LOF,0.023408643346612332,0.03058821442129797,0.9460031422320897
25883,LOF,0.0805384134544796,0.022249170517342716,0.8972124160281778
25884,LOF,0.012242878469172797,0.03893786436305924,0.948819257167768
25885,LOF,0.18107663728479714,0.006980881014204436,0.8119424817009984
25886,LOF,0.34064393416714017,0.041450390749202044,0.6179056750836578
25887,LOF,0.15866922974996675,0.06506233292372102,0.7762684373263122
25888,LOF,0.01288396245724556,0.11269294173179471,0.8744230958109598
25889,LOF,0.014811767356888602,0.029655753679046108,0.9555324789640653
25890,LOF,0.1141370451777561,0.08134922358315377,0.8045137312390901
25891,LOF,0.04117755900436565,0.03946703393408707,0.9193554070615473
25892,LOF,0.011127448515427055,0.04500238899864687,0.943870162485926
25893,LOF,0.3847990750956415,0.013514453048356825,0.6016864718560018
25894,LOF,0.41633206508538195,0.00733000659767126,0.5763379283169467
25895,LOF,0.35572992788538943,0.015275101201135323,0.6289949709134753
25896,LOF,0.04408764476438904,0.02790046879566121,0.9280118864399498
25897,LOF,0.20408722257020356,0.01303879648757557,0.7828739809422207
25898,LOF,0.2241552587255853,0.03638688519465216,0.7394578560797626
25899,LOF,0.1894928357014231,0.028682889045120147,0.7818242752534568
25900,LOF,0.4720716608637049,0.010836555695716465,0.5170917834405787
25901,LOF,0.04886785069759078,0.012072805312981832,0.9390593439894274
25902,LOF,0.11050928276348228,0.018227211868007066,0.8712635053685107
25903,LOF,0.36692150421338493,0.037243108630192985,0.595835387156422
25904,LOF,0.3082363157892851,0.04438330294376921,0.6473803812669456
25905,LOF,0.006662679589975551,0.4488457847353417,0.5444915356746828
25906,LOF,0.009267332796220508,0.13481838074519287,0.8559142864585867
25907,LOF,0.004092869000866995,0.3971002326095196,0.5988068983896134
25908,LOF,0.0038103862485979424,0.28483043076297787,0.7113591829884242
25909,LOF,0.013388327020738793,0.17535653962278408,0.8112551333564771
25910,LOF,0.016447164524431193,0.13540579113468598,0.8481470443408828
25911,LOF,0.15646920638597664,0.030302132146321336,0.813228661467702
25912,LOF,0.07768403529673322,0.04359681794061164,0.8787191467626552
25913,LOF,0.06927090635399608,0.05155437466647839,0.8791747189795256
25914,LOF,0.021572073200204368,0.048085824641376874,0.9303421021584188
25915,LOF,0.15512753324919662,0.2635455158841901,0.5813269508666132
25916,LOF,0.022154083292384268,0.15757754277705674,0.8202683739305591
25917,LOF,0.0553145966221532,0.03591019912045981,0.908775204257387
25918,LOF,0.0260240945084453,0.027736438690028644,0.946239466801526
25919,LOF,0.022294288309976356,0.026799567918712224,0.9509061437713116
25920,LOF,0.09771042914363585,0.22876813923052372,0.6735214316258404
25921,LOF,0.010091935354428474,0.034914704220469675,0.9549933604251017
25922,LOF,0.0123333835107157,0.027508002287470433,0.9601586142018138
25923,LOF,0.47937704771206874,0.03474625283342035,0.48587669945451095
25924,LOF,0.016803096997125577,0.042959319065276176,0.9402375839375982
25925,LOF,0.07867148291078815,0.04179139608016468,0.8795371210090472
25926,LOF,0.05988706539067644,0.03556861554237685,0.9045443190669467
25927,LOF,0.020407439791069428,0.06527672320338403,0.9143158370055465
25928,LOF,0.007824639201434067,0.04717470418679229,0.9450006566117736
25929,Neutral,0.5993003829027488,0.036246499833759896,0.3644531172634913
25930,LOF,0.06665786665813103,0.029193279811892698,0.9041488535299762
25931,LOF,0.010006334204307429,0.03329289237601546,0.9567007734196771
25932,LOF,0.03255792722374379,0.02583355068754207,0.9416085220887142
25933,LOF,0.041809072200950176,0.017836495266455806,0.940354432532594
25934,LOF,0.02707178444871757,0.017902576522208342,0.9550256390290742
25935,LOF,0.07414595104346244,0.04735709167943367,0.878496957277104
25936,LOF,0.04648167928989449,0.022722634181121564,0.930795686528984
25937,LOF,0.00914514300842171,0.03380209942844286,0.9570527575631355
25938,LOF,0.07000147102723096,0.053331770943697974,0.876666758029071
25939,LOF,0.03765933092249807,0.021303592640600565,0.9410370764369014
25940,LOF,0.009459101040148892,0.3281339606133941,0.662406938346457
25941,Neutral,0.5264052466598931,0.0300119926899933,0.44358276065011354
25942,LOF,0.005097932387580664,0.038756767832835125,0.9561452997795842
25943,LOF,0.03534364621502332,0.12401966746480442,0.8406366863201723
25944,LOF,0.1097723675362457,0.07188503814095297,0.8183425943228014
25945,LOF,0.057537345635916684,0.017625047388076468,0.9248376069760068
25946,LOF,0.07257529994393545,0.05853372006470323,0.8688909799913613
25947,Neutral,0.45862058956703794,0.08495875552919321,0.45642065490376876
25948,LOF,0.32306938169888316,0.009385379223566548,0.6675452390775501
25949,LOF,0.10243835492294762,0.04967691502830949,0.847884730048743
25950,GOF,0.03906248943104226,0.5577930049765359,0.4031445055924218
25951,LOF,0.015348881994899494,0.3924684967768155,0.592182621228285
25952,LOF,0.25634045635955877,0.2737554197981446,0.46990412384229663
25953,LOF,0.013030620756999933,0.1776145024970547,0.8093548767459453
25954,LOF,0.051431321470911256,0.4256113862998135,0.5229572922292752
25955,LOF,0.00932174646260316,0.1567974845293544,0.8338807690080424
25956,LOF,0.030000392365281153,0.289449775201432,0.6805498324332868
25957,LOF,0.1607167435377707,0.03552140576835204,0.8037618506938772
25958,LOF,0.050621245277087716,0.028210275190315666,0.9211684795325967
25959,LOF,0.0126304390237226,0.46335961590996166,0.5240099450663157
25960,LOF,0.006194931145027486,0.054896526817857706,0.9389085420371148
25961,LOF,0.04063063618790045,0.02642980468778951,0.9329395591243099
25962,LOF,0.035966220474196495,0.08436349313243972,0.8796702863933638
25963,LOF,0.005451892033315957,0.25151059607052884,0.7430375118961553
25964,LOF,0.03605653425902376,0.0949753192266141,0.8689681465143623
25965,LOF,0.3265421500360242,0.14242930574112664,0.5310285442228492
25966,Neutral,0.4747318150305579,0.13416514472366278,0.3911030402457793
25967,LOF,0.006083585451053451,0.08442201819081194,0.9094943963581347
25968,LOF,0.054734191085195484,0.25992045479526393,0.6853453541195407
25969,LOF,0.12889887255140214,0.07772181874182672,0.7933793087067711
25970,LOF,0.017832432777367044,0.09174143246331533,0.8904261347593176
25971,LOF,0.0689622069326102,0.02592004009968433,0.9051177529677054
25972,LOF,0.06404455595892196,0.03558485936449123,0.9003705846765868
25973,LOF,0.058644852193400196,0.012381866305927676,0.9289732815006722
25974,LOF,0.03793573889103777,0.039932458796830925,0.9221318023121312
25975,LOF,0.04714403175853283,0.025973983177324838,0.9268819850641423
25976,LOF,0.09646972642733224,0.014883710920263252,0.8886465626524046
25977,LOF,0.18167493079943653,0.05947266668311339,0.75885240251745
25978,LOF,0.13453103817982381,0.12379811859544498,0.7416708432247312
25979,LOF,0.12093784337444395,0.1256700122811562,0.7533921443443998
25980,LOF,0.23544343434714976,0.15555162075664652,0.6090049448962037
25981,LOF,0.26376264151409806,0.15353186246753106,0.5827054960183708
25982,LOF,0.39479979430025924,0.10188799693409335,0.5033122087656474
25983,LOF,0.3816085371743743,0.10839326205569491,0.5099982007699309
25984,LOF,0.04595307602909772,0.05885750061042025,0.895189423360482
25985,LOF,0.4261556193823259,0.10623569997520886,0.46760868064246514
25986,LOF,0.010422380177189201,0.3700578805293265,0.6195197392934844
25987,LOF,0.03297660612949544,0.09222285920311811,0.8748005346673864
25988,LOF,0.16722376818809845,0.09181979527088598,0.7409564365410156
25989,LOF,0.0379091794832632,0.12260701385541656,0.8394838066613203
25990,LOF,0.04151862681761759,0.1891236346107952,0.7693577385715873
25991,LOF,0.020163888578964846,0.35722496857721553,0.6226111428438195
25992,LOF,0.023726281886261958,0.36138489816045005,0.614888819953288
25993,LOF,0.02048805735936774,0.09615895043006858,0.8833529922105637
25994,LOF,0.01534798539572885,0.09067934544175256,0.8939726691625185
25995,LOF,0.02001582380509403,0.19044827926937888,0.7895358969255271
25996,LOF,0.3365973161904559,0.28502368145462725,0.3783790023549168
25997,LOF,0.07765177255365892,0.34218612813942423,0.5801620993069169
25998,LOF,0.27800439601631177,0.05240870304957906,0.6695869009341091
25999,LOF,0.018639655028830023,0.2530115185580978,0.7283488264130722
26000,LOF,0.1379768958327735,0.03817496227963965,0.8238481418875868
26001,LOF,0.3032873331238118,0.026919446275774604,0.6697932206004137
26002,LOF,0.07336843351971399,0.054971836197932396,0.8716597302823537
26003,GOF,0.004148034745922327,0.6187906105162942,0.3770613547377834
26004,GOF,0.006360350096027858,0.7126697407660566,0.28096990913791564
26005,GOF,0.0030206448138076513,0.5151119338263095,0.48186742135988286
26006,GOF,0.07949114589301527,0.5942047620004864,0.3263040921064983
26007,GOF,0.006606349986157119,0.599414670168136,0.39397897984570684
26008,GOF,0.006167872804857234,0.660821373132785,0.3330107540623578
26009,GOF,0.006513468562863233,0.6875291539336259,0.3059573775035108
26010,GOF,0.007304337770471619,0.7082148953731863,0.28448076685634205
26011,GOF,0.0027147682258911988,0.5181476122240855,0.4791376195500234
26012,GOF,0.004303847672863214,0.5901040568247903,0.4055920955023466
26013,GOF,0.0055816935182884725,0.6602392703340512,0.3341790361476603
26014,LOF,0.04324278139962882,0.10254421313494314,0.8542130054654281
26015,LOF,0.120963445351516,0.018366882053037922,0.860669672595446
26016,LOF,0.2773873815048045,0.037187889873329556,0.6854247286218659
26017,LOF,0.02352032975601375,0.1831112733267478,0.7933683969172385
26018,LOF,0.06789161826887306,0.03944079137821588,0.8926675903529111
26019,LOF,0.06405791998656385,0.030475979900840923,0.9054661001125952
26020,LOF,0.008275949435829398,0.18418474429597423,0.8075393062681964
26021,LOF,0.06516279404627583,0.06914519172752413,0.8656920142262
26022,LOF,0.02648997102443568,0.02514028278583423,0.9483697461897301
26023,LOF,0.042906185771616166,0.021935406905636494,0.9351584073227475
26024,LOF,0.04066562867773389,0.07023291911321497,0.8891014522090512
26025,LOF,0.056184558758530054,0.0761230704326989,0.867692370808771
26026,LOF,0.11910193424204608,0.05780858300034308,0.8230894827576107
26027,LOF,0.053909641861159915,0.016531300534830602,0.9295590576040096
26028,LOF,0.08397026446893428,0.11086007334315924,0.8051696621879064
26029,LOF,0.026219909304546807,0.20661459225536202,0.7671654984400911
26030,LOF,0.1387507074133294,0.03034229878095028,0.8309069938057203
26031,LOF,0.013980571423233383,0.16168273043144366,0.824336698145323
26032,LOF,0.07730419247044677,0.07034880897168352,0.8523469985578698
26033,LOF,0.07879907930799318,0.06131765627692329,0.8598832644150834
26034,LOF,0.015058676422193626,0.17741229153382307,0.8075290320439833
26035,LOF,0.014081300243086793,0.13602095241942508,0.8498977473374882
26036,LOF,0.018388484693680072,0.17369535299365302,0.8079161623126668
26037,LOF,0.011592711454644416,0.11520609548265892,0.8732011930626966
26038,LOF,0.06784597659994915,0.06521332659569444,0.8669406968043564
26039,LOF,0.023672394154038576,0.16491783067256724,0.8114097751733943
26040,LOF,0.10826647293717546,0.14498826200565867,0.7467452650571659
26041,LOF,0.01367532968202867,0.09933128693855396,0.8869933833794172
26042,LOF,0.012696945044528424,0.10306306849208031,0.8842399864633912
26043,LOF,0.06658247122459586,0.08552013575960289,0.8478973930158012
26044,LOF,0.012582765318105616,0.06856057073301533,0.918856663948879
26045,LOF,0.04941153631099225,0.10322185730494891,0.8473666063840588
26046,LOF,0.06036517049457162,0.06541043720685294,0.8742243922985755
26047,LOF,0.1031716362830336,0.07003631765761818,0.8267920460593482
26048,LOF,0.04545181048484642,0.043281212803443964,0.9112669767117095
26049,Neutral,0.9654037908710444,0.006137531430022116,0.028458677698933392
26050,Neutral,0.9517151063792431,0.008005978508798278,0.04027891511195867
26051,LOF,0.01645296800161351,0.17476380780827563,0.8087832241901108
26052,LOF,0.024957538836213364,0.21709475991558932,0.7579477012481973
26053,LOF,0.022056002191451346,0.1587561803018825,0.8191878175066661
26054,LOF,0.05073518020878535,0.018272731008755375,0.9309920887824593
26055,LOF,0.06159739912399779,0.01690497575456089,0.9214976251214414
26056,LOF,0.05167721100410029,0.019914352809141726,0.928408436186758
26057,LOF,0.034138984152629885,0.01196191031517414,0.9538991055321959
26058,LOF,0.03554343895902855,0.010805928688038435,0.953650632352933
26059,LOF,0.29726864755840393,0.019969726156137374,0.6827616262854587
26060,LOF,0.009338804418945525,0.14677074819644137,0.843890447384613
26061,LOF,0.005273118553972691,0.01679071876478289,0.9779361626812445
26062,LOF,0.004144843441306529,0.02177915200335268,0.9740760045553408
26063,LOF,0.022876396937540202,0.010312019815495094,0.9668115832469647
26064,LOF,0.0069006856388727535,0.025013161126118177,0.9680861532350091
26065,LOF,0.02406876040216789,0.012265670079436405,0.9636655695183957
26066,LOF,0.02172444561808903,0.011401191940442286,0.9668743624414686
26067,LOF,0.03022518085909995,0.008788001008537218,0.9609868181323629
26068,LOF,0.04531858782701816,0.03166204572525607,0.9230193664477259
26069,LOF,0.27748276940436767,0.01921678884631597,0.7033004417493163
26070,LOF,0.4494483702888096,0.014651627142152844,0.5359000025690376
26071,LOF,0.02243300562444327,0.01176860281267492,0.9657983915628818
26072,LOF,0.0055472571353949755,0.026470328805665782,0.9679824140589393
26073,LOF,0.01930450279134675,0.014222357467162935,0.9664731397414903
26074,Neutral,0.9135333809241117,0.006432538924072302,0.08003408015181596
26075,LOF,0.0438916357857603,0.016504724260842783,0.9396036399533969
26076,LOF,0.04124780511508986,0.009507151457582873,0.9492450434273273
26077,LOF,0.10765327465568295,0.009272694848618748,0.8830740304956982
26078,LOF,0.005834329835357179,0.015913655039400655,0.9782520151252421
26079,LOF,0.0574160999716618,0.018291127336656183,0.924292772691682
26080,LOF,0.05515846121773526,0.018403852352247625,0.9264376864300172
26081,LOF,0.030904209439397638,0.007393156323781992,0.9617026342368203
26082,LOF,0.004551599132972586,0.01970084427243846,0.975747556594589
26083,LOF,0.1415057489250569,0.016634503835801197,0.8418597472391419
26084,LOF,0.03555516983763153,0.014215201855674297,0.9502296283066942
26085,LOF,0.03258018792591236,0.013112566497239186,0.9543072455768485
26086,LOF,0.020623539825826917,0.0121664405107478,0.9672100196634252
26087,LOF,0.022218235057074917,0.00972938007352494,0.9680523848694002
26088,LOF,0.005667293767633282,0.026675975848979357,0.9676567303833875
26089,LOF,0.040504346554141,0.023808087972255167,0.9356875654736038
26090,LOF,0.03949614416276099,0.019078817720167854,0.9414250381170711
26091,LOF,0.03015406582180615,0.007232435497104561,0.9626134986810894
26092,LOF,0.021673109206627638,0.008390669427806184,0.9699362213655661
26093,LOF,0.0424358176644041,0.00625974266043535,0.9513044396751607
26094,LOF,0.02946506434457955,0.007050226922207038,0.9634847087332133
26095,LOF,0.01592685025300456,0.02098828565124505,0.9630848640957504
26096,LOF,0.14622536586452875,0.0075124130840828465,0.8462622210513884
26097,LOF,0.00487198825640052,0.040812142505792626,0.9543158692378068
26098,LOF,0.07126984482991609,0.015518121224041111,0.9132120339460428
26099,LOF,0.019966034923246317,0.014388547572427812,0.9656454175043259
26100,LOF,0.02291754470581318,0.013659750371439027,0.9634227049227477
26101,LOF,0.04740797314686502,0.020840898537191472,0.9317511283159436
26102,LOF,0.022210939342635225,0.014038299134263826,0.9637507615231009
26103,Neutral,0.8759524366774921,0.020104807605381657,0.10394275571712613
26104,LOF,0.06973935055814505,0.024363889756910156,0.9058967596849448
26105,LOF,0.21224435366702074,0.16323354471209603,0.6245221016208832
26106,LOF,0.3277036797878956,0.11196970789552503,0.5603266123165793
26107,LOF,0.022548059631493315,0.09865105795292786,0.8788008824155789
26108,LOF,0.3453095881371289,0.0402890210311711,0.6144013908317
26109,LOF,0.033326516757004286,0.06651442381452746,0.9001590594284682
26110,LOF,0.18737108137695438,0.006103414177886984,0.8065255044451586
26111,LOF,0.0764759723555619,0.07635866693263424,0.8471653607118039
26112,LOF,0.03652836469219305,0.006339146219381754,0.9571324890884252
26113,LOF,0.06339367813625217,0.014116521922319618,0.9224897999414282
26114,LOF,0.06759185154415752,0.011913522903724601,0.9204946255521179
26115,LOF,0.015443602593653018,0.07671115501225732,0.9078452423940896
26116,LOF,0.08355259020257395,0.04258680800091427,0.8738606017965118
26117,LOF,0.4025010656973041,0.04167410758888297,0.555824826713813
26118,LOF,0.03473719357750615,0.02268485087038171,0.9425779555521122
26119,LOF,0.004358036828356434,0.053138760047917385,0.9425032031237262
26120,LOF,0.02416244458394531,0.01832082341054667,0.957516732005508
26121,LOF,0.004120093283563398,0.14890506369304318,0.8469748430233934
