feature0,prediction,LoGoFunc_Neutral,LoGoFunc_GOF,LoGoFunc_LOF
25546,Neutral,0.7463552904384573,0.033921320858764106,0.2197233887027787
25547,Neutral,0.5710583104017907,0.08122145817065748,0.3477202314275517
25548,Neutral,0.5552311897561168,0.05851670485252813,0.386252105391355
25549,Neutral,0.47556037795779377,0.05839537228679755,0.4660442497554087
25550,LOF,0.32409029139259976,0.11882979192123681,0.5570799166861635
25551,LOF,0.27567171342087027,0.13114210650989214,0.5931861800692376
25552,LOF,0.19301196784555957,0.12930957531236853,0.6776784568420718
25553,Neutral,0.8266260756543987,0.03272992338876651,0.14064400095683488
25554,LOF,0.21910349692752543,0.12007310757966698,0.6608233954928076
25555,LOF,0.183281561559747,0.1033445308502869,0.713373907589966
25556,LOF,0.38043454226596835,0.10178923287249031,0.5177762248615413
25557,LOF,0.17723973980481197,0.10853543390314205,0.7142248262920459
25558,LOF,0.21415209895182272,0.12289307921083387,0.6629548218373434
25559,LOF,0.42525640712263707,0.08036097849915189,0.49438261437821107
25560,LOF,0.050411678542575916,0.1791581724854243,0.7704301489719998
25561,LOF,0.10178252173410593,0.21590881347473675,0.6823086647911574
25562,LOF,0.11459315873712496,0.0926372873525415,0.7927695539103335
25563,LOF,0.10429173630595891,0.09241764067371792,0.8032906230203231
25564,LOF,0.17067308461074007,0.16112437983066072,0.6682025355585992
25565,LOF,0.15527457830863642,0.1405711996785061,0.7041542220128575
25566,GOF,0.014803366688659997,0.7738053612693221,0.21139127204201788
25567,LOF,0.014717988849025905,0.1510175479570232,0.8342644631939509
25568,LOF,0.05212382844261533,0.06732833422519312,0.8805478373321914
25569,LOF,0.060071004592674344,0.07117363767120728,0.8687553577361184
25570,LOF,0.06598610887141784,0.10241933817227153,0.8315945529563106
25571,LOF,0.06139665624070348,0.09719461427503556,0.8414087294842608
25572,LOF,0.06674320401398047,0.15080737799596294,0.7824494179900566
25573,LOF,0.027883038895657034,0.10443938227342682,0.8676775788309162
25574,LOF,0.019185307783716545,0.16942569810247834,0.811388994113805
25575,LOF,0.05143712765252668,0.10971929420361003,0.8388435781438633
25576,LOF,0.021341856369070277,0.12786503010588657,0.850793113525043
25577,LOF,0.01501841391252554,0.16061475381304824,0.8243668322744263
25578,LOF,0.23798938195607555,0.09340820282490288,0.6686024152190216
25579,LOF,0.23979557452944378,0.09266533259558778,0.6675390928749684
25580,LOF,0.03566707663722392,0.09171564428325966,0.8726172790795164
25581,LOF,0.047716678287347346,0.0783358072495855,0.8739475144630671
25582,LOF,0.047503558310582936,0.07464519963495213,0.877851242054465
25583,LOF,0.04634829161597914,0.10146693385641767,0.8521847745276032
25584,LOF,0.44919362711913996,0.09968807554058262,0.45111829734027753
25585,LOF,0.0349060558760731,0.1217670897000323,0.8433268544238947
25586,LOF,0.039367512419598356,0.08904007757493276,0.8715924100054688
25587,LOF,0.03650922364274564,0.08327687986810196,0.8802138964891524
25588,LOF,0.038162850959525756,0.10678130183928511,0.8550558472011892
25589,Neutral,0.5980943407100286,0.11923812845459887,0.28266753083537244
25590,LOF,0.028606666634134456,0.14685587829615737,0.8245374550697082
25591,LOF,0.10387476107996056,0.06494513323469193,0.8311801056853475
25592,LOF,0.09709392990933637,0.14581088356666655,0.7570951865239971
25593,LOF,0.018059556628939967,0.27441822499683166,0.7075222183742284
25594,LOF,0.030901027193908262,0.2482118176949257,0.7208871551111661
25595,LOF,0.04708434037515073,0.20075784524077697,0.7521578143840721
25596,LOF,0.055553303561863526,0.12034494735234763,0.8241017490857888
25597,LOF,0.053521731627053495,0.0968692712170137,0.8496089971559329
25598,LOF,0.037236578627104784,0.23526332022282645,0.7275001011500687
25599,GOF,0.00669665928964799,0.7892411497825984,0.2040621909277535
25600,GOF,0.009463679133833421,0.5643432839384089,0.42619303692775773
25601,GOF,0.00785827272721515,0.5052599878435531,0.48688173942923174
25602,LOF,0.023042366009057475,0.05904999758665173,0.9179076364042907
25603,LOF,0.03614072036743936,0.04235645893280677,0.9215028206997539
25604,LOF,0.04733935095388603,0.056681952663680917,0.895978696382433
25605,LOF,0.010115854273283915,0.2238703151209608,0.7660138306057552
25606,LOF,0.0668940227806798,0.43476088464812035,0.49834509257119997
25607,LOF,0.004908801300684686,0.14945731597496162,0.8456338827243537
25608,LOF,0.062434537444003596,0.04095969605241775,0.8966057665035787
25609,LOF,0.047545699629016086,0.3412156705890251,0.6112386297819588
25610,LOF,0.043517013392819194,0.03373310545030581,0.922749881156875
25611,LOF,0.05144677680280299,0.032564191865159624,0.9159890313320375
25612,LOF,0.09713883591910506,0.05759687620801869,0.8452642878728763
25613,LOF,0.0845546784251751,0.05374235592520065,0.8617029656496242
25614,LOF,0.03413306837252346,0.042697530639380026,0.9231694009880966
25615,LOF,0.05697322737924243,0.042443926752815136,0.9005828458679425
25616,LOF,0.03522438971906476,0.04019848541624096,0.9245771248646943
25617,LOF,0.034933507464512424,0.04620555622660211,0.9188609363088854
25618,LOF,0.21594159440936136,0.044154634593781564,0.7399037709968571
25619,LOF,0.034791824988750435,0.03765019679323246,0.9275579782180171
25620,LOF,0.03852996370455878,0.04999796232370073,0.9114720739717403
25621,LOF,0.034016268421220144,0.03660580058337458,0.9293779309954053
25622,LOF,0.02929850200969568,0.051047127394001475,0.9196543705963028
25623,LOF,0.06429008698164401,0.0393018532500439,0.8964080597683121
25624,LOF,0.02865458711733702,0.05155323633847193,0.919792176544191
25625,LOF,0.034851448130533605,0.05568166375353861,0.9094668881159278
25626,LOF,0.07413894870332881,0.039393266637124766,0.8864677846595463
25627,Neutral,0.563617167695523,0.132402570439068,0.30398026186540916
25628,LOF,0.1818030082834359,0.06671195544843433,0.7514850362681297
25629,LOF,0.064276783800961,0.13002339900261797,0.805699817196421
25630,LOF,0.17925035267028475,0.11805379789003904,0.7026958494396761
25631,Neutral,0.574845076968223,0.0901045202528676,0.33505040277890946
25632,LOF,0.026179172818756202,0.07905557660999835,0.8947652505712455
25633,LOF,0.24565128902062308,0.0929612079430168,0.6613875030363601
25634,LOF,0.03822649474331074,0.10624864704199291,0.8555248582146964
25635,LOF,0.046188179531580074,0.09287949520287381,0.8609323252655462
25636,GOF,0.005946476950074192,0.5311323807380554,0.4629211423118704
25637,LOF,0.005104803240491959,0.4862976480369244,0.5085975487225837
25638,LOF,0.008445423620362805,0.37586346766197154,0.6156911087176656
25639,LOF,0.005431372540268654,0.37428488184446534,0.620283745615266
25640,GOF,0.4376368829694771,0.517457001315539,0.04490611571498388
25641,LOF,0.00720944219700971,0.3685459641015194,0.6242445937014709
25642,LOF,0.254085214059037,0.07760200471073624,0.6683127812302267
25643,LOF,0.1756964015600912,0.29400197128237016,0.5303016271575387
25644,LOF,0.03064418373568644,0.4755224841564736,0.4938333321078399
25645,LOF,0.024800046858450234,0.37420383729254403,0.6009961158490057
25646,LOF,0.021942236962330202,0.237141352960203,0.7409164100774669
25647,LOF,0.021047755560670543,0.20254054770726454,0.7764116967320649
25648,LOF,0.018292850023664944,0.20285779143306243,0.7788493585432725
25649,LOF,0.015802409019971,0.1464307775286876,0.8377668134513415
25650,LOF,0.049804817273089,0.41022591693773847,0.5399692657891726
25651,LOF,0.014518117153750936,0.18285736892286159,0.8026245139233875
25652,LOF,0.02000223640466229,0.1859795910848623,0.7940181725104755
25653,LOF,0.09247805288232587,0.3597184529876485,0.5478034941300256
25654,LOF,0.016587087933167884,0.18664020552172708,0.7967727065451051
25655,LOF,0.11265429273576455,0.24648444109140272,0.6408612661728328
25656,LOF,0.06253831192079345,0.06474536740854693,0.8727163206706595
25657,LOF,0.29520840519707703,0.026250562643463655,0.6785410321594593
25658,LOF,0.03264179268478443,0.07954743964134355,0.8878107676738721
25659,LOF,0.23873634349047934,0.057197851749087925,0.7040658047604327
25660,LOF,0.09173862824731296,0.10257995897430965,0.8056814127783775
25661,LOF,0.08055134047447933,0.07451350719247109,0.8449351523330496
25662,LOF,0.03464160724089042,0.05168245708281753,0.913675935676292
25663,LOF,0.04317581318682282,0.08121702987043283,0.8756071569427444
25664,LOF,0.02982649125347501,0.1377840240580468,0.8323894846884782
25665,LOF,0.05229724211006092,0.05384265930171789,0.8938600985882211
25666,LOF,0.0374150581458189,0.19988153599212283,0.7627034058620583
25667,LOF,0.03550834402059992,0.06294002306675374,0.9015516329126463
25668,LOF,0.045560430403692974,0.0610255966217051,0.893413972974602
25669,LOF,0.052655670819507644,0.09731871807240802,0.8500256111080844
25670,LOF,0.137824085864912,0.11302182589170631,0.7491540882433818
25671,LOF,0.04366989846831107,0.058435095955008065,0.8978950055766808
25672,LOF,0.0507570622854208,0.09155236272310495,0.8576905749914743
25673,LOF,0.03620916544348528,0.09853807090728,0.8652527636492348
25674,LOF,0.02710456311004829,0.11257313818220006,0.8603222987077516
25675,LOF,0.03509921380559006,0.09802520784794157,0.8668755783464684
25676,LOF,0.033529254258940884,0.07292182179464277,0.8935489239464164
25677,LOF,0.08766119345446795,0.06703289443608947,0.8453059121094425
25678,LOF,0.1533019812392035,0.05720847692715125,0.7894895418336453
25679,LOF,0.09510184723647203,0.08899590670107986,0.8159022460624481
25680,LOF,0.0948228570604812,0.09751341128379518,0.8076637316557236
25681,LOF,0.10699542241540586,0.09191513248665742,0.8010894450979368
25682,LOF,0.053793703972147985,0.08316168783664922,0.8630446081912029
25683,LOF,0.07131351709215346,0.13258860045264237,0.7960978824552042
25684,LOF,0.06598103859343298,0.07596417746786638,0.8580547839387006
25685,LOF,0.12856129866215527,0.03885866887069528,0.8325800324671495
25686,LOF,0.03529302871371877,0.0781843071616269,0.8865226641246544
25687,LOF,0.07233354257245825,0.07425013219353666,0.853416325234005
25688,LOF,0.02522093999427261,0.15618957812077439,0.8185894818849531
25689,LOF,0.017213119663029304,0.08800440871080846,0.8947824716261621
25690,LOF,0.018521446754877588,0.11338416916274772,0.8680943840823747
25691,LOF,0.1559211612173427,0.16621873967562573,0.6778600991070316
25692,LOF,0.18114795046683047,0.025520989342499408,0.7933310601906701
25693,LOF,0.041850536711972815,0.1648528236220898,0.7932966396659374
25694,LOF,0.2980980291285906,0.011538237038193408,0.6903637338332159
25695,LOF,0.20570576838668217,0.016510260414427904,0.77778397119889
25696,LOF,0.1562767417899551,0.010622825943148598,0.8331004322668965
25697,LOF,0.10478998801947716,0.03433395770831667,0.8608760542722061
25698,LOF,0.031254871313626066,0.33923775853188953,0.6295073701544843
25699,LOF,0.07854799947070229,0.06900788706251358,0.8524441134667842
25700,LOF,0.033659418018048684,0.014421550981601179,0.95191903100035
25701,LOF,0.016062900718901547,0.07503956468303595,0.9088975345980626
25702,GOF,0.02625487256134527,0.7827210893816777,0.19102403805697696
25703,LOF,0.01576330739905582,0.23767191694956882,0.7465647756513752
25704,LOF,0.10457312859976316,0.19338564988121623,0.7020412215190206
25705,LOF,0.08653662458608063,0.27232172172621505,0.6411416536877043
25706,GOF,0.029156135188389654,0.6314792224096408,0.3393646424019695
25707,GOF,0.03220256846175524,0.6249733298013518,0.3428241017368929
25708,GOF,0.007676843964675332,0.6003334660507152,0.39198968998460954
25709,LOF,0.023170665149580414,0.09797317511844714,0.8788561597319725
25710,LOF,0.00520701507728932,0.26466766835662664,0.730125316566084
25711,LOF,0.027818633795129118,0.15203520193276537,0.8201461642721054
25712,LOF,0.006427468952779744,0.3105754707436323,0.6829970603035879
25713,LOF,0.023567861713428204,0.13505377647295916,0.8413783618136127
25714,LOF,0.02612498358257952,0.181984825774519,0.7918901906429014
25715,LOF,0.02915994570055434,0.15279387363768737,0.8180461806617583
25716,LOF,0.009046944525592758,0.15010697359099448,0.8408460818834127
25717,LOF,0.005765168253204212,0.1747760097085371,0.8194588220382587
25718,LOF,0.025514460806267257,0.10495134759424693,0.8695341915994858
25719,LOF,0.03312056170013478,0.12574258484552017,0.841136853454345
25720,LOF,0.03257633324791874,0.11512164430750953,0.8523020224445718
25721,LOF,0.02862780891715784,0.11292141866174182,0.8584507724211005
25722,LOF,0.01777985184534121,0.16012718373232715,0.8220929644223316
25723,LOF,0.0270109163329639,0.10428742743267985,0.8687016562343564
25724,LOF,0.02854957498158462,0.19314242831669934,0.7783079967017161
25725,LOF,0.02834666853995893,0.10183336840093891,0.8698199630591021
25726,LOF,0.018251507877940686,0.13842132800808493,0.8433271641139745
25727,LOF,0.024476215869619698,0.13627280394360158,0.8392509801867788
25728,LOF,0.026279699264411836,0.133446957333868,0.8402733434017201
25729,LOF,0.02579974386400015,0.14084699239453807,0.8333532637414618
25730,LOF,0.028647348963334637,0.10156544936093605,0.8697872016757293
25731,LOF,0.010869603316341455,0.22397005248171636,0.7651603442019422
25732,LOF,0.022616639908448744,0.11677140193441295,0.8606119581571383
25733,LOF,0.0337182841069948,0.11807657547374577,0.8482051404192595
25734,LOF,0.006062105669036609,0.30469696965656146,0.6892409246744019
25735,LOF,0.024958478077604845,0.0961182069649764,0.8789233149574187
25736,LOF,0.022998436883579873,0.15648318242974024,0.8205183806866798
25737,LOF,0.048301061428202216,0.15537612399716588,0.7963228145746319
25738,LOF,0.024201740634845027,0.1924405489453626,0.7833577104197923
25739,LOF,0.027940223777092515,0.16391937311335053,0.8081404031095569
25740,LOF,0.03029626323456105,0.1696969482401843,0.8000067885252546
25741,LOF,0.036435811302671435,0.14718179513075413,0.8163823935665745
25742,LOF,0.04631751835279573,0.1593327288573665,0.7943497527898377
25743,LOF,0.01251435284935232,0.03113023977882829,0.9563554073718195
25744,LOF,0.18142481387814666,0.2980147177469257,0.5205604683749276
25745,LOF,0.04085270323466521,0.092323657414776,0.866823639350559
25746,LOF,0.015324731981878567,0.1458677713926625,0.8388074966254591
25747,LOF,0.04447231296814983,0.030941128711971442,0.9245865583198787
25748,LOF,0.2911819003673834,0.05748895631882053,0.651329143313796
25749,LOF,0.013864777785337548,0.07525609551884506,0.9108791266958174
25750,LOF,0.020383853910583415,0.07390701558873544,0.9057091305006812
25751,LOF,0.04316039706516877,0.05589203996978028,0.9009475629650511
25752,GOF,0.08299505180532671,0.6981714503581398,0.21883349783653352
25753,LOF,0.00676468943981498,0.41380544420531656,0.5794298663548685
25754,GOF,0.007740061948057673,0.8684535990374591,0.12380633901448322
25755,LOF,0.0066552354526570445,0.44174535944162024,0.5515994051057228
25756,LOF,0.030897285153335938,0.44290925682629256,0.5261934580203715
25757,GOF,0.008179131887840321,0.8567541683965151,0.1350666997156446
25758,GOF,0.008668516486885275,0.8623945271961015,0.12893695631701307
25759,GOF,0.006018343027947571,0.6314362081671263,0.3625454488049261
25760,LOF,0.005719421470708635,0.35091063973539943,0.6433699387938918
25761,GOF,0.05059721849626573,0.8439627832529188,0.10543999825081539
25762,LOF,0.03618450111086472,0.37275533978860664,0.5910601591005286
25763,LOF,0.006412085882320636,0.2990386837405412,0.6945492303771382
25764,GOF,0.05284822097482778,0.6167661928973639,0.3303855861278083
25765,GOF,0.00838224194235934,0.8487428046710718,0.14287495338656878
25766,GOF,0.049124953828786115,0.813437692074984,0.13743735409622992
25767,GOF,0.0151726019246743,0.5560051071108423,0.42882229096448343
25768,LOF,0.04722728456453271,0.06231142605220588,0.8904612893832614
25769,LOF,0.03136929234164309,0.061683082114820265,0.9069476255435366
25770,LOF,0.12579073950570988,0.05682310730056444,0.8173861531937258
25771,LOF,0.016755971643543328,0.050977736965439994,0.9322662913910167
25772,LOF,0.028207860207347463,0.021329530615658086,0.9504626091769943
25773,LOF,0.01938692822515087,0.052211290207697394,0.9284017815671517
25774,LOF,0.024550506113464828,0.08847714192640002,0.886972351960135
25775,LOF,0.020195465943994656,0.03540589177324154,0.9443986422827637
25776,LOF,0.03232095444899383,0.018389183296750124,0.949289862254256
25777,LOF,0.12947538824667865,0.05795433760209942,0.812570274151222
25778,LOF,0.023029922259563487,0.04201704674320732,0.9349530309972292
25779,GOF,0.04823955580451355,0.8796201117276236,0.0721403324678629
25780,GOF,0.06936064242044386,0.8817446737963505,0.04889468378320581
25781,GOF,0.028360402689124015,0.8572700123816982,0.11436958492917781
25782,GOF,0.03373102773389329,0.9086488953930857,0.057620076873021044
25783,GOF,0.029425190166659596,0.9252422151710379,0.04533259466230257
25784,GOF,0.08788966554351665,0.8606654354866448,0.051444898969838684
25785,GOF,0.08707007283495666,0.875154467140454,0.03777546002458939
25786,GOF,0.010331359719434849,0.8907690046243354,0.09889963565622971
25787,GOF,0.21241281964435746,0.7394843530098707,0.04810282734577191
25788,LOF,0.017024952501995195,0.1831381213898175,0.7998369261081874
25789,GOF,0.01781149311466865,0.8567725910387193,0.12541591584661213
25790,GOF,0.029146814170451472,0.8912064792754247,0.07964670655412376
25791,GOF,0.0224539564775059,0.7917311687439671,0.185814874778527
25792,GOF,0.027057386571381337,0.8257611453532251,0.1471814680753936
25793,GOF,0.06383809498347259,0.8530053975470526,0.08315650746947477
25794,GOF,0.035347600192329375,0.7752819466422638,0.189370453165407
25795,GOF,0.05330418675244677,0.729180135401936,0.2175156778456172
25796,GOF,0.10926847702105472,0.8041409686085438,0.08659055437040149
25797,GOF,0.07629966310577235,0.7410342908889725,0.18266604600525518
25798,GOF,0.007070058776476921,0.795232958866981,0.19769698235654204
25799,GOF,0.004485152505277007,0.708430558054221,0.2870842894405021
25800,GOF,0.02835143504998243,0.8392682371867282,0.13238032776328923
25801,GOF,0.02170977584490221,0.9090265533244545,0.06926367083064322
25802,GOF,0.032141836876664547,0.8220549576251872,0.14580320549814815
25803,GOF,0.02233055703335108,0.7253120055297205,0.2523574374369283
25804,GOF,0.034179976790381754,0.7791911968730053,0.18662882633661282
25805,GOF,0.0288274225737419,0.7930276614434096,0.17814491598284854
25806,GOF,0.037004815650892156,0.794741600647267,0.1682535837018409
25807,GOF,0.01223741467397533,0.759915314220461,0.22784727110556374
25808,GOF,0.022246447173609452,0.7592462301859015,0.21850732264048897
25809,GOF,0.011806180929514833,0.7268535784289807,0.26134024064150446
25810,GOF,0.009984115858102152,0.7048341985608534,0.28518168558104445
25811,GOF,0.05535133700920929,0.8747616671404378,0.06988699585035288
25812,GOF,0.03110218817473073,0.7973795314681352,0.1715182803571341
25813,GOF,0.14284186088471923,0.7872252257714101,0.0699329133438707
25814,GOF,0.030298739152755556,0.8119933871612446,0.15770787368599978
25815,GOF,0.054180900569675776,0.843463173972792,0.10235592545753205
25816,GOF,0.009163592500278804,0.8683917738635548,0.1224446336361663
25817,GOF,0.11037199638777258,0.7823911993678193,0.10723680424440817
25818,GOF,0.029139465724794915,0.8052240232117878,0.16563651106341729
25819,GOF,0.04400561452045153,0.7511418974650268,0.20485248801452163
25820,GOF,0.03959778295164193,0.6999789563504647,0.26042326069789334
25821,GOF,0.027794580422200017,0.7400188140387357,0.23218660553906426
25822,GOF,0.04661759866608629,0.7258261707830591,0.22755623055085458
25823,GOF,0.02944213843857042,0.7302240336359667,0.24033382792546296
25824,GOF,0.029102281378362214,0.7896532547181353,0.18124446390350232
25825,GOF,0.02328059790933938,0.7846417707321163,0.19207763135854444
25826,GOF,0.010873325264172791,0.7385106439390087,0.2506160307968185
25827,GOF,0.015373845888054186,0.6852767432864514,0.29934941082549443
25828,GOF,0.012105795676808744,0.73488530407853,0.2530089002446612
25829,GOF,0.004403739835817626,0.6722078999309741,0.3233883602332083
25830,GOF,0.042481886422681574,0.5255078916814694,0.432010221895849
25831,GOF,0.06286346331617848,0.8144399836281457,0.12269655305567587
25832,GOF,0.011277346506405201,0.7657818625732999,0.2229407909202949
25833,GOF,0.03834180084234267,0.8281314354062389,0.1335267637514184
25834,GOF,0.011482609397168568,0.7814179686982263,0.20709942190460515
25835,GOF,0.026167080405031757,0.8407673546181493,0.1330655649768189
25836,GOF,0.008052107666689179,0.7578706562899217,0.23407723604338915
25837,GOF,0.0110621810848683,0.7827612526770876,0.2061765662380441
25838,GOF,0.026905541287604532,0.8461577311150666,0.12693672759732885
25839,GOF,0.06882990079319697,0.8131682508926762,0.11800184831412679
25840,GOF,0.10066033036750385,0.7936855774155654,0.10565409221693067
25841,GOF,0.09900528548236005,0.818381159669528,0.08261355484811202
25842,GOF,0.033479967028143466,0.8776279753101268,0.08889205766172978
25843,GOF,0.033684918880796416,0.8794140606240072,0.08690102049519642
25844,GOF,0.024663545979941342,0.8342920413960165,0.1410444126240422
25845,GOF,0.007835114617026823,0.7609154486344106,0.2312494367485626
25846,GOF,0.07203595537867877,0.8337157314356624,0.09424831318565877
25847,GOF,0.022814648548945438,0.8808287129606629,0.09635663849039179
25848,GOF,0.02897486118921617,0.8470091167807668,0.12401602203001696
25849,GOF,0.008914138548020482,0.8208939610409834,0.17019190041099622
25850,GOF,0.00807900183664418,0.7352544698367981,0.2566665283265577
25851,GOF,0.007434198047392816,0.6960563193390984,0.29650948261350873
25852,GOF,0.1540505396064095,0.5824373002490316,0.2635121601445589
25853,GOF,0.0632616438594753,0.8219458306583978,0.11479252548212697
25854,GOF,0.006661812314541853,0.7184764016912475,0.2748617859942105
25855,GOF,0.021699431831505488,0.6966654262736021,0.2816351418948924
25856,GOF,0.039067995077911526,0.770007739781923,0.1909242651401654
25857,GOF,0.021392236570732963,0.6890231601599807,0.2895846032692864
25858,GOF,0.010939863139278402,0.6960621450255731,0.2929979918351486
25859,GOF,0.008345540259247698,0.6706199054347228,0.32103455430602956
25860,GOF,0.07339464710618736,0.7876471639244965,0.13895818896931622
25861,GOF,0.10907409010613976,0.7992219889160661,0.09170392097779402
25862,GOF,0.026756332911752556,0.8954439452288536,0.07779972185939373
25863,GOF,0.025649286479946215,0.8919500096191532,0.0824007039009008
25864,GOF,0.06759773621533845,0.8790743919063194,0.05332787187834217
25865,GOF,0.05720324740875242,0.8484673969774384,0.09432935561380909
25866,GOF,0.027793847531958443,0.8820410160012773,0.0901651364667644
25867,GOF,0.042730991795365936,0.8775624809416469,0.07970652726298733
25868,GOF,0.07175663222077089,0.8193153399766029,0.10892802780262632
25869,GOF,0.37423254659451693,0.5440501342282744,0.08171731917720862
25870,GOF,0.07448545006522697,0.5572770192297534,0.36823753070501963
25871,GOF,0.01161310281302322,0.8586019624439373,0.12978493474303962
25872,GOF,0.02527240973904673,0.8416026217927834,0.13312496846817
25873,GOF,0.026199578131910043,0.8820873288294218,0.0917130930386683
25874,LOF,0.018277990395523185,0.20569628336100387,0.776025726243473
25875,LOF,0.038676817419044114,0.05271232784177353,0.9086108547391823
25876,LOF,0.02294485537189679,0.03995400240608525,0.937101142222018
25877,LOF,0.12546253543011307,0.09663759300634936,0.7778998715635376
25878,LOF,0.09917870124856934,0.11871986141971123,0.7821014373317194
25879,LOF,0.016243159708441146,0.08527737056278711,0.8984794697287718
25880,LOF,0.07745118585443812,0.01422421159442694,0.908324602551135
25881,Neutral,0.5411144536388455,0.0967268468762103,0.36215869948494417
25882,LOF,0.06527265734064827,0.027323018334838113,0.9074043243245137
25883,LOF,0.027927152980540996,0.03095510408896251,0.9411177429304965
25884,LOF,0.020322527887463884,0.047406486996334415,0.9322709851162018
25885,LOF,0.19973703405919596,0.013838776343509135,0.7864241895972948
25886,LOF,0.2666542655428762,0.0651802671747998,0.668165467282324
25887,LOF,0.12227173281125481,0.1260853162434834,0.7516429509452618
25888,LOF,0.007967910136815786,0.17322589964951823,0.818806190213666
25889,LOF,0.029743197615482796,0.041277104178427226,0.9289796982060899
25890,LOF,0.19471074145367326,0.05767902307681118,0.7476102354695155
25891,LOF,0.12207180033194337,0.02566450133065454,0.8522636983374021
25892,LOF,0.008851207515568232,0.03263620819022968,0.9585125842942022
25893,LOF,0.395236712389781,0.009957892406059413,0.5948053952041598
25894,LOF,0.371878817914676,0.006988456980855748,0.6211327251044683
25895,LOF,0.3135371909663599,0.01458022935445983,0.6718825796791803
25896,LOF,0.07261129418142344,0.035350327962339875,0.8920383778562367
25897,LOF,0.1279216420570449,0.011634692925273648,0.8604436650176815
25898,LOF,0.13880932609413518,0.03241773256330552,0.8287729413425593
25899,LOF,0.39181091978358024,0.037187835976408096,0.5710012442400118
25900,LOF,0.4669784395051367,0.010464788194952125,0.5225567722999112
25901,LOF,0.08309411006606797,0.012115168578109365,0.9047907213558226
25902,LOF,0.0841665654823851,0.014769076396468333,0.9010643581211466
25903,LOF,0.27388818940143467,0.02602646255182269,0.7000853480467425
25904,Neutral,0.5028556813551427,0.04814283250457312,0.4490014861402841
25905,LOF,0.006845371379274213,0.4565448781679198,0.536609750452806
25906,LOF,0.010908989400040982,0.08551994189577782,0.9035710687041811
25907,LOF,0.0102546040856461,0.28300400275491067,0.7067413931594433
25908,LOF,0.009743740206868192,0.28814237636891477,0.702113883424217
25909,LOF,0.03429339203738684,0.11243035446479074,0.8532762534978224
25910,LOF,0.013965707670212943,0.1385874992178833,0.8474467931119039
25911,LOF,0.19690801122371035,0.026513669042569236,0.7765783197337204
25912,LOF,0.09749618593656795,0.019811876710823465,0.8826919373526085
25913,LOF,0.02408933722672514,0.03238339436881884,0.9435272684044561
25914,LOF,0.04574659885175198,0.023358335627798335,0.9308950655204496
25915,LOF,0.25645499782778813,0.09843456616131137,0.6451104360109006
25916,LOF,0.027329320894262907,0.050080047958153906,0.9225906311475832
25917,LOF,0.07687241045937644,0.023406097611468734,0.8997214919291548
25918,LOF,0.04155932127798809,0.012395866241272969,0.9460448124807389
25919,LOF,0.03692551918568285,0.012411460292834266,0.9506630205214829
25920,Neutral,0.37949259440236444,0.25584691175077157,0.36466049384686394
25921,LOF,0.01779298954547242,0.02013262568605132,0.9620743847684763
25922,LOF,0.015549302511770318,0.022783777333813683,0.961666920154416
25923,LOF,0.4466607971774146,0.014422121536084975,0.5389170812865005
25924,LOF,0.0283474304302492,0.025513875483637833,0.946138694086113
25925,LOF,0.09747197206058797,0.029523514235516208,0.8730045137038959
25926,LOF,0.08589879132439784,0.018745547152645262,0.8953556615229569
25927,LOF,0.025994072605215992,0.049627132145386194,0.9243787952493977
25928,LOF,0.013291866078495175,0.027892049131629036,0.9588160847898758
25929,Neutral,0.5754348085261864,0.013837015427151423,0.4107281760466622
25930,LOF,0.08798593595251049,0.013191828684918276,0.8988222353625713
25931,LOF,0.015205925653960239,0.01675440430498718,0.9680396700410525
25932,LOF,0.0823108771158153,0.018085725337112647,0.8996033975470721
25933,LOF,0.08695722090827762,0.010267476608506527,0.9027753024832158
25934,LOF,0.08316307506806772,0.008615684972285882,0.9082212399596464
25935,LOF,0.09437783853508658,0.0254011806885607,0.8802209807763528
25936,LOF,0.10951161128696156,0.009990287410255377,0.8804981013027832
25937,LOF,0.021255132193693196,0.014114682876861809,0.9646301849294451
25938,LOF,0.09769223618460257,0.02348081500137731,0.87882694881402
25939,LOF,0.07424409967311886,0.012475327439862724,0.9132805728870185
25940,GOF,0.010775841844711458,0.5577228434136704,0.4315013147416182
25941,LOF,0.452851062016694,0.046614464067487836,0.5005344739158181
25942,LOF,0.010779100443996993,0.050377582890949346,0.9388433166650536
25943,LOF,0.04173151816435076,0.18111594957361407,0.7771525322620351
25944,LOF,0.03808142016849264,0.09394608072040798,0.8679724991110994
25945,LOF,0.17105332634869055,0.026018239269038262,0.8029284343822711
25946,LOF,0.06822076541907188,0.04095323110612123,0.890826003474807
25947,Neutral,0.4880112127731553,0.10826250824933432,0.40372627897751046
25948,LOF,0.36823012722765713,0.016601424137846106,0.6151684486344968
25949,LOF,0.11912686154535576,0.07697071631147163,0.8039024221431726
25950,GOF,0.11915813765617876,0.5589366852706736,0.3219051770731476
25951,LOF,0.018848773099576985,0.45431334810592167,0.5268378787945014
25952,LOF,0.21513102419977512,0.24199890297368754,0.5428700728265374
25953,LOF,0.009579539043984554,0.3296050916506973,0.6608153693053181
25954,GOF,0.11595003586673121,0.45577266002478123,0.42827730410848763
25955,LOF,0.011551836167754542,0.2413813452509342,0.7470668185813113
25956,LOF,0.014167064425965577,0.36045805604148695,0.6253748795325476
25957,LOF,0.14668757771629368,0.04008905218477016,0.8132233700989361
25958,LOF,0.03215943512246421,0.06041475196195812,0.9074258129155776
25959,GOF,0.007477559342461484,0.7700656067612327,0.22245683389630577
25960,LOF,0.004389559843778799,0.13606205117873502,0.8595483889774863
25961,LOF,0.02908044716974843,0.049258675377835744,0.9216608774524158
25962,LOF,0.03288642176818988,0.07760973281106583,0.8895038454207443
25963,LOF,0.007692845746403956,0.12653243640814296,0.8657747178454531
25964,LOF,0.04012019794968688,0.14811010444415032,0.8117696976061629
25965,LOF,0.2634448870858792,0.16123181554021218,0.5753232973739086
25966,LOF,0.332723458509516,0.11362203241814932,0.5536545090723347
25967,LOF,0.005921167784410529,0.09207919990186987,0.9019996323137196
25968,LOF,0.04021314242475489,0.2462767402615206,0.7135101173137245
25969,LOF,0.12997122952139975,0.06266127440393983,0.8073674960746605
25970,LOF,0.07198673475167823,0.06339651952129217,0.8646167457270296
25971,LOF,0.06686836934574686,0.0291891232150811,0.903942507439172
25972,LOF,0.08235759103595135,0.05171125491697948,0.8659311540470692
25973,LOF,0.053195822845951084,0.013201873140849892,0.9336023040131991
25974,LOF,0.046485403214292974,0.045639419022384574,0.9078751777633224
25975,LOF,0.0355286001690861,0.020070619140334763,0.9444007806905791
25976,LOF,0.08509278760434352,0.013010520925555972,0.9018966914701004
25977,LOF,0.2661481409767905,0.04688847672000816,0.6869633823032013
25978,LOF,0.16974525917133754,0.14333054209700113,0.6869241987316613
25979,LOF,0.1420419050503447,0.16517764575231497,0.6927804491973404
25980,LOF,0.2125409451762293,0.21766626641812656,0.5697927884056441
25981,LOF,0.2140149707936326,0.2206094714821284,0.565375557724239
25982,LOF,0.37471212731037495,0.12182074430586622,0.5034671283837588
25983,Neutral,0.4490191560921496,0.12639803680546802,0.4245828071023824
25984,LOF,0.06447221599420958,0.0842851655931807,0.8512426184126097
25985,Neutral,0.4759703189219645,0.12100170476336204,0.40302797631467346
25986,LOF,0.014025451817781262,0.4719853182549462,0.5139892299272726
25987,LOF,0.042073527730476644,0.10017559392317522,0.8577508783463482
25988,LOF,0.06241662699947894,0.13564506928971662,0.8019383037108044
25989,LOF,0.07136241201544771,0.21711341048206467,0.7115241775024875
25990,LOF,0.05467025411884234,0.3561155231415217,0.5892142227396359
25991,LOF,0.02903182275198226,0.46863751035490087,0.5023306668931168
25992,LOF,0.017489717200397895,0.43782791366645474,0.5446823691331474
25993,LOF,0.020635210891689553,0.05773028182594747,0.9216345072823628
25994,LOF,0.029521288387529165,0.05991820845196001,0.9105605031605107
25995,LOF,0.019804191141603037,0.11332331003194081,0.8668724988264562
25996,GOF,0.3644451275527134,0.38556294217726717,0.24999193027001942
25997,LOF,0.054440304700822485,0.4323269968561249,0.5132326984430526
25998,LOF,0.2318721124945013,0.043093966899807774,0.7250339206056909
25999,LOF,0.043019806763218545,0.1219177299373694,0.8350624632994121
26000,LOF,0.13722997608650114,0.015568789074140358,0.8472012348393585
26001,LOF,0.19762890949450773,0.020400345655116257,0.7819707448503761
26002,LOF,0.09583490891999327,0.027337989161870822,0.8768271019181358
26003,GOF,0.006295147763655255,0.6229719307613533,0.3707329214749915
26004,GOF,0.011829520243206807,0.5675625088686497,0.4206079708881436
26005,LOF,0.004498616439581708,0.48563887006882256,0.5098625134915957
26006,GOF,0.08703310219138588,0.4887943615896115,0.4241725362190027
26007,GOF,0.00884349531978815,0.4974573452200577,0.49369915946015414
26008,GOF,0.005547139423561831,0.5637406651166036,0.4307121954598345
26009,GOF,0.01014271302005286,0.6058683737362166,0.3839889132437305
26010,GOF,0.008670159155215306,0.5736190387698269,0.4177108020749578
26011,LOF,0.004561683892869706,0.4087717613072686,0.5866665547998616
26012,GOF,0.004985345748540114,0.5493560044134818,0.44565864983797815
26013,GOF,0.010345651581381317,0.5615001777901746,0.4281541706284441
26014,LOF,0.04263884399791548,0.07998086126351663,0.8773802947385678
26015,LOF,0.3564487936285155,0.026293716286045196,0.6172574900854393
26016,LOF,0.27999216086747797,0.04003575591601005,0.679972083216512
26017,LOF,0.014990375109576704,0.17747242834787133,0.8075371965425518
26018,LOF,0.027264100595542573,0.08345099173299197,0.8892849076714655
26019,LOF,0.026694504014953546,0.0756484802277805,0.8976570157572659
26020,LOF,0.006990078833623355,0.19266654738332484,0.8003433737830518
26021,LOF,0.0669593687348223,0.08389528548114972,0.8491453457840279
26022,LOF,0.033088778311405685,0.036264574016525934,0.9306466476720684
26023,LOF,0.022418462399454848,0.05427927396309873,0.9233022636374464
26024,LOF,0.03909946361535395,0.06112975027084309,0.899770786113803
26025,LOF,0.12350747158378776,0.07309887820022526,0.803393650215987
26026,LOF,0.11250455115131873,0.051927098376929784,0.8355683504717515
26027,LOF,0.02777072664667842,0.031293809702894,0.9409354636504276
26028,LOF,0.06565440888074947,0.16926828335901667,0.765077307760234
26029,LOF,0.025455658544040638,0.16142002099819633,0.8131243204577631
26030,LOF,0.11558680485628768,0.023948923568337072,0.8604642715753753
26031,LOF,0.012064002845121264,0.141553213852149,0.8463827833027298
26032,LOF,0.036932941547761354,0.04132116388026986,0.9217458945719688
26033,LOF,0.042870095192011556,0.04295937653461861,0.9141705282733698
26034,LOF,0.015655559905457885,0.10203143719444992,0.8823130029000923
26035,LOF,0.010847630415474397,0.10843174486870563,0.88072062471582
26036,LOF,0.010693266557384326,0.0893834294734595,0.8999233039691562
26037,LOF,0.010229371148030556,0.09437173443821144,0.8953988944137581
26038,LOF,0.03151946604295784,0.0375069341554862,0.930973599801556
26039,LOF,0.030333331443060312,0.128338071033187,0.8413285975237528
26040,LOF,0.08605759482758099,0.11398872320880361,0.7999536819636154
26041,LOF,0.011719935427049669,0.09225648814282839,0.8960235764301219
26042,LOF,0.011018769315311887,0.09585353419325011,0.893127696491438
26043,LOF,0.03163944837974733,0.061223323162238094,0.9071372284580145
26044,LOF,0.006849662407744844,0.04813704871944887,0.9450132888728063
26045,LOF,0.0702880317755237,0.14315326888177968,0.7865586993426966
26046,LOF,0.028155198776149207,0.04270051165088526,0.9291442895729655
26047,LOF,0.05754985018380965,0.043409841159644476,0.8990403086565459
26048,LOF,0.08567232399422937,0.01714131671821343,0.8971863592875573
26049,Neutral,0.9419831573855093,0.0054890631647402524,0.05252777944975046
26050,Neutral,0.907428700170622,0.006115638003604087,0.08645566182577387
26051,LOF,0.029672677035725698,0.09130220727427589,0.8790251156899984
26052,LOF,0.031019985299317827,0.07250929314285302,0.8964707215578291
26053,LOF,0.021599589206256774,0.15034752415793645,0.8280528866358067
26054,LOF,0.046542235124288484,0.04015549838390218,0.9133022664918093
26055,LOF,0.06563869290019847,0.035841396403539005,0.8985199106962626
26056,LOF,0.054740128321861516,0.04687323365755388,0.8983866380205846
26057,LOF,0.06326991297311538,0.021531483706100894,0.9151986033207837
26058,LOF,0.0682822818543741,0.016799755275681668,0.9149179628699443
26059,LOF,0.2143470732724789,0.03330126369716972,0.7523516630303514
26060,LOF,0.01692898872656608,0.20196870783050835,0.7811023034429255
26061,LOF,0.010881886824629712,0.01566572593564621,0.973452387239724
26062,LOF,0.00545968824838167,0.022310776284647664,0.9722295354669707
26063,LOF,0.04685106308989896,0.015590826412612696,0.9375581104974884
26064,LOF,0.013942990399144643,0.021794357990726713,0.9642626516101287
26065,LOF,0.06113513025009176,0.019540217107146287,0.9193246526427621
26066,LOF,0.046895211321898854,0.01471119715060199,0.9383935915274992
26067,LOF,0.05539810794862925,0.014047228666851163,0.9305546633845195
26068,LOF,0.05008777414787474,0.04036531882086913,0.9095469070312562
26069,LOF,0.20974697031339742,0.030915157420249008,0.7593378722663536
26070,LOF,0.42539201423742257,0.02020752290156419,0.5544004628610133
26071,LOF,0.051888627490147075,0.015803835306230928,0.9323075372036219
26072,LOF,0.0063520052383565315,0.024356025895436582,0.9692919688662068
26073,LOF,0.044262964012361544,0.018884789460992573,0.9368522465266458
26074,Neutral,0.7868055946997863,0.013935142203068226,0.19925926309714553
26075,LOF,0.04600982458895991,0.0324682332696021,0.921521942141438
26076,LOF,0.044937858435404064,0.016183608592838038,0.9388785329717578
26077,LOF,0.14022614365595193,0.012025010979407736,0.8477488453646402
26078,LOF,0.006207025255483348,0.02742064353759811,0.9663723312069186
26079,LOF,0.05613127618326039,0.026304470823101313,0.9175642529936383
26080,LOF,0.05516877350248068,0.026420631294133946,0.9184105952033854
26081,LOF,0.0423964988636644,0.013407905682840612,0.944195595453495
26082,LOF,0.006315737561097193,0.023656032509775073,0.9700282299291277
26083,LOF,0.10028068592601563,0.025859418965552442,0.873859895108432
26084,LOF,0.11589170177833938,0.024105825285241293,0.8600024729364193
26085,LOF,0.1066704927398663,0.019231248066225826,0.8740982591939078
26086,LOF,0.044499356542179756,0.01873686840993815,0.9367637750478822
26087,LOF,0.043107313914203034,0.016569233685289293,0.9403234524005076
26088,LOF,0.006413652465465072,0.03665040136828693,0.9569359461662481
26089,LOF,0.038654757814874395,0.04174394770593341,0.9196012944791923
26090,LOF,0.03919957866524771,0.03274256762812225,0.92805785370663
26091,LOF,0.03041253239652519,0.01209465291589202,0.9574928146875828
26092,LOF,0.04592933430156716,0.013317366012319531,0.9407532996861134
26093,LOF,0.06145067275009104,0.009586419722357775,0.9289629075275513
26094,LOF,0.034832132645004885,0.01105738251771596,0.9541104848372791
26095,LOF,0.018059973449006277,0.02571951288530167,0.956220513665692
26096,LOF,0.21864304216164254,0.006674237222967355,0.77468272061539
26097,LOF,0.006101476935926046,0.057069795961423656,0.9368287271026504
26098,LOF,0.08990778928707553,0.025318444125971968,0.8847737665869525
26099,LOF,0.04565644051072706,0.026939423721002838,0.9274041357682702
26100,LOF,0.045643007126111114,0.02693980292159216,0.9274171899522967
26101,LOF,0.04985280144098821,0.0453832499106404,0.9047639486483714
26102,LOF,0.03691995269403691,0.022989162925640207,0.940090884380323
26103,Neutral,0.8949523786180895,0.030978490517940854,0.07406913086396973
26104,LOF,0.052372941496607844,0.046046453032258725,0.9015806054711335
26105,LOF,0.241069274621351,0.11655642629797548,0.6423742990806736
26106,LOF,0.3427313492982582,0.046576597937363726,0.610692052764378
26107,LOF,0.02216057636716269,0.06900370186369247,0.9088357217691447
26108,LOF,0.20834497352175432,0.05146035234634737,0.7401946741318982
26109,LOF,0.06088112577372144,0.03376119003477422,0.9053576841915044
26110,LOF,0.4040669105161626,0.013887611628728576,0.5820454778551089
26111,LOF,0.06296205939136588,0.10619960655190418,0.8308383340567298
26112,LOF,0.06075928016481695,0.012831925467008348,0.9264087943681747
26113,LOF,0.11245574702487064,0.03650961903752914,0.8510346339376003
26114,LOF,0.09042521274907873,0.00674515308612035,0.902829634164801
26115,LOF,0.02079007009970844,0.05170478519464459,0.927505144705647
26116,LOF,0.09270223634810391,0.02011258046647637,0.8871851831854197
26117,LOF,0.33459276988190423,0.05210928493565715,0.6132979451824386
26118,LOF,0.03490281469630367,0.024130016180165286,0.9409671691235312
26119,LOF,0.005240679814777696,0.11976216788808663,0.8749971522971356
26120,LOF,0.03080658844845949,0.02433567474384633,0.9448577368076941
26121,LOF,0.00395615323179488,0.16640579761541135,0.8296380491527937
