feature0,prediction,LoGoFunc_Neutral,LoGoFunc_GOF,LoGoFunc_LOF
25546,Neutral,0.7622727452582242,0.03166858012114928,0.20605867462062652
25547,Neutral,0.6133761212856288,0.06891779336635719,0.317706085348014
25548,Neutral,0.6286785942025128,0.05212848539318924,0.31919292040429786
25549,Neutral,0.5394014643618036,0.05127516384765309,0.40932337179054334
25550,LOF,0.37334359379834875,0.10194973522526393,0.5247066709763873
25551,LOF,0.29030778931428763,0.11413397470438083,0.5955582359813314
25552,LOF,0.2163240206420993,0.1072861896216124,0.6763897897362884
25553,Neutral,0.858327839398288,0.024779312607516008,0.11689284799419596
25554,LOF,0.24977364745005068,0.10020726654039955,0.6500190860095497
25555,LOF,0.2079843884206563,0.08719184502681497,0.7048237665525287
25556,Neutral,0.4581243383925,0.08618097350707311,0.45569468810042696
25557,LOF,0.1972851925947924,0.0935767054981722,0.7091381019070354
25558,LOF,0.23446507959510665,0.10138398931859229,0.6641509310863011
25559,LOF,0.3865199781718146,0.11862218156532235,0.4948578402628629
25560,LOF,0.04547222976258583,0.1054751791096387,0.8490525911277755
25561,LOF,0.10392864996041905,0.11221266025339288,0.7838586897861881
25562,LOF,0.08168217700073993,0.05843847032071693,0.8598793526785431
25563,LOF,0.09706897266105717,0.05829089862061284,0.8446401287183299
25564,LOF,0.26069754014530033,0.09784927659996046,0.6414531832547392
25565,LOF,0.14516621224722506,0.1398073023436607,0.7150264854091143
25566,GOF,0.01259949754657814,0.7850207748823749,0.202379727571047
25567,LOF,0.01946569939373384,0.17573871406541444,0.8047955865408516
25568,LOF,0.055992165621309355,0.0670524277585398,0.8769554066201509
25569,LOF,0.06175666622615876,0.06814412897129328,0.870099204802548
25570,LOF,0.05754539992160037,0.10133454116248129,0.8411200589159183
25571,LOF,0.05150909753097504,0.0935383582886043,0.8549525441804208
25572,LOF,0.06785403718790908,0.11483040295074752,0.8173155598613435
25573,LOF,0.03490714614195262,0.09989495068785761,0.8651979031701899
25574,LOF,0.02342775000788443,0.15906335565219762,0.817508894339918
25575,LOF,0.04522655736030576,0.11031044696862072,0.8444629956710735
25576,LOF,0.019480316956790807,0.12688580718882947,0.8536338758543797
25577,LOF,0.016998484900188283,0.12015616569993065,0.8628453493998811
25578,LOF,0.3052867691364292,0.08883183242699494,0.6058813984365758
25579,LOF,0.13150107306756298,0.10724957819074868,0.7612493487416883
25580,LOF,0.029788123315913663,0.0811107835479776,0.8891010931361087
25581,LOF,0.051609930767449,0.06989105105408523,0.8784990181784658
25582,LOF,0.050963113277390164,0.06807822963062783,0.8809586570919821
25583,LOF,0.0381189513934862,0.09290811954694883,0.8689729290595649
25584,Neutral,0.4879245513993765,0.09899874752056786,0.4130767010800555
25585,LOF,0.021150848279715077,0.12655453721679144,0.8522946145034935
25586,LOF,0.028932706637002755,0.07142243932146228,0.8996448540415349
25587,LOF,0.029458321490454947,0.06789650371635682,0.9026451747931882
25588,LOF,0.030326502767002737,0.08244465236709317,0.8872288448659041
25589,Neutral,0.6425849155119014,0.11035437862259695,0.24706070586550172
25590,LOF,0.03591484560404329,0.12790587883855553,0.8361792755574012
25591,LOF,0.09683344199569598,0.06112217137625693,0.8420443866280471
25592,LOF,0.09741824548671282,0.12761224090272813,0.7749695136105591
25593,LOF,0.03524791816931074,0.25843820031768,0.7063138815130092
25594,LOF,0.04699492815064832,0.17228053933814585,0.7807245325112059
25595,LOF,0.05816368375668526,0.11247781638388737,0.8293584998594273
25596,LOF,0.055945369062924764,0.09114687274670231,0.852907758190373
25597,LOF,0.036532557066555026,0.09324471287944293,0.8702227300540021
25598,LOF,0.05264225695358121,0.11610587797741391,0.831251865069005
25599,GOF,0.006500679052306368,0.6306457691626423,0.36285355178505135
25600,GOF,0.012472015714817559,0.5845970424167795,0.40293094186840306
25601,LOF,0.009321922240306,0.44551178621455084,0.5451662915451432
25602,LOF,0.018563172405810513,0.04790795014966304,0.9335288774445264
25603,LOF,0.05737601498338767,0.02138639598919297,0.9212375890274194
25604,LOF,0.030562196203918764,0.05705582401794623,0.9123819797781351
25605,LOF,0.008425997234582545,0.23682508803551103,0.7547489147299064
25606,LOF,0.07830078042865726,0.385977919197338,0.5357213003740048
25607,LOF,0.006154995693798573,0.18418437510929944,0.809660629196902
25608,LOF,0.015400244255845874,0.09278920274705042,0.8918105529971038
25609,LOF,0.05667012472508512,0.3989306418196233,0.5443992334552916
25610,LOF,0.031008051057184016,0.02412853475569476,0.9448634141871212
25611,LOF,0.03619092909722259,0.024210143450612395,0.939598927452165
25612,LOF,0.09723700713657729,0.04029213578528964,0.8624708570781331
25613,LOF,0.08240955117439695,0.04178642804369301,0.87580402078191
25614,LOF,0.025698653513475923,0.03315528445008286,0.9411460620364412
25615,LOF,0.03376392317241372,0.04439317345041128,0.921842903377175
25616,LOF,0.02569005313224455,0.03064678733856225,0.9436631595291932
25617,LOF,0.02575614483904005,0.03472973213144885,0.9395141230295112
25618,LOF,0.13200299552319625,0.028312321756182205,0.8396846827206216
25619,LOF,0.028596573804880277,0.029125969712055295,0.9422774564830644
25620,LOF,0.03363739348831978,0.03961333717425502,0.9267492693374251
25621,LOF,0.026208553529765977,0.03280455349813443,0.9409868929720995
25622,LOF,0.0360008652392375,0.033828288052052576,0.9301708467087099
25623,LOF,0.05163794070560989,0.026632393758776504,0.9217296655356136
25624,LOF,0.02438479228367894,0.03947675270581572,0.9361384550105054
25625,LOF,0.03608756232640878,0.04080505159213852,0.9231073860814527
25626,LOF,0.07698075033829747,0.03486878796225368,0.8881504616994489
25627,Neutral,0.5493807316395444,0.10830881624107226,0.3423104521193834
25628,LOF,0.2061398261429391,0.04751634885481978,0.7463438250022411
25629,LOF,0.05850331200542947,0.058656551898824294,0.8828401360957462
25630,LOF,0.20043746730322878,0.07880570897693967,0.7207568237198315
25631,Neutral,0.624035505724756,0.05655668874472947,0.3194078055305145
25632,LOF,0.013401563430746943,0.11150138241604846,0.8750970541532046
25633,LOF,0.09474067308941203,0.08782941247763848,0.8174299144329494
25634,LOF,0.032597530038136056,0.11821293403867736,0.8491895359231865
25635,LOF,0.03695616364267932,0.08668746064939585,0.8763563757079249
25636,GOF,0.0037698394972304145,0.6378065642099784,0.3584235962927913
25637,GOF,0.0036175300003559287,0.668149254585106,0.32823321541453804
25638,LOF,0.006391479578683141,0.41474267388654784,0.578865846534769
25639,GOF,0.003584379743928309,0.5346970657704173,0.46171855448565435
25640,GOF,0.46275257482600973,0.4738542290837059,0.06339319609028428
25641,LOF,0.007355366743229083,0.3731525547591786,0.6194920784975924
25642,LOF,0.23151933421536317,0.07225406263015821,0.6962266031544787
25643,LOF,0.285579063683019,0.17217849873688507,0.5422424375800959
25644,GOF,0.015408061842060627,0.5669791078800172,0.4176128302779222
25645,GOF,0.01171505859915834,0.5083407951212437,0.4799441462795978
25646,LOF,0.01762562465685792,0.33293042344702667,0.6494439518961154
25647,LOF,0.01318495188738045,0.2943793181681996,0.6924357299444199
25648,LOF,0.012614407161203793,0.2957297137071721,0.6916558791316241
25649,LOF,0.011071793357921187,0.2144501310194647,0.774478075622614
25650,LOF,0.0217265470637053,0.4552602112753104,0.5230132416609843
25651,LOF,0.007790435104074633,0.29297865929388994,0.6992309056020354
25652,LOF,0.013687227456745383,0.2679510923766416,0.7183616801666131
25653,LOF,0.048471697462088306,0.3772633711859976,0.5742649313519141
25654,LOF,0.0149309509907724,0.14405359266285955,0.841015456346368
25655,LOF,0.07916818929201451,0.4124972014615358,0.5083346092464497
25656,LOF,0.10482108073580729,0.07837061988803459,0.8168082993761582
25657,LOF,0.3342263362279672,0.03412016131095649,0.6316535024610762
25658,LOF,0.045070701918231065,0.09883651611699845,0.8560927819647705
25659,LOF,0.34606733565770714,0.07851809418338275,0.5754145701589102
25660,LOF,0.06476746189101878,0.09288978708830244,0.8423427510206787
25661,LOF,0.04589541071118017,0.06913789172743677,0.884966697561383
25662,LOF,0.02742505651004537,0.046977730059890276,0.9255972134300645
25663,LOF,0.037557561714088694,0.06737692023088558,0.8950655180550258
25664,LOF,0.04419416924418553,0.07846684760939443,0.8773389831464201
25665,LOF,0.05815338035748491,0.04478201022229833,0.8970646094202168
25666,LOF,0.03892239521069517,0.12202837188439382,0.839049232904911
25667,LOF,0.030846403850433995,0.05290481094736576,0.9162487852022002
25668,LOF,0.031077629739342437,0.05873834877413489,0.9101840214865227
25669,LOF,0.03770841823980287,0.09092033797228653,0.8713712437879106
25670,LOF,0.08518421868831441,0.08436542797250055,0.8304503533391849
25671,LOF,0.03768244012490131,0.04407813540729825,0.9182394244678004
25672,LOF,0.06224293595949345,0.06320364106073191,0.8745534229797747
25673,LOF,0.046159377453055504,0.06768471374311631,0.8861559088038281
25674,LOF,0.04205739422527554,0.07021975210840817,0.8877228536663162
25675,LOF,0.05048490810860729,0.06096269527112424,0.8885523966202685
25676,LOF,0.0340305330678297,0.057061421149463123,0.9089080457827072
25677,LOF,0.06155792513600055,0.06712072140345716,0.8713213534605423
25678,LOF,0.2854090956012905,0.03300627449687338,0.6815846299018362
25679,LOF,0.17562950406117558,0.07044582480241415,0.7539246711364102
25680,LOF,0.0584918222689749,0.10048549400991603,0.8410226837211091
25681,LOF,0.10266632502534515,0.09372618536425963,0.8036074896103953
25682,LOF,0.043646619127079865,0.08011926890930747,0.8762341119636127
25683,LOF,0.10155164462920342,0.09560361348445914,0.8028447418863375
25684,LOF,0.05701832234108393,0.07591072066343611,0.86707095699548
25685,LOF,0.11225569134584165,0.03980969821259117,0.8479346104415673
25686,LOF,0.036242967194566184,0.09826221752242029,0.8654948152830135
25687,LOF,0.04305876312547926,0.0805894386913197,0.8763517981832011
25688,LOF,0.02855809648455186,0.09790820550406903,0.8735336980113791
25689,LOF,0.019129406146491057,0.08667372269517079,0.8941968711583381
25690,LOF,0.022332990964847112,0.09570888004232442,0.8819581289928284
25691,LOF,0.23323188645153178,0.12787082367883765,0.6388972898696306
25692,LOF,0.2890437415750145,0.010079063416581055,0.7008771950084044
25693,LOF,0.09086897555438989,0.14133312804702985,0.7677978963985803
25694,LOF,0.25669104046450525,0.015765628133163737,0.7275433314023311
25695,LOF,0.16012365946403348,0.021226167256135766,0.8186501732798308
25696,LOF,0.17107952689968636,0.010362012131519736,0.8185584609687939
25697,LOF,0.14253064884976563,0.028068231510048003,0.8294011196401865
25698,LOF,0.036738222756342274,0.39313126997660586,0.570130507267052
25699,LOF,0.06458421231853369,0.07371388053576092,0.8617019071457054
25700,LOF,0.031776437858709795,0.010402969058152597,0.9578205930831377
25701,LOF,0.016114040023111953,0.0718169968740948,0.9120689631027932
25702,GOF,0.03298219766361882,0.7502399292242493,0.21677787311213198
25703,LOF,0.013281900569539467,0.2086607740621933,0.7780573253682672
25704,LOF,0.0994062838466977,0.13912983747575944,0.7614638786775428
25705,LOF,0.05992641460586184,0.23803633807737307,0.7020372473167651
25706,GOF,0.05437657981012368,0.6130012839137617,0.3326221362761146
25707,GOF,0.027153057375397447,0.5304628022066674,0.44238414041793517
25708,LOF,0.00930751001777216,0.44701486733673157,0.5436776226454964
25709,LOF,0.019771848168900555,0.06040545367554489,0.9198226981555546
25710,LOF,0.009643164751737345,0.17790937548087282,0.8124474597673899
25711,LOF,0.02188248520211908,0.1287275203030268,0.8493899944948541
25712,LOF,0.010695651418415372,0.23883696685136654,0.7504673817302181
25713,LOF,0.019140334767968274,0.1086200525681255,0.8722396126639064
25714,LOF,0.021368388596626778,0.1426148161963691,0.8360167952070042
25715,LOF,0.01946411043430543,0.11724755792357601,0.8632883316421186
25716,LOF,0.010423969146812805,0.126975178789126,0.8626008520640612
25717,LOF,0.00641707469577818,0.14277780709826804,0.8508051182059537
25718,LOF,0.018090591948848805,0.0804044480959312,0.9015049599552201
25719,LOF,0.03445769140452398,0.07864407916013436,0.8868982294353416
25720,LOF,0.022441159514989217,0.08491863305070792,0.8926402074343027
25721,LOF,0.024126088800790747,0.09474918113890667,0.8811247300603026
25722,LOF,0.018511832063749137,0.12138122109133981,0.8601069468449111
25723,LOF,0.02221457552549566,0.06832672252248044,0.9094587019520238
25724,LOF,0.038747342112149766,0.09870757007700337,0.8625450878108469
25725,LOF,0.023254057305265134,0.06349678246392859,0.9132491602308063
25726,LOF,0.016590210496051753,0.09215455040073299,0.8912552391032152
25727,LOF,0.02067966161591509,0.08207063513357714,0.8972497032505078
25728,LOF,0.018595385045865512,0.10076180528613693,0.8806428096679976
25729,LOF,0.019545224940308442,0.10032797710272781,0.8801267979569638
25730,LOF,0.020241724903613735,0.08126758809909977,0.8984906869972866
25731,LOF,0.01196043548351538,0.16972591095921305,0.8183136535572717
25732,LOF,0.018183658790885952,0.09190454089912871,0.8899118003099853
25733,LOF,0.029374049387098176,0.0796277240434746,0.8909982265694273
25734,LOF,0.008373155407535658,0.20251788974759918,0.7891089548448652
25735,LOF,0.0246477989561559,0.07088387912592067,0.9044683219179234
25736,LOF,0.022682503861270322,0.10916644706349977,0.8681510490752298
25737,LOF,0.04436540451843963,0.09368393769044976,0.8619506577911107
25738,LOF,0.021394724496903952,0.1435495694391134,0.8350557060639826
25739,LOF,0.022195409252472886,0.13896087190438533,0.8388437188431418
25740,LOF,0.05305338818232645,0.13287834081452912,0.8140682710031444
25741,LOF,0.026437081271660615,0.11304331846812228,0.8605196002602171
25742,LOF,0.03631769027891954,0.13219982150783646,0.8314824882132439
25743,LOF,0.012045768566387671,0.04172815558070656,0.9462260758529056
25744,LOF,0.12588031655105839,0.4160119386718861,0.45810774477705546
25745,LOF,0.021198576313973958,0.06976601713683162,0.9090354065491945
25746,LOF,0.011254884187435532,0.09098917170973286,0.8977559441028315
25747,LOF,0.03395741137774591,0.03321164496391756,0.9328309436583366
25748,LOF,0.19664897400166403,0.05869707881019318,0.7446539471881427
25749,LOF,0.013704904017770754,0.05106431549872318,0.9352307804835062
25750,LOF,0.015248591477357477,0.08693194851674177,0.8978194600059007
25751,LOF,0.03922613815714457,0.06627697515089868,0.8944968866919567
25752,GOF,0.08709122360052947,0.6681076695926002,0.2448011068068703
25753,LOF,0.007279687443351124,0.37677666029203377,0.6159436522646151
25754,GOF,0.00559431159426127,0.8647573315460978,0.12964835685964088
25755,LOF,0.011734188356094778,0.43581842522213954,0.5524473864217657
25756,LOF,0.04882597208596194,0.4534722091651454,0.49770181874889274
25757,GOF,0.006896589204756736,0.8820064098997551,0.11109700089548814
25758,GOF,0.008231604682384734,0.8634712359351848,0.12829715938243036
25759,GOF,0.005060306729492844,0.5707124574557427,0.4242272358147645
25760,LOF,0.007438034511619774,0.3042612441802361,0.6883007213081442
25761,GOF,0.044609571474659854,0.8495091757432941,0.10588125278204609
25762,LOF,0.028021937300672255,0.38737395710181594,0.5846041055975117
25763,LOF,0.009554300950373181,0.2547543978404327,0.7356913012091941
25764,GOF,0.10114804072056105,0.5993453073277458,0.2995066519516931
25765,GOF,0.00779058138255748,0.8396081110198024,0.15260130759764004
25766,GOF,0.029640612263347726,0.8181049884526362,0.15225439928401613
25767,GOF,0.014452142323717226,0.55002430889607,0.43552354878021265
25768,LOF,0.035951234621177615,0.08381510991703765,0.8802336554617847
25769,LOF,0.023347130656788808,0.0790443653617197,0.8976085039814914
25770,LOF,0.14160301557108745,0.07059442030499585,0.7878025641239167
25771,LOF,0.017036723297112946,0.07597261267335415,0.9069906640295329
25772,LOF,0.023895093521467375,0.033205705494153394,0.9428992009843792
25773,LOF,0.013832670247029354,0.08160445117541462,0.904562878577556
25774,LOF,0.02530230381232669,0.10505805494597623,0.8696396412416971
25775,LOF,0.0226137435895958,0.043289484822563236,0.9340967715878411
25776,LOF,0.026639988394698427,0.029358643481592613,0.944001368123709
25777,LOF,0.16948757924497457,0.07756295585406633,0.752949464900959
25778,LOF,0.02049236008354361,0.05858961334313854,0.9209180265733179
25779,GOF,0.036084582391499975,0.9048983097102499,0.059017107898249994
25780,GOF,0.061516282131364446,0.8877223399153629,0.0507613779532727
25781,GOF,0.02346096312956104,0.8859355966258226,0.09060344024461645
25782,GOF,0.031297406698455224,0.9109351852804665,0.05776740802107837
25783,GOF,0.019494130589777198,0.78763836992108,0.19286749948914272
25784,GOF,0.1030496957146847,0.8570712260314791,0.039879078253836124
25785,GOF,0.0670314723543071,0.8957045946806526,0.037263932965040394
25786,GOF,0.005323874719891113,0.8555552861817014,0.1391208390984074
25787,GOF,0.15308657795476227,0.8169303552618122,0.029983066783425622
25788,LOF,0.01545362472787526,0.21022888964431868,0.7743174856278061
25789,GOF,0.018151491906949268,0.8745741863631321,0.1072743217299186
25790,GOF,0.020068552615323042,0.8921787671234503,0.08775268026122668
25791,GOF,0.014514368477116029,0.8437537877428033,0.14173184378008055
25792,GOF,0.02437271401743607,0.8510409051640782,0.1245863808184859
25793,GOF,0.06966408709123068,0.8525758331859091,0.07776007972286009
25794,GOF,0.053145077317130175,0.7972115037398386,0.1496434189430312
25795,GOF,0.03817706921692132,0.789183660729532,0.1726392700535465
25796,GOF,0.07002404564896988,0.8357401822445628,0.09423577210646737
25797,GOF,0.038478608062047524,0.7073950523296295,0.2541263396083229
25798,GOF,0.00301936404765433,0.68165335383116,0.3153272821211856
25799,GOF,0.0029094111139385667,0.5566743857077312,0.4404162031783303
25800,GOF,0.011999068222544183,0.7527627205846911,0.23523821119276472
25801,GOF,0.015150759556846954,0.8878529038901295,0.09699633655302352
25802,GOF,0.021274792323751686,0.8247896332248462,0.15393557445140207
25803,GOF,0.011359230624589788,0.7344003272189799,0.2542404421564303
25804,GOF,0.013725384731610517,0.6645289659228494,0.3217456493455402
25805,GOF,0.02348553011033417,0.7558416970662123,0.22067277282345354
25806,GOF,0.019193942753201455,0.7927449596358701,0.18806109761092854
25807,GOF,0.005327532887838236,0.7431907090678604,0.25148175804430134
25808,GOF,0.013888718419590634,0.7830847864014279,0.20302649517898155
25809,GOF,0.0061270413376156505,0.7387524083383931,0.25512055032399145
25810,GOF,0.0053308736946953246,0.7425555190148262,0.2521136072904785
25811,GOF,0.047268496031921604,0.8752776625111184,0.07745384145695998
25812,GOF,0.015365647241263183,0.7274626845090588,0.257171668249678
25813,GOF,0.09201561315700348,0.8197047566316814,0.08827963021131503
25814,GOF,0.024188077870979298,0.8236572615640866,0.1521546605649341
25815,GOF,0.03434051891868373,0.8458861262909715,0.11977335479034483
25816,GOF,0.007893353220503671,0.8675702830434782,0.12453636373601824
25817,GOF,0.08609492172229993,0.7920332755523314,0.12187180272536878
25818,GOF,0.02551881723187197,0.8017880497298161,0.172693133038312
25819,GOF,0.060312512078947354,0.7841574122231307,0.1555300756979218
25820,GOF,0.028830996783250414,0.7766334087879517,0.19453559442879784
25821,GOF,0.01775816564887751,0.771146070619692,0.21109576373143055
25822,GOF,0.03525059693570968,0.7895063244632241,0.1752430786010662
25823,GOF,0.014015921229895194,0.6635659804130315,0.32241809835707325
25824,GOF,0.024385617003388503,0.7766786807858004,0.19893570221081114
25825,GOF,0.014590810738073917,0.7576355662191464,0.22777362304277973
25826,GOF,0.005487788506823777,0.7294286134391877,0.26508359805398835
25827,GOF,0.007987891332159776,0.7080265879860932,0.28398552068174715
25828,GOF,0.005765412826806165,0.6778064704452689,0.31642811672792504
25829,GOF,0.002791697775129894,0.7191036665774421,0.2781046356474281
25830,GOF,0.037655291755661305,0.5309871225091861,0.4313575857351526
25831,GOF,0.04506853359044326,0.8573172199963276,0.09761424641322924
25832,GOF,0.00908242426990383,0.8124571623346555,0.17846041339544072
25833,GOF,0.0345791873180205,0.8536608640745762,0.11175994860740325
25834,GOF,0.008981968973014152,0.8264009282002492,0.1646171028267366
25835,GOF,0.017841438180121606,0.8619432256547039,0.12021533616517448
25836,GOF,0.006462075854166321,0.8338809533326546,0.1596569708131792
25837,GOF,0.007026645475698242,0.7364265790871418,0.25654677543716004
25838,GOF,0.021831279364188615,0.8693931606442792,0.10877555999153214
25839,GOF,0.04476241770459213,0.8602238934434963,0.09501368885191164
25840,GOF,0.06091987052694826,0.8482779792560525,0.09080215021699904
25841,GOF,0.05578981087549542,0.85644383085557,0.08776635826893474
25842,GOF,0.02418290746442424,0.9048194517784681,0.07099764075710767
25843,GOF,0.02597624247045232,0.9076634179610198,0.06636033956852787
25844,GOF,0.01652888742416083,0.8580404767328268,0.12543063584301237
25845,GOF,0.005934551431074736,0.6887467674471451,0.30531868112178007
25846,GOF,0.03956791727363017,0.8736358756664453,0.08679620705992454
25847,GOF,0.019213406729771197,0.9176204772992909,0.06316611597093787
25848,GOF,0.016726447826552165,0.865063202716896,0.11821034945655189
25849,GOF,0.004831894037998188,0.7656001799964474,0.22956792596555434
25850,GOF,0.006334430122412874,0.7659593777684546,0.22770619210913254
25851,GOF,0.005587823555654386,0.6671039276877844,0.3273082487565614
25852,GOF,0.13193419392408104,0.6191050332729767,0.24896077280294227
25853,GOF,0.06814114535543883,0.8575140000328252,0.07434485461173587
25854,GOF,0.005606757274996602,0.7380683976805789,0.25632484504442465
25855,GOF,0.013959544574153366,0.6723041084488354,0.31373634697701136
25856,GOF,0.03457901934729152,0.81283579360949,0.1525851870432184
25857,GOF,0.012299471920939343,0.6649234903444958,0.3227770377345649
25858,GOF,0.007921618629942201,0.6826407863662652,0.3094375950037925
25859,GOF,0.0054002827602380255,0.6501946246950383,0.3444050925447237
25860,GOF,0.07135664419372434,0.8436500138345453,0.08499334197173039
25861,GOF,0.07975381442791035,0.8296210007380297,0.09062518483405994
25862,GOF,0.02147014371978232,0.873604271250526,0.10492558502969154
25863,GOF,0.02091356554074178,0.8813093956650009,0.09777703879425743
25864,GOF,0.044856363212638674,0.8853879448199818,0.06975569196737966
25865,GOF,0.03249662426773955,0.8569901939963773,0.11051318173588294
25866,GOF,0.026405101235409588,0.8710804000066653,0.10251449875792501
25867,GOF,0.032529487714134483,0.8861372586261147,0.08133325365975062
25868,GOF,0.053232271855316426,0.8463143920455459,0.10045333609913769
25869,GOF,0.33608253236693325,0.6044893948788406,0.05942807275422627
25870,GOF,0.07012480234251205,0.7019986838035793,0.22787651385390867
25871,GOF,0.01076291387140855,0.8936368402986018,0.09560024582998972
25872,GOF,0.019330729064452587,0.8778563557219681,0.10281291521357946
25873,GOF,0.019270569875800912,0.8964382248377364,0.08429120528646254
25874,LOF,0.017285904310026124,0.22893289745716763,0.7537811982328063
25875,LOF,0.044136947882294046,0.044908334969342746,0.9109547171483633
25876,LOF,0.01718897151794554,0.04141416122211664,0.9413968672599379
25877,LOF,0.12251413386681959,0.08370813903202405,0.7937777271011563
25878,LOF,0.06982738970093737,0.11875519734135426,0.8114174129577084
25879,LOF,0.028461066848001006,0.07758855948526887,0.8939503736667301
25880,LOF,0.05682224455452833,0.01213557445078779,0.9310421809946838
25881,Neutral,0.5558290574819124,0.06704054721858187,0.37713039529950587
25882,LOF,0.05703327059904364,0.027497741229420038,0.9154689881715363
25883,LOF,0.027475265545059933,0.025346500599462418,0.9471782338554776
25884,LOF,0.028561359756198768,0.04305523285004979,0.9283834073937514
25885,LOF,0.22040890920251188,0.009975466250591961,0.7696156245468961
25886,LOF,0.14475160226798683,0.06074321429405947,0.7945051834379537
25887,LOF,0.18840785094339652,0.06385356347957075,0.7477385855770328
25888,LOF,0.012106533019900712,0.14140982107946112,0.8464836459006382
25889,LOF,0.033921568250366615,0.030788206345431873,0.9352902254042016
25890,LOF,0.1282199674014329,0.10768372241684494,0.7640963101817221
25891,LOF,0.09398347286839832,0.02233744468513669,0.8836790824464649
25892,LOF,0.008994423649082588,0.030519489654367137,0.9604860866965503
25893,LOF,0.384816127169496,0.007984456005602731,0.6071994168249013
25894,LOF,0.4383897622678009,0.0045920220373727,0.5570182156948265
25895,LOF,0.32145501859153763,0.011099861010799822,0.6674451203976626
25896,LOF,0.06854850031566999,0.01689131905933466,0.9145601806249953
25897,LOF,0.18725966900473892,0.00835026609659131,0.8043900648986698
25898,LOF,0.16473021522256237,0.02618845436273345,0.8090813304147042
25899,LOF,0.3535788358867663,0.019587969279370395,0.6268331948338633
25900,LOF,0.46259273409693913,0.008824166380479339,0.5285830995225815
25901,LOF,0.07174849677779759,0.007691577583940722,0.9205599256382616
25902,LOF,0.16220696322011335,0.008329685962003803,0.8294633508178828
25903,LOF,0.39302513719531695,0.021005907407462342,0.5859689553972207
25904,Neutral,0.4887035810587398,0.024765541324663225,0.4865308776165969
25905,LOF,0.0038506696366780147,0.47652713413116726,0.5196221962321548
25906,LOF,0.009354102337738054,0.11720261173717791,0.8734432859250841
25907,LOF,0.00420811024586191,0.3449960810450753,0.6507958087090628
25908,LOF,0.0045255778266323115,0.2517743892459068,0.7437000329274609
25909,LOF,0.02293888721831357,0.1633247098679381,0.8137364029137483
25910,LOF,0.010800017531809054,0.12277732590350972,0.8664226565646811
25911,LOF,0.30280587165816886,0.038671198119764494,0.6585229302220666
25912,LOF,0.06556503049136066,0.05711796328663818,0.8773170062220012
25913,LOF,0.044186664925775616,0.06712851057124444,0.8886848245029799
25914,LOF,0.04040828799918969,0.045805776070260144,0.9137859359305501
25915,LOF,0.20396663616135036,0.1919582467146822,0.6040751171239674
25916,LOF,0.03339123868863314,0.12861865085900995,0.8379901104523569
25917,LOF,0.07350300501925677,0.04259271954512935,0.8839042754356139
25918,LOF,0.04395321660705763,0.029400687953336863,0.9266460954396056
25919,LOF,0.03667507015707503,0.028345345648716082,0.9349795841942088
25920,LOF,0.13906390177369884,0.19776892923547323,0.663167168990828
25921,LOF,0.017242741999078014,0.035884165061201886,0.9468730929397201
25922,LOF,0.01776620432042576,0.033097569009359944,0.9491362266702142
25923,LOF,0.4733914925734873,0.03149312773263209,0.49511537969388075
25924,LOF,0.02529573948494371,0.04800431788937219,0.926699942625684
25925,LOF,0.0832851072323543,0.04491533900485231,0.8717995537627934
25926,LOF,0.05852852446012023,0.04252416244668945,0.8989473130931902
25927,LOF,0.024771494393218945,0.06269875205533641,0.9125297535514446
25928,LOF,0.010951662032224961,0.051705003091311076,0.9373433348764639
25929,Neutral,0.5579957737626827,0.030292237583511974,0.41171198865380537
25930,LOF,0.0787566462435819,0.028591093289370758,0.8926522604670473
25931,LOF,0.015293520010803783,0.0353466767191843,0.9493598032700119
25932,LOF,0.06963150841243795,0.029447393414370682,0.9009210981731913
25933,LOF,0.06445250373961446,0.01865483033707827,0.9168926659233073
25934,LOF,0.05819111344496389,0.01832920386131089,0.9234796826937252
25935,LOF,0.06933809699012412,0.054697420059923695,0.8759644829499522
25936,LOF,0.09917494535107883,0.019489930897776328,0.8813351237511448
25937,LOF,0.01438071929814459,0.033678954689413336,0.9519403260124422
25938,LOF,0.06961344654759234,0.0517843084758457,0.8786022449765619
25939,LOF,0.04544051931475905,0.024769134250528405,0.9297903464347125
25940,LOF,0.009282258153264467,0.3742363695424886,0.6164813723042469
25941,Neutral,0.4943201186382449,0.03705092353508753,0.4686289578266676
25942,LOF,0.008549264182616104,0.0557263035855738,0.9357244322318101
25943,LOF,0.045949423993839375,0.16959805227796063,0.7844525237282
25944,LOF,0.06792254158307617,0.08532854598388151,0.8467489124330423
25945,LOF,0.11811971123220615,0.022343764527301375,0.8595365242404925
25946,LOF,0.07193283613915236,0.047524696814623,0.8805424670462246
25947,Neutral,0.4622189146233463,0.11334956132910037,0.42443152404755347
25948,LOF,0.43973863609510244,0.014053232988529903,0.5462081309163677
25949,LOF,0.12624989350067145,0.0649327803447951,0.8088173261545334
25950,GOF,0.07679880168049938,0.6131494747362255,0.3100517235832751
25951,LOF,0.013672916366580787,0.44022643774445414,0.546100645888965
25952,LOF,0.2919465800543042,0.3116091058818993,0.39644431406379654
25953,LOF,0.007566329276900854,0.20470721536102526,0.7877264553620739
25954,GOF,0.09530955704424789,0.49291258747539474,0.4117778554803575
25955,LOF,0.007371336096008563,0.177341339500756,0.8152873244032354
25956,LOF,0.01974465572471547,0.24993947181013162,0.730315872465153
25957,LOF,0.21186104582550458,0.03053196426706612,0.7576069899074294
25958,LOF,0.032781346312769404,0.04086167561140927,0.9263569780758213
25959,GOF,0.015819820923885376,0.5779811041843599,0.40619907489175483
25960,LOF,0.007325021654882063,0.05699016017461939,0.9356848181704984
25961,LOF,0.030677959663024373,0.038692890250604774,0.9306291500863708
25962,LOF,0.0378799036724842,0.06339013065179891,0.898729965675717
25963,LOF,0.005136395882757692,0.18898038455536204,0.8058832195618804
25964,LOF,0.028114521526305395,0.12412078038459758,0.847764698089097
25965,LOF,0.2767202478893348,0.12468252389836562,0.5985972282122995
25966,Neutral,0.4892126135600012,0.14074799297795604,0.3700393934620429
25967,LOF,0.009356666677427346,0.08633512735162382,0.9043082059709489
25968,LOF,0.04320124603741545,0.23787323055962606,0.7189255234029585
25969,LOF,0.11597373397514178,0.05041724777244694,0.8336090182524114
25970,LOF,0.022575854940331153,0.08779098471396178,0.889633160345707
25971,LOF,0.08403840082603184,0.028735523849736985,0.8872260753242311
25972,LOF,0.06511854189165005,0.04658472079651815,0.8882967373118318
25973,LOF,0.06555665964107661,0.00859455316929565,0.9258487871896278
25974,LOF,0.04962367028373848,0.031020161911761046,0.9193561678045005
25975,LOF,0.04652543793376791,0.01565050992361775,0.9378240521426144
25976,LOF,0.08822426547053906,0.009959553715914235,0.9018161808135468
25977,LOF,0.19868151317511684,0.07205470441187924,0.7292637824130038
25978,LOF,0.18499810144514592,0.11677326875201184,0.6982286298028423
25979,LOF,0.1523995685565542,0.13327204651385322,0.7143283849295925
25980,LOF,0.26616307187751687,0.18502129673177065,0.5488156313907124
25981,LOF,0.26921187682718645,0.18723396885994023,0.5435541543128733
25982,Neutral,0.47942577891704163,0.08960764054290306,0.4309665805400553
25983,Neutral,0.48898221585800755,0.10830684074502667,0.40271094339696584
25984,LOF,0.03900314746466552,0.09721648221861738,0.8637803703167171
25985,Neutral,0.44336636647873284,0.14636918761110548,0.4102644459101615
25986,LOF,0.012682194622533343,0.40832621415134474,0.578991591226122
25987,LOF,0.051349584974777825,0.09862858742088004,0.8500218276043422
25988,LOF,0.04148924335227584,0.16435666848459343,0.7941540881631306
25989,LOF,0.03967703858463906,0.19580843077550125,0.7645145306398595
25990,LOF,0.040317241451938754,0.29539018753930324,0.664292571008758
25991,LOF,0.02724485603349371,0.4307084934592775,0.5420466505072288
25992,LOF,0.02328897479297917,0.39396814909806394,0.582742876108957
25993,LOF,0.029563819169913404,0.07704846407927644,0.8933877167508101
25994,LOF,0.02436833613268698,0.07837513531377448,0.8972565285535384
25995,LOF,0.021963327017706504,0.14309771013143163,0.8349389628508619
25996,Neutral,0.3464119141753637,0.3108699517699504,0.34271813405468593
25997,LOF,0.061204340881199915,0.38721903434505145,0.5515766247737487
25998,LOF,0.25672496410624407,0.04607158320153153,0.6972034526922244
25999,LOF,0.02539511321579712,0.19341152454770688,0.7811933622364959
26000,LOF,0.16871522485162202,0.03672332992896087,0.7945614452194171
26001,LOF,0.23655352800046434,0.04398523178407833,0.7194612402154573
26002,LOF,0.1253426434446417,0.05056631269632475,0.8240910438590336
26003,GOF,0.00566703526178361,0.630381550941875,0.3639514137963414
26004,GOF,0.008200940139011355,0.6937541948341673,0.2980448650268212
26005,LOF,0.004070049750708135,0.4895434020145727,0.5063865482347192
26006,GOF,0.12221915217764781,0.552593569897111,0.3251872779252411
26007,GOF,0.007803125082453068,0.5313146881748219,0.46088218674272513
26008,GOF,0.006359074600015457,0.6340328982497417,0.3596080271502428
26009,GOF,0.007696353254634169,0.6577995893341163,0.3345040574112496
26010,GOF,0.008514138666378953,0.6109261020593009,0.3805597592743202
26011,LOF,0.003478417048276236,0.43580895897007565,0.560712623981648
26012,GOF,0.005218455586510255,0.5327340838766977,0.46204746053679197
26013,GOF,0.006670957892404837,0.5924295696034929,0.40089947250410213
26014,LOF,0.0528783974022882,0.119403822261333,0.8277177803363788
26015,LOF,0.3696633038374313,0.024712541591729677,0.6056241545708391
26016,LOF,0.3080188538648075,0.04222596899314654,0.6497551771420461
26017,LOF,0.023429968842320632,0.20471631089262807,0.7718537202650513
26018,LOF,0.026188537996170415,0.05462926598607787,0.9191821960177516
26019,LOF,0.02627526080682874,0.045342959720142025,0.9283817794730291
26020,LOF,0.009905998678854689,0.2070243431959773,0.7830696581251679
26021,LOF,0.07878951070737437,0.0725263060686405,0.8486841832239852
26022,LOF,0.04017183898621872,0.02755935197934685,0.9322688090344344
26023,LOF,0.03184278755688282,0.03348692387914795,0.9346702885639693
26024,LOF,0.04991615851629915,0.06707841643353643,0.8830054250501644
26025,LOF,0.06639735318147469,0.07607192618274837,0.8575307206357771
26026,LOF,0.12582618900581127,0.05910626463689855,0.8150675463572902
26027,LOF,0.02491279731728896,0.026175961184483624,0.9489112414982275
26028,LOF,0.1133173212821741,0.1446898140226675,0.7419928646951583
26029,LOF,0.017195615234245076,0.22030333134861196,0.7625010534171429
26030,LOF,0.15324913668083262,0.02395195294127153,0.8227989103778959
26031,LOF,0.008440903956479845,0.18213344727439634,0.8094256487691238
26032,LOF,0.043973338244029575,0.058063592206660415,0.89796306954931
26033,LOF,0.07242884082464598,0.049862567509980964,0.8777085916653732
26034,LOF,0.011576747130739645,0.16434632794014553,0.8240769249291149
26035,LOF,0.010749741372549573,0.11888987573155083,0.8703603828958996
26036,LOF,0.010103446169129856,0.1376687044816499,0.8522278493492204
26037,LOF,0.009468679544056816,0.10857786371991184,0.8819534567360313
26038,LOF,0.03862437784505269,0.051321997060220975,0.9100536250947262
26039,LOF,0.02442834916384875,0.139393951129214,0.8361776997069371
26040,LOF,0.11113325134702842,0.1398138344902873,0.7490529141626843
26041,LOF,0.012516812858985881,0.09651292378543375,0.8909702633555804
26042,LOF,0.010937258560409115,0.10965957442044592,0.879403167019145
26043,LOF,0.03760112038117976,0.07328247204546771,0.8891164075733525
26044,LOF,0.014358235993530897,0.05124971473765848,0.9343920492688106
26045,LOF,0.06640605520432515,0.11760283489341103,0.8159911099022639
26046,LOF,0.031926801782221084,0.057014146801080745,0.9110590514166981
26047,LOF,0.05294412952305033,0.05555763714364976,0.8914982333333
26048,LOF,0.08759958043827742,0.026676844721534098,0.8857235748401885
26049,Neutral,0.9472047243352605,0.007595419880974215,0.04519985578376522
26050,Neutral,0.9258684410479305,0.008510604180318605,0.06562095477175085
26051,LOF,0.01702452748723389,0.10847315880436263,0.8745023137084036
26052,LOF,0.03483301471314132,0.12756277954284806,0.8376042057440106
26053,LOF,0.03166446517677474,0.1471335068813074,0.8212020279419179
26054,LOF,0.043484805030417704,0.02831616148726392,0.9281990334823185
26055,LOF,0.06074460593076915,0.0247574009715962,0.9144979930976347
26056,LOF,0.051142082556159686,0.03174181267112016,0.9171161047727201
26057,LOF,0.061085305087237446,0.014305585315227427,0.9246091095975351
26058,LOF,0.06452719018317775,0.011834064986781082,0.9236387448300412
26059,LOF,0.18836808305371266,0.0331764698279984,0.7784554471182891
26060,LOF,0.017812414521096914,0.18978439139423797,0.7924031940846652
26061,LOF,0.012992654447444444,0.010689739507702047,0.9763176060448535
26062,LOF,0.007180648410483645,0.01853839495129021,0.9742809566382262
26063,LOF,0.040086049725266665,0.010839228873702844,0.9490747214010306
26064,LOF,0.011880052461982189,0.02457138887788865,0.9635485586601291
26065,LOF,0.05144139401210628,0.01283901841774354,0.9357195875701503
26066,LOF,0.04801714251364191,0.010201183272275292,0.9417816742140828
26067,LOF,0.05737150359458767,0.010021195672941054,0.9326073007324713
26068,LOF,0.05187361154350396,0.05154613408797488,0.8965802543685212
26069,LOF,0.1582559746798884,0.03010116834477332,0.8116428569753383
26070,LOF,0.34928071056672433,0.02274290882707941,0.6279763806061963
26071,LOF,0.04277202595848271,0.011552659855480653,0.9456753141860367
26072,LOF,0.011671935496577569,0.02167435687448784,0.9666537076289347
26073,LOF,0.04000666818477196,0.014015348173879514,0.9459779836413486
26074,Neutral,0.9249482195371777,0.009125636597109247,0.06592614386571304
26075,LOF,0.05200002691817513,0.022670746870567988,0.925329226211257
26076,LOF,0.058500429204149114,0.01176295345181131,0.9297366173440396
26077,LOF,0.1618432359416126,0.006664397280153865,0.8314923667782335
26078,LOF,0.009355864281329522,0.014206937095074675,0.9764371986235958
26079,LOF,0.0644325993063618,0.026168365208881186,0.909399035484757
26080,LOF,0.06323848591477538,0.026193679392190028,0.9105678346930345
26081,LOF,0.034968829380259865,0.008749750478336938,0.9562814201414032
26082,LOF,0.007775418003934632,0.014278960311399287,0.977945621684666
26083,LOF,0.10483048672346207,0.020540901931095184,0.8746286113454428
26084,LOF,0.11712259837235328,0.01460627673725644,0.8682711248903903
26085,LOF,0.11008631181349257,0.012273180155936689,0.8776405080305707
26086,LOF,0.04107204372477985,0.011872467759885614,0.9470554885153346
26087,LOF,0.03800541609845644,0.00967952685511326,0.9523150570464302
26088,LOF,0.009446088155711085,0.019042604955385484,0.9715113068889034
26089,LOF,0.04361676857843655,0.04162305575377637,0.9147601756677871
26090,LOF,0.04415037395018233,0.03223845214779122,0.9236111739020264
26091,LOF,0.03265480147260083,0.007710349374180587,0.9596348491532186
26092,LOF,0.04696555871624197,0.008041508472039436,0.9449929328117187
26093,LOF,0.07865003093454963,0.005688508304731513,0.9156614607607189
26094,LOF,0.03709527535723568,0.00725585399727027,0.9556488706454942
26095,LOF,0.037917653882853085,0.018908912901275846,0.9431734332158711
26096,LOF,0.22526183627040738,0.00484854125913747,0.7698896224704551
26097,LOF,0.008777191259886663,0.03035446755912865,0.9608683411809846
26098,LOF,0.08355657506055462,0.020218317353353745,0.8962251075860918
26099,LOF,0.04565328188361187,0.015905957832199058,0.9384407602841891
26100,LOF,0.04565328188361187,0.015905957832199058,0.9384407602841891
26101,LOF,0.05711870495757068,0.027352237807864544,0.9155290572345648
26102,LOF,0.036117209384100936,0.015800033206381844,0.9480827574095173
26103,Neutral,0.8759441652936977,0.027175214266606327,0.09688062043969599
26104,LOF,0.05879614586252758,0.04423645062395809,0.8969674035135143
26105,LOF,0.2462806401093785,0.1584447014312199,0.5952746584594015
26106,LOF,0.2998159408295557,0.10648635341058066,0.5936977057598636
26107,LOF,0.021541769851316603,0.08982977799704187,0.8886284521516415
26108,LOF,0.27125621303874914,0.047254421541618644,0.6814893654196322
26109,LOF,0.09499150549892703,0.03336788481818796,0.871640609682885
26110,LOF,0.4863241006888642,0.007654058905209226,0.5060218404059266
26111,LOF,0.04900649154482433,0.1512120641669023,0.7997814442882734
26112,LOF,0.057791939509400626,0.008594938850333685,0.9336131216402658
26113,LOF,0.10805117955645688,0.02159794889690658,0.8703508715466366
26114,LOF,0.09582220763979428,0.006842962485717898,0.8973348298744878
26115,LOF,0.014326667397914604,0.049419583172175485,0.9362537494299098
26116,LOF,0.06730911173379209,0.019693576281959415,0.9129973119842485
26117,LOF,0.4119707227963311,0.03183648014421817,0.5561927970594506
26118,LOF,0.05067674378780983,0.01515943715951816,0.9341638190526721
26119,LOF,0.006403493747969153,0.03672555545279923,0.9568709507992317
26120,LOF,0.038494951670274676,0.015620439563445306,0.9458846087662801
