feature0,prediction,LoGoFunc_Neutral,LoGoFunc_GOF,LoGoFunc_LOF
25546,Neutral,0.6698538782961366,0.09031345778757653,0.23983266391628683
25547,GOF,0.3035547906681722,0.4046017802588549,0.29184342907297295
25548,LOF,0.277189274437939,0.23594720281955273,0.4868635227425082
25549,LOF,0.27519034179617713,0.2370083746042823,0.4878012835995405
25550,Neutral,0.6698538782961366,0.09031345778757653,0.23983266391628683
25551,Neutral,0.6698538782961366,0.09031345778757653,0.23983266391628683
25552,LOF,0.1708509270672326,0.26103377392614857,0.5681152990066188
25553,Neutral,0.6698538782961366,0.09031345778757653,0.23983266391628683
25554,LOF,0.2827037062871213,0.22750349441007425,0.4897927993028045
25555,LOF,0.16593789385885213,0.25057564018915685,0.583486465951991
25556,LOF,0.2684391614887493,0.23678431092575936,0.4947765275854914
25557,LOF,0.15829707531015286,0.2564633578996657,0.5852395667901815
25558,LOF,0.2689018684923707,0.2376393943803415,0.4934587371272878
25559,LOF,0.274887393525772,0.20151268214232024,0.5235999243319077
25560,GOF,0.05738997031988484,0.523706004658764,0.4189040250213511
25561,LOF,0.08178683043359099,0.45400661729788794,0.46420655226852103
25562,LOF,0.2983091865446396,0.23151405632795344,0.4701767571274069
25563,LOF,0.33292075487163314,0.19757621201500306,0.4695030331133638
25564,LOF,0.25900465005142653,0.2688157229666495,0.4721796269819239
25565,LOF,0.11809636103106898,0.36531973384022537,0.5165839051287057
25566,GOF,0.13943305857421412,0.4932238893805835,0.36734305204520235
25567,LOF,0.3344353580037208,0.07193271291271751,0.5936319290835617
25568,Neutral,0.6698538782961366,0.09031345778757653,0.23983266391628683
25569,Neutral,0.6698538782961366,0.09031345778757653,0.23983266391628683
25570,LOF,0.2790406462987427,0.13130244609962874,0.5896569076016286
25571,LOF,0.28028079064841516,0.10078210327658611,0.6189371060749986
25572,LOF,0.29887253081561765,0.07844552536086241,0.6226819438235199
25573,LOF,0.30752110127536325,0.12411037059206224,0.5683685281325744
25574,GOF,0.23586444898929473,0.5322769977705432,0.23185855324016216
25575,LOF,0.3329879184002295,0.07254097688138615,0.5944711047183844
25576,LOF,0.3315456467495438,0.07239948513354737,0.5960548681169089
25577,LOF,0.30752110127536325,0.12411037059206224,0.5683685281325744
25578,Neutral,0.6698538782961366,0.09031345778757653,0.23983266391628683
25579,Neutral,0.6698538782961366,0.09031345778757653,0.23983266391628683
25580,LOF,0.30698092663880894,0.09359403213214147,0.5994250412290497
25581,Neutral,0.6698538782961366,0.09031345778757653,0.23983266391628683
25582,Neutral,0.6698538782961366,0.09031345778757653,0.23983266391628683
25583,LOF,0.3110020437390137,0.11868415980976244,0.5703137964512239
25584,GOF,0.2564837875311567,0.49033866527551984,0.2531775471933234
25585,LOF,0.3352422200675477,0.07976756856441222,0.5849902113680402
25586,LOF,0.29252801191890354,0.170650162315653,0.5368218257654435
25587,LOF,0.29491500875879073,0.1720531062843329,0.5330318849568764
25588,LOF,0.2643895260809796,0.17375495200248475,0.5618555219165356
25589,Neutral,0.4300405164299801,0.39720832906530296,0.17275115450471698
25590,LOF,0.2643895260809796,0.17375495200248475,0.5618555219165356
25591,Neutral,0.6698538782961366,0.09031345778757653,0.23983266391628683
25592,LOF,0.28756856399065983,0.1361203413486716,0.5763110946606687
25593,GOF,0.3238230580813184,0.4882553988836512,0.1879215430350303
25594,Neutral,0.6698538782961366,0.09031345778757653,0.23983266391628683
25595,Neutral,0.6698538782961366,0.09031345778757653,0.23983266391628683
25596,LOF,0.3033481392128074,0.17584191460575485,0.5208099461814377
25597,LOF,0.2958589760875592,0.12128401700423347,0.5828570069082073
25598,Neutral,0.6698538782961366,0.09031345778757653,0.23983266391628683
25599,GOF,0.16701069210885322,0.6351653897614598,0.19782391812968692
25600,GOF,0.20489600706410635,0.5704612012867556,0.22464279164913808
25601,GOF,0.1823924642389278,0.5741025270412542,0.24350500871981795
25602,LOF,0.305851418971339,0.1053456321965815,0.5888029488320795
25603,LOF,0.31436233070106767,0.11291421930073843,0.5727234499981939
25604,LOF,0.30560924968436665,0.16323786831851078,0.5311528819971226
25605,LOF,0.0814841999535531,0.29401630779206517,0.6244994922543818
25606,GOF,0.14478205292274582,0.43512865609025725,0.420089290986997
25607,LOF,0.059261309142226215,0.3041246907968766,0.6366140000608972
25608,LOF,0.24063252669752924,0.26855856719833476,0.490808906104136
25609,LOF,0.26990397646902997,0.23485195067132386,0.49524407285964606
25610,LOF,0.3070651924308751,0.12228020026301877,0.5706546073061061
25611,LOF,0.3323081776982949,0.0932165366256695,0.5744752856760356
25612,Neutral,0.6698538782961366,0.09031345778757653,0.23983266391628683
25613,Neutral,0.6698538782961366,0.09031345778757653,0.23983266391628683
25614,LOF,0.3110020437390137,0.11868415980976244,0.5703137964512239
25615,LOF,0.25682165210721947,0.21525589552858682,0.5279224523641938
25616,LOF,0.26534866572541277,0.15341973727075203,0.5812315970038351
25617,LOF,0.3084013604456311,0.07748942822983824,0.6141092113245306
25618,LOF,0.2985235054944133,0.12427740544812332,0.5771990890574634
25619,LOF,0.3130521459274522,0.151684481104325,0.5352633729682228
25620,LOF,0.30794560849874403,0.11631412669517913,0.5757402648060768
25621,LOF,0.2742406291178176,0.1554310761382086,0.5703282947439738
25622,LOF,0.3020093151438367,0.09484913188092765,0.6031415529752356
25623,LOF,0.2946865177647432,0.11724362767106551,0.5880698545641913
25624,LOF,0.2643895260809796,0.17375495200248475,0.5618555219165356
25625,LOF,0.29776067868393524,0.11623733089178113,0.5860019904242837
25626,Neutral,0.6698538782961366,0.09031345778757653,0.23983266391628683
25627,GOF,0.15639981844883183,0.5838640949496545,0.25973608660151365
25628,LOF,0.25070078766893494,0.29849601338337184,0.45080319894769333
25629,Neutral,0.6698538782961366,0.09031345778757653,0.23983266391628683
25630,GOF,0.10337762360259987,0.44938334293749504,0.44723903345990523
25631,GOF,0.3409225086936924,0.4730262481919263,0.18605124311438143
25632,LOF,0.32915660097534716,0.12075502069820548,0.5500883783264474
25633,Neutral,0.6698538782961366,0.09031345778757653,0.23983266391628683
25634,Neutral,0.6698538782961366,0.09031345778757653,0.23983266391628683
25635,LOF,0.3102787680971455,0.11604312317472586,0.5736781087281286
25636,GOF,0.15680684842282844,0.6374660083240152,0.2057271432531564
25637,LOF,0.17314504700707017,0.40176109691150436,0.4250938560814254
25638,GOF,0.13988687932216384,0.6505433215357987,0.20956979914203736
25639,LOF,0.15121365961819538,0.40191365590108863,0.44687268448071604
25640,GOF,0.23340854934977479,0.6462702650205567,0.12032118562966852
25641,LOF,0.19876422278538547,0.2840323821539918,0.5172033950606227
25642,LOF,0.3896201188636777,0.21749308065860923,0.39288680047771307
25643,LOF,0.28809487086407537,0.19946216370495443,0.5124429654309702
25644,GOF,0.14412985292156094,0.5941931205422019,0.26167702653623726
25645,GOF,0.16187919974967072,0.550766230126428,0.2873545701239012
25646,GOF,0.1345258032762459,0.6305160907664883,0.2349581059572658
25647,GOF,0.13690806019796736,0.619374826635514,0.24371711316651873
25648,GOF,0.10860251455544033,0.6771532121691862,0.21424427327537354
25649,GOF,0.19203170664473476,0.5813405457074825,0.22662774764778265
25650,GOF,0.18289416644186599,0.5110999256338675,0.30600590792426646
25651,GOF,0.12413955972097221,0.5115501151171756,0.36431032516185224
25652,GOF,0.19545197321830343,0.4290710607070955,0.3754769660746012
25653,GOF,0.1940628619242161,0.4306536604936761,0.37528347758210784
25654,GOF,0.23900226412421222,0.5150269803847604,0.24597075549102737
25655,GOF,0.2540208264504846,0.5665700262784958,0.1794091472710196
25656,LOF,0.2956615838416657,0.24398818201311323,0.4603502341452212
25657,LOF,0.39413024822030157,0.12430735575233613,0.4815623960273623
25658,LOF,0.2122033892320086,0.3524392050233587,0.4353574057446326
25659,GOF,0.1806673457685325,0.48362574650202417,0.3357069077294433
25660,LOF,0.3559917922663107,0.22087051678905206,0.42313769094463727
25661,LOF,0.31075177484993577,0.11293181620999836,0.5763164089400659
25662,LOF,0.29471321374270215,0.17850941855439972,0.5267773677028981
25663,LOF,0.30896955221821626,0.12004308646682675,0.570987361314957
25664,LOF,0.30896955221821626,0.12004308646682675,0.570987361314957
25665,Neutral,0.6698538782961366,0.09031345778757653,0.23983266391628683
25666,LOF,0.28658396909563677,0.13388540649711822,0.579530624407245
25667,LOF,0.2935563446603528,0.1874767722330727,0.5189668831065745
25668,LOF,0.2474393927858953,0.19312397652764796,0.5594366306864568
25669,LOF,0.25079398412465337,0.19270599284142137,0.5565000230339253
25670,LOF,0.29252801191890354,0.170650162315653,0.5368218257654435
25671,LOF,0.30794560849874403,0.11631412669517913,0.5757402648060768
25672,Neutral,0.6698538782961366,0.09031345778757653,0.23983266391628683
25673,LOF,0.3084013604456311,0.07748942822983824,0.6141092113245306
25674,LOF,0.3084013604456311,0.07748942822983824,0.6141092113245306
25675,LOF,0.2794802775459412,0.19190658860584514,0.5286131338482137
25676,LOF,0.2985235054944133,0.12427740544812332,0.5771990890574634
25677,LOF,0.29034688581831597,0.23988615737785485,0.4697669568038292
25678,LOF,0.3295995957666517,0.22928734047768443,0.44111306375566395
25679,LOF,0.3723381748264062,0.11912539133346187,0.508536433840132
25680,LOF,0.3705231971358,0.11923831623232833,0.5102384866318717
25681,LOF,0.3705231971358,0.11923831623232833,0.5102384866318717
25682,LOF,0.29730877375053055,0.21139215332453462,0.4912990729249348
25683,LOF,0.29034688581831597,0.23988615737785485,0.4697669568038292
25684,LOF,0.29507931052494285,0.2142013618662798,0.4907193276087775
25685,LOF,0.2956615838416657,0.24398818201311323,0.4603502341452212
25686,GOF,0.26762493035752516,0.5495063844965853,0.18286868514588953
25687,GOF,0.2515361112539521,0.6255874510315657,0.1228764377144823
25688,GOF,0.1314498419925607,0.43578540168449964,0.4327647563229397
25689,LOF,0.07523879985304499,0.37759457403561186,0.5471666261113431
25690,GOF,0.07326349266235523,0.46945092212792866,0.4572855852097162
25691,GOF,0.1750671581475687,0.44557488870889184,0.3793579531435394
25692,LOF,0.32333984836368357,0.1366472123661888,0.5400129392701276
25693,GOF,0.26197744880225793,0.5763374958930184,0.16168505530472363
25694,LOF,0.3940550738975797,0.08491098804308338,0.521033938059337
25695,LOF,0.30671594258653617,0.11552740121945715,0.5777566561940066
25696,LOF,0.282369515241455,0.19420217726975703,0.523428307488788
25697,LOF,0.29450763685153053,0.16943572206303917,0.5360566410854303
25698,GOF,0.22223655994314248,0.6117051774425047,0.16605826261435283
25699,GOF,0.16041770180699086,0.6174262337778519,0.22215606441515712
25700,LOF,0.2985235054944133,0.12427740544812332,0.5771990890574634
25701,GOF,0.19819440811346248,0.43236115627402877,0.3694444356125087
25702,GOF,0.23433029751452827,0.6000116633537919,0.16565803913167984
25703,LOF,0.30508716741440733,0.0775372030611939,0.6173756295243987
25704,LOF,0.28814376003886194,0.10601435046348846,0.6058418894976496
25705,LOF,0.38086694752368594,0.13496482111269423,0.48416823136361986
25706,GOF,0.31057174209510974,0.4914146077201888,0.19801365018470138
25707,GOF,0.198499378882257,0.42634735965845544,0.3751532614592876
25708,GOF,0.1523331514343545,0.46468811414591304,0.3829787344197324
25709,LOF,0.2755463815321496,0.19730959205192602,0.5271440264159243
25710,LOF,0.2956615838416657,0.24398818201311323,0.4603502341452212
25711,LOF,0.32111725988384726,0.15736755655859502,0.5215151835575577
25712,LOF,0.3178275625171732,0.1501574336589756,0.5320150038238513
25713,LOF,0.3134340803982321,0.22325058901604594,0.463315330585722
25714,LOF,0.3559917922663107,0.22087051678905206,0.42313769094463727
25715,LOF,0.3033481392128074,0.17584191460575485,0.5208099461814377
25716,LOF,0.2967443130251569,0.1529669736511586,0.5502887133236845
25717,LOF,0.28809487086407537,0.19946216370495443,0.5124429654309702
25718,LOF,0.28809487086407537,0.19946216370495443,0.5124429654309702
25719,LOF,0.30398423125549384,0.12082990755418344,0.5751858611903228
25720,LOF,0.28604364563380924,0.18271863331577232,0.5312377210504184
25721,LOF,0.32111725988384726,0.15736755655859502,0.5215151835575577
25722,LOF,0.32111725988384726,0.15736755655859502,0.5215151835575577
25723,LOF,0.3175984806910242,0.15117242727814983,0.5312290920308259
25724,LOF,0.29404576507521313,0.17533503541570458,0.5306191995090823
25725,LOF,0.32111725988384726,0.15736755655859502,0.5215151835575577
25726,LOF,0.31550212625774376,0.14558394813954145,0.5389139256027148
25727,LOF,0.31550212625774376,0.14558394813954145,0.5389139256027148
25728,LOF,0.3178275625171732,0.1501574336589756,0.5320150038238513
25729,LOF,0.3178275625171732,0.1501574336589756,0.5320150038238513
25730,LOF,0.3178275625171732,0.1501574336589756,0.5320150038238513
25731,LOF,0.33832134519728596,0.095722488840289,0.565956165962425
25732,LOF,0.3060013997660779,0.12367848799263498,0.5703201122412872
25733,LOF,0.2886593037972223,0.1570676846963121,0.5542730115064656
25734,LOF,0.2985235054944133,0.12427740544812332,0.5771990890574634
25735,LOF,0.3033481392128074,0.17584191460575485,0.5208099461814377
25736,LOF,0.3130521459274522,0.151684481104325,0.5352633729682228
25737,LOF,0.2853597683286055,0.15430366645115143,0.560336565220243
25738,LOF,0.3134340803982321,0.22325058901604594,0.463315330585722
25739,LOF,0.3155004129966241,0.20144311955653307,0.4830564674468427
25740,LOF,0.38086694752368594,0.13496482111269423,0.48416823136361986
25741,LOF,0.3679150814115239,0.13764492696238723,0.49443999162608887
25742,LOF,0.38086694752368594,0.13496482111269423,0.48416823136361986
25743,LOF,0.28359583402572186,0.12567281244803047,0.5907313535262477
25744,GOF,0.24153260805016194,0.4423869504103541,0.31608044153948406
25745,GOF,0.1317244876147461,0.6210294839616124,0.24724602842364135
25746,GOF,0.10786750959216829,0.6720953678527454,0.22003712255508623
25747,LOF,0.26162356949351817,0.12972385742465753,0.6086525730818244
25748,Neutral,0.6698538782961366,0.09031345778757653,0.23983266391628683
25749,GOF,0.13592122684301775,0.6353733783193035,0.22870539483767882
25750,GOF,0.13717315811927216,0.6172863556549583,0.24554048622576966
25751,LOF,0.29730877375053055,0.21139215332453462,0.4912990729249348
25752,GOF,0.3217515170376357,0.41716388112308994,0.26108460183927434
25753,LOF,0.28545077754892345,0.1586881428348118,0.5558610796162649
25754,GOF,0.09023708750636894,0.5980745482914689,0.3116883642021621
25755,LOF,0.2596279103424446,0.2309894265949905,0.5093826630625649
25756,Neutral,0.6698538782961366,0.09031345778757653,0.23983266391628683
25757,GOF,0.0842587448580574,0.6366313355737491,0.27910991956819353
25758,GOF,0.08517981553228457,0.6291639661331656,0.28565621833454985
25759,GOF,0.0847849668848213,0.6283490051115312,0.2868660280036475
25760,LOF,0.24929083852799436,0.26468133975594893,0.48602782171605663
25761,GOF,0.10858668932518234,0.67016314802563,0.22125016264918754
25762,Neutral,0.6698538782961366,0.09031345778757653,0.23983266391628683
25763,LOF,0.28028079064841516,0.10078210327658611,0.6189371060749986
25764,GOF,0.20153193431619768,0.5866083723935105,0.2118596932902918
25765,GOF,0.08444977689894578,0.6200034800160974,0.29554674308495693
25766,GOF,0.1324342068487591,0.6611866442961641,0.20637914885507672
25767,GOF,0.1360889267517803,0.6160053794883699,0.2479056937598498
25768,LOF,0.2967443130251569,0.1529669736511586,0.5502887133236845
25769,LOF,0.305962774378601,0.10286909451768207,0.591168131103717
25770,Neutral,0.6698538782961366,0.09031345778757653,0.23983266391628683
25771,LOF,0.3329879184002295,0.07254097688138615,0.5944711047183844
25772,LOF,0.31075177484993577,0.11293181620999836,0.5763164089400659
25773,LOF,0.3053393118967833,0.12184297675355313,0.5728177113496636
25774,Neutral,0.6698538782961366,0.09031345778757653,0.23983266391628683
25775,LOF,0.30141163909150487,0.10024150362467692,0.5983468572838182
25776,LOF,0.29887253081561765,0.07844552536086241,0.6226819438235199
25777,Neutral,0.6698538782961366,0.09031345778757653,0.23983266391628683
25778,LOF,0.305212390764041,0.096075138491079,0.59871247074488
25779,GOF,0.2638007956036464,0.5613922865424414,0.174806917853912
25780,GOF,0.24421362485795406,0.6165439541877654,0.13924242095428052
25781,GOF,0.2605792623669966,0.5880917003129394,0.15132903732006397
25782,GOF,0.22710824457273665,0.6431598977021774,0.12973185772508597
25783,GOF,0.21800311268153674,0.6304837840811046,0.15151310323735875
25784,GOF,0.25501387420892446,0.5880159290932367,0.15697019669783877
25785,GOF,0.16426098890043156,0.6757403176509438,0.1599986934486247
25786,GOF,0.18922103661221554,0.6580922328418515,0.152686730545933
25787,GOF,0.2607425604482939,0.5438034123945349,0.19545402715717122
25788,LOF,0.2643895260809796,0.17375495200248475,0.5618555219165356
25789,GOF,0.25598450267012807,0.590031983320292,0.15398351400957994
25790,GOF,0.17489739712770283,0.6310355699105639,0.19406703296173325
25791,GOF,0.20600217084008696,0.5827215505243477,0.2112762786355654
25792,GOF,0.25746729346035574,0.5362478041983066,0.20628490234133756
25793,GOF,0.19227029942593504,0.6159088582139475,0.1918208423601175
25794,GOF,0.21117840426490486,0.5930278993118245,0.1957936964232706
25795,GOF,0.17230672705631053,0.636403083664892,0.1912901892787976
25796,GOF,0.1982987730115252,0.64870410430745,0.15299712268102492
25797,GOF,0.16201735848933893,0.6965959144505437,0.1413867270601173
25798,GOF,0.16658262636489304,0.6630053333614592,0.1704120402736478
25799,GOF,0.1658985087126057,0.6608693028752233,0.17323218841217103
25800,GOF,0.1851706367028551,0.6625774014757422,0.1522519618214028
25801,GOF,0.18992695309101926,0.6538839736013391,0.1561890733076417
25802,GOF,0.175295187387032,0.6792152753554358,0.14548953725753225
25803,GOF,0.16567364531659817,0.672461668672236,0.16186468601116577
25804,GOF,0.1895411386714588,0.6470965874283274,0.16336227390021388
25805,GOF,0.15823957587430806,0.6812001309147889,0.16056029321090312
25806,GOF,0.1636602286454197,0.678979818018073,0.1573599533365073
25807,GOF,0.15424395300250202,0.6425869184896721,0.2031691285078258
25808,GOF,0.1667914860914711,0.6378752620902752,0.1953332518182538
25809,GOF,0.16851627566175034,0.6392881422514289,0.19219558208682067
25810,GOF,0.15610267850018683,0.6580740853915756,0.18582323610823762
25811,GOF,0.2455118317016079,0.5616476466779222,0.19284052162046986
25812,GOF,0.19004202197662035,0.640591198319733,0.16936677970364653
25813,GOF,0.22804861465498427,0.6149473316783662,0.15700405366664955
25814,GOF,0.2335861845149288,0.572364840850076,0.1940489746349951
25815,GOF,0.21980829647281225,0.5671365719850124,0.21305513154217529
25816,GOF,0.1548243914116725,0.6406193699001755,0.2045562386881519
25817,GOF,0.15295148730628547,0.6393405787771722,0.2077079339165423
25818,GOF,0.2371766138316558,0.5471371449100729,0.2156862412582712
25819,GOF,0.2164124980435716,0.568596171527262,0.21499133042916627
25820,GOF,0.2675789505594275,0.5347547614145952,0.1976662880259773
25821,GOF,0.2395327505684918,0.5650516068359854,0.19541564259552277
25822,GOF,0.2673944068485172,0.5322075231437339,0.20039807000774879
25823,GOF,0.24745727434444573,0.4831921404724863,0.26935058518306815
25824,GOF,0.21094338398445814,0.5525300414376629,0.2365265745778789
25825,GOF,0.20082455424438025,0.567432610333905,0.23174283542171467
25826,GOF,0.21094338398445814,0.5525300414376629,0.2365265745778789
25827,GOF,0.19694989666785478,0.6601534530232097,0.14289665030893553
25828,GOF,0.1719318499255312,0.6651309055362932,0.16293724453817562
25829,LOF,0.2977272552210028,0.15502901094763127,0.5472437338313659
25830,LOF,0.27493624543019146,0.13906663808730504,0.5859971164825035
25831,GOF,0.15770289107449645,0.5831810965349484,0.2591160123905551
25832,GOF,0.20518700244187313,0.5864524382622588,0.20836055929586814
25833,GOF,0.23526895331515799,0.5648990335227816,0.19983201316206034
25834,GOF,0.2475960157569565,0.5018022660017246,0.2506017182413188
25835,GOF,0.20454351133014906,0.6071424881615617,0.18831400050828911
25836,GOF,0.2005771451394435,0.5952109427744319,0.20421191208612463
25837,GOF,0.2555802084302532,0.542036790210867,0.20238300135887968
25838,GOF,0.21026858434395967,0.5863549952929246,0.2033764203631157
25839,GOF,0.25492744641633514,0.49696368014459363,0.24810887343907112
25840,GOF,0.22671386847833266,0.5635071862381229,0.20977894528354452
25841,GOF,0.2389728573151695,0.5368943995440609,0.22413274314076953
25842,GOF,0.2455363767973046,0.5277391502026495,0.22672447300004586
25843,GOF,0.24534335807677307,0.5298035058172339,0.2248531361059931
25844,GOF,0.2563942618470091,0.5031888447707339,0.24041689338225708
25845,GOF,0.20693178856910746,0.5908474212574448,0.20222079017344757
25846,GOF,0.25042429883553097,0.5094522004450772,0.24012350071939179
25847,GOF,0.23429827245000157,0.5218913376310883,0.24381038991891021
25848,GOF,0.18373620973803945,0.6279171223803955,0.18834666788156493
25849,GOF,0.18534751853985273,0.6159468679041875,0.19870561355595975
25850,GOF,0.14777781027886086,0.6957819370266428,0.15644025269449635
25851,GOF,0.15750323570996985,0.6897774510772183,0.1527193132128117
25852,GOF,0.2920574730563402,0.4601257338260318,0.24781679311762808
25853,GOF,0.18166632574702846,0.6277623422564731,0.19057133199649848
25854,GOF,0.19728847555012263,0.6590354018560699,0.14367612259380752
25855,GOF,0.1971413892510991,0.5834020364720564,0.21945657427684445
25856,GOF,0.2198253091966361,0.5850488095245234,0.1951258812788404
25857,GOF,0.21157681146058593,0.5866151344330472,0.20180805410636682
25858,GOF,0.1971413892510991,0.5834020364720564,0.21945657427684445
25859,GOF,0.1942037826759275,0.592802330457044,0.21299388686702847
25860,GOF,0.18980300097187508,0.6325623422058164,0.17763465682230856
25861,GOF,0.2289722623902616,0.5963802476130688,0.17464748999666962
25862,GOF,0.18095134061900486,0.6803974044023395,0.13865125497865574
25863,GOF,0.19658353018594085,0.6381459345015301,0.16527053531252894
25864,GOF,0.19104826307134867,0.6340790825611202,0.17487265436753113
25865,GOF,0.19399261111850075,0.6432603019837765,0.1627470868977228
25866,GOF,0.20337663078586496,0.6322993437194498,0.16432402549468517
25867,GOF,0.18352243278030553,0.6482661673355256,0.16821139988416894
25868,GOF,0.18793150620428603,0.6505853408442827,0.16148315295143123
25869,GOF,0.25506409436459904,0.5494651707082286,0.19547073492717223
25870,LOF,0.30560924968436665,0.16323786831851078,0.5311528819971226
25871,GOF,0.25505295006046974,0.533102791067849,0.21184425887168135
25872,GOF,0.26918774149572355,0.4911156166328189,0.2396966418714576
25873,GOF,0.2142878674826799,0.6033341076222043,0.1823780248951158
25874,LOF,0.29830014021586637,0.10269935636194358,0.59900050342219
25875,GOF,0.18645124481290556,0.600565315100794,0.21298344008630044
25876,LOF,0.2934746069819912,0.2355545940925165,0.47097079892549226
25877,GOF,0.2611247520868427,0.5441221275918369,0.19475312032132042
25878,GOF,0.27108210053487314,0.5295606411807808,0.19935725828434608
25879,GOF,0.31057174209510974,0.4914146077201888,0.19801365018470138
25880,LOF,0.3035717689183989,0.12691513671931653,0.5695130943622847
25881,GOF,0.4130525640089584,0.4677342573391932,0.11921317865184834
25882,LOF,0.2958589760875592,0.12128401700423347,0.5828570069082073
25883,LOF,0.28028079064841516,0.10078210327658611,0.6189371060749986
25884,LOF,0.29252801191890354,0.170650162315653,0.5368218257654435
25885,LOF,0.4349608564096562,0.05258871439890987,0.512450429191434
25886,Neutral,0.6698538782961366,0.09031345778757653,0.23983266391628683
25887,GOF,0.32661401907072257,0.5078577649513832,0.16552821597789408
25888,GOF,0.1998746557397716,0.6492420547234131,0.1508832895368154
25889,LOF,0.28359583402572186,0.12567281244803047,0.5907313535262477
25890,LOF,0.09482024566601044,0.28075936913287647,0.6244203852011131
25891,LOF,0.2832742194625703,0.10265413193397065,0.6140716486034591
25892,LOF,0.06480250043858907,0.357147915558597,0.5780495840028139
25893,LOF,0.2516616096776427,0.27163626508813615,0.4767021252342212
25894,LOF,0.17777797858506783,0.2702135026825566,0.5520085187323754
25895,GOF,0.18192235890645986,0.42599889098058186,0.39207875011295823
25896,Neutral,0.6698538782961366,0.09031345778757653,0.23983266391628683
25897,LOF,0.23787907885447754,0.278519283048148,0.48360163809737455
25898,GOF,0.2116771421792867,0.6206465111576418,0.1676763466630714
25899,Neutral,0.6698538782961366,0.09031345778757653,0.23983266391628683
25900,Neutral,0.6698538782961366,0.09031345778757653,0.23983266391628683
25901,LOF,0.29718565415193554,0.18065727945451862,0.5221570663935459
25902,LOF,0.3077317830636941,0.10941375316708205,0.5828544637692238
25903,GOF,0.19064936846722103,0.5668053883951558,0.24254524313762318
25904,Neutral,0.6698538782961366,0.09031345778757653,0.23983266391628683
25905,LOF,0.22020033458847973,0.3008305702699363,0.4789690951415839
25906,LOF,0.27892046721101094,0.1510922996258201,0.569987233163169
25907,GOF,0.11302083373856005,0.5428491113186199,0.34413005494281995
25908,GOF,0.114485749771173,0.538796816763043,0.34671743346578393
25909,LOF,0.2659049626508792,0.3242283504213093,0.4098666869278115
25910,LOF,0.07623505011070035,0.3588759269894978,0.5648890228998018
25911,Neutral,0.6698538782961366,0.09031345778757653,0.23983266391628683
25912,LOF,0.3919281495026688,0.05652513746633684,0.5515467130309945
25913,GOF,0.07836899089296351,0.5057840519039413,0.41584695720309534
25914,LOF,0.3175984806910242,0.15117242727814983,0.5312290920308259
25915,GOF,0.2326927718077043,0.5970767964165324,0.17023043177576316
25916,GOF,0.20358659642035531,0.5759236246952666,0.22048977888437807
25917,Neutral,0.6698538782961366,0.09031345778757653,0.23983266391628683
25918,LOF,0.27604280158909134,0.17308212963315897,0.5508750687777497
25919,LOF,0.3104186474965222,0.10242645245549857,0.5871549000479792
25920,GOF,0.25741390697905286,0.42738898519008894,0.31519710783085825
25921,LOF,0.2939622947371984,0.14915335597268678,0.5568843492901148
25922,LOF,0.29887253081561765,0.07844552536086241,0.6226819438235199
25923,Neutral,0.6698538782961366,0.09031345778757653,0.23983266391628683
25924,LOF,0.2765885813967296,0.14218022375155015,0.5812311948517203
25925,Neutral,0.6698538782961366,0.09031345778757653,0.23983266391628683
25926,Neutral,0.6698538782961366,0.09031345778757653,0.23983266391628683
25927,GOF,0.13870827162472457,0.5540831515412571,0.3072085768340185
25928,LOF,0.3127207574273202,0.1338795968105407,0.5533996457621392
25929,Neutral,0.6698538782961366,0.09031345778757653,0.23983266391628683
25930,LOF,0.30479359781232873,0.10642611350192568,0.5887802886857456
25931,LOF,0.3088434052745129,0.12053309933488271,0.5706234953906043
25932,LOF,0.3329879184002295,0.07254097688138615,0.5944711047183844
25933,LOF,0.3323081776982949,0.0932165366256695,0.5744752856760356
25934,LOF,0.3186823298825282,0.10449129385526025,0.5768263762622116
25935,Neutral,0.6698538782961366,0.09031345778757653,0.23983266391628683
25936,LOF,0.30194545610013546,0.11526088336506322,0.5827936605348013
25937,LOF,0.2643895260809796,0.17375495200248475,0.5618555219165356
25938,Neutral,0.6698538782961366,0.09031345778757653,0.23983266391628683
25939,LOF,0.2985235054944133,0.12427740544812332,0.5771990890574634
25940,GOF,0.1669393555577835,0.667181878531288,0.16587876591092862
25941,LOF,0.18928936653004622,0.39451154527951116,0.4161990881904427
25942,LOF,0.2965553288934423,0.09437863198251505,0.6090660391240427
25943,GOF,0.07463722232437373,0.5194373728393735,0.40592540483625283
25944,GOF,0.07480926619584193,0.5161683956324605,0.40902233817169753
25945,LOF,0.26534866572541277,0.15341973727075203,0.5812315970038351
25946,LOF,0.35767231663914534,0.0886791298142699,0.5536485535465847
25947,GOF,0.3264724073396889,0.3690503575217711,0.30447723513853997
25948,LOF,0.2779187177152398,0.10266991092055779,0.6194113713642024
25949,LOF,0.2967443130251569,0.1529669736511586,0.5502887133236845
25950,GOF,0.21883918221095403,0.565142039359579,0.21601877842946698
25951,GOF,0.1523552633664349,0.6340564563842305,0.21358828024933452
25952,GOF,0.10996331965070624,0.4983688006344908,0.39166787971480305
25953,LOF,0.17897019708416995,0.3658584896226268,0.4551713132932033
25954,GOF,0.14234026971143127,0.5899349231987239,0.2677248070898448
25955,GOF,0.07611742484133706,0.5935712683738443,0.3303113067848186
25956,LOF,0.20873887391436483,0.38388499627347267,0.40737612981216254
25957,LOF,0.4175881992511531,0.11442844359912117,0.46798335714972583
25958,LOF,0.30788643132422094,0.08642568240513968,0.6056878862706394
25959,GOF,0.1104777917956805,0.4786844010807947,0.41083780712352486
25960,LOF,0.3035717689183989,0.12691513671931653,0.5695130943622847
25961,LOF,0.24170199923188557,0.2774499458481502,0.48084805491996413
25962,LOF,0.2790406462987427,0.13130244609962874,0.5896569076016286
25963,GOF,0.07709197958341917,0.5688981597762158,0.35400986064036505
25964,LOF,0.34571411556716924,0.22709283909126796,0.4271930453415628
25965,GOF,0.21176284141923052,0.6280181317968171,0.16021902678395233
25966,Neutral,0.6698538782961366,0.09031345778757653,0.23983266391628683
25967,LOF,0.31436233070106767,0.11291421930073843,0.5727234499981939
25968,GOF,0.23553435015428006,0.5932810732677439,0.17118457657797614
25969,LOF,0.38757405219801144,0.0875779304074453,0.5248480173945432
25970,LOF,0.2934746069819912,0.2355545940925165,0.47097079892549226
25971,LOF,0.36227286468294845,0.14793025230585763,0.48979688301119395
25972,LOF,0.36227286468294845,0.14793025230585763,0.48979688301119395
25973,LOF,0.3070651924308751,0.12228020026301877,0.5706546073061061
25974,GOF,0.2840429061456003,0.4857451266231369,0.23021196723126275
25975,LOF,0.3008274957831957,0.1162331913457173,0.582939312871087
25976,LOF,0.3480315003383354,0.09467703434880283,0.5572914653128618
25977,LOF,0.3858772817951881,0.165824165185093,0.44829855301971905
25978,LOF,0.2775759479184312,0.2308541053148906,0.49156994676667815
25979,LOF,0.1590828366884749,0.2569446018627815,0.5839725614487435
25980,Neutral,0.6698538782961366,0.09031345778757653,0.23983266391628683
25981,Neutral,0.6698538782961366,0.09031345778757653,0.23983266391628683
25982,LOF,0.25536109110580774,0.2440742205233333,0.500564688370859
25983,LOF,0.17732785953491229,0.2875794865748022,0.5350926538902855
25984,LOF,0.2970318620319623,0.14459396582604087,0.5583741721419968
25985,GOF,0.40360626527165944,0.44643057634883676,0.1499631583795038
25986,GOF,0.15724689652839033,0.5767851857969369,0.26596791767467276
25987,LOF,0.3067512366148632,0.1082933508087828,0.584955412576354
25988,LOF,0.27741556409046647,0.13889495622915016,0.5836894796803834
25989,LOF,0.24063252669752924,0.26855856719833476,0.490808906104136
25990,LOF,0.25405620555085817,0.340682246258454,0.4052615481906878
25991,GOF,0.24657298613982245,0.4011937017802765,0.35223331207990105
25992,GOF,0.25290315416240144,0.5492309186861246,0.19786592715147394
25993,LOF,0.34712954481314945,0.08007400016207675,0.5727964550247738
25994,LOF,0.2765885813967296,0.14218022375155015,0.5812311948517203
25995,LOF,0.274887393525772,0.20151268214232024,0.5235999243319077
25996,GOF,0.24170458801709419,0.489993513582849,0.2683018984000567
25997,GOF,0.2679983282239308,0.5435712978370298,0.18843037393903936
25998,GOF,0.23047246550733513,0.5076710745830338,0.261856459909631
25999,LOF,0.07649456375219572,0.41013619749021185,0.5133692387575924
26000,LOF,0.35565690558131957,0.05727482295657939,0.587068271462101
26001,LOF,0.13233522598132336,0.4190187776845079,0.4486459963341687
26002,LOF,0.27604280158909134,0.17308212963315897,0.5508750687777497
26003,GOF,0.1360889267517803,0.6160053794883699,0.2479056937598498
26004,GOF,0.1964618258629386,0.5981897325859047,0.20534844155115678
26005,GOF,0.17606241092295058,0.6445446699603624,0.17939291911668684
26006,GOF,0.23576095589834037,0.558293777242294,0.2059452668593657
26007,GOF,0.16122667749713263,0.664436852777502,0.1743364697253654
26008,GOF,0.2465363272824979,0.5248478239896113,0.2286158487278908
26009,GOF,0.14625726184944426,0.620757707157857,0.23298503099269863
26010,GOF,0.17304418106011474,0.6417308383254516,0.18522498061443352
26011,GOF,0.13579722861548268,0.6794715847465935,0.18473118663792376
26012,GOF,0.14062576291817536,0.6155619734910573,0.24381226359076733
26013,GOF,0.1542553484167956,0.6520922378918997,0.19365241369130454
26014,LOF,0.294246317172474,0.1892227034318197,0.5165309793957062
26015,LOF,0.24929083852799436,0.26468133975594893,0.48602782171605663
26016,GOF,0.12731985692641917,0.48923282565407433,0.3834473174195064
26017,GOF,0.06554990548002673,0.5523372969334931,0.38211279758648026
26018,LOF,0.2857269953790195,0.12611622894651095,0.5881567756744697
26019,LOF,0.30233881678289004,0.09408429276366981,0.6035768904534402
26020,GOF,0.09560448130154409,0.5026608383802169,0.40173468031823906
26021,LOF,0.26903866585275,0.3287288474961195,0.4022324866511304
26022,LOF,0.3214354782447688,0.10927143326784523,0.5692930884873859
26023,LOF,0.3352422200675477,0.07976756856441222,0.5849902113680402
26024,LOF,0.12639546604646681,0.3469051992040153,0.5266993347495178
26025,LOF,0.08791119721555027,0.42402273029951276,0.488066072484937
26026,GOF,0.06769112807728707,0.5246342790428937,0.4076745928798192
26027,LOF,0.31436233070106767,0.11291421930073843,0.5727234499981939
26028,GOF,0.27322165780921465,0.47733221027046424,0.249446131920321
26029,GOF,0.13822596898113948,0.6309579845264915,0.23081604649236892
26030,LOF,0.39136280153485925,0.08021992752323202,0.5284172709419087
26031,GOF,0.15634600556027914,0.5770333275542763,0.2666206668854446
26032,LOF,0.2966492663445831,0.07640691074631054,0.6269438229091063
26033,LOF,0.3385252516956936,0.09727354504202682,0.5642012032622795
26034,GOF,0.20051787983444097,0.5557357906114128,0.24374632955414632
26035,GOF,0.13538574091466332,0.6180982777970049,0.24651598128833196
26036,GOF,0.12272747148256952,0.48267339054076114,0.3945991379766693
26037,GOF,0.18597699344803315,0.6436453068775267,0.17037769967444005
26038,LOF,0.30398423125549384,0.12082990755418344,0.5751858611903228
26039,GOF,0.18985863122203073,0.44242456913756933,0.36771679964039977
26040,LOF,0.31550212625774376,0.14558394813954145,0.5389139256027148
26041,GOF,0.29606131981009776,0.4597445748861561,0.24419410530374605
26042,GOF,0.2691798551991785,0.4626624352336799,0.26815770956714174
26043,LOF,0.2937305473956451,0.3018867495248771,0.4043827030794778
26044,LOF,0.3256330492506736,0.231984044639358,0.4423829061099684
26045,GOF,0.2775405572246475,0.5647967418687944,0.15766270090655804
26046,LOF,0.3134340803982321,0.22325058901604594,0.463315330585722
26047,LOF,0.36143482999049215,0.1464573508161394,0.49210781919336843
26048,LOF,0.3723381748264062,0.11912539133346187,0.508536433840132
26049,Neutral,0.6698538782961366,0.09031345778757653,0.23983266391628683
26050,Neutral,0.6698538782961366,0.09031345778757653,0.23983266391628683
26051,GOF,0.13791510434708065,0.6688633006324068,0.19322159502051256
26052,GOF,0.15460906971017452,0.6486083705586446,0.19678255973118086
26053,LOF,0.2935563446603528,0.1874767722330727,0.5189668831065745
26054,Neutral,0.6698538782961366,0.09031345778757653,0.23983266391628683
26055,Neutral,0.6698538782961366,0.09031345778757653,0.23983266391628683
26056,Neutral,0.6698538782961366,0.09031345778757653,0.23983266391628683
26057,LOF,0.28068802126423803,0.2189584835075005,0.5003534952282614
26058,LOF,0.2722402083191326,0.20192690555670237,0.525832886124165
26059,Neutral,0.6698538782961366,0.09031345778757653,0.23983266391628683
26060,GOF,0.16150265714069428,0.6081019245854853,0.2303954182738204
26061,LOF,0.30479359781232873,0.10642611350192568,0.5887802886857456
26062,LOF,0.3315456467495438,0.07239948513354737,0.5960548681169089
26063,LOF,0.31257448741405125,0.11275675068254451,0.5746687619034042
26064,LOF,0.30560924968436665,0.16323786831851078,0.5311528819971226
26065,LOF,0.29718565415193554,0.18065727945451862,0.5221570663935459
26066,LOF,0.3060013997660779,0.12367848799263498,0.5703201122412872
26067,LOF,0.33832134519728596,0.095722488840289,0.565956165962425
26068,Neutral,0.6698538782961366,0.09031345778757653,0.23983266391628683
26069,Neutral,0.6698538782961366,0.09031345778757653,0.23983266391628683
26070,Neutral,0.6698538782961366,0.09031345778757653,0.23983266391628683
26071,LOF,0.3100153974407895,0.10658208834362284,0.5834025142155875
26072,LOF,0.30141163909150487,0.10024150362467692,0.5983468572838182
26073,LOF,0.3046894725036354,0.09623555036823403,0.5990749771281306
26074,Neutral,0.6698538782961366,0.09031345778757653,0.23983266391628683
26075,Neutral,0.6698538782961366,0.09031345778757653,0.23983266391628683
26076,LOF,0.28028079064841516,0.10078210327658611,0.6189371060749986
26077,LOF,0.3889073734483792,0.0897149754475656,0.5213776511040552
26078,LOF,0.3263090122440959,0.13342554727881184,0.5402654404770921
26079,Neutral,0.6698538782961366,0.09031345778757653,0.23983266391628683
26080,Neutral,0.6698538782961366,0.09031345778757653,0.23983266391628683
26081,LOF,0.3074897880666262,0.12035108558722504,0.5721591263461487
26082,LOF,0.29776067868393524,0.11623733089178113,0.5860019904242837
26083,LOF,0.2643895260809796,0.17375495200248475,0.5618555219165356
26084,LOF,0.2643895260809796,0.17375495200248475,0.5618555219165356
26085,LOF,0.2474393927858953,0.19312397652764796,0.5594366306864568
26086,LOF,0.2886593037972223,0.1570676846963121,0.5542730115064656
26087,LOF,0.29471321374270215,0.17850941855439972,0.5267773677028981
26088,LOF,0.29471321374270215,0.17850941855439972,0.5267773677028981
26089,Neutral,0.6698538782961366,0.09031345778757653,0.23983266391628683
26090,Neutral,0.6698538782961366,0.09031345778757653,0.23983266391628683
26091,LOF,0.3077317830636941,0.10941375316708205,0.5828544637692238
26092,LOF,0.3042289412016698,0.12280526571070592,0.5729657930876243
26093,LOF,0.3042289412016698,0.12280526571070592,0.5729657930876243
26094,LOF,0.3352422200675477,0.07976756856441222,0.5849902113680402
26095,LOF,0.34373448756392594,0.07713317650118309,0.5791323359348909
26096,LOF,0.3954257598060073,0.08406764312896979,0.5205065970650229
26097,LOF,0.3077317830636941,0.10941375316708205,0.5828544637692238
26098,Neutral,0.6698538782961366,0.09031345778757653,0.23983266391628683
26099,LOF,0.3102787680971455,0.11604312317472586,0.5736781087281286
26100,LOF,0.3102787680971455,0.11604312317472586,0.5736781087281286
26101,LOF,0.30560924968436665,0.16323786831851078,0.5311528819971226
26102,LOF,0.31117414645611047,0.10242122858305411,0.5864046249608355
26103,Neutral,0.6698538782961366,0.09031345778757653,0.23983266391628683
26104,Neutral,0.6698538782961366,0.09031345778757653,0.23983266391628683
26105,LOF,0.1537310776127268,0.40090755824013874,0.4453613641471346
26106,LOF,0.2929233518690841,0.33875934254725376,0.36831730558366205
26107,GOF,0.15309339765888105,0.5367093998547262,0.31019720248639276
26108,GOF,0.1032608202989578,0.5516328750517062,0.3451063046493359
26109,LOF,0.2657044140978165,0.26419757626458384,0.47009800963759957
26110,LOF,0.36227286468294845,0.14793025230585763,0.48979688301119395
26111,LOF,0.1866480801343951,0.3467659604118354,0.46658595945376957
26112,LOF,0.31436233070106767,0.11291421930073843,0.5727234499981939
26113,LOF,0.3155004129966241,0.20144311955653307,0.4830564674468427
26114,LOF,0.3054751255026167,0.28329952262063113,0.41122535187675213
26115,GOF,0.05577644453669883,0.6456165581697892,0.29860699729351187
26116,LOF,0.2703071429912502,0.32900463973651806,0.40068821727223175
26117,Neutral,0.6698538782961366,0.09031345778757653,0.23983266391628683
26118,LOF,0.2861750732321651,0.1429628728534033,0.5708620539144316
26119,LOF,0.05936756457553691,0.31972125852147565,0.6209111769029874
26120,LOF,0.30698092663880894,0.09359403213214147,0.5994250412290497
26121,LOF,0.057381344470761105,0.3326208934342416,0.6099977620949972
26122,LOF,0.06362846870394223,0.28159832882609,0.6547732024699677
26123,LOF,0.06312705385615087,0.2636464930934503,0.6732264530503989
26124,LOF,0.06044162427497242,0.39052273533297394,0.5490356403920538
26125,LOF,0.17021946376058877,0.4012481810200351,0.42853235521937605
26126,LOF,0.10367149156138115,0.21948190832720713,0.6768466001114117
