feature0,prediction,LoGoFunc_Neutral,LoGoFunc_GOF,LoGoFunc_LOF
25546,Neutral,0.6592731127413348,0.045133987193495054,0.29559290006517014
25547,Neutral,0.5598327473710922,0.08854046199864164,0.35162679063026614
25548,Neutral,0.5198864157673165,0.06352471044783294,0.4165888737848505
25549,Neutral,0.49025866147734326,0.06302597067963647,0.44671536784302013
25550,LOF,0.4001431109947439,0.11203160588177043,0.48782528312348566
25551,LOF,0.3307345005332178,0.10791540354309773,0.5613500959236845
25552,LOF,0.18706118831807012,0.12408574077946904,0.6888530709024608
25553,Neutral,0.8244117919104985,0.0307253058706594,0.14486290221884196
25554,LOF,0.23448036460417976,0.12376998873095622,0.641749646664864
25555,LOF,0.1810673124805709,0.1125122292464643,0.7064204582729647
25556,Neutral,0.5323038270807411,0.08697937022245757,0.3807168026968014
25557,LOF,0.17505787091145217,0.1165463952577242,0.7083957338308235
25558,LOF,0.23313922405105073,0.13241681070186867,0.6344439652470806
25559,Neutral,0.5713307542668331,0.07894289168854451,0.3497263540446224
25560,LOF,0.043646637253170556,0.31124701684705575,0.6451063458997738
25561,LOF,0.0756995181086423,0.36330869364346274,0.560991788247895
25562,LOF,0.10988138899001415,0.1772142908171882,0.7129043201927977
25563,LOF,0.11560570999454071,0.1817180846320601,0.7026762053733991
25564,LOF,0.07000839928020551,0.22861661978331355,0.7013749809364809
25565,LOF,0.14670488480562185,0.15848107406535986,0.6948140411290182
25566,GOF,0.015179966806780932,0.7540932727390915,0.23072676045412754
25567,LOF,0.012087061589846952,0.12871771539622923,0.8591952230139238
25568,LOF,0.041550687204288846,0.07560587506670441,0.8828434377290068
25569,LOF,0.05352868067730095,0.07538145565480829,0.8710898636678908
25570,LOF,0.057865346224846986,0.1133805609592252,0.8287540928159278
25571,LOF,0.05967137438872262,0.1099461446163337,0.8303824809949436
25572,LOF,0.06126525424053557,0.147112784399456,0.7916219613600084
25573,LOF,0.027642335696235584,0.08801715326321476,0.8843405110405497
25574,LOF,0.014580477023782885,0.14075279026742474,0.8446667327087923
25575,LOF,0.048864448245099876,0.1109192641719601,0.8402162875829401
25576,LOF,0.019023267689980743,0.11132046821634102,0.8696562640936782
25577,LOF,0.012321535704726935,0.1497914523179277,0.8378870119773454
25578,LOF,0.21836637699302958,0.09797760211759708,0.6836560208893734
25579,LOF,0.2210549187840231,0.09642968438900824,0.6825153968269687
25580,LOF,0.03219161813682109,0.10280370839468239,0.8650046734684965
25581,LOF,0.0452474260761887,0.07778539058641089,0.8769671833374004
25582,LOF,0.045078448676095,0.07481311445214717,0.8801084368717579
25583,LOF,0.0406428095488626,0.11400410772496136,0.8453530827261759
25584,Neutral,0.47960030666411146,0.0821062127683999,0.4382934805674886
25585,LOF,0.030177528566619018,0.10767331722751507,0.8621491542058659
25586,LOF,0.030798725871434323,0.07877984812527083,0.8904214260032948
25587,LOF,0.02927312323938307,0.06580274331414727,0.9049241334464696
25588,LOF,0.02887345066031496,0.08877907796261626,0.8823474713770687
25589,Neutral,0.6134531492419821,0.08672698173050614,0.2998198690275119
25590,LOF,0.023981789344810114,0.1307109324292963,0.8453072782258937
25591,LOF,0.10099889989767583,0.06072330945031786,0.8382777906520065
25592,LOF,0.08875707448635535,0.14275516298836732,0.7684877625252773
25593,LOF,0.013944165094030403,0.22162218919852236,0.7644336457074472
25594,LOF,0.03361077351486594,0.21990178462822405,0.7464874418569101
25595,LOF,0.06303929181604877,0.16061749948884366,0.7763432086951076
25596,LOF,0.08060396204206813,0.1248014065777139,0.7945946313802179
25597,LOF,0.07619677463832682,0.0554941760866561,0.8683090492750171
25598,LOF,0.044832698050571634,0.22673950754818223,0.7284277944012462
25599,GOF,0.007026396684330779,0.6157932909497197,0.37718031236594957
25600,GOF,0.007714677322796354,0.5746228836949161,0.4176624389822876
25601,LOF,0.006612072599115815,0.39852941280549264,0.5948585145953914
25602,LOF,0.014157049397087593,0.07233067743525544,0.9135122731676569
25603,LOF,0.03928059754395252,0.03239633317172335,0.9283230692843241
25604,LOF,0.03446153652631785,0.06857503966982158,0.8969634238038605
25605,LOF,0.010681411826535047,0.20021913094559407,0.789099457227871
25606,GOF,0.05271425465189237,0.4941217569235221,0.4531639884245855
25607,LOF,0.003794614985803736,0.1445713356951491,0.8516340493190471
25608,LOF,0.04722292785648441,0.04519245016830923,0.9075846219752064
25609,LOF,0.0681402615781931,0.26150326458843676,0.6703564738333702
25610,LOF,0.04950470057216104,0.03732530388540711,0.913169995542432
25611,LOF,0.05932432786925043,0.027733588175484127,0.9129420839552655
25612,LOF,0.12679554882498473,0.06378957925015685,0.8094148719248583
25613,LOF,0.11004370135586099,0.05597362139447766,0.8339826772496614
25614,LOF,0.03786616239652643,0.04554641299458893,0.9165874246088846
25615,LOF,0.08079223239764523,0.06556015053175852,0.8536476170705962
25616,LOF,0.04424642327929093,0.06254397422416896,0.8932096024965401
25617,LOF,0.050242018847147504,0.062064429756938905,0.8876935513959137
25618,LOF,0.287012707380791,0.04645630508725399,0.666530987531955
25619,LOF,0.04650973074402995,0.04751894427878603,0.905971324977184
25620,LOF,0.041862734189877585,0.06452456074988182,0.8936127050602406
25621,LOF,0.041464426938081334,0.05273252176120315,0.9058030513007156
25622,LOF,0.03434289011181817,0.07171656134571011,0.8939405485424717
25623,LOF,0.057395679284100755,0.045054687025390186,0.897549633690509
25624,LOF,0.033085021387691635,0.055758662237388956,0.9111563163749195
25625,LOF,0.04141824537276145,0.06900028696941493,0.8895814676578236
25626,LOF,0.08318164232370552,0.04624263932898977,0.8705757183473047
25627,Neutral,0.5883648093530027,0.10774369116688144,0.3038914994801159
25628,LOF,0.21332142813582805,0.05023390483523863,0.7364446670289333
25629,LOF,0.0740589220292408,0.13106025734734505,0.7948808206234141
25630,LOF,0.19288660720489295,0.0828515762079057,0.7242618165872013
25631,Neutral,0.6068319127024806,0.05321217430584079,0.3399559129916786
25632,LOF,0.021209675171103726,0.08075723965927926,0.898033085169617
25633,LOF,0.24382843826674663,0.09081687645480965,0.6653546852784437
25634,LOF,0.039924857948109856,0.08904482519135047,0.8710303168605398
25635,LOF,0.03756630654290362,0.07504629140902375,0.8873874020480725
25636,GOF,0.005368091231091788,0.674675137553014,0.31995677121589416
25637,GOF,0.0039062524820126015,0.5915533314595606,0.40454041605842683
25638,GOF,0.006737105619935555,0.5642744372169936,0.4289884571630709
25639,GOF,0.0043547973973059526,0.5063061962016028,0.4893390064010913
25640,GOF,0.3321678416997828,0.615017975479894,0.05281418282032331
25641,LOF,0.005331055326343534,0.3581435904779795,0.6365253541956769
25642,LOF,0.25082071480890067,0.1369384341541995,0.6122408510368998
25643,LOF,0.21343438542332632,0.2790595284640622,0.5075060861126116
25644,GOF,0.01565659693182337,0.6856527570221778,0.2986906460459989
25645,GOF,0.010998205353069744,0.6055635229186072,0.38343827172832307
25646,LOF,0.012166930307772566,0.42569510384459525,0.5621379658476322
25647,LOF,0.010636912920709422,0.33375099406410086,0.6556120930151897
25648,LOF,0.007839300022133648,0.44275369162966854,0.5494070083481978
25649,LOF,0.00823994890826947,0.2521485735737205,0.73961147751801
25650,GOF,0.02359345662208877,0.5718462445185529,0.40456029885935846
25651,LOF,0.006477809208064848,0.29814082047953944,0.6953813703123958
25652,LOF,0.011602476087335417,0.3875658278361213,0.6008316960765432
25653,GOF,0.05147105103608127,0.5877618114077204,0.3607671375561983
25654,LOF,0.00849123219600238,0.38046975501660646,0.6110390127873911
25655,GOF,0.07796640346522518,0.5423844507117179,0.37964914582305687
25656,LOF,0.09138799078929744,0.11907086202008026,0.7895411471906222
25657,LOF,0.2888133943967342,0.057206458293743205,0.6539801473095226
25658,LOF,0.036357849860373166,0.20765824371894076,0.755983906420686
25659,LOF,0.22485135171034798,0.10977944879403927,0.6653691994956128
25660,LOF,0.09533873713173567,0.08596099301075993,0.8187002698575043
25661,LOF,0.07026303273474313,0.06553815049528615,0.8641988167699707
25662,LOF,0.03991046981549453,0.05882018600385661,0.9012693441806489
25663,LOF,0.046682715957918265,0.10017112543699913,0.8531461586050826
25664,LOF,0.033192682259166016,0.1262041157247769,0.840603202016057
25665,LOF,0.0442426862125479,0.06469722362639925,0.8910600901610528
25666,LOF,0.04550693843060692,0.14359335750265687,0.8108997040667362
25667,LOF,0.04169696117661437,0.05008838353701003,0.9082146552863756
25668,LOF,0.057582008315662535,0.06140969115034639,0.881008300533991
25669,LOF,0.05756169844673229,0.08702123381332097,0.8554170677399467
25670,LOF,0.07798047458243147,0.08509089976539166,0.8369286256521768
25671,LOF,0.04895168582102178,0.046822333597485624,0.9042259805814925
25672,LOF,0.05114343865884712,0.06951235256877644,0.8793442087723765
25673,LOF,0.04111471066594581,0.06665212824797932,0.8922331610860749
25674,LOF,0.029148717406705917,0.08294514913206412,0.8879061334612299
25675,LOF,0.035914924697216105,0.061815765390057294,0.9022693099127266
25676,LOF,0.03578609157422803,0.06546458832181835,0.8987493201039536
25677,LOF,0.09375337500900226,0.054052768506952856,0.8521938564840448
25678,LOF,0.17902537868535182,0.044992899687439566,0.7759817216272087
25679,LOF,0.1429053825997864,0.04660419943849645,0.8104904179617172
25680,LOF,0.09984131995072809,0.08868024303539822,0.8114784370138738
25681,LOF,0.11826698398414857,0.08668693553211008,0.7950460804837415
25682,LOF,0.05203433618202287,0.05210037035461052,0.8958652934633666
25683,LOF,0.08400710002835816,0.07027406085182997,0.8457188391198119
25684,LOF,0.07347897977112011,0.05988495509528586,0.8666360651335941
25685,LOF,0.13577540739386032,0.04259103598087627,0.8216335566252634
25686,LOF,0.02661598588718475,0.07916916287326001,0.8942148512395551
25687,LOF,0.0560346868315522,0.08741303283026314,0.8565522803381846
25688,LOF,0.022245398809028115,0.062224483061762786,0.915530118129209
25689,LOF,0.020318035886462162,0.03097400892571427,0.9487079551878236
25690,LOF,0.02073255505871454,0.039809844670227676,0.9394576002710577
25691,LOF,0.1295003432295172,0.06356378404443706,0.8069358727260457
25692,LOF,0.29624998354443627,0.011998846198832664,0.691751170256731
25693,LOF,0.0349837082369412,0.26838347388479644,0.6966328178782625
25694,LOF,0.22977599103840557,0.0142504189113298,0.7559735900502645
25695,LOF,0.18809144202597344,0.029708689321073352,0.7821998686529532
25696,LOF,0.08108381325252162,0.03054849948999368,0.8883676872574847
25697,LOF,0.07324920636301507,0.05087580410154763,0.8758749895354374
25698,LOF,0.015809455057687903,0.39885374166762216,0.5853368032746898
25699,LOF,0.09505923917080697,0.10630575110745025,0.7986350097217428
25700,LOF,0.03676264117587237,0.020399214347757835,0.9428381444763697
25701,LOF,0.01448302103587054,0.10216378768534543,0.8833531912787841
25702,GOF,0.026218483340248698,0.7696397648820017,0.20414175177774962
25703,LOF,0.014208433888928732,0.26543726171940024,0.7203543043916711
25704,LOF,0.06988035720377807,0.17403486727225462,0.7560847755239672
25705,LOF,0.061041296029380056,0.1884124380228818,0.7505462659477381
25706,GOF,0.017960798820713598,0.6955065153020081,0.28653268587727826
25707,GOF,0.026553087419286137,0.5866497495870687,0.38679716299364514
25708,GOF,0.007534030869809273,0.5304471520486144,0.46201881708157627
25709,LOF,0.029770224158607375,0.08506021951218769,0.8851695563292049
25710,LOF,0.005752243113577038,0.16874261093432277,0.8255051459521002
25711,LOF,0.03175228764504065,0.1510556561636143,0.8171920561913449
25712,LOF,0.008324563789114994,0.23492013597460118,0.7567553002362838
25713,LOF,0.03040888396016313,0.11840251458959407,0.8511886014502429
25714,LOF,0.026835970294812193,0.16862624283172598,0.8045377868734618
25715,LOF,0.03653830962658175,0.13939439414891466,0.8240672962245037
25716,LOF,0.006465929413440606,0.15904316524089657,0.8344909053456628
25717,LOF,0.0064639353666204455,0.1331290367280838,0.8604070279052958
25718,LOF,0.03484642399444332,0.08998778262157538,0.8751657933839813
25719,LOF,0.04367779629250428,0.134590113591747,0.8217320901157488
25720,LOF,0.03746620731559811,0.13708598097259017,0.8254478117118117
25721,LOF,0.030659736036182737,0.14017061679917509,0.8291696471646421
25722,LOF,0.01999076077156369,0.1705918071876691,0.8094174320407673
25723,LOF,0.033957369705316355,0.1329325592130481,0.8331100710816356
25724,LOF,0.047682331696664984,0.28299208661288333,0.6693255816904518
25725,LOF,0.03438090849849644,0.11238575577050888,0.8532333357309946
25726,LOF,0.021786461346228896,0.16461283118090803,0.8136007074728631
25727,LOF,0.030478985577484553,0.13285131719136312,0.8366696972311523
25728,LOF,0.03204758077537189,0.15108629872138263,0.8168661205032454
25729,LOF,0.02898111236058834,0.17235763870188148,0.7986612489375302
25730,LOF,0.0408639776674463,0.09581834503478662,0.8633176772977671
25731,LOF,0.010091978141862851,0.1203095914049551,0.869598430453182
25732,LOF,0.021739436196377672,0.09131613942419561,0.8869444243794267
25733,LOF,0.038606413009274615,0.10036558757960799,0.8610279994111175
25734,LOF,0.006617738777829122,0.2806257548732765,0.7127565063488943
25735,LOF,0.027447438817281428,0.10429225855032524,0.8682603026323934
25736,LOF,0.02449365930833228,0.19350760756036867,0.7819987331312991
25737,LOF,0.03570924220073943,0.126923654724297,0.8373671030749635
25738,LOF,0.02859179916060874,0.1821094996518649,0.7892987011875263
25739,LOF,0.028546262182252286,0.12980367177323968,0.841650066044508
25740,LOF,0.038128353662280484,0.151366433387473,0.8105052129502466
25741,LOF,0.04464247380400029,0.12411264244244412,0.8312448837535555
25742,LOF,0.053939902285904784,0.12995343768823064,0.8161066600258645
25743,LOF,0.012128267516989267,0.024963453806162557,0.962908278676848
25744,LOF,0.20086380404185689,0.13715986879685624,0.661976327161287
25745,LOF,0.03828336199293686,0.053420150547556874,0.9082964874595063
25746,LOF,0.015101342432424746,0.08033953494863756,0.9045591226189378
25747,LOF,0.05303559313991631,0.028732334948587308,0.9182320719114964
25748,LOF,0.314816330080517,0.05490191968012463,0.6302817502393584
25749,LOF,0.01609788420381237,0.050512998540770175,0.9333891172554175
25750,LOF,0.021362960248629843,0.05314002970771754,0.9254970100436527
25751,LOF,0.05011225058172011,0.04258522821618323,0.9073025212020968
25752,GOF,0.07174149188866197,0.7069955940376852,0.2212629140736528
25753,LOF,0.0072060718834323235,0.47315267886145396,0.5196412492551138
25754,GOF,0.007972369452320218,0.8995370508146615,0.09249057973301827
25755,LOF,0.007249338199969527,0.46679321612731894,0.5259574456727115
25756,LOF,0.022862497881234983,0.45574163060950046,0.5213958715092646
25757,GOF,0.008111777078892718,0.8897758953791481,0.10211232754195917
25758,GOF,0.008559844979904072,0.9092013178025784,0.08223883721751767
25759,GOF,0.006536774174877959,0.7028491111713036,0.2906141146538184
25760,LOF,0.005593638124043023,0.3729979598072588,0.6214084020686982
25761,GOF,0.047136599179115016,0.8756443406362906,0.07721906018459437
25762,LOF,0.0257270462711643,0.38932287696461443,0.5849500767642213
25763,LOF,0.00605572977487046,0.3411820951450845,0.652762175080045
25764,GOF,0.06206144294899079,0.6914721899086228,0.24646636714238637
25765,GOF,0.008778209918220639,0.899177130412384,0.09204465966939536
25766,GOF,0.026319518139392824,0.8744485514382973,0.09923193042230978
25767,GOF,0.016659329072064927,0.5271456276098716,0.4561950433180635
25768,LOF,0.05268318078112333,0.048255236340456115,0.8990615828784206
25769,LOF,0.025128180809553122,0.08294770178278554,0.8919241174076612
25770,LOF,0.14585301962280223,0.14899994909208425,0.7051470312851136
25771,LOF,0.020012034789107673,0.0929359065291755,0.8870520586817169
25772,LOF,0.029373923938540308,0.03913342339073071,0.9314926526707289
25773,LOF,0.015372685067031525,0.08478150940766317,0.8998458055253052
25774,LOF,0.025046932760311204,0.24130276456906222,0.7336503026706266
25775,LOF,0.018549535543946602,0.046593921925785486,0.934856542530268
25776,LOF,0.03079371443908456,0.024846958103648727,0.9443593274572667
25777,LOF,0.30401676077857637,0.12995747009121916,0.5660257691302044
25778,LOF,0.025061321690114106,0.09358167532137872,0.8813570029885073
25779,GOF,0.05489645104201237,0.8863508120969615,0.05875273686102616
25780,GOF,0.06179695900933593,0.8871255674211811,0.05107747356948284
25781,GOF,0.029046487101918775,0.8570680404755989,0.11388547242248244
25782,GOF,0.03450145511161081,0.9052674632959611,0.060231081592428085
25783,GOF,0.0359963962660758,0.9170335249619355,0.046970078771988714
25784,GOF,0.11253599801444437,0.8461827877928482,0.04128121419270758
25785,GOF,0.1088742043807938,0.8600043688422263,0.031121426776979752
25786,GOF,0.010405829285618621,0.8791055169590791,0.11048865375530237
25787,GOF,0.2336687496198097,0.7239759520780485,0.042355298302141596
25788,LOF,0.01807975409808729,0.21191962036236398,0.7700006255395486
25789,GOF,0.019233438545659783,0.8791075218689294,0.10165903958541088
25790,GOF,0.028061106392154367,0.904090035208072,0.06784885839977373
25791,GOF,0.024289548856574496,0.7907257015579445,0.184984749585481
25792,GOF,0.030276288713743136,0.8273073098269627,0.14241640145929407
25793,GOF,0.04335237445462907,0.8218116211656471,0.1348360043797238
25794,GOF,0.04360320734518869,0.7455456014116871,0.2108511912431241
25795,GOF,0.05098569546219413,0.7554663861736111,0.19354791836419488
25796,GOF,0.1201104803057061,0.8058158851158411,0.0740736345784527
25797,GOF,0.07077065811076697,0.7361392199712814,0.19309012191795163
25798,GOF,0.007130076235001732,0.8317198357705864,0.16115008799441205
25799,GOF,0.004879274585821995,0.7300110667224871,0.2651096586916909
25800,GOF,0.024901550199014348,0.8607011860349394,0.11439726376604627
25801,GOF,0.02442795698196703,0.9076396121536449,0.067932430864388
25802,GOF,0.026583670808512046,0.8178507211162925,0.15556560807519554
25803,GOF,0.019529718952580995,0.752738323275048,0.22773195777237107
25804,GOF,0.033001665827749646,0.8185430871443273,0.14845524702792312
25805,GOF,0.029559280688664324,0.8597376258090206,0.110703093502315
25806,GOF,0.037157655531728305,0.8595870132396649,0.10325533122860689
25807,GOF,0.015150830067973398,0.8269912133171851,0.1578579566148415
25808,GOF,0.02534997167271266,0.8339831453970334,0.14066688293025384
25809,GOF,0.014332259363460968,0.7907968384617656,0.19487090217477343
25810,GOF,0.01246117657393813,0.7796860905314105,0.2078527328946514
25811,GOF,0.07421376407267559,0.8632406759118256,0.06254556001549874
25812,GOF,0.03163955691757295,0.7984286903578067,0.16993175272462027
25813,GOF,0.17626574286187346,0.7557217069916609,0.06801255014646561
25814,GOF,0.028763318506367926,0.79572272418203,0.17551395731160202
25815,GOF,0.058633354378331434,0.8193370713779988,0.12202957424366966
25816,GOF,0.009839855671415113,0.8720604325967628,0.11809971173182207
25817,GOF,0.1153708116192041,0.7713707080227404,0.11325848035805569
25818,GOF,0.028302107273091463,0.8232788365500328,0.14841905617687592
25819,GOF,0.05174681152747971,0.7982135622486484,0.15003962622387193
25820,GOF,0.05106507477761407,0.7693143764707234,0.17962054875166236
25821,GOF,0.03668526693890124,0.8119075889303102,0.15140714413078846
25822,GOF,0.05394455902048386,0.7992119701854217,0.14684347079409446
25823,GOF,0.029314691705801997,0.7565981124194275,0.21408719587477046
25824,GOF,0.028871338290385108,0.8186685889180294,0.15246007279158547
25825,GOF,0.022112355391157815,0.8167436335854795,0.16114401102336262
25826,GOF,0.011786749638872374,0.7608564317616431,0.22735681859948462
25827,GOF,0.016276434578532294,0.7548006485824349,0.22892291683903274
25828,GOF,0.01085604774662131,0.8014139005760474,0.18773005167733128
25829,GOF,0.004603171100782037,0.6928726456401664,0.30252418325905145
25830,GOF,0.04688270359559464,0.5929086370547472,0.3602086593496583
25831,GOF,0.06940956381360933,0.8235537923332023,0.1070366438531885
25832,GOF,0.011822227988985445,0.7743608431976943,0.21381692881332026
25833,GOF,0.039369316584032935,0.835552689076568,0.12507799433939912
25834,GOF,0.012116816195270422,0.793176367504286,0.19470681630044362
25835,GOF,0.025292447404446507,0.8511603942276991,0.12354715836785449
25836,GOF,0.007620816739712845,0.790736333964867,0.20164284929542015
25837,GOF,0.009519218047210337,0.8042095108560519,0.1862712710967378
25838,GOF,0.01960629608642006,0.8594848508234337,0.12090885309014625
25839,GOF,0.04540570999731848,0.8301920130210797,0.12440227698160193
25840,GOF,0.08475349570274739,0.7996300789521513,0.11561642534510137
25841,GOF,0.07607462024408472,0.8371720174911335,0.08675336226478181
25842,GOF,0.027334532132898673,0.8964052850955702,0.07626018277153111
25843,GOF,0.026009393123129956,0.9000449932079707,0.07394561366889936
25844,GOF,0.02025244810990455,0.8440201516834885,0.13572740020660698
25845,GOF,0.007377168495416153,0.7546030910975983,0.23801974040698548
25846,GOF,0.06877799029021997,0.8529515799789333,0.07827042973084666
25847,GOF,0.017057958106063184,0.8957984596532024,0.0871435822407343
25848,GOF,0.024794896481194515,0.8461888328639584,0.12901627065484714
25849,GOF,0.00828779376494308,0.8191582026789472,0.17255400355610967
25850,GOF,0.007377662602132941,0.7423227913378827,0.2502995460599844
25851,GOF,0.006682347693346195,0.6839337410437589,0.3093839112628949
25852,GOF,0.13897430909563424,0.5630023530124356,0.2980233378919302
25853,GOF,0.04953737222702405,0.8246447939672631,0.12581783380571296
25854,GOF,0.006548234717821801,0.7588590627521882,0.23459270252999
25855,GOF,0.02291115643942233,0.6611403057765187,0.3159485377840589
25856,GOF,0.045003267695667065,0.7498780696624299,0.20511866264190307
25857,GOF,0.023225688684718807,0.6602578758987551,0.3165164354165261
25858,GOF,0.009728417226644647,0.6387753376538408,0.3514962451195145
25859,GOF,0.007271461127803,0.61412816984905,0.378600369023147
25860,GOF,0.0808133902982233,0.7614990286103065,0.15768758109147019
25861,GOF,0.09607870400343595,0.8307227579332688,0.07319853806329522
25862,GOF,0.022719191537980396,0.9131141053734604,0.06416670308855923
25863,GOF,0.019218732960906426,0.8970992180400517,0.0836820489990419
25864,GOF,0.03696555702909828,0.9027996541043772,0.06023478886652443
25865,GOF,0.036932692311158415,0.8803916959920187,0.08267561169682285
25866,GOF,0.01842002110834946,0.8799342941769621,0.10164568471468838
25867,GOF,0.03915862606225832,0.8775480987490777,0.08329327518866406
25868,GOF,0.06193427861213508,0.8007487780376339,0.13731694335023095
25869,GOF,0.2881896397775326,0.6236287989154848,0.08818156130698263
25870,GOF,0.064015343971779,0.6368427351075406,0.2991419209206804
25871,GOF,0.008584935698900144,0.845241693918059,0.1461733703830407
25872,GOF,0.01978193283394518,0.835002494031203,0.14521557313485176
25873,GOF,0.019477762981724114,0.8980514481400775,0.08247078887819838
25874,LOF,0.023407827388199774,0.21959639512910653,0.7569957774826938
25875,LOF,0.023895800364420513,0.08684418331178743,0.889260016323792
25876,LOF,0.02492354203454106,0.04841124652487195,0.926665211440587
25877,LOF,0.1086174779757256,0.1550534807078706,0.7363290413164039
25878,LOF,0.07386145345136606,0.2191771956788074,0.7069613508698265
25879,LOF,0.011633380359005466,0.15083391984501218,0.8375326997959824
25880,LOF,0.05284000434678542,0.015730002680239847,0.9314299929729747
25881,Neutral,0.5379581219625053,0.15765211183702574,0.304389766200469
25882,LOF,0.04695005266767284,0.03695510921236732,0.91609483811996
25883,LOF,0.028112878810742432,0.03397294592116038,0.9379141752680972
25884,LOF,0.016769851426639476,0.048451341278605134,0.9347788072947554
25885,LOF,0.1392036225195538,0.015771755113809162,0.8450246223666369
25886,LOF,0.25902492964246476,0.07226952522545274,0.6687055451320826
25887,LOF,0.06778535684851432,0.21482188393056273,0.7173927592209229
25888,LOF,0.007308955837924309,0.2251588544143148,0.7675321897477609
25889,LOF,0.023009823499283485,0.04258583478542213,0.9344043417152943
25890,LOF,0.18727555714944905,0.07329444634921384,0.7394299965013371
25891,LOF,0.10313176529844485,0.03890201079077575,0.8579662239107794
25892,LOF,0.00803105804510344,0.031117079352260386,0.9608518626026362
25893,LOF,0.30115747416987804,0.010345559281610055,0.6884969665485119
25894,LOF,0.33640261680518624,0.006898547869433847,0.65669883532538
25895,LOF,0.269012489169791,0.014774709707085828,0.7162128011231232
25896,LOF,0.08048570260367761,0.03220129652848673,0.8873130008678356
25897,LOF,0.11260155093683993,0.01350621680400239,0.8738922322591576
25898,LOF,0.11716318309206188,0.03164658937045662,0.8511902275374816
25899,LOF,0.38734422882113,0.03770831758983782,0.5749474535890321
25900,Neutral,0.6912165136851476,0.012659718487192615,0.2961237678276598
25901,LOF,0.05863142253356278,0.013200273172988834,0.9281683042934484
25902,LOF,0.06856568020158968,0.009792358018245718,0.9216419617801646
25903,LOF,0.15236314355529806,0.03080792711721018,0.8168289293274918
25904,Neutral,0.4757915779721875,0.06363683250435681,0.4605715895234556
25905,LOF,0.00782583345159773,0.3367584672284895,0.6554156993199127
25906,LOF,0.008280756218763015,0.05873601165760826,0.9329832321236289
25907,LOF,0.009208621530217426,0.24191119454926296,0.7488801839205196
25908,LOF,0.008185035458509904,0.21373390260696337,0.7780810619345266
25909,LOF,0.033832469515299265,0.09532883298732353,0.8708386974973771
25910,LOF,0.0161631620195798,0.10283501231134402,0.8810018256690761
25911,LOF,0.17669451804992528,0.026222804360197007,0.7970826775898777
25912,LOF,0.12625109535493517,0.023834179371391893,0.849914725273673
25913,LOF,0.01934433270289912,0.02657687274324893,0.9540787945538519
25914,LOF,0.046120934474570954,0.030943759237579582,0.9229353062878494
25915,LOF,0.19909572806576264,0.23977337621864253,0.5611308957155948
25916,LOF,0.014710196114942668,0.13363634371596397,0.8516534601690933
25917,LOF,0.06846817107028408,0.03860822698573766,0.8929236019439781
25918,LOF,0.05434556267392644,0.020329920620512074,0.9253245167055615
25919,LOF,0.0413099232737835,0.02191609922328953,0.9367739775029269
25920,LOF,0.33886961170297686,0.21985126595930055,0.4412791223377226
25921,LOF,0.019097889436797483,0.022372897713740104,0.9585292128494624
25922,LOF,0.01980449546778304,0.021771413449540287,0.9584240910826766
25923,LOF,0.4417105767564272,0.013735953586746045,0.5445534696568268
25924,LOF,0.02650382972511509,0.019079023865608134,0.9544171464092768
25925,LOF,0.10635601151228262,0.02742392322107415,0.8662200652666433
25926,LOF,0.09034391490365234,0.020752631107200412,0.8889034539891472
25927,LOF,0.026221722383908064,0.029168386466138348,0.9446098911499536
25928,LOF,0.01460946002576892,0.012905409636160343,0.9724851303380708
25929,Neutral,0.5827687840042243,0.01348010987895269,0.4037511061168232
25930,LOF,0.060081534030468856,0.013374501333518085,0.926543964636013
25931,LOF,0.015936840147271283,0.01221701357033247,0.9718461462823963
25932,LOF,0.07082528681275342,0.012358543676390207,0.9168161695108563
25933,LOF,0.07977722397199133,0.008465642932352012,0.9117571330956565
25934,LOF,0.08543732938191342,0.008936351960767685,0.9056263186573189
25935,LOF,0.10270853293374262,0.02395101414285566,0.8733404529234018
25936,LOF,0.08990641219394033,0.008500552169375676,0.9015930356366839
25937,LOF,0.016407055233509483,0.016451437406553495,0.967141507359937
25938,LOF,0.1024239500169532,0.021121864058136014,0.8764541859249109
25939,LOF,0.06232444619146496,0.014026469277443268,0.9236490845310917
25940,LOF,0.010668613555830125,0.47395765564405573,0.5153737308001142
25941,LOF,0.4801890958363474,0.03695207258172444,0.48285883158192816
25942,LOF,0.013117262142424745,0.051763352639787645,0.9351193852177877
25943,LOF,0.04974523610531942,0.14895074669540906,0.8013040171992716
25944,LOF,0.04528382458300158,0.10002472707569417,0.8546914483413042
25945,LOF,0.181886386787029,0.02649190058579636,0.7916217126271745
25946,LOF,0.07783028588998908,0.06977473337129313,0.8523949807387178
25947,Neutral,0.5062659380329002,0.15584650767267433,0.3378875542944255
25948,Neutral,0.5112787841096383,0.01893804864707658,0.46978316724328506
25949,LOF,0.11023040051233711,0.0517537875998815,0.8380158118877814
25950,GOF,0.10332647079856454,0.6236847379998154,0.27298879120162006
25951,GOF,0.014217053865667387,0.5351344302693479,0.4506485158649847
25952,LOF,0.14741160884964,0.284412697861,0.56817569328936
25953,LOF,0.007540656854407462,0.3140096638814323,0.6784496792641603
25954,GOF,0.07043014349361017,0.4662163969206884,0.46335345958570145
25955,LOF,0.008624871160918217,0.33756062548384685,0.6538145033552349
25956,LOF,0.010612302809549171,0.35025711311311564,0.6391305840773353
25957,LOF,0.17573924474381725,0.047114246950620386,0.7771465083055624
25958,LOF,0.025008522985942496,0.0607210945844423,0.9142703824296152
25959,GOF,0.006476952854753193,0.7129453705402672,0.2805776766049797
25960,LOF,0.005404270702314246,0.10818047827439085,0.886415251023295
25961,LOF,0.025831462048798777,0.05766026209011507,0.9165082758610861
25962,LOF,0.03827799494271426,0.08422352107370934,0.8774984839835763
25963,LOF,0.012211093699128551,0.12121894152348278,0.8665699647773887
25964,LOF,0.05113892519770672,0.0793319449072834,0.8695291298950099
25965,LOF,0.19464292166432123,0.14578526774872305,0.6595718105869557
25966,LOF,0.33461448807839345,0.16092301396451567,0.5044624979570909
25967,LOF,0.007186091905364155,0.11464411205522068,0.8781697960394153
25968,LOF,0.06034027804083189,0.23868296409149092,0.7009767578676772
25969,LOF,0.13821796091403987,0.06439700445863969,0.7973850346273205
25970,LOF,0.054699025299021785,0.0649577222691895,0.8803432524317887
25971,LOF,0.07207578797983072,0.026641252112986447,0.9012829599071829
25972,LOF,0.08088712909451073,0.030753069702763397,0.888359801202726
25973,LOF,0.07068767637633903,0.013396703092657471,0.9159156205310034
25974,LOF,0.062300504302428665,0.03928853994586616,0.8984109557517052
25975,LOF,0.026459115972991467,0.01526645955004997,0.9582744244769585
25976,LOF,0.08635353040786833,0.014720323442877667,0.8989261461492539
25977,LOF,0.23769512421194033,0.07385149531448011,0.6884533804735796
25978,LOF,0.17071452943840612,0.11522647783979126,0.7140589927218025
25979,LOF,0.1223963871362018,0.11891037539750675,0.7586932374662915
25980,LOF,0.19417227998347236,0.22572548171845166,0.5801022382980761
25981,LOF,0.1956962010083026,0.23053497358830297,0.5737688254033945
25982,LOF,0.289170639017756,0.1114086061148367,0.5994207548674072
25983,Neutral,0.4668914965817041,0.1002291132935322,0.43287939012476373
25984,LOF,0.06264131708785972,0.06929061031913226,0.868068072593008
25985,Neutral,0.4971560629831656,0.12603444279938045,0.376809494217454
25986,LOF,0.013397758660775761,0.3828675883871075,0.6037346529521167
25987,LOF,0.03673794010193764,0.10004556367688071,0.8632164962211816
25988,LOF,0.04654693497590977,0.11245860896403316,0.8409944560600571
25989,LOF,0.04645048637263807,0.12525621628562758,0.8282932973417343
25990,LOF,0.04598502859622042,0.2422376678206453,0.7117773035831343
25991,GOF,0.023669110891265752,0.5405389871829183,0.43579190192581596
25992,LOF,0.013052598778539284,0.38388061113382993,0.6030667900876308
25993,LOF,0.022625353110859118,0.05767796394065207,0.9196966829484889
25994,LOF,0.029492242497091065,0.0672995998309462,0.9032081576719627
25995,LOF,0.02019037480703407,0.10581905204878053,0.8739905731441854
25996,GOF,0.36431444445118344,0.4112547218559055,0.2244308336929111
25997,GOF,0.07222332678973498,0.5794440386711738,0.34833263453909125
25998,LOF,0.2404960310820404,0.03575612518978709,0.7237478437281725
25999,LOF,0.026058427781479095,0.25619936527725623,0.7177422069412647
26000,LOF,0.15357171915696768,0.011063270268299421,0.8353650105747329
26001,LOF,0.1670438899249138,0.014432487731353026,0.8185236223437332
26002,LOF,0.1108589849555383,0.011803360650331093,0.8773376543941307
26003,GOF,0.006588060936058079,0.5452493117154037,0.44816262734853834
26004,GOF,0.01784353366413403,0.5607506449788514,0.42140582135701454
26005,LOF,0.005379111085865381,0.4737056732486641,0.5209152156654705
26006,GOF,0.09810522783488797,0.4977030962309704,0.4041916759341417
26007,GOF,0.01007095503285461,0.5369452321032382,0.4529838128639072
26008,GOF,0.007176824243417838,0.5739292999645729,0.41889387579200926
26009,GOF,0.01286057198064512,0.6004086860651616,0.38673074195419327
26010,GOF,0.012197229150633197,0.49474621431628685,0.4930565565330799
26011,LOF,0.006061378141899593,0.39089184068216976,0.6030467811759306
26012,GOF,0.005657623773788313,0.4979838381695002,0.4963585380567115
26013,LOF,0.01053966204372338,0.4741001253743845,0.5153602125818921
26014,LOF,0.05194835155280314,0.08463322738789925,0.8634184210592976
26015,LOF,0.3769349983925886,0.025431945502714534,0.5976330561046969
26016,LOF,0.24691844007191643,0.04897514944574576,0.7041064104823378
26017,LOF,0.016082323663240704,0.15907224228865846,0.824845434048101
26018,LOF,0.019972345158941033,0.09121021435335246,0.8888174404877065
26019,LOF,0.020108871726408364,0.08336943149697834,0.8965216967766133
26020,LOF,0.0070341378641391485,0.14205376418145113,0.8509120979544097
26021,LOF,0.07868247255713653,0.07799894794603592,0.8433185794968276
26022,LOF,0.042620191028118204,0.0337472439694082,0.9236325650024736
26023,LOF,0.030701070249016096,0.0652403093334228,0.9040586204175611
26024,LOF,0.04969437950986194,0.05616339967126779,0.8941422208188703
26025,LOF,0.13827355639729833,0.06391898869829521,0.7978074549044065
26026,LOF,0.11097963561109296,0.05087804011154216,0.8381423242773648
26027,LOF,0.027947773891088514,0.04115182364023984,0.9309004024686716
26028,LOF,0.08593836835016327,0.1979578420080482,0.7161037896417886
26029,LOF,0.03417807332494539,0.1801794391271817,0.7856424875478729
26030,LOF,0.1278908820750985,0.021495227139944825,0.8506138907849567
26031,LOF,0.01484377616002153,0.1810812874291504,0.8040749364108281
26032,LOF,0.029246835209425927,0.031937216984707605,0.9388159478058665
26033,LOF,0.04711980039022425,0.053753594692455456,0.8991266049173202
26034,LOF,0.021110403270569882,0.11734353131931004,0.86154606541012
26035,LOF,0.012440535236801277,0.13972819035720138,0.8478312744059974
26036,LOF,0.01175927396332149,0.114024280779427,0.8742164452572514
26037,LOF,0.01156832537601155,0.1218017674337178,0.8666299071902708
26038,LOF,0.02587602980275992,0.031441879667904654,0.9426820905293355
26039,LOF,0.03468915165194573,0.1614404135838356,0.8038704347642187
26040,LOF,0.07163484026175866,0.1898292163654942,0.7385359433727471
26041,LOF,0.013700874649388661,0.13077785936150269,0.8555212659891086
26042,LOF,0.0128056896607116,0.13727719678538586,0.8499171135539025
26043,LOF,0.025379344640325895,0.055142329207336326,0.9194783261523377
26044,LOF,0.008239638940940427,0.059714471497670556,0.9320458895613889
26045,LOF,0.08369333413401178,0.27028379951591586,0.6460228663500723
26046,LOF,0.025530332023083788,0.053815900208965685,0.9206537677679505
26047,LOF,0.07038745858285224,0.052149113856414395,0.8774634275607333
26048,LOF,0.08558503817431275,0.028556998128654202,0.885857963697033
26049,Neutral,0.9386580973170222,0.007120788116910007,0.05422111456606772
26050,Neutral,0.8958171050888956,0.0085931275760434,0.09558976733506107
26051,LOF,0.026698991835057206,0.3085564902171424,0.6647445179478003
26052,LOF,0.029893373416426935,0.22412769584115338,0.7459789307424197
26053,LOF,0.022248551054742476,0.17763253118020603,0.8001189177650515
26054,LOF,0.0552964542412709,0.07702573914671307,0.867677806612016
26055,LOF,0.07163327680273662,0.08338941736191349,0.8449773058353498
26056,LOF,0.06871252542710192,0.08691064995222458,0.8443768246206734
26057,LOF,0.04949309852994908,0.02032398364023153,0.9301829178298194
26058,LOF,0.05613660634376447,0.015848142157789104,0.9280152514984464
26059,LOF,0.2612704527658937,0.10492659059573596,0.6338029566383704
26060,LOF,0.018744646883738447,0.20514859241958733,0.7761067606966742
26061,LOF,0.01334601332399346,0.012462600800532866,0.9741913858754736
26062,LOF,0.0062807605182929075,0.02518138830660835,0.9685378511750986
26063,LOF,0.043014899667869234,0.015682274722609645,0.941302825609521
26064,LOF,0.008765162599134652,0.017350174550186646,0.9738846628506788
26065,LOF,0.05218388326616008,0.021561000241225037,0.9262551164926149
26066,LOF,0.04168300256078353,0.01423409771362474,0.9440828997255918
26067,LOF,0.04995892753804997,0.015574201610233204,0.9344668708517169
26068,LOF,0.05232527095764508,0.056456603618826075,0.8912181254235289
26069,LOF,0.20783607583423344,0.04904995500467782,0.7431139691610887
26070,LOF,0.45738591603129625,0.027070193848229118,0.5155438901204746
26071,LOF,0.052636837272133356,0.020147243587103455,0.9272159191407633
26072,LOF,0.008512666143088177,0.021135919332649827,0.970351414524262
26073,LOF,0.04881161748580338,0.014958546865048711,0.9362298356491479
26074,Neutral,0.6874931070033404,0.020572314958647968,0.2919345780380116
26075,LOF,0.04431325205438166,0.04099503306787487,0.9146917148777435
26076,LOF,0.04992933607480584,0.019992185443291014,0.9300784784819032
26077,LOF,0.17350367131508232,0.01850080726846317,0.8079955214164544
26078,LOF,0.007040080109363356,0.02584689243459223,0.9671130274560444
26079,LOF,0.05775873244787479,0.040183741046325154,0.9020575265058
26080,LOF,0.05698649905847088,0.040093267045134856,0.9029202338963942
26081,LOF,0.049914833856512394,0.017288670350795062,0.9327964957926925
26082,LOF,0.00736322086816647,0.026483324210350875,0.9661534549214826
26083,LOF,0.06574853479619558,0.03304590036293891,0.9012055648408656
26084,LOF,0.07750777597906923,0.020069590749362022,0.9024226332715687
26085,LOF,0.06969119453144065,0.01700618093431025,0.9133026245342492
26086,LOF,0.042531069869227466,0.021866664506696686,0.9356022656240759
26087,LOF,0.04447544473999515,0.01818393932911801,0.9373406159308868
26088,LOF,0.007677359176663245,0.036863345516614375,0.9554592953067225
26089,LOF,0.0388998135907095,0.06200791823854814,0.8990922681707425
26090,LOF,0.03942803479992321,0.05371862171526477,0.906853343484812
26091,LOF,0.03536222603841604,0.016056195364781665,0.9485815785968024
26092,LOF,0.04750109223478334,0.014672320108018326,0.9378265876571983
26093,LOF,0.07456767483682575,0.009470821633357709,0.9159615035298164
26094,LOF,0.04581922392977035,0.012770753891951874,0.9414100221782777
26095,LOF,0.014478718463905874,0.03162387481040321,0.9538974067256908
26096,LOF,0.2998705807456242,0.005901580210688761,0.694227839043687
26097,LOF,0.007962456449537553,0.05643464931625909,0.9356028942342034
26098,LOF,0.05857864777639898,0.040938310882353765,0.9004830413412472
26099,LOF,0.06054815827714217,0.04038691201453075,0.8990649297083272
26100,LOF,0.06054815827714217,0.04038691201453075,0.8990649297083272
26101,LOF,0.05800975700973258,0.050426148878244426,0.891564094112023
26102,LOF,0.0442604950794446,0.023443004766626432,0.932296500153929
26103,Neutral,0.8941493517433471,0.04706569223397125,0.05878495602268158
26104,LOF,0.04852223420379245,0.10549464219691891,0.8459831235992886
26105,LOF,0.23656369864085794,0.0691586474421558,0.6942776539169861
26106,LOF,0.29588205926349626,0.04337591403188606,0.6607420267046177
26107,LOF,0.01753773974699732,0.06124024941756532,0.9212220108354373
26108,LOF,0.17370156445296392,0.06480151697504889,0.7614969185719872
26109,LOF,0.04697337961973363,0.04680427971637625,0.9062223406638902
26110,LOF,0.48045975643274286,0.016009451453395572,0.5035307921138615
26111,LOF,0.05734591749317706,0.10382535513484431,0.8388287273719787
26112,LOF,0.07088754060919378,0.012896101261116124,0.91621635812969
26113,LOF,0.07242678417210413,0.024260545594618117,0.9033126702332779
26114,LOF,0.10668164839316074,0.009857377894341298,0.883460973712498
26115,LOF,0.0215172594146159,0.06579156753847658,0.9126911730469074
26116,LOF,0.06665504870550142,0.019023029983198558,0.9143219213113
26117,LOF,0.36169299867147675,0.057554839908817455,0.5807521614197058
26118,LOF,0.03640487184624093,0.024524644905441612,0.9390704832483173
26119,LOF,0.0058478161655004975,0.09247681794845386,0.9016753658860457
26120,LOF,0.028882974802719702,0.018729661360093568,0.9523873638371868
26121,LOF,0.004123397896216153,0.12055964960032411,0.8753169525034598
