feature0,prediction,LoGoFunc_Neutral,LoGoFunc_GOF,LoGoFunc_LOF
25546,Neutral,0.7278078026400928,0.039590322487587086,0.23260187487232004
25547,Neutral,0.582152407085892,0.08086552574768109,0.3369820671664268
25548,Neutral,0.5802710138874905,0.061518387200591475,0.35821059891191814
25549,Neutral,0.5078115820841308,0.061528204359599804,0.43066021355626954
25550,LOF,0.357678403390037,0.11648158616158291,0.52584001044838
25551,LOF,0.30495832132932194,0.12161515579739775,0.5734265228732803
25552,LOF,0.21450801779360218,0.11062960380350625,0.6748623784028914
25553,Neutral,0.841826420574563,0.03157316373114391,0.12660041569429292
25554,LOF,0.24883279508773126,0.10596490726254816,0.6452022976497206
25555,LOF,0.20468956743256117,0.09652440252043266,0.6987860300470061
25556,LOF,0.41814331705201596,0.09320344842313828,0.4886532345248457
25557,LOF,0.19948963620225435,0.09902267367993375,0.701487690117812
25558,LOF,0.24145858221349875,0.10792649013904837,0.6506149276474528
25559,LOF,0.37311484709807574,0.13755521277445662,0.48932994012746756
25560,LOF,0.04378442490748838,0.17612475787941623,0.7800908172130954
25561,LOF,0.08692572917152648,0.19428557242640393,0.7187886984020695
25562,LOF,0.1007378688623681,0.07004492216567153,0.8292172089719604
25563,LOF,0.0846520343765742,0.09094094622292968,0.8244070194004961
25564,LOF,0.1723842611143938,0.1610566487380164,0.6665590901475898
25565,LOF,0.1545094437064122,0.09093391000117385,0.754556646292414
25566,GOF,0.01890400485639018,0.7263172603553183,0.25477873478829144
25567,LOF,0.014290945983150746,0.14638986293056946,0.8393191910862798
25568,LOF,0.053446845575141795,0.06415140437718597,0.8824017500476723
25569,LOF,0.06719681987879894,0.05797736832783729,0.8748258117933638
25570,LOF,0.0667455234864854,0.09663354335463153,0.8366209331588831
25571,LOF,0.05904275987441775,0.08857252103777731,0.8523847190878049
25572,LOF,0.07742284766606809,0.11207217237109349,0.8105049799628383
25573,LOF,0.029254406505901165,0.07941607365943128,0.8913295198346676
25574,LOF,0.01545652106595824,0.15259049981852718,0.8319529791155145
25575,LOF,0.046318859302085895,0.10476952645538838,0.8489116142425258
25576,LOF,0.020239314036913862,0.11063176042895097,0.8691289255341352
25577,LOF,0.016430226634450942,0.11798747517079575,0.8655822981947532
25578,LOF,0.23659001321629003,0.07653126610532904,0.686878720678381
25579,LOF,0.23637149230580679,0.07574797159891328,0.68788053609528
25580,LOF,0.030541210924772508,0.07351296244951495,0.8959458266257125
25581,LOF,0.05892887088752149,0.06276165601832638,0.8783094730941522
25582,LOF,0.058841967983948334,0.061170468244723275,0.8799875637713284
25583,LOF,0.04242764523220423,0.08226508468792279,0.875307270079873
25584,Neutral,0.4597382978706384,0.09784094974090166,0.4424207523884599
25585,LOF,0.03524217502908102,0.1010716268496469,0.8636861981212721
25586,LOF,0.03049026033002212,0.0683793176553241,0.9011304220146538
25587,LOF,0.029778248278087515,0.06415617516434265,0.9060655765575697
25588,LOF,0.03169810413244027,0.07567703567772191,0.8926248601898378
25589,Neutral,0.6147106330893837,0.11875774913896243,0.266531617771654
25590,LOF,0.03123043180462984,0.10996524074717696,0.8588043274481931
25591,LOF,0.1197918469685474,0.05296867423001032,0.8272394788014423
25592,LOF,0.07971181764631767,0.12577745489906747,0.7945107274546148
25593,LOF,0.021474419323188523,0.24485455499043923,0.7336710256863722
25594,LOF,0.04493797161484936,0.17842100637310215,0.7766410220120484
25595,LOF,0.04926833028957839,0.1272796401706659,0.8234520295397558
25596,LOF,0.054548995907172056,0.060817391973281426,0.8846336121195465
25597,LOF,0.04727755321829174,0.07750066186255121,0.875221784919157
25598,LOF,0.04876156657640924,0.12266610800535026,0.8285723254182404
25599,GOF,0.01043587119353023,0.7554285213293553,0.23413560747711443
25600,GOF,0.014449698533038121,0.5355135177555259,0.450036783711436
25601,LOF,0.007513318716573514,0.4489541723470889,0.5435325089363375
25602,LOF,0.026761285150108113,0.04131880206076151,0.9319199127891304
25603,LOF,0.06892278464584756,0.027485168329846762,0.9035920470243056
25604,LOF,0.06724756955712712,0.029914514216822802,0.90283791622605
25605,LOF,0.015174424203450687,0.21341465538352175,0.7714109204130276
25606,LOF,0.13215308813499027,0.40396443537712085,0.4638824764878889
25607,LOF,0.0065444907231490745,0.1457522526594373,0.8477032566174135
25608,LOF,0.06597790135475692,0.05067660441456576,0.8833454942306772
25609,LOF,0.03567146150337878,0.3988101747214285,0.5655183637751927
25610,LOF,0.039746765278152116,0.024163546587891813,0.9360896881339561
25611,LOF,0.04231390319266739,0.021859822586434877,0.9358262742208977
25612,LOF,0.10312347124887532,0.031136281820830718,0.8657402469302939
25613,LOF,0.08468980488912532,0.03173411111139416,0.8835760839994806
25614,LOF,0.02931224156671033,0.0336730589615092,0.9370146994717805
25615,LOF,0.05581398472400805,0.0319752745012404,0.9122107407747516
25616,LOF,0.030371969652844676,0.029794669038305292,0.9398333613088501
25617,LOF,0.028865669576203783,0.031989226997732836,0.9391451034260634
25618,LOF,0.17355252908947394,0.030132804485731492,0.7963146664247946
25619,LOF,0.028245741547629245,0.02765884490893972,0.944095413543431
25620,LOF,0.03210323670929553,0.03879581685337954,0.929100946437325
25621,LOF,0.03329480180044746,0.026916547531783314,0.9397886506677692
25622,LOF,0.035807459793212815,0.03305203277458873,0.9311405074321984
25623,LOF,0.06966090323520993,0.02593553435121727,0.9044035624135728
25624,LOF,0.026529699788743116,0.03566259049639636,0.9378077097148605
25625,LOF,0.03855184240695018,0.03915533108391925,0.9222928265091305
25626,LOF,0.0880534551508576,0.026734621321866645,0.8852119235272757
25627,Neutral,0.5461888861819278,0.14088605680270386,0.31292505701536827
25628,LOF,0.1687214699982801,0.07302359513614917,0.7582549348655707
25629,LOF,0.06808524508928965,0.08689721805755332,0.8450175368531571
25630,LOF,0.14767497766772228,0.11509398320707315,0.7372310391252046
25631,Neutral,0.5274743653022038,0.10177025827815772,0.3707553764196384
25632,LOF,0.024723173312875307,0.06390634800897191,0.9113704786781529
25633,LOF,0.21543090221495265,0.06994481138365026,0.7146242864013972
25634,LOF,0.03372546495392204,0.10897278525831348,0.8573017497877644
25635,LOF,0.03575523873382178,0.0764228522847413,0.887821908981437
25636,GOF,0.0053200941213382225,0.6017531700748848,0.39292673580377696
25637,GOF,0.005952194793771384,0.5543833338756861,0.4396644713305426
25638,LOF,0.010313171225386077,0.4337924185666331,0.5558944102079808
25639,LOF,0.004990347353793359,0.4042406959892496,0.5907689566569571
25640,Neutral,0.48469354548168286,0.43122581309130525,0.08408064142701192
25641,LOF,0.008520449163426461,0.3402281475219758,0.6512514033145976
25642,LOF,0.2713873076888793,0.07245602132915026,0.6561566709819705
25643,LOF,0.23883273555815884,0.20526566427327428,0.5559016001685668
25644,GOF,0.017810297990568533,0.6143928872551212,0.36779681475431025
25645,GOF,0.01736433665045064,0.5604721293365451,0.42216353401300427
25646,LOF,0.019269122753703957,0.3656277215420258,0.6151031557042703
25647,LOF,0.016387386721465093,0.2802408521024515,0.7033717611760835
25648,LOF,0.01482750468684164,0.3041308425207153,0.681041652792443
25649,LOF,0.013370335710750712,0.24696518030485773,0.7396644839843916
25650,GOF,0.03942208107273582,0.5896010645543286,0.3709768543729357
25651,LOF,0.011111807100871587,0.2999990093072276,0.6888891835919008
25652,LOF,0.019220636478635932,0.31987616478808034,0.6609031987332836
25653,LOF,0.07741902854374204,0.41482489022256647,0.5077560812336914
25654,LOF,0.015550859628968417,0.2748339038577116,0.7096152365133199
25655,LOF,0.11345485718176658,0.41854545931867826,0.46799968349955523
25656,LOF,0.058552307931114426,0.07280040585799002,0.8686472862108956
25657,LOF,0.2715870231117163,0.031998346015878386,0.6964146308724054
25658,LOF,0.04133665863040298,0.08333322112737573,0.8753301202422213
25659,LOF,0.270880752467794,0.05806730163102468,0.6710519459011813
25660,LOF,0.07594652818281615,0.09821253944951905,0.8258409323676648
25661,LOF,0.04824450986976986,0.0716235832941562,0.8801319068360739
25662,LOF,0.0296457299804422,0.04645602192645121,0.9238982480931066
25663,LOF,0.03849736443952484,0.0674727242900211,0.8940299112704541
25664,LOF,0.041240452713056194,0.08056162087541813,0.8781979264115257
25665,LOF,0.05729507782826711,0.04449672109468626,0.8982082010770466
25666,LOF,0.04081596959450016,0.13694652269397037,0.8222375077115295
25667,LOF,0.030105348119513507,0.05765777071744742,0.912236881163039
25668,LOF,0.0353389849546472,0.06359266074268702,0.9010683543026659
25669,LOF,0.03950323227431143,0.09647692715828304,0.8640198405674057
25670,LOF,0.15180597777987198,0.060185865521249965,0.788008156698878
25671,LOF,0.039471574604202975,0.0488947590665788,0.9116336663292183
25672,LOF,0.05843054736017085,0.06599513691774797,0.8755743157220812
25673,LOF,0.04415450012940769,0.057523304698618535,0.8983221951719738
25674,LOF,0.033476954971626616,0.06803358442416327,0.8984894606042101
25675,LOF,0.046651313622905845,0.0510572216529052,0.9022914647241891
25676,LOF,0.03122763812283156,0.05905634781773817,0.9097160140594303
25677,LOF,0.05970560637706918,0.06566455669596756,0.8746298369269633
25678,LOF,0.24977262070709053,0.048395615126587126,0.7018317641663223
25679,LOF,0.163216398590602,0.06298936043607732,0.7737942409733206
25680,LOF,0.06262531140139986,0.09636614891673603,0.8410085396818642
25681,LOF,0.10956593874711068,0.08866179256162426,0.801772268691265
25682,LOF,0.04602609277820733,0.0735267355199623,0.8804471717018304
25683,LOF,0.08239425339856023,0.09273360025968688,0.8248721463417529
25684,LOF,0.05319795514410385,0.07045305003259322,0.876348994823303
25685,LOF,0.11949083919877063,0.0365395194356178,0.8439696413656116
25686,LOF,0.035018045031945354,0.08790917081538606,0.8770727841526685
25687,LOF,0.05910953209721728,0.07884550486045207,0.8620449630423307
25688,LOF,0.02434289448248318,0.10024852158697958,0.8754085839305372
25689,LOF,0.01939861122127237,0.06845549274881774,0.9121458960299098
25690,LOF,0.01727228502765358,0.08414470640679898,0.8985830085655475
25691,LOF,0.1498533509027037,0.13988121096341966,0.7102654381338768
25692,LOF,0.2643416610159907,0.0173987749742839,0.7182595640097253
25693,LOF,0.055753914789518515,0.14031840715698923,0.8039276780534923
25694,LOF,0.2618011799293845,0.012779768019004215,0.7254190520516112
25695,LOF,0.17531609617664487,0.0189441815985343,0.8057397222248209
25696,LOF,0.166176550829077,0.010045757089575507,0.8237776920813474
25697,LOF,0.1365586715484291,0.0251923550537563,0.8382489733978146
25698,LOF,0.031177938388727563,0.33538512313573604,0.6334369384755365
25699,LOF,0.07376221366653869,0.0710052841295,0.8552325022039614
25700,LOF,0.031080500352300814,0.011499665391271492,0.9574198342564276
25701,LOF,0.01119180456537623,0.0786501949205971,0.9101580005140265
25702,GOF,0.034055753045880495,0.6750057186008821,0.2909385283532374
25703,LOF,0.020151061159065353,0.14874757770131636,0.8311013611396184
25704,LOF,0.09229697302300102,0.13652097505913144,0.7711820519178676
25705,LOF,0.07166755704117868,0.23685402376057024,0.691478419198251
25706,GOF,0.03958083469735539,0.585100673278105,0.37531849202453965
25707,GOF,0.03398455091603293,0.6075817848848939,0.3584336641990732
25708,GOF,0.007946294766935688,0.5612490127840964,0.4308046924489679
25709,LOF,0.018485292364914262,0.07511907490857077,0.9063956327265149
25710,LOF,0.008621796607557464,0.1606160630318929,0.8307621403605496
25711,LOF,0.02028460713073853,0.12824336808037928,0.8514720247888822
25712,LOF,0.009292065557621226,0.21415375118758126,0.7765541832547975
25713,LOF,0.018331173936407128,0.1176858730363836,0.8639829530272094
25714,LOF,0.02070711663709844,0.1616497089170488,0.8176431744458527
25715,LOF,0.01911079330834339,0.1407002884148936,0.840188918276763
25716,LOF,0.014816157833393621,0.11192076115173602,0.8732630810148704
25717,LOF,0.006495613702284466,0.11732056698652311,0.8761838193111924
25718,LOF,0.018794999274829794,0.09054917001626517,0.890655830708905
25719,LOF,0.03376623357847998,0.0971134913793288,0.8691202750421912
25720,LOF,0.027533913684543995,0.09019312096392827,0.8822729653515278
25721,LOF,0.02287401465874638,0.10225728898354265,0.874868696357711
25722,LOF,0.015640350565055326,0.1431558821789657,0.8412037672559789
25723,LOF,0.021482075102004842,0.09001999820646953,0.8884979266915256
25724,LOF,0.024730780998020178,0.1544430114244559,0.8208262075775239
25725,LOF,0.02034318114950229,0.08308670199201597,0.8965701168584818
25726,LOF,0.015408720814114742,0.11386369675967259,0.8707275824262126
25727,LOF,0.020663509336819888,0.1026046151679253,0.8767318754952549
25728,LOF,0.020341574488571598,0.10965431015962909,0.8700041153517993
25729,LOF,0.019119928069842654,0.11939965786260366,0.8614804140675536
25730,LOF,0.02179460870913832,0.08755111090575841,0.8906542803851032
25731,LOF,0.012124126273033383,0.15624506199938368,0.831630811727583
25732,LOF,0.018592459280549138,0.10961793284995258,0.8717896078694983
25733,LOF,0.026824946444918504,0.09675849676640459,0.8764165567886769
25734,LOF,0.007710487876473356,0.20952853200244437,0.7827609801210822
25735,LOF,0.02136323165742778,0.08292422805475433,0.895712540287818
25736,LOF,0.019170454038786852,0.13584215040583963,0.8449873955553736
25737,LOF,0.034840076249601955,0.11564343904630589,0.8495164847040922
25738,LOF,0.02135350980315549,0.15360695091851012,0.8250395392783344
25739,LOF,0.02265869964274713,0.13750400171588203,0.8398372986413708
25740,LOF,0.04705025986090364,0.15102000128034265,0.8019297388587536
25741,LOF,0.026569579570079827,0.12421148286346301,0.8492189375664572
25742,LOF,0.046981966661854016,0.12760207012408745,0.8254159632140586
25743,LOF,0.011621530590086103,0.028981096446442742,0.9593973729634712
25744,LOF,0.163752616188474,0.35758839933304837,0.4786589844784777
25745,LOF,0.03231662818150191,0.11855751231969636,0.8491258594988017
25746,LOF,0.013192258652111034,0.17167230443540585,0.8151354369124832
25747,LOF,0.031288311197163396,0.034450113483515114,0.9342615753193216
25748,LOF,0.2620988177128255,0.06250908523336915,0.6753920970538053
25749,LOF,0.012926575181507548,0.10203596384754453,0.8850374609709478
25750,LOF,0.018024213291190517,0.10695558177021636,0.8750202049385931
25751,LOF,0.03837000021969663,0.05492627865938477,0.9067037211209187
25752,GOF,0.09230763493510709,0.6766898955989948,0.23100246946589803
25753,LOF,0.007591630517416057,0.3751945571111643,0.6172138123714197
25754,GOF,0.007369315654869699,0.8549971513527073,0.137633532992423
25755,LOF,0.008378132757732939,0.41725698065240197,0.5743648865898651
25756,LOF,0.051341256208402734,0.4086583638836786,0.5400003799079187
25757,GOF,0.007714974151501792,0.8529744220870606,0.1393106037614377
25758,GOF,0.00929635874104423,0.8602308227494134,0.13047281850954226
25759,GOF,0.005417220215897104,0.5766538927077248,0.41792888707637815
25760,LOF,0.005751223753726526,0.28792912448083974,0.7063196517654337
25761,GOF,0.05685336814996157,0.8434100121847844,0.09973661966525416
25762,LOF,0.02855831825801446,0.3277909812848501,0.6436507004571355
25763,LOF,0.006707950325942188,0.26059059831735676,0.7327014513567011
25764,GOF,0.07040330985003124,0.6337263655865374,0.29587032456343143
25765,GOF,0.007769302440779465,0.8473539426364017,0.14487675492281896
25766,GOF,0.03783836211964413,0.7940526925962833,0.16810894528407258
25767,GOF,0.010459967822977423,0.5554641197316731,0.43407591244534943
25768,LOF,0.03413894011256859,0.08034298532177453,0.8855180745656568
25769,LOF,0.023950981018715393,0.10159275026490362,0.8744562687163809
25770,LOF,0.17216232284733243,0.08533456326149198,0.7425031138911755
25771,LOF,0.015086269719025693,0.08878775615156984,0.8961259741294045
25772,LOF,0.023016478984326683,0.039869247282148045,0.9371142737335254
25773,LOF,0.02005904153832225,0.07274945051735315,0.9071915079443246
25774,LOF,0.03009469468195534,0.12314236925937021,0.8467629360586745
25775,LOF,0.023762571439979074,0.04869149316867839,0.9275459353913424
25776,LOF,0.02498777134692895,0.03500817599564779,0.9400040526574233
25777,LOF,0.26016348029604036,0.10129188229265176,0.6385446374113078
25778,LOF,0.01801731181951595,0.08381991264653074,0.8981627755339534
25779,GOF,0.03766419521017526,0.886834161987337,0.0755016428024877
25780,GOF,0.07016973158770012,0.8738470517549944,0.055983216657305455
25781,GOF,0.03445345612973121,0.8779593402889837,0.08758720358128502
25782,GOF,0.03291080713306687,0.8987899357113442,0.06829925715558906
25783,GOF,0.029335451328821215,0.9158783512512708,0.054786197419907964
25784,GOF,0.08541471895044088,0.8694298351469881,0.04515544590257096
25785,GOF,0.07361824886409533,0.8852556918246948,0.041126059311209724
25786,GOF,0.008387747248664902,0.8923547927821583,0.09925745996917688
25787,GOF,0.17216612681351087,0.7842079938464872,0.043625879340001845
25788,LOF,0.014872323241934444,0.18511136410698067,0.8000163126510849
25789,GOF,0.017923898400968842,0.8613052843128902,0.12077081728614089
25790,GOF,0.019052514838901833,0.876774568852717,0.10417291630838124
25791,GOF,0.01774632856903612,0.8094719948805904,0.1727816765503734
25792,GOF,0.02232669086179195,0.831207034365763,0.146466274772445
25793,GOF,0.052140031763730596,0.8471263198917238,0.1007336483445456
25794,GOF,0.0555645823032847,0.789028876440162,0.1554065412565534
25795,GOF,0.04438766036548766,0.750957006710539,0.20465533292397328
25796,GOF,0.08952109558965042,0.8194859939821958,0.0909929104281537
25797,GOF,0.0634547287578879,0.7707520832161303,0.16579318802598172
25798,GOF,0.004358184397050143,0.7653469415837588,0.23029487401919096
25799,GOF,0.00381915124928331,0.7296176484461868,0.26656320030452973
25800,GOF,0.021717793637697,0.8345189454707543,0.14376326089154853
25801,GOF,0.01591805399886661,0.886341667402366,0.09774027859876744
25802,GOF,0.026578107263542646,0.8388964570436156,0.13452543569284173
25803,GOF,0.017970808886426028,0.7305942390675099,0.25143495204606414
25804,GOF,0.024341598106176712,0.7684888614426971,0.20716954045112618
25805,GOF,0.027231780126534454,0.8054798443789499,0.16728837549451564
25806,GOF,0.025609637485257457,0.8048831642490658,0.16950719826567684
25807,GOF,0.00789480482498398,0.7460108720046603,0.2460943231703556
25808,GOF,0.016772897512846052,0.7847060808460038,0.1985210216411501
25809,GOF,0.009115066063267516,0.7478381810960498,0.2430467528406827
25810,GOF,0.007431802683064417,0.7378919635837465,0.2546762337331891
25811,GOF,0.046675804129970716,0.8665437520526268,0.08678044381740249
25812,GOF,0.025854203187585807,0.8101980920534098,0.16394770475900444
25813,GOF,0.1231780556639256,0.7997068650948901,0.07711507924118415
25814,GOF,0.026868771200966708,0.8089413079242688,0.1641899208747645
25815,GOF,0.04656573145533296,0.8442053307144459,0.10922893783022115
25816,GOF,0.00928956731729084,0.8587387007733301,0.13197173190937903
25817,GOF,0.090843265876332,0.8170133853809101,0.09214334874275779
25818,GOF,0.020569697144467415,0.8141827270678332,0.16524757578769939
25819,GOF,0.0663142888658968,0.7663707979959927,0.16731491313811056
25820,GOF,0.02776163187115649,0.745182448909929,0.22705591921891458
25821,GOF,0.019417175756252722,0.7599786662566164,0.22060415798713093
25822,GOF,0.03654137120256393,0.7512257164879206,0.21223291230951546
25823,GOF,0.02273233589142749,0.730889632685144,0.2463780314234285
25824,GOF,0.023127573249666078,0.7978303256262087,0.17904210112412525
25825,GOF,0.018335370466956095,0.7846369311995296,0.1970276983335144
25826,GOF,0.007308724373446069,0.7395510161700932,0.2531402594564608
25827,GOF,0.012182312708823731,0.702000872420461,0.2858168148707153
25828,GOF,0.008526666152850356,0.7319651374956736,0.25950819635147604
25829,GOF,0.0038272749646458917,0.6887726701839968,0.3074000548513573
25830,LOF,0.03490720699010308,0.4581294091574016,0.5069633838524954
25831,GOF,0.0526392867715227,0.8073534615196348,0.14000725170884246
25832,GOF,0.008008545296572356,0.7606485025777691,0.23134295212565878
25833,GOF,0.030609493882588715,0.8181475867887522,0.1512429193286591
25834,GOF,0.009105965027272548,0.7787488636389192,0.21214517133380834
25835,GOF,0.020371701457708877,0.843693407540451,0.13593489100184003
25836,GOF,0.005905852282438743,0.7715290866990708,0.2225650610184903
25837,GOF,0.007708872693351978,0.7785912105248528,0.21369991678179517
25838,GOF,0.01953610590297117,0.8362749204291734,0.14418897366785535
25839,GOF,0.041764876676734265,0.8154435876833626,0.14279153563990313
25840,GOF,0.06646693232637597,0.8097612009690766,0.12377186670454737
25841,GOF,0.06773546308141486,0.8270169903432877,0.10524754657529746
25842,GOF,0.02563264129988902,0.8916321028866436,0.08273525581346733
25843,GOF,0.023959130123684634,0.8879779069153764,0.08806296296093888
25844,GOF,0.014710629419495625,0.8369315482503688,0.1483578223301355
25845,GOF,0.005784787335430307,0.7709933582803705,0.22322185438419917
25846,GOF,0.05785879301688734,0.8227779717173346,0.11936323526577801
25847,GOF,0.015656746500467167,0.8848308794645757,0.09951237403495714
25848,GOF,0.018335319916853072,0.834401416771481,0.14726326331166592
25849,GOF,0.006909615168455053,0.8283729377235499,0.1647174471079952
25850,GOF,0.005355304529162215,0.7368315459206419,0.25781314955019585
25851,GOF,0.004999508393052508,0.6900767042396152,0.3049237873673322
25852,GOF,0.14033810788706785,0.604273649116519,0.2553882429964131
25853,GOF,0.06016875667501863,0.8302870384534148,0.10954420487156646
25854,GOF,0.005570586101964413,0.7328069853735721,0.26162242852446344
25855,GOF,0.02219876314566796,0.7095620851602569,0.26823915169407514
25856,GOF,0.04171779278367231,0.7953060066392171,0.1629762005771104
25857,GOF,0.02473551875530404,0.7192801283862247,0.2559843528584713
25858,GOF,0.009613548185929379,0.7549380287421407,0.2354484230719298
25859,GOF,0.0075243418244576405,0.7515799302172848,0.24089572795825762
25860,GOF,0.07325964771747111,0.8169355945027441,0.10980475777978484
25861,GOF,0.08039129453759244,0.8101867012355554,0.10942200422685222
25862,GOF,0.019299127167315695,0.8868926519335204,0.09380822089916398
25863,GOF,0.020624538325413305,0.8757266844594542,0.10364877721513249
25864,GOF,0.053400404296273477,0.8826244148286554,0.06397518087507109
25865,GOF,0.04035098704558519,0.8479634859990748,0.11168552695533998
25866,GOF,0.02417569945314784,0.8747162914149449,0.1011080091319074
25867,GOF,0.041392805782262086,0.8717880273759643,0.08681916684177371
25868,GOF,0.05931554403303035,0.8231531805732701,0.11753127539369967
25869,GOF,0.3419712455073286,0.5812856157402676,0.07674313875240393
25870,GOF,0.059802738667786855,0.5726698245877679,0.36752743674444527
25871,GOF,0.010118927969332574,0.8599810440196131,0.1299000280110544
25872,GOF,0.018884416751645944,0.8434271927092563,0.13768839053909765
25873,GOF,0.018881369848098937,0.8739505291050367,0.10716810104686442
25874,LOF,0.014855924279068922,0.21794768090378183,0.7671963948171492
25875,LOF,0.03069376881308302,0.05515924947384194,0.914146981713075
25876,LOF,0.019149697229542403,0.03161258168924322,0.9492377210812143
25877,LOF,0.09937627126728689,0.08117576721241032,0.8194479615203027
25878,LOF,0.07164378071864128,0.12418839606185517,0.8041678232195035
25879,LOF,0.017293773864033402,0.08554559646705188,0.8971606296689147
25880,LOF,0.058232148049157044,0.0126499887644464,0.9291178631863964
25881,LOF,0.4500306183920844,0.07432972927641932,0.47563965233149624
25882,LOF,0.06722094018248785,0.023659884359127466,0.9091191754583847
25883,LOF,0.028633972618360922,0.028615983657064685,0.9427500437245743
25884,LOF,0.017548177036008056,0.05566437795454578,0.9267874450094461
25885,LOF,0.18692901462261252,0.012775166176194452,0.8002958192011931
25886,LOF,0.2836480339312183,0.05526873420469136,0.6610832318640903
25887,LOF,0.11527258200381076,0.08245316230117,0.8022742556950192
25888,LOF,0.008823259697820439,0.1258484524535067,0.8653282878486729
25889,LOF,0.024343131746817032,0.04159661327351223,0.9340602549796707
25890,LOF,0.16504992341564814,0.08893953078182285,0.746010545802529
25891,LOF,0.11647197037117486,0.030636562994274065,0.8528914666345511
25892,LOF,0.010084277217461341,0.03527435611243074,0.954641366670108
25893,LOF,0.3622401234529779,0.009818692950111525,0.6279411835969106
25894,LOF,0.410701427592632,0.006742043269071214,0.5825565291382968
25895,LOF,0.36155416813359903,0.013781736640547826,0.6246640952258532
25896,LOF,0.06819428291667158,0.024108066989207477,0.907697650094121
25897,LOF,0.16267413504769493,0.009843995447164113,0.8274818695051409
25898,LOF,0.13873114911126916,0.034409362227327815,0.826859488661403
25899,LOF,0.4240766576625407,0.027433457239094163,0.548489885098365
25900,Neutral,0.5217909404806474,0.007829002885290226,0.4703800566340623
25901,LOF,0.06160336143493509,0.010051350340275978,0.928345288224789
25902,LOF,0.18177606052792447,0.011756866640866608,0.8064670728312089
25903,LOF,0.3676999975196308,0.025666350071165765,0.6066336524092034
25904,Neutral,0.5139203510526758,0.034942376069901006,0.45113727287742317
25905,LOF,0.006937527719978794,0.4741080264586735,0.5189544458213478
25906,LOF,0.007530249912901854,0.09024221411588913,0.9022275359712091
25907,LOF,0.00695392132083087,0.2944170200353404,0.6986290586438286
25908,LOF,0.006232666288279037,0.2812556470310319,0.712511686680689
25909,LOF,0.025451328732224957,0.1302379517349438,0.8443107195328312
25910,LOF,0.012756203464794235,0.1194664351179802,0.8677773614172256
25911,LOF,0.22691134500556667,0.06530901472024983,0.7077796402741835
25912,LOF,0.10396184111038237,0.03889759424726009,0.8571405646423575
25913,LOF,0.024511947825096997,0.06620835041387688,0.9092797017610262
25914,LOF,0.03924367395715436,0.03217493901197563,0.9285813870308699
25915,LOF,0.19142127690484267,0.14244318290254537,0.666135540192612
25916,LOF,0.028724072361652357,0.08105852063360278,0.8902174070047448
25917,LOF,0.07366838696921844,0.027008147160609234,0.8993234658701723
25918,LOF,0.04146275362434014,0.020015525672072994,0.9385217207035869
25919,LOF,0.03709047483253063,0.0196005365904983,0.9433089885769711
25920,LOF,0.3322564687658107,0.3242719343579565,0.3434715968762328
25921,LOF,0.016419884886044643,0.04160443823236638,0.941975676881589
25922,LOF,0.019483779613590484,0.04195201718497101,0.9385642032014385
25923,LOF,0.42387263401414615,0.03759226651904079,0.538535099466813
25924,LOF,0.02668341681597036,0.05253173508429331,0.9207848480997363
25925,LOF,0.08758136145021339,0.051391572631940115,0.8610270659178465
25926,LOF,0.06946122707212793,0.04777844349636685,0.8827603294315054
25927,LOF,0.019816926673187234,0.08473009572530622,0.8954529776015064
25928,LOF,0.011048570430182224,0.054099952123014564,0.9348514774468032
25929,Neutral,0.5565108418482937,0.03600807373428872,0.4074810844174176
25930,LOF,0.07434723150435053,0.03699249005644507,0.8886602784392044
25931,LOF,0.014496489073007714,0.04089069936797486,0.9446128115590173
25932,LOF,0.062198532289747414,0.03863102824451248,0.8991704394657402
25933,LOF,0.059831414743578074,0.021820222905752574,0.9183483623506693
25934,LOF,0.05381712850393315,0.02365452820976758,0.9225283432862993
25935,LOF,0.0795348731578347,0.064802101196249,0.8556630256459162
25936,LOF,0.0994971953496948,0.023990333265802934,0.8765124713845023
25937,LOF,0.020439633536164143,0.030474246464138953,0.9490861199996969
25938,LOF,0.075218712772328,0.054531075628030626,0.8702502115996413
25939,LOF,0.04789865039260338,0.03117418891008069,0.9209271606973158
25940,LOF,0.00923411219549683,0.44143913480955776,0.5493267529949454
25941,LOF,0.4714947374004021,0.050398661769959406,0.4781066008296385
25942,LOF,0.009905483523619517,0.06280262120435151,0.927291895272029
25943,LOF,0.049088228938102114,0.17374750859555882,0.7771642624663391
25944,LOF,0.04165942810140734,0.08296197408568821,0.8753785978129045
25945,LOF,0.11379943306760563,0.03566660692451416,0.8505339600078803
25946,LOF,0.06651086595219449,0.042304334384020155,0.8911847996637853
25947,Neutral,0.5378569760177435,0.07698434909692604,0.3851586748853304
25948,LOF,0.40728784924439,0.020494304999262938,0.572217845756347
25949,LOF,0.16448143243599236,0.08321350183390126,0.7523050657301062
25950,GOF,0.06214326414890944,0.5280359380081018,0.40982079784298886
25951,LOF,0.01591432244984658,0.3876704454239655,0.5964152321261879
25952,LOF,0.22356283725457052,0.26151606337628147,0.5149210993691481
25953,LOF,0.007721876106071594,0.24139767030983927,0.7508804535840892
25954,LOF,0.061956485817766284,0.35940530961131023,0.5786382045709235
25955,LOF,0.0068930027240650645,0.25909404944981085,0.7340129478261241
25956,LOF,0.014669520820003978,0.31093847430225185,0.6743920048777441
25957,LOF,0.16078956891387902,0.0323101863571206,0.8069002447290003
25958,LOF,0.030046432905085282,0.07131924986632251,0.8986343172285922
25959,GOF,0.007144787683811351,0.7871356116746264,0.2057196006415622
25960,LOF,0.004669010768460823,0.11150325211674263,0.8838277371147966
25961,LOF,0.02887305423559224,0.05445705138973863,0.9166698943746692
25962,LOF,0.04721974126020367,0.0784222181130036,0.8743580406267927
25963,LOF,0.006555532932171392,0.16020723361849515,0.8332372334493334
25964,LOF,0.027101883953063892,0.130145539519873,0.8427525765270631
25965,LOF,0.2552369672759138,0.12654396876410454,0.6182190639599816
25966,LOF,0.38033972576423636,0.10422503547441123,0.5154352387613523
25967,LOF,0.00801535811416388,0.07640479296697458,0.9155798489188615
25968,LOF,0.03897232515519332,0.20507869143148214,0.7559489834133245
25969,LOF,0.16865851151808453,0.05021866280502452,0.781122825676891
25970,LOF,0.06465331047812498,0.07581576543525231,0.8595309240866227
25971,LOF,0.08000144092275925,0.035204013985944076,0.8847945450912967
25972,LOF,0.07699480886270459,0.05944420507772188,0.8635609860595737
25973,LOF,0.06852029025684395,0.009595354082526758,0.9218843556606293
25974,LOF,0.03929119124475056,0.03772818789094914,0.9229806208643003
25975,LOF,0.04080580926060422,0.019440091915100408,0.9397540988242954
25976,LOF,0.08672099142035399,0.011103516629443692,0.9021754919502022
25977,LOF,0.255621465051005,0.0671152364633104,0.6772632984856846
25978,LOF,0.16537674447596998,0.141096693457437,0.693526562066593
25979,LOF,0.13367611277151017,0.1569885433458686,0.7093353438826212
25980,LOF,0.2235149657269299,0.2115998375423469,0.5648851967307232
25981,LOF,0.2249206887154004,0.21424782343064996,0.5608314878539497
25982,LOF,0.4255175336996019,0.10439691830771641,0.4700855479926816
25983,LOF,0.4330241008569398,0.12609950449990404,0.4408763946431562
25984,LOF,0.0410352568202971,0.08939189123946518,0.8695728519402377
25985,LOF,0.42812875912239384,0.13261256928426912,0.4392586715933372
25986,LOF,0.012261999784055698,0.4772805238259984,0.5104574763899459
25987,LOF,0.0430719912702504,0.10434998443422237,0.8525780242955271
25988,LOF,0.04009283867454126,0.14906450648800743,0.8108426548374513
25989,LOF,0.04479003511812397,0.18820806452164524,0.7670019003602309
25990,LOF,0.03990357973482751,0.307208412118638,0.6528880081465346
25991,GOF,0.021942017418203185,0.5010070519593126,0.4770509306224842
25992,LOF,0.014390045305844985,0.46177659509845836,0.5238333595956967
25993,LOF,0.027875575619162485,0.0958689085664215,0.8762555158144161
25994,LOF,0.025446589230865534,0.10228379242710049,0.872269618342034
25995,LOF,0.020794869538883192,0.16002754745458433,0.8191775830065324
25996,GOF,0.35996100806967063,0.40427448547644534,0.23576450645388405
25997,LOF,0.06618875918760216,0.4588810963727441,0.47493014443965365
25998,LOF,0.2639012770131244,0.043901291082892514,0.6921974319039831
25999,LOF,0.03649144423546522,0.11552783666530024,0.8479807190992346
26000,LOF,0.15241309585798946,0.014527309133751887,0.8330595950082587
26001,LOF,0.2566917743148527,0.016975447292283306,0.726332778392864
26002,LOF,0.13052573544631424,0.022482817461532776,0.8469914470921529
26003,GOF,0.008357404784548442,0.6106250915698463,0.3810175036456052
26004,GOF,0.018184669507877553,0.6312361177548884,0.35057921273723397
26005,LOF,0.005796875143256168,0.4615520447086815,0.5326510801480623
26006,GOF,0.1128076567182592,0.5062951945832903,0.3808971486984504
26007,GOF,0.012303093773908081,0.4948754230382111,0.49282148318788094
26008,GOF,0.006662252225562478,0.5969085699359966,0.39642917783844084
26009,GOF,0.01301681837682798,0.6316212409229944,0.3553619407001776
26010,GOF,0.01128609944721007,0.5698528140649372,0.4188610864878527
26011,LOF,0.0045987150533153475,0.39466841879985076,0.6007328661468339
26012,GOF,0.005078396474729704,0.5221550876106207,0.47276651591464963
26013,GOF,0.010847160174914718,0.5550233511049497,0.4341294887201355
26014,LOF,0.06592688808184016,0.12086626315566178,0.813206848762498
26015,LOF,0.35609155150145766,0.04299807477560486,0.6009103737229374
26016,LOF,0.2747816832606336,0.05822801301220578,0.6669903037271606
26017,LOF,0.013560163750252837,0.2542135038050416,0.7322263324447056
26018,LOF,0.02379431354944602,0.09126295690516854,0.8849427295453854
26019,LOF,0.023292190981737307,0.08424466645080976,0.892463142567453
26020,LOF,0.007579497948861417,0.23714452971842975,0.7552759723327088
26021,LOF,0.07021002897422768,0.11493649670453036,0.8148534743212419
26022,LOF,0.03588380371366758,0.04923108887342307,0.9148851074129093
26023,LOF,0.018375406773675447,0.06779841325773682,0.9138261799685877
26024,LOF,0.05204024892382958,0.08672597195274548,0.8612337791234249
26025,LOF,0.11147593633998737,0.11120580125453687,0.7773182624054759
26026,LOF,0.11932239830829587,0.09096082088934292,0.7897167808023612
26027,LOF,0.02330515678650061,0.043352451965046494,0.9333423912484528
26028,LOF,0.08711821261594938,0.1932842582772881,0.7195975291067626
26029,LOF,0.026751837558928404,0.17931740539781132,0.7939307570432602
26030,LOF,0.12569049676258245,0.023516267303204108,0.8507932359342134
26031,LOF,0.010465887479215735,0.14503542687268575,0.8444986856480986
26032,LOF,0.03744216743760059,0.04138090508942696,0.9211769274729724
26033,LOF,0.03633513678309917,0.041884621194426486,0.9217802420224743
26034,LOF,0.01647860837409814,0.12232582613177584,0.861195565494126
26035,LOF,0.01372904900991797,0.11016376168137901,0.8761071893087029
26036,LOF,0.012475681060157834,0.09613245523435468,0.8913918637054874
26037,LOF,0.012102204735931271,0.09860989456705854,0.8892879006970102
26038,LOF,0.032068006224028174,0.03664317666080777,0.9312888171151641
26039,LOF,0.03579557673667301,0.12970629188855382,0.8344981313747732
26040,LOF,0.07944931537546619,0.10954954549516659,0.8110011391293671
26041,LOF,0.014266617496358876,0.09882097766833327,0.8869124048353079
26042,LOF,0.013423878839097004,0.10548036320982578,0.8810957579510773
26043,LOF,0.031200802560373473,0.05800221696408543,0.9107969804755411
26044,LOF,0.009448961277508251,0.04208121333375853,0.9484698253887333
26045,LOF,0.07567703310255197,0.13041595078929946,0.7939070161081486
26046,LOF,0.02755628136359632,0.04296935269964005,0.9294743659367636
26047,LOF,0.054186437396437644,0.04248388583195377,0.9033296767716087
26048,LOF,0.07962818093754685,0.01772789034893989,0.9026439287135133
26049,Neutral,0.9428521141623629,0.007673465592038529,0.04947442024559868
26050,Neutral,0.9113160338143508,0.008294443521774358,0.08038952266387482
26051,LOF,0.024792058199284123,0.06372562198050138,0.9114823198202144
26052,LOF,0.02995547460019754,0.055548505849756374,0.9144960195500462
26053,LOF,0.023262197478210695,0.12973205183991013,0.8470057506818791
26054,LOF,0.048580595698045896,0.03294270915633333,0.9184766951456207
26055,LOF,0.07639060544943183,0.029962615598100022,0.8936467789524682
26056,LOF,0.061621172569322855,0.03891952232120074,0.8994593051094765
26057,LOF,0.06166332344432364,0.018012553560362597,0.9203241229953137
26058,LOF,0.06364604635104516,0.01413615123599724,0.9222178024129577
26059,LOF,0.20240847923106875,0.03180376073502921,0.765787760033902
26060,LOF,0.028359921160982703,0.1410050067556197,0.8306350720833977
26061,LOF,0.012995770563696453,0.010208059476853482,0.9767961699594501
26062,LOF,0.007050218751445121,0.01613558464869735,0.9768141965998575
26063,LOF,0.04415995867525342,0.01420991123960474,0.9416301300851418
26064,LOF,0.015820122019170477,0.018000882829225105,0.9661789951516044
26065,LOF,0.05622709333436782,0.018168456026901817,0.9256044506387303
26066,LOF,0.043220271339584664,0.013699742039070843,0.9430799866213444
26067,LOF,0.04513928627076712,0.014103103278493663,0.9407576104507392
26068,LOF,0.05478249841807492,0.04364150234906282,0.9015759992328622
26069,LOF,0.2946093221514991,0.0291750398622401,0.6762156379862608
26070,Neutral,0.5511046978748697,0.020511825299603742,0.4283834768255266
26071,LOF,0.04773733909765436,0.016350056849059973,0.9359126040532857
26072,LOF,0.008941410046422302,0.02216138623954232,0.9688972037140354
26073,LOF,0.038752301889582466,0.01722993240385639,0.944017765706561
26074,Neutral,0.8636254480960064,0.010872139254543476,0.12550241264945008
26075,LOF,0.05837267005077981,0.024533645292174954,0.9170936846570452
26076,LOF,0.053425640958090916,0.014172962598125572,0.9324013964437835
26077,LOF,0.14750706980959077,0.007606034950334327,0.8448868952400749
26078,LOF,0.007451263931411883,0.017380747189071042,0.9751679888795172
26079,LOF,0.06650639414904633,0.02342991893794872,0.910063686913005
26080,LOF,0.06606886763615347,0.023525696199998992,0.9104054361638475
26081,LOF,0.03617197045904812,0.011960048618995292,0.9518679809219567
26082,LOF,0.00637301165100741,0.018559300835927925,0.9750676875130646
26083,LOF,0.10692572684322224,0.026062122769974955,0.8670121503868027
26084,LOF,0.12094931290391994,0.02038747751536444,0.8586632095807156
26085,LOF,0.10433844000913048,0.017177713719181784,0.8784838462716877
26086,LOF,0.04528953066887219,0.0159459131371258,0.938764556194002
26087,LOF,0.03934630006463425,0.012538199609670791,0.9481155003256949
26088,LOF,0.00752916847663042,0.023786388334907534,0.9686844431884619
26089,LOF,0.04546726034204431,0.03751411869517898,0.9170186209627766
26090,LOF,0.04578544633786555,0.029253860629153448,0.924960693032981
26091,LOF,0.030141657609229506,0.009889906615928928,0.9599684357748416
26092,LOF,0.051548605987723636,0.010839075253982833,0.9376123187582935
26093,LOF,0.08905369292399808,0.007508038803473926,0.903438268272528
26094,LOF,0.03483795946778074,0.010162569836373645,0.9549994706958457
26095,LOF,0.020812511765216854,0.017433923227036855,0.9617535650077462
26096,LOF,0.20547517879897986,0.004871181959269597,0.7896536392417506
26097,LOF,0.0076642925133013125,0.03867775219776735,0.9536579552889313
26098,LOF,0.12088282211164124,0.020652332712212562,0.8584648451761462
26099,LOF,0.045484346555721915,0.024449719865932973,0.9300659335783451
26100,LOF,0.04548383670473163,0.024449445799911804,0.9300667174953565
26101,LOF,0.06905306222744641,0.04123198537048524,0.8897149524020683
26102,LOF,0.0345795747552519,0.022302995293115833,0.9431174299516323
26103,Neutral,0.8916673451903916,0.028731442625039055,0.07960121218456945
26104,LOF,0.06019922473420846,0.04603711897651123,0.8937636562892802
26105,LOF,0.2850855967496162,0.11304210103481123,0.6018723022155725
26106,LOF,0.3056257353945569,0.05908702717552066,0.6352872374299225
26107,LOF,0.021998649189118705,0.07037859522621426,0.907622755584667
26108,LOF,0.27634779825562744,0.03926759438563172,0.6843846073587408
26109,LOF,0.07228133268507117,0.03156029641493074,0.8961583708999981
26110,LOF,0.436660810139232,0.011539469953479552,0.5517997199072885
26111,LOF,0.054626799301042875,0.1113295304104305,0.8340436702885267
26112,LOF,0.05427565656995113,0.010679764151651724,0.9350445792783972
26113,LOF,0.11449740316310399,0.024400944844362858,0.8611016519925332
26114,LOF,0.09953977544530537,0.007148842185051815,0.8933113823696429
26115,LOF,0.015588655572200433,0.05487583839463986,0.9295355060331597
26116,LOF,0.07875595189925048,0.01898989437919157,0.9022541537215578
26117,LOF,0.3566638473809535,0.04414296939618367,0.5991931832228629
26118,LOF,0.047009018726963746,0.022464710537151086,0.9305262707358852
26119,LOF,0.006374123519046875,0.11002608075002411,0.8835997957309291
26120,LOF,0.032892642820725806,0.021934006809221987,0.9451733503700522
26121,LOF,0.0034025557096104826,0.1697554658045636,0.8268419784858259
