feature0,prediction,LoGoFunc_Neutral,LoGoFunc_GOF,LoGoFunc_LOF
25546,Neutral,0.6124324339179973,0.1381027420483293,0.24946482403367337
25547,Neutral,0.4682207865900902,0.26638402798414107,0.26539518542576856
25548,Neutral,0.443436228940736,0.2138790947716863,0.34268467628757776
25549,Neutral,0.4211362921614421,0.21658779163550354,0.36227591620305444
25550,LOF,0.3256348044970405,0.28828470565908626,0.38608048984387316
25551,LOF,0.2668340825611683,0.26978498791193434,0.46338092952689747
25552,LOF,0.14516474420786088,0.2614256022453167,0.5934096535468224
25553,Neutral,0.8058643290917691,0.062153457316553334,0.13198221359167753
25554,LOF,0.17658619937122233,0.27150322647631325,0.5519105741524645
25555,LOF,0.14258315385546272,0.2357952878171696,0.6216215583273677
25556,Neutral,0.4819301120955345,0.17961881565009766,0.33845107225436777
25557,LOF,0.14122905875991998,0.25083681037291256,0.6079341308671675
25558,LOF,0.1765846607915816,0.304914367041618,0.5185009721668004
25559,LOF,0.48828060118235506,0.019309255830617,0.492410142987028
25560,LOF,0.036621430087752156,0.2446156015918994,0.7187629683203485
25561,LOF,0.09441858690992933,0.2776085994309946,0.6279728136590761
25562,LOF,0.11251186099217855,0.055976373508777676,0.8315117654990438
25563,LOF,0.11180714350604819,0.1186773700047848,0.7695154864891671
25564,LOF,0.06681958732035088,0.15324054690719444,0.7799398657724547
25565,LOF,0.13563679670593845,0.27905362573275877,0.5853095775613028
25566,GOF,0.02019811069627799,0.6714300062104701,0.30837188309325186
25567,LOF,0.01129944384094083,0.16344807840366746,0.8252524777553917
25568,LOF,0.045373334572191566,0.07294042796772798,0.8816862374600805
25569,LOF,0.049967899680023374,0.06638510663868907,0.8836469936812875
25570,LOF,0.05046020791959006,0.07878786857459961,0.8707519235058104
25571,LOF,0.059371618770596664,0.07347676871534227,0.867151612514061
25572,LOF,0.04215454110365257,0.08354282461693249,0.874302634279415
25573,LOF,0.021652549341744806,0.0939896003810122,0.884357850277243
25574,LOF,0.010318425568062601,0.26027824055294896,0.7294033338789884
25575,LOF,0.05081316838016858,0.059997200340457135,0.8891896312793743
25576,LOF,0.014002832138063814,0.05727986931134753,0.9287172985505886
25577,LOF,0.00923200678251815,0.06333767337904732,0.9274303198384346
25578,LOF,0.2712481374910393,0.0798878177777829,0.6488640447311778
25579,LOF,0.27266533292136824,0.07854590564059727,0.6487887614380345
25580,LOF,0.030674973028077045,0.05723880816994406,0.9120862188019789
25581,LOF,0.04310594310992907,0.08060184220963533,0.8762922146804356
25582,LOF,0.04255373220348414,0.07560624890098325,0.8818400188955328
25583,LOF,0.03046146295880182,0.06493651035550556,0.9046020266856927
25584,Neutral,0.49427911983465717,0.10205718097974238,0.40366369918560036
25585,LOF,0.024219429021213535,0.0765017804043155,0.8992787905744709
25586,LOF,0.031084544748577803,0.055581550623989874,0.9133339046274322
25587,LOF,0.02587184571760006,0.05041082798136466,0.9237173263010352
25588,LOF,0.024017973115502127,0.06258412222715645,0.9133979046573414
25589,Neutral,0.6366860944495104,0.1330389062434261,0.23027499930706338
25590,LOF,0.02173255512983598,0.10292459381110133,0.8753428510590627
25591,LOF,0.09433204966507225,0.057363472685631,0.8483044776492968
25592,LOF,0.09193529434339322,0.0960236273486134,0.8120410783079933
25593,LOF,0.0111536703883966,0.49330735516031177,0.4955389744512916
25594,LOF,0.0403442264124081,0.07975936908199555,0.8798964045055965
25595,LOF,0.06532688885373805,0.0640985504124953,0.8705745607337667
25596,LOF,0.09600166656764293,0.043078234262729796,0.8609200991696273
25597,LOF,0.0809672858564057,0.01428626627098284,0.9047464478726115
25598,LOF,0.0515127249714953,0.07591282159341958,0.8725744534350851
25599,GOF,0.009149591144010418,0.5143740333224919,0.47647637553349764
25600,LOF,0.010281743052405461,0.3766665340928416,0.6130517228547528
25601,LOF,0.0064088708260553835,0.22669995057690426,0.7668911785970404
25602,LOF,0.01922011782216744,0.08539163510020568,0.8953882470776269
25603,LOF,0.037982380309103975,0.0838504137685099,0.8781672059223862
25604,LOF,0.03799621142479135,0.07036919280709139,0.8916345957681173
25605,LOF,0.013050529443065187,0.19958832075924074,0.787361149797694
25606,GOF,0.059374664781179205,0.5488579458614901,0.3917673893573308
25607,LOF,0.003431795950352175,0.1346543415865258,0.8619138624631221
25608,LOF,0.06630960865426605,0.022059788813912688,0.9116306025318214
25609,LOF,0.09492451664932033,0.19712434726534223,0.7079511360853374
25610,LOF,0.04282426133112056,0.020027800406472854,0.9371479382624066
25611,LOF,0.055857108952381315,0.011847859796779272,0.9322950312508395
25612,LOF,0.1150665012098409,0.026438134054230053,0.858495364735929
25613,LOF,0.09403519853803781,0.031211849427515113,0.874752952034447
25614,LOF,0.03917971753820554,0.03402630555719002,0.9267939769046045
25615,LOF,0.07876123438823654,0.03336609540068139,0.8878726702110821
25616,LOF,0.03309747649656104,0.04343577392070248,0.9234667495827364
25617,LOF,0.04362107705896138,0.028254503525467562,0.9281244194155711
25618,LOF,0.23003798622683164,0.040204301165856486,0.7297577126073119
25619,LOF,0.040075919016475885,0.03152643576476814,0.9283976452187559
25620,LOF,0.03912843190934347,0.04430226170310341,0.9165693063875532
25621,LOF,0.0426263221162515,0.022960808080543158,0.9344128698032054
25622,LOF,0.03186797284635102,0.0485444700987968,0.9195875570548522
25623,LOF,0.05341671104464111,0.030945432871174215,0.9156378560841847
25624,LOF,0.03483707128139436,0.043914879849080844,0.9212480488695248
25625,LOF,0.045402459441844366,0.04488744017007913,0.9097101003880764
25626,LOF,0.07572551526057161,0.025210892441611087,0.8990635922978173
25627,Neutral,0.5105814692194548,0.1367959995346231,0.3526225312459221
25628,LOF,0.1790397236333197,0.06589329761704871,0.7550669787496316
25629,LOF,0.0458966615365816,0.09401538260285254,0.8600879558605659
25630,LOF,0.17646451365944565,0.08777985748634369,0.7357556288542106
25631,Neutral,0.5847436458241991,0.08809257793527911,0.32716377624052184
25632,LOF,0.014383412497641097,0.20369269124923647,0.7819238962531224
25633,LOF,0.1832993067944859,0.34342470407829684,0.47327598912721724
25634,LOF,0.0345353548557392,0.24756223167780297,0.7179024134664579
25635,LOF,0.03282098564258584,0.2155503324417005,0.7516286819157136
25636,GOF,0.005321148787182672,0.5686286127493748,0.4260502384634426
25637,LOF,0.004807592916822182,0.3508126689173468,0.644379738165831
25638,LOF,0.0065736608116872385,0.36297826075926104,0.6304480784290518
25639,LOF,0.00522254701505064,0.2757156090128812,0.7190618439720681
25640,GOF,0.3303449764931364,0.6134056424927172,0.056249381014146345
25641,LOF,0.007245887367852155,0.19064132810673678,0.802112784525411
25642,LOF,0.21110579094317053,0.06796561964696525,0.7209285894098643
25643,LOF,0.2624653720103243,0.09949233823546805,0.6380422897542076
25644,GOF,0.012001916717043398,0.5284356295118621,0.45956245377109456
25645,GOF,0.009106559770050562,0.5988261207186459,0.39206731951130347
25646,LOF,0.010356744738869359,0.33931326100236525,0.6503299942587655
25647,LOF,0.00913536710711468,0.2650095650765942,0.7258550678162912
25648,LOF,0.006385629596710774,0.3455628877604922,0.648051482642797
25649,LOF,0.007063086898612975,0.2020312046734187,0.7909057084279684
25650,GOF,0.025128449023194454,0.498619069537485,0.4762524814393204
25651,LOF,0.006738188892030857,0.21680343018021273,0.7764583809277564
25652,LOF,0.011651831111252902,0.36680576229454276,0.6215424065942042
25653,GOF,0.03682668208076055,0.5112342660512199,0.4519390518680195
25654,LOF,0.0072887890650408065,0.36760546225151763,0.6251057486834416
25655,GOF,0.07887617254849216,0.5026812807118625,0.4184425467396454
25656,LOF,0.08428236148052178,0.03353213118466316,0.8821855073348149
25657,LOF,0.26100679288109085,0.01846761121462696,0.7205255959042821
25658,LOF,0.029613534577927637,0.08180399933520038,0.888582466086872
25659,LOF,0.2568472030200967,0.07887415050833965,0.6642786464715638
25660,LOF,0.11095511906469396,0.07187849246053786,0.8171663884747681
25661,LOF,0.06040203586813892,0.06452297108799511,0.8750749930438659
25662,LOF,0.04227659474170132,0.05477630773012881,0.9029470975281698
25663,LOF,0.04847105643770392,0.07505909629022407,0.876469847272072
25664,LOF,0.02873077584572506,0.16658071663121013,0.8046885075230649
25665,LOF,0.043394561736877967,0.06267945990737611,0.8939259783557459
25666,LOF,0.03945531525210267,0.18785378587463084,0.7726908988732665
25667,LOF,0.04068425493318516,0.03825837972234417,0.9210573653444707
25668,LOF,0.04510328795737438,0.051692718352404715,0.9032039936902209
25669,LOF,0.03524541464839496,0.07755017243117593,0.8872044129204292
25670,LOF,0.07229620615586224,0.0934806467720304,0.8342231470721073
25671,LOF,0.059649585852590115,0.03455950741495121,0.9057909067324588
25672,LOF,0.050743158165186986,0.06734217400264744,0.8819146678321657
25673,LOF,0.039755204470393844,0.0706445873659052,0.889600208163701
25674,LOF,0.02758356360866337,0.1052191092030136,0.8671973271883231
25675,LOF,0.03501829951198086,0.04149961146540305,0.9234820890226161
25676,LOF,0.043269251599978915,0.049140018381389296,0.9075907300186318
25677,LOF,0.07592314956574314,0.04629185926150084,0.8777849911727559
25678,LOF,0.16249566395038884,0.05836618760166088,0.7791381484479503
25679,LOF,0.10294347949572234,0.09231330429780873,0.804743216206469
25680,LOF,0.10983693116133106,0.08270237587790395,0.8074606929607651
25681,LOF,0.11473525222985012,0.08328291846640495,0.801981829303745
25682,LOF,0.045221080725495265,0.038073477054182105,0.9167054422203227
25683,LOF,0.07826798428192225,0.06527873991992934,0.8564532757981483
25684,LOF,0.05708620461260566,0.05233075233444405,0.8905830430529503
25685,LOF,0.11566626545563435,0.038095584925386755,0.8462381496189789
25686,LOF,0.03000262259969621,0.08585962747018026,0.8841377499301235
25687,LOF,0.04331719432108895,0.09407257290678893,0.8626102327721222
25688,LOF,0.025393017182237156,0.14089758689150536,0.8337093959262575
25689,LOF,0.015854027563516067,0.08106323035166552,0.9030827420848185
25690,LOF,0.019988512761874456,0.11145358545633391,0.8685579017817916
25691,LOF,0.15480129687531474,0.19286454940646697,0.6523341537182182
25692,LOF,0.3233787197388681,0.014586055805596514,0.6620352244555354
25693,GOF,0.02721433732555992,0.4981267228540609,0.4746589398203791
25694,LOF,0.24965756172532608,0.010265625574286785,0.7400768127003872
25695,LOF,0.18767882895472265,0.013735556257418409,0.7985856147878588
25696,LOF,0.0795059810471233,0.01488860709480051,0.9056054118580761
25697,LOF,0.07824394297642288,0.009633891204663831,0.9121221658189133
25698,LOF,0.015925893223664254,0.22580562065965412,0.7582684861166817
25699,LOF,0.06341266320080712,0.3018957308672323,0.6346916059319607
25700,LOF,0.04798054253871373,0.02294380355775515,0.9290756539035312
25701,LOF,0.010223723937005583,0.30547415252096616,0.6843021235420282
25702,GOF,0.032407127969870914,0.5919538844166224,0.3756389876135066
25703,LOF,0.01640355193891663,0.06238108390381164,0.9212153641572717
25704,LOF,0.06592511057357633,0.049999753005812365,0.8840751364206114
25705,LOF,0.11134050667770308,0.15039864622289928,0.7382608470993975
25706,GOF,0.02045729066988506,0.6628128964088699,0.316729812921245
25707,GOF,0.028106100824246343,0.5465539106998523,0.4253399884759014
25708,GOF,0.007927007900196145,0.6221900432036372,0.36988294889616646
25709,LOF,0.050592487405125584,0.06415461358786644,0.8852528990070079
25710,LOF,0.007360491271713077,0.14540000910675918,0.8472394996215278
25711,LOF,0.05313824732863967,0.08669263860392286,0.8601691140674376
25712,LOF,0.010790207863397091,0.19281140935620608,0.7963983827803969
25713,LOF,0.042857270907081184,0.08714832310602855,0.8699944059868903
25714,LOF,0.038826661675310986,0.1626512089496923,0.7985221293749968
25715,LOF,0.041226649756391426,0.11069790634633063,0.8480754438972778
25716,LOF,0.005866115683948429,0.07940011138608405,0.9147337729299675
25717,LOF,0.006107976715509977,0.06274053055250413,0.9311514927319859
25718,LOF,0.043512032233479755,0.049536639759543186,0.9069513280069771
25719,LOF,0.046195437258173495,0.10241213808275258,0.8513924246590739
25720,LOF,0.04659122309999049,0.10680965018274159,0.846599126717268
25721,LOF,0.04255767287769897,0.08927187299188821,0.8681704541304128
25722,LOF,0.03610517311710598,0.11114977546499746,0.8527450514178966
25723,LOF,0.0534664701182266,0.09945613679922838,0.847077393082545
25724,LOF,0.0620835894848744,0.2972276139471224,0.6406887965680031
25725,LOF,0.050114229999696065,0.09490911138547395,0.8549766586148301
25726,LOF,0.050420108745615935,0.08638856797955993,0.8631913232748243
25727,LOF,0.062297750456566894,0.07167341897148116,0.8660288305719519
25728,LOF,0.041269899890387485,0.12280509578510682,0.8359250043245058
25729,LOF,0.04646205365524157,0.12330941085307191,0.8302285354916866
25730,LOF,0.059490979283357205,0.0883885314074315,0.8521204893092114
25731,LOF,0.008863198672684966,0.09487228773594598,0.8962645135913689
25732,LOF,0.027664182262782278,0.06488727327007962,0.9074485444671381
25733,LOF,0.036517057830052047,0.08837026871817256,0.8751126734517755
25734,LOF,0.0059449379872597,0.24052425615691914,0.7535308058558212
25735,LOF,0.037098068395681895,0.07729507424124311,0.8856068573630749
25736,LOF,0.036933467962076576,0.15073926694016715,0.8123272650977563
25737,LOF,0.06213705871990114,0.08558419933941702,0.8522787419406818
25738,LOF,0.048988218812043016,0.17697094223154822,0.7740408389564088
25739,LOF,0.03731179379536575,0.11745744944610603,0.8452307567585281
25740,LOF,0.06603654933575956,0.10455515984432404,0.8294082908199164
25741,LOF,0.06191267107117631,0.10257817970543284,0.8355091492233908
25742,LOF,0.0667214457097464,0.10561136589007851,0.8276671884001751
25743,LOF,0.013023567552190016,0.016221514309808525,0.9707549181380015
25744,LOF,0.13839013005323403,0.14582008193852553,0.7157897880082404
25745,LOF,0.03127816647470589,0.046918508960349645,0.9218033245649444
25746,LOF,0.014663339127487768,0.08561078655894311,0.8997258743135691
25747,LOF,0.05071376759426406,0.021750113870536696,0.9275361185351991
25748,LOF,0.30602331727311055,0.06011040348715649,0.633866279239733
25749,LOF,0.01909618921244827,0.04610103422783154,0.9348027765597203
25750,LOF,0.019994320716395363,0.05405611620513962,0.9259495630784649
25751,LOF,0.03902129826964354,0.07490355800394419,0.8860751437264123
25752,GOF,0.10169946752912637,0.5373778695557672,0.36092266291510655
25753,LOF,0.008111656039412113,0.363309235109429,0.628579108851159
25754,GOF,0.009631247376281578,0.8927762250422997,0.09759252758141872
25755,LOF,0.009158450692092193,0.36001670166094246,0.6308248476469653
25756,LOF,0.025149862230468212,0.4174757867592548,0.5573743510102769
25757,GOF,0.009724729190467745,0.8498498554756703,0.1404254153338621
25758,GOF,0.01133190412292689,0.8823516320206504,0.10631646385642263
25759,GOF,0.007381226868145199,0.6929214424998239,0.29969733063203086
25760,LOF,0.006885391422455521,0.2960535591316527,0.6970610494458918
25761,GOF,0.056130800334860016,0.8796097833490788,0.06425941631606119
25762,LOF,0.025112289550159185,0.3835633891201573,0.5913243213296835
25763,LOF,0.006822793783586289,0.25015974632156274,0.7430174598948509
25764,GOF,0.08272316080312575,0.6585691093617156,0.25870772983515855
25765,GOF,0.01154208071184659,0.9051071634598021,0.08335075582835136
25766,GOF,0.0359404553989303,0.8356311900728711,0.12842835452819867
25767,GOF,0.011930576163191216,0.5556394290592785,0.4324299947775302
25768,LOF,0.058325326758275314,0.06730581462582705,0.8743688586158976
25769,LOF,0.034035181370259744,0.1058325644592597,0.8601322541704807
25770,LOF,0.15829458551192563,0.16324601415136306,0.6784594003367114
25771,LOF,0.024458913085301615,0.08191610310688613,0.8936249838078122
25772,LOF,0.047625806460588616,0.06441861673406495,0.8879555768053464
25773,LOF,0.019906017473279636,0.12878916980873123,0.8513048127179892
25774,LOF,0.02559903222271368,0.26928544950879396,0.7051155182684924
25775,LOF,0.025562193816821774,0.04943110994152503,0.9250066962416532
25776,LOF,0.03654291664689871,0.04077596438849202,0.9226811189646091
25777,LOF,0.20530100051267688,0.17766146986853928,0.6170375296187839
25778,LOF,0.03451980553930906,0.08697076947180613,0.8785094249888848
25779,GOF,0.06054662757126423,0.763839237484766,0.17561413494396966
25780,GOF,0.07224388212274345,0.8007037712576996,0.12705234661955678
25781,GOF,0.029349582303098132,0.7546764415046137,0.21597397619228834
25782,GOF,0.03144569902981695,0.8266188034142938,0.14193549755588916
25783,GOF,0.06132082418160999,0.8303681126480726,0.10831106317031737
25784,GOF,0.12671546544921997,0.770991822289968,0.10229271226081203
25785,GOF,0.17309885881521803,0.7458607909923928,0.08104035019238924
25786,GOF,0.012798882275163669,0.6995200778993308,0.28768103982550564
25787,GOF,0.31797727129701275,0.6033319080363344,0.07869082066665273
25788,LOF,0.023356218646848136,0.07885542422760812,0.8977883571255438
25789,GOF,0.01927550305255883,0.7565153190447845,0.2242091779026567
25790,GOF,0.03623736918034312,0.7191006859675141,0.2446619448521428
25791,GOF,0.03269427557878043,0.5290766965071185,0.438229027914101
25792,GOF,0.04084256533174337,0.630723298330857,0.32843413633739965
25793,GOF,0.06735904407334893,0.6420389571772406,0.2906019987494105
25794,GOF,0.06705079636731305,0.4816687691730298,0.45128043445965704
25795,GOF,0.06577125638141469,0.5518807001623858,0.3823480434561996
25796,GOF,0.1852189027933171,0.5549795126870692,0.25980158451961366
25797,GOF,0.088283652137995,0.5207982033679499,0.39091814449405515
25798,GOF,0.007320563849259247,0.7566851188547447,0.23599431729599593
25799,GOF,0.005419186502654158,0.6546426554717373,0.33993815802560856
25800,GOF,0.024833735742996382,0.8145912672470849,0.16057499700991876
25801,GOF,0.027140020686413215,0.784722741466464,0.18813723784712272
25802,GOF,0.029294342070934266,0.6996443012548614,0.2710613566742042
25803,GOF,0.02712255193612574,0.614113605177198,0.3587638428866763
25804,GOF,0.04832178002123691,0.5824965697125577,0.36918165026620536
25805,GOF,0.032093984763227446,0.6962511203161533,0.2716548949206193
25806,GOF,0.04429820060170638,0.6979537866358805,0.2577480127624132
25807,GOF,0.01911468214771795,0.5750272316843145,0.40585808616796754
25808,GOF,0.033496440307175225,0.7023562340201871,0.2641473256726377
25809,GOF,0.016371058057167688,0.6160788856887259,0.3675500562541064
25810,GOF,0.014282958730946548,0.6165245949767021,0.3691924462923513
25811,GOF,0.08776402863658155,0.8052345463691604,0.10700142499425813
25812,GOF,0.048877435796185816,0.6009962242647826,0.35012633993903164
25813,GOF,0.24821186412687488,0.6043873813997506,0.1474007544733745
25814,GOF,0.04704577576564154,0.664460909657133,0.2884933145772255
25815,GOF,0.07466106451243389,0.7338570652288783,0.19148187025868782
25816,GOF,0.010688128352229306,0.7629367430692839,0.22637512857848666
25817,GOF,0.13372863049972647,0.5955210264751888,0.27075034302508477
25818,GOF,0.03439238742750176,0.7455862881581953,0.22002132441430297
25819,GOF,0.06042846663748096,0.6396135853208167,0.29995794804170245
25820,GOF,0.05758613749569709,0.5525194953346438,0.389894367169659
25821,GOF,0.04132489113400814,0.6154959611808605,0.34317914768513136
25822,GOF,0.08516998863989377,0.5963267150211109,0.3185032963389953
25823,GOF,0.0465999231795673,0.5424947120184442,0.41090536480198847
25824,GOF,0.033391514460506866,0.6821849337041704,0.28442355183532253
25825,GOF,0.023615858451653843,0.697495206324458,0.27888893522388797
25826,GOF,0.011375728170274156,0.598275152589137,0.39034911924058885
25827,GOF,0.019612986338192022,0.6485636691634288,0.3318233444983792
25828,GOF,0.0124075175230034,0.6730161228094805,0.3145763596675161
25829,GOF,0.004809072149162188,0.5032821115708098,0.491908816280028
25830,LOF,0.0684390520269015,0.2703752200060131,0.6611857279670854
25831,GOF,0.07963807366009336,0.7626007885538783,0.15776113778602846
25832,GOF,0.010267356416781755,0.6817431450586829,0.3079894985245352
25833,GOF,0.032025620804412125,0.7772906402087709,0.19068373898681704
25834,GOF,0.010492443771830182,0.7013087893185086,0.2881987669096612
25835,GOF,0.030132893088348232,0.8347622554937464,0.1351048514179054
25836,GOF,0.00882025903984275,0.7594639560342649,0.23171578492589245
25837,GOF,0.012475231634246913,0.6901961933273284,0.2973285750384247
25838,GOF,0.024464063911028584,0.7866365969881067,0.18889933910086468
25839,GOF,0.06741936251783746,0.7178887005266469,0.2146919369555155
25840,GOF,0.09517265726045242,0.6972217424537207,0.20760560028582684
25841,GOF,0.08165468306297768,0.7626940142198625,0.15565130271715985
25842,GOF,0.028797560234429163,0.826967460670799,0.1442349790947718
25843,GOF,0.02814790330532553,0.8279814599143066,0.14387063678036788
25844,GOF,0.023610972220267385,0.7798558725242821,0.19653315525545037
25845,GOF,0.008444936928207929,0.6219227560293052,0.3696323070424869
25846,GOF,0.07297636750859093,0.8040187625232904,0.12300486996811848
25847,GOF,0.021625083844461362,0.8101104634488177,0.16826445270672094
25848,GOF,0.02225927829385002,0.7621377016424529,0.21560302006369708
25849,GOF,0.007940916001206865,0.7188045951091322,0.2732544888896608
25850,GOF,0.008980863990890367,0.5959138108850915,0.3951053251240181
25851,GOF,0.008040040695125938,0.5279103347087307,0.4640496245961433
25852,LOF,0.1884317318041027,0.40368222002244003,0.4078860481734573
25853,GOF,0.06754944632425745,0.6145957320563011,0.31785482161944156
25854,GOF,0.008181526475097659,0.6107663520465567,0.38105212147834555
25855,GOF,0.027048891887056777,0.5310210298024349,0.44193007831050823
25856,GOF,0.0560530891741779,0.6934807593783611,0.25046615144746104
25857,GOF,0.027256761997753585,0.5160489012857172,0.4566943367165292
25858,GOF,0.00877642871365536,0.5267648086459004,0.46445876264044417
25859,GOF,0.006374972745162074,0.5104162282829341,0.48320879897190383
25860,GOF,0.08086523898136512,0.5669303736431657,0.3522043873754692
25861,GOF,0.10632553899716793,0.7361435219034496,0.1575309390993826
25862,GOF,0.021714992400771044,0.8498857903173217,0.12839921728190734
25863,GOF,0.020360695087763003,0.815334634277472,0.164304670634765
25864,GOF,0.03130663662654567,0.8579204696592225,0.11077289371423173
25865,GOF,0.03422237353469053,0.8280645060146004,0.13771312045070913
25866,GOF,0.019296199852001043,0.8214883957984549,0.15921540434954398
25867,GOF,0.044206624921194065,0.8363038127905172,0.11948956228828854
25868,GOF,0.07305394343319847,0.6973475035259624,0.22959855304083904
25869,GOF,0.3226316832385937,0.4968281548165747,0.1805401619448315
25870,LOF,0.07736967023359789,0.3413226788207288,0.5813076509456733
25871,GOF,0.01176252355157679,0.549449549185928,0.4387879272624951
25872,GOF,0.02967843665993756,0.6265348523878751,0.3437867109521873
25873,GOF,0.023457980514497347,0.7342024888821175,0.24233953060338506
25874,LOF,0.036475269517597546,0.06941401778707035,0.894110712695332
25875,LOF,0.021590622344157,0.16802723347896933,0.8103821441768736
25876,LOF,0.02101981877358385,0.08995899582055873,0.8890211854058574
25877,LOF,0.08201577746546453,0.29108257847655167,0.6269016440579838
25878,LOF,0.04800826698284778,0.3879415748181189,0.5640501581990334
25879,LOF,0.00997017046617205,0.1994155297760585,0.7906142997577694
25880,LOF,0.04508327396180445,0.024221178868615474,0.9306955471695801
25881,Neutral,0.5010199593128352,0.26099651428637066,0.2379835264007942
25882,LOF,0.039350635344471994,0.11011571607602369,0.8505336485795043
25883,LOF,0.02656214679093628,0.1196721250954137,0.8537657281136499
25884,LOF,0.014360765736646863,0.10878281793698245,0.8768564163263708
25885,LOF,0.12582696029371593,0.02715015473533814,0.8470228849709459
25886,LOF,0.1913098756824617,0.2268825907663153,0.5818075335512229
25887,LOF,0.05041817291793536,0.4525453455524331,0.4970364815296315
25888,LOF,0.005855973981797312,0.4020848583359996,0.592059167682203
25889,LOF,0.023358851360644573,0.0866277877754413,0.890013360863914
25890,LOF,0.16865674386996415,0.3118190392246531,0.5195242169053828
25891,LOF,0.10434702703881552,0.08158274292147731,0.8140702300397071
25892,LOF,0.006840079308552359,0.037198541201409085,0.9559613794900386
25893,LOF,0.24670737587471867,0.013125122687277732,0.7401675014380036
25894,LOF,0.3072921537420499,0.009042057340475028,0.6836657889174751
25895,LOF,0.2620114195309419,0.013190512037968864,0.7247980684310892
25896,LOF,0.06036318064249666,0.03685801976953271,0.9027787995879707
25897,LOF,0.09467632359626307,0.019753791870117828,0.8855698845336191
25898,LOF,0.08309853946523155,0.0477170642026443,0.8691843963321243
25899,LOF,0.3516357635979999,0.052442437926019575,0.5959217984759805
25900,Neutral,0.7186781883988329,0.018110281577843623,0.26321153002332365
25901,LOF,0.05711179367992792,0.014986929741878532,0.9279012765781934
25902,LOF,0.07843867076234533,0.009316834534738576,0.912244494702916
25903,LOF,0.14685763802648363,0.04075159153977524,0.8123907704337411
25904,LOF,0.42880906895781407,0.08650428097321575,0.48468665006897005
25905,LOF,0.01436574855334912,0.2565916241141022,0.7290426273325488
25906,LOF,0.009684774171472203,0.01886514501012018,0.9714500808184077
25907,LOF,0.009586562391196823,0.12678075365349523,0.863632683955308
25908,LOF,0.010255253058306168,0.1359067840051347,0.8538379629365591
25909,LOF,0.05657214136675931,0.050905372677979205,0.8925224859552614
25910,LOF,0.013757634093416163,0.101230978493454,0.8850113874131298
25911,LOF,0.2070832297911498,0.07689236704385242,0.7160244031649978
25912,LOF,0.1391361979534567,0.028397399437516534,0.8324664026090268
25913,LOF,0.013856325140465042,0.09068305840221581,0.8954606164573191
25914,LOF,0.04780907247313725,0.034462644664469376,0.9177282828623933
25915,GOF,0.2410290390960923,0.4053949590313072,0.3535760018726006
25916,LOF,0.02025048281490571,0.20361534014683264,0.7761341770382616
25917,LOF,0.07889064135615932,0.033334175112668084,0.8877751835311726
25918,LOF,0.054887195087264765,0.021856361432187405,0.9232564434805479
25919,LOF,0.05574534522126315,0.01822373660815472,0.9260309181705821
25920,LOF,0.29782428040721015,0.31696883247694646,0.38520688711584344
25921,LOF,0.02184444536558344,0.031962197145535866,0.9461933574888808
25922,LOF,0.019713469482221257,0.02496227870069317,0.9553242518170856
25923,LOF,0.454173733089468,0.01598559389976941,0.5298406730107627
25924,LOF,0.027234137116762955,0.03172561427215247,0.9410402486110846
25925,LOF,0.11727231125426958,0.03235166771746064,0.8503760210282697
25926,LOF,0.10196885047020483,0.030309902705163268,0.8677212468246319
25927,LOF,0.021147022030033706,0.05916883405984824,0.919684143910118
25928,LOF,0.015111840119789968,0.016085428443517343,0.9688027314366926
25929,Neutral,0.575052541651521,0.01607201960053244,0.4088754387479465
25930,LOF,0.06134506694017166,0.01781147091162202,0.9208434621482063
25931,LOF,0.01545279305460505,0.019734994134171267,0.9648122128112235
25932,LOF,0.08963770273214917,0.01175264307610205,0.8986096541917489
25933,LOF,0.08227873872099582,0.008212507419092683,0.9095087538599115
25934,LOF,0.07447773537952027,0.010453034858739857,0.9150692297617399
25935,LOF,0.11444773694709011,0.031928958102411704,0.8536233049504982
25936,LOF,0.0836822141008588,0.009113867088256115,0.9072039188108851
25937,LOF,0.017291008671243044,0.019798904330294957,0.962910086998462
25938,LOF,0.11817312231436626,0.028354954544304523,0.8534719231413292
25939,LOF,0.05902517690204445,0.01066896988271525,0.9303058532152404
25940,LOF,0.007563094980295336,0.4207495901369882,0.5716873148827164
25941,Neutral,0.5088592638266171,0.19213351550706972,0.29900722066631324
25942,LOF,0.009089508504655888,0.2269289549993752,0.7639815364959689
25943,GOF,0.024481009268198295,0.6793776038508914,0.29614138688091024
25944,GOF,0.023246541297323044,0.5708503930455165,0.4059030656571604
25945,LOF,0.10694137201982584,0.1700610439683635,0.7229975840118106
25946,LOF,0.09056863797406386,0.09883529810283892,0.8105960639230971
25947,Neutral,0.47671232410509895,0.11273343635256139,0.41055423954233966
25948,LOF,0.48973006277916054,0.011305748599992954,0.49896418862084657
25949,LOF,0.11082273904386257,0.026458929799060935,0.8627183311570765
25950,GOF,0.04964049268766531,0.812705279219333,0.13765422809300165
25951,GOF,0.018708176019610574,0.6144944283110398,0.3667973956693495
25952,LOF,0.11257201341096792,0.41900813874778847,0.46841984784124363
25953,GOF,0.007404859702508768,0.5044208315263221,0.4881743087711691
25954,GOF,0.02940873442032009,0.6448229727814695,0.32576829279821046
25955,GOF,0.0057937287197534545,0.5740457229117921,0.42016054836845435
25956,LOF,0.00975406316492699,0.37046153423080863,0.6197844026042645
25957,LOF,0.2486937626193006,0.036006102980078135,0.7153001344006212
25958,LOF,0.02834370444655726,0.0899346890587028,0.88172160649474
25959,GOF,0.006488043887654703,0.6461106410333382,0.3474013150790073
25960,LOF,0.005019623626231107,0.16279542296069588,0.8321849534130731
25961,LOF,0.027053458588129242,0.09115130599809974,0.881795235413771
25962,LOF,0.046874637168665065,0.06723975379939626,0.8858856090319386
25963,LOF,0.012656318901458569,0.18174528030636833,0.805598400792173
25964,LOF,0.048775800052421596,0.13292988410317036,0.818294315844408
25965,LOF,0.15960171782117988,0.20785112022581503,0.6325471619530051
25966,LOF,0.32239553615705413,0.318158072923108,0.359446390919838
25967,LOF,0.007455332005690597,0.07407822512416132,0.918466442870148
25968,LOF,0.07156892350808064,0.3197465628100824,0.6086845136818371
25969,LOF,0.14739015329574331,0.06876561489437732,0.7838442318098794
25970,LOF,0.042552694576360156,0.24362668318814393,0.713820622235496
25971,LOF,0.06913649804099807,0.08018054895307668,0.8506829530059253
25972,LOF,0.06858456768470797,0.11816378793951623,0.8132516443757759
25973,LOF,0.09967460617119704,0.006701725508182172,0.8936236683206208
25974,LOF,0.09547416934677992,0.04903046173724943,0.8554953689159707
25975,LOF,0.0396971512863832,0.010306063979048872,0.9499967847345681
25976,LOF,0.0933512932042784,0.0056557940014321595,0.9009929127942894
25977,LOF,0.1877558400767868,0.1285453616109596,0.6836987983122536
25978,LOF,0.1302148713104819,0.11248020412961189,0.7573049245599062
25979,LOF,0.10161600445531563,0.1071499567287123,0.791234038815972
25980,LOF,0.14395665617742992,0.25983858046476505,0.596204763357805
25981,LOF,0.14532196370227882,0.26826387702622745,0.5864141592714937
25982,LOF,0.2332961481925768,0.10845630808424006,0.6582475437231831
25983,LOF,0.433685403581669,0.10740360911159301,0.458910987306738
25984,LOF,0.039859249232197136,0.17932395184492492,0.7808167989228779
25985,Neutral,0.4355330898658976,0.15767447799875853,0.4067924321353438
25986,GOF,0.009055394681146132,0.5115117491444312,0.4794328561744226
25987,LOF,0.018694025151196426,0.13869964499561718,0.8426063298531865
25988,LOF,0.03270296904441392,0.29990293310106614,0.66739409785452
25989,LOF,0.031336614354648504,0.2719948888551726,0.6966684967901788
25990,LOF,0.035771516008736244,0.35415746967197104,0.6100710143192927
25991,GOF,0.03567747335259032,0.652620802232742,0.31170172441466765
25992,LOF,0.011423249358964683,0.38638529006366645,0.6021914605773688
25993,LOF,0.03170268792866058,0.07913957525562791,0.8891577368157114
25994,LOF,0.032545614365957966,0.10188356911614849,0.8655708165178936
25995,LOF,0.019344297963707888,0.16944319070514743,0.8112125113311447
25996,GOF,0.26333528773161036,0.5874226343099541,0.14924207795843547
25997,GOF,0.05738931488297063,0.6942477084402023,0.24836297667682708
25998,LOF,0.27083179245220573,0.04737937542126306,0.6817888321265313
25999,LOF,0.027931635903475235,0.4399819338069363,0.5320864302895885
26000,LOF,0.1267794262423875,0.01832990968771134,0.8548906640699011
26001,LOF,0.12143499295336363,0.029410030245308295,0.849154976801328
26002,LOF,0.07801324985774213,0.0187896952764384,0.9031970548658195
26003,LOF,0.009257389597172198,0.4492782860598977,0.54146432434293
26004,LOF,0.0220316451696262,0.46693081312728346,0.5110375417030903
26005,LOF,0.007108800870063627,0.43198456635374083,0.5609066327761956
26006,LOF,0.17485833521113994,0.3993785866466592,0.4257630781422008
26007,LOF,0.012719556066197773,0.4745662865688482,0.5127141573649541
26008,LOF,0.00894403658405233,0.43487273469059495,0.5561832287253528
26009,GOF,0.01887262840251848,0.5344159090651208,0.4467114625323606
26010,GOF,0.01049691716249358,0.49747203654348243,0.49203104629402405
26011,LOF,0.007882934857321281,0.36450667535605574,0.627610389786623
26012,LOF,0.00846970155704651,0.3745934386387301,0.6169368598042234
26013,LOF,0.013279642566594843,0.4524670567652293,0.5342533006681759
26014,LOF,0.06340777449148499,0.08179898493337565,0.8547932405751394
26015,LOF,0.3905745790608224,0.04356796224209571,0.5658574586970819
26016,LOF,0.2447986425212031,0.15304246673666191,0.602158890742135
26017,LOF,0.016420695640608576,0.4334118227453022,0.5501674816140891
26018,LOF,0.021050899246198133,0.16514703837883762,0.8138020623749642
26019,LOF,0.020676993106270712,0.12620026380729787,0.8531227430864313
26020,LOF,0.0067980648681413855,0.3635073159782723,0.6296946191535864
26021,LOF,0.07921739811032624,0.25920904605043105,0.6615735558392427
26022,LOF,0.05625792371811916,0.05705092977497389,0.886691146506907
26023,LOF,0.0328918949745706,0.10748854428357603,0.8596195607418533
26024,LOF,0.04839230477294497,0.1684948621450949,0.7831128330819601
26025,LOF,0.10216662996671941,0.2022392270866794,0.6955941429466012
26026,LOF,0.09530151316048319,0.1777847502340864,0.7269137366054305
26027,LOF,0.03067432070919764,0.07011473596489508,0.8992109433259073
26028,LOF,0.06918417064168346,0.18728360914746986,0.7435322202108466
26029,LOF,0.04299710048063033,0.08244768473459983,0.8745552147847698
26030,LOF,0.16559383283480722,0.007643470877372729,0.82676269628782
26031,LOF,0.023214833905276944,0.09783088439550477,0.8789542816992183
26032,LOF,0.029894595629049944,0.018527156948786202,0.9515782474221639
26033,LOF,0.04820090190069003,0.032760335351034245,0.9190387627482757
26034,LOF,0.03138320466393191,0.06403069604019697,0.9045860992958712
26035,LOF,0.01872597650018249,0.07768588463837041,0.9035881388614472
26036,LOF,0.01699037911870538,0.0641499089174206,0.9188597119638741
26037,LOF,0.016296959495763007,0.057330356676364894,0.9263726838278721
26038,LOF,0.02456290615826355,0.019985026466867124,0.9554520673748692
26039,LOF,0.03858108063804938,0.08333700440067689,0.8780819149612737
26040,LOF,0.06829186415355942,0.12456885328161992,0.8071392825648207
26041,LOF,0.019772074250049235,0.07358228780564935,0.9066456379443014
26042,LOF,0.018434277532941527,0.07357916212297978,0.9079865603440787
26043,LOF,0.02347535219654655,0.0465109362689854,0.930013711534468
26044,LOF,0.010128512998254718,0.041440491057824914,0.9484309959439203
26045,LOF,0.09030210254520665,0.14380487427470648,0.7658930231800869
26046,LOF,0.02281603326730013,0.0520793951146283,0.9251045716180716
26047,LOF,0.05887232513343999,0.036330892255535895,0.9047967826110241
26048,LOF,0.06933319734835146,0.027154782585363028,0.9035120200662855
26049,Neutral,0.9123170864345708,0.00608155509293267,0.0816013584724964
26050,Neutral,0.8321966843878176,0.0074957161477876375,0.16030759946439488
26051,LOF,0.02624932552080588,0.4740963768979614,0.49965429758123286
26052,LOF,0.02681578485502139,0.38026095943257243,0.5929232557124061
26053,LOF,0.03348179049216166,0.05845819683312328,0.9080600126747149
26054,LOF,0.05565079379806857,0.0640850360486851,0.8802641701532462
26055,LOF,0.06385620726263419,0.0674752188274518,0.868668573909914
26056,LOF,0.05974532078637832,0.07269395259874066,0.867560726614881
26057,LOF,0.04775182713494,0.02526086306272246,0.9269873098023375
26058,LOF,0.053703115889177755,0.018914447478275816,0.9273824366325465
26059,LOF,0.28041576626829434,0.1167386255472658,0.60284560818444
26060,LOF,0.014002181099572557,0.3234935838363561,0.6625042350640713
26061,LOF,0.011688620569714954,0.014905795342523053,0.9734055840877621
26062,LOF,0.0055989310893695575,0.03576113568457024,0.9586399332260601
26063,LOF,0.04616087128921741,0.01975913665221747,0.9340799920585651
26064,LOF,0.009012005965730773,0.01866960619719563,0.9723183878370737
26065,LOF,0.040700198284588394,0.029156201340865193,0.9301436003745465
26066,LOF,0.04340594471348376,0.01893966384971464,0.9376543914368017
26067,LOF,0.04944774750158503,0.0222513567262268,0.9283008957721882
26068,LOF,0.05031819691241169,0.06462254465645938,0.8850592584311289
26069,LOF,0.17409673558496233,0.039477442905559885,0.7864258215094777
26070,LOF,0.4061160222429451,0.025212360454708302,0.5686716173023466
26071,LOF,0.04494192972175927,0.021513283079369956,0.9335447871988707
26072,LOF,0.00848197735845914,0.023155439003641996,0.968362583637899
26073,LOF,0.045949801770159164,0.01688131942547254,0.9371688788043682
26074,Neutral,0.7401183766962867,0.01892692960117888,0.24095469370253458
26075,LOF,0.04267508513833408,0.0335558453739075,0.9237690694877584
26076,LOF,0.05369608647425506,0.036410548899138855,0.9098933646266062
26077,LOF,0.14890335212142666,0.03118344194022733,0.819913205938346
26078,LOF,0.006831899544164439,0.028410691191707638,0.964757409264128
26079,LOF,0.0605674550203228,0.03441407508795226,0.9050184698917249
26080,LOF,0.05830462117500152,0.03452563652323854,0.90716974230176
26081,LOF,0.04559324522239009,0.021451288357945717,0.9329554664196642
26082,LOF,0.007065832656055786,0.0367882768283371,0.956145890515607
26083,LOF,0.04534015272429185,0.047687069018117055,0.9069727782575912
26084,LOF,0.046456598013506524,0.03294404122463851,0.9205993607618549
26085,LOF,0.04222675219613681,0.02848456934801872,0.9292886784558444
26086,LOF,0.03395303469954156,0.02876549030686088,0.9372814749935975
26087,LOF,0.04256617320527442,0.029079710431489093,0.9283541163632365
26088,LOF,0.0080058062790919,0.06017298232725768,0.9318212113936504
26089,LOF,0.037029856461323105,0.07115613750344534,0.8918140060352314
26090,LOF,0.037286349987559995,0.053770711292034395,0.9089429387204055
26091,LOF,0.045833759210490085,0.02420911393703267,0.9299571268524773
26092,LOF,0.049770743996353804,0.020298380736937446,0.9299308752667088
26093,LOF,0.07285722966288188,0.013930062495485751,0.9132127078416323
26094,LOF,0.044398503391828936,0.018438790946131118,0.93716270566204
26095,LOF,0.012753843524705195,0.033088253434806036,0.9541579030404889
26096,LOF,0.28476253803601814,0.005734983706353828,0.7095024782576279
26097,LOF,0.007398685014317963,0.050333870528850626,0.9422674444568313
26098,LOF,0.060230763737171705,0.03356325313396262,0.9062059831288657
26099,LOF,0.04010985142341097,0.07991889751994756,0.8799712510566415
26100,LOF,0.04010985142341097,0.07991889751994756,0.8799712510566415
26101,LOF,0.035672984346557884,0.07410188623647222,0.89022512941697
26102,LOF,0.04283561990652048,0.03128488235908384,0.9258794977343957
26103,Neutral,0.8626252307923383,0.04622223142963417,0.09115253777802738
26104,LOF,0.050650071491424434,0.111246365671685,0.8381035628368906
26105,LOF,0.259797259980884,0.2059044939846448,0.5342982460344713
26106,LOF,0.28784853081045225,0.19133728892450402,0.5208141802650438
26107,LOF,0.00936130843871672,0.160593923910304,0.8300447676509793
26108,LOF,0.13375889029713883,0.16783660685685484,0.6984045028460064
26109,LOF,0.046379740795976884,0.03486406963355779,0.9187561895704653
26110,Neutral,0.5256501214786871,0.02885339799194212,0.4454964805293708
26111,LOF,0.05419089061479406,0.19612674043612388,0.749682368949082
26112,LOF,0.06570508589723106,0.03217203883211324,0.9021228752706557
26113,LOF,0.06234378532816193,0.06074305674986351,0.8769131579219747
26114,LOF,0.09463308874824339,0.02501813790245192,0.8803487733493047
26115,LOF,0.01691733780411651,0.17730596920462194,0.8057766929912615
26116,LOF,0.05281266526909828,0.05165749822515293,0.8955298365057487
26117,LOF,0.2690226935832549,0.06539261932111005,0.6655846870956351
26118,LOF,0.045609251853025584,0.020907846325891186,0.9334829018210832
26119,LOF,0.005809559305390016,0.09637537987597217,0.8978150608186378
26120,LOF,0.04114163014604472,0.02277181215689407,0.9360865576970613
26121,LOF,0.004557325712829085,0.1230741561220964,0.8723685181650745
26122,LOF,0.004965425142603558,0.11036597326374882,0.8846686015936477
