feature0,prediction,LoGoFunc_Neutral,LoGoFunc_GOF,LoGoFunc_LOF
25546,Neutral,0.6591293886188168,0.06093861494064717,0.27993199644053607
25547,LOF,0.32084775377477315,0.27370810422303166,0.4054441420021952
25548,LOF,0.2881165719161115,0.1474364246688759,0.5644470034150125
25549,LOF,0.2002665321525479,0.1789373056214102,0.6207961622260418
25550,Neutral,0.600354308926237,0.06428633947950853,0.33535935159425456
25551,Neutral,0.4737300972502915,0.07872931911515903,0.44754058363454935
25552,LOF,0.1082097039649807,0.14220358029527935,0.74958671573974
25553,LOF,0.4639600912633791,0.06299054970524272,0.47304935903137824
25554,LOF,0.15053264648454892,0.2044868699172394,0.6449804835982117
25555,LOF,0.10679960482469177,0.12557602658695657,0.7676243685883518
25556,LOF,0.17227773697063065,0.17181678189996485,0.6559054811294045
25557,LOF,0.09393123087208893,0.13964579039346864,0.7664229787344425
25558,LOF,0.17448801717048537,0.1819826851570348,0.6435292976724799
25559,Neutral,0.5537362245659909,0.11964025777995838,0.32662351765405073
25560,LOF,0.07032400118038948,0.16292586701861048,0.766750131801
25561,LOF,0.15658610582453797,0.1815504593942714,0.6618634347811907
25562,LOF,0.3311428147167271,0.031683718900883985,0.6371734663823888
25563,Neutral,0.5871090104058888,0.06350031911101889,0.3493906704830923
25564,LOF,0.0653646384108002,0.07610477251479728,0.8585305890744025
25565,LOF,0.13217393470893835,0.24196387774701006,0.6258621875440517
25566,LOF,0.037174067673569455,0.4570407914409344,0.5057851408854962
25567,LOF,0.35755330452144024,0.07898380431273419,0.5634628911658256
25568,Neutral,0.7145558738344434,0.07507596539492145,0.21036816077063525
25569,Neutral,0.6844707901667306,0.05057019067760472,0.2649590191556646
25570,LOF,0.08230489069816836,0.2321901921056965,0.6855049171961352
25571,LOF,0.0857979329501003,0.2095470000170732,0.7046550670328265
25572,Neutral,0.3927168080867504,0.24122013460955094,0.3660630573036986
25573,LOF,0.38608908473542564,0.07236600684463317,0.5415449084199412
25574,LOF,0.0887014033854841,0.4264681916243373,0.4848304049901786
25575,LOF,0.09691504591092273,0.06985735641444962,0.8332275976746277
25576,LOF,0.3473570668681289,0.031656965937220075,0.620985967194651
25577,Neutral,0.49718647752228645,0.0921604532824598,0.4106530691952537
25578,Neutral,0.44465790679168954,0.200456286597001,0.3548858066113095
25579,Neutral,0.44465790679168954,0.200456286597001,0.3548858066113095
25580,LOF,0.04272500578738951,0.05236691854769778,0.9049080756649127
25581,Neutral,0.7083787170621747,0.051164278741239334,0.24045700419658597
25582,Neutral,0.7083787170621747,0.051164278741239334,0.24045700419658597
25583,LOF,0.05681789483559264,0.05952447965748566,0.8836576255069218
25584,LOF,0.34263728925609443,0.2756678356005259,0.38169487514337974
25585,LOF,0.3735823148674892,0.06508276606121503,0.5613349190712957
25586,LOF,0.06458300704579538,0.10477961086617492,0.8306373820880297
25587,LOF,0.045328823537439236,0.11806692071713777,0.8366042557454229
25588,LOF,0.056894923476401876,0.0928817582758178,0.8502233182477803
25589,Neutral,0.7101351909504706,0.16100833731704106,0.12885647173248824
25590,LOF,0.28937391769657306,0.1308991953230637,0.5797268869803632
25591,Neutral,0.6819363822082632,0.07145704359073587,0.24660657420100085
25592,LOF,0.03778756612277287,0.0950363696575628,0.8671760642196643
25593,GOF,0.03242901773685727,0.625731623250343,0.34183935901279977
25594,Neutral,0.7127729058121381,0.047958602310513826,0.23926849187734803
25595,Neutral,0.6850126415505572,0.054765144588060845,0.26022221386138206
25596,Neutral,0.6004392968107856,0.0536901079919804,0.345870595197234
25597,LOF,0.4103079648436831,0.03495441759008536,0.5547376175662316
25598,Neutral,0.7441498562758594,0.042463275790440305,0.21338686793370026
25599,GOF,0.06526821003117544,0.6414414653295295,0.293290324639295
25600,GOF,0.045464721616325365,0.5574595745985377,0.39707570378513696
25601,LOF,0.034642754051416674,0.4186491792958666,0.5467080666527168
25602,Neutral,0.4336448300782085,0.1353655779208328,0.4309895920009588
25603,LOF,0.07918751014327143,0.22066008434755485,0.7001524055091737
25604,Neutral,0.48700078370686206,0.1886428313951602,0.3243563848979777
25605,LOF,0.020424656181816075,0.3318923698299393,0.6476829739882445
25606,LOF,0.029267881239320004,0.3517791817627997,0.6189529369978803
25607,LOF,0.04327930624460703,0.2834142063997658,0.6733064873556273
25608,LOF,0.250341436513543,0.13954486610933625,0.6101136973771206
25609,LOF,0.19620880939670252,0.1638838322113477,0.6399073583919498
25610,LOF,0.07004440853827128,0.06308141948340308,0.8668741719783257
25611,LOF,0.0735835764641365,0.057838816633048344,0.8685776069028153
25612,Neutral,0.6546953176833297,0.05965486292444753,0.2856498193922228
25613,Neutral,0.6239604273915312,0.05897849635404327,0.31706107625442537
25614,LOF,0.07079891376288822,0.07161787601576336,0.8575832102213484
25615,LOF,0.4021657913473571,0.03411396145217833,0.5637202472004647
25616,LOF,0.056663906439897244,0.15060447808129973,0.7927316154788029
25617,LOF,0.07877471066943148,0.0482002562247812,0.8730250331057873
25618,LOF,0.08248762355777263,0.14263763188934883,0.7748747445528786
25619,LOF,0.1039007597636858,0.10557979816796399,0.7905194420683501
25620,LOF,0.04497503117820805,0.11390430355737521,0.8411206652644166
25621,LOF,0.45949644127443795,0.02377214987006037,0.5167314088555016
25622,LOF,0.46660293361803246,0.055792889021226776,0.4776041773607407
25623,Neutral,0.5155342665590646,0.12050498404709074,0.3639607493938447
25624,LOF,0.05259748668531902,0.16040572069260103,0.78699679262208
25625,LOF,0.422698843985049,0.039873753862273265,0.5374274021526777
25626,Neutral,0.6534915915313988,0.05057994289081627,0.2959284655777849
25627,LOF,0.02946398583134465,0.3183058664938867,0.6522301476747686
25628,LOF,0.299501493071859,0.08421053906014499,0.616287967867996
25629,Neutral,0.6934975249924425,0.06237945611327241,0.24412301889428503
25630,LOF,0.053434197663915876,0.2636716659772834,0.6828941363588008
25631,Neutral,0.5014729267577562,0.25241303645679186,0.24611403678545188
25632,LOF,0.39462659719702203,0.03700573244868395,0.568367670354294
25633,GOF,0.31405239788688666,0.3453334588345815,0.3406141432785319
25634,Neutral,0.6962747740164572,0.06863337536117468,0.23509185062236806
25635,LOF,0.06848952752854463,0.07155081730575488,0.8599596551657005
25636,GOF,0.07007240141769869,0.6459832348814386,0.2839443637008627
25637,LOF,0.04229329633923273,0.4249981991165778,0.5327085045441895
25638,GOF,0.024197001136472805,0.7452627131158056,0.23054028574772165
25639,LOF,0.03921189460910773,0.4658825125937201,0.49490559279717233
25640,GOF,0.12570678143772918,0.7394377150345981,0.13485550352767287
25641,LOF,0.05972630115261549,0.39499670662102254,0.545276992226362
25642,Neutral,0.6180910539124745,0.12746059245208777,0.2544483536354376
25643,LOF,0.3625878337643081,0.02463390726820767,0.6127782589674842
25644,GOF,0.08444073049412953,0.5997095781579074,0.31584969134796304
25645,GOF,0.02497289108587558,0.6405988500623923,0.33442825885173216
25646,LOF,0.030284454982491264,0.3743122009694107,0.5954033440480981
25647,GOF,0.06631341338128649,0.49048211575681455,0.44320447086189907
25648,GOF,0.044026342643219245,0.6003844920699678,0.35558916528681284
25649,GOF,0.03398321929451041,0.5500282287467846,0.41598855195870493
25650,GOF,0.07666372446683148,0.6229852215341922,0.30035105399897627
25651,GOF,0.02229488866692357,0.5438733737566489,0.43383173757642746
25652,LOF,0.06768220467932311,0.23426097907477447,0.6980568162459024
25653,LOF,0.08177824293305419,0.4209007206969312,0.49732103637001457
25654,GOF,0.08190100792933408,0.5985145311226634,0.31958446094800264
25655,GOF,0.06491340407269346,0.6102264145027184,0.32486018142458806
25656,GOF,0.022526882481483195,0.5562162026994616,0.4212569148190553
25657,Neutral,0.6656112895069853,0.036454651098783694,0.29793405939423095
25658,GOF,0.054139431624284,0.5143983419605127,0.4314622264152034
25659,LOF,0.1819641176479616,0.20644429858500993,0.6115915837670285
25660,LOF,0.1457903277395914,0.14413505271666252,0.7100746195437461
25661,LOF,0.10811871306106341,0.0918747057589854,0.800006581179951
25662,LOF,0.0539352545681629,0.09778217533049409,0.8482825701013431
25663,LOF,0.06699666171588,0.10516075928696116,0.8278425789971589
25664,LOF,0.2270268234929642,0.13661588557945145,0.6363572909275843
25665,Neutral,0.6278546970103221,0.09359727766390132,0.27854802532577655
25666,LOF,0.279611801875564,0.25766571663857785,0.4627224814858582
25667,LOF,0.04148632853717199,0.10148292560038923,0.8570307458624388
25668,LOF,0.047819073583281406,0.06327616447908037,0.8889047619376382
25669,LOF,0.04306462703733198,0.11348679120546622,0.8434485817572018
25670,LOF,0.4179597628184762,0.08212173192086869,0.49991850526065507
25671,LOF,0.055111783870730326,0.15463159679871152,0.7902566193305582
25672,Neutral,0.6324251459830201,0.07286689313889319,0.2947079608780868
25673,LOF,0.24161504357948016,0.1208813064572737,0.6375036499632462
25674,LOF,0.359017039450547,0.10378499102676829,0.5371979695226846
25675,LOF,0.3439494015118732,0.0728644416756907,0.5831861568124361
25676,LOF,0.04573684136088862,0.1312474893670245,0.8230156692720869
25677,LOF,0.07254040635283404,0.11311207726263148,0.8143475163845345
25678,Neutral,0.5249481760105178,0.09885717878116951,0.37619464520831275
25679,Neutral,0.5644190575424517,0.09645961225475948,0.33912133020278884
25680,LOF,0.10232356179026324,0.15818427838509294,0.7394921598246438
25681,LOF,0.11004349292126464,0.15260236968042962,0.7373541373983057
25682,LOF,0.06455506133381562,0.12185972145613751,0.8135852172100468
25683,LOF,0.3872645089421326,0.10401150353877422,0.5087239875190932
25684,LOF,0.10576798744382641,0.18746621803620023,0.7067657945199733
25685,Neutral,0.5723095218039376,0.05476913853820093,0.3729213396578615
25686,LOF,0.07600830974019815,0.26911307173234295,0.654878618527459
25687,LOF,0.12551091206936052,0.3379338990874036,0.5365551888432358
25688,LOF,0.027917607544085413,0.2604187728673246,0.71166361958859
25689,LOF,0.03030028374098971,0.23278759154510018,0.7369121247139101
25690,LOF,0.018056976130415497,0.4781454823557956,0.5037975415137889
25691,GOF,0.04953178581335007,0.4890726076307369,0.461395606555913
25692,Neutral,0.528189118263403,0.07475969955901773,0.39705118217757934
25693,GOF,0.10565752280813048,0.6537055222403151,0.24063695495155454
25694,LOF,0.3870562241077584,0.03744147990499802,0.5755022959872435
25695,LOF,0.23180774420340433,0.061062144772682604,0.7071301110239131
25696,Neutral,0.5567089330379964,0.05131277486677728,0.3919782920952264
25697,Neutral,0.454112116672996,0.1821291344327116,0.36375874889429244
25698,GOF,0.05134333532043886,0.7536645662094702,0.194992098470091
25699,GOF,0.04726573848821085,0.6428304588153229,0.30990380269646634
25700,LOF,0.05566049478259132,0.09243704778987433,0.8519024574275343
25701,GOF,0.028817157063598643,0.6536837826467479,0.3174990602896534
25702,GOF,0.1382504495094222,0.6686591434787141,0.19309040701186372
25703,Neutral,0.44531640327616795,0.1189035450450016,0.4357800516788303
25704,LOF,0.0625995260665094,0.25581074993126024,0.6815897240022304
25705,LOF,0.12160138280218093,0.1499401560006925,0.7284584611971265
25706,GOF,0.03773110444481726,0.6752623681196781,0.28700652743550453
25707,LOF,0.02775491447579178,0.466060542159648,0.5061845433645603
25708,LOF,0.03768305489189665,0.44659165680287655,0.5157252883052268
25709,LOF,0.0654973662100748,0.1057970866351301,0.828705547154795
25710,LOF,0.41178527109189916,0.14102621147787767,0.4471885174302232
25711,LOF,0.0889764404315581,0.13673768685559265,0.7742858727128492
25712,Neutral,0.6165583012767417,0.07576804772856008,0.30767365099469823
25713,LOF,0.07014299620957877,0.12935090533471816,0.8005060984557031
25714,LOF,0.053403547155212894,0.2985552469387061,0.6480412059060809
25715,LOF,0.041339703719215366,0.32356021355904907,0.6351000827217356
25716,LOF,0.44038443190794824,0.07474964902783997,0.4848659190642117
25717,Neutral,0.44454934881511704,0.12524672656401775,0.4302039246208653
25718,LOF,0.04067555355645782,0.1346831216378287,0.8246413248057135
25719,LOF,0.08529759052780907,0.1386427297712061,0.7760596797009849
25720,LOF,0.0457973460605483,0.18654005692911568,0.767662597010336
25721,LOF,0.04128251736932711,0.09854504350606728,0.8601724391246055
25722,LOF,0.049885112358978044,0.14357047057994068,0.8065444170610813
25723,LOF,0.08557012846600777,0.1262940055166288,0.7881358660173634
25724,LOF,0.06757837790797304,0.22970168878513297,0.702719933306894
25725,LOF,0.13204983762104794,0.11032063935069221,0.7576295230282599
25726,LOF,0.05044280793879001,0.18542643327937286,0.7641307587818371
25727,LOF,0.07919279458188469,0.07744688938986506,0.8433603160282503
25728,LOF,0.03435096731887324,0.19398318640244683,0.77166584627868
25729,LOF,0.044736442389740026,0.13439741040923983,0.82086614720102
25730,LOF,0.051044585489156975,0.15617385307099627,0.7927815614398467
25731,LOF,0.2908730657286794,0.06736492664483068,0.6417620076264899
25732,LOF,0.059215510116338015,0.0727153548535641,0.8680691350300979
25733,LOF,0.04790026454660836,0.24334312468843733,0.7087566107649543
25734,LOF,0.3341293594169837,0.07170834713554342,0.594162293447473
25735,LOF,0.0465010117924746,0.0949427524515738,0.8585562357559516
25736,LOF,0.05086056167524696,0.14576504398787607,0.803374394336877
25737,LOF,0.09690457240375486,0.1141953113222164,0.7889001162740287
25738,LOF,0.08559279655252428,0.1527962029730555,0.7616110004744202
25739,LOF,0.04613166214859189,0.1689426149729302,0.7849257228784778
25740,LOF,0.07475910499966909,0.14197321671929014,0.7832676782810408
25741,LOF,0.09012459521736223,0.1268312148699368,0.7830441899127011
25742,LOF,0.0999869868335359,0.16872049822837076,0.7312925149380933
25743,LOF,0.28333857564878007,0.07714668194664263,0.6395147424045774
25744,GOF,0.053977630940938624,0.6518075521785559,0.2942148168805054
25745,GOF,0.032497416857756076,0.6098459537637275,0.3576566293785164
25746,GOF,0.06260467237879308,0.5944048177050244,0.3429905099161825
25747,LOF,0.05254818585793938,0.10418326739080573,0.8432685467512548
25748,LOF,0.23724464895265998,0.3233399128311718,0.4394154382161682
25749,GOF,0.03726335845851652,0.6545603402806903,0.3081763012607932
25750,GOF,0.05473495401272034,0.5395086711573526,0.40575637482992716
25751,LOF,0.054438078904551636,0.2049601551286629,0.7406017659667855
25752,GOF,0.22239402726187069,0.4268764377552854,0.35072953498284387
25753,LOF,0.2836253941415533,0.12836612532247715,0.5880084805359695
25754,GOF,0.04194912050744347,0.7346753868982039,0.22337549259435266
25755,LOF,0.26552640123011084,0.21441038582951955,0.5200632129403696
25756,Neutral,0.6726409246361309,0.05933958242789177,0.2680194929359773
25757,GOF,0.04923313420794431,0.6458902718954311,0.3048765938966245
25758,GOF,0.032539071378428375,0.7327271973101032,0.2347337313114685
25759,GOF,0.020694387390534193,0.6241028713446635,0.3552027412648024
25760,LOF,0.24680702019634365,0.07877602771899701,0.6744169520846592
25761,GOF,0.021370493782964635,0.8076802514059492,0.17094925481108608
25762,Neutral,0.6962747740164572,0.06863337536117468,0.23509185062236806
25763,LOF,0.2849470025207683,0.07291765764559757,0.6421353398336341
25764,LOF,0.2511672870714539,0.36353168801693336,0.3853010249116126
25765,GOF,0.023062937308711902,0.6438552709708634,0.33308179172042474
25766,GOF,0.045542681605538655,0.6815436484591607,0.2729136699353006
25767,GOF,0.04573277685123605,0.736694716228976,0.2175725069197879
25768,LOF,0.044263291900051266,0.26192092589495225,0.6938157822049964
25769,LOF,0.04780214187628179,0.22056571387496882,0.7316321442487494
25770,Neutral,0.6258499250205137,0.05963544234081808,0.3145146326386682
25771,LOF,0.21468875817762081,0.07950713113730842,0.7058041106850708
25772,LOF,0.06648132226878016,0.10047016903037305,0.8330485087008469
25773,LOF,0.4226357754806275,0.07441741053345961,0.5029468139859129
25774,Neutral,0.6712750441185229,0.0764706545048775,0.2522543013765997
25775,LOF,0.25082185647758287,0.05954283001900488,0.6896353135034122
25776,LOF,0.036832678251267965,0.11568620520045865,0.8474811165482734
25777,Neutral,0.643022785369801,0.062624439130871,0.29435277549932803
25778,LOF,0.06911765090989327,0.13326040204142953,0.7976219470486772
25779,GOF,0.14563746766629512,0.6877687679530052,0.1665937643806996
25780,GOF,0.06602832135091855,0.7611429724784482,0.17282870617063326
25781,GOF,0.17263149848301013,0.6485623024954098,0.17880619902158
25782,GOF,0.07430571793809912,0.5033100272205508,0.42238425484135
25783,GOF,0.283851388250845,0.44980907533369385,0.2663395364154612
25784,GOF,0.15847840744232747,0.7249196778897292,0.1166019146679433
25785,GOF,0.11663413281996701,0.7452256692663533,0.13814019791367965
25786,GOF,0.05406558830462305,0.6189211491422777,0.32701326255309926
25787,GOF,0.06481860512840532,0.5117735400338095,0.4234078548377853
25788,LOF,0.07477282345188081,0.10611755188187379,0.8191096246662454
25789,GOF,0.05398578923513565,0.7702342382261704,0.17577997253869382
25790,GOF,0.05891316256981173,0.6940987672985891,0.24698807013159904
25791,GOF,0.03376731087918833,0.7280883612296506,0.23814432789116108
25792,GOF,0.03329975485231142,0.723768894763843,0.24293135038384545
25793,GOF,0.04527869026254978,0.6767599676117764,0.27796134212567386
25794,GOF,0.08096866745913124,0.7496236535192579,0.16940767902161086
25795,GOF,0.1325212910781904,0.6218146273562989,0.2456640815655107
25796,GOF,0.08952997530538408,0.5416093639406943,0.3688606607539217
25797,GOF,0.05859539246432381,0.668352109763595,0.2730524977720812
25798,GOF,0.1054540157866693,0.7070840736301796,0.18746191058315104
25799,GOF,0.09777328225816036,0.7859118205795074,0.11631489716233234
25800,GOF,0.0877311858692068,0.8110029354765846,0.10126587865420866
25801,GOF,0.0825907668951496,0.7665088175736275,0.15090041553122283
25802,GOF,0.09184251960512853,0.7679739787816589,0.14018350161321264
25803,GOF,0.06468435414070926,0.7431592093065765,0.1921564365527143
25804,GOF,0.11402805763935647,0.6418758735159498,0.24409606884469381
25805,GOF,0.07042811736873585,0.7630002727410709,0.16657160989019326
25806,GOF,0.06605596361659359,0.7789245165075032,0.15501951987590326
25807,GOF,0.08982556371892653,0.7539915513863319,0.1561828848947417
25808,GOF,0.07740280803092928,0.7851951355695291,0.13740205639954176
25809,GOF,0.11302472048192917,0.6620848552317741,0.22489042428629677
25810,GOF,0.10657466217376338,0.6764329535895024,0.21699238423673434
25811,GOF,0.07033929891169574,0.6776494717987465,0.2520112292895578
25812,GOF,0.10085102824263548,0.6244750208157365,0.274673950941628
25813,GOF,0.06468891821792429,0.6416470773093568,0.29366400447271884
25814,GOF,0.09450800719388068,0.7631631808293514,0.14232881197676783
25815,GOF,0.061323296141160034,0.7585324119876963,0.1801442918711436
25816,GOF,0.0479858156721745,0.8306955240383934,0.12131866028943204
25817,GOF,0.049348143741669716,0.6631080790829712,0.287543777175359
25818,GOF,0.03903363274287963,0.5730178066557051,0.38794856060141525
25819,GOF,0.07385947935888293,0.6468317832998615,0.2793087373412555
25820,GOF,0.07158447992396344,0.6811881014783765,0.24722741859766006
25821,GOF,0.0756952669195069,0.6684412833510587,0.25586344972943437
25822,GOF,0.12576561910099526,0.6577245108202117,0.21650987007879297
25823,GOF,0.2067282033658515,0.5111639452155086,0.28210785141863987
25824,GOF,0.1609051258200668,0.7011912131274268,0.1379036610525063
25825,GOF,0.15557615458582327,0.7074589627428155,0.13696488267136123
25826,GOF,0.1609051258200668,0.7011912131274268,0.1379036610525063
25827,GOF,0.0598580822123854,0.7743756549985504,0.16576626278906423
25828,GOF,0.05681505799679467,0.756427011619068,0.18675793038413743
25829,LOF,0.41733619835403646,0.048729017522124725,0.5339347841238388
25830,LOF,0.05412881868018208,0.07665397078777973,0.8692172105320382
25831,GOF,0.04806781388932247,0.5971276093610625,0.354804576749615
25832,GOF,0.09810889598584775,0.590291550706508,0.3115995533076442
25833,GOF,0.09190847938277555,0.6015578169432829,0.3065337036739415
25834,GOF,0.08863136054958104,0.5627560910462445,0.3486125484041745
25835,GOF,0.08947365183140607,0.6652445145028006,0.24528183366579326
25836,GOF,0.08663056312835377,0.6483579579050216,0.26501147896662464
25837,GOF,0.12267870951946856,0.6040416650268606,0.27327962545367085
25838,GOF,0.12508456160270215,0.5990434981586955,0.2758719402386024
25839,GOF,0.1621707156555699,0.5725811147940552,0.26524816955037495
25840,GOF,0.08867632411259242,0.7111052143216718,0.20021846156573586
25841,GOF,0.08880597566250989,0.7082009891105455,0.2029930352269446
25842,GOF,0.047750770078873496,0.7000304889968578,0.25221874092426877
25843,GOF,0.04827157924072747,0.6945265092421473,0.2572019115171252
25844,GOF,0.059140514387666744,0.60151116391034,0.33934832170199325
25845,GOF,0.0639761769834762,0.6238813546081323,0.31214246840839144
25846,GOF,0.058366506176607456,0.6018168176279802,0.33981667619541234
25847,GOF,0.0743898287972878,0.6631222244833896,0.26248794671932263
25848,GOF,0.06902310800261692,0.6910711476041496,0.23990574439323364
25849,GOF,0.06322389446969581,0.6937421191977793,0.24303398633252496
25850,GOF,0.16843432829759722,0.5937205745052955,0.23784509719710734
25851,GOF,0.18640376344770943,0.5705600340317116,0.24303620252057884
25852,GOF,0.1892004603623672,0.5008317369315243,0.3099678027061086
25853,GOF,0.10077845245884665,0.6815628144538279,0.21765873308732533
25854,GOF,0.07821235856383282,0.7531379624312029,0.1686496790049642
25855,GOF,0.116339134505069,0.630455111800341,0.2532057536945901
25856,GOF,0.1121510279969691,0.6570605528386567,0.2307884191643743
25857,GOF,0.12091670624657082,0.6435765726973587,0.23550672105607057
25858,GOF,0.08502805358205344,0.6040474351467254,0.31092451127122117
25859,GOF,0.08427000992535323,0.6098813097190224,0.3058486803556243
25860,GOF,0.08585808052836513,0.5201384737483234,0.3940034457233115
25861,GOF,0.0917371213326187,0.5925500886447929,0.31571279002258856
25862,GOF,0.06004333465974416,0.7451924029039122,0.19476426243634362
25863,GOF,0.07382292025847027,0.7025010843171968,0.22367599542433275
25864,GOF,0.05533229761532684,0.7573638641606008,0.18730383822407223
25865,GOF,0.07535515832698679,0.7975377683535043,0.12710707331950888
25866,GOF,0.06760074659310863,0.806152487054433,0.1262467663524584
25867,GOF,0.06814805086169581,0.803455936108065,0.12839601303023918
25868,GOF,0.06899145570490263,0.6182653074495423,0.31274323684555516
25869,GOF,0.04636226714252843,0.7032283683131327,0.2504093645443387
25870,LOF,0.04979268955014754,0.11872250343999234,0.83148480700986
25871,GOF,0.03728140681025849,0.6483919698627421,0.31432662332699957
25872,GOF,0.040321664201170206,0.571577726657725,0.3881006091411047
25873,GOF,0.05876280660360478,0.6299025710349252,0.31133462236146997
25874,LOF,0.09633782725739741,0.043856869517644365,0.8598053032249583
25875,GOF,0.0979027888958126,0.5570292051927878,0.34506800591139974
25876,Neutral,0.4705575035269093,0.08885380996790032,0.44058868650519034
25877,GOF,0.07243076710562461,0.7080718545822511,0.21949737831212432
25878,GOF,0.04075217036707071,0.8068145959036211,0.15243323372930825
25879,LOF,0.050040267331835996,0.410630925772761,0.5393288068954031
25880,LOF,0.0796495311113368,0.08925183914071733,0.8310986297479459
25881,Neutral,0.6951237122223121,0.2011826478470092,0.10369363993067873
25882,LOF,0.24607796708275398,0.14037189522207186,0.6135501376951741
25883,LOF,0.07286255527099375,0.15232237362055037,0.7748150711084558
25884,LOF,0.3636920919419857,0.12125383368183826,0.515054074376176
25885,Neutral,0.4957613115407621,0.015489266417928266,0.4887494220413097
25886,Neutral,0.44465790679168954,0.200456286597001,0.3548858066113095
25887,GOF,0.19570359837022763,0.6369230001689398,0.16737340146083254
25888,GOF,0.05557017992394463,0.5984998463833171,0.34592997369273826
25889,LOF,0.21841419613800692,0.12398800177540564,0.6575978020865875
25890,LOF,0.2533830204764907,0.3351003389696665,0.4115166405538428
25891,LOF,0.2773180350882662,0.2244092596662292,0.49827270524550454
25892,LOF,0.011455618189462573,0.4290729191260213,0.5594714626845162
25893,LOF,0.444126147823367,0.078556816365335,0.4773170358112981
25894,LOF,0.4172666236422766,0.03873593830642551,0.5439974380512979
25895,LOF,0.4485338353952513,0.05525436012874937,0.49621180447599944
25896,Neutral,0.6306395189833816,0.05955387412102375,0.30980660689559464
25897,LOF,0.2631140181348295,0.09362483329392961,0.643261148571241
25898,GOF,0.04825893058928731,0.6086561074698821,0.3430849619408306
25899,LOF,0.2989360451044707,0.19952460580438877,0.5015393490911405
25900,Neutral,0.8183578208400684,0.04593081993579296,0.13571135922413866
25901,LOF,0.08549866704406847,0.051420552774645335,0.8630807801812862
25902,LOF,0.4646733790055148,0.044581725653401356,0.4907448953410838
25903,LOF,0.2528943339244254,0.12714111509715165,0.6199645509784228
25904,Neutral,0.44465790679168954,0.200456286597001,0.3548858066113095
25905,LOF,0.082516960741788,0.3845303089502789,0.5329527303079331
25906,LOF,0.34256805026066917,0.10686732345058421,0.5505646262887467
25907,GOF,0.03625815339268388,0.5692099612662729,0.3945318853410433
25908,GOF,0.03752929036426158,0.5751088864892876,0.3873618231464509
25909,GOF,0.0694959668700732,0.48603696009801833,0.4444670730319084
25910,LOF,0.04888508877131372,0.272233870170892,0.6788810410577943
25911,Neutral,0.6769023385076867,0.07828761255024978,0.2448100489420635
25912,LOF,0.4801467866143839,0.03877177004326131,0.4810814433423547
25913,LOF,0.019232109309299774,0.26866896743032825,0.7120989232603719
25914,LOF,0.04516599943286397,0.22493846961004918,0.7298955309570868
25915,GOF,0.0813131213520767,0.7628590955487654,0.1558277830991579
25916,GOF,0.0763313250962759,0.5839970393028673,0.3396716356008567
25917,Neutral,0.7493301275016611,0.06094945041045347,0.18972042208788542
25918,LOF,0.05201025806155841,0.0820800750867942,0.8659096668516473
25919,LOF,0.0452295800149573,0.03133804817592694,0.9234323718091157
25920,LOF,0.3234586905881569,0.3052403869664086,0.37130092244543444
25921,LOF,0.2673054639483606,0.07362261472595284,0.6590719213256866
25922,LOF,0.2083652117403636,0.08184972530516943,0.709785062954467
25923,Neutral,0.44465790679168954,0.200456286597001,0.3548858066113095
25924,LOF,0.24943961105875864,0.2212663101792127,0.5292940787620287
25925,Neutral,0.631958908774309,0.06504459339856056,0.3029964978271305
25926,Neutral,0.6818495388305392,0.07396051261265935,0.2441899485568014
25927,LOF,0.022814325292944044,0.322549419731347,0.654636254975709
25928,LOF,0.29346528136302924,0.034198332737187274,0.6723363858997835
25929,Neutral,0.44465790679168954,0.200456286597001,0.3548858066113095
25930,LOF,0.04335417229007288,0.21974600532780394,0.7368998223821233
25931,LOF,0.4072497868468302,0.08492583049276965,0.5078243826604001
25932,LOF,0.08658196102601601,0.06737477461081764,0.8460432643631663
25933,LOF,0.05925424778010574,0.0732070970913662,0.8675386551285281
25934,LOF,0.0949211847444076,0.06221878113354238,0.84286003412205
25935,Neutral,0.6712750441185229,0.0764706545048775,0.2522543013765997
25936,LOF,0.09005546178394798,0.04802273119492352,0.8619218070211284
25937,LOF,0.3478756194677545,0.11819345680241528,0.5339309237298302
25938,Neutral,0.6809026391233005,0.059822331040541306,0.25927502983615824
25939,LOF,0.0739728386643317,0.07180066361029587,0.8542264977253724
25940,GOF,0.0434354997809104,0.7853482220709356,0.1712162781481541
25941,Neutral,0.5444500340175711,0.06863644286449999,0.3869135231179288
25942,LOF,0.17569731254729506,0.10726409856501916,0.7170385888876857
25943,LOF,0.03246432822348273,0.3815844723404717,0.5859511994360456
25944,LOF,0.015963606902013365,0.3144713122692972,0.6695650808286895
25945,LOF,0.03537585787701546,0.07452722035506623,0.8900969217679183
25946,LOF,0.47251401284266853,0.054594001263613835,0.4728919858937175
25947,Neutral,0.7009680310551782,0.04477055187478245,0.2542614170700393
25948,Neutral,0.510195294051137,0.1580248947231897,0.33177981122567335
25949,Neutral,0.4787278813999662,0.11613502670580947,0.4051370918942243
25950,GOF,0.039001222076950094,0.8197718106358096,0.14122696728724027
25951,GOF,0.024468977954880563,0.6486320334418603,0.32689898860325917
25952,GOF,0.25790001351038516,0.4230829825389662,0.31901700395064864
25953,GOF,0.0339579368177357,0.5147232045802203,0.45131885860204407
25954,GOF,0.04972194865044924,0.7600512607028228,0.1902267906467279
25955,GOF,0.017165797203660613,0.5237314131836578,0.4591027896126817
25956,GOF,0.042505332613930094,0.5940556532825623,0.3634390141035076
25957,Neutral,0.7111870777108323,0.03306430586788881,0.25574861642127894
25958,LOF,0.0676466624923253,0.12389841530473183,0.8084549222029429
25959,LOF,0.021834518283160066,0.42480430231192623,0.5533611794049137
25960,LOF,0.19484122093375464,0.0780870813761368,0.7270716976901086
25961,LOF,0.05002289413347797,0.20061783533846497,0.7493592705280572
25962,LOF,0.39660540186019105,0.05638896348005807,0.5470056346597508
25963,LOF,0.06924630397072326,0.21252563784367798,0.7182280581855989
25964,LOF,0.08867406936868409,0.1690954949009782,0.7422304357303378
25965,GOF,0.1384652576211747,0.5476567195965106,0.3138780227823146
25966,Neutral,0.44465790679168954,0.200456286597001,0.3548858066113095
25967,LOF,0.3576232328433187,0.08214901742894598,0.5602277497277353
25968,Neutral,0.3745019872720006,0.26292752608569475,0.3625704866423046
25969,Neutral,0.5525031100891883,0.03928050848779187,0.40821638142301997
25970,LOF,0.39029659646350584,0.21827264869259247,0.39143075484390166
25971,LOF,0.12934471620853144,0.139618525284608,0.7310367585068606
25972,LOF,0.11399107342965463,0.12385272963586896,0.7621561969344764
25973,LOF,0.4255459268294572,0.02392059466403919,0.5505334785065036
25974,GOF,0.08556361269000587,0.5566139317055728,0.35782245560442133
25975,LOF,0.056513434922037115,0.026720462576242176,0.9167661025017207
25976,LOF,0.331248156372542,0.01293369397732749,0.6558181496501304
25977,Neutral,0.5049153262717337,0.07676978957844648,0.41831488414981977
25978,LOF,0.17036259527301306,0.16549791149172807,0.664139493235259
25979,LOF,0.10024719372894662,0.16741796927424982,0.7323348369968036
25980,LOF,0.20589966836857368,0.36691607226101475,0.4271842593704116
25981,GOF,0.21399297300167788,0.4429445387169809,0.3430624882813413
25982,LOF,0.17302141316251302,0.30208112073785065,0.5248974660996364
25983,LOF,0.12369016700030307,0.2892686158199529,0.587041217179744
25984,LOF,0.0546349666550816,0.21298168849261262,0.7323833448523058
25985,Neutral,0.5942297457018668,0.20095271284952332,0.20481754144861
25986,GOF,0.03246458337583806,0.6057677839421229,0.361767632682039
25987,LOF,0.3373894535084316,0.1783484102651123,0.48426213622645603
25988,LOF,0.03687884692024755,0.3057816688877791,0.6573394841919735
25989,LOF,0.048341200155616985,0.3880990389728666,0.5635597608715164
25990,LOF,0.05335655564592262,0.43328437059216346,0.5133590737619139
25991,GOF,0.11854839047701417,0.5970230971907805,0.2844285123322054
25992,LOF,0.08668797439446015,0.3033326264432229,0.609979399162317
25993,LOF,0.054546032982377486,0.029789480997881965,0.9156644860197406
25994,LOF,0.08485219494072124,0.030882657837883232,0.8842651472213956
25995,LOF,0.05497771561611574,0.042404832158114115,0.9026174522257702
25996,Neutral,0.35569404458606296,0.29069484627255676,0.3536111091413801
25997,GOF,0.15055316207832092,0.6040196341471163,0.24542720377456267
25998,LOF,0.29739796554889103,0.18452048161726464,0.5180815528338443
25999,LOF,0.0195266471721536,0.39075655875789456,0.5897167940699518
26000,LOF,0.27582515026117116,0.08884195149451876,0.6353328982443102
26001,LOF,0.1693490992615221,0.15007962302421948,0.6805712777142584
26002,LOF,0.33631791975116265,0.04464475391516502,0.6190373263336723
26003,GOF,0.06694700437659563,0.6896731477040542,0.24337984791935016
26004,GOF,0.10700971276008941,0.7035983090300063,0.18939197820990428
26005,GOF,0.03211539257669543,0.8340783268128079,0.1338062806104968
26006,GOF,0.040648872932679124,0.8190609244442646,0.1402902026230562
26007,GOF,0.03127665129045598,0.7740399711055014,0.19468337760404264
26008,GOF,0.08881437378263557,0.7212101083053297,0.18997551791203487
26009,GOF,0.041240111614459084,0.8417575441244084,0.11700234426113265
26010,GOF,0.034467481995945,0.7923439810289993,0.1731885369750556
26011,GOF,0.038366264939399555,0.6446205362218631,0.31701319883873746
26012,GOF,0.03547728573879916,0.7613392570236724,0.20318345723752843
26013,GOF,0.056964162455252425,0.5700841409240452,0.3729516966207024
26014,LOF,0.48304001504864874,0.03233899175927593,0.4846209931920753
26015,LOF,0.29218591889700996,0.17525747910370204,0.532556601999288
26016,LOF,0.23018806530234373,0.10931288874162591,0.6604990459560304
26017,LOF,0.042827361255343414,0.2941083786119383,0.6630642601327182
26018,LOF,0.03848836841990366,0.3206060586590523,0.640905572921044
26019,LOF,0.041238162669893656,0.11417328444255663,0.8445885528875496
26020,GOF,0.021079477993419214,0.4921888114204296,0.48673171058615117
26021,LOF,0.206365851944985,0.190704586805608,0.602929561249407
26022,LOF,0.21705723415964892,0.09196614964178705,0.6909766161985641
26023,LOF,0.049988281892192704,0.11693000428959646,0.8330817138182108
26024,LOF,0.08414767754392433,0.1397297564691155,0.7761225659869602
26025,LOF,0.04452924528518748,0.256006172052607,0.6994645826622055
26026,LOF,0.046355975159572675,0.2919110737972776,0.6617329510431497
26027,LOF,0.07283704064059553,0.10223117655581387,0.8249317828035906
26028,GOF,0.08054500136910682,0.49120942731773237,0.42824557131316077
26029,GOF,0.07955732074181829,0.6931760705956437,0.2272666086625381
26030,Neutral,0.6357261021016101,0.07324382973986214,0.29103006815852783
26031,GOF,0.0269509119527556,0.7259822488680814,0.2470668391791629
26032,LOF,0.06870100162542622,0.17218959853986748,0.7591093998347063
26033,LOF,0.0551761829127744,0.188118800085741,0.7567050170014846
26034,GOF,0.028954779423007407,0.6044687363888113,0.3665764841881813
26035,GOF,0.025887540235627893,0.6790162818747978,0.2950961778895744
26036,GOF,0.023865257243879938,0.610889672563654,0.36524507019246605
26037,GOF,0.034044638339421375,0.5245046875590424,0.4414506741015361
26038,LOF,0.050398745554947055,0.1401360029973687,0.8094652514476842
26039,GOF,0.025700070146338756,0.5286989042908661,0.44560102556279507
26040,LOF,0.04723910981495647,0.13186411381512445,0.820896776369919
26041,GOF,0.04425406449794378,0.5330255989519005,0.42272033655015573
26042,GOF,0.038733472022304344,0.5472991786665952,0.4139673493111004
26043,LOF,0.029124775636914978,0.2982252055952324,0.6726500187678526
26044,LOF,0.21917607828580796,0.20035365224974022,0.5804702694644518
26045,GOF,0.028119174528050444,0.7712917477810187,0.20058907769093087
26046,LOF,0.03411229399842096,0.34753428642766626,0.6183534195739128
26047,LOF,0.12910660227074286,0.15650574765859038,0.7143876500706667
26048,Neutral,0.4958008921383566,0.05555061966486723,0.44864848819677616
26049,Neutral,0.6149228584864485,0.1455931366222856,0.23948400489126584
26050,Neutral,0.668845155646159,0.08854197954255236,0.2426128648112888
26051,LOF,0.06367467905525184,0.37410447765726995,0.5622208432874782
26052,LOF,0.12460878073080565,0.3414379625674101,0.5339532567017843
26053,LOF,0.47019427753423876,0.054492621876283814,0.47531310058947746
26054,Neutral,0.6809026391233005,0.059822331040541306,0.25927502983615824
26055,Neutral,0.6809026391233005,0.059822331040541306,0.25927502983615824
26056,Neutral,0.6809026391233005,0.059822331040541306,0.25927502983615824
26057,LOF,0.08412516611584339,0.05542046172182087,0.8604543721623358
26058,LOF,0.07959762259667823,0.04742960186491214,0.8729727755384096
26059,Neutral,0.8355488882713467,0.059757560310072455,0.10469355141858089
26060,GOF,0.04892511881120715,0.5933241674505793,0.3577507137382136
26061,LOF,0.3065235564670419,0.02963571285713322,0.6638407306758249
26062,LOF,0.3835014102882823,0.07442336344779632,0.5420752262639215
26063,LOF,0.06516059101528496,0.036037268732937375,0.8988021402517776
26064,LOF,0.3533049046846497,0.019605968346056397,0.6270891269692939
26065,LOF,0.0376819464987135,0.05839616041996717,0.9039218930813192
26066,LOF,0.07435817295694319,0.06147754913802923,0.8641642779050276
26067,LOF,0.07312151987187733,0.1099212029817027,0.8169572771464199
26068,Neutral,0.6206624781819887,0.09132636803537715,0.2880111537826342
26069,Neutral,0.6086702715482073,0.08326885386077088,0.3080608745910218
26070,Neutral,0.6086702715482073,0.08326885386077088,0.3080608745910218
26071,LOF,0.05910995996918919,0.06646232275261786,0.8744277172781929
26072,LOF,0.3574605015120315,0.044326080940303034,0.5982134175476655
26073,LOF,0.06407071576459168,0.07603663178394664,0.8598926524514617
26074,Neutral,0.8205669933032637,0.05540766377049465,0.12402534292624168
26075,Neutral,0.621428711755304,0.08258961434641048,0.29598167389828556
26076,LOF,0.053764201296080324,0.10174713086956608,0.8444886678343536
26077,Neutral,0.6446833391035474,0.025519636468636944,0.32979702442781567
26078,LOF,0.33245777772292967,0.03639912620464042,0.6311430960724298
26079,Neutral,0.6700544698160712,0.08676997531509559,0.24317555486883313
26080,Neutral,0.6700544698160712,0.08676997531509559,0.24317555486883313
26081,LOF,0.05233150539580346,0.05400621623007167,0.8936622783741249
26082,LOF,0.33986171445168883,0.09518114055985508,0.5649571449884561
26083,LOF,0.03912504635389573,0.21660752080502768,0.7442674328410767
26084,LOF,0.043349622036319986,0.12178218896236971,0.8348681890013102
26085,LOF,0.038284188614504375,0.1658577949449419,0.7958580164405538
26086,LOF,0.04779313846552363,0.15596674103422623,0.7962401205002502
26087,LOF,0.05277006920799221,0.1960194276825848,0.7512105031094231
26088,LOF,0.4180310583357274,0.1124381926846157,0.4695307489796569
26089,Neutral,0.6736993306135229,0.0857882945645215,0.24051237482195564
26090,Neutral,0.6736993306135229,0.0857882945645215,0.24051237482195564
26091,LOF,0.07401279808181795,0.07501042249576854,0.8509767794224136
26092,LOF,0.05020283699451334,0.07736283378187593,0.8724343292236107
26093,LOF,0.047026461067328704,0.06312797354378909,0.8898455653888822
26094,LOF,0.06911945194799571,0.09468807015408583,0.8361924778979185
26095,LOF,0.24766823676164784,0.1299525937871668,0.6223791694511853
26096,Neutral,0.5988333499879216,0.025326204327239015,0.37584044568483943
26097,LOF,0.32301749562685095,0.03312747127732346,0.6438550330958257
26098,Neutral,0.6726409246361309,0.05933958242789177,0.2680194929359773
26099,LOF,0.03513221656571861,0.1858765298334433,0.7789912536008382
26100,LOF,0.03513221656571861,0.1858765298334433,0.7789912536008382
26101,LOF,0.048399855463970916,0.14458475278737792,0.8070153917486511
26102,LOF,0.05228091658503613,0.08389588961238836,0.8638231938025754
26103,Neutral,0.44465790679168954,0.200456286597001,0.3548858066113095
26104,Neutral,0.7112638730460621,0.09450085597550152,0.1942352709784362
26105,LOF,0.3869611449283886,0.09412578797580873,0.5189130670958026
26106,Neutral,0.4877065868963344,0.21993900976151332,0.2923544033421523
26107,LOF,0.023568467092246838,0.34575110622070476,0.6306804266870484
26108,LOF,0.3691903677328007,0.19211812211953316,0.4386915101476661
26109,Neutral,0.5139146394418054,0.16862180404581922,0.3174635565123754
26110,LOF,0.47876840823516126,0.04124544390846817,0.4799861478563706
26111,LOF,0.05752213220874388,0.2989808074222713,0.6434970603689848
26112,LOF,0.07934127863489703,0.041588631618846524,0.8790700897462564
26113,LOF,0.06103227435272273,0.07104137835583733,0.8679263472914399
26114,LOF,0.32605303800967284,0.1526351150456711,0.521311846944656
26115,GOF,0.03141270669696171,0.5753012544575106,0.3932860388455278
26116,LOF,0.10690149969511828,0.29698487364639675,0.596113626658485
26117,Neutral,0.44465790679168954,0.200456286597001,0.3548858066113095
26118,LOF,0.04278802556882223,0.1026515890876537,0.854560385343524
26119,LOF,0.012365421128328159,0.23462700671210512,0.7530075721595667
26120,LOF,0.0786937733711848,0.048189627287768634,0.8731165993410466
26121,LOF,0.039206134752955465,0.17265853139812265,0.7881353338489219
26122,LOF,0.015609129983845949,0.2696044713909621,0.714786398625192
