feature0,prediction,LoGoFunc_Neutral,LoGoFunc_GOF,LoGoFunc_LOF
25546,Neutral,0.6429607598819962,0.06042240931929832,0.2966168307987054
25547,LOF,0.43923499553756884,0.10786984966652534,0.4528951547959059
25548,Neutral,0.4876777818800664,0.07905589804957179,0.4332663200703618
25549,LOF,0.4111242647625906,0.0834472452043291,0.5054284900330803
25550,LOF,0.34174379302647834,0.148755025866957,0.5095011811065647
25551,LOF,0.2774266757188484,0.1776568165208508,0.5449165077603008
25552,LOF,0.1985754213776457,0.16222726487463476,0.6391973137477196
25553,Neutral,0.791262555858747,0.053353442272652055,0.15538400186860077
25554,LOF,0.2318698935406109,0.15792581146670043,0.6102042949926887
25555,LOF,0.194059501525323,0.13758423766367817,0.6683562608109989
25556,LOF,0.37927456395651366,0.12038296640353637,0.50034246963995
25557,LOF,0.18276964402567816,0.14700945532184767,0.6702209006524741
25558,LOF,0.22662902563514312,0.15422118693833248,0.6191497874265245
25559,LOF,0.17895592726225995,0.12928587230144753,0.6917582004362925
25560,LOF,0.06836124278431287,0.15107786255257405,0.780560894663113
25561,LOF,0.138185761493429,0.14675926964415884,0.7150549688624122
25562,LOF,0.059252162772052794,0.09380244953763502,0.8469453876903121
25563,LOF,0.08498265421251522,0.10160571425341938,0.8134116315340654
25564,LOF,0.21615805414651879,0.19420977787092408,0.5896321679825572
25565,LOF,0.15974778252990326,0.1252002084120502,0.7150520090580466
25566,GOF,0.018899432430587462,0.7707343149537877,0.2103662526156248
25567,LOF,0.019168046506008323,0.19332929228866685,0.7875026612053247
25568,LOF,0.05609413809860177,0.08726781051985329,0.8566380513815449
25569,LOF,0.057699425622851325,0.0839609411978243,0.8583396331793244
25570,LOF,0.028844707254130363,0.12284371823510726,0.8483115745107623
25571,LOF,0.027663784945015066,0.1173515867107646,0.8549846283442203
25572,LOF,0.032179937127455316,0.15059431031309858,0.8172257525594461
25573,LOF,0.027517946654931555,0.11329051967839796,0.8591915336666706
25574,LOF,0.018868249522942197,0.1652199617817764,0.8159117886952814
25575,LOF,0.02272097071760029,0.12831122657415917,0.8489678027082407
25576,LOF,0.012423815777287643,0.16931951378281893,0.8182566704398935
25577,LOF,0.0109208295123436,0.13647216080091915,0.8526070096867373
25578,LOF,0.2859944115714643,0.09864775029472726,0.6153578381338085
25579,LOF,0.1171995918343133,0.10763337162742764,0.7751670365382589
25580,LOF,0.017236322505306146,0.09208449080838402,0.8906791866863097
25581,LOF,0.04250520065537387,0.08459314250477099,0.8729016568398552
25582,LOF,0.042512779152434614,0.08268991674764622,0.8747973040999192
25583,LOF,0.01896869353878347,0.10460783336552129,0.8764234730956952
25584,Neutral,0.5518771114411344,0.11194849699444787,0.33617439156441775
25585,LOF,0.011862233215949635,0.1678296182474825,0.820308148536568
25586,LOF,0.016531395010378706,0.08892303744766546,0.8945455675419558
25587,LOF,0.015894460913536752,0.0808965713689133,0.90320896771755
25588,LOF,0.015978557339224615,0.0962634880921419,0.8877579545686335
25589,Neutral,0.6271027232295555,0.14965271418409304,0.22324456258635159
25590,LOF,0.0189167839600891,0.145378801279913,0.8357044147599979
25591,LOF,0.07909299522937605,0.07065926425509808,0.8502477405155258
25592,LOF,0.046896269973224096,0.159773728806539,0.7933300012202369
25593,LOF,0.022423348389532707,0.25918346118720814,0.7183931904232591
25594,LOF,0.038202351119162224,0.10524817671263663,0.8565494721682012
25595,LOF,0.03922867313254203,0.07918234070938518,0.8815889861580729
25596,LOF,0.04960643029885569,0.06689892936049364,0.8834946403406507
25597,LOF,0.03286384516370806,0.07459631653766835,0.8925398382986236
25598,LOF,0.03518716706663356,0.09268622860890227,0.8721266043244642
25599,GOF,0.008419639391729374,0.5918287238245094,0.39975163678376124
25600,GOF,0.03295109459780341,0.6456652602625566,0.32138364513963996
25601,LOF,0.012448866829011383,0.4371898209239688,0.5503613122470199
25602,LOF,0.012914767464658292,0.04896967311263069,0.9381155594227111
25603,LOF,0.049432304576081436,0.019656418273002057,0.9309112771509165
25604,LOF,0.015292066401562464,0.0715797035080468,0.9131282300903908
25605,LOF,0.00700797480993145,0.22815316117420034,0.7648388640158682
25606,LOF,0.08363414100413061,0.35402637360077654,0.5623394853950929
25607,LOF,0.005068784045578571,0.23854376629185206,0.7563874496625694
25608,LOF,0.012603045246526457,0.11578135712493608,0.8716155976285375
25609,LOF,0.07121618786086004,0.402107131676197,0.526676680462943
25610,LOF,0.019247958789740855,0.025908409530973796,0.9548436316792853
25611,LOF,0.01842066416433678,0.027430729145091304,0.9541486066905719
25612,LOF,0.05770583964987804,0.03708226765910294,0.9052118926910191
25613,LOF,0.05245801447529641,0.03900924639589736,0.9085327391288062
25614,LOF,0.025427456761112847,0.029933717653349345,0.9446388255855378
25615,LOF,0.017642602934898288,0.03965471383597385,0.9427026832291279
25616,LOF,0.05120267667545548,0.028199008575826415,0.9205983147487182
25617,LOF,0.04983742132180256,0.03454249170826705,0.9156200869699304
25618,LOF,0.05886196471538898,0.03389386054832181,0.9072441747362892
25619,LOF,0.01811979243292427,0.033261390990677445,0.9486188165763983
25620,LOF,0.06515684709513256,0.03796578914672561,0.8968773637581418
25621,LOF,0.018718617114381726,0.03767643855714948,0.9436049443284688
25622,LOF,0.022402413068825355,0.04158884790890859,0.936008739022266
25623,LOF,0.03392206208901579,0.03532553083179433,0.9307524070791898
25624,LOF,0.021608554067688884,0.03674423318886858,0.9416472127434425
25625,LOF,0.023046027972040216,0.052048787382938846,0.9249051846450209
25626,LOF,0.05257175240862902,0.03788660444903852,0.9095416431423324
25627,Neutral,0.5841370135976888,0.11314428587449804,0.30271870052781324
25628,LOF,0.1867247980458818,0.06038410875261971,0.7528910932014985
25629,LOF,0.04110072092754369,0.05848387750235164,0.9004154015701048
25630,LOF,0.13352016376024717,0.0978345073135766,0.7686453289261763
25631,Neutral,0.5810054867530691,0.06561680420386612,0.35337770904306487
25632,LOF,0.007973387753681064,0.07159648121406145,0.9204301310322576
25633,LOF,0.21806550964496788,0.04241828917537706,0.739516201179655
25634,LOF,0.02975803261589741,0.0980945237225603,0.8721474436615423
25635,LOF,0.038521182867887103,0.049848837078652695,0.9116299800534601
25636,GOF,0.005489366733404443,0.6257979807414025,0.36871265252519325
25637,GOF,0.007227614212419209,0.6171320418595101,0.3756403439280708
25638,LOF,0.01060850506812242,0.31387706088583456,0.6755144340460429
25639,LOF,0.0048932798531608574,0.466830299213996,0.5282764209328431
25640,Neutral,0.4690821143595032,0.4398697245613013,0.09104816107919556
25641,LOF,0.014250802372657785,0.3292105868417635,0.6565386107855786
25642,LOF,0.2397256305280714,0.061780125202424443,0.6984942442695041
25643,LOF,0.1357445830949204,0.17382995679264157,0.690425460112438
25644,LOF,0.009031543868147123,0.45031553603487884,0.5406529200969741
25645,LOF,0.007569225511044591,0.42527041125536635,0.5671603632335891
25646,LOF,0.012839297816291017,0.3228209458709841,0.6643397563127249
25647,LOF,0.010267468936114169,0.27091438852846905,0.7188181425354168
25648,LOF,0.009553160283158581,0.2674934757327259,0.7229533639841155
25649,LOF,0.007557543339520265,0.20572116185046938,0.7867212948100104
25650,LOF,0.014152034466170115,0.3992443346820031,0.5866036308518268
25651,LOF,0.005610196440644665,0.28107937569758457,0.7133104278617708
25652,LOF,0.009385428284509697,0.2727808735988144,0.7178336981166759
25653,LOF,0.025924575341863133,0.37418986985235325,0.5998855548057835
25654,LOF,0.010269519271647713,0.16054075734123963,0.8291897233871126
25655,LOF,0.04422352916101542,0.4113028608683942,0.5444736099705904
25656,LOF,0.18366947783846552,0.051712974244858476,0.764617547916676
25657,LOF,0.2577033597950231,0.027871876805227954,0.7144247633997489
25658,LOF,0.07710189086363803,0.07389127611465356,0.8490068330217085
25659,LOF,0.418367023927437,0.0674347692178917,0.5141982068546713
25660,LOF,0.0288670002436625,0.09024123018342332,0.8808917695729143
25661,LOF,0.09577080656232718,0.061644884824431596,0.8425843086132412
25662,LOF,0.031075941502532175,0.0416594017852103,0.9272646567122576
25663,LOF,0.04014892440527231,0.06463723243329624,0.8952138431614314
25664,LOF,0.04489189499889631,0.082099630240235,0.8730084747608687
25665,LOF,0.0532314382023788,0.03377189670244535,0.9129966650951759
25666,LOF,0.03407510693185428,0.10540640679834043,0.8605184862698054
25667,LOF,0.06375561919976186,0.048862514449723754,0.8873818663505144
25668,LOF,0.03421097540499522,0.05232385612940402,0.9134651684656007
25669,LOF,0.03152926250587623,0.07269890167610189,0.8957718358180218
25670,LOF,0.05530147573627283,0.06698298286358588,0.8777155414001413
25671,LOF,0.0929765292422564,0.03912290282096289,0.8679005679367807
25672,LOF,0.052688096008708454,0.04439576223862475,0.9029161417526669
25673,LOF,0.024929858113725865,0.06062845427636809,0.914441687609906
25674,LOF,0.02180288420929199,0.07067801699155749,0.9075190987991506
25675,LOF,0.03343308194217442,0.06531046113697013,0.9012564569208554
25676,LOF,0.01883155648929648,0.05494315943100559,0.926225284079698
25677,LOF,0.02957280085694808,0.06660459173333166,0.9038226074097202
25678,LOF,0.1997168748027092,0.05906860635658244,0.7412145188407083
25679,LOF,0.16091933123294597,0.08275196264287375,0.7563287061241802
25680,LOF,0.043712055771892216,0.10879947861017378,0.847488465617934
25681,LOF,0.0665109860886857,0.10046891763932031,0.833020096271994
25682,LOF,0.14237135351926564,0.0726709557681243,0.7849576907126101
25683,LOF,0.07533192655360783,0.11976951270457552,0.8048985607418166
25684,LOF,0.044509223447205815,0.07626445930762858,0.8792263172451656
25685,LOF,0.07345887727225626,0.05350891644720364,0.8730322062805401
25686,LOF,0.02790491328628943,0.08695968669616895,0.8851354000175415
25687,LOF,0.04564253060416037,0.07437445550837199,0.8799830138874677
25688,LOF,0.0443941600541118,0.046470678328116743,0.9091351616177715
25689,LOF,0.02889526559582804,0.05813668067524327,0.9129680537289288
25690,LOF,0.03622885046107392,0.04489006907765643,0.9188810804612697
25691,LOF,0.24783176785032954,0.06475528658755975,0.6874129455621107
25692,LOF,0.26536247134470214,0.006553483065323698,0.7280840455899742
25693,LOF,0.089015225086165,0.2508795229512595,0.6601052519625754
25694,LOF,0.24360924469107287,0.013343545276800688,0.7430472100321265
25695,LOF,0.1505512271004427,0.021858268477411655,0.8275905044221457
25696,LOF,0.12463356541653994,0.012949790233038244,0.8624166443504218
25697,LOF,0.09892725084712407,0.023533288632058696,0.8775394605208173
25698,LOF,0.06060239619970298,0.44986182643694,0.48953577736335696
25699,LOF,0.07247753316480893,0.10152493180630955,0.8259975350288815
25700,LOF,0.05806591307017066,0.011051640936171536,0.9308824459936578
25701,LOF,0.017957932910209196,0.08067848336440851,0.9013635837253824
25702,GOF,0.03682009792177464,0.694506147273216,0.2686737548050093
25703,LOF,0.00829155070175308,0.17406893473133006,0.8176395145669167
25704,LOF,0.0547412939867941,0.1446983894532248,0.8005603165599812
25705,LOF,0.06323718305039626,0.2543705024241882,0.6823923145254155
25706,GOF,0.02417621676620767,0.4959204158962473,0.479903367337545
25707,LOF,0.01630009366668774,0.4643269797572977,0.5193729265760145
25708,LOF,0.008300495939214768,0.4270713920434884,0.5646281120172968
25709,LOF,0.057015220061464346,0.0670594859923922,0.8759252939461434
25710,LOF,0.005121228882503012,0.16733263693519027,0.8275461341823067
25711,LOF,0.017728141771434634,0.1422388512443799,0.8400330069841854
25712,LOF,0.0066974395503204874,0.21473129987440737,0.7785712605752722
25713,LOF,0.01885983090182678,0.1228707082190997,0.8582694608790735
25714,LOF,0.0630915504457699,0.1447683762445584,0.7921400733096717
25715,LOF,0.01171725501969714,0.16958735387609297,0.81869539110421
25716,LOF,0.005684803664613368,0.11860851167213904,0.8757066846632475
25717,LOF,0.005590720169880677,0.10888241977407327,0.885526860056046
25718,LOF,0.012791896157465786,0.11244474033922797,0.8747633635033062
25719,LOF,0.01974024706253743,0.11113786186636403,0.8691218910710985
25720,LOF,0.020590774000618962,0.1086303330341561,0.8707788929652248
25721,LOF,0.01683924197969399,0.1301946127114694,0.8529661453088366
25722,LOF,0.014644633474684811,0.15441584873217715,0.8309395177931381
25723,LOF,0.019957082411783674,0.08645145529758665,0.8935914622906296
25724,LOF,0.017765099705706288,0.1247708143207959,0.8574640859734977
25725,LOF,0.012344097309392918,0.0919354458757145,0.8957204568148925
25726,LOF,0.014291485721353433,0.1425015755546139,0.8432069387240326
25727,LOF,0.012517437925422608,0.10611348518614701,0.8813690768884305
25728,LOF,0.01090936758631518,0.13112967436244896,0.857960958051236
25729,LOF,0.01121081077159779,0.1390932025861879,0.8496959866422142
25730,LOF,0.015708648029986238,0.10964101843719726,0.8746503335328165
25731,LOF,0.007761515860967912,0.14340956490012374,0.8488289192389082
25732,LOF,0.016063565051683167,0.09757717538255467,0.8863592595657622
25733,LOF,0.0162058068288488,0.08831969550805943,0.8954744976630917
25734,LOF,0.0056003249495987905,0.14693947741465693,0.8474601976357443
25735,LOF,0.014322430621474593,0.08654758363602852,0.8991299857424969
25736,LOF,0.014749046710661127,0.12461500721463337,0.8606359460747055
25737,LOF,0.019916750877904912,0.1033023318245597,0.8767809172975355
25738,LOF,0.013301306614555669,0.14978234359032783,0.8369163497951165
25739,LOF,0.020249381042927086,0.12912721278666042,0.8506234061704124
25740,LOF,0.031486805651384946,0.13171507962448795,0.8367981147241271
25741,LOF,0.01564400402958182,0.12297758788011824,0.8613784080903
25742,LOF,0.0904863832332776,0.12708095150210227,0.7824326652646201
25743,LOF,0.014409197291912259,0.03014746298438649,0.9554433397237013
25744,LOF,0.23954519898091714,0.3143480839621011,0.44610671705698174
25745,LOF,0.027639797842454485,0.03705059923695708,0.9353096029205885
25746,LOF,0.01816876011295719,0.04465937672729659,0.9371718631597461
25747,LOF,0.028722839659331225,0.02448751662355229,0.9467896437171165
25748,LOF,0.11588074791207614,0.04008024949880677,0.8440390025891171
25749,LOF,0.014954637869894646,0.03689033943016365,0.9481550226999417
25750,LOF,0.03334408307600354,0.050931309730832555,0.9157246071931638
25751,LOF,0.1133502558125301,0.044904167167595245,0.8417455770198747
25752,GOF,0.09652008724972946,0.6433101088326433,0.26016980391762734
25753,LOF,0.007741657652749824,0.33210350091899493,0.6601548414282553
25754,GOF,0.004846385031249708,0.8043383838360756,0.19081523113267468
25755,LOF,0.009211055551022846,0.4255589935907578,0.5652299508582195
25756,LOF,0.04178776377156611,0.4216228466187502,0.5365893896096836
25757,GOF,0.0056409012404855,0.8583755373757799,0.13598356138373469
25758,GOF,0.006955525354590093,0.8672056346904761,0.12583883995493383
25759,GOF,0.004436495794569783,0.5660310182434272,0.42953248596200305
25760,LOF,0.004728006246629882,0.2853804819367247,0.7098915118166453
25761,GOF,0.04121241383500426,0.8387807477711031,0.12000683839389266
25762,LOF,0.02945933107266041,0.3166762554826315,0.653864413444708
25763,LOF,0.006185363175272552,0.22039332792126476,0.7734213089034627
25764,GOF,0.15574836924846716,0.5487085732074735,0.29554305754405935
25765,GOF,0.0102976854056421,0.7964495825100196,0.1932527320843383
25766,GOF,0.017707092569966245,0.8264522352359069,0.1558406721941269
25767,GOF,0.016665393375822683,0.5013467154111422,0.4819878912130351
25768,LOF,0.07229308597410349,0.0749223488927411,0.8527845651331555
25769,LOF,0.08258894722296194,0.06226119882073375,0.8551498539563042
25770,LOF,0.32879188778713053,0.07040773425376047,0.6008003779591091
25771,LOF,0.014050924211426223,0.05917166387895956,0.9267774119096143
25772,LOF,0.02082205010366316,0.030682574172135345,0.9484953757242014
25773,LOF,0.01155897929792517,0.12243544119967507,0.8660055795023998
25774,LOF,0.024478720240671176,0.06812429938499623,0.9073969803743327
25775,LOF,0.01595897323437279,0.04589563909792799,0.9381453876676993
25776,LOF,0.0878142342291221,0.02464721025443288,0.887538555516445
25777,LOF,0.300033963486549,0.042533334722277355,0.6574327017911737
25778,LOF,0.07673584501958794,0.0451524162881568,0.8781117386922552
25779,GOF,0.06499819427803853,0.8713379070837568,0.0636638986382047
25780,GOF,0.06113497316684746,0.859445249742608,0.07941977709054451
25781,GOF,0.02594014229353873,0.861661863050188,0.11239799465627337
25782,GOF,0.03275095429444552,0.8748804706491319,0.09236857505642258
25783,GOF,0.011727097544751494,0.6902130431779971,0.29805985927725137
25784,GOF,0.11592005763279016,0.8259964495127667,0.05808349285444312
25785,GOF,0.07794446340346438,0.8729528814290343,0.04910265516750145
25786,GOF,0.005631893220398622,0.8002239721036173,0.19414413467598418
25787,GOF,0.17949680850869726,0.7782462137203234,0.04225697777097932
25788,LOF,0.04666053500351949,0.11222438458404234,0.8411150804124381
25789,GOF,0.04037683849152482,0.8011646274403716,0.15845853406810348
25790,GOF,0.04036591862356673,0.8404904475027069,0.11914363387372638
25791,GOF,0.03042091659649428,0.766621980918372,0.20295710248513363
25792,GOF,0.04807421606789094,0.7742303511874011,0.177695432744708
25793,GOF,0.08046776016054555,0.7379317685109136,0.1816004713285408
25794,GOF,0.10716893172521749,0.6811693534978956,0.21166171477688686
25795,GOF,0.026013176208038818,0.7652153893524514,0.20877143443950988
25796,GOF,0.12866725290794928,0.7568858574669555,0.11444688962509532
25797,GOF,0.034979267873479936,0.5784235302130499,0.38659720191347025
25798,GOF,0.003325043006823534,0.5411424601264871,0.45553249686668934
25799,LOF,0.0030802351031955747,0.426812195244248,0.5701075696525564
25800,GOF,0.010707946907354321,0.6278288187580991,0.3614632343345466
25801,GOF,0.027648468871920642,0.81339392549633,0.15895760563174927
25802,GOF,0.017569840130920247,0.7125572697479868,0.2698728901210929
25803,GOF,0.009932996947401816,0.6054115081518883,0.3846554949007098
25804,LOF,0.01204096653741119,0.48567990452698906,0.5022791289355997
25805,GOF,0.02007086283968026,0.5929243742795872,0.3870047628807324
25806,GOF,0.017938277340860686,0.6312977167528722,0.3507640059062671
25807,GOF,0.005360020623023091,0.6380214454157482,0.3566185339612286
25808,GOF,0.014526638066316253,0.6330076971823659,0.35246566475131796
25809,GOF,0.00579707607302896,0.6139536998766385,0.38024922405033246
25810,GOF,0.004782411106612705,0.6271132437320088,0.36810434516137847
25811,GOF,0.08819164077488781,0.8073419459468387,0.10446641327827343
25812,GOF,0.012820381234570633,0.6196072424953435,0.3675723762700858
25813,GOF,0.10732993953931537,0.7485974373624816,0.14407262309820287
25814,GOF,0.029642720338551958,0.7089779980256252,0.2613792816358229
25815,GOF,0.045362754673673025,0.7199226341494714,0.23471461117685558
25816,GOF,0.007643239272318967,0.7474553091248617,0.24490145160281945
25817,GOF,0.07230266241095512,0.762111737004415,0.1655856005846299
25818,GOF,0.016861178205111085,0.7092393615895269,0.273899460205362
25819,GOF,0.07105809673655736,0.7428125298721965,0.18612937339124613
25820,GOF,0.033595119407673346,0.7233035741497261,0.2431013064426006
25821,GOF,0.01635623889493562,0.7115739419501195,0.2720698191549449
25822,GOF,0.036069475580432296,0.7131806608947137,0.250749863524854
25823,GOF,0.011374714873224943,0.5599585123935766,0.42866677273319836
25824,GOF,0.021606106180023028,0.678201209347876,0.3001926844721011
25825,GOF,0.01238396897318013,0.6602396044907148,0.327376426536105
25826,GOF,0.0047450145950403855,0.6232779587881243,0.3719770266168353
25827,GOF,0.007734319746136263,0.6304295736035066,0.36183610665035715
25828,GOF,0.005044747557954076,0.5549328600167786,0.4400223924252673
25829,GOF,0.0029498800927670317,0.6144514050112412,0.38259871489599184
25830,LOF,0.036885711729290685,0.35473749821228007,0.6083767900584293
25831,GOF,0.032934825761779175,0.8322114712305431,0.13485370300767768
25832,GOF,0.008054359646013315,0.7778109622351389,0.2141346781188478
25833,GOF,0.027550043296801774,0.8133600722449661,0.15908988445823213
25834,GOF,0.008347053675496182,0.7778928616814772,0.21376008464302668
25835,GOF,0.018059982518344182,0.8340364699328637,0.1479035475487921
25836,GOF,0.006985324719943322,0.7837970417506593,0.20921763352939735
25837,GOF,0.006536534246405262,0.684350920289645,0.3091125454639498
25838,GOF,0.019241559022963733,0.8476519797289174,0.13310646124811884
25839,GOF,0.04471449173110325,0.8034176197629032,0.1518678885059935
25840,GOF,0.03670896378294042,0.8249881219968294,0.1383029142202304
25841,GOF,0.03564043913744781,0.8452593296869776,0.1191002311755746
25842,GOF,0.023458910455040036,0.8650646572865648,0.1114764322583953
25843,GOF,0.025490763375031474,0.880031131011217,0.09447810561375157
25844,GOF,0.01585001322226487,0.8125758719065777,0.1715741148711575
25845,GOF,0.0052262073471325094,0.5917795325120289,0.4029942601408386
25846,GOF,0.024338034519330202,0.8499038834366893,0.12575808204398053
25847,GOF,0.018749044354578723,0.8827161924419114,0.09853476320351001
25848,GOF,0.01365524419455532,0.7940155653129122,0.19232919049253236
25849,GOF,0.004626636696055376,0.6765945487069273,0.3187788145970173
25850,GOF,0.007375452876068375,0.7170750897739427,0.27554945734998887
25851,GOF,0.0064565762576793495,0.5896871525489253,0.4038562711933954
25852,GOF,0.1633569156463183,0.5266197897180552,0.31002329463562656
25853,GOF,0.06614151648826083,0.8363378110690329,0.09752067244270632
25854,GOF,0.009954923718126394,0.6521979754298335,0.3378471008520401
25855,GOF,0.01376212501302024,0.6065430941621481,0.37969478082483166
25856,GOF,0.04046956819013497,0.7178219317485001,0.24170850006136513
25857,GOF,0.013970810877634592,0.5542393847344125,0.43178980438795295
25858,GOF,0.007980226097062844,0.5558973838116943,0.4361223900912428
25859,GOF,0.0054008468506595115,0.5383593134750023,0.4562398396743382
25860,GOF,0.07124750380879469,0.7986205774459963,0.13013191874520894
25861,GOF,0.11199326360162487,0.782257319519523,0.10574941687885207
25862,GOF,0.018437248313781192,0.8368489051927338,0.14471384649348493
25863,GOF,0.01733307931422402,0.8613475575626602,0.12131936312311573
25864,GOF,0.04093377567134153,0.8832672468723957,0.07579897745626278
25865,GOF,0.028929789585574538,0.8494399612874037,0.12163024912702157
25866,GOF,0.023155919457974038,0.8441571574514478,0.13268692309057817
25867,GOF,0.02486847035065963,0.8701165991707438,0.10501493047859664
25868,GOF,0.050175186712098856,0.8072864357043769,0.14253837758352436
25869,GOF,0.2807303614789057,0.6212014346637388,0.09806820385735547
25870,GOF,0.19255343423444232,0.5385944933115084,0.26885207245404924
25871,GOF,0.029785709323623243,0.8579096526395507,0.11230463803682615
25872,GOF,0.01611829707648682,0.7923825095520761,0.19149919337143706
25873,GOF,0.017743275546271843,0.8600111795997266,0.12224554485400149
25874,LOF,0.017212015166829266,0.12397297048718313,0.8588150143459876
25875,LOF,0.02597916774879867,0.03432747793155931,0.9396933543196421
25876,LOF,0.013868829779175182,0.026960585541452524,0.9591705846793722
25877,LOF,0.12637224919714235,0.07028769259704319,0.8033400582058146
25878,LOF,0.04784027869412836,0.08744522896083062,0.8647144923450412
25879,LOF,0.023534548514499563,0.0707781527106186,0.9056872987748819
25880,LOF,0.041231653829130285,0.010135153385174142,0.9486331927856957
25881,Neutral,0.5863997981836679,0.04487999755867064,0.3687202042576614
25882,LOF,0.023795535847422906,0.030122840974445154,0.9460816231781319
25883,LOF,0.07908958622443438,0.02379823072184793,0.8971121830537176
25884,LOF,0.012467307757669037,0.038933289127559854,0.9485994031147711
25885,LOF,0.18249262893735624,0.006620726095057042,0.8108866449675867
25886,LOF,0.3283892842074352,0.045348397977459654,0.6262623178151052
25887,LOF,0.1682440088752756,0.0573208031845003,0.7744351879402241
25888,LOF,0.012937204549951262,0.1050841105802906,0.8819786848697581
25889,LOF,0.014266898824250586,0.031190064141837927,0.9545430370339114
25890,LOF,0.11082922380730902,0.0832197373974084,0.8059510387952826
25891,LOF,0.042309322964149056,0.036156716466203394,0.9215339605696476
25892,LOF,0.011276289206443014,0.04819960279828359,0.9405241079952733
25893,LOF,0.39931957933210144,0.014822495142331,0.5858579255255677
25894,LOF,0.41625402068034434,0.007573443512994851,0.5761725358066608
25895,LOF,0.3632575707145704,0.015264316797617484,0.621478112487812
25896,LOF,0.045545296179301316,0.030382797807750894,0.9240719060129478
25897,LOF,0.22405601173289208,0.013774887014033132,0.7621691012530748
25898,LOF,0.21684719609760778,0.03798893883180313,0.7451638650705891
25899,LOF,0.18952570966470886,0.03059746894629749,0.7798768213889936
25900,LOF,0.47104075715718274,0.013071691142763532,0.5158875517000537
25901,LOF,0.0488807360181758,0.012645881558282532,0.9384733824235416
25902,LOF,0.1018651202952321,0.019206199672737175,0.8789286800320308
25903,LOF,0.3813872361777998,0.03715074008378354,0.5814620237384167
25904,LOF,0.3164225831127082,0.04447927200091604,0.6390981448863758
25905,LOF,0.006747382420764858,0.4216700014806967,0.5715826160985384
25906,LOF,0.009121361814529801,0.12281028102537897,0.8680683571600912
25907,LOF,0.003972959696636477,0.3901126370788916,0.6059144032244719
25908,LOF,0.004034013196186489,0.266698514557621,0.7292674722461925
25909,LOF,0.01345336416793176,0.1623003453989797,0.8242462904330885
25910,LOF,0.01666902989011635,0.1319364041243933,0.8513945659854903
25911,LOF,0.15717209082795958,0.03185887704564081,0.8109690321263995
25912,LOF,0.07788009391320659,0.048636318402279145,0.8734835876845144
25913,LOF,0.07798803918169021,0.053165895976767186,0.8688460648415426
25914,LOF,0.021577616541882786,0.05366696123417244,0.9247554222239448
25915,LOF,0.14473052967113392,0.25433417838917727,0.6009352919396889
25916,LOF,0.021796750137138006,0.16702943399228112,0.8111738158705808
25917,LOF,0.05552915104197801,0.04066185340955804,0.903808995548464
25918,LOF,0.026110409890775985,0.02999892107469407,0.9438906690345299
25919,LOF,0.021719993411301854,0.028509591914502568,0.9497704146741955
25920,LOF,0.1071372392138835,0.226164563439789,0.6666981973463275
25921,LOF,0.00989592174213531,0.033788206683468186,0.9563158715743966
25922,LOF,0.012359129394657506,0.0280364314748087,0.9596044391305338
25923,LOF,0.47977097881216857,0.035890710221503454,0.48433831096632807
25924,LOF,0.01667765413255012,0.03992313714999308,0.9433992087174569
25925,LOF,0.07532335647816468,0.04415053980812031,0.880526103713715
25926,LOF,0.0560471204229299,0.03710762386430552,0.9068452557127646
25927,LOF,0.020269211918290425,0.05917567421123276,0.9205551138704767
25928,LOF,0.0077536414856834435,0.046769281040075494,0.945477077474241
25929,Neutral,0.5942282480883653,0.03816107793864184,0.3676106739729929
25930,LOF,0.06262756525141097,0.031197439956954183,0.9061749947916349
25931,LOF,0.00999824036627641,0.03360881106863038,0.9563929485650932
25932,LOF,0.02995141628074323,0.027084638051839954,0.9429639456674167
25933,LOF,0.03945210741255637,0.01748841269326238,0.9430594798941813
25934,LOF,0.02723683566670209,0.019749477024171447,0.9530136873091264
25935,LOF,0.0738690684069634,0.047738929705776596,0.87839200188726
25936,LOF,0.043446128782743884,0.024005513369426898,0.9325483578478292
25937,LOF,0.009304600896240429,0.034780658763968415,0.9559147403397912
25938,LOF,0.06871178962978526,0.05674920948659933,0.8745390008836155
25939,LOF,0.03784306228155844,0.022779485178495942,0.9393774525399456
25940,LOF,0.009625018340018396,0.3149101884094547,0.6754647932505269
25941,Neutral,0.5203059945857873,0.02930576660572054,0.45038823880849216
25942,LOF,0.00506294771581621,0.038728677888959354,0.9562083743952244
25943,LOF,0.03374841974176,0.12815328805058526,0.8380982922076546
25944,LOF,0.11853001623772874,0.06708674058362969,0.8143832431786415
25945,LOF,0.05704318810943621,0.01739832814425675,0.9255584837463069
25946,LOF,0.0699376539037824,0.05773707235798307,0.8723252737382345
25947,Neutral,0.47504493370443523,0.0814250604220915,0.4435300058734733
25948,LOF,0.3440428218406533,0.00840579009454768,0.647551388064799
25949,LOF,0.0973579119327638,0.050876110047391836,0.8517659780198442
25950,GOF,0.036924175791797076,0.5316148516087496,0.4314609725994533
25951,LOF,0.016164527976549336,0.39542473447436327,0.5884107375490873
25952,LOF,0.2386773900952208,0.27118250040478226,0.4901401094999968
25953,LOF,0.012967764837491451,0.18304154311537973,0.8039906920471288
25954,LOF,0.051466988968215326,0.4345402217592487,0.513992789272536
25955,LOF,0.009760340173949836,0.16209966740513956,0.8281399924209106
25956,LOF,0.02805885330686067,0.2785271622994792,0.6934139843936601
25957,LOF,0.16423719018749655,0.0310282856310616,0.8047345241814418
25958,LOF,0.05336752721857518,0.028243108055897036,0.9183893647255278
25959,LOF,0.01285456213604936,0.48732370292520466,0.499821734938746
25960,LOF,0.005763366886668898,0.05521061492536725,0.9390260181879639
25961,LOF,0.03993555693923155,0.025728622045285653,0.9343358210154827
25962,LOF,0.03315103328031428,0.07959203862389931,0.8872569280957865
25963,LOF,0.005609188458071224,0.24652593737889325,0.7478648741630355
25964,LOF,0.034615719758254566,0.09484807663780466,0.8705362036039409
25965,LOF,0.33297424080124605,0.14411550325179623,0.5229102559469577
25966,Neutral,0.48650886664452936,0.1407635009457743,0.3727276324096963
25967,LOF,0.006264116826417676,0.08525146058099912,0.9084844225925832
25968,LOF,0.05359338905098046,0.25431619815436407,0.6920904127946554
25969,LOF,0.1394750644745732,0.07432815726932669,0.7861967782561
25970,LOF,0.017029115195303535,0.08717323368470026,0.8957976511199962
25971,LOF,0.06511199384891135,0.027646821081570613,0.907241185069518
25972,LOF,0.06297316898305362,0.036466419969669296,0.900560411047277
25973,LOF,0.05509040748965809,0.01221872242023857,0.9326908700901034
25974,LOF,0.034145027479404004,0.04081046608287837,0.9250445064377176
25975,LOF,0.04584752126311535,0.02937291826258335,0.9247795604743012
25976,LOF,0.10286762813585155,0.013684734969535282,0.8834476368946133
25977,LOF,0.19452178969429498,0.05437164724823014,0.7511065630574748
25978,LOF,0.12780037704283434,0.13299900081935623,0.7392006221378095
25979,LOF,0.11914093512766132,0.13381211482963476,0.7470469500427039
25980,LOF,0.2478576307018526,0.15475970346193718,0.5973826658362102
25981,LOF,0.27921556074374065,0.15267459227482968,0.5681098469814296
25982,LOF,0.3944824976795797,0.1036208066289322,0.5018966956914881
25983,LOF,0.37481668832531906,0.11454994462093301,0.510633367053748
25984,LOF,0.04335452940827639,0.06436576670743081,0.8922797038842928
25985,LOF,0.41421715853585267,0.1114969981639653,0.4742858433001819
25986,LOF,0.011672764793600637,0.38200013945196354,0.6063270957544358
25987,LOF,0.03363580018724284,0.09963189055827362,0.8667323092544835
25988,LOF,0.16665741702531597,0.098679731289834,0.73466285168485
25989,LOF,0.03885898127445933,0.13480628150105387,0.8263347372244868
25990,LOF,0.03927740452068502,0.21297762232575487,0.74774497315356
25991,LOF,0.021134859886447605,0.36484293559858255,0.6140222045149699
25992,LOF,0.02568095316312785,0.3502285419702635,0.6240905048666086
25993,LOF,0.02051373269403974,0.09042956165479135,0.889056705651169
25994,LOF,0.0152031743631689,0.08477716695042832,0.9000196586864028
25995,LOF,0.020032242805334204,0.18257903522731325,0.7973887219673526
25996,Neutral,0.36127122680465173,0.2901505780199948,0.3485781951753535
25997,LOF,0.08562498666994166,0.34501625730862623,0.5693587560214322
25998,LOF,0.2987404284581035,0.05221908909746393,0.6490404824444326
25999,LOF,0.01607129673519125,0.25292008150511747,0.7310086217596913
26000,LOF,0.15567846178306297,0.03364181173890645,0.8106797264780305
26001,LOF,0.3095466551143492,0.03056539595163203,0.6598879489340188
26002,LOF,0.06817928226924087,0.05552237807517076,0.8762983396555883
26003,GOF,0.004026714962342032,0.6240514933182194,0.37192179171943845
26004,GOF,0.006347663901957756,0.7112004442001245,0.2824518918979177
26005,GOF,0.0030594847860751337,0.5111910163858674,0.48574949882805746
26006,GOF,0.07636301724738723,0.5911005255732202,0.3325364571793925
26007,GOF,0.00682151741649898,0.5906002442478784,0.4025782383356227
26008,GOF,0.005786585883943535,0.671460955537497,0.3227524585785596
26009,GOF,0.006566933399738951,0.6741566030088859,0.3192764635913751
26010,GOF,0.00785985149275376,0.7078636209732151,0.28427652753403104
26011,GOF,0.002868258488583753,0.5094395524904258,0.4876921890209904
26012,GOF,0.0041336977594595686,0.578923078910558,0.4169432233299824
26013,GOF,0.005331547238139373,0.6430783186138239,0.35159013414803664
26014,LOF,0.04628301006274765,0.10870923444621058,0.8450077554910418
26015,LOF,0.12854896577072217,0.017032644973000825,0.8544183892562771
26016,LOF,0.278125195690037,0.03471657145486589,0.687158232855097
26017,LOF,0.023520571363798988,0.16794391067014333,0.8085355179660577
26018,LOF,0.0621947796709086,0.03422208213742356,0.9035831381916678
26019,LOF,0.060022384740062246,0.027772557119063165,0.9122050581408745
26020,LOF,0.008338511606165796,0.1842616526526331,0.8073998357412011
26021,LOF,0.06746257955353936,0.06521220778011425,0.8673252126663463
26022,LOF,0.02784290047661353,0.021223304014391726,0.9509337955089948
26023,LOF,0.0395988180211707,0.02004478995735388,0.9403563920214754
26024,LOF,0.044030469251772425,0.06703424598283836,0.8889352847653892
26025,LOF,0.05495477741341981,0.06918671364747236,0.8758585089391078
26026,LOF,0.12191125775080532,0.05058911326526265,0.827499628983932
26027,LOF,0.05364739527389217,0.0162499949446964,0.9301026097814115
26028,LOF,0.08699738322722746,0.12118901150451711,0.7918136052682554
26029,LOF,0.027402985794566497,0.19340254690966296,0.7791944672957705
26030,LOF,0.14807455966563396,0.027531937147812574,0.8243935031865535
26031,LOF,0.013846505459515787,0.14769459725981754,0.8384588972806667
26032,LOF,0.07979799555127264,0.05993935663995832,0.8602626478087692
26033,LOF,0.07928097351811622,0.05723442448874043,0.8634846019931434
26034,LOF,0.01530186066464635,0.16835934931069754,0.8163387900246561
26035,LOF,0.014416618187325043,0.13147561729697854,0.8541077645156964
26036,LOF,0.018520468290994855,0.16859971012821945,0.8128798215807858
26037,LOF,0.012425373028074735,0.11551248719066198,0.8720621397812632
26038,LOF,0.06755020822262471,0.057773605319607096,0.8746761864577682
26039,LOF,0.023931495323079494,0.15595906166237503,0.8201094430145455
26040,LOF,0.11101005198859693,0.1310001431283034,0.7579898048830996
26041,LOF,0.014273049954685806,0.09629280186148109,0.8894341481838332
26042,LOF,0.01295758794870749,0.10139616376070364,0.8856462482905888
26043,LOF,0.06664487110764038,0.07197850012562511,0.8613766287667345
26044,LOF,0.013228326106211207,0.06544670544729225,0.9213249684464965
26045,LOF,0.05119811327189471,0.09999683446449305,0.8488050522636122
26046,LOF,0.059868267221892195,0.05786632983631301,0.8822654029417948
26047,LOF,0.10390805604267361,0.05910788482801487,0.8369840591293115
26048,LOF,0.0435152525588245,0.0410960224417742,0.9153887249994014
26049,Neutral,0.9657758935835098,0.0057236452194581915,0.028500461197032208
26050,Neutral,0.9507605251497242,0.0071717138789745,0.042067760971301216
26051,LOF,0.014293343615722825,0.18903413226037516,0.7966725241239019
26052,LOF,0.022666756415741184,0.24039601549576065,0.7369372280884982
26053,LOF,0.0232139745197309,0.1474937532542755,0.8292922722259937
26054,LOF,0.051120794786971444,0.01650507674696791,0.9323741284660606
26055,LOF,0.06550239519302503,0.01664811026321183,0.9178494945437632
26056,LOF,0.05469039244802214,0.01873409208371586,0.9265755154682621
26057,LOF,0.03213750918700324,0.011286981968059653,0.956575508844937
26058,LOF,0.03332260314501082,0.009755206705868026,0.956922190149121
26059,LOF,0.31167095184576676,0.020118917237821582,0.6682101309164117
26060,LOF,0.009386744880645476,0.14589522323221957,0.8447180318871349
26061,LOF,0.0052324277371832185,0.014431171037391414,0.9803364012254253
26062,LOF,0.004141542040837,0.01941025741540977,0.9764482005437533
26063,LOF,0.02290281542005235,0.010096717364090067,0.9670004672158576
26064,LOF,0.0068355005716593895,0.023238263422768732,0.9699262360055719
26065,LOF,0.02314479564032424,0.011897795844928128,0.9649574085147476
26066,LOF,0.02120323330035727,0.010153402014427788,0.968643364685215
26067,LOF,0.030797278167501062,0.008937281654183784,0.9602654401783153
26068,LOF,0.0443649348550355,0.030100878076363833,0.9255341870686007
26069,LOF,0.28226774713056313,0.017860638774066736,0.6998716140953701
26070,LOF,0.45347389414434514,0.014003028637247455,0.5325230772184074
26071,LOF,0.02220990429726068,0.011355931752233825,0.9664341639505055
26072,LOF,0.005313777669717428,0.027303567617399067,0.9673826547128834
26073,LOF,0.018760713175308957,0.013220427261361063,0.9680188595633299
26074,Neutral,0.9098739053591293,0.006214068922984246,0.08391202571788658
26075,LOF,0.04268933879678654,0.016373064332558213,0.9409375968706553
26076,LOF,0.03973394856552346,0.009266668967700962,0.9509993824667755
26077,LOF,0.11117407487029785,0.008919208975329315,0.8799067161543729
26078,LOF,0.005568758772881198,0.016074208561226454,0.9783570326658925
26079,LOF,0.05654317163796143,0.01763166915411782,0.9258251592079206
26080,LOF,0.05422033850161772,0.017672540929196595,0.9281071205691858
26081,LOF,0.03144523744087322,0.007445815517628325,0.9611089470414984
26082,LOF,0.004532540654463607,0.01719209403800876,0.9782753653075277
26083,LOF,0.13630941203790453,0.015336647788022056,0.8483539401740734
26084,LOF,0.03711228594275593,0.012941828112902355,0.9499458859443416
26085,LOF,0.03292824985571902,0.011929805548260109,0.9551419445960209
26086,LOF,0.020646745195117142,0.01160195827623265,0.9677512965286502
26087,LOF,0.02147539539231487,0.009199570877783074,0.9693250337299021
26088,LOF,0.005486355104435603,0.024882995636602363,0.969630649258962
26089,LOF,0.03997609645972936,0.0213835580740442,0.9386403454662264
26090,LOF,0.038950057824589296,0.017585817974386266,0.9434641242010243
26091,LOF,0.029364470632999205,0.006836262485576989,0.9637992668814238
26092,LOF,0.02096608612551101,0.008223100136622334,0.9708108137378667
26093,LOF,0.04093556488727771,0.006129235132748933,0.9529351999799733
26094,LOF,0.028962118009580925,0.006561554490904582,0.9644763274995144
26095,LOF,0.01636193945864417,0.019457630206569668,0.9641804303347861
26096,LOF,0.15056180129338995,0.006341365843788783,0.8430968328628212
26097,LOF,0.004762806143135046,0.04205537603075222,0.9531818178261127
26098,LOF,0.07424754234306205,0.01468688703832224,0.9110655706186156
26099,LOF,0.019179761245554455,0.013648871942850782,0.9671713668115947
26100,LOF,0.02186018550710914,0.013249051346777526,0.9648907631461133
26101,LOF,0.04876047261950927,0.019154847523375616,0.9320846798571152
26102,LOF,0.02102374153339761,0.013668730432395079,0.9653075280342074
26103,Neutral,0.8777993720883314,0.019131438565520506,0.10306918934614802
26104,LOF,0.06746612506916266,0.02238953147903622,0.9101443434518011
26105,LOF,0.20412829668056315,0.1586284257126962,0.6372432776067407
26106,LOF,0.3038966245675392,0.1112097724453904,0.5848936029870704
26107,LOF,0.024505106173298707,0.0979489433760134,0.877545950450688
26108,LOF,0.3384635070513973,0.03927932294621513,0.6222571700023876
26109,LOF,0.03324958787059474,0.06724276972033899,0.8995076424090662
26110,LOF,0.20479324949917604,0.005919368865491303,0.7892873816353326
26111,LOF,0.08055813400340306,0.08018966110832153,0.8392522048882755
26112,LOF,0.03528123822888857,0.00684323479522506,0.9578755269758864
26113,LOF,0.0592634660213493,0.014674882612377331,0.9260616513662734
26114,LOF,0.06483319693484266,0.012968490561047947,0.9221983125041093
26115,LOF,0.016412123956391165,0.06999744228751155,0.9135904337560972
26116,LOF,0.07843959595465264,0.0399443821357612,0.8816160219095862
26117,LOF,0.4140640975930404,0.04543824594735389,0.5404976564596056
26118,LOF,0.033109616442609326,0.024273125002916302,0.9426172585544743
26119,LOF,0.0046310723534053345,0.04516477569860283,0.9502041519479919
26120,LOF,0.02398985103645732,0.019784617757855394,0.9562255312056873
26121,LOF,0.0042979373739849966,0.14943845370708406,0.8462636089189309
