feature0,prediction,LoGoFunc_Neutral,LoGoFunc_GOF,LoGoFunc_LOF
25546,Neutral,0.7401341270030146,0.032643117312945454,0.22722275568403985
25547,Neutral,0.6122848029250282,0.06480974345345683,0.32290545362151485
25548,Neutral,0.617114187330233,0.04735625879361164,0.33552955387615546
25549,Neutral,0.5443169638215566,0.04636347552807383,0.4093195606503696
25550,LOF,0.37907513296103257,0.09927492933875719,0.5216499377002103
25551,LOF,0.3010714811893703,0.10629329911932822,0.5926352196913014
25552,LOF,0.22284550384164545,0.10240007502152482,0.6747544211368297
25553,Neutral,0.8640371454309203,0.024103519339361595,0.11185933522971801
25554,LOF,0.263437669814714,0.09829259198831411,0.638269738196972
25555,LOF,0.21602738396359325,0.08660199549951204,0.6973706205368946
25556,Neutral,0.47432514859393643,0.08140254213302704,0.4442723092730365
25557,LOF,0.20349532862213615,0.0913377107036936,0.7051669606741704
25558,LOF,0.24306235158254685,0.09857078509506562,0.6583668633223875
25559,LOF,0.3883478597322655,0.10615213725237213,0.5055000030153624
25560,LOF,0.05612572361557707,0.13512534439950294,0.80874893198492
25561,LOF,0.12531598310929287,0.13758332674262982,0.7371006901480773
25562,LOF,0.086828813716107,0.07236505934128443,0.8408061269426085
25563,LOF,0.10476601724496043,0.06671393823126803,0.8285200445237715
25564,LOF,0.25243753134686214,0.12546160521471555,0.6221008634384223
25565,LOF,0.1386497457597792,0.13098627467600377,0.7303639795642171
25566,GOF,0.011980686637308587,0.7539338607345729,0.23408545262811856
25567,LOF,0.018142429649552323,0.1834125970826464,0.7984449732678013
25568,LOF,0.05404229194768643,0.06863121802311882,0.8773264900291948
25569,LOF,0.058283318408707846,0.0683705955818374,0.8733460860094548
25570,LOF,0.055017692264951526,0.11493720763255004,0.8300451001024985
25571,LOF,0.05042353569568675,0.10613239403894666,0.8434440702653666
25572,LOF,0.06416812080614301,0.12532495453022854,0.8105069246636284
25573,LOF,0.03379602559014408,0.09947480053698769,0.8667291738728683
25574,LOF,0.02067667000394343,0.15230905246452686,0.8270142775315298
25575,LOF,0.03997347075438854,0.12249059488352831,0.8375359343620832
25576,LOF,0.01920292008373472,0.1400603633306985,0.8407367165855668
25577,LOF,0.015778060405870663,0.12196074266191984,0.8622611969322095
25578,LOF,0.2988818065642231,0.09162511930559193,0.6094930741301849
25579,LOF,0.12914548325683678,0.10671651309407003,0.7641380036490933
25580,LOF,0.026863823905655768,0.09026388944078276,0.8828722866535614
25581,LOF,0.050074445945702574,0.07063546802089052,0.879290086033407
25582,LOF,0.04946679024687329,0.06909353900888146,0.8814396707442452
25583,LOF,0.03331054847719613,0.1037891469092245,0.8629003046135794
25584,Neutral,0.4867531864573561,0.12284167124216357,0.3904051423004803
25585,LOF,0.019391313840728765,0.13042448268002066,0.8501842034792506
25586,LOF,0.026425276151011368,0.08326019022060438,0.8903145336283843
25587,LOF,0.02658709963523379,0.07786892065418476,0.8955439797105815
25588,LOF,0.027830779224932184,0.09462029944242466,0.8775489213326431
25589,Neutral,0.641042468650521,0.12084223593082408,0.2381152954186551
25590,LOF,0.03489862118085653,0.1337179580356224,0.8313834207835211
25591,LOF,0.09299826411476522,0.06089151606940972,0.8461102198158251
25592,LOF,0.09885570953123048,0.14764424104172894,0.7535000494270406
25593,LOF,0.034107386257628367,0.2765505000785559,0.6893421136638157
25594,LOF,0.047112743151723445,0.14052702922183308,0.8123602276264434
25595,LOF,0.06159535768499363,0.09734820712952826,0.8410564351854781
25596,LOF,0.057833398610225024,0.07306951560186074,0.8690970857879142
25597,LOF,0.03869012627867895,0.06635331369970777,0.8949565600216133
25598,LOF,0.05465945413069979,0.0947140446931026,0.8506265011761975
25599,GOF,0.006695093268867025,0.5967297286715504,0.3965751780595825
25600,GOF,0.01322765933575644,0.59586427291086,0.39090806775338355
25601,LOF,0.010020562496737974,0.43231017711425307,0.5576692603890089
25602,LOF,0.016353714382181524,0.0576986729664944,0.925947612651324
25603,LOF,0.054621563729227995,0.02388727530779794,0.9214911609629741
25604,LOF,0.028925255017549292,0.05759180735426213,0.9134829376281886
25605,LOF,0.00877642523677988,0.24080537219663836,0.7504182025665818
25606,LOF,0.07468515189609784,0.39479355115094306,0.530521296952959
25607,LOF,0.006036102007498393,0.20233935225961228,0.7916245457328893
25608,LOF,0.01667280942613075,0.08063064952306143,0.9026965410508079
25609,LOF,0.054061801016801914,0.376740618277468,0.5691975807057301
25610,LOF,0.030898818846381595,0.02460061581878106,0.9445005653348374
25611,LOF,0.036680772082650526,0.02277859886168867,0.9405406290556609
25612,LOF,0.09902627559570022,0.0393558605089345,0.8616178638953653
25613,LOF,0.08703386993830337,0.040159426078210325,0.8728067039834864
25614,LOF,0.028783132956677865,0.03177393315465611,0.939442933888666
25615,LOF,0.03550165974813398,0.041457269747850155,0.923041070504016
25616,LOF,0.024878290963893837,0.031313650295527545,0.9438080587405786
25617,LOF,0.02498643434483871,0.034065013982353974,0.9409485516728073
25618,LOF,0.13552593362816714,0.02836659343225782,0.836107472939575
25619,LOF,0.027889495116553902,0.028888560029140985,0.9432219448543051
25620,LOF,0.030732678379226976,0.03792639212357631,0.9313409294971967
25621,LOF,0.025752330346291836,0.03180432543409382,0.9424433442196144
25622,LOF,0.03391373710626432,0.03567810471137834,0.9304081581823573
25623,LOF,0.051780005515998796,0.025989279374242526,0.9222307151097587
25624,LOF,0.023866290274583125,0.0365945791360216,0.9395391305893953
25625,LOF,0.03413467927377623,0.03885662116977638,0.9270086995564474
25626,LOF,0.07801050088143913,0.03389628659443858,0.8880932125241223
25627,Neutral,0.5583963364204036,0.10999528401469257,0.3316083795649038
25628,LOF,0.20310845087437474,0.05580913871312396,0.7410824104125013
25629,LOF,0.05915222311956846,0.06096404552764544,0.8798837313527861
25630,LOF,0.19025897561425278,0.08358586844444188,0.7261551559413054
25631,Neutral,0.612174916343915,0.05949305950748868,0.32833202414859647
25632,LOF,0.013115464637840626,0.10830623357757865,0.8785783017845807
25633,LOF,0.09849816834786213,0.08972190768203189,0.811779923970106
25634,LOF,0.032262937595150275,0.12104418129266623,0.8466928811121834
25635,LOF,0.0368272891614488,0.08781427268406579,0.8753584381544854
25636,GOF,0.003669043325772566,0.6113919952965887,0.3849389613776388
25637,GOF,0.003376629898205648,0.6635733784475258,0.3330499916542685
25638,LOF,0.006298779813630616,0.42085697267435035,0.572844247512019
25639,GOF,0.0035660271452022177,0.5258418292110332,0.47059214364376456
25640,GOF,0.4441401633827437,0.4963814491231584,0.059478387494097756
25641,LOF,0.008678550974974332,0.2810170431694767,0.7103044058555491
25642,LOF,0.24613106958636258,0.05789421998014181,0.6959747104334956
25643,LOF,0.32897941907762157,0.14414874237504433,0.5268718385473341
25644,GOF,0.015694794188028115,0.5210409701205466,0.46326423569142533
25645,LOF,0.012692959493324002,0.46979183675831504,0.5175152037483609
25646,LOF,0.017675094799849224,0.31464294914298235,0.6676819560571684
25647,LOF,0.014090716232014888,0.2641801457158716,0.7217291380521136
25648,LOF,0.013422259074251257,0.26495473159156474,0.721623009334184
25649,LOF,0.011416495393564423,0.19015598673540576,0.7984275178710298
25650,LOF,0.021840979417476054,0.4224520256938001,0.5557069948887239
25651,LOF,0.00824500129983218,0.2574873696609226,0.7342676290392451
25652,LOF,0.013250371273710756,0.24620106592550353,0.7405485628007856
25653,LOF,0.04986174593095606,0.3457834321333668,0.6043548219356771
25654,LOF,0.01425912996603243,0.1578676338217105,0.8278732362122572
25655,LOF,0.08086570612583548,0.37911604815981154,0.540018245714353
25656,LOF,0.08882612405358192,0.07608851563242139,0.8350853603139967
25657,LOF,0.32415424304407825,0.034825447421953204,0.6410203095339686
25658,LOF,0.04185698083904053,0.09974398562924013,0.8583990335317193
25659,LOF,0.371784647502386,0.08372114078106732,0.5444942117165467
25660,LOF,0.05947774010225631,0.09084475963351805,0.8496775002642257
25661,LOF,0.04327333408878182,0.06771361966676519,0.8890130462444529
25662,LOF,0.026465104131669134,0.046084765535842745,0.9274501303324882
25663,LOF,0.03706683508759085,0.07171149108726109,0.891221673825148
25664,LOF,0.04142273489088736,0.07731701032811303,0.8812602547809996
25665,LOF,0.05475940670772511,0.04416469567030857,0.9010758976219663
25666,LOF,0.03855652187911247,0.11191337468305396,0.8495301034378335
25667,LOF,0.03047522713881507,0.051118468913680874,0.918406303947504
25668,LOF,0.03076125260096918,0.05544530829104308,0.9137934391079877
25669,LOF,0.03709690571583718,0.08320583114549289,0.8796972631386699
25670,LOF,0.07595772352194499,0.08114448398552787,0.8428977924925272
25671,LOF,0.035201237270624436,0.0470414280107935,0.9177573347185821
25672,LOF,0.057710361126835745,0.064195330081663,0.8780943087915013
25673,LOF,0.04425313484157287,0.06811295632549652,0.8876339088329307
25674,LOF,0.040044528922252874,0.07142926404045966,0.8885262070372876
25675,LOF,0.04905497290575368,0.06180389183496961,0.8891411352592767
25676,LOF,0.032992918833579764,0.06024528330357599,0.9067617978628443
25677,LOF,0.06046453063621145,0.06328585433483996,0.8762496150289485
25678,LOF,0.2653526444747881,0.03429390154138482,0.7003534539838271
25679,LOF,0.17520963190254263,0.06841816272430125,0.7563722053731562
25680,LOF,0.056904353291584865,0.09944054002070477,0.8436551066877104
25681,LOF,0.09457546054269045,0.0943582808689859,0.8110662585883236
25682,LOF,0.04319162909484579,0.08007011573370233,0.8767382551714519
25683,LOF,0.10538407769035646,0.09263810593504533,0.8019778163745982
25684,LOF,0.05537144507724755,0.08231853597770897,0.8623100189450436
25685,LOF,0.11405786543369287,0.0542196844084476,0.8317224501578595
25686,LOF,0.036255314832779224,0.11291212848934837,0.8508325566778725
25687,LOF,0.04492099833867692,0.10210988998676401,0.8529691116745591
25688,LOF,0.028237785840211135,0.08383591908897316,0.8879262950708156
25689,LOF,0.021735916318415777,0.07036987363434045,0.9078942100472438
25690,LOF,0.02232747837627392,0.07967020490268328,0.8980023167210427
25691,LOF,0.22901975725486529,0.1046698759748034,0.6663103667703313
25692,LOF,0.2926915095082021,0.009914503738589093,0.6973939867532088
25693,LOF,0.09647914166406743,0.14702819518011218,0.7564926631558204
25694,LOF,0.2627296197376173,0.014786294862471135,0.7224840853999116
25695,LOF,0.16964335562746596,0.021194638819561063,0.8091620055529729
25696,LOF,0.16567368699958984,0.010112485446684515,0.8242138275537256
25697,LOF,0.15726585275527147,0.03046089976876701,0.8122732474759614
25698,LOF,0.032825802686469306,0.41849823332842584,0.5486759639851048
25699,LOF,0.06679033504862918,0.09088692200263652,0.8423227429487343
25700,LOF,0.03346183178445557,0.010311503027483368,0.956226665188061
25701,LOF,0.017576308243498102,0.07656227751878283,0.9058614142377192
25702,GOF,0.0374939546646392,0.7554309119671729,0.20707513336818772
25703,LOF,0.014340534571937803,0.21087371963115362,0.7747857457969087
25704,LOF,0.1008472565091072,0.16892666234859885,0.7302260811422938
25705,LOF,0.06096992704053025,0.26819324901357683,0.670836823945893
25706,GOF,0.05630603368222078,0.5671133401064316,0.3765806262113477
25707,GOF,0.028437810172474095,0.5092494116545054,0.4623127781730204
25708,LOF,0.009277173432234428,0.44295977193379316,0.5477630546339723
25709,LOF,0.01923700856845492,0.07289118123166573,0.9078718101998793
25710,LOF,0.009436283632255066,0.17976438370108092,0.810799332666664
25711,LOF,0.020427218211395034,0.126886174438277,0.852686607350328
25712,LOF,0.010769070941462514,0.22875939065298023,0.7604715384055571
25713,LOF,0.018045831276502913,0.11209118221324726,0.8698629865102498
25714,LOF,0.019737163478666213,0.1504478585802205,0.8298149779411134
25715,LOF,0.019266035539518764,0.1282007324260519,0.8525332320344293
25716,LOF,0.010829408501705178,0.13523483613140183,0.853935755366893
25717,LOF,0.00588250023339538,0.1347425175430654,0.8593749822235393
25718,LOF,0.017834670219825998,0.08374848020216273,0.8984168495780113
25719,LOF,0.032418848673772975,0.09212150590866494,0.875459645417562
25720,LOF,0.02230986799173969,0.09793756890801279,0.8797525631002475
25721,LOF,0.022041755139766337,0.10409147346159875,0.8738667713986349
25722,LOF,0.01733102580911428,0.13669396402724707,0.8459750101636386
25723,LOF,0.021144249569180193,0.07768904459413804,0.9011667058366817
25724,LOF,0.034617149629458,0.10713383285250885,0.8582490175180331
25725,LOF,0.02172555443786408,0.07351216658009052,0.9047622789820453
25726,LOF,0.01597942310291736,0.10723985148512899,0.8767807254119536
25727,LOF,0.01980423484835814,0.09097166807277093,0.8892240970788708
25728,LOF,0.01813866151652462,0.1101316475548879,0.8717296909285874
25729,LOF,0.018798299176709877,0.10867053681363022,0.8725311640096599
25730,LOF,0.019557669487535383,0.08650904144789456,0.89393328906457
25731,LOF,0.012007564493716791,0.1625250291409275,0.8254674063653556
25732,LOF,0.01781914183862094,0.10125286148255067,0.8809279966788284
25733,LOF,0.02777507234505763,0.07666875394645786,0.8955561737084845
25734,LOF,0.008050027484614756,0.18461946615404679,0.8073305063613385
25735,LOF,0.022132495693569818,0.07104539871296468,0.9068221055934655
25736,LOF,0.021182072144102962,0.10566676573965121,0.8731511621162459
25737,LOF,0.04194506689899348,0.08789834659307941,0.8701565865079272
25738,LOF,0.020391651742095195,0.12420974135651912,0.8553986069013858
25739,LOF,0.02061559388448223,0.12553070578733946,0.8538537003281782
25740,LOF,0.04776554400354161,0.11834181642455421,0.8338926395719042
25741,LOF,0.024869465554069773,0.1034462897646938,0.8716842446812363
25742,LOF,0.034304003160441965,0.12322049064794328,0.8424755061916148
25743,LOF,0.012252084875691639,0.045122254325668305,0.94262566079864
25744,GOF,0.12275284415397238,0.4575626604069884,0.41968449543903924
25745,LOF,0.020335196655210625,0.07243549356323463,0.9072293097815547
25746,LOF,0.010919722314811656,0.08692325834468569,0.9021570193405027
25747,LOF,0.03376357424785376,0.03952384055682841,0.9267125851953177
25748,LOF,0.1933848269563691,0.06694646072297497,0.739668712320656
25749,LOF,0.013124304542918738,0.055896713168563705,0.9309789822885175
25750,LOF,0.015657437249955403,0.08988290409497954,0.8944596586550652
25751,LOF,0.04113845596759305,0.06989462142458316,0.8889669226078238
25752,GOF,0.08171787843120666,0.6403889809137235,0.2778931406550699
25753,LOF,0.0068097794962787925,0.3810350116031838,0.6121552089005374
25754,GOF,0.005225159094127892,0.849495805446908,0.14527903545896423
25755,LOF,0.010344136564274119,0.44286755396060146,0.5467883094751244
25756,LOF,0.05000204259872486,0.46071053696566006,0.4892874204356151
25757,GOF,0.006672316056687915,0.871048560314235,0.12227912362907713
25758,GOF,0.007731644478291705,0.8495937749244877,0.14267458059722068
25759,GOF,0.004878113443703055,0.5680323780456352,0.4270895085106617
25760,LOF,0.006611728275094684,0.3091412397508496,0.6842470319740557
25761,GOF,0.04717088913689752,0.8429244851816973,0.1099046256814052
25762,LOF,0.027429481862193253,0.3694332904037789,0.6031372277340278
25763,LOF,0.008934035977534867,0.24072051138788267,0.7503454526345825
25764,GOF,0.08951062641416398,0.5621526698375724,0.34833670374826353
25765,GOF,0.007485495710843008,0.8420885191821761,0.15042598510698085
25766,GOF,0.028889720427672676,0.8254421800045358,0.14566809956779161
25767,LOF,0.018597458347929266,0.4601815670797249,0.5212209745723457
25768,LOF,0.04213758167841786,0.0699305851651362,0.887931833156446
25769,LOF,0.023289873301392493,0.07369117642567936,0.9030189502729281
25770,LOF,0.14366038301428918,0.0656588810140352,0.7906807359716755
25771,LOF,0.01659009115874274,0.06870257559055316,0.9147073332507042
25772,LOF,0.022008929894963333,0.02856308441811236,0.9494279856869243
25773,LOF,0.014812681168105054,0.07094294641158187,0.9142443724203131
25774,LOF,0.02557054019679558,0.0979450990345279,0.8764843607686765
25775,LOF,0.02192351055011114,0.03898726720840574,0.9390892222414832
25776,LOF,0.025345377370731722,0.026586498958141153,0.9480681236711271
25777,LOF,0.17520433951408704,0.07001034272100017,0.7547853177649128
25778,LOF,0.018454184996828986,0.05510645726055854,0.9264393577426124
25779,GOF,0.03439339016983966,0.9000946868398806,0.06551192299027964
25780,GOF,0.061408039304545976,0.8808305662538131,0.05776139444164108
25781,GOF,0.026302419969631275,0.8817885384103298,0.09190904162003902
25782,GOF,0.032631676969642004,0.9036625767144706,0.06370574631588727
25783,GOF,0.01907539367284387,0.7540374729763066,0.2268871333508495
25784,GOF,0.10245400694545774,0.845798751617167,0.05174724143737515
25785,GOF,0.0649226209781283,0.8964981062960196,0.03857927272585217
25786,GOF,0.005433030816570126,0.8493231507416823,0.14524381844174766
25787,GOF,0.16328261520168652,0.8073882622961482,0.029329122502165114
25788,LOF,0.015046811265769264,0.1901704786275605,0.7947827101066701
25789,GOF,0.019092113274709718,0.8589018356617661,0.1220060510635242
25790,GOF,0.02249138458580364,0.88560722647516,0.09190138893903634
25791,GOF,0.016875151053320877,0.8516597921721909,0.13146505677448833
25792,GOF,0.027124177770096066,0.8563136989653016,0.11656212326460226
25793,GOF,0.07579732949563166,0.8335204042101392,0.09068226629422926
25794,GOF,0.05187258081996227,0.7932309999746396,0.15489641920539818
25795,GOF,0.0426617214779248,0.7816405680889235,0.17569771043315166
25796,GOF,0.06972477474142548,0.81575271227837,0.1145225129802045
25797,GOF,0.040276053001544035,0.698072810186726,0.26165113681172997
25798,GOF,0.003343870653782298,0.6734686178405566,0.32318751150566116
25799,GOF,0.0030892071597292707,0.5443654230955212,0.45254536974474957
25800,GOF,0.013004038329395938,0.7393291422748248,0.24766681939577917
25801,GOF,0.014936134945625453,0.8751962986024685,0.10986756645190607
25802,GOF,0.022704293869675832,0.8255608293931882,0.15173487673713593
25803,GOF,0.012110746112404964,0.7360659786858282,0.2518232752017667
25804,GOF,0.014954548571374396,0.6349467374788362,0.3500987139497895
25805,GOF,0.02265983987267442,0.7476192963323437,0.2297208637949818
25806,GOF,0.01988215484464618,0.7794545092681577,0.2006633358871961
25807,GOF,0.005853122753492027,0.7559717969116168,0.23817508033489118
25808,GOF,0.015057297373240387,0.7768598089870004,0.20808289363975926
25809,GOF,0.006951377872231783,0.7447217681378216,0.24832685398994653
25810,GOF,0.006057649900453601,0.7561921045168276,0.23775024558271887
25811,GOF,0.045649195808909956,0.8640571922527774,0.09029361193831262
25812,GOF,0.016810554969586597,0.7466189437054516,0.2365705013249619
25813,GOF,0.08948227518454958,0.8207703726652577,0.08974735215019278
25814,GOF,0.025988928035616126,0.8201707204237275,0.15384035154065645
25815,GOF,0.039264211445713564,0.8250117541928683,0.1357240343614181
25816,GOF,0.008269281289739864,0.8714750429745811,0.12025567573567905
25817,GOF,0.08818149851269605,0.7859745627253748,0.125843938761929
25818,GOF,0.024877720014077037,0.8102296807014617,0.16489259928446132
25819,GOF,0.0566798961621078,0.7887786636833989,0.15454144015449325
25820,GOF,0.03370498920351218,0.7894703002910503,0.17682471050543763
25821,GOF,0.019954628564420148,0.7864024309067484,0.19364294052883146
25822,GOF,0.03765953137182162,0.7873579020653915,0.174982566562787
25823,GOF,0.015265630968474431,0.6613192321836323,0.3234151368478933
25824,GOF,0.026177083491782254,0.7783814799412585,0.19544143656695925
25825,GOF,0.016983442224235416,0.7641555205818839,0.21886103719388067
25826,GOF,0.005803490155398164,0.7396200742093461,0.25457643563525584
25827,GOF,0.008926439062532389,0.7136286124540578,0.2774449484834098
25828,GOF,0.0059969954922789994,0.660590214777468,0.33341278973025296
25829,GOF,0.0030745732248822306,0.7303163441484312,0.26660908262668664
25830,GOF,0.0364894254361723,0.5208411184161431,0.4426694561476846
25831,GOF,0.04842130194779289,0.8430082253404021,0.10857047271180514
25832,GOF,0.008823712551848804,0.8151070846672587,0.17606920278089244
25833,GOF,0.033918770231181554,0.8468058628823368,0.1192753668864817
25834,GOF,0.008853943124778316,0.8256468900811766,0.1654991667940451
25835,GOF,0.01947769869571549,0.8599133244144682,0.12060897688981627
25836,GOF,0.006542531873673789,0.8283778768424565,0.16507959128386973
25837,GOF,0.007125704821163994,0.7465196773316758,0.24635461784716023
25838,GOF,0.020009942079379735,0.8672506214708329,0.1127394364497873
25839,GOF,0.04303569914418718,0.858979848505714,0.09798445235009882
25840,GOF,0.0550857371250214,0.8488163562883752,0.09609790658660332
25841,GOF,0.05276621026903953,0.8595857688490347,0.0876480208819257
25842,GOF,0.02468036143742517,0.9046963681432321,0.07062327041934274
25843,GOF,0.024794537738302046,0.9115444380143094,0.06366102424738862
25844,GOF,0.017536854825311515,0.8634224880404713,0.11904065713421713
25845,GOF,0.005946298025675142,0.6838761763703061,0.3101775256040188
25846,GOF,0.045126130399802546,0.869685277099171,0.08518859250102649
25847,GOF,0.01813130740172816,0.9200373918596976,0.061831300738574305
25848,GOF,0.017468619483101855,0.8756527033027013,0.10687867721419693
25849,GOF,0.0053875147374103476,0.7781361946256494,0.2164762906369402
25850,GOF,0.0067984358579018175,0.7882063791245575,0.2049951850175407
25851,GOF,0.005837317805544948,0.6747847738147729,0.31937790837968216
25852,GOF,0.13593575482807407,0.6304691611614708,0.23359508401045526
25853,GOF,0.06993108008670146,0.8566379969431444,0.07343092297015415
25854,GOF,0.005531700957329298,0.7341408008049222,0.26032749823774853
25855,GOF,0.016382021306822623,0.677576483064643,0.3060414956285344
25856,GOF,0.037719315277595054,0.7957365941938048,0.16654409052860014
25857,GOF,0.014794370350673451,0.6651888734586409,0.3200167561906858
25858,GOF,0.008329666084304077,0.6543410048667267,0.3373293290489691
25859,GOF,0.005764153958853562,0.6356939410839713,0.35854190495717525
25860,GOF,0.07552686387257616,0.8240694530957947,0.10040368303162922
25861,GOF,0.07612586753233688,0.8249726634531991,0.09890146901446388
25862,GOF,0.02237653573629079,0.8793433406729925,0.09828012359071689
25863,GOF,0.021298160094155645,0.8838187725069536,0.09488306739889076
25864,GOF,0.04660333633183692,0.8764805339935218,0.07691612967464118
25865,GOF,0.034240900468023354,0.8497646525917971,0.11599444694017952
25866,GOF,0.026603883821295044,0.8740391339426332,0.09935698223607177
25867,GOF,0.03391147514333625,0.8863445571849672,0.07974396767169667
25868,GOF,0.055225355216914865,0.8497823743741219,0.09499227040896333
25869,GOF,0.3256319264429581,0.6174700768196342,0.05689799673740772
25870,GOF,0.06663216370082597,0.7202919973061299,0.213075838993044
25871,GOF,0.01039010559155615,0.903336319415736,0.08627357499270785
25872,GOF,0.019393918928969786,0.8835862078064495,0.09701987326458066
25873,GOF,0.020028716414056177,0.9040540448677017,0.07591723871824217
25874,LOF,0.016841724865963106,0.2113852929677563,0.7717729821662805
25875,LOF,0.044689179253848944,0.050833516210978716,0.9044773045351724
25876,LOF,0.018410509998450886,0.03639109566412121,0.945198394337428
25877,LOF,0.11419880067827497,0.09113676384441675,0.7946644354773083
25878,LOF,0.06102138660752215,0.12897428771300587,0.8100043256794719
25879,LOF,0.025862902199606956,0.09423649586470668,0.8799006019356864
25880,LOF,0.059644612239661485,0.012654998946633541,0.927700388813705
25881,Neutral,0.5480699671044582,0.0570007981211845,0.3949292347743574
25882,LOF,0.057750818568204014,0.028201710703209593,0.9140474707285863
25883,LOF,0.029411821735532567,0.023216136459081084,0.9473720418053864
25884,LOF,0.027294090155158015,0.04003187509765457,0.9326740347471874
25885,LOF,0.225614415722582,0.010163232768850276,0.7642223515085677
25886,LOF,0.15346551369967573,0.05336300459537252,0.7931714817049518
25887,LOF,0.2045281480246079,0.05881704551377047,0.7366548064616217
25888,LOF,0.01216172506743396,0.134003056505133,0.853835218427433
25889,LOF,0.03283143524760283,0.02940906357454534,0.9377595011778518
25890,LOF,0.1280321160082027,0.11977252796860936,0.7521953560231879
25891,LOF,0.08875016292615522,0.022551973445012696,0.8886978636288321
25892,LOF,0.009598130713698447,0.02877312396330688,0.9616287453229946
25893,LOF,0.403894596116954,0.00805420287501506,0.588051201008031
25894,LOF,0.45395596204795835,0.005068513086615034,0.5409755248654265
25895,LOF,0.34803020207951374,0.011575432891855121,0.6403943650286312
25896,LOF,0.06905943136281063,0.01645908463508112,0.9144814840021082
25897,LOF,0.20004584202044973,0.008658025537815113,0.7912961324417351
25898,LOF,0.16224164107701128,0.024365007843496954,0.8133933510794917
25899,LOF,0.35742808231212264,0.018244203808688155,0.6243277138791891
25900,LOF,0.4605359063452211,0.0073830609627597915,0.5320810326920191
25901,LOF,0.06809181153791348,0.007808101559691629,0.9241000869023949
25902,LOF,0.1557647800115225,0.009458714325518302,0.8347765056629591
25903,LOF,0.4184412461863253,0.024400300213440744,0.557158453600234
25904,Neutral,0.50927642057571,0.024573110228384893,0.4661504691959051
25905,LOF,0.003993920904406832,0.46073916082910354,0.5352669182664898
25906,LOF,0.008946593821609127,0.11451236545030807,0.8765410407280827
25907,LOF,0.004305133359443179,0.3419439335687592,0.6537509330717977
25908,LOF,0.004494026207073385,0.2411020523659989,0.7544039214269277
25909,LOF,0.022208314548443495,0.14994780171608238,0.827843883735474
25910,LOF,0.010839760840514417,0.14459621612266915,0.8445640230368164
25911,LOF,0.3365658781541658,0.04862451008680636,0.6148096117590279
25912,LOF,0.06717796398180213,0.06082333130528111,0.8719987047129167
25913,LOF,0.045362838457495926,0.06458405406138566,0.8900531074811183
25914,LOF,0.03724130782814578,0.041618713837671004,0.9211399783341832
25915,LOF,0.18410546713454595,0.1845553815801784,0.6313391512852757
25916,LOF,0.030832755341881016,0.12729405306435732,0.8418731915937616
25917,LOF,0.06956933058183966,0.039628007584005635,0.8908026618341548
25918,LOF,0.04588668715047661,0.028386017634040184,0.9257272952154831
25919,LOF,0.04047386393470105,0.027021127729994456,0.9325050083353045
25920,LOF,0.168487810040143,0.20000390530658727,0.6315082846532697
25921,LOF,0.01775195768159385,0.04126826460251269,0.9409797777158935
25922,LOF,0.018492579757552665,0.0348493133341471,0.9466581069083002
25923,LOF,0.45537173324176605,0.035002872360912166,0.5096253943973218
25924,LOF,0.025424027823184793,0.05315825724883487,0.9214177149279803
25925,LOF,0.08243732799746294,0.051250017681665906,0.8663126543208711
25926,LOF,0.05805958202292325,0.05307490054546975,0.888865517431607
25927,LOF,0.024513926069024344,0.07264729292422023,0.9028387810067553
25928,LOF,0.011251225321046006,0.062324269642800356,0.9264245050361537
25929,Neutral,0.5371742211455961,0.03353637516998166,0.4292894036844223
25930,LOF,0.07704040627629741,0.032586416601041564,0.890373177122661
25931,LOF,0.015271489240978705,0.03827838668973617,0.9464501240692851
25932,LOF,0.0656525352929596,0.030353398233574785,0.9039940664734657
25933,LOF,0.05884373920317688,0.020849278188005225,0.9203069826088178
25934,LOF,0.05645726316115435,0.018954296465597386,0.9245884403732482
25935,LOF,0.07148600990210058,0.06591603494996388,0.8625979551479355
25936,LOF,0.10502005385464937,0.021903220523169904,0.8730767256221809
25937,LOF,0.016478884258106404,0.03784265821903519,0.9456784575228584
25938,LOF,0.06940538952933542,0.06198745809941124,0.8686071523712533
25939,LOF,0.04160303171011532,0.025022537861740968,0.9333744304281437
25940,LOF,0.009023245871160218,0.3684502219919162,0.6225265321369235
25941,Neutral,0.48773664706990133,0.04086696947213935,0.47139638345795926
25942,LOF,0.008764408322196502,0.05516944733572076,0.9360661443420827
25943,LOF,0.04835344561478915,0.1786357664112424,0.7730107879739684
25944,LOF,0.06752182369182783,0.09574424084969957,0.8367339354584727
25945,LOF,0.11733105786417848,0.020876667774855827,0.8617922743609656
25946,LOF,0.06811566779494414,0.043634961761671004,0.8882493704433849
25947,Neutral,0.45575215203329417,0.10261150064547904,0.44163634732122675
25948,LOF,0.4430992347620617,0.012831804054535916,0.5440689611834024
25949,LOF,0.13825743161394444,0.06151820872891661,0.8002243596571389
25950,GOF,0.07826140256115045,0.6498358561528325,0.27190274128601705
25951,LOF,0.01192432432697113,0.4295835799762617,0.5584920956967672
25952,LOF,0.2834140188822311,0.2722850015240843,0.4443009795936847
25953,LOF,0.0071511544765163184,0.18771019373699974,0.8051386517864839
25954,GOF,0.09033532079830434,0.47984866574299206,0.4298160134587036
25955,LOF,0.0072848134164934025,0.15795825878546224,0.8347569277980443
25956,LOF,0.018807235431127445,0.2519940129871296,0.729198751581743
25957,LOF,0.22474477188836198,0.039745685208746814,0.7355095429028913
25958,LOF,0.03193265217334791,0.036386984359848,0.9316803634668042
25959,GOF,0.014271205871122109,0.540695602053921,0.4450331920749569
25960,LOF,0.007393887810593527,0.05367755154435571,0.9389285606450507
25961,LOF,0.030601954512899727,0.0330635143217028,0.9363345311653976
25962,LOF,0.03831406692773683,0.06639612379762255,0.8952898092746406
25963,LOF,0.005133075567975908,0.19028679509123161,0.8045801293407925
25964,LOF,0.03114129454029074,0.10375175973681647,0.8651069457228928
25965,LOF,0.26705848330364595,0.121054333715967,0.6118871829803871
25966,Neutral,0.47144653910261924,0.13717937090313634,0.3913740899942443
25967,LOF,0.010014822372316738,0.08303656418727091,0.9069486134404122
25968,LOF,0.04191434868842309,0.22504734557559988,0.733038305735977
25969,LOF,0.11662719626461276,0.051814376102641974,0.8315584276327452
25970,LOF,0.02225597374110887,0.09262136344962253,0.8851226628092685
25971,LOF,0.08007873875175316,0.02737618701117543,0.8925450742370714
25972,LOF,0.06491866005569136,0.042973551610274864,0.8921077883340338
25973,LOF,0.06872487913418622,0.009857961200620255,0.9214171596651934
25974,LOF,0.05410806779721891,0.04350614393516581,0.9023857882676153
25975,LOF,0.0514022818139339,0.017215996844407,0.931381721341659
25976,LOF,0.10624813070035966,0.009894747148941058,0.8838571221506992
25977,LOF,0.1966923775880913,0.08186277274351407,0.7214448496683947
25978,LOF,0.1814413184949953,0.1196295051048222,0.6989291764001825
25979,LOF,0.14611715929654095,0.13664926054873594,0.7172335801547232
25980,LOF,0.24960173410110328,0.17740345724456563,0.5729948086543311
25981,LOF,0.25088800763439517,0.18028675451160464,0.5688252378540002
25982,Neutral,0.4953480363556444,0.08523158689797751,0.4194203767463781
25983,Neutral,0.49565957613382233,0.10782753771604618,0.39651288615013164
25984,LOF,0.0383923336258591,0.08628703359815712,0.8753206327759838
25985,LOF,0.4204829056480574,0.14791763826969245,0.43159945608225025
25986,LOF,0.012793735487567064,0.4061195441384868,0.5810867203739462
25987,LOF,0.056483386678097984,0.11819924202564853,0.8253173712962536
25988,LOF,0.04253415583217991,0.17597696208088523,0.7814888820869349
25989,LOF,0.03981686314592501,0.20307791080081364,0.7571052260532614
25990,LOF,0.04353235049955745,0.30507874418778574,0.6513889053126568
25991,LOF,0.02894669315338006,0.43741972956771563,0.5336335772789044
25992,LOF,0.023945583426305473,0.441089391613433,0.5349650249602615
25993,LOF,0.02825449748194864,0.07166211042290384,0.9000833920951475
25994,LOF,0.02314143536962123,0.07202083204784532,0.9048377325825335
25995,LOF,0.02135330339115564,0.14835581887830712,0.8302908777305373
25996,GOF,0.3382023441074117,0.35044269935123784,0.31135495654135054
25997,LOF,0.058219911769937814,0.39745200631585376,0.5443280819142085
25998,LOF,0.2480686857090852,0.04732719782442873,0.704604116466486
25999,LOF,0.030244806763021975,0.16264221544843574,0.8071129777885423
26000,LOF,0.18959023009862447,0.029548858111985387,0.7808609117893901
26001,LOF,0.26220553935708085,0.04290926118574429,0.6948851994571748
26002,LOF,0.13710392158768603,0.05499885324052525,0.8078972251717886
26003,GOF,0.005640693481162035,0.6410642895351297,0.35329501698370824
26004,GOF,0.007910992267619014,0.7009913451809392,0.29109766255144176
26005,GOF,0.00383323004459779,0.5023016711312773,0.4938650988241249
26006,GOF,0.11127315276658677,0.5609029437953527,0.32782390343806056
26007,GOF,0.007581086894467853,0.555695983906507,0.4367229291990252
26008,GOF,0.005781239777587866,0.6580840505004492,0.33613470972196297
26009,GOF,0.007166131093289913,0.6835568297974752,0.3092770391092347
26010,GOF,0.008248390561254756,0.6544624290222246,0.3372891804165208
26011,LOF,0.00323730824590161,0.4642796901895084,0.5324830015645899
26012,GOF,0.004865274568509838,0.5355185842822341,0.45961614114925603
26013,GOF,0.006493985079201734,0.5988120430050708,0.39469397191572747
26014,LOF,0.06041796304067186,0.1179917218235855,0.8215903151357427
26015,LOF,0.39393291299297173,0.02997540210057037,0.576091684906458
26016,LOF,0.3163014226317509,0.049795241286428094,0.6339033360818211
26017,LOF,0.02494250365020704,0.24774790411152028,0.7273095922382727
26018,LOF,0.030306801271295782,0.06836158364071686,0.9013316150879873
26019,LOF,0.029929492688004152,0.05890137031170761,0.9111691370002882
26020,LOF,0.010093529373498136,0.20434783845790844,0.7855586321685933
26021,LOF,0.08221729629371306,0.076184672968716,0.8415980307375709
26022,LOF,0.0435315671102123,0.030195181251541886,0.9262732516382458
26023,LOF,0.03244576872468276,0.03653455119143247,0.9310196800838847
26024,LOF,0.048977116746608866,0.07494133458219261,0.8760815486711985
26025,LOF,0.07115925847580841,0.10182914878042074,0.8270115927437708
26026,LOF,0.12705346615212568,0.07837893548101406,0.7945675983668602
26027,LOF,0.02719022063651299,0.03036012713347813,0.9424496522300089
26028,LOF,0.1194303562488088,0.13577950768985358,0.7447901360613377
26029,LOF,0.0185629879430578,0.19406095042592858,0.7873760616310136
26030,LOF,0.16193987205392085,0.021813176980296806,0.8162469509657825
26031,LOF,0.009458664212470174,0.17345081618574187,0.817090519601788
26032,LOF,0.043782472064327234,0.05182609196411525,0.9043914359715575
26033,LOF,0.06814791176894743,0.04648040128035823,0.8853716869506943
26034,LOF,0.01265337379472565,0.1498944037815651,0.8374522224237093
26035,LOF,0.01118132864897217,0.1117871743917812,0.8770314969592466
26036,LOF,0.011085412740241489,0.13026683358760116,0.8586477536721573
26037,LOF,0.009726556693432153,0.10295602618716744,0.8873174171194004
26038,LOF,0.037841956854905656,0.04566704361620749,0.9164909995288868
26039,LOF,0.025019964694973765,0.13027835273456806,0.8447016825704582
26040,LOF,0.11182091634730452,0.12412519867232845,0.7640538849803671
26041,LOF,0.01245849411655123,0.0905083521412695,0.8970331537421793
26042,LOF,0.011330642168106298,0.10192910925229096,0.8867402485796027
26043,LOF,0.036777018936445784,0.061182097896989994,0.9020408831665643
26044,LOF,0.014154076418054648,0.04376544943792896,0.9420804741440163
26045,LOF,0.07029197698668793,0.11439246917466013,0.815315553838652
26046,LOF,0.031425533374622255,0.049137113317945534,0.9194373533074321
26047,LOF,0.0504855242570799,0.050742629643039064,0.8987718460998811
26048,LOF,0.08489077763602204,0.021565824684698358,0.8935433976792796
26049,Neutral,0.9464757408803182,0.007033926068789059,0.046490333050892826
26050,Neutral,0.9223728405320545,0.007726986160217549,0.06990017330772792
26051,LOF,0.017264116122807236,0.08959346325088802,0.8931424206263048
26052,LOF,0.03125810477184993,0.10673518262183689,0.8620067126063132
26053,LOF,0.03388191073970667,0.14866553317292547,0.8174525560873678
26054,LOF,0.04406813157108423,0.028613911882906965,0.9273179565460088
26055,LOF,0.06198869004502318,0.02439086454844988,0.913620445406527
26056,LOF,0.050835319895421574,0.03110797334241279,0.9180567067621657
26057,LOF,0.05618150447574741,0.015184714600238037,0.9286337809240146
26058,LOF,0.06070302532905627,0.012103336331912039,0.9271936383390316
26059,LOF,0.20033122784360208,0.02992807814921088,0.7697406940071869
26060,LOF,0.01575131185114937,0.1984311384305956,0.785817549718255
26061,LOF,0.012884704772783013,0.00988025856185078,0.9772350366653662
26062,LOF,0.006720407196539206,0.01653172758971937,0.9767478652137414
26063,LOF,0.03715440986843936,0.011110977929970373,0.9517346122015902
26064,LOF,0.011482175926783083,0.02161294078543122,0.9669048832877858
26065,LOF,0.049032606145058125,0.012447449804987203,0.9385199440499548
26066,LOF,0.04572430072439076,0.010225791891669922,0.9440499073839393
26067,LOF,0.05807649556732718,0.00952984846714545,0.9323936559655274
26068,LOF,0.05138312994521282,0.04537029463357224,0.9032465754212149
26069,LOF,0.16029430776926187,0.026472818502273697,0.8132328737284644
26070,LOF,0.3378835957505432,0.02013911523994965,0.6419772890095071
26071,LOF,0.04475401827718826,0.011916827783870043,0.9433291539389418
26072,LOF,0.010918450346662372,0.020148756278568044,0.9689327933747695
26073,LOF,0.03942746383512758,0.013641501340092215,0.9469310348247802
26074,Neutral,0.923379168756011,0.008390259551122731,0.0682305716928664
26075,LOF,0.053137637654914624,0.02214012451388161,0.9247222378312038
26076,LOF,0.05880558539512701,0.011826112500789257,0.9293683021040838
26077,LOF,0.17961148175644345,0.00677595318368524,0.8136125650598712
26078,LOF,0.008894677084233428,0.014712436558863763,0.9763928863569029
26079,LOF,0.06475816737646486,0.024422477520430436,0.9108193551031046
26080,LOF,0.06338750536671148,0.02450471049676073,0.9121077841365277
26081,LOF,0.03274397215440666,0.00881795280415495,0.9584380750414385
26082,LOF,0.007613245205352653,0.014510554608084324,0.9778762001865631
26083,LOF,0.10654346702086802,0.020547027740531663,0.8729095052386004
26084,LOF,0.11935418789166542,0.015148349774098907,0.8654974623342357
26085,LOF,0.11026470776579622,0.013178282982025922,0.8765570092521779
26086,LOF,0.04065214745087857,0.012047716034084286,0.9473001365150371
26087,LOF,0.036874010020815286,0.01000489656499481,0.9531210934141899
26088,LOF,0.009334454160040678,0.019876150064335848,0.9707893957756236
26089,LOF,0.043720112941970646,0.03670075523016348,0.919579131827866
26090,LOF,0.044519827438874525,0.029520719105939994,0.9259594534551855
26091,LOF,0.03143639580984379,0.007402759923039669,0.9611608442671167
26092,LOF,0.04467795648164679,0.008748565672972386,0.9465734778453809
26093,LOF,0.07795392719703667,0.005775329976463177,0.9162707428265002
26094,LOF,0.03607863435394074,0.007368220302563757,0.9565531453434956
26095,LOF,0.038207752124416086,0.018004831590065856,0.943787416285518
26096,LOF,0.22988521744941504,0.004813457916103383,0.7653013246344816
26097,LOF,0.0084210084661094,0.029965065392574663,0.9616139261413159
26098,LOF,0.08273564238967396,0.01906540410406805,0.898198953506258
26099,LOF,0.04539169595995636,0.015594184391137801,0.9390141196489058
26100,LOF,0.045377435299906295,0.015594417348845606,0.9390281473512482
26101,LOF,0.05834562704870387,0.02902387720395126,0.912630495747345
26102,LOF,0.03503152341648546,0.015646719023506638,0.949321757560008
26103,Neutral,0.8778127376585317,0.027569455291937824,0.0946178070495304
26104,LOF,0.05952561982775585,0.041093423367828126,0.899380956804416
26105,LOF,0.25964204600578267,0.17299203367047072,0.5673659203237466
26106,LOF,0.3169573313311146,0.12972414770265506,0.5533185209662302
26107,LOF,0.022812982326597276,0.08531221705666907,0.8918748006167335
26108,LOF,0.25420862640254693,0.0456492163663924,0.7001421572310605
26109,LOF,0.09736869482610515,0.0387179320610914,0.8639133731128036
26110,LOF,0.45504531011502275,0.0071159941151100175,0.5378386957698672
26111,LOF,0.04023962987818902,0.1456211474390885,0.8141392226827224
26112,LOF,0.05008545399844277,0.008174942754402871,0.9417396032471544
26113,LOF,0.0977745129178666,0.01768168547017803,0.8845438016119553
26114,LOF,0.09610575856796195,0.0065213097576627965,0.8973729316743754
26115,LOF,0.012936638786721187,0.05409444577886134,0.9329689154344175
26116,LOF,0.07154354916485384,0.02302260582939556,0.9054338450057505
26117,LOF,0.4029123644898824,0.03600614317541024,0.5610814923347074
26118,LOF,0.04676763433573192,0.01707682492153653,0.9361555407427316
26119,LOF,0.006190616745313481,0.03646630700687345,0.957343076247813
26120,LOF,0.036085591051556266,0.015260673609911783,0.9486537353385319
