feature0,prediction,LoGoFunc_Neutral,LoGoFunc_GOF,LoGoFunc_LOF
25546,Neutral,0.7527708550055618,0.033928272819535664,0.2133008721749025
25547,Neutral,0.6066070063462564,0.0689810209373193,0.3244119727164244
25548,Neutral,0.628295548218122,0.05054639494879537,0.32115805683308263
25549,Neutral,0.54982148134811,0.05038273080368742,0.3997957878482024
25550,LOF,0.36799687786559954,0.10793456531941706,0.5240685568149834
25551,LOF,0.29150007321380605,0.11869038107090155,0.5898095457152924
25552,LOF,0.21347472931690745,0.11312549187809938,0.6733997788049932
25553,Neutral,0.8501296561251942,0.025086164570940348,0.12478417930386546
25554,LOF,0.24756332245207727,0.10952152905030867,0.6429151484976141
25555,LOF,0.20518082154629647,0.09563733638323028,0.6991818420704732
25556,Neutral,0.45375911585634526,0.09511371412445886,0.45112717001919583
25557,LOF,0.20026448185048942,0.10139771518531722,0.6983378029641933
25558,LOF,0.23652706975155763,0.108615617612125,0.6548573126363174
25559,LOF,0.36356477324799025,0.13026911999167223,0.5061661067603375
25560,LOF,0.048654672018518474,0.12081525664637391,0.8305300713351076
25561,LOF,0.10406488395381767,0.11735503642617871,0.7785800796200036
25562,LOF,0.08550843363617082,0.06545525462542419,0.849036311738405
25563,LOF,0.10103545266047605,0.05733258494933401,0.84163196239019
25564,LOF,0.2764227841325093,0.10889514176093978,0.614682074106551
25565,LOF,0.13697062227676668,0.12739853709997367,0.7356308406232597
25566,GOF,0.012593889129228547,0.7569787952577901,0.2304273156129813
25567,LOF,0.018021962901069877,0.17121362329635462,0.8107644138025756
25568,LOF,0.053861433499880304,0.06336641941922701,0.8827721470808926
25569,LOF,0.05974679765464992,0.06365297501316744,0.8766002273321826
25570,LOF,0.058008023904552626,0.10592448041311682,0.8360674956823306
25571,LOF,0.05026135998139683,0.098537279663186,0.8512013603554172
25572,LOF,0.06698517854863913,0.12066160364794946,0.8123532178034114
25573,LOF,0.036645921814403216,0.09416539383245509,0.8691886843531418
25574,LOF,0.02128067255567042,0.1456930437531118,0.8330262836912179
25575,LOF,0.043539723040109925,0.11503632078500167,0.8414239561748884
25576,LOF,0.01938679405007478,0.1343713657934212,0.846241840156504
25577,LOF,0.016424369044766865,0.12327476605429598,0.8603008649009373
25578,LOF,0.2959595330714595,0.08378885624474781,0.6202516106837926
25579,LOF,0.1291889238872494,0.09993399325463947,0.7708770828581112
25580,LOF,0.029035837069879455,0.08228768482888951,0.888676478101231
25581,LOF,0.05266701002821029,0.06780360394604551,0.8795293860257443
25582,LOF,0.05244461426427439,0.06590890825722548,0.8816464774785002
25583,LOF,0.03722318232995806,0.09314384200200468,0.8696329756680372
25584,Neutral,0.48825543118007975,0.10201333069698881,0.4097312381229314
25585,LOF,0.021706467124011888,0.13156879027049473,0.8467247426054934
25586,LOF,0.028417804644608066,0.07353350950700986,0.898048685848382
25587,LOF,0.028430860268788202,0.06810626187836746,0.9034628778528444
25588,LOF,0.029046038090797664,0.08395456856061145,0.8869993933485909
25589,Neutral,0.6364576946287842,0.11544246545080186,0.248099839920414
25590,LOF,0.03526576135858895,0.1286068621170893,0.8361273765243218
25591,LOF,0.09618664969179141,0.058231113155997924,0.8455822371522107
25592,LOF,0.09492078635748437,0.12949924848330888,0.7755799651592067
25593,LOF,0.031927742151520964,0.2628704020082023,0.7052018558402767
25594,LOF,0.045863532650643406,0.18502035450534646,0.7691161128440102
25595,LOF,0.05814237156288419,0.11704151344424193,0.8248161149928739
25596,LOF,0.05541428913578542,0.09304129215552225,0.8515444187086924
25597,LOF,0.03742127083011607,0.0948485055938321,0.8677302235760518
25598,LOF,0.05299363718746358,0.12168423006565884,0.8253221327468775
25599,GOF,0.006720098791861593,0.6122802046342742,0.3809996965738641
25600,GOF,0.013021314119454182,0.5748264743793196,0.41215221150122616
25601,LOF,0.009574148219104371,0.43544378176880033,0.5549820700120953
25602,LOF,0.016427753099575962,0.05404336028253958,0.9295288866178844
25603,LOF,0.05263732728841478,0.022216295587499543,0.9251463771240857
25604,LOF,0.030651829654797662,0.05759824240821394,0.9117499279369884
25605,LOF,0.00905960687301122,0.22319956626444543,0.7677408268625433
25606,LOF,0.07989142259858734,0.3874656957618624,0.5326428816395503
25607,LOF,0.0058964827422588574,0.19405308143446479,0.8000504358232764
25608,LOF,0.016043279007782876,0.08815038971857167,0.8958063312736454
25609,LOF,0.0509707290190823,0.4076408093800853,0.5413884616008323
25610,LOF,0.03107878253597673,0.02799831052576891,0.9409229069382544
25611,LOF,0.03808978886244424,0.027233610513479858,0.934676600624076
25612,LOF,0.09727249625644308,0.04004478440895016,0.8626827193346066
25613,LOF,0.08486937915414734,0.04233050484236418,0.8728001160034884
25614,LOF,0.028313395929743843,0.0348670051563931,0.936819598913863
25615,LOF,0.03690527733773326,0.048800209408769966,0.9142945132534969
25616,LOF,0.0254299976803597,0.0354134856563306,0.9391565166633097
25617,LOF,0.024730931993003965,0.038114830011507776,0.9371542379954882
25618,LOF,0.14014707607988566,0.03154775954967973,0.8283051643704346
25619,LOF,0.0275800412670716,0.03345378464507522,0.9389661740878531
25620,LOF,0.03267921230032703,0.04236807830954668,0.9249527093901262
25621,LOF,0.02694902127515407,0.03746595926857531,0.9355850194562706
25622,LOF,0.03522349959643355,0.038197331840800826,0.9265791685627657
25623,LOF,0.05601631000830639,0.029491898942880092,0.9144917910488134
25624,LOF,0.02433655756210861,0.04085884462352181,0.9348045978143696
25625,LOF,0.034706751958307816,0.046766725911639585,0.9185265221300526
25626,LOF,0.07653044189652809,0.0347629704672591,0.8887065876362128
25627,Neutral,0.5343209816137464,0.11259131040730838,0.3530877079789453
25628,LOF,0.20941415338141953,0.04901963814226148,0.7415662084763189
25629,LOF,0.05735271416590386,0.059037965210275295,0.8836093206238208
25630,LOF,0.19283115171197765,0.08093406818034225,0.7262347801076802
25631,Neutral,0.6182851050506393,0.055461514824987186,0.32625338012437355
25632,LOF,0.013462558917429037,0.11144516937728574,0.8750922717052853
25633,LOF,0.09555230025724777,0.09136572009687506,0.8130819796458773
25634,LOF,0.03124105152183511,0.1157802226901462,0.8529787257880187
25635,LOF,0.035109233904294795,0.08719972278975081,0.8776910433059545
25636,GOF,0.004026393878694907,0.6123250412116403,0.38364856490966476
25637,GOF,0.003717083623988835,0.6559314166759714,0.34035149970003964
25638,LOF,0.006444661274833921,0.4115993523750407,0.5819559863501254
25639,GOF,0.003551727408478203,0.516363322524819,0.48008495006670293
25640,Neutral,0.47488553763132096,0.4585701443622929,0.06654431800638613
25641,LOF,0.007716333900893594,0.3882999327335874,0.6039837333655189
25642,LOF,0.24358766226274767,0.08105732222260116,0.6753550155146512
25643,LOF,0.2898568990154397,0.1894205332060358,0.5207225677785244
25644,GOF,0.01463127140702258,0.580637302296159,0.40473142629681846
25645,GOF,0.01214251768635976,0.5043682581503934,0.4834892241632469
25646,LOF,0.017558718263254468,0.36988752855876994,0.6125537531779756
25647,LOF,0.013244022072127224,0.30955254114474867,0.6772034367831242
25648,LOF,0.012503757320564957,0.31165941438293027,0.6758368282965048
25649,LOF,0.010406423593648725,0.23722477920923038,0.7523687971971209
25650,LOF,0.022289874599091885,0.48789061343526596,0.489819511965642
25651,LOF,0.008087212240679731,0.307498971214857,0.6844138165444633
25652,LOF,0.01362946951131655,0.292620657556299,0.6937498729323843
25653,LOF,0.050736310125667844,0.386856245860204,0.5624074440141281
25654,LOF,0.013687929616349355,0.1756065922969886,0.810705478086662
25655,LOF,0.07647647542580463,0.42047108645623615,0.5030524381179592
25656,LOF,0.10962706032905153,0.07607987340752786,0.8142930662634207
25657,LOF,0.339064866757485,0.03284810579364713,0.6280870274488678
25658,LOF,0.04408048295662778,0.10262680297131037,0.8532927140720619
25659,LOF,0.35060254157710385,0.07599294992112204,0.573404508501774
25660,LOF,0.06533298520897858,0.09962761497400151,0.83503939981702
25661,LOF,0.042707128076142326,0.07368854562023244,0.8836043263036252
25662,LOF,0.026794493895538105,0.04965163915555018,0.9235538669489117
25663,LOF,0.0355510139166201,0.07494569650446509,0.8895032895789149
25664,LOF,0.04114304613143311,0.08368195482278212,0.8751749990457847
25665,LOF,0.057129733380107905,0.046378498588680026,0.896491768031212
25666,LOF,0.03723595451246693,0.11954783356799394,0.8432162119195391
25667,LOF,0.030265974255482327,0.055184989284530944,0.9145490364599868
25668,LOF,0.030764137546649375,0.05864747654428877,0.9105883859090619
25669,LOF,0.037291666208969884,0.0906172919842048,0.8720910418068254
25670,LOF,0.07383598119266363,0.08812791247688448,0.8380361063304519
25671,LOF,0.03761557329686085,0.04818831371793347,0.9141961129852058
25672,LOF,0.06126554320563782,0.0683801828482925,0.8703542739460696
25673,LOF,0.0426841029007431,0.06779590865374037,0.8895199884455166
25674,LOF,0.03949676160506244,0.07099042513831762,0.8895128132566199
25675,LOF,0.04713504671956056,0.06076224298797768,0.8921027102924617
25676,LOF,0.03233020555752097,0.06278293747769867,0.9048868569647803
25677,LOF,0.06278182981364991,0.06890332064619958,0.8683148495401506
25678,LOF,0.2762179332967856,0.03545007591387523,0.6883319907893392
25679,LOF,0.16733721149688152,0.07470694290049987,0.7579558456026186
25680,LOF,0.05760973428822727,0.1014213255792601,0.8409689401325127
25681,LOF,0.09836057359813828,0.09362643499100562,0.808012991410856
25682,LOF,0.04264705398146698,0.0830647857154137,0.8742881603031193
25683,LOF,0.09524702366320403,0.09589721038340934,0.8088557659533866
25684,LOF,0.0550698440782703,0.0810752823863054,0.8638548735354242
25685,LOF,0.11733822385013011,0.04405771584084728,0.8386040603090226
25686,LOF,0.03619311273962504,0.09761251699868902,0.8661943702616859
25687,LOF,0.04379003300205462,0.07845650653696075,0.8777534604609846
25688,LOF,0.028701517584590046,0.08794426406124976,0.8833542183541603
25689,LOF,0.019554859623210328,0.07110188520858637,0.9093432551682034
25690,LOF,0.025036523993622238,0.09010491346348865,0.8848585625428892
25691,LOF,0.2378827335100503,0.1217420166951158,0.6403752497948338
25692,LOF,0.2957068192729801,0.008747986958455557,0.6955451937685645
25693,LOF,0.09061648460494846,0.15030197482615582,0.7590815405688958
25694,LOF,0.261849237341202,0.014748164961683585,0.7234025976971143
25695,LOF,0.1694897560932196,0.02024708478851251,0.8102631591182679
25696,LOF,0.18187706550215935,0.008733150704129649,0.809389783793711
25697,LOF,0.12744558381817378,0.02760612738228208,0.8449482887995442
25698,LOF,0.034538087080258545,0.393737433738725,0.5717244791810163
25699,LOF,0.06203221766266493,0.07204109081403987,0.8659266915232952
25700,LOF,0.03032696460541089,0.010679614588666864,0.9589934208059222
25701,LOF,0.013951496529125437,0.0723915673414166,0.913656936129458
25702,GOF,0.03785271369225833,0.7305966117676257,0.23155067454011607
25703,LOF,0.014461629303506779,0.21101118059763854,0.7745271900988546
25704,LOF,0.10123555551496821,0.14775088756556884,0.7510135569194629
25705,LOF,0.05622239664702177,0.22900114998714935,0.7147764533658288
25706,GOF,0.05703817784050069,0.6088240743150715,0.3341377478444279
25707,GOF,0.030491437523006877,0.5049826387484768,0.46452592372851637
25708,LOF,0.008961820739712235,0.422414068295656,0.5686241109646318
25709,LOF,0.018903429706858,0.0631469078459847,0.9179496624471573
25710,LOF,0.008987313989752868,0.17921439793058672,0.8117982880796605
25711,LOF,0.020880493256767274,0.1301436822793356,0.8489758244638972
25712,LOF,0.00957602342463181,0.24288171190292696,0.7475422646724411
25713,LOF,0.0184468647049654,0.10306222807084776,0.8784909072241868
25714,LOF,0.020299396056486483,0.14279786412112447,0.836902739822389
25715,LOF,0.019231536741534733,0.11375693247355113,0.8670115307849142
25716,LOF,0.01089940383387957,0.13140604218149673,0.8576945539846237
25717,LOF,0.005915654545626388,0.13672265645629203,0.8573616889980817
25718,LOF,0.017574215113738835,0.07777959479521007,0.9046461900910511
25719,LOF,0.03260960481130221,0.08285007088852907,0.8845403243001686
25720,LOF,0.0221996001502135,0.08615973130433953,0.891640668545447
25721,LOF,0.023673921934353116,0.0904134575341707,0.8859126205314761
25722,LOF,0.018092458442738175,0.12203756527039371,0.8598699762868681
25723,LOF,0.021269389543361432,0.07160931469066073,0.9071212957659778
25724,LOF,0.03633753504498611,0.10337459513205191,0.8602878698229619
25725,LOF,0.02258261923052931,0.06534908815308532,0.9120682926163854
25726,LOF,0.015903359794578246,0.09625455443580033,0.8878420857696215
25727,LOF,0.020152438883006208,0.08482325374301064,0.8950243073739832
25728,LOF,0.017785601332441524,0.10131234724803609,0.8809020514195225
25729,LOF,0.01872939839316778,0.10231380970017075,0.8789567919066615
25730,LOF,0.019943405891116858,0.08144497499935197,0.8986116191095311
25731,LOF,0.01266280829931689,0.16204434409699225,0.8252928476036909
25732,LOF,0.018826598532839443,0.09128657491538043,0.8898868265517801
25733,LOF,0.029234330649547745,0.07852658516098245,0.8922390841894697
25734,LOF,0.007777406207172911,0.20066027821309732,0.7915623155797297
25735,LOF,0.023390097041074944,0.076144284236597,0.9004656187223281
25736,LOF,0.02230780284022086,0.1132451542361103,0.8644470429236688
25737,LOF,0.041320855059856956,0.09278182537046746,0.8658973195696755
25738,LOF,0.020385086548494434,0.144844237826606,0.8347706756248996
25739,LOF,0.02143333402287228,0.1424472124224527,0.836119453554675
25740,LOF,0.05107076180231498,0.12782719979219948,0.8211020384054856
25741,LOF,0.025729436228148984,0.10729287410270424,0.8669776896691468
25742,LOF,0.035386143291415206,0.13031530281679463,0.8342985538917903
25743,LOF,0.011259832954345503,0.04134037323371813,0.9473997938119363
25744,LOF,0.12303708123050341,0.38384957542764353,0.4931133433418531
25745,LOF,0.021256134108509864,0.06832713506175939,0.9104167308297306
25746,LOF,0.011636131007589765,0.0843085837703598,0.9040552852220505
25747,LOF,0.033110118376935026,0.0352341116054014,0.9316557700176636
25748,LOF,0.18581530873801835,0.0604731011916032,0.7537115900703784
25749,LOF,0.013453320433244636,0.052055419135191495,0.9344912604315638
25750,LOF,0.015791128638103193,0.08522358641566512,0.8989852849462316
25751,LOF,0.037298229553413706,0.07220683533449686,0.8904949351120894
25752,GOF,0.08798318109343121,0.6577412001478149,0.25427561875875376
25753,LOF,0.0069783649971095155,0.38401005012105,0.6090115848818405
25754,GOF,0.005659950179074034,0.8741801847682723,0.12015986505265373
25755,LOF,0.010769633863867267,0.44243115994047477,0.546799206195658
25756,LOF,0.048315233149097414,0.44135021238316013,0.5103345544677425
25757,GOF,0.00676820618382217,0.8879916853031998,0.10524010851297817
25758,GOF,0.008357843076561355,0.8776736658442565,0.11396849107918218
25759,GOF,0.004983391876008703,0.5877388443077367,0.40727776381625463
25760,LOF,0.007035473033370781,0.31936827113151495,0.6735962558351144
25761,GOF,0.04843825814057372,0.854488759573348,0.09707298228607826
25762,LOF,0.026758289713769236,0.3727589805750734,0.6004827297111575
25763,LOF,0.009182165883845453,0.25391947716273405,0.7368983569534205
25764,GOF,0.09674336495195118,0.6229363336469101,0.28032030140113856
25765,GOF,0.007977288147259173,0.8439741546410813,0.1480485572116596
25766,GOF,0.03167884606364833,0.8349596576752593,0.1333614962610925
25767,GOF,0.015261235153761465,0.5527145552260931,0.4320242096201455
25768,LOF,0.03950840414765919,0.08730131780733087,0.8731902780450098
25769,LOF,0.02477433160760301,0.08482195889315168,0.8904037094992452
25770,LOF,0.14518099171550247,0.06944138202149355,0.7853776262630039
25771,LOF,0.01706961508992402,0.08039109835040886,0.9025392865596672
25772,LOF,0.024771198726516973,0.03222770649575428,0.9430010947777289
25773,LOF,0.014223950144814429,0.08673723042048155,0.8990388194347041
25774,LOF,0.025609148005571004,0.09708514374512897,0.8773057082493001
25775,LOF,0.021310600637819272,0.04555033499674382,0.9331390643654368
25776,LOF,0.026981030245825807,0.028591680803722375,0.9444272889504518
25777,LOF,0.18065344460561292,0.07496350568761047,0.7443830497067765
25778,LOF,0.020047869900847115,0.05824594473479191,0.921706185364361
25779,GOF,0.036600329296430104,0.8936725925402201,0.0697270781633498
25780,GOF,0.06230427733596955,0.8850019988396284,0.05269372382440205
25781,GOF,0.026455174717929762,0.8785473091939788,0.09499751608809148
25782,GOF,0.03382299764398123,0.9096780331384798,0.056498969217538816
25783,GOF,0.02001285457745057,0.7646018704274934,0.21538527499505605
25784,GOF,0.11147440117785079,0.8493727252040507,0.039152873618098376
25785,GOF,0.07225276179864694,0.8909227668060213,0.036824471395331675
25786,GOF,0.0055910792587507115,0.8644498987109992,0.12995902203024995
25787,GOF,0.16499708231999,0.8054998886749373,0.029503029005072748
25788,LOF,0.015971040248256022,0.20593215932902414,0.7780968004227199
25789,GOF,0.02140759184242761,0.8754217854766577,0.10317062268091474
25790,GOF,0.022644996565373984,0.8929729992892301,0.08438200414539579
25791,GOF,0.015357836276664887,0.8417794399642886,0.14286272375904654
25792,GOF,0.026123488666437926,0.8555665242542695,0.11830998707929259
25793,GOF,0.07791384176040558,0.8453502868479018,0.07673587139169279
25794,GOF,0.06258797286666394,0.7915141297174648,0.14589789741587125
25795,GOF,0.046353132555822234,0.7880537595032808,0.165593107940897
25796,GOF,0.07551194635384251,0.8257781494466255,0.09870990419953204
25797,GOF,0.03866611054370331,0.7126240067697779,0.2487098826865189
25798,GOF,0.002953063818835451,0.6598634735096592,0.33718346267150534
25799,GOF,0.0030550065040910713,0.5419963108496684,0.45494868264624067
25800,GOF,0.012829407378333872,0.7370049426817352,0.250165649939931
25801,GOF,0.01602435425696569,0.8845211000705524,0.09945454567248192
25802,GOF,0.022045945647489212,0.8260175961673983,0.15193645818511248
25803,GOF,0.011734477589248593,0.7252164433195347,0.2630490790912166
25804,GOF,0.01450162279665424,0.6478902412116263,0.33760813599171935
25805,GOF,0.026310848437257228,0.7419582996029104,0.2317308519598323
25806,GOF,0.020865629706977546,0.7819449532997133,0.1971894169933092
25807,GOF,0.00584497145155041,0.7572077369553109,0.23694729159313868
25808,GOF,0.015609322435761047,0.7838194213264793,0.20057125623775973
25809,GOF,0.006836096771537044,0.7647204024370552,0.22844350079140777
25810,GOF,0.005854113508284432,0.7701935422704214,0.22395234422129442
25811,GOF,0.052774342421510446,0.8709078544581883,0.07631780312030137
25812,GOF,0.017065339306710788,0.7310990320898413,0.2518356286034478
25813,GOF,0.10488277592349113,0.8034036689334226,0.0917135551430864
25814,GOF,0.025999404768130906,0.8160902427686337,0.15791035246323534
25815,GOF,0.04235333937745668,0.8375614210517384,0.12008523957080497
25816,GOF,0.008488725697504097,0.8712001368965654,0.12031113740593043
25817,GOF,0.0996288377932472,0.777872086035978,0.12249907617077467
25818,GOF,0.027973868123031646,0.814606397655316,0.15741973422165245
25819,GOF,0.06329604663474467,0.7961820039226,0.14052194944265556
25820,GOF,0.03243366876115595,0.7859458113328486,0.1816205199059956
25821,GOF,0.019875573033340494,0.7852618332636272,0.19486259370303244
25822,GOF,0.03828140903196429,0.7840096366195537,0.17770895434848197
25823,GOF,0.015788509313232484,0.6629639843119502,0.32124750637481725
25824,GOF,0.027219113091817692,0.7767586037104244,0.19602228319775794
25825,GOF,0.016560719763051374,0.7637412909587745,0.2196979892781742
25826,GOF,0.005872202123941135,0.7402670243008738,0.25386077357518516
25827,GOF,0.009487532162882072,0.7218009416906774,0.2687115261464406
25828,GOF,0.00645803793472194,0.6862501618665063,0.3072918001987718
25829,GOF,0.003038217740487321,0.7338440180598658,0.2631177641996469
25830,GOF,0.03802319710411675,0.5303761513324732,0.43160065156341015
25831,GOF,0.05234460723588896,0.848130020165047,0.09952537259906417
25832,GOF,0.009529060157396454,0.8160676538862651,0.17440328595633836
25833,GOF,0.037166218391055016,0.8560766453131016,0.10675713629584344
25834,GOF,0.008909076401497334,0.8221749101176717,0.16891601348083085
25835,GOF,0.021364967533735367,0.8621186544526339,0.1165163780136308
25836,GOF,0.007112257389960944,0.8267064522966624,0.16618129031337675
25837,GOF,0.00745818907117595,0.7408314658366257,0.25171034509219836
25838,GOF,0.022021538453490284,0.8761758138268708,0.10180264771963901
25839,GOF,0.049935858447494576,0.8514588577032176,0.0986052838492877
25840,GOF,0.06364444235054793,0.846828621888127,0.08952693576132499
25841,GOF,0.06258207787287226,0.8558513712418072,0.08156655088532042
25842,GOF,0.02599842485263648,0.9040706887122852,0.06993088643507829
25843,GOF,0.02617906309446233,0.9094391458892684,0.06438179101626913
25844,GOF,0.01948893579517962,0.8617371590212832,0.11877390518353725
25845,GOF,0.0058774612302263125,0.6772132628290575,0.31690927594071616
25846,GOF,0.045110283357214113,0.8695639842785391,0.0853257323642469
25847,GOF,0.019935142850855767,0.9191402360144062,0.06092462113473799
25848,GOF,0.017362796050515467,0.8734967684693288,0.10914043548015565
25849,GOF,0.00506725100352633,0.7759098654050208,0.21902288359145278
25850,GOF,0.00718585178897217,0.7850388065096853,0.20777534170134251
25851,GOF,0.006112086546698104,0.6700347104963714,0.3238532029569305
25852,GOF,0.1421674683586004,0.6164304673240061,0.24140206431739356
25853,GOF,0.077484319227932,0.846446273510566,0.07606940726150203
25854,GOF,0.005772928072428609,0.7330886188205008,0.2611384531070707
25855,GOF,0.016630324161609658,0.676990124077366,0.30637955176102427
25856,GOF,0.03972298607543619,0.8047769160418964,0.15550009788266753
25857,GOF,0.014534977161978331,0.6677523151422096,0.3177127076958121
25858,GOF,0.007681318441808724,0.6759215204688483,0.31639716108934296
25859,GOF,0.005447920845845435,0.6550405228069648,0.3395115563471898
25860,GOF,0.079562723648765,0.8310173982732,0.08941987807803499
25861,GOF,0.0877533353424595,0.8300267133127105,0.08221995134482998
25862,GOF,0.02182274796172996,0.8727221265275761,0.1054551255106939
25863,GOF,0.021575891414093402,0.8784272529211233,0.09999685566478332
25864,GOF,0.05098088414695573,0.8800399771630036,0.0689791386900405
25865,GOF,0.03960924683817304,0.8450284500056369,0.11536230315619005
25866,GOF,0.026296846152773782,0.8744443771626585,0.0992587766845676
25867,GOF,0.03290182080279567,0.8856387046894809,0.08145947450772344
25868,GOF,0.05503226973977489,0.8489147496187108,0.0960529806415143
25869,GOF,0.3462391355155014,0.5905886576040184,0.0631722068804802
25870,GOF,0.06818502568122829,0.7127165615522134,0.21909841276655814
25871,GOF,0.011121928931706776,0.8972270704539635,0.0916510006143298
25872,GOF,0.02196673760332479,0.8738891613502545,0.10414410104642065
25873,GOF,0.020787231227415572,0.8959900640065078,0.0832227047660767
25874,LOF,0.017521912546036727,0.22959423728533043,0.7528838501686328
25875,LOF,0.05059345169260196,0.04422887498292741,0.9051776733244706
25876,LOF,0.017387175661459486,0.04229244785817065,0.9403203764803699
25877,LOF,0.11646256935005195,0.0872993914574264,0.7962380391925217
25878,LOF,0.06809302076386013,0.1183248009121452,0.8135821783239946
25879,LOF,0.02816768584450733,0.083688035874897,0.8881442782805957
25880,LOF,0.05435634169219952,0.012405607843041332,0.9332380504647592
25881,Neutral,0.5453286265981714,0.060395836886104344,0.3942755365157243
25882,LOF,0.05522688097323917,0.027454970906044075,0.9173181481207167
25883,LOF,0.027725477041283902,0.02314364284323168,0.9491308801154845
25884,LOF,0.027880075516539732,0.040272907554278856,0.9318470169291814
25885,LOF,0.2201581774172432,0.010815113665311269,0.7690267089174456
25886,LOF,0.14843283096810947,0.05627864531777278,0.7952885237141177
25887,LOF,0.2003275840592277,0.06059260409400951,0.7390798118467629
25888,LOF,0.012906640637631958,0.12615691159755965,0.8609364477648085
25889,LOF,0.0314956512355882,0.02826899005161069,0.9402353587128012
25890,LOF,0.13533680162241998,0.11340341029151943,0.7512597880860606
25891,LOF,0.09534520927866114,0.02263492823808763,0.8820198624832511
25892,LOF,0.008899924762388885,0.03517355698299517,0.955926518254616
25893,LOF,0.41090572858907454,0.008825221019144004,0.5802690503917814
25894,LOF,0.43794350545692773,0.005777102002763997,0.5562793925403082
25895,LOF,0.3252745465940418,0.01159658037718775,0.6631288730287704
25896,LOF,0.06662818866155776,0.016049746293617082,0.9173220650448252
25897,LOF,0.1891051636100432,0.008639264790998224,0.8022555715989584
25898,LOF,0.17726038796275415,0.028555821115777653,0.7941837909214682
25899,LOF,0.35604535872215437,0.01916149023594155,0.624793151041904
25900,LOF,0.4604712022097626,0.00806847391163987,0.5314603238785974
25901,LOF,0.06598322490623013,0.008418473054041786,0.925598302039728
25902,LOF,0.15273200394101075,0.00913414500505504,0.8381338510539341
25903,LOF,0.4073324696277975,0.02318364788511509,0.5694838824870875
25904,Neutral,0.4962697784889019,0.026024218218875076,0.47770600329222307
25905,LOF,0.004164702392749857,0.4703550654785574,0.5254802321286929
25906,LOF,0.00925424315692049,0.12293391672910103,0.8678118401139786
25907,LOF,0.004077267113525369,0.348403435009765,0.6475192978767097
25908,LOF,0.004536273419454015,0.2463012628114193,0.7491624637691268
25909,LOF,0.024516437744334586,0.17049915377760969,0.8049844084780556
25910,LOF,0.010787484432257452,0.13304652119545618,0.8561659943722862
25911,LOF,0.3211106916934872,0.03818577031273591,0.6407035379937768
25912,LOF,0.06371141670545027,0.05475514209805803,0.8815334411964917
25913,LOF,0.044209005657873585,0.07406353808630305,0.8817274562558234
25914,LOF,0.03842312213672641,0.04771844247965329,0.9138584353836202
25915,LOF,0.17651258284123525,0.1962451676944775,0.6272422494642873
25916,LOF,0.027974976877383134,0.12623578463537333,0.8457892384872436
25917,LOF,0.07449929508631152,0.042100600830577206,0.8834001040831112
25918,LOF,0.04384169221828719,0.028457063940889826,0.927701243840823
25919,LOF,0.037371434074620714,0.027149952199225218,0.935478613726154
25920,LOF,0.1454787209651451,0.23751332896068106,0.6170079500741739
25921,LOF,0.01701839565426335,0.039612292403036556,0.9433693119427
25922,LOF,0.017578229677185482,0.03521263153060569,0.9472091387922088
25923,Neutral,0.4878680741923062,0.031064477682448077,0.4810674481252457
25924,LOF,0.024686383292073674,0.058750883706253205,0.916562733001673
25925,LOF,0.0884914911980407,0.04770021194379446,0.8638082968581648
25926,LOF,0.06190653828469626,0.04448350757102636,0.8936099541442774
25927,LOF,0.025531723626203894,0.06554966523284293,0.9089186111409532
25928,LOF,0.010830444015860622,0.0547002232501863,0.9344693327339529
25929,Neutral,0.5695355672185383,0.030255281583044972,0.40020915119841666
25930,LOF,0.08099855061661035,0.02888139092501556,0.8901200584583742
25931,LOF,0.014547441671648674,0.039086494953121054,0.9463660633752303
25932,LOF,0.07107830426025152,0.031091521033292414,0.897830174706456
25933,LOF,0.0615114923193916,0.021049867008911972,0.9174386406716963
25934,LOF,0.058627383855264587,0.01864108211093482,0.9227315340338007
25935,LOF,0.07491063720140187,0.05974161431264795,0.8653477484859503
25936,LOF,0.09739460096548888,0.020943713656824455,0.8816616853776866
25937,LOF,0.014472663415025224,0.04051006707509931,0.9450172695098755
25938,LOF,0.07376025375043849,0.05415744583660253,0.872082300412959
25939,LOF,0.04515710524376618,0.026142764486366633,0.9287001302698673
25940,LOF,0.00905831890260678,0.37570533286120933,0.6152363482361839
25941,Neutral,0.5073258674567823,0.04103950423473935,0.4516346283084784
25942,LOF,0.008935380873654244,0.05399315479739212,0.9370714643289536
25943,LOF,0.04400179240377567,0.17667282176670984,0.7793253858295144
25944,LOF,0.06774662918728974,0.08292850731144351,0.8493248635012668
25945,LOF,0.11979281759449102,0.020663376921750794,0.8595438054837583
25946,LOF,0.07256101771508099,0.04506113915362864,0.8823778431312904
25947,Neutral,0.4542667150164324,0.101317643602611,0.4444156413809566
25948,LOF,0.45003123112159094,0.014081353793208806,0.5358874150852002
25949,LOF,0.13884888619115404,0.06941211391533013,0.7917389998935158
25950,GOF,0.06847788311881282,0.6436288029376814,0.28789331394350554
25951,LOF,0.013604348790862864,0.45542500538028596,0.5309706458288511
25952,LOF,0.3033026556005592,0.31116281687305936,0.3855345275263814
25953,LOF,0.007373945127167317,0.1846547384922322,0.8079713163806005
25954,GOF,0.10346117295137046,0.5181207680404689,0.3784180590081607
25955,LOF,0.007176997976041296,0.174040152114183,0.8187828499097756
25956,LOF,0.01902660872093831,0.25062920787586246,0.7303441834031992
25957,LOF,0.21812755381946858,0.03227903676243395,0.7495934094180974
25958,LOF,0.03303857601378019,0.042130978291487604,0.9248304456947323
25959,GOF,0.015147591863293012,0.572612388385628,0.41224001975107905
25960,LOF,0.006610679069326284,0.06662864753070957,0.9267606733999642
25961,LOF,0.030738292901240038,0.03905270051944619,0.9302090065793138
25962,LOF,0.038209333985734145,0.06223451561502812,0.8995561503992376
25963,LOF,0.005267955510871199,0.19231677664586008,0.8024152678432687
25964,LOF,0.02641412723795566,0.12422006617773378,0.8493658065843106
25965,LOF,0.276692656223079,0.13203030530899226,0.5912770384679287
25966,Neutral,0.480263942895853,0.13910178468398465,0.3806342724201623
25967,LOF,0.009357679523106427,0.09216457804901407,0.8984777424278795
25968,LOF,0.04515903191975907,0.25081225356653275,0.7040287145137082
25969,LOF,0.11417939884453267,0.05840055528984884,0.8274200458656185
25970,LOF,0.02329484919080967,0.08343249175208721,0.8932726590571031
25971,LOF,0.08270560797841078,0.028486754499390782,0.8888076375221985
25972,LOF,0.06444685756592435,0.04889330313046295,0.8866598393036126
25973,LOF,0.06695029578915945,0.00903719659679364,0.924012507614047
25974,LOF,0.04816890491238578,0.038116074609835175,0.9137150204777791
25975,LOF,0.04569124543050344,0.017722260199271568,0.936586494370225
25976,LOF,0.08964958079291616,0.010070688663135801,0.9002797305439482
25977,LOF,0.19318601727702245,0.07401173198470551,0.732802250738272
25978,LOF,0.18880167565641837,0.11661526567580104,0.6945830586677806
25979,LOF,0.15138230149878554,0.1312062775797416,0.7174114209214728
25980,LOF,0.2586394249627783,0.17737891304197362,0.563981661995248
25981,LOF,0.2600808865381206,0.1787764200812577,0.5611426933806217
25982,Neutral,0.49194002591307445,0.0805014529065485,0.427558521180377
25983,Neutral,0.4943603564687686,0.09987046792238181,0.40576917560884956
25984,LOF,0.038914984948393044,0.09641874599514383,0.8646662690564632
25985,Neutral,0.4347486279460339,0.14559942570649587,0.41965194634747016
25986,LOF,0.013630912637879859,0.4025694669600218,0.5837996204020983
25987,LOF,0.05256402676710565,0.09716114710373741,0.8502748261291568
25988,LOF,0.041606920523662855,0.17037132325037976,0.7880217562259573
25989,LOF,0.03958853287341281,0.19084439432749567,0.7695670727990915
25990,LOF,0.0391505075472578,0.292794467404155,0.6680550250485873
25991,LOF,0.02952582866718512,0.4262006107599336,0.5442735605728813
25992,LOF,0.026575261234569488,0.42842387018417294,0.5450008685812576
25993,LOF,0.029740652509536593,0.07471839430912547,0.895540953181338
25994,LOF,0.023643176174477244,0.07950318513353861,0.8968536386919842
25995,LOF,0.022015818185114184,0.143517657014502,0.8344665248003837
25996,Neutral,0.3371662011631264,0.3270526512866951,0.3357811475501786
25997,LOF,0.06111321114558053,0.3933163751990948,0.5455704136553247
25998,LOF,0.23693137797535507,0.04947616773385122,0.7135924542907937
25999,LOF,0.02758483248862429,0.18895796419114266,0.783457203320233
26000,LOF,0.16912050887819938,0.0336660999605827,0.7972133911612179
26001,LOF,0.23316769925562733,0.040655050789027945,0.7261772499553446
26002,LOF,0.12684581436639658,0.04985782912542224,0.8232963565081811
26003,GOF,0.00561352436498996,0.6241938982282006,0.3701925774068095
26004,GOF,0.008506445273694053,0.6930026291674011,0.29849092555890483
26005,LOF,0.004042098082477924,0.4793323597507689,0.5166255421667532
26006,GOF,0.12414802846119866,0.5348275808048899,0.34102439073391144
26007,GOF,0.008576992026627196,0.5285681523714317,0.46285485560194106
26008,GOF,0.006345784222294382,0.6381596689415899,0.3554945468361157
26009,GOF,0.00769063715675258,0.6643332281327942,0.3279761347104533
26010,GOF,0.0079981453445354,0.6442569110965458,0.3477449435589188
26011,LOF,0.0033757823612390455,0.44139361225302015,0.5552306053857409
26012,GOF,0.005112938719946285,0.5096658126772918,0.4852212486027619
26013,GOF,0.007280418006508283,0.5827931532123038,0.409926428781188
26014,LOF,0.059542992281284374,0.11584052594113452,0.8246164817775811
26015,LOF,0.3593039260348948,0.030192653881922556,0.6105034200831826
26016,LOF,0.3108699202831726,0.05186021053786699,0.6372698691789603
26017,LOF,0.020460890547728917,0.22910727686651552,0.7504318325857555
26018,LOF,0.02531395004103004,0.06232985744667584,0.9123561925122942
26019,LOF,0.0253080429927392,0.05420180280904412,0.9204901541982168
26020,LOF,0.009375614537737276,0.214779270999591,0.7758451144626717
26021,LOF,0.07640438126898655,0.08056412883805301,0.8430314898929604
26022,LOF,0.04176385943499053,0.03370071942572988,0.9245354211392796
26023,LOF,0.03179039974067547,0.03908411280124439,0.9291254874580802
26024,LOF,0.04881401815371277,0.0825663691748909,0.8686196126713963
26025,LOF,0.06375230625140618,0.09189102934049576,0.844356664408098
26026,LOF,0.1252981063714818,0.06835920333580965,0.8063426902927086
26027,LOF,0.024833375464985923,0.030418533976468133,0.944748090558546
26028,LOF,0.11542893007453152,0.1557774676323459,0.7287936022931225
26029,LOF,0.017078099951674683,0.18637661021405988,0.7965452898342655
26030,LOF,0.15930874883994342,0.02386593873791052,0.8168253124221461
26031,LOF,0.008837901288865515,0.16773258463591,0.8234295140752245
26032,LOF,0.043701066985168464,0.053983015707106945,0.9023159173077246
26033,LOF,0.06850739317486264,0.04943117125863033,0.8820614355665071
26034,LOF,0.012458129793804106,0.1482491802407669,0.839292689965429
26035,LOF,0.01102287481103743,0.11106120567350106,0.8779159195154616
26036,LOF,0.01049030935541065,0.12503105453627947,0.8644786361083099
26037,LOF,0.009549354309878482,0.10379713966622446,0.886653506023897
26038,LOF,0.037370970861398935,0.048456000182441936,0.9141730289561593
26039,LOF,0.024136321345108108,0.12545571524699003,0.8504079634079019
26040,LOF,0.10200342384522065,0.12351453751302571,0.7744820386417536
26041,LOF,0.01227066413844777,0.09003113868983642,0.8976981971717158
26042,LOF,0.011082070264906936,0.1011550205666469,0.8877629091684461
26043,LOF,0.03547718000627767,0.06799330132014228,0.8965295186735801
26044,LOF,0.013826442189375643,0.049009702423291016,0.9371638553873334
26045,LOF,0.06811016057555142,0.10340057179151063,0.828489267632938
26046,LOF,0.03076347380242294,0.053242028257101275,0.9159944979404758
26047,LOF,0.05190717423041801,0.05158320423222052,0.8965096215373616
26048,LOF,0.08482481196811638,0.02555819076252719,0.8896169972693565
26049,Neutral,0.9482064160101749,0.007221875221891443,0.044571708767933815
26050,Neutral,0.9249762716472275,0.00788166245051829,0.06714206590225409
26051,LOF,0.01822204336190266,0.11108549813573576,0.8706924585023615
26052,LOF,0.03359822355597582,0.13998276551416383,0.8264190109298605
26053,LOF,0.030154684455185037,0.15474974124548177,0.8150955742993332
26054,LOF,0.04415460774800804,0.027278270084856504,0.9285671221671354
26055,LOF,0.06706581365121839,0.02357067001943258,0.909363516329349
26056,LOF,0.05321396355043092,0.030110337769155397,0.9166756986804138
26057,LOF,0.05737316071339779,0.015859539795769293,0.9267672994908329
26058,LOF,0.06157352376236,0.012742751914160457,0.9256837243234796
26059,LOF,0.20607314777370359,0.02937520058442141,0.764551651641875
26060,LOF,0.017052817279037704,0.18263819276452975,0.8003089899564325
26061,LOF,0.013029176679363255,0.010822315040176202,0.9761485082804605
26062,LOF,0.006874735725927859,0.01789308142316349,0.9752321828509085
26063,LOF,0.037105945192564556,0.011738745370059804,0.9511553094373756
26064,LOF,0.011004731327495115,0.025755822773242665,0.9632394458992622
26065,LOF,0.04643289156199655,0.01307902843468951,0.940488080003314
26066,LOF,0.04506603020529757,0.011395594853817083,0.9435383749408853
26067,LOF,0.05453241270420338,0.011201609161466392,0.9342659781343302
26068,LOF,0.052209792048778216,0.04732465571395543,0.9004655522372664
26069,LOF,0.1573687605668136,0.02679821055640141,0.815833028876785
26070,LOF,0.3146506065694063,0.023026637503661566,0.662322755926932
26071,LOF,0.04339372391211786,0.012557801398999755,0.9440484746888824
26072,LOF,0.010998333165814483,0.01961299742090033,0.969388669413285
26073,LOF,0.039086797571812056,0.015349938478223224,0.9455632639499647
26074,Neutral,0.9191674789207516,0.008821859372963684,0.07201066170628471
26075,LOF,0.05247889809238694,0.021359019169105882,0.9261620827385072
26076,LOF,0.05646141675933252,0.01313765014685381,0.9304009330938137
26077,LOF,0.16817848041183298,0.0067330788708038665,0.8250884407173631
26078,LOF,0.008701738616097725,0.015778926476668405,0.9755193349072339
26079,LOF,0.06550839376111191,0.022741515886243156,0.9117500903526449
26080,LOF,0.0646270046571258,0.022762029022096397,0.9126109663207778
26081,LOF,0.034029593018810936,0.009625283112987992,0.9563451238682011
26082,LOF,0.007488105763927856,0.01583683894726413,0.9766750552888079
26083,LOF,0.103066907128296,0.02154059871635655,0.8753924941553475
26084,LOF,0.11228319642620632,0.01645629883788363,0.8712605047359101
26085,LOF,0.10350691855750663,0.014073241024767489,0.8824198404177258
26086,LOF,0.03986240938636372,0.01259342134082976,0.9475441692728065
26087,LOF,0.03621078021692753,0.010643101352533324,0.9531461184305392
26088,LOF,0.009584851264316099,0.01959181164264834,0.9708233370930356
26089,LOF,0.04325998633727073,0.037718002166958906,0.9190220114957702
26090,LOF,0.04411200549453829,0.0286206840444149,0.9272673104610468
26091,LOF,0.03235019150388804,0.008087385045291124,0.9595624234508209
26092,LOF,0.04392976726093071,0.008735281644292926,0.9473349510947763
26093,LOF,0.08629463569585145,0.005766334749460035,0.9079390295546885
26094,LOF,0.03586044880529018,0.0076696050502359945,0.9564699461444739
26095,LOF,0.04231892665555117,0.017918868475386505,0.9397622048690623
26096,LOF,0.23433998054638175,0.005163672004910134,0.7604963474487081
26097,LOF,0.00867571801654488,0.02917814828417058,0.9621461336992846
26098,LOF,0.07715239547440615,0.018631639232312674,0.9042159652932812
26099,LOF,0.044279531375899205,0.016133758131310568,0.9395867104927902
26100,LOF,0.0442562562640284,0.016134151044340822,0.9396095926916307
26101,LOF,0.0593587102460772,0.030265045967087213,0.9103762437868355
26102,LOF,0.03446791490425775,0.01696180671037029,0.948570278385372
26103,Neutral,0.8775481937210302,0.02760234056644177,0.09484946571252792
26104,LOF,0.0598682909181829,0.04164827308908958,0.8984834359927276
26105,LOF,0.2450102178208773,0.16202429665492724,0.5929654855241955
26106,LOF,0.30590386860238494,0.11842584079262242,0.5756702906049926
26107,LOF,0.02255129255078164,0.08756767964900142,0.889881027800217
26108,LOF,0.2704151479151264,0.04824045520847651,0.681344396876397
26109,LOF,0.09490382362095207,0.03678286780908258,0.8683133085699654
26110,LOF,0.4729593375234928,0.007990645231426004,0.5190500172450813
26111,LOF,0.05278053403861812,0.15317939380333745,0.7940400721580444
26112,LOF,0.052902878423950736,0.009085600257790196,0.9380115213182592
26113,LOF,0.10293863871128527,0.022489597215347393,0.8745717640733673
26114,LOF,0.09624360809921567,0.007331712651922487,0.8964246792488619
26115,LOF,0.015025045182454596,0.050046372372969085,0.9349285824445764
26116,LOF,0.06953674632941084,0.02182337924003107,0.908639874430558
26117,LOF,0.395410999239872,0.03002564503124792,0.5745633557288801
26118,LOF,0.04905892708353733,0.014332018099940938,0.9366090548165217
26119,LOF,0.006564255954773997,0.030094209901095823,0.9633415341441303
26120,LOF,0.03653550602626151,0.013846623578454278,0.9496178703952842
26121,LOF,0.004618180434624202,0.11136289446656294,0.8840189250988129
