feature0,prediction,LoGoFunc_Neutral,LoGoFunc_GOF,LoGoFunc_LOF
25546,Neutral,0.7607420238778766,0.030916107541472698,0.2083418685806508
25547,Neutral,0.5847671257874376,0.08237312996582868,0.33285974424673365
25548,Neutral,0.5564141560819567,0.0640727298562472,0.3795131140617961
25549,Neutral,0.4816848132535419,0.062236748280740634,0.4560784384657174
25550,LOF,0.3294275548616109,0.112417907966088,0.5581545371723012
25551,LOF,0.28605046505664516,0.12227127557936182,0.591678259363993
25552,LOF,0.19515481891152547,0.12229536646233846,0.6825498146261361
25553,Neutral,0.8256355620255807,0.029496145870593477,0.14486829210382593
25554,LOF,0.22260036546041637,0.11362552703727302,0.6637741075023106
25555,LOF,0.18264948153460248,0.0968163310057434,0.7205341874596541
25556,LOF,0.3779425760836879,0.10627476692590496,0.5157826569904072
25557,LOF,0.1800092265810097,0.10269623211046526,0.717294541308525
25558,LOF,0.21697476560286313,0.11578118538164377,0.6672440490154932
25559,LOF,0.41255920149802416,0.07646744492848691,0.5109733535734889
25560,LOF,0.056949905761677785,0.18921767488784222,0.75383241935048
25561,LOF,0.10696862802139116,0.217439078797303,0.6755922931813058
25562,LOF,0.11175691533577607,0.0846472111990555,0.8035958734651684
25563,LOF,0.10781960459462955,0.08598858898470609,0.8061918064206643
25564,LOF,0.16406684691489837,0.1641700193992271,0.6717631336858746
25565,LOF,0.1377173269916355,0.15495980192246253,0.7073228710859019
25566,GOF,0.014848194928057225,0.7391493424819868,0.24600246258995595
25567,LOF,0.01613439318222409,0.151273960306378,0.8325916465113979
25568,LOF,0.05242385567674084,0.0638509580067914,0.8837251863164677
25569,LOF,0.06259557964572608,0.07169068672789539,0.8657137336263785
25570,LOF,0.06401082356705587,0.10177788286047759,0.8342112935724666
25571,LOF,0.0616976925339898,0.0932302504330873,0.8450720570329229
25572,LOF,0.0626036383823912,0.13846937185322927,0.7989269897643796
25573,LOF,0.025660317556083972,0.09849746607310936,0.8758422163708067
25574,LOF,0.01594859841628988,0.16870337557906037,0.8153480260046496
25575,LOF,0.04922165839973928,0.10182626101838452,0.8489520805818762
25576,LOF,0.021678964716421334,0.1252524319885922,0.8530686032949865
25577,LOF,0.01612462773625253,0.14734251001399926,0.8365328622497482
25578,LOF,0.23218372602174536,0.09512414752154708,0.6726921264567075
25579,LOF,0.23255248197558476,0.0941195050931014,0.673328012931314
25580,LOF,0.03381840799556362,0.08733882160619298,0.8788427703982434
25581,LOF,0.05000820587891106,0.07516876447173844,0.8748230296493504
25582,LOF,0.0497390976049584,0.0726112312183127,0.877649671176729
25583,LOF,0.044116701593647986,0.10051338410215897,0.855369914304193
25584,LOF,0.44212141285096723,0.0932499317915862,0.4646286553574467
25585,LOF,0.03614841472028713,0.10986559773738257,0.8539859875423303
25586,LOF,0.035247957705896546,0.08022823541104356,0.88452380688306
25587,LOF,0.03454239468837355,0.07568344342084594,0.8897741618907805
25588,LOF,0.034001830888386125,0.09843157465193783,0.867566594459676
25589,Neutral,0.5773478678485812,0.11776995195018707,0.30488218020123176
25590,LOF,0.027186708942520777,0.1383994441829468,0.8344138468745324
25591,LOF,0.10487221341767224,0.06369857573359242,0.8314292108487354
25592,LOF,0.09508127004006067,0.1299178210964301,0.7750009088635091
25593,LOF,0.016385562780062583,0.26018026947086,0.7234341677490775
25594,LOF,0.029492608054150906,0.2663447076680892,0.70416268427776
25595,LOF,0.04688369191423356,0.20356050229439923,0.7495558057913673
25596,LOF,0.054357115130967366,0.13867497402701806,0.8069679108420145
25597,LOF,0.05506931197914653,0.10427144867108254,0.8406592393497708
25598,LOF,0.03571703338433351,0.24522093073819828,0.7190620358774683
25599,GOF,0.007213437282704281,0.7853015666461547,0.20748499607114107
25600,GOF,0.00957985916795472,0.56713018786927,0.4232899529627752
25601,GOF,0.007481760829620998,0.4997121700403762,0.49280606913000286
25602,LOF,0.01840147624848058,0.05632742730799832,0.9252710964435211
25603,LOF,0.03464066893748616,0.04249477410948278,0.9228645569530312
25604,LOF,0.0461099918015111,0.0569929977275903,0.8968970104708985
25605,LOF,0.010427698281029378,0.2458089060895391,0.7437633956294315
25606,LOF,0.06060186955412635,0.4651693162162766,0.474228814229597
25607,LOF,0.004501882522771753,0.17259204713511592,0.8229060703421124
25608,LOF,0.060239511267927745,0.046834526700713766,0.8929259620313585
25609,LOF,0.059770356064358605,0.34778527963909645,0.5924443642965449
25610,LOF,0.04691814620445825,0.03279457716603473,0.920287276629507
25611,LOF,0.05535280730829447,0.029722940554674077,0.9149242521370314
25612,LOF,0.09875494261170223,0.053406997826727684,0.8478380595615701
25613,LOF,0.08473870284616357,0.05057938673254143,0.8646819104212949
25614,LOF,0.036611219734230246,0.0400386186920623,0.9233501615737074
25615,LOF,0.058512610708831826,0.038160661770614404,0.9033267275205537
25616,LOF,0.03741276560323583,0.03947938480541881,0.9231078495913454
25617,LOF,0.03780756560814779,0.04490880300368643,0.9172836313881658
25618,LOF,0.24705804466428197,0.03893110977399169,0.7140108455617263
25619,LOF,0.038467332467894494,0.03567902886757683,0.9258536386645287
25620,LOF,0.039893741113987476,0.04706160544241114,0.9130446534436013
25621,LOF,0.03463758963036326,0.037551244798119915,0.9278111655715168
25622,LOF,0.029296456302880896,0.05181547458760978,0.9188880691095093
25623,LOF,0.06750827735499251,0.03757114495157598,0.8949205776934316
25624,LOF,0.02951618350147914,0.04934557275084293,0.9211382437476778
25625,LOF,0.04004753808335989,0.05397830945578084,0.9059741524608592
25626,LOF,0.07289292508603708,0.03626907207330226,0.8908380028406606
25627,Neutral,0.5427635764815326,0.12858136928247885,0.3286550542359886
25628,LOF,0.17861352570762673,0.07512101880532635,0.7462654554870469
25629,LOF,0.06451286799016132,0.14461493421791224,0.7908721977919264
25630,LOF,0.17966437952685396,0.12902013122366215,0.6913154892494839
25631,Neutral,0.5739773429999417,0.09541330660611634,0.33060935039394196
25632,LOF,0.025350428583041356,0.07937235139337877,0.8952772200235799
25633,LOF,0.2558102736118638,0.09189870203375562,0.6522910243543806
25634,LOF,0.03771616773245912,0.10586348846932252,0.8564203437982183
25635,LOF,0.04979280672209634,0.08657312165528751,0.8636340716226161
25636,GOF,0.006071257445768445,0.5717679853592925,0.42216075719493906
25637,GOF,0.004843422825438034,0.5072776127327573,0.4878789644418046
25638,LOF,0.008446175221860251,0.39995963006309004,0.5915941947150497
25639,LOF,0.004939725238739275,0.39009861593259276,0.6049616588286679
25640,GOF,0.4086167722877858,0.5504830178001338,0.040900209912080564
25641,LOF,0.005992997231770663,0.3610936838081989,0.6329133189600306
25642,LOF,0.2562215074879388,0.08532071522377141,0.6584577772882898
25643,LOF,0.17685601999889813,0.27052377054124577,0.5526202094598561
25644,LOF,0.04062607092197569,0.43194741315460605,0.5274265159234183
25645,LOF,0.02787380361945779,0.3626855074898881,0.6094406888906542
25646,LOF,0.02817013859133006,0.25625787943340517,0.7155719819752647
25647,LOF,0.02419506291820765,0.1985800676752801,0.7772248694065121
25648,LOF,0.020001830123016963,0.21078079527526647,0.7692173746017165
25649,LOF,0.018848029173801045,0.15941356669793721,0.8217384041282618
25650,LOF,0.055301554387329095,0.39286956192064754,0.5518288836920233
25651,LOF,0.017013824753177618,0.18343106020938066,0.7995551150374417
25652,LOF,0.02562012440599763,0.18797847904187748,0.7864013965521249
25653,LOF,0.12117697477799728,0.3217744823437165,0.5570485428782862
25654,LOF,0.020005629531202468,0.19295582646899215,0.7870385439998053
25655,LOF,0.13974235973572885,0.24564425934802187,0.6146133809162493
25656,LOF,0.056066941960787056,0.05478246718321175,0.8891505908560011
25657,LOF,0.3059445380680143,0.02550447481021646,0.6685509871217692
25658,LOF,0.03053417132548564,0.06968839494937014,0.8997774337251442
25659,LOF,0.23885889097333188,0.0531667802813961,0.7079743287452721
25660,LOF,0.09626156752707794,0.10436481887852096,0.7993736135944011
25661,LOF,0.07273977085310095,0.07882472218601684,0.8484355069608821
25662,LOF,0.034289371765963264,0.05238335827751196,0.9133272699565247
25663,LOF,0.0439555961506654,0.08617367055679209,0.8698707332925425
25664,LOF,0.026688190711010615,0.152914219186196,0.8203975901027933
25665,LOF,0.05020882402649443,0.051884682636136124,0.8979064933373695
25666,LOF,0.03415782047665422,0.19216636437484563,0.7736758151485
25667,LOF,0.0325611590256163,0.06734990309586786,0.9000889378785158
25668,LOF,0.04257806057165141,0.0668284868214752,0.8905934526068734
25669,LOF,0.05108976421295917,0.1079062064459402,0.8410040293411005
25670,LOF,0.1422348964555309,0.11165353454133044,0.7461115690031387
25671,LOF,0.043122386320518194,0.05829583194099477,0.898581781738487
25672,LOF,0.05345401156675338,0.08881905369578036,0.8577269347374663
25673,LOF,0.035105909222427435,0.09452680369373942,0.8703672870838333
25674,LOF,0.025183821904940822,0.10985106044123225,0.864965117653827
25675,LOF,0.03282453432582394,0.09441995033368926,0.8727555153404867
25676,LOF,0.03353057852932001,0.07363569427254531,0.8928337271981346
25677,LOF,0.08738383446576628,0.06773958148297271,0.844876584051261
25678,LOF,0.16504663165255137,0.052358143866604034,0.7825952244808445
25679,LOF,0.09676317044871874,0.08394355914405553,0.8192932704072258
25680,LOF,0.0909572557757125,0.10629744941451129,0.8027452948097763
25681,LOF,0.10018983453080609,0.1027856286440593,0.7970245368251346
25682,LOF,0.050497149825419085,0.08528098600600453,0.8642218641685764
25683,LOF,0.06987304655860983,0.12244326586856108,0.807683687572829
25684,LOF,0.0593412832167577,0.07593667913418016,0.8647220376490622
25685,LOF,0.12037902300194606,0.04054343189640503,0.839077545101649
25686,LOF,0.03676193739026317,0.08243638099295837,0.8808016816167785
25687,LOF,0.0652111752850069,0.08198255527559711,0.852806269439396
25688,LOF,0.01639666989332792,0.15060005304516372,0.8330032770615082
25689,LOF,0.013836200831718146,0.08594691313364579,0.900216886034636
25690,LOF,0.015161412863187446,0.1040214952151689,0.8808170919216436
25691,LOF,0.11221907950144791,0.1609959612270031,0.7267849592715491
25692,LOF,0.17239133837657541,0.02267901078981124,0.8049296508336132
25693,LOF,0.04304841824399772,0.17224440049497958,0.7847071812610228
25694,LOF,0.28515990137911007,0.012195081067535894,0.702645017553354
25695,LOF,0.22172906503690082,0.01742264634526394,0.7608482886178352
25696,LOF,0.17319879820296902,0.009815822281885376,0.8169853795151456
25697,LOF,0.10548099930591257,0.03452851457238859,0.8599904861216988
25698,LOF,0.02688261689874262,0.32461339781756127,0.6485039852836961
25699,LOF,0.07552872738898858,0.07277946120929986,0.8516918114017116
25700,LOF,0.035820837346370184,0.014543127114238349,0.9496360355393915
25701,LOF,0.016048670960240395,0.07565354476923132,0.9082977842705282
25702,GOF,0.024859710956768807,0.7593167451056912,0.21582354393754
25703,LOF,0.016133096569530492,0.2233341048085602,0.7605327986219093
25704,LOF,0.10688604262988918,0.18555002967671086,0.7075639276933999
25705,LOF,0.08973496346869077,0.27002076013860377,0.6402442763927055
25706,GOF,0.02125296163411428,0.5825002394398593,0.3962467989260264
25707,GOF,0.025262892008611405,0.5700175414432115,0.404719566548177
25708,GOF,0.008476287782823631,0.5463205093173267,0.44520320289984966
25709,LOF,0.024794294740545626,0.08630206790834116,0.8889036373511132
25710,LOF,0.005044666653197694,0.24354418452113238,0.7514111488256698
25711,LOF,0.02929669997158704,0.14178252671018124,0.8289207733182318
25712,LOF,0.006416971918125606,0.31238345952593183,0.6811995685559427
25713,LOF,0.024173432770629145,0.1335044703336434,0.8423220968957273
25714,LOF,0.02748617686686206,0.1723648205268355,0.8001490026063025
25715,LOF,0.031743477009846345,0.13650131108052857,0.8317552119096251
25716,LOF,0.009102324055053339,0.14687751339768748,0.8440201625472592
25717,LOF,0.005774307128130816,0.16186211372566403,0.8323635791462052
25718,LOF,0.026072873914161944,0.09826187478582758,0.8756652513000105
25719,LOF,0.03725830508553105,0.11519634023544922,0.8475453546790198
25720,LOF,0.035555957109019175,0.11284398859906698,0.8516000542919139
25721,LOF,0.030233024474598313,0.10211183901307894,0.8676551365123227
25722,LOF,0.01813261203231774,0.14385930730672583,0.8380080806609563
25723,LOF,0.029182313132234877,0.09582045422890116,0.874997232638864
25724,LOF,0.025739591178355708,0.17454764110583787,0.7997127677158063
25725,LOF,0.031349967580608006,0.09289056679263902,0.875759465626753
25726,LOF,0.018600736555577667,0.12691958927160002,0.8544796741728222
25727,LOF,0.02626615992888198,0.125857768580269,0.847876071490849
25728,LOF,0.02798622981934674,0.11672081081189067,0.8552929593687626
25729,LOF,0.025781793900672683,0.1308356661943199,0.8433825399050074
25730,LOF,0.028417677701652277,0.09263854940471349,0.8789437728936343
25731,LOF,0.010828757710060075,0.19510529053442538,0.7940659517555144
25732,LOF,0.023893573249602652,0.09594791952308929,0.880158507227308
25733,LOF,0.037044163683883045,0.10204942483918555,0.8609064114769315
25734,LOF,0.005857247646737954,0.28653617982947827,0.7076065725237838
25735,LOF,0.025788245466691558,0.08623808347664363,0.8879736710566647
25736,LOF,0.023928284509937878,0.13541495975960668,0.8406567557304555
25737,LOF,0.05236640909422265,0.14457012398724142,0.803063466918536
25738,LOF,0.027272408919752078,0.18331872714206182,0.7894088639381862
25739,LOF,0.028536967271936168,0.15306726063224013,0.8183957720958237
25740,LOF,0.03306249060332337,0.16646332132537456,0.8004741880713021
25741,LOF,0.03737817698374671,0.1417182373184753,0.820903585697778
25742,LOF,0.05147902326318963,0.14615862766951382,0.8023623490672965
25743,LOF,0.011722815768361957,0.0342191914307315,0.9540579928009064
25744,LOF,0.21923005860291073,0.3265979501959762,0.4541719912011131
25745,LOF,0.0525445184501709,0.10938516441054752,0.8380703171392816
25746,LOF,0.01691576283239684,0.15611241226951486,0.8269718248980884
25747,LOF,0.04177735676065122,0.03343328404876242,0.9247893591905864
25748,LOF,0.2869675109781193,0.058931913743369105,0.6541005752785116
25749,LOF,0.015261020343732931,0.08234759950478727,0.9023913801514798
25750,LOF,0.023231628918759697,0.08695642574345214,0.8898119453377882
25751,LOF,0.041211083145897456,0.05937474294001311,0.8994141739140894
25752,GOF,0.09784313717032234,0.700616083480194,0.20154077934948372
25753,LOF,0.006491238506476451,0.38923073754233706,0.6042780239511866
25754,GOF,0.0076828216027127385,0.8714817315773197,0.12083544681996755
25755,LOF,0.006529086877844302,0.4187996511845468,0.5746712619376089
25756,LOF,0.02792660487290827,0.4095892831390016,0.5624841119880901
25757,GOF,0.009195263992300832,0.8542391093874321,0.13656562662026714
25758,GOF,0.009676442390636046,0.8520558562356181,0.1382677013737459
25759,GOF,0.006118483535608052,0.6324619619123751,0.36141955455201685
25760,LOF,0.005320655827806506,0.3269951979941825,0.6676841461780109
25761,GOF,0.05194489092717901,0.8441670687048877,0.1038880403679331
25762,LOF,0.030583151248065238,0.3579625297034985,0.6114543190484362
25763,LOF,0.005833697908958562,0.2831402065410141,0.7110260955500274
25764,GOF,0.06453738036745708,0.6144236920316064,0.3210389276009366
25765,GOF,0.008115986099523001,0.8651604388873859,0.12672357501309106
25766,GOF,0.05347298945693884,0.7977294176638777,0.14879759287918354
25767,GOF,0.01736430527123735,0.5602010081191359,0.4224346866096268
25768,LOF,0.04695673580736684,0.06389144936683643,0.8891518148257966
25769,LOF,0.03380626649290384,0.07494719553701812,0.891246537970078
25770,LOF,0.1249788278931863,0.06145269814676554,0.8135684739600482
25771,LOF,0.01517808411101569,0.058769958974538794,0.9260519569144455
25772,LOF,0.030043969869497505,0.023963170779057474,0.945992859351445
25773,LOF,0.019301258222381684,0.058028058607567434,0.9226706831700509
25774,LOF,0.023792164384630304,0.09350148033449802,0.8827063552808717
25775,LOF,0.017989607558869126,0.03784337745888785,0.9441670149822431
25776,LOF,0.03376482059977698,0.019393600524665572,0.9468415788755574
25777,LOF,0.13392248676046037,0.0637962003746853,0.8022813128648544
25778,LOF,0.023145383974510412,0.045028746333914155,0.9318258696915754
25779,GOF,0.055446369954540636,0.8865280915341937,0.05802553851126557
25780,GOF,0.07986678175840918,0.8702453485922398,0.04988786964935105
25781,GOF,0.038100376433182495,0.8621362604957069,0.09976336307111065
25782,GOF,0.038195190183993755,0.9052588552114632,0.05654595460454306
25783,GOF,0.04059266838569543,0.9167728929391268,0.04263443867517772
25784,GOF,0.0980251699013371,0.8580351272295891,0.04393970286907384
25785,GOF,0.10958276065360259,0.8592258995622495,0.03119133978414788
25786,GOF,0.013677315765980377,0.8744942613124237,0.11182842292159592
25787,GOF,0.24734512769815212,0.7116387713881037,0.04101610091374417
25788,LOF,0.016928913183470284,0.16650101468338876,0.8165700721331409
25789,GOF,0.020516822453216767,0.8589441621586239,0.1205390153881595
25790,GOF,0.03462966472269302,0.8725056399659816,0.09286469531132537
25791,GOF,0.029532887686932217,0.7702657173412629,0.20020139497180475
25792,GOF,0.03572685427204333,0.8080097225251313,0.15626342320282538
25793,GOF,0.07787654644143994,0.8308000803626845,0.09132337319587555
25794,GOF,0.04798935659719082,0.772146049379844,0.1798645940229651
25795,GOF,0.06087059357852745,0.7333412013499769,0.2057882050714957
25796,GOF,0.11927093291865015,0.8039351473584151,0.0767939197229346
25797,GOF,0.0958628314158822,0.7337742228378056,0.17036294574631225
25798,GOF,0.007088212427924283,0.7409791920347033,0.2519325955373726
25799,GOF,0.004512022114041368,0.677817765758141,0.3176702121278176
25800,GOF,0.028747506596092154,0.826900911964368,0.14435158143953988
25801,GOF,0.025564845220200173,0.8957814208403946,0.0786537339394052
25802,GOF,0.03385154366354604,0.8066420336833139,0.1595064226531401
25803,GOF,0.021917361419289245,0.6944343244750966,0.2836483141056141
25804,GOF,0.034856947156429965,0.7478610951889191,0.21728195765465105
25805,GOF,0.03314569038722546,0.7706805663423368,0.1961737432704376
25806,GOF,0.04218238078227127,0.7849874036378766,0.17283021557985206
25807,GOF,0.012934234843984909,0.7428516606853407,0.24421410447067435
25808,GOF,0.026312410302307774,0.7645558696499747,0.20913172004771746
25809,GOF,0.012156727158266493,0.6800559422541647,0.30778733058756885
25810,GOF,0.010888388928941306,0.6644993784197885,0.32461223265127015
25811,GOF,0.06492471744274647,0.8598541202205136,0.07522116233673999
25812,GOF,0.03038963071864076,0.77250929697697,0.19710107230438917
25813,GOF,0.15229378066283125,0.7770872308743456,0.07061898846282301
25814,GOF,0.03470577112624465,0.7873287023464519,0.17796552652730346
25815,GOF,0.06119738356736851,0.8371565684875367,0.10164604794509478
25816,GOF,0.010293523407953913,0.8645366208174049,0.12516985577464101
25817,GOF,0.12275034085133893,0.7771526190236776,0.10009704012498334
25818,GOF,0.028924639306946002,0.7742467148680917,0.19682864582496234
25819,GOF,0.046555825204301064,0.7491129875660342,0.20433118722966473
25820,GOF,0.04465608220337503,0.6931520988528274,0.2621918189437976
25821,GOF,0.0327350440626831,0.7352861132581406,0.23197884267917618
25822,GOF,0.05574056410819348,0.7146081309884014,0.2296513049034051
25823,GOF,0.028984594010536716,0.691684153532907,0.2793312524565563
25824,GOF,0.03360404686634,0.7759367360480095,0.19045921708565047
25825,GOF,0.027257206111310505,0.7621682553077523,0.2105745385809371
25826,GOF,0.012490739798886905,0.7029418691652628,0.2845673910358503
25827,GOF,0.017018427575852892,0.6851110757712982,0.29787049665284887
25828,GOF,0.0129058999665894,0.7219589215199017,0.265135178513509
25829,GOF,0.004440659665141055,0.647356990814206,0.3482023495206532
25830,GOF,0.03979839262544473,0.507112546051894,0.4530890613226613
25831,GOF,0.06367954009601587,0.7928089021238827,0.14351155778010138
25832,GOF,0.011700893681039845,0.7291435063564742,0.25915559996248605
25833,GOF,0.04007848193266673,0.8033481115776931,0.15657340648964013
25834,GOF,0.011894835173975321,0.7478399476705372,0.24026521715548757
25835,GOF,0.027497852759837838,0.8150678665817992,0.15743428065836307
25836,GOF,0.007812226559121333,0.7376722728459658,0.25451550059491307
25837,GOF,0.01079316999310688,0.757626257761898,0.23158057224499526
25838,GOF,0.028630334472257716,0.8276004142815729,0.14376925124616938
25839,GOF,0.08056128694243396,0.7985058270611682,0.12093288599639776
25840,GOF,0.10012396358581356,0.7650141285213987,0.13486190789278765
25841,GOF,0.0957714021859235,0.8026500043646764,0.10157859344940011
25842,GOF,0.0348994665200365,0.8594631982076534,0.10563733527231009
25843,GOF,0.03389447238653525,0.867608899924324,0.09849662768914084
25844,GOF,0.0225642065406544,0.8166810821530419,0.16075471130630373
25845,GOF,0.00671906847339569,0.7308672881987438,0.2624136433278605
25846,GOF,0.07006552786566224,0.8288668556456494,0.10106761648868838
25847,GOF,0.02107979282342687,0.8674751915344577,0.1114450156421153
25848,GOF,0.02929969683480646,0.8298389162088249,0.14086138695636852
25849,GOF,0.008546374391592356,0.8018215245007659,0.1896321011076419
25850,GOF,0.007553114580153858,0.7076116334141543,0.2848352520056919
25851,GOF,0.006863414546284332,0.6590662259475115,0.33407035950620423
25852,GOF,0.16739483558779222,0.5441753581725178,0.28842980623968983
25853,GOF,0.06105536972804889,0.8111895861396912,0.12775504413225988
25854,GOF,0.006304605429548298,0.6853583949749218,0.30833699959552985
25855,GOF,0.0216834160073763,0.6851773510320869,0.2931392329605368
25856,GOF,0.040579874122722785,0.7556228870748009,0.2037972388024763
25857,GOF,0.021209062362065236,0.6845462965714838,0.29424464106645104
25858,GOF,0.01091938930650052,0.6558656698767974,0.3332149408167021
25859,GOF,0.007951412441173396,0.6195452108875452,0.3725033766712814
25860,GOF,0.07387116238379038,0.7769146063715523,0.14921423124465735
25861,GOF,0.10775792534080277,0.7906134776551377,0.10162859700405953
25862,GOF,0.029013664611241653,0.8780788452754275,0.092907490113331
25863,GOF,0.02459639007933981,0.8739264376852897,0.10147717223537057
25864,GOF,0.06610544587843362,0.8693169999427022,0.0645775541788642
25865,GOF,0.060312790606689475,0.8357891503072571,0.1038980590860534
25866,GOF,0.027393035212286202,0.867076295588122,0.10553066919959174
25867,GOF,0.05051506127056047,0.8543644233088219,0.09512051542061756
25868,GOF,0.07010509385665342,0.7997406966598657,0.13015420948348083
25869,GOF,0.3624569926320074,0.5390231605153094,0.09851984685268325
25870,GOF,0.06779527409232389,0.545043829048213,0.3871608968594632
25871,GOF,0.010340916400687157,0.8398246320363699,0.14983445156294295
25872,GOF,0.024165258589048975,0.8065203051271007,0.16931443628385018
25873,GOF,0.023306366857139705,0.8622813934033727,0.11441223973948761
25874,LOF,0.018157058486166205,0.18020266913919222,0.8016402723746416
25875,LOF,0.030843346476560226,0.04803803526005016,0.9211186182633897
25876,LOF,0.019687431340289017,0.050375519046926366,0.9299370496127847
25877,LOF,0.10346276614109924,0.096280723497367,0.8002565103615338
25878,LOF,0.0811646475226095,0.11997104353425112,0.7988643089431394
25879,LOF,0.01291526579684093,0.08922133809665447,0.8978633961065046
25880,LOF,0.06959448709529986,0.01567181396227617,0.914733698942424
25881,Neutral,0.5566587322087079,0.11529269087286917,0.328048576918423
25882,LOF,0.07002754225600623,0.035433070807080344,0.8945393869369135
25883,LOF,0.027209492769939867,0.037631415489361386,0.9351590917406988
25884,LOF,0.017983318111395172,0.06132097077093764,0.9206957111176672
25885,LOF,0.19570880910593053,0.018655603184294333,0.785635587709775
25886,LOF,0.2693737134305941,0.07331855198597621,0.6573077345834297
25887,LOF,0.08507368225131014,0.1492493345088802,0.7656769832398097
25888,LOF,0.007241200016895714,0.194251727922266,0.7985070720608383
25889,LOF,0.02417963489328973,0.05371437724118449,0.9221059878655258
25890,LOF,0.19506924766169134,0.06292404099757905,0.7420067113407296
25891,LOF,0.11287643734942954,0.027967063435227108,0.8591564992153433
25892,LOF,0.008342353622662512,0.03423416462097512,0.9574234817563623
25893,LOF,0.3481935293974786,0.010471505272149437,0.641334965330372
25894,LOF,0.34179905886526335,0.007529820800009119,0.6506711203347276
25895,LOF,0.28100005500811776,0.01488576909368734,0.7041141758981949
25896,LOF,0.06654090045061006,0.03245471076646646,0.9010043887829235
25897,LOF,0.11018490140035354,0.011721973649415835,0.8780931249502305
25898,LOF,0.10430625131251285,0.03226083316541941,0.8634329155220677
25899,LOF,0.38486412220367244,0.03849750094393583,0.5766383768523918
25900,LOF,0.49451427823565847,0.010374850561390777,0.4951108712029508
25901,LOF,0.0780251988869308,0.012535198127422278,0.909439602985647
25902,LOF,0.0856140148850946,0.015217491152396739,0.8991684939625086
25903,LOF,0.21251754034791037,0.02769602482959297,0.7597864348224966
25904,Neutral,0.49570187042101127,0.045096580719721543,0.4592015488592673
25905,LOF,0.007241161715485797,0.43706374114213586,0.5556950971423783
25906,LOF,0.009040670865759215,0.07245530962710646,0.9185040195071343
25907,LOF,0.009120314684122851,0.2620437685988686,0.7288359167170086
25908,LOF,0.008708267315302871,0.27337335396766776,0.7179183787170293
25909,LOF,0.032089604217566126,0.11445321699791497,0.8534571787845189
25910,LOF,0.0127616079211214,0.13155246367921528,0.8556859283996633
25911,LOF,0.20963432395921056,0.025753052560724434,0.764612623480065
25912,LOF,0.09862252949649922,0.02248850299386544,0.8788889675096354
25913,LOF,0.017194064913638063,0.03067109074077805,0.9521348443455838
25914,LOF,0.044756808956586375,0.02262559643736906,0.9326175946060447
25915,LOF,0.1930009960601324,0.09739803551059625,0.7096009684292712
25916,LOF,0.016265232068505053,0.052312184050699345,0.9314225838807956
25917,LOF,0.07529221716373136,0.023372097907149555,0.901335684929119
25918,LOF,0.04582203407793196,0.012764947578591217,0.9414130183434768
25919,LOF,0.04018158996820035,0.012206991010196629,0.9476114190216031
25920,Neutral,0.3945021292409639,0.2333521966738281,0.37214567408520804
25921,LOF,0.01751352690903401,0.020373928051525995,0.96211254503944
25922,LOF,0.01628424589505214,0.02270648322857911,0.9610092708763688
25923,LOF,0.446115212588272,0.015056091826033595,0.5388286955856944
25924,LOF,0.024576620567883057,0.02669021481359425,0.9487331646185226
25925,LOF,0.09586327893954955,0.029750891463591427,0.8743858295968591
25926,LOF,0.08175498892935355,0.01950579124794074,0.8987392198227057
25927,LOF,0.025249296432654365,0.053011753611720086,0.9217389499556256
25928,LOF,0.013021545419499073,0.027743511546287916,0.959234943034213
25929,Neutral,0.575045699525688,0.014466732171574794,0.4104875683027372
25930,LOF,0.08169768501580944,0.01445087690125266,0.903851438082938
25931,LOF,0.014726540415866388,0.01808601305251286,0.9671874465316207
25932,LOF,0.09124349830022885,0.015806784846958976,0.8929497168528122
25933,LOF,0.09450582295579764,0.010418105809046303,0.8950760712351562
25934,LOF,0.09227361697315033,0.00876357669603051,0.898962806330819
25935,LOF,0.08908301885858054,0.02651099386767101,0.8844059872737485
25936,LOF,0.1169616483885994,0.009878797691721172,0.8731595539196795
25937,LOF,0.02241388665248003,0.01621147156664422,0.9613746417808757
25938,LOF,0.09484000029548173,0.02448426929476617,0.8806757304097521
25939,LOF,0.07123387423524706,0.012663400276892008,0.916102725487861
25940,GOF,0.012798505699759323,0.538277923921361,0.4489235703788797
25941,LOF,0.45532940701462,0.04059563767445017,0.5040749553109298
25942,LOF,0.010148854564739976,0.048962353721343436,0.9408887917139165
25943,LOF,0.04854651158870599,0.2009018536074962,0.7505516348037977
25944,LOF,0.04655673779823767,0.08841708242560854,0.8650261797761538
25945,LOF,0.16725416821104094,0.0248019281218565,0.8079439036671024
25946,LOF,0.07586151193257057,0.03755268916709391,0.8865857989003355
25947,Neutral,0.49186886619260667,0.10047502571898359,0.4076561080884096
25948,LOF,0.36805980911264613,0.016689190466376496,0.6152510004209774
25949,LOF,0.1317463731873968,0.07880181188828819,0.7894518149243149
25950,GOF,0.11896310551939666,0.5660781452261808,0.3149587492544225
25951,LOF,0.01155287198941715,0.42988290440974675,0.5585642236008361
25952,LOF,0.19029226077160988,0.24706775178068294,0.5626399874477072
25953,LOF,0.008546155168643906,0.3343063065216369,0.6571475383097193
25954,GOF,0.11283766026742088,0.4709941796192839,0.41616816011329516
25955,LOF,0.010962853096819814,0.24899188703851452,0.7400452598646656
25956,LOF,0.010077037951117604,0.33078114109582885,0.6591418209530535
25957,LOF,0.16287987285014646,0.03741438068191903,0.7997057464679344
25958,LOF,0.0331882784674335,0.061470859161784776,0.9053408623707818
25959,GOF,0.0067153347287485406,0.7788893934250202,0.21439527184623144
25960,LOF,0.004469799308314884,0.146154831241207,0.8493753694504781
25961,LOF,0.028223584992368326,0.04875865972813902,0.9230177552794926
25962,LOF,0.037777924530200103,0.07571708984913895,0.8865049856206609
25963,LOF,0.008235138753522052,0.12519185319384238,0.8665730080526356
25964,LOF,0.040867364615321054,0.15131164460404506,0.8078209907806339
25965,LOF,0.20717373753316898,0.16450491071733636,0.6283213517494948
25966,LOF,0.34582434172940896,0.11309205901931424,0.5410835992512768
25967,LOF,0.0064311027407356015,0.10090211511898879,0.8926667821402757
25968,LOF,0.04503825629097262,0.2656736637526411,0.6892880799563862
25969,LOF,0.12756136428718315,0.07555973384139474,0.7968789018714221
25970,LOF,0.06873396366726617,0.07109032812926483,0.8601757082034689
25971,LOF,0.06725061767105611,0.031537485943592965,0.9012118963853509
25972,LOF,0.08502679621869429,0.05580114426787177,0.859172059513434
25973,LOF,0.0591547150282248,0.01537853335893819,0.925466751612837
25974,LOF,0.054039520411332614,0.04859317882298528,0.8973673007656822
25975,LOF,0.03662156325100172,0.02167677956218746,0.9417016571868108
25976,LOF,0.08893449202081208,0.014344260858019727,0.8967212471211682
25977,LOF,0.26330498460341084,0.046234939609271795,0.6904600757873173
25978,LOF,0.16395057471376942,0.141596149508738,0.6944532757774926
25979,LOF,0.1343272483773259,0.1587051554776738,0.7069675961450003
25980,LOF,0.2045721723966988,0.22234018549258672,0.5730876421107145
25981,LOF,0.20624285633913744,0.22672557202034993,0.5670315716405127
25982,LOF,0.34583699734712026,0.13583536431959642,0.5183276383332833
25983,LOF,0.4215830711992744,0.13688712563127503,0.4415298031694506
25984,LOF,0.062406280803062326,0.09089514944381262,0.8466985697531251
25985,Neutral,0.5019812254222612,0.13534302477314386,0.36267574980459494
25986,LOF,0.014044373074056699,0.4477917650422264,0.5381638618837169
25987,LOF,0.0354170637231203,0.10480827881124839,0.8597746574656314
25988,LOF,0.05468547146660026,0.15547609236301138,0.7898384361703884
25989,LOF,0.06398037795893464,0.24243403898463314,0.6935855830564321
25990,LOF,0.05260427126435586,0.3653536189947541,0.58204210974089
25991,GOF,0.030701048103673266,0.4958271847322829,0.47347176716404377
25992,LOF,0.013328286075666596,0.41747062867658397,0.5692010852477495
25993,LOF,0.018997790369103068,0.05977750506855748,0.9212247045623394
25994,LOF,0.027897743744062866,0.06193488151600831,0.9101673747399288
25995,LOF,0.017678136971118898,0.12448279834470255,0.8578390646841786
25996,GOF,0.36100496594319,0.3877393417932011,0.25125569226360894
25997,LOF,0.059981941653449555,0.45432368707331505,0.4856943712732353
25998,LOF,0.2295894621123185,0.04442539399267597,0.7259851438950055
25999,LOF,0.0432600929025431,0.13475935029651576,0.8219805568009413
26000,LOF,0.14084112688260705,0.01759613077621283,0.8415627423411801
26001,LOF,0.16906242795943996,0.02214913982491357,0.8087884322156466
26002,LOF,0.10488475714548114,0.028158353297413466,0.8669568895571054
26003,GOF,0.006570599257820359,0.6593126840769238,0.33411671666525605
26004,GOF,0.014636741220001172,0.6370980230727606,0.34826523570723833
26005,GOF,0.00467100503453728,0.5042972890611269,0.49103170590433576
26006,GOF,0.11027031241953433,0.5131102843837247,0.37661940319674087
26007,GOF,0.010217887663180675,0.5242212822598594,0.46556083007695986
26008,GOF,0.005945486605650428,0.6047244144377424,0.3893300989566072
26009,GOF,0.010917204773079078,0.6551500033070076,0.33393279191991326
26010,GOF,0.008683195993212572,0.5985648522687887,0.39275195173799876
26011,LOF,0.004832552047082717,0.41865423821271097,0.5765132097402064
26012,GOF,0.005137114802940407,0.5645204770481349,0.4303424081489247
26013,GOF,0.011317155786120092,0.5815185635144305,0.4071642806994494
26014,LOF,0.039938900287853324,0.08302463343888773,0.8770364662732589
26015,LOF,0.3718781264005104,0.022939159657470145,0.6051827139420194
26016,LOF,0.2602617545593786,0.03475870470189922,0.7049795407387222
26017,LOF,0.014072566385437142,0.16411538241385287,0.8218120512007099
26018,LOF,0.02606673780412439,0.0708851080186255,0.9030481541772502
26019,LOF,0.025496482174229076,0.06346910183124214,0.9110344159945287
26020,LOF,0.005984533364605087,0.17464843771309135,0.8193670289223035
26021,LOF,0.07438422120387599,0.08065894676766566,0.8449568320284583
26022,LOF,0.03874844450212145,0.034901405246468245,0.9263501502514102
26023,LOF,0.019629151417437492,0.04805279749343692,0.9323180510891256
26024,LOF,0.0434713101179787,0.05583771629181565,0.9006909735902057
26025,LOF,0.12450215042248079,0.05884496316595135,0.8166528864115679
26026,LOF,0.10435102060402171,0.044379251207496674,0.8512697281884816
26027,LOF,0.025787551135467778,0.02973478575830381,0.9444776631062283
26028,LOF,0.06684619163743813,0.1574801864677241,0.7756736218948378
26029,LOF,0.029233776495007097,0.15731729218356696,0.8134489313214259
26030,LOF,0.1201676820802398,0.024817860049215688,0.8550144578705445
26031,LOF,0.012990583919455921,0.14586199621473953,0.8411474198658045
26032,LOF,0.034318238925631156,0.04656281642136397,0.9191189446530048
26033,LOF,0.033516691997296566,0.04473409294017855,0.9217492150625248
26034,LOF,0.018459879963328908,0.10857786047523561,0.8729622595614356
26035,LOF,0.012377512443817774,0.11044112209183014,0.8771813654643521
26036,LOF,0.011495077620408455,0.09111512112456636,0.8973898012550252
26037,LOF,0.011020232157240527,0.10124022180896398,0.8877395460337956
26038,LOF,0.02927618758313371,0.04034269958843885,0.9303811128284275
26039,LOF,0.03228688570045323,0.13270916321512224,0.8350039510844246
26040,LOF,0.08293529715140927,0.11633138554243332,0.8007333173061574
26041,LOF,0.01293900337504942,0.09635578954664431,0.8907052070783064
26042,LOF,0.011846863413428659,0.10300390432031345,0.885149232266258
26043,LOF,0.029279608803290405,0.0677527424550072,0.9029676487417023
26044,LOF,0.006295950379584576,0.04866278591347168,0.9450412637069436
26045,LOF,0.08835955036619884,0.17630698830769048,0.7353334613261105
26046,LOF,0.026096265051794524,0.04583671821257737,0.9280670167356282
26047,LOF,0.05849822709339233,0.046355813845500984,0.8951459590611066
26048,LOF,0.0786296415047411,0.017457840710082675,0.9039125177851761
26049,Neutral,0.9440856237482332,0.005874075568789411,0.05004030068297748
26050,Neutral,0.9096004502999205,0.006327574803803997,0.08407197489627549
26051,LOF,0.02888965962383057,0.09559801271300923,0.8755123276631601
26052,LOF,0.02850370370763504,0.07024840962687129,0.9012478866654936
26053,LOF,0.019453159305832208,0.15616541908438117,0.8243814216097867
26054,LOF,0.04581721516339278,0.03820475770931217,0.9159780271272949
26055,LOF,0.0652557095851872,0.03375711037763666,0.9009871800371761
26056,LOF,0.05294982257339375,0.0437394887344651,0.9033106886921412
26057,LOF,0.05890733751792391,0.022188671576424006,0.918903990905652
26058,LOF,0.06313574648182071,0.01794196902297143,0.918922284495208
26059,LOF,0.21152405067100596,0.03116176268783295,0.7573141866411611
26060,LOF,0.014723317514734323,0.1940175194672329,0.7912591630180328
26061,LOF,0.009834216870848674,0.016983704566706607,0.9731820785624448
26062,LOF,0.005043470791434268,0.023308250454452003,0.9716482787541139
26063,LOF,0.05030933922601056,0.015924972485337977,0.9337656882886514
26064,LOF,0.01426741560810993,0.02103765943570601,0.964694924956184
26065,LOF,0.0616164148007496,0.020866335379954103,0.9175172498192962
26066,LOF,0.04520519512425816,0.015347405594386519,0.9394473992813553
26067,LOF,0.057019636619787,0.014482382941594646,0.9284979804386184
26068,LOF,0.04788461479692065,0.03796863062997374,0.9141467545731056
26069,LOF,0.21464345340423036,0.02830395435940841,0.7570525922363613
26070,LOF,0.4328335438080384,0.020042047432394447,0.5471244087595671
26071,LOF,0.050432970483869737,0.01720792385644453,0.9323591056596856
26072,LOF,0.005965811783666388,0.024937527204805646,0.969096661011528
26073,LOF,0.043325774843598064,0.01854770039398133,0.9381265247624205
26074,Neutral,0.7821417186365119,0.014099485876664077,0.2037587954868241
26075,LOF,0.04242355460891216,0.03103754294196631,0.9265389024491215
26076,LOF,0.04246184488795367,0.015356024035781964,0.9421821310762643
26077,LOF,0.14213336331104004,0.013210968395033114,0.8446556682939269
26078,LOF,0.005771640497984325,0.028739797321119993,0.9654885621808957
26079,LOF,0.054144282789442826,0.025432618732166422,0.9204230984783907
26080,LOF,0.05283670488482202,0.02553698586161129,0.9216263092535667
26081,LOF,0.04094824288859312,0.013985709476192739,0.9450660476352141
26082,LOF,0.005858445342391432,0.022843475740932855,0.9712980789166757
26083,LOF,0.10121520743519954,0.026135402340424704,0.8726493902243757
26084,LOF,0.1202799409288429,0.023681132570194764,0.8560389265009624
26085,LOF,0.10987507397085866,0.01928684514477346,0.8708380808843679
26086,LOF,0.04490390814048131,0.018919473458668477,0.9361766184008502
26087,LOF,0.04158024752170401,0.017032656834407266,0.9413870956438887
26088,LOF,0.006030927911428408,0.04128991437639682,0.9526791577121748
26089,LOF,0.03778823611018837,0.03884560533237478,0.923366158557437
26090,LOF,0.037767011374193214,0.03101476660719313,0.9312182220186137
26091,LOF,0.02961610713702344,0.012256227925519532,0.9581276649374569
26092,LOF,0.04530933943272135,0.013948885731028976,0.9407417748362497
26093,LOF,0.06172972271120492,0.00938194831275027,0.9288883289760449
26094,LOF,0.03338662282775703,0.011078441610722018,0.955534935561521
26095,LOF,0.01653195299051733,0.025256510518990704,0.958211536490492
26096,LOF,0.24060509575629505,0.005940922135478982,0.753453982108226
26097,LOF,0.005528379393781842,0.05531402771022392,0.9391575928959943
26098,LOF,0.08945849188244642,0.023683118345515158,0.8868583897720385
26099,LOF,0.04359121480594634,0.029728509720711435,0.9266802754733421
26100,LOF,0.043556145363813956,0.02972959980088163,0.9267142548353046
26101,LOF,0.04697215108834602,0.04239251114833471,0.9106353377633193
26102,LOF,0.038086703416433845,0.0231136369409614,0.9387996596426047
26103,Neutral,0.8923964833643956,0.029016097368594205,0.07858741926701021
26104,LOF,0.049896275087475156,0.04120194392701101,0.9089017809855138
26105,LOF,0.2043013182160506,0.1266656839666088,0.6690329978173406
26106,LOF,0.2515114065208658,0.04891079351427846,0.6995777999648558
26107,LOF,0.01412575078015846,0.06132855538209283,0.9245456938377486
26108,LOF,0.13496715423068464,0.05577140519860777,0.8092614405707077
26109,LOF,0.053932234785650394,0.03535585493109969,0.9107119102832499
26110,LOF,0.4015268252644906,0.01429207020863852,0.5841811045268709
26111,LOF,0.059833950300288326,0.11169474622816003,0.8284713034715516
26112,LOF,0.06073483599766712,0.011725761007022766,0.92753940299531
26113,LOF,0.12948124047897855,0.032870438215429225,0.8376483213055923
26114,LOF,0.09775103340622666,0.007032679832063799,0.8952162867617095
26115,LOF,0.022396657054612763,0.04308771339857422,0.934515629546813
26116,LOF,0.08770730126052133,0.018259368370144,0.8940333303693346
26117,LOF,0.3583686523134162,0.035137623153538196,0.6064937245330456
26118,LOF,0.034702249164369266,0.01690669206919333,0.9483910587664374
26119,LOF,0.0057281488909538035,0.08683797677990943,0.9074338743291367
26120,LOF,0.031017524952754234,0.016183119648781545,0.9527993553984642
26121,LOF,0.004302721858941441,0.12066692410577765,0.875030354035281
26122,LOF,0.004903271058769645,0.10007838793114751,0.8950183410100829
