feature0,prediction,LoGoFunc_Neutral,LoGoFunc_GOF,LoGoFunc_LOF
25546,Neutral,0.7709212583448545,0.027919676867989865,0.20115906478715556
25547,Neutral,0.6201697859530014,0.05770773711059072,0.3221224769364079
25548,Neutral,0.6116287737596693,0.04177342013788409,0.34659780610244645
25549,Neutral,0.5268856200119268,0.04257604029229438,0.4305383396957788
25550,LOF,0.38097738257382113,0.10179310498459879,0.5172295124415801
25551,LOF,0.3201279580502734,0.11531236156046971,0.564559680389257
25552,LOF,0.19596983648036861,0.12135748190591276,0.6826726816137186
25553,Neutral,0.8358225223503127,0.030341280803029697,0.1338361968466575
25554,LOF,0.23911184714850187,0.11769200529501013,0.643196147556488
25555,LOF,0.19002772132374984,0.09634884116622847,0.7136234375100218
25556,LOF,0.4327270113494861,0.09384357126901462,0.4734294173814993
25557,LOF,0.18573917782467497,0.1078086826762499,0.706452139499075
25558,LOF,0.23732150589346068,0.12114254224673995,0.6415359518597995
25559,LOF,0.3459794401346282,0.06411809777858746,0.5899024620867843
25560,LOF,0.06191096299303828,0.17715591675116918,0.7609331202557926
25561,LOF,0.10795552419265848,0.19943095584606654,0.692613519961275
25562,LOF,0.10480422322137292,0.08505569488424365,0.8101400818943834
25563,LOF,0.11277254794330009,0.09803339645557567,0.7891940556011243
25564,LOF,0.16218538687124398,0.17191268395432743,0.6659019291744285
25565,LOF,0.1253437939745539,0.17188634227123126,0.7027698637542148
25566,GOF,0.015471426580758259,0.7282536161650024,0.2562749572542394
25567,LOF,0.012976834897566661,0.1254921689032089,0.8615309961992244
25568,LOF,0.055397238931067454,0.054214811996297387,0.8903879490726351
25569,LOF,0.06654864062778026,0.05347233645294123,0.8799790229192785
25570,LOF,0.06491368803036444,0.09340300262492461,0.8416833093447109
25571,LOF,0.058556518124780486,0.08766212554133417,0.8537813563338854
25572,LOF,0.0631037278323731,0.11830093835413334,0.8185953338134935
25573,LOF,0.028254253792006873,0.08154769085059033,0.8901980553574029
25574,LOF,0.01901779934502882,0.13215516914807177,0.8488270315068993
25575,LOF,0.045661180580879965,0.09370746711972695,0.8606313522993931
25576,LOF,0.019042431780149586,0.10156972272099288,0.8793878454988575
25577,LOF,0.014251603661827,0.12888044681848043,0.8568679495196926
25578,LOF,0.23310584468593112,0.07900427907173546,0.6878898762423333
25579,LOF,0.23401814141168936,0.07868446575062837,0.6872973928376822
25580,LOF,0.032579374353311125,0.07673406556105736,0.8906865600856315
25581,LOF,0.05559586363427226,0.056681955061390024,0.8877221813043377
25582,LOF,0.05535327013954678,0.053662706439173556,0.8909840234212796
25583,LOF,0.04308992708338496,0.08673002328711138,0.8701800496295037
25584,LOF,0.45971574993468745,0.07822634254143168,0.46205790752388093
25585,LOF,0.03454173354311554,0.09431089988865042,0.871147366568234
25586,LOF,0.03997360424321221,0.07318721021335707,0.8868391855434307
25587,LOF,0.0368112734501776,0.06984391855038123,0.8933448079994412
25588,LOF,0.03616533947000439,0.09352239954474548,0.87031226098525
25589,Neutral,0.6017855831648053,0.09561820606312874,0.302596210772066
25590,LOF,0.027548041403303768,0.11865773873604518,0.8537942198606511
25591,LOF,0.12506016701990638,0.04463647573176156,0.8303033572483322
25592,LOF,0.09622879077065677,0.13147336232123802,0.7722978469081052
25593,LOF,0.017977108958746987,0.22783196823404195,0.7541909228072111
25594,LOF,0.03738627271056372,0.16131766542210244,0.8012960618673338
25595,LOF,0.05958179455876307,0.11758006994075337,0.8228381355004837
25596,LOF,0.061421636975833374,0.08948585438398447,0.8490925086401822
25597,LOF,0.06237460022783111,0.07016621113987448,0.8674591886322944
25598,LOF,0.0494672279412169,0.1540197240224524,0.7965130480363307
25599,GOF,0.006285068517660447,0.7002487350918168,0.2934661963905227
25600,GOF,0.00878893690208581,0.5644385142398316,0.42677254885808263
25601,LOF,0.00703699294677892,0.4426911007575526,0.5502719062956685
25602,LOF,0.018315527090315458,0.05503980803241611,0.9266446648772685
25603,LOF,0.03494487783200078,0.033167751048755974,0.9318873711192432
25604,LOF,0.04665764793679885,0.05372375678719685,0.8996185952760043
25605,LOF,0.01118463743435896,0.2755032107135663,0.7133121518520747
25606,GOF,0.06173110312613932,0.4726111887158822,0.4656577081579784
25607,LOF,0.003955472045928408,0.15538053378610778,0.8406639941679638
25608,LOF,0.07006145932120196,0.054513542341047244,0.8754249983377508
25609,LOF,0.05653255705924582,0.3637687037248474,0.5796987392159069
25610,LOF,0.04549968515046603,0.03543620185721618,0.9190641129923178
25611,LOF,0.05442312137980133,0.030194834105126286,0.9153820445150723
25612,LOF,0.12379742713321355,0.053079888829460964,0.8231226840373254
25613,LOF,0.10120065801951617,0.041779276112297904,0.857020065868186
25614,LOF,0.03994690000895162,0.03868352992952981,0.9213695700615185
25615,LOF,0.06075489834640333,0.03786744602697367,0.901377655626623
25616,LOF,0.042126684498151,0.037871676673814816,0.9200016388280341
25617,LOF,0.03941879829399354,0.041689536893918695,0.9188916648120878
25618,LOF,0.23578943147263134,0.03861463789260171,0.7255959306347669
25619,LOF,0.03917276898082744,0.03472959157357399,0.9260976394455985
25620,LOF,0.04087873996322178,0.04650895617828606,0.9126123038584922
25621,LOF,0.03721766473008473,0.02784863268318354,0.9349337025867317
25622,LOF,0.03196927596848886,0.0459623619458516,0.9220683620856595
25623,LOF,0.06216633874387729,0.03182033112136936,0.9060133301347534
25624,LOF,0.0311374664949525,0.042413650969995484,0.926448882535052
25625,LOF,0.037598513321853926,0.047628177228350686,0.9147733094497954
25626,LOF,0.09165353987096657,0.03285443776951757,0.8754920223595157
25627,Neutral,0.5836094860963756,0.09715811988871542,0.31923239401490905
25628,LOF,0.19961783315239573,0.04541739202155479,0.7549647748260494
25629,LOF,0.09341118499263029,0.11613076647581833,0.7904580485315514
25630,LOF,0.20873596568550126,0.08301570875486515,0.7082483255596335
25631,Neutral,0.6166182644340324,0.06006033700401228,0.3233213985619552
25632,LOF,0.02427101843695773,0.07878275184450258,0.8969462297185398
25633,LOF,0.22774690832466538,0.09018430260750308,0.6820687890678316
25634,LOF,0.03758568571345946,0.09572435984294692,0.8666899544435938
25635,LOF,0.03534261045150257,0.08081990278136068,0.8838374867671367
25636,GOF,0.006665794711099145,0.6773169969528381,0.3160172083360628
25637,GOF,0.004989157530574843,0.5311053060205947,0.46390553644883054
25638,LOF,0.009825647309623925,0.4326289704776988,0.5575453822126772
25639,LOF,0.005089049648960577,0.4094511360156796,0.5854598143353598
25640,GOF,0.36842326381928237,0.5951725162205155,0.03640421996020227
25641,LOF,0.006040042907355443,0.3430962429879982,0.6508637141046464
25642,LOF,0.2778247784170875,0.08019117944790959,0.6419840421350029
25643,LOF,0.21229777622368098,0.32556126672960806,0.4621409570467111
25644,GOF,0.024944587155678363,0.6723192144998236,0.3027361983444982
25645,GOF,0.01933017957134361,0.6340949051197046,0.3465749153089517
25646,LOF,0.023736467001115123,0.43620667896399845,0.5400568540348865
25647,LOF,0.017695177990146232,0.3311286513370834,0.6511761706727704
25648,LOF,0.014233702009163041,0.38657275819012205,0.599193539800715
25649,LOF,0.014115346794567347,0.2740640623224011,0.7118205908830315
25650,GOF,0.042539794860038935,0.6802692590448376,0.2771909460951235
25651,LOF,0.011935562571571114,0.3214936189978121,0.6665708184306168
25652,LOF,0.019612217956689607,0.3564939962512841,0.6238937857920264
25653,GOF,0.08526385179098855,0.5853953907368723,0.3293407574721392
25654,LOF,0.014717866678070216,0.37595207877264103,0.6093300545492888
25655,GOF,0.1415313080525071,0.542493454242553,0.3159752377049399
25656,LOF,0.05713555568861751,0.09808169807940166,0.8447827462319809
25657,LOF,0.2947126703490434,0.03684835596094069,0.6684389736900159
25658,LOF,0.02825858183840691,0.17855827309919992,0.7931831450623931
25659,LOF,0.19936038357927957,0.08885550882815858,0.7117841075925619
25660,LOF,0.1031790185668461,0.09691146173256007,0.7999095197005938
25661,LOF,0.08251027369094313,0.0665230087684361,0.8509667175406207
25662,LOF,0.03595104521066475,0.04396851084986363,0.9200804439394715
25663,LOF,0.04278147694385716,0.07935850098817993,0.8778600220679629
25664,LOF,0.032602121547072656,0.13920025197564082,0.8281976264772866
25665,LOF,0.05714708288527432,0.055208238350411026,0.8876446787643145
25666,LOF,0.044612671151644204,0.17928244427486006,0.7761048845734958
25667,LOF,0.03578086763575083,0.06099783048708145,0.9032213018771676
25668,LOF,0.045463850101436075,0.053072600506162505,0.9014635493924014
25669,LOF,0.05464074083306741,0.09278740469289631,0.8525718544740363
25670,LOF,0.12356224632333837,0.10525385441111261,0.771183899265549
25671,LOF,0.04481547006160692,0.049578362343585466,0.9056061675948076
25672,LOF,0.05689739481626149,0.07372258496517618,0.8693800202185623
25673,LOF,0.03926492033611537,0.07992052200636325,0.8808145576575214
25674,LOF,0.028815916578994214,0.09250683206638631,0.8786772513546195
25675,LOF,0.0392900875195434,0.07912631816393742,0.8815835943165191
25676,LOF,0.033569285586723285,0.06647381707062347,0.8999568973426534
25677,LOF,0.08730714694039154,0.05516341758622938,0.8575294354733792
25678,LOF,0.16049243926519302,0.049262284798448186,0.7902452759363588
25679,LOF,0.11285986501764088,0.07093167155474361,0.8162084634276155
25680,LOF,0.08730579661690502,0.08328134456689926,0.8294128588161958
25681,LOF,0.10364999754449264,0.07734354767238265,0.8190064547831247
25682,LOF,0.05375529181767338,0.06785843952798878,0.8783862686543379
25683,LOF,0.07985527692143056,0.10193351609695035,0.8182112069816191
25684,LOF,0.06796073555465708,0.0736955916691294,0.8583436727762136
25685,LOF,0.11464594233176616,0.05028034740932827,0.8350737102589056
25686,LOF,0.034563722755201295,0.11548494626237259,0.8499513309824261
25687,LOF,0.05910190330349242,0.10408325034779344,0.8368148463487143
25688,LOF,0.018472448803958853,0.08328438544539146,0.8982431657506496
25689,LOF,0.016849467779057128,0.048009442036553836,0.935141090184389
25690,LOF,0.01758225176651502,0.05911074522898117,0.9233070030045037
25691,LOF,0.11689374604088165,0.10042015310477677,0.7826861008543416
25692,LOF,0.17633894704666875,0.011244248757403503,0.8124168041959278
25693,LOF,0.045199274558177495,0.13071979701401926,0.8240809284278033
25694,LOF,0.26408463291666945,0.015014328160862376,0.7209010389224683
25695,LOF,0.20018334600768908,0.020233365165619487,0.7795832888266914
25696,LOF,0.14942943933443614,0.01772840809449127,0.8328421525710725
25697,LOF,0.12809968624826962,0.040766948110485236,0.8311333656412452
25698,LOF,0.024272944340136347,0.2994551625688137,0.67627189309105
25699,LOF,0.09570444518001399,0.10406059628812869,0.8002349585318572
25700,LOF,0.03581248633499898,0.016297704615619774,0.9478898090493812
25701,LOF,0.015510247501417813,0.1039868005245859,0.8805029519739963
25702,GOF,0.02174471243505922,0.745374977724459,0.23288030984048175
25703,LOF,0.015573481470884153,0.20745650243748798,0.7769700160916277
25704,LOF,0.09690938448083948,0.21035318251644955,0.6927374330027108
25705,LOF,0.09071693587493529,0.29270969054032997,0.6165733735847346
25706,GOF,0.021302989650823008,0.6745835899493132,0.3041134203998637
25707,GOF,0.028984462611478745,0.6472159387641588,0.3237995986243624
25708,GOF,0.009822284570540248,0.6288105186086993,0.3613671968207605
25709,LOF,0.027187452584796358,0.09701840120564514,0.8757941462095585
25710,LOF,0.005164923352149863,0.2682977280726704,0.7265373485751797
25711,LOF,0.029325824453965126,0.14907782039233697,0.8215963551536979
25712,LOF,0.007469974668511648,0.2893965910889114,0.7031334342425769
25713,LOF,0.02330221040868897,0.13154450497223172,0.8451532846190793
25714,LOF,0.027397493273950378,0.1754539661318549,0.7971485405941946
25715,LOF,0.02944762966115798,0.15064320296559092,0.819909167373251
25716,LOF,0.008270825727665892,0.1876294620751026,0.8040997121972314
25717,LOF,0.005999684823331188,0.2011563228904541,0.7928439922862148
25718,LOF,0.024862564097111912,0.11444506535024924,0.8606923705526388
25719,LOF,0.03674060926314781,0.1321712179414842,0.831088172795368
25720,LOF,0.03743604372278421,0.12951117968835876,0.833052776588857
25721,LOF,0.030144781338628,0.11591101872356663,0.8539441999378055
25722,LOF,0.019714928223056788,0.15556442851284727,0.824720643264096
25723,LOF,0.03043348566583414,0.11555904313226398,0.8540074712019019
25724,LOF,0.028822405048640858,0.2134527453961574,0.7577248495552017
25725,LOF,0.030457505665232244,0.11015879407439193,0.8593837002603758
25726,LOF,0.02005676972464211,0.15102606308268998,0.828917167192668
25727,LOF,0.027442464285367396,0.15391195502041793,0.8186455806942147
25728,LOF,0.026711842539435975,0.14380804387594573,0.8294801135846184
25729,LOF,0.025919456040696676,0.1734290728705105,0.8006514710887928
25730,LOF,0.030041081167149472,0.1113558922060919,0.8586030266267586
25731,LOF,0.011218377576265851,0.24260187508085868,0.7461797473428755
25732,LOF,0.023625513941602512,0.1241345656336453,0.8522399204247523
25733,LOF,0.039378508758837805,0.1194430545069062,0.8411784367342561
25734,LOF,0.006484932488471522,0.3309166061428477,0.6625984613686808
25735,LOF,0.02639306347151444,0.09851334793054124,0.8750935885979443
25736,LOF,0.02541881110386647,0.16468418053029574,0.8098970083658378
25737,LOF,0.05741611179153774,0.15043356131422114,0.792150326894241
25738,LOF,0.025968687787769153,0.17596458987277908,0.7980667223394518
25739,LOF,0.03047959823078617,0.1373189196145362,0.8322014821546776
25740,LOF,0.03054588096281834,0.15814010797738728,0.8113140110597944
25741,LOF,0.03660132998644698,0.13877251687767805,0.824626153135875
25742,LOF,0.050725696054238725,0.145781954651417,0.8034923492943443
25743,LOF,0.01167957427883737,0.02326477185175701,0.9650556538694057
25744,LOF,0.2086246076760025,0.2599385243790243,0.5314368679449731
25745,LOF,0.04341713179393271,0.057890581998943424,0.8986922862071238
25746,LOF,0.015253118838614186,0.08446990699299867,0.900276974168387
25747,LOF,0.03680608291957336,0.02467059126950983,0.9385233258109168
25748,LOF,0.27306790664861913,0.04245483258286519,0.6844772607685157
25749,LOF,0.01591006102776114,0.051234077486135406,0.9328558614861034
25750,LOF,0.0219401344799568,0.05467745688555953,0.9233824086344837
25751,LOF,0.03908875118411141,0.0396698816659084,0.9212413671499802
25752,GOF,0.07283367175792589,0.7325978216201962,0.19456850662187808
25753,LOF,0.006116450707378567,0.42224847140897426,0.5716350778836472
25754,GOF,0.007236512407611456,0.8919314449214104,0.10083204267097819
25755,LOF,0.006365783816547471,0.46374772987658613,0.5298864863068664
25756,LOF,0.025098024546949385,0.4547253064356074,0.5201766690174432
25757,GOF,0.007886470581956472,0.888534920645258,0.10357860877278566
25758,GOF,0.009269187682400865,0.8834455363893043,0.10728527592829487
25759,GOF,0.005483849375061599,0.687335974913109,0.3071801757118294
25760,LOF,0.005808795934981697,0.36783990318877624,0.6263513008762419
25761,GOF,0.04778865811299367,0.8666707806180209,0.08554056126898531
25762,LOF,0.027995313143747737,0.4014323318387132,0.570572355017539
25763,LOF,0.006497849954818162,0.305242880704696,0.6882592693404859
25764,GOF,0.05432250424323944,0.6647662703692033,0.28091122538755714
25765,GOF,0.008141404655019389,0.8914929691487623,0.10036562619621837
25766,GOF,0.04614146420588277,0.848918111658492,0.10494042413562532
25767,GOF,0.01732778063464532,0.5419111578969293,0.44076106146842525
25768,LOF,0.04867989931711308,0.048830016238381936,0.9024900844445048
25769,LOF,0.0375451914876723,0.06851118756857161,0.8939436209437561
25770,LOF,0.21211907160722887,0.06864110799495084,0.7192398203978203
25771,LOF,0.01991151122938391,0.06144526754429646,0.9186432212263197
25772,LOF,0.031242206714358157,0.025941102073577645,0.9428166912120641
25773,LOF,0.020363679749559927,0.06527898086395263,0.9143573393864874
25774,LOF,0.030471182836095907,0.09999252473718351,0.8695362924267205
25775,LOF,0.022118719007141192,0.03803607752475219,0.9398452034681066
25776,LOF,0.031510785720088794,0.02169333352463257,0.9467958807552787
25777,LOF,0.30633207950224867,0.06508485886692437,0.6285830616308269
25778,LOF,0.02781598227963623,0.04284760374734132,0.9293364139730224
25779,GOF,0.0777420333283362,0.8514090666280033,0.0708489000436605
25780,GOF,0.08768347126413356,0.854081626753226,0.058234901982640565
25781,GOF,0.03972783713039106,0.8283102412049437,0.1319619216646652
25782,GOF,0.045449484393006966,0.88480710109523,0.0697434145117629
25783,GOF,0.044353620266875914,0.8989211446031806,0.05672523512994343
25784,GOF,0.1384702621500237,0.8154995375343789,0.04603020031559744
25785,GOF,0.15132221534026272,0.8084077023640358,0.04027008229570148
25786,GOF,0.01407449161119773,0.8627280314556006,0.12319747693320167
25787,GOF,0.2936094286939198,0.6630735879655246,0.043316983340555636
25788,LOF,0.019419063585111543,0.1473266889271565,0.833254247487732
25789,GOF,0.02364333121571209,0.8312372089113235,0.14511945987296437
25790,GOF,0.03959900382329316,0.8548134830146373,0.10558751316206948
25791,GOF,0.03423229141703196,0.7041945715261898,0.2615731370567781
25792,GOF,0.0413197672184498,0.7590691043593681,0.19961112842218212
25793,GOF,0.06542906875438832,0.797474671234547,0.13709626001106462
25794,GOF,0.06698641213934779,0.7019589027364649,0.2310546851241873
25795,GOF,0.0656185722028023,0.7059379119511295,0.22844351584606823
25796,GOF,0.1375288587712014,0.7669839083308706,0.095487232897928
25797,GOF,0.11253002397621865,0.6916897476572442,0.19578022836653713
25798,GOF,0.008381534942036447,0.7368375369352693,0.2547809281226943
25799,GOF,0.004992376631771626,0.6443695155914142,0.35063810777681415
25800,GOF,0.031920725541242125,0.7983023982430331,0.16977687621572485
25801,GOF,0.028025272383594726,0.8783880723201892,0.09358665529621606
25802,GOF,0.03419413173063372,0.754105488586758,0.2117003796826083
25803,GOF,0.025908159586857608,0.6804083396042867,0.29368350080885575
25804,GOF,0.04199641246079053,0.7357783878975719,0.22222519964163756
25805,GOF,0.04137180702571059,0.7545863687436184,0.20404182423067094
25806,GOF,0.05383959674486075,0.7668016049082733,0.17935879834686588
25807,GOF,0.015693455598320204,0.704985724128653,0.2793208202730269
25808,GOF,0.031596258744737114,0.711477970568289,0.2569257706869739
25809,GOF,0.013879636729069361,0.6617231126401429,0.3243972506307877
25810,GOF,0.01214129600062531,0.6411965988568357,0.3466621051425392
25811,GOF,0.07110353444530618,0.8379994573736057,0.09089700818108813
25812,GOF,0.03534299129647497,0.7305692953949925,0.23408771330853256
25813,GOF,0.17855828649140223,0.7272943259425931,0.09414738756600458
25814,GOF,0.036180262008239414,0.7560553301780868,0.20776440781367375
25815,GOF,0.06593098577117731,0.8084172573318321,0.12565175689699057
25816,GOF,0.010989076650405792,0.8499243666867978,0.13908655666279637
25817,GOF,0.13594545406164824,0.7533275168537491,0.11072702908460266
25818,GOF,0.03464011313842398,0.7339470343676759,0.2314128524939002
25819,GOF,0.06181126031497198,0.7188798999654846,0.21930883971954346
25820,GOF,0.06283808718199757,0.6689468975493718,0.2682150152686307
25821,GOF,0.042036233111949456,0.722219567643796,0.23574419924425438
25822,GOF,0.07382029389239954,0.6654213704805758,0.2607583356270246
25823,GOF,0.036060279791418785,0.6300037120775039,0.3339360081310772
25824,GOF,0.041001464598037725,0.7054176807636431,0.2535808546383192
25825,GOF,0.03167124568685789,0.693103599880608,0.2752251544325341
25826,GOF,0.014126917657915754,0.634907859814991,0.3509652225270932
25827,GOF,0.01860746307665661,0.6443559288134783,0.33703660810986524
25828,GOF,0.014408103206185836,0.6674966139867647,0.3180952828070495
25829,GOF,0.0047320872240696425,0.6120104559802507,0.3832574567956797
25830,GOF,0.04203217091266972,0.48328566416059704,0.47468216492673315
25831,GOF,0.07121707521420079,0.779427689009068,0.14935523577673127
25832,GOF,0.014120346780317367,0.6750005411626676,0.3108791120570151
25833,GOF,0.05388386855244493,0.7514612391348264,0.1946548923127287
25834,GOF,0.014506161254482832,0.6938202733132911,0.29167356543222606
25835,GOF,0.03123771735825603,0.7756700973057405,0.19309218533600334
25836,GOF,0.00866252897705955,0.6863362761234227,0.30500119489951755
25837,GOF,0.013483813289364422,0.697710937957229,0.2888052487534065
25838,GOF,0.033483340766555576,0.7809415015046898,0.1855751577287546
25839,GOF,0.09089096059591605,0.7372455125190741,0.17186352688500997
25840,GOF,0.12571547960318177,0.7051004835106306,0.16918403688618763
25841,GOF,0.12390702936690222,0.749539195538759,0.12655377509433885
25842,GOF,0.038678248907806016,0.8344206374470964,0.12690111364509743
25843,GOF,0.03903400448077552,0.8434869733024083,0.1174790222168162
25844,GOF,0.02647249247754359,0.7790900497968914,0.19443745772556506
25845,GOF,0.007834475533825236,0.6595403438003102,0.33262518066586433
25846,GOF,0.08042677378330619,0.8056490893895987,0.11392413682709503
25847,GOF,0.01831178567652362,0.8367520066910253,0.14493620763245113
25848,GOF,0.03202546785969456,0.7756283391238602,0.1923461930164454
25849,GOF,0.009386538768775678,0.7388444836024609,0.2517689776287635
25850,GOF,0.008283727278307734,0.6687791204594992,0.3229371522621931
25851,GOF,0.007713542978571404,0.6126646377989518,0.3796218192224768
25852,GOF,0.17172976703906073,0.5169220847130906,0.3113481482478486
25853,GOF,0.07706760207610312,0.7628193069298036,0.1601130909940933
25854,GOF,0.007099021395263516,0.6535087854398592,0.33939219316487734
25855,GOF,0.029747814333535218,0.6363377953939093,0.33391439027255543
25856,GOF,0.059769081593755366,0.7062140133470104,0.23401690505923417
25857,GOF,0.029226930955572807,0.6348970419977613,0.3358760270466659
25858,GOF,0.01042855471945046,0.5846515936809714,0.40491985159957816
25859,GOF,0.0077029747276356735,0.5540099205973387,0.4382871046750257
25860,GOF,0.10366943185388698,0.7250520346522579,0.17127853349385508
25861,GOF,0.11416106852562968,0.7474522275746638,0.1383867038997065
25862,GOF,0.03109326003593167,0.8490397442003395,0.11986699576372882
25863,GOF,0.026980106576350908,0.8383537536146933,0.13466613980895561
25864,GOF,0.07550383324677744,0.834429730812336,0.09006643594088658
25865,GOF,0.06359927679717958,0.8035935329074104,0.13280719029541008
25866,GOF,0.033482909829021204,0.8060538765620997,0.16046321360887908
25867,GOF,0.054384282820357246,0.8087134754744753,0.13690224170516738
25868,GOF,0.0807831642046198,0.7436448005650572,0.1755720352303231
25869,GOF,0.4075892521620037,0.48746659761575656,0.10494415022223981
25870,GOF,0.0754721259142595,0.5126009707114955,0.41192690337424503
25871,GOF,0.010574461212807963,0.7884820854895205,0.20094345329767155
25872,GOF,0.02644189861121272,0.7919041702417,0.18165393114708722
25873,GOF,0.02454603520550792,0.8491461213341048,0.12630784346038715
25874,LOF,0.01869095603053109,0.18612563075614116,0.7951834132133277
25875,LOF,0.026725450593836637,0.10697882732509331,0.8662957220810702
25876,LOF,0.02047675823009956,0.061419628081789766,0.9181036136881107
25877,LOF,0.09213102892628093,0.21093206972012257,0.6969369013535965
25878,LOF,0.06198471087844944,0.2707939001564441,0.6672213889651064
25879,LOF,0.011146631930530958,0.19436754975998868,0.7944858183094803
25880,LOF,0.0730975213337969,0.019898521147424464,0.9070039575187786
25881,Neutral,0.5529371971906495,0.0905923293802053,0.3564704734291453
25882,LOF,0.07005591808949652,0.023213997211122158,0.9067300846993814
25883,LOF,0.03221888094978692,0.024405817429156186,0.9433753016210569
25884,LOF,0.021068711372570697,0.033648495226225934,0.9452827934012034
25885,LOF,0.193109003078299,0.011544183966322936,0.795346812955378
25886,LOF,0.25991883646252223,0.04948247250209213,0.6905986910353856
25887,LOF,0.09889243679341504,0.10906040170127566,0.7920471615053093
25888,LOF,0.008969163064816673,0.14904204529845624,0.841988791636727
25889,LOF,0.028051721674525323,0.029363195834114817,0.9425850824913597
25890,LOF,0.20533615633889785,0.0652519543507155,0.7294118893103866
25891,LOF,0.096127380558457,0.03219141512700007,0.8716812043145429
25892,LOF,0.00902574808347734,0.028620148547690127,0.9623541033688326
25893,LOF,0.3255998489713443,0.009269603748428303,0.6651305472802274
25894,LOF,0.3460243949486866,0.007114314991152487,0.6468612900601609
25895,LOF,0.2847868756081404,0.013660208439941292,0.7015529159519183
25896,LOF,0.09245159411786326,0.026672520114707932,0.8808758857674288
25897,LOF,0.13038241927048644,0.010694611481291591,0.858922969248222
25898,LOF,0.12407530863955024,0.02832307195945671,0.8476016194009931
25899,LOF,0.43095548809414036,0.03181566323249546,0.5372288486733643
25900,Neutral,0.6505495248867533,0.011561630406605,0.3378888447066416
25901,LOF,0.11541690066244223,0.012958073382507098,0.8716250259550508
25902,LOF,0.12136472281891895,0.014465351472596977,0.8641699257084842
25903,LOF,0.20388330390726403,0.025884573324433516,0.7702321227683026
25904,Neutral,0.5699779481620443,0.0378675021328004,0.39215454970515523
25905,LOF,0.007536376636061909,0.36115402639870336,0.6313095969652348
25906,LOF,0.00916948647931639,0.060915307694734216,0.9299152058259493
25907,LOF,0.009198908521046371,0.21861733943410494,0.7721837520448487
25908,LOF,0.00833349279369226,0.2080428454040913,0.7836236618022165
25909,LOF,0.03016926406589274,0.08801307619673672,0.8818176597373705
25910,LOF,0.012628938361046163,0.15431078811420187,0.8330602735247519
25911,LOF,0.18175267419009347,0.022177094072957915,0.7960702317369487
25912,LOF,0.10813140658251477,0.021356684552804463,0.8705119088646808
25913,LOF,0.021659759657171217,0.029860531016884982,0.9484797093259438
25914,LOF,0.0420890767741977,0.0258574625328623,0.93205346069294
25915,LOF,0.1547144033848236,0.20416922957766437,0.6411163670375121
25916,LOF,0.012636816956805791,0.10058228515961856,0.8867808978835757
25917,LOF,0.07863930817497386,0.029252111893293364,0.8921085799317329
25918,LOF,0.04099218063181809,0.013965473777652806,0.9450423455905292
25919,LOF,0.03418743258368872,0.014602602901441875,0.9512099645148694
25920,LOF,0.3318717777963737,0.17400681108849997,0.49412141111512625
25921,LOF,0.021484675580453697,0.01550911530893202,0.9630062091106143
25922,LOF,0.019219113527049428,0.015476149005539841,0.9653047374674109
25923,LOF,0.4627629017390925,0.012137134179535004,0.5250999640813725
25924,LOF,0.029311827654157737,0.01892931550590567,0.9517588568399367
25925,LOF,0.11505537040695994,0.028211118969814507,0.8567335106232257
25926,LOF,0.0982486780270468,0.019233349402239402,0.8825179725707137
25927,LOF,0.027562706255618276,0.037566124142104036,0.9348711696022777
25928,LOF,0.014975207251689498,0.021822881643300186,0.9632019111050103
25929,Neutral,0.5985437523104196,0.011932530716110976,0.38952371697346955
25930,LOF,0.10567524497146676,0.011552827574387265,0.8827719274541459
25931,LOF,0.01702967414858347,0.014963115908045964,0.9680072099433706
25932,LOF,0.09658544583339448,0.013461400144108326,0.8899531540224972
25933,LOF,0.09689940311524475,0.007862842659201277,0.8952377542255541
25934,LOF,0.10798546900349872,0.007144837962636918,0.8848696930338643
25935,LOF,0.120278261593417,0.019996896321273334,0.8597248420853096
25936,LOF,0.10885414901967322,0.007897006073590038,0.8832488449067367
25937,LOF,0.023983778802308668,0.0136913036775406,0.9623249175201508
25938,LOF,0.11922414020292815,0.01771876955247941,0.8630570902445925
25939,LOF,0.07271393272131296,0.01128351228413056,0.9160025549945565
25940,GOF,0.013154684845116628,0.4939423646999137,0.4929029504549697
25941,Neutral,0.47933132966902664,0.04867545672337343,0.47199321360759994
25942,LOF,0.010654699212357151,0.045624768928309176,0.9437205318593337
25943,LOF,0.04841945554148845,0.20446458808036524,0.7471159563781463
25944,LOF,0.05388928155224988,0.10146420475954707,0.844646513688203
25945,LOF,0.16946092793656053,0.028138865520260292,0.8024002065431792
25946,LOF,0.08315462841081339,0.0444969257374993,0.8723484458516874
25947,Neutral,0.4889498880576289,0.15067666708325914,0.3603734448591119
25948,LOF,0.37917060724302687,0.012529462619878279,0.6082999301370948
25949,LOF,0.1318775737480315,0.0688172456709824,0.799305180580986
25950,GOF,0.12693202820172061,0.610631131333242,0.2624368404650374
25951,LOF,0.011732864822409783,0.4454930040338843,0.542774131143706
25952,LOF,0.17491302063200545,0.2593995247456314,0.5656874546223631
25953,LOF,0.0074273984156042906,0.29371829820844625,0.6988543033759494
25954,LOF,0.09188669050358263,0.42268441330660406,0.4854288961898134
25955,LOF,0.010405757569705238,0.2333865529795329,0.7562076894507619
25956,LOF,0.011849403761999814,0.34990409599440814,0.6382465002435921
25957,LOF,0.17067704450778284,0.04524522893176365,0.7840777265604535
25958,LOF,0.03169123992979403,0.06226571605187583,0.9060430440183301
25959,GOF,0.006689564092993794,0.7249379025181014,0.2683725333889047
25960,LOF,0.005216314409103533,0.1212545797885698,0.8735291058023267
25961,LOF,0.027427598600248872,0.052844019283546005,0.9197283821162051
25962,LOF,0.031304228243221294,0.09001529948466039,0.8786804722721183
25963,LOF,0.009573368182792053,0.13197459183882687,0.8584520399783812
25964,LOF,0.04237358439172147,0.1216916159911313,0.8359347996171471
25965,LOF,0.18760667709762863,0.1609310063929006,0.6514623165094707
25966,LOF,0.3140521200531185,0.1061202463626838,0.5798276335841976
25967,LOF,0.0061579940798390295,0.09619483449517621,0.8976471714249847
25968,LOF,0.05268813516058709,0.2820115629008659,0.665300301938547
25969,LOF,0.13733436532899101,0.06889740921022106,0.793768225460788
25970,LOF,0.0645189018625277,0.05537472580271543,0.8801063723347567
25971,LOF,0.06504836215243234,0.027231978740850767,0.9077196591067169
25972,LOF,0.075459241385079,0.04358999522481728,0.8809507633901037
25973,LOF,0.0547160971325428,0.00931312801125823,0.935970774856199
25974,LOF,0.05905771021764697,0.04509890176363675,0.8958433880187163
25975,LOF,0.034686250881913974,0.014083801487907858,0.9512299476301782
25976,LOF,0.08889775527863572,0.010825480632782105,0.9002767640885821
25977,LOF,0.21597247760669327,0.04918468379092899,0.7348428386023778
25978,LOF,0.15267512783056653,0.1513869466635505,0.6959379255058831
25979,LOF,0.12056934361099012,0.15739622015352975,0.7220344362354801
25980,LOF,0.2013517044110605,0.24769509447422602,0.5509532011147135
25981,LOF,0.20159764264880536,0.2514119152065487,0.546990442144646
25982,LOF,0.3575694897204803,0.12122751224702837,0.5212029980324914
25983,Neutral,0.4528729029537367,0.12130949430795386,0.42581760273830943
25984,LOF,0.07345227484843192,0.09233761021377446,0.8342101149377936
25985,Neutral,0.47155770840842615,0.1284403067566123,0.40000198483496163
25986,LOF,0.015541961423921748,0.41744686696658784,0.5670111716094904
25987,LOF,0.03843451793213049,0.10391398742576072,0.8576514946421088
25988,LOF,0.06653958714140465,0.16857816006148674,0.7648822527971086
25989,LOF,0.07613670802685715,0.21909744519912647,0.7047658467740163
25990,LOF,0.062033788074006654,0.3442404486557679,0.5937257632702255
25991,GOF,0.024936061664891786,0.559743721116421,0.4153202172186872
25992,LOF,0.012061080003013322,0.44164350277381315,0.5462954172231734
25993,LOF,0.018003303035284468,0.06515920203670211,0.9168374949280135
25994,LOF,0.02610811297741353,0.0657733634785249,0.9081185235440615
25995,LOF,0.01822285393255158,0.1096974177709766,0.8720797282964718
25996,GOF,0.2923233652641913,0.42250338242068286,0.2851732523151259
25997,GOF,0.0527006157581037,0.5053388598354818,0.4419605244064144
25998,LOF,0.24369952751517376,0.037928408034345905,0.7183720644504803
25999,LOF,0.023208911877507784,0.33592387006879865,0.6408672180536936
26000,LOF,0.1392203996691391,0.012684312332384472,0.8480952879984764
26001,LOF,0.15837990789507045,0.020227247418999162,0.8213928446859303
26002,LOF,0.09219567757970874,0.022201279680905933,0.8856030427393853
26003,GOF,0.007557945193343323,0.5869174499416098,0.4055246048650469
26004,GOF,0.018790764890783587,0.5827998169510817,0.39840941815813463
26005,LOF,0.005565202862276413,0.47383195514351106,0.5206028419942126
26006,GOF,0.11794568062001466,0.4951801836852437,0.38687413569474155
26007,LOF,0.011912774429862657,0.4825480558408889,0.5055391697292485
26008,GOF,0.0072957675084205625,0.57606016487955,0.41664406761202954
26009,GOF,0.012416010703589605,0.6034156584205714,0.384168330875839
26010,GOF,0.010190830077357285,0.5417697936104398,0.44803937631220303
26011,LOF,0.005675176292452136,0.4067014744082434,0.5876233492993045
26012,GOF,0.0057164941183238714,0.5131355693706471,0.48114793651102905
26013,GOF,0.013690377480848061,0.5359033940968794,0.45040622842227257
26014,LOF,0.0437579432937396,0.07649947339783288,0.8797425833084276
26015,LOF,0.3870446130539337,0.022583806999892868,0.5903715799461735
26016,LOF,0.26686065273065196,0.027714902917332217,0.7054244443520159
26017,LOF,0.016583157467865765,0.12524698066037293,0.8581698618717613
26018,LOF,0.033161785441795884,0.05846205846775522,0.9083761560904489
26019,LOF,0.032715745420943625,0.047523323437157344,0.919760931141899
26020,LOF,0.006621246733020724,0.11887203477539279,0.8745067184915866
26021,LOF,0.07501282100913265,0.05487713351912487,0.8701100454717425
26022,LOF,0.036978171804180913,0.02430335488094904,0.93871847331487
26023,LOF,0.02387857936953775,0.036666088186876854,0.9394553324435854
26024,LOF,0.051151586414468354,0.04157635841523235,0.9072720551702993
26025,LOF,0.1183511367223511,0.04603853488962809,0.8356103283880209
26026,LOF,0.11339107045146923,0.03833326094824164,0.8482756686002891
26027,LOF,0.033048570565889515,0.022270989837611364,0.9446804395964992
26028,LOF,0.06468805394071284,0.17377950743707876,0.7615324386222085
26029,LOF,0.028885914139047553,0.19797131484111097,0.7731427710198415
26030,LOF,0.11378463265016597,0.025899930322605635,0.8603154370272285
26031,LOF,0.012835616003064702,0.1787510611354117,0.8084133228615237
26032,LOF,0.03881714403040524,0.05266647766300001,0.9085163783065948
26033,LOF,0.03705159158586591,0.051696390632284664,0.9112520177818494
26034,LOF,0.01769519088612941,0.120693974714313,0.8616108343995577
26035,LOF,0.011745986444520785,0.13070552137458716,0.857548492180892
26036,LOF,0.010953930642389222,0.10586784573843713,0.8831782236191736
26037,LOF,0.011217540029413137,0.11628149538209805,0.8725009645884888
26038,LOF,0.033058785516177164,0.045682972240392625,0.9212582422434302
26039,LOF,0.030333116591647103,0.14715148917781734,0.8225153942305355
26040,LOF,0.08490358417031058,0.14186144717294255,0.7732349686567469
26041,LOF,0.012565125170104692,0.10980294489477456,0.8776319299351207
26042,LOF,0.011897126560457215,0.11681921573742333,0.8712836577021195
26043,LOF,0.03397714512491783,0.07936212127698287,0.8866607335980994
26044,LOF,0.006873191417210141,0.05999237033640486,0.933134438246385
26045,LOF,0.0847363936958997,0.21751027926372254,0.6977533270403777
26046,LOF,0.029760128095382022,0.05316606640983837,0.9170738054947796
26047,LOF,0.06882373094326753,0.05446992705091976,0.8767063420058127
26048,LOF,0.08535046204704784,0.02557454204515022,0.8890749959078019
26049,Neutral,0.944083365452525,0.007584020514453205,0.048332614033021776
26050,Neutral,0.910800820606946,0.008464256241599967,0.08073492315145386
26051,LOF,0.025788745359831798,0.3328474228316693,0.6413638318084989
26052,LOF,0.02721904322971778,0.25016040296248837,0.7226205538077938
26053,LOF,0.016264618212874477,0.1654275034563636,0.8183078783307619
26054,LOF,0.05541355738023745,0.04466973890640473,0.8999167037133577
26055,LOF,0.07615074212190728,0.04459426422163257,0.8792549936564601
26056,LOF,0.061993328536870076,0.057989135550202485,0.8800175359129275
26057,LOF,0.06419090688345307,0.02607260878822179,0.9097364843283251
26058,LOF,0.06874544228376953,0.021780484841949718,0.9094740728742807
26059,LOF,0.20282215916378302,0.06724933223745237,0.7299285085987646
26060,LOF,0.015429880547606559,0.20894775303868973,0.7756223664137036
26061,LOF,0.010585103246920498,0.01717466907406431,0.9722402276790151
26062,LOF,0.005884303013055431,0.02540729263965139,0.9687084043472932
26063,LOF,0.05044849713259738,0.01636073425779481,0.9331907686096077
26064,LOF,0.015234339253314412,0.024084878881017926,0.9606807818656676
26065,LOF,0.07336807130094163,0.025210836054699728,0.9014210926443587
26066,LOF,0.052483455095968086,0.018005862699384412,0.9295106822046475
26067,LOF,0.05742955931317728,0.014862098343092345,0.9277083423437303
26068,LOF,0.05329349487438555,0.03860613748654467,0.9081003676390698
26069,LOF,0.18051155333659513,0.038561529844704186,0.7809269168187006
26070,LOF,0.38060577323966766,0.022936181520729727,0.5964580452396026
26071,LOF,0.04937506717291213,0.017578462428184016,0.9330464703989038
26072,LOF,0.006724892232427445,0.031051799475734547,0.9622233082918381
26073,LOF,0.04393384731603266,0.02336934449220765,0.9326968081917597
26074,Neutral,0.6735433516761161,0.01551170686449883,0.310944941459385
26075,LOF,0.04490520410007709,0.030112276360184476,0.9249825195397385
26076,LOF,0.044379882121058103,0.019906160468503645,0.9357139574104383
26077,LOF,0.1600766132814147,0.014580149360281321,0.825343237358304
26078,LOF,0.006339070534388557,0.03302205874796061,0.9606388707176509
26079,LOF,0.05777103925821329,0.0304008297845913,0.9118281309571953
26080,LOF,0.05670024837503668,0.03051294028157258,0.9127868113433908
26081,LOF,0.045922000239452226,0.015550123486975992,0.9385278762735717
26082,LOF,0.0065902346690814755,0.027677246439363496,0.9657325188915551
26083,LOF,0.1200161589552827,0.030843570443328784,0.8491402706013885
26084,LOF,0.13288275661994794,0.027815052614788546,0.8393021907652635
26085,LOF,0.11812619155338734,0.022017117644237014,0.8598566908023756
26086,LOF,0.04109808287725751,0.023221652204955718,0.9356802649177868
26087,LOF,0.04007023383812483,0.021963626707369375,0.9379661394545057
26088,LOF,0.006295765729929008,0.055515755294099876,0.9381884789759711
26089,LOF,0.04130641033074463,0.050073009493946975,0.9086205801753084
26090,LOF,0.041679139816831905,0.03772248970439368,0.9205983704787745
26091,LOF,0.03249896808678869,0.01525768397965479,0.9522433479335566
26092,LOF,0.04681728842206818,0.013823291149107197,0.9393594204288247
26093,LOF,0.06436470166022873,0.009885864692658902,0.9257494336471125
26094,LOF,0.03763267984199871,0.011884380204503109,0.9504829399534982
26095,LOF,0.010826551312169029,0.034013336393907315,0.9551601122939236
26096,LOF,0.22477311474525286,0.007503651830686195,0.7677232334240609
26097,LOF,0.0059877240262134835,0.06961219340094844,0.924400082572838
26098,LOF,0.052450008739807284,0.02623910034523969,0.9213108909149531
26099,LOF,0.04457490330362683,0.03218794786638088,0.9232371488299922
26100,LOF,0.04457490330362683,0.03218794786638088,0.9232371488299922
26101,LOF,0.04754712262837256,0.05414056419694921,0.8983123131746782
26102,LOF,0.039785510371741634,0.025333801223999093,0.9348806884042593
26103,Neutral,0.8973540185120894,0.037023370316648624,0.06562261117126189
26104,LOF,0.052910508692758124,0.05473474893597374,0.8923547423712681
26105,LOF,0.24320035626509157,0.10216333438960239,0.6546363093453059
26106,LOF,0.2692852076049669,0.03927237990361396,0.691442412491419
26107,LOF,0.014686642903032175,0.06194743325967532,0.9233659238372925
26108,LOF,0.16085170025586348,0.04912886697876726,0.7900194327653693
26109,LOF,0.055004770160240406,0.0586486115654292,0.8863466182743304
26110,LOF,0.4090996523704849,0.010195977098331829,0.5807043705311833
26111,LOF,0.05965323237850404,0.05946241425741469,0.8808843533640813
26112,LOF,0.06602631593580796,0.011078198458712264,0.9228954856054797
26113,LOF,0.11045787189736221,0.028092515547293258,0.8614496125553445
26114,LOF,0.09301041885528198,0.007747058913565228,0.8992425222311528
26115,LOF,0.01717363291090852,0.0687464326519712,0.9140799344371203
26116,LOF,0.07148215634455307,0.023300293695891285,0.9052175499595556
26117,LOF,0.3762063850451517,0.03802039737292054,0.5857732175819277
26118,LOF,0.03724463427326435,0.018279645230724017,0.9444757204960117
26119,LOF,0.006500932840044717,0.08022358128815318,0.9132754858718022
26120,LOF,0.032408118065426504,0.016870186467489175,0.9507216954670844
26121,LOF,0.004388232819208237,0.12785817150664214,0.8677535956741498
