feature0,prediction,LoGoFunc_Neutral,LoGoFunc_GOF,LoGoFunc_LOF
25546,Neutral,0.6699841945898989,0.06292823851321286,0.2670875668968884
25547,LOF,0.32684771445275485,0.2862976114185801,0.38685467412866503
25548,LOF,0.28543390551183573,0.16767897204177346,0.5468871224463908
25549,LOF,0.2103902015160332,0.19715964498027297,0.5924501535036938
25550,Neutral,0.6148643381081591,0.06514690684443672,0.31998875504740415
25551,Neutral,0.48366485561514244,0.05914005886106046,0.4571950855237972
25552,LOF,0.11713329195315492,0.21424287792966895,0.6686238301171761
25553,Neutral,0.4763212319686376,0.06223575527350248,0.4614430127578598
25554,LOF,0.15698238289007505,0.24584938034423046,0.5971682367656945
25555,LOF,0.1146533470107535,0.19444871416868376,0.6908979388205627
25556,LOF,0.18543603205028011,0.19465002107558557,0.6199139468741343
25557,LOF,0.1033349142916389,0.19185922002765257,0.7048058656807085
25558,LOF,0.18591826870850606,0.19106885737723678,0.6230128739142571
25559,LOF,0.37064696539549724,0.17302403639107666,0.45632899821342604
25560,LOF,0.0502716834842948,0.46950547304417833,0.480222843471527
25561,LOF,0.11128223775127954,0.3452632751646687,0.5434544870840516
25562,LOF,0.29361177891911283,0.1284662493621623,0.5779219717187248
25563,LOF,0.473421678951065,0.0529022486776239,0.47367607237131093
25564,LOF,0.05018781719189829,0.38624255900927,0.5635696237988316
25565,LOF,0.1050798674206257,0.30554091638647185,0.5893792161929025
25566,GOF,0.047870126670293854,0.5264191664418468,0.42571070688785934
25567,LOF,0.43934853422987763,0.1037922249774136,0.4568592407927088
25568,Neutral,0.7032235148388771,0.06593431746999624,0.23084216769112662
25569,Neutral,0.6662538825357889,0.07219710193376913,0.2615490155304419
25570,LOF,0.06086703948537467,0.17741075993849095,0.7617222005761345
25571,LOF,0.0622848397880439,0.13062271725559377,0.8070924429563622
25572,LOF,0.35852719861208004,0.060379143511950145,0.5810936578759699
25573,LOF,0.4200182232776907,0.1503395455719859,0.4296422311503233
25574,GOF,0.07946190670999406,0.6771260189772994,0.2434120743127064
25575,LOF,0.07866997565562164,0.10263536363310014,0.8186946607112782
25576,LOF,0.41913754417892013,0.04857426181174669,0.5322881940093331
25577,LOF,0.4335787150872776,0.07657942906857593,0.48984185584414663
25578,Neutral,0.4238456286140135,0.20803756178124877,0.36811680960473775
25579,Neutral,0.4238456286140135,0.20803756178124877,0.36811680960473775
25580,LOF,0.055062527628743,0.1484028778231636,0.7965345945480933
25581,Neutral,0.7032235148388771,0.06593431746999624,0.23084216769112662
25582,Neutral,0.7032235148388771,0.06593431746999624,0.23084216769112662
25583,LOF,0.06565838326663931,0.1625466159578881,0.7717950007754725
25584,Neutral,0.3642181515551175,0.318788846051425,0.31699300239345757
25585,LOF,0.3356933738694308,0.10215494761278722,0.562151678517782
25586,LOF,0.06320667627353019,0.16411269398462197,0.7726806297418478
25587,LOF,0.05970482388557004,0.28231885053657013,0.6579763255778599
25588,LOF,0.04774508573864654,0.2221405188118869,0.7301143954494665
25589,Neutral,0.6361193437010707,0.2575059053524432,0.10637475094648613
25590,LOF,0.3277667314421755,0.18992122196906855,0.4823120465887561
25591,Neutral,0.689551696678023,0.06654333584263943,0.2439049674793377
25592,LOF,0.05543285236444415,0.1684170579605884,0.7761500896749675
25593,GOF,0.09028398512874108,0.6087704510527151,0.3009455638185438
25594,Neutral,0.6852567390848259,0.051569623324887716,0.2631736375902864
25595,Neutral,0.6757673514292012,0.07592693742867782,0.24830571114212094
25596,Neutral,0.4669615030186888,0.1435538199283945,0.38948467705291673
25597,LOF,0.42181530579542564,0.08172672780431753,0.49645796640025686
25598,Neutral,0.743628341496893,0.04886421582061996,0.207507442682487
25599,GOF,0.04433474140504165,0.7556337142586093,0.2000315443363492
25600,GOF,0.04397448657438776,0.6772297535835461,0.2787957598420661
25601,GOF,0.04475821980198524,0.6841060186455447,0.2711357615524701
25602,LOF,0.4358332242201204,0.06195785439875766,0.502208921381122
25603,LOF,0.05986736136650547,0.19402398371903345,0.7461086549144611
25604,Neutral,0.40701325547396333,0.20100953764993454,0.39197720687610216
25605,LOF,0.030686853131992833,0.408446255525735,0.5608668913422721
25606,GOF,0.03149305443591005,0.6282203459743494,0.3402865995897406
25607,LOF,0.025908462331796018,0.32148067484479376,0.6526108628234102
25608,LOF,0.3449537811660906,0.15502711737865452,0.500019101455255
25609,LOF,0.20266401460359673,0.2041855947731739,0.5931503906232293
25610,LOF,0.0677005092685225,0.14762880658673125,0.7846706841447463
25611,LOF,0.07341593936640656,0.13273315708751462,0.7938509035460789
25612,Neutral,0.6649494300540053,0.060767484242730596,0.274283085703264
25613,Neutral,0.6330862322186104,0.054011004499412846,0.31290276328197675
25614,LOF,0.0627228262571539,0.18551861782222162,0.7517585559206243
25615,LOF,0.25782756177037836,0.19004120429598859,0.5521312339336331
25616,LOF,0.05727303694373803,0.2036864093851891,0.7390405536710729
25617,LOF,0.06012305973411365,0.13204710863217523,0.8078298316337111
25618,LOF,0.06159861648181977,0.13765752337983284,0.8007438601383474
25619,LOF,0.06483085264048827,0.20748852010151664,0.7276806272579952
25620,LOF,0.06660334183928313,0.1412864828911408,0.7921101752695762
25621,LOF,0.39941458048591194,0.08406672808833122,0.5165186914257568
25622,LOF,0.4199167070617659,0.07960872670301862,0.5004745662352155
25623,LOF,0.37656292512877176,0.09709790645338424,0.526339168417844
25624,LOF,0.04923580954339218,0.21651684207326952,0.7342473483833383
25625,LOF,0.2947888164596051,0.08127402915099555,0.6239371543893993
25626,Neutral,0.6567887820176502,0.05600816927756853,0.28720304870478136
25627,GOF,0.03724980097574584,0.6167043709377173,0.3460458280865367
25628,Neutral,0.4652514479145803,0.09644658023174382,0.438301971853676
25629,Neutral,0.6767262118332577,0.07237237383057356,0.2509014143361688
25630,LOF,0.08702589715417455,0.3544122179240261,0.5585618849217994
25631,Neutral,0.516143473103167,0.31154862512403003,0.17230790177280306
25632,LOF,0.36263339637498787,0.06608312384553196,0.5712834797794802
25633,Neutral,0.4238456286140135,0.20803756178124877,0.36811680960473775
25634,Neutral,0.6967520365236849,0.06968348216641532,0.2335644813098998
25635,LOF,0.06336341429495675,0.1522713252806325,0.7843652604244108
25636,GOF,0.05613924378155301,0.7273702601618857,0.2164904960565613
25637,GOF,0.04955625114420544,0.5145249701819344,0.4359187786738602
25638,GOF,0.03479163413821783,0.7533100819286457,0.21189828393313662
25639,GOF,0.0470848873741864,0.4938721906650317,0.4590429219607819
25640,GOF,0.10805856911488151,0.7693105102055111,0.12263092067960736
25641,LOF,0.04503217702425414,0.42097338893968783,0.5339944340360581
25642,Neutral,0.6776510510222503,0.08698343755810652,0.23536551141964318
25643,Neutral,0.4371057781045762,0.16308081594733925,0.3998134059480847
25644,GOF,0.03669289798454797,0.6497042355117608,0.31360286650369124
25645,GOF,0.038387385568100243,0.6559907081273108,0.3056219063045891
25646,GOF,0.03230630244535778,0.6517630479120801,0.3159306496425621
25647,GOF,0.07003406861914035,0.6567650322913948,0.2732008990894649
25648,GOF,0.05251717710097492,0.7609603726388674,0.1865224502601577
25649,GOF,0.05982580316178123,0.7213420702042506,0.2188321266339682
25650,GOF,0.048096129714176254,0.576082784196059,0.3758210860897647
25651,LOF,0.038814796159326405,0.4306686683518126,0.530516535488861
25652,LOF,0.048034158105192175,0.4475032803283764,0.5044625615664314
25653,GOF,0.05005921956055225,0.5141268100094974,0.43581397042995035
25654,GOF,0.06180319642284916,0.6077516293238444,0.3304451742533064
25655,GOF,0.049307817012230436,0.7420378792038835,0.208654303783886
25656,LOF,0.062056956863367964,0.2446572242237555,0.6932858189128764
25657,Neutral,0.5557796897134076,0.034902029651045545,0.40931828063554676
25658,GOF,0.06179756654673532,0.5517811256528634,0.3864213078004013
25659,LOF,0.15269140594252978,0.3852478454933762,0.462060748564094
25660,LOF,0.08842893939957105,0.2909960888068498,0.6205749717935791
25661,LOF,0.06790738338268408,0.18400354919887324,0.7480890674184426
25662,LOF,0.05844402453145205,0.16833777541625744,0.7732182000522905
25663,LOF,0.06497655195138545,0.12884768771695726,0.8061757603316574
25664,LOF,0.38486280751096746,0.14751965851747564,0.4676175339715569
25665,Neutral,0.6263832831137397,0.07513437781407718,0.29848233907218313
25666,LOF,0.29301470290668274,0.07316436173591959,0.6338209353573977
25667,LOF,0.06327961985761069,0.21978179132269848,0.7169385888196907
25668,LOF,0.052406581748692664,0.1626442071736786,0.7849492110776286
25669,LOF,0.04830326818006226,0.23702094676532934,0.7146757850546084
25670,LOF,0.4412133109100379,0.09283796105620218,0.4659487280337599
25671,LOF,0.05987414801686758,0.18813430842681333,0.751991543556319
25672,Neutral,0.6385938924476021,0.07526311190598269,0.2861429956464152
25673,LOF,0.2752134449737355,0.14337222770250443,0.5814143273237601
25674,LOF,0.4208802124259653,0.1117837514116378,0.4673360361623969
25675,Neutral,0.42829761000742694,0.1492157117841405,0.42248667820843244
25676,LOF,0.055892329219129774,0.17722561018477684,0.7668820605960933
25677,LOF,0.06561363132573877,0.16448037759737835,0.769905991076883
25678,Neutral,0.468611662402776,0.1224667854395935,0.40892155215763054
25679,Neutral,0.5180450017441869,0.11156501856723132,0.3703899796885819
25680,LOF,0.10828721080548483,0.16104050209906504,0.7306722870954501
25681,LOF,0.10828721080548483,0.16104050209906504,0.7306722870954501
25682,LOF,0.0618264818818176,0.29521238045011294,0.6429611376680694
25683,Neutral,0.3803090144111701,0.300052110732461,0.3196388748563688
25684,LOF,0.05688379690150136,0.2895668021396669,0.6535494009588317
25685,Neutral,0.42040528484372575,0.23711825415605697,0.3424764610002172
25686,GOF,0.07935639565166078,0.6880821185914379,0.2325614857569013
25687,GOF,0.07748957601345875,0.7830997116248594,0.13941071236168176
25688,GOF,0.03658685488247586,0.5407543575749597,0.42265878754256436
25689,LOF,0.02150471069645632,0.4607152383567152,0.5177800509468284
25690,GOF,0.018048177545408585,0.5689332290857937,0.4130185933687977
25691,GOF,0.04555593911428914,0.5806157181102073,0.3738283427755035
25692,LOF,0.41304427083002626,0.15670753735030785,0.43024819181966595
25693,GOF,0.14782526915182728,0.6576937871897467,0.19448094365842591
25694,Neutral,0.5251296494221189,0.04234535040991409,0.43252500016796697
25695,LOF,0.1910753662955392,0.14711468483617737,0.6618099488682834
25696,LOF,0.38940332680851325,0.12078695713278534,0.48980971605870127
25697,Neutral,0.48580301527473907,0.16954487879459088,0.3446521059306699
25698,GOF,0.06408384085388281,0.758542112649954,0.17737404649616323
25699,GOF,0.03819304189614114,0.705341328049792,0.2564656300540668
25700,LOF,0.05958975529517658,0.14069661900827057,0.7997136256965529
25701,GOF,0.04230631884785231,0.5587667317130331,0.3989269494391145
25702,GOF,0.05540559985824128,0.6791607333256879,0.26543366681607083
25703,LOF,0.3846193873016846,0.06331963588300807,0.5520609768153073
25704,LOF,0.06569411495934606,0.13041958984716115,0.8038862951934929
25705,LOF,0.1037254737008477,0.2031947773730354,0.693079748926117
25706,GOF,0.051040055618210046,0.7327189722462034,0.21624097213558663
25707,LOF,0.04826996441880015,0.4565796175666699,0.49515041801452975
25708,LOF,0.060501030885741366,0.434025941320473,0.5054730277937857
25709,LOF,0.051849992200860305,0.20059081860884484,0.7475591891902948
25710,Neutral,0.4359151841235782,0.1938905323022665,0.37019428357415524
25711,LOF,0.05908124126990865,0.2982118554517805,0.6427069032783108
25712,LOF,0.3858992857761128,0.09795848064956035,0.5161422335743269
25713,LOF,0.06667235376252938,0.314297482786659,0.6190301634508116
25714,LOF,0.08685708589746702,0.2861155617429539,0.6270273523595792
25715,LOF,0.05798684621236096,0.3020197014919527,0.6399934522956863
25716,LOF,0.42745530849270796,0.10125602889903683,0.47128866260825536
25717,LOF,0.42909573837664455,0.10005228726094315,0.4708519743624124
25718,LOF,0.06014688529169527,0.22304786599943907,0.7168052487088656
25719,LOF,0.06742138027037223,0.18853976418235097,0.7440388555472768
25720,LOF,0.05818744766226226,0.15320848931415246,0.7886040630235853
25721,LOF,0.06156310235745378,0.16687552911761314,0.771561368524933
25722,LOF,0.0617649127959266,0.22236320867366935,0.715871878530404
25723,LOF,0.05897005800380201,0.27686191498654417,0.6641680270096538
25724,LOF,0.05863643686933287,0.17084886960207077,0.7705146935285965
25725,LOF,0.06156310235745378,0.16687552911761314,0.771561368524933
25726,LOF,0.06304976435457156,0.22725702143740004,0.7096932142080283
25727,LOF,0.06525668102563872,0.2253868397350761,0.7093564792392851
25728,LOF,0.0663687978110261,0.22682272740705,0.7068084747819239
25729,LOF,0.0663687978110261,0.22682272740705,0.7068084747819239
25730,LOF,0.06594954005132231,0.24537423615790105,0.6886762237907766
25731,LOF,0.30633581312713476,0.08061969259901137,0.6130444942738539
25732,LOF,0.06843967573627122,0.15744227854636275,0.774118045717366
25733,LOF,0.05379972440160919,0.18580138544082317,0.7603988901575678
25734,LOF,0.3259987703958931,0.1123271047093682,0.5616741248947388
25735,LOF,0.0569942499203378,0.189262039642732,0.7537437104369302
25736,LOF,0.05850683622587742,0.1725685252510981,0.7689246385230245
25737,LOF,0.05553155340891309,0.16937367264281739,0.7750947739482695
25738,LOF,0.06425909909058841,0.3444899731198793,0.5912509277895324
25739,LOF,0.061679677586225765,0.3200090679517186,0.6183112544620558
25740,LOF,0.10187337395932089,0.17867979967394412,0.7194468263667351
25741,LOF,0.09906890759395208,0.1837698338536974,0.7171612585523506
25742,LOF,0.10719508077814707,0.16915951522282874,0.7236454039990242
25743,LOF,0.30910084260707915,0.09098930671579776,0.5999098506771232
25744,GOF,0.03921161967730886,0.5898139597065387,0.3709744206161524
25745,GOF,0.04076080983690373,0.7174804978531557,0.2417586923099406
25746,GOF,0.055461245452069534,0.7202973159671326,0.2242414385807978
25747,LOF,0.05666481178629801,0.17724994367554378,0.7660852445381583
25748,Neutral,0.4238456286140135,0.20803756178124877,0.36811680960473775
25749,GOF,0.02999435378750419,0.6999492854073502,0.27005636080514567
25750,GOF,0.033877687486345655,0.7245178897193143,0.24160442279434002
25751,LOF,0.05714282741910349,0.2865660862964222,0.6562910862844744
25752,GOF,0.26187707727916626,0.4186037015307357,0.319519221190098
25753,LOF,0.326460645159001,0.13035690148504317,0.5431824533559558
25754,GOF,0.031587059124486484,0.6391292659133394,0.32928367496217414
25755,LOF,0.24485779748145223,0.16077771246034167,0.594364490058206
25756,Neutral,0.6828146179138579,0.05687470316083986,0.2603106789253022
25757,GOF,0.04032848401045143,0.651843896685178,0.3078276193043706
25758,GOF,0.029803802964948587,0.7078010383204584,0.2623951587145931
25759,GOF,0.027865919737201327,0.663086163443558,0.30904791681924065
25760,LOF,0.31026795012634495,0.2502582468460354,0.43947380302761957
25761,GOF,0.028340901275422596,0.7167764102196971,0.25488268850488033
25762,Neutral,0.6967520365236849,0.06968348216641532,0.2335644813098998
25763,LOF,0.38728556163311334,0.09424006696439485,0.5184743714024918
25764,GOF,0.22475157613595276,0.48400871022800834,0.29123971363603884
25765,GOF,0.030338957045705304,0.6985270766482867,0.2711339663060081
25766,GOF,0.0673179608497243,0.7275321136701356,0.20514992548014024
25767,GOF,0.04111676005221613,0.7209542999198255,0.23792894002795842
25768,LOF,0.06357044289991033,0.1620338116264419,0.7743957454736479
25769,LOF,0.06346088942898315,0.15629668876476469,0.7802424218062521
25770,Neutral,0.6323261277449159,0.0542100910827619,0.3134637811723223
25771,LOF,0.3446312735799629,0.06559453959302429,0.5897741868270128
25772,LOF,0.07022488368897695,0.15846549502957866,0.7713096212814443
25773,LOF,0.4595298394833247,0.08022298258012149,0.4602471779365538
25774,Neutral,0.6767262118332577,0.07237237383057356,0.2509014143361688
25775,LOF,0.2756147701493754,0.08817138054291873,0.6362138493077059
25776,LOF,0.06557158121320823,0.11040458709544912,0.8240238316913425
25777,Neutral,0.6241020604785865,0.07336775501081641,0.3025301845105971
25778,LOF,0.06411769856361421,0.14311590164599308,0.7927663997903928
25779,GOF,0.06260025170698483,0.719782192738527,0.21761755555448836
25780,GOF,0.05070915589237604,0.784459619912272,0.164831224195352
25781,GOF,0.0489626553480435,0.7773294773243604,0.17370786732759602
25782,GOF,0.05118525141357486,0.7938488875472419,0.15496586103918336
25783,GOF,0.070204888069587,0.7851649113689227,0.1446302005614904
25784,GOF,0.053227465710541835,0.7268852550069069,0.21988727928255122
25785,GOF,0.04917742266463452,0.7620715826858185,0.188750994649547
25786,GOF,0.05497246368537073,0.7160451734582395,0.22898236285638984
25787,GOF,0.0486771966668318,0.5809237586084292,0.3703990447247391
25788,LOF,0.04795971882325333,0.22084159116507446,0.7311986900116721
25789,GOF,0.062061873794639934,0.8134985068867068,0.12443961931865347
25790,GOF,0.04320365518867756,0.7384455214090041,0.21835082340231832
25791,GOF,0.04912864566201119,0.704322661848236,0.24654869248975272
25792,GOF,0.04996482088282641,0.7088172974426585,0.24121788167451502
25793,GOF,0.03962285090515821,0.7425966891110647,0.2177804599837772
25794,GOF,0.05719441355320067,0.726066900703797,0.21673868574300237
25795,GOF,0.06480507187340045,0.7283620300570365,0.20683289806956318
25796,GOF,0.06342827845880686,0.7727290556725549,0.16384266586863824
25797,GOF,0.06427094374712913,0.785486772728815,0.15024228352405591
25798,GOF,0.06002672559813284,0.7614448755855726,0.1785283988162945
25799,GOF,0.0622094825269912,0.7656157066094894,0.1721748108635192
25800,GOF,0.060585245168434464,0.7849806902861283,0.1544340645454374
25801,GOF,0.048984517488314554,0.7881185731884713,0.1628969093232142
25802,GOF,0.055137191824006934,0.7644488930904996,0.1804139150854936
25803,GOF,0.046002083939121904,0.7606978100390721,0.19330010602180606
25804,GOF,0.0763817394184944,0.736288095978117,0.18733016460338872
25805,GOF,0.05633323340335993,0.7885046321591209,0.15516213443751908
25806,GOF,0.05169043745901201,0.7921072089760764,0.15620235356491147
25807,GOF,0.04409904138051277,0.7617375419347581,0.19416341668472917
25808,GOF,0.06285224328311544,0.7436220755044121,0.1935256812124726
25809,GOF,0.05256244805502785,0.6592497309493447,0.2881878209956275
25810,GOF,0.04834773740727276,0.6974136182084296,0.25423864438429744
25811,GOF,0.05138138947633206,0.556767832477844,0.39185077804582397
25812,GOF,0.045022276458866375,0.7752215148880031,0.17975620865313058
25813,GOF,0.04763686636952234,0.7600524831392613,0.19231065049121637
25814,GOF,0.049889219261244844,0.7643212558549248,0.18578952488383027
25815,GOF,0.04883852684327191,0.7355350636401816,0.2156264095165464
25816,GOF,0.03657274138240116,0.7670001507449612,0.19642710787263756
25817,GOF,0.03742051674150915,0.7622524759345651,0.20032700732392572
25818,GOF,0.034713426471427264,0.7111084530557161,0.2541781204728566
25819,GOF,0.06691503969139162,0.6968817282371871,0.23620323207142113
25820,GOF,0.06558224121002189,0.701951072826101,0.2324666859638771
25821,GOF,0.06772760344440755,0.7053935864872795,0.226878810068313
25822,GOF,0.0666385228993714,0.6989225756727456,0.23443890142788296
25823,GOF,0.09652434182448279,0.6207846450459911,0.2826910131295262
25824,GOF,0.089837476126689,0.6546925902492784,0.2554699336240326
25825,GOF,0.08477843440724998,0.6596154521828925,0.25560611340985745
25826,GOF,0.089837476126689,0.6546925902492784,0.2554699336240326
25827,GOF,0.06654460230527538,0.7418378906906402,0.1916175070040845
25828,GOF,0.06209169210445212,0.7226472377338969,0.21526107016165083
25829,LOF,0.42180607858697344,0.09326992450452362,0.48492399690850274
25830,LOF,0.05833703280080482,0.23982308014316428,0.701839887056031
25831,GOF,0.06795203498910032,0.5910542874751069,0.34099367753579285
25832,GOF,0.05511580252897928,0.6795613630525537,0.2653228344184671
25833,GOF,0.05478352163716054,0.6895142003571136,0.25570227800572587
25834,GOF,0.05228493825163711,0.6221168787393799,0.3255981830089829
25835,GOF,0.06011705123811526,0.7196434816428084,0.22023946711907624
25836,GOF,0.05614585834262467,0.6959076360149932,0.2479465056423821
25837,GOF,0.07635602040124505,0.6313566938958208,0.29228728570293394
25838,GOF,0.0724484257653429,0.6371235413677798,0.29042803286687735
25839,GOF,0.08025140075127483,0.599807007757726,0.31994159149099916
25840,GOF,0.04099304738511246,0.692995611209455,0.26601134140543253
25841,GOF,0.04104521256870513,0.6802011666555525,0.27875362077574234
25842,GOF,0.0410110605351185,0.704902909408601,0.2540860300562805
25843,GOF,0.042114041092851925,0.7043154213302704,0.2535705375768776
25844,GOF,0.041084871552490486,0.6836230894091145,0.275292039038395
25845,GOF,0.040780369273819235,0.7381332930740908,0.2210863376520901
25846,GOF,0.04010315172243742,0.6837734292213076,0.2761234190562551
25847,GOF,0.06503892812141779,0.6192830792340922,0.31567799264449
25848,GOF,0.050047005611142656,0.724783928608678,0.22516906578017928
25849,GOF,0.04743500337231245,0.721261403655537,0.23130359297215053
25850,GOF,0.07348646256673953,0.7709964797599344,0.15551705767332627
25851,GOF,0.08177564991459034,0.7663712805742702,0.15185306951113944
25852,GOF,0.18809436027377294,0.48722390414588457,0.32468173558034247
25853,GOF,0.05592484461700715,0.7209590444442555,0.22311611093873737
25854,GOF,0.04418229074013947,0.7589904815935065,0.196827227666354
25855,GOF,0.06329604222693605,0.7485200807054913,0.1881838770675726
25856,GOF,0.059039503795063564,0.7546827523182305,0.186277743886706
25857,GOF,0.0655228596007932,0.7625897272774592,0.17188741312174757
25858,GOF,0.07418684028055342,0.6560429505197529,0.2697702091996936
25859,GOF,0.07351984400452613,0.6695104125860263,0.25696974340944756
25860,GOF,0.06601584842588107,0.6575242469280057,0.27645990464611336
25861,GOF,0.050698600440366316,0.6483379981271786,0.3009634014324551
25862,GOF,0.04436476402906809,0.7731257548719458,0.1825094810989861
25863,GOF,0.04529200214126497,0.7663113105302348,0.18839668732850004
25864,GOF,0.04416835154899076,0.7544476904752437,0.2013839579757655
25865,GOF,0.04864850912154327,0.7447766319920561,0.20657485888640062
25866,GOF,0.045313222030470765,0.7376803417550252,0.21700643621450394
25867,GOF,0.044864323447543784,0.7363890531814778,0.21874662337097836
25868,GOF,0.05346884951405807,0.7229499772984566,0.22358117318748558
25869,GOF,0.06284287591563957,0.6709649983774154,0.26619212570694495
25870,LOF,0.05559583962633841,0.2749407819801893,0.6694633783934723
25871,GOF,0.04805876088873243,0.6345657867662133,0.3173754523450543
25872,GOF,0.05216742983484721,0.5783860629290687,0.3694465072360842
25873,GOF,0.057748442126469395,0.6910644365621512,0.2511871213113794
25874,LOF,0.06481200478681066,0.1263208585269861,0.8088671366862031
25875,GOF,0.07231578923221417,0.6947692095698381,0.23291500119794786
25876,LOF,0.37417804537555177,0.11079748167961291,0.5150244729448353
25877,GOF,0.08273068381215401,0.6213794794498071,0.29588983673803876
25878,GOF,0.07205267893428875,0.6868995381291942,0.24104778293651707
25879,GOF,0.056245252199202796,0.6842914890358525,0.25946325876494475
25880,LOF,0.07456366118031792,0.1427702625521169,0.7826660762675652
25881,Neutral,0.7603127869256205,0.15083308582021906,0.08885412725416042
25882,Neutral,0.4569107701464037,0.14601720540603075,0.39707202444756556
25883,LOF,0.06296727688731991,0.13222676736673022,0.8048059557459498
25884,LOF,0.44190758024232807,0.08627032897376097,0.471822090783911
25885,Neutral,0.6029952256389212,0.020672897934599525,0.3763318764264794
25886,Neutral,0.4238456286140135,0.20803756178124877,0.36811680960473775
25887,GOF,0.3873848900163052,0.4680943088810671,0.1445208011026276
25888,GOF,0.050098418984733314,0.7152971688036504,0.23460441221161632
25889,LOF,0.2927813683046254,0.17859704094746598,0.5286215907479086
25890,LOF,0.14507585320513405,0.313503572560956,0.5414205742339099
25891,LOF,0.29267809629007285,0.09182888681812099,0.6154930168918062
25892,LOF,0.01797628342710201,0.4045137559196608,0.5775099606532372
25893,LOF,0.4166621745584776,0.09703886376427104,0.48629896167725134
25894,LOF,0.3635563440842169,0.17156645828524533,0.46487719763053786
25895,Neutral,0.45931203850083696,0.2237728286099689,0.31691513288919426
25896,Neutral,0.6447115071877166,0.05515590033112373,0.30013259248115964
25897,LOF,0.22727912439740114,0.19854268374526002,0.5741781918573388
25898,GOF,0.08671516587586894,0.7535220040352006,0.1597628300889304
25899,Neutral,0.4238456286140135,0.20803756178124877,0.36811680960473775
25900,Neutral,0.8092086080932305,0.0495164507808311,0.14127494112593839
25901,LOF,0.06450594292563883,0.20039144753756835,0.7351026095367927
25902,LOF,0.40001555208284734,0.09770314431831069,0.502281303598842
25903,LOF,0.21059993643514224,0.3705191564659687,0.41888090709888903
25904,Neutral,0.4238456286140135,0.20803756178124877,0.36811680960473775
25905,GOF,0.05411276337428685,0.5230379978508505,0.4228492387748626
25906,LOF,0.3885505998400147,0.08830311464630924,0.523146285513676
25907,GOF,0.04493794623829156,0.5420279989729971,0.41303405478871125
25908,GOF,0.0462680510782137,0.5445851638715814,0.4091467850502049
25909,LOF,0.055750939868428315,0.43766763664876474,0.5065814234828069
25910,LOF,0.017016221339424438,0.4242169896043651,0.5587667890562105
25911,Neutral,0.6871580006748594,0.05564332634933573,0.2571986729758049
25912,LOF,0.38454015123162794,0.05072632923614869,0.5647335195322233
25913,GOF,0.02330134265331768,0.5647155906871253,0.411983066659557
25914,LOF,0.06203273701524299,0.2041926498014956,0.7337746131832614
25915,GOF,0.07812370244218649,0.7398658653012009,0.1820104322566125
25916,GOF,0.06205723269961171,0.7481258227491883,0.1898169445512001
25917,Neutral,0.749803237530883,0.051031815725309404,0.19916494674380775
25918,LOF,0.05174676051705879,0.26189774808585947,0.6863554913970816
25919,LOF,0.05865987437434197,0.12658631658837938,0.8147538090372786
25920,LOF,0.3230637069879686,0.3383673573349205,0.3385689356771108
25921,LOF,0.2607793295608203,0.07489607407279654,0.6643245963663832
25922,LOF,0.261640745978785,0.09768392170014724,0.6406753323210678
25923,Neutral,0.4238456286140135,0.20803756178124877,0.36811680960473775
25924,LOF,0.3665090041094379,0.07907455845067628,0.5544164374398858
25925,Neutral,0.6355507839821981,0.06758410158525252,0.29686511443254926
25926,Neutral,0.6852349881856115,0.07493179712284667,0.23983321469154203
25927,GOF,0.03983046183540197,0.5613386023156611,0.398830935848937
25928,LOF,0.35539531478386044,0.10884799563715888,0.5357566895789806
25929,Neutral,0.4238456286140135,0.20803756178124877,0.36811680960473775
25930,LOF,0.06251911662373145,0.14263289277833702,0.7948479905979314
25931,Neutral,0.44541752990088107,0.11094274964836048,0.44363972045075845
25932,LOF,0.07989431102707892,0.10549165122626677,0.8146140377466542
25933,LOF,0.07663252600998037,0.1268739634109076,0.796493510579112
25934,LOF,0.07325392556968177,0.1172349581944059,0.8095111162359124
25935,Neutral,0.6767262118332577,0.07237237383057356,0.2509014143361688
25936,LOF,0.06164334116809581,0.12774925713370222,0.8106074016982019
25937,LOF,0.3666009487833836,0.12542035289139158,0.5079786983252248
25938,Neutral,0.6871580006748594,0.05564332634933573,0.2571986729758049
25939,LOF,0.056193307449078425,0.16459698654105606,0.7792097060098655
25940,GOF,0.11481492048824112,0.6895192041198897,0.19566587539186925
25941,Neutral,0.4646550210627604,0.22831024604980482,0.3070347328874348
25942,LOF,0.28924087428124046,0.13366481301838962,0.5770943127003699
25943,GOF,0.01719047016486112,0.5561306601460306,0.4266788696891081
25944,GOF,0.017494190879014156,0.4943429703226454,0.48816283879834055
25945,LOF,0.05430224136402929,0.18152507605614396,0.7641726825798268
25946,LOF,0.3349059534544211,0.05561861001202328,0.6094754365335556
25947,Neutral,0.6407023856471243,0.074692120981196,0.28460549337167956
25948,LOF,0.36869866587887645,0.08503784029489607,0.5462634938262275
25949,LOF,0.42120787885508715,0.10600893574412078,0.472783185400792
25950,GOF,0.056127377184369484,0.7562224486156445,0.18765017419998603
25951,GOF,0.029728163249589153,0.7828474309572833,0.1874244057931277
25952,GOF,0.17614718792478706,0.4245769177812954,0.39927589429391747
25953,GOF,0.055212517717077095,0.5065841043623638,0.4382033779205591
25954,GOF,0.037751267042562466,0.7400179650294922,0.22223076792794533
25955,GOF,0.020077277282208653,0.6721821136139629,0.3077406091038285
25956,GOF,0.06453171501873389,0.5104376208250495,0.4250306641562165
25957,Neutral,0.616205224361018,0.05555911790159013,0.32823565773739183
25958,LOF,0.0654612235962928,0.1170132942859223,0.8175254821177849
25959,GOF,0.023323491067494394,0.6098259890520569,0.36685051988044876
25960,LOF,0.329061582947881,0.0965002704940023,0.5744381465581166
25961,LOF,0.047541232636357025,0.393497140041348,0.5589616273222949
25962,LOF,0.3902585647623086,0.07890801702478972,0.5308334182129018
25963,GOF,0.020381638083573028,0.6301239076859728,0.34949445423045417
25964,LOF,0.09413641307808489,0.276424328172326,0.6294392587495892
25965,GOF,0.15729560082876962,0.6298752628978251,0.21282913627340533
25966,Neutral,0.4238456286140135,0.20803756178124877,0.36811680960473775
25967,LOF,0.35440111363399435,0.06933782298322017,0.5762610633827855
25968,GOF,0.20450058087958106,0.5755768264246132,0.21992259269580583
25969,Neutral,0.4953342478884714,0.06974579264315448,0.4349199594683741
25970,LOF,0.39317657343129436,0.10849829881037967,0.49832512775832594
25971,LOF,0.10715889773806231,0.17170288993706537,0.7211382123248722
25972,LOF,0.10114497614910657,0.21264530078246544,0.686209723068428
25973,LOF,0.29733385394023526,0.07217779976904865,0.630488346290716
25974,GOF,0.038269834808590024,0.6924901622271775,0.2692400029642325
25975,LOF,0.06162048144526306,0.1295373578266714,0.8088421607280656
25976,LOF,0.36354537260476655,0.03262471280906895,0.6038299145861645
25977,Neutral,0.5127992310560314,0.07318122228432386,0.41401954665964474
25978,LOF,0.1833466199038996,0.18894439665953908,0.6277089834365613
25979,LOF,0.10512549169680409,0.23966241444395503,0.6552120938592408
25980,LOF,0.20042801678147318,0.37059705717420904,0.42897492604431786
25981,GOF,0.20997457882249598,0.43570101648772364,0.3543244046897804
25982,LOF,0.17709888899148776,0.3068144104723371,0.5160867005361751
25983,LOF,0.1271799268050906,0.36379080555611415,0.5090292676387953
25984,LOF,0.06877050875630242,0.19909327888028677,0.7321362123634109
25985,Neutral,0.7464471401757155,0.15685007966848466,0.09670278015580004
25986,GOF,0.03855840282146532,0.6880134637472048,0.2734281334313297
25987,LOF,0.3819766138459207,0.08307286996627748,0.5349505161878019
25988,LOF,0.060176737989537474,0.16244777738642846,0.777375484624034
25989,LOF,0.04939585580974311,0.3786037137936232,0.5720004303966337
25990,LOF,0.05504035371255723,0.45039227790597425,0.4945673683814685
25991,GOF,0.050020045157171816,0.5125727197574611,0.4374072350853671
25992,GOF,0.07780153388233756,0.634927202162791,0.2872712639548715
25993,LOF,0.07205245688204268,0.13739321702288734,0.7905543260950699
25994,LOF,0.06014630463942912,0.19214459924808475,0.7477090961124861
25995,LOF,0.0579229050880675,0.17252857630252397,0.7695485186094085
25996,GOF,0.3059350164087524,0.4527232822695499,0.24134170132169766
25997,GOF,0.1710808691669662,0.613073853908512,0.2158452769245219
25998,LOF,0.277958874509091,0.3186971511162681,0.40334397437464087
25999,LOF,0.018269951365960737,0.44732362211478993,0.5344064265192493
26000,LOF,0.27699154673550785,0.09669367361068532,0.6263147796538069
26001,LOF,0.2186264868722507,0.3450406105423556,0.43633290258539376
26002,LOF,0.33260086397449995,0.14616074839317666,0.5212383876323233
26003,GOF,0.045099144966940084,0.6903964965060192,0.26450435852704074
26004,GOF,0.09097234323800564,0.6726979525461724,0.23632970421582192
26005,GOF,0.05597210418095052,0.7427738657907845,0.20125403002826503
26006,GOF,0.04594858687070715,0.7081644710067873,0.24588694212250564
26007,GOF,0.03989700233448465,0.7538889333120422,0.20621406435347311
26008,GOF,0.11426881525528908,0.5873201854001356,0.29841099934457527
26009,GOF,0.06978625144845704,0.6259791609980947,0.3042345875534483
26010,GOF,0.05060250986054305,0.771698422608741,0.17769906753071593
26011,GOF,0.03971391901231407,0.7269964735150694,0.2332896074726166
26012,GOF,0.035008790225424,0.7151708186654953,0.24982039110908072
26013,GOF,0.04772756268540489,0.7348427365246274,0.21742970078996768
26014,Neutral,0.49398455108315337,0.09973649742040017,0.4062789514964465
26015,LOF,0.3078440104958548,0.20987089868186276,0.48228509082228244
26016,LOF,0.19521104784697862,0.357102394428714,0.4476865577243073
26017,GOF,0.025094445891549782,0.5757125840715837,0.39919297003686655
26018,LOF,0.04801198169514221,0.3119724147840934,0.6400156035207644
26019,LOF,0.06365538362534509,0.1409465625588792,0.7953980538157758
26020,GOF,0.026621042550447026,0.615032107025444,0.35834685042410896
26021,LOF,0.37910913626393783,0.14299157781410918,0.47789928592195297
26022,LOF,0.3138688306439444,0.10428600596895048,0.5818451633871051
26023,LOF,0.08069022642866323,0.1194388065682583,0.7998709670030785
26024,LOF,0.14965067590298237,0.276681185305425,0.5736681387915926
26025,GOF,0.0257885529455491,0.519681688799771,0.45452975825467995
26026,GOF,0.025460285609693857,0.5921532486022488,0.3823864657880574
26027,LOF,0.06559382923146287,0.15286309778675367,0.7815430729817836
26028,GOF,0.21796141287191811,0.42559951502099796,0.35643907210708403
26029,GOF,0.05524129098755924,0.7431604540759648,0.20159825493647596
26030,Neutral,0.5846243777867757,0.03447919196424885,0.3808964302489755
26031,GOF,0.03806982901966534,0.660207248964503,0.3017229220158317
26032,LOF,0.06688857731677024,0.11695992659852956,0.8161514960847002
26033,LOF,0.08082376422109214,0.14326720779996283,0.775909027978945
26034,GOF,0.038563841269507716,0.6737836534784098,0.2876525052520824
26035,GOF,0.050101401305403935,0.610276059478434,0.3396225392161621
26036,LOF,0.045863512407277644,0.4539306449747,0.5002058426180225
26037,GOF,0.0522450515218619,0.7110201721945204,0.23673477628361755
26038,LOF,0.059927677458385516,0.1318084995281216,0.8082638230134929
26039,GOF,0.05176404041778288,0.5293897386429545,0.41884622093926266
26040,LOF,0.06314706023490645,0.15800827634807074,0.7788446634170229
26041,GOF,0.09680299440359812,0.5587845114011997,0.3444124941952023
26042,GOF,0.09326194781031293,0.5468203393364424,0.3599177128532448
26043,LOF,0.06386548596035016,0.40226051071084573,0.5338740033288042
26044,Neutral,0.5025790874257157,0.16328814060536795,0.3341327719689162
26045,GOF,0.08219668803079612,0.7463509681979119,0.17145234377129204
26046,LOF,0.07297213225053108,0.28857136993052135,0.6384564978189475
26047,LOF,0.102670657755848,0.21447783695998068,0.6828515052841713
26048,Neutral,0.49122050355987945,0.10236642734092338,0.4064130690991972
26049,Neutral,0.6336745160522346,0.12611294480211516,0.2402125391456503
26050,Neutral,0.6767262118332577,0.07237237383057356,0.2509014143361688
26051,GOF,0.026594992912921174,0.7367280179678848,0.23667698911919408
26052,GOF,0.041144261055367434,0.784274994597902,0.1745807443467306
26053,Neutral,0.4376986928289346,0.14172136133114277,0.4205799458399227
26054,Neutral,0.6871580006748594,0.05564332634933573,0.2571986729758049
26055,Neutral,0.6871580006748594,0.05564332634933573,0.2571986729758049
26056,Neutral,0.6871580006748594,0.05564332634933573,0.2571986729758049
26057,LOF,0.052288164869632135,0.3024477456320664,0.6452640894983016
26058,LOF,0.049955731124770184,0.2653090032807955,0.6847352655944343
26059,Neutral,0.8361593074634142,0.04657845935797208,0.11726223317861373
26060,GOF,0.03484146664717823,0.7066804131878237,0.25847812016499805
26061,LOF,0.38301805502221203,0.10197523604026984,0.5150067089375181
26062,LOF,0.38766784729630177,0.06605303704110757,0.5462791156625906
26063,LOF,0.06926670868412332,0.12731075118002658,0.8034225401358501
26064,Neutral,0.4454275934616486,0.11609213390384654,0.4384802726345048
26065,LOF,0.05611173771569704,0.27721465037119636,0.6666736119131066
26066,LOF,0.06969150737124251,0.14638427926576458,0.783924213362993
26067,LOF,0.0797883908758237,0.1299522784126934,0.7902593307114828
26068,Neutral,0.6385938924476021,0.07526311190598269,0.2861429956464152
26069,Neutral,0.6130360719985788,0.07194636526811214,0.31501756273330905
26070,Neutral,0.6130360719985788,0.07194636526811214,0.31501756273330905
26071,LOF,0.06272277291720782,0.14116194462168688,0.7961152824611053
26072,LOF,0.3577951717806866,0.08411881302904183,0.5580860151902716
26073,LOF,0.06471714043937929,0.1476081314506927,0.7876747281099281
26074,Neutral,0.8055293029525048,0.05532052462509717,0.1391501724223981
26075,Neutral,0.6306741579326801,0.07853083758159571,0.2907950044857241
26076,LOF,0.06154929781291686,0.13193681695685905,0.806513885230224
26077,Neutral,0.5588004617925925,0.018995873044442196,0.4222036651629653
26078,LOF,0.4342699440587195,0.09041345448413855,0.4753166014571421
26079,Neutral,0.6792318392357608,0.08377814290842252,0.23699001785581666
26080,Neutral,0.6792318392357608,0.08377814290842252,0.23699001785581666
26081,LOF,0.07301876523195475,0.11930860101111869,0.8076726337569266
26082,Neutral,0.4356223092666848,0.14573171865777623,0.41864597207553894
26083,LOF,0.04879508504767458,0.21919899668260134,0.732005918269724
26084,LOF,0.04879508504767458,0.21919899668260134,0.732005918269724
26085,LOF,0.04866953470464763,0.22274109527344627,0.728589370021906
26086,LOF,0.05527520214900258,0.18876725335866645,0.755957544492331
26087,LOF,0.05652406531397381,0.1903777585300661,0.7530981761559602
26088,LOF,0.4219175823908916,0.124849190882171,0.45323322672693744
26089,Neutral,0.6662538825357889,0.07219710193376913,0.2615490155304419
26090,Neutral,0.6662538825357889,0.07219710193376913,0.2615490155304419
26091,LOF,0.0628738172002072,0.1234318253180358,0.8136943574817571
26092,LOF,0.0725453842141516,0.1659264934986354,0.761528122287213
26093,LOF,0.0752675356666676,0.14306929014978956,0.7816631741835429
26094,LOF,0.08419827918210794,0.10553450807789296,0.810267212739999
26095,LOF,0.3459032642116559,0.07472511884414726,0.5793716169441969
26096,Neutral,0.5713084174852217,0.035860105134819145,0.3928314773799592
26097,LOF,0.3275749173082241,0.05961738240190062,0.6128077002898753
26098,Neutral,0.6828146179138579,0.05687470316083986,0.2603106789253022
26099,LOF,0.05830669234407248,0.2088505660053533,0.7328427416505742
26100,LOF,0.05830669234407248,0.2088505660053533,0.7328427416505742
26101,LOF,0.05675358548786526,0.2743312754187221,0.6689151390934126
26102,LOF,0.06044745432787262,0.1768681330458383,0.762684412626289
26103,Neutral,0.4238456286140135,0.20803756178124877,0.36811680960473775
26104,Neutral,0.7204193065662717,0.07477811580544798,0.20480257762828022
26105,LOF,0.29292990041546707,0.14146981576691045,0.5656002838176225
26106,Neutral,0.47632923368903046,0.19968093678428964,0.3239898295266799
26107,GOF,0.025270877080000084,0.6076566798828226,0.36707244303717734
26108,GOF,0.30629320042153335,0.4448691817957763,0.24883761778269034
26109,LOF,0.3978134737802027,0.12827349513374953,0.47391303108604793
26110,Neutral,0.4635129401995404,0.13953133656036087,0.39695572324009865
26111,LOF,0.04480823286388324,0.40984805411585906,0.5453437130202577
26112,LOF,0.06806164273395496,0.1266838225892059,0.8052545346768392
26113,LOF,0.06427348391574704,0.28330633225451846,0.6524201838297345
26114,LOF,0.32628901240145225,0.20722578451584797,0.46648520308269975
26115,GOF,0.018916225233327286,0.7140005024420587,0.26708327232461415
26116,LOF,0.08096657823409463,0.379826323525901,0.5392070982400043
26117,Neutral,0.4238456286140135,0.20803756178124877,0.36811680960473775
26118,LOF,0.06418497233662405,0.13765636136539566,0.7981586662979803
26119,LOF,0.01528364769315304,0.470774120265051,0.513942232041796
26120,LOF,0.06440874095631358,0.14299459852578944,0.792596660517897
26121,LOF,0.024489862817627012,0.309560653075004,0.6659494841073691
26122,LOF,0.020017702877284677,0.31524735393854436,0.6647349431841709
