feature0,prediction,LoGoFunc_Neutral,LoGoFunc_GOF,LoGoFunc_LOF
25546,Neutral,0.6134687618492821,0.05594965329301831,0.3305815848576995
25547,LOF,0.35154668123334476,0.25369882738786426,0.394754491378791
25548,LOF,0.3122388298728286,0.1287456011062488,0.5590155690209226
25549,LOF,0.21948214255820184,0.15113441219799112,0.629383445243807
25550,Neutral,0.550545446650229,0.0610530359887071,0.38840151736106376
25551,LOF,0.43153241415360094,0.07590775259017639,0.49255983325622266
25552,LOF,0.13282325695754812,0.13181667864009847,0.7353600644023535
25553,LOF,0.4111008437779724,0.06158385945389093,0.5273152967681367
25554,LOF,0.16701898189162911,0.18501690110165134,0.6479641170067195
25555,LOF,0.1313735712378491,0.11545502391444643,0.7531714048477045
25556,LOF,0.18489528865218796,0.15118823613681592,0.6639164752109962
25557,LOF,0.12288709557174203,0.12751224167083997,0.7496006627574181
25558,LOF,0.18609298221711648,0.1584773253710976,0.655429692411786
25559,Neutral,0.7498923696960497,0.1031319501100198,0.1469756801939306
25560,LOF,0.05222457983012783,0.1503231574884068,0.7974522626814653
25561,LOF,0.13295442120537268,0.18972726220252295,0.6773183165921044
25562,LOF,0.18125990106061446,0.05182607642338681,0.7669140225159987
25563,LOF,0.28898801182000133,0.12759927272713792,0.5834127154528608
25564,LOF,0.07424175893999656,0.06564235997387888,0.8601158810861246
25565,LOF,0.0963138220171987,0.29567622661651477,0.6080099513662865
25566,GOF,0.044120838078898335,0.5702610056220146,0.38561815629908713
25567,LOF,0.01938099591403893,0.092681863484338,0.887937140601623
25568,Neutral,0.6655350418766118,0.07205798875326222,0.2624069693701259
25569,Neutral,0.642489193751272,0.050413452426895586,0.3070973538218325
25570,LOF,0.0940066867186973,0.23699432113298624,0.6689989921483165
25571,LOF,0.09063992255266128,0.20616736517562181,0.703192712271717
25572,LOF,0.10199302458975383,0.3026244217995358,0.5953825536107104
25573,LOF,0.05108610156869829,0.20710095817092228,0.7418129402603795
25574,LOF,0.014139584301522892,0.413800928759891,0.5720594869385861
25575,LOF,0.11144858466723888,0.06823837602945734,0.8203130393033038
25576,LOF,0.03016035102428602,0.04882191703261042,0.9210177319431035
25577,LOF,0.01894440529765149,0.17313679776685487,0.8079187969354936
25578,Neutral,0.42832382874980607,0.20634569823685245,0.3653304730133416
25579,Neutral,0.42832382874980607,0.20634569823685245,0.3653304730133416
25580,LOF,0.06544437125831695,0.037986057167308726,0.8965695715743742
25581,Neutral,0.6635761860464888,0.050228499824242476,0.2861953141292688
25582,Neutral,0.6635761860464888,0.050228499824242476,0.2861953141292688
25583,LOF,0.07194644074187617,0.04963112542721315,0.8784224338309107
25584,Neutral,0.5174969051088395,0.11745316999075177,0.3650499249004087
25585,LOF,0.023643540518323253,0.08824104525358788,0.8881154142280889
25586,LOF,0.09182571430795655,0.08786423295472928,0.8203100527373142
25587,LOF,0.05971075477433218,0.11593816148580398,0.8243510837398638
25588,LOF,0.0706176563504741,0.10456644636864076,0.824815897280885
25589,Neutral,0.6664060884362475,0.19285848628844887,0.14073542527530367
25590,LOF,0.04068535367868586,0.1571592990782355,0.8021553472430787
25591,Neutral,0.6442987084795329,0.07014468197687204,0.2855566095435952
25592,LOF,0.0442642616189725,0.09183094372566285,0.8639047946553646
25593,GOF,0.014310495492554707,0.6478798198296687,0.33780968467777656
25594,Neutral,0.6979834562245781,0.04374765095042705,0.2582688928249947
25595,Neutral,0.6506980671405521,0.054209278242494,0.2950926546169539
25596,LOF,0.2560921085108732,0.04935999249303035,0.6945478989960966
25597,LOF,0.24303657187381622,0.033738349448280615,0.7232250786779031
25598,Neutral,0.7080288989452284,0.04113130017585486,0.2508398008789167
25599,GOF,0.010755739809772236,0.6028661115979329,0.38637814859229486
25600,GOF,0.01036435825323066,0.6281839027523807,0.3614517389943887
25601,LOF,0.0074210239309489365,0.2793490943599902,0.7132298817090609
25602,LOF,0.08248887691815805,0.2874941959079813,0.6300169271738607
25603,LOF,0.05391163691263942,0.228649220748107,0.7174391423392535
25604,LOF,0.029525404484607148,0.29895805091946775,0.6715165445959251
25605,LOF,0.02412508497936341,0.39720541740711984,0.5786694976135168
25606,GOF,0.06392343041895927,0.5933956917164219,0.3426808778646188
25607,LOF,0.005019612316090057,0.19087630121076415,0.8041040864731459
25608,LOF,0.05150523113393428,0.13552378802577766,0.812970980840288
25609,LOF,0.18250053705213584,0.1831256432629409,0.6343738196849232
25610,LOF,0.06745795408765388,0.04876877587414743,0.8837732700381987
25611,LOF,0.08673689583292424,0.05236521790448493,0.8608978862625909
25612,Neutral,0.6254146681581424,0.056929351550824514,0.3176559802910331
25613,Neutral,0.6014800732704526,0.05336939114005878,0.34515053558948866
25614,LOF,0.08473815240480813,0.066600106273756,0.8486617413214358
25615,LOF,0.07877431900719174,0.07410312941556606,0.8471225515772423
25616,LOF,0.06197474433105321,0.13205389538640333,0.8059713602825435
25617,LOF,0.08287868548600716,0.040539866294137104,0.8765814482198558
25618,LOF,0.07776235150210736,0.16324099830371291,0.7589966501941797
25619,LOF,0.08741166968533563,0.09588017049969343,0.816708159814971
25620,LOF,0.0574037349797446,0.09997324589878509,0.8426230191214704
25621,LOF,0.06631504974633673,0.05749018594036302,0.8761947643133002
25622,LOF,0.051890246526263645,0.14307303942748992,0.8050367140462464
25623,LOF,0.1646931119481172,0.09618310395160995,0.7391237841002729
25624,LOF,0.06101885032644847,0.14782172427523227,0.7911594253983193
25625,LOF,0.05894682956423298,0.10646951398608658,0.8345836564496805
25626,Neutral,0.6438954526545255,0.043251584404115924,0.3128529629413586
25627,GOF,0.2802235339994494,0.5240492951493854,0.19572717085116517
25628,LOF,0.1329215205079815,0.07757747214284799,0.7895010073491704
25629,Neutral,0.6455321970485766,0.06426960709582046,0.2901981958556029
25630,LOF,0.08543188589463586,0.29702110996118936,0.6175470041441748
25631,GOF,0.3690576322124616,0.393507733816667,0.23743463397087153
25632,LOF,0.014285341558204368,0.07152028378406666,0.914194374657729
25633,LOF,0.2893375293727627,0.3499465241824274,0.36071594644481
25634,Neutral,0.6548658806003532,0.06695651248577322,0.2781776069138736
25635,LOF,0.04674123108295601,0.07273057874279984,0.8805281901742442
25636,GOF,0.007485632746534979,0.5169794517907583,0.4755349154627067
25637,LOF,0.006851280653114069,0.23306186318826685,0.760086856158619
25638,GOF,0.007418365515438764,0.5641247330147121,0.4284569014698492
25639,LOF,0.008949870025000913,0.279128156546657,0.7119219734283421
25640,Neutral,0.48751091890015485,0.3610301823068158,0.15145889879302935
25641,LOF,0.00889703368010266,0.2631273514851244,0.7279756148347728
25642,LOF,0.2758803493499147,0.11877418193230051,0.6053454687177847
25643,Neutral,0.5124979656198633,0.012835908653613844,0.4746661257265229
25644,GOF,0.013774925811338469,0.566441944807401,0.41978312938126056
25645,GOF,0.0075659353062011315,0.6476813953802725,0.34475266931352644
25646,LOF,0.010437488085020376,0.44972772523432375,0.5398347866806559
25647,LOF,0.011063528739926911,0.44369615222933,0.545240319030743
25648,LOF,0.008056069816640464,0.3804588638217281,0.6114850663616315
25649,LOF,0.008464413918583609,0.30562968617430897,0.6859058999071075
25650,GOF,0.026225953896995807,0.7081179654748802,0.265656080628124
25651,GOF,0.007262371471621844,0.654876732967294,0.3378608955610843
25652,LOF,0.017128453420748195,0.28078919566217037,0.7020823509170815
25653,GOF,0.0784638074516236,0.5594813346069386,0.3620548579414378
25654,GOF,0.008884876872615232,0.501440367838595,0.4896747552887898
25655,GOF,0.09010104341468693,0.6633641125641673,0.24653484402114578
25656,GOF,0.03354531940242035,0.5874821042060853,0.3789725763914944
25657,LOF,0.39523874313503804,0.08581834990922226,0.5189429069557397
25658,LOF,0.011158390902741467,0.38787646240316276,0.6009651466940957
25659,LOF,0.12661670629908459,0.20621209691719583,0.6671711967837196
25660,LOF,0.11960279578486223,0.13641549685024168,0.743981707364896
25661,LOF,0.09267348314393094,0.10382227745870821,0.8035042393973608
25662,LOF,0.07001699970329968,0.08756790975649442,0.8424150905402059
25663,LOF,0.07124493939619948,0.09792617032689889,0.8308288902769017
25664,LOF,0.05813098875132467,0.19638259847970763,0.7454864127689678
25665,Neutral,0.5925480168986069,0.08846853478566263,0.31898344831573044
25666,LOF,0.12333443434689882,0.27281609411120405,0.6038494715418972
25667,LOF,0.05260027243041297,0.07565407759195736,0.8717456499776296
25668,LOF,0.0755765202475614,0.043506955118815686,0.8809165246336228
25669,LOF,0.049268862426794284,0.09489521543222536,0.8558359221409804
25670,LOF,0.12743072744237155,0.07152433314917202,0.8010449394084564
25671,LOF,0.0725997719688171,0.15129107676872458,0.7761091512624583
25672,Neutral,0.6129011869590977,0.06571385008411733,0.3213849629567849
25673,LOF,0.144121054665246,0.20135066948563793,0.6545282758491161
25674,LOF,0.057999596778622195,0.14683458512066402,0.7951658181007137
25675,LOF,0.12329384455032742,0.13184042876603863,0.744865726683634
25676,LOF,0.06161423249378666,0.10783862464617078,0.8305471428600426
25677,LOF,0.08060914008905709,0.11242260925056426,0.8069682506603787
25678,Neutral,0.6154399295316871,0.07746134211570314,0.3070987283526098
25679,LOF,0.3439113078487403,0.08799795733165061,0.5680907348196091
25680,LOF,0.0980613980546755,0.17341942643392708,0.7285191755113973
25681,LOF,0.11443746299005798,0.15057929643953807,0.734983240570404
25682,LOF,0.07058062816305662,0.11896619030172005,0.8104531815352234
25683,LOF,0.266197849590964,0.06434173594613234,0.6694604144629037
25684,LOF,0.09908117017317501,0.17646214782172867,0.7244566820050964
25685,LOF,0.13662988089296838,0.09892723549744271,0.7644428836095889
25686,LOF,0.011239105622575392,0.3077598926040937,0.6810010017733309
25687,LOF,0.019705018361073225,0.3966403310496639,0.5836546505892629
25688,LOF,0.02722414968055718,0.30605911811137354,0.6667167322080693
25689,LOF,0.011648814776417295,0.23915822388820934,0.7491929613353734
25690,GOF,0.014155982715820328,0.5527667805425789,0.4330772367416008
25691,GOF,0.11219683310615783,0.4928558281634504,0.3949473387303917
25692,Neutral,0.7981568666037658,0.04612700698350568,0.15571612641272856
25693,GOF,0.035520817751997925,0.5069606700026732,0.45751851224532897
25694,LOF,0.42045601190580895,0.03651824105619917,0.5430257470379918
25695,LOF,0.38704098758065264,0.027972879269613855,0.5849861331497335
25696,Neutral,0.7141310640122638,0.02786987785090642,0.25799905813682983
25697,Neutral,0.8064534007958,0.07011325302571651,0.12343334617848353
25698,GOF,0.01640496987517967,0.7324405541961063,0.25115447592871387
25699,GOF,0.03630789126864763,0.6692932447958736,0.2943988639354787
25700,LOF,0.06140022006571254,0.06643218454495046,0.872167595389337
25701,GOF,0.006877885140134845,0.5704912631284209,0.4226308517314443
25702,GOF,0.036115947536767064,0.7202644669231267,0.2436195855401063
25703,LOF,0.01943833737381363,0.16820216208800687,0.8123595005381795
25704,LOF,0.07274424485697956,0.21579903966932054,0.7114567154736999
25705,LOF,0.1020186698213927,0.17100106900914208,0.7269802611694652
25706,GOF,0.01843649072040446,0.7320544670455044,0.24950904223409118
25707,GOF,0.016121950377497283,0.5198936853804492,0.4639843642420535
25708,GOF,0.00670273217794377,0.5170333988160726,0.47626386900598355
25709,LOF,0.07389980858489592,0.11535409839752739,0.8107460930175767
25710,LOF,0.014816216794183691,0.21707526374714867,0.7681085194586675
25711,LOF,0.07578337857115457,0.1452910234515166,0.778925597977329
25712,LOF,0.03384832102436614,0.13553570851948324,0.8306159704561505
25713,LOF,0.06092272580017075,0.12824801141607378,0.8108292627837554
25714,LOF,0.05528768617159586,0.31010655233868895,0.6346057614897153
25715,LOF,0.055787968929117096,0.29950916985217707,0.6447028612187059
25716,LOF,0.015035882567374025,0.09960624033536064,0.8853578770972654
25717,LOF,0.012125348916888348,0.13529664940664413,0.8525780016764676
25718,LOF,0.05800346697904994,0.14242444036230714,0.7995720926586428
25719,LOF,0.06544723478650184,0.1479235895844347,0.7866291756290634
25720,LOF,0.060115754536525574,0.18752251038196446,0.75236173508151
25721,LOF,0.050521305008000006,0.09963224689360356,0.8498464480983965
25722,LOF,0.05147179120476301,0.11002657387798931,0.8385016349172476
25723,LOF,0.07774515520660229,0.12614448845831552,0.7961103563350822
25724,LOF,0.055627024119643174,0.2575387482794941,0.6868342276008628
25725,LOF,0.128217331091997,0.1068203375773879,0.7649623313306151
25726,LOF,0.060140914452398775,0.1818944227599999,0.7579646627876013
25727,LOF,0.1004205163823666,0.06337582491886452,0.8362036586987689
25728,LOF,0.05546412989018155,0.18181669376549792,0.7627191763443206
25729,LOF,0.06387554925131637,0.13567827483971995,0.8004461759089637
25730,LOF,0.07622053087425344,0.1590269223323886,0.7647525467933579
25731,LOF,0.020444576060644887,0.08031462003376845,0.8992408039055867
25732,LOF,0.06074882117456172,0.060325281813691935,0.8789258970117463
25733,LOF,0.07799641934296664,0.24524440614046328,0.6767591745165702
25734,LOF,0.012419543684317337,0.13163129833155188,0.8559491579841308
25735,LOF,0.07207655141534076,0.0890634040996845,0.8388600444849749
25736,LOF,0.06588679409572944,0.1287980836485155,0.8053151222557551
25737,LOF,0.09082647276797684,0.10009608419177293,0.8090774430402503
25738,LOF,0.08349118391802664,0.13943070062082735,0.777078115461146
25739,LOF,0.059131411334736074,0.1486990463066167,0.7921695423586472
25740,LOF,0.09518458787096419,0.1342089718632933,0.7706064402657425
25741,LOF,0.07853101075603916,0.13265161479278637,0.7888173744511744
25742,LOF,0.08553457344466775,0.1850149885258668,0.7294504380294655
25743,LOF,0.011850878217210356,0.08480821447747627,0.9033409073053135
25744,GOF,0.04367509993599492,0.6935806544731434,0.26274424559086157
25745,GOF,0.010331657505237745,0.6732052762206339,0.31646306627412846
25746,GOF,0.007476469590394219,0.6571691690769242,0.3353543613326815
25747,LOF,0.06239249302459505,0.07365798780603137,0.8639495191693737
25748,LOF,0.24321829242403076,0.2899085410790742,0.4668731664968949
25749,GOF,0.006998202861314767,0.5680766340444534,0.42492516309423184
25750,GOF,0.008754498927807238,0.5380007979419131,0.4532447031302796
25751,LOF,0.07104982115869014,0.18788533181347106,0.7410648470278388
25752,GOF,0.1138000039600973,0.49798134317073545,0.38821865286916724
25753,LOF,0.011444962521355927,0.19634557250873716,0.792209464969907
25754,GOF,0.01011962359520284,0.7730287281076461,0.21685164829715098
25755,LOF,0.011078075656530711,0.17406815440852855,0.8148537699349409
25756,Neutral,0.6412875137496142,0.057031058810930575,0.3016814274394553
25757,GOF,0.010683897034693907,0.6955137787757366,0.2938023241895695
25758,GOF,0.009000011032589385,0.7981790007799484,0.19282098818746232
25759,GOF,0.005739889553932557,0.5878842835442571,0.40637582690181023
25760,LOF,0.008508663986956513,0.10349555194691878,0.8879957840661247
25761,GOF,0.0373905452513898,0.8198550504912634,0.1427544042573467
25762,Neutral,0.6548658806003532,0.06695651248577322,0.2781776069138736
25763,LOF,0.009122267634816866,0.10196889523323505,0.888908837131948
25764,GOF,0.07606607571057436,0.5047257707443119,0.41920815354511365
25765,GOF,0.006907396642923976,0.7019296213600414,0.29116298199703455
25766,GOF,0.023530431681938118,0.73814011822888,0.2383294500891819
25767,GOF,0.011224381554371426,0.7573621091256645,0.23141350931996413
25768,LOF,0.04339730266272401,0.25275006678372863,0.7038526305535473
25769,LOF,0.04683811224123516,0.2055105462626067,0.7476513414961581
25770,Neutral,0.6036879274819441,0.05382489763171426,0.34248717488634156
25771,LOF,0.056327557301244405,0.14676142929581207,0.7969110134029435
25772,LOF,0.08688159052569908,0.09136225390028503,0.8217561555740158
25773,LOF,0.037394583532112,0.2555474758523538,0.7070579406155341
25774,Neutral,0.6337218333489938,0.07512359061606898,0.2911545760349372
25775,LOF,0.03876413006369538,0.08326629731557239,0.8779695726207322
25776,LOF,0.04725483970652271,0.11549978957850732,0.83724537071497
25777,Neutral,0.5997401689588474,0.06261453243764598,0.33764529860350656
25778,LOF,0.06326898524988356,0.1396621159975115,0.7970688987526049
25779,GOF,0.091116828975198,0.5180916136508088,0.39079155737399324
25780,GOF,0.06956532873256943,0.7585995907336119,0.17183508053381857
25781,GOF,0.05787118223471978,0.6336012575738363,0.308527560191444
25782,GOF,0.043220986217303865,0.5410965724844946,0.41568244129820153
25783,GOF,0.10061138631312593,0.6547246387589629,0.24466397492791123
25784,GOF,0.16414096864104097,0.6684963103800888,0.16736272097887023
25785,GOF,0.22197333149453866,0.6251422078783296,0.1528844606271317
25786,GOF,0.017201418723840435,0.6403057421183217,0.3424928391578378
25787,Neutral,0.44380651323370385,0.3376813044669424,0.21851218229935368
25788,LOF,0.05658684680409375,0.11004279094991336,0.8333703622459929
25789,GOF,0.030916998703709,0.7932020817253251,0.17588091957096585
25790,GOF,0.04166113507758312,0.7116448435928009,0.24669402132961585
25791,GOF,0.03322235132738865,0.7870669254521877,0.17971072322042375
25792,GOF,0.045982415315845376,0.7615844995721036,0.1924330851120511
25793,GOF,0.06651693928877721,0.5480721129417542,0.38541094776946866
25794,GOF,0.040419059635251685,0.738637585734022,0.2209433546307262
25795,LOF,0.0664591760114479,0.44714124099031527,0.486399582998237
25796,GOF,0.16147187534367122,0.475965762655023,0.3625623620013058
25797,GOF,0.0765384427109321,0.6312554183026422,0.2922061389864258
25798,GOF,0.012475708063627538,0.7619728976678679,0.2255513942685045
25799,GOF,0.007303779838588655,0.7658789358251404,0.22681728433627074
25800,GOF,0.036351699993376174,0.8404748827465499,0.12317341726007393
25801,GOF,0.04663386203870463,0.7708954543306068,0.18247068363068858
25802,GOF,0.04952498001988401,0.7981306211830471,0.1523443987970688
25803,GOF,0.03150502019981698,0.6432130177466363,0.3252819620535468
25804,GOF,0.08581431242450444,0.6611168422416395,0.2530688453338561
25805,GOF,0.04245827753536406,0.7332584154187682,0.22428330704586774
25806,GOF,0.052470619376189985,0.7571072458943071,0.1904221347295028
25807,GOF,0.023305660119672375,0.6993909380351621,0.27730340184516555
25808,GOF,0.04695537702289326,0.7752827295316177,0.17776189344548912
25809,GOF,0.014927953445519865,0.5750954286669867,0.4099766178874935
25810,GOF,0.013000164767763422,0.6280557105403682,0.35894412469186837
25811,GOF,0.07016600997637346,0.7018441452348327,0.2279898447887938
25812,GOF,0.09917387474066594,0.6844243413322698,0.21640178392706422
25813,GOF,0.25424528171437133,0.5279393602770972,0.21781535800853138
25814,GOF,0.08596790276821886,0.7525521692797849,0.16147992795199628
25815,GOF,0.061170690023591656,0.7617381855548502,0.1770911244215581
25816,GOF,0.015387713676981647,0.8062472910083421,0.17836499531467634
25817,GOF,0.10884372291854971,0.6629242501804903,0.22823202690095998
25818,GOF,0.08888398504411071,0.6023045493518843,0.3088114656040051
25819,GOF,0.06298631669983043,0.6080518743395451,0.3289618089606244
25820,GOF,0.08077792089066982,0.6416588386962216,0.2775632404131084
25821,GOF,0.07019569786056251,0.6400249320200866,0.2897793701193509
25822,GOF,0.116320689579496,0.6050855471537467,0.27859376326675733
25823,GOF,0.09267847814911388,0.5491555570940619,0.35816596475682405
25824,GOF,0.042441868634411246,0.7940379248743911,0.16352020649119756
25825,GOF,0.03085053791799366,0.8567748740206106,0.11237458806139594
25826,GOF,0.013315156721899722,0.7054743841805302,0.2812104590975702
25827,GOF,0.011134274559312781,0.8236374518629025,0.1652282735777846
25828,GOF,0.009702807170958226,0.7632397969429073,0.22705739588613438
25829,LOF,0.010121921174261512,0.13267058534700632,0.8572074934787323
25830,LOF,0.060742279553711934,0.05496555288668654,0.8842921675596015
25831,GOF,0.038902072156562655,0.7437796257344638,0.21731830210897346
25832,GOF,0.015041194079976958,0.5289550800139453,0.4560037259060777
25833,GOF,0.06179476845632734,0.7563997052480634,0.1818055262956092
25834,GOF,0.014013069001904589,0.5119506584687815,0.47403627252931396
25835,GOF,0.051398043414858284,0.7999097695866062,0.14869218699853565
25836,GOF,0.01481738516998256,0.6307821058220349,0.35440050900798253
25837,GOF,0.013421550808202107,0.6772163264781685,0.30936212271362934
25838,GOF,0.03706362099345819,0.768301005403905,0.19463537360263683
25839,GOF,0.07665107229694915,0.6990305618326718,0.22431836587037907
25840,GOF,0.11129682831374405,0.7722512589887411,0.11645191269751495
25841,GOF,0.09231557085731769,0.7076886959282939,0.19999573321438838
25842,GOF,0.06800180594125171,0.7926565177040908,0.13934167635465733
25843,GOF,0.030318756313803843,0.7804833909267727,0.18919785275942358
25844,GOF,0.035007496217602595,0.7661147813847142,0.19887772239768328
25845,GOF,0.011077984296077927,0.6028148379896381,0.38610717771428393
25846,GOF,0.08272577922822284,0.7368890413163696,0.18038517945540766
25847,GOF,0.05560311559262743,0.7963799646822916,0.14801691972508096
25848,GOF,0.03828028047874555,0.7439756559435237,0.21774406357773077
25849,GOF,0.009490629427549064,0.7327779101548616,0.2577314604175894
25850,GOF,0.013786927405622092,0.7014206634415528,0.2847924091528251
25851,GOF,0.013556415044095882,0.661688359011996,0.32475522594390804
25852,GOF,0.18321189673048147,0.4635685025948138,0.3532196006747048
25853,GOF,0.06988694049668304,0.6541296333202241,0.27598342618309285
25854,GOF,0.007446271146265599,0.717590373286788,0.27496335556694645
25855,GOF,0.03946750664809541,0.5886178878957704,0.3719146054561342
25856,GOF,0.07189394723992819,0.717403180939754,0.21070287182031777
25857,GOF,0.04647578162599653,0.6154804282378908,0.3380437901361126
25858,GOF,0.013909887473825757,0.5832952093102254,0.4027949032159488
25859,GOF,0.010676108659547693,0.5480536656870537,0.44127022565339846
25860,GOF,0.09828989368170148,0.6588848288482345,0.24282527747006388
25861,GOF,0.058604660978461225,0.6289840041510081,0.31241133487053063
25862,GOF,0.03327480509608019,0.8388179738380077,0.127907221065912
25863,GOF,0.03738581928337436,0.7064032152217287,0.2562109654948969
25864,GOF,0.034906795234276644,0.8381997682988088,0.12689343646691453
25865,GOF,0.03851111849768899,0.8231735293822154,0.13831535212009552
25866,GOF,0.05148698212866999,0.8849391471535203,0.06357387071780977
25867,GOF,0.44461416971477324,0.5220204704347224,0.03336535985050433
25868,GOF,0.09444783805229855,0.6868398870804667,0.21871227486723477
25869,GOF,0.27770496554894963,0.5993031291609113,0.12299190529013898
25870,LOF,0.04249305261260851,0.09804322363923532,0.8594637237481562
25871,GOF,0.0075210683089150365,0.6377492646214199,0.35472966706966513
25872,LOF,0.028780735329962136,0.4620306906600859,0.5091885740099519
25873,GOF,0.024012177404594052,0.7743650779583082,0.20162274463709792
25874,LOF,0.06910968015743371,0.035581321065394515,0.8953089987771718
25875,GOF,0.012987827822888293,0.63507350506967,0.3519386671074417
25876,LOF,0.03600853620096778,0.13123549771498136,0.8327559660840509
25877,GOF,0.03900970915925169,0.7019900583598111,0.25900023248093706
25878,GOF,0.03579921885068584,0.8545397167686043,0.10966106438070983
25879,LOF,0.012366201696912965,0.409345211443324,0.5782885868597629
25880,LOF,0.08559020729402503,0.0695687050164583,0.8448410876895167
25881,Neutral,0.5565533333452066,0.2379765566584459,0.20547010999634743
25882,LOF,0.042087710772940476,0.30025093500238587,0.6576613542246736
25883,LOF,0.0540320882868283,0.19435578205119775,0.751612129661974
25884,LOF,0.02799079831830129,0.23802867106549713,0.7339805306162015
25885,Neutral,0.49364407772750946,0.025154413935745724,0.48120150833674474
25886,Neutral,0.42832382874980607,0.20634569823685245,0.3653304730133416
25887,GOF,0.05360031686622666,0.7105957421867304,0.23580394094704282
25888,LOF,0.011931129193530406,0.4613483407986296,0.52672053000784
25889,LOF,0.08769711962769451,0.22848448517306758,0.6838183951992378
25890,LOF,0.14231580968760485,0.4115370610529855,0.4461471292594097
25891,LOF,0.22879095858397192,0.15970483540478206,0.611504206011246
25892,LOF,0.00477943389452199,0.30937558519846753,0.6858449809070104
25893,LOF,0.20954480289067565,0.11787541175499223,0.6725797853543322
25894,LOF,0.26830136302427304,0.03929623441833626,0.6924024025573906
25895,LOF,0.23716694272714106,0.06631833971875677,0.6965147175541022
25896,Neutral,0.6065512263175625,0.05382420380373407,0.3396245698787033
25897,LOF,0.09066690705129138,0.12056164287492913,0.7887714500737795
25898,GOF,0.04767498990818822,0.6902860316790962,0.2620389784127156
25899,LOF,0.2797031720581797,0.20037712574283445,0.5199197021989859
25900,Neutral,0.8215005282870165,0.043645606065370726,0.13485386564761268
25901,LOF,0.08060659056873168,0.06156574062366589,0.8578276688076023
25902,Neutral,0.8156524010161196,0.018280067272013055,0.16606753171186736
25903,LOF,0.12907536131336667,0.21610681100773538,0.654817827678898
25904,Neutral,0.42832382874980607,0.20634569823685245,0.3653304730133416
25905,LOF,0.005937725402816049,0.3297653572007171,0.6642969173964669
25906,LOF,0.00886845982499496,0.11268596208168329,0.8784455780933217
25907,LOF,0.0072940808037926345,0.41338238874115024,0.579323530455057
25908,LOF,0.007524434299465019,0.40232978364015254,0.5901457820603825
25909,LOF,0.05606120256024473,0.4466986599741086,0.49724013746564666
25910,LOF,0.014516142252143384,0.23894844341135252,0.746535414336504
25911,Neutral,0.6356455353380333,0.07716162942166248,0.2871928352403044
25912,LOF,0.16634730954912094,0.09127643929419303,0.7423762511566859
25913,LOF,0.00791454961035831,0.19599638620082824,0.7960890641888134
25914,LOF,0.059880759951092655,0.18725228317738501,0.7528669568715224
25915,GOF,0.0397495734862307,0.7445991409762265,0.21565128553754281
25916,GOF,0.011076791510604237,0.49485967814084625,0.4940635303485495
25917,Neutral,0.7040791171473392,0.05949842455543719,0.23642245829722358
25918,LOF,0.06960962367377926,0.06660260431281403,0.8637877720134066
25919,LOF,0.06482327918945968,0.028444884190851685,0.9067318366196887
25920,LOF,0.21936360462195684,0.3596185232704215,0.4210178721076217
25921,LOF,0.020627049169551145,0.09674188013052148,0.8826310706999273
25922,LOF,0.01571010117974543,0.08895774530471591,0.8953321535155385
25923,Neutral,0.42832382874980607,0.20634569823685245,0.3653304730133416
25924,LOF,0.024659018445356406,0.29430615130582904,0.6810348302488146
25925,Neutral,0.6091838458220726,0.05883481185844894,0.33198134231947835
25926,Neutral,0.6430178958110202,0.07286044015915227,0.28412166402982747
25927,LOF,0.009055194598122943,0.24716279389654716,0.7437820115053299
25928,LOF,0.01088353886657131,0.056501457371062734,0.9326150037623661
25929,Neutral,0.42832382874980607,0.20634569823685245,0.3653304730133416
25930,LOF,0.041751536239389736,0.22318561783939248,0.7350628459212177
25931,LOF,0.008895995741546021,0.0940044478577307,0.8970995564007234
25932,LOF,0.07338834274184501,0.05979578622569636,0.8668158710324587
25933,LOF,0.07476204939890202,0.09364481841040255,0.8315931321906954
25934,LOF,0.08305704413544779,0.057500441976923236,0.859442513887629
25935,Neutral,0.6337218333489938,0.07512359061606898,0.2911545760349372
25936,LOF,0.07949623411164669,0.04548331731026553,0.8750204485780878
25937,LOF,0.011217619981701085,0.17830877236313214,0.8104736076551667
25938,Neutral,0.6483268168872254,0.05758325914330482,0.29408992396946987
25939,LOF,0.059681171025915476,0.06517282272948415,0.8751460062446004
25940,GOF,0.007854640379186659,0.5507144365604788,0.44143092306033455
25941,LOF,0.43076526452548713,0.05114980368376162,0.5180849317907512
25942,LOF,0.017132246915760097,0.16179846369586431,0.8210692893883755
25943,LOF,0.028668938728422032,0.4244515387263595,0.5468795225452184
25944,LOF,0.02303300959812558,0.4334017345342815,0.543565255867593
25945,LOF,0.044238766103570554,0.06342184201990181,0.8923393918765277
25946,LOF,0.07514533138577444,0.1543838115551509,0.7704708570590747
25947,LOF,0.45120138642424645,0.052159269201757986,0.4966393443739955
25948,Neutral,0.830017717487481,0.07564756654137497,0.09433471597114407
25949,Neutral,0.7585873698387611,0.052390061386653884,0.18902256877458523
25950,GOF,0.061710485642121844,0.8141829164778739,0.12410659788000414
25951,GOF,0.010447068171404271,0.6777801222388677,0.3117728095897281
25952,LOF,0.11112458772680366,0.38616542499154394,0.5027099872816524
25953,GOF,0.009338058881807018,0.5267290585668413,0.46393288255135173
25954,GOF,0.04888919238433066,0.7511944957163557,0.19991631189931366
25955,GOF,0.005779110544259768,0.566284452154744,0.4279364373009963
25956,GOF,0.009593883379571512,0.4995735420874451,0.4908325745329835
25957,LOF,0.4433583209762937,0.0677418740571871,0.48889980496651925
25958,LOF,0.056590104595171074,0.11769009195068816,0.8257198034541408
25959,LOF,0.008358198507130049,0.4469234416932182,0.5447183597996518
25960,LOF,0.009563491339323467,0.08226612890541196,0.9081703797552646
25961,LOF,0.054549327261493176,0.20447639316111632,0.7409742795773906
25962,Neutral,0.7920725599029335,0.024344873963588906,0.18358256613347768
25963,LOF,0.011745609197572716,0.13557036658752644,0.8526840242149007
25964,LOF,0.09634255369281808,0.15845467238966143,0.7452027739175205
25965,LOF,0.14004649493797228,0.4042718015095958,0.45568170355243187
25966,Neutral,0.42832382874980607,0.20634569823685245,0.3653304730133416
25967,LOF,0.012279747540997837,0.12074431235313993,0.8669759401058622
25968,LOF,0.09782829764663645,0.36342279646335945,0.5387489058900041
25969,LOF,0.2576690919164,0.054043928240839256,0.6882869798427608
25970,LOF,0.017194726073162466,0.20904778730302148,0.773757486623816
25971,LOF,0.11065504495012121,0.15547618265288896,0.7338687723969898
25972,LOF,0.10064648959915234,0.14647289788176715,0.7528806125190806
25973,LOF,0.49246208773881395,0.012528749122681487,0.4950091631385046
25974,LOF,0.09383487257780171,0.33215989058807593,0.5740052368341223
25975,LOF,0.051580998961138186,0.032374974506812974,0.9160440265320489
25976,LOF,0.09501699951394936,0.020826158574547542,0.8841568419115031
25977,LOF,0.38343105162983815,0.12647588718007724,0.49009306119008467
25978,LOF,0.1870573848177561,0.14720089445673248,0.6657417207255113
25979,LOF,0.13054473010272832,0.1542949464714316,0.71516032342584
25980,LOF,0.2163189490327217,0.3610817436259505,0.42259930734132767
25981,GOF,0.22116052241193346,0.4420193787519565,0.33682009883610997
25982,LOF,0.19321572684371177,0.2868609986515688,0.5199232745047194
25983,LOF,0.15593932337319028,0.2722466381231291,0.5718140385036806
25984,LOF,0.04584567792716355,0.25644425032623813,0.6977100717465984
25985,Neutral,0.38874504333128745,0.32829686053849744,0.28295809613021516
25986,GOF,0.015285252717350914,0.5719170531905079,0.41279769409214123
25987,LOF,0.022227622782779854,0.2607175206772883,0.7170548565399318
25988,LOF,0.045310794116374085,0.32613001376488826,0.6285591921187376
25989,LOF,0.05623743553749642,0.39997990962142993,0.5437826548410737
25990,LOF,0.0649935816951839,0.39824420121685417,0.536762217087962
25991,GOF,0.052957188274740566,0.7422495915737537,0.20479322015150556
25992,LOF,0.017935590004185396,0.3480043092727174,0.6340601007230972
25993,LOF,0.05884872920301211,0.028896405856544818,0.9122548649404432
25994,LOF,0.08063451109044424,0.0324327069887877,0.8869327819207681
25995,LOF,0.05208868098682151,0.040378448092967034,0.9075328709202115
25996,GOF,0.21188695915015388,0.4544799839249679,0.3336330569248784
25997,GOF,0.048161651725296885,0.6073042149408473,0.3445341333338557
25998,LOF,0.16576510625139965,0.23311627336368904,0.6011186203849113
25999,GOF,0.019471397541842354,0.5275163787107745,0.4530122237473831
26000,LOF,0.25407984160210784,0.08011279791060959,0.6658073604872826
26001,LOF,0.09868382454829384,0.13181204086794054,0.7695041345837655
26002,Neutral,0.6651952108237913,0.016644562331319737,0.3181602268448889
26003,GOF,0.008257785266126695,0.7759909233040844,0.21575129142978902
26004,GOF,0.030109015917435356,0.7605990223439214,0.20929196173864326
26005,GOF,0.004782335933175139,0.7101484224640745,0.28506924160275027
26006,GOF,0.08613323756573281,0.7736531873923298,0.14021357504193738
26007,GOF,0.014397715372224153,0.8001898901449492,0.18541239448282668
26008,GOF,0.013187569649794175,0.6930952859404492,0.29371714440975655
26009,GOF,0.026797288716019413,0.8698056100522117,0.10339710123176883
26010,GOF,0.010249626368224045,0.8161938220525852,0.17355655157919056
26011,GOF,0.005728854936327275,0.5055260647062142,0.4887450803574585
26012,GOF,0.0071257397846121945,0.8292084985352849,0.16366576168010288
26013,LOF,0.0069856761501215295,0.3963400344519709,0.5966742893979076
26014,Neutral,0.763070822521345,0.016340770100280743,0.22058840737837437
26015,Neutral,0.459053840536728,0.08432765935000067,0.4566185001132714
26016,LOF,0.3133457631319186,0.11752661193809498,0.5691276249299865
26017,LOF,0.05341386284451036,0.38655532850416113,0.5600308086513285
26018,LOF,0.04609179595789035,0.3495032649738368,0.6044049390682729
26019,LOF,0.04790909708935666,0.1107120793354232,0.8413788235752201
26020,LOF,0.006043635350699921,0.31078694200115203,0.6831694226481481
26021,LOF,0.06555232295282326,0.1536394314194253,0.7808082456277515
26022,LOF,0.06888813937279725,0.08185191508050448,0.8492599455466984
26023,LOF,0.03855167166085356,0.12170674432989113,0.8397415840092552
26024,LOF,0.05117431582653301,0.17515133227427826,0.7736743518991888
26025,LOF,0.14322812193376788,0.31837252652812054,0.5383993515381116
26026,LOF,0.12497209090872641,0.2848350286678094,0.5901928804234643
26027,LOF,0.07574986151071003,0.09242618044065642,0.8318239580486335
26028,GOF,0.040341839788221374,0.48109351660653077,0.47856464360524786
26029,GOF,0.020360321385846807,0.6953875072881985,0.2842521713259547
26030,LOF,0.36037137089960747,0.06300279501614012,0.5766258340842524
26031,GOF,0.005385571400391623,0.6328917657329582,0.36172266286665017
26032,LOF,0.059964417240615055,0.1297730666177176,0.8102625161416673
26033,LOF,0.06386832317081936,0.14515627153663976,0.7909754052925408
26034,GOF,0.008567239983164048,0.5391730674144095,0.4522596926024263
26035,GOF,0.006731222691656825,0.5714943673538129,0.4217744099545303
26036,LOF,0.0066771202294418595,0.27409299651162977,0.7192298832589283
26037,LOF,0.006568437620608546,0.34768494737528843,0.645746615004103
26038,LOF,0.05263407647457446,0.09584259738041327,0.8515233261450124
26039,GOF,0.024079246867573678,0.5595058624628778,0.41641489066954845
26040,LOF,0.049898492434026144,0.11491591983072746,0.8351855877352464
26041,LOF,0.009009228937088665,0.34526201417727004,0.6457287568856412
26042,LOF,0.00837512591180791,0.3713851068482342,0.6202397672399579
26043,LOF,0.044112724326883145,0.24580492374120483,0.7100823519319119
26044,LOF,0.007646727170694086,0.2705162308293538,0.7218370419999522
26045,GOF,0.028148032734403264,0.8374057969076556,0.13444617035794126
26046,LOF,0.037174051035517255,0.27200975348712236,0.6908161954773604
26047,LOF,0.1043110545013708,0.16111100718687144,0.7345779383117578
26048,LOF,0.08396684898907943,0.11074840855690081,0.8052847424540197
26049,Neutral,0.8175020038420086,0.10621211466979204,0.07628588148819947
26050,Neutral,0.8346713728164139,0.07441914937676426,0.09090947780682186
26051,LOF,0.011716839313327808,0.4428084842386758,0.5454746764479964
26052,LOF,0.014143040863808643,0.29250336765199275,0.6933535914841986
26053,LOF,0.022231111625050117,0.10613519508546541,0.8716336932894845
26054,Neutral,0.6483268168872254,0.05758325914330482,0.29408992396946987
26055,Neutral,0.6483268168872254,0.05758325914330482,0.29408992396946987
26056,Neutral,0.6483268168872254,0.05758325914330482,0.29408992396946987
26057,LOF,0.08287104743376732,0.04649723251708815,0.8706317200491445
26058,LOF,0.088337935236214,0.03846830874789403,0.873193756015892
26059,Neutral,0.8330027789860305,0.06038059519188393,0.10661662582208564
26060,LOF,0.0439792656127248,0.4258103146605438,0.5302104197267314
26061,LOF,0.01717276353252523,0.03490538651996785,0.947921849947507
26062,LOF,0.01010433733565278,0.07485969560113775,0.9150359670632094
26063,LOF,0.06436229558702371,0.03050786907640589,0.9051298353365705
26064,LOF,0.014312497228724089,0.04962171890796648,0.9360657838633094
26065,LOF,0.04662515175290826,0.049190828461863415,0.9041840197852283
26066,LOF,0.0895475164772007,0.04892736121882937,0.8615251223039699
26067,LOF,0.08647765343039052,0.08831952586472547,0.825202820704884
26068,Neutral,0.5937311634279022,0.08664620962099367,0.3196226269511041
26069,Neutral,0.5890310639673132,0.06750577630680943,0.3434631597258774
26070,Neutral,0.5890310639673132,0.06750577630680943,0.3434631597258774
26071,LOF,0.0621507187408269,0.054085715199448506,0.8837635660597247
26072,LOF,0.013251667726992497,0.043999914066661754,0.9427484182063457
26073,LOF,0.07181696509741266,0.06622016462685507,0.8619628702757323
26074,Neutral,0.828710476613125,0.050338761120169724,0.12095076226670527
26075,Neutral,0.6019522444614985,0.07249035660306938,0.32555739893543206
26076,LOF,0.0705869467187774,0.08776431420797833,0.8416487390732442
26077,LOF,0.2585222049865995,0.060910332704981605,0.6805674623084189
26078,LOF,0.009991447936472385,0.058619596204165736,0.9313889558593619
26079,Neutral,0.6366145953517369,0.08462104890771116,0.27876435574055175
26080,Neutral,0.6366145953517369,0.08462104890771116,0.27876435574055175
26081,LOF,0.05949392045848146,0.052521693013022216,0.8879843865284964
26082,LOF,0.011870533126715009,0.14427631776751465,0.8438531491057704
26083,LOF,0.05488467946030836,0.155575204704039,0.7895401158356526
26084,LOF,0.07360302113811125,0.11829167070358004,0.8081053081583087
26085,LOF,0.06065814476737197,0.1548152219949735,0.7845266332376545
26086,LOF,0.046758050362411874,0.13328654926588362,0.8199554003717046
26087,LOF,0.058524650001663486,0.14888712746734784,0.7925882225309886
26088,LOF,0.011604146247617693,0.15740361807388567,0.8309922356784966
26089,Neutral,0.6309709191188809,0.0837190195269668,0.28531006135415227
26090,Neutral,0.6309709191188809,0.0837190195269668,0.28531006135415227
26091,LOF,0.07204531175241241,0.0625569239141397,0.865397764333448
26092,LOF,0.057362545572945386,0.05819458511436866,0.884442869312686
26093,LOF,0.06787743029342135,0.04544951732265194,0.8866730523839266
26094,LOF,0.06931761997418302,0.08082207912198887,0.8498603009038281
26095,LOF,0.026137895379825346,0.1085088973721196,0.8653532072480551
26096,LOF,0.4204937373412931,0.02592864414203194,0.553577618516675
26097,LOF,0.011094700943176756,0.05926202864607797,0.9296432704107452
26098,Neutral,0.6412875137496142,0.057031058810930575,0.3016814274394553
26099,LOF,0.04562069118898438,0.1598549384606968,0.7945243703503188
26100,LOF,0.04562069118898438,0.1598549384606968,0.7945243703503188
26101,LOF,0.051906886598616156,0.1420986846713554,0.8059944287300284
26102,LOF,0.06302389165011475,0.07479880994318604,0.8621772984066993
26103,Neutral,0.42832382874980607,0.20634569823685245,0.3653304730133416
26104,Neutral,0.6701621219691739,0.09269527324423828,0.23714260478658772
26105,LOF,0.28321571700526965,0.09451674966525736,0.622267533329473
26106,LOF,0.29491583498257506,0.22106862240234393,0.48401554261508095
26107,LOF,0.008993582196104554,0.4058097953109743,0.5851966224929213
26108,LOF,0.17136449973015505,0.2213851646637233,0.6072503356061216
26109,LOF,0.05586774754837484,0.23304158518966617,0.7110906672619589
26110,Neutral,0.7390622137316148,0.024257822545275105,0.23667996372311
26111,LOF,0.023721089597740278,0.23796408518406886,0.7383148252181909
26112,LOF,0.08866042908520844,0.036046428116057815,0.8752931427987338
26113,LOF,0.05925075300215916,0.06703315700795008,0.8737160899898907
26114,LOF,0.11978338698508414,0.18785319020871355,0.6923634228062023
26115,GOF,0.0114153579735568,0.6291616155885605,0.3594230264378827
26116,LOF,0.09853167637738941,0.29089251514896797,0.6105758084736426
26117,Neutral,0.42832382874980607,0.20634569823685245,0.3653304730133416
26118,LOF,0.061462175832612743,0.06996788844911114,0.8685699357182761
26119,LOF,0.006349886299178071,0.1425497084818911,0.8511004052189309
26120,LOF,0.06730883932852198,0.05528137399731397,0.877409786674164
