feature0,prediction,LoGoFunc_Neutral,LoGoFunc_GOF,LoGoFunc_LOF
25546,Neutral,0.716899521913687,0.04262528523385355,0.24047519285245947
25547,Neutral,0.5714226072270968,0.08454104881104622,0.3440363439618569
25548,Neutral,0.5336827479235231,0.06331749022157176,0.4029997618549051
25549,LOF,0.4619692828753276,0.06264178027565435,0.4753889368490179
25550,LOF,0.32084307724316896,0.11837340397702893,0.5607835187798021
25551,LOF,0.2744666407181667,0.1290498161215226,0.5964835431603108
25552,LOF,0.19904712385910334,0.12300241457687068,0.6779504615640258
25553,Neutral,0.8205374572607468,0.035262856660002874,0.14419968607925038
25554,LOF,0.22507414715282362,0.11665241879968676,0.6582734340474897
25555,LOF,0.18761604819181285,0.10178409020587174,0.7105998616023154
25556,LOF,0.3746399003855171,0.10758041537036538,0.5177796842441175
25557,LOF,0.18554750351638954,0.10794843276516788,0.7065040637184427
25558,LOF,0.2168159613974094,0.11952475246678179,0.6636592861358088
25559,LOF,0.39425161745540127,0.09137574570082545,0.5143726368437733
25560,LOF,0.047725770450179096,0.1651743112206317,0.7870999183291891
25561,LOF,0.11390214851667625,0.19191947543849927,0.6941783760448244
25562,LOF,0.10692309723093339,0.07293160391175192,0.8201452988573147
25563,LOF,0.09630787624835224,0.08720104900082229,0.8164910747508254
25564,LOF,0.20087547593715724,0.14645932897929897,0.6526651950835437
25565,LOF,0.16666450715459954,0.11527162155584973,0.7180638712895507
25566,GOF,0.016162927630672425,0.7195385124514075,0.26429855991792
25567,LOF,0.013339893181117324,0.1522505931110494,0.8344095137078332
25568,LOF,0.05152304428030184,0.07120847655712001,0.8772684791625781
25569,LOF,0.06481182863339414,0.0734009968013305,0.8617871745652754
25570,LOF,0.05591205556196288,0.10609561261447781,0.8379923318235593
25571,LOF,0.05254027565780047,0.09969135835387853,0.847768365988321
25572,LOF,0.06647593871114384,0.13502406516218182,0.7984999961266743
25573,LOF,0.0275207949270111,0.10471497087415416,0.8677642341988347
25574,LOF,0.01609052604063081,0.1736452003862487,0.8102642735731206
25575,LOF,0.041973181546936834,0.11960734607509489,0.8384194723779683
25576,LOF,0.018908547822402685,0.1296709420039455,0.8514205101736518
25577,LOF,0.015046057622297626,0.14120071834621659,0.8437532240314859
25578,LOF,0.22922090701367998,0.09890644703584035,0.6718726459504797
25579,LOF,0.2294517557597478,0.09808588993346724,0.672462354306785
25580,LOF,0.03090759876608478,0.0866229736014098,0.8824694276325055
25581,LOF,0.05631085231912949,0.07678469313573542,0.8669044545451351
25582,LOF,0.05601449459928879,0.07493055980401475,0.8690549455966964
25583,LOF,0.04246723396819595,0.09852159601454903,0.8590111700172549
25584,Neutral,0.4912579712498241,0.10082900701133453,0.4079130217388414
25585,LOF,0.03225516038090754,0.11477944670968132,0.8529653929094111
25586,LOF,0.02926617386187081,0.09171052101779602,0.8790233051203331
25587,LOF,0.02870244410231853,0.08687056593725007,0.8844269899604315
25588,LOF,0.03010726543620974,0.10970189585934915,0.8601908387044411
25589,Neutral,0.5889999587063712,0.13106971847461635,0.27993032281901237
25590,LOF,0.02679405789858958,0.13731074701192347,0.835895195089487
25591,LOF,0.10865239090088438,0.06671889775122898,0.8246287113478866
25592,LOF,0.08537276492623971,0.14786816087921845,0.7667590741945418
25593,LOF,0.02029289645578244,0.26688569758167285,0.7128214059625447
25594,LOF,0.03713573762842382,0.22547223840755423,0.7373920239640219
25595,LOF,0.05313551114853839,0.18292244052310713,0.7639420483283546
25596,LOF,0.06251430507196527,0.08621487641660254,0.8512708185114323
25597,LOF,0.0488447044112936,0.09958056137891878,0.8515747342097876
25598,LOF,0.047031996105621275,0.2112256604440317,0.7417423434503471
25599,GOF,0.009563025328501028,0.8008907566677306,0.18954621800376845
25600,GOF,0.012682363649931421,0.5728902265826215,0.41442740976744713
25601,GOF,0.007570747454212326,0.4973562046025664,0.4950730479432213
25602,LOF,0.02553976778529635,0.05388825252308657,0.9205719796916171
25603,LOF,0.05937715053925962,0.041370533419938856,0.8992523160408016
25604,LOF,0.05437624979687942,0.045151642583403505,0.9004721076197172
25605,LOF,0.012597563839092553,0.23790767929263987,0.7494947568682676
25606,GOF,0.09629701440583929,0.4853695265569667,0.41833345903719404
25607,LOF,0.0051876123122285445,0.16554897234570276,0.8292634153420686
25608,LOF,0.062126817759816176,0.046396795635135955,0.8914763866050478
25609,LOF,0.03631023123081005,0.36747027278742167,0.5962194959817683
25610,LOF,0.04143728730028744,0.032815433907231295,0.9257472787924813
25611,LOF,0.04038853718509595,0.028639083247339686,0.9309723795675643
25612,LOF,0.10219671696940383,0.05122387967385173,0.8465794033567444
25613,LOF,0.08881102193208294,0.0480217059983106,0.8631672720696064
25614,LOF,0.029616101612081225,0.04420960337649074,0.926174295011428
25615,LOF,0.0536939257630499,0.03924940482868828,0.9070566694082619
25616,LOF,0.030963564246432162,0.03878127740601494,0.930255158347553
25617,LOF,0.02916379614721833,0.04652653587909595,0.9243096679736859
25618,LOF,0.18449206951464156,0.041629596189849134,0.7738783342955092
25619,LOF,0.028560353229998912,0.03865790125806752,0.9327817455119335
25620,LOF,0.03286493168397491,0.05012444853231259,0.9170106197837126
25621,LOF,0.0329544680123101,0.034519793446178476,0.9325257385415113
25622,LOF,0.0346273275088259,0.04854753561259677,0.9168251368785773
25623,LOF,0.07258336966169046,0.03782931851385281,0.8895873118244567
25624,LOF,0.026239386373504297,0.048512808172532,0.9252478054539637
25625,LOF,0.03621053986918014,0.05451881375754358,0.9092706463732763
25626,LOF,0.07882839586179236,0.03604671953387457,0.885124884604333
25627,Neutral,0.5414548121950133,0.16790774931355812,0.2906374384914285
25628,LOF,0.18236726606666634,0.07885358810238167,0.738779145830952
25629,LOF,0.07059676782324663,0.15468258173662394,0.7747206504401295
25630,LOF,0.1519692020249375,0.13170698962285124,0.7163238083522112
25631,Neutral,0.5634388350667799,0.1151295243882902,0.3214316405449299
25632,LOF,0.023770292620059186,0.07449201246285328,0.9017376949170876
25633,LOF,0.2201933815405636,0.08413210277687476,0.6956745156825616
25634,LOF,0.03853034270370377,0.10046102028657346,0.8610086370097229
25635,LOF,0.033133087523549896,0.08482459666385728,0.8820423158125928
25636,GOF,0.005248375026620814,0.5775307787024886,0.4172208462708905
25637,LOF,0.004637777038217101,0.4951929140740398,0.5001693088877431
25638,LOF,0.009310389258830078,0.4372011995340246,0.5534884112071454
25639,LOF,0.004931970222945594,0.39943935443894507,0.5956286753381094
25640,GOF,0.46677757928960484,0.48435136597708695,0.048871054733308286
25641,LOF,0.007008346095208183,0.39227488140449573,0.6007167725002961
25642,LOF,0.2610744246538999,0.0849394704513767,0.6539861048947234
25643,LOF,0.24230261898166014,0.2699593015648311,0.4877380794535088
25644,LOF,0.02098984118162613,0.4375414142385456,0.5414687445798283
25645,LOF,0.019430681203786968,0.3937897271149535,0.5867795916812596
25646,LOF,0.020927380075341045,0.25172766818749936,0.7273449517371596
25647,LOF,0.018882662751558955,0.20567487022216585,0.7754424670262753
25648,LOF,0.01670875566189496,0.20496678969450793,0.7783244546435971
25649,LOF,0.015034860688319399,0.14851688450617384,0.8364482548055068
25650,LOF,0.038555632238486605,0.4189677547947463,0.5424766129667671
25651,LOF,0.012157017227477343,0.2018742165781116,0.785968766194411
25652,LOF,0.020644925779888662,0.1974102315640038,0.7819448426561075
25653,LOF,0.08928025452392815,0.3253071173447664,0.5854126281313053
25654,LOF,0.015616051827661034,0.16609381581244526,0.8182901323598937
25655,LOF,0.11837016608548168,0.2527324593122635,0.6288973746022548
25656,LOF,0.058763195297634255,0.05698685798332911,0.8842499467190367
25657,LOF,0.26463685441379925,0.02680756379502809,0.7085555817911726
25658,LOF,0.04081718658454706,0.06984246088384287,0.8893403525316101
25659,LOF,0.2418693466427604,0.045999626573943415,0.7121310267832962
25660,LOF,0.07042074253413835,0.11231581266308419,0.8172634448027776
25661,LOF,0.048578511131578184,0.07797285105238658,0.8734486378160352
25662,LOF,0.02753746206406561,0.04717809851154439,0.92528443942439
25663,LOF,0.03708842458386822,0.07915081415167868,0.883760761264453
25664,LOF,0.03398746175594785,0.09895724880178938,0.8670552894422628
25665,LOF,0.05087345954162763,0.050774479168734774,0.8983520612896376
25666,LOF,0.03776996435930293,0.14738845182024965,0.8148415838204474
25667,LOF,0.02752624012118909,0.06230611792013467,0.9101676419586763
25668,LOF,0.03428292756293854,0.06574494709665814,0.8999721253404033
25669,LOF,0.04087870336960033,0.10344379274536229,0.8556775038850375
25670,LOF,0.14003684105995046,0.08235587748759247,0.777607281452457
25671,LOF,0.03614360409832252,0.05681641039723608,0.9070399855044415
25672,LOF,0.06071764530618612,0.07906169310311396,0.8602206615907
25673,LOF,0.04340449572417518,0.07197910609985268,0.8846163981759722
25674,LOF,0.032884740075478223,0.08404655830823816,0.8830687016162836
25675,LOF,0.039417085116584635,0.06746061307982483,0.8931223018035905
25676,LOF,0.029633989581014895,0.06787065622151828,0.9024953541974668
25677,LOF,0.052473389658829035,0.06814648957506109,0.8793801207661098
25678,LOF,0.23513091803966538,0.05661398063090823,0.7082551013294264
25679,LOF,0.145088264621929,0.08336219316056727,0.7715495422175037
25680,LOF,0.05807139974379783,0.108566604460857,0.8333619957953452
25681,LOF,0.10639266539806977,0.09623777088529552,0.7973695637166348
25682,LOF,0.039654292039883826,0.0807482327109712,0.8795974752491449
25683,LOF,0.06409858930053011,0.10936591485396409,0.8265354958455058
25684,LOF,0.04626127213415564,0.07895815033845137,0.8747805775273929
25685,LOF,0.10912424490511306,0.03480962714503975,0.8560661279498473
25686,LOF,0.03229941491665717,0.0835437036365895,0.8841568814467533
25687,LOF,0.06330006691585427,0.07293106429498597,0.8637688687891598
25688,LOF,0.025219121473981785,0.14283392143713408,0.8319469570888841
25689,LOF,0.020353825284570134,0.07965938732349213,0.8999867873919377
25690,LOF,0.01980025688895789,0.1016627185051992,0.8785370246058429
25691,LOF,0.18218131342683289,0.1597476342202218,0.6580710523529453
25692,LOF,0.23909081898774204,0.01960866599409002,0.741300515018168
25693,LOF,0.04354158835453797,0.16539564406889012,0.7910627675765719
25694,LOF,0.2609988959845666,0.0138713649585744,0.725129739056859
25695,LOF,0.17607736316288058,0.019759278702521685,0.8041633581345977
25696,LOF,0.15230147247187886,0.009958434948780499,0.8377400925793407
25697,LOF,0.128116472717114,0.03399410450594321,0.8378894227769429
25698,LOF,0.02921256656175843,0.31998745176206794,0.6507999816761736
25699,LOF,0.06813966040724569,0.09031542610596575,0.8415449134867885
25700,LOF,0.02808782885368897,0.014034007692850662,0.9578781634534604
25701,LOF,0.01170330865073776,0.0937764230643028,0.8945202682849595
25702,GOF,0.02044319318709547,0.7397475084139095,0.2398092983989952
25703,LOF,0.01674243775508967,0.20634044322014314,0.7769171190247672
25704,LOF,0.08163916994999496,0.18383045816019325,0.7345303718898117
25705,LOF,0.06363781836267579,0.2916083922849691,0.6447537893523551
25706,GOF,0.03148966341953832,0.5972257137471392,0.3712846228333225
25707,GOF,0.02664110711208254,0.5874034428785778,0.3859554500093397
25708,GOF,0.0066860185761362005,0.5885833226291016,0.4047306587947623
25709,LOF,0.019795078530248162,0.10252040244275368,0.8776845190269982
25710,LOF,0.006575333721097524,0.22508687339225353,0.7683377928866489
25711,LOF,0.020783226171224124,0.1548299204687136,0.8243868533600623
25712,LOF,0.007244309535162044,0.2948082696794166,0.6979474207854214
25713,LOF,0.020087921146348452,0.13743755240252048,0.8424745264511311
25714,LOF,0.02140772584591936,0.1784118696829466,0.800180404471134
25715,LOF,0.020898411933232622,0.15752155532197973,0.8215800327447875
25716,LOF,0.01117274172010318,0.15814010492484082,0.830687153355056
25717,LOF,0.005091876607861553,0.16933165504508724,0.8255764683470511
25718,LOF,0.02014088787285923,0.1125894566366632,0.8672696554904776
25719,LOF,0.035033393476779445,0.13303539345769383,0.8319312130655266
25720,LOF,0.029071804928136505,0.12756156451825312,0.8433666305536104
25721,LOF,0.022690464074864015,0.12310692391560385,0.8542026120095321
25722,LOF,0.015964083968830766,0.17185589653231778,0.8121800194988515
25723,LOF,0.02304177244207983,0.11012992474970898,0.8668283028082111
25724,LOF,0.025812698819519263,0.19339975645688395,0.7807875447235967
25725,LOF,0.021480542153855708,0.10692152396423342,0.8715979338819109
25726,LOF,0.016252401512798102,0.14245263542449638,0.8412949630627055
25727,LOF,0.02253003132144032,0.1271352286874275,0.8503347399911323
25728,LOF,0.021024993369143676,0.13287677355518707,0.8460982330756693
25729,LOF,0.020130998218794313,0.1445882577747511,0.8352807440064547
25730,LOF,0.02340578713524015,0.10238402302328453,0.8742101898414752
25731,LOF,0.009166074517803897,0.21989383754291697,0.7709400879392792
25732,LOF,0.01931218370475557,0.12053376334544735,0.8601540529497971
25733,LOF,0.028214403384508365,0.1175448414938165,0.8542407551216752
25734,LOF,0.006983024088587588,0.270119379793876,0.7228975961175363
25735,LOF,0.02092385341709464,0.10245520476012458,0.8766209418227808
25736,LOF,0.019061187022912318,0.16429459639463276,0.8166442165824549
25737,LOF,0.039608524987781606,0.14383093794808935,0.816560537064129
25738,LOF,0.021484884433323012,0.1793567977379404,0.7991583178287367
25739,LOF,0.022380781993832418,0.17005633859300112,0.8075628794131664
25740,LOF,0.050595728885584515,0.18929555457585476,0.7601087165385608
25741,LOF,0.026795639525340857,0.15214991152806398,0.8210544489465952
25742,LOF,0.043877965270505255,0.15579041716605768,0.8003316175634371
25743,LOF,0.011718434079348191,0.030400713390634083,0.9578808525300178
25744,LOF,0.1541228682232656,0.3305799807355163,0.5152971510412181
25745,LOF,0.029098209383282485,0.11744542496626141,0.8534563656504561
25746,LOF,0.01347194683119514,0.17382483808633886,0.812703215082466
25747,LOF,0.03194313108094498,0.034717432826303525,0.9333394360927515
25748,LOF,0.26899223146941914,0.06429738996201063,0.6667103785685702
25749,LOF,0.011765400108137548,0.09788126507531038,0.8903533348165521
25750,LOF,0.016495810488489953,0.09944061279257324,0.8840635767189369
25751,LOF,0.044439815928707924,0.05571836490677623,0.8998418191645158
25752,GOF,0.0750372794796236,0.721814603268891,0.20314811725148535
25753,LOF,0.007294850906441082,0.3520819406880662,0.6406232084054927
25754,GOF,0.007173044892122322,0.868366598153727,0.1244603569541507
25755,LOF,0.007438091896470834,0.4209682388486266,0.5715936692549026
25756,LOF,0.03090360712954622,0.43896740402659046,0.5301289888438633
25757,GOF,0.007243755626871929,0.8645527745665422,0.12820346980658592
25758,GOF,0.009017146612943484,0.8856133346791222,0.10536951870793423
25759,GOF,0.006013787205593253,0.6153512861655536,0.3786349266288532
25760,LOF,0.005560989231648838,0.2931967697234344,0.7012422410449168
25761,GOF,0.05856259141179053,0.8468975736219281,0.0945398349662814
25762,LOF,0.031130039189719218,0.3627643946137745,0.6061055661965062
25763,LOF,0.006968378620466166,0.25433801936239353,0.7386936020171403
25764,GOF,0.06198381029249288,0.6406116925390143,0.29740449716849277
25765,GOF,0.009063588231673463,0.8667165220370682,0.12421988973125843
25766,GOF,0.03193634074920494,0.8372048857072607,0.13085877354353434
25767,GOF,0.013892111651240345,0.5472920669910846,0.43881582135767505
25768,LOF,0.04307359579632318,0.06185950744744774,0.8950668967562291
25769,LOF,0.02745022372166311,0.0688940107112614,0.9036557655670755
25770,LOF,0.13887944725328696,0.0556599461626768,0.8054606065840362
25771,LOF,0.01543261464165818,0.049488739429566726,0.935078645928775
25772,LOF,0.025777078612888315,0.022071500483121995,0.9521514209039896
25773,LOF,0.023219501288529978,0.047472341245590445,0.9293081574658796
25774,LOF,0.031690295428014756,0.08375548622248453,0.8845542183495007
25775,LOF,0.02401519245911794,0.028955194540859278,0.9470296130000228
25776,LOF,0.026585596628514372,0.01873662435755363,0.954677779013932
25777,LOF,0.16239581523074437,0.05191717784122403,0.7856870069280317
25778,LOF,0.021080057619327124,0.04437003668253432,0.9345499056981386
25779,GOF,0.033994141063471074,0.8888260991522161,0.07717975978431288
25780,GOF,0.06711147305666029,0.8800224780519706,0.052866048891369
25781,GOF,0.0293868421806815,0.8675415431424824,0.10307161467683608
25782,GOF,0.026187834276212126,0.903777212263693,0.07003495346009495
25783,GOF,0.029376237680140017,0.9215417342104857,0.049082028109374204
25784,GOF,0.07466694704255532,0.8735467688331534,0.051786284124291135
25785,GOF,0.08880549065087508,0.8685745535474237,0.04261995580170114
25786,GOF,0.008318057027243947,0.8762937550244254,0.11538818794833078
25787,GOF,0.18274933936886004,0.7640381015790152,0.05321255905212466
25788,LOF,0.015661618993725843,0.18494392323996633,0.7993944577663078
25789,GOF,0.01517416846511469,0.8577690549147656,0.12705677662011977
25790,GOF,0.018161096012235096,0.8873865753698025,0.09445232861796252
25791,GOF,0.02094548297106551,0.7905390487985563,0.18851546823037815
25792,GOF,0.024574293877397405,0.8258416308745387,0.1495840752480639
25793,GOF,0.05943693257767888,0.8509895053363988,0.08957356208592218
25794,GOF,0.04895384812985673,0.7774814758081203,0.17356467606202278
25795,GOF,0.04552505814467122,0.7414524340034622,0.21302250785186652
25796,GOF,0.08441856273305218,0.8219560517424079,0.09362538552453992
25797,GOF,0.07410318530446494,0.7665730239375449,0.15932379075799025
25798,GOF,0.005423332750657056,0.7551301989854061,0.23944646826393673
25799,GOF,0.004099145375353729,0.7065968461623104,0.28930400846233584
25800,GOF,0.025611783032479612,0.8367057826543471,0.13768243431317329
25801,GOF,0.018355344000968256,0.9028534750789873,0.07879118092004442
25802,GOF,0.026709633270878805,0.8314021981168392,0.14188816861228198
25803,GOF,0.019072208605384614,0.7423876361834172,0.23854015521119812
25804,GOF,0.02728480623965264,0.7927499806240341,0.17996521313631333
25805,GOF,0.021796275214889523,0.8096601667506959,0.16854355803441456
25806,GOF,0.024172372949191147,0.8067563786464285,0.16907124840438034
25807,GOF,0.008066215519417554,0.7755399562598851,0.2163938282206972
25808,GOF,0.015563379082361042,0.785622897340037,0.19881372357760213
25809,GOF,0.011026110438323591,0.7354057324310697,0.25356815713060676
25810,GOF,0.00911826195305665,0.7209099712009241,0.26997176684601915
25811,GOF,0.04502460748884032,0.8756230053214229,0.0793523871897367
25812,GOF,0.030448631350458718,0.8143613834798705,0.1551899851696709
25813,GOF,0.13114028039180656,0.7939901735284718,0.0748695460797216
25814,GOF,0.03165538570204333,0.8134384958196558,0.15490611847830102
25815,GOF,0.06900115312295008,0.8203962190830084,0.11060262779404159
25816,GOF,0.00957278172187442,0.8678825296988854,0.12254468857924024
25817,GOF,0.09937046048605479,0.8032347572427563,0.09739478227118889
25818,GOF,0.0230068163632482,0.8154781657485984,0.16151501788815337
25819,GOF,0.05092758674863945,0.749810824978512,0.1992615882728485
25820,GOF,0.03348672644566639,0.7120378164353676,0.2544754571189662
25821,GOF,0.024012436421720903,0.7418825810420028,0.23410498253627637
25822,GOF,0.04368808677228391,0.7497385249375301,0.20657338829018593
25823,GOF,0.025522688850818678,0.7343711434280291,0.24010616772115212
25824,GOF,0.02530538075746534,0.7896089313485329,0.1850856878940018
25825,GOF,0.02071972690346329,0.7842256853870896,0.19505458770944709
25826,GOF,0.008254632037799445,0.7430705877506719,0.2486747802115287
25827,GOF,0.013215919770454908,0.7120807205822625,0.27470335964728265
25828,GOF,0.010740778967397328,0.7480171102357882,0.2412421107968144
25829,GOF,0.004542595156756608,0.6952833716342187,0.3001740332090246
25830,GOF,0.033800147587441765,0.505029934080848,0.4611699183317104
25831,GOF,0.054025991861775216,0.8076907980966669,0.1382832100415578
25832,GOF,0.00882841319625732,0.7662723186472972,0.22489926815644548
25833,GOF,0.03167400290787361,0.8272838120318222,0.1410421850603041
25834,GOF,0.010558720501025708,0.7821610631407996,0.20728021635817478
25835,GOF,0.02430079098261332,0.8414087450303339,0.1342904639870528
25836,GOF,0.006736499687967424,0.7630823579944452,0.2301811423175874
25837,GOF,0.008055908888692362,0.7823287283162588,0.20961536279504878
25838,GOF,0.020693363139875784,0.8437884846333457,0.13551815222677854
25839,GOF,0.05524007489339981,0.7994793609072631,0.14528056419933705
25840,GOF,0.08159489313884123,0.8090329797322305,0.10937212712892819
25841,GOF,0.08535527937547643,0.8258730657143184,0.08877165491020528
25842,GOF,0.028516769995623935,0.8879276980184888,0.08355553198588729
25843,GOF,0.024092679694849514,0.892428646653999,0.08347867365115148
25844,GOF,0.018236856486396582,0.8472341703095209,0.13452897320408264
25845,GOF,0.006070817870959242,0.7644219795794044,0.22950720254963636
25846,GOF,0.07363953520591654,0.8275370526034461,0.0988234121906374
25847,GOF,0.014880610371935235,0.8893961990087423,0.09572319061932237
25848,GOF,0.02116814644397409,0.8520576452113343,0.12677420834469158
25849,GOF,0.007105786266057641,0.8328363299626674,0.1600578837712749
25850,GOF,0.006016832493882057,0.7369958687598642,0.2569872987462536
25851,GOF,0.0056273575550183684,0.698845882071979,0.2955267603730026
25852,GOF,0.15246913473948673,0.5630572641287824,0.2844736011317309
25853,GOF,0.06639484396348014,0.8099784550847042,0.12362670095181574
25854,GOF,0.00563929555533765,0.7335278444166278,0.2608328600280344
25855,GOF,0.02517561327398527,0.7005745051022321,0.27424988162378267
25856,GOF,0.046798978535016605,0.7688279228558667,0.18437309860911671
25857,GOF,0.024473541765952393,0.6990510687021654,0.27647538953188233
25858,GOF,0.010226497902865445,0.7213381847679219,0.2684353173292128
25859,GOF,0.007598578081309476,0.7037808944645897,0.28862052745410083
25860,GOF,0.07339240676544748,0.8005843290139933,0.1260232642205592
25861,GOF,0.0962978426135806,0.8061603565404677,0.09754180084595156
25862,GOF,0.02394663822627361,0.8818703970217043,0.09418296475202194
25863,GOF,0.026349268501543396,0.8758022625774714,0.09784846892098513
25864,GOF,0.07243806040020456,0.8749135594794409,0.052648380120354644
25865,GOF,0.050501162310015446,0.8537368098791981,0.09576202781078652
25866,GOF,0.027590393242689717,0.8798650781791034,0.092544528578207
25867,GOF,0.04305917027012835,0.8738125300115924,0.0831282997182792
25868,GOF,0.06436370493764437,0.8294882835003555,0.10614801156200017
25869,GOF,0.3569563287117978,0.5583737800707892,0.08466989121741293
25870,GOF,0.05849124372150419,0.5892228828568508,0.35228587342164513
25871,GOF,0.01017356640810056,0.8688377069307792,0.12098872666112008
25872,GOF,0.020561413291226485,0.8494500723125653,0.12998851439620826
25873,GOF,0.02171222158772664,0.8785204889346234,0.09976728947765001
25874,LOF,0.015474347258128929,0.20858123813440801,0.775944414607463
25875,LOF,0.03299750548265051,0.06004884755999616,0.9069536469573534
25876,LOF,0.02023512121377725,0.045767694336304156,0.9339971844499186
25877,LOF,0.11210107479835837,0.07903025806209225,0.8088686671395495
25878,LOF,0.09189415546550593,0.1326563500034037,0.7754494945310904
25879,LOF,0.01712852112833439,0.10137495236189631,0.8814965265097694
25880,LOF,0.06254062812534439,0.016060930241369974,0.9213984416332855
25881,Neutral,0.5044053034804173,0.07017661997727975,0.42541807654230296
25882,LOF,0.059293234275137136,0.027146930351195232,0.9135598353736677
25883,LOF,0.02716103370608639,0.026551869850565707,0.9462870964433479
25884,LOF,0.016379944922680405,0.0430377343452725,0.9405823207320471
25885,LOF,0.17572911852184422,0.012591446322778971,0.8116794351553768
25886,LOF,0.2609385513689063,0.05456218707727803,0.6844992615538157
25887,LOF,0.11688902909696511,0.0977152192177825,0.7853957516852523
25888,LOF,0.00816417968375918,0.12833207781130437,0.8635037425049364
25889,LOF,0.023542602351329125,0.036929549015080124,0.9395278486335907
25890,LOF,0.18546330321158339,0.05932354837180887,0.7552131484166078
25891,LOF,0.1188168458865847,0.029080422998647024,0.8521027311147682
25892,LOF,0.010781439683312672,0.037699403402434745,0.9515191569142527
25893,LOF,0.3918051025001251,0.010264466068067978,0.5979304314318069
25894,LOF,0.38782902514151113,0.007318089678327393,0.6048528851801616
25895,LOF,0.3523822095809905,0.015352638301470729,0.6322651521175386
25896,LOF,0.07451225754112817,0.03352096136244903,0.8919667810964229
25897,LOF,0.15899584234001518,0.011218640292624692,0.8297855173673602
25898,LOF,0.1269448767098114,0.03689356227110067,0.836161561019088
25899,LOF,0.4306770086113799,0.036532957537751265,0.5327900338508688
25900,LOF,0.48558880258917847,0.010514783317660802,0.5038964140931607
25901,LOF,0.06902691550272554,0.01291589094914024,0.9180571935481343
25902,LOF,0.19347588543906524,0.013977442886733108,0.7925466716742016
25903,LOF,0.3330515589533841,0.026191221289484545,0.6407572197571314
25904,Neutral,0.5016908116090611,0.04784468460481531,0.4504645037861235
25905,LOF,0.007372081482955546,0.40720260583145,0.5854253126855944
25906,LOF,0.008811836441193922,0.07690960054739031,0.9142785630114157
25907,LOF,0.007538415642699258,0.26569230622811674,0.7267692781291839
25908,LOF,0.007374276173956539,0.26125335584446213,0.7313723679815812
25909,LOF,0.02813211848661508,0.10787158483981174,0.8639962966735731
25910,LOF,0.012686025200411422,0.14252630161906946,0.8447876731805191
25911,LOF,0.2038389652755936,0.025002764799343546,0.7711582699250629
25912,LOF,0.09739537271066635,0.019592062089436223,0.8830125651998975
25913,LOF,0.02503081562631557,0.029262055952708397,0.945707128420976
25914,LOF,0.03746175701664315,0.029111515075150227,0.9334267279082067
25915,LOF,0.19906797381835659,0.13445159326646647,0.6664804329151769
25916,LOF,0.023892343069417833,0.059813467443156715,0.9162941894874255
25917,LOF,0.07385788667193388,0.0276150144400257,0.8985270988880404
25918,LOF,0.04098204861903946,0.013975952660261944,0.9450419987206985
25919,LOF,0.036087696293281214,0.013697836531484256,0.9502144671752345
25920,LOF,0.3608171931058867,0.2751136070623595,0.3640691998317539
25921,LOF,0.01641191508143779,0.018803285133858944,0.9647847997847033
25922,LOF,0.01891548986456193,0.019846490558824804,0.9612380195766134
25923,LOF,0.4469477119805331,0.014297950422435956,0.538754337597031
25924,LOF,0.028410032116063178,0.025635392695465147,0.9459545751884716
25925,LOF,0.09747883766356626,0.029109974831198576,0.8734111875052352
25926,LOF,0.08119287834898303,0.019800808285531234,0.8990063133654858
25927,LOF,0.02239263985336918,0.0472473394295295,0.9303600207171013
25928,LOF,0.011848693292663902,0.027633994411555746,0.9605173122957803
25929,Neutral,0.5690535716983649,0.013697706222219039,0.417248722079416
25930,LOF,0.08933336332126204,0.014578005174247214,0.8960886315044908
25931,LOF,0.015719471453465153,0.01837383760340271,0.9659066909431322
25932,LOF,0.07176434299994422,0.016456017258282583,0.9117796397417731
25933,LOF,0.06635382768977785,0.010184704271885678,0.9234614680383364
25934,LOF,0.06482527358327389,0.008541772614234682,0.9266329538024914
25935,LOF,0.09234480259630114,0.024278644275852725,0.8833765531278461
25936,LOF,0.11650926158564037,0.009128665518090577,0.8743620728962691
25937,LOF,0.023888863646763837,0.013679478436270723,0.9624316579169655
25938,LOF,0.09571465904813836,0.02632109322051453,0.8779642477313472
25939,LOF,0.05422919712198762,0.011793200563951911,0.9339776023140605
25940,LOF,0.008280979944607181,0.4534123578717242,0.5383066621836687
25941,LOF,0.44551459791815734,0.04226681371143763,0.512218588370405
25942,LOF,0.011446947729644297,0.05279461680265098,0.9357584354677047
25943,LOF,0.04310385541405793,0.15464677687752432,0.8022493677084178
25944,LOF,0.03742671566484084,0.06867418662549109,0.893899097709668
25945,LOF,0.12487317642730757,0.027394455133493305,0.8477323684391992
25946,LOF,0.06812147284628128,0.035844190237311634,0.8960343369164071
25947,Neutral,0.5188247942729308,0.08518102775597224,0.39599417797109693
25948,LOF,0.39155061633602367,0.016905342649514734,0.5915440410144616
25949,LOF,0.17924405852328115,0.07886840364627823,0.7418875378304406
25950,GOF,0.09388090444831074,0.5668706080648005,0.33924848748688885
25951,LOF,0.015996114364882488,0.43992527500653117,0.5440786106285864
25952,LOF,0.27008441075131295,0.21823991766344128,0.5116756715852457
25953,LOF,0.00899253459282914,0.2735657288587841,0.7174417365483867
25954,LOF,0.08892690866654164,0.3987872063908102,0.5122858849426482
25955,LOF,0.007445376397228102,0.23183709336290703,0.7607175302398649
25956,LOF,0.016360952592937333,0.3468935241611298,0.6367455232459329
25957,LOF,0.17498275858981244,0.03259306037952462,0.7924241810306629
25958,LOF,0.029310590028971018,0.058886855065821704,0.9118025549052072
25959,GOF,0.0060753615146594536,0.7165360037664132,0.2773886347189274
25960,LOF,0.005232491317658453,0.1239946681353923,0.8707728405469493
25961,LOF,0.026882460113276715,0.04749837628898319,0.9256191635977402
25962,LOF,0.05176276434267273,0.07510878466869197,0.8731284509886352
25963,LOF,0.007389622481546946,0.14473211909121328,0.8478782584272397
25964,LOF,0.02620627462871503,0.1504301052390259,0.823363620132259
25965,LOF,0.2548582526383136,0.14498330566317383,0.6001584416985126
25966,LOF,0.3324433954866419,0.11363173859881076,0.5539248659145473
25967,LOF,0.007878715018421238,0.08182698202312083,0.910294302958458
25968,LOF,0.04592609792926254,0.24449220003952593,0.7095817020312116
25969,LOF,0.16208403785556091,0.05838410227521438,0.7795318598692247
25970,LOF,0.07360512728184848,0.07101530368153953,0.855379569036612
25971,LOF,0.07850598056289639,0.02940975532098752,0.8920842641161161
25972,LOF,0.07368170729290896,0.057880383174850836,0.8684379095322402
25973,LOF,0.06933786854397786,0.010546747007679285,0.9201153844483428
25974,LOF,0.042474779494817205,0.04242954107034593,0.9150956794348369
25975,LOF,0.03969459166868896,0.02092532897992775,0.9393800793513833
25976,LOF,0.08792370856860181,0.012851505369553083,0.8992247860618452
25977,LOF,0.24931410766546674,0.05465981243347301,0.6960260799010602
25978,LOF,0.16161313100581753,0.12981803101500888,0.7085688379791737
25979,LOF,0.13687055113093885,0.1465229048688706,0.7166065440001905
25980,LOF,0.2181793784450218,0.1996179796103426,0.5822026419446356
25981,LOF,0.21896721916554324,0.20255644014083696,0.5784763406936199
25982,LOF,0.40729441419748325,0.09195799894244448,0.5007475868600723
25983,LOF,0.40443756247447965,0.12166785790422976,0.47389457962129067
25984,LOF,0.05150460445634284,0.08432407256531693,0.8641713229783402
25985,Neutral,0.508742457572017,0.11796163574588125,0.3732959066821019
25986,LOF,0.01209287129357656,0.47191756191754375,0.5159895667888797
25987,LOF,0.0412972575311388,0.09631041839074762,0.8623923240781135
25988,LOF,0.04655082994458254,0.13653001296013542,0.8169191570952821
25989,LOF,0.05471953617390972,0.191686018830495,0.7535944449955952
25990,LOF,0.05035189269689104,0.3008954033394164,0.6487527039636926
25991,LOF,0.025912369181594997,0.45750032503939114,0.5165873057790138
25992,LOF,0.017336157993124355,0.42628736107516824,0.5563764809317074
25993,LOF,0.027816033888605103,0.057614844892303126,0.9145691212190917
25994,LOF,0.023475657068035657,0.0646889800622244,0.9118353628697399
25995,LOF,0.01998865583800349,0.11575668285331285,0.8642546613086836
25996,GOF,0.35612972230617296,0.38274881971525615,0.26112145797857084
25997,LOF,0.057397707323375145,0.4461641205761496,0.4964381721004752
25998,LOF,0.2530064556328134,0.03926399607648926,0.7077295482906973
25999,LOF,0.03639137547160593,0.13088720220042102,0.8327214223279731
26000,LOF,0.15283868885620763,0.014923268983099468,0.832238042160693
26001,LOF,0.2512100194362378,0.019703570376889277,0.7290864101868729
26002,LOF,0.1339986154219376,0.025345180444952698,0.8406562041331097
26003,GOF,0.006172148038156826,0.63218987434012,0.3616379776217234
26004,GOF,0.010872668366804745,0.6001193972250769,0.3890079344081183
26005,GOF,0.00420291238893906,0.4995125495193679,0.4962845380916931
26006,GOF,0.06840324250062463,0.5280478122407298,0.4035489452586456
26007,GOF,0.007851531593653092,0.5194360555085572,0.47271241289778976
26008,GOF,0.004867689895566612,0.5759018780249402,0.4192304320794932
26009,GOF,0.008898443602700354,0.6253242133442452,0.3657773430530544
26010,GOF,0.006757592321328566,0.5712096451294232,0.4220327625492481
26011,LOF,0.0035615079671122564,0.43171982146243476,0.564718670570453
26012,GOF,0.004125216089796333,0.5549489716097585,0.44092581230044503
26013,GOF,0.008499596379264366,0.5893377779742658,0.4021626256464697
26014,LOF,0.06840180110561625,0.0708276422424902,0.8607705566518936
26015,LOF,0.32431449397459555,0.029398496268539402,0.646287009756865
26016,LOF,0.2729273752442149,0.036216265690993295,0.6908563590647917
26017,LOF,0.013056402082196342,0.1619154659157824,0.8250281320020213
26018,LOF,0.02592946914879856,0.07327328328065381,0.9007972475705476
26019,LOF,0.025460861948814556,0.06481867423387778,0.9097204638173076
26020,LOF,0.008275068583375542,0.15772379523757768,0.8340011361790468
26021,LOF,0.08178314964123327,0.0671713489572053,0.8510455014015614
26022,LOF,0.039888656418459414,0.02972651831858506,0.9303848252629555
26023,LOF,0.019985848173390695,0.04635210063403934,0.93366205119257
26024,LOF,0.052520482032698705,0.05228717833952915,0.8951923396277722
26025,LOF,0.11437371265121293,0.05806318379773886,0.8275631035510482
26026,LOF,0.11430758601975084,0.042729177059113194,0.842963236921136
26027,LOF,0.025530768684278733,0.027676906189487174,0.946792325126234
26028,LOF,0.07920535851036924,0.17238228648336795,0.7484123550062627
26029,LOF,0.02339541799747042,0.15495499081914188,0.8216495911833877
26030,LOF,0.12215403707354883,0.02006371133907362,0.8577822515873774
26031,LOF,0.010558606203261343,0.13154169625125164,0.8578996975454871
26032,LOF,0.03650848435619214,0.041682416883886186,0.9218090987599216
26033,LOF,0.04069511242643826,0.04043540081028848,0.9188694867632733
26034,LOF,0.014438846549841225,0.10314567603648564,0.8824154774136731
26035,LOF,0.010713365687660379,0.09760146989532797,0.8916851644170116
26036,LOF,0.010598005940519552,0.08133008364954859,0.9080719104099318
26037,LOF,0.010207718107692103,0.0874113711085785,0.9023809107837294
26038,LOF,0.03134544386389432,0.03793779506048261,0.9307167610756231
26039,LOF,0.034430089907165826,0.1165749295125801,0.8489949805802541
26040,LOF,0.08401001666060103,0.11361821300827867,0.8023717703311203
26041,LOF,0.012937056168031896,0.08738192156927087,0.8996810222626972
26042,LOF,0.012395972353896088,0.09161136146875351,0.8959926661773503
26043,LOF,0.03079333494806632,0.059016233448758906,0.9101904316031747
26044,LOF,0.008795522481561222,0.03936878207815501,0.9518356954402837
26045,LOF,0.07593514655948647,0.12585402751949892,0.7982108259210147
26046,LOF,0.02773533221426774,0.042036986009997064,0.9302276817757352
26047,LOF,0.05240813484281199,0.043389882361242055,0.904201982795946
26048,LOF,0.08937967332580576,0.015699604507773433,0.8949207221664207
26049,Neutral,0.9334401321562421,0.005856562221500183,0.060703305622257786
26050,Neutral,0.9024483813483287,0.006268600960779651,0.09128301769089173
26051,LOF,0.02564063046019901,0.07384267287762089,0.9005166966621801
26052,LOF,0.02850831503439078,0.06583832370988257,0.9056533612557266
26053,LOF,0.02179240137670534,0.1506217114811929,0.8275858871421018
26054,LOF,0.05322908066912063,0.039074792657098595,0.9076961266737807
26055,LOF,0.0811384509725379,0.034921099860678595,0.8839404491667835
26056,LOF,0.06663756716759112,0.04575634461684976,0.8876060882155592
26057,LOF,0.05227252020978991,0.020971373189866117,0.9267561066003439
26058,LOF,0.05499647412521376,0.016429312901736038,0.9285742129730502
26059,LOF,0.2279942686677611,0.03415112622683946,0.7378546051053995
26060,LOF,0.0183849148264735,0.1615735647809549,0.8200415203925717
26061,LOF,0.011940998674077937,0.014024371579662171,0.9740346297462599
26062,LOF,0.006415474111595977,0.018997763825044593,0.9745867620633594
26063,LOF,0.03855675352075233,0.014768382350391707,0.9466748641288559
26064,LOF,0.013687639678443034,0.02281002476080705,0.9635023355607499
26065,LOF,0.0484425306925027,0.02052979744244602,0.9310276718650513
26066,LOF,0.036558934218763973,0.014785940198203316,0.9486551255830327
26067,LOF,0.04120629696629664,0.014412702178463467,0.9443810008552399
26068,LOF,0.05185707011579424,0.04442252373636093,0.9037204061478448
26069,LOF,0.24024733731983647,0.02750838729457361,0.73224427538559
26070,LOF,0.46795745004523515,0.01839766572586091,0.513644884228904
26071,LOF,0.04305285537208626,0.01686950574578812,0.9400776388821256
26072,LOF,0.0077132356755807985,0.02090142853043693,0.9713853357939822
26073,LOF,0.03459386582995917,0.01901115167678135,0.9463949824932596
26074,Neutral,0.8453542077906168,0.010993993495303939,0.14365179871407938
26075,LOF,0.052035742669551466,0.030665353576038782,0.9172989037544097
26076,LOF,0.04788656866823047,0.015448913407487715,0.9366645179242818
26077,LOF,0.13941491401093306,0.010009817548080816,0.8505752684409862
26078,LOF,0.006753844781087367,0.02146017437771827,0.9717859808411944
26079,LOF,0.06158270426386567,0.02432137822568146,0.9140959175104528
26080,LOF,0.06101101649450931,0.02430917007776387,0.9146798134277269
26081,LOF,0.03190784007620797,0.012197532683375898,0.9558946272404162
26082,LOF,0.006206558462985497,0.02302159147548706,0.9707718500615274
26083,LOF,0.10264489631554673,0.02961463146684482,0.8677404722176085
26084,LOF,0.10045543943012776,0.026690589175409705,0.8728539713944624
26085,LOF,0.08881896196332924,0.021556797962014814,0.8896242400746559
26086,LOF,0.03593068729278694,0.01801713960640794,0.946052173100805
26087,LOF,0.034912523687578946,0.01618654479223268,0.9489009315201884
26088,LOF,0.0073539004031808,0.03154454996951404,0.9611015496273051
26089,LOF,0.044805290579827954,0.03489133443510545,0.9203033749850666
26090,LOF,0.044690016689650745,0.02824234142432667,0.9270676418860225
26091,LOF,0.025240992050820223,0.011747519454096212,0.9630114884950837
26092,LOF,0.04643629927715196,0.012382599364842279,0.9411811013580058
26093,LOF,0.07853535423428883,0.00871406557142354,0.9127505801942877
26094,LOF,0.029290789908534374,0.010837759019791953,0.9598714510716736
26095,LOF,0.02127677672467841,0.02243973923408496,0.9562834840412365
26096,LOF,0.19477634220145212,0.006404650274743399,0.7988190075238044
26097,LOF,0.007022675105612495,0.05584046470883811,0.9371368601855494
26098,LOF,0.10955510713654387,0.023690009818968887,0.8667548830444872
26099,LOF,0.03587458143132664,0.028612914572546368,0.935512503996127
26100,LOF,0.03587389961545397,0.028612370768589905,0.9355137296159561
26101,LOF,0.05609271427782832,0.04820600584892426,0.8957012798732473
26102,LOF,0.030229794796526568,0.023697597396308424,0.9460726078071651
26103,Neutral,0.8883946476861478,0.03239198318951253,0.0792133691243398
26104,LOF,0.059262921631182595,0.04495297920590498,0.8957840991629124
26105,LOF,0.2790501637790948,0.10747238497196965,0.6134774512489356
26106,LOF,0.30546164934622444,0.058145360810620474,0.6363929898431551
26107,LOF,0.02103659537439778,0.07335690366757223,0.90560650095803
26108,LOF,0.27327296698524856,0.039314993303302924,0.6874120397114485
26109,LOF,0.07493862793018763,0.03809713254089231,0.8869642395289201
26110,LOF,0.380581184713675,0.013563867249866909,0.6058549480364581
26111,LOF,0.05848229845314251,0.12156320648848844,0.819954495058369
26112,LOF,0.04758677050439306,0.013344271928800056,0.9390689575668069
26113,LOF,0.10347361819801704,0.04047493479215412,0.8560514470098288
26114,LOF,0.09812906121903356,0.0061740574265162365,0.8956968813544502
26115,LOF,0.01805067145047948,0.0402481349431474,0.941701193606373
26116,LOF,0.08260720438827279,0.019788687224108842,0.8976041083876183
26117,LOF,0.34308506788783105,0.05436402847561754,0.6025509036365514
26118,LOF,0.05303758157770763,0.023650581429704137,0.9233118369925883
26119,LOF,0.005673465256658745,0.11206130065625723,0.8822652340870841
26120,LOF,0.035654851076075994,0.023734342199220413,0.9406108067247035
26121,LOF,0.003627947255673283,0.16747121118021285,0.8289008415641138
