feature0,prediction,LoGoFunc_Neutral,LoGoFunc_GOF,LoGoFunc_LOF
25546,Neutral,0.7405007997986075,0.03240273349752925,0.22709646670386316
25547,Neutral,0.5807979062769597,0.0683762081573278,0.3508258855657124
25548,Neutral,0.5963744229144573,0.04917117884289282,0.3544543982426499
25549,Neutral,0.5175252711729207,0.04762551207195839,0.43484921675512095
25550,LOF,0.353696214104882,0.09829208360131211,0.5480117022938059
25551,LOF,0.28037566646316,0.11032523796713233,0.6092990955697077
25552,LOF,0.2104197309561957,0.1062620646701464,0.6833182043736579
25553,Neutral,0.8467925149965475,0.023167440656173523,0.130040044347279
25554,LOF,0.24505241165161346,0.10054104271997508,0.6544065456284114
25555,LOF,0.20715991487727697,0.08749244203392292,0.7053476430888
25556,Neutral,0.4663981501299632,0.08376968943842794,0.44983216043160884
25557,LOF,0.20357816754334138,0.09380688474354981,0.7026149477131088
25558,LOF,0.2359784058222181,0.10011117262246105,0.6639104215553208
25559,LOF,0.3774137053716443,0.13102316001881925,0.4915631346095365
25560,LOF,0.04787908239160493,0.12230271751155578,0.8298182000968393
25561,LOF,0.10497707420057435,0.11784432785370881,0.7771785979457169
25562,LOF,0.08106462199753794,0.062224071497455645,0.8567113065050065
25563,LOF,0.09698571594227319,0.061045651562605864,0.841968632495121
25564,LOF,0.25101078117875764,0.1029242238726037,0.6460649949486387
25565,LOF,0.14282748051320776,0.1344835911695302,0.7226889283172622
25566,GOF,0.012997510351913781,0.7904803182479915,0.19652217140009476
25567,LOF,0.020434606778426033,0.17658709543662263,0.8029782977849513
25568,LOF,0.0542043785446642,0.06752015714467115,0.8782754643106646
25569,LOF,0.059432799998637355,0.06950998144115494,0.8710572185602077
25570,LOF,0.06007295976114899,0.10439829082767016,0.8355287494111809
25571,LOF,0.05281551875096478,0.09970412927091381,0.8474803519781214
25572,LOF,0.0716877592155233,0.12051094039137702,0.8078013003930997
25573,LOF,0.03746728576480362,0.10588339917617819,0.8566493150590182
25574,LOF,0.022831571696958906,0.15114353393618343,0.8260248943668578
25575,LOF,0.046122885428508016,0.1140047614316021,0.8398723531398898
25576,LOF,0.021936803457346898,0.133870334884966,0.8441928616576871
25577,LOF,0.018455682178776283,0.1218255301113985,0.8597187877098252
25578,LOF,0.3022008237429207,0.08844854267339394,0.6093506335836854
25579,LOF,0.12741361276388163,0.10822113666210245,0.7643652505740159
25580,LOF,0.032356679888070394,0.08603039336214129,0.8816129267497883
25581,LOF,0.050426305263961746,0.07000628807012019,0.879567406665918
25582,LOF,0.05008451711848639,0.06866178915298614,0.8812536937285275
25583,LOF,0.03695212137414877,0.09965281872887782,0.8633950598969733
25584,Neutral,0.4963896581408239,0.10621832052992132,0.39739202132925466
25585,LOF,0.022962787835156543,0.12987619457676716,0.8471610175880764
25586,LOF,0.029236839951635982,0.07453848433661113,0.8962246757117529
25587,LOF,0.03058899047537614,0.06875846771905889,0.9006525418055649
25588,LOF,0.0304012929930906,0.08544702378129104,0.8841516832256183
25589,Neutral,0.6533921050629354,0.11962497446411222,0.22698292047295243
25590,LOF,0.03789223717878162,0.13016461895244147,0.8319431438687769
25591,LOF,0.09213474918425016,0.06196687675846408,0.8458983740572859
25592,LOF,0.10098327865972043,0.12996831777383047,0.7690484035664491
25593,LOF,0.03695028998373865,0.26551316665374664,0.6975365433625147
25594,LOF,0.046626511774968085,0.17352089527447506,0.7798525929505569
25595,LOF,0.06019752685978591,0.11846088896313961,0.8213415841770745
25596,LOF,0.052898577996324296,0.08961859490101416,0.8574828271026615
25597,LOF,0.03827187069217104,0.09040168646078307,0.8713264428470459
25598,LOF,0.053099735225628907,0.12197774936646621,0.8249225154079048
25599,GOF,0.007311071843212014,0.6089954298640505,0.3836934982927376
25600,GOF,0.01288528859269134,0.5751186615351518,0.4119960498721569
25601,LOF,0.009506255577535122,0.44074130300720965,0.5497524414152553
25602,LOF,0.017461322162680204,0.05427938118130302,0.9282592966560167
25603,LOF,0.0543788002252314,0.02357499262204335,0.9220462071527252
25604,LOF,0.028871733894094444,0.06002604767342872,0.9111022184324769
25605,LOF,0.00899873187134198,0.24137214976411636,0.7496291183645416
25606,LOF,0.08094694681884294,0.40225328801016835,0.5167997651709888
25607,LOF,0.005847103939965239,0.18970505795467896,0.8044478381053557
25608,LOF,0.016687760480523648,0.08434137638324214,0.8989708631362342
25609,LOF,0.05083728206028739,0.41950257965630733,0.5296601382834053
25610,LOF,0.029833261194933437,0.028147208124680374,0.9420195306803861
25611,LOF,0.03732900301831678,0.026890955404275926,0.9357800415774072
25612,LOF,0.0978755309650051,0.04250022658000527,0.8596242424549897
25613,LOF,0.08467666955708344,0.04481347068493419,0.8705098597579825
25614,LOF,0.026378564899444814,0.03564159825343354,0.9379798368471216
25615,LOF,0.03236391698090407,0.046863238288570946,0.920772844730525
25616,LOF,0.0251876892452147,0.037048047444431895,0.9377642633103533
25617,LOF,0.024674536227017388,0.04068780970085202,0.9346376540721305
25618,LOF,0.1446796478891022,0.03267821501267595,0.8226421370982219
25619,LOF,0.027175502035816652,0.03538796559883114,0.9374365323653522
25620,LOF,0.03202609351337786,0.042068798474967875,0.9259051080116543
25621,LOF,0.02569853070178485,0.03655109708433661,0.9377503722138786
25622,LOF,0.03472547572431157,0.04001663902297375,0.9252578852527147
25623,LOF,0.04920664478553576,0.030645076483740322,0.9201482787307239
25624,LOF,0.023685887694041043,0.043049395505220286,0.9332647168007385
25625,LOF,0.033292146786443544,0.04650035714729664,0.9202074960662598
25626,LOF,0.07746630207311798,0.03870597376922309,0.8838277241576588
25627,Neutral,0.542348194948553,0.12217105134460192,0.3354807537068451
25628,LOF,0.2175368421808642,0.05272469633873721,0.7297384614803986
25629,LOF,0.060353022957832896,0.062389768664266744,0.8772572083779003
25630,LOF,0.18705071755749,0.08443316635284563,0.7285161160896643
25631,Neutral,0.6046072596547917,0.05783625928934304,0.3375564810558653
25632,LOF,0.012817668461094268,0.11670857581710836,0.8704737557217974
25633,LOF,0.08811072586304494,0.09058893649349951,0.8213003376434556
25634,LOF,0.032540957145414016,0.11075145861248915,0.8567075842420968
25635,LOF,0.034696010064024514,0.08468795057532194,0.8806160393606535
25636,GOF,0.0038951570483487827,0.6330096495893518,0.36309519336229934
25637,GOF,0.003553060413160497,0.6667698617299049,0.32967707785693456
25638,LOF,0.006127501855206195,0.40523814830292937,0.5886343498418645
25639,GOF,0.003538343638354905,0.5076270696335047,0.4888345867281404
25640,GOF,0.4393271083659646,0.49310516039672897,0.06756773123730654
25641,LOF,0.007853716364764842,0.36344560185461905,0.628700681780616
25642,LOF,0.25351235045963055,0.0727840251814018,0.6737036243589676
25643,LOF,0.27034592984391187,0.1830027406347636,0.5466513295213246
25644,GOF,0.015834573348220304,0.5843060464123279,0.39985938023945183
25645,GOF,0.012614801085991533,0.5301118878576507,0.45727331105635777
25646,LOF,0.01794530930851669,0.3620489761269364,0.620005714564547
25647,LOF,0.013160397898175266,0.3114224043489736,0.675417197752851
25648,LOF,0.012283612786231838,0.30851710015905764,0.6791992870547107
25649,LOF,0.010907431717159691,0.22956562803292602,0.7595269402499143
25650,GOF,0.024254918373536587,0.5013454213904615,0.47439966023600194
25651,LOF,0.007918722147644917,0.31119363828102115,0.6808876395713339
25652,LOF,0.013293856606202114,0.2862695106070215,0.7004366327867764
25653,LOF,0.0514905042647982,0.3895253556545986,0.5589841400806032
25654,LOF,0.015095289345514577,0.17256369476322692,0.8123410158912585
25655,LOF,0.08369449025562077,0.42967444121413256,0.4866310685302467
25656,LOF,0.10166340885660248,0.08195824612605059,0.8163783450173471
25657,LOF,0.330559365899446,0.03292974575204285,0.636510888348511
25658,LOF,0.043133951539785824,0.10206242451614572,0.8548036239440685
25659,LOF,0.3613178837516109,0.07509367055923896,0.5635884456891501
25660,LOF,0.0649124295900394,0.09649779109989347,0.8385897793100672
25661,LOF,0.046393471981493795,0.07290289974807158,0.8807036282704347
25662,LOF,0.02734892403226302,0.04760525567623915,0.9250458202914977
25663,LOF,0.03728333579882034,0.06893675689599517,0.8937799073051845
25664,LOF,0.042934184970535534,0.08419516095206366,0.8728706540774008
25665,LOF,0.0566654207791642,0.0450647884548098,0.8982697907660261
25666,LOF,0.03902378529412231,0.1107376219799622,0.8502385927259155
25667,LOF,0.03161351935068821,0.05302729209913832,0.9153591885501735
25668,LOF,0.03168651640300475,0.056761425881056815,0.9115520577159384
25669,LOF,0.0406503666904239,0.08403216476992575,0.8753174685396503
25670,LOF,0.07376086360762932,0.08259368473830493,0.8436454516540658
25671,LOF,0.0380378902909091,0.0451511519353434,0.9168109577737474
25672,LOF,0.06317578285749467,0.06378565230434494,0.8730385648381604
25673,LOF,0.047274725011566994,0.06669357564693673,0.8860316993414963
25674,LOF,0.04353032477219271,0.06907368027378548,0.8873959949540219
25675,LOF,0.05364464483196091,0.059915652998150395,0.8864397021698887
25676,LOF,0.03309099145297107,0.056024935642113825,0.9108840729049152
25677,LOF,0.060023776240079436,0.06805047670330332,0.8719257470566173
25678,LOF,0.28841193635251716,0.038680262595226333,0.6729078010522564
25679,LOF,0.17602567820592635,0.0753368734137658,0.7486374483803078
25680,LOF,0.060752759118929814,0.10247884437559852,0.8367683965054717
25681,LOF,0.11625508997591018,0.09110839221489103,0.7926365178091989
25682,LOF,0.04423618039109452,0.08491575749068961,0.8708480621182159
25683,LOF,0.10257489635204531,0.09679197760596102,0.8006331260419938
25684,LOF,0.05716310160864615,0.08052402549523155,0.8623128728961224
25685,LOF,0.10551635068837228,0.045322867852496715,0.8491607814591311
25686,LOF,0.035164043522665396,0.0996314761858522,0.8652044802914823
25687,LOF,0.042496502080763665,0.08544899022516099,0.8720545076940753
25688,LOF,0.0301262639022038,0.09075867331773789,0.8791150627800584
25689,LOF,0.020223483584649458,0.08170836753044217,0.8980681488849084
25690,LOF,0.02287424728375642,0.08802409807001293,0.8891016546462306
25691,LOF,0.2388910550720996,0.11622572498163343,0.644883219946267
25692,LOF,0.29794625102475064,0.009206304761379526,0.6928474442138698
25693,LOF,0.09832423718705698,0.13924081244080672,0.7624349503721364
25694,LOF,0.25120388055779574,0.01691783494766337,0.7318782844945408
25695,LOF,0.16379715940004322,0.021186045987842198,0.8150167946121146
25696,LOF,0.16478033725072788,0.009845772338205067,0.825373890411067
25697,LOF,0.13403946319305085,0.02820984957848244,0.8377506872284667
25698,LOF,0.03680293574568888,0.380006979114552,0.5831900851397591
25699,LOF,0.06310914161658142,0.0871451550557735,0.8497457033276451
25700,LOF,0.03178691265607532,0.0102259405055362,0.9579871468383886
25701,LOF,0.01450769764221953,0.07339540491260566,0.9120968974451747
25702,GOF,0.036122296635832614,0.7352732861326475,0.22860441723151986
25703,LOF,0.01343567514261706,0.21463082439874048,0.7719335004586424
25704,LOF,0.09987986567600216,0.1478656914191384,0.7522544429048595
25705,LOF,0.059846732177756205,0.2527185773370448,0.687434690485199
25706,GOF,0.05139874460169692,0.6021442270604571,0.346457028337846
25707,GOF,0.02938447211085269,0.514274196764954,0.4563413311241934
25708,LOF,0.009372661093459952,0.45149599581888544,0.5391313430876545
25709,LOF,0.01872766137391338,0.06816798431518711,0.9131043543108995
25710,LOF,0.00902253615650645,0.18520873998066958,0.8057687238628239
25711,LOF,0.020613613193878954,0.1360613552306868,0.8433250315754341
25712,LOF,0.009697532497058948,0.26450477922868326,0.7257976882742578
25713,LOF,0.01814644462679877,0.1123639927719057,0.8694895626012954
25714,LOF,0.020932760312092166,0.15332690397926582,0.825740335708642
25715,LOF,0.018185773707845587,0.12784170699714778,0.8539725192950067
25716,LOF,0.011040930706510566,0.1331277195234616,0.8558313497700278
25717,LOF,0.006200292612597928,0.14447840283302985,0.8493213045543722
25718,LOF,0.01758945651703561,0.07959613591641918,0.9028144075665452
25719,LOF,0.032046030922249634,0.08693266075315705,0.8810213083245932
25720,LOF,0.02157931646124862,0.08830399635914576,0.8901166871796057
25721,LOF,0.022224063849944072,0.0974054787434295,0.8803704574066264
25722,LOF,0.017369286292372294,0.12769495737527745,0.8549357563323502
25723,LOF,0.021006782643999064,0.0743325534688648,0.9046606638871362
25724,LOF,0.03561753922105628,0.10720127765866931,0.8571811831202745
25725,LOF,0.021504046374751166,0.06879926396207763,0.9096966896631712
25726,LOF,0.01589265793733854,0.10264054987270199,0.8814667921899595
25727,LOF,0.019682941365688336,0.0891889453963656,0.891128113237946
25728,LOF,0.017987634396728857,0.10191737805734913,0.8800949875459221
25729,LOF,0.018903226048268343,0.10389310918275416,0.8772036647689774
25730,LOF,0.019904212652011356,0.0820767077003057,0.8980190796476828
25731,LOF,0.012804221290315144,0.17897483864380423,0.8082209400658806
25732,LOF,0.018014157683790628,0.0910249379775244,0.890960904338685
25733,LOF,0.029363058615799395,0.08844969472135705,0.8821872466628436
25734,LOF,0.007628256420905665,0.21931051406747368,0.7730612295116207
25735,LOF,0.023188819219550454,0.07769739810066116,0.8991137826797885
25736,LOF,0.021364674035003306,0.11650098749375924,0.8621343384712374
25737,LOF,0.040728185020670125,0.10317284418130708,0.8560989707980228
25738,LOF,0.020014109362443258,0.1464951312494208,0.833490759388136
25739,LOF,0.02237729265793691,0.14749199611216643,0.8301307112298966
25740,LOF,0.05195178927831488,0.14221129728132145,0.8058369134403637
25741,LOF,0.026299364231718074,0.11591580479760785,0.857784830970674
25742,LOF,0.036487181298318336,0.13554089257443522,0.8279719261272465
25743,LOF,0.012041835027563666,0.041084857907336,0.9468733070651002
25744,LOF,0.1306309079696063,0.3846835647695478,0.48468552726084596
25745,LOF,0.020725786440126216,0.07077232461661546,0.9085018889432583
25746,LOF,0.011701513974638374,0.08748379637151658,0.900814689653845
25747,LOF,0.032594614535868684,0.035055774307672524,0.9323496111564588
25748,LOF,0.17918899860587698,0.06216344701282581,0.7586475543812973
25749,LOF,0.013862138608541965,0.05462955509800738,0.9315083062934506
25750,LOF,0.015545822012843116,0.0903430581888693,0.8941111197982876
25751,LOF,0.037749262671105385,0.06849235168504368,0.893758385643851
25752,GOF,0.10117899178891496,0.6667646344617228,0.23205637374936214
25753,LOF,0.006644036088371452,0.3980184424869462,0.5953375214246823
25754,GOF,0.005404617054618585,0.8790953454999418,0.1155000374454396
25755,LOF,0.010830301877838453,0.4537898215972448,0.5353798765249167
25756,GOF,0.04818750076270034,0.4769943152535651,0.47481818398373454
25757,GOF,0.007066211520647691,0.887277882723133,0.10565590575621929
25758,GOF,0.008546871664020765,0.8799073792384703,0.11154574909750901
25759,GOF,0.005214377459427887,0.609320473189529,0.3854651493510431
25760,LOF,0.006918194800828127,0.3263875032584183,0.6666943019407535
25761,GOF,0.04788344556618259,0.8579506450142361,0.09416590941958122
25762,LOF,0.02676017882473451,0.3999334967020819,0.5733063244731836
25763,LOF,0.009044129982240155,0.27364865404695704,0.7173072159708027
25764,GOF,0.10309621912688945,0.6059857351345999,0.2909180457385106
25765,GOF,0.007853079178710979,0.8489015369988683,0.1432453838224207
25766,GOF,0.030738461081636737,0.828064342885248,0.14119719603311537
25767,GOF,0.013236710103753754,0.5287454772724608,0.45801781262378544
25768,LOF,0.03656715306632154,0.08085186396102469,0.8825809829726537
25769,LOF,0.021971113375630343,0.08062329796284783,0.8974055886615219
25770,LOF,0.14610973355041665,0.06872284858404604,0.7851674178655375
25771,LOF,0.016088726735239766,0.07891735309437738,0.9049939201703828
25772,LOF,0.023215224271362404,0.03178526108863939,0.9449995146399982
25773,LOF,0.01382489637098899,0.08378701579788769,0.9023880878311232
25774,LOF,0.026526146698302774,0.09380463314750165,0.8796692201541956
25775,LOF,0.02176305925225483,0.04365082638547804,0.9345861143622672
25776,LOF,0.0250936850809493,0.028731095896830202,0.9461752190222205
25777,LOF,0.18916206736114488,0.0699291995346548,0.7409087331042002
25778,LOF,0.019721771465926324,0.05970529259239017,0.9205729359416834
25779,GOF,0.03854007956849535,0.8993536411217405,0.06210627930976412
25780,GOF,0.06169243687294174,0.8836595131045126,0.05464805002254553
25781,GOF,0.02626991936817063,0.877432466557247,0.09629761407458233
25782,GOF,0.034480599455200774,0.9056727786433988,0.059846621901400415
25783,GOF,0.019751272180336225,0.7848670668790972,0.19538166094056664
25784,GOF,0.09890553585638419,0.8620191824707228,0.03907528167289292
25785,GOF,0.06729071335469042,0.8947217989717706,0.03798748767353894
25786,GOF,0.00553378880683861,0.8486697894104417,0.14579642178271968
25787,GOF,0.17019197414031698,0.7973180207536772,0.03249000510600564
25788,LOF,0.014664211322562511,0.21290156837763544,0.772434220299802
25789,GOF,0.020699347842494283,0.8598405776842042,0.1194600744733015
25790,GOF,0.022722154916150494,0.8916280073815758,0.08564983770227373
25791,GOF,0.015687036938719298,0.8268765414192588,0.15743642164202187
25792,GOF,0.024311959216166384,0.8363557435275384,0.13933229725629523
25793,GOF,0.07263770288290171,0.8400660049438333,0.08729629217326494
25794,GOF,0.05396896536314121,0.7848098181841107,0.16122121645274812
25795,GOF,0.04042782964986105,0.7876645249890633,0.17190764536107564
25796,GOF,0.07163030600709851,0.8311088062803417,0.09726088771255972
25797,GOF,0.03728762102410281,0.716414276175952,0.24629810279994518
25798,GOF,0.0029514702242302514,0.647275115580723,0.34977341419504665
25799,GOF,0.0029191750959870087,0.5551875427695413,0.44189328213447177
25800,GOF,0.011949438469467338,0.720907441709941,0.2671431198205916
25801,GOF,0.01568105819397816,0.8817681176024289,0.10255082420359285
25802,GOF,0.023458233776156433,0.8206159770515478,0.1559257891722958
25803,GOF,0.012029038746981706,0.7307623024459851,0.2572086588070333
25804,GOF,0.013664039104905764,0.6501644266520368,0.3361715342430575
25805,GOF,0.025627017192953138,0.725863482343378,0.2485095004636688
25806,GOF,0.019553122995433717,0.7813542997794526,0.19909257722511361
25807,GOF,0.005540755110611003,0.7449789194519207,0.2494803254374683
25808,GOF,0.015746196892036875,0.7704999551120443,0.21375384799591884
25809,GOF,0.006582957392608711,0.7252148960660143,0.2682021465413771
25810,GOF,0.005622936991083105,0.7349207639866799,0.2594562990222369
25811,GOF,0.04359383140020554,0.875020712227347,0.08138545637244743
25812,GOF,0.015659712118711602,0.7177624884587274,0.26657779942256093
25813,GOF,0.09192755171345335,0.8134695907641857,0.09460285752236107
25814,GOF,0.02328198951843667,0.8007027534170987,0.17601525706446464
25815,GOF,0.033197302785493224,0.8369518035202158,0.12985089369429098
25816,GOF,0.007358403729380264,0.8619208845205888,0.1307207117500308
25817,GOF,0.09135847118407599,0.7708667882156743,0.13777474060024952
25818,GOF,0.02677195189956171,0.8127564854199024,0.16047156268053592
25819,GOF,0.05942072258407215,0.7734712946054133,0.16710798281051453
25820,GOF,0.03219614991288794,0.772408334573239,0.1953955155138731
25821,GOF,0.01926328397131794,0.7634648912925049,0.21727182473617718
25822,GOF,0.03807787456066763,0.7755453046208622,0.18637682081847015
25823,GOF,0.015222036736127254,0.6548580641535888,0.3299198991102839
25824,GOF,0.025416606204290072,0.7648186958357164,0.20976469795999353
25825,GOF,0.016178262643742995,0.7444580539889911,0.23936368336726582
25826,GOF,0.005641039683022256,0.716822512428906,0.27753644788807164
25827,GOF,0.008175477388146685,0.7142694107820002,0.2775551118298531
25828,GOF,0.005940848982597663,0.6762775891902809,0.3177815618271215
25829,GOF,0.0029408461915553766,0.711945010134333,0.2851141436741115
25830,GOF,0.036005107413412916,0.5315640587921721,0.43243083379441505
25831,GOF,0.04661056633206689,0.8435036609471033,0.10988577272082979
25832,GOF,0.008953419241476478,0.7943609323268901,0.1966856484316334
25833,GOF,0.03479363793868692,0.8399742182983364,0.12523214376297673
25834,GOF,0.008722841853741347,0.8058486174733319,0.18542854067292677
25835,GOF,0.017912841827784583,0.8501445276797575,0.13194263049245797
25836,GOF,0.006344051073523972,0.8151968252550655,0.17845912367141048
25837,GOF,0.0073988516592763355,0.7242683801236471,0.2683327682170764
25838,GOF,0.022232155621612314,0.8629783120490175,0.11478953232937014
25839,GOF,0.039406533186493134,0.8585971760978803,0.1019962907156266
25840,GOF,0.06257359028119286,0.8451411995608303,0.09228521015797682
25841,GOF,0.05358515725775109,0.8574905206388003,0.08892432210344862
25842,GOF,0.024970156819249932,0.8987113800057068,0.07631846317504334
25843,GOF,0.02532399423576133,0.9030349844777337,0.07164102128650507
25844,GOF,0.017400512768828175,0.8574245609206659,0.1251749263105061
25845,GOF,0.005574957195826904,0.6825802289582916,0.31184481384588136
25846,GOF,0.04190669872845858,0.8715718746318638,0.08652142663967749
25847,GOF,0.01972261498195181,0.9146327122141751,0.06564467280387322
25848,GOF,0.01729179922009224,0.8684320870331693,0.11427611374673845
25849,GOF,0.005050529074200441,0.7683241312760355,0.226625339649764
25850,GOF,0.00648629003070992,0.7703424520033778,0.2231712579659123
25851,GOF,0.005588245643045616,0.6575550008802427,0.33685675347671157
25852,GOF,0.1310601588144429,0.6105741006444185,0.25836574054113864
25853,GOF,0.07210667015492069,0.846209023063133,0.0816843067819463
25854,GOF,0.005274394301098217,0.6937406162942442,0.30098498940465757
25855,GOF,0.014722358916872536,0.6453490771578813,0.3399285639252461
25856,GOF,0.036635157268635594,0.7878506696323794,0.17551417309898512
25857,GOF,0.01189317696921875,0.6452327000110375,0.3428741230197438
25858,GOF,0.007701976514599727,0.6438229936774986,0.3484750298079016
25859,GOF,0.005267954300239357,0.6263374311523199,0.3683946145474407
25860,GOF,0.08198940682138406,0.8241488499027851,0.09386174327583073
25861,GOF,0.07655486550837771,0.8347343396482144,0.08871079484340785
25862,GOF,0.021863070954782987,0.860615773336522,0.1175211557086951
25863,GOF,0.02067387745223876,0.8679383853021455,0.11138773724561586
25864,GOF,0.046048457973973514,0.8802517410652809,0.07369980096074563
25865,GOF,0.035866610261572146,0.8395396734772025,0.12459371626122547
25866,GOF,0.025281198151888035,0.8586365016170022,0.1160823002311097
25867,GOF,0.03250552871354319,0.8720974729974971,0.09539699828895974
25868,GOF,0.05486855255193657,0.8413796090669438,0.10375183838111972
25869,GOF,0.335530235709298,0.6050944316189244,0.059375332671777734
25870,GOF,0.0640354982771891,0.7190203322409057,0.21694416948190517
25871,GOF,0.010089004366694675,0.8903555915776608,0.09955540405564459
25872,GOF,0.020571046551014233,0.8693297436392091,0.11009920980977667
25873,GOF,0.020449359016721708,0.8888321798556109,0.09071846112766746
25874,LOF,0.016381599335572195,0.23514356126776745,0.7484748393966603
25875,LOF,0.048333518120567055,0.047501324342259565,0.9041651575371734
25876,LOF,0.017788294708617345,0.0426630080464405,0.939548697244942
25877,LOF,0.12515919342130055,0.08462839912560842,0.790212407453091
25878,LOF,0.06831488613685169,0.12572400210270632,0.805961111760442
25879,LOF,0.027633483741651036,0.09019708511097281,0.8821694311473761
25880,LOF,0.05601874071193298,0.013240040951543552,0.9307412183365235
25881,Neutral,0.5275689115943221,0.05942843657261667,0.41300265183306123
25882,LOF,0.05615265812970648,0.028546818105346105,0.9153005237649474
25883,LOF,0.028137612125146417,0.02377761308110653,0.948084774793747
25884,LOF,0.028003602254542775,0.042397120274288165,0.9295992774711691
25885,LOF,0.20925694349088342,0.010892565328263411,0.7798504911808531
25886,LOF,0.1374394101141559,0.05829457499820022,0.8042660148876438
25887,LOF,0.1847289623091263,0.060715367614482485,0.7545556700763911
25888,LOF,0.012041113935826304,0.1338676388081198,0.8540912472560539
25889,LOF,0.030888912695167574,0.03233247498068675,0.9367786123241456
25890,LOF,0.12707801394912482,0.11447496798040875,0.7584470180704664
25891,LOF,0.09880579087325272,0.023797407966244702,0.8773968011605024
25892,LOF,0.009241756699015807,0.0304721380550096,0.9602861052459746
25893,LOF,0.40394538278054054,0.008417384890744553,0.5876372323287149
25894,LOF,0.43919766771367624,0.005213860159779879,0.5555884721265438
25895,LOF,0.33588862498677813,0.011542591415423017,0.6525687835977988
25896,LOF,0.06727342073188114,0.015212598913636884,0.9175139803544818
25897,LOF,0.19237443043198846,0.008316679533089632,0.7993088900349219
25898,LOF,0.167735277466782,0.02769929197785118,0.8045654305553669
25899,LOF,0.3504779860371583,0.017803183078041858,0.6317188308847997
25900,LOF,0.4609657615037682,0.008114511562371576,0.5309197269338602
25901,LOF,0.06476584611125227,0.007371324454882963,0.9278628294338648
25902,LOF,0.17737825709529897,0.00848820120722051,0.8141335416974804
25903,LOF,0.4208541905732244,0.0219157960909196,0.5572300133358561
25904,LOF,0.48588213152965243,0.022866925205953303,0.4912509432643944
25905,LOF,0.004086345107741472,0.49263196918892493,0.5032816857033335
25906,LOF,0.008746958399557655,0.12416360309192631,0.867089438508516
25907,LOF,0.004542978194218386,0.36656324160119913,0.6288937802045825
25908,LOF,0.004524172564067851,0.269016959805511,0.7264588676304212
25909,LOF,0.025524246772681995,0.15995496253227878,0.8145207906950392
25910,LOF,0.010806206645404577,0.15104617008312793,0.8381476232714675
25911,LOF,0.31619093307828133,0.038067784930018854,0.6457412819916998
25912,LOF,0.0707390684113183,0.05114884640156818,0.8781120851871136
25913,LOF,0.04766829033260498,0.06885853749941079,0.8834731721679842
25914,LOF,0.03828062738025497,0.041711848407446066,0.9200075242122989
25915,LOF,0.1759954967551544,0.1919648078341872,0.6320396954106584
25916,LOF,0.03258160271103485,0.12906985725491354,0.8383485400340516
25917,LOF,0.07187452591687771,0.039240543842304486,0.8888849302408177
25918,LOF,0.04435706013842586,0.027611804812554333,0.9280311350490198
25919,LOF,0.03900819502913522,0.02682975027517483,0.93416205469569
25920,LOF,0.14728924921466893,0.22655343279753845,0.6261573179877926
25921,LOF,0.01685561418813987,0.03595434381555798,0.9471900419963022
25922,LOF,0.018450198814149218,0.03377068777254723,0.9477791134133036
25923,LOF,0.47221516329745417,0.030110458360188056,0.4976743783423578
25924,LOF,0.027705466950193724,0.05671718684669067,0.9155773462031157
25925,LOF,0.08981514276756164,0.044416322201440185,0.8657685350309983
25926,LOF,0.06207652937302214,0.042867406650236944,0.895056063976741
25927,LOF,0.0253159545127368,0.07316719825270851,0.9015168472345546
25928,LOF,0.010911592572048654,0.05704911654811442,0.932039290879837
25929,Neutral,0.5570317035098935,0.02912795894245793,0.4138403375476486
25930,LOF,0.0833101385167878,0.02966634820573142,0.8870235132774809
25931,LOF,0.01563299385599773,0.03498973919496675,0.9493772669490356
25932,LOF,0.06761226578253678,0.028519300497256633,0.9038684337202065
25933,LOF,0.06287671225699352,0.01944978199786072,0.9176735057451457
25934,LOF,0.05893854211237518,0.01778419394507093,0.9232772639425539
25935,LOF,0.07369310631491766,0.05660485144574745,0.869702042239335
25936,LOF,0.09441928275944785,0.01971725558699328,0.8858634616535589
25937,LOF,0.014429225701813611,0.036378476027460575,0.9491922982707258
25938,LOF,0.07098362663619288,0.0510021586116339,0.8780142147521731
25939,LOF,0.043681597797136,0.023588394917550777,0.9327300072853132
25940,LOF,0.009444885251989367,0.359760228606865,0.6307948861411456
25941,Neutral,0.5045289692484275,0.04158430585329259,0.4538867248982799
25942,LOF,0.009187046652882655,0.05170615122937435,0.939106802117743
25943,LOF,0.04569589170868454,0.17545417263346888,0.7788499356578467
25944,LOF,0.06490752000433066,0.07925161757783737,0.855840862417832
25945,LOF,0.12417343685033701,0.020915187996492942,0.85491137515317
25946,LOF,0.07183020681085973,0.049819187523134696,0.8783506056660055
25947,Neutral,0.4542178004295409,0.11521700808510879,0.4305651914853503
25948,LOF,0.44133450979261163,0.015603585949230676,0.5430619042581577
25949,LOF,0.13901300456594726,0.07406060895267531,0.7869263864813774
25950,GOF,0.0777417647739346,0.6280578711374493,0.2942003640886161
25951,LOF,0.014536361300813322,0.4550392175894514,0.5304244211097353
25952,LOF,0.30099941518697126,0.2944730480312517,0.4045275367817771
25953,LOF,0.007924235123223888,0.1926692947912186,0.7994064700855574
25954,GOF,0.10677557261127928,0.5152541382407044,0.3779702891480162
25955,LOF,0.006871985364324103,0.18051276169410285,0.812615252941573
25956,LOF,0.018064329128786236,0.25895611588110395,0.7229795549901099
25957,LOF,0.2066774115567619,0.033870789126298685,0.7594517993169394
25958,LOF,0.03522431867088023,0.0432460136866076,0.9215296676425122
25959,GOF,0.014977701198841151,0.5815140568717059,0.40350824192945295
25960,LOF,0.007193651001703369,0.06449715117136147,0.9283091978269351
25961,LOF,0.033572323582297864,0.04013122159307049,0.9262964548246315
25962,LOF,0.04233400552407334,0.059769480325884895,0.8978965141500417
25963,LOF,0.005456848949068021,0.18093072734216956,0.8136124237087624
25964,LOF,0.027282678686531444,0.12108135165374581,0.8516359696597228
25965,LOF,0.25919768342587934,0.1308997842880488,0.6099025322860718
25966,Neutral,0.487527784097366,0.1413622114276523,0.37111000447498177
25967,LOF,0.009809210754603484,0.08732745575673714,0.9028633334886593
25968,LOF,0.04412401928729181,0.2489420538798212,0.7069339268328869
25969,LOF,0.11153917088374458,0.05708834323528253,0.8313724858809729
25970,LOF,0.022994914880867107,0.08558449631243863,0.8914205888066943
25971,LOF,0.08120531817661143,0.029171360312223636,0.8896233215111649
25972,LOF,0.06687634391810818,0.047465945178808824,0.885657710903083
25973,LOF,0.06746167874365061,0.009069763774518482,0.9234685574818309
25974,LOF,0.0496081082672033,0.035739880605147635,0.914652011127649
25975,LOF,0.04441689590548328,0.018328095628652046,0.9372550084658646
25976,LOF,0.09586224597264932,0.009588865614107269,0.8945488884132434
25977,LOF,0.18392693028762092,0.07181830621428872,0.7442547634980904
25978,LOF,0.18608577406446317,0.12377565348159601,0.6901385724539408
25979,LOF,0.15305889479904883,0.14333333718012897,0.7036077680208223
25980,LOF,0.26764932285787674,0.1828886549239149,0.5494620222182084
25981,LOF,0.26899220072992136,0.18449835672089956,0.5465094425491791
25982,Neutral,0.4791887085821597,0.09309316075235552,0.42771813066548486
25983,Neutral,0.4945586726042765,0.10752069490958704,0.3979206324861364
25984,LOF,0.03958100427052211,0.09570219543478282,0.864716800294695
25985,LOF,0.4219191932235662,0.14476413899417775,0.4333166677822561
25986,LOF,0.012163509171497252,0.41010629147769867,0.577730199350804
25987,LOF,0.056424213052914805,0.10241810284487635,0.8411576841022089
25988,LOF,0.03846024919263771,0.1644338849344686,0.7971058658728938
25989,LOF,0.03830793646517212,0.1993538559997995,0.7623382075350285
25990,LOF,0.03819286766887836,0.30568771361705627,0.6561194187140653
25991,LOF,0.027600261990465155,0.41495152682787173,0.557448211181663
25992,LOF,0.02331486125937546,0.41964381399446593,0.5570413247461585
25993,LOF,0.02940847074477473,0.07779887085436618,0.8927926584008592
25994,LOF,0.024277094007574853,0.07714445082249932,0.8985784551699258
25995,LOF,0.023516794718953175,0.14052654524618485,0.8359566600348619
25996,Neutral,0.36102009424900317,0.30974527826518905,0.3292346274858077
25997,LOF,0.07569342278517711,0.3938510458904256,0.5304555313243974
25998,LOF,0.22897949056640607,0.04491600029356765,0.7261045091400263
25999,LOF,0.027398140709153508,0.16854383311510746,0.8040580261757391
26000,LOF,0.18058116324053722,0.030165919772423697,0.7892529169870391
26001,LOF,0.2351337361047408,0.04320726372377807,0.7216590001714811
26002,LOF,0.12651536463300206,0.04924669228364846,0.8242379430833495
26003,GOF,0.005723613037336102,0.636329300553212,0.3579470864094519
26004,GOF,0.00833985393045515,0.6977271497117847,0.29393299635776016
26005,GOF,0.0038864650435556,0.5039287130128955,0.49218482194354884
26006,GOF,0.11968880563251452,0.5436901745992394,0.33662101976824615
26007,GOF,0.007510907218623374,0.5433093659445952,0.4491797268367814
26008,GOF,0.006070527152006757,0.6380126691586044,0.3559168036893887
26009,GOF,0.008096322521464399,0.6814863031930255,0.31041737428551014
26010,GOF,0.008359033949783387,0.6386026565254656,0.35303830952475107
26011,LOF,0.0036432664798789014,0.45754434506361563,0.5388123884565054
26012,GOF,0.005179380220699289,0.5340029773378336,0.4608176424414671
26013,GOF,0.006467446427531888,0.6060922564623833,0.38744029711008476
26014,LOF,0.056782593386000065,0.12556826019747516,0.8176491464165248
26015,LOF,0.3816313230558533,0.028875117336892245,0.5894935596072545
26016,LOF,0.3103312845131878,0.04723710969699725,0.642431605789815
26017,LOF,0.02300126972635355,0.21571492188002006,0.7612838083936265
26018,LOF,0.02556925081224735,0.06406107541149483,0.9103696737762579
26019,LOF,0.0256012801613327,0.05470991394161222,0.919688805897055
26020,LOF,0.00936579092971435,0.21694805998076294,0.7736861490895227
26021,LOF,0.0772522404560542,0.07714569029109472,0.8456020692528511
26022,LOF,0.04136875324220963,0.038810628790411125,0.9198206179673791
26023,LOF,0.029956285922433018,0.0406922942707641,0.9293514198068028
26024,LOF,0.044704687782658695,0.08536203710512459,0.8699332751122166
26025,LOF,0.06334499283754046,0.08928702034635588,0.8473679868161037
26026,LOF,0.11790467368901401,0.06972836762072186,0.812366958690264
26027,LOF,0.025075162421534496,0.03271918365783133,0.9422056539206343
26028,LOF,0.12356267390172401,0.14581865358581336,0.7306186725124626
26029,LOF,0.017993491370577683,0.19703607839581042,0.7849704302336118
26030,LOF,0.16426724395253856,0.02513481301161386,0.8105979430358475
26031,LOF,0.00918142738028069,0.16224098885984492,0.8285775837598744
26032,LOF,0.046998888091465754,0.05934890696518983,0.8936522049433444
26033,LOF,0.07067838132821737,0.05187431710572686,0.8774473015660559
26034,LOF,0.012798158417915846,0.1459990226890126,0.8412028188930716
26035,LOF,0.010940360519198741,0.10290033870332824,0.886159300777473
26036,LOF,0.010510522616753342,0.12043265576482148,0.8690568216184251
26037,LOF,0.00958263831190284,0.09580123057104639,0.8946161311170509
26038,LOF,0.038999453836857614,0.05207447488383577,0.9089260712793065
26039,LOF,0.02450594255983374,0.12445328721145779,0.8510407702287084
26040,LOF,0.11343991636628958,0.13134625626311405,0.7552138273705964
26041,LOF,0.01277024029511305,0.08615129816809339,0.9010784615367936
26042,LOF,0.01165230442151721,0.09196863916152866,0.896379056416954
26043,LOF,0.03777163285740657,0.07144146617318964,0.8907869009694038
26044,LOF,0.014422811184663964,0.047692178968810055,0.9378850098465259
26045,LOF,0.06499778091091273,0.11374418673933512,0.821258032349752
26046,LOF,0.032048305996096184,0.05298544149847972,0.9149662525054242
26047,LOF,0.054097585137779756,0.053150479840250474,0.8927519350219698
26048,LOF,0.0870074425540292,0.02502479499572278,0.887967762450248
26049,Neutral,0.9492383116561379,0.0070693415913908484,0.04369234675247103
26050,Neutral,0.9276427932782035,0.007753161488878811,0.0646040452329176
26051,LOF,0.017960565036512974,0.10710379216556168,0.8749356427979254
26052,LOF,0.03033660705287411,0.13042924141237922,0.8392341515347467
26053,LOF,0.03378879834223058,0.14781718372108382,0.8183940179366856
26054,LOF,0.045335081184283886,0.029178795684210695,0.9254861231315055
26055,LOF,0.06562759554573765,0.024649833779113832,0.9097225706751485
26056,LOF,0.05289623095902331,0.03207131107866883,0.9150324579623078
26057,LOF,0.06029399873919015,0.016525250894115162,0.9231807503666947
26058,LOF,0.06410953021463156,0.013398829078220657,0.9224916407071477
26059,LOF,0.20141941960077894,0.0303957614025614,0.7681848189966596
26060,LOF,0.016951606335826746,0.18319573660514685,0.7998526570590264
26061,LOF,0.013318163314287298,0.011836993036908565,0.9748448436488042
26062,LOF,0.006885860751296503,0.019248930302925227,0.9738652089457783
26063,LOF,0.03987713473810029,0.011671795134826907,0.9484510701270727
26064,LOF,0.010879864047664521,0.02515023367781661,0.9639699022745188
26065,LOF,0.04751066054003237,0.01304433430718568,0.9394450051527818
26066,LOF,0.046635274662716004,0.011555512631364284,0.9418092127059197
26067,LOF,0.055272069282216306,0.01008093664979607,0.9346469940679877
26068,LOF,0.0524161605441901,0.04829712674963051,0.8992867127061794
26069,LOF,0.15868064883426275,0.02790602247385574,0.8134133286918817
26070,LOF,0.3322091228523078,0.023418154609414543,0.6443727225382777
26071,LOF,0.04540473243837357,0.011862818989977436,0.942732448571649
26072,LOF,0.011442098155062955,0.021728537698998494,0.9668293641459386
26073,LOF,0.04009045430861135,0.01472513439635297,0.9451844112950357
26074,Neutral,0.9199995362670155,0.009150517675223558,0.07084994605776097
26075,LOF,0.0519316155639208,0.023148713504405345,0.9249196709316738
26076,LOF,0.05778003901722037,0.012623868718211024,0.9295960922645687
26077,LOF,0.1693622448751235,0.007562700546247467,0.823075054578629
26078,LOF,0.00906161347409046,0.01532231779726394,0.9756160687286457
26079,LOF,0.06431190473821426,0.024875691598764363,0.9108124036630214
26080,LOF,0.0632404351762996,0.0249164415149801,0.9118431233087202
26081,LOF,0.03506949845343007,0.009212347063131189,0.9557181544834387
26082,LOF,0.007671481128632985,0.015177830843373452,0.9771506880279937
26083,LOF,0.10753998159393426,0.021357236639152396,0.8711027817669134
26084,LOF,0.11070829573708008,0.016550159452815724,0.8727415448101041
26085,LOF,0.10248367838029522,0.014166911825665604,0.8833494097940392
26086,LOF,0.040116523180477204,0.012246457256027996,0.9476370195634949
26087,LOF,0.0375942673846355,0.010326636062375405,0.9520790965529892
26088,LOF,0.00918415922871163,0.02121628118114515,0.9695995595901433
26089,LOF,0.044541289893462614,0.0371335573657549,0.9183251527407826
26090,LOF,0.04531124342076939,0.030374597704602352,0.9243141588746283
26091,LOF,0.03296659795424021,0.007886818376119377,0.9591465836696405
26092,LOF,0.045096150979207,0.008317073562370502,0.9465867754584225
26093,LOF,0.08471176750700624,0.006097724467213389,0.9091905080257805
26094,LOF,0.03742717463711999,0.007234447018333445,0.9553383783445465
26095,LOF,0.03967790830577773,0.017788679011710256,0.9425334126825121
26096,LOF,0.2299451654358639,0.005246245462171731,0.7648085891019644
26097,LOF,0.008817059215950067,0.03243128331711886,0.9587516574669311
26098,LOF,0.07702561369646867,0.020665042572748794,0.9023093437307824
26099,LOF,0.0489924478769321,0.01587017541070003,0.9351373767123679
26100,LOF,0.04897188200337734,0.015869954994072896,0.9351581630025497
26101,LOF,0.05994307956572447,0.030473910937135678,0.9095830094971399
26102,LOF,0.035369251643663474,0.016936985346875637,0.9476937630094608
26103,Neutral,0.8774420381113752,0.02848404336439099,0.09407391852423391
26104,LOF,0.06081187573408926,0.04244628602323847,0.8967418382426723
26105,LOF,0.2544873715045409,0.15436800983211119,0.5911446186633478
26106,LOF,0.325666538767849,0.11606929158658974,0.5582641696455612
26107,LOF,0.02317512878225712,0.08458237676518673,0.8922424944525562
26108,LOF,0.2894881892211067,0.04298409056574659,0.6675277202131467
26109,LOF,0.09414480916159824,0.035220084066339884,0.8706351067720618
26110,LOF,0.46937105782103605,0.008211382637078159,0.5224175595418857
26111,LOF,0.04180238495821028,0.14685095747478966,0.8113466575670001
26112,LOF,0.054555030172856976,0.008494541534378898,0.9369504282927642
26113,LOF,0.09713729970342437,0.022326947459886993,0.8805357528366886
26114,LOF,0.09476256553707146,0.0072155809481842526,0.8980218535147443
26115,LOF,0.014402698883119663,0.05071146960888695,0.9348858315079935
26116,LOF,0.06708965052815408,0.02076747861703705,0.9121428708548088
26117,LOF,0.40462569464454917,0.030544928556254358,0.5648293767991965
26118,LOF,0.04830110983528173,0.014470191402065076,0.9372286987626532
26119,LOF,0.006441238009823503,0.03073537175557681,0.9628233902345997
26120,LOF,0.037174217352008716,0.01392523057158461,0.9489005520764067
26121,LOF,0.004715758621407323,0.11457326070025081,0.8807109806783419
