feature0,prediction,LoGoFunc_Neutral,LoGoFunc_GOF,LoGoFunc_LOF
25546,Neutral,0.6506215687285216,0.035419936167647985,0.3139584951038304
25547,Neutral,0.5586649047539284,0.09784479013206791,0.34349030511400375
25548,Neutral,0.5212099434417856,0.060373540195208686,0.4184165163630056
25549,Neutral,0.49489440117100814,0.06512726285071123,0.4399783359782808
25550,LOF,0.39768596142607376,0.060890416149922744,0.5414236224240034
25551,LOF,0.3047023963911319,0.06743230833210076,0.6278652952767674
25552,LOF,0.20165479450225604,0.07745479912160662,0.7208904063761373
25553,Neutral,0.8128569051528021,0.02142629633746123,0.1657167985097367
25554,LOF,0.22911125407270103,0.08435492756931891,0.6865338183579801
25555,LOF,0.19064437983264357,0.07358294139587004,0.7357726787714864
25556,Neutral,0.5499937283290675,0.05858754283051393,0.39141872884041856
25557,LOF,0.19819639538241798,0.08060140508234173,0.7212021995352402
25558,LOF,0.2460326217287681,0.08297840036089917,0.6709889779103327
25559,Neutral,0.5600782470953286,0.03806825229402006,0.40185350061065134
25560,LOF,0.03652055157415997,0.18731541068753563,0.7761640377383044
25561,LOF,0.1007238457952241,0.21990233509775045,0.6793738191070254
25562,LOF,0.12854379084595177,0.055060322074278224,0.8163958870797701
25563,LOF,0.14770742564911157,0.0841635916295933,0.7681289827212952
25564,LOF,0.06229946382572547,0.09307858626631783,0.8446219499079567
25565,LOF,0.11253255317113366,0.29458790931648293,0.5928795375123833
25566,GOF,0.028830029392260273,0.5945778171980575,0.37659215340968233
25567,LOF,0.016390738066224007,0.0703272643927976,0.9132819975409784
25568,LOF,0.09359200771653321,0.0415513242772152,0.8648566680062515
25569,LOF,0.16785376187096232,0.026933373362869387,0.8052128647661682
25570,LOF,0.09171636625289087,0.06509017872406299,0.8431934550230462
25571,LOF,0.10298043699984824,0.04840286136035007,0.8486167016398016
25572,LOF,0.05048594923073577,0.05918067546500704,0.8903333753042572
25573,LOF,0.02660390118029999,0.060625014746174856,0.9127710840735253
25574,LOF,0.015109715253991568,0.1589273387965901,0.8259629459494184
25575,LOF,0.08968793237250415,0.030800801905369646,0.8795112657221261
25576,LOF,0.021347007490987703,0.02557024985809624,0.9530827426509162
25577,LOF,0.012490179612334847,0.029686063752146066,0.957823756635519
25578,LOF,0.38780200349183025,0.0750265339717629,0.5371714625364068
25579,LOF,0.31020197596547244,0.06906217202532591,0.6207358520092018
25580,LOF,0.0538802532221608,0.01732791667851677,0.9287918300993224
25581,LOF,0.07191378191170973,0.0708408236853276,0.8572453944029627
25582,LOF,0.07080754947877071,0.051021378152587865,0.8781710723686414
25583,LOF,0.06631919822706583,0.018394053983010583,0.9152867477899236
25584,Neutral,0.5230600232112519,0.02834296451027693,0.44859701227847126
25585,LOF,0.03658298512231646,0.028790208174404107,0.9346268067032795
25586,LOF,0.05721628825484742,0.034878354704882285,0.9079053570402703
25587,LOF,0.04466568748232173,0.026045584206375563,0.9292887283113027
25588,LOF,0.0511827492198427,0.0369549573713356,0.9118622934088216
25589,Neutral,0.7636373473080951,0.061275177946674135,0.1750874747452308
25590,LOF,0.02564876732005443,0.07057797068315971,0.9037732619967858
25591,LOF,0.11483140409773027,0.030369777519342667,0.8547988183829272
25592,LOF,0.24023509780475624,0.07948241844025426,0.6802824837549895
25593,LOF,0.018942071347146337,0.28521263574408,0.6958452929087736
25594,LOF,0.05262059487757443,0.13207281566675014,0.8153065894556755
25595,LOF,0.10641445451693952,0.20291550132302,0.6906700441600405
25596,LOF,0.10121467937814264,0.10216556069222217,0.7966197599296352
25597,LOF,0.09169945609147599,0.06318603349063681,0.8451145104178872
25598,LOF,0.13151148439505883,0.1450965979963193,0.7233919176086219
25599,LOF,0.013615697148748792,0.22410089498206723,0.762283407869184
25600,LOF,0.016523760753085967,0.2604068142537129,0.723069424993201
25601,LOF,0.009902330164177358,0.1802614460613441,0.8098362237744785
25602,LOF,0.02546162332003835,0.08715612002791889,0.8873822566520427
25603,LOF,0.043955962691878424,0.09202938847236929,0.8640146488357523
25604,LOF,0.03790693904504993,0.15488749085369846,0.8072055701012516
25605,LOF,0.014778458184161136,0.3331743626340914,0.6520471791817474
25606,LOF,0.09045095469367019,0.415192923619723,0.49435612168660686
25607,LOF,0.0033299683795288398,0.16257042693975712,0.834099604680714
25608,LOF,0.05978513297862372,0.0385285956118377,0.9016862714095386
25609,LOF,0.10186034896709426,0.16865041798281677,0.729489233050089
25610,LOF,0.03891257176059532,0.10671262607367296,0.8543748021657318
25611,LOF,0.05761495297680139,0.07696633131986444,0.8654187157033343
25612,LOF,0.19231629149489549,0.06704750844770575,0.7406362000573988
25613,LOF,0.08807102702129335,0.09526558457384832,0.8166633884048583
25614,LOF,0.032909355473774736,0.13645553545861303,0.8306351090676123
25615,LOF,0.06181435339181719,0.119696378992053,0.8184892676161298
25616,LOF,0.02344761207862158,0.1594425014790938,0.8171098864422847
25617,LOF,0.05012841314328801,0.11810475392709234,0.8317668329296196
25618,LOF,0.11757168981961873,0.402036438361284,0.4803918718190972
25619,LOF,0.04328485667957499,0.11346916055572781,0.8432459827646972
25620,LOF,0.03430763981450567,0.13506316877636532,0.830629191409129
25621,LOF,0.030902392857833312,0.08310363579696817,0.8859939713451985
25622,LOF,0.02355423800162088,0.11487133011789999,0.8615744318804791
25623,LOF,0.045260775489190365,0.13516853284985436,0.8195706916609553
25624,LOF,0.03224960068870859,0.17886548297657487,0.7888849163347165
25625,LOF,0.0317758513825472,0.09519844732973229,0.8730257012877206
25626,LOF,0.09853701807927753,0.06832343030419472,0.8331395516165278
25627,Neutral,0.43085310636967306,0.16342381047468524,0.40572308315564176
25628,LOF,0.17094882178072257,0.042779819058919644,0.7862713591603578
25629,LOF,0.08925511546568002,0.06282281179832262,0.8479220727359973
25630,LOF,0.14301640437091845,0.05566193861208025,0.8013216570170013
25631,Neutral,0.5365431157644666,0.10686254740158206,0.3565943368339513
25632,LOF,0.015554908633036064,0.0837284647224316,0.9007166266445322
25633,LOF,0.3013795499462281,0.2651578880331672,0.43346256202060474
25634,LOF,0.046355212980122164,0.12314977370488363,0.8304950133149942
25635,LOF,0.038758012084692386,0.0784893315852606,0.882752656330047
25636,GOF,0.004879136461881641,0.5367284731423282,0.4583923903957902
25637,LOF,0.004930963997075668,0.27799759164252663,0.7170714443603977
25638,LOF,0.006387782591060152,0.3361597893626567,0.6574524280462831
25639,LOF,0.005492948020992333,0.24919226319296398,0.7453147887860438
25640,Neutral,0.5141502195903764,0.37662670848394475,0.10922307192567894
25641,LOF,0.008647919668945287,0.15948534668125042,0.8318667336498043
25642,LOF,0.23829126509775797,0.03471308119321766,0.7269956537090244
25643,LOF,0.24524296374195576,0.023335892150253165,0.731421144107791
25644,LOF,0.010499553171027694,0.32605980143964386,0.6634406453893286
25645,LOF,0.00798751125481608,0.4403927414105161,0.5516197473346679
25646,LOF,0.01019425938301598,0.2957302751916322,0.6940754654253518
25647,LOF,0.010104719434330582,0.2559706997060689,0.7339245808596004
25648,LOF,0.007665430929585601,0.2999775335290513,0.692357035541363
25649,LOF,0.008097581305711072,0.17235145828105297,0.8195509604132359
25650,LOF,0.025148920153412524,0.3811301288148674,0.59372095103172
25651,LOF,0.006782503220992422,0.22266527322507465,0.7705522235539329
25652,LOF,0.01175747796478036,0.31556117261157407,0.6726813494236455
25653,GOF,0.05762980280952715,0.513295984143315,0.42907421304715787
25654,LOF,0.007630919744739695,0.4159588251394378,0.5764102551158224
25655,GOF,0.07199615036324487,0.503380192715025,0.4246236569217302
25656,LOF,0.0630740199393886,0.38400429257088614,0.5529216874897253
25657,LOF,0.26619889992867435,0.04677796852849313,0.6870231315428326
25658,LOF,0.01923336877449495,0.2926356512433911,0.688130979982114
25659,LOF,0.1895618323620196,0.22285094988158854,0.5875872177563919
25660,LOF,0.11131070247366165,0.11061319230519182,0.7780761052211466
25661,LOF,0.07298937401998402,0.08687283908908854,0.8401377868909274
25662,LOF,0.05246622693191215,0.07170578484542686,0.875827988222661
25663,LOF,0.051348208800355545,0.09032671045409608,0.8583250807455484
25664,LOF,0.02698780589336851,0.14653390663776447,0.826478287468867
25665,LOF,0.04634158728873528,0.09290714674569736,0.8607512659655674
25666,LOF,0.035358761088327445,0.19314044335468566,0.7715007955569869
25667,LOF,0.046908717180011925,0.030523829958827357,0.9225674528611607
25668,LOF,0.047353654634841515,0.05248341290070853,0.9001629324644499
25669,LOF,0.035113076504132854,0.10172773515481677,0.8631591883410504
25670,LOF,0.06951461053098702,0.07870202265605568,0.8517833668129574
25671,LOF,0.07069504060412038,0.06546460395686458,0.863840355439015
25672,LOF,0.06477384466886725,0.05312215969827259,0.8821039956328601
25673,LOF,0.03652571024636176,0.06833756642515154,0.8951367233284866
25674,LOF,0.024370329958950835,0.10205518337342032,0.8735744866676288
25675,LOF,0.03443230525777671,0.04474111566112456,0.9208265790810988
25676,LOF,0.04609535920530824,0.09997357838644104,0.8539310624082507
25677,LOF,0.07698988428160725,0.06088939793086281,0.86212071778753
25678,LOF,0.18779292404869677,0.08895606186055373,0.7232510140907495
25679,LOF,0.13370459861639064,0.12074224481163938,0.74555315657197
25680,LOF,0.11885121334706095,0.13149870740607644,0.7496500792468627
25681,LOF,0.1292733496840566,0.12921608674651852,0.7415105635694248
25682,LOF,0.058534828546320486,0.08152018593312256,0.859944985520557
25683,LOF,0.08026063101689392,0.10343757329740602,0.8163017956857
25684,LOF,0.09111653914984712,0.11095973113640577,0.7979237297137473
25685,LOF,0.1077685771334177,0.042323826290210115,0.8499075965763722
25686,LOF,0.020522532926396716,0.1977117230648653,0.781765744008738
25687,LOF,0.035854616246741855,0.1856817585771199,0.7784636251761383
25688,LOF,0.01374235118426047,0.4115823399843563,0.5746753088313833
25689,LOF,0.009526777085613685,0.24349932446740521,0.7469738984469811
25690,GOF,0.011205533245230848,0.5041783227289571,0.4846161440258121
25691,GOF,0.06245186915950225,0.6961155644963739,0.2414325663441239
25692,LOF,0.29550489209921743,0.03566199804657454,0.668833109854208
25693,LOF,0.038921089276727945,0.3989554344612788,0.5621234762619933
25694,LOF,0.2294118020286554,0.03575176310268645,0.7348364348686581
25695,LOF,0.1696519551313061,0.05577894381628849,0.7745691010524054
25696,LOF,0.06774475502957615,0.06046027491315028,0.8717949700572736
25697,LOF,0.06335285726027946,0.04474528438695307,0.8919018583527676
25698,GOF,0.015844950941805498,0.4933173094237488,0.49083773963444577
25699,LOF,0.07475935981784053,0.24401036814586152,0.681230272036298
25700,LOF,0.07017791712270442,0.02615977856747659,0.903662304309819
25701,LOF,0.010755293394641544,0.26461260735879283,0.7246320992465656
25702,GOF,0.02200760596447452,0.5448702615075883,0.43312213252793713
25703,LOF,0.014506953771185499,0.10246813298902366,0.8830249132397908
25704,LOF,0.0644645000509036,0.11524135898394942,0.820294140965147
25705,LOF,0.11111985353206599,0.22343302495518666,0.6654471215127474
25706,GOF,0.021724620149449855,0.6821541431376376,0.2961212367129126
25707,GOF,0.023653871799600223,0.6423294932590224,0.3340166349413774
25708,GOF,0.0073238239787717955,0.6239297311108809,0.3687464449103473
25709,LOF,0.05028730748844944,0.12038357328621854,0.8293291192253319
25710,LOF,0.007091574180819478,0.23998617070107303,0.7529222551181074
25711,LOF,0.046345346021223865,0.13561879996454307,0.8180358540142331
25712,LOF,0.012217167491815591,0.21288780789783213,0.7748950246103522
25713,LOF,0.042193181211682404,0.13384326955636378,0.8239635492319538
25714,LOF,0.037177379813103796,0.31809004899930504,0.6447325711875912
25715,LOF,0.03793905045031498,0.19407406817852907,0.7679868813711559
25716,LOF,0.006405430256254165,0.10543081022649356,0.8881637595172523
25717,LOF,0.006483162640861545,0.06560219275511334,0.9279146446040252
25718,LOF,0.04668208483886006,0.06896558396214349,0.8843523311989964
25719,LOF,0.04167861146160579,0.15160887009850957,0.8067125184398846
25720,LOF,0.04063652049813539,0.1837997461273967,0.775563733374468
25721,LOF,0.04592890679526397,0.09573759234083938,0.8583335008638966
25722,LOF,0.0400175653823857,0.1299743093218495,0.8300081252957648
25723,LOF,0.05037690762091988,0.18243842022692427,0.7671846721521558
25724,GOF,0.05831872989919955,0.48662408263970197,0.45505718746109847
25725,LOF,0.07065890230267664,0.15000002752102912,0.7793410701762942
25726,LOF,0.041086685767367084,0.14788517241674837,0.8110281418158845
25727,LOF,0.05980535583171362,0.10791193224722721,0.8322827119210592
25728,LOF,0.035994936258978365,0.23180274118471308,0.7322023225563086
25729,LOF,0.042593877018125434,0.22082279179340333,0.7365833311884713
25730,LOF,0.05352717819280305,0.15612684946085653,0.7903459723463404
25731,LOF,0.009204775334976751,0.11687917804382525,0.873916046621198
25732,LOF,0.032926442375502844,0.09965070622589801,0.8674228513985992
25733,LOF,0.04352663775915872,0.26041609643972585,0.6960572658011155
25734,LOF,0.006524365012917795,0.22075247739301937,0.7727231575940628
25735,LOF,0.0400122198293529,0.12546855716048783,0.8345192230101592
25736,LOF,0.03955176125487246,0.191376507829474,0.7690717309156535
25737,LOF,0.06321528463322078,0.11907460599117953,0.8177101093755997
25738,LOF,0.05861084126541316,0.2091314496119662,0.7322577091226207
25739,LOF,0.04013729247052168,0.17309116220071852,0.7867715453287598
25740,LOF,0.0620205252802105,0.17576677386816644,0.7622127008516231
25741,LOF,0.05891909388420482,0.16910098999187417,0.7719799161239209
25742,LOF,0.06311920754478577,0.19380125246799534,0.7430795399872189
25743,LOF,0.010179117358216886,0.024064047255977355,0.9657568353858057
25744,LOF,0.10659382008750376,0.2631935533218238,0.6302126265906725
25745,LOF,0.0219436058728856,0.21620668960009976,0.7618497045270147
25746,LOF,0.011799934728203676,0.21973815551203485,0.7684619097597615
25747,LOF,0.04244660689288414,0.06242161024747117,0.8951317828596447
25748,LOF,0.1997483594887411,0.24836933736489722,0.5518823031463617
25749,LOF,0.015163251877353809,0.21377569032180493,0.7710610578008411
25750,LOF,0.014920432312209323,0.2711825523150493,0.7138970153727414
25751,LOF,0.028741712465266533,0.2106268562559191,0.7606314312788144
25752,GOF,0.10888861852727444,0.649273621543651,0.2418377599290745
25753,LOF,0.007592383113318039,0.2683075699684881,0.724100046918194
25754,GOF,0.010745676996066792,0.8974873249271247,0.09176699807680865
25755,LOF,0.008061518789940493,0.27171183971804663,0.7202266414920129
25756,LOF,0.029737375119249856,0.4382228140924165,0.5320398107883337
25757,GOF,0.010107652900169057,0.8306737588078054,0.15921858829202556
25758,GOF,0.01186279558943628,0.8711873717963874,0.11694983261417632
25759,GOF,0.0064653437639098236,0.7399325277820609,0.2536021284540293
25760,LOF,0.006338034613098417,0.19037702497414621,0.8032849404127553
25761,GOF,0.060765322591034676,0.858966790013669,0.08026788739529614
25762,LOF,0.030163984844785444,0.42284846250050573,0.5469875526547089
25763,LOF,0.006754993866220199,0.15539702549314932,0.8378479806406306
25764,GOF,0.10180527962105322,0.6543639002146044,0.24383082016434235
25765,GOF,0.011403424497482184,0.8936147404496556,0.09498183505286234
25766,GOF,0.03761070870347127,0.8241080043450848,0.13828128695144393
25767,GOF,0.0078326452931429,0.643387537020486,0.3487798176863711
25768,LOF,0.05158235855058015,0.07045058079407875,0.877967060655341
25769,LOF,0.03317560157414426,0.227460095398271,0.7393643030275848
25770,Neutral,0.47981600873056546,0.1747626354093198,0.3454213558601146
25771,LOF,0.020566514057292398,0.1322483790829574,0.8471851068597501
25772,LOF,0.04987477002773475,0.19580379210275656,0.7543214378695087
25773,LOF,0.0162751772549662,0.3211138600664466,0.6626109626785872
25774,LOF,0.029931775891570308,0.3459648206002669,0.6241034035081627
25775,LOF,0.020060644025595355,0.12121174980834275,0.858727606166062
25776,LOF,0.030444930676492128,0.18427180835565504,0.7852832609678528
25777,LOF,0.08326638008310432,0.23841407496953237,0.6783195449473632
25778,LOF,0.03831155571053029,0.22442904219977927,0.7372594020896904
25779,GOF,0.11447105448087448,0.5228385669365765,0.36269037858254893
25780,GOF,0.11076146201382185,0.5419118101255064,0.34732672786067187
25781,GOF,0.052443664186042425,0.5365029896531707,0.41105334616078676
25782,GOF,0.04191493884187008,0.5953783728927632,0.3627066882653668
25783,GOF,0.08907975466310603,0.6175827825003064,0.2933374628365877
25784,GOF,0.19437750883689578,0.58577429326439,0.2198481978987142
25785,GOF,0.3231729186699559,0.4729747523693556,0.20385232896068836
25786,LOF,0.017675563290762298,0.2943334234563628,0.6879910132528748
25787,Neutral,0.49557625838701347,0.32095693200851194,0.18346680960447445
25788,LOF,0.03802106655108328,0.05706419358216493,0.9049147398667519
25789,GOF,0.031382032816848045,0.6210359381460734,0.34758202903707863
25790,GOF,0.057461335788326504,0.5129942170600272,0.4295444471516462
25791,LOF,0.04489171136010807,0.399815350007529,0.555292938632363
25792,LOF,0.0490429845306892,0.44352211113287887,0.5074349043364319
25793,GOF,0.10696852594766766,0.459259476390352,0.4337719976619803
25794,LOF,0.0971393722760946,0.24791923868972915,0.6549413890341763
25795,LOF,0.11121510334821,0.3024685506796381,0.586316345972152
25796,LOF,0.24959921889643608,0.23598534119119774,0.5144154399123662
25797,LOF,0.09682795580020095,0.35147124597494683,0.5517007982248522
25798,GOF,0.010619816866762727,0.6371763115923417,0.35220387154089566
25799,LOF,0.007600164204397644,0.4696419991767934,0.522757836618809
25800,GOF,0.04731665049891032,0.739683419307093,0.21299993019399668
25801,GOF,0.042657189168734726,0.5449122070099119,0.4124306038213533
25802,GOF,0.05698979007601203,0.5301648646421665,0.41284534528182143
25803,LOF,0.04017053141903995,0.3635717651232728,0.5962577034576871
25804,LOF,0.07489572616745695,0.3046389061329569,0.6204653676995862
25805,GOF,0.05327119883348809,0.5001551596066149,0.44657364155989704
25806,GOF,0.07357149011106003,0.48485074827597635,0.4415777616129635
25807,LOF,0.02388240616357624,0.4015508111041743,0.5745667827322495
25808,GOF,0.057429630985930215,0.5244053742411979,0.41816499477287183
25809,LOF,0.021678225041343653,0.40713442950520845,0.571187345453448
25810,LOF,0.019695082125329774,0.4482003663855811,0.5321045514890891
25811,GOF,0.13823806997065882,0.6463465002605703,0.21541542976877093
25812,LOF,0.07936645523384238,0.3740089657836325,0.546624578982525
25813,Neutral,0.37370257463428547,0.35220168725123824,0.2740957381144764
25814,LOF,0.0694960259841514,0.46069325150992324,0.4698107225059252
25815,GOF,0.12866813221531223,0.5523910946042407,0.31894077318044695
25816,GOF,0.015833992683143113,0.5627066628359486,0.4214593444809082
25817,GOF,0.21359042519036503,0.3951532347090855,0.39125634010054955
25818,GOF,0.05046851069455911,0.5414767164371034,0.4080547728683374
25819,LOF,0.0994999099440951,0.3189914770070317,0.5815086130488731
25820,LOF,0.10513640707996157,0.33201635467710244,0.5628472382429359
25821,LOF,0.07067481946453859,0.36989842336984524,0.5594267571656162
25822,LOF,0.1523094507008183,0.28218064295301826,0.5655099063461634
25823,LOF,0.07336676563401742,0.2596632508339396,0.6669699835320431
25824,GOF,0.05608242420909835,0.538557952815688,0.4053596229752136
25825,GOF,0.04055232475814834,0.5512901792091897,0.40815749603266205
25826,LOF,0.016203112723610868,0.4072401997996654,0.5765566874767237
25827,GOF,0.032633960204579496,0.509519527069364,0.45784651272605653
25828,LOF,0.019390727437326526,0.47452423044357994,0.5060850421190936
25829,LOF,0.007543466249896559,0.24175916600058572,0.7506973677495177
25830,LOF,0.1568312332143594,0.04058349716251307,0.8025852696231275
25831,GOF,0.11205758823755811,0.6749612235497056,0.2129811882127364
25832,LOF,0.01474918987057357,0.40195599559171485,0.5832948145377116
25833,GOF,0.057043083522913964,0.5345221908289822,0.40843472564810385
25834,LOF,0.014272605698665071,0.41142307747747353,0.5743043168238615
25835,GOF,0.05652565633525624,0.6439054117025298,0.299568931962214
25836,LOF,0.011899660405891735,0.4758931054098576,0.5122072341842507
25837,LOF,0.0193282858702476,0.3462051027973756,0.6344666113323768
25838,GOF,0.04763317188116432,0.5111957998677835,0.4411710282510521
25839,LOF,0.14304778792642042,0.42068156252194994,0.43627064955162964
25840,GOF,0.17258468074429562,0.5738225126288391,0.25359280662686534
25841,GOF,0.13861621392368753,0.6398856520506505,0.22149813402566185
25842,GOF,0.04910647467812475,0.6506008037753171,0.3002927215465581
25843,GOF,0.04297252552742849,0.635303445573104,0.32172402889946766
25844,GOF,0.04016140677125997,0.5116812592619395,0.44815733396680035
25845,LOF,0.011132548606900865,0.3047484549845973,0.6841189964085018
25846,GOF,0.1258792637317661,0.6342967047906329,0.23982403147760084
25847,GOF,0.0380415353661299,0.6079305468111907,0.3540279178226794
25848,GOF,0.04152594307582356,0.6096799463119029,0.34879411061227356
25849,GOF,0.011165945114781528,0.5137970492649295,0.475037005620289
25850,LOF,0.013698084785539305,0.4172092045507442,0.5690927106637166
25851,LOF,0.01388349659897798,0.3441852250072854,0.6419312783937368
25852,LOF,0.2446304934070859,0.30557604893010937,0.44979345766280476
25853,LOF,0.10019415141436126,0.4246442659211979,0.4751615826644408
25854,LOF,0.011388667056533429,0.37682973063331776,0.6117816023101487
25855,LOF,0.044408501151216896,0.46120918363356905,0.49438231521521386
25856,GOF,0.09917408635718403,0.610137195097514,0.290688718545302
25857,LOF,0.04675727814775071,0.41233605075474977,0.5409066710974995
25858,LOF,0.014079020286202679,0.3053879660310494,0.680533013682748
25859,LOF,0.009832363716071215,0.2961434832954233,0.6940241529885056
25860,LOF,0.13115503251989918,0.38434325467047914,0.4845017128096217
25861,GOF,0.16778691083905628,0.5352153953168398,0.29699769384410396
25862,GOF,0.031298460061123724,0.6947434287402866,0.27395811119858965
25863,GOF,0.030664471641563624,0.6089436796257344,0.3603918487327021
25864,GOF,0.047709102833996896,0.7725634436512107,0.17972745351479255
25865,GOF,0.05105505993648994,0.7545156109797969,0.19442932908371316
25866,GOF,0.03481394654152984,0.6726997282814875,0.29248632517698253
25867,GOF,0.07131113144249335,0.6965684310308595,0.23212043752664707
25868,GOF,0.1296354592702138,0.4849896821627131,0.3853748585670731
25869,Neutral,0.49124708126521144,0.3160068876425072,0.1927460310922813
25870,LOF,0.1908030727975409,0.07394540344353734,0.7352515237589219
25871,LOF,0.015872758707050315,0.26686450406312484,0.7172627372298248
25872,LOF,0.046618907152606484,0.31348976899947784,0.6398913238479157
25873,LOF,0.0364437511632694,0.4300511113234294,0.5335051375133012
25874,LOF,0.0564617715466651,0.022416799910082302,0.9211214285432526
25875,LOF,0.017076798939140887,0.3988199353331893,0.5841032657276698
25876,LOF,0.01730007399161896,0.13300066507477296,0.8496992609336081
25877,GOF,0.07391826420533645,0.5183460513675291,0.4077356844271344
25878,GOF,0.04292823788082306,0.7391399184460868,0.21793184367309015
25879,LOF,0.010101333443997674,0.3483313319189108,0.6415673346370915
25880,LOF,0.049088988747099264,0.05503293001088887,0.8958780812420118
25881,Neutral,0.4574749562324712,0.3331106311831432,0.20941441258438562
25882,LOF,0.040073272591589305,0.24470930971291033,0.7152174176955004
25883,LOF,0.030450211271261903,0.09719054701406067,0.8723592417146774
25884,LOF,0.01314734867738338,0.13267453391899667,0.8541781174036199
25885,LOF,0.15897093414822855,0.03646690371601763,0.8045621621357539
25886,LOF,0.12815016765942247,0.1491632517014246,0.7226865806391528
25887,GOF,0.04360640357260576,0.5799408661890433,0.37645273023835085
25888,LOF,0.006474901297539424,0.3931525823344072,0.6003725163680534
25889,LOF,0.02541414170433332,0.08853143809439694,0.8860544202012697
25890,LOF,0.16205939951399692,0.2801313753967391,0.557809225089264
25891,LOF,0.11909664562053597,0.06703033879396038,0.8138730155855036
25892,LOF,0.005223278619455212,0.17452216869918313,0.8202545526813616
25893,LOF,0.2600836734014095,0.07195216442207174,0.6679641621765188
25894,LOF,0.30211798727796907,0.03092346008938726,0.6669585526326436
25895,LOF,0.24613529149790794,0.050454050354705016,0.703410658147387
25896,LOF,0.057387272509122775,0.09047635792336334,0.8521363695675138
25897,LOF,0.0929811126205804,0.058379063265518304,0.8486398241139013
25898,LOF,0.05807777387238414,0.4541739536934884,0.4877482724341275
25899,LOF,0.24242758332616976,0.17087658966892713,0.5866958270049032
25900,Neutral,0.9215421007196996,0.01740968489387322,0.061048214386427255
25901,LOF,0.05621757150121179,0.03839991950745262,0.9053825089913355
25902,LOF,0.07821492890043268,0.018192783594762504,0.9035922875048047
25903,LOF,0.11795923412564017,0.13092939568738066,0.7511113701869793
25904,LOF,0.36877670270580076,0.21745525891059922,0.41376803838360005
25905,LOF,0.010178645801063566,0.39025456695659844,0.599566787242338
25906,LOF,0.01016624257987252,0.05825992852839276,0.9315738288917348
25907,LOF,0.008297704313496357,0.2759170941263581,0.7157852015601456
25908,LOF,0.009474336137906658,0.28427095318352746,0.7062547106785658
25909,LOF,0.03831681464532864,0.20340417990706444,0.758279005447607
25910,LOF,0.015049817826920425,0.16672326830182368,0.8182269138712558
25911,LOF,0.11417925415083775,0.10138567728572397,0.7844350685634383
25912,LOF,0.1393008204716396,0.026746945572566235,0.8339522339557942
25913,LOF,0.013943368214594777,0.08358846482447521,0.9024681669609299
25914,LOF,0.035603859675062195,0.18717861715718437,0.7772175231677535
25915,GOF,0.07576460924716064,0.8330650315310241,0.09117035922181524
25916,GOF,0.014842243144377954,0.6988176941262881,0.2863400627293339
25917,LOF,0.109958786314797,0.09456453238892457,0.7954766812962784
25918,LOF,0.03867193147462597,0.1319669933381682,0.8293610751872059
25919,LOF,0.04050324674826068,0.09175675304616071,0.8677400002055787
25920,GOF,0.20651347459590105,0.5093156258152405,0.28417089958885855
25921,LOF,0.019457004762518,0.032949240461986315,0.9475937547754957
25922,LOF,0.016304220688347703,0.030517205119688567,0.9531785741919638
25923,LOF,0.3746535305641483,0.05153771321104491,0.5738087562248068
25924,LOF,0.02371445454709908,0.04256373779913371,0.9337218076537671
25925,LOF,0.20916121873711124,0.02744453695639082,0.7633942443064979
25926,LOF,0.12181713047478113,0.069494538195304,0.8086883313299149
25927,LOF,0.018009533823822116,0.08445729637102853,0.8975331698051494
25928,LOF,0.013748237229945452,0.022890937438067367,0.9633608253319872
25929,Neutral,0.5656358113733081,0.05186084959643798,0.38250333903025396
25930,LOF,0.03864762939774217,0.053822650846861254,0.9075297197553965
25931,LOF,0.014202631938097857,0.031457625245690936,0.9543397428162113
25932,LOF,0.06721190249264108,0.032198278027275776,0.9005898194800831
25933,LOF,0.06456803710030037,0.017470504701014,0.9179614581986857
25934,LOF,0.06545457653926565,0.022315157591712098,0.9122302658690223
25935,LOF,0.21783981798136426,0.0334246391415204,0.7487355428771154
25936,LOF,0.06064427359474511,0.02238002228097349,0.9169757041242814
25937,LOF,0.01556490562364985,0.04869280959023975,0.9357422847861103
25938,LOF,0.21019542172998598,0.029676341058727233,0.7601282372112866
25939,LOF,0.047604309329014556,0.023043641910402608,0.9293520487605829
25940,GOF,0.005710392945048786,0.5923553328618749,0.4019342741930763
25941,LOF,0.43012655775963055,0.0697704584967279,0.5001029837436415
25942,LOF,0.011130155768327883,0.15951349507539092,0.8293563491562812
25943,GOF,0.02142511271466012,0.6141631801126726,0.3644117071726673
25944,LOF,0.01844190587543404,0.421751182858255,0.559806911266311
25945,LOF,0.08510215854502134,0.13272386560626065,0.782173975848718
25946,LOF,0.08648296405349841,0.08187962122793017,0.8316374147185713
25947,LOF,0.4443246330053696,0.03247907789716227,0.5231962890974681
25948,Neutral,0.5596401372526513,0.018461502276845544,0.42189836047050333
25949,LOF,0.10060989286488362,0.04037349894460637,0.85901660819051
25950,GOF,0.04624173536306408,0.7651004606175296,0.1886578040194064
25951,LOF,0.012463388694987013,0.326982910702415,0.660553700602598
25952,LOF,0.09048017017298346,0.27783746969321527,0.6316823601338013
25953,LOF,0.00604297589797295,0.46651208285002466,0.5274449412520024
25954,GOF,0.02476791943129012,0.5275021694153393,0.4477299111533705
25955,GOF,0.005436657037133,0.5340873803814113,0.4604759625814557
25956,GOF,0.00880499173498264,0.6825452582897586,0.3086497499752587
25957,LOF,0.2519769482976445,0.0898212450918823,0.6582018066104731
25958,LOF,0.025102628984756615,0.18880836960210534,0.786089001413138
25959,GOF,0.006256316834485102,0.5806689661636371,0.41307471700187776
25960,LOF,0.0053221798477779015,0.12057504097874984,0.8741027791734722
25961,LOF,0.02271875010208081,0.17606804904150583,0.8012132008564133
25962,LOF,0.048623043980306084,0.07587340421754019,0.8755035518021537
25963,LOF,0.009586793067721231,0.1493289578975607,0.841084249034718
25964,LOF,0.054314366023035895,0.11354410831953402,0.83214152565743
25965,LOF,0.18445115420693453,0.19125593473815156,0.6242929110549139
25966,LOF,0.28013145099590014,0.22908519196093094,0.49078335704316906
25967,LOF,0.007072979852927995,0.04431661380954428,0.9486104063375278
25968,LOF,0.0863527427181329,0.34209770590810756,0.5715495513737595
25969,LOF,0.17712892457127574,0.032644610399801724,0.7902264650289226
25970,LOF,0.02438434480601745,0.16621650156393925,0.8093991536300433
25971,LOF,0.08360374829975153,0.13059191063285722,0.7858043410673913
25972,LOF,0.06907921731080456,0.11434592489166949,0.816574857797526
25973,LOF,0.10820592627020138,0.011470235684321825,0.8803238380454768
25974,LOF,0.07642936321829917,0.2476999951833456,0.6758706415983553
25975,LOF,0.04638021757913845,0.024973571476332862,0.9286462109445286
25976,LOF,0.06991501654508528,0.018784633434616595,0.9113003500202982
25977,LOF,0.17946987798399539,0.09264769424361405,0.7278824277723905
25978,LOF,0.125002000158939,0.15117787466341687,0.7238201251776442
25979,LOF,0.10225140144162051,0.16265418931408668,0.7350944092442928
25980,LOF,0.12192459350803882,0.4002350006065359,0.47784040588542526
25981,LOF,0.12486260880067798,0.42371717019295213,0.45142022100636997
25982,LOF,0.23444231553991027,0.2033872700447951,0.5621704144152947
25983,Neutral,0.4412856349504827,0.21832187836034658,0.34039248668917077
25984,LOF,0.03777747116985468,0.10102738318500967,0.8611951456451357
25985,Neutral,0.5094402202390323,0.18996992515839312,0.30058985460257454
25986,GOF,0.009299840753899523,0.6374348137484517,0.3532653454976488
25987,LOF,0.015174960175377084,0.13416574843056764,0.8506592913940553
25988,LOF,0.035452431046241566,0.13417993301055073,0.8303676359432077
25989,LOF,0.04613232351437443,0.13389984764946777,0.8199678288361578
25990,LOF,0.04671676921445138,0.24406354395322744,0.7092196868323212
25991,GOF,0.044897656733118796,0.6391345177628134,0.3159678255040678
25992,LOF,0.0163180559951391,0.4328470634886833,0.5508348805161777
25993,LOF,0.050151635059212725,0.030039814195804888,0.9198085507449824
25994,LOF,0.04792231358909618,0.0665399298941108,0.885537756516793
25995,LOF,0.035533847888379703,0.0589392499290393,0.9055269021825809
25996,Neutral,0.36814584941813366,0.3303662593134092,0.30148789126845704
25997,GOF,0.08753139944217662,0.5338989699902099,0.37856963056761345
25998,LOF,0.17654385209277626,0.14598619682633446,0.6774699510808893
25999,GOF,0.01658754741349734,0.6081864268268831,0.3752260257596195
26000,LOF,0.14049570906031783,0.010989053376633352,0.8485152375630488
26001,LOF,0.13177759357957008,0.025688553685754113,0.8425338527346757
26002,LOF,0.09610801964397932,0.01134100008131085,0.8925509802747098
26003,GOF,0.010460655001625158,0.5931823649318761,0.3963569800664989
26004,LOF,0.02648398265704719,0.43902608727974685,0.534489930063206
26005,GOF,0.006731660861712406,0.5453445949683945,0.44792374416989306
26006,GOF,0.1926380898237738,0.5626860655592706,0.24467584461695555
26007,GOF,0.015083971106860746,0.5990712636293303,0.385844765263809
26008,LOF,0.011547295877248887,0.4456453614789989,0.5428073426437522
26009,GOF,0.02574462608514937,0.6768455914813136,0.29740978243353705
26010,GOF,0.01073717635394646,0.6192821220330829,0.36998070161297064
26011,LOF,0.00719345230176127,0.4137588644472144,0.5790476832510244
26012,GOF,0.009070032383688574,0.540951817668084,0.44997814994822755
26013,LOF,0.017655538851880283,0.45110619446247946,0.5312382666856402
26014,LOF,0.08170977577277747,0.014758067707402782,0.9035321565198198
26015,LOF,0.3891561925211221,0.18594165359115278,0.42490215388772506
26016,LOF,0.22892578800116248,0.2940766380069633,0.4769975739918743
26017,GOF,0.013930057940628121,0.6193972721279889,0.36667266993138303
26018,LOF,0.020225676065760246,0.3528646030527528,0.6269097208814869
26019,LOF,0.020322877705508443,0.26851364036964304,0.7111634819248486
26020,LOF,0.007270044102004071,0.38825962712654766,0.6044703287714481
26021,LOF,0.08655523620349105,0.308231856462034,0.605212907334475
26022,LOF,0.05986660591056425,0.1208353157392512,0.8192980783501846
26023,LOF,0.039532881393212115,0.2871337096568858,0.6733334089499021
26024,LOF,0.05478381918145823,0.22705229553626463,0.7181638852822771
26025,LOF,0.12315092855244526,0.35644448993870603,0.5204045815088486
26026,LOF,0.11410245687099856,0.32832217297524136,0.55757537015376
26027,LOF,0.03251852383106239,0.1653668908483876,0.80211458532055
26028,LOF,0.05094494942120782,0.2855758328020663,0.6634792177767259
26029,LOF,0.02835534288882864,0.22892830795776475,0.7427163491534067
26030,LOF,0.19908180387007535,0.03484205560085414,0.7660761405290706
26031,LOF,0.017446868131344908,0.2218806323380682,0.7606724995305868
26032,LOF,0.030127762752069,0.07417728712539827,0.8956949501225328
26033,LOF,0.045327878348789825,0.19517775350166763,0.7594943681495426
26034,LOF,0.017547028881072395,0.14470058125689883,0.8377523898620287
26035,LOF,0.013856597524611094,0.18709977754749346,0.7990436249278955
26036,LOF,0.01325764704654138,0.13731062932462412,0.8494317236288345
26037,LOF,0.012726641774764475,0.12424582767099301,0.8630275305542425
26038,LOF,0.023207401213902922,0.07570722305065912,0.901085375735438
26039,LOF,0.02872481797263362,0.16925586344837154,0.8020193185789948
26040,LOF,0.05195197162132974,0.195895444204972,0.7521525841736983
26041,LOF,0.01499859527467093,0.1740055923500159,0.8109958123753132
26042,LOF,0.01358852398165301,0.17032974438625573,0.8160817316320912
26043,LOF,0.023393708389542692,0.16491608042415398,0.8116902111863032
26044,LOF,0.00965998980377497,0.1502341691500888,0.8401058410461363
26045,LOF,0.07580520704028042,0.37280369404487046,0.5513910989148492
26046,LOF,0.023298626358395167,0.1776552167830811,0.7990461568585239
26047,LOF,0.0686028770016371,0.10046007511688185,0.830937047881481
26048,LOF,0.07498262817215437,0.11804856260363615,0.8069688092242094
26049,Neutral,0.8891208164291632,0.02145782368227125,0.08942135988856557
26050,Neutral,0.7996961167451451,0.023274919413792308,0.17702896384106256
26051,GOF,0.0143833309357367,0.658605653288562,0.32701101577570146
26052,GOF,0.014722573493602755,0.6174751397156893,0.3678022867907078
26053,LOF,0.02766620535580655,0.020871346600871657,0.9514624480433219
26054,LOF,0.09793025938419173,0.10574593427041486,0.7963238063453935
26055,LOF,0.09630499367220587,0.11443660790722249,0.7892583984205715
26056,LOF,0.08740887117744696,0.12864741449409475,0.7839437143284583
26057,LOF,0.05427163147583794,0.04050768784388992,0.9052206806802721
26058,LOF,0.06277913122854678,0.03161449113323146,0.9056063776382217
26059,Neutral,0.6478097408109609,0.10477464861675304,0.2474156105722862
26060,LOF,0.014117472487797279,0.315355204440391,0.6705273230718117
26061,LOF,0.009512092378127909,0.027910834950546748,0.9625770726713253
26062,LOF,0.005857236107203071,0.05173809556802234,0.9424046683247745
26063,LOF,0.04769799445546115,0.03886798125181517,0.9134340242927238
26064,LOF,0.009886301627296512,0.03768655565032732,0.9524271427223763
26065,LOF,0.037646743749499174,0.05285623825063074,0.90949701799987
26066,LOF,0.048300362040667816,0.04155539729956101,0.9101442406597712
26067,LOF,0.058454491572188544,0.053236889356790225,0.8883086190710212
26068,LOF,0.10164092856083626,0.07433944007892,0.8240196313602437
26069,LOF,0.0808795177802456,0.06628962730190321,0.8528308549178512
26070,LOF,0.25359747493387647,0.038803097764882874,0.7075994273012407
26071,LOF,0.051369265964330287,0.04455815989618716,0.9040725741394825
26072,LOF,0.00710758253573498,0.030676294523145527,0.9622161229411195
26073,LOF,0.042164844860115805,0.03336761527828616,0.924467539861598
26074,Neutral,0.8417607079894011,0.022523941378074477,0.13571535063252457
26075,LOF,0.05137066097222826,0.07726976439004528,0.8713595746377265
26076,LOF,0.05319518096841715,0.061572727744555224,0.8852320912870276
26077,LOF,0.16809265621378025,0.07889649926905733,0.7530108445171625
26078,LOF,0.006019042540495124,0.061182462970513815,0.932798494488991
26079,LOF,0.11892768879833504,0.05040247432430795,0.8306698368773571
26080,LOF,0.11892768879833504,0.05040247432430795,0.8306698368773571
26081,LOF,0.05163221271056651,0.033845573985986165,0.9145222133034472
26082,LOF,0.006279131045783702,0.09488776335585254,0.8988331055983638
26083,LOF,0.037730466568789596,0.10295757407063783,0.8593119593605726
26084,LOF,0.048670294658115586,0.0536931604992448,0.8976365448426397
26085,LOF,0.044322290194155116,0.04398478969943916,0.9116929201064058
26086,LOF,0.038724787454423454,0.06197902490082305,0.8992961876447536
26087,LOF,0.051271139959839625,0.06098275307017806,0.8877461069699822
26088,LOF,0.00837638862960136,0.11345915348879494,0.8781644578816037
26089,LOF,0.03899150673305825,0.1614986589113506,0.7995098343555912
26090,LOF,0.041285999556687984,0.12761674404004786,0.8310972564032642
26091,LOF,0.045845217269439624,0.05284016782482871,0.9013146149057317
26092,LOF,0.05380147743897161,0.031978644937754465,0.9142198776232738
26093,LOF,0.07406649372937113,0.02660697714904609,0.8993265291215827
26094,LOF,0.044785097375584275,0.044928327142926376,0.9102865754814894
26095,LOF,0.009388411093308097,0.04934612252704298,0.941265466379649
26096,LOF,0.29966091612930645,0.011793019582962045,0.6885460642877315
26097,LOF,0.007304120647699551,0.041258926314986594,0.9514369530373139
26098,LOF,0.11333857691603133,0.043770788795035216,0.8428906342889334
26099,LOF,0.03334235936861762,0.07337174919119337,0.893285891440189
26100,LOF,0.03334235936861762,0.07337174919119337,0.893285891440189
26101,LOF,0.031128203216932587,0.09991875791234794,0.8689530388707195
26102,LOF,0.04473367224513324,0.04398981223169731,0.9112765155231695
26103,Neutral,0.8013986954501631,0.06995220328762064,0.12864910126221626
26104,LOF,0.10828440618728334,0.12425526052782052,0.7674603332848963
26105,LOF,0.22083252081111043,0.21397233632129023,0.5651951428675993
26106,LOF,0.3098799787474319,0.19276946564445488,0.4973505556081133
26107,LOF,0.008625493999214051,0.2869289085779305,0.7044455974228554
26108,LOF,0.1363329659542937,0.2593559569025228,0.6043110771431836
26109,LOF,0.027327786033501708,0.11705410815730381,0.8556181058091945
26110,LOF,0.43763204491076085,0.06941025407209284,0.49295770101714625
26111,LOF,0.05259214455733856,0.37242838214841945,0.574979473294242
26112,LOF,0.05104916406047028,0.04173877197183815,0.9072120639676915
26113,LOF,0.041263017338396615,0.07434037634161873,0.8843966063199847
26114,LOF,0.08911994564155398,0.06073617289428023,0.8501438814641659
26115,LOF,0.009877698442417359,0.3481951468244904,0.6419271547330924
26116,LOF,0.06757345573182347,0.12238968111164444,0.8100368631565322
26117,LOF,0.17675377961262156,0.07653735270854319,0.7467088676788354
26118,LOF,0.040673703096775336,0.028228736216662772,0.9310975606865619
26119,LOF,0.0051414195715338016,0.10035946692557143,0.8944991135028949
26120,LOF,0.041970373441787036,0.028638138758058856,0.9293914878001541
26121,LOF,0.003993053046216974,0.2045314478655465,0.7914754990882366
26122,LOF,0.003948355815564595,0.19870369105496233,0.797347953129473
