feature0,prediction,LoGoFunc_Neutral,LoGoFunc_GOF,LoGoFunc_LOF
25546,Neutral,0.6297033763203506,0.14070349491595743,0.2295931287636921
25547,Neutral,0.45156919207764473,0.2846110229045106,0.26381978501784464
25548,Neutral,0.4268224844348208,0.2298003587460763,0.34337715681910286
25549,Neutral,0.4040749542556805,0.23429024317568675,0.3616348025686326
25550,LOF,0.3415762646229309,0.2961743913753595,0.3622493440017096
25551,LOF,0.2715823314879458,0.2825298983234389,0.44588777018861525
25552,LOF,0.14148831731589476,0.27572177277548393,0.5827899099086213
25553,Neutral,0.8119406099910808,0.06098517782136159,0.12707421218755768
25554,LOF,0.1771151111974011,0.2765064925826926,0.5463783962199064
25555,LOF,0.14252803663085786,0.23845851639868715,0.619013446970455
25556,Neutral,0.4705809735992739,0.1907694106536205,0.3386496157471056
25557,LOF,0.14158716184738795,0.25291216448464554,0.6055006736679666
25558,LOF,0.17280199335794036,0.30873182533879856,0.518466181303261
25559,Neutral,0.5007276742921675,0.019867455521574245,0.4794048701862584
25560,LOF,0.03836955940660389,0.23342491597220275,0.7282055246211934
25561,LOF,0.10382863612371172,0.2732048206782759,0.6229665431980124
25562,LOF,0.12079265169796877,0.05945580129183663,0.8197515470101947
25563,LOF,0.11089943207703125,0.10879405623490467,0.7803065116880641
25564,LOF,0.07909901967470817,0.14099605950211175,0.77990492082318
25565,LOF,0.14756938581692228,0.21207131954021122,0.6403592946428666
25566,GOF,0.020091027395538676,0.6803380004909125,0.2995709721135488
25567,LOF,0.01070335515267056,0.16174313515546893,0.8275535096918604
25568,LOF,0.046721385602240505,0.06905172231090899,0.8842268920868505
25569,LOF,0.04939607512314636,0.06518918347978399,0.8854147413970697
25570,LOF,0.04795487372908722,0.08028033904897987,0.8717647872219328
25571,LOF,0.053186663238561305,0.07653674974343466,0.8702765870180041
25572,LOF,0.03777973851639089,0.09659634269367204,0.865623918789937
25573,LOF,0.022038073426773132,0.0931570382319626,0.8848048883412644
25574,LOF,0.009587149674136316,0.25202962012191976,0.738383230203944
25575,LOF,0.045486594869932326,0.06425796123556204,0.8902554438945055
25576,LOF,0.013185183311845977,0.07706163889077612,0.9097531777973779
25577,LOF,0.008471970867022205,0.06705283981619736,0.9244751893167805
25578,LOF,0.28108222288785106,0.07171376417709945,0.6472040129350495
25579,LOF,0.28407700240705064,0.07106110850911547,0.6448618890838339
25580,LOF,0.0278485010665747,0.060190891487989145,0.9119606074454362
25581,LOF,0.043606379858822465,0.07965819693230713,0.8767354232088704
25582,LOF,0.04348009547878915,0.07271483108680535,0.8838050734344056
25583,LOF,0.029790350283361737,0.05974475530604057,0.9104648944105976
25584,Neutral,0.5118768990601368,0.11239641500462219,0.375726685935241
25585,LOF,0.02407735782178558,0.07767268910083015,0.8982499530773843
25586,LOF,0.028066730234965084,0.05055095835321228,0.9213823114118226
25587,LOF,0.024277391434193673,0.04493239539576223,0.9307902131700441
25588,LOF,0.023453091025699285,0.05841052190301406,0.9181363870712866
25589,Neutral,0.6535311855307584,0.1252333552232161,0.22123545924602547
25590,LOF,0.021286584703735532,0.11318944989448278,0.8655239654017816
25591,LOF,0.09415667348006936,0.05564946554058177,0.8501938609793489
25592,LOF,0.07901532263740972,0.0867197422467739,0.8342649351158163
25593,LOF,0.010784618878182972,0.4707369372201934,0.5184784439016236
25594,LOF,0.039437416357500754,0.07528327510840076,0.8852793085340984
25595,LOF,0.06710892132528397,0.06006583111716545,0.8728252475575505
25596,LOF,0.10513129699553246,0.04231634079440169,0.8525523622100658
25597,LOF,0.07724582689995173,0.016073837283046948,0.9066803358170014
25598,LOF,0.05112303299802644,0.07126617098111096,0.8776107960208626
25599,GOF,0.009047459691708948,0.5139942374513107,0.47695830285698043
25600,LOF,0.009889820089290964,0.38741136550523075,0.6026988144054782
25601,LOF,0.006635271559678654,0.21089457971457856,0.7824701487257428
25602,LOF,0.020326976729404728,0.07158189345177107,0.9080911298188241
25603,LOF,0.04014806226633107,0.08159697977277335,0.8782549579608955
25604,LOF,0.0373747842301414,0.064441220083445,0.8981839956864135
25605,LOF,0.012731695376790388,0.2002804795768392,0.7869878250463703
25606,GOF,0.06605640200448362,0.4832632166936746,0.45068038130184174
25607,LOF,0.003503222267050292,0.10841513402722949,0.8880816437057203
25608,LOF,0.0568947506022515,0.02569250736498061,0.9174127420327679
25609,LOF,0.09323408342068966,0.20535871498040567,0.7014072015989048
25610,LOF,0.0426568459706124,0.019539897876539952,0.9378032561528475
25611,LOF,0.05507806102865083,0.011796153628076551,0.9331257853432726
25612,LOF,0.1144164407239101,0.02719022430307933,0.8583933349730105
25613,LOF,0.09462733042575903,0.03226641154197282,0.8731062580322683
25614,LOF,0.04144748845263947,0.03381130763408424,0.9247412039132763
25615,LOF,0.07641519517205594,0.03619252724615603,0.887392277581788
25616,LOF,0.031411742339947445,0.041878109577239905,0.9267101480828127
25617,LOF,0.04725019823674972,0.023954888287503837,0.9287949134757464
25618,LOF,0.21616350279819369,0.039333203996670396,0.7445032932051359
25619,LOF,0.041286489279272864,0.032276214118567376,0.9264372966021598
25620,LOF,0.03482190765183752,0.04777970260210355,0.9173983897460589
25621,LOF,0.04035133649635095,0.020811385276705383,0.9388372782269436
25622,LOF,0.027603451175455512,0.05892572716883711,0.9134708216557075
25623,LOF,0.04695741806993272,0.038924318233046866,0.9141182636970204
25624,LOF,0.03447423001683937,0.041195604676652356,0.9243301653065082
25625,LOF,0.04386640365934383,0.046686300829862956,0.9094472955107932
25626,LOF,0.07133775685797106,0.026438317710900164,0.9022239254311287
25627,Neutral,0.5059038360578283,0.12601841922561455,0.36807774471655713
25628,LOF,0.17586377618064478,0.058432645382678054,0.7657035784366771
25629,LOF,0.044876666849474535,0.09901797322232742,0.8561053599281979
25630,LOF,0.17878869703416245,0.0813297129637323,0.7398815900021052
25631,Neutral,0.5859836909415284,0.08527755120753792,0.3287387578509337
25632,LOF,0.0141520522123748,0.1824498029961858,0.8033981447914393
25633,LOF,0.20517929315581368,0.3164583935630995,0.4783623132810869
25634,LOF,0.03338801080771167,0.2560242207471965,0.7105877684450919
25635,LOF,0.03526542523056769,0.20203053071539678,0.7627040440540356
25636,GOF,0.005307756164818746,0.5686318780463466,0.4260603657888345
25637,LOF,0.004723204858591532,0.352793860965783,0.6424829341756254
25638,LOF,0.006193723853101633,0.358764554432801,0.6350417217140973
25639,LOF,0.005022471149778463,0.2910455936311841,0.7039319352190374
25640,GOF,0.33110493469669,0.6090495210317123,0.059845544271597724
25641,LOF,0.0076566941402536615,0.18554799556689,0.8067953102928563
25642,LOF,0.22529952050433907,0.07453401385786151,0.7001664656377995
25643,LOF,0.2931552244646477,0.08031663087449055,0.6265281446608617
25644,GOF,0.01367644317570097,0.5209448329340144,0.4653787238902845
25645,GOF,0.00947875436792901,0.5934366857275023,0.39708455990456876
25646,LOF,0.010039255405673478,0.3538916658217834,0.6360690787725432
25647,LOF,0.009582556565391661,0.28577882941741634,0.704638614017192
25648,LOF,0.006283742460305589,0.35027514879265126,0.6434411087470432
25649,LOF,0.007174867344081296,0.19781650467786996,0.7950086279780488
25650,GOF,0.02220201706445912,0.5024782783344385,0.47531970460110246
25651,LOF,0.006148640864377654,0.23725468301174885,0.7565966761238735
25652,LOF,0.01068295273712111,0.35717761559894307,0.6321394316639358
25653,GOF,0.039102676283805655,0.5151390090716259,0.4457583146445685
25654,LOF,0.007242151169202849,0.37585940833196063,0.6168984404988366
25655,GOF,0.08652054453466984,0.5120434513997175,0.40143600406561264
25656,LOF,0.08561196691597883,0.027187303717300958,0.8872007293667202
25657,LOF,0.2694505037921344,0.017619271985582413,0.7129302242222832
25658,LOF,0.026119514878426498,0.07990207258450198,0.8939784125370716
25659,LOF,0.2374941558263563,0.09785665346161121,0.6646491907120324
25660,LOF,0.10642188503768836,0.06675088026924464,0.826827234693067
25661,LOF,0.06250518278404861,0.05923377165433936,0.8782610455616119
25662,LOF,0.042226589110509284,0.05213336714233762,0.9056400437471531
25663,LOF,0.04249574416962244,0.09350559907978738,0.8639986567505901
25664,LOF,0.02479969606892521,0.19813520831829234,0.7770650956127824
25665,LOF,0.04315253491904456,0.06176060298626483,0.8950868620946907
25666,LOF,0.03924231867176618,0.18486485739807174,0.7758928239301622
25667,LOF,0.04210289548383769,0.03143376020484185,0.9264633443113205
25668,LOF,0.04333152221264707,0.0450500197419464,0.9116184580454065
25669,LOF,0.0369709829589253,0.07245871416187681,0.8905703028791979
25670,LOF,0.0672415961500684,0.10310858731827459,0.829649816531657
25671,LOF,0.05129914579816958,0.036550093104750644,0.9121507610970797
25672,LOF,0.04973825664879093,0.06274050169774657,0.8875212416534626
25673,LOF,0.038617429304055095,0.062338297753089744,0.8990442729428552
25674,LOF,0.027343077686365257,0.09549067568394684,0.8771662466296879
25675,LOF,0.03262681763526812,0.04151403250823113,0.9258591498565009
25676,LOF,0.03920438023943829,0.0579351219709033,0.9028604977896584
25677,LOF,0.0738530279539169,0.04381579222289769,0.8823311798231854
25678,LOF,0.16963396388569435,0.058524016385529475,0.7718420197287762
25679,LOF,0.10236348433318028,0.0945645128262941,0.8030720028405256
25680,LOF,0.11061987862775907,0.07998615422255943,0.8093939671496815
25681,LOF,0.11614805638865844,0.07773735653095161,0.8061145870803901
25682,LOF,0.048051926390685624,0.03686423526361271,0.9150838383457016
25683,LOF,0.07792621924199859,0.07210373989111647,0.8499700408668849
25684,LOF,0.061560711254055704,0.048298902846325764,0.8901403858996184
25685,LOF,0.12477336387640281,0.03861522627108619,0.8366114098525111
25686,LOF,0.029394632846122933,0.08373529091996494,0.8868700762339121
25687,LOF,0.043808566542720924,0.10480254629277622,0.8513888871645029
25688,LOF,0.025711967146176,0.1511963010321295,0.8230917318216945
25689,LOF,0.01400182401085072,0.09220276707672667,0.8937954089124226
25690,LOF,0.01964022542298767,0.12000653827789869,0.8603532362991136
25691,LOF,0.15541688053161773,0.17810595600251655,0.6664771634658656
25692,LOF,0.33658888708057616,0.015953521805488997,0.6474575911139347
25693,LOF,0.028100274538671983,0.48461738212559563,0.4872823433357324
25694,LOF,0.25531670482542995,0.010753252960078053,0.7339300422144921
25695,LOF,0.19179099574101938,0.0161997603645296,0.792009243894451
25696,LOF,0.08396892005351131,0.015133261311682902,0.9008978186348058
25697,LOF,0.08445817301772765,0.01079615110057505,0.9047456758816974
25698,LOF,0.016349238996887786,0.20438028909455735,0.7792704719085548
25699,LOF,0.07010991356616537,0.3056483931918968,0.6242416932419379
25700,LOF,0.04545188971296052,0.021959199681814187,0.9325889106052252
25701,LOF,0.010383154876996394,0.3313847211982037,0.6582321239247999
25702,GOF,0.03551503311498567,0.5723475995938763,0.3921373672911381
25703,LOF,0.01669525637754647,0.060338785833546835,0.9229659577889068
25704,LOF,0.07021318063299253,0.04417112599358556,0.8856156933734219
25705,LOF,0.09879617647560295,0.15498871664087777,0.7462151068835194
25706,GOF,0.022011163024309277,0.6309556607292159,0.3470331762464748
25707,GOF,0.02523869746481119,0.5403375752001918,0.43442372733499707
25708,GOF,0.00851013233914494,0.5888292801619786,0.4026605874988765
25709,LOF,0.05012494480851999,0.06476870670770594,0.885106348483774
25710,LOF,0.007362299392818374,0.14684584830802558,0.845791852299156
25711,LOF,0.05139545049502107,0.10023286569017094,0.848371683814808
25712,LOF,0.010206413721695673,0.20232813408152875,0.7874654521967756
25713,LOF,0.04013604984607489,0.09996145950109382,0.8599024906528313
25714,LOF,0.039218540108265414,0.17617515642206977,0.7846063034696648
25715,LOF,0.04704110449945349,0.10451377783401261,0.8484451176665339
25716,LOF,0.0064152059821787465,0.08596898055596174,0.9076158134618595
25717,LOF,0.006673552966394654,0.09087565682717903,0.9024507902064264
25718,LOF,0.039100654017868434,0.06891559728431099,0.8919837486978206
25719,LOF,0.044496347176641686,0.11405099048017543,0.8414526623431828
25720,LOF,0.038631816969225234,0.11017032835127193,0.8511978546795028
25721,LOF,0.0391946888961579,0.1110197007583873,0.8497856103454547
25722,LOF,0.03140627068512726,0.1309744791489755,0.8376192501658972
25723,LOF,0.055843746087834795,0.11380613901808287,0.8303501148940824
25724,LOF,0.06599102084363806,0.27183871900429046,0.6621702601520715
25725,LOF,0.06534893162470626,0.0934336129364604,0.8412174554388334
25726,LOF,0.03734145705589623,0.10185023589218174,0.8608083070519221
25727,LOF,0.05225013608918077,0.08407510968129064,0.8636747542295287
25728,LOF,0.04350120913801783,0.11903641644528437,0.8374623744166978
25729,LOF,0.04836226329295413,0.11951829695469529,0.8321194397523505
25730,LOF,0.05598243961781569,0.0850165807700702,0.8590009796121142
25731,LOF,0.008874870543229258,0.08867512185976509,0.9024500075970056
25732,LOF,0.03080229574240385,0.05339663164624382,0.9158010726113522
25733,LOF,0.039886231100009294,0.08378653453701193,0.8763272343629788
25734,LOF,0.006174580494247272,0.2954773580169302,0.6983480614888226
25735,LOF,0.03328948917796001,0.08729012890646683,0.8794203819155731
25736,LOF,0.032060920203169176,0.15888889477955973,0.8090501850172711
25737,LOF,0.06132818256558238,0.08924629339711428,0.8494255240373034
25738,LOF,0.0495982370456126,0.17481371653428937,0.775588046420098
25739,LOF,0.03515997213824518,0.13371406722637022,0.8311259606353847
25740,LOF,0.06506787740550826,0.11128258809513014,0.8236495344993617
25741,LOF,0.062482300753829136,0.10129745029453611,0.8362202489516347
25742,LOF,0.06914729101792783,0.1087147882990029,0.8221379206830692
25743,LOF,0.011711866455523239,0.017949730974858264,0.9703384025696185
25744,LOF,0.14122614279728313,0.1434986456212671,0.7152752115814498
25745,LOF,0.030322765936316547,0.06286598475288571,0.9068112493107978
25746,LOF,0.01412595696818924,0.09345857306473859,0.8924154699670721
25747,LOF,0.050314475705217444,0.03257650804515747,0.9171090162496249
25748,LOF,0.30990390099984483,0.09148006431300479,0.5986160346871503
25749,LOF,0.020208958866421753,0.058906260599365386,0.9208847805342127
25750,LOF,0.019516925501957175,0.0718054310963092,0.9086776434017337
25751,LOF,0.03825058524807478,0.07602197122424728,0.8857274435276778
25752,GOF,0.105737327419606,0.5178246853014777,0.3764379872789164
25753,LOF,0.0076054099205819185,0.33447868934780756,0.6579159007316104
25754,GOF,0.009811278012239515,0.8924328012673457,0.09775592072041489
25755,LOF,0.008403864751418353,0.35726219092237477,0.6343339443262069
25756,LOF,0.025949227734258336,0.412998400811796,0.5610523714539456
25757,GOF,0.009598851284033707,0.8466471341696783,0.14375401454628794
25758,GOF,0.011517082798554542,0.8792666109426353,0.10921630625881029
25759,GOF,0.0078045486414066514,0.6678396706221715,0.3243557807364218
25760,LOF,0.006990633935207119,0.2598039529030893,0.7332054131617036
25761,GOF,0.05639664678829526,0.8735219167149283,0.07008143649677645
25762,LOF,0.026425544381172995,0.3786065363586629,0.594967919260164
25763,LOF,0.006489628167367868,0.26182541599632597,0.7316849558363062
25764,GOF,0.07854918403621951,0.6558788686670985,0.2655719472966819
25765,GOF,0.011490470180302609,0.9035261987813372,0.0849833310383601
25766,GOF,0.03276990411803703,0.8353001856232813,0.13192991025868156
25767,GOF,0.012245715578602582,0.5440214230549586,0.4437328613664388
25768,LOF,0.056949040592111755,0.06367819071671411,0.8793727686911741
25769,LOF,0.03496509334520192,0.1016033918703665,0.8634315147844317
25770,LOF,0.1480064202617442,0.15922865456008406,0.6927649251781717
25771,LOF,0.023708234215533797,0.07903569371106214,0.8972560720734041
25772,LOF,0.05176702259798613,0.05223642856067893,0.8959965488413348
25773,LOF,0.01952031806656535,0.1200214162163738,0.8604582657170609
25774,LOF,0.02670939599501815,0.2556165925788236,0.7176740114261582
25775,LOF,0.02320138697755331,0.04702769447826576,0.9297709185441809
25776,LOF,0.041394105321384086,0.03391332234469707,0.9246925723339189
25777,LOF,0.20837817011356286,0.16559809275199755,0.6260237371344396
25778,LOF,0.031631438075712524,0.09262824281843096,0.8757403191058566
25779,GOF,0.06483876260719147,0.7559249112475026,0.1792363261453059
25780,GOF,0.07679513747713766,0.7696479541549335,0.1535569083679289
25781,GOF,0.030952153690660573,0.7335885260278335,0.2354593202815059
25782,GOF,0.032570430879762524,0.8196401486037753,0.14778942051646213
25783,GOF,0.061364895507567824,0.8187599806958803,0.11987512379655195
25784,GOF,0.12118796225449714,0.7616021290331507,0.11720990871235214
25785,GOF,0.16174967296383902,0.7572224505648976,0.08102787647126342
25786,GOF,0.01560954984644515,0.6382685945267271,0.3461218556268278
25787,GOF,0.356334611963989,0.5513819890877967,0.09228339894821425
25788,LOF,0.02357984844120277,0.06827444107951404,0.9081457104792833
25789,GOF,0.018941894984257267,0.7367612779927352,0.24429682702300767
25790,GOF,0.0335386152014043,0.716070139690924,0.2503912451076717
25791,GOF,0.030249945281590064,0.49680571577915655,0.47294433893925336
25792,GOF,0.038633905688715636,0.5895542579897893,0.37181183632149495
25793,GOF,0.06460795144866151,0.6377498181742871,0.2976422303770515
25794,LOF,0.06264825783965475,0.4546947218522139,0.48265702030813135
25795,GOF,0.05973808232171618,0.5481545990817545,0.3921073185965293
25796,GOF,0.17740725301417495,0.5289877154568406,0.2936050315289843
25797,GOF,0.08497493625354388,0.4836743100081488,0.43135075373830734
25798,GOF,0.007732328938782821,0.7499396849036396,0.24232798615757753
25799,GOF,0.005543781093143132,0.6274733823869294,0.3669828365199276
25800,GOF,0.02460409104359635,0.7981332830894595,0.17726262586694408
25801,GOF,0.026145650112621144,0.7739097334105766,0.19994461647680223
25802,GOF,0.027107402254966016,0.6657997829858118,0.30709281475922223
25803,GOF,0.021975710489082523,0.5832375869841432,0.39478670252677434
25804,GOF,0.03747340781607995,0.5526309603782664,0.40989563180565364
25805,GOF,0.027480056272254055,0.6520568465245907,0.32046309720315524
25806,GOF,0.037753445150356106,0.6703910617169662,0.29185549313267767
25807,GOF,0.017329943470040625,0.539907567270826,0.44276248925913336
25808,GOF,0.02903511768574207,0.6702193041352639,0.3007455781789941
25809,GOF,0.01643208150717866,0.5833872268676998,0.4001806916251216
25810,GOF,0.014078994981760367,0.585063300377169,0.40085770464107057
25811,GOF,0.08646068939396007,0.7748247527528392,0.13871455785320072
25812,GOF,0.047989812174297056,0.5487811019239944,0.40322908590170853
25813,GOF,0.2650663131639139,0.5466514728963002,0.1882822139397858
25814,GOF,0.04264474569870917,0.6072662594497548,0.350088994851536
25815,GOF,0.0656701358919361,0.7111280481158607,0.22320181599220312
25816,GOF,0.01046197542790583,0.7493386472820892,0.24019937729000507
25817,GOF,0.1179305739741321,0.5821343419040751,0.29993508412179287
25818,GOF,0.029343729946172972,0.7271513956273542,0.24350487442647287
25819,GOF,0.05456345530146111,0.6493794354570458,0.2960571092414931
25820,GOF,0.05735328406979751,0.5558354178682079,0.3868112980619946
25821,GOF,0.038977887074920635,0.6145909433350539,0.3464311695900254
25822,GOF,0.07439653049278777,0.5934720555262731,0.33213141398093904
25823,GOF,0.04040668875545713,0.5574917493213863,0.4021015619231566
25824,GOF,0.029283560573504345,0.6739040625821446,0.29681237684435097
25825,GOF,0.02057495812048997,0.6763698173215146,0.3030552245579954
25826,GOF,0.0110186207822277,0.5813183315410205,0.40766304767675177
25827,GOF,0.020297452228153552,0.6395134792166707,0.3401890685551759
25828,GOF,0.012991102179714765,0.6510232150876519,0.3359856827326333
25829,LOF,0.004896015261750451,0.4771086681944867,0.5179953165437629
25830,LOF,0.08138791687420249,0.25169139995235523,0.6669206831734422
25831,GOF,0.07730197964831087,0.7469829420436193,0.17571507830806987
25832,GOF,0.010931053885992519,0.6864551933211944,0.30261375279281305
25833,GOF,0.03172769197481832,0.7647213555779928,0.20355095244718893
25834,GOF,0.011314455104117223,0.7022855329075354,0.28640001198834736
25835,GOF,0.031830189957113855,0.8022366610559595,0.16593314898692657
25836,GOF,0.00940039527686977,0.7295594056363048,0.2610401990868253
25837,GOF,0.014278635542265857,0.7081260977417392,0.2775952667159949
25838,GOF,0.02542727816237892,0.7796481732250778,0.1949245486125432
25839,GOF,0.08409196933722568,0.6936956181614303,0.22221241250134396
25840,GOF,0.10278679523824706,0.6663364724379709,0.23087673232378197
25841,GOF,0.08578113008937457,0.7371921991307203,0.17702667077990517
25842,GOF,0.029171625073551945,0.8136690886875659,0.15715928623888215
25843,GOF,0.028232932806039928,0.8149164824043332,0.1568505847896269
25844,GOF,0.02424469952813555,0.75373967024124,0.2220156302306244
25845,GOF,0.009801165156334831,0.6076571035575691,0.3825417312860962
25846,GOF,0.07446092814760631,0.8003992208478875,0.1251398510045062
25847,GOF,0.02178194114353361,0.808679949419565,0.16953810943690145
25848,GOF,0.022578270954543844,0.7660318383969296,0.21138989064852665
25849,GOF,0.008203100411451423,0.7348861493054193,0.2569107502831293
25850,GOF,0.008946397312653565,0.5979596506204696,0.3930939520668768
25851,GOF,0.008082088961042531,0.5321533210057628,0.4597645900331946
25852,LOF,0.18039067682329296,0.40491903822056113,0.4146902849561459
25853,GOF,0.06357522505076002,0.6036093311011812,0.3328154438480588
25854,GOF,0.008161109557422136,0.5971797067929194,0.3946591836496585
25855,GOF,0.02644681457254921,0.5009029988056828,0.47265018662176805
25856,GOF,0.05823618326512865,0.6560986422344083,0.2856651745004632
25857,GOF,0.026250422748957884,0.4967929823105244,0.47695659494051773
25858,LOF,0.009714345021073201,0.4890079303599054,0.5012777246190213
25859,LOF,0.007166201020723563,0.46830270293961707,0.5245310960396594
25860,GOF,0.082413415153411,0.5401447661074305,0.37744181873915855
25861,GOF,0.10544278103610909,0.729047678261181,0.16550954070270998
25862,GOF,0.021686247206975862,0.8357703138696339,0.14254343892339036
25863,GOF,0.019358576893459822,0.7894460144774843,0.19119540862905593
25864,GOF,0.030959290368968835,0.8437408136320217,0.1252998959990095
25865,GOF,0.03602952952386319,0.806295591927267,0.15767487854886988
25866,GOF,0.019854360801075936,0.7902993183072757,0.18984632089164835
25867,GOF,0.049833969411160035,0.8002453413089982,0.14992068927984165
25868,GOF,0.07671727633530007,0.6567610749931455,0.2665216486715545
25869,GOF,0.34587788333817393,0.45134713011108335,0.20277498655074272
25870,LOF,0.08987929195629547,0.2765620013521405,0.6335587066915641
25871,GOF,0.011884313345925943,0.5791600844798248,0.4089556021742492
25872,GOF,0.026963701292217375,0.6087538588650833,0.3642824398426993
25873,GOF,0.021869707334573933,0.6765659002542777,0.30156439241114846
25874,LOF,0.031677760531547444,0.07188495680817183,0.8964372826602807
25875,LOF,0.023177482594861024,0.16154289956311077,0.8152796178420282
25876,LOF,0.02173791727078515,0.07290976564848932,0.9053523170807255
25877,LOF,0.08135412248533992,0.2892866467381721,0.629359230776488
25878,LOF,0.05238980890684366,0.3639599474761241,0.5836502436170322
25879,LOF,0.010256824650889831,0.19411940804954197,0.7956237672995683
25880,LOF,0.045768424786354234,0.023742150155145747,0.9304894250585
25881,Neutral,0.49319393681703744,0.2654363098744725,0.24136975330849003
25882,LOF,0.03785692301039751,0.11065413512052645,0.851488941869076
25883,LOF,0.02461313094344308,0.1300445055584279,0.845342363498129
25884,LOF,0.01383138728395705,0.11024057796580032,0.8759280347502426
25885,LOF,0.13267297820697066,0.02832057143629748,0.8390064503567319
25886,LOF,0.2005086654311976,0.22685709372641236,0.57263424084239
25887,LOF,0.04993837387496877,0.4526060159592736,0.49745561016575773
25888,LOF,0.005420820067863336,0.3977258896008663,0.5968532903312704
25889,LOF,0.02262324183209283,0.09157466601770504,0.8858020921502022
25890,LOF,0.1931616150138507,0.3038453124554347,0.5029930725307146
25891,LOF,0.10278497502779319,0.08634171808473443,0.8108733068874724
25892,LOF,0.006837749937294164,0.039459053145030745,0.953703196917675
25893,LOF,0.2414984144412418,0.013807146671044586,0.7446944388877137
25894,LOF,0.29664988742474824,0.00868930069331077,0.6946608118819411
25895,LOF,0.2737786261187544,0.012233800791053656,0.7139875730901918
25896,LOF,0.06024803452740376,0.039392222835587576,0.9003597426370087
25897,LOF,0.09465633906176643,0.017669999160750884,0.8876736617774827
25898,LOF,0.08604047693907892,0.043177401340448944,0.8707821217204722
25899,LOF,0.3651232018938842,0.04343783632943121,0.5914389617766845
25900,Neutral,0.7198315912470735,0.020812780593399288,0.2593556281595271
25901,LOF,0.05665261222747743,0.012787467995491188,0.9305599197770313
25902,LOF,0.08302626616446757,0.008770358282766002,0.9082033755527663
25903,LOF,0.13174225524942143,0.03551259372201928,0.8327451510285594
25904,LOF,0.4293210725649057,0.0854538989726979,0.48522502846239657
25905,LOF,0.01365067284516369,0.2470932530545178,0.7392560741003185
25906,LOF,0.009659656621157914,0.018758915035062596,0.9715814283437796
25907,LOF,0.009190233828092026,0.14234610519418828,0.8484636609777196
25908,LOF,0.010302806415555333,0.14625326532440575,0.8434439282600388
25909,LOF,0.05475267886126779,0.053835827505474075,0.8914114936332581
25910,LOF,0.014601673789247831,0.10313052876928962,0.8822677974414627
25911,LOF,0.20703192841682067,0.077341264215568,0.7156268073676113
25912,LOF,0.13798240162887482,0.025464172889109026,0.8365534254820162
25913,LOF,0.01492268482293783,0.08581928270395632,0.8992580324731058
25914,LOF,0.048700904432677265,0.03257344708996776,0.9187256484773548
25915,GOF,0.2305163404186389,0.39374124246748904,0.37574241711387213
25916,LOF,0.01829992775816673,0.1978458998441063,0.783854172397727
25917,LOF,0.07257061662517801,0.032170288939777664,0.8952590944350443
25918,LOF,0.0520646416482421,0.02207057930328709,0.9258647790484708
25919,LOF,0.04648007635407706,0.020525827099143114,0.9329940965467798
25920,LOF,0.2988330404052378,0.32442525606085176,0.37674170353391045
25921,LOF,0.021113555682235476,0.02715220408469991,0.9517342402330645
25922,LOF,0.01873796134135332,0.022516859016133678,0.958745179642513
25923,LOF,0.4575321792950824,0.016549857758785824,0.5259179629461317
25924,LOF,0.026421151080813974,0.024226924359970693,0.9493519245592152
25925,LOF,0.11613331589670446,0.030263979160670716,0.8536027049426249
25926,LOF,0.10087569571357713,0.03122221220230408,0.8679020920841187
25927,LOF,0.021338489974995996,0.05853527271307255,0.9201262373119314
25928,LOF,0.01486496674917335,0.014926868675001648,0.9702081645758249
25929,Neutral,0.5782259772247715,0.01671643888682657,0.40505758388840185
25930,LOF,0.061924297886433284,0.01838871781289377,0.919686984300673
25931,LOF,0.015097188652874967,0.01824854372495662,0.9666542676221683
25932,LOF,0.09423626555484088,0.010995784950210813,0.8947679494949483
25933,LOF,0.08440254944038883,0.007617706505152337,0.9079797440544588
25934,LOF,0.0811018317775601,0.009563493288349299,0.9093346749340905
25935,LOF,0.11340855448400348,0.030478710526884382,0.8561127349891121
25936,LOF,0.08652701524738744,0.007672856788836232,0.9058001279637763
25937,LOF,0.01776961886728111,0.017787593840763272,0.9644427872919556
25938,LOF,0.11547695371047424,0.0279619046440534,0.8565611416454724
25939,LOF,0.06115815977787772,0.009896742644897618,0.9289450975772245
25940,LOF,0.007999006208910064,0.3884119616466017,0.6035890321444883
25941,Neutral,0.5173206821783386,0.1805732657940994,0.3021060520275621
25942,LOF,0.008479666594568726,0.2384132612361055,0.7531070721693258
25943,GOF,0.027403393977022624,0.6504781925348112,0.32211841348816617
25944,GOF,0.02521910536191687,0.4884381115630132,0.48634278307506984
25945,LOF,0.10640993334773631,0.1607646438543452,0.7328254227979185
25946,LOF,0.09730794026410708,0.08569133912621996,0.8170007206096729
25947,Neutral,0.47950312601895356,0.11785391313982947,0.40264296084121687
25948,Neutral,0.5064946333126414,0.013390748018970212,0.4801146186683883
25949,LOF,0.12814164123092564,0.0291610666429411,0.8426972921261333
25950,GOF,0.04271471700499223,0.8216062460556448,0.13567903693936312
25951,GOF,0.016176077078454622,0.6087007936932366,0.3751231292283086
25952,LOF,0.1034074247135211,0.3978428131452169,0.4987497621412621
25953,GOF,0.007427288715011138,0.5077124103329613,0.48486030095202753
25954,GOF,0.029339838882579485,0.6246407349672142,0.34601942615020637
25955,GOF,0.005561310544178792,0.5886465473116445,0.40579214214417675
25956,LOF,0.010608426728075626,0.39634659625227037,0.5930449770196541
25957,LOF,0.2501388535411551,0.032425955081780485,0.7174351913770644
25958,LOF,0.027677706673361037,0.09055425820889047,0.8817680351177484
25959,GOF,0.0064436045428508055,0.6543316948491094,0.3392247006080399
25960,LOF,0.004948316915001991,0.1672743093146544,0.8277773737703437
25961,LOF,0.02789002203712848,0.08803588918071836,0.8840740887821532
25962,LOF,0.05745589201251743,0.05917917836123264,0.8833649296262499
25963,LOF,0.010402356518832522,0.1914781607639297,0.7981194827172379
25964,LOF,0.054502167989185966,0.13979876635066824,0.8056990656601458
25965,LOF,0.15238488487462107,0.20538692592861257,0.6422281891967664
25966,LOF,0.3376080459876894,0.3192919847015287,0.343099969310782
25967,LOF,0.0074360107488078584,0.06863202157328059,0.9239319676779116
25968,LOF,0.07675644622655364,0.2892852781530933,0.633958275620353
25969,LOF,0.14489274958734216,0.06127333095761281,0.793833919455045
25970,LOF,0.04037501726508379,0.2496119483645244,0.7100130343703919
25971,LOF,0.0690771285520724,0.08863780145762244,0.8422850699903052
25972,LOF,0.06739814351466913,0.1146940616533664,0.8179077948319644
25973,LOF,0.10049249687159534,0.006919608198031897,0.8925878949303727
25974,LOF,0.09283164020375721,0.04993261214672369,0.857235747649519
25975,LOF,0.040190125211584854,0.00881086336233335,0.9509990114260817
25976,LOF,0.09924689789265824,0.006283581531092246,0.8944695205762495
25977,LOF,0.20399723834470268,0.10722874783080243,0.6887740138244949
25978,LOF,0.12658462201917184,0.10730480670435444,0.7661105712764738
25979,LOF,0.09793430693901328,0.10661997547245992,0.7954457175885268
25980,LOF,0.1509668905341175,0.2514373389360978,0.5975957705297846
25981,LOF,0.1533464148627809,0.2616755077722334,0.5849780773649857
25982,LOF,0.23303380226467357,0.1094171319447754,0.657549065790551
25983,Neutral,0.45289758795598467,0.1160930807439223,0.431009331300093
25984,LOF,0.035710106610724365,0.1941392168667132,0.7701506765225624
25985,Neutral,0.4256616687229809,0.17994387350893826,0.3943944577680807
25986,GOF,0.008966257529986225,0.5386771498744556,0.4523565925955582
25987,LOF,0.019891120292111597,0.11327066117081656,0.8668382185370719
25988,LOF,0.027655496150665836,0.31625881489705004,0.6560856889522841
25989,LOF,0.02946381463005065,0.27419565298809373,0.6963405323818557
25990,LOF,0.03611517325515186,0.33284866749669006,0.631036159248158
25991,GOF,0.0317403939740118,0.6428982530816647,0.32536135294432356
25992,LOF,0.009877656826321208,0.4148329041389249,0.5752894390347539
25993,LOF,0.028768843009803015,0.0762869345217991,0.8949442224683979
25994,LOF,0.03227923217433179,0.1040024563820807,0.8637183114435875
25995,LOF,0.02017980815390057,0.17519730357528318,0.8046228882708162
25996,GOF,0.26667105473334696,0.585419577032822,0.1479093682338309
25997,GOF,0.052312198847503655,0.7042743771794389,0.24341342397305749
25998,LOF,0.26407101483483864,0.039667503744800374,0.6962614814203609
25999,LOF,0.02708819047222728,0.4531285871242114,0.5197832224035612
26000,LOF,0.13353789725803733,0.016545615733448458,0.8499164870085142
26001,LOF,0.1314935754044412,0.026322826684178312,0.8421835979113804
26002,LOF,0.09053430129326047,0.017458237189874635,0.8920074615168648
26003,LOF,0.009348627215013906,0.4757627576474405,0.5148886151375456
26004,LOF,0.025590515869816293,0.4547933143503249,0.5196161697798588
26005,LOF,0.007139418286238,0.43442626410014834,0.5584343176136137
26006,GOF,0.1644863390248754,0.4181082019047889,0.4174054590703357
26007,LOF,0.012804901998916814,0.46975822488895314,0.5174368731121302
26008,LOF,0.009068780360123187,0.4503626546607383,0.5405685649791386
26009,GOF,0.019307970575083162,0.5382014403378673,0.4424905890870495
26010,GOF,0.01176737944664291,0.5045797840841353,0.4836528364692217
26011,LOF,0.007718214123293288,0.38390298028034514,0.6083788055963616
26012,LOF,0.0076454265079038556,0.39757947866291815,0.594775094829178
26013,LOF,0.01371460875820856,0.4077005246012156,0.5785848666405758
26014,LOF,0.06483211140854962,0.08428789853800313,0.8508799900534472
26015,LOF,0.41126610208885245,0.05631967627387625,0.5324142216372713
26016,LOF,0.24480937251504237,0.1527378962602726,0.6024527312246851
26017,LOF,0.015039772652715633,0.4445176581194869,0.5404425692277974
26018,LOF,0.020009422963944423,0.17633203509166298,0.8036585419443927
26019,LOF,0.02020896418461745,0.13985161340513083,0.8399394224102518
26020,LOF,0.006408557714424637,0.35219769232665493,0.6413937499589205
26021,LOF,0.07593791343738761,0.2635691550332096,0.6604929315294027
26022,LOF,0.049193212358348254,0.06023602370360294,0.8905707639380489
26023,LOF,0.029838680499076845,0.11177810858517043,0.8583832109157528
26024,LOF,0.045903241080289266,0.17682441515439368,0.7772723437653171
26025,LOF,0.10192791678835077,0.2047365599989832,0.6933355232126661
26026,LOF,0.09980671849751778,0.17790765126398164,0.7222856302385007
26027,LOF,0.031611573838914074,0.0698457630608864,0.8985426631001996
26028,LOF,0.07326865219532049,0.18234769833015213,0.7443836494745274
26029,LOF,0.04289924249370822,0.08422803496446384,0.8728727225418279
26030,LOF,0.17065660247800307,0.00765577239023524,0.8216876251317617
26031,LOF,0.023090586381422487,0.09763361815280393,0.8792757954657736
26032,LOF,0.02979710309254625,0.018035239970993537,0.9521676569364601
26033,LOF,0.046056084550216515,0.02959648194010374,0.9243474335096797
26034,LOF,0.029680458182393187,0.06290277739792659,0.9074167644196801
26035,LOF,0.01787198298997444,0.0724252456375725,0.909702771372453
26036,LOF,0.016403179969752917,0.06056968978742031,0.9230271302428267
26037,LOF,0.01566819800133495,0.05752354035610276,0.9268082616425624
26038,LOF,0.024596747034420233,0.018297635745938616,0.9571056172196412
26039,LOF,0.0351047166907764,0.08772805357074928,0.8771672297384743
26040,LOF,0.07051048953370075,0.11148558863494658,0.8180039218313527
26041,LOF,0.018481818584050718,0.0724090378757522,0.909109143540197
26042,LOF,0.017273351433529618,0.07518281698880104,0.9075438315776693
26043,LOF,0.024045450523310957,0.04257119092044302,0.9333833585562461
26044,LOF,0.009523219466027261,0.04051057712113969,0.9499662034128331
26045,LOF,0.08719097995387175,0.15027339275231594,0.7625356272938123
26046,LOF,0.023469154810002245,0.04630225424623188,0.9302285909437658
26047,LOF,0.05779915881898221,0.0359505852534167,0.906250255927601
26048,LOF,0.06965265027351082,0.027695344362899405,0.9026520053635898
26049,Neutral,0.9158758046093671,0.0056618303275227586,0.07846236506311012
26050,Neutral,0.8440603903975938,0.0069256167871162315,0.14901399281528985
26051,GOF,0.026918147861084762,0.48889654952898365,0.4841853026099317
26052,LOF,0.027940979716111303,0.34175955101533206,0.6302994692685567
26053,LOF,0.03967091255207375,0.05408362860237909,0.9062454588455472
26054,LOF,0.054277027986315285,0.0695474863229141,0.8761754856907705
26055,LOF,0.06359186762393437,0.07432253263415516,0.8620855997419106
26056,LOF,0.06129072715322238,0.08075105656197672,0.857958216284801
26057,LOF,0.055678204421735975,0.021331087804564,0.9229907077737
26058,LOF,0.06268962726626545,0.016972334621087017,0.9203380381126476
26059,LOF,0.2767342917129849,0.13026338209171137,0.5930023261953037
26060,LOF,0.013999190017812087,0.30417919171272584,0.6818216182694621
26061,LOF,0.012267492097983342,0.013935338837820645,0.9737971690641961
26062,LOF,0.005800768120151736,0.033989762790033164,0.960209469089815
26063,LOF,0.05338730725468899,0.01872217855393438,0.9278905141913766
26064,LOF,0.009691896922966589,0.018409325834576575,0.9718987772424569
26065,LOF,0.044371017737566916,0.025489958285684674,0.9301390239767485
26066,LOF,0.045897360474046876,0.017412371949306518,0.9366902675766466
26067,LOF,0.055474909058856575,0.020451450748219892,0.9240736401929235
26068,LOF,0.05147992914378786,0.06096625307603925,0.8875538177801728
26069,LOF,0.17300662202769482,0.039277644874192164,0.7877157330981129
26070,LOF,0.39668305399767945,0.023830439782961912,0.5794865062193586
26071,LOF,0.04764302329095301,0.019559424116620712,0.9327975525924261
26072,LOF,0.008776079274256233,0.020915567631809285,0.9703083530939345
26073,LOF,0.04896319397667281,0.015620549091912251,0.935416256931415
26074,Neutral,0.7359346875997537,0.018441081024922736,0.24562423137532366
26075,LOF,0.044386258575653745,0.03197456497817541,0.9236391764461708
26076,LOF,0.055492624431427516,0.030722967917675342,0.9137844076508971
26077,LOF,0.16658045309649444,0.025843308733402133,0.8075762381701035
26078,LOF,0.007177182385907164,0.027448262234883662,0.9653745553792092
26079,LOF,0.0606594435414682,0.03524289638857045,0.9040976600699614
26080,LOF,0.05975753078185674,0.035151485920064125,0.9050909832980791
26081,LOF,0.048887857850356806,0.01907434800452086,0.9320377941451223
26082,LOF,0.007249150091779825,0.03251196695857649,0.9602388829496437
26083,LOF,0.044840865199258756,0.05154587027290465,0.9036132645278365
26084,LOF,0.0509282494901832,0.028443766898092054,0.9206279836117248
26085,LOF,0.04681501427898939,0.0246851584686719,0.9284998272523388
26086,LOF,0.03581059290739556,0.026003249524377804,0.9381861575682267
26087,LOF,0.043842677591329295,0.028134262605229127,0.9280230598034417
26088,LOF,0.007919263506806246,0.05706214767836107,0.9350185888148327
26089,LOF,0.03920161842019414,0.07051668413575994,0.890281697444046
26090,LOF,0.03880361743796551,0.05128585289137911,0.9099105296706554
26091,LOF,0.048713349992010886,0.023274991777272432,0.9280116582307167
26092,LOF,0.05376782020312422,0.017690671702948933,0.9285415080939269
26093,LOF,0.07372136988628283,0.013842069230912196,0.9124365608828049
26094,LOF,0.04184189061915011,0.0200490541633764,0.9381090552174736
26095,LOF,0.012996493663934997,0.03498935017852488,0.9520141561575401
26096,LOF,0.29583233016082405,0.005053264016458582,0.6991144058227174
26097,LOF,0.0076863597402433235,0.05184560882442944,0.9404680314353272
26098,LOF,0.05928020684742672,0.03448544939249328,0.9062343437600799
26099,LOF,0.04309511542340573,0.07211382336792341,0.8847910612086709
26100,LOF,0.04309511542340573,0.07211382336792341,0.8847910612086709
26101,LOF,0.0363819492131658,0.07076842017226861,0.8928496306145657
26102,LOF,0.04958825408543325,0.027432508972777266,0.9229792369417894
26103,Neutral,0.8657142986619704,0.04692626797394018,0.08735943336408959
26104,LOF,0.04920299870353662,0.12059437372570965,0.8302026275707538
26105,LOF,0.2528482811195904,0.2164526209520352,0.5306990979283744
26106,LOF,0.29719649147271854,0.15859942003452773,0.5442040884927537
26107,LOF,0.010591890202461329,0.14641462907922845,0.8429934807183102
26108,LOF,0.14682663667638132,0.176125944998402,0.6770474183252166
26109,LOF,0.044736706404683975,0.03318739690360037,0.9220758966917156
26110,Neutral,0.5402183176266103,0.02724376621744234,0.4325379161559474
26111,LOF,0.0610267094323973,0.19118525188573493,0.7477880386818677
26112,LOF,0.05988234109735973,0.03014478988816645,0.9099728690144737
26113,LOF,0.06628664868690924,0.05542014787388928,0.8782932034392015
26114,LOF,0.08888102713598885,0.024635821027287702,0.8864831518367235
26115,LOF,0.016074486417533215,0.177826106751646,0.8060994068308208
26116,LOF,0.052954157586431516,0.04719880690063083,0.8998470355129377
26117,LOF,0.27859672483250075,0.06405871003879936,0.6573445651286999
26118,LOF,0.0455778432785916,0.020632651490801342,0.9337895052306071
26119,LOF,0.0060426642751668196,0.10399094438805069,0.8899663913367826
26120,LOF,0.037761845098947276,0.02565336046403569,0.9365847944370169
26121,LOF,0.004868515300362493,0.10776411624780298,0.8873673684518346
