feature0,prediction,LoGoFunc_Neutral,LoGoFunc_GOF,LoGoFunc_LOF
25546,Neutral,0.7418934523154768,0.035989723866357744,0.22211682381816547
25547,Neutral,0.6006209164043115,0.07254873475967885,0.32683034883600964
25548,Neutral,0.5550905247873178,0.05395494394754453,0.3909545312651377
25549,LOF,0.46922027847854425,0.054349164907014205,0.47643055661444156
25550,LOF,0.3271537421593611,0.10294381926329894,0.5699024385773399
25551,LOF,0.2842822476044257,0.11319525666298001,0.6025224957325943
25552,LOF,0.2049241048451312,0.10934719762391658,0.6857286975309522
25553,Neutral,0.824174059846752,0.030142744265684026,0.1456831958875641
25554,LOF,0.22564630508344447,0.1039330277348309,0.6704206671817245
25555,LOF,0.19144344241129035,0.08981681506187898,0.7187397425268307
25556,LOF,0.37617520843963026,0.08811141214386821,0.5357133794165014
25557,LOF,0.18746300555606707,0.0953138263782394,0.7172231680656935
25558,LOF,0.21538471703085127,0.10721286199857273,0.677402420970576
25559,LOF,0.39571389322044487,0.08244212623646283,0.5218439805430923
25560,LOF,0.049983053769648476,0.16312125004124567,0.7868956961891059
25561,LOF,0.11017986782358248,0.16819118628306456,0.721628945893353
25562,LOF,0.10952657375660665,0.06925901889140967,0.8212144073519836
25563,LOF,0.09664746831764888,0.08012945832838768,0.8232230733539634
25564,LOF,0.19142820347456363,0.15739619434830046,0.6511756021771359
25565,LOF,0.15078288661820144,0.12264317562551226,0.7265739377562863
25566,GOF,0.016406320354290307,0.7400856517324189,0.24350802791329074
25567,LOF,0.012518029458304316,0.15926956231075456,0.8282124082309411
25568,LOF,0.05559831111834953,0.07755061055027718,0.8668510783313732
25569,LOF,0.06823721217562262,0.08035025591391408,0.8514125319104634
25570,LOF,0.057417553095288,0.11577274648012932,0.8268097004245827
25571,LOF,0.05353862630678195,0.1120802871269834,0.8343810865662347
25572,LOF,0.06429566144475247,0.14804253856228314,0.7876617999929643
25573,LOF,0.027964820767427692,0.10859338345455156,0.8634417957780207
25574,LOF,0.014792955354883711,0.17324358926785502,0.8119634553772612
25575,LOF,0.04374053718200282,0.1303760743813427,0.8258833884366544
25576,LOF,0.017677149889937554,0.13925933421384218,0.8430635158962202
25577,LOF,0.012874794023556237,0.1537638382826104,0.8333613676938333
25578,LOF,0.23381771627470732,0.10489196362572697,0.6612903200995657
25579,LOF,0.23483004709823352,0.1039487235603336,0.6612212293414329
25580,LOF,0.030611446685021852,0.09777164837892806,0.8716169049360502
25581,LOF,0.057735321587488855,0.08381845361864193,0.8584462247938692
25582,LOF,0.05758835561716404,0.08183356692618893,0.8605780774566472
25583,LOF,0.04191249518195184,0.10834394652780745,0.8497435582902407
25584,Neutral,0.46346290602450496,0.10446886698076267,0.4320682269947324
25585,LOF,0.03215510204716141,0.11598262819538645,0.8518622697574523
25586,LOF,0.031086354231339826,0.09563623833891331,0.8732774074297468
25587,LOF,0.029669734257482896,0.08971088845626769,0.8806193772862494
25588,LOF,0.03024947425155664,0.11360336634481678,0.8561471594036265
25589,Neutral,0.5963180192496528,0.1361576815703094,0.26752429918003784
25590,LOF,0.027706787161296036,0.14545441818587723,0.8268387946528266
25591,LOF,0.10843311268482075,0.07088167644308635,0.8206852108720929
25592,LOF,0.07857326308328397,0.15546036959723528,0.7659663673194808
25593,LOF,0.019840748479162187,0.26505133250791674,0.715107919012921
25594,LOF,0.03880570176135438,0.2184563820141909,0.7427379162244547
25595,LOF,0.05422402846707132,0.18399289197106214,0.7617830795618665
25596,LOF,0.06447701791455486,0.09396941913179438,0.8415535629536507
25597,LOF,0.049457316644190376,0.09471286524221215,0.8558298181135975
25598,LOF,0.051220756459821666,0.19360886826873297,0.7551703752714454
25599,GOF,0.01058963748149123,0.7874233419308858,0.20198702058762286
25600,GOF,0.01415347716241453,0.5742600860567578,0.41158643678082757
25601,GOF,0.007768342059417087,0.5076112999027238,0.4846203580378592
25602,LOF,0.027194024902981957,0.05332211834018787,0.9194838567568302
25603,LOF,0.052992175918484846,0.03682937985531947,0.9101784442261956
25604,LOF,0.05668965374151288,0.03794010504684759,0.9053702412116396
25605,LOF,0.013778016719953408,0.23653230087871652,0.7496896824013299
25606,LOF,0.08408492999301272,0.4046258180483563,0.511289251958631
25607,LOF,0.005595793991723434,0.16303415019542933,0.8313700558128473
25608,LOF,0.06095074705475461,0.05013284522100201,0.8889164077242433
25609,LOF,0.03373251642714302,0.4001658913395193,0.5661015922333377
25610,LOF,0.03815670860379827,0.03449453821053645,0.9273487531856653
25611,LOF,0.04061432492676264,0.029705194506780573,0.9296804805664569
25612,LOF,0.10306690275568932,0.05041854266324909,0.8465145545810617
25613,LOF,0.08839070685043235,0.04997362538706639,0.8616356677625013
25614,LOF,0.028443678121532725,0.04379055614814222,0.927765765730325
25615,LOF,0.05349467982503393,0.04051143467059643,0.9059938855043697
25616,LOF,0.03047409302506444,0.04255705677377442,0.9269688502011612
25617,LOF,0.028888633055118823,0.046704697228758016,0.9244066697161231
25618,LOF,0.1821196944678877,0.04143539298200609,0.7764449125501063
25619,LOF,0.028040881097026977,0.03931818390686063,0.9326409349961123
25620,LOF,0.03231017016689073,0.05349561698731176,0.9141942128457975
25621,LOF,0.030886151334814656,0.03781672570640969,0.9312971229587758
25622,LOF,0.031581828543824526,0.0474988822818332,0.9209192891743423
25623,LOF,0.06925448452558594,0.03372670548290257,0.8970188099915115
25624,LOF,0.025976670016294504,0.052618321142560084,0.9214050088411454
25625,LOF,0.033383432137229864,0.05356768689541245,0.9130488809673577
25626,LOF,0.07617758229458109,0.040086440637920315,0.8837359770674986
25627,Neutral,0.5429700680442252,0.14885044698045338,0.3081794849753213
25628,LOF,0.1668414655541992,0.0789717699713972,0.7541867644744037
25629,LOF,0.06648514809363443,0.13004302771305692,0.8034718241933086
25630,LOF,0.1584572457004729,0.1251378358234435,0.7164049184760836
25631,Neutral,0.5700472882804897,0.10918552425730729,0.320767187462203
25632,LOF,0.02247116112916637,0.07203889795488455,0.905489940915949
25633,LOF,0.2242988975277465,0.07997098841058703,0.6957301140616664
25634,LOF,0.03866596830417939,0.10006877477507589,0.8612652569207446
25635,LOF,0.03571933659082109,0.08808040211346714,0.8762002612957117
25636,GOF,0.005558562314378244,0.572089538981246,0.42235189870437573
25637,GOF,0.004362855734297365,0.5151607701213708,0.48047637414433175
25638,LOF,0.00980908241007541,0.4250126596949147,0.5651782578950098
25639,LOF,0.004865423942568873,0.42014050213246334,0.5749940739249678
25640,GOF,0.45427608016942533,0.4969503207561862,0.048773599074388524
25641,LOF,0.006685420363423508,0.39551982777416306,0.5977947518624134
25642,LOF,0.24184858026721764,0.0920531475601591,0.6660982721726232
25643,LOF,0.24235975271273164,0.2802688141364206,0.47737143315084773
25644,LOF,0.019716904879495758,0.4736607637427427,0.5066223313777615
25645,LOF,0.019584688198671284,0.40535134738231887,0.57506396441901
25646,LOF,0.019534584251257144,0.25138835445943364,0.7290770612893093
25647,LOF,0.0181916851989973,0.21229650627247415,0.7695118085285285
25648,LOF,0.016494470224589514,0.2081965307840598,0.7753089989913508
25649,LOF,0.014161776276270818,0.1611503222338619,0.8246879014898674
25650,LOF,0.03433344195916547,0.4325396197124922,0.5331269383283423
25651,LOF,0.011752185704521557,0.20422654035753912,0.7840212739379393
25652,LOF,0.019940038743664876,0.21135455157803693,0.7687054096782981
25653,LOF,0.08216251020047803,0.32626746915190685,0.5915700206476151
25654,LOF,0.01505777516387118,0.18462399488941456,0.8003182299467143
25655,LOF,0.11018941060553702,0.2397639294029951,0.6500466599914678
25656,LOF,0.05892006113749193,0.052484145400369074,0.8885957934621389
25657,LOF,0.2756403673668706,0.023826478782255862,0.7005331538508736
25658,LOF,0.04011822264764529,0.0674048500293158,0.892476927323039
25659,LOF,0.2681977652264713,0.042748105185144644,0.689054129588384
25660,LOF,0.07205989751978613,0.110627204524256,0.817312897955958
25661,LOF,0.047098439131396524,0.08329427480810263,0.8696072860605009
25662,LOF,0.027345246105995664,0.05034378493210061,0.9223109689619038
25663,LOF,0.03786967116950654,0.07575199833959934,0.8863783304908942
25664,LOF,0.03413396872203207,0.09734735167240408,0.868518679605564
25665,LOF,0.048885614242274625,0.058054083463746534,0.8930603022939788
25666,LOF,0.03667484960016817,0.1564486603770374,0.8068764900227944
25667,LOF,0.02815212156451032,0.060412148081574586,0.9114357303539151
25668,LOF,0.03303577139351877,0.06783270070041181,0.8991315279060694
25669,LOF,0.03981849706250879,0.0999263329285865,0.8602551700089046
25670,LOF,0.13725246840221234,0.07788244982288899,0.7848650817748987
25671,LOF,0.03820261449535725,0.0519571636687181,0.9098402218359246
25672,LOF,0.05984349597307513,0.0858857190000258,0.854270785026899
25673,LOF,0.04159061091800278,0.07278722614590119,0.885622162936096
25674,LOF,0.031733104211933975,0.0868871788591743,0.8813797169288917
25675,LOF,0.03843006440846861,0.06418837342480863,0.8973815621667227
25676,LOF,0.029243124018891342,0.0673454001700453,0.9034114758110635
25677,LOF,0.055601791088590695,0.0704575587539069,0.8739406501575024
25678,LOF,0.24092262363838363,0.051521893616442015,0.7075554827451744
25679,LOF,0.15244628126189952,0.07499333352726391,0.7725603852108365
25680,LOF,0.05955471224179247,0.1025168894209837,0.8379283983372239
25681,LOF,0.10674616481721362,0.09561341212881228,0.797640423053974
25682,LOF,0.03936786266868329,0.0860998910300809,0.8745322463012358
25683,LOF,0.07166313609841284,0.10560966900293517,0.822727194898652
25684,LOF,0.049522508867037726,0.08380094461877231,0.8666765465141901
25685,LOF,0.10588913594123257,0.03372369660488248,0.8603871674538851
25686,LOF,0.030182254676638584,0.0817745654616242,0.8880431798617372
25687,LOF,0.06281740961963536,0.07264730635208638,0.8645352840282783
25688,LOF,0.02555610540469083,0.12582807446498062,0.8486158201303285
25689,LOF,0.021520119870119404,0.08106432987776539,0.8974155502521152
25690,LOF,0.018036243400434162,0.1121124119033272,0.8698513446962386
25691,LOF,0.1713897669650265,0.1767514677555627,0.6518587652794108
25692,LOF,0.2546447278541564,0.019344429179849684,0.7260108429659938
25693,LOF,0.04903346811490067,0.16550755766628072,0.7854589742188186
25694,LOF,0.2615163481708484,0.013018705532489664,0.725464946296662
25695,LOF,0.17771544760809382,0.02051483280871953,0.8017697195831868
25696,LOF,0.1595467541968382,0.010314486126356824,0.8301387596768048
25697,LOF,0.130912393338741,0.031332786337909646,0.8377548203233495
25698,LOF,0.028243505526201064,0.3186179552922394,0.6531385391815595
25699,LOF,0.06969473213678994,0.08435802477360231,0.8459472430896078
25700,LOF,0.027478614879671938,0.012964738825025884,0.9595566462953021
25701,LOF,0.011195874628027656,0.0851099315703622,0.9036941938016101
25702,GOF,0.021793741775873916,0.7496193914464142,0.2285868667777118
25703,LOF,0.015265081246204638,0.23111791024699732,0.753617008506798
25704,LOF,0.08685407645166374,0.1927706381646081,0.7203752853837281
25705,LOF,0.0638582892426887,0.2798879988250574,0.6562537119322539
25706,GOF,0.03028024040727428,0.6287042634952018,0.3410154960975239
25707,GOF,0.025285173481446314,0.641943483875895,0.33277134264265873
25708,GOF,0.006170433683102421,0.6051694257966035,0.388660140520294
25709,LOF,0.018624690377181848,0.0934389955711315,0.8879363140516867
25710,LOF,0.006271694104384573,0.20859099015740243,0.785137315738213
25711,LOF,0.020424608226065778,0.15792826419451342,0.8216471275794208
25712,LOF,0.006981824721788798,0.2654851338582465,0.7275330414199647
25713,LOF,0.01907233433510696,0.1419794847046863,0.8389481809602067
25714,LOF,0.020749734987464706,0.18987466330199648,0.7893756017105388
25715,LOF,0.019386148049380467,0.17178760883657818,0.8088262431140414
25716,LOF,0.010894556423463942,0.13879186174488448,0.8503135818316516
25717,LOF,0.004958943847612873,0.15988791588008316,0.8351531402723039
25718,LOF,0.019283243216507366,0.11845136053237672,0.8622653962511159
25719,LOF,0.03395376583999466,0.12415927291938678,0.8418869612406185
25720,LOF,0.02754700893726603,0.11847324533299688,0.853979745729737
25721,LOF,0.023255321718927958,0.1307325703768357,0.8460121079042364
25722,LOF,0.015730473459074756,0.17252358758488442,0.8117459389560409
25723,LOF,0.021860289305407895,0.11030225415360373,0.8678374565409883
25724,LOF,0.026747602516105033,0.17811102414505786,0.7951413733388372
25725,LOF,0.02080765534220853,0.10428948100524094,0.8749028636525505
25726,LOF,0.015642665516307955,0.14320991217233467,0.8411474223113574
25727,LOF,0.021058203833531006,0.1361046431754415,0.8428371529910275
25728,LOF,0.020117651765962603,0.13247057009959443,0.847411778134443
25729,LOF,0.01955041969826189,0.14575094786781584,0.8346986324339222
25730,LOF,0.022463754509593183,0.10797121197815482,0.869565033512252
25731,LOF,0.008824710022096243,0.20335039731654622,0.7878248926613576
25732,LOF,0.017808883800228867,0.13320673782529574,0.8489843783744754
25733,LOF,0.02759479405069539,0.11685252083220157,0.855552685117103
25734,LOF,0.006284065119192879,0.26575896106014074,0.7279569738206664
25735,LOF,0.0206849362089748,0.10260862036429663,0.8767064434267287
25736,LOF,0.01895255015735183,0.17210008637136803,0.8089473634712802
25737,LOF,0.03767906954309259,0.14557232125526653,0.8167486092016409
25738,LOF,0.01933538417517856,0.19381494227523796,0.7868496735495835
25739,LOF,0.02186444083212805,0.17349488647479783,0.8046406726930742
25740,LOF,0.04720694984554444,0.18741004506817577,0.7653830050862797
25741,LOF,0.02590851579374628,0.1539865532387571,0.8201049309674966
25742,LOF,0.04157073299844619,0.15594388849848573,0.802485378503068
25743,LOF,0.010783040547340866,0.02876607245259284,0.9604508870000662
25744,LOF,0.16470364272991464,0.3171980360893703,0.5180983211807151
25745,LOF,0.027547468559595036,0.11143707457091141,0.8610154568694937
25746,LOF,0.012687829466346754,0.1571416670101282,0.8301705035235252
25747,LOF,0.03379909868647545,0.032519023859824074,0.9336818774537003
25748,LOF,0.2594654917680014,0.05994543740296993,0.6805890708290286
25749,LOF,0.011978602575203705,0.09214155315998336,0.8958798442648128
25750,LOF,0.017140573584454838,0.09831328879592906,0.8845461376196162
25751,LOF,0.046167909839294044,0.0546948421386336,0.8991372480220723
25752,GOF,0.07731035558486202,0.7163876039486283,0.2063020404665097
25753,LOF,0.00688095883141886,0.34611699013014435,0.6470020510384368
25754,GOF,0.007397471381003409,0.8603729293270705,0.13222959929192607
25755,LOF,0.00683765389569406,0.4058774230905774,0.5872849230137285
25756,LOF,0.030048438058334563,0.4287082646548184,0.5412432972868471
25757,GOF,0.006213261938014578,0.8498576514228114,0.14392908663917398
25758,GOF,0.00880286648616827,0.8719179701512048,0.11927916336262687
25759,GOF,0.006044557357787204,0.5810360438600184,0.41291939878219447
25760,LOF,0.005595512666438273,0.2698665088888511,0.7245379784447106
25761,GOF,0.05719465897256225,0.8467747958223444,0.09603054520509344
25762,LOF,0.02983596939691846,0.35496855600586524,0.6151954745972164
25763,LOF,0.00661351666637626,0.24776217175401494,0.7456243115796088
25764,GOF,0.06391197145302874,0.6334306659092952,0.302657362637676
25765,GOF,0.00884175110889989,0.8613417137518177,0.12981653513928235
25766,GOF,0.03563516138662527,0.8464964626235209,0.11786837598985382
25767,GOF,0.014158538296343292,0.5482966876187028,0.4375447740849539
25768,LOF,0.04357793456996413,0.06438180191271294,0.8920402635173229
25769,LOF,0.02696927190491847,0.06809730949704333,0.9049334185980382
25770,LOF,0.1506497837219262,0.046177724618356994,0.8031724916597168
25771,LOF,0.0155626060053573,0.049543159700390464,0.9348942342942523
25772,LOF,0.027231003676515486,0.02355044605919515,0.9492185502642893
25773,LOF,0.01903571412470911,0.043639117245228884,0.937325168630062
25774,LOF,0.03205295047375301,0.08221217401038798,0.8857348755158589
25775,LOF,0.024648498964240036,0.03272222127647442,0.9426292797592856
25776,LOF,0.026725216411456632,0.019684051012236574,0.9535907325763068
25777,LOF,0.18106220630803305,0.050719301781595054,0.7682184919103718
25778,LOF,0.020363234435570195,0.04667183003687543,0.9329649355275543
25779,GOF,0.035989267221189225,0.8922873420679999,0.07172339071081102
25780,GOF,0.06939486261885551,0.8806562608250836,0.04994887655606082
25781,GOF,0.03187259889232428,0.8759023005300216,0.09222510057765412
25782,GOF,0.02950907527943875,0.9126291755605657,0.0578617491599956
25783,GOF,0.02956165253613625,0.9253231124623004,0.04511523500156333
25784,GOF,0.08102700480442851,0.87060063609905,0.04837235909652135
25785,GOF,0.09278070688094751,0.8699634020012742,0.03725589111777818
25786,GOF,0.009102108688418877,0.8884617120188294,0.10243617929275169
25787,GOF,0.1750586663756157,0.7786557439154538,0.046285589708930396
25788,LOF,0.015925858596130767,0.1900865535973322,0.793987587806537
25789,GOF,0.016122714224987955,0.8533659145909841,0.13051137118402797
25790,GOF,0.020797404549855545,0.8862452065961873,0.09295738885395721
25791,GOF,0.023851075016964818,0.7945632078214171,0.18158571716161806
25792,GOF,0.027797402934078275,0.8251839469173768,0.1470186501485449
25793,GOF,0.07057985188952555,0.8490470159446598,0.08037313216581471
25794,GOF,0.05515113120227429,0.796989578769931,0.14785929002779455
25795,GOF,0.047014870651730746,0.7631814430191775,0.1898036863290919
25796,GOF,0.08988334261612266,0.8203811261737101,0.08973553121016747
25797,GOF,0.08145157546667514,0.7743522619007417,0.14419616263258309
25798,GOF,0.005229521277811192,0.7502869497395798,0.2444835289826091
25799,GOF,0.004227324684929803,0.7169357436704651,0.27883693164460516
25800,GOF,0.02451876735582679,0.8420596750503199,0.1334215575938533
25801,GOF,0.019241264428835187,0.8963931463065012,0.08436558926466359
25802,GOF,0.029155395159668994,0.8256700851517016,0.14517451968862946
25803,GOF,0.01981476840340192,0.7363717161325286,0.2438135154640695
25804,GOF,0.030183758795140764,0.7797562476511335,0.19005999355372577
25805,GOF,0.025670682722747716,0.8049616139614438,0.16936770331580836
25806,GOF,0.026060789364145003,0.8105710706752913,0.16336813996056365
25807,GOF,0.00907883536288117,0.763457993018321,0.2274631716187978
25808,GOF,0.01792200565238655,0.77484206330722,0.2072359310403935
25809,GOF,0.011216290535791868,0.753387736991063,0.23539597247314523
25810,GOF,0.00915797761812996,0.738622076579164,0.25221994580270607
25811,GOF,0.04841414904534439,0.878065222646439,0.07352062830821661
25812,GOF,0.03215125422459262,0.8104741092031164,0.15737463657229106
25813,GOF,0.12637196853635324,0.8098001501348601,0.06382788132878667
25814,GOF,0.033408760333624124,0.8286381473876954,0.13795309227868058
25815,GOF,0.0666880535524474,0.8440197262228452,0.08929222022470751
25816,GOF,0.010864108006427679,0.8865411526300573,0.102594739363515
25817,GOF,0.10249442058693711,0.8229196451054395,0.0745859343076234
25818,GOF,0.02502868741146897,0.8124405146257522,0.16253079796277886
25819,GOF,0.05942997592285106,0.7740651104652433,0.16650491361190564
25820,GOF,0.03554272162629324,0.7358325100149522,0.22862476835875464
25821,GOF,0.024806610975260972,0.7602416302999815,0.2149517587247576
25822,GOF,0.047077648061040096,0.7760704291291308,0.17685192280982903
25823,GOF,0.02750115492648893,0.7411617676534299,0.23133707742008128
25824,GOF,0.026086824371039777,0.8035898728381453,0.1703233027908149
25825,GOF,0.022068029991433948,0.7899046775453071,0.188027292463259
25826,GOF,0.008378222422861539,0.7415888265627373,0.2500329510144012
25827,GOF,0.01344188149674019,0.7140368534788439,0.2725212650244159
25828,GOF,0.010220080822630501,0.7500942302665647,0.23968568891080477
25829,GOF,0.004514935882934296,0.7010927263769294,0.2943923377401363
25830,GOF,0.035071199968636856,0.4949824191056706,0.4699463809256925
25831,GOF,0.0551395888838338,0.8007175251101438,0.14414288600602246
25832,GOF,0.009235899117427945,0.760912501275675,0.22985159960689705
25833,GOF,0.03528914631274735,0.8202978059074749,0.14441304777977773
25834,GOF,0.0104555615792915,0.7745526275417879,0.21499181087892055
25835,GOF,0.025115424308238155,0.8372755805867158,0.13760899510504598
25836,GOF,0.006736441424975692,0.7639302213508511,0.22933333722417326
25837,GOF,0.00855554075095314,0.7920553231038105,0.19938913614523623
25838,GOF,0.022826180974074652,0.8403640128198884,0.13680980620603683
25839,GOF,0.054134255727991916,0.8171198355944332,0.1287459086775747
25840,GOF,0.0836890762107258,0.8109517435135869,0.1053591802756873
25841,GOF,0.08818450288090258,0.829917424644052,0.08189807247504527
25842,GOF,0.0290813381729644,0.8879082678382044,0.08301039398883113
25843,GOF,0.026305042653575007,0.8908011925528773,0.08289376479354775
25844,GOF,0.01828721853987513,0.8412627597337182,0.14045002172640675
25845,GOF,0.006422816072271855,0.7510116798698455,0.2425655040578827
25846,GOF,0.0712306652405855,0.8249431434851188,0.10382619127429567
25847,GOF,0.01587861029545084,0.8920072383334868,0.09211415137106228
25848,GOF,0.022393145244275596,0.8506547840581293,0.126952070697595
25849,GOF,0.007199084736118938,0.8366904168002296,0.15611049846365135
25850,GOF,0.006303293867490233,0.7305529779235015,0.26314372820900817
25851,GOF,0.005717195056476855,0.6873723797514532,0.30691042519206996
25852,GOF,0.14556705382625248,0.5909138161712709,0.26351913000247673
25853,GOF,0.06772293145253232,0.8142364520279394,0.11804061651952827
25854,GOF,0.00589515551934245,0.7105258019496227,0.2835790425310349
25855,GOF,0.027140026497019545,0.7118406961778737,0.26101927732510666
25856,GOF,0.04670272525500647,0.7868431740385261,0.16645410070646752
25857,GOF,0.026858879481142572,0.7221054312443415,0.2510356892745159
25858,GOF,0.0103600154167201,0.7235647010382373,0.2660752835450426
25859,GOF,0.007723411499008614,0.7105109900588444,0.28176559844214705
25860,GOF,0.07763762328967541,0.8049071285882288,0.11745524812209585
25861,GOF,0.09725821410155806,0.8023247605128075,0.10041702538563453
25862,GOF,0.025191999336376242,0.8842136208563091,0.09059437980731466
25863,GOF,0.02774959165706672,0.8769652182099879,0.0952851901329456
25864,GOF,0.07660939734783263,0.8777141924016838,0.04567641025048354
25865,GOF,0.05432417001592459,0.8637315420647707,0.08194428791930465
25866,GOF,0.030949317375659487,0.8782119709152336,0.09083871170910707
25867,GOF,0.04645793654944553,0.8746743233742111,0.07886774007634324
25868,GOF,0.06564671806427759,0.8357750203743407,0.09857826156138184
25869,GOF,0.3431084858564324,0.5762594547995137,0.0806320593440541
25870,GOF,0.05792897541609034,0.6079031469407999,0.3341678776431097
25871,GOF,0.010762575118596544,0.86172544879424,0.12751197608716341
25872,GOF,0.020976460521154407,0.8545237861440678,0.12449975333477786
25873,GOF,0.02178899588781893,0.8823619290960573,0.09584907501612389
25874,LOF,0.016495234782981642,0.21573369538034778,0.7677710698366705
25875,LOF,0.03480551532601181,0.055738975694815826,0.9094555089791724
25876,LOF,0.018270653035771283,0.03913053503526468,0.942598811928964
25877,LOF,0.11368019541292416,0.08270542110222232,0.8036143834848535
25878,LOF,0.09164605446095263,0.1415605700310441,0.7667933755080032
25879,LOF,0.017466465431743173,0.09231714025283509,0.8902163943154218
25880,LOF,0.06453332537872858,0.01707078765839411,0.9183958869628772
25881,Neutral,0.4856400169858395,0.0856949231638988,0.4286650598502617
25882,LOF,0.05278076569789479,0.029068386272357985,0.9181508480297472
25883,LOF,0.027400493284280965,0.03296692628427872,0.9396325804314404
25884,LOF,0.01584478513097236,0.05959683957038556,0.9245583752986422
25885,LOF,0.18133741368269507,0.013407557457814934,0.80525502885949
25886,LOF,0.2688555831444869,0.06534945578231234,0.6657949610732007
25887,LOF,0.12045227629891302,0.10399983927674071,0.7755478844243463
25888,LOF,0.008528027348218614,0.13514052038661598,0.8563314522651654
25889,LOF,0.022153944504251885,0.04157581970394733,0.9362702357918008
25890,LOF,0.17727260820080745,0.06667879903097786,0.7560485927682148
25891,LOF,0.11937522835761175,0.02270096549342448,0.8579238061489638
25892,LOF,0.009573866938621296,0.04092024672772339,0.9495058863336552
25893,LOF,0.37055191949437816,0.011383055883192324,0.6180650246224295
25894,LOF,0.3996760105119559,0.007466011716438183,0.592857977771606
25895,LOF,0.35774123876134256,0.014769675671459351,0.6274890855671982
25896,LOF,0.07015044415050123,0.032376326973775196,0.8974732288757236
25897,LOF,0.16176689849530218,0.011403145088964098,0.8268299564157338
25898,LOF,0.12696623927005646,0.04012294454158071,0.8329108161883627
25899,LOF,0.4173897054111482,0.03046097425875948,0.5521493203300925
25900,Neutral,0.49926756873892914,0.00877252656122871,0.4919599046998421
25901,LOF,0.06535935525861321,0.013253460568525034,0.9213871841728618
25902,LOF,0.17863608458905847,0.014668769265799464,0.806695146145142
25903,LOF,0.3458030887104284,0.030916915520737654,0.6232799957688339
25904,Neutral,0.5095190849455737,0.0473948552077475,0.44308605984667887
25905,LOF,0.006698118261625882,0.42782187771621805,0.5654800040221559
25906,LOF,0.008230350657939398,0.07337593849012827,0.9183937108519323
25907,LOF,0.007159517850739576,0.27255113098253464,0.7202893511667257
25908,LOF,0.007188836703774747,0.26514853495999324,0.7276626283362321
25909,LOF,0.030316520206184555,0.11728698165322954,0.8523964981405858
25910,LOF,0.011779488877672103,0.14032803986521716,0.8478924712571109
25911,LOF,0.210773267301332,0.022885598779205863,0.7663411339194621
25912,LOF,0.10636224868874972,0.019419588619100175,0.8742181626921501
25913,LOF,0.0256002405146874,0.029214311527857775,0.9451854479574547
25914,LOF,0.035075078526059573,0.025768960726168487,0.9391559607477719
25915,LOF,0.18074077505354696,0.11928639500913929,0.6999728299373137
25916,LOF,0.024387275479561855,0.05971972508705796,0.9158929994333802
25917,LOF,0.07390694770777882,0.02742873228452967,0.8986643200076915
25918,LOF,0.037713575668798203,0.014569749975111953,0.9477166743560897
25919,LOF,0.03354358812795758,0.014178273218398027,0.9522781386536443
25920,Neutral,0.3756236981635598,0.25738748646372284,0.36698881537271727
25921,LOF,0.014883991900815885,0.017116043668631963,0.9679999644305523
25922,LOF,0.01746507266797007,0.017205150706644173,0.9653297766253857
25923,LOF,0.4400305562704951,0.015633724028953206,0.5443357197005517
25924,LOF,0.02623549716858401,0.023517910234353772,0.9502465925970621
25925,LOF,0.0969610546780452,0.02587358058057467,0.8771653647413801
25926,LOF,0.07959182472174514,0.023477261873287254,0.8969309134049677
25927,LOF,0.02259782950732139,0.04253377376311042,0.9348683967295682
25928,LOF,0.010793228307666144,0.026908029432862263,0.9622987422594715
25929,Neutral,0.5694311424757909,0.014918073343582413,0.41565078418062673
25930,LOF,0.08233490131932039,0.014898639495265103,0.9027664591854144
25931,LOF,0.013192433673217608,0.016916016335082846,0.9698915499916995
25932,LOF,0.06539687308250153,0.017500899132654697,0.9171022277848437
25933,LOF,0.06531819030784096,0.010010189030193127,0.924671620661966
25934,LOF,0.059321948977229776,0.008963833003737525,0.9317142180190328
25935,LOF,0.09008136647586343,0.029403775230757774,0.8805148582933787
25936,LOF,0.1139651122477358,0.009962982497601363,0.8760719052546629
25937,LOF,0.019893478645584762,0.013290561052727747,0.9668159603016875
25938,LOF,0.09073291594269038,0.02642762308933094,0.8828394609679787
25939,LOF,0.05242290301358658,0.012771900471075964,0.9348051965153376
25940,LOF,0.00838336939071542,0.48435303385671846,0.507263596752566
25941,LOF,0.4564920288205221,0.04349616294542625,0.5000118082340517
25942,LOF,0.010969592115837536,0.04242868636231508,0.9466017215218474
25943,LOF,0.04478000484996658,0.14037067717450225,0.8148493179755312
25944,LOF,0.0401031928194424,0.06000639697076102,0.8998904102097965
25945,LOF,0.1299527433879832,0.025187187841843938,0.8448600687701728
25946,LOF,0.06953219591214847,0.03440080914058372,0.8960669949472677
25947,Neutral,0.500747109713215,0.09245191662612327,0.40680097366066165
25948,LOF,0.41095506045056435,0.01700619088896587,0.5720387486604698
25949,LOF,0.18204407676196593,0.08123772319458007,0.736718200043454
25950,GOF,0.091819022543826,0.546989932601992,0.36119104485418185
25951,LOF,0.017079246077820867,0.45482438548861626,0.528096368433563
25952,LOF,0.2363353010733951,0.23078255726676136,0.5328821416598435
25953,LOF,0.009445158202176675,0.26250337440489496,0.7280514673929283
25954,LOF,0.08413703394334632,0.38841599310895475,0.5274469729476989
25955,LOF,0.008678192414708295,0.23916910408689335,0.7521527034983984
25956,LOF,0.015352894623849195,0.3495916095827193,0.6350554957934315
25957,LOF,0.1648005092068891,0.029666695562611273,0.8055327952304996
25958,LOF,0.030396353399961957,0.05942605965467211,0.9101775869453659
25959,GOF,0.007139115629272072,0.747545344951985,0.24531553941874298
25960,LOF,0.005074316644314074,0.10332193716274671,0.8916037461929393
25961,LOF,0.028939688714245824,0.04429844044635026,0.926761870839404
25962,LOF,0.0448122750793614,0.0763187026245535,0.8788690222960851
25963,LOF,0.006728141971199414,0.14825532004957168,0.8450165379792289
25964,LOF,0.025822113353336496,0.145688302581569,0.8284895840650944
25965,LOF,0.2707434399079282,0.1453997958937572,0.5838567641983147
25966,LOF,0.3371598865629307,0.10585176806631819,0.556988345370751
25967,LOF,0.007569272965854352,0.0820486414355014,0.9103820855986443
25968,LOF,0.04277717738818775,0.23307688216095185,0.7241459404508603
25969,LOF,0.14939575967427984,0.05759344243150487,0.7930107978942152
25970,LOF,0.06332598955449088,0.07333392279030082,0.8633400876552083
25971,LOF,0.076967475172975,0.03152093697195007,0.891511587855075
25972,LOF,0.07540642078753744,0.05376641992858623,0.8708271592838762
25973,LOF,0.06825556920496777,0.011583621879031593,0.9201608089160005
25974,LOF,0.04403706186878018,0.043678936996242645,0.9122840011349772
25975,LOF,0.03822342891508981,0.02190951468666699,0.9398670563982432
25976,LOF,0.08685000833009406,0.013261184203467903,0.8998888074664382
25977,LOF,0.23880317771544582,0.05178718311263926,0.7094096391719149
25978,LOF,0.15685657803454386,0.11984680711491282,0.7232966148505433
25979,LOF,0.13331129822742518,0.14155888213435908,0.7251298196382157
25980,LOF,0.20301396184718323,0.20457967062985996,0.5924063675229568
25981,LOF,0.20383894028718189,0.20679859691430166,0.5893624627985165
25982,LOF,0.3904998776462061,0.09258227253337743,0.5169178498204164
25983,LOF,0.4096452782348637,0.1156819088585627,0.4746728129065736
25984,LOF,0.04615910841190909,0.08824859928505166,0.8655922923030392
25985,Neutral,0.49625822342337905,0.11050886642558787,0.3932329101510332
25986,LOF,0.011890686338508637,0.45834617293614605,0.5297631407253454
25987,LOF,0.0383391857949102,0.08635022038205875,0.8753105938230311
25988,LOF,0.0451922040712712,0.14265814412141883,0.8121496518073099
25989,LOF,0.051601739668644966,0.20421279268157774,0.7441854676497772
25990,LOF,0.046709025338108244,0.30630220684789444,0.6469887678139973
25991,LOF,0.026474155814632885,0.43251219776078426,0.5410136464245828
25992,LOF,0.01715508697932723,0.40427886110061945,0.5785660519200533
25993,LOF,0.028011420338623572,0.06020252535551228,0.9117860543058641
25994,LOF,0.023547543394773142,0.06511297024229426,0.9113394863629326
25995,LOF,0.019991058814404647,0.12018698846566618,0.8598219527199292
25996,Neutral,0.36406924649842143,0.35880136522321465,0.2771293882783639
25997,LOF,0.057855130908196425,0.42692400978638284,0.5152208593054207
25998,LOF,0.2646423380346724,0.04838462993931573,0.6869730320260119
25999,LOF,0.039627389224388,0.11775635822655142,0.8426162525490606
26000,LOF,0.1491799986311824,0.015503816481712852,0.8353161848871047
26001,LOF,0.24019578148021328,0.021122240308923103,0.7386819782108636
26002,LOF,0.12806922250645905,0.026872553851859847,0.845058223641681
26003,GOF,0.006372935726246644,0.6190680248327233,0.37455903944103014
26004,GOF,0.011669803847134612,0.611109915848251,0.37722028030461424
26005,LOF,0.004230352123830697,0.479221848520069,0.5165477993561004
26006,GOF,0.07532802029393428,0.50335941665886,0.42131256304720566
26007,LOF,0.007826404431101157,0.48981324740347565,0.5023603481654231
26008,GOF,0.004640693410197988,0.5743377108513021,0.4210215957384998
26009,GOF,0.008820158490572255,0.6134922930464224,0.3776875484630053
26010,GOF,0.00706415623511094,0.5650079419942111,0.4279279017706779
26011,LOF,0.0037589201014864614,0.4113227435446845,0.584918336353829
26012,GOF,0.004031959422606134,0.5545237163379951,0.44144432423939883
26013,GOF,0.008521487257244513,0.5557151545165699,0.4357633582261856
26014,LOF,0.06883224083031908,0.07991280965364356,0.8512549495160374
26015,LOF,0.3301265799781782,0.024625167958770674,0.6452482520630513
26016,LOF,0.2803752655480709,0.033006594731436106,0.6866181397204929
26017,LOF,0.013515466809348776,0.15123093710133012,0.8352535960893211
26018,LOF,0.025157418176933483,0.08224531513138011,0.8925972666916864
26019,LOF,0.02506991775942379,0.07362111360588736,0.9013089686346888
26020,LOF,0.008378390121231311,0.14715665069849967,0.8444649591802691
26021,LOF,0.07625777782937426,0.06218367018913955,0.8615585519814862
26022,LOF,0.03891214748106556,0.028555896200654973,0.9325319563182795
26023,LOF,0.021388945388482957,0.05252730067780192,0.9260837539337151
26024,LOF,0.052928960165333716,0.050583262306086486,0.8964877775285799
26025,LOF,0.11741914671057106,0.062017309365427625,0.8205635439240013
26026,LOF,0.114279594838139,0.0452729947173886,0.8404474104444725
26027,LOF,0.026577347547274102,0.03184781980093666,0.9415748326517893
26028,LOF,0.07750538485778702,0.16748043671222246,0.7550141784299905
26029,LOF,0.0216503964664496,0.16761153330487286,0.8107380702286776
26030,LOF,0.12520806800030393,0.024678408614003177,0.8501135233856929
26031,LOF,0.010078304331003455,0.14556197858572376,0.8443597170832727
26032,LOF,0.038850893210408036,0.04810827642433068,0.9130408303652613
26033,LOF,0.04090409674371735,0.04601903283276704,0.9130768704235156
26034,LOF,0.01434603649471406,0.11555881400354873,0.8700951495017372
26035,LOF,0.011028044795893175,0.10623353443463995,0.8827384207694668
26036,LOF,0.010554344061304613,0.09157951823673177,0.8978661377019637
26037,LOF,0.010183098788822568,0.10330850852620384,0.8865083926849736
26038,LOF,0.032906449550325186,0.042873504950378234,0.9242200454992965
26039,LOF,0.03229860531101727,0.1288623604686799,0.8388390342203028
26040,LOF,0.08216709807344469,0.1261726022014979,0.7916602997250574
26041,LOF,0.012905582637987198,0.09699133229794218,0.8901030850640707
26042,LOF,0.01190777879271712,0.09964965192372315,0.8884425692835597
26043,LOF,0.03265488675852887,0.06574728328060318,0.901597829960868
26044,LOF,0.008106028792181339,0.043729445916072064,0.9481645252917466
26045,LOF,0.0735890780460841,0.13011216299173617,0.7962987589621797
26046,LOF,0.029172881698352034,0.04650898504700871,0.9243181332546393
26047,LOF,0.05857863508559724,0.04771536803135089,0.893705996883052
26048,LOF,0.07776368889045739,0.017726533905331902,0.9045097772042107
26049,Neutral,0.9331529554171814,0.007281331492674553,0.05956571309014409
26050,Neutral,0.8979592745099814,0.007677161576298848,0.09436356391371978
26051,LOF,0.025097942150766123,0.06552846570979504,0.9093735921394388
26052,LOF,0.02775343446711129,0.05435813017627917,0.9178884353566096
26053,LOF,0.021760594175959234,0.14599165987626847,0.8322477459477722
26054,LOF,0.05161293027515291,0.034685593564551045,0.9137014761602962
26055,LOF,0.07917614850505401,0.030240500043154362,0.8905833514517916
26056,LOF,0.06495592453588575,0.03870394870404288,0.8963401267600715
26057,LOF,0.05187100847236899,0.020839095000547068,0.9272898965270838
26058,LOF,0.056649093151768755,0.0164112387215863,0.926939668126645
26059,LOF,0.22539102017227608,0.03559318660315862,0.7390157932245652
26060,LOF,0.018885737120976603,0.15129950966773137,0.8298147532112919
26061,LOF,0.011702799217429624,0.012948542143475381,0.975348658639095
26062,LOF,0.00605194533249134,0.01849053040407799,0.9754575242634308
26063,LOF,0.038166704409256,0.015627206443636535,0.9462060891471076
26064,LOF,0.011686282239501505,0.023078095834283593,0.9652356219262149
26065,LOF,0.04862353075543226,0.01957768184118355,0.9317987874033842
26066,LOF,0.03711068206807833,0.014610970308460773,0.948278347623461
26067,LOF,0.04032658463857056,0.014580225702712621,0.9450931896587168
26068,LOF,0.04857642244232371,0.04713337447670154,0.9042902030809747
26069,LOF,0.2414592182546341,0.029717120348368632,0.7288236613969973
26070,LOF,0.45764470580302774,0.02154036181294543,0.5208149323840269
26071,LOF,0.04209426208009768,0.018017333162028228,0.939888404757874
26072,LOF,0.007408639935315265,0.02176518063966647,0.9708261794250183
26073,LOF,0.034653155152352295,0.01842600992982261,0.9469208349178251
26074,Neutral,0.8362798752466991,0.012575034017242071,0.15114509073605875
26075,LOF,0.051151333727879215,0.02704444567288681,0.9218042205992341
26076,LOF,0.0481704539688497,0.01557552309385256,0.9362540229372976
26077,LOF,0.14092030474242734,0.009547341244848687,0.849532354012724
26078,LOF,0.006703538301092339,0.02122906135413115,0.9720674003447765
26079,LOF,0.05936799638292963,0.026244705577467827,0.9143872980396025
26080,LOF,0.05836631141663979,0.02630006910779622,0.915333619475564
26081,LOF,0.030285305047987206,0.012454981234389961,0.9572597137176228
26082,LOF,0.005776631516315767,0.023761273349313942,0.9704620951343702
26083,LOF,0.09962242678455538,0.02535226838324633,0.8750253048321983
26084,LOF,0.09032327634451773,0.024994540372944653,0.8846821832825377
26085,LOF,0.07972188559306112,0.02020062578713271,0.9000774886198062
26086,LOF,0.036907632074986305,0.018487206924656628,0.9446051610003571
26087,LOF,0.032878861469049385,0.014380379491196537,0.9527407590397542
26088,LOF,0.007303872422160911,0.031163705001289232,0.9615324225765498
26089,LOF,0.043783442533712476,0.041940400019770764,0.9142761574465168
26090,LOF,0.04410758558252995,0.03372616441746721,0.9221662500000029
26091,LOF,0.026507112032109564,0.010490526961730792,0.9630023610061597
26092,LOF,0.043873244687409066,0.011859903376352706,0.9442668519362383
26093,LOF,0.07872867222183545,0.008025252455479323,0.9132460753226851
26094,LOF,0.029895301233669985,0.010788259101833331,0.9593164396644966
26095,LOF,0.01972997021752522,0.020071752172510653,0.9601982776099641
26096,LOF,0.2005181989237049,0.005586256586665713,0.7938955444896294
26097,LOF,0.007221463453736319,0.04841870923292132,0.9443598273133424
26098,LOF,0.10740907044623818,0.021786630352687776,0.8708042992010739
26099,LOF,0.03583944775223915,0.02699566803492695,0.937164884212834
26100,LOF,0.03582912163661921,0.026995957157302592,0.9371749212060781
26101,LOF,0.05652129985170259,0.04523863869500051,0.8982400614532968
26102,LOF,0.031176697682132368,0.024947287252475372,0.9438760150653922
26103,Neutral,0.8882201916298643,0.029400375480316696,0.08237943288981901
26104,LOF,0.05670701047530657,0.04583206538782264,0.8974609241368707
26105,LOF,0.2749009808808904,0.10717294313899059,0.617926075980119
26106,LOF,0.3217240225331919,0.0660280436619131,0.6122479338048951
26107,LOF,0.01932813553666711,0.07082010228970276,0.9098517621736301
26108,LOF,0.2595563827622779,0.04216451705840146,0.6982791001793206
26109,LOF,0.07841825684588698,0.0338364608583582,0.8877452822957548
26110,LOF,0.38599394464629955,0.013277642072830756,0.6007284132808697
26111,LOF,0.05470785731908859,0.12150881700945865,0.8237833256714528
26112,LOF,0.04768805201030324,0.0135556999368958,0.9387562480528009
26113,LOF,0.1064732490860375,0.040519100599303574,0.8530076503146589
26114,LOF,0.09585905403807402,0.005806359727133434,0.8983345862347926
26115,LOF,0.01809208113707948,0.04817903116280608,0.9337288877001144
26116,LOF,0.08036324710320594,0.020199031147966492,0.8994377217488275
26117,LOF,0.3488305030546491,0.051312645499425734,0.5998568514459252
26118,LOF,0.05600069123824671,0.02193280636943741,0.9220665023923158
26119,LOF,0.00594536382522389,0.0989083236595342,0.895146312515242
26120,LOF,0.03662807886426614,0.020589453995380348,0.9427824671403534
26121,LOF,0.00360722111604779,0.15275243745574,0.8436403414282122
