feature0,prediction,LoGoFunc_Neutral,LoGoFunc_GOF,LoGoFunc_LOF
25546,Neutral,0.6792303689841243,0.044529475846297406,0.2762401551695783
25547,Neutral,0.4175853678294898,0.18124635234084507,0.4011682798296651
25548,LOF,0.355692752169699,0.11335003270506298,0.530957215125238
25549,LOF,0.2773950997066999,0.138002458873993,0.5846024414193072
25550,Neutral,0.6323311014663171,0.04709206452287074,0.32057683401081205
25551,Neutral,0.5515653497889303,0.04811312922378469,0.40032152098728496
25552,LOF,0.18213823493628797,0.11470313689766304,0.7031586281660491
25553,Neutral,0.5348940452307094,0.048498978545824876,0.41660697622346565
25554,LOF,0.24858980436650102,0.15088601408966298,0.600524181543836
25555,LOF,0.17551548332869996,0.1104667053516445,0.7140178113196556
25556,LOF,0.256537151742063,0.1386643899240965,0.6047984583338405
25557,LOF,0.1713883586787978,0.11367849886096475,0.7149331424602374
25558,LOF,0.26193890672183723,0.1353711473216263,0.6026899459565365
25559,Neutral,0.7747603480111075,0.05422371140270538,0.1710159405861871
25560,LOF,0.05443394523285404,0.11089524860383579,0.8346708061633101
25561,LOF,0.1292980966228329,0.10725771808211726,0.7634441852950499
25562,LOF,0.20580135954546733,0.04428946022440225,0.7499091802301304
25563,LOF,0.20233883475295916,0.06588184179891078,0.73177932344813
25564,LOF,0.0919925142856074,0.08143682202867344,0.8265706636857193
25565,LOF,0.11472086507501099,0.300070943336275,0.5852081915887141
25566,GOF,0.046111010461424545,0.6607068501554035,0.29318213938317195
25567,LOF,0.01805461934603773,0.08835559743958493,0.8935897832143774
25568,LOF,0.12066801139300268,0.09868859184664634,0.780643396760351
25569,Neutral,0.7607534485258906,0.015001747900052181,0.22424480357405724
25570,LOF,0.11165382305775651,0.15379970953890026,0.7345464674033433
25571,LOF,0.11692938347323742,0.10707911048417226,0.7759915060425904
25572,LOF,0.10773051637458574,0.15166716124987506,0.7406023223755392
25573,LOF,0.026759575786374536,0.14677143648690122,0.8264689877267242
25574,LOF,0.01029255973575648,0.3053159520301429,0.6843914882341007
25575,LOF,0.12992919205494707,0.06375875612312204,0.8063120518219309
25576,LOF,0.02895995941956196,0.06095817712810498,0.9100818634523331
25577,LOF,0.01844721691581603,0.10797798561355652,0.8735747974706274
25578,Neutral,0.556542567330738,0.07472256651707769,0.36873486615218426
25579,Neutral,0.556542567330738,0.07472256651707769,0.36873486615218426
25580,LOF,0.06955843443881607,0.04864722630256234,0.8817943392586217
25581,LOF,0.10765091319084748,0.12130405589124917,0.7710450309179033
25582,LOF,0.11514285755688825,0.07656049339316975,0.808296649049942
25583,LOF,0.08128111740059486,0.043485680868604396,0.8752332017308007
25584,Neutral,0.4907129849377268,0.08117082742483693,0.4281161876374363
25585,LOF,0.019566779084689873,0.08938425849847563,0.8910489624168344
25586,LOF,0.09149995613976802,0.09158265723627726,0.8169173866239546
25587,LOF,0.059756303132006104,0.07871042224594388,0.8615332746220501
25588,LOF,0.07513766346057123,0.08874240525670704,0.8361199312827217
25589,Neutral,0.7080611056722256,0.1310067726503885,0.160932121677386
25590,LOF,0.04636308739011944,0.11164843192057476,0.8419884806893058
25591,LOF,0.23354569049555643,0.04159326353192381,0.7248610459725198
25592,LOF,0.05107402920038592,0.06808237010705305,0.880843600692561
25593,LOF,0.0181477185642899,0.43610785118706963,0.5457444302486405
25594,LOF,0.13156084474204383,0.12821533303005497,0.7402238222279012
25595,LOF,0.0877673179883004,0.15076097611757053,0.761471705894129
25596,LOF,0.2214114277167875,0.09980179472612828,0.6787867775570843
25597,LOF,0.20929632501016077,0.08304384759006797,0.7076598273997713
25598,Neutral,0.7856495321359428,0.03461563675358472,0.17973483111047264
25599,LOF,0.013086411491223438,0.29509180728527906,0.6918217812234976
25600,LOF,0.014365854614177529,0.2319079069956101,0.7537262383902122
25601,LOF,0.009812030515141599,0.14672579174138745,0.843462177743471
25602,LOF,0.06651823649468545,0.2128103639962342,0.7206713995090803
25603,LOF,0.06497086145332914,0.1357641190153191,0.7992650195313518
25604,LOF,0.03242406739713234,0.24663517974073665,0.720940752862131
25605,LOF,0.021553071271021646,0.3846041268680035,0.5938428018609749
25606,GOF,0.056168732465094275,0.6049253018108961,0.33890596572400955
25607,LOF,0.004596165526132816,0.2237257517002456,0.7716780827736216
25608,LOF,0.04901319604936241,0.09884456093661617,0.8521422430140214
25609,LOF,0.2284137984346342,0.17617432197602934,0.5954118795893365
25610,LOF,0.05578611001045558,0.1551335714312468,0.7890803185582976
25611,LOF,0.06916669751044131,0.11608551651306534,0.8147477859764933
25612,Neutral,0.7531107092007219,0.1166766981314534,0.13021259266782484
25613,LOF,0.06641694912757681,0.2628445692484342,0.670738481623989
25614,LOF,0.04374217099110955,0.22071649107617403,0.7355413379327165
25615,LOF,0.044216514935359524,0.274378634322813,0.6814048507418274
25616,LOF,0.0352468895051648,0.3109567640119401,0.653796346482895
25617,LOF,0.06445279016501762,0.18310883449431956,0.7524383753406627
25618,LOF,0.05198915077805498,0.3386195054858809,0.6093913437360642
25619,LOF,0.065843463558227,0.16827168843080556,0.7658848480109673
25620,LOF,0.03768598057648561,0.23600598581120139,0.7263080336123129
25621,LOF,0.05095059469173283,0.2184564578130066,0.7305929474952606
25622,LOF,0.036205971570038964,0.2541149665861728,0.7096790618437883
25623,LOF,0.0857259646292923,0.26965712406521225,0.6446169113054955
25624,LOF,0.039719880239465155,0.27598087809738614,0.6842992416631487
25625,LOF,0.04102155685926125,0.2400059852039638,0.7189724579367749
25626,Neutral,0.7663402616930267,0.0848254528884266,0.14883428541854682
25627,Neutral,0.4733352859230324,0.1769296630359707,0.3497350510409969
25628,LOF,0.1548745141101629,0.05622328108973428,0.7889022048001028
25629,Neutral,0.7049087578729052,0.02965346703822573,0.26543777508886907
25630,LOF,0.08867383199086612,0.11471819243366284,0.796607975575471
25631,LOF,0.3898820053118108,0.2166412030263953,0.3934767916617939
25632,LOF,0.010046325061285798,0.11829373517706625,0.871659939761648
25633,Neutral,0.39348721820129323,0.28489777729163207,0.32161500450707464
25634,LOF,0.10955166924212927,0.23543384776619453,0.6550144829916763
25635,LOF,0.04895022261393607,0.06635048653469384,0.8846992908513701
25636,GOF,0.006965206723654803,0.5397620429565204,0.45327275031982484
25637,LOF,0.006202639633831502,0.3006632256956122,0.6931341346705563
25638,LOF,0.007870137172833618,0.404738336024816,0.5873915268023503
25639,LOF,0.008070143621848493,0.2672342039946843,0.7246956523834671
25640,Neutral,0.4328742777751498,0.28661529406110986,0.2805104281637403
25641,LOF,0.009812688544324004,0.2304448770276897,0.7597424344279863
25642,LOF,0.2696364448655214,0.06873197001290193,0.6616315851215766
25643,Neutral,0.5773491509137635,0.014405529788707424,0.40824531929752905
25644,LOF,0.014133106171932662,0.42744914879968743,0.5584177450283799
25645,GOF,0.009034967777804883,0.5500654993785179,0.4408995328436772
25646,LOF,0.010907953008955158,0.40781704508738326,0.5812750019036617
25647,LOF,0.012049912346190324,0.304314476565185,0.6836356110886247
25648,LOF,0.008349977228644759,0.4354837930616886,0.5561662297096668
25649,LOF,0.008605437961791257,0.3159915297727021,0.6754030322655067
25650,GOF,0.027420887566830927,0.5941707777111821,0.378408334721987
25651,LOF,0.008661966922992686,0.4397845908973643,0.551553442179643
25652,LOF,0.015420063600319472,0.2879887593269642,0.6965911770727163
25653,GOF,0.07667832585292586,0.48204237887916385,0.4412792952679103
25654,LOF,0.00913734069671909,0.48341060994938,0.507452049353901
25655,GOF,0.0920954128409289,0.4974477990413843,0.4104567881176868
25656,LOF,0.038578105321118536,0.3674173286127577,0.5940045660661237
25657,LOF,0.4211621956377465,0.04941973168297392,0.5294180726792796
25658,LOF,0.016727835099087335,0.2882827135407328,0.6949894513601798
25659,LOF,0.11284665186694624,0.22969912085092412,0.6574542272821297
25660,LOF,0.12369169317258161,0.12370107850148172,0.7526072283259367
25661,LOF,0.09146993947643688,0.09737810063219983,0.8111519598913632
25662,LOF,0.08159965677284729,0.08497248195066207,0.8334278612764907
25663,LOF,0.08338756351668745,0.11845622687449966,0.7981562096088128
25664,LOF,0.05463652691277386,0.21476460250031718,0.730598870586909
25665,LOF,0.098546810689717,0.16915731055707578,0.7322958787532072
25666,LOF,0.10456890149437824,0.3036144554738696,0.5918166430317523
25667,LOF,0.06097838802294029,0.04580248755099008,0.8932191244260698
25668,LOF,0.08722435194880787,0.05138908556333535,0.8613865624878567
25669,LOF,0.05675748301925444,0.10787452056681095,0.8353679964139346
25670,LOF,0.12359063948549971,0.06968021253372961,0.8067291479807707
25671,LOF,0.08479701117731657,0.10149659546081516,0.8137063933618683
25672,LOF,0.13969914882878093,0.13149730035917656,0.7288035508120424
25673,LOF,0.11248184620453094,0.21332506633980378,0.6741930874556653
25674,LOF,0.05472960212513537,0.17281740693884629,0.7724529909360184
25675,LOF,0.10570622122956753,0.1380906761630382,0.7562031026073943
25676,LOF,0.07919210097161605,0.10240853142355144,0.8183993676048326
25677,LOF,0.09866022518832512,0.06911379011668706,0.8322259846949878
25678,Neutral,0.685061159204349,0.03712970024175083,0.2778091405539002
25679,LOF,0.35613290043872603,0.08472312182039006,0.559143977740884
25680,LOF,0.11882094125020709,0.15185226409102603,0.7293267946587668
25681,LOF,0.13846633770909336,0.13106691862442732,0.7304667436664793
25682,LOF,0.08097026238193011,0.08014772585093072,0.8388820117671392
25683,LOF,0.2706716304028352,0.10219878205615654,0.6271295875410082
25684,LOF,0.10408730441324095,0.13235301723639453,0.7635596783503645
25685,LOF,0.1896241510348419,0.04376474931424912,0.7666110996509089
25686,LOF,0.0206971277228983,0.1829742409138856,0.7963286313632161
25687,LOF,0.03204214555535352,0.20059052473244937,0.7673673297121971
25688,LOF,0.024429827910374444,0.2921197577263215,0.683450414363304
25689,LOF,0.012631855233297464,0.21570723898638974,0.7716609057803127
25690,LOF,0.01592003138582573,0.35869530351595397,0.6253846650982203
25691,GOF,0.11088959298153299,0.5353602470630101,0.35375015995545694
25692,Neutral,0.773038688360464,0.03491905234518126,0.19204225929435467
25693,GOF,0.0275378442204721,0.5357403703693815,0.43672178541014645
25694,LOF,0.4344810883015597,0.04566928841846821,0.5198496232799721
25695,LOF,0.30122699552202636,0.07688896875120652,0.6218840357267672
25696,Neutral,0.7070860062891073,0.04487958219452527,0.24803441151636746
25697,Neutral,0.8245141703519744,0.03925180354590735,0.13623402610211835
25698,LOF,0.014269933151794513,0.4653257518997682,0.5204043149484373
25699,LOF,0.06252472760104658,0.4500488622393336,0.4874264101596196
25700,LOF,0.09184218959459574,0.020251457824843645,0.8879063525805606
25701,LOF,0.008712470875678167,0.39601184091944136,0.5952756882048805
25702,GOF,0.03986396298081128,0.6224496090429829,0.33768642797620596
25703,LOF,0.015137883345241621,0.11998798681889511,0.8648741298358633
25704,LOF,0.07778332332293642,0.12830573275416493,0.7939109439228987
25705,LOF,0.128673807127753,0.19774974102687043,0.6735764518453766
25706,GOF,0.02164719206709602,0.8138120077037723,0.16454080022913165
25707,GOF,0.01399033438102202,0.7396728892870519,0.24633677633192613
25708,GOF,0.008369246818630813,0.7751275998294921,0.2165031533518771
25709,LOF,0.07922128816297935,0.1197365349603747,0.8010421768766459
25710,LOF,0.016613719648456822,0.28159750223790614,0.701788778113637
25711,LOF,0.07672605000745443,0.14391370199780454,0.7793602479947409
25712,LOF,0.03470834925726717,0.2245250320986555,0.7407666186440773
25713,LOF,0.06510587243729826,0.131831513119924,0.8030626144427778
25714,LOF,0.05851787393283282,0.32806309307918957,0.6134190329879775
25715,LOF,0.05826335371423258,0.24187541211724733,0.6998612341685201
25716,LOF,0.012695682624002922,0.1665556872799389,0.8207486300960581
25717,LOF,0.012388778790467203,0.1314703810464227,0.8561408401631101
25718,LOF,0.06874486191538894,0.09571264223672771,0.8355424958478834
25719,LOF,0.07322177236080495,0.1652933555003012,0.7614848721388939
25720,LOF,0.07399198816652341,0.20580860342640647,0.7201994084070701
25721,LOF,0.061300791993941506,0.11092215351122632,0.8277770544948323
25722,LOF,0.06455263513194325,0.15094238894390002,0.7845049759241567
25723,LOF,0.07771419886959285,0.18015274702046694,0.7421330541099401
25724,LOF,0.07205066597155604,0.31258007513713726,0.6153692588913067
25725,LOF,0.11996529379386645,0.1540127809169999,0.7260219252891337
25726,LOF,0.0696622043562775,0.18082415180803565,0.749513643835687
25727,LOF,0.10489653136839455,0.10445701489212067,0.7906464537394847
25728,LOF,0.05888944046655509,0.27326196560763,0.6678485939258149
25729,LOF,0.06782844076795884,0.24683252750270726,0.6853390317293339
25730,LOF,0.07983511220754372,0.19157837872528513,0.7285865090671713
25731,LOF,0.019962905806388095,0.21500298108761598,0.765034113105996
25732,LOF,0.0541827587350767,0.1316494048780497,0.8141678363868735
25733,LOF,0.07031940008672297,0.3370722187857545,0.5926083811275226
25734,LOF,0.010940748391478112,0.21701184139654744,0.7720474102119744
25735,LOF,0.06919494870336737,0.14599388870665292,0.7848111625899796
25736,LOF,0.06991231247917268,0.22927487285050838,0.7008128146703189
25737,LOF,0.09493864367473867,0.1267002032769437,0.7783611530483175
25738,LOF,0.08517883275371343,0.19417917513108648,0.7206419921152001
25739,LOF,0.06230772083172559,0.1659609796127869,0.7717312995554875
25740,LOF,0.09279085482297478,0.13821232116208862,0.7689968240149365
25741,LOF,0.08513117643126598,0.1433776209527866,0.7714912026159474
25742,LOF,0.11222084335738322,0.18980914408155516,0.6979700125610616
25743,LOF,0.013286838785219609,0.05756211587463108,0.9291510453401493
25744,GOF,0.13212144990143973,0.45240614255033873,0.41547240754822157
25745,LOF,0.0169940949509794,0.44200464867634043,0.5410012563726803
25746,LOF,0.011786451545527786,0.4105870063770722,0.5776265420774
25747,LOF,0.08089098342281416,0.05050091871682825,0.8686080978603576
25748,LOF,0.321292779332437,0.186489079267034,0.49221814140052883
25749,LOF,0.011318498269194047,0.3513605046183912,0.6373209971124146
25750,LOF,0.014911166510922494,0.4470809638131819,0.5380078696758956
25751,LOF,0.05534998660275952,0.18646168321354809,0.7581883301836924
25752,GOF,0.11523434302227803,0.5722081796435611,0.31255747733416095
25753,LOF,0.010523964990858769,0.33161508334282624,0.657860951666315
25754,GOF,0.011790007535481737,0.8629281075331193,0.12528188493139888
25755,LOF,0.009815660742379653,0.27964333451957235,0.7105410047380479
25756,LOF,0.08787272135041911,0.24195190415356516,0.6701753744960156
25757,GOF,0.011080092499209415,0.7615767566092827,0.22734315089150778
25758,GOF,0.010219782073588635,0.8433642250665763,0.1464159928598351
25759,GOF,0.0064386157321217365,0.6423550427606628,0.3512063415072156
25760,LOF,0.008011311114050002,0.15096715069465036,0.8410215381912997
25761,GOF,0.039474299741792625,0.8304246316271071,0.1301010686311002
25762,LOF,0.11754794717799762,0.21111392996776326,0.6713381228542392
25763,LOF,0.009497798521694467,0.1440843776764956,0.84641782380181
25764,GOF,0.09109915855088617,0.5844882149985422,0.3244126264505716
25765,GOF,0.008929671196709866,0.8180094357412204,0.1730608930620697
25766,GOF,0.024224338010863718,0.778258971148014,0.1975166908411224
25767,GOF,0.013140922421341874,0.6201988568355647,0.36666022074309335
25768,LOF,0.07021525148086859,0.10836179376727324,0.8214229547518581
25769,LOF,0.04730950583612323,0.28752439624172094,0.6651660979221559
25770,Neutral,0.7629190879249207,0.05161660335485744,0.18546430872022188
25771,LOF,0.045712484909887476,0.2117412548948984,0.7425462601952141
25772,LOF,0.07221390393324884,0.22685429376284325,0.7009318023039078
25773,LOF,0.030273874419766086,0.437593355101276,0.5321327704789579
25774,LOF,0.11365613927935532,0.179849620541066,0.7064942401795787
25775,LOF,0.038385228633339145,0.1706015875834633,0.7910131837831975
25776,LOF,0.041430531894419295,0.2009184430574438,0.757651025048137
25777,LOF,0.2195900917568431,0.12518000000599153,0.6552299082371653
25778,LOF,0.06443058970163909,0.2389193981336811,0.6966500121646797
25779,GOF,0.13580220385189132,0.5153197277378818,0.34887806841022695
25780,GOF,0.10183449377742382,0.6601709801842862,0.23799452603829002
25781,GOF,0.06697090147420776,0.6100069008885883,0.3230221976372038
25782,GOF,0.044304243797581584,0.5296058655310096,0.4260898906714088
25783,GOF,0.09822728716137677,0.6145032678737448,0.2872694449648785
25784,GOF,0.2201673483010152,0.5175936276356918,0.2622390240632929
25785,GOF,0.2577709839284359,0.5518847356088241,0.19034428046274005
25786,LOF,0.017386687019018198,0.44703476545575943,0.5355785475252224
25787,Neutral,0.5274148818420907,0.2838420354595539,0.1887430826983554
25788,LOF,0.06023579422290006,0.10709811235239795,0.832666093424702
25789,GOF,0.04359356465736569,0.6400364561346588,0.3163699792079756
25790,GOF,0.060356175814379444,0.562923611072869,0.37672021311275156
25791,GOF,0.03401196210585666,0.6828629523719224,0.2831250855222209
25792,GOF,0.04970350978423089,0.6646326749399732,0.28566381527579593
25793,GOF,0.07556007592027993,0.47045503513547093,0.45398488894424915
25794,LOF,0.07227470197177226,0.4436770823264502,0.4840482157017774
25795,LOF,0.08544202283772008,0.3572141645072312,0.5573438126550487
25796,LOF,0.2313608329259727,0.35590539222410544,0.4127337748499218
25797,LOF,0.09285518358750727,0.3758446719291012,0.5313001444833915
25798,GOF,0.011699235516104564,0.6852319275892663,0.3030688368946292
25799,GOF,0.008561366522872912,0.665312426460223,0.326126207016904
25800,GOF,0.047828748629646325,0.7233100683163652,0.22886118305398853
25801,GOF,0.06689944565982082,0.6224648856196341,0.31063566872054504
25802,GOF,0.0707517497448618,0.6196474157488515,0.3096008345062867
25803,LOF,0.05901079139803688,0.4251506989693889,0.5158385096325743
25804,LOF,0.10336233957931323,0.4013452137579878,0.49529244666269895
25805,GOF,0.06442408974360829,0.4904905261291053,0.44508538412728627
25806,GOF,0.0828327724031975,0.5428267667401482,0.37434046085665434
25807,LOF,0.03760076557233537,0.4575817087483828,0.5048175256792817
25808,GOF,0.06876492028007242,0.6330986740173369,0.2981364057025907
25809,LOF,0.019161998330252335,0.46514564148912885,0.5156923601806188
25810,GOF,0.016489666692553695,0.4948984130581649,0.48861192024928146
25811,GOF,0.09584660503734425,0.5615998071277942,0.3425535878348615
25812,GOF,0.1196634826525952,0.4923694117943136,0.3879671055530912
25813,GOF,0.3438060586119978,0.37742489121434775,0.2787690501736545
25814,GOF,0.1244675973206572,0.5072977938106068,0.36823460886873605
25815,GOF,0.11980696941391358,0.49147563721679777,0.3887173933692886
25816,GOF,0.019191569030453697,0.638842875938508,0.34196555503103826
25817,LOF,0.11258481515625075,0.40667533392608146,0.48073985091766785
25818,GOF,0.09356217543476789,0.5351090628081393,0.3713287617570927
25819,LOF,0.10326530533590032,0.38861197139190384,0.5081227232721959
25820,LOF,0.13340000102340313,0.4203297974538447,0.44627020152275204
25821,GOF,0.11155331214115748,0.4585822794226732,0.42986440843616935
25822,LOF,0.20606777058264764,0.3262285279352321,0.46770370148212037
25823,LOF,0.09487898450274516,0.30590146896900977,0.599219546528245
25824,GOF,0.04560107219931434,0.5941641977370394,0.3602347300636463
25825,GOF,0.039844046524156504,0.6234028544737147,0.33675309900212874
25826,LOF,0.014857894852661833,0.4191679870898461,0.5659741180574921
25827,GOF,0.011614683553796464,0.5616078377470307,0.42677747869917293
25828,GOF,0.011360062157582425,0.5336104323878558,0.4550295054545617
25829,LOF,0.0098492532067977,0.11201862309642864,0.8781321236967736
25830,LOF,0.08352354649879182,0.02906081350910141,0.8874156399921067
25831,GOF,0.053835295757505446,0.6519825928223572,0.29418211142013745
25832,LOF,0.015859524576937314,0.39711403917184573,0.587026436251217
25833,GOF,0.07975424960874429,0.5844155366142045,0.3358302137770512
25834,LOF,0.015482238951053473,0.36642699545626,0.6180907655926865
25835,GOF,0.07483350010936869,0.6676942108244168,0.2574722890662145
25836,LOF,0.017705986867363997,0.47570413151035135,0.5065898816222846
25837,LOF,0.017995347653688487,0.39816739197157197,0.5838372603747395
25838,GOF,0.05442342311962883,0.5910311176582685,0.3545454592221027
25839,GOF,0.09910997434745936,0.49801341825648715,0.4028766073960536
25840,GOF,0.1303699844047273,0.5837556159586841,0.28587439963658856
25841,GOF,0.09599793153493587,0.5222572671827199,0.3817448012823443
25842,GOF,0.07754704394622228,0.5754074351692487,0.34704552088452895
25843,GOF,0.03666666751985126,0.6492164212101165,0.3141169112700323
25844,GOF,0.056766912683266675,0.5327284866995011,0.4105046006172321
25845,LOF,0.013098461076891934,0.3343188760369284,0.6525826628861797
25846,GOF,0.10295781080362383,0.47381288061766785,0.42322930857870833
25847,GOF,0.06124329105208753,0.5574623017778653,0.3812944071700472
25848,GOF,0.04316956703074432,0.6585473819682613,0.29828305100099417
25849,GOF,0.010220518272839802,0.6008188022281857,0.38896067949897445
25850,GOF,0.015760908979142133,0.5367007053320234,0.44753838568883453
25851,GOF,0.014561924272168257,0.4973679085259313,0.48807016720190033
25852,GOF,0.22758410974677207,0.3876402486486501,0.3847756416045778
25853,GOF,0.1081110979968428,0.4853820461354836,0.4065068558676737
25854,LOF,0.008012778666938654,0.4959116444502168,0.49607557688284454
25855,LOF,0.05644968008865151,0.46911452869726566,0.47443579121408297
25856,GOF,0.11169959258611319,0.5747336055755036,0.31356680183838315
25857,GOF,0.06290669229277504,0.5193497867556113,0.4177435209516138
25858,LOF,0.01715509565377381,0.393719971207614,0.5891249331386123
25859,LOF,0.01297987985029802,0.3770278821749603,0.6099922379747417
25860,GOF,0.13443843179594098,0.4972604156893291,0.36830115251472983
25861,GOF,0.09600333753170502,0.49957696996703593,0.4044196925012591
25862,GOF,0.03837366216983333,0.731061258284029,0.2305650795461377
25863,GOF,0.046866169971783916,0.5971823072597864,0.3559515227684296
25864,GOF,0.05806473551478463,0.6538178756726821,0.2881173888125332
25865,GOF,0.05396950412867089,0.6800081734050136,0.2660223224663154
25866,GOF,0.07489776929798381,0.7575782923171109,0.16752393838490523
25867,Neutral,0.5630479105319243,0.3687095022193201,0.06824258724875557
25868,GOF,0.12848565721489735,0.5570024892028388,0.3145118535822639
25869,GOF,0.4339029477422931,0.43708231177863244,0.12901474047907446
25870,LOF,0.053775918287319015,0.04095085978467594,0.9052732219280051
25871,LOF,0.011319428784616777,0.3630085093835637,0.6256720618318196
25872,LOF,0.056310077927483874,0.39909846510390956,0.5445914569686066
25873,GOF,0.037959879463373564,0.6359034955602019,0.3261366249764246
25874,LOF,0.0665661805895757,0.031545760359191516,0.9018880590512328
25875,LOF,0.017873693685968306,0.3743045760841763,0.6078217302298555
25876,LOF,0.047941377638783846,0.17590096663303245,0.7761576557281836
25877,GOF,0.08812972930542166,0.46892577241702743,0.442944498277551
25878,GOF,0.05894891485511702,0.7019684811839607,0.2390826039609223
25879,LOF,0.013546188398290955,0.33142606618736087,0.6550277454143482
25880,LOF,0.07940926190138523,0.058226686221922876,0.8623640518766919
25881,GOF,0.33768195253877503,0.34787708933802053,0.31444095812320444
25882,LOF,0.027303265001985762,0.3924356514402105,0.5802610835578038
25883,LOF,0.0382469622064446,0.19146848300670952,0.7702845547868459
25884,LOF,0.018468378037893533,0.32072506019453956,0.6608065617675669
25885,LOF,0.38778170911660775,0.07482501597900615,0.537393274904386
25886,Neutral,0.4231371198447522,0.1926670833826687,0.38419579677257903
25887,GOF,0.03398006293576304,0.6642536627037152,0.3017662743605216
25888,LOF,0.006362295727078996,0.49500907252095083,0.49862863175197014
25889,LOF,0.05288800623825928,0.27427131907243535,0.6728406746893054
25890,LOF,0.15323544047449303,0.3558759217076868,0.4908886378178202
25891,LOF,0.2619288924477018,0.19068025107799422,0.547390856474304
25892,LOF,0.006010886915032776,0.1791670833356875,0.8148220297492798
25893,LOF,0.2588800435694896,0.058217710194325104,0.6829022462361852
25894,LOF,0.30608898538610363,0.04282074262278552,0.6510902719911109
25895,LOF,0.2283385337173993,0.046576408311736164,0.7250850579708645
25896,LOF,0.11451700835082765,0.1194744643163796,0.7660085273327928
25897,LOF,0.09104554564331106,0.06903247810528167,0.8399219762514073
25898,GOF,0.0692814698713985,0.5452779866160479,0.3854405435125537
25899,LOF,0.35911480019355085,0.14202464518464497,0.49886055462180423
25900,Neutral,0.8820068492156355,0.024965881793264116,0.09302726899110035
25901,LOF,0.0968605569125873,0.041495084775836716,0.861644358311576
25902,Neutral,0.7692975942811766,0.01180688091062335,0.21889552480820013
25903,LOF,0.1368726723471613,0.1441787341722781,0.7189485934805606
25904,Neutral,0.5535596454568076,0.12312569682214092,0.32331465772105156
25905,LOF,0.008427074334361214,0.29303443993374473,0.698538485731894
25906,LOF,0.013416647228236532,0.060259167225427256,0.9263241855463361
25907,LOF,0.010762026195446956,0.2883381653478373,0.7008998084567157
25908,LOF,0.010921571948276667,0.24333856849400318,0.7457398595577202
25909,LOF,0.07602734673457733,0.18613258710338437,0.7378400661620382
25910,LOF,0.02553526689467122,0.1802643670611444,0.7942003660441843
25911,LOF,0.12634853264402668,0.08139779358447895,0.7922536737714944
25912,LOF,0.2004743279516315,0.023344078017354386,0.776181594031014
25913,LOF,0.012116610477225979,0.08187601328761068,0.9060073762351634
25914,LOF,0.05978118919435229,0.2223240904248182,0.7178947203808296
25915,GOF,0.04036353237897994,0.8344685506419435,0.1251679169790766
25916,GOF,0.011179978897133078,0.6778883092528531,0.3109317118500138
25917,Neutral,0.8557749401349186,0.04435081961155089,0.09987424025353046
25918,LOF,0.07675924856535073,0.12422803112689912,0.7990127203077503
25919,LOF,0.07031714462563333,0.08114610859592863,0.848536746778438
25920,GOF,0.18477977118954395,0.4518307132948845,0.3633895155155715
25921,LOF,0.03405617622301304,0.039805890608606176,0.9261379331683808
25922,LOF,0.02560441722825559,0.04204823499185272,0.9323473477798916
25923,Neutral,0.5159223484999728,0.06372824042162811,0.4203494110783991
25924,LOF,0.04171705714995523,0.09261270181819853,0.8656702410318462
25925,Neutral,0.7265434947613507,0.015197335557984176,0.2582591696806652
25926,LOF,0.1484850356486456,0.06840235021725787,0.7831126141340966
25927,LOF,0.016287837355687472,0.08226080917460842,0.9014513534697042
25928,LOF,0.016453316138873277,0.044386941750680274,0.9391597421104464
25929,Neutral,0.5159223484999728,0.06372824042162811,0.4203494110783991
25930,LOF,0.0652456826489596,0.13543420233428358,0.7993201150167569
25931,LOF,0.015168215396894776,0.056638222004886205,0.9281935625982191
25932,LOF,0.09616358963659676,0.04209153423691416,0.8617448761264891
25933,LOF,0.10425394931321699,0.025741545956973585,0.8700045047298093
25934,LOF,0.10387126216228879,0.03417842720254844,0.8619503106351627
25935,Neutral,0.7481189222960198,0.019057132894504624,0.23282394480947546
25936,LOF,0.09825122608433534,0.026397553584425682,0.875351220331239
25937,LOF,0.017897660574098428,0.06569951060643804,0.9164028288194636
25938,Neutral,0.7496963057753814,0.0159940599190724,0.2343096343055461
25939,LOF,0.0869571927984745,0.03292661717862085,0.8801161900229046
25940,GOF,0.007726883763297727,0.6041295491236467,0.3881435671130556
25941,LOF,0.4146893391048203,0.10219861312403097,0.4831120477711488
25942,LOF,0.014847548757800526,0.18501489668379476,0.8001375545584047
25943,GOF,0.027283966591619,0.6602296113238802,0.31248642208450084
25944,LOF,0.02177085142352932,0.3846118528893754,0.5936172956870954
25945,LOF,0.045005903408373266,0.05708264914631826,0.8979114474453085
25946,LOF,0.10728367912198061,0.08883185108295463,0.8038844697950648
25947,LOF,0.4257466669998852,0.030217181582156017,0.5440361514179588
25948,Neutral,0.8940632026705979,0.03555249263763267,0.07038430469176947
25949,Neutral,0.8178144277572171,0.026076348423498895,0.156109223819284
25950,GOF,0.07078149621439155,0.7622803412334405,0.16693816255216803
25951,LOF,0.012398615066111772,0.45951684200423515,0.528084542929653
25952,LOF,0.09096454146465911,0.4092927783951158,0.4997426801402252
25953,LOF,0.0083889068264222,0.4305384521748166,0.5610726409987611
25954,GOF,0.0496001896502208,0.5431066561958999,0.4072931541538793
25955,GOF,0.005383455523382357,0.6364236083295528,0.35819293614706493
25956,GOF,0.014948911910657713,0.5730010290587944,0.4120500590305478
25957,LOF,0.4409151528519918,0.08455298526349453,0.47453186188451363
25958,LOF,0.034476869784133925,0.2177225846643877,0.7478005455514783
25959,GOF,0.005232384547052481,0.5888440612827267,0.40592355417022075
25960,LOF,0.006047122939528099,0.18548317894287003,0.8084696981176018
25961,LOF,0.03641718912029469,0.24065515957432268,0.7229276513053826
25962,Neutral,0.6740005726713367,0.024938911849131367,0.30106051547953194
25963,LOF,0.014654576896084492,0.1335128248416071,0.8518325982623084
25964,LOF,0.07413426164003306,0.11368102202840513,0.8121847163315618
25965,LOF,0.12061461221795965,0.21749472753338903,0.6618906602486513
25966,Neutral,0.4091496752138883,0.38267522340003124,0.20817510138608056
25967,LOF,0.010515692047586752,0.20820844447374334,0.78127586347867
25968,LOF,0.13352898680717298,0.3978612866630746,0.46860972652975247
25969,LOF,0.27208438918195,0.029886464676270184,0.6980291461417797
25970,LOF,0.018812713498594275,0.1813431788014562,0.7998441076999495
25971,LOF,0.11700301521673745,0.13719767805022495,0.7457993067330376
25972,LOF,0.0999620301877283,0.1201897524081185,0.7798482174041531
25973,Neutral,0.5317975808268826,0.01108639545852751,0.4571160237145899
25974,LOF,0.04824638060515682,0.30009561401426516,0.6516580053805779
25975,LOF,0.06424196630121531,0.029602610093453344,0.9061554236053314
25976,LOF,0.09929936440013791,0.02509109012888742,0.8756095454709747
25977,LOF,0.40950028935358723,0.06412047022069359,0.5263792404257193
25978,LOF,0.14084256596096004,0.2789164474924,0.5802409865466399
25979,LOF,0.10331354287920759,0.2579472453704672,0.6387392117503252
25980,LOF,0.13416400721268845,0.41054273347868636,0.4552932593086251
25981,GOF,0.1376530833110063,0.4372059788934758,0.425140937795518
25982,LOF,0.1504807697712953,0.3460077328012717,0.5035114974274331
25983,LOF,0.12484540973111413,0.34138077610498035,0.5337738141639055
25984,LOF,0.0518701266476205,0.11325031984941883,0.8348795535029607
25985,Neutral,0.404700926924459,0.30810758934616966,0.28719148372937137
25986,GOF,0.015472513524333893,0.6517384803276551,0.33278900614801094
25987,LOF,0.022664968277512503,0.22245071492582716,0.7548843167966603
25988,LOF,0.04650168927858247,0.1601162080104496,0.7933821027109679
25989,LOF,0.06853216176195433,0.14649582521315233,0.7849720130248934
25990,LOF,0.06349071529894304,0.2974309588835214,0.6390783258175355
25991,GOF,0.05364937874496945,0.6960563165684691,0.2502943046865614
25992,LOF,0.022830473277412795,0.39837645928059034,0.5787930674419968
25993,LOF,0.06014831629826713,0.042996812060021185,0.8968548716417116
25994,LOF,0.07974566246384872,0.07359745104479917,0.8466568864913521
25995,LOF,0.051092769298705466,0.06236316892849678,0.8865440617727979
25996,GOF,0.24466163326833487,0.5827214865687156,0.17261688016294954
25997,GOF,0.04853011562454571,0.6399190714460065,0.3115508129294479
25998,LOF,0.18093362649432213,0.16973632739960828,0.6493300461060696
25999,GOF,0.013254405802236467,0.5948163724994352,0.3919292216983284
26000,LOF,0.2790274070726311,0.025265245392672275,0.6957073475346967
26001,LOF,0.11414518226513366,0.038749378485282836,0.8471054392495835
26002,Neutral,0.6629712479120718,0.007997413036139529,0.32903133905178855
26003,GOF,0.010234357362695215,0.6422551195556717,0.34751052308163305
26004,GOF,0.033108615951515895,0.5865414507590766,0.3803499332894076
26005,LOF,0.0060714965986795166,0.4891378271632962,0.5047906762380243
26006,GOF,0.14254458472119513,0.5959812160782259,0.2614741992005789
26007,GOF,0.01612468090899905,0.5237963231600367,0.4600789959309644
26008,GOF,0.0125689181131426,0.5208296383956954,0.4666014434911619
26009,GOF,0.026874217236706653,0.7323600436613117,0.2407657391019817
26010,GOF,0.010952829471342221,0.6767122460986946,0.31233492442996297
26011,LOF,0.006479275452200685,0.3540107445426184,0.639509980005181
26012,GOF,0.007018039456877527,0.5499744581892425,0.4430075023538801
26013,LOF,0.0071510916180058965,0.4166399422536691,0.576208966128325
26014,Neutral,0.7947345461069476,0.012514805535367773,0.1927506483576847
26015,Neutral,0.45462373850437665,0.1024971938697506,0.4428790676258727
26016,LOF,0.21835186711009577,0.14664460640346405,0.6350035264864402
26017,LOF,0.037218609582260045,0.3486201425551637,0.6141612478625762
26018,LOF,0.03587094465436658,0.38632715845948096,0.5778018968861526
26019,LOF,0.037052517433868164,0.25162130067514726,0.7113261818909846
26020,LOF,0.007612593734720811,0.21877648968403604,0.773610916581243
26021,LOF,0.057786121668995265,0.16374757556418512,0.7784663027668196
26022,LOF,0.0733585026429046,0.13188264456772258,0.7947588527893727
26023,LOF,0.03414211677479882,0.16599487391585277,0.7998630093093484
26024,LOF,0.052294074859912526,0.12778162007855487,0.8199243050615326
26025,LOF,0.09665776588712054,0.2365206124049608,0.6668216217079187
26026,LOF,0.0733372314731256,0.18056578241411386,0.7460969861127605
26027,LOF,0.0650730510423425,0.12754621317180828,0.8073807357858492
26028,LOF,0.03790422900001464,0.32418366786146474,0.6379121031385206
26029,LOF,0.03479560325768741,0.4201859525099723,0.5450184442323402
26030,LOF,0.34924290570955857,0.07469614094869458,0.5760609533417469
26031,LOF,0.013636675632511145,0.40927141610044643,0.5770919082670425
26032,LOF,0.0798972976421186,0.07261567865132079,0.8474870237065606
26033,LOF,0.0707170004546895,0.0962677987811584,0.833015200764152
26034,LOF,0.019630921818927425,0.2749599407027684,0.7054091374783041
26035,LOF,0.013474388682804688,0.32704670572372874,0.6594789055934666
26036,LOF,0.011678868407771178,0.21430839683701977,0.7740127347552089
26037,LOF,0.01174906246156635,0.24521641981082792,0.7430345177276056
26038,LOF,0.051308868547948014,0.07923593842192976,0.8694551930301223
26039,LOF,0.04465907801474565,0.2946220244393184,0.6607188975459359
26040,LOF,0.04638469352263793,0.13068393225019723,0.8229313742271649
26041,LOF,0.013230369621218216,0.2769707810531628,0.7097988493256189
26042,LOF,0.012062550169160195,0.3004908909124382,0.6874465589184017
26043,LOF,0.04773956542077066,0.18173579951067,0.7705246350685593
26044,LOF,0.010187768388440275,0.21516435111138413,0.7746478805001756
26045,GOF,0.07198785950242922,0.5503320791505917,0.377680061346979
26046,LOF,0.04208538996171408,0.20555081259849728,0.7523637974397888
26047,LOF,0.09992741433912476,0.10285998055241484,0.7972126051084604
26048,LOF,0.11380822697173087,0.12158801192180599,0.764603761106463
26049,Neutral,0.8738146241241593,0.03886255751210476,0.08732281836373583
26050,Neutral,0.8600683502838932,0.034951729271137634,0.10497992044496918
26051,GOF,0.0128817881547081,0.5814772694705904,0.40564094237470155
26052,GOF,0.01649946116189472,0.5070237120123862,0.47647682682571907
26053,LOF,0.03271692752076005,0.04409404351086181,0.9231890289683781
26054,Neutral,0.7932405481486036,0.03504233742943957,0.1717171144219568
26055,LOF,0.11794678106316275,0.13535580824282512,0.7466974106940122
26056,LOF,0.12048233806490902,0.14119624453006055,0.7383214174050303
26057,LOF,0.0845245416988947,0.03825892070175305,0.8772165375993521
26058,LOF,0.10293563000580522,0.030945625117716678,0.8661187448764782
26059,Neutral,0.8887780012409444,0.041480277624551164,0.06974172113450439
26060,LOF,0.024513044444906637,0.34111336504897205,0.6343735905061213
26061,LOF,0.016862150138716746,0.05224930272234449,0.9308885471389388
26062,LOF,0.009578359613740988,0.10849078567865475,0.8819308547076044
26063,LOF,0.06258522184674835,0.04296199418136543,0.8944527839718863
26064,LOF,0.015327215155598746,0.06548504445760558,0.9191877403867957
26065,LOF,0.04809982121508931,0.05446020560971,0.8974399731752007
26066,LOF,0.08491076800884602,0.050606471193501874,0.8644827607976521
26067,LOF,0.0860451108167512,0.05869295413738549,0.8552619350458633
26068,Neutral,0.7921114008144984,0.04120836012518692,0.1666802390603148
26069,LOF,0.10921553118632421,0.12777990687570287,0.7630045619379728
26070,LOF,0.15206432954006865,0.10772984975337334,0.740205820706558
26071,LOF,0.06319881936589121,0.04818771247734099,0.8886134681567679
26072,LOF,0.011859436458837207,0.040302910673343184,0.9478376528678197
26073,LOF,0.08385344188042979,0.03355258610297218,0.8825939720165981
26074,Neutral,0.8787066743706845,0.030392717133800026,0.09090060849551565
26075,LOF,0.11205704611406926,0.1433921261074673,0.7445508277784634
26076,LOF,0.08319239994373802,0.08860815410871524,0.8281994459475467
26077,LOF,0.24395945342517816,0.06897577456454357,0.6870647720102782
26078,LOF,0.009282533766787714,0.07281793102437452,0.9178995352088378
26079,Neutral,0.8016166416782632,0.03880171751789862,0.15958164080383822
26080,Neutral,0.8016166416782632,0.03880171751789862,0.15958164080383822
26081,LOF,0.06263432444391798,0.041414867501758545,0.8959508080543235
26082,LOF,0.01080600814981015,0.1086559520549474,0.8805380397952425
26083,LOF,0.07178249640098906,0.13795506803213195,0.790262435566879
26084,LOF,0.07787700748807172,0.0718784859481689,0.8502445065637594
26085,LOF,0.06388513785370621,0.05922491339043967,0.8768899487558541
26086,LOF,0.04988467930099315,0.06767095124439329,0.8824443694546135
26087,LOF,0.08880475421630227,0.07732276421903576,0.8338724815646619
26088,LOF,0.011327044798799774,0.14218652069056104,0.8464864345106392
26089,LOF,0.08206899303230483,0.21538912231435917,0.7025418846533359
26090,LOF,0.10110628479349766,0.19192974826626114,0.7069639669402412
26091,LOF,0.06265426596369611,0.06222020428899432,0.8751255297473095
26092,LOF,0.05283536785466106,0.038419541111322376,0.9087450910340166
26093,LOF,0.09328707914903538,0.03230321763393433,0.8744097032170303
26094,LOF,0.06768688371610702,0.05546642816531497,0.8768466881185779
26095,LOF,0.018076545072581048,0.12005693402168999,0.861866520905729
26096,LOF,0.42134497936328746,0.020150750311552352,0.5585042703251603
26097,LOF,0.010698886931329631,0.07536944955389889,0.9139316635147715
26098,Neutral,0.7903490125574442,0.03504657532889252,0.17460441211366343
26099,LOF,0.04551123974839655,0.08313534089285615,0.8713534193587472
26100,LOF,0.04551123974839655,0.08313534089285615,0.8713534193587472
26101,LOF,0.0550525603547697,0.12492307914901125,0.8200243604962191
26102,LOF,0.06181655284659781,0.04544176658134384,0.8927416805720583
26103,Neutral,0.5343944176186917,0.1111584072076978,0.35444717517361063
26104,Neutral,0.8088819459470061,0.04195508452494065,0.14916296952805322
26105,LOF,0.2587481715801752,0.21442457958994554,0.5268272488298792
26106,LOF,0.2710529598885577,0.24148804627700501,0.4874589938344372
26107,LOF,0.010339141382825847,0.4251494878311503,0.5645113707860238
26108,LOF,0.11654445931200574,0.2942225001329874,0.5892330405550068
26109,LOF,0.08459145651171572,0.12957398941349565,0.7858345540747887
26110,Neutral,0.7970965846310696,0.06937719739606554,0.1335262179728649
26111,LOF,0.030292092221123886,0.2582344567294839,0.7114734510493922
26112,LOF,0.07221018051288411,0.06919471594638735,0.8585951035407285
26113,LOF,0.06138601850226702,0.07599097331442894,0.8626230081833041
26114,LOF,0.12295682081913517,0.0983020311678519,0.778741148013013
26115,LOF,0.011612049811532025,0.4347096522694455,0.5536782979190225
26116,LOF,0.10104128022768433,0.17320564036203087,0.7257530794102848
26117,Neutral,0.48659141624057045,0.08474700384868282,0.42866157991074666
26118,LOF,0.059114816846905026,0.03807417143476167,0.9028110117183333
26119,LOF,0.006787290952926459,0.11375093459752857,0.879461774449545
26120,LOF,0.06364861844803132,0.032903941072520905,0.9034474404794479
26121,LOF,0.006362963577789025,0.18365009724636966,0.8099869391758414
26122,LOF,0.005535370139097936,0.21033095829607867,0.7841336715648235
