feature0,prediction,LoGoFunc_Neutral,LoGoFunc_GOF,LoGoFunc_LOF
25546,Neutral,0.6679871903839587,0.06128500961407046,0.2707278000019709
25547,Neutral,0.474358510466166,0.1191587294372293,0.40648276009660467
25548,Neutral,0.4931628790331599,0.0932440414413606,0.4135930795254795
25549,LOF,0.4208228962315977,0.0951162656092205,0.4840608381591819
25550,LOF,0.3548893372009276,0.1558225523119408,0.4892881104871316
25551,LOF,0.2667185346898721,0.18390256447084466,0.5493789008392832
25552,LOF,0.1966482960226847,0.1691616601274176,0.6341900438498976
25553,Neutral,0.7871479695148168,0.05396905118574251,0.1588829792994408
25554,LOF,0.23623014054281857,0.17005868106997532,0.5937111783872061
25555,LOF,0.19456317782172972,0.14748911486429875,0.6579477073139716
25556,LOF,0.4096721760355238,0.13291652840514492,0.4574112955593313
25557,LOF,0.1840063277554442,0.15678159819847298,0.6592120740460828
25558,LOF,0.22093875079091585,0.1639601259318869,0.6151011232771971
25559,LOF,0.19392957871885225,0.13902785236115425,0.6670425689199935
25560,LOF,0.0739379379709209,0.1487682158067272,0.7772938462223519
25561,LOF,0.15017929718930867,0.14566567199125305,0.7041550308194382
25562,LOF,0.0683451700754164,0.10174783308024495,0.8299069968443386
25563,LOF,0.09536343666165592,0.1004932144356768,0.8041433489026671
25564,LOF,0.2041129014714466,0.18460525106803277,0.6112818474605206
25565,LOF,0.146474382592416,0.11699469946619467,0.7365309179413894
25566,GOF,0.017745585238485344,0.7738916269332718,0.2083627878282429
25567,LOF,0.02000926434482932,0.19912147549452286,0.780869260160648
25568,LOF,0.055442455574536476,0.08557256999046689,0.8589849744349967
25569,LOF,0.05656371926174003,0.08682051237747725,0.8566157683607828
25570,LOF,0.03178962450444803,0.11624468116716478,0.8519656943283872
25571,LOF,0.03152762085782736,0.11415130328579357,0.8543210758563792
25572,LOF,0.03470280219999872,0.14828065970042692,0.8170165380995743
25573,LOF,0.026336811496500467,0.11708158840377601,0.8565816000997235
25574,LOF,0.01978955110286421,0.17318232219614366,0.8070281267009922
25575,LOF,0.02477912431929071,0.12478890347590842,0.8504319722048008
25576,LOF,0.011519704757734884,0.17325556467833436,0.8152247305639307
25577,LOF,0.010559830872077043,0.13855074580890764,0.8508894233190154
25578,LOF,0.26021094932714756,0.10407710843068023,0.6357119422421723
25579,LOF,0.15700777234344457,0.1102042460859007,0.7327879815706547
25580,LOF,0.018827578677061287,0.09291950650117142,0.8882529148217673
25581,LOF,0.043095398918237174,0.08659550248863145,0.8703090985931313
25582,LOF,0.04295178184471744,0.08493523186585723,0.8721129862894254
25583,LOF,0.020336585556458408,0.10268546881590468,0.8769779456276369
25584,Neutral,0.5146471237111031,0.11680899925731571,0.3685438770315812
25585,LOF,0.012649956765461259,0.1650149040793882,0.8223351391551504
25586,LOF,0.016688351730119625,0.08426222380548792,0.8990494244643924
25587,LOF,0.016787811015468338,0.07723115328041903,0.9059810357041127
25588,LOF,0.017404187068493997,0.09244708632114688,0.890148726610359
25589,Neutral,0.5875145876910104,0.14615775460364322,0.26632765770534633
25590,LOF,0.020930100827487755,0.13422889988153028,0.844840999290982
25591,LOF,0.08031269931779454,0.07229427330529355,0.8473930273769119
25592,LOF,0.04630058997005806,0.14974574074907376,0.8039536692808681
25593,LOF,0.02538614800833429,0.2632125522824632,0.7114012997092025
25594,LOF,0.03842881803529231,0.10207408213909366,0.8594970998256141
25595,LOF,0.03935472430497696,0.07517814996645096,0.8854671257285721
25596,LOF,0.054278341878157076,0.06398427251408877,0.8817373856077542
25597,LOF,0.037915978126185836,0.07399406621663038,0.8880899556571838
25598,LOF,0.03568349650732136,0.08657109968019762,0.877745403812481
25599,GOF,0.007376844052578531,0.552686086516674,0.43993706943074756
25600,GOF,0.027360307695416662,0.629173855569467,0.34346583673511627
25601,LOF,0.013867381951798223,0.4407049088415417,0.5454277092066601
25602,LOF,0.011677305415194704,0.056305380854686185,0.9320173137301192
25603,LOF,0.05654789909280051,0.02029968969045436,0.9231524112167452
25604,LOF,0.014646137134499096,0.07093541560305847,0.9144184472624424
25605,LOF,0.00751501329499277,0.22909800688189705,0.7633869798231101
25606,LOF,0.09811736605176496,0.37222952773024204,0.5296531062179931
25607,LOF,0.004895735737955651,0.2297812724744928,0.7653229917875516
25608,LOF,0.011413254703540652,0.11827859670841778,0.8703081485880416
25609,LOF,0.07221946163712978,0.37694395099333144,0.5508365873695387
25610,LOF,0.01839991058251948,0.02963522668848004,0.9519648627290005
25611,LOF,0.0189665867248873,0.028510999916020744,0.9525224133590919
25612,LOF,0.06395342313939745,0.03673160566287079,0.8993149711977317
25613,LOF,0.05856980098533156,0.03946327375264578,0.9019669252620227
25614,LOF,0.024532683724812043,0.03353888249561494,0.941928433779573
25615,LOF,0.018456460763747195,0.046035277108562166,0.9355082621276907
25616,LOF,0.05591042648002875,0.0316364231261254,0.9124531503938459
25617,LOF,0.052922491223674206,0.03495024370636668,0.9121272650699591
25618,LOF,0.07038071574009594,0.03647772145738442,0.8931415628025196
25619,LOF,0.017270445153806605,0.03355009324056626,0.949179461605627
25620,LOF,0.06963472558306082,0.03977746424513679,0.8905878101718024
25621,LOF,0.017562136943176987,0.0383119552503592,0.9441259078064638
25622,LOF,0.022531591885598265,0.042131990580202214,0.9353364175341996
25623,LOF,0.03687512986811987,0.03753503432904241,0.9255898358028377
25624,LOF,0.020507856450494095,0.04119170697740047,0.9383004365721054
25625,LOF,0.024279569630967092,0.05430186337572665,0.9214185669933063
25626,LOF,0.053493049406547366,0.038574327497260995,0.9079326230961916
25627,Neutral,0.578306980834436,0.11396011536623289,0.30773290379933105
25628,LOF,0.20331375011851854,0.05386469202982899,0.7428215578516524
25629,LOF,0.038757936435083025,0.058113301429857926,0.903128762135059
25630,LOF,0.13793688796987152,0.09450961820321126,0.7675534938269172
25631,Neutral,0.5873569531581573,0.0609510772061625,0.35169196963568017
25632,LOF,0.007638183120072695,0.07933846266824793,0.9130233542116793
25633,LOF,0.2581069842413626,0.048729708542793695,0.6931633072158437
25634,LOF,0.030788209379012204,0.10403028892652633,0.8651815016944615
25635,LOF,0.033926221635789525,0.05511813457892654,0.910955643785284
25636,GOF,0.005418410191398419,0.5858108620692914,0.4087707277393101
25637,GOF,0.006871301858365528,0.6048169358092846,0.3883117623323498
25638,LOF,0.01162220158250546,0.30531801306448364,0.6830597853530109
25639,LOF,0.0051230303752122985,0.47908601018666036,0.5157909594381274
25640,Neutral,0.4740560365763584,0.4260182507680024,0.09992571265563925
25641,LOF,0.011757755290298629,0.3307022994098812,0.6575399452998202
25642,LOF,0.25112771399759726,0.06640927584194427,0.6824630101604585
25643,LOF,0.11794272206532984,0.17297276627966007,0.70908451165501
25644,LOF,0.00958802810059788,0.4696524819674994,0.5207594899319027
25645,LOF,0.007545879556910682,0.43221529921084023,0.5602388212322491
25646,LOF,0.012569304536081483,0.30797747713462154,0.679453218329297
25647,LOF,0.010489032831382944,0.2594758391337294,0.7300351280348878
25648,LOF,0.008985677085563507,0.25767216407572874,0.7333421588387078
25649,LOF,0.007530788503517046,0.1977083168269905,0.7947608946694924
25650,LOF,0.014403735800049727,0.4091658902195179,0.5764303739804323
25651,LOF,0.005996216184926851,0.2746665627324084,0.7193372210826647
25652,LOF,0.009209648030070954,0.25477492999005696,0.736015421979872
25653,LOF,0.02796944421522168,0.3857285885237704,0.5863019672610079
25654,LOF,0.010421565380794936,0.15277626043283035,0.8368021741863747
25655,LOF,0.04646033568004392,0.41809589466823616,0.53544376965172
25656,LOF,0.17137762453104521,0.04822314041363704,0.7803992350553178
25657,LOF,0.2631071761925899,0.02472725044302654,0.7121655733643836
25658,LOF,0.0643201127212269,0.06791411904288516,0.8677657682358879
25659,LOF,0.43183804053811164,0.05505770596513495,0.5131042534967535
25660,LOF,0.03422561741103691,0.09199488834673866,0.8737794942422245
25661,LOF,0.10114564061796882,0.06210280731786111,0.8367515520641702
25662,LOF,0.025973943947588757,0.043466732177168406,0.9305593238752429
25663,LOF,0.034076310674553474,0.06228530887867062,0.9036383804467759
25664,LOF,0.037938443576238164,0.07556788334132249,0.8864936730824394
25665,LOF,0.05507755131326402,0.034335520629931324,0.9105869280568045
25666,LOF,0.042157351870194794,0.10543023713237504,0.8524124109974301
25667,LOF,0.07323621726535233,0.04569532857862997,0.8810684541560178
25668,LOF,0.027233334166807212,0.0503013556744954,0.9224653101586975
25669,LOF,0.02947356026917448,0.07764686907216253,0.892879570658663
25670,LOF,0.06296864025864714,0.06977858083301781,0.8672527789083351
25671,LOF,0.09268420482911617,0.040252211785391234,0.8670635833854926
25672,LOF,0.05190583465983902,0.04472899205179577,0.9033651732883653
25673,LOF,0.026576953059392006,0.05724078510621719,0.9161822618343907
25674,LOF,0.02124066008719794,0.06982640376650993,0.9089329361462921
25675,LOF,0.03694713076869732,0.06953719690599151,0.8935156723253111
25676,LOF,0.021114491701946212,0.05730016347776021,0.9215853448202935
25677,LOF,0.031130648193757087,0.06395651349340764,0.9049128383128352
25678,LOF,0.19109483215599948,0.06284053876102905,0.7460646290829714
25679,LOF,0.1740049880751768,0.09204191025931194,0.7339531016655113
25680,LOF,0.038860015748516163,0.1050269228477893,0.8561130614036945
25681,LOF,0.06275918924130913,0.09842303085301274,0.8388177799056782
25682,LOF,0.11829694399427802,0.07165297673612031,0.8100500792696017
25683,LOF,0.07760555699809266,0.13106532696099477,0.7913291160409127
25684,LOF,0.04431255338488146,0.07443349156884933,0.8812539550462691
25685,LOF,0.0795482422592553,0.05887835435153162,0.8615734033892131
25686,LOF,0.02584564452527229,0.08677497196959982,0.8873793835051278
25687,LOF,0.046506172285272825,0.06473695153964727,0.8887568761750799
25688,LOF,0.03987637575724799,0.04703661763697358,0.9130870066057785
25689,LOF,0.024332240838715803,0.056718419865111135,0.9189493392961732
25690,LOF,0.029712698646716412,0.04580649819156262,0.9244808031617211
25691,LOF,0.21976730009212042,0.06788930037129778,0.7123433995365819
25692,LOF,0.24373014812056445,0.006041829123937092,0.7502280227554984
25693,LOF,0.0840713802414161,0.24995187318467757,0.6659767465739064
25694,LOF,0.2539816061324013,0.013482514017462314,0.7325358798501365
25695,LOF,0.1649216820854627,0.021911740772097416,0.8131665771424398
25696,LOF,0.12630895559059913,0.010658810350912588,0.8630322340584883
25697,LOF,0.07678732156068847,0.026073491032951413,0.8971391874063601
25698,LOF,0.04829994719210002,0.45243180650120673,0.49926824630669325
25699,LOF,0.06524198758149415,0.09617045586027662,0.8385875565582294
25700,LOF,0.06546834376744928,0.009838440868645762,0.9246932153639049
25701,LOF,0.016908819431338856,0.07581052492485515,0.907280655643806
25702,GOF,0.03267542365983667,0.6936732341597533,0.27365134218040993
25703,LOF,0.008417308497171453,0.16459248357550674,0.8269902079273217
25704,LOF,0.05218554637401196,0.13217469549285224,0.8156397581331357
25705,LOF,0.058412393678495704,0.2395530319251035,0.7020345743964008
25706,GOF,0.028041124050955966,0.5515052949069909,0.42045358104205305
25707,GOF,0.0212354037407008,0.5047982124274898,0.4739663838318093
25708,LOF,0.007638536671434161,0.41421402590361583,0.57814743742495
25709,LOF,0.058392714364544455,0.0655848422812161,0.8760224433542394
25710,LOF,0.0057550239804890334,0.16342677546557446,0.8308182005539366
25711,LOF,0.019701845246337488,0.12811289415875846,0.852185260594904
25712,LOF,0.007325322767968592,0.18541039943369136,0.80726427779834
25713,LOF,0.0184711246210141,0.11229599367907718,0.8692328816999086
25714,LOF,0.06963745322887457,0.14145468366397654,0.788907863107149
25715,LOF,0.013439809389021097,0.14957987934918426,0.8369803112617946
25716,LOF,0.00591611102094326,0.12174049901730216,0.8723433899617546
25717,LOF,0.005987507079939236,0.10001850436702339,0.8939939885530374
25718,LOF,0.013996062195352049,0.0971503979971417,0.8888535398075064
25719,LOF,0.022825005744521242,0.10354458288432179,0.873630411371157
25720,LOF,0.022381066380733883,0.09492405539311874,0.8826948782261473
25721,LOF,0.01721205557376731,0.12351553659749481,0.8592724078287378
25722,LOF,0.014288908655974188,0.1463679131968243,0.8393431781472016
25723,LOF,0.019956883901651457,0.07971838169000656,0.9003247344083419
25724,LOF,0.020926603837175917,0.12272896477575469,0.8563444313870694
25725,LOF,0.013704984217378506,0.08550880310917298,0.9007862126734485
25726,LOF,0.012248757989754281,0.10887716507646134,0.8788740769337844
25727,LOF,0.014653172667483191,0.09280502002651939,0.8925418073059974
25728,LOF,0.012539424174525478,0.1211848769777955,0.8662756988476791
25729,LOF,0.012839042176445272,0.13114756186126786,0.8560133959622869
25730,LOF,0.013756928434425348,0.10261695079654869,0.883626120769026
25731,LOF,0.008277649112072058,0.14234788485828104,0.8493744660296468
25732,LOF,0.013229266097212124,0.1028568263999754,0.8839139075028125
25733,LOF,0.018344780994366927,0.08600431032567198,0.895650908679961
25734,LOF,0.005571848536383532,0.13648645784073316,0.8579416936228832
25735,LOF,0.015653042653801307,0.08720369114327192,0.8971432662029267
25736,LOF,0.014339255293481519,0.1314661299924002,0.8541946147141182
25737,LOF,0.02320824435844697,0.09855345413606767,0.8782383015054853
25738,LOF,0.014710953921621852,0.1550083749164367,0.8302806711619415
25739,LOF,0.023238108480901794,0.12134445694033875,0.8554174345787594
25740,LOF,0.03159822341364644,0.1320303385958671,0.8363714379904864
25741,LOF,0.01702392228639004,0.11901217305356411,0.8639639046600459
25742,LOF,0.11097266042323287,0.11388481701254263,0.7751425225642244
25743,LOF,0.016497759407090102,0.029509231900291897,0.9539930086926179
25744,LOF,0.23830370462206468,0.2950642012973114,0.4666320940806239
25745,LOF,0.027359097086209327,0.038873993931718615,0.933766908982072
25746,LOF,0.01636662366147793,0.04803530634023147,0.9355980699982906
25747,LOF,0.02909087967340563,0.02411449562354163,0.9467946247030526
25748,LOF,0.15076137494120737,0.037658254950272224,0.8115803701085205
25749,LOF,0.016787713507510505,0.03520394068825263,0.9480083458042368
25750,LOF,0.03298969164477478,0.0513592091115288,0.9156510992436965
25751,LOF,0.1162239066927433,0.04405108739720913,0.8397250059100477
25752,GOF,0.11251277817293205,0.6493623246057385,0.23812489722132932
25753,LOF,0.008361237441576517,0.33326325729908346,0.65837550525934
25754,GOF,0.005628903072315131,0.8620315067072188,0.13233959022046596
25755,LOF,0.009454588497950505,0.41060264147054676,0.5799427700315027
25756,LOF,0.0387212392458501,0.42654318852970247,0.5347355722244476
25757,GOF,0.005639703219237054,0.8739197801349905,0.12044051664577242
25758,GOF,0.0072730916451838575,0.8612903166874284,0.13143659166738766
25759,GOF,0.004596757410042271,0.555590819424223,0.4398124231657347
25760,LOF,0.004701002464496166,0.28407176877636314,0.7112272287591407
25761,GOF,0.03840621325308339,0.8297529491644419,0.13184083758247478
25762,LOF,0.03087000291639782,0.3202365483902373,0.6488934486933648
25763,LOF,0.0064064416379922004,0.23264214084032506,0.7609514175216827
25764,GOF,0.15205214589062852,0.5361866082458278,0.3117612458635438
25765,GOF,0.011678915038779564,0.7898431225917232,0.19847796236949744
25766,GOF,0.016404665466130123,0.8133616135385127,0.1702337209953572
25767,LOF,0.017992841305380373,0.4885285865088378,0.49347857218578184
25768,LOF,0.08040884744676176,0.0758393190060307,0.8437518335472075
25769,LOF,0.08089121661386729,0.05602496151843385,0.8630838218676988
25770,LOF,0.2661691165362199,0.07236941751745801,0.6614614659463222
25771,LOF,0.013643146877792299,0.05405812244110237,0.9322987306811055
25772,LOF,0.016919602278326767,0.029732297332321578,0.9533481003893517
25773,LOF,0.0106248467772246,0.12174387184676341,0.867631281376012
25774,LOF,0.024523535705532982,0.06770520599681695,0.9077712582976502
25775,LOF,0.016466213429772364,0.045950824033653276,0.9375829625365744
25776,LOF,0.08630105951257032,0.02389317474133128,0.8898057657460985
25777,LOF,0.3062631528983959,0.039985359898993385,0.6537514872026108
25778,LOF,0.07042529020959624,0.043065223566808204,0.8865094862235955
25779,GOF,0.06491776392486757,0.8718865560573748,0.0631956800177577
25780,GOF,0.05579201426117144,0.8455275080631716,0.09868047767565696
25781,GOF,0.025347814970181598,0.8427678733720753,0.13188431165774317
25782,GOF,0.0299202304784843,0.8829061722685224,0.08717359725299333
25783,GOF,0.014141879646448877,0.6743681580699619,0.3114899622835891
25784,GOF,0.10103687603255494,0.8396266977359693,0.05933642623147573
25785,GOF,0.07322563012854437,0.8715524420195417,0.05522192785191401
25786,GOF,0.005843109748914732,0.819517996898959,0.17463889335212626
25787,GOF,0.2181989911003699,0.7421520089916253,0.03964899990800489
25788,LOF,0.04907417360452165,0.11479547560522471,0.8361303507902538
25789,GOF,0.038661553760844576,0.8267280330079161,0.1346104132312393
25790,GOF,0.037648922822315786,0.8595213521166651,0.10282972506101895
25791,GOF,0.02881544252211479,0.8109471949036446,0.16023736257424054
25792,GOF,0.04487970147478861,0.8205635842588952,0.13455671426631616
25793,GOF,0.09377633900045575,0.7783293976944143,0.1278942633051299
25794,GOF,0.09640053021857922,0.695367353002654,0.20823211677876685
25795,GOF,0.02656245162595407,0.7473746541992707,0.2260628941747752
25796,GOF,0.13809063204420322,0.7385494463941419,0.12335992156165498
25797,GOF,0.03234353259527259,0.5949337499871559,0.3727227174175717
25798,GOF,0.003200763616670757,0.5534136143590407,0.4433856220242885
25799,LOF,0.0030679182915849057,0.4338594992087916,0.5630725824996234
25800,GOF,0.010162798459361657,0.6339417146581616,0.35589548688247674
25801,GOF,0.027715733525398533,0.819580131563318,0.15270413491128343
25802,GOF,0.019015330989029862,0.7351837690498714,0.24580089996109875
25803,GOF,0.010627687119543195,0.6201175624757516,0.3692547504047052
25804,GOF,0.012611474613029496,0.5057352530794192,0.48165327230755123
25805,GOF,0.02250654595360456,0.6131780452940858,0.3643154087523096
25806,GOF,0.01883774462679833,0.6573229678772144,0.32383928749598717
25807,GOF,0.005354453150359259,0.6559279427772025,0.33871760407243834
25808,GOF,0.01448694186241267,0.65708232252039,0.32843073561719727
25809,GOF,0.006437340745043851,0.6395458971000109,0.35401676215494526
25810,GOF,0.005336061940325569,0.6427036588524109,0.35196027920726347
25811,GOF,0.09534735305181298,0.8006039296270552,0.10404871732113202
25812,GOF,0.015955675945865735,0.6615114120205251,0.3225329120336091
25813,GOF,0.10602243068706159,0.7499154240882969,0.14406214522464142
25814,GOF,0.028236219971532046,0.715868779062189,0.25589500096627893
25815,GOF,0.040977232410537585,0.7250633873081821,0.2339593802812804
25816,GOF,0.008917984721628042,0.8035659837974409,0.18751603148093093
25817,GOF,0.07170944647309462,0.7499047146734211,0.17838583885348422
25818,GOF,0.023302829226787676,0.7701810074350198,0.2065161633381924
25819,GOF,0.07419608000811273,0.7377337367110139,0.1880701832808733
25820,GOF,0.03407092215105982,0.74431244490826,0.22161663294068024
25821,GOF,0.0185990621058774,0.7362590154538676,0.24514192244025493
25822,GOF,0.0343505259116156,0.7497463246013634,0.21590314948702108
25823,GOF,0.012717326239185854,0.5841587775068583,0.40312389625395584
25824,GOF,0.023081255643038735,0.717565797744255,0.25935294661270614
25825,GOF,0.013352614276784667,0.6903617663895393,0.296285619333676
25826,GOF,0.005327268137743447,0.6437946968226365,0.3508780350396202
25827,GOF,0.007427468627602299,0.6453723015549172,0.3472002298174804
25828,GOF,0.0046640976416279485,0.5788463175531232,0.41648958480524867
25829,GOF,0.0028076602523568737,0.6350516159479609,0.36214072379968226
25830,LOF,0.032564229151392864,0.37176490223412556,0.5956708686144815
25831,GOF,0.03879097157918499,0.8339407262236097,0.1272683021972054
25832,GOF,0.008261718180875887,0.7760027304561555,0.21573555136296851
25833,GOF,0.026992458571287178,0.8052920165495855,0.16771552487912728
25834,GOF,0.007684906696212728,0.7754090258725703,0.21690606743121696
25835,GOF,0.017937240507769174,0.8197305888716251,0.16233217062060573
25836,GOF,0.006718337812217226,0.7684773288523568,0.22480433333542596
25837,GOF,0.006214889170930376,0.6669685113477707,0.32681659948129904
25838,GOF,0.020847773290184113,0.8376029040563895,0.14154932265342637
25839,GOF,0.041557280342929694,0.8097821458962063,0.14866057376086406
25840,GOF,0.040237468783155636,0.8203154920520356,0.13944703916480877
25841,GOF,0.03504832677065519,0.8438821405067743,0.12106953272257043
25842,GOF,0.024057986864751326,0.8761056527202274,0.09983636041502116
25843,GOF,0.026443419798563746,0.8844147667895252,0.08914181341191096
25844,GOF,0.016565355787951593,0.7988645599166712,0.18457008429537727
25845,GOF,0.005859716765392158,0.6096837180954889,0.38445656513911897
25846,GOF,0.028121865023168487,0.8541072800219573,0.1177708549548741
25847,GOF,0.01579199118469426,0.8974118224972736,0.08679618631803204
25848,GOF,0.01626044160410052,0.8486084787029105,0.135131079692989
25849,GOF,0.004905772688771381,0.7122026908438793,0.28289153646734927
25850,GOF,0.006859414588264148,0.7124491354284879,0.28069144998324796
25851,GOF,0.005784315905574121,0.5766935778645976,0.41752210622982816
25852,GOF,0.1565966323601577,0.5419428926881122,0.30146047495173006
25853,GOF,0.07519239820509913,0.8365351099955312,0.08827249179936968
25854,GOF,0.010951709413964325,0.6833845651902271,0.30566372539580855
25855,GOF,0.01483882391730654,0.594371997785824,0.3907891782968695
25856,GOF,0.039051876980550966,0.7176535806699887,0.24329454234946032
25857,GOF,0.01621764851244563,0.5556345728717011,0.42814777861585324
25858,GOF,0.008963342244035584,0.5722085942697241,0.4188280634862403
25859,GOF,0.00551389826234526,0.5506000900154947,0.4438860117221601
25860,GOF,0.06929945188363577,0.8028912071170275,0.12780934099933675
25861,GOF,0.11275279712495506,0.7905023735277428,0.09674482934730214
25862,GOF,0.023225891837167705,0.8578476561908706,0.11892645197196172
25863,GOF,0.021962780804068778,0.8645990688047765,0.11343815039115462
25864,GOF,0.045420588921250685,0.8745516358594169,0.08002777521933252
25865,GOF,0.03115366533213979,0.8490727903119447,0.11977354435591546
25866,GOF,0.02557100619789905,0.8397749613787492,0.13465403242335178
25867,GOF,0.026809027544899153,0.8676400961247642,0.10555087633033654
25868,GOF,0.055436051478920056,0.8104431464476447,0.1341208020734352
25869,GOF,0.32755908455397625,0.5810685897582061,0.09137232568781768
25870,GOF,0.20692569002994216,0.5248191732235459,0.2682551367465119
25871,GOF,0.023730194421905867,0.8662675458850415,0.11000225969305258
25872,GOF,0.02003197667349633,0.8412014156857918,0.13876660764071194
25873,GOF,0.020954617972257783,0.8551587220501893,0.12388665997755301
25874,LOF,0.01656248314223393,0.13441362248309188,0.8490238943746741
25875,LOF,0.036029893647470626,0.03149889710232402,0.9324712092502054
25876,LOF,0.014172991993550635,0.02840625089594989,0.9574207571104993
25877,LOF,0.13176398459123867,0.05608382577458243,0.812152189634179
25878,LOF,0.0536879940061588,0.07478821928220117,0.8715237867116401
25879,LOF,0.02421447756624866,0.058074390150265574,0.9177111322834859
25880,LOF,0.04702532212558477,0.00837160667538859,0.9446030711990266
25881,Neutral,0.5791376567605543,0.04958728638989974,0.37127505684954587
25882,LOF,0.024469897526498696,0.032677322787445014,0.9428527796860563
25883,LOF,0.06127467542214243,0.020115886459565992,0.9186094381182915
25884,LOF,0.012646078146504532,0.0454622720072121,0.9418916498462835
25885,LOF,0.21989895000329265,0.006441330501017088,0.7736597194956901
25886,LOF,0.21042924102514146,0.032377614909841014,0.7571931440650176
25887,LOF,0.1453988908681239,0.05605403476756516,0.7985470743643109
25888,LOF,0.014811578692102204,0.11821104551127035,0.8669773757966275
25889,LOF,0.017070783592029102,0.03190723521167196,0.951021981196299
25890,LOF,0.12725398713439012,0.07633829903824009,0.7964077138273696
25891,LOF,0.04577849871643817,0.0346670376485032,0.9195544636350587
25892,LOF,0.010566492575408896,0.04697854993626021,0.942454957488331
25893,LOF,0.394361401985893,0.013820544024705056,0.591818053989402
25894,LOF,0.43199315371946084,0.007155135634292143,0.560851710646247
25895,LOF,0.3625446279514301,0.01542276592616118,0.6220326061224087
25896,LOF,0.046596763831650116,0.027338960076120272,0.9260642760922296
25897,LOF,0.18455635752438287,0.014229058120056122,0.801214584355561
25898,LOF,0.22583357613711394,0.03851470578911831,0.7356517180737677
25899,LOF,0.23443520786990382,0.029287038785879682,0.7362777533442164
25900,LOF,0.45252857885570585,0.012114344576193323,0.5353570765681008
25901,LOF,0.04616947279331651,0.011292400219386413,0.942538126987297
25902,LOF,0.09718789598621906,0.01886433106647541,0.8839477729473054
25903,LOF,0.34356891974102366,0.03566822678747337,0.6207628534715031
25904,LOF,0.47683647371218646,0.0394666522703445,0.48369687401746914
25905,LOF,0.007262121983577859,0.4304961796103235,0.5622416984060986
25906,LOF,0.0077367105081629995,0.12843173805968633,0.8638315514321506
25907,LOF,0.004021311760375021,0.37570767648164904,0.6202710117579759
25908,LOF,0.0036266680657980176,0.2622951869090272,0.7340781450251748
25909,LOF,0.014914108598173045,0.16657816546128665,0.8185077259405402
25910,LOF,0.016323575432415374,0.1383684606255482,0.8453079639420364
25911,LOF,0.18401646151705092,0.02201867990346449,0.7939648585794845
25912,LOF,0.06714059406931068,0.036852037210563196,0.8960073687201261
25913,LOF,0.06797338655908819,0.04516887484604562,0.8868577385948662
25914,LOF,0.022113590516719746,0.05619118222468451,0.9216952272585959
25915,LOF,0.11742566819798601,0.2795583701074769,0.6030159616945371
25916,LOF,0.02143938933624618,0.1800346094550886,0.7985260012086652
25917,LOF,0.05754541479471278,0.045612822084742,0.8968417631205453
25918,LOF,0.029367001855593405,0.0348205698359944,0.9358124283084122
25919,LOF,0.023509586476893524,0.0341961861218834,0.9422942274012232
25920,LOF,0.11062402177424958,0.19446891248253137,0.694907065743219
25921,LOF,0.00989284183795518,0.03154772522062191,0.9585594329414229
25922,LOF,0.012710787061212151,0.025289398601503307,0.9619998143372844
25923,LOF,0.4035224087023572,0.035632210222151496,0.5608453810754913
25924,LOF,0.01741417148748049,0.038402058531821694,0.9441837699806979
25925,LOF,0.07977498359917472,0.04116521735643605,0.8790597990443891
25926,LOF,0.05610840838727821,0.0344249487504896,0.9094666428622321
25927,LOF,0.021867330160633382,0.0566285425742828,0.9215041272650839
25928,LOF,0.00762202596194339,0.046387034919294086,0.9459909391187626
25929,LOF,0.48186124305863653,0.033285681669509196,0.4848530752718544
25930,LOF,0.08269819293978554,0.028522597921413432,0.888779209138801
25931,LOF,0.00954740369298505,0.030772605082763076,0.9596799912242518
25932,LOF,0.034186641873539994,0.024677723408946365,0.9411356347175137
25933,LOF,0.039179513639536465,0.015800937849863687,0.9450195485105999
25934,LOF,0.027536649036240708,0.017558819960418425,0.9549045310033409
25935,LOF,0.07582819883436484,0.04747020364149282,0.8767015975241423
25936,LOF,0.04114543716367081,0.019313815995566672,0.9395407468407625
25937,LOF,0.009397901915483309,0.033077279981896905,0.9575248181026199
25938,LOF,0.0666039316084217,0.05186342920039637,0.881532639191182
25939,LOF,0.03328889730461899,0.01932863700894096,0.94738246568644
25940,LOF,0.010046981859295702,0.32211205491811606,0.6678409632225882
25941,Neutral,0.5485877423247149,0.02329711851682221,0.42811513915846294
25942,LOF,0.004947675333403282,0.04319894560998919,0.9518533790566076
25943,LOF,0.032580860757534545,0.12210346376141833,0.8453156754810472
25944,LOF,0.11156863148830416,0.06681675656911225,0.8216146119425836
25945,LOF,0.05951627049663506,0.01871513972564265,0.9217685897777222
25946,LOF,0.07329677060574198,0.05994008233571924,0.8667631470585387
25947,Neutral,0.5260974492657804,0.07137633466696933,0.4025262160672503
25948,LOF,0.3315538266052563,0.009859771143065844,0.6585864022516779
25949,LOF,0.08841278071780963,0.055738643054861974,0.8558485762273284
25950,GOF,0.0498476992762701,0.6042371931613828,0.3459151075623471
25951,LOF,0.015207317475329248,0.391450847151389,0.5933418353732818
25952,LOF,0.293993882610767,0.28140922210298974,0.4245968952862433
25953,LOF,0.012440564995800145,0.16864807397162307,0.8189113610325768
25954,LOF,0.053148662034446105,0.4390595047621491,0.5077918332034048
25955,LOF,0.010388931225396096,0.15742468724416273,0.8321863815304412
25956,LOF,0.02451802171652639,0.30751123651583623,0.6679707417676375
25957,LOF,0.20240696410287348,0.03409638772350345,0.7634966481736232
25958,LOF,0.05584356606979983,0.03126119035672227,0.912895243573478
25959,GOF,0.014731558511293983,0.5261142351225988,0.4591542063661071
25960,LOF,0.0060723277373439365,0.05635121383576828,0.9375764584268877
25961,LOF,0.05522258218055059,0.028150143880197584,0.9166272739392518
25962,LOF,0.031427607215513326,0.08280708223815252,0.8857653105463342
25963,LOF,0.005063284979153245,0.2706352400739934,0.7243014749468534
25964,LOF,0.030110567248730926,0.10334023956079379,0.8665491931904753
25965,LOF,0.30618005487375477,0.15279811969433757,0.5410218254319077
25966,Neutral,0.47131699655794107,0.12919033340024502,0.3994926700418138
25967,LOF,0.0061052814356601075,0.06423154463806906,0.9296631739262708
25968,LOF,0.04744723714061962,0.2651017228820675,0.6874510399773128
25969,LOF,0.1352431190645883,0.07141928956364389,0.7933375913717677
25970,LOF,0.019546750959190794,0.08388324303341196,0.8965700060073972
25971,LOF,0.0666898533927915,0.027115928729811983,0.9061942178773965
25972,LOF,0.056947331839100446,0.03668471184721544,0.9063679563136842
25973,LOF,0.053200671054244614,0.013477736606099733,0.9333215923396556
25974,LOF,0.04000408704087826,0.04621506172032732,0.9137808512387944
25975,LOF,0.04218199406931392,0.03041566505381782,0.9274023408768683
25976,LOF,0.10095592058794228,0.012794391223561005,0.8862496881884967
25977,LOF,0.20602571088131763,0.055414025944554676,0.7385602631741277
25978,LOF,0.12523190801911818,0.14062383231587747,0.7341442596650044
25979,LOF,0.11215020809049943,0.1356097181812968,0.7522400737282038
25980,LOF,0.22321741915482246,0.17010787555033957,0.6066747052948379
25981,LOF,0.22357270146235292,0.17071194361148595,0.6057153549261611
25982,LOF,0.335037364893905,0.11507015673130372,0.5498924783747913
25983,LOF,0.34352872079081714,0.13122997756635763,0.5252413016428252
25984,LOF,0.03480157471939526,0.05597749143141745,0.9092209338491873
25985,LOF,0.4054279174395175,0.11020908393422582,0.4843629986262568
25986,LOF,0.011805375428620061,0.39587436226467304,0.5923202623067069
25987,LOF,0.03692017279846343,0.09287431845253659,0.870205508749
25988,LOF,0.13949640967546795,0.09040829799081926,0.7700952923337128
25989,LOF,0.04114628852365787,0.12373366601014962,0.8351200454661926
25990,LOF,0.043803089406888686,0.20457196025970956,0.7516249503334018
25991,LOF,0.021702519448619794,0.3780822046490017,0.6002152759023786
25992,LOF,0.03127187585409581,0.3828260019624852,0.585902122183419
25993,LOF,0.022799652937768713,0.10177762678958215,0.875422720272649
25994,LOF,0.01849515671168595,0.09546584641354314,0.886038996874771
25995,LOF,0.018705893474282982,0.19855718896180766,0.7827369175639093
25996,LOF,0.32465703922327827,0.29884566894097564,0.37649729183574604
25997,LOF,0.07908532671621503,0.3688487075522731,0.5520659657315118
25998,LOF,0.2947528298220453,0.054697712660938654,0.6505494575170161
25999,LOF,0.0174149046719839,0.2575191698731432,0.7250659254548729
26000,LOF,0.1668711433444839,0.03838069701012162,0.7947481596453945
26001,LOF,0.2885711102413739,0.027002858079288157,0.684426031679338
26002,LOF,0.06549041729272521,0.0588596786120757,0.875649904095199
26003,GOF,0.0036389367380078555,0.6309823608042571,0.36537870245773496
26004,GOF,0.006040867662501556,0.7262321014887939,0.26772703084870453
26005,GOF,0.003001423416245909,0.5133980915430575,0.4836004850406965
26006,GOF,0.08527597336501853,0.6080723287651006,0.30665169786988067
26007,GOF,0.006013411843639804,0.5893397934739651,0.4046467946823951
26008,GOF,0.005476530246482108,0.67372119575604,0.32080227399747796
26009,GOF,0.0058795863546297076,0.6849893424452823,0.30913107120008804
26010,GOF,0.006902846058647116,0.7096996293111038,0.2833975246302492
26011,GOF,0.002752459275423691,0.5270681508476456,0.47017938987693075
26012,GOF,0.004039870159999562,0.5973615983890249,0.3985985314509756
26013,GOF,0.005227779604960912,0.6477937050158231,0.3469785153792158
26014,LOF,0.037941532568247546,0.10012577113911923,0.8619326962926332
26015,LOF,0.12894292798599136,0.019788515442942876,0.8512685565710657
26016,LOF,0.25524687031892423,0.0332523397300224,0.7115007899510534
26017,LOF,0.021299296578714436,0.18225464682812353,0.796446056593162
26018,LOF,0.051141170600578253,0.03555297707578839,0.9133058523236334
26019,LOF,0.04951019592868331,0.030708181040758974,0.9197816230305578
26020,LOF,0.00905111719302643,0.21357709550102089,0.7773717873059526
26021,LOF,0.06961434771595709,0.05833264653292463,0.8720530057511182
26022,LOF,0.026647699132469893,0.021634180477488586,0.9517181203900416
26023,LOF,0.043581120072556316,0.023051016823302437,0.9333678631041413
26024,LOF,0.04622396874275021,0.06313506961803773,0.8906409616392121
26025,LOF,0.054433778799727744,0.07176049401300337,0.873805727187269
26026,LOF,0.09550129132391805,0.053027488194570295,0.8514712204815117
26027,LOF,0.04550223836454002,0.01759666124830094,0.936901100387159
26028,LOF,0.08174986834433133,0.12446815754228104,0.7937819741133876
26029,LOF,0.02633088776297971,0.21156701946788153,0.7621020927691388
26030,LOF,0.16572687106663606,0.030059867775007885,0.804213261158356
26031,LOF,0.015425748700133761,0.1554502459773092,0.829124005322557
26032,LOF,0.06432168448825842,0.07843497096438085,0.8572433445473607
26033,LOF,0.08898689585475043,0.07388155645711536,0.8371315476881344
26034,LOF,0.014816246242312803,0.18355104968069752,0.8016327040769897
26035,LOF,0.013831367087266224,0.13950027098321316,0.8466683619295207
26036,LOF,0.015540659625981241,0.16724897217407425,0.8172103681999445
26037,LOF,0.012345990646108952,0.12144984639260174,0.8662041629612893
26038,LOF,0.054729159012170375,0.07309063397982177,0.8721802070080078
26039,LOF,0.024968482748446937,0.17695031984125204,0.7980811974103009
26040,LOF,0.12410013176074225,0.1551250850002443,0.7207747832390135
26041,LOF,0.013962061310935024,0.11074825267246738,0.8752896860165975
26042,LOF,0.01287975586455771,0.11427360797834839,0.8728466361570939
26043,LOF,0.05299106906337716,0.09281511580439943,0.8541938151322234
26044,LOF,0.011833184120919184,0.07234395875231683,0.9158228571267639
26045,LOF,0.05652149654622892,0.12653976466877084,0.8169387387850003
26046,LOF,0.04896551585837558,0.07508094182752406,0.8759535423141005
26047,LOF,0.08118834037735745,0.07283130231697268,0.8459803573056699
26048,LOF,0.047349017456613435,0.04231522129318319,0.9103357612502034
26049,Neutral,0.965018081839213,0.006130781051787872,0.02885113710899897
26050,Neutral,0.9508405040235411,0.008109601971914923,0.04104989400454389
26051,LOF,0.015101180585890411,0.16612236990106655,0.8187764495130431
26052,LOF,0.023012705161869203,0.21694212712302674,0.760045167715104
26053,LOF,0.02136366401901751,0.16079427779542427,0.8178420581855582
26054,LOF,0.05606917165780791,0.014968017354218531,0.9289628109879735
26055,LOF,0.07676264606827178,0.01643377582921136,0.9068035781025169
26056,LOF,0.05320796635277475,0.018393942098411692,0.9283980915488137
26057,LOF,0.03397100017320949,0.01178912757812583,0.9542398722486647
26058,LOF,0.03537110494331977,0.010250339075514509,0.9543785559811657
26059,LOF,0.3633784375514307,0.020332649149135774,0.6162889132994336
26060,LOF,0.012543900287921956,0.1451606535163674,0.8422954461957106
26061,LOF,0.005078795393335147,0.013352197415091612,0.9815690071915733
26062,LOF,0.0039546946018720565,0.018126701843089038,0.9779186035550389
26063,LOF,0.023693534862555328,0.010137273910441603,0.966169191227003
26064,LOF,0.0064950258081991,0.0246164603777442,0.9688885138140567
26065,LOF,0.027564435166321496,0.010805593591456705,0.9616299712422218
26066,LOF,0.02526957743086065,0.009972944673406458,0.9647574778957329
26067,LOF,0.030349831248905567,0.008356739852866623,0.9612934288982279
26068,LOF,0.04416636079451675,0.028275138265069152,0.9275585009404141
26069,LOF,0.3070339400204209,0.01677136455229651,0.6761946954272826
26070,LOF,0.4899381817141138,0.01384395017877563,0.49621786810711044
26071,LOF,0.024970637176374617,0.010435774373575632,0.9645935884500497
26072,LOF,0.005572957646300614,0.02349152216782386,0.9709355201858756
26073,LOF,0.02310098397149852,0.013208518058936773,0.9636904979695646
26074,Neutral,0.9278712246365168,0.006170056112420355,0.06595871925106274
26075,LOF,0.04332691507603884,0.014039038310517997,0.9426340466134433
26076,LOF,0.03491038879484606,0.009208868737068773,0.9558807424680852
26077,LOF,0.11724931197436805,0.008171581829455514,0.8745791061961765
26078,LOF,0.0056585004258124984,0.014423397776694019,0.9799181017974934
26079,LOF,0.05720191108679917,0.015520350977293753,0.9272777379359072
26080,LOF,0.05502705230311982,0.015615799074019079,0.929357148622861
26081,LOF,0.030444541389680058,0.007659430051706324,0.9618960285586136
26082,LOF,0.004582201164736549,0.015978549213550956,0.9794392496217125
26083,LOF,0.10974160532577076,0.015898413863278872,0.8743599808109503
26084,LOF,0.04318565082985824,0.012782450844068467,0.9440318983260733
26085,LOF,0.039091033105280594,0.011499999895344448,0.9494089669993749
26086,LOF,0.02355242005290242,0.010541800415256541,0.965905779531841
26087,LOF,0.022397652590513798,0.009182608470354438,0.9684197389391318
26088,LOF,0.005451072035777204,0.021236621451514073,0.9733123065127087
26089,LOF,0.04163717706120088,0.01959469941856692,0.9387681235202323
26090,LOF,0.04033367262808503,0.015433993639507218,0.9442323337324078
26091,LOF,0.029358718630838,0.0071796436157976935,0.9634616377533644
26092,LOF,0.024845888216972516,0.007761758363701338,0.9673923534193262
26093,LOF,0.04280535389747297,0.006192379379410635,0.9510022667231163
26094,LOF,0.03434626975739257,0.006559863777895672,0.9590938664647118
26095,LOF,0.018443444815840506,0.017230732739727642,0.9643258224444319
26096,LOF,0.18025387682161526,0.0062526653035445984,0.8134934578748401
26097,LOF,0.004999203561434927,0.03890494985872171,0.9560958465798434
26098,LOF,0.07503646350655409,0.014177822594257383,0.9107857138991885
26099,LOF,0.023080002365716272,0.012541238400283051,0.9643787592340006
26100,LOF,0.02302408604988702,0.012541864854870681,0.9644340490952423
26101,LOF,0.05544176576518684,0.0185548039701867,0.9260034302646264
26102,LOF,0.022517182014107393,0.013881170368863268,0.9636016476170294
26103,Neutral,0.8381875418691044,0.018790911711886463,0.14302154641900913
26104,LOF,0.07448187155572097,0.021341507148885653,0.9041766212953934
26105,LOF,0.2424911962220558,0.1587759753799968,0.5987328283979474
26106,LOF,0.3491281344041356,0.11771158863664373,0.5331602769592206
26107,LOF,0.02052565065127497,0.10291860184426674,0.8765557475044584
26108,LOF,0.32069405976173,0.03859851803036777,0.6407074222079022
26109,LOF,0.034412195033584544,0.07523234672845718,0.8903554582379584
26110,LOF,0.1989945729210417,0.005749560522100423,0.7952558665568579
26111,LOF,0.07022971293602023,0.06372233936846654,0.8660479476955132
26112,LOF,0.03409219398348308,0.006386890950256948,0.9595209150662599
26113,LOF,0.06020560855218098,0.013521220295574286,0.9262731711522448
26114,LOF,0.06673702093649941,0.012176555976062875,0.9210864230874376
26115,LOF,0.014710539488236451,0.06635225252158547,0.9189372079901781
26116,LOF,0.09898965083216478,0.04254400304854331,0.858466346119292
26117,LOF,0.38800096943061607,0.03912187506029626,0.5728771555090876
26118,LOF,0.029748621669750768,0.018346662681025097,0.9519047156492242
26119,LOF,0.004519499399378751,0.04062500109939259,0.9548554995012287
26120,LOF,0.02509058940853473,0.017640142340286366,0.9572692682511789
