feature0,prediction,LoGoFunc_Neutral,LoGoFunc_GOF,LoGoFunc_LOF
25546,Neutral,0.7200430582556507,0.038362129366742444,0.24159481237760683
25547,Neutral,0.5772050091611054,0.07223501079724734,0.3505599800416471
25548,Neutral,0.570271444323621,0.05197107391481146,0.3777574817615675
25549,Neutral,0.48405421013468847,0.05245906179249276,0.4634867280728187
25550,LOF,0.3531350035665726,0.10697844336757671,0.5398865530658506
25551,LOF,0.29629583598026915,0.11774119188938513,0.5859629721303458
25552,LOF,0.21468281418838017,0.11233044859166022,0.6729867372199596
25553,Neutral,0.8278931795975286,0.032370669853230394,0.13973615054924093
25554,LOF,0.24783482665509732,0.10509293817954751,0.6470722351653553
25555,LOF,0.20364182731064187,0.09379858672253381,0.7025595859668243
25556,LOF,0.3958408263632443,0.08720016259633366,0.5169590110404221
25557,LOF,0.20130362709755142,0.09599824754502599,0.7026981253574226
25558,LOF,0.23598308757827063,0.10701555524330515,0.6570013571784243
25559,LOF,0.39489305600078717,0.1514727162011092,0.45363422779810353
25560,LOF,0.04968822537379193,0.14942181015439587,0.8008899644718122
25561,LOF,0.10013866381367906,0.16202236593217462,0.7378389702541464
25562,LOF,0.10065151678801679,0.06822137304708327,0.8311271101649
25563,LOF,0.09401268795740529,0.0796759596433283,0.8263113523992663
25564,LOF,0.17922000190800116,0.14289997638183488,0.6778800217101639
25565,LOF,0.16426523276513352,0.1079659311190936,0.7277688361157729
25566,GOF,0.018503124717593713,0.7418043941414086,0.23969248114099756
25567,LOF,0.01312400794488813,0.14766662577921974,0.8392093662758922
25568,LOF,0.05049443915071828,0.07918464331709983,0.870320917532182
25569,LOF,0.05840787995846459,0.07006503402247345,0.8715270860190619
25570,LOF,0.05996944365572486,0.11012381055842571,0.8299067457858494
25571,LOF,0.05762699558362471,0.10149941423734657,0.8408735901790287
25572,LOF,0.06444593648893672,0.1355750006621359,0.7999790628489274
25573,LOF,0.024683170894142993,0.1027730517725286,0.8725437773333283
25574,LOF,0.013560947495107886,0.158378543358618,0.8280605091462742
25575,LOF,0.043040366436220265,0.12239774872375002,0.8345618848400297
25576,LOF,0.01766322902899454,0.1300625848535727,0.8522741861174327
25577,LOF,0.013782397164195222,0.13802222092374472,0.84819538191206
25578,LOF,0.2521770728847805,0.09641327666419497,0.6514096504510245
25579,LOF,0.25324514271589804,0.09555269449875897,0.6512021627853429
25580,LOF,0.029263518925235227,0.08782520785741252,0.8829112732173523
25581,LOF,0.0522457803932387,0.07385788291839039,0.8738963366883709
25582,LOF,0.051747134711522494,0.07245613471563048,0.8757967305728469
25583,LOF,0.040258957273076455,0.10600426486010461,0.853736777866819
25584,Neutral,0.4682612204428648,0.10742491712289497,0.42431386243424035
25585,LOF,0.030435978881185224,0.10539266427234244,0.8641713568464723
25586,LOF,0.030710268282102937,0.08482778156404687,0.8844619501538502
25587,LOF,0.028368064408684165,0.0826946645751756,0.8889372710161403
25588,LOF,0.02797314399027246,0.10322758815265838,0.8687992678570692
25589,Neutral,0.6253261694711493,0.1348592229768973,0.23981460755195338
25590,LOF,0.026403607962209297,0.13650866817171384,0.8370877238660768
25591,LOF,0.11044067952731436,0.06457803887130671,0.824981281601379
25592,LOF,0.08066293540608024,0.15349982390029507,0.7658372406936246
25593,LOF,0.02017508351541798,0.2606287903904339,0.7191961260941481
25594,LOF,0.03999387925705004,0.23247939238383442,0.7275267283591156
25595,LOF,0.04547963217388174,0.16268743610971567,0.7918329317164026
25596,LOF,0.05594429949925735,0.08768036949363801,0.8563753310071046
25597,LOF,0.04593488056739219,0.10205542457084718,0.8520096948617606
25598,LOF,0.045305762616735024,0.162858602208737,0.791835635174528
25599,GOF,0.009465668619622114,0.78241413155291,0.20812019982746793
25600,GOF,0.014469710424194987,0.5341341822938224,0.45139610728198276
25601,LOF,0.007958985236097447,0.4688568534361467,0.5231841613277558
25602,LOF,0.025255326682675154,0.05138088050825191,0.9233637928090729
25603,LOF,0.05358726460614737,0.038634227712421754,0.9077785076814308
25604,LOF,0.06344295094856287,0.040461990345565,0.8960950587058721
25605,LOF,0.013861112276918233,0.2697408853910613,0.7163980023320204
25606,GOF,0.10018458449669951,0.46713562275465537,0.432679792748645
25607,LOF,0.005508280624647627,0.18610698923011545,0.8083847301452368
25608,LOF,0.06345781480924478,0.054363891972065745,0.8821782932186895
25609,LOF,0.03287764265442324,0.40551875458318654,0.5616036027623903
25610,LOF,0.038088068490290804,0.02943983689607559,0.9324720946136337
25611,LOF,0.03945526845832529,0.02651239597861175,0.9340323355630629
25612,LOF,0.10244862946907424,0.040058056864988464,0.8574933136659372
25613,LOF,0.08319123974593767,0.03995879495999972,0.8768499652940626
25614,LOF,0.02845221990812273,0.03848817246169845,0.9330596076301788
25615,LOF,0.059331983337515146,0.03518424031178113,0.9054837763507037
25616,LOF,0.031042418969408504,0.03590250751739898,0.9330550735131925
25617,LOF,0.02970064809078931,0.03897323076577089,0.9313261211434398
25618,LOF,0.16073472617848913,0.035926727551893536,0.8033385462696174
25619,LOF,0.030165784124461022,0.03130949666396416,0.9385247192115748
25620,LOF,0.03237013614852401,0.04390886026991928,0.9237210035815567
25621,LOF,0.030928882883708323,0.03193604935849353,0.9371350677577982
25622,LOF,0.03504013484062631,0.03808735721941314,0.9268725079399605
25623,LOF,0.07091347875755476,0.028805537986961102,0.9002809832554842
25624,LOF,0.026961588906693323,0.04340149129765224,0.9296369197956543
25625,LOF,0.037965369123953874,0.044611502332883954,0.9174231285431621
25626,LOF,0.0894758265943559,0.03168846382797858,0.8788357095776655
25627,Neutral,0.5617408979312902,0.14756635490557501,0.2906927471631348
25628,LOF,0.16617086823460608,0.0802468297398362,0.7535823020255576
25629,LOF,0.07583217789764955,0.09627477804260345,0.827893044059747
25630,LOF,0.15682736918768933,0.125090130266174,0.7180825005461365
25631,Neutral,0.5671471111586126,0.09617973668670571,0.3366731521546817
25632,LOF,0.0212124602196486,0.06684185750624609,0.9119456822741052
25633,LOF,0.22369619206887417,0.07765438400882423,0.6986494239223016
25634,LOF,0.03291667466593078,0.1088925471794892,0.8581907781545801
25635,LOF,0.03550260890597819,0.08229602212093297,0.8822013689730889
25636,GOF,0.0056592337596142565,0.592929357132332,0.4014114091080537
25637,GOF,0.005299020168787936,0.5379322268250157,0.45676875300619635
25638,LOF,0.009279190668625177,0.4365635640557759,0.554157245275599
25639,LOF,0.004650198415599175,0.4106151715223501,0.5847346300620508
25640,GOF,0.4608524444409378,0.48664057904079794,0.05250697651826433
25641,LOF,0.007333849604712614,0.36567707846706843,0.6269890719282191
25642,LOF,0.25082111025670095,0.08030117465249179,0.6688777150908072
25643,LOF,0.23273077513535687,0.2206759434781695,0.5465932813864737
25644,GOF,0.018300053091073527,0.570973582006505,0.41072636490242137
25645,GOF,0.019043946888005144,0.5114642444248942,0.4694918086871006
25646,LOF,0.019730204293177622,0.3181360928815364,0.662133702825286
25647,LOF,0.016722614883165336,0.2436668988440406,0.739610486272794
25648,LOF,0.015729353293093336,0.248673157941489,0.7355974887654176
25649,LOF,0.013748399495697701,0.20463342260383624,0.7816181779004661
25650,GOF,0.03658790744020914,0.5373042495207562,0.4261078430390347
25651,LOF,0.010508094362949994,0.2501068255114701,0.7393850801255799
25652,LOF,0.019791267474797602,0.26703080247447614,0.7131779300507263
25653,LOF,0.08303863753781973,0.4005761840433846,0.5163851784187957
25654,LOF,0.015239641831003422,0.22009235292376123,0.7646680052452354
25655,LOF,0.11490508726732018,0.31903789744003086,0.566057015292649
25656,LOF,0.05442320931222738,0.04926216976419154,0.896314620923581
25657,LOF,0.28989857201769814,0.021899184986724135,0.6882022429955776
25658,LOF,0.044796075919320104,0.06270704659502892,0.892496877485651
25659,LOF,0.2766099015328145,0.04039602548201957,0.6829940729851659
25660,LOF,0.07633919893890907,0.10442465285061728,0.8192361482104736
25661,LOF,0.05232032135137037,0.07474751539569459,0.872932163252935
25662,LOF,0.02829338040929603,0.045273066387821526,0.9264335532028825
25663,LOF,0.039028643549630634,0.07068640686551508,0.8902849495848544
25664,LOF,0.03741637229720769,0.07961166891900634,0.882971958783786
25665,LOF,0.053308079140026124,0.051636232810625106,0.8950556880493487
25666,LOF,0.03692020002891842,0.13803777425692737,0.8250420257141542
25667,LOF,0.030127857642402237,0.05501305531021562,0.9148590870473821
25668,LOF,0.033894748032784076,0.06256315229282093,0.903542099674395
25669,LOF,0.03853868349871038,0.0981541575957693,0.8633071589055203
25670,LOF,0.15892615484731773,0.0725940111980829,0.7684798339545993
25671,LOF,0.038176856172196315,0.050150220119086895,0.9116729237087168
25672,LOF,0.05340346483895149,0.07567810763609159,0.8709184275249569
25673,LOF,0.03802258277439194,0.058079631768979324,0.9038977854566287
25674,LOF,0.029435930608950892,0.06935280189987124,0.9012112674911777
25675,LOF,0.04010224264675021,0.05216943001207003,0.9077283273411797
25676,LOF,0.030740667373337607,0.0618399176676689,0.9074194149589934
25677,LOF,0.05750908029214562,0.06623069136178376,0.8762602283460706
25678,LOF,0.2520933588891131,0.0542482192379359,0.693658421872951
25679,LOF,0.15527675025098525,0.07468497916032034,0.7700382705886943
25680,LOF,0.06800288171146404,0.10169598255069655,0.8303011357378394
25681,LOF,0.10917944726432521,0.09363848704612743,0.7971820656895473
25682,LOF,0.04329115092001594,0.08018578774297187,0.8765230613370122
25683,LOF,0.07599135718061273,0.10053180755724084,0.8234768352621464
25684,LOF,0.04850948874094353,0.07585959792330546,0.8756309133357509
25685,LOF,0.12326819676751642,0.0345579116732184,0.8421738915592653
25686,LOF,0.037765699799830105,0.09153046087274501,0.8707038393274249
25687,LOF,0.07028131975527134,0.07993953060730181,0.849779149637427
25688,LOF,0.024204076384620365,0.11874867523492566,0.857047248380454
25689,LOF,0.020154448514240243,0.07586444170344007,0.9039811097823197
25690,LOF,0.017540099302240174,0.10081947778925436,0.8816404229085054
25691,LOF,0.14967248703964772,0.15397149386663714,0.696356019093715
25692,LOF,0.24381675657647722,0.019524146906391895,0.7366590965171308
25693,LOF,0.058611383539526114,0.15548295969799603,0.7859056567624779
25694,LOF,0.26701118825188713,0.010869462340355244,0.7221193494077577
25695,LOF,0.17432162950034522,0.015502116611635752,0.810176253888019
25696,LOF,0.15644848916326265,0.008315027778659117,0.8352364830580783
25697,LOF,0.13732628521000503,0.025769641227328575,0.8369040735626664
25698,LOF,0.029077987622847686,0.31521018604849865,0.6557118263286538
25699,LOF,0.07495735119624412,0.09104128715373365,0.8340013616500221
25700,LOF,0.029342834642062814,0.01338185238585897,0.9572753129720781
25701,LOF,0.011501284355652702,0.08189209704241414,0.9066066186019333
25702,GOF,0.03024333278480967,0.7100282450890923,0.2597284221260979
25703,LOF,0.01861150850091245,0.1972774183071941,0.7841110731918934
25704,LOF,0.08956274769848473,0.17702054361898237,0.7334167086825328
25705,LOF,0.06905929488006847,0.28233832587293467,0.6486023792469969
25706,GOF,0.03682394572388198,0.6356636058137386,0.3275124484623795
25707,GOF,0.033846252386644564,0.6588446317544432,0.30730911585891224
25708,GOF,0.007727050220719496,0.639500887875967,0.3527720619033135
25709,LOF,0.018543449905915874,0.10189024296078796,0.8795663071332961
25710,LOF,0.008847258485054077,0.19577676065650268,0.7953759808584432
25711,LOF,0.021212910562176557,0.15910218863069747,0.8196849008071259
25712,LOF,0.009228283842358893,0.2782720315383389,0.7124996846193021
25713,LOF,0.01926698418455896,0.14486767767149353,0.8358653381439475
25714,LOF,0.021284794996654623,0.20210779535566517,0.7766074096476802
25715,LOF,0.01983513262249801,0.17156519778672402,0.8085996695907779
25716,LOF,0.0143948648251833,0.14136303799162267,0.844242097183194
25717,LOF,0.00662171732610523,0.15215014687817235,0.8412281357957224
25718,LOF,0.019096766177340185,0.11298721351329895,0.8679160203093608
25719,LOF,0.03534355395736132,0.13798446532209885,0.8266719807205398
25720,LOF,0.027613216426460915,0.11750732316234329,0.8548794604111959
25721,LOF,0.022894171161333663,0.1293534067844119,0.8477524220542544
25722,LOF,0.016213558850855823,0.1787120307388301,0.8050744104103141
25723,LOF,0.02193652927027737,0.11876989747784902,0.8592935732518736
25724,LOF,0.024573454211657308,0.19335931082162394,0.7820672349667188
25725,LOF,0.021075214223081028,0.11075673534994401,0.8681680504269749
25726,LOF,0.015771679780078787,0.14736332200125446,0.8368649982186668
25727,LOF,0.020830149138542555,0.1381709543190603,0.8409988965423971
25728,LOF,0.020345071024039006,0.14514677157598493,0.8345081573999761
25729,LOF,0.019226156860965446,0.1567073603253315,0.824066482813703
25730,LOF,0.022185054865880783,0.11280099739262586,0.8650139477414934
25731,LOF,0.01148663246771279,0.20878601336110206,0.7797273541711851
25732,LOF,0.018279335414909517,0.13731627751242495,0.8444043870726655
25733,LOF,0.0267422996774526,0.13234586815384353,0.8409118321687039
25734,LOF,0.00732283745345289,0.25587953763760474,0.7367976249089424
25735,LOF,0.02112668348765344,0.10362598720843857,0.875247329303908
25736,LOF,0.018966774010438402,0.17293044845765396,0.8081027775319076
25737,LOF,0.03905958116588411,0.151515381939491,0.8094250368946249
25738,LOF,0.01997252754800691,0.214147719770459,0.7658797526815341
25739,LOF,0.023574758792666718,0.17865270270139166,0.7977725385059415
25740,LOF,0.04978466521273773,0.19216374237042497,0.7580515924168373
25741,LOF,0.028183681219567804,0.16098102515479296,0.8108352936256393
25742,LOF,0.04682749503743666,0.16464151715847847,0.7885309878040848
25743,LOF,0.01253428402682926,0.03360374635449084,0.9538619696186799
25744,LOF,0.18425006153178233,0.32572954367227386,0.4900203947959438
25745,LOF,0.03311197601810115,0.1289099410809208,0.837978082900978
25746,LOF,0.01387266168231576,0.18098732533235057,0.8051400129853337
25747,LOF,0.0334159614704449,0.03511234822269898,0.9314716903068562
25748,LOF,0.2705401120558359,0.0660389558115593,0.6634209321326048
25749,LOF,0.013826365954201825,0.11408073005947329,0.8720929039863249
25750,LOF,0.017669277905410685,0.10876170381208686,0.8735690182825024
25751,LOF,0.04324586738363455,0.05753069920737555,0.8992234334089899
25752,GOF,0.09306174223270697,0.6965010454679625,0.2104372122993304
25753,LOF,0.006872788402056247,0.35292564689837935,0.6402015646995644
25754,GOF,0.007704770521619671,0.8540689343854327,0.1382262950929476
25755,LOF,0.008156551025233438,0.4030240697232398,0.5888193792515267
25756,LOF,0.0498561825478929,0.4235145190922255,0.5266292983598816
25757,GOF,0.00784199181150892,0.8578384591731192,0.13431954901537177
25758,GOF,0.00882582825656402,0.8692069089913208,0.12196726275211524
25759,GOF,0.00531791297417575,0.597544285658019,0.3971378013678051
25760,LOF,0.005843603633407048,0.2790919839212888,0.715064412445304
25761,GOF,0.057531856527011,0.8546565019234004,0.0878116415495885
25762,LOF,0.027491840962546955,0.33566281687378174,0.6368453421636713
25763,LOF,0.006415979157950115,0.24917469711548498,0.7444093237265649
25764,GOF,0.06917126909856815,0.6485519043176194,0.2822768265838125
25765,GOF,0.008374797562467054,0.8494032507776165,0.14222195165991658
25766,GOF,0.041662951107114835,0.8284772893145074,0.12985975957837784
25767,GOF,0.012137357739793209,0.5586997937413369,0.4291628485188698
25768,LOF,0.04033096493085687,0.06314697219711737,0.8965220628720257
25769,LOF,0.025366036590448438,0.07677885385243136,0.8978551095571203
25770,LOF,0.16608311426048847,0.05775222481085378,0.7761646609286578
25771,LOF,0.015413594771984196,0.060109002821311826,0.924477402406704
25772,LOF,0.02521003019219636,0.028469882147656105,0.9463200876601474
25773,LOF,0.02022748963888182,0.053508031342014366,0.9262644790191038
25774,LOF,0.028848442372729804,0.08834139557934063,0.8828101620479296
25775,LOF,0.022543399300094726,0.03415057685186988,0.9433060238480353
25776,LOF,0.026992750353046387,0.022513535032067596,0.950493714614886
25777,LOF,0.26379677697953363,0.06686096365742666,0.6693422593630396
25778,LOF,0.019567568267418935,0.057733294793718255,0.9226991369388629
25779,GOF,0.030437033320600135,0.9045003430449462,0.06506262363445356
25780,GOF,0.05574525380461135,0.897861218291831,0.04639352790355766
25781,GOF,0.030531964429148708,0.8852897207567656,0.08417831481408568
25782,GOF,0.02797216742041394,0.9151143219935349,0.05691351058605112
25783,GOF,0.026728262979418514,0.9276946856054876,0.045577051415093814
25784,GOF,0.0731101532208002,0.8892010962335681,0.03768875054563159
25785,GOF,0.07065184233989694,0.893834401063825,0.03551375659627814
25786,GOF,0.008396842537248147,0.890454491263022,0.10114866619972991
25787,GOF,0.14920213450933992,0.8081712921832512,0.04262657330740898
25788,LOF,0.014727692977932695,0.2240560963343165,0.7612162106877508
25789,GOF,0.014778448958134061,0.8771215041909736,0.10810004685089243
25790,GOF,0.016878692815069984,0.8919522475489996,0.09116905963593044
25791,GOF,0.019764915884349775,0.8245886719390534,0.15564641217659683
25792,GOF,0.022766403890637554,0.8518286860672523,0.12540491004211005
25793,GOF,0.057189945809519464,0.8632686914956829,0.07954136269479785
25794,GOF,0.05356091482886081,0.8137417098039755,0.1326973753671637
25795,GOF,0.047631771492502036,0.7887797089830313,0.16358851952446676
25796,GOF,0.0689847517937894,0.8483047065347933,0.08271054167141725
25797,GOF,0.0656136712428983,0.7856068627373405,0.14877946601976105
25798,GOF,0.004774400724636597,0.8008690743277447,0.19435652494761885
25799,GOF,0.003704738359940121,0.7424061078819962,0.2538891537580637
25800,GOF,0.020440890256710996,0.8577544291916741,0.12180468055161475
25801,GOF,0.01563690332660718,0.9034667883726891,0.08089630830070367
25802,GOF,0.0253995481408874,0.8502263838876152,0.12437406797149753
25803,GOF,0.016456304670676204,0.7389474751184177,0.244596220210906
25804,GOF,0.024538814486771032,0.7905683555923146,0.1848928299209143
25805,GOF,0.02305363045608691,0.8207134092778141,0.15623296026609898
25806,GOF,0.02153959369851439,0.8254294372287284,0.15303096907275726
25807,GOF,0.007233404655413308,0.7743204283209134,0.2184461670236733
25808,GOF,0.014184857083186399,0.795220185501595,0.1905949574152185
25809,GOF,0.00873365897752661,0.7790684352343545,0.21219790578811895
25810,GOF,0.007248960977189438,0.7685253424246248,0.22422569659818575
25811,GOF,0.040589353317262336,0.9003259605018935,0.05908468618084413
25812,GOF,0.02694391227395601,0.8330162083338699,0.14003987939217408
25813,GOF,0.10004384299037568,0.8311232015934894,0.068832955416135
25814,GOF,0.02605185046764504,0.8477727173266162,0.12617543220573885
25815,GOF,0.056812372490794405,0.8442811489581127,0.09890647855109284
25816,GOF,0.009806007228924307,0.8834476875196455,0.10674630525143015
25817,GOF,0.09455683696855123,0.8300595043701585,0.07538365866129024
25818,GOF,0.020775959954273,0.8328537703274694,0.14637026971825765
25819,GOF,0.05191069394447921,0.7924687445558821,0.1556205614996388
25820,GOF,0.027900259289008324,0.7498823880439185,0.22221735266707324
25821,GOF,0.01904407760177982,0.7744432038530318,0.20651271854518843
25822,GOF,0.0372052778831777,0.7844280314718988,0.17836669064492341
25823,GOF,0.023149920852410327,0.7692539977131635,0.20759608143442615
25824,GOF,0.022877110949696897,0.8312634312992415,0.1458594577510616
25825,GOF,0.018842111294937767,0.8135697829937641,0.16758810571129804
25826,GOF,0.007348647778069612,0.7768465826219907,0.21580476959993966
25827,GOF,0.011049210245852778,0.7346673256409791,0.2542834641131681
25828,GOF,0.009053163727828497,0.7802779205634226,0.21066891570874904
25829,GOF,0.0038699703424493873,0.7150280025192131,0.28110202713833743
25830,GOF,0.032001694357199295,0.5385862504062014,0.4294120552365992
25831,GOF,0.05285825279150278,0.8283158420867894,0.11882590512170767
25832,GOF,0.008147770581504784,0.795013532494262,0.19683869692423325
25833,GOF,0.031037686492986036,0.8472568980315223,0.12170541547549174
25834,GOF,0.009311051931073037,0.8161786024017517,0.1745103456671754
25835,GOF,0.021523740927637175,0.8657849708708214,0.11269128820154141
25836,GOF,0.006042610115731832,0.801984738840001,0.19197265104426728
25837,GOF,0.007461689584390765,0.8262425589779208,0.16629575143768852
25838,GOF,0.021236848861232244,0.8703313024447106,0.10843184869405717
25839,GOF,0.043881967682237025,0.8455442457900569,0.11057378652770608
25840,GOF,0.06942917257794384,0.8366262900672816,0.09394453735477463
25841,GOF,0.0754286272038398,0.8414094182033385,0.0831619545928217
25842,GOF,0.02532850517349044,0.9056259056650471,0.06904558916146245
25843,GOF,0.02325237905202276,0.9026003068384021,0.07414731410957506
25844,GOF,0.01698708471874816,0.8684447570286102,0.11456815825264163
25845,GOF,0.005673050920595214,0.8050986496516216,0.18922829942778321
25846,GOF,0.06717032050594877,0.8440405290723036,0.0887891504217475
25847,GOF,0.016108068900941814,0.9114014440369989,0.07249048706205936
25848,GOF,0.020028355464731286,0.8678976415357729,0.11207400299949581
25849,GOF,0.006900769142743942,0.8595514581101036,0.13354777274715246
25850,GOF,0.005916906595463338,0.7609837258125776,0.2330993675919591
25851,GOF,0.0053227715454090005,0.7105461526833081,0.2841310757712829
25852,GOF,0.13751540795033892,0.6446805309399418,0.2178040611097194
25853,GOF,0.06192068912739716,0.8347687430000051,0.10331056787259785
25854,GOF,0.005337221954932808,0.7639612618917869,0.23070151615328036
25855,GOF,0.022841338699284498,0.7475628052129862,0.22959585608772923
25856,GOF,0.0421988943494531,0.82084176886974,0.13695933678080685
25857,GOF,0.02419153002823031,0.7671953595586534,0.2086131104131163
25858,GOF,0.010168119389524319,0.7755116746085184,0.21432020600195725
25859,GOF,0.0076022325655123344,0.7697270208755685,0.22267074655891914
25860,GOF,0.07112134956940556,0.829843677726202,0.09903497270439236
25861,GOF,0.08471980618850065,0.831835916902241,0.08344427690925842
25862,GOF,0.02025974081248266,0.9021094827073766,0.07763077648014072
25863,GOF,0.0225586687527264,0.8882648628644981,0.08917646838277539
25864,GOF,0.06534128137019095,0.8874392539659234,0.04721946466388574
25865,GOF,0.0432036551296279,0.8729802881754106,0.08381605669496162
25866,GOF,0.026032409029045772,0.8889042087717812,0.08506338219917312
25867,GOF,0.0403188923455746,0.8829894812298104,0.07669162642461486
25868,GOF,0.053942240821900286,0.8570724875995884,0.08898527157851119
25869,GOF,0.3264693537090664,0.6003327200652514,0.07319792622568225
25870,GOF,0.057996324190503226,0.630946552925728,0.31105712288376874
25871,GOF,0.010379924251340137,0.8795081084481879,0.11011196730047206
25872,GOF,0.019531238937806464,0.8725860885209354,0.10788267254125822
25873,GOF,0.019193026567048552,0.8944725978081172,0.08633437562483418
25874,LOF,0.014897895938945397,0.2645485611136635,0.720553542947391
25875,LOF,0.029923990267854663,0.059014179908659786,0.9110618298234856
25876,LOF,0.018851036267075173,0.037313655191760664,0.9438353085411642
25877,LOF,0.10641201233808394,0.08626132873849764,0.8073266589234184
25878,LOF,0.08483990822913404,0.1320040462259543,0.7831560455449116
25879,LOF,0.01724464828216849,0.09338195836241892,0.8893733933554125
25880,LOF,0.0662134220113718,0.017018856615254086,0.9167677213733741
25881,Neutral,0.46849536319702323,0.08422017615144142,0.44728446065153543
25882,LOF,0.06099317335824424,0.02779849377927104,0.9112083328624847
25883,LOF,0.02704802332188186,0.030628886138052123,0.942323090540066
25884,LOF,0.015150181380424673,0.059619856246329185,0.9252299623732462
25885,LOF,0.1879624312089705,0.013161702508778437,0.798875866282251
25886,LOF,0.26903176846170124,0.0619450842341773,0.6690231473041214
25887,LOF,0.10687405867255087,0.09664693154400956,0.7964790097834396
25888,LOF,0.007923327268207455,0.14103657218934926,0.8510401005424432
25889,LOF,0.02129498409890456,0.041995950495394764,0.9367090654057006
25890,LOF,0.18017456967368536,0.08240939516482025,0.7374160351614943
25891,LOF,0.12422440104961342,0.028192598391820253,0.8475830005585663
25892,LOF,0.010014847632534024,0.03247790590271709,0.9575072464647488
25893,LOF,0.3990793582981833,0.009302991172247326,0.5916176505295693
25894,LOF,0.41526239037051255,0.006560068247938263,0.5781775413815491
25895,LOF,0.37770059963529207,0.011953664523771574,0.6103457358409364
25896,LOF,0.07069110551247076,0.029467004031487335,0.8998418904560418
25897,LOF,0.1666183260741069,0.010427894758006281,0.8229537791678868
25898,LOF,0.14638692825846047,0.034848915726549655,0.8187641560149899
25899,LOF,0.43421916399133265,0.03185070085683507,0.5339301351518323
25900,Neutral,0.5166789150454711,0.00882525030812171,0.4744958346464072
25901,LOF,0.06632289577891153,0.011178235845447228,0.9224988683756413
25902,LOF,0.16527013312863417,0.01187522077461301,0.8228546460967529
25903,LOF,0.35343811672386455,0.02781149673372029,0.6187503865424151
25904,Neutral,0.5316574578584898,0.04297102207206094,0.42537152006944917
25905,LOF,0.006804968866004642,0.4641924270333938,0.5290026041006016
25906,LOF,0.0074651883742041505,0.07592220091149605,0.9166126107142999
25907,LOF,0.007480572915547536,0.29759948937301917,0.6949199377114332
25908,LOF,0.0067834035250956175,0.2799826869624701,0.7132339095124341
25909,LOF,0.032102573594182775,0.1097200392932966,0.8581773871125206
25910,LOF,0.011439719573538213,0.15165116246763347,0.8369091179588283
25911,LOF,0.22238317260007026,0.0520424737745835,0.7255743536253462
25912,LOF,0.10097703898587697,0.03572825138102184,0.8632947096331011
25913,LOF,0.026428021663659262,0.06068657895458994,0.9128853993817507
25914,LOF,0.038263882552518315,0.02397233613847884,0.9377637813090027
25915,LOF,0.18130882057362516,0.10305201482943002,0.7156391645969449
25916,LOF,0.025670804172724444,0.05727747693413844,0.9170517188931371
25917,LOF,0.07817051941742917,0.022331827320478365,0.8994976532620925
25918,LOF,0.040003295407019135,0.013985263336994645,0.9460114412559861
25919,LOF,0.03616127818133704,0.0127405985667769,0.9510981232518861
25920,LOF,0.3483488699152938,0.27035936355298396,0.3812917665317223
25921,LOF,0.014885547559530522,0.03487425539704622,0.9502401970434232
25922,LOF,0.016453738906113617,0.03460084653893891,0.9489454145549475
25923,LOF,0.4337925960413884,0.028992903359297398,0.5372145005993143
25924,LOF,0.02652720038408694,0.04683002626734485,0.9266427733485683
25925,LOF,0.0892259902762652,0.0424430705625623,0.8683309391611725
25926,LOF,0.07285885119070948,0.04084843900952528,0.8862927097997653
25927,LOF,0.021324606530883812,0.07655215415425867,0.9021232393148575
25928,LOF,0.010299096570959313,0.047358546392145005,0.9423423570368957
25929,Neutral,0.560984597474843,0.027751281719412917,0.4112641208057441
25930,LOF,0.07720412935228187,0.027675855469472283,0.8951200151782458
25931,LOF,0.01362304896433346,0.035880578608513236,0.9504963724271532
25932,LOF,0.06326276191800824,0.03205928103765282,0.904677957044339
25933,LOF,0.06573326763846393,0.019409268486960982,0.9148574638745752
25934,LOF,0.057485113583895055,0.01903773046143985,0.9234771559546652
25935,LOF,0.08379727073675222,0.052674500642272144,0.8635282286209756
25936,LOF,0.10067978892748608,0.019496807043030282,0.8798234040294837
25937,LOF,0.019693086294585358,0.026732116233236118,0.9535747974721785
25938,LOF,0.08175120049110172,0.04546718337862275,0.8727816161302755
25939,LOF,0.04570924247209675,0.026006945394566838,0.9282838121333363
25940,LOF,0.009663504714132071,0.4676772006770137,0.5226592946088542
25941,Neutral,0.4819111490729022,0.05370759361547665,0.464381257311621
25942,LOF,0.010726132488292513,0.06051394316173909,0.9287599243499685
25943,LOF,0.04600241225049572,0.1697231334215034,0.7842744543280009
25944,LOF,0.045773155086405413,0.07079421712478536,0.8834326277888092
25945,LOF,0.1177989520339029,0.03409814565051673,0.8481029023155804
25946,LOF,0.06933813808000018,0.04255499259448595,0.8881068693255139
25947,Neutral,0.5425938743242246,0.07545317511012187,0.38195295056565354
25948,LOF,0.39836718112024977,0.01640081013189358,0.5852320087478566
25949,LOF,0.16033256321126635,0.05930380700170237,0.7803636297870312
25950,GOF,0.06824879275077314,0.5156804040852925,0.41607080316393436
25951,LOF,0.015073365393456774,0.4198301542367422,0.5650964803698011
25952,LOF,0.25652727252799196,0.230588379689163,0.5128843477828451
25953,LOF,0.008917521730000825,0.22434493642302297,0.7667375418469763
25954,LOF,0.07745720384771076,0.347490602520563,0.5750521936317261
25955,LOF,0.007922100899365283,0.23625328367504855,0.7558246154255861
25956,LOF,0.01278653334054956,0.32353061607510386,0.6636828505843466
25957,LOF,0.16481446994748028,0.030573250008469603,0.8046122800440502
25958,LOF,0.03111735550990212,0.06606196323536714,0.9028206812547307
25959,GOF,0.006410745020888893,0.7742531032469238,0.21933615173218737
25960,LOF,0.004784901324638733,0.11167113422528405,0.8835439644500773
25961,LOF,0.028437958262490983,0.05169507657669533,0.9198669651608138
25962,LOF,0.04589534359861655,0.08542664106934944,0.868678015332034
25963,LOF,0.006692200316281501,0.14751236266114331,0.8457954370225752
25964,LOF,0.02710573860255991,0.14297861008341728,0.8299156513140229
25965,LOF,0.24902403642857332,0.14939927994194935,0.6015766836294774
25966,LOF,0.3840487289394773,0.08470808262630593,0.5312431884342167
25967,LOF,0.008298405447495393,0.07190888067580237,0.9197927138767023
25968,LOF,0.043109363143127084,0.22261800748917493,0.734272629367698
25969,LOF,0.1839027160959634,0.04581973275433864,0.7702775511496979
25970,LOF,0.06501674830776966,0.06105257695254794,0.8739306747396823
25971,LOF,0.08380889939348649,0.028016892137595933,0.8881742084689176
25972,LOF,0.08386578344280406,0.05546533618131171,0.8606688803758842
25973,LOF,0.062258687110769144,0.010465932018065055,0.9272753808711658
25974,LOF,0.038620675432607145,0.04549026513998167,0.9158890594274112
25975,LOF,0.040590646394738104,0.02086234019093381,0.938547013414328
25976,LOF,0.07936854563897325,0.011450848403584372,0.9091806059574424
25977,LOF,0.26505611982872995,0.0541697186928374,0.6807741614784327
25978,LOF,0.16512398565814593,0.1620345435209431,0.672841470820911
25979,LOF,0.1319297319700776,0.1861453109519504,0.681924957077972
25980,LOF,0.21001007877057554,0.24513458174081187,0.5448553394886126
25981,LOF,0.21140047823092015,0.24691602344391259,0.5416834983251673
25982,LOF,0.42974159355418984,0.1171797219099878,0.4530786845358223
25983,Neutral,0.42576684366855266,0.15302154433018664,0.42121161200126067
25984,LOF,0.05009134604663269,0.08519839429125659,0.8647102596621108
25985,Neutral,0.4398380923859331,0.12400787713954912,0.43615403047451784
25986,LOF,0.011465478362575587,0.4621102332719821,0.5264242883654423
25987,LOF,0.04621731912791774,0.09028374792544028,0.863498932946642
25988,LOF,0.049206081161595236,0.1389378434087978,0.811856075429607
25989,LOF,0.05724114145705148,0.1791050254925224,0.763653833050426
25990,LOF,0.04752893682994212,0.29031197229764266,0.6621590908724151
25991,LOF,0.024708922400037726,0.4036280657615337,0.5716630118384286
25992,LOF,0.017021774180729025,0.36995725557480064,0.6130209702444704
25993,LOF,0.02826978553216633,0.05415511985265338,0.9175750946151803
25994,LOF,0.02423453381446619,0.05537971727020053,0.9203857489153334
25995,LOF,0.0217998127045967,0.09841877261604733,0.8797814146793559
25996,Neutral,0.4161737491353325,0.32441136875598353,0.25941488210868396
25997,LOF,0.0787928620290446,0.39807414412247993,0.5231329938484754
25998,LOF,0.2725629890364002,0.04040614318329094,0.6870308677803089
25999,LOF,0.035215957485811716,0.11012400427501068,0.8546600382391776
26000,LOF,0.15096984818833853,0.013546202258493968,0.8354839495531676
26001,LOF,0.250218494320023,0.01766992728543901,0.7321115783945379
26002,LOF,0.11686145749460315,0.021052512976559194,0.8620860295288376
26003,GOF,0.007962612287034475,0.606554123244373,0.38548326446859266
26004,GOF,0.017688858277322157,0.6038069282985851,0.3785042134240928
26005,LOF,0.005420918137647099,0.46728889033641496,0.5272901915259379
26006,GOF,0.09800596432868115,0.4721931546224402,0.4298008810488787
26007,LOF,0.011428648107695108,0.48063093932701634,0.5079404125652885
26008,GOF,0.005979340750508989,0.5562011685519523,0.4378194906975386
26009,GOF,0.011455765368231669,0.5921645817193498,0.39637965291241845
26010,GOF,0.0096994444119328,0.5400075845912523,0.450292970996815
26011,LOF,0.004223498586845675,0.3965264264256763,0.599250074987478
26012,GOF,0.004840199005028346,0.544327125457098,0.45083267553787365
26013,GOF,0.010643911402535924,0.5397950456128823,0.4495610429845817
26014,LOF,0.06650697923084949,0.09493122007225739,0.8385618006968931
26015,LOF,0.3875185876349386,0.05165966631885804,0.5608217460462034
26016,LOF,0.2787607278875803,0.06539772298382132,0.6558415491285984
26017,LOF,0.012322254263589377,0.2497325122310327,0.737945233505378
26018,LOF,0.02369508776536743,0.1269626755067558,0.8493422367278767
26019,LOF,0.023265608616152525,0.11805111284849115,0.8586832785353563
26020,LOF,0.007954718294772534,0.22682833946064757,0.7652169422445799
26021,LOF,0.07523900040031836,0.11244895285030375,0.8123120467493777
26022,LOF,0.03540102002089812,0.058827459807410144,0.9057715201716918
26023,LOF,0.017658075876549197,0.09860771936495757,0.8837342047584933
26024,LOF,0.05385069189629398,0.08797837371608402,0.8581709343876219
26025,LOF,0.1108889710734743,0.11427811594867601,0.7748329129778496
26026,LOF,0.10776551378204728,0.08253376609914011,0.8097007201188127
26027,LOF,0.024040232896983916,0.06119967997962918,0.9147600871233867
26028,LOF,0.08695553014193799,0.1760221243027627,0.7370223455552992
26029,LOF,0.027273250848937725,0.14850973699696363,0.8242170121540987
26030,LOF,0.14424238176948684,0.019938269053585117,0.835819349176928
26031,LOF,0.010442018283927369,0.13189631196164886,0.8576616697544238
26032,LOF,0.036214726882548405,0.037704089023852735,0.9260811840935989
26033,LOF,0.03746257234290314,0.04057666910222103,0.9219607585548759
26034,LOF,0.017630679616760906,0.10343447337627885,0.8789348470069601
26035,LOF,0.013552328728052052,0.09690458444691183,0.889543086825036
26036,LOF,0.012780171011673079,0.08120193636415868,0.9060178926241682
26037,LOF,0.01194787284696746,0.09027407683163366,0.8977780503213988
26038,LOF,0.03163638969414979,0.034705791540312496,0.9336578187655378
26039,LOF,0.04415023854627533,0.11182298922531297,0.8440267722284117
26040,LOF,0.08121197629218925,0.11118708376853673,0.8076009399392741
26041,LOF,0.014884955172805532,0.084895487178619,0.9002195576485754
26042,LOF,0.014694461380702548,0.09327272561680544,0.8920328130024922
26043,LOF,0.03158915206531871,0.054112644561539414,0.9142982033731419
26044,LOF,0.009589076942209505,0.03989658606034631,0.9505143369974443
26045,LOF,0.0806806184394197,0.12120736245368795,0.7981120191068924
26046,LOF,0.02771088426242194,0.04074233434654114,0.9315467813910369
26047,LOF,0.05691255643068794,0.041268214997905894,0.9018192285714061
26048,LOF,0.08430156366959297,0.01575968194292414,0.8999387543874829
26049,Neutral,0.9358017033339383,0.006706397480655181,0.057491899185406564
26050,Neutral,0.9039911957086554,0.007090359407720339,0.08891844488362431
26051,LOF,0.028723928673064707,0.06704063893076358,0.9042354323961718
26052,LOF,0.03379921847528487,0.05784020067870794,0.9083605808460072
26053,LOF,0.02373593014105643,0.14282077056992673,0.8334432992890167
26054,LOF,0.046367721244127254,0.03658832671480599,0.9170439520410667
26055,LOF,0.07061615405654195,0.033303740468535195,0.8960801054749229
26056,LOF,0.05784774156162417,0.04149997880829588,0.90065227963008
26057,LOF,0.05314772188037711,0.02097314807146219,0.9258791300481607
26058,LOF,0.05642731886317844,0.016977708442486545,0.926594972694335
26059,LOF,0.19447258243702426,0.038603460228172404,0.7669239573348033
26060,LOF,0.02252348666904659,0.1753227171484416,0.8021537961825117
26061,LOF,0.011464014886860855,0.012313773481171665,0.9762222116319675
26062,LOF,0.006277373362959003,0.01856886340086058,0.9751537632361804
26063,LOF,0.03907416040996936,0.01633422322320399,0.9445916163668265
26064,LOF,0.014933541080137475,0.022818839048433473,0.962247619871429
26065,LOF,0.0484658651092404,0.02097646425663728,0.9305576706341222
26066,LOF,0.03652215082476862,0.015397853912866412,0.948079995262365
26067,LOF,0.039581683669488235,0.015974047056862395,0.9444442692736494
26068,LOF,0.05198517176121462,0.05047266167204045,0.8975421665667449
26069,LOF,0.2849375033455876,0.03274158743478547,0.6823209092196268
26070,Neutral,0.5356093179441056,0.022635058103985466,0.4417556239519089
26071,LOF,0.03999111317872441,0.018467195676026973,0.9415416911452485
26072,LOF,0.007818884913131097,0.023882023742463787,0.9682990913444051
26073,LOF,0.034913372161004715,0.02004426761767796,0.9450423602213174
26074,Neutral,0.8490356541012273,0.01276581889730933,0.1381985270014634
26075,LOF,0.05289635581844062,0.026921631373935155,0.9201820128076243
26076,LOF,0.046492672724920046,0.016668126668790362,0.9368392006062896
26077,LOF,0.15382915930985244,0.009058326592197838,0.8371125140979497
26078,LOF,0.006963714798709411,0.02079170426493032,0.9722445809363603
26079,LOF,0.06124583119402886,0.025751189155728764,0.9130029796502425
26080,LOF,0.060486964276008276,0.025810102459382693,0.913702933264609
26081,LOF,0.032608907731677,0.013094227725996893,0.9542968645423261
26082,LOF,0.005791945594053554,0.023099422421976632,0.9711086319839699
26083,LOF,0.10757284445239791,0.02996217378064498,0.8624649817669571
26084,LOF,0.09814493329106333,0.02624328965509268,0.8756117770538439
26085,LOF,0.0862253146700896,0.02162638917368133,0.892148296156229
26086,LOF,0.035532629026730135,0.01945638405530705,0.9450109869179628
26087,LOF,0.03243806443447713,0.01610296619459482,0.9514589693709281
26088,LOF,0.0070039565031147465,0.030951494029562345,0.9620445494673228
26089,LOF,0.04288406207567301,0.042014187763779756,0.9151017501605472
26090,LOF,0.04303457639175896,0.03368597068909661,0.9232794529191444
26091,LOF,0.02743898482685284,0.011711432046763124,0.9608495831263841
26092,LOF,0.04464365757999731,0.012681255387697404,0.9426750870323052
26093,LOF,0.0765508378861496,0.009204561304627736,0.9142446008092228
26094,LOF,0.031236342433122663,0.011515761332686029,0.9572478962341914
26095,LOF,0.02015342513643422,0.019416018493213293,0.9604305563703526
26096,LOF,0.2047549666547097,0.00595756328583303,0.7892874700594572
26097,LOF,0.007213862477354274,0.04859480440933212,0.9441913331133136
26098,LOF,0.11310843350099992,0.022152385098830902,0.8647391814001693
26099,LOF,0.035692922815874654,0.028840794966922108,0.9354662822172032
26100,LOF,0.03566638402668385,0.028841588697255355,0.9354920272760608
26101,LOF,0.05443932564016099,0.04965238396651096,0.8959082903933281
26102,LOF,0.03230584923709029,0.026338592748092183,0.9413555580148175
26103,Neutral,0.8852232876282066,0.03226390998456785,0.08251280238722546
26104,LOF,0.05788601246044253,0.04948895720565151,0.892625030333906
26105,LOF,0.2781543731345393,0.1109170114953302,0.6109286153701305
26106,LOF,0.2973342696192152,0.060517575036404356,0.6421481553443804
26107,LOF,0.019157192171761817,0.07088736676955903,0.9099554410586792
26108,LOF,0.25951213328260236,0.03875896606326031,0.7017289006541374
26109,LOF,0.07298619430402739,0.03462436246611904,0.8923894432298536
26110,LOF,0.40681745049111034,0.013972304981970093,0.5792102445269195
26111,LOF,0.06329731866488683,0.12349583419780902,0.8132068471373041
26112,LOF,0.05040540304192851,0.013140119489375839,0.9364544774686956
26113,LOF,0.10345566435941107,0.03475956299033857,0.8617847726502502
26114,LOF,0.09124717654839812,0.007010665485279302,0.9017421579663225
26115,LOF,0.013790388597328,0.05037411288014727,0.9358354985225248
26116,LOF,0.07836493674640281,0.023198178430412743,0.8984368848231845
26117,LOF,0.34545703334746103,0.048045264765754075,0.6064977018867849
26118,LOF,0.049392894106079034,0.022517266335481383,0.9280898395584396
26119,LOF,0.005464956667926474,0.10988085213568013,0.8846541911963933
26120,LOF,0.03514814000685216,0.02151182622737366,0.9433400337657741
26121,LOF,0.0031590480573913354,0.16952991287206268,0.8273110390705459
