feature0,prediction,LoGoFunc_Neutral,LoGoFunc_GOF,LoGoFunc_LOF
25546,Neutral,0.6406209427388879,0.07372856056285426,0.2856504966982579
25547,Neutral,0.541634118932365,0.13672047768686124,0.32164540338077374
25548,Neutral,0.5031525873416524,0.10070709033985391,0.3961403223184938
25549,Neutral,0.4722686220728009,0.09952222112685435,0.42820915680034477
25550,LOF,0.36985578788522294,0.17476913373926684,0.4553750783755102
25551,LOF,0.3020844540434385,0.16201226274068034,0.5359032832158812
25552,LOF,0.17364547834463168,0.17383712212383173,0.6525173995315366
25553,Neutral,0.8074828820403783,0.04682498324939577,0.14569213471022588
25554,LOF,0.2080380261633627,0.17219716993889675,0.6197648038977405
25555,LOF,0.16703453546518848,0.15729001045200428,0.6756754540828073
25556,Neutral,0.499463535274754,0.12914513012515355,0.3713913346000923
25557,LOF,0.16174858501180334,0.16085529306338756,0.6773961219248091
25558,LOF,0.21165366715791756,0.17930968003928657,0.6090366528027958
25559,Neutral,0.4979839414523058,0.026530062676000155,0.47548599587169393
25560,LOF,0.04162227584983937,0.24290251732287552,0.715475206827285
25561,LOF,0.08583615451724658,0.28687294701609245,0.6272908984666609
25562,LOF,0.1143166558377534,0.13007383117046956,0.755609512991777
25563,LOF,0.10867976755540841,0.12996385485247386,0.7613563775921176
25564,LOF,0.08177118502971549,0.17066836308850244,0.747560451881782
25565,LOF,0.13527889917007213,0.273539364990129,0.5911817358397989
25566,GOF,0.022441946930286102,0.6556722066835391,0.3218858463861749
25567,LOF,0.010167915409266232,0.22660491113398484,0.763227173456749
25568,LOF,0.0433642614882951,0.10821772291905002,0.848418015592655
25569,LOF,0.05454078729109895,0.10758536787599172,0.8378738448329094
25570,LOF,0.05770299914718805,0.1591372586210655,0.7831597422317464
25571,LOF,0.05990595586649272,0.14895091478053912,0.7911431293529682
25572,LOF,0.05317196566757419,0.1574507833425928,0.7893772509898331
25573,LOF,0.0254794671220116,0.13020222567187612,0.8443183072061123
25574,LOF,0.012472519911055007,0.27554321073278903,0.711984269356156
25575,LOF,0.05121495691874132,0.13982345194371898,0.8089615911375396
25576,LOF,0.01773968607239826,0.14716839592044748,0.8350919180071543
25577,LOF,0.012250698651413736,0.1467518768702683,0.8409974244783179
25578,LOF,0.24255947473228134,0.13562907483881037,0.6218114504289083
25579,LOF,0.24308113750586263,0.13436080963744268,0.6225580528566947
25580,LOF,0.03408916153833606,0.14744274900481538,0.8184680894568486
25581,LOF,0.04755103943770414,0.11244931801206326,0.8399996425502326
25582,LOF,0.04738014722701385,0.10757370128123224,0.845046151491754
25583,LOF,0.034358213205950505,0.15361150145825145,0.812030285335798
25584,Neutral,0.48750568447231024,0.14497545186868663,0.36751886365900316
25585,LOF,0.030181285972770734,0.13350758242149816,0.8363111316057311
25586,LOF,0.03394045561380977,0.1099735864413957,0.8560859579447945
25587,LOF,0.02879593381759102,0.09632394210355931,0.8748801240788497
25588,LOF,0.030054746267590363,0.12778807184472424,0.8421571818876854
25589,Neutral,0.5997192050893803,0.18264686503291364,0.2176339298777061
25590,LOF,0.022875177813857058,0.18753760077875486,0.7895872214073881
25591,LOF,0.11083528254312937,0.08366729765762841,0.8054974197992422
25592,LOF,0.09030073485442174,0.19879825250586367,0.7109010126397146
25593,GOF,0.010890145369257498,0.5966638294553228,0.3924460251754197
25594,LOF,0.030376317242805803,0.1568328808829206,0.8127908018742737
25595,LOF,0.05597550037527123,0.11652014235980333,0.8275043572649254
25596,LOF,0.07800915481364991,0.07053580512907684,0.8514550400572732
25597,LOF,0.06983021403262214,0.02553274181316027,0.9046370441542178
25598,LOF,0.040720570296975546,0.17629431284978075,0.7829851168532437
25599,LOF,0.008541012249076217,0.4724000597084823,0.5190589280424416
25600,LOF,0.010447778938516006,0.3778003452480957,0.6117518758133884
25601,LOF,0.0089757764441279,0.22636424186656653,0.7646599816893056
25602,LOF,0.014967013962962926,0.06784830504901548,0.9171846809880215
25603,LOF,0.046193907463212044,0.03871457020637967,0.9150915223304084
25604,LOF,0.039565962689711805,0.05713358603279791,0.9033004512774904
25605,LOF,0.012165239802094795,0.21977607272117758,0.7680586874767276
25606,GOF,0.04981728043986948,0.5420990882432414,0.40808363131688924
25607,LOF,0.003609149011771563,0.12592424962936383,0.8704666013588647
25608,LOF,0.05569183803026309,0.04326155777696922,0.9010466041927677
25609,LOF,0.08333814393526964,0.2715220544542455,0.6451398016104849
25610,LOF,0.04724752292926055,0.022089291287763234,0.9306631857829761
25611,LOF,0.06885709394538495,0.014653785860403274,0.9164891201942118
25612,LOF,0.11626091587093546,0.043749446231319926,0.8399896378977446
25613,LOF,0.09470589986888218,0.03766504458041431,0.8676290555507036
25614,LOF,0.04106108590586838,0.03177979215720491,0.9271591219369266
25615,LOF,0.08446962483927452,0.03622679657373049,0.879303578586995
25616,LOF,0.035604853085278824,0.041462925373491596,0.9229322215412296
25617,LOF,0.05112238283416708,0.03150129780722334,0.9173763193586096
25618,LOF,0.2559303993948429,0.030047433551451612,0.7140221670537054
25619,LOF,0.041702153838810166,0.033696005807378235,0.9246018403538117
25620,LOF,0.0421057957830846,0.05079079204061984,0.9071034121762955
25621,LOF,0.04493258615863449,0.0326553915021945,0.922412022339171
25622,LOF,0.030613717188850875,0.0485798235437878,0.9208064592673613
25623,LOF,0.055947083368445276,0.03248075000711394,0.9115721666244407
25624,LOF,0.03507794640451441,0.0355942549980615,0.9293277985974241
25625,LOF,0.039563560395822886,0.05154929051793349,0.9088871490862436
25626,LOF,0.07473575238361041,0.03538683679232971,0.8898774108240598
25627,Neutral,0.5892259523218168,0.13880502533598213,0.2719690223422011
25628,LOF,0.2153007118520164,0.07780482646109368,0.70689446168689
25629,LOF,0.06588060708088088,0.12481676269613454,0.8093026302229845
25630,LOF,0.1842071589738031,0.11398165252344193,0.7018111885027549
25631,Neutral,0.6044753641439962,0.09309820810445396,0.30242642775154976
25632,LOF,0.02008349470341514,0.1276023953468241,0.8523141099497608
25633,LOF,0.22442337281204539,0.1697952773703844,0.6057813498175701
25634,LOF,0.0362049140978669,0.1827090043836549,0.7810860815184781
25635,LOF,0.03383870964475315,0.1278180268075409,0.8383432635477059
25636,GOF,0.004821896506489502,0.5619455834164034,0.4332325200771071
25637,LOF,0.003606451455039675,0.428512247289218,0.5678813012557423
25638,LOF,0.0064152774217118135,0.3815961360573858,0.6119885865209023
25639,LOF,0.004022943356332881,0.33073159970927507,0.665245456934392
25640,GOF,0.33619027078226627,0.6104550084775506,0.053354720740183305
25641,LOF,0.005960115137663206,0.27081446772766204,0.7232254171346747
25642,LOF,0.2517565534753625,0.07369180657792722,0.6745516399467102
25643,LOF,0.2529652457419864,0.13440095030032762,0.612633803957686
25644,GOF,0.015463587596709467,0.5926025502813945,0.3919338621218959
25645,GOF,0.012401123737257477,0.583649371379498,0.4039495048832444
25646,LOF,0.012623886139208923,0.39437213451219333,0.5930039793485977
25647,LOF,0.01183499682724737,0.3138459324626157,0.6743190707101369
25648,LOF,0.007936968147983876,0.38405159094133856,0.6080114409106775
25649,LOF,0.009178734192447675,0.20600602262781773,0.7848152431797345
25650,GOF,0.024708142978838686,0.5106461640386156,0.4646456929825456
25651,LOF,0.007156273154044056,0.2269660379661058,0.7658776888798502
25652,LOF,0.01317705437836359,0.34095782975826766,0.6458651158633687
25653,GOF,0.04520971179093485,0.5131825381707972,0.44160775003826797
25654,LOF,0.008681226038426207,0.3702687139277412,0.6210500600338325
25655,GOF,0.07961864074739249,0.5451331272411698,0.37524823201143764
25656,LOF,0.09289932791400987,0.09416645680086617,0.812934215285124
25657,LOF,0.2705927810211807,0.035821721064725025,0.6935854979140944
25658,LOF,0.03299059498538556,0.14507848918759475,0.8219309158270197
25659,LOF,0.23519056016514953,0.0949759736885307,0.6698334661463199
25660,LOF,0.09713118685620123,0.06807584872619743,0.8347929644176014
25661,LOF,0.0749618501799753,0.059752634679028034,0.8652855151409966
25662,LOF,0.04088229749579064,0.055790924495861656,0.9033267780083478
25663,LOF,0.04828239751826452,0.10630287895497695,0.8454147235267585
25664,LOF,0.030921294103898732,0.1856626037624003,0.783416102133701
25665,LOF,0.04140024485092853,0.05023464782057294,0.9083651073284985
25666,LOF,0.042869060888457496,0.20693954647538323,0.7501913926361593
25667,LOF,0.03882668206256732,0.04356894505961463,0.917604372877818
25668,LOF,0.0577079232074088,0.048555050877195964,0.8937370259153952
25669,LOF,0.05173501304419544,0.07390287599267548,0.8743621109631292
25670,LOF,0.07669504303769255,0.1138943957816167,0.8094105611806908
25671,LOF,0.054519954216418684,0.045209268579110486,0.9002707772044709
25672,LOF,0.047774114718638475,0.054512966272733374,0.8977129190086282
25673,LOF,0.03705541064679667,0.09365343354865831,0.8692911558045451
25674,LOF,0.02672668970130377,0.10504613308385383,0.8682271772148424
25675,LOF,0.03363852199022087,0.07054637889173836,0.8958150991180408
25676,LOF,0.037685295522351704,0.0627863785771133,0.8995283259005349
25677,LOF,0.1070490201732598,0.04872890306610402,0.8442220767606362
25678,LOF,0.21959892859195648,0.04520128532506012,0.7351997860829834
25679,LOF,0.12121777888353899,0.06834881186440722,0.8104334092520538
25680,LOF,0.10908920167423285,0.07993245428128405,0.8109783440444831
25681,LOF,0.11407558299864388,0.07539677364085913,0.8105276433604971
25682,LOF,0.058166668678211256,0.04578305300357959,0.8960502783182093
25683,LOF,0.08140951115906005,0.08926187607781605,0.8293286127631239
25684,LOF,0.07558302879884767,0.05794218087831678,0.8664747903228356
25685,LOF,0.12057520079666813,0.05952569046351046,0.8198991087398214
25686,LOF,0.025456015882247367,0.10896305116377758,0.8655809329539751
25687,LOF,0.0476731194217298,0.11179813845612545,0.8405287421221447
25688,LOF,0.021245617523637825,0.12489524391141255,0.8538591385649497
25689,LOF,0.012988050927777302,0.07278898695628803,0.9142229621159347
25690,LOF,0.017059910562440814,0.07787115486975953,0.9050689345677997
25691,LOF,0.12085886944574593,0.1241071910457964,0.7550339395084577
25692,LOF,0.26269785860109635,0.015758339308068973,0.7215438020908346
25693,GOF,0.023714320517517738,0.5123999685059688,0.46388571097651354
25694,LOF,0.25605020757052205,0.01017166737415852,0.7337781250553195
25695,LOF,0.18217806119813726,0.022641015073836535,0.7951809237280262
25696,LOF,0.08268081640671363,0.01857595199307894,0.8987432316002074
25697,LOF,0.06314921603237625,0.017946441827639492,0.9189043421399843
25698,LOF,0.015650651322646005,0.31575346430883644,0.6685958843685176
25699,LOF,0.07654388861667308,0.3516905768570385,0.5717655345262884
25700,LOF,0.04250720196940715,0.034949093130725174,0.9225437048998677
25701,LOF,0.010457236482239413,0.3113275939936604,0.6782151695241002
25702,GOF,0.032548179650315125,0.6128784008912894,0.35457341945839543
25703,LOF,0.016989208326268438,0.08811668883554169,0.8948941028381898
25704,LOF,0.08969516688234645,0.048084326636612836,0.8622205064810406
25705,LOF,0.07405046526807069,0.1764558851976933,0.749493649534236
25706,GOF,0.0184235137870875,0.5901760729663595,0.391400413246553
25707,GOF,0.030701953368702063,0.5255847291721069,0.4437133174591911
25708,LOF,0.007655438826149148,0.4700409476661708,0.52230361350768
25709,LOF,0.036458492238248125,0.06824697954699892,0.895294528214753
25710,LOF,0.00628392880267934,0.1436258932900916,0.850090177907229
25711,LOF,0.040541317212647275,0.11061935888761487,0.8488393238997379
25712,LOF,0.008552681656346851,0.20492093954210336,0.7865263788015497
25713,LOF,0.03434031135815728,0.12056040220772134,0.8450992864341215
25714,LOF,0.03273687009099186,0.14464798577431132,0.8226151441346968
25715,LOF,0.042766663116089246,0.11689251259163835,0.8403408242922724
25716,LOF,0.00730974016108749,0.12521181331930784,0.8674784465196047
25717,LOF,0.006187410638679481,0.12650934552067422,0.8673032438406462
25718,LOF,0.034076011856886725,0.08957620477989577,0.8763477833632175
25719,LOF,0.03289074642445757,0.10988067747281562,0.8572285761027268
25720,LOF,0.03205991403018318,0.13622192667136998,0.8317181592984468
25721,LOF,0.03544405568578431,0.11642263926421936,0.8481333050499963
25722,LOF,0.02187637282561674,0.1463858360205037,0.8317377911538795
25723,LOF,0.037789168714349994,0.109436569194177,0.852774262091473
25724,LOF,0.05530911344968816,0.24747532058062094,0.6972155659696909
25725,LOF,0.044373925553798196,0.08632354897044259,0.8693025254757591
25726,LOF,0.025356881196997968,0.11894760009831791,0.8556955187046842
25727,LOF,0.03806515417876846,0.09933290280448828,0.8626019430167432
25728,LOF,0.03982957698949267,0.11530439014918445,0.8448660328613228
25729,LOF,0.04170745101794116,0.11494209985683435,0.8433504491252245
25730,LOF,0.04878685470675274,0.07760588652347578,0.8736072587697714
25731,LOF,0.011727220843598183,0.10074018486471523,0.8875325942916865
25732,LOF,0.027606268888541733,0.05569624671699673,0.9166974843944615
25733,LOF,0.04040879522510069,0.0754596800802772,0.8841315246946222
25734,LOF,0.00705873112520778,0.2820041945011699,0.7109370743736223
25735,LOF,0.03137373507566033,0.08324467337110027,0.8853815915532394
25736,LOF,0.028234178678716772,0.14876099413044475,0.8230048271908385
25737,LOF,0.04830141445964695,0.09766252743774466,0.8540360581026084
25738,LOF,0.03254247038637636,0.17384497794721357,0.79361255166641
25739,LOF,0.03346226821356406,0.12333575750495995,0.8432019742814759
25740,LOF,0.044940372632730013,0.11621681417571181,0.8388428131915581
25741,LOF,0.04982041485817289,0.10646763552470226,0.8437119496171249
25742,LOF,0.05318089490831108,0.11697355322304577,0.8298455518686432
25743,LOF,0.014675465950613246,0.019836334049426405,0.9654881999999604
25744,LOF,0.2312090878781697,0.16483133923513757,0.6039595728866927
25745,LOF,0.05033395783772242,0.06882914955905617,0.8808368926032215
25746,LOF,0.017208242353553702,0.0962042763645687,0.8865874812818776
25747,LOF,0.05446565740275272,0.026899559404641258,0.918634783192606
25748,LOF,0.30659861620556433,0.07053638787928591,0.6228649959151498
25749,LOF,0.018611694683825737,0.05824341438958835,0.923144890926586
25750,LOF,0.025316529045947556,0.06373824891978665,0.9109452220342658
25751,LOF,0.05135867586264779,0.05269649394491818,0.895944830192434
25752,GOF,0.07501876044700057,0.6304372171225122,0.2945440224304872
25753,LOF,0.007316249999185427,0.3456244608349121,0.6470592891659025
25754,GOF,0.007780776647719586,0.878417833909934,0.1138013894423464
25755,LOF,0.0074696954692006715,0.3665089047573532,0.6260213997734461
25756,LOF,0.020519046749282236,0.42607773752143924,0.5534032157292784
25757,GOF,0.008322184946617036,0.857025541899671,0.13465227315371187
25758,GOF,0.009352631236536986,0.8998595431997425,0.0907878255637205
25759,GOF,0.006229152309051234,0.6185157814749803,0.3752550662159685
25760,LOF,0.00537659330942176,0.26182197569387816,0.7328014309967001
25761,GOF,0.04954547154789722,0.8791338402943685,0.07132068815773429
25762,LOF,0.02404200414799477,0.3600536731038395,0.6159043227481658
25763,LOF,0.005582958477603702,0.27190217626097585,0.7225148652614205
25764,GOF,0.07278075459537481,0.7024236703538742,0.22479557505075096
25765,GOF,0.009063391547167081,0.9075501719923327,0.08338643646050012
25766,GOF,0.026219264120365546,0.858144563357739,0.11563617252189541
25767,LOF,0.012516259825534953,0.48684449635625104,0.500639243818214
25768,LOF,0.05852861418844062,0.033719596497656865,0.9077517893139025
25769,LOF,0.0267435800940904,0.10862298777735242,0.8646334321285573
25770,LOF,0.12699868957316784,0.18349083201443075,0.6895104784124013
25771,LOF,0.01836508268430764,0.11562187255858648,0.8660130447571058
25772,LOF,0.03536047178113224,0.05312842991856962,0.9115110983002981
25773,LOF,0.014024403387379222,0.11389951167759367,0.8720760849350271
25774,LOF,0.02189230371679477,0.28120125469444934,0.6969064415887559
25775,LOF,0.01712304117874922,0.05573732694582225,0.9271396318754286
25776,LOF,0.03403316236175956,0.03659008128561032,0.9293767563526301
25777,LOF,0.25214870287459284,0.19007880494423662,0.5577724921811705
25778,LOF,0.022820355850071347,0.1407445775169396,0.836435066632989
25779,GOF,0.058821768995201466,0.8275899996266652,0.11358823137813341
25780,GOF,0.07498483827251616,0.8262015742895076,0.0988135874379762
25781,GOF,0.03356980836971523,0.7598489473594504,0.20658124427083435
25782,GOF,0.04340178594242957,0.8399131175894322,0.11668509646813825
25783,GOF,0.04968834973864099,0.8567412762284405,0.09357037403291846
25784,GOF,0.1089630826346027,0.8117978929052981,0.07923902446009928
25785,GOF,0.14517206393144286,0.7926126102228314,0.062215325845725866
25786,GOF,0.012644131933301184,0.7475778738358365,0.23977799423086232
25787,GOF,0.32426118301471163,0.6004884544845205,0.07525036250076787
25788,LOF,0.021726234429449865,0.10719252109222435,0.8710812444783258
25789,GOF,0.021298604157780874,0.8249425654151218,0.15375883042709737
25790,GOF,0.031115253958574392,0.7974658924686931,0.1714188535727325
25791,GOF,0.03279922995295339,0.5812910719504998,0.3859096980965469
25792,GOF,0.04203722025689586,0.6626784022747603,0.29528437746834396
25793,GOF,0.055902227157252134,0.7513631735831172,0.19273459925963063
25794,GOF,0.060991119084010025,0.5757872857110988,0.36322159520489106
25795,GOF,0.05828002633228471,0.6297933964937158,0.3119265771739995
25796,GOF,0.15904860646489308,0.6553902660534083,0.18556112748169848
25797,GOF,0.08651145034339768,0.6217706231192031,0.2917179265373992
25798,GOF,0.007916102518547498,0.752055702155297,0.24002819532615563
25799,GOF,0.004841357728823284,0.6375587572867778,0.3575998849843989
25800,GOF,0.026026555387562406,0.8103407608291655,0.16363268378327214
25801,GOF,0.025855586501169456,0.8177639956207132,0.15638041787811732
25802,GOF,0.03136587273710417,0.7062547214478329,0.2623794058150629
25803,GOF,0.026216274955968878,0.6766927699220627,0.29709095512196837
25804,GOF,0.04138961725848015,0.706327809934249,0.2522825728072709
25805,GOF,0.03425155283879461,0.7421936566744479,0.22355479048675753
25806,GOF,0.047593647197152304,0.7455675134534946,0.20683883934935324
25807,GOF,0.016882078592443856,0.6672705024129457,0.3158474189946105
25808,GOF,0.02940539661450832,0.7367752054593011,0.23381939792619064
25809,GOF,0.01486559827716594,0.6317454173703884,0.3533889843524457
25810,GOF,0.013534790968157675,0.6286060563008179,0.3578591527310245
25811,GOF,0.08262597963638468,0.8032856587668954,0.11408836159671985
25812,GOF,0.04293879333252635,0.7222894304958902,0.23477177617158348
25813,GOF,0.21016093177196718,0.6617588771609506,0.1280801910670822
25814,GOF,0.038939072870542754,0.6841689621163792,0.27689196501307795
25815,GOF,0.08697699229686841,0.74002652147787,0.1729964862252617
25816,GOF,0.012407853386016403,0.8084590843132361,0.17913306230074752
25817,GOF,0.13225359322398933,0.6772807322889705,0.19046567448704035
25818,GOF,0.03138218100228983,0.7537711851738771,0.21484663382383298
25819,GOF,0.06227897808075409,0.6748422885640291,0.2628787333552168
25820,GOF,0.06948271829812701,0.6066176144149601,0.3238996672869129
25821,GOF,0.04791955271983519,0.6680079166424928,0.284072530637672
25822,GOF,0.07635422361898597,0.6297909350608231,0.293854841320191
25823,GOF,0.03614257927530421,0.6608759205101697,0.30298150021452613
25824,GOF,0.03757114996342813,0.7281463429049485,0.23428250713162327
25825,GOF,0.02600213973183295,0.727549029037243,0.24644883123092412
25826,GOF,0.014104133372116483,0.6699756520795456,0.3159202145483381
25827,GOF,0.01805402137649861,0.6790627590248316,0.3028832195986698
25828,GOF,0.011977483323887579,0.7046230890743994,0.28339942760171294
25829,GOF,0.004938127583735967,0.5814423970181039,0.4136194753981602
25830,LOF,0.06097052830442497,0.3841415036720201,0.5548879680235549
25831,GOF,0.07438917827228488,0.7615749035647877,0.1640359181629275
25832,GOF,0.010236507705365338,0.6976614315481829,0.2921020607464517
25833,GOF,0.03168351522266734,0.7925577861120832,0.17575869866524943
25834,GOF,0.010533078532939303,0.7297227467670483,0.25974417470001243
25835,GOF,0.029337444742349335,0.8111974858716291,0.15946506938602167
25836,GOF,0.008113142426299185,0.7262075533692588,0.26567930420444197
25837,GOF,0.01215265938639332,0.7450014409255032,0.24284589968810347
25838,GOF,0.02473049597568776,0.8051245324260208,0.1701449715982914
25839,GOF,0.07067167681817127,0.7273728117890131,0.20195551139281548
25840,GOF,0.10060905375187276,0.7142466553081321,0.18514429093999513
25841,GOF,0.08812302132605382,0.772158948780705,0.13971802989324109
25842,GOF,0.027634953253868423,0.8574142961286879,0.11495075061744367
25843,GOF,0.027269681511853893,0.8582683602691098,0.11446195821903635
25844,GOF,0.024546673314871367,0.8040923339041374,0.17136099278099123
25845,GOF,0.008287234972938814,0.694580084669561,0.2971326803575002
25846,GOF,0.07529173680634167,0.8230651223324686,0.1016431408611897
25847,GOF,0.018261545931951173,0.8351630597322591,0.1465753943357898
25848,GOF,0.01872706228992005,0.7862687188589982,0.19500421885108168
25849,GOF,0.006768066794462243,0.7668117068003286,0.22642022640520926
25850,GOF,0.007703881951229486,0.6398403695344816,0.35245574851428885
25851,GOF,0.007060138569397981,0.5793511965187651,0.41358866491183677
25852,GOF,0.15500218193414578,0.45171473903046067,0.39328307903539367
25853,GOF,0.06981237198542219,0.696022949128796,0.23416467888578174
25854,GOF,0.007268533990102284,0.6647224647712149,0.32800900123868276
25855,GOF,0.027834382315850916,0.5402794519647909,0.4318861657193583
25856,GOF,0.058967082007312425,0.6521926544766032,0.28884026351608433
25857,GOF,0.0283335588404418,0.5395650799007202,0.4321013612588381
25858,GOF,0.010978070755135669,0.5177237438695516,0.4712981853753128
25859,LOF,0.007854534899367273,0.48701123012939734,0.5051342349712353
25860,GOF,0.10661364177894483,0.6414203949570291,0.25196596326402604
25861,GOF,0.1184454649021849,0.7374560520618162,0.14409848303599884
25862,GOF,0.024864380814180395,0.8726191819565332,0.10251643722928641
25863,GOF,0.021999929920638244,0.8335774776553677,0.144422592423994
25864,GOF,0.037243104121287146,0.8689586223968765,0.09379827348183623
25865,GOF,0.03818711962901694,0.8608399785842548,0.10097290178672828
25866,GOF,0.020605988828220827,0.8526066711472128,0.12678734002456626
25867,GOF,0.040526603736438856,0.8574989737696536,0.10197442249390745
25868,GOF,0.09416902538082729,0.7167632164208392,0.18906775819833332
25869,GOF,0.36778856671273186,0.49041622537475676,0.14179520791251135
25870,LOF,0.07639864968388181,0.43858232700896616,0.48501902330715213
25871,GOF,0.00980998045886476,0.7076110827735778,0.2825789367675574
25872,GOF,0.022619553184433008,0.6947682029754725,0.2826122438400944
25873,GOF,0.0225342360049163,0.8066504551620791,0.17081530883300441
25874,LOF,0.030210870683744184,0.12750238706228553,0.8422867422539703
25875,LOF,0.021949736378122454,0.1664789408240397,0.811571322797838
25876,LOF,0.025924889174629515,0.0744989745645747,0.8995761362607957
25877,LOF,0.10004574141542327,0.27671553391762027,0.6232387246669565
25878,LOF,0.06426199049455819,0.3761857473710294,0.5595522621344124
25879,LOF,0.010344486920166884,0.21556111013926743,0.7740944029405658
25880,LOF,0.05325009730590909,0.024839044704377384,0.9219108579897135
25881,GOF,0.3858427121871359,0.4253458644191477,0.1888114233937164
25882,LOF,0.0393546069959668,0.11044383647239617,0.8502015565316371
25883,LOF,0.02746771601315437,0.10216233074959268,0.8703699532372531
25884,LOF,0.013010332370484583,0.16194187320076053,0.8250477944287549
25885,LOF,0.15655047971402553,0.036753535091020306,0.8066959851949542
25886,LOF,0.2215292619552464,0.2637952139979262,0.5146755240468274
25887,GOF,0.035936980225474945,0.5656702227661627,0.3983927970083624
25888,LOF,0.004568230556886419,0.4546087435112142,0.5408230259318993
25889,LOF,0.019051747049372705,0.1426660689003466,0.8382821840502807
25890,LOF,0.20056295919300487,0.30911015855766283,0.49032688224933235
25891,LOF,0.08628924636023026,0.106124482178125,0.8075862714616447
25892,LOF,0.0072841413339491375,0.04157087865888686,0.951144980007164
25893,LOF,0.28009897404844164,0.013306477168497541,0.7065945487830607
25894,LOF,0.32916196217542226,0.008670598650378355,0.6621674391741993
25895,LOF,0.2676536180719072,0.022175152921550586,0.7101712290065423
25896,LOF,0.09082576918667663,0.04903381514868769,0.8601404156646357
25897,LOF,0.10556631368942782,0.019324614808080634,0.8751090715024915
25898,LOF,0.10736994418883658,0.04607177933460946,0.8465582764765539
25899,LOF,0.4238189667332963,0.04606277254014529,0.5301182607265585
25900,Neutral,0.7350203672388144,0.01319049434398778,0.25178913841719786
25901,LOF,0.060516118654031434,0.014632581042370396,0.9248513003035982
25902,LOF,0.07015910310956346,0.013176538648232957,0.9166643582422036
25903,LOF,0.15862041863120382,0.0487495080453979,0.7926300733233984
25904,Neutral,0.4948160030043906,0.12577486342507727,0.3794091335705321
25905,LOF,0.008757158484338563,0.3367179425228538,0.6545248989928076
25906,LOF,0.00997703057858117,0.043273134185017555,0.9467498352364012
25907,LOF,0.008529602762004861,0.2251395236682736,0.7663308735697215
25908,LOF,0.008596209352007448,0.1967612725339126,0.79464251811408
25909,LOF,0.03880946210783153,0.0757066750120968,0.8854838628800716
25910,LOF,0.017238180282096168,0.09793150938937324,0.8848303103285307
25911,LOF,0.1617174583926771,0.07716057058695096,0.761121971020372
25912,LOF,0.12358251783521838,0.024282496065699384,0.8521349860990822
25913,LOF,0.012698205737723733,0.08132963654507944,0.9059721577171967
25914,LOF,0.04230120479305654,0.03167632694869247,0.9260224682582511
25915,LOF,0.1715204869387856,0.40184560194772057,0.4266339111134939
25916,LOF,0.013348232018964143,0.18565759542732632,0.8009941725537095
25917,LOF,0.06917225456424747,0.03806170604206521,0.8927660393936873
25918,LOF,0.04752480561273014,0.021038168411534115,0.9314370259757356
25919,LOF,0.03908752484132182,0.022127501632422268,0.9387849735262558
25920,LOF,0.3346807614132957,0.2646704822009728,0.40064875638573144
25921,LOF,0.023804569034485475,0.03022852258611621,0.9459669083793982
25922,LOF,0.023454544605340036,0.028199918431805367,0.9483455369628546
25923,LOF,0.44877691543063597,0.018142365805672574,0.5330807187636915
25924,LOF,0.033311116123785345,0.02750550117724816,0.9391833826989664
25925,LOF,0.12318369423418586,0.03880776432436526,0.838008541441449
25926,LOF,0.10188136209085227,0.02774931786180802,0.8703693200473397
25927,LOF,0.027205751970660864,0.05383847680710759,0.9189557712222316
25928,LOF,0.018165946011275087,0.017017014305354575,0.9648170396833703
25929,Neutral,0.5787633718878656,0.017659910541677867,0.40357671757045654
25930,LOF,0.062206339366275086,0.016658702594469933,0.9211349580392549
25931,LOF,0.017685706744943443,0.018698043711619962,0.9636162495434365
25932,LOF,0.08115322393883584,0.013201302893478931,0.9056454731676853
25933,LOF,0.09586655137040022,0.008617485129542237,0.8955159635000576
25934,LOF,0.08040836299322399,0.010315078396880362,0.9092765586098958
25935,LOF,0.11692574336590955,0.028909489814378745,0.8541647668197117
25936,LOF,0.09494863531195129,0.009150773971489345,0.8959005907165594
25937,LOF,0.01819869162080422,0.01923163933809974,0.9625696690410961
25938,LOF,0.11831537503649972,0.025998466583624744,0.8556861583798756
25939,LOF,0.06161395964743026,0.015706150977630094,0.9226798893749397
25940,LOF,0.009423115053800415,0.49209043395197033,0.4984864509942293
25941,Neutral,0.5039687014888276,0.147863215866344,0.34816808264482846
25942,LOF,0.0074656605552657265,0.18341288892558652,0.8091214505191477
25943,GOF,0.027471699140665516,0.5617863388416052,0.4107419620177292
25944,LOF,0.03129614906663183,0.4506246801376766,0.5180791707956915
25945,LOF,0.12275139442359327,0.10733865940895458,0.7699099461674521
25946,LOF,0.09803653928167551,0.060614814655117324,0.8413486460632071
25947,Neutral,0.48012793876657534,0.19587084092396512,0.32400122030945955
25948,Neutral,0.5158069337357395,0.02212980350918313,0.46206326275507725
25949,LOF,0.09254643468213838,0.06217051425802934,0.8452830510598324
25950,GOF,0.05786618514134817,0.7488068332136962,0.1933269816449556
25951,GOF,0.01568541984151923,0.5025376529737337,0.48177692718474724
25952,LOF,0.13521330973354678,0.3729465972214183,0.4918400930450348
25953,LOF,0.006729115290069611,0.4118661843079399,0.5814047004019904
25954,GOF,0.051241547070177536,0.5543798497603033,0.3943786031695191
25955,LOF,0.007386641566680454,0.3472399325750879,0.6453734258582315
25956,LOF,0.009981633673677947,0.2478068882904309,0.742211478035891
25957,LOF,0.21084614182538414,0.02188813191135933,0.7672657262632565
25958,LOF,0.026815986139040838,0.0550359214974643,0.9181480923634949
25959,GOF,0.005347168311479382,0.6100844264883564,0.3845684052001642
25960,LOF,0.005073226397349709,0.10550382602959145,0.889422947573059
25961,LOF,0.025805117663951938,0.056312014058493544,0.9178828682775545
25962,LOF,0.04024216909446042,0.13879046292033462,0.8209673679852051
25963,LOF,0.009591381616519906,0.29691319152038564,0.6934954268630945
25964,LOF,0.04769052163960947,0.10804209647683846,0.8442673818835521
25965,LOF,0.13463802210653408,0.24311526889372176,0.6222467089997442
25966,LOF,0.33375565272139457,0.18065359478207557,0.48559075249653
25967,LOF,0.008691873577717814,0.05840631275164379,0.9329018136706383
25968,LOF,0.054544451251762834,0.2664467825058618,0.6790087662423754
25969,LOF,0.12487169594060608,0.05877298823467629,0.8163553158247177
25970,LOF,0.04364117122829511,0.16022564830162342,0.7961331804700815
25971,LOF,0.060744558835274735,0.07942973603521139,0.859825705129514
25972,LOF,0.059115254238804225,0.10282506810617738,0.8380596776550184
25973,LOF,0.09037747157135759,0.00963158027920881,0.8999909481494336
25974,LOF,0.07000655082570867,0.0649507259174147,0.8650427232568766
25975,LOF,0.03238875484177572,0.013425749982916336,0.9541854951753079
25976,LOF,0.09670053494349358,0.010991458539843166,0.8923080065166633
25977,LOF,0.1994338924595306,0.07124580425678875,0.7293203032836807
25978,LOF,0.1645880050714261,0.11814785894740591,0.717264135981168
25979,LOF,0.12568190960753595,0.11811915747983952,0.7561989329126245
25980,LOF,0.18295784808458423,0.22851921534025696,0.5885229365751589
25981,LOF,0.18578995210557728,0.2360691451393824,0.5781409027550404
25982,LOF,0.2734540735498439,0.11363766591350727,0.6129082605366488
25983,Neutral,0.4685829214151679,0.1140994045821432,0.4173176740026888
25984,LOF,0.05097321759497957,0.18421607413501828,0.7648107082700022
25985,Neutral,0.4549661188722425,0.2537466349225597,0.29128724620519786
25986,GOF,0.009755174011851405,0.5340801453379336,0.45616468065021504
25987,LOF,0.026988975726516064,0.11303564027233375,0.8599753840011503
25988,LOF,0.038492736978814154,0.27311257004710365,0.6883946929740822
25989,LOF,0.04309988213060613,0.292191196398685,0.6647089214707089
25990,LOF,0.0439629579228248,0.4297956389989567,0.5262414030782184
25991,GOF,0.030776655809216773,0.6157262269918021,0.35349711719898114
25992,LOF,0.014839691300050271,0.3873946270125152,0.5977656816874345
25993,LOF,0.02833967161425094,0.09479507768293866,0.8768652507028104
25994,LOF,0.033450984403322885,0.1044259867399554,0.8621230288567217
25995,LOF,0.02010546440618012,0.19179262269921138,0.7881019128946085
25996,GOF,0.33712671689892615,0.5154230455926753,0.14745023750839856
25997,GOF,0.0630889644652273,0.6754200837948662,0.2614909517399065
25998,LOF,0.2544098348786428,0.0426344483993561,0.7029557167220011
25999,LOF,0.030049689672668627,0.42104267495526354,0.5489076353720678
26000,LOF,0.15234564618349522,0.022873698224696214,0.8247806555918086
26001,LOF,0.1502776611918168,0.0372751285157561,0.8124472102924271
26002,LOF,0.10054736065861786,0.028914448537192602,0.8705381908041896
26003,GOF,0.007407827215336352,0.5707011552720623,0.42189101751260133
26004,GOF,0.01673705051237465,0.5716906680996194,0.41157228138800583
26005,LOF,0.00552714124163356,0.47478905740302896,0.5196838013553374
26006,GOF,0.10706358220637655,0.5501961646886598,0.34274025310496375
26007,GOF,0.00938147177704076,0.5554214160481736,0.4351971121747857
26008,GOF,0.007005533255877149,0.6091611717495481,0.3838332949945748
26009,GOF,0.013506039928248672,0.6568310431571635,0.32966291691458777
26010,GOF,0.010340416833585098,0.5387205904988444,0.4509389926675706
26011,LOF,0.006623903160349184,0.43002821671646774,0.5633478801231832
26012,GOF,0.006305058225367727,0.5693629450657636,0.4243319967088686
26013,LOF,0.011561736839679104,0.481506109237138,0.5069321539231829
26014,LOF,0.05264366888073782,0.0898698228956859,0.8574865082235763
26015,LOF,0.3695874560126371,0.06322555375799753,0.5671869902293655
26016,LOF,0.26318964936327305,0.15385206138689722,0.5829582892498298
26017,LOF,0.01558033330521354,0.4475145566871828,0.5369051100076038
26018,LOF,0.01911375371487281,0.1854117127134238,0.7954745335717035
26019,LOF,0.019012671719359997,0.15723433978760387,0.823752988493036
26020,LOF,0.006545408797388089,0.42210399828140427,0.5713505929212076
26021,LOF,0.08062554817476462,0.27829632857465697,0.6410781232505784
26022,LOF,0.046524832939449555,0.07485154839899562,0.8786236186615548
26023,LOF,0.0282818236879039,0.14178072318000987,0.8299374531320861
26024,LOF,0.04836207072427317,0.18683396779241976,0.7648039614833071
26025,LOF,0.14510771930867258,0.17070234296576128,0.6841899377255661
26026,LOF,0.13728231222790285,0.11286316388859507,0.749854523883502
26027,LOF,0.028714352463279566,0.09022405780726948,0.881061589729451
26028,LOF,0.0714160921497542,0.2494517214248017,0.679132186425444
26029,LOF,0.037680979138594146,0.11243984624564035,0.8498791746157655
26030,LOF,0.13689918387748318,0.008709468795809461,0.8543913473267074
26031,LOF,0.01729059515403461,0.11637832476844794,0.8663310800775174
26032,LOF,0.02842929559199071,0.017800709554114082,0.9537699948538951
26033,LOF,0.044017827311510035,0.033177664366741605,0.9228045083217484
26034,LOF,0.026256565872654146,0.07168793591827559,0.9020554982090703
26035,LOF,0.014683218384722705,0.08986654683561192,0.8954502347796655
26036,LOF,0.014061218507544656,0.07399482641179038,0.9119439550806648
26037,LOF,0.013451373930142197,0.07147088919361959,0.9150777368762383
26038,LOF,0.024852608904892926,0.017587438099622345,0.9575599529954848
26039,LOF,0.035330246841293884,0.10580147101459624,0.8588682821441099
26040,LOF,0.06942614659303328,0.15668785804317945,0.7738859953637873
26041,LOF,0.015958775478755873,0.08459614804075373,0.8994450764804904
26042,LOF,0.014609615875339103,0.09280127391272222,0.8925891102119387
26043,LOF,0.024195234142582848,0.03669824682739877,0.9391065190300183
26044,LOF,0.009420430668479064,0.031846594766606603,0.9587329745649142
26045,LOF,0.08818128743559897,0.2050288050825438,0.7067899074818572
26046,LOF,0.023597427766754286,0.03961268707349727,0.9367898851597486
26047,LOF,0.057222619501610776,0.032737119453386865,0.9100402610450024
26048,LOF,0.08498805255148743,0.017483103906140815,0.8975288435423717
26049,Neutral,0.9321864602905686,0.004681206230055316,0.06313233347937607
26050,Neutral,0.8843462023520947,0.005643060598710694,0.11001073704919456
26051,LOF,0.03229883283536977,0.2676532982168551,0.7000478689477752
26052,LOF,0.03621767959457785,0.18480390792496365,0.7789784124804585
26053,LOF,0.029809268004339442,0.06523678668571553,0.9049539453099451
26054,LOF,0.04847387192876448,0.09198828177373965,0.859537846297496
26055,LOF,0.052347695665388175,0.08216113425759758,0.8654911700770143
26056,LOF,0.049072258620337705,0.08607251355140348,0.8648552278282587
26057,LOF,0.04401219315444731,0.02099539360635305,0.9349924132391996
26058,LOF,0.04926949472820429,0.016757833813869135,0.9339726714579266
26059,LOF,0.23433547051185222,0.11893419159072265,0.6467303378974252
26060,LOF,0.01926350925807011,0.242698984943733,0.7380375057981969
26061,LOF,0.01330692912036562,0.013396900270411245,0.9732961706092231
26062,LOF,0.0062549635397985345,0.0234799179999726,0.9702651184602289
26063,LOF,0.04144491291354478,0.01871557547380104,0.9398395116126541
26064,LOF,0.008554962301924231,0.01724449031520046,0.9742005473828753
26065,LOF,0.0452323407100409,0.023201889019695943,0.9315657702702631
26066,LOF,0.041673236075105924,0.01732319920059654,0.9410035647242975
26067,LOF,0.04902068431721478,0.016716776715767684,0.9342625389670175
26068,LOF,0.04601626931089354,0.058572473625509235,0.8954112570635973
26069,LOF,0.15571878857424698,0.054268796279537235,0.7900124151462158
26070,LOF,0.37375881382576703,0.032957052303371946,0.5932841338708609
26071,LOF,0.04654077581993103,0.022412207001420978,0.931047017178648
26072,LOF,0.007930511518884678,0.025373521001748552,0.9666959674793667
26073,LOF,0.04824267772443259,0.01763337464202222,0.9341239476335452
26074,Neutral,0.688389603087208,0.02557413535960395,0.28603626155318806
26075,LOF,0.03516965397381164,0.04373335985050512,0.9210969861756834
26076,LOF,0.05189438687394267,0.02399788670718715,0.9241077264188703
26077,LOF,0.15799212314667777,0.024465907421322076,0.8175419694320002
26078,LOF,0.006675074589953524,0.029899587506288898,0.9634253379037576
26079,LOF,0.05015031847788798,0.04310654275992761,0.9067431387621845
26080,LOF,0.04894563555217451,0.04338739368024744,0.907666970767578
26081,LOF,0.046581625486876575,0.017026679445089364,0.936391695068034
26082,LOF,0.007735197412736793,0.025539101366215296,0.9667257012210478
26083,LOF,0.04158342824107931,0.04442299378980244,0.9139935779691183
26084,LOF,0.06983095132990358,0.02231071936041878,0.9078583293096777
26085,LOF,0.06043071092764884,0.019926070662337852,0.9196432184100132
26086,LOF,0.03728645759255817,0.028404873235977783,0.9343086691714639
26087,LOF,0.04466123224470337,0.023542437746255432,0.9317963300090412
26088,LOF,0.007577819142598859,0.04984479561803991,0.9425773852393612
26089,LOF,0.033040183729992754,0.0641501242736284,0.9028096919963788
26090,LOF,0.03226019428794288,0.05355088825172516,0.914188917460332
26091,LOF,0.035411216550613904,0.018497295219274127,0.9460914882301119
26092,LOF,0.044919795540747695,0.017519072021007744,0.9375611324382446
26093,LOF,0.06509306163808473,0.011316084919137558,0.9235908534427777
26094,LOF,0.042783379124834084,0.017552188515579627,0.9396644323595863
26095,LOF,0.011962454262641078,0.035419430384143934,0.952618115353215
26096,LOF,0.29565590251367463,0.0060349070846306314,0.6983091904016947
26097,LOF,0.006841783971220331,0.06450826352381243,0.9286499525049672
26098,LOF,0.05321876400617117,0.04591288440721627,0.9008683515866125
26099,LOF,0.043428894588192046,0.0572135040554758,0.8993576013563322
26100,LOF,0.043428894588192046,0.0572135040554758,0.8993576013563322
26101,LOF,0.04179010269918263,0.06938138351956016,0.8888285137812573
26102,LOF,0.03747690473451075,0.02812122887206527,0.9344018663934239
26103,Neutral,0.857005857987876,0.059268134908722445,0.08372600710340161
26104,LOF,0.04130030605567106,0.11608655243868057,0.8426131415056485
26105,LOF,0.22071656982445395,0.2894019853099606,0.4898814448655854
26106,LOF,0.25916194672708637,0.16707408223348807,0.5737639710394256
26107,LOF,0.013112869077150513,0.21872013896797698,0.7681669919548726
26108,LOF,0.15642442487029254,0.20562918332417304,0.6379463918055344
26109,LOF,0.056738011657668105,0.034755772123877586,0.9085062162184544
26110,Neutral,0.5097036087229858,0.028799077203471673,0.4614973140735425
26111,LOF,0.056471443179986466,0.2339957710377366,0.7095327857822769
26112,LOF,0.06161308085199627,0.02667068519450872,0.9117162339534951
26113,LOF,0.06369769686633046,0.05126284212097047,0.8850394610126991
26114,LOF,0.10607590485256106,0.01876260605739491,0.8751614890900441
26115,LOF,0.01757418009584345,0.1344429372722147,0.8479828826319419
26116,LOF,0.06087707802084461,0.05093752435624169,0.8881853976229138
26117,LOF,0.2850115471576486,0.06849982511740767,0.6464886277249438
26118,LOF,0.04007139207287698,0.02659789094129742,0.9333307169858257
26119,LOF,0.005609024186008885,0.09882202346229924,0.8955689523516919
26120,LOF,0.029608689002279562,0.023886340307485435,0.946504970690235
26121,LOF,0.0038890024867470007,0.12176872101917552,0.8743422764940775
