feature0,prediction,LoGoFunc_Neutral,LoGoFunc_GOF,LoGoFunc_LOF
25546,Neutral,0.77472305751582,0.028945559299426923,0.19633138318475302
25547,Neutral,0.6234775978143916,0.05983681663974975,0.3166855855458587
25548,Neutral,0.6111227109838915,0.04205580425731702,0.34682148475879143
25549,Neutral,0.5296879373592256,0.043203778226830615,0.4271082844139438
25550,LOF,0.3801544701037609,0.10397399254432456,0.5158715373519145
25551,LOF,0.32584722373949226,0.1177610360364452,0.5563917402240626
25552,LOF,0.20460250277583994,0.12109430322293369,0.6743031940012264
25553,Neutral,0.8308869769428672,0.031383320904946825,0.13772970215218605
25554,LOF,0.2515778926903868,0.11765376359169395,0.6307683437179192
25555,LOF,0.19607556118904265,0.09744871170711555,0.7064757271038418
25556,LOF,0.43556323296179483,0.09923362414055592,0.46520314289764925
25557,LOF,0.18734311496452805,0.10763787498788732,0.7050190100475847
25558,LOF,0.24341544709468352,0.11835580664308135,0.6382287462622351
25559,LOF,0.37264561853072947,0.059020057271344704,0.5683343241979258
25560,LOF,0.0580294193934629,0.19013170403806373,0.7518388765684734
25561,LOF,0.11402627747301668,0.2239882392248376,0.6619854833021458
25562,LOF,0.11001017474297607,0.08053667636900508,0.8094531488880188
25563,LOF,0.10588411797937716,0.10163486687482202,0.7924810151458007
25564,LOF,0.15752769383878182,0.1714337650829801,0.6710385410782381
25565,LOF,0.1282636468676944,0.17119524553325083,0.7005411075990547
25566,GOF,0.016753914842227952,0.7569520702789709,0.2262940148788011
25567,LOF,0.014185288499316212,0.12798391064898762,0.8578308008516963
25568,LOF,0.05448579960336223,0.05854135481455305,0.8869728455820848
25569,LOF,0.06649182181436748,0.059462802532523,0.8740453756531096
25570,LOF,0.06929822871300932,0.09495468258152664,0.8357470887054641
25571,LOF,0.06788307286956642,0.0908718352128874,0.8412450919175463
25572,LOF,0.07663193128612172,0.1342082537165382,0.7891598149973401
25573,LOF,0.033032901809419035,0.09185129021467711,0.8751158079759038
25574,LOF,0.018862543636648948,0.14331377067722667,0.8378236856861245
25575,LOF,0.05059993308599255,0.10380272218896121,0.8455973447250463
25576,LOF,0.021571481967301607,0.11888253498349605,0.8595459830492024
25577,LOF,0.01636089008418193,0.13298463161386967,0.8506544783019485
25578,LOF,0.23244229391306467,0.08397693560471198,0.6835807704822233
25579,LOF,0.2341117852898003,0.08355449430530315,0.6823337204048965
25580,LOF,0.036232471708795774,0.08553123363146037,0.8782362946597438
25581,LOF,0.05463736967887501,0.062114827129869,0.883247803191256
25582,LOF,0.054111391194144993,0.0604299132744227,0.8854586955314324
25583,LOF,0.04642807535463854,0.09955570420666639,0.854016220438695
25584,LOF,0.4456258679806502,0.08330219563373567,0.4710719363856142
25585,LOF,0.0339769962961887,0.10102309655584843,0.8649999071479628
25586,LOF,0.039734345007246166,0.07698696846181503,0.8832786865309388
25587,LOF,0.03650189309661224,0.07603586516515658,0.8874622417382311
25588,LOF,0.03878909538268378,0.10159168638112803,0.8596192182361883
25589,Neutral,0.5918079767039163,0.10214195869345016,0.3060500646026335
25590,LOF,0.030790790320530177,0.12474556257943788,0.844463647100032
25591,LOF,0.1324175485836489,0.047968305091541374,0.8196141463248098
25592,LOF,0.10194216130382548,0.13296311781997855,0.7650947208761959
25593,LOF,0.017616702984136152,0.23172353818508853,0.7506597588307753
25594,LOF,0.038664647105949586,0.18718527541186827,0.7741500774821822
25595,LOF,0.061256949593291025,0.12973607003606877,0.8090069803706402
25596,LOF,0.0584508169731614,0.10657208473284632,0.8349770982939922
25597,LOF,0.05726056610521362,0.06940893787721095,0.8733304960175754
25598,LOF,0.05076556632123864,0.1683437132880642,0.7808907203906972
25599,GOF,0.00695840694826261,0.7776169399511991,0.21542465310053838
25600,GOF,0.010259425568398489,0.5449484599769124,0.44479211445468914
25601,LOF,0.007361215427396112,0.4638238561106014,0.5288149284620024
25602,LOF,0.023442553843110402,0.05307537070233804,0.9234820754545515
25603,LOF,0.03429612874537428,0.03874819720561237,0.9269556740490134
25604,LOF,0.0450988373117531,0.05831254923899095,0.8965886134492559
25605,LOF,0.011358537550134246,0.23858065715741578,0.7500608052924499
25606,LOF,0.06377652628706343,0.46721478940763894,0.46900868430529746
25607,LOF,0.004042255118959896,0.14953149678671004,0.84642624809433
25608,LOF,0.06915683799361802,0.06492106899476127,0.8659220930116206
25609,LOF,0.05516324819959009,0.3961627062186984,0.5486740455817115
25610,LOF,0.04830903614142963,0.0314737925340161,0.9202171713245543
25611,LOF,0.056749091481645954,0.03136177783244115,0.9118891306859129
25612,LOF,0.12218441869139804,0.056355485552533724,0.8214600957560683
25613,LOF,0.09817454566529386,0.0457581205693521,0.856067333765354
25614,LOF,0.039728960918954004,0.040966632857351006,0.919304406223695
25615,LOF,0.06185699494744,0.04202681235453935,0.8961161926980207
25616,LOF,0.04059605703942399,0.041601830645719574,0.9178021123148565
25617,LOF,0.03885620236035733,0.04869985942867836,0.9124439382109643
25618,LOF,0.24781886411851817,0.04057265867780918,0.7116084772036726
25619,LOF,0.04069197967388992,0.03514956182041815,0.9241584585056919
25620,LOF,0.04570030480258364,0.04674771826056287,0.9075519769368534
25621,LOF,0.035310486438997396,0.03434153890773382,0.9303479746532688
25622,LOF,0.032894399718722205,0.04706255132982864,0.9200430489514492
25623,LOF,0.06711949673949834,0.0360616404798375,0.896818862780664
25624,LOF,0.032783812196148086,0.0510232170789731,0.9161929707248788
25625,LOF,0.04076985693804149,0.05559676938765174,0.9036333736743067
25626,LOF,0.09396990382354345,0.035962783411517665,0.8700673127649389
25627,Neutral,0.5818608439151391,0.0852905932408835,0.33284856284397746
25628,LOF,0.2005458532510124,0.045593465848350924,0.7538606809006366
25629,LOF,0.09181428853836883,0.11453570325358202,0.7936500082080491
25630,LOF,0.2002256843459965,0.09428403506395566,0.7054902805900478
25631,Neutral,0.6161008593459253,0.06290713085838837,0.3209920097956862
25632,LOF,0.025595660545030843,0.092931685914496,0.8814726535404732
25633,LOF,0.24075511533218072,0.09706658255687366,0.6621783021109456
25634,LOF,0.03806096057236863,0.10828052746999285,0.8536585119576385
25635,LOF,0.047805999694855626,0.09115438940824802,0.8610396108968963
25636,GOF,0.006492133765330731,0.6723220761949703,0.321185790039699
25637,GOF,0.005186672989168828,0.5487895841547626,0.44602374285606855
25638,LOF,0.009558795851012209,0.4534982132460597,0.5369429909029281
25639,LOF,0.005334810706145143,0.4213961437821013,0.5732690455117536
25640,GOF,0.3653883285706581,0.5928285060137283,0.04178316541561364
25641,LOF,0.006368845339736442,0.3657025693286644,0.6279285853315991
25642,LOF,0.2636435119238124,0.08490388951172816,0.6514525985644595
25643,LOF,0.18458455087863082,0.33692554300272604,0.47848990611864317
25644,GOF,0.029680030974316554,0.6604305301319568,0.30988943889372667
25645,GOF,0.022123892879900426,0.5993077140761895,0.37856839304390993
25646,LOF,0.02604693343955089,0.4420057107690426,0.5319473557914065
25647,LOF,0.018526189177258675,0.3239323263903149,0.6575414844324263
25648,LOF,0.015138076265812978,0.3538987228426733,0.6309632008915137
25649,LOF,0.014494193953922417,0.26402746875763466,0.7214783372884428
25650,GOF,0.044111589190435924,0.6479187851926622,0.3079696256169019
25651,LOF,0.013122380141249158,0.30222842099228847,0.6846491988664622
25652,LOF,0.02141327070151497,0.32722210879035757,0.6513646205081276
25653,GOF,0.09578729973043656,0.5675895545378054,0.336623145731758
25654,LOF,0.014733573791274384,0.34017027063734906,0.6450961555713766
25655,GOF,0.11487100926773362,0.4805719067365949,0.4045570839956714
25656,LOF,0.053208738326298535,0.08901145561586851,0.857779806057833
25657,LOF,0.29867516228936075,0.03809300453247204,0.6632318331781671
25658,LOF,0.031536321813050244,0.15552117926686437,0.8129424989200853
25659,LOF,0.19877121560646943,0.08113923661577042,0.7200895477777601
25660,LOF,0.0998108974665499,0.09438597810135278,0.8058031244320972
25661,LOF,0.07672801030395174,0.068743101001473,0.8545288886945753
25662,LOF,0.03455220476201434,0.04568615043380898,0.9197616448041768
25663,LOF,0.04235018583089429,0.0763525964523915,0.8812972177167142
25664,LOF,0.03199276909098525,0.1300531844880152,0.8379540464209995
25665,LOF,0.05248245577045255,0.05742449149748054,0.890093052732067
25666,LOF,0.040462517883157835,0.17710799920526654,0.7824294829115757
25667,LOF,0.031669420201020065,0.06021279290716899,0.908117786891811
25668,LOF,0.041491682437448836,0.059620057260255724,0.8988882603022954
25669,LOF,0.04928257367652905,0.0954471836165158,0.8552702427069552
25670,LOF,0.14045853280066178,0.09347066487563614,0.7660708023237021
25671,LOF,0.04150065134942626,0.05411540051793411,0.9043839481326397
25672,LOF,0.053329325697667136,0.07878300538584977,0.8678876689164832
25673,LOF,0.03990000331855307,0.08275330828256779,0.8773466883988792
25674,LOF,0.029381528811740464,0.0964742589543757,0.8741442122338838
25675,LOF,0.038011467815896156,0.08160105911664217,0.8803874730674618
25676,LOF,0.03357306616335553,0.06550656368864058,0.9009203701480039
25677,LOF,0.08529022880391583,0.05615314585041138,0.8585566253456729
25678,LOF,0.15467127181377752,0.04591107473709468,0.7994176534491279
25679,LOF,0.10410071076940734,0.07255062696575595,0.8233486622648366
25680,LOF,0.08957729479816393,0.0864268628050818,0.8239958423967542
25681,LOF,0.10245988335436473,0.08302847550169194,0.8145116411439434
25682,LOF,0.05411245848188821,0.07013047309987114,0.8757570684182406
25683,LOF,0.07317088940825785,0.10666539767875624,0.8201637129129858
25684,LOF,0.06449901408359295,0.07126325127806375,0.8642377346383434
25685,LOF,0.11008382584834776,0.051006233751455576,0.8389099404001967
25686,LOF,0.03597707548729074,0.11954593792259562,0.8444769865901135
25687,LOF,0.07012865519940994,0.10344156579058754,0.8264297790100026
25688,LOF,0.01789056156007618,0.08360927935728357,0.8985001590826402
25689,LOF,0.01613827151139619,0.045573018408837145,0.9382887100797667
25690,LOF,0.016491891018398853,0.05421524697923298,0.9292928620023682
25691,LOF,0.10972310310371751,0.08295806199537988,0.8073188349009026
25692,LOF,0.17240848029622743,0.011577120801421616,0.816014398902351
25693,LOF,0.044310434976462545,0.13729182108865293,0.8183977439348845
25694,LOF,0.26983089030288415,0.01523997352575683,0.7149291361713589
25695,LOF,0.213279789425113,0.02242092438412536,0.7642992861907616
25696,LOF,0.1475298608277605,0.01750113512530017,0.8349690040469394
25697,LOF,0.12164441431954218,0.03804299931575274,0.8403125863647051
25698,LOF,0.02420189908428184,0.3033672010944833,0.6724308998212348
25699,LOF,0.09617285112373708,0.09526354775831622,0.8085636011179468
25700,LOF,0.034104689756286034,0.017623443632270266,0.9482718666114437
25701,LOF,0.016488798975897213,0.08967897579608904,0.8938322252280138
25702,GOF,0.024144268082144968,0.7226651072205916,0.25319062469726344
25703,LOF,0.014573828224102586,0.22112554334560217,0.7643006284302952
25704,LOF,0.09010727271861359,0.19905927929370154,0.7108334479876848
25705,LOF,0.10287048073320093,0.283607190758571,0.613522328508228
25706,GOF,0.020299125484293124,0.6272805954889683,0.35242027902673856
25707,GOF,0.0245347827852734,0.622487979265219,0.35297723794950747
25708,GOF,0.008562903702580648,0.6026013983023906,0.38883569799502876
25709,LOF,0.025769318573886327,0.098232113520536,0.8759985679055776
25710,LOF,0.005426317835858993,0.2620075867642103,0.7325660953999308
25711,LOF,0.030246035411550666,0.1544968207060231,0.8152571438824262
25712,LOF,0.006872158056686334,0.33366339504640297,0.6594644468969106
25713,LOF,0.024933608368129176,0.1356562435754508,0.83941014805642
25714,LOF,0.028946623911774133,0.17798974958840816,0.7930636264998177
25715,LOF,0.030804940700668252,0.1590766167127023,0.8101184425866294
25716,LOF,0.008973255659544611,0.17800259348238887,0.8130241508580665
25717,LOF,0.0056048434664530645,0.19019164119857154,0.8042035153349754
25718,LOF,0.02689763513532096,0.11739867582848842,0.8557036890361908
25719,LOF,0.03840759580315885,0.12878812718163876,0.8328042770152023
25720,LOF,0.03656832824135523,0.12825114733272322,0.8351805244259215
25721,LOF,0.03164285375330189,0.11765560865364853,0.8507015375930497
25722,LOF,0.01977913545917381,0.15604395128680665,0.8241769132540195
25723,LOF,0.030824282636467137,0.10803356971241586,0.8611421476511171
25724,LOF,0.027916814054643573,0.20594430146266507,0.7661388844826913
25725,LOF,0.03046962214618123,0.1087337877358011,0.8607965901180177
25726,LOF,0.01961835644809215,0.14572789199721606,0.8346537515546919
25727,LOF,0.027206255035821626,0.14575647754210877,0.8270372674220696
25728,LOF,0.028834420347805405,0.12641568069214038,0.8447498989600543
25729,LOF,0.028333621155641486,0.14601790438585738,0.8256484744585012
25730,LOF,0.032404862886174474,0.10403044504460951,0.8635646920692159
25731,LOF,0.010615350361404315,0.2518838350924697,0.737500814546126
25732,LOF,0.023077563871312774,0.1216115488571021,0.855310887271585
25733,LOF,0.03742116282392005,0.12348420712241116,0.8390946300536689
25734,LOF,0.006340159879649046,0.33275613512494495,0.660903704995406
25735,LOF,0.026722426682604338,0.10090594711741363,0.872371626199982
25736,LOF,0.0243665535160743,0.17139466769509967,0.8042387787888261
25737,LOF,0.05964663002677898,0.15715130810246417,0.7832020618707568
25738,LOF,0.027027364446819503,0.18530240710372844,0.787670228449452
25739,LOF,0.03311410830730982,0.15972372235145402,0.8071621693412362
25740,LOF,0.03474495991854576,0.17744505573432376,0.7878099843471303
25741,LOF,0.04109337953299071,0.15302659877864105,0.8058800216883683
25742,LOF,0.05155983484132912,0.15136349280273223,0.7970766723559386
25743,LOF,0.012189185542062038,0.022212558569928854,0.9655982558880091
25744,LOF,0.21558424499021214,0.2601494829197417,0.5242662720900462
25745,LOF,0.050666590581972155,0.05899861316416104,0.8903347962538668
25746,LOF,0.017978922075882312,0.09124104527724992,0.8907800326468677
25747,LOF,0.03671478832074663,0.02320697201470628,0.9400782396645471
25748,LOF,0.2881629741434467,0.046904645537739646,0.6649323803188136
25749,LOF,0.016182877227639905,0.047114820296331884,0.9367023024760283
25750,LOF,0.02461574032543501,0.051586380911796535,0.9237978787627683
25751,LOF,0.03967533580428174,0.0439476966395248,0.9163769675561935
25752,GOF,0.0677492836125964,0.7404574569678349,0.19179325941956876
25753,LOF,0.006524907661769297,0.4078925926018374,0.5855824997363934
25754,GOF,0.00773141199724914,0.8898818785189909,0.10238670948375991
25755,LOF,0.005565995503316635,0.45234579724296003,0.5420882072537233
25756,LOF,0.024499318813547655,0.4503802437429927,0.5251204374434597
25757,GOF,0.008381312587926537,0.8795128737080674,0.11210581370400603
25758,GOF,0.009102507348223729,0.884708075463443,0.10618941718833341
25759,GOF,0.005765137536508274,0.688921003179721,0.3053138592837707
25760,LOF,0.005375734955679967,0.3661979930149263,0.6284262720293938
25761,GOF,0.046102383138466284,0.8510709533376792,0.10282666352385446
25762,LOF,0.027600051712672408,0.4014795879722214,0.5709203603151062
25763,LOF,0.00583556452991734,0.317801578170449,0.6763628572996336
25764,GOF,0.04934141955230533,0.6691089514610992,0.2815496289865955
25765,GOF,0.00830263349459131,0.8926819513772587,0.0990154151281499
25766,GOF,0.05037784247641415,0.8269040305559583,0.12271812696762761
25767,GOF,0.02176691864919449,0.5015712123165027,0.4766618690343029
25768,LOF,0.059682221961710726,0.05031462807022643,0.8900031499680628
25769,LOF,0.03446859824559891,0.08927195264393392,0.8762594491104672
25770,LOF,0.17987024173286625,0.08377651583955671,0.736353242427577
25771,LOF,0.017457258897518053,0.06487783536082158,0.9176649057416604
25772,LOF,0.033405899643984785,0.026403183992513457,0.9401909163635018
25773,LOF,0.019871151765561413,0.07303128286969571,0.9070975653647428
25774,LOF,0.029576604690035594,0.11301433266468806,0.8574090626452763
25775,LOF,0.021165376032043638,0.038750070005932356,0.940084553962024
25776,LOF,0.035526732739893416,0.021669688160271802,0.9428035790998347
25777,LOF,0.30635512780869645,0.06994809444796281,0.6236967777433406
25778,LOF,0.026954283339525962,0.04954382440442922,0.9235018922560448
25779,GOF,0.08388450790665766,0.8469891268604527,0.06912636523288959
25780,GOF,0.11125405892884656,0.8263080197553258,0.06243792131582773
25781,GOF,0.041154276939866036,0.8340650081734502,0.12478071488668387
25782,GOF,0.047077762524685984,0.8803475052032759,0.07257473227203808
25783,GOF,0.0475667923182035,0.8978255996951682,0.05460760798662827
25784,GOF,0.1365220034938543,0.8065027893539535,0.05697520715219225
25785,GOF,0.14385855106570158,0.8138016993714654,0.042339749562833165
25786,GOF,0.013796593731526753,0.8607976033417815,0.12540580292669173
25787,GOF,0.28588966993206205,0.6641443478942227,0.04996598217371525
25788,LOF,0.018739272254367736,0.13961104092459184,0.8416496868210404
25789,GOF,0.02547410713961179,0.8250128818387417,0.14951301102164638
25790,GOF,0.0386266161728989,0.8477190063877929,0.1136543774393082
25791,GOF,0.038064123064862385,0.7076041126320393,0.25433176430309845
25792,GOF,0.04433763384594133,0.7529637402728216,0.2026986258812371
25793,GOF,0.06232626249637439,0.8010278525147607,0.13664588498886482
25794,GOF,0.0703456145376716,0.7014023910915486,0.22825199437077992
25795,GOF,0.07036717557572418,0.6974735180695216,0.2321593063547541
25796,GOF,0.1687276651931962,0.7340487554228392,0.09722357938396455
25797,GOF,0.12473527413232574,0.6878898084336073,0.18737491743406706
25798,GOF,0.008464616950236727,0.712908277422439,0.2786271056273242
25799,GOF,0.004964057728799017,0.6084725628265586,0.3865633794446424
25800,GOF,0.032480907238819016,0.7907643615313661,0.17675473122981492
25801,GOF,0.02872015757076474,0.8763481106765509,0.09493173175268434
25802,GOF,0.03764076399327612,0.7570736882459039,0.20528554776081992
25803,GOF,0.02978514336424759,0.668907241931787,0.3013076147039655
25804,GOF,0.04500321299560857,0.7202416525678459,0.23475513443654558
25805,GOF,0.04190798985596557,0.7346689782728822,0.2234230318711523
25806,GOF,0.05879470023164766,0.7536308136846813,0.18757448608367092
25807,GOF,0.01736477757918363,0.699743305351766,0.28289191706905026
25808,GOF,0.032712681895875,0.7294159012083455,0.23787141689577956
25809,GOF,0.014835760982072243,0.6591650954724474,0.32599914354548043
25810,GOF,0.013007581479969938,0.6407399247989455,0.34625249372108463
25811,GOF,0.07373209830324619,0.8419183668347,0.08434953486205389
25812,GOF,0.038550912066859254,0.7181327787908521,0.24331630914228858
25813,GOF,0.18940171531285332,0.7185501736533674,0.0920481110337793
25814,GOF,0.040435754911777436,0.7329964771098335,0.226567767978389
25815,GOF,0.07816162043470402,0.7957794120182702,0.12605896754702592
25816,GOF,0.013396801816369474,0.8465111858877907,0.14009201229583987
25817,GOF,0.14882817602248555,0.7423430074599371,0.10882881651757735
25818,GOF,0.03843586629986645,0.7345733903235596,0.22699074337657393
25819,GOF,0.06823036458071575,0.7144883457972044,0.21728128962207988
25820,GOF,0.06639870296477594,0.6629474752419616,0.27065382179326236
25821,GOF,0.04453808548149151,0.7160307349381115,0.23943117958039686
25822,GOF,0.08685608755412787,0.6623230136275564,0.2508208988183157
25823,GOF,0.035990426924866155,0.6486803967973449,0.31532917627778895
25824,GOF,0.042165750696960845,0.7305759630770963,0.2272582862259429
25825,GOF,0.03426762150453508,0.717160655461462,0.24857172303400285
25826,GOF,0.015729210865954524,0.6564353338152511,0.3278354553187944
25827,GOF,0.020308596882783615,0.665040733447476,0.31465066966974037
25828,GOF,0.015102130278121064,0.6859802202735358,0.2989176494483432
25829,GOF,0.005109929693633609,0.6196153468885319,0.37527472341783447
25830,LOF,0.04849604681886129,0.46625831564306813,0.4852456375380707
25831,GOF,0.07483368132538434,0.760472478216947,0.16469384045766886
25832,GOF,0.014047635339107762,0.686732963110643,0.29921940155024923
25833,GOF,0.051517216744618996,0.7572106855671435,0.1912720976882375
25834,GOF,0.014534118601623227,0.7013380963953558,0.2841277850030208
25835,GOF,0.03315023187229488,0.7598562065551714,0.20699356157253368
25836,GOF,0.00920238960927878,0.6685600883392809,0.32223752205144035
25837,GOF,0.01352922463088583,0.6933495369697963,0.29312123839931775
25838,GOF,0.037534467446268885,0.7734967686531969,0.18896876390053416
25839,GOF,0.10301970230240523,0.7428187172609227,0.15416158043667194
25840,GOF,0.14185467490826822,0.694436673501328,0.16370865159040368
25841,GOF,0.1338095130178289,0.7386645607491203,0.12752592623305078
25842,GOF,0.03934470252992082,0.8314205183761698,0.12923477909390943
25843,GOF,0.040236191329167295,0.8416888306620703,0.11807497800876246
25844,GOF,0.028286269046749687,0.7609906519413168,0.21072307901193343
25845,GOF,0.008169558265076834,0.6588231807057373,0.33300726102918576
25846,GOF,0.08337528966520122,0.7972601155014175,0.11936459483338117
25847,GOF,0.024441731023218883,0.8372064925232326,0.13835177645354838
25848,GOF,0.0348898901175127,0.7885405584477165,0.1765695514347708
25849,GOF,0.010224507810367685,0.7646875861499599,0.22508790603967244
25850,GOF,0.008545027428575573,0.6526931357245471,0.3387618368468773
25851,GOF,0.00817029302232332,0.6022585639085549,0.38957114306912166
25852,GOF,0.18024638696917863,0.5036598353365613,0.31609377769426006
25853,GOF,0.08367086201119503,0.7480198304683413,0.16830930752046372
25854,GOF,0.007539013110037644,0.6340734283030842,0.3583875585868781
25855,GOF,0.026640636403115838,0.6135467307558914,0.35981263284099263
25856,GOF,0.0540361258414634,0.6887394377482953,0.25722443641024145
25857,GOF,0.026740222921914747,0.6109562990084858,0.36230347806959945
25858,GOF,0.01221593062490077,0.5721927765169809,0.41559129285811824
25859,GOF,0.008938026664566804,0.545853937957598,0.44520803537783515
25860,GOF,0.10005813282938775,0.7118241525840634,0.18811771458654886
25861,GOF,0.13330310533807863,0.732621174865546,0.13407571979637536
25862,GOF,0.030443618586660524,0.8521395912382163,0.11741679017512319
25863,GOF,0.027276005892520817,0.8448812236663062,0.12784277044117287
25864,GOF,0.07540111372214554,0.8403360254718567,0.08426286080599772
25865,GOF,0.06514021752565095,0.7980825012677776,0.1367772812065714
25866,GOF,0.032545564092011675,0.812447172709386,0.15500726319860236
25867,GOF,0.05550119227409874,0.8101968640696693,0.13430194365623185
25868,GOF,0.09285584347741199,0.7318802772820542,0.17526387924053374
25869,Neutral,0.44804245265467885,0.433732650016891,0.11822489732843022
25870,GOF,0.08686814762125908,0.4902307820880643,0.42290107029067653
25871,GOF,0.01172132089561487,0.8023377702595683,0.1859409088448168
25872,GOF,0.030800576226776274,0.7691084323951791,0.2000909913780444
25873,GOF,0.027394714534182508,0.8353039576739404,0.13730132779187704
25874,LOF,0.019743683025475304,0.1566582786576317,0.8235980383168929
25875,LOF,0.023901835954249377,0.11189688680884373,0.8642012772369069
25876,LOF,0.019990632585150336,0.06961162049092844,0.9103977469239212
25877,LOF,0.09423605313312951,0.22096081475002002,0.6848031321168505
25878,LOF,0.07568339291728121,0.2559166793135008,0.668399927769218
25879,LOF,0.011064500916778002,0.18857240890932314,0.8003630901738988
25880,LOF,0.07342334087214991,0.021136077154335728,0.9054405819735143
25881,Neutral,0.5587003418164116,0.09307853110949851,0.34822112707408986
25882,LOF,0.07375950907098862,0.02444279627834294,0.9017976946506684
25883,LOF,0.03173849949184602,0.025634446625724318,0.9426270538824297
25884,LOF,0.01988566956175577,0.035314633705225466,0.9447996967330187
25885,LOF,0.1859096527256953,0.01198151586752831,0.8021088314067764
25886,LOF,0.26212686110786065,0.04906221363701722,0.6888109252551222
25887,LOF,0.08700384096789188,0.1138502578189075,0.7991459012132005
25888,LOF,0.008665519018079508,0.15494760091424312,0.8363868800676774
25889,LOF,0.028536886725284854,0.03221839030369788,0.9392447229710172
25890,LOF,0.20279304572754722,0.06355570092522973,0.733651253347223
25891,LOF,0.11585177037062191,0.02944168408205815,0.8547065455473198
25892,LOF,0.008631075415590531,0.029400592544547587,0.961968332039862
25893,LOF,0.3286884372889652,0.01008196543097667,0.6612295972800581
25894,LOF,0.340536930238289,0.006992753181255923,0.6524703165804552
25895,LOF,0.2787096253000568,0.013094628910220146,0.7081957457897231
25896,LOF,0.08791298778876316,0.027309615832700182,0.8847773963785367
25897,LOF,0.13672013198724497,0.011826048060980742,0.8514538199517743
25898,LOF,0.12236047959799015,0.02966983990807971,0.8479696804939301
25899,LOF,0.430933300656337,0.0344405870884953,0.5346261122551678
25900,Neutral,0.661728067529677,0.012222464035539985,0.32604946843478305
25901,LOF,0.1046896703926444,0.012186664336792333,0.8831236652705634
25902,LOF,0.10522240886232473,0.016204863996511765,0.8785727271411635
25903,LOF,0.2030448871588222,0.027341113087591528,0.7696139997535862
25904,Neutral,0.5534648847578177,0.0412210280616992,0.40531408718048295
25905,LOF,0.007291534267277672,0.38688016357576566,0.6058283021569567
25906,LOF,0.009438620540271973,0.06722735150260481,0.9233340279571233
25907,LOF,0.009249031498596879,0.2192497840760131,0.77150118442539
25908,LOF,0.008928204116809951,0.22062876694933475,0.7704430289338554
25909,LOF,0.031151385399376397,0.08654811682001667,0.8823004977806069
25910,LOF,0.012297259352945086,0.16770231811666833,0.8200004225303865
25911,LOF,0.17767402661874843,0.02672432745869521,0.7956016459225564
25912,LOF,0.11023189895477203,0.01933926238230383,0.8704288386629241
25913,LOF,0.019036755460689933,0.029169715921738542,0.9517935286175715
25914,LOF,0.04453341413981147,0.027518560980193035,0.9279480248799956
25915,LOF,0.17077065178606796,0.17118199843263804,0.658047349781294
25916,LOF,0.013319960802717247,0.10059658367900733,0.8860834555182755
25917,LOF,0.08477609791950257,0.027507671219670113,0.8877162308608274
25918,LOF,0.042718140270813484,0.01512541680086708,0.9421564429283195
25919,LOF,0.03527848180892694,0.01536996912369347,0.9493515490673796
25920,LOF,0.3538257980831894,0.17155698516725632,0.47461721674955426
25921,LOF,0.019758914932648596,0.019107823178376414,0.9611332618889751
25922,LOF,0.01749970715008588,0.020224235088272716,0.9622760577616415
25923,LOF,0.4593673433478654,0.01123348907037441,0.5293991675817603
25924,LOF,0.028734816304108138,0.020495028989566056,0.9507701547063259
25925,LOF,0.12293544800799194,0.026305207760269723,0.8507593442317383
25926,LOF,0.09983139491443574,0.019008425937295247,0.881160179148269
25927,LOF,0.026876852754511276,0.037946531795851716,0.9351766154496369
25928,LOF,0.014950627086813158,0.027359255047784865,0.957690117865402
25929,Neutral,0.5968646857219256,0.011089319345386376,0.39204599493268805
25930,LOF,0.10202137398166201,0.011761980185493688,0.8862166458328442
25931,LOF,0.016633271336747114,0.017963112752872552,0.9654036159103805
25932,LOF,0.09339791931261604,0.014402851375162612,0.8921992293122213
25933,LOF,0.09557966292815032,0.009206827624055737,0.8952135094477939
25934,LOF,0.09433685553602189,0.006992843656986101,0.898670300806992
25935,LOF,0.12123959307583582,0.0199800283427382,0.8587803785814259
25936,LOF,0.11458393266002911,0.008713487671609075,0.876702579668362
25937,LOF,0.02443844096654253,0.013381188119383925,0.9621803709140736
25938,LOF,0.1228681470813421,0.01741629772090408,0.8597155551977539
25939,LOF,0.07716254645259378,0.012071714939608597,0.9107657386077976
25940,GOF,0.01201223541329181,0.532510934532003,0.4554768300547051
25941,LOF,0.4625468850455794,0.04086996303153995,0.4965831519228806
25942,LOF,0.010926405066065712,0.04598416315116078,0.9430894317827735
25943,LOF,0.04801432167847794,0.19517032182206842,0.7568153564994536
25944,LOF,0.052810964266112266,0.09961508661857905,0.8475739491153087
25945,LOF,0.1731484957520929,0.030931942140328017,0.795919562107579
25946,LOF,0.08579213692670623,0.03520562082443534,0.8790022422488585
25947,Neutral,0.48254472126020465,0.1398191208327303,0.37763615790706506
25948,LOF,0.3673036739726293,0.0132860335371384,0.6194102924902323
25949,LOF,0.1406511088381255,0.0700469072238746,0.7893019839379998
25950,GOF,0.11062678168006308,0.5455158817303619,0.343857336589575
25951,LOF,0.011376414886548522,0.43891940292955417,0.5497041821838974
25952,LOF,0.1819735313693002,0.22937201669406282,0.588654451936637
25953,LOF,0.008567028105569951,0.3242949699060504,0.6671380019883797
25954,GOF,0.09037583886701027,0.4599620077288435,0.4496621534041463
25955,LOF,0.010253757209730891,0.2529511304171901,0.736795112373079
25956,LOF,0.01045794400620441,0.34375216796261576,0.6457898880311799
25957,LOF,0.1651969383368382,0.04462364462034435,0.7901794170428175
25958,LOF,0.03182715141757379,0.06311587753436407,0.9050569710480622
25959,GOF,0.006837748390623433,0.7487892368962232,0.2443730147131534
25960,LOF,0.005022369718831009,0.12583705297752468,0.8691405773036444
25961,LOF,0.028584694998449827,0.05112832663274816,0.920286978368802
25962,LOF,0.032174688846349275,0.09187183178422852,0.8759534793694222
25963,LOF,0.009258517965175109,0.12745613614753856,0.8632853458872863
25964,LOF,0.043739221407639445,0.12134675422229976,0.8349140243700607
25965,LOF,0.18402544716630098,0.15297594581588345,0.6629986070178154
25966,LOF,0.30616323425453046,0.10642301390717135,0.5874137518382982
25967,LOF,0.006900711030367646,0.09688598010802209,0.8962133088616103
25968,LOF,0.05066762928507509,0.27309693572140964,0.6762354349935152
25969,LOF,0.13447607345016285,0.05670899588776915,0.808814930662068
25970,LOF,0.06197668317211905,0.056604318048351296,0.8814189987795296
25971,LOF,0.06719596744269381,0.029260020232142015,0.9035440123251641
25972,LOF,0.0839252706759683,0.05051002473997538,0.8655647045840564
25973,LOF,0.05688842948555919,0.009247512509924413,0.9338640580045164
25974,LOF,0.05314597021181908,0.045932284851233636,0.9009217449369473
25975,LOF,0.03634413223625523,0.015288403517595266,0.9483674642461496
25976,LOF,0.09043109500508487,0.010964706676138605,0.8986041983187766
25977,LOF,0.2284818344193744,0.05814085586320901,0.7133773097174166
25978,LOF,0.15377271348409757,0.15516062074249845,0.6910666657734039
25979,LOF,0.11846442591031775,0.16259361613910628,0.718941957950576
25980,LOF,0.1925008505924782,0.2582855384134116,0.5492136109941101
25981,LOF,0.19385261658794511,0.2623960139260156,0.5437513694860393
25982,LOF,0.34340318897527417,0.12104494120142656,0.5355518698232993
25983,LOF,0.4291450172486024,0.1166797731640813,0.45417520958731633
25984,LOF,0.07607856810302262,0.08740109469582683,0.8365203372011506
25985,Neutral,0.4676967945819685,0.1322526421853058,0.40005056323272575
25986,LOF,0.01580492999675451,0.46770970617798224,0.5164853638252633
25987,LOF,0.04130453694244288,0.09485357423728119,0.8638418888202759
25988,LOF,0.07132858472806858,0.14489349145528646,0.783777923816645
25989,LOF,0.07529807821378326,0.22508911217932126,0.6996128096068954
25990,LOF,0.05903268691317556,0.352575350625709,0.5883919624611155
25991,GOF,0.024381337275249045,0.5138427940274566,0.46177586869729426
25992,LOF,0.012228489998502443,0.4132240304860048,0.5745474795154927
25993,LOF,0.018382949797549362,0.06259129508047874,0.9190257551219719
25994,LOF,0.027876032093056887,0.06630653076415069,0.9058174371427924
25995,LOF,0.016994607334235263,0.12164183326183162,0.8613635594039332
25996,GOF,0.34959263003168695,0.41159219560968513,0.23881517435862787
25997,GOF,0.0600965002797958,0.5042294927059181,0.43567400701428605
25998,LOF,0.2519820516753345,0.03548921501657315,0.7125287333080923
25999,LOF,0.02416026132868816,0.322210733629274,0.6536290050420378
26000,LOF,0.1474433956026444,0.014461309092563346,0.8380952953047922
26001,LOF,0.1618240619087608,0.021466818398343062,0.8167091196928962
26002,LOF,0.09754710614945805,0.024509463293648653,0.8779434305568934
26003,GOF,0.0066353683230942215,0.5518397861062424,0.4415248455706634
26004,GOF,0.019781751347380284,0.5198055735573968,0.460412675095223
26005,LOF,0.005368930213991267,0.4467849303331278,0.5478461394528809
26006,LOF,0.11781728052495742,0.42935962129893657,0.4528230981761059
26007,LOF,0.010765611582321501,0.4646229240621405,0.524611464355538
26008,GOF,0.007213461290560235,0.5386406818485543,0.45414585686088554
26009,GOF,0.012118816628884609,0.5671020716980366,0.42077911167307885
26010,GOF,0.01077438226788097,0.5185627043773965,0.4706629133547225
26011,LOF,0.005400830756181469,0.3621900862451835,0.6324090829986351
26012,LOF,0.005625623394980453,0.4808282793908808,0.5135460972141387
26013,GOF,0.01173122690796204,0.5232300803593406,0.4650386927326973
26014,LOF,0.04120020888641146,0.07430149012167374,0.8844983009919148
26015,LOF,0.3896427883146296,0.02288211888255057,0.5874750928028198
26016,LOF,0.2669338518984805,0.02592391928989052,0.7071422288116289
26017,LOF,0.017629180789771635,0.12020967297808675,0.8621611462321416
26018,LOF,0.03352665110664201,0.05682731592160188,0.9096460329717561
26019,LOF,0.03322246709558514,0.048457358741308715,0.9183201741631062
26020,LOF,0.00655726508153232,0.1190109312462977,0.8744318036721699
26021,LOF,0.07481757182896123,0.052475123332695287,0.8727073048383435
26022,LOF,0.038291937365184936,0.023799495446255193,0.9379085671885599
26023,LOF,0.024569860307082414,0.034176868520465975,0.9412532711724516
26024,LOF,0.046855899311763316,0.04134448825300807,0.9117996124352287
26025,LOF,0.13543242834716324,0.035953494532589,0.8286140771202477
26026,LOF,0.12443012115713252,0.029418754780789008,0.8461511240620785
26027,LOF,0.03239582472732366,0.022399442374934943,0.9452047328977413
26028,LOF,0.06266892626970808,0.17584030179049653,0.7614907719397954
26029,LOF,0.0276946644586486,0.1954176379104296,0.7768876976309218
26030,LOF,0.11362585116484519,0.027333351241739693,0.8590407975934151
26031,LOF,0.012503702081382885,0.17800259319007056,0.8094937047285465
26032,LOF,0.03708904676148642,0.05773496020970861,0.9051759930288049
26033,LOF,0.0352964669367527,0.053019285078732166,0.9116842479845151
26034,LOF,0.017801773665076678,0.12530024827953043,0.8568979780553929
26035,LOF,0.011516509198861415,0.12860975934808191,0.8598737314530567
26036,LOF,0.01057991491699968,0.1074852583656362,0.881934826717364
26037,LOF,0.010396450880543591,0.12137106209971775,0.8682324870197385
26038,LOF,0.031356603184472136,0.05106126301492376,0.9175821338006042
26039,LOF,0.03014423606395046,0.15725453254894617,0.8126012313871034
26040,LOF,0.0786218422381579,0.14475547168529027,0.7766226860765517
26041,LOF,0.011910717385599515,0.1132110107464815,0.8748782718679191
26042,LOF,0.011060815598830626,0.11897485462108111,0.8699643297800882
26043,LOF,0.030850834450144877,0.07933569852999159,0.8898134670198635
26044,LOF,0.006541855568724894,0.05990216610600572,0.9335559783252695
26045,LOF,0.08615778621222253,0.21022458291242066,0.7036176308753568
26046,LOF,0.02743858006177371,0.052618531073509285,0.919942888864717
26047,LOF,0.05808316438360255,0.053609983047059086,0.8883068525693384
26048,LOF,0.08504176201931274,0.021550413863340747,0.8934078241173465
26049,Neutral,0.9423417084426324,0.007194511504567519,0.05046378005279994
26050,Neutral,0.9088847552972691,0.008230604578650094,0.08288464012408078
26051,LOF,0.026789312995154496,0.27545190007199216,0.6977587869328533
26052,LOF,0.03296266021805555,0.2362186013335628,0.7308187384483816
26053,LOF,0.017847256942588662,0.19231261777800276,0.7898401252794086
26054,LOF,0.05613551622759253,0.04697978593123912,0.8968846978411683
26055,LOF,0.0799032615364351,0.0485723180362858,0.8715244204272791
26056,LOF,0.0676541318915311,0.060587678276953785,0.8717581898315152
26057,LOF,0.06696201635958762,0.02835693867959596,0.9046810449608164
26058,LOF,0.07545282220825301,0.021828583421041825,0.9027185943707052
26059,LOF,0.21630973999176348,0.06473010156505225,0.7189601584431844
26060,LOF,0.01548661082146676,0.23232349526041834,0.7521898939181149
26061,LOF,0.010361458086729395,0.01823818601351725,0.9714003558997533
26062,LOF,0.005690129931964982,0.026571941037986057,0.967737929030049
26063,LOF,0.04839168878028613,0.020058838138941836,0.931549473080772
26064,LOF,0.012824542134542323,0.027308210246554356,0.9598672476189034
26065,LOF,0.06729725085103166,0.026023560685077187,0.9066791884638911
26066,LOF,0.04831611473497468,0.01937377836436432,0.9323101069006609
26067,LOF,0.058174740876321136,0.01738738800014182,0.9244378711235371
26068,LOF,0.05432654279310172,0.039126522981830524,0.9065469342250677
26069,LOF,0.17053794216156923,0.04173127487084065,0.7877307829675902
26070,LOF,0.3709445662642816,0.02536158043946774,0.6036938532962506
26071,LOF,0.04910262494933103,0.02006841485839588,0.930828960192273
26072,LOF,0.006417377110120184,0.03286789330151031,0.9607147295883696
26073,LOF,0.04385846591191643,0.024425617119576536,0.931715916968507
26074,Neutral,0.6673075753599799,0.016875587514330395,0.31581683712568986
26075,LOF,0.04601245601196772,0.031780676535629514,0.9222068674524028
26076,LOF,0.048228320701736035,0.01944039983773749,0.9323312794605264
26077,LOF,0.17173856786919153,0.013459621645259958,0.8148018104855485
26078,LOF,0.006491667199422356,0.029030762212205144,0.9644775705883725
26079,LOF,0.06217871468220264,0.03167759716070619,0.9061436881570911
26080,LOF,0.06123980006384832,0.031900943873523054,0.9068592560626286
26081,LOF,0.04373219460738988,0.017058738969505247,0.9392090664231048
26082,LOF,0.0065366565592923824,0.030468181628600433,0.9629951618121071
26083,LOF,0.11018143667735229,0.03371349904796436,0.8561050642746835
26084,LOF,0.1281511400082145,0.03069639005202068,0.8411524699397647
26085,LOF,0.12063405411010551,0.023748750856750687,0.8556171950331438
26086,LOF,0.04497737368024713,0.021277356047587778,0.933745270272165
26087,LOF,0.04492623076536452,0.019735591315324243,0.9353381779193113
26088,LOF,0.006913900658348032,0.044769659468365516,0.9483164398732864
26089,LOF,0.04181711572025362,0.053237711388294015,0.9049451728914523
26090,LOF,0.043087247411340256,0.039743134177515044,0.9171696184111446
26091,LOF,0.03207946852004726,0.015419978382852785,0.9525005530971
26092,LOF,0.045994137489640596,0.016389441675818642,0.9376164208345408
26093,LOF,0.06777438829450386,0.01152724745652036,0.9206983642489759
26094,LOF,0.03715239740324774,0.013312108616630852,0.9495354939801215
26095,LOF,0.010796758817627726,0.035236028843970625,0.9539672123384016
26096,LOF,0.24471350037192102,0.0073057077300296355,0.7479807918980492
26097,LOF,0.006215526850773167,0.0603197909133896,0.9334646822358372
26098,LOF,0.052959420182337284,0.028728532214032907,0.9183120476036297
26099,LOF,0.04747273851514939,0.03574864571826159,0.9167786157665889
26100,LOF,0.04746985374028695,0.035746473381089564,0.9167836728786235
26101,LOF,0.047779430808495886,0.055887385494080184,0.8963331836974239
26102,LOF,0.038198061427131766,0.02946746588545902,0.9323344726874092
26103,Neutral,0.8948724040152108,0.03853354114811903,0.06659405483667002
26104,LOF,0.057833498383422575,0.05406512105944633,0.8881013805571311
26105,LOF,0.2322344619211182,0.11137641262540354,0.6563891254534783
26106,LOF,0.2680626675608915,0.04207524496669307,0.6898620874724154
26107,LOF,0.016920681628566664,0.05548284085530197,0.9275964775161314
26108,LOF,0.1733286489711914,0.05018068562977656,0.7764906653990321
26109,LOF,0.054695630924965793,0.05142227975450345,0.8938820893205308
26110,LOF,0.41290702934300866,0.012716070851510297,0.574376899805481
26111,LOF,0.056352842202410616,0.06421570262078069,0.8794314551768087
26112,LOF,0.06410159201814378,0.010637712591210588,0.9252606953906457
26113,LOF,0.1179972003063061,0.029018305517016018,0.852984494176678
26114,LOF,0.09605989579569141,0.00778666213665913,0.8961534420676494
26115,LOF,0.017352736621046635,0.06480915177584515,0.9178381116031082
26116,LOF,0.07703339965825332,0.02246767228952953,0.9004989280522171
26117,LOF,0.38160147708008907,0.03609475445030793,0.582303768469603
26118,LOF,0.03704265582501503,0.016757578764021078,0.9461997654109638
26119,LOF,0.006107966008407209,0.07795150258719394,0.9159405314043989
26120,LOF,0.032368835653794586,0.015081916980139925,0.9525492473660655
26121,LOF,0.004547411421329425,0.11071824271230124,0.8847343458663693
