feature0,prediction,LoGoFunc_Neutral,LoGoFunc_GOF,LoGoFunc_LOF
25546,Neutral,0.7566441326699942,0.0322643992142437,0.21109146811576207
25547,Neutral,0.5877651980933102,0.07813435724393164,0.33410044466275823
25548,Neutral,0.553368506420457,0.0563522402202714,0.39027925335927166
25549,Neutral,0.4777594469423757,0.055559467977911496,0.4666810850797128
25550,LOF,0.3339532415834727,0.11558491139158496,0.5504618470249423
25551,LOF,0.28566187229842815,0.12779255149023538,0.5865455762113364
25552,LOF,0.19655438979496645,0.11778281934030035,0.6856627908647331
25553,Neutral,0.834009491205897,0.03098391455638274,0.13500659423772024
25554,LOF,0.22415954679224703,0.10891038173029924,0.6669300714774538
25555,LOF,0.18469597670527332,0.08953677093528245,0.7257672523594442
25556,LOF,0.389829999606027,0.09853648048953338,0.5116335199044396
25557,LOF,0.1789610917961621,0.10117014189335374,0.7198687663104841
25558,LOF,0.21598843517077718,0.11283834090048883,0.6711732239287339
25559,LOF,0.4221117821411685,0.08293005840366578,0.49495815945516564
25560,LOF,0.0542342697117557,0.1683630266614284,0.777402703626816
25561,LOF,0.10021938064158731,0.19033637000073667,0.709444249357676
25562,LOF,0.11655426350422857,0.08062463842216326,0.8028210980736082
25563,LOF,0.1071272101241495,0.0850505233057914,0.807822266570059
25564,LOF,0.17018461536537008,0.15817823478094192,0.6716371498536879
25565,LOF,0.14862202800545207,0.11269197397254076,0.7386859980220073
25566,GOF,0.013335745296647739,0.7463735241945542,0.24029073050879804
25567,LOF,0.014269493816014708,0.15284060307258202,0.8328899031114033
25568,LOF,0.05082376654314534,0.07299722195087285,0.8761790115059818
25569,LOF,0.06383094115259086,0.0768854385885948,0.8592836202588143
25570,LOF,0.06485586454092777,0.1091729214994192,0.8259712139596531
25571,LOF,0.06207687743420393,0.09940517288168096,0.8385179496841151
25572,LOF,0.06547197405008424,0.1408703689655875,0.7936576569843283
25573,LOF,0.03063388775609146,0.10685904430181173,0.8625070679420968
25574,LOF,0.017499268503870246,0.1709220543351463,0.8115786771609835
25575,LOF,0.05084753154180903,0.12016703519986739,0.8289854332583236
25576,LOF,0.02182697901216389,0.13701134020877764,0.8411616807790585
25577,LOF,0.015459888046001619,0.15434222136327183,0.8301978905907266
25578,LOF,0.235783952991992,0.09962362730906983,0.6645924196989382
25579,LOF,0.23656215625976476,0.09880267914743913,0.6646351645927961
25580,LOF,0.03410200514136424,0.09195787482140247,0.8739401200372332
25581,LOF,0.05078553445805593,0.08248897412094439,0.8667254914209997
25582,LOF,0.05035953870747224,0.08074483690418048,0.8688956243883473
25583,LOF,0.043853271863912344,0.10547663987376657,0.8506700882623212
25584,Neutral,0.4488933864558271,0.1103414364211725,0.4407651771230004
25585,LOF,0.03749395063246561,0.11539391204191374,0.8471121373256207
25586,LOF,0.03830280350960756,0.09125690562614841,0.870440290864244
25587,LOF,0.03565236677045584,0.08644919692948545,0.8778984363000588
25588,LOF,0.037365148709208644,0.11813188913033039,0.844502962160461
25589,Neutral,0.6001891423721378,0.12758286355420842,0.2722279940736538
25590,LOF,0.029048785975657274,0.14597208801290695,0.8249791260114357
25591,LOF,0.11321372749797319,0.06911335578948659,0.8176729167125403
25592,LOF,0.09382260101132713,0.14589491516366493,0.760282483825008
25593,LOF,0.017568004070935506,0.28708236589294217,0.6953496300361224
25594,LOF,0.029529484251132127,0.25102252765261307,0.7194479880962548
25595,LOF,0.04539894015504728,0.19409158552352646,0.7605094743214262
25596,LOF,0.055178116308830044,0.1348024300055501,0.8100194536856198
25597,LOF,0.05779385911565844,0.08951649308722233,0.8526896477971192
25598,LOF,0.034453972149057745,0.2478012113837758,0.7177448164671665
25599,GOF,0.006814950154661664,0.8075834895596401,0.18560156028569832
25600,GOF,0.009858439727249941,0.589809237587686,0.4003323226850641
25601,GOF,0.007695252149776641,0.518427337424095,0.4738774104261285
25602,LOF,0.021211280745491598,0.057204778621362314,0.9215839406331461
25603,LOF,0.035253304124420154,0.04332520021275199,0.9214214956628279
25604,LOF,0.04999117830042959,0.04859980743800379,0.9014090142615666
25605,LOF,0.00927126878352739,0.27083375593083714,0.7198949752856354
25606,LOF,0.0637490517458929,0.4560112241402969,0.4802397241138103
25607,LOF,0.0051018235869960534,0.18903487023126447,0.8058633061817395
25608,LOF,0.06033235861952102,0.04769509894649757,0.8919725424339815
25609,LOF,0.05052545017830656,0.3167447008853109,0.6327298489363826
25610,LOF,0.042374352750961485,0.03389727116391385,0.9237283760851247
25611,LOF,0.04927704443345825,0.033682352837108506,0.9170406027294333
25612,LOF,0.09281326294385994,0.057571200227342294,0.8496155368287976
25613,LOF,0.08201685184138188,0.055423512540536894,0.8625596356180812
25614,LOF,0.034686476399546536,0.044071259253015305,0.9212422643474381
25615,LOF,0.05740798387673142,0.03957558296837013,0.9030164331548985
25616,LOF,0.03602108624753449,0.03975303320495906,0.9242258805475065
25617,LOF,0.03440902540746492,0.04669278712349419,0.9188981874690408
25618,LOF,0.23347407118320648,0.043820751665090814,0.7227051771517027
25619,LOF,0.03340426257578986,0.03923332954554666,0.9273624078786634
25620,LOF,0.04231863760018046,0.05006810883722084,0.9076132535625987
25621,LOF,0.031131662832260446,0.036796576080780984,0.9320717610869584
25622,LOF,0.03074070038676436,0.05144302438239341,0.9178162752308423
25623,LOF,0.06723353452617456,0.03493529996102749,0.8978311655127978
25624,LOF,0.027404493387696273,0.049528231869082985,0.9230672747432207
25625,LOF,0.03532586220850676,0.052027197497524644,0.9126469402939686
25626,LOF,0.06906475992556341,0.04033321720871148,0.8906020228657252
25627,Neutral,0.5657783847282581,0.13869279809932453,0.2955288171724173
25628,LOF,0.1919387368299823,0.07059924858324122,0.7374620145867765
25629,LOF,0.06670429876153035,0.1366322668045015,0.7966634344339683
25630,LOF,0.18022027708078708,0.12400802120445804,0.6957717017147549
25631,Neutral,0.5997652410293546,0.09929071103454261,0.30094404793610285
25632,LOF,0.025595196963925808,0.07856271478986047,0.8958420882462137
25633,LOF,0.2530633387670424,0.09678062665833033,0.6501560345746272
25634,LOF,0.03875542142621121,0.11078481511066225,0.8504597634631265
25635,LOF,0.05076995062324885,0.09420917936127317,0.855020870015478
25636,GOF,0.0052765186180381484,0.55008724426142,0.44463623712054184
25637,LOF,0.004384282978401683,0.48621385116329024,0.509401865858308
25638,LOF,0.008191630411098771,0.4072441426116032,0.584564226977298
25639,LOF,0.004874460002354811,0.3943903960686913,0.600735143928954
25640,GOF,0.43960118144563604,0.5183361972323819,0.042062621321982206
25641,LOF,0.007431972060346142,0.410171680609355,0.5823963473302989
25642,LOF,0.2656786883631534,0.09088889806504326,0.6434324135718034
25643,LOF,0.19059222877510407,0.2926039591871561,0.5168038120377398
25644,LOF,0.030894759313475302,0.4649391644987891,0.5041660761877356
25645,LOF,0.02375137425876643,0.39839124963453154,0.5778573761067021
25646,LOF,0.021233086796053405,0.26176228059399204,0.7170046326099545
25647,LOF,0.01981954501227155,0.2112036429243411,0.7689768120633873
25648,LOF,0.016354058451420784,0.2240336146323081,0.7596123269162711
25649,LOF,0.015221755834336353,0.1668985552463444,0.8178796889193193
25650,LOF,0.04227059002688971,0.44464872069534184,0.5130806892777684
25651,LOF,0.013808537477929296,0.21128977286569403,0.7749016896563767
25652,LOF,0.021353046196681096,0.20652559736036047,0.7721213564429583
25653,LOF,0.0909375556105631,0.33803924102624894,0.571023203363188
25654,LOF,0.017050924764097256,0.1766084626010225,0.8063406126348801
25655,LOF,0.12278137067669864,0.2532435051661579,0.6239751241571435
25656,LOF,0.05909682718525368,0.05912495323585242,0.8817782195788939
25657,LOF,0.3095985688905032,0.026173372617411393,0.6642280584920854
25658,LOF,0.03233325382116242,0.07496715111926437,0.8926995950595731
25659,LOF,0.24371836000003988,0.04992302213216529,0.7063586178677947
25660,LOF,0.08440367528359471,0.10853032375904018,0.807066000957365
25661,LOF,0.06877835427040524,0.07514234647189155,0.8560792992577031
25662,LOF,0.03428757371736565,0.04771771573316048,0.9179947105494739
25663,LOF,0.04448900291211278,0.07697138301642627,0.8785396140714611
25664,LOF,0.029251477800492705,0.09985996698911181,0.8708885552103954
25665,LOF,0.0530374441906472,0.05096663903817142,0.8959959167711814
25666,LOF,0.03873192507249388,0.1465706478089605,0.8146974271185456
25667,LOF,0.032923166751046444,0.05967594626316635,0.9074008869857871
25668,LOF,0.04415711738010209,0.06119412328162101,0.8946487593382768
25669,LOF,0.05007834118224413,0.09721938793925958,0.8527022708784963
25670,LOF,0.14288822405579224,0.07905217962029921,0.7780595963239085
25671,LOF,0.041053893973197295,0.05372044869049128,0.9052256573363114
25672,LOF,0.054603977706687436,0.0789401770680909,0.8664558452252216
25673,LOF,0.03793691048126167,0.07348974278055281,0.8885733467381854
25674,LOF,0.02791548480524737,0.08609779718224597,0.8859867180125066
25675,LOF,0.03693589230074238,0.06806384093865141,0.8950002667606062
25676,LOF,0.0330600047686157,0.07290056355190672,0.8940394316794775
25677,LOF,0.07991877640377344,0.06606842940592539,0.8540127941903011
25678,LOF,0.14248524476753727,0.053032253993949785,0.8044825012385128
25679,LOF,0.09892812706645937,0.08289711982470993,0.8181747531088307
25680,LOF,0.08217904587963977,0.10621617752203058,0.8116047765983296
25681,LOF,0.09214924981945141,0.09873171575914856,0.8091190344214
25682,LOF,0.053783800382019825,0.08164863268340589,0.8645675669345743
25683,LOF,0.0757850754618296,0.11292188934808092,0.8112930351900894
25684,LOF,0.06470823019694308,0.07368650646828186,0.861605263334775
25685,LOF,0.13308710402594498,0.03503544083807888,0.8318774551359761
25686,LOF,0.035612134819295975,0.08647915425869168,0.8779087109220124
25687,LOF,0.06582787099474244,0.07789890977912552,0.856273219226132
25688,LOF,0.021950979588230068,0.1475176237104691,0.8305313967013008
25689,LOF,0.01580102646534767,0.08042856959366633,0.9037704039409861
25690,LOF,0.01682459560148307,0.098878939134792,0.884296465263725
25691,LOF,0.13544758110514246,0.15449372449209597,0.7100586944027615
25692,LOF,0.18562893920851295,0.019727116732402676,0.7946439440590845
25693,LOF,0.042624580593072094,0.16546429938962895,0.7919111200172989
25694,LOF,0.24462797118197416,0.01240969900814376,0.7429623298098821
25695,LOF,0.17676920444471364,0.01794378715677902,0.8052870083985072
25696,LOF,0.15308723904797236,0.009539808178183059,0.8373729527738446
25697,LOF,0.11531276590462637,0.03307343132106839,0.8516138027743052
25698,LOF,0.029542776022062442,0.3439336403782979,0.6265235835996396
25699,LOF,0.08714851583447054,0.10063179261616473,0.8122196915493648
25700,LOF,0.03542868045581823,0.016334044399910434,0.9482372751442714
25701,LOF,0.01752294596595583,0.08078214354433695,0.9016949104897073
25702,GOF,0.027276619836882215,0.7489990968822012,0.2237242832809166
25703,LOF,0.017168065871382306,0.2100321697112823,0.7727997644173354
25704,LOF,0.10339447876259766,0.18777169388352263,0.7088338273538797
25705,LOF,0.09020016139391589,0.29050781750286875,0.6192920211032154
25706,GOF,0.029035938488482963,0.6009848117837265,0.3699792497277905
25707,GOF,0.03096954472148884,0.5962932558048847,0.3727371994736264
25708,GOF,0.0074478857948551925,0.5887646969163416,0.4037874172888032
25709,LOF,0.022544878909199283,0.09763376269133651,0.8798213583994642
25710,LOF,0.005225504708907559,0.2553012179646134,0.739473277326479
25711,LOF,0.02749499115433427,0.14751294345468918,0.8249920653909765
25712,LOF,0.006056027769810456,0.3244501245331692,0.6694938476970204
25713,LOF,0.022271569901056335,0.14252934783487192,0.8351990822640717
25714,LOF,0.025848634438178773,0.18146631020178086,0.7926850553600403
25715,LOF,0.02620567978151427,0.15578034426650963,0.8180139759519761
25716,LOF,0.009054650435724848,0.15658343108320205,0.8343619184810731
25717,LOF,0.0058397746151883706,0.16367615727038423,0.8304840681144275
25718,LOF,0.025545043009153834,0.1085595183466711,0.8658954386441751
25719,LOF,0.032763530350245165,0.1320742431757906,0.8351622264739642
25720,LOF,0.032461771215985924,0.12048600081374282,0.8470522279702712
25721,LOF,0.028608299661355804,0.11482809688759328,0.856563603451051
25722,LOF,0.017663543560620682,0.15999368514419904,0.8223427712951803
25723,LOF,0.029494332956782852,0.10816630853614981,0.8623393585070672
25724,LOF,0.02717253117114644,0.1947990929773851,0.7780283758514686
25725,LOF,0.02731792671317725,0.10911179166294212,0.8635702816238806
25726,LOF,0.018179729732262912,0.1416579921279672,0.84016227813977
25727,LOF,0.025947274931521123,0.13311025593283402,0.8409424691356449
25728,LOF,0.025881834077333122,0.12915404889950513,0.8449641170231617
25729,LOF,0.02422746891656769,0.14070466736646126,0.8350678637169712
25730,LOF,0.02749631758416041,0.09765956214275456,0.874844120273085
25731,LOF,0.009471654033701753,0.20405217607293868,0.7864761698933596
25732,LOF,0.021307907476273532,0.12608515908574847,0.852606933437978
25733,LOF,0.03565252282258855,0.11827515187808928,0.8460723252993223
25734,LOF,0.005717479081374481,0.2918875016426068,0.7023950192760187
25735,LOF,0.023792505466967876,0.10133792210339958,0.8748695724296326
25736,LOF,0.02175502116790043,0.1560877973217477,0.8221571815103518
25737,LOF,0.04755292690610608,0.14804521639810828,0.8044018566957857
25738,LOF,0.023938878622013597,0.18936442447197152,0.786696696906015
25739,LOF,0.027388989276457082,0.16558804771212235,0.8070229630114205
25740,LOF,0.029165721629145668,0.17073638938894553,0.8000978889819088
25741,LOF,0.03377472026529085,0.15013955572162926,0.81608572401308
25742,LOF,0.04537221773543214,0.1589013019823459,0.795726480282222
25743,LOF,0.01309290200358615,0.030878535045610056,0.9560285629508037
25744,LOF,0.14549998862516378,0.3346497677282537,0.5198502436465825
25745,LOF,0.03458655081042358,0.11415251587353896,0.8512609333160375
25746,LOF,0.01459358183672275,0.16973274118725823,0.8156736769760191
25747,LOF,0.03905178165700079,0.02928223945252659,0.9316659788904725
25748,LOF,0.2814226319994615,0.058166337041222316,0.6604110309593162
25749,LOF,0.013062514876672746,0.08958152409061956,0.8973559610327078
25750,LOF,0.018432083996661065,0.0914338390958949,0.890134076907444
25751,LOF,0.04216153778593961,0.052129869808020354,0.90570859240604
25752,GOF,0.08675789084961337,0.724969727360088,0.18827238179029862
25753,LOF,0.006969792206154289,0.38385210341405046,0.6091781043797952
25754,GOF,0.007046400854404845,0.871470168672273,0.12148343047332208
25755,LOF,0.006747009968923901,0.4302228255780151,0.563030164453061
25756,LOF,0.029061178868797395,0.44111121638091116,0.5298276047502914
25757,GOF,0.007873075629116651,0.8707596704589697,0.12136725391191355
25758,GOF,0.008573451647344126,0.8751407595102227,0.11628578884243314
25759,GOF,0.005552212372103429,0.6059969820708296,0.38845080555706696
25760,LOF,0.005499569147115226,0.32623509668352646,0.6682653341693583
25761,GOF,0.04921262165475133,0.8524666391957441,0.09832073914950482
25762,LOF,0.03402803845655754,0.37483702482716874,0.5911349367162737
25763,LOF,0.0062425863740703975,0.2753905137572197,0.71836689986871
25764,GOF,0.056475986106254566,0.6392673779317511,0.30425663596199415
25765,GOF,0.007793919644000025,0.8570552299128608,0.1351508504431391
25766,GOF,0.0475782901181653,0.8223142600451883,0.1301074498366465
25767,GOF,0.014517991411658273,0.5573403905768023,0.42814161801153944
25768,LOF,0.04895476558596443,0.06313955172816176,0.8879056826858739
25769,LOF,0.031514538484032455,0.06937364471368782,0.8991118168022796
25770,LOF,0.12850066461005802,0.05604537210317999,0.8154539632867621
25771,LOF,0.0167525661511046,0.04563922695673888,0.9376082068921565
25772,LOF,0.03209136296916368,0.022648815908267908,0.9452598211225685
25773,LOF,0.02020190001511346,0.04889329757219972,0.9309048024126868
25774,LOF,0.024580119153226748,0.08183337000770599,0.8935865108390673
25775,LOF,0.02085315358705697,0.030322199219233185,0.9488246471937098
25776,LOF,0.03432047129229484,0.01895375861930687,0.9467257700883984
25777,LOF,0.12998852168458627,0.052474697561059255,0.8175367807543544
25778,LOF,0.0240472844610168,0.04481084435607062,0.9311418711829127
25779,GOF,0.04588254148483934,0.8913056337591689,0.06281182475599165
25780,GOF,0.07139296800158261,0.8825450139370966,0.04606201806132087
25781,GOF,0.029961421340926928,0.8725371230124791,0.09750145564659382
25782,GOF,0.028214796693538366,0.9133145063280294,0.05847069697843228
25783,GOF,0.030429378371349847,0.9298522002595185,0.03971842136913148
25784,GOF,0.08441131240656025,0.8691787660401876,0.04640992155325196
25785,GOF,0.0861974348420882,0.874486906996354,0.03931565816155784
25786,GOF,0.010339877554111738,0.8953258693110423,0.09433425313484614
25787,GOF,0.22701197733971343,0.7314314848631637,0.04155653779712293
25788,LOF,0.01781276605715484,0.18629768726772497,0.7958895466751201
25789,GOF,0.01624092923661652,0.8659560754906468,0.11780299527273674
25790,GOF,0.02524926643897223,0.8920805171732679,0.08267021638775976
25791,GOF,0.023613357736554003,0.7881064206607682,0.18828022160267788
25792,GOF,0.027683104932428544,0.8224150568481299,0.14990183821944164
25793,GOF,0.06183900944433662,0.8592496513677021,0.07891133918796125
25794,GOF,0.03672007145898732,0.780958735781433,0.18232119275957967
25795,GOF,0.04903830509713374,0.7582406126414263,0.1927210822614399
25796,GOF,0.09609671672077692,0.8207546414183498,0.08314864186087326
25797,GOF,0.07056333149235809,0.770834278935934,0.15860238957170797
25798,GOF,0.0073404648534322724,0.7817605508786583,0.21089898426790948
25799,GOF,0.0043273387001719005,0.7137842134292577,0.2818884478705704
25800,GOF,0.02680738356332402,0.8453083025250349,0.12788431391164096
25801,GOF,0.021772139913680325,0.9098626735384966,0.06836518654782299
25802,GOF,0.03170806784942472,0.8436723846959806,0.12461954745459479
25803,GOF,0.022780467943949376,0.7337615728895349,0.24345795916651566
25804,GOF,0.036660045272102045,0.7951528734875072,0.16818708124039067
25805,GOF,0.025885880277115005,0.806500615068743,0.1676135046541419
25806,GOF,0.034646110261416944,0.8120226412354098,0.1533312485031732
25807,GOF,0.010992843223423324,0.7829414811517479,0.20606567562482883
25808,GOF,0.020950944757629698,0.7933159596746536,0.18573309556771683
25809,GOF,0.010643110715916134,0.7637502884652746,0.22560660081880934
25810,GOF,0.008811866750647573,0.7385539111703088,0.2526342220790438
25811,GOF,0.05742257051694255,0.8672997103319783,0.07527771915107923
25812,GOF,0.03114939022092025,0.7971136486625049,0.1717369611165749
25813,GOF,0.1468399660299927,0.7842360602163035,0.06892397375370372
25814,GOF,0.031087374060577735,0.8173277173694576,0.15158490856996457
25815,GOF,0.06197636132382081,0.8389801991876108,0.09904343948856846
25816,GOF,0.008966972087430197,0.8827981007697882,0.10823492714278161
25817,GOF,0.10251419503727957,0.8022670839967118,0.09521872096600857
25818,GOF,0.028956215501667236,0.8177843099464509,0.15325947455188202
25819,GOF,0.047286713148442426,0.7712449759053531,0.18146831094620444
25820,GOF,0.03930444575373297,0.737467559419535,0.22322799482673203
25821,GOF,0.027823861157491407,0.7676829436308396,0.20449319521166884
25822,GOF,0.05127626859467127,0.7680603646387222,0.1806633667666065
25823,GOF,0.030193191994154166,0.7532925345875893,0.21651427341825655
25824,GOF,0.031009199099302304,0.8101331886879775,0.15885761221272013
25825,GOF,0.024220497559894926,0.7991031019558551,0.17667640048424982
25826,GOF,0.010784136394198732,0.7680096391002743,0.22120622450552704
25827,GOF,0.014320643491804425,0.6949188220007556,0.29076053450743994
25828,GOF,0.011119027087552287,0.7461916785942896,0.24268929431815828
25829,GOF,0.004224760586165017,0.7056592734884736,0.2901159659253613
25830,GOF,0.044735885554633786,0.5064181349900778,0.44884597945528837
25831,GOF,0.05938336942876591,0.8074912245364692,0.13312540603476491
25832,GOF,0.01088581602500826,0.7743340810596104,0.2147801029153813
25833,GOF,0.039495246338335684,0.8252561580966649,0.1352485955649993
25834,GOF,0.011395716196805745,0.7830140390452321,0.20559024475796217
25835,GOF,0.023820098749753202,0.839309266215241,0.13687063503500596
25836,GOF,0.007602331284491431,0.7707042808647924,0.2216933878507162
25837,GOF,0.010266251428977656,0.7906530841979439,0.19908066437307845
25838,GOF,0.026720323120781347,0.8287976878726713,0.14448198900654735
25839,GOF,0.08321610166308356,0.8045285248759728,0.1122553734609437
25840,GOF,0.0995447966127563,0.7990594774618175,0.10139572592542631
25841,GOF,0.10249064911096399,0.8172796183314238,0.08022973255761225
25842,GOF,0.0333416657701643,0.882662837201405,0.08399549702843069
25843,GOF,0.03501003605385906,0.8861619650876844,0.07882799885845643
25844,GOF,0.023975666387410628,0.8364901827261845,0.13953415088640492
25845,GOF,0.007567975148666375,0.7661341160695224,0.22629790878181102
25846,GOF,0.0784956113399676,0.8263926130391189,0.09511177562091348
25847,GOF,0.021327898063566355,0.8809611802353534,0.09771092170108028
25848,GOF,0.029446093571062756,0.8532969519883186,0.1172569544406188
25849,GOF,0.008749396031858215,0.8430223797645959,0.14822822420354598
25850,GOF,0.007431720410578837,0.759870712416845,0.2326975671725763
25851,GOF,0.0070174278404078584,0.7224429499186832,0.2705396222409089
25852,GOF,0.15136514332962156,0.5847742972824362,0.26386055938794206
25853,GOF,0.057231476248148505,0.8352662737379128,0.1075022500139386
25854,GOF,0.00673166318238624,0.7372960725553649,0.25597226426224884
25855,GOF,0.021084129766472434,0.7168640846449978,0.2620517855885297
25856,GOF,0.03971556100828224,0.788546342637356,0.17173809635436188
25857,GOF,0.020549078730686458,0.7133781158457623,0.26607280542355133
25858,GOF,0.010761908275135184,0.7282533246452918,0.26098476707957313
25859,GOF,0.007832746250931753,0.7147254159138362,0.277441837835232
25860,GOF,0.07573261018909187,0.8074311190516669,0.11683627075924118
25861,GOF,0.10285044667454514,0.8036913068045287,0.09345824652092613
25862,GOF,0.028325519421759458,0.8815182118868756,0.09015626869136477
25863,GOF,0.02379220025771643,0.8822143127768955,0.09399348696538792
25864,GOF,0.06288300216254004,0.885002236738936,0.05211476109852395
25865,GOF,0.05214217134353065,0.8623194122653461,0.08553841639112308
25866,GOF,0.027334342784024985,0.8865501667826068,0.0861154904333682
25867,GOF,0.04935956157498675,0.8743136715712395,0.07632676685377364
25868,GOF,0.07308130444010544,0.8272537472838661,0.09966494827602838
25869,GOF,0.3580453878739431,0.5625241315066288,0.07943048061942806
25870,GOF,0.07734978756472846,0.6090742368692494,0.3135759755660221
25871,GOF,0.01200723029147706,0.8761985414312905,0.11179422827723233
25872,GOF,0.02485517811101248,0.8477215653783872,0.12742325651060035
25873,GOF,0.025164333426215955,0.8864467221562987,0.08838894441748549
25874,LOF,0.018381068881268288,0.2001938832967884,0.7814250478219432
25875,LOF,0.03930360248722733,0.058366914091548754,0.9023294834212239
25876,LOF,0.02322899766409219,0.040777669436597073,0.9359933328993109
25877,LOF,0.11597355928139008,0.08696544294578275,0.7970609977728271
25878,LOF,0.09580314178438526,0.13995203441546247,0.7642448238001524
25879,LOF,0.016182343315250043,0.10314791959808757,0.8806697370866623
25880,LOF,0.07606624042668204,0.015644542627529692,0.9082892169457882
25881,Neutral,0.5525723563804555,0.09163299147599734,0.3557946521435472
25882,LOF,0.06809425658105545,0.028548604096094922,0.9033571393228496
25883,LOF,0.02997946191128032,0.03371067425693779,0.9363098638317819
25884,LOF,0.019673015223432132,0.04893998692139579,0.9313869978551722
25885,LOF,0.19224668722217764,0.014376559950490347,0.793376752827332
25886,LOF,0.2721557928369673,0.06310352644344791,0.6647406807195847
25887,LOF,0.1273347666513805,0.11501147344271517,0.7576537599059043
25888,LOF,0.00796983407138129,0.1639533108554316,0.8280768550731871
25889,LOF,0.027093001595450597,0.04341191829440321,0.9294950801101461
25890,LOF,0.1924046101948601,0.06490397836118843,0.7426914114439516
25891,LOF,0.12794502205593677,0.02666571296287712,0.8453892649811862
25892,LOF,0.009134839795905382,0.035367400642743,0.9554977595613516
25893,LOF,0.4166886915500252,0.009571918177455034,0.5737393902725197
25894,LOF,0.38865246881445104,0.006775430444907827,0.6045721007406412
25895,LOF,0.324424870835438,0.01407938223225135,0.6614957469323107
25896,LOF,0.0744203592998612,0.03091812080082975,0.8946615198993091
25897,LOF,0.13169262328652256,0.011805724019514484,0.856501652693963
25898,LOF,0.13737656723117075,0.035926668865673764,0.8266967639031555
25899,LOF,0.411041689099767,0.03030537657009373,0.5586529343301393
25900,Neutral,0.4963513096457059,0.010775071664995205,0.49287361868929896
25901,LOF,0.08902819222719732,0.012370305706972142,0.8986015020658306
25902,LOF,0.09688198725299003,0.014240960172885274,0.8888770525741247
25903,LOF,0.3128538854167392,0.025748560167390636,0.6613975544158702
25904,Neutral,0.5051218984141911,0.04361787912903967,0.4512602224567692
25905,LOF,0.006467571674184901,0.41205216499950786,0.5814802633263072
25906,LOF,0.009069190601915024,0.0839508650845774,0.9069799443135076
25907,LOF,0.008477787247815477,0.28218470847860666,0.7093375042735779
25908,LOF,0.00870481436901706,0.2744058235186093,0.7168893621123736
25909,LOF,0.031835496106104304,0.11307019351161988,0.8550943103822759
25910,LOF,0.01299908780039974,0.15472693327356446,0.8322739789260357
25911,LOF,0.2017445968363886,0.027933544429573097,0.7703218587340382
25912,LOF,0.09934918790700256,0.017635570506351204,0.8830152415866462
25913,LOF,0.024166088654517356,0.03245515327476756,0.9433787580707151
25914,LOF,0.04225571641403559,0.0228922788544224,0.934852004731542
25915,LOF,0.23513103686899672,0.10730252339486782,0.6575664397361355
25916,LOF,0.024393435269060966,0.053202423458065695,0.9224041412728734
25917,LOF,0.0769578821421114,0.022395361158964795,0.9006467566989238
25918,LOF,0.04717002224250612,0.011105753048581952,0.9417242247089119
25919,LOF,0.039802439741483876,0.011002077476976064,0.94919548278154
25920,LOF,0.3367227060721616,0.2828505131042132,0.38042678082362524
25921,LOF,0.017281854964577105,0.020148338276525422,0.9625698067588975
25922,LOF,0.016276436567379936,0.022179090217488838,0.9615444732151313
25923,LOF,0.45577590051720623,0.01680436519846791,0.5274197342843259
25924,LOF,0.030768218902663746,0.02776070940537332,0.9414710716919629
25925,LOF,0.09959224060642564,0.03128383855940058,0.8691239208341739
25926,LOF,0.08552346698622362,0.022262959143418186,0.8922135738703582
25927,LOF,0.026321764237265153,0.04815241367268737,0.9255258220900475
25928,LOF,0.013156180239129605,0.03094917860631912,0.9558946411545513
25929,Neutral,0.5811861362051403,0.016285146111264047,0.40252871768359566
25930,LOF,0.08942709768877861,0.016158821137782515,0.8944140811734389
25931,LOF,0.01521263475820249,0.019268265601454025,0.9655190996403434
25932,LOF,0.08631743060316957,0.01786807219173506,0.8958144972050954
25933,LOF,0.0919640325085718,0.011252313486225478,0.8967836540052027
25934,LOF,0.08628313513313682,0.009290132673847193,0.9044267321930161
25935,LOF,0.09324255368539544,0.027717825234924116,0.8790396210796804
25936,LOF,0.10455625097601332,0.011433945164657938,0.8840098038593288
25937,LOF,0.022569264519431885,0.015615666625866869,0.9618150688547014
25938,LOF,0.09585879184895951,0.024449980182688222,0.8796912279683522
25939,LOF,0.0709268824040205,0.014144383540490656,0.9149287340554889
25940,LOF,0.009642124803270131,0.4824941829645167,0.5078636922322132
25941,LOF,0.40790769790889847,0.03681571777578202,0.5552765843153195
25942,LOF,0.009899433757453896,0.0495299046374366,0.9405706616051095
25943,LOF,0.04981538073817261,0.1367448819236863,0.813439737338141
25944,LOF,0.043060373231356724,0.07074832744250452,0.8861912993261388
25945,LOF,0.15281050206165864,0.025686058584242118,0.8215034393540992
25946,LOF,0.07045525537747917,0.03719816468349377,0.892346579939027
25947,Neutral,0.4732882809963541,0.09800516916064721,0.4287065498429988
25948,LOF,0.3743458029513745,0.01564243711140894,0.6100117599372167
25949,LOF,0.13230253037190207,0.08758981619240772,0.7801076534356902
25950,GOF,0.13018293903629516,0.5426483334052378,0.3271687275584671
25951,LOF,0.018993118124571218,0.4304376339569788,0.55056924791845
25952,LOF,0.20706095522222887,0.2306234872813969,0.5623155574963742
25953,LOF,0.009185784189169838,0.321020389445856,0.6697938263649742
25954,LOF,0.10640132624652765,0.43041612767324205,0.46318254608023024
25955,LOF,0.00959610496731697,0.24846438916114166,0.7419395058715414
25956,LOF,0.01260213798768158,0.3152778911238303,0.6721199708884882
25957,LOF,0.15356338691915827,0.038573364266962146,0.8078632488138796
25958,LOF,0.03314453944775488,0.06609630233615664,0.9007591582160885
25959,GOF,0.00761803363404066,0.762037244796498,0.23034472156946129
25960,LOF,0.004437035813197347,0.1616171793492196,0.833945784837583
25961,LOF,0.03010554472486405,0.052121862063278804,0.9177725932118571
25962,LOF,0.03847299550771449,0.08053525991311697,0.8809917445791685
25963,LOF,0.007815236275056054,0.13747058094038525,0.8547141827845587
25964,LOF,0.03842847852912645,0.1474207669924832,0.8141507544783904
25965,LOF,0.25233870267776537,0.137800792978198,0.6098605043440366
25966,LOF,0.3396739844991438,0.10635368573001996,0.5539723297708361
25967,LOF,0.006431370126907581,0.0851718696409737,0.9083967602321187
25968,LOF,0.040896502735142455,0.2412547500976347,0.7178487471672228
25969,LOF,0.1443213799521291,0.06091160466241053,0.7947670153854604
25970,LOF,0.06747665504777993,0.06774278116365201,0.8647805637885682
25971,LOF,0.06561125430200214,0.03447373323965798,0.8999150124583399
25972,LOF,0.07998705073360007,0.06245041300240219,0.8575625362639978
25973,LOF,0.057329201412093994,0.012835455049345669,0.9298353435385602
25974,LOF,0.04654369555256362,0.047181737764307334,0.906274566683129
25975,LOF,0.0366718699471248,0.01976151888681373,0.9435666111660614
25976,LOF,0.08703509911676038,0.011279182553757969,0.9016857183294816
25977,LOF,0.2506901326274105,0.04954989230279155,0.699759975069798
25978,LOF,0.16895851989451746,0.13149564825446305,0.6995458318510195
25979,LOF,0.13838668581020752,0.14882714677570455,0.7127861674140878
25980,LOF,0.2127291643266477,0.2064332421628248,0.5808375935105276
25981,LOF,0.21408461993760405,0.20949094635143609,0.5764244337109599
25982,LOF,0.35727971243872925,0.10943932495711939,0.5332809626041514
25983,LOF,0.4303425694854195,0.1137215539003827,0.45593587661419777
25984,LOF,0.06134198318950517,0.08915869533398206,0.8494993214765127
25985,Neutral,0.5156891967273332,0.1387476684510127,0.3455631348216542
25986,GOF,0.01281732889651582,0.496951331845125,0.4902313392583591
25987,LOF,0.04103250904981715,0.09978626484681372,0.859181226103369
25988,LOF,0.06266659226614503,0.13942348912354713,0.7979099186103078
25989,LOF,0.07224687471158865,0.2149556179042958,0.7127975073841155
25990,LOF,0.0543949216483445,0.3465062285371852,0.5990988498144703
25991,LOF,0.02789391008408991,0.4266180096261267,0.5454880802897834
25992,LOF,0.01853062369089974,0.38507481655404124,0.596394559755059
25993,LOF,0.02063035482300908,0.052210384374729475,0.9271592608022615
25994,LOF,0.02946387165030279,0.05660809909135646,0.9139280292583408
25995,LOF,0.019568170708664914,0.10318952990897393,0.8772422993823613
25996,GOF,0.3641186822024891,0.3704775634768429,0.26540375432066804
25997,LOF,0.05459631777463944,0.4224750630546386,0.522928619170722
25998,LOF,0.229901012735384,0.0474278547004145,0.7226711325642016
25999,LOF,0.04117781569968814,0.12855807548921874,0.8302641088110931
26000,LOF,0.14724820066208208,0.014688162979908074,0.8380636363580097
26001,LOF,0.21856926168494661,0.02281097250715638,0.758619765807897
26002,LOF,0.09981865601207418,0.027896574206388774,0.872284769781537
26003,GOF,0.005727434042224661,0.6290061696256088,0.36526639633216657
26004,GOF,0.010917378781889392,0.6125075342189035,0.3765750869992071
26005,GOF,0.004477463628151766,0.5042337176980851,0.491288818673763
26006,GOF,0.08503780081131347,0.5520664625734173,0.3628957366152693
26007,GOF,0.007973492603892192,0.5153184193104098,0.4767080880856981
26008,GOF,0.005662071833259015,0.585985043301438,0.4083528848653029
26009,GOF,0.010857180723549908,0.6154515771599071,0.37369124211654287
26010,GOF,0.008203138589155706,0.5821455705922524,0.4096512908185919
26011,LOF,0.004116836271050508,0.42017320384456214,0.5757099598843872
26012,GOF,0.004778613813606436,0.5417270915889061,0.4534942945974875
26013,GOF,0.010458649810189,0.561855394994409,0.42768595519540215
26014,LOF,0.04271779926086652,0.07313582448157586,0.8841463762575577
26015,LOF,0.3709016884728275,0.023636551255622196,0.6054617602715504
26016,LOF,0.2797210208442089,0.03593165295335542,0.6843473262024355
26017,LOF,0.013960685266816996,0.16221774020276097,0.8238215745304219
26018,LOF,0.02765932274816131,0.07881807041092893,0.8935226068409098
26019,LOF,0.02721438585852183,0.07248642686546382,0.9002991872760143
26020,LOF,0.0071383372683947195,0.17800152917595857,0.8148601335556468
26021,LOF,0.0653364020219514,0.07800449626718019,0.8566591017108683
26022,LOF,0.03396943709962309,0.038052531950845826,0.9279780309495311
26023,LOF,0.021632619423414712,0.051286772619457195,0.9270806079571281
26024,LOF,0.038006590057984714,0.060065555919282,0.9019278540227333
26025,LOF,0.11347461074240758,0.06181817308810818,0.8247072161694843
26026,LOF,0.10207867196972589,0.04622105875041452,0.8517002692798595
26027,LOF,0.029514414814448556,0.0314949514862236,0.9389906336993278
26028,LOF,0.06459111677414703,0.15410518658077754,0.7813036966450754
26029,LOF,0.02466843226429268,0.1476872138974647,0.8276443538382426
26030,LOF,0.11857633973903194,0.021678391130427698,0.8597452691305404
26031,LOF,0.011699499330096548,0.13946866001095118,0.8488318406589522
26032,LOF,0.03620775186330574,0.04196509286543185,0.9218271552712624
26033,LOF,0.037713488222884575,0.03966148079454543,0.9226250309825701
26034,LOF,0.01722504110096482,0.10274405126257169,0.8800309076364635
26035,LOF,0.011054913709786757,0.10502856423347488,0.8839165220567383
26036,LOF,0.01055633594470541,0.09050284553546441,0.8989408185198302
26037,LOF,0.009859564152481078,0.09449929297188596,0.895641142875633
26038,LOF,0.03095802983855442,0.03813186211864032,0.9309101080428052
26039,LOF,0.027544558346921724,0.12424146318852397,0.8482139784645544
26040,LOF,0.08531832592426102,0.10405345332006623,0.8106282207556728
26041,LOF,0.01164476500495329,0.09121293918699433,0.8971422958080523
26042,LOF,0.011059341859321737,0.09502282392919294,0.8939178342114854
26043,LOF,0.030857950156779543,0.05988704793371461,0.9092550019095059
26044,LOF,0.006698740862125458,0.04446566931627346,0.9488355898216011
26045,LOF,0.05916565360300155,0.1360674546711337,0.8047668917258648
26046,LOF,0.028471224488314763,0.04167373177154336,0.9298550437401419
26047,LOF,0.061865044281860196,0.04205152326703493,0.8960834324511048
26048,LOF,0.0861268675885863,0.017509778367036627,0.896363354044377
26049,Neutral,0.941055539342502,0.005834476882290021,0.05310998377520801
26050,Neutral,0.9052075055472676,0.00624745559596114,0.08854503885677131
26051,LOF,0.02585191051458239,0.07069255131200108,0.9034555381734166
26052,LOF,0.028596367387792355,0.06052992530079033,0.9108737073114173
26053,LOF,0.020523022354087275,0.1490990994514145,0.8303778781944983
26054,LOF,0.047058511126383866,0.041284979550341015,0.911656509323275
26055,LOF,0.06655553391780684,0.03693717022152899,0.8965072958606641
26056,LOF,0.055075457042129655,0.047527970986907773,0.8973965719709626
26057,LOF,0.062328434404856844,0.023021147856067202,0.9146504177390758
26058,LOF,0.06921357840861103,0.01749020840285939,0.9132962131885296
26059,LOF,0.21323695786238228,0.03529879008873358,0.7514642520488841
26060,LOF,0.014956387725662542,0.17031906059564977,0.8147245516786877
26061,LOF,0.010702739131808046,0.01332400087568767,0.9759732599925043
26062,LOF,0.005705458240658483,0.019719232379025724,0.9745753093803159
26063,LOF,0.05390614911733796,0.014758989392936685,0.9313348614897254
26064,LOF,0.0161080994211204,0.019298076601767182,0.9645938239771124
26065,LOF,0.06759623545957362,0.021503536310731857,0.9109002282296944
26066,LOF,0.05026311704488993,0.015031676670940457,0.9347052062841695
26067,LOF,0.06199043838561037,0.014665409135997192,0.9233441524783923
26068,LOF,0.05103003162161605,0.037839627036680014,0.9111303413417039
26069,LOF,0.21149177264316152,0.028298787755611766,0.7602094396012268
26070,LOF,0.4463537728979696,0.020137656072023967,0.5335085710300064
26071,LOF,0.0564205773989317,0.017179973900245872,0.9263994487008224
26072,LOF,0.0066639870154272494,0.023557397672211194,0.9697786153123615
26073,LOF,0.04395339765297162,0.01981683194682528,0.936229770400203
26074,Neutral,0.7910539361314097,0.013881031298610095,0.19506503256998012
26075,LOF,0.04644180597991346,0.031646396576201066,0.9219117974438855
26076,LOF,0.04490836898623243,0.014705019238442453,0.9403866117753251
26077,LOF,0.1453081516153762,0.010724945912187485,0.8439669024724362
26078,LOF,0.006170164397419079,0.022654535582014867,0.9711753000205661
26079,LOF,0.05702665819876582,0.027003880837292518,0.9159694609639417
26080,LOF,0.05614264167302713,0.027063776728127743,0.9167935815988452
26081,LOF,0.046383971158239466,0.013677781751834787,0.9399382470899257
26082,LOF,0.00646446059022887,0.020612986924950734,0.9729225524848204
26083,LOF,0.10563549389689067,0.027692871102848456,0.866671635000261
26084,LOF,0.1333882863639555,0.0231098110505396,0.8435019025855048
26085,LOF,0.12350229403816648,0.018607935244350688,0.8578897707174828
26086,LOF,0.04595170482319644,0.017919913783378726,0.9361283813934248
26087,LOF,0.046462028880239516,0.01572906871141815,0.9378089024083424
26088,LOF,0.0062093335240016295,0.034812038864104666,0.9589786276118938
26089,LOF,0.039003816657959954,0.039042551247184185,0.9219536320948559
26090,LOF,0.03958854183935849,0.030925946631768883,0.9294855115288726
26091,LOF,0.030961513545462286,0.012030505038726927,0.9570079814158108
26092,LOF,0.052317488596253,0.013451118567060348,0.9342313928366868
26093,LOF,0.07295175145296898,0.009056542026935295,0.9179917065200958
26094,LOF,0.03639311072476993,0.010256307796647586,0.9533505814785825
26095,LOF,0.018726804299034307,0.023938267281324397,0.9573349284196413
26096,LOF,0.23701112793107496,0.005601535555287177,0.7573873365136379
26097,LOF,0.006407279379198905,0.05677097109769083,0.9368217495231103
26098,LOF,0.0886889833589545,0.025944884587309515,0.8853661320537359
26099,LOF,0.04726065657190624,0.027691438956242095,0.9250479044718516
26100,LOF,0.04725950826263943,0.02769076612733384,0.9250497256100267
26101,LOF,0.05211628975096471,0.04414498725413505,0.9037387229949003
26102,LOF,0.03934983106265054,0.023841738784169494,0.93680843015318
26103,Neutral,0.8911089013032325,0.03230735788222457,0.07658374081454283
26104,LOF,0.05383796728139577,0.04404874881566211,0.9021132839029421
26105,LOF,0.22950281480004633,0.09632189076410491,0.6741752944358488
26106,LOF,0.3693312816921642,0.042731660305732354,0.5879370580021034
26107,LOF,0.020686002539659853,0.07188457543535001,0.9074294220249901
26108,LOF,0.2132298611400466,0.043386218779643,0.7433839200803104
26109,LOF,0.06306360668387379,0.03700596339862796,0.8999304299174982
26110,LOF,0.39472823346566827,0.013791054667860245,0.5914807118664716
26111,LOF,0.06745604262627612,0.14195926094598058,0.7905846964277433
26112,LOF,0.053970043232440805,0.013889283591960145,0.9321406731755991
26113,LOF,0.1160552166760441,0.037545317752912165,0.8463994655710437
26114,LOF,0.09236885872441515,0.006905549377478249,0.9007255918981066
26115,LOF,0.019486891095610522,0.0484395910162459,0.9320735178881436
26116,LOF,0.08453467746295393,0.01980876630445787,0.8956565562325882
26117,LOF,0.34209148237430953,0.05178966689027748,0.606118850735413
26118,LOF,0.03257531242973519,0.02334413152331244,0.9440805560469523
26119,LOF,0.005073412580808211,0.11625571156875805,0.8786708758504337
26120,LOF,0.030149888322082378,0.02258586075531296,0.9472642509226046
26121,LOF,0.0038558613257216037,0.18545296061121225,0.8106911780630662
