feature0,prediction,LoGoFunc_Neutral,LoGoFunc_GOF,LoGoFunc_LOF
25546,Neutral,0.7581185621483177,0.0388496885880058,0.20303174926367637
25547,Neutral,0.6100725308380011,0.08239293303998092,0.307534536122018
25548,Neutral,0.6219556763729147,0.062269123586183354,0.3157752000409019
25549,Neutral,0.5446701382623178,0.061461792936783465,0.3938680688008987
25550,LOF,0.36687595189986505,0.12786792795199348,0.5052561201481414
25551,LOF,0.2916612854014728,0.13613357526900463,0.5722051393295225
25552,LOF,0.2242678470046975,0.13012807260020468,0.6456040803950978
25553,Neutral,0.8572899230982871,0.02727392048963138,0.11543615641208155
25554,LOF,0.2595997650772431,0.12384244829003946,0.6165577866327175
25555,LOF,0.21748472883023026,0.10936679640483318,0.6731484747649366
25556,Neutral,0.45564407358855025,0.10817116969255519,0.4361847567188947
25557,LOF,0.20642914817142047,0.11291080540185604,0.6806600464267235
25558,LOF,0.2419520846930758,0.12051002644614799,0.6375378888607761
25559,LOF,0.36404215321018696,0.1526331735304112,0.48332467325940187
25560,LOF,0.062439205359898144,0.15429043898243028,0.7832703556576716
25561,LOF,0.13617240161324953,0.1439513374862496,0.7198762609005008
25562,LOF,0.09287870764639646,0.07651340723057241,0.8306078851230312
25563,LOF,0.10705029743193023,0.10037351927779618,0.7925761832902736
25564,LOF,0.22367037522383287,0.15545411218333519,0.620875512592832
25565,LOF,0.12666819688978775,0.1421600791850675,0.7311717239251447
25566,GOF,0.011760845265357226,0.7533247896021452,0.2349143651324977
25567,LOF,0.017250949878002058,0.22045136768117318,0.7622976824408247
25568,LOF,0.05235722768867656,0.09025148659360682,0.8573912857177166
25569,LOF,0.0580244782484708,0.08926870090977265,0.8527068208417565
25570,LOF,0.05139853181315337,0.13790677484650848,0.8106946933403382
25571,LOF,0.044397582507757216,0.1319857193276866,0.8236166981645562
25572,LOF,0.06162578542327409,0.14696296289476696,0.7914112516819589
25573,LOF,0.03413979785694791,0.12442978646182315,0.8414304156812289
25574,LOF,0.019773982990887132,0.19389696389509156,0.7863290531140213
25575,LOF,0.036782772829653906,0.1498524672075662,0.8133647599627798
25576,LOF,0.016808277385735718,0.169307551263027,0.8138841713512373
25577,LOF,0.014501913408246962,0.15084561750545683,0.8346524690862963
25578,LOF,0.28799539561842336,0.11406543439011331,0.5979391699914633
25579,LOF,0.12014133398320831,0.1335039877179588,0.746354678298833
25580,LOF,0.02547612183510112,0.11580699268059094,0.8587168854843079
25581,LOF,0.05132572893993755,0.09099987550686316,0.8576743955531992
25582,LOF,0.05106765549943205,0.09016317189554976,0.8587691726050183
25583,LOF,0.031471615441051204,0.13135381579532548,0.8371745687636233
25584,Neutral,0.4836132871261341,0.15484454442839207,0.36154216844547393
25585,LOF,0.01975992105407188,0.17185122681069315,0.8083888521352349
25586,LOF,0.02519728984971297,0.10767490301495812,0.8671278071353289
25587,LOF,0.025995039151826056,0.09798349987866824,0.8760214609695057
25588,LOF,0.025173406488072876,0.1195900074458446,0.8552365860660824
25589,Neutral,0.6009505226031995,0.15815658786795286,0.2408928895288476
25590,LOF,0.03163784859180962,0.17045155661088018,0.7979105947973102
25591,LOF,0.09603098259879626,0.08216069457117578,0.821808322830028
25592,LOF,0.07903643044429927,0.17857106647812512,0.7423925030775756
25593,LOF,0.03019695374879522,0.31221022149659344,0.6575928247546113
25594,LOF,0.04523319048221459,0.1641377977264094,0.7906290117913759
25595,LOF,0.0569792214035857,0.12012731153155157,0.8228934670648627
25596,LOF,0.05304288749350227,0.08561234202387126,0.8613447704826265
25597,LOF,0.0339561935907958,0.08780733015343994,0.8782364762557642
25598,LOF,0.04948719436814022,0.12735993865444264,0.8231528669774171
25599,GOF,0.006858978295910967,0.6142138332588357,0.37892718844525325
25600,GOF,0.013961737790205507,0.6083334243395219,0.3777048378702726
25601,LOF,0.009459279992113562,0.41309095234229715,0.5774497676655894
25602,LOF,0.019140709819378234,0.03999256170735637,0.9408667284732654
25603,LOF,0.060899503334905875,0.01676235641158569,0.9223381402535085
25604,LOF,0.03286946967521973,0.0448541602889276,0.9222763700358527
25605,LOF,0.010188431007847241,0.20112000857842016,0.7886915604137327
25606,LOF,0.10311648359363336,0.34774687308814983,0.5491366433182168
25607,LOF,0.006148376770906867,0.18995231509101318,0.80389930813808
25608,LOF,0.015713006902986777,0.07949057105058614,0.9047964220464271
25609,LOF,0.05680132724631382,0.4073248561860328,0.5358738165676534
25610,LOF,0.030774041671764944,0.025915886412765664,0.9433100719154695
25611,LOF,0.03789482846693669,0.025083982761202026,0.9370211887718614
25612,LOF,0.09465345867692462,0.039297218902349405,0.866049322420726
25613,LOF,0.08059763269248908,0.040458567139076716,0.8789438001684343
25614,LOF,0.030665337619888707,0.03286806299138384,0.9364665993887274
25615,LOF,0.03410633499402851,0.04608416869859352,0.919809496307378
25616,LOF,0.02639652092030607,0.034008461253261665,0.9395950178264323
25617,LOF,0.024932956815392305,0.03670715627843459,0.9383598869061732
25618,LOF,0.13998743406581718,0.032399431358920094,0.8276131345752628
25619,LOF,0.02695461039739296,0.03319272869813054,0.9398526609044765
25620,LOF,0.032668099388454795,0.04199462443903441,0.9253372761725108
25621,LOF,0.02756345021909705,0.03706890608096886,0.9353676436999342
25622,LOF,0.03623264451256871,0.035569314703447756,0.9281980407839836
25623,LOF,0.05276119903845039,0.03010965358465688,0.9171291473768928
25624,LOF,0.024923507631751843,0.03870393676081287,0.9363725556074354
25625,LOF,0.03640466792264876,0.04504317288830455,0.9185521591890468
25626,LOF,0.07390498577517476,0.0338373395736428,0.8922576746511824
25627,Neutral,0.5588910639736945,0.11724936889852874,0.3238595671277767
25628,LOF,0.20848949429334687,0.0533323771371208,0.7381781285695324
25629,LOF,0.05545044134870464,0.05861613717195631,0.885933421479339
25630,LOF,0.17909514584760583,0.08904444880883694,0.7318604053435573
25631,Neutral,0.6076304605639177,0.05496415636391543,0.3374053830721669
25632,LOF,0.012348037237138839,0.12066672324433342,0.8669852395185277
25633,LOF,0.09778415326083939,0.08755683069244714,0.8146590160467134
25634,LOF,0.030698772865987385,0.12712402343394077,0.8421772037000719
25635,LOF,0.03429672630737381,0.09325621334256215,0.8724470603500641
25636,GOF,0.003773680421672381,0.5865410475431038,0.40968527203522387
25637,GOF,0.003714980200525963,0.6491003147226014,0.34718470507687266
25638,LOF,0.0062619192890857375,0.35606403802144915,0.6376740426894651
25639,GOF,0.003571283114028576,0.5123969342919649,0.48403178259400653
25640,Neutral,0.4828554332818978,0.4331638239511864,0.08398074276691579
25641,LOF,0.009204631323380855,0.30019758358317683,0.6905977850934424
25642,LOF,0.2439220899303951,0.06268648336388878,0.6933914267057161
25643,LOF,0.28011334472950555,0.19943449377204803,0.5204521614984464
25644,GOF,0.013972927170632265,0.5283181063070982,0.45770896652226956
25645,LOF,0.011514838397286191,0.46159850458998825,0.5268866570127255
25646,LOF,0.017105180080563567,0.3134449317485196,0.6694498881709168
25647,LOF,0.01270732958199679,0.25983411273019186,0.7274585576878113
25648,LOF,0.013004775631294591,0.2566095440360917,0.7303856803326138
25649,LOF,0.010832726589683763,0.1726258447873897,0.8165414286229267
25650,LOF,0.019592122038159694,0.41121411421819554,0.5691937637436447
25651,LOF,0.00770434924761566,0.2723850270927761,0.7199106236596081
25652,LOF,0.013302515079115321,0.23139676705142698,0.7553007178694577
25653,LOF,0.045538841998361584,0.35371372518794514,0.6007474328136932
25654,LOF,0.013820384000164353,0.15175423240492483,0.8344253835949108
25655,LOF,0.07158008376288769,0.38143092663533246,0.5469889896017799
25656,LOF,0.11454190444483521,0.055726934533198484,0.8297311610219662
25657,LOF,0.3316296876387414,0.02514987597647964,0.6432204363847789
25658,LOF,0.053048546183808165,0.08121117579570024,0.8657402780204917
25659,LOF,0.3971010478423976,0.06770802885166383,0.5351909233059385
25660,LOF,0.05932466708245735,0.0964040535922828,0.8442712793252598
25661,LOF,0.043071409637579106,0.07574665002429491,0.8811819403381259
25662,LOF,0.025822856814997998,0.04935039065951988,0.9248267525254821
25663,LOF,0.035284212945446286,0.07175051149493844,0.8929652755596154
25664,LOF,0.04389215594444051,0.08705999930932025,0.8690478447462392
25665,LOF,0.05604395241269165,0.04461332926723785,0.8993427183200705
25666,LOF,0.04076072948088462,0.12708609965203344,0.8321531708670821
25667,LOF,0.02981710905823764,0.05497255318650126,0.9152103377552611
25668,LOF,0.03282288964605033,0.0588159266948851,0.9083611836590646
25669,LOF,0.03849896701533838,0.08519439349154945,0.8763066394931122
25670,LOF,0.07280590026639791,0.09489988622155283,0.8322942135120494
25671,LOF,0.035784609174038765,0.050033874448184606,0.9141815163777766
25672,LOF,0.06101719852192428,0.06182214199306168,0.877160659485014
25673,LOF,0.047726889356657066,0.07495736666522157,0.8773157439781213
25674,LOF,0.04316228560165783,0.0745486329171302,0.8822890814812119
25675,LOF,0.051965256904138946,0.06666071157781546,0.8813740315180455
25676,LOF,0.03277854263151251,0.0627844251470153,0.9044370322214722
25677,LOF,0.05937181533321854,0.06733761081247712,0.8732905738543043
25678,LOF,0.2880067676294775,0.03609443565778525,0.6758987967127372
25679,LOF,0.1726117523835014,0.07479895311225078,0.7525892945042478
25680,LOF,0.0561124243543438,0.09562103682255454,0.8482665388231017
25681,LOF,0.10076384187554813,0.09177676657400229,0.8074593915504495
25682,LOF,0.04077940644339387,0.08487052364468128,0.8743500699119248
25683,LOF,0.10193772478949742,0.09995672529588864,0.7981055499146139
25684,LOF,0.05455488057664829,0.08722513000593536,0.8582199894174164
25685,LOF,0.10664620999904705,0.05077076268823723,0.8425830273127158
25686,LOF,0.03420666934109435,0.10501516372145368,0.8607781669374519
25687,LOF,0.04114598948143937,0.08848558372814833,0.8703684267904122
25688,LOF,0.031734630297757804,0.08517802470177872,0.8830873450004635
25689,LOF,0.02118514525901366,0.08110887224811283,0.8977059824928735
25690,LOF,0.02262491427848057,0.07775879584010385,0.8996162898814156
25691,LOF,0.24127882076052642,0.09778410536244565,0.6609370738770278
25692,LOF,0.30833414557500927,0.008786149946656545,0.6828797044783341
25693,LOF,0.0968431263427874,0.15874695048593268,0.7444099231712799
25694,LOF,0.2567495011088301,0.016171922312009243,0.7270785765791605
25695,LOF,0.16125201255291166,0.02225337749852917,0.8164946099485592
25696,LOF,0.1807176338363678,0.01074167383868325,0.808540692324949
25697,LOF,0.1503767941163585,0.022183814524122252,0.8274393913595193
25698,LOF,0.03432565358819327,0.4141493621677026,0.5515249842441041
25699,LOF,0.060517024874101606,0.09889214651567341,0.840590828610225
25700,LOF,0.02998985262285466,0.01014192551777986,0.9598682218593655
25701,LOF,0.016536672172125403,0.08276171150471691,0.9007016163231576
25702,GOF,0.03675096872005796,0.7451138140790899,0.21813521720085205
25703,LOF,0.01280379076596806,0.20094580602903767,0.7862504032049943
25704,LOF,0.092996932852575,0.16333420869528534,0.7436688584521397
25705,LOF,0.06254442954570195,0.22873301025513468,0.7087225601991635
25706,GOF,0.05730557310570701,0.5905416013500671,0.352152825544226
25707,GOF,0.028719587067089325,0.49910964895520404,0.47217076397770663
25708,LOF,0.00959950379479822,0.43425273166894096,0.5561477645362608
25709,LOF,0.019305770335215147,0.06315075013503887,0.917543479529746
25710,LOF,0.0091364587255249,0.16600402841730108,0.8248595128571741
25711,LOF,0.021062017359412676,0.11408701609450964,0.8648509665460777
25712,LOF,0.009696368796965137,0.21515887222414956,0.7751447589788852
25713,LOF,0.01840567379184634,0.09336477799489047,0.8882295482132633
25714,LOF,0.021301229566733054,0.12377777781521515,0.8549209926180519
25715,LOF,0.020912718758422898,0.10302785916814004,0.876059422073437
25716,LOF,0.00983984451080249,0.10701635446638319,0.8831438010228144
25717,LOF,0.006302134382251782,0.12750791370830733,0.8661899519094409
25718,LOF,0.01862027029861845,0.07530638265530065,0.9060733470460809
25719,LOF,0.03312330611107079,0.08150221723851993,0.8853744766504094
25720,LOF,0.022700834473027797,0.08799847516866681,0.8893006903583055
25721,LOF,0.024284771415051584,0.09477500146369026,0.8809402271212582
25722,LOF,0.019444050539510205,0.12807998380551364,0.8524759656549762
25723,LOF,0.020844392683123894,0.06946618196999911,0.909689425346877
25724,LOF,0.035267231474068135,0.08995998924151113,0.8747727792844207
25725,LOF,0.021177225103694255,0.0675159727074227,0.911306802188883
25726,LOF,0.01631882253857603,0.10272105991161698,0.880960117549807
25727,LOF,0.020072220104714874,0.08547281321975357,0.8944549666755315
25728,LOF,0.018932093286169183,0.09606612055160726,0.8850017861622237
25729,LOF,0.019401261289398078,0.0979315970943848,0.8826671416162171
25730,LOF,0.020361986804601884,0.07622747937815534,0.9034105338172427
25731,LOF,0.01173727838795964,0.16167572240789474,0.8265869992041456
25732,LOF,0.018288218786457616,0.09150736365269706,0.8902044175608455
25733,LOF,0.029717727017876807,0.073099219254716,0.8971830537274073
25734,LOF,0.0077881622430658205,0.17750263463425367,0.8147092031226805
25735,LOF,0.021905153325648824,0.07082237318055078,0.9072724734938004
25736,LOF,0.020752268665368685,0.10263734495935595,0.8766103863752754
25737,LOF,0.03828956578287113,0.08112463481093134,0.8805857994061976
25738,LOF,0.019882953166963535,0.12284490487408213,0.8572721419589544
25739,LOF,0.021462783666421056,0.11472498976944112,0.8638122265641377
25740,LOF,0.05245717466571601,0.10978524339141611,0.8377575819428679
25741,LOF,0.0259142371725306,0.0875909996829135,0.8864947631445558
25742,LOF,0.03596620741837993,0.09863645316810733,0.8653973394135128
25743,LOF,0.011755004714294442,0.051761334437580825,0.9364836608481247
25744,GOF,0.11519857792873606,0.46694708126853723,0.4178543408027267
25745,LOF,0.02257257922426274,0.06699167053150838,0.9104357502442288
25746,LOF,0.01195088965998896,0.08212830427455219,0.9059208060654589
25747,LOF,0.03394854249812934,0.041781772460021196,0.9242696850418495
25748,LOF,0.18256206027279798,0.07166217876497273,0.7457757609622292
25749,LOF,0.014618911875664652,0.056671501357179875,0.9287095867671554
25750,LOF,0.01599271628215733,0.08186225900149133,0.9021450247163514
25751,LOF,0.03499522526021036,0.08204441775232663,0.8829603569874631
25752,GOF,0.08214014369855899,0.647330150332656,0.27052970596878506
25753,LOF,0.007018755510779235,0.37340502356457494,0.6195762209246458
25754,GOF,0.005767295442002103,0.8470682470495666,0.1471644575084312
25755,LOF,0.011414318971565734,0.3928238765187665,0.5957618045096678
25756,LOF,0.05690712751267609,0.4031110683376514,0.5399818041496725
25757,GOF,0.0072871369003933185,0.856614718846597,0.13609814425300965
25758,GOF,0.009232603066888431,0.8404970989703948,0.15027029796271665
25759,GOF,0.005399858890552639,0.5791688620949674,0.41543127901447996
25760,LOF,0.007173372542243087,0.31019006798804066,0.6826365594697162
25761,GOF,0.0504390296986174,0.8308383442098419,0.11872262609154069
25762,LOF,0.03411253699012349,0.3467740714650949,0.6191133915447816
25763,LOF,0.009627560245064993,0.24335310775470428,0.7470193320002307
25764,GOF,0.0942514320563723,0.5380308976731383,0.36771767027048935
25765,GOF,0.008775513611713005,0.8383676053217853,0.15285688106650164
25766,GOF,0.0297012041925583,0.8196056695124723,0.15069312629496948
25767,LOF,0.021020426219902612,0.4604294601999818,0.5185501135801156
25768,LOF,0.04034248070066931,0.07155940556504242,0.8880981137342884
25769,LOF,0.0234994084285807,0.08097824060587676,0.8955223509655426
25770,LOF,0.1450673729288523,0.06079071369705594,0.7941419133740918
25771,LOF,0.016471368006257668,0.06965369038996838,0.913874941603774
25772,LOF,0.023273038093307528,0.028652496061158432,0.9480744658455339
25773,LOF,0.013911187278925114,0.07724666273777313,0.9088421499833018
25774,LOF,0.026921831612961647,0.08482247380401672,0.8882556945830217
25775,LOF,0.02149331261581172,0.04078028550321355,0.9377264018809747
25776,LOF,0.02457762159120273,0.026041813378315907,0.9493805650304813
25777,LOF,0.18565583908618477,0.06604947758494824,0.748294683328867
25778,LOF,0.019484457368449632,0.05328305524318318,0.9272324873883672
25779,GOF,0.03924213671312508,0.8968319627630734,0.06392590052380141
25780,GOF,0.06526839899211173,0.8774099575137441,0.057321643494144196
25781,GOF,0.024787722942908756,0.8711370299356334,0.10407524712145788
25782,GOF,0.033250469488186454,0.8981354530777355,0.06861407743407821
25783,GOF,0.019280086011085044,0.7517266686348116,0.2289932453541034
25784,GOF,0.1090498687301483,0.8452775180683049,0.04567261320154675
25785,GOF,0.07350367295261628,0.8862811967996951,0.04021513024768864
25786,GOF,0.00524093142350063,0.8264389037430149,0.1683201648334846
25787,GOF,0.15886396553009025,0.811098519717682,0.030037514752227823
25788,LOF,0.015006473553193268,0.16894888897200747,0.8160446374747993
25789,GOF,0.018080924401334898,0.8534401950412009,0.1284788805574642
25790,GOF,0.02185821072124962,0.8794485759659049,0.0986932133128456
25791,GOF,0.015543803746579295,0.8275523068250233,0.1569038894283972
25792,GOF,0.02627681486967048,0.840226043258279,0.13349714187205064
25793,GOF,0.07383380456828835,0.8243929770093861,0.10177321842232553
25794,GOF,0.06514999679574823,0.7588628681793498,0.17598713502490201
25795,GOF,0.042782316964348734,0.7739174768671089,0.1833002061685424
25796,GOF,0.08605299981164079,0.8014046351329503,0.112542365055409
25797,GOF,0.03833392623405526,0.6851761735709322,0.27648990019501246
25798,GOF,0.003172602732000025,0.6475186181944608,0.34930877907353924
25799,GOF,0.0031980552898867153,0.5130197321716198,0.48378221253849363
25800,GOF,0.012410343252794002,0.722351718654705,0.26523793809250085
25801,GOF,0.01431498491921937,0.8588123433468471,0.1268726717339336
25802,GOF,0.02209247649365662,0.7931606567582247,0.18474686674811883
25803,GOF,0.01109713363574462,0.6862204989408524,0.302682367423403
25804,GOF,0.013189354201361287,0.5908548179689568,0.39595582782968186
25805,GOF,0.02280725560579834,0.714146595976068,0.2630461484181337
25806,GOF,0.019857831560485036,0.7350862344229424,0.24505593401657247
25807,GOF,0.005178166461919484,0.7122083758915826,0.282613457646498
25808,GOF,0.014360338796780534,0.7300809157731861,0.2555587454300334
25809,GOF,0.006202567524200529,0.7226109452542911,0.27118648722150834
25810,GOF,0.0055747882475925365,0.7251201408083189,0.2693050709440885
25811,GOF,0.0516486945850391,0.8587390149252527,0.0896122904897081
25812,GOF,0.01686191537835067,0.7072634104556335,0.27587467416601597
25813,GOF,0.11297133297665593,0.7936247130781515,0.09340395394519263
25814,GOF,0.026610250110125792,0.7918501620085584,0.18153958788131583
25815,GOF,0.042322112372779,0.813246613620898,0.14443127400632302
25816,GOF,0.008176102478779099,0.8412897055825904,0.15053419193863068
25817,GOF,0.09770731381754695,0.7687798822537847,0.13351280392866835
25818,GOF,0.02473509140660113,0.7951030970345523,0.18016181155884647
25819,GOF,0.06420440425227374,0.7669394055725333,0.168856190175193
25820,GOF,0.030363605892525923,0.7669273884773886,0.20270900563008534
25821,GOF,0.017903781197343024,0.7588360979077539,0.223260120894903
25822,GOF,0.03624802757535972,0.7814941998899021,0.18225777253473818
25823,GOF,0.014470748095897368,0.6288864664736958,0.35664278543040684
25824,GOF,0.02563047544256628,0.7582499511684301,0.21611957338900364
25825,GOF,0.015747806444974043,0.741606487034614,0.2426457065204121
25826,GOF,0.005679522609397954,0.6963834823908539,0.2979369949997483
25827,GOF,0.008640027034624376,0.7048705827721486,0.286489390193227
25828,GOF,0.0056018867477131895,0.6326975894506482,0.3617005238016386
25829,GOF,0.002881239723088848,0.6954586639404462,0.30166009633646496
25830,GOF,0.03763377497517705,0.4952737467844971,0.46709247824032596
25831,GOF,0.05390020480815364,0.835879563285756,0.11022023190609057
25832,GOF,0.00853050631660111,0.7941010613205614,0.19736843236283763
25833,GOF,0.03395544433355266,0.8309914857945908,0.13505306987185653
25834,GOF,0.008564949713861614,0.8062630077745201,0.1851720425116184
25835,GOF,0.016769399872332134,0.8551604279526958,0.12807017217497207
25836,GOF,0.00607887704282137,0.8065293330468499,0.18739178991032882
25837,GOF,0.006707053570389818,0.7170470892690618,0.2762458571605485
25838,GOF,0.020658314754462247,0.8654126673942335,0.11392901785130422
25839,GOF,0.03646362909799095,0.8576973755204039,0.10583899538160509
25840,GOF,0.05950828912752621,0.8393658521649371,0.10112585870753688
25841,GOF,0.053725066819442974,0.852820489437914,0.09345444374264308
25842,GOF,0.025663512913008005,0.8986426581802848,0.0756938289067072
25843,GOF,0.027827023442129954,0.9026229750599973,0.06955000149787273
25844,GOF,0.016636324939227936,0.8423989315897017,0.14096474347107035
25845,GOF,0.005935477191828047,0.6479727932837005,0.34609172952447137
25846,GOF,0.04357977563306803,0.8658490112654463,0.0905712131014857
25847,GOF,0.019137888320135802,0.913803633052417,0.06705847862744745
25848,GOF,0.017489335505721536,0.8652590830490849,0.11725158144519351
25849,GOF,0.005086174044241874,0.7356994634957484,0.25921436246000973
25850,GOF,0.006258348703724512,0.7562764384183105,0.23746521287796496
25851,GOF,0.005655205280830534,0.6348986994684162,0.3594460952507533
25852,GOF,0.13614649262447445,0.5916237100084553,0.27222979736707026
25853,GOF,0.07561253820146786,0.8499910826404309,0.07439637915810127
25854,GOF,0.005441343188364972,0.6810520314340375,0.31350662537759755
25855,GOF,0.014039742616337851,0.6544362077077834,0.3315240496758788
25856,GOF,0.036657760121022634,0.7891706812189,0.17417155866007739
25857,GOF,0.01236396620250827,0.6261593424349302,0.36147669136256144
25858,GOF,0.007892410416693144,0.6148777417301218,0.37722984785318503
25859,GOF,0.005282172775043692,0.5812619454986357,0.4134558817263206
25860,GOF,0.08643322231755142,0.808299828805655,0.10526694887679372
25861,GOF,0.08651730758646553,0.8220797007284908,0.0914029916850436
25862,GOF,0.02142844872283856,0.8636280675532012,0.11494348372396011
25863,GOF,0.02143856008888889,0.8753120986314843,0.10324934127962672
25864,GOF,0.048872134382838946,0.8747079431200359,0.07641992249712513
25865,GOF,0.03475881314788952,0.8316685092795859,0.13357267757252458
25866,GOF,0.027552146969890424,0.8523595287402294,0.12008832428988005
25867,GOF,0.03247580252555562,0.8742903626659304,0.093233834808514
25868,GOF,0.05714036724634301,0.831277533182578,0.111582099571079
25869,GOF,0.35207447605283165,0.5906971325041868,0.05722839144298161
25870,GOF,0.06358165159150637,0.698613037327236,0.23780531108125755
25871,GOF,0.011160870973600738,0.8953547127741884,0.0934844162522107
25872,GOF,0.020115401874525464,0.8701327935388423,0.10975180458663217
25873,GOF,0.019491473433166984,0.8938320745640365,0.08667645200279643
25874,LOF,0.01665025242554679,0.17007025422897035,0.8132794933454828
25875,LOF,0.054828484982985225,0.040855949040838294,0.9043155659761763
25876,LOF,0.01793221660266716,0.031127168855664702,0.9509406145416682
25877,LOF,0.13736573709395025,0.07759568160188375,0.785038581304166
25878,LOF,0.07723214501652498,0.10309949372073962,0.8196683612627355
25879,LOF,0.0284472942672411,0.0745102682063803,0.8970424375263786
25880,LOF,0.058045346117746414,0.010955931582595505,0.9309987222996582
25881,Neutral,0.544067870415569,0.05923261999109404,0.39669950959333694
25882,LOF,0.059946769324518256,0.026635540135121278,0.9134176905403605
25883,LOF,0.028514316836243718,0.023256067473219164,0.948229615690537
25884,LOF,0.029313680558436066,0.043810536407986794,0.9268757830335771
25885,LOF,0.21940239039245069,0.010375418577999949,0.7702221910295494
25886,LOF,0.15094248979356795,0.05180805458233459,0.7972494556240973
25887,LOF,0.18043404264045246,0.06211755860704148,0.7574483987525059
25888,LOF,0.012597977760302727,0.13946324462048726,0.8479387776192101
25889,LOF,0.033740726718694554,0.031485807348632135,0.9347734659326734
25890,LOF,0.11533950527556122,0.12102316005555976,0.7636373346688791
25891,LOF,0.09285327413005308,0.02152916597165479,0.8856175598982922
25892,LOF,0.008916008106062419,0.034444359171595204,0.9566396327223424
25893,LOF,0.3944489625343452,0.008683994831640921,0.5968670426340139
25894,LOF,0.4431052596494263,0.005154897443832001,0.5517398429067417
25895,LOF,0.3433642640141853,0.011914887043770488,0.6447208489420442
25896,LOF,0.06039540939731969,0.022333670855407488,0.9172709197472729
25897,LOF,0.2020704278636728,0.008557687647298237,0.789371884489029
25898,LOF,0.15835450400505183,0.025878682989535242,0.8157668130054129
25899,LOF,0.31184435707751035,0.025455080541274357,0.6627005623812153
25900,LOF,0.4272707977524028,0.00796986104714051,0.5647593412004568
25901,LOF,0.05751290341011791,0.009550949818254504,0.9329361467716275
25902,LOF,0.15167314543443902,0.011077683160579563,0.8372491714049815
25903,LOF,0.40768070592466865,0.023464331934540283,0.5688549621407911
25904,LOF,0.4566880397381464,0.035482157956512016,0.5078298023053416
25905,LOF,0.004031745585512282,0.4606379278483925,0.5353303265660951
25906,LOF,0.008989980638603207,0.10429364854144173,0.8867163708199551
25907,LOF,0.004379994339705007,0.34227749579169153,0.6533425098686034
25908,LOF,0.00468999710987722,0.234472500253565,0.7608375026365577
25909,LOF,0.024350303974754305,0.14685043423188676,0.8287992617933589
25910,LOF,0.012095685924292464,0.12081691701900868,0.8670873970566989
25911,LOF,0.3322991246777678,0.04055781407963259,0.6271430612425996
25912,LOF,0.07654190497135599,0.04755694394109985,0.8759011510875441
25913,LOF,0.04477161572183129,0.06250942777194209,0.8927189565062267
25914,LOF,0.037719982457405564,0.0677816754051009,0.8944983421374936
25915,LOF,0.14953920140200425,0.30062900499939976,0.5498317935985959
25916,LOF,0.027692951863818805,0.20205502202747805,0.770252026108703
25917,LOF,0.07026316646759093,0.05404625642760035,0.8756905771048088
25918,LOF,0.04415912027960667,0.03987418433986022,0.915966695380533
25919,LOF,0.03903352576146323,0.04038496729827262,0.9205815069402642
25920,LOF,0.18454013198519964,0.165894894568702,0.6495649734460983
25921,LOF,0.01629960267142174,0.04342957025213319,0.940270827076445
25922,LOF,0.016642516298186822,0.038323781412185697,0.9450337022896276
25923,LOF,0.4317167948116681,0.04314973482906978,0.5251334703592621
25924,LOF,0.022997148966549846,0.05986046167519369,0.9171423893582565
25925,LOF,0.07307371267728936,0.06214087606441504,0.8647854112582957
25926,LOF,0.055134637115699894,0.056460720528610016,0.88840464235569
25927,LOF,0.024287604993620305,0.0756326535131097,0.9000797414932701
25928,LOF,0.010637167977852165,0.06105620249452842,0.9283066295276194
25929,Neutral,0.5241972050084299,0.04080452347472043,0.4349982715168497
25930,LOF,0.06590386829645015,0.04020883596649038,0.8938872957370595
25931,LOF,0.014269316996767121,0.042490839197089486,0.9432398438061433
25932,LOF,0.05548507614855767,0.03386139386985885,0.9106535299815833
25933,LOF,0.049313415195844645,0.02290107298167542,0.9277855118224799
25934,LOF,0.046473041100406336,0.02152670713065897,0.9320002517689346
25935,LOF,0.06512216892207062,0.07086025779895501,0.8640175732789744
25936,LOF,0.0857552598431863,0.024169457686810707,0.890075282470003
25937,LOF,0.013936413155933733,0.03873192872876878,0.9473316581152974
25938,LOF,0.06365684298453998,0.06494709958944557,0.8713960574260144
25939,LOF,0.0361741034166782,0.03092046627664485,0.9329054303066769
25940,LOF,0.009595827524469504,0.35051504082150675,0.6398891316540237
25941,Neutral,0.5175411545093775,0.04044473988638105,0.4420141056042415
25942,LOF,0.008678974521278103,0.052534148477205986,0.9387868770015159
25943,LOF,0.04381698049578682,0.1919608049271493,0.7642222145770639
25944,LOF,0.06153928129491949,0.09376534111792835,0.8446953775871522
25945,LOF,0.11984910777062326,0.0202426460185479,0.8599082462108287
25946,LOF,0.08152367753318229,0.03839257587235618,0.8800837465944614
25947,Neutral,0.46279655117679763,0.12682410778218187,0.41037934104102053
25948,LOF,0.4395571432617563,0.014442925641246157,0.5459999310969976
25949,LOF,0.1329065087787856,0.06225475915390495,0.8048387320673095
25950,GOF,0.06190880816477437,0.6133826581881158,0.32470853364710983
25951,LOF,0.012253492398804317,0.42481548232674815,0.5629310252744475
25952,LOF,0.31253670104572107,0.25451598931161135,0.4329473096426676
25953,LOF,0.007540376706226432,0.18613724804070722,0.8063223752530663
25954,GOF,0.09060883807061286,0.46046774939566226,0.448923412533725
25955,LOF,0.006908774099511932,0.15113987242345123,0.841951353477037
25956,LOF,0.019970118036081785,0.2656886803057025,0.7143412016582158
25957,LOF,0.23286882789975138,0.036997470240892394,0.7301337018593562
25958,LOF,0.031434989893880355,0.03573916252619538,0.9328258475799243
25959,GOF,0.014094257788747596,0.5431059300697507,0.4427998121415016
25960,LOF,0.007015514257028312,0.06385419882088833,0.9291302869220833
25961,LOF,0.03051578795676378,0.033033656585161386,0.9364505554580749
25962,LOF,0.039459799759650326,0.06515640795368216,0.8953837922866675
25963,LOF,0.004552294336728615,0.19423135566078045,0.8012163500024909
25964,LOF,0.03183955999320141,0.09341064288359778,0.8747497971232008
25965,LOF,0.2558907896696361,0.12706583646993444,0.6170433738604295
25966,Neutral,0.46880059238325833,0.11587418601751287,0.41532522159922874
25967,LOF,0.009746743723219459,0.07601189750983946,0.9142413587669411
25968,LOF,0.05428376291163664,0.2084606052013125,0.737255631887051
25969,LOF,0.12744314494399028,0.044112349634006134,0.8284445054220037
25970,LOF,0.022133826018079415,0.07686816748920682,0.9009980064927137
25971,LOF,0.08307675842998465,0.02856554943745112,0.8883576921325642
25972,LOF,0.06367167941248379,0.041769342594161284,0.8945589779933549
25973,LOF,0.06872063979731949,0.012280276876391147,0.9189990833262894
25974,LOF,0.05322823907410965,0.038012741089417074,0.9087590198364732
25975,LOF,0.04639336842594702,0.02428988611246063,0.9293167454615923
25976,LOF,0.11547706704400384,0.01230574134187817,0.8722171916141179
25977,LOF,0.1876417028346779,0.09252167498100268,0.7198366221843194
25978,LOF,0.19006203052210596,0.11612824023437417,0.6938097292435198
25979,LOF,0.1477912141677801,0.13466662998171025,0.7175421558505095
25980,LOF,0.2516327791546799,0.17175300577026037,0.5766142150750597
25981,LOF,0.2525558730898685,0.17250895199205238,0.5749351749180791
25982,Neutral,0.48452647286910827,0.07916815083125073,0.436305376299641
25983,Neutral,0.4956685833326009,0.09360346659174335,0.41072795007565577
25984,LOF,0.034900572063233264,0.08300237917090347,0.8820970487658633
25985,Neutral,0.43170423084359183,0.1427243852876124,0.42557138386879584
25986,LOF,0.013094829827908522,0.41639530485529447,0.570509865316797
25987,LOF,0.05654968526865116,0.10938019303686522,0.8340701216944836
25988,LOF,0.04450495695908957,0.16422860572981463,0.7912664373110958
25989,LOF,0.039682135479552814,0.1861924925178668,0.7741253720025804
25990,LOF,0.038424983812244906,0.28982010580691164,0.6717549103808435
25991,LOF,0.027587121868967685,0.44358752631519976,0.5288253518158326
25992,LOF,0.02515711980466313,0.41736266018439583,0.5574802200109411
25993,LOF,0.03029436396463501,0.08358188865313063,0.8861237473822343
25994,LOF,0.024368242180432886,0.0855972873368531,0.890034470482714
25995,LOF,0.022932029622104555,0.1633911312221538,0.8136768391557416
25996,Neutral,0.3525247232793737,0.317151500569437,0.3303237761511893
25997,LOF,0.07148755677784287,0.40179561046925527,0.5267168327529017
25998,LOF,0.2835150699025985,0.04234000063222333,0.6741449294651781
25999,LOF,0.024305030502491647,0.2175972702174899,0.7580976992800186
26000,LOF,0.20607875609219123,0.03825377703240318,0.7556674668754056
26001,LOF,0.2604847875000226,0.03792550880651526,0.7015897036934622
26002,LOF,0.11833606109379377,0.05746079809833704,0.8242031408078693
26003,GOF,0.005072071447587051,0.6307933584783542,0.36413457007405886
26004,GOF,0.007320436906134078,0.7014189546670705,0.2912606084267954
26005,GOF,0.003564984590936156,0.5127684406002317,0.48366657480883213
26006,GOF,0.09610408639513465,0.5965139406163572,0.30738197298850817
26007,GOF,0.007619018655254853,0.5569547888006471,0.43542619254409803
26008,GOF,0.005423096679248221,0.6538423434875861,0.3407345598331657
26009,GOF,0.006957570146394059,0.6807169920096772,0.3123254378439288
26010,GOF,0.008583793279529689,0.6605294773082582,0.3308867294122122
26011,LOF,0.003087849344830013,0.4622586043701657,0.5346535462850043
26012,GOF,0.004546592636109714,0.5266444711142927,0.4688089362495975
26013,GOF,0.006388251951307338,0.5969589238807682,0.39665282416792447
26014,LOF,0.05488355470409237,0.11892689659211085,0.8261895487037968
26015,LOF,0.41984634016684913,0.01705857864636097,0.56309508118679
26016,LOF,0.32926295181555515,0.03552131186910152,0.6352157363153433
26017,LOF,0.027764658546183964,0.1787427551752203,0.7934925862785956
26018,LOF,0.03260559616725563,0.03720790372461674,0.9301865001081276
26019,LOF,0.03214370590733814,0.03252953834996439,0.9353267557426975
26020,LOF,0.010924088316199424,0.16052923754497664,0.828546674138824
26021,LOF,0.08007093822858254,0.05483301054969434,0.8650960512217232
26022,LOF,0.04281116432432888,0.01900249354934432,0.9381863421263268
26023,LOF,0.03646007878241084,0.0224404666428174,0.9410994545747717
26024,LOF,0.04814752704505437,0.05833489036980278,0.8935175825851429
26025,LOF,0.06205616311894236,0.06687169176810429,0.8710721451129534
26026,LOF,0.12140188858436154,0.05017371435741879,0.8284243970582196
26027,LOF,0.02850527782748402,0.018014722727788184,0.9534799994447278
26028,LOF,0.12297695267446995,0.1410032477609479,0.7360197995645822
26029,LOF,0.020827596267530012,0.22312900982996445,0.7560433939025055
26030,LOF,0.16468064188391762,0.03035216722197272,0.8049671908941096
26031,LOF,0.009074928062244277,0.19273155771560876,0.7981935142221469
26032,LOF,0.04000966815878421,0.08009793634903141,0.8798923954921842
26033,LOF,0.07185371199673168,0.07086751686647047,0.8572787711367978
26034,LOF,0.013045107615609529,0.17078417025309875,0.8161707221312917
26035,LOF,0.010611331250500844,0.12837629700261255,0.8610123717468867
26036,LOF,0.011168790215120572,0.1547334990925936,0.8340977106922859
26037,LOF,0.009164900287908761,0.11725841388952789,0.8735766858225634
26038,LOF,0.034239430380416574,0.07229376964618475,0.8934667999733986
26039,LOF,0.025537883355323185,0.1574573335401702,0.8170047831045066
26040,LOF,0.11095399039494136,0.1703259254397403,0.7187200841653184
26041,LOF,0.011944442657209675,0.10238071305759808,0.8856748442851923
26042,LOF,0.010507466366276115,0.11422430379149251,0.8752682298422315
26043,LOF,0.03313914659256974,0.09453446047331801,0.8723263929341122
26044,LOF,0.014146938940026872,0.06114847965263408,0.924704581407339
26045,LOF,0.06892863775306936,0.12081138796560777,0.8102599742813229
26046,LOF,0.029085852697737377,0.0750867397128344,0.8958274075894284
26047,LOF,0.04757283871924401,0.07427506519754966,0.8781520960832064
26048,LOF,0.07962698826454727,0.029199412709566996,0.8911735990258857
26049,Neutral,0.9503611854003156,0.008931128149942805,0.04070768644974161
26050,Neutral,0.9311297328322357,0.00988726884031429,0.058982998327450076
26051,LOF,0.013862622325046505,0.08799841848611258,0.8981389591888409
26052,LOF,0.0284475807784535,0.0985456813210316,0.873006737900515
26053,LOF,0.03274414789362994,0.14857971323589614,0.8186761388704739
26054,LOF,0.04365528664483609,0.02656918705337602,0.929775526301788
26055,LOF,0.061915329761124176,0.025185097076112325,0.9128995731627636
26056,LOF,0.05055432738621753,0.031246289524736306,0.918199383089046
26057,LOF,0.05345980340139967,0.013281948884464724,0.9332582477141355
26058,LOF,0.05757106358820171,0.011166279076633609,0.9312626573351646
26059,LOF,0.1916642859937751,0.027074966654096172,0.7812607473521287
26060,LOF,0.014656848480149792,0.19288467872905984,0.7924584727907903
26061,LOF,0.0123930331966327,0.010803389063281849,0.9768035777400854
26062,LOF,0.006577928484459228,0.01785573753965223,0.9755663339758885
26063,LOF,0.03610936351515195,0.01149204175728712,0.9523985947275609
26064,LOF,0.010358188079354154,0.023470640605951533,0.9661711713146943
26065,LOF,0.0458298530196669,0.011936086011123311,0.9422340609692097
26066,LOF,0.04393062530673121,0.010753868778261426,0.9453155059150073
26067,LOF,0.053289518629192546,0.009456276630206737,0.9372542047406008
26068,LOF,0.05264772383854071,0.042674599657905134,0.9046776765035541
26069,LOF,0.14817529246534483,0.02597530329509593,0.8258494042395592
26070,LOF,0.3214636633710601,0.021714957641038632,0.6568213789879013
26071,LOF,0.042724520818529066,0.011565429751537664,0.9457100494299333
26072,LOF,0.011034708863537425,0.021147066371965544,0.967818224764497
26073,LOF,0.03669539434629572,0.014409789143193656,0.9488948165105106
26074,Neutral,0.9198340739532996,0.008123395678904997,0.0720425303677953
26075,LOF,0.05398724222994451,0.021909519064678255,0.9241032387053774
26076,LOF,0.052715863082041924,0.011320975375841879,0.9359631615421161
26077,LOF,0.16839189118587422,0.006881295645619622,0.824726813168506
26078,LOF,0.008452273815893809,0.014691681193415435,0.9768560449906907
26079,LOF,0.06558388546799974,0.024077015728856118,0.9103390988031441
26080,LOF,0.06455812018802677,0.02416940190998499,0.9112724779019882
26081,LOF,0.03077691222146187,0.008659753012352117,0.960563334766186
26082,LOF,0.007029814229757348,0.01499026435006005,0.9779799214201825
26083,LOF,0.09591313445526532,0.019231096110700435,0.8848557694340342
26084,LOF,0.10121896400685265,0.01300696248293386,0.8857740735102135
26085,LOF,0.09485066023144152,0.011483592487602343,0.8936657472809562
26086,LOF,0.03752572137104451,0.011590373520953415,0.9508839051080021
26087,LOF,0.03417731450498667,0.009997763213352027,0.9558249222816613
26088,LOF,0.00870680023548222,0.019493562329874044,0.9717996374346438
26089,LOF,0.04338741844746792,0.03276935735899191,0.92384322419354
26090,LOF,0.04424219592672073,0.02571968777157807,0.9300381163017012
26091,LOF,0.02940556592748019,0.007824474837735516,0.9627699592347843
26092,LOF,0.04071014376230576,0.008552683384139363,0.950737172853555
26093,LOF,0.07680252878001166,0.006226201179355055,0.9169712700406332
26094,LOF,0.03475987828552321,0.0073044112576068345,0.95793571045687
26095,LOF,0.035671983185682245,0.01744016148145019,0.9468878553328676
26096,LOF,0.2351550946037961,0.005055170842321889,0.759789734553882
26097,LOF,0.00847480663381966,0.03134602705385075,0.9601791663123297
26098,LOF,0.08159176878285998,0.020455619561115634,0.8979526116560245
26099,LOF,0.04235858967336648,0.014049447055718646,0.9435919632709149
26100,LOF,0.042338484504599226,0.014049742016338662,0.9436117734790621
26101,LOF,0.0603178174855918,0.026879751181486555,0.9128024313329217
26102,LOF,0.03345461024351645,0.016204799673888274,0.9503405900825952
26103,Neutral,0.876488781607547,0.024716803158005927,0.09879441523444724
26104,LOF,0.05898292736930425,0.03904764058189092,0.9019694320488048
26105,LOF,0.22578801192070894,0.2002747082019984,0.5739372798772927
26106,LOF,0.3110394688901355,0.1323843403150647,0.5565761907947997
26107,LOF,0.02014178295336237,0.09901683784218142,0.8808413792044562
26108,LOF,0.2686662590036639,0.05156217606418901,0.6797715649321471
26109,LOF,0.10172687499298093,0.041502161492528236,0.8567709635144908
26110,LOF,0.4799098566242585,0.005324185317177548,0.5147659580585641
26111,LOF,0.056320010672340506,0.10081788160317746,0.8428621077244821
26112,LOF,0.052439749562373995,0.00628487167371357,0.9412753787639124
26113,LOF,0.10141455275029908,0.013425869633762471,0.8851595776159386
26114,LOF,0.09560339217140447,0.008444248738151784,0.8959523590904438
26115,LOF,0.012287745903397717,0.052003966446860214,0.935708287649742
26116,LOF,0.06639400836671072,0.0323338306824534,0.9012721609508358
26117,LOF,0.41413627598277886,0.02961529263773179,0.5562484313794894
26118,LOF,0.04484864343178761,0.014507515167967125,0.9406438414002453
26119,LOF,0.00667498506258403,0.0321770726566573,0.9611479422807587
26120,LOF,0.038886097109008026,0.014307548638545635,0.9468063542524464
26121,LOF,0.004610504773872554,0.12566570153345538,0.8697237936926719
