feature0,prediction,LoGoFunc_Neutral,LoGoFunc_GOF,LoGoFunc_LOF
25546,Neutral,0.6541125133288299,0.04794505749275051,0.2979424291784197
25547,Neutral,0.48010941570763505,0.09189224404538691,0.42799834024697814
25548,Neutral,0.47193043687125236,0.07403753223567568,0.4540320308930721
25549,LOF,0.39833522925541537,0.07593221007732223,0.5257325606672625
25550,LOF,0.35520604285317603,0.10978926303644938,0.5350046941103745
25551,LOF,0.29153328337793666,0.12061869333766692,0.5878480232843964
25552,LOF,0.2262564860223032,0.11886810049207334,0.6548754134856235
25553,Neutral,0.7977240258202407,0.03986408431308735,0.16241188986667193
25554,LOF,0.28009468950075983,0.10749176498597633,0.6124135455132638
25555,LOF,0.22430205741483172,0.10218907789600731,0.673508864689161
25556,LOF,0.4356578963688041,0.08876641309001551,0.4755756905411804
25557,LOF,0.21150503993139674,0.10793445590081037,0.6805605041677929
25558,LOF,0.2757024713887004,0.10832724475661547,0.6159702838546841
25559,LOF,0.18711531327888686,0.1694676388037264,0.6434170479173867
25560,LOF,0.06863560277291492,0.13469611322539962,0.7966682840016854
25561,LOF,0.1321206107911194,0.130798384258421,0.7370810049504597
25562,LOF,0.05874511564391597,0.0868018186031829,0.8544530657529011
25563,LOF,0.08746639428982914,0.078815004683416,0.8337186010267549
25564,LOF,0.237922692766544,0.16768582681006394,0.5943914804233921
25565,LOF,0.19087650325353966,0.13083225993689893,0.6782912368095615
25566,GOF,0.022016493630265727,0.7534451187388369,0.22453838763089723
25567,LOF,0.024217873202208896,0.1370326593719522,0.838749467425839
25568,LOF,0.06313520320194108,0.07337389129279288,0.8634909055052661
25569,LOF,0.0604191375424372,0.07279091340732108,0.8667899490502418
25570,LOF,0.030471147526590667,0.1037008108678752,0.8658280416055341
25571,LOF,0.03055886333572026,0.10249678794476813,0.8669443487195115
25572,LOF,0.03521264125897083,0.1296457190773857,0.8351416396636434
25573,LOF,0.025912566620202762,0.09533819683359405,0.8787492365462032
25574,LOF,0.015094445174890506,0.1801159194589445,0.8047896353661651
25575,LOF,0.025327608749695075,0.11693835116481713,0.8577340400854877
25576,LOF,0.012792967809884839,0.15756895209900768,0.8296380800911074
25577,LOF,0.011727289612503732,0.12535537882517936,0.862917331562317
25578,LOF,0.29436752266812855,0.07963147607663112,0.6260010012552403
25579,LOF,0.12947621019427516,0.08837776765488754,0.7821460221508373
25580,LOF,0.019124399606051574,0.07750579896905146,0.903369801424897
25581,LOF,0.04854417033275523,0.07277716607202643,0.8786786635952183
25582,LOF,0.04789987994169199,0.07141571086970665,0.8806844091886015
25583,LOF,0.02129584904776793,0.08352399554859731,0.8951801554036347
25584,Neutral,0.5158293897570426,0.11097788003021768,0.37319273021273974
25585,LOF,0.014528742098860849,0.1283445432682993,0.8571267146328398
25586,LOF,0.019319315675701304,0.07201970196492012,0.9086609823593786
25587,LOF,0.01805659549630936,0.06334218668051494,0.9186012178231757
25588,LOF,0.018667804814597296,0.07961275674195059,0.9017194384434521
25589,Neutral,0.645052900193773,0.13431158893307957,0.2206355108731474
25590,LOF,0.021339087029748283,0.12075147962797024,0.8579094333422814
25591,LOF,0.08082127086122667,0.06273615387105298,0.8564425752677204
25592,LOF,0.054421634571224675,0.12435082319997494,0.8212275422288003
25593,LOF,0.018740752262573608,0.2861020421592172,0.6951572055782091
25594,LOF,0.037819497894021295,0.12178262883219874,0.84039787327378
25595,LOF,0.03683018618605359,0.08597353439094076,0.8771962794230057
25596,LOF,0.0522130718345474,0.06597172585305414,0.8818152023123985
25597,LOF,0.03332088573026601,0.08032444719279962,0.8863546670769343
25598,LOF,0.03505122420852542,0.09510972454289977,0.8698390512485747
25599,GOF,0.007603041021937005,0.5385270933919656,0.4538698655860975
25600,GOF,0.021853774688714155,0.6095991925705649,0.368547032740721
25601,LOF,0.011436980696740432,0.4039259132644873,0.5846371060387723
25602,LOF,0.012465751307196068,0.05031666065127781,0.9372175880415261
25603,LOF,0.04372465740135191,0.02084082362012572,0.9354345189785224
25604,LOF,0.016110186042967642,0.05622478379429428,0.927665030162738
25605,LOF,0.009982889835469416,0.16438891848289935,0.8256281916816312
25606,LOF,0.1115689663860969,0.2748721920982389,0.6135588415156642
25607,LOF,0.006243561662134816,0.1802818468097726,0.8134745915280926
25608,LOF,0.010669955686276949,0.09705062741162412,0.8922794169020989
25609,LOF,0.07884243364240932,0.39601059629804103,0.5251469700595497
25610,LOF,0.020058850699407178,0.024441363494436204,0.9554997858061566
25611,LOF,0.018441912984122854,0.026842139813367114,0.95471594720251
25612,LOF,0.06117712897167391,0.034529347589060295,0.9042935234392658
25613,LOF,0.05722919162871673,0.03507337468677798,0.9076974336845053
25614,LOF,0.02755659219281029,0.03097792560263159,0.9414654822045581
25615,LOF,0.017243040438365137,0.04443996680971649,0.9383169927519184
25616,LOF,0.0539025504029886,0.02988911262164065,0.9162083369753707
25617,LOF,0.050119678743768034,0.032445699115658796,0.9174346221405731
25618,LOF,0.06443763809195877,0.0342848966326088,0.9012774652754323
25619,LOF,0.018838700838753632,0.030355014873344976,0.9508062842879015
25620,LOF,0.06822136586083155,0.03983597329,0.8919426608491685
25621,LOF,0.01871219050371912,0.032621443435586345,0.9486663660606944
25622,LOF,0.02460474318701147,0.039695623280051655,0.9356996335329367
25623,LOF,0.035768662626131376,0.035770376494452784,0.9284609608794159
25624,LOF,0.023416969795641573,0.03792226320909618,0.9386607669952621
25625,LOF,0.024220059013444407,0.051808749115105995,0.9239711918714497
25626,LOF,0.05412875421299828,0.03380768250106239,0.9120635632859394
25627,Neutral,0.6372504718443259,0.08145370817959668,0.28129581997607733
25628,LOF,0.19682441495493538,0.04473402112115627,0.7584415639239085
25629,LOF,0.039256130770477946,0.061499413961310395,0.8992444552682117
25630,LOF,0.13141863998245384,0.08867872794162537,0.7799026320759207
25631,Neutral,0.602365515577856,0.052696910254057254,0.3449375741680867
25632,LOF,0.008798325255164845,0.06734965920375284,0.9238520155410824
25633,LOF,0.2120008717624788,0.04944837651195301,0.7385507517255682
25634,LOF,0.029920050785660984,0.08924992648508967,0.8808300227292494
25635,LOF,0.03946350091346849,0.053116641875697646,0.907419857210834
25636,LOF,0.005215792461762989,0.4817790515577737,0.5130051559804633
25637,LOF,0.00658784277082059,0.47936572754152834,0.5140464296876511
25638,LOF,0.009840330366697818,0.23814457141075968,0.7520150982225426
25639,LOF,0.005458781336142074,0.391215576090667,0.6033256425731909
25640,Neutral,0.4983504495824132,0.42333559500935614,0.07831395540823058
25641,GOF,0.0073293644881482455,0.5042176206418226,0.48845301487002923
25642,LOF,0.2231334330257249,0.11402047921194239,0.6628460877623328
25643,LOF,0.13913044104510278,0.13806677685120916,0.7228027821036882
25644,GOF,0.007490119812897751,0.5171639569118296,0.47534592327527264
25645,LOF,0.006252706593163258,0.4718364312243978,0.5219108621824389
25646,LOF,0.010290776818079854,0.3722677157811634,0.6174415074007567
25647,LOF,0.007982085045135397,0.3126074121464641,0.6794105028084005
25648,LOF,0.007770311611717151,0.27939313128755344,0.7128365571007294
25649,LOF,0.006830632127097972,0.23707472720316672,0.7560946406697353
25650,LOF,0.011045620536241762,0.4625480814322881,0.5264062980314701
25651,LOF,0.004815151548303105,0.31307253814199404,0.6821123103097028
25652,LOF,0.007996521413113413,0.3006830330830281,0.6913204455038584
25653,LOF,0.02153972158941482,0.43159731488843583,0.5468629635221494
25654,LOF,0.008486629554118616,0.2140447741401901,0.7774685963056913
25655,LOF,0.03478380603732883,0.4628884691278939,0.5023277248347773
25656,LOF,0.20485317330211672,0.05995789123541737,0.735188935462466
25657,LOF,0.2653565047553318,0.03147600398889789,0.7031674912557704
25658,LOF,0.07894093571074258,0.09449176781931747,0.82656729646994
25659,LOF,0.42105475350050386,0.0781035770201329,0.5008416694793631
25660,LOF,0.031679823683970015,0.08732815598864992,0.88099202032738
25661,LOF,0.09731340983607634,0.059965691416802705,0.8427208987471209
25662,LOF,0.0329625895075455,0.03660023753785811,0.9304371729545965
25663,LOF,0.04401408374824958,0.055810548742434636,0.9001753675093159
25664,LOF,0.05068073176429551,0.0676879400128953,0.8816313282228092
25665,LOF,0.05261100657280231,0.02815638742075679,0.9192326060064409
25666,LOF,0.04155198002402101,0.08791874562501337,0.8705292743509655
25667,LOF,0.06577501136746318,0.04276489769217478,0.8914600909403619
25668,LOF,0.03736375107221093,0.04454227633113646,0.9180939725966527
25669,LOF,0.034007219482979786,0.059327579665036226,0.9066652008519839
25670,LOF,0.06508094437607803,0.05484462186708677,0.8800744337568351
25671,LOF,0.09063721673887469,0.035198398528896474,0.8741643847322287
25672,LOF,0.05591297577669719,0.03689459767247236,0.9071924265508305
25673,LOF,0.027691769342672617,0.047827464615128074,0.9244807660421994
25674,LOF,0.023819720158274823,0.06146386516108075,0.9147164146806444
25675,LOF,0.03689309405830105,0.05114212046854808,0.9119647854731507
25676,LOF,0.020286177018492255,0.04906941378678343,0.9306444091947242
25677,LOF,0.028823531988610943,0.06642645703537957,0.9047500109760095
25678,LOF,0.19872557009869685,0.05502535125415988,0.7462490786471433
25679,LOF,0.1674242652057314,0.07433514274718105,0.7582405920470875
25680,LOF,0.04412125025178326,0.1020071846199868,0.8538715651282298
25681,LOF,0.0688212357215486,0.0937425547930563,0.8374362094853951
25682,LOF,0.14571798747934997,0.07018470211123698,0.784097310409413
25683,LOF,0.08181630366830751,0.10434183218539873,0.8138418641462938
25684,LOF,0.0452587828012711,0.0716565342193805,0.8830846829793484
25685,LOF,0.08756626881850735,0.04287694534272479,0.8695567858387678
25686,LOF,0.029381649013842027,0.0825404986359764,0.8880778523501816
25687,LOF,0.05209000533286645,0.06871747552116006,0.8791925191459735
25688,LOF,0.05305657823303715,0.06390978181785523,0.8830336399491076
25689,LOF,0.028568917213458733,0.07978107838558275,0.8916500044009584
25690,LOF,0.043188367469741,0.06445622077814628,0.8923554117521126
25691,LOF,0.2911812811909082,0.08227463343444669,0.6265440853746452
25692,LOF,0.25709836177173784,0.009618591972721288,0.7332830462555409
25693,LOF,0.05020087366905188,0.3322051232314527,0.6175940030994954
25694,LOF,0.21948255948556503,0.01855891372560267,0.7619585267888324
25695,LOF,0.1343560809070974,0.023939980411605784,0.8417039386812968
25696,LOF,0.11056745764055985,0.013782277310272309,0.8756502650491679
25697,LOF,0.08540947417446104,0.02528610022583714,0.8893044255997019
25698,LOF,0.06304539759296703,0.4439890842704153,0.4929655181366178
25699,LOF,0.05710342522270519,0.08246243980100437,0.8604341349762904
25700,LOF,0.05372463745691421,0.01005036058785586,0.9362250019552301
25701,LOF,0.01516609777123492,0.09349910711387836,0.8913347951148867
25702,GOF,0.03868017971343289,0.6412667123378001,0.3200531079487669
25703,LOF,0.009117093419864655,0.15457697711298357,0.8363059294671518
25704,LOF,0.059476693272260975,0.12023989488498546,0.8202834118427536
25705,LOF,0.07659766819775225,0.23113427477894805,0.6922680570232997
25706,LOF,0.029047174188975334,0.3921752391577841,0.5787775866532405
25707,LOF,0.018110436896367023,0.3255735914125364,0.6563159716910966
25708,LOF,0.008397885156167972,0.3033173690762111,0.688284745767621
25709,LOF,0.06420557327077549,0.045308556499422115,0.8904858702298024
25710,LOF,0.005975121793912646,0.13275098756567072,0.8612738906404167
25711,LOF,0.020773712736116477,0.09946486420361852,0.8797614230602651
25712,LOF,0.00836765240158805,0.17365146393522768,0.8179808836631841
25713,LOF,0.022553953432221288,0.09009517070947853,0.8873508758583001
25714,LOF,0.0706244549675997,0.11067561205595429,0.8186999329764459
25715,LOF,0.013773058396935513,0.12389819607692044,0.862328745526144
25716,LOF,0.007009060940821855,0.11527915771520313,0.8777117813439749
25717,LOF,0.006862749688051467,0.07549946220891877,0.9176377881030298
25718,LOF,0.014437456308431849,0.08050400055926664,0.9050585431323015
25719,LOF,0.02330287364474968,0.07774508363889045,0.8989520427163599
25720,LOF,0.024596386039480278,0.07250239387692187,0.9029012200835977
25721,LOF,0.018887622347698522,0.09561174460607624,0.8855006330462253
25722,LOF,0.017121539982461326,0.11307487758026193,0.8698035824372767
25723,LOF,0.02379768271724139,0.05458550858785238,0.9216168086949064
25724,LOF,0.021151579364485744,0.09069920908958481,0.8881492115459295
25725,LOF,0.013805007652434224,0.06642721260617648,0.9197677797413893
25726,LOF,0.017696790945884198,0.09084775897055353,0.8914554500835623
25727,LOF,0.014928456858591942,0.07232639284707082,0.9127451502943372
25728,LOF,0.013044888509744133,0.0947539843154894,0.8922011271747665
25729,LOF,0.013242566257649104,0.09709869087799994,0.889658742864351
25730,LOF,0.01937516294027038,0.07822091320789777,0.9024039238518318
25731,LOF,0.008364178598163144,0.1331427206165454,0.8584931007852915
25732,LOF,0.019467557154964885,0.08179605994768907,0.898736382897346
25733,LOF,0.018772317361061313,0.07288913368771627,0.9083385489512225
25734,LOF,0.00594745322607677,0.11865192977001096,0.8754006170039123
25735,LOF,0.01607038054915227,0.06925334096760687,0.9146762784832408
25736,LOF,0.01716620121968021,0.0993433931003845,0.8834904056799354
25737,LOF,0.02386995696910992,0.08218629324662716,0.8939437497842629
25738,LOF,0.01617270623932823,0.11825423288600641,0.8655730608746653
25739,LOF,0.02293144391211024,0.09817395401225236,0.8788946020756374
25740,LOF,0.036132101879266194,0.11118023176103113,0.8526876663597026
25741,LOF,0.01724990824738644,0.10355518025703406,0.8791949114955795
25742,LOF,0.10884332482498466,0.10100132467901209,0.7901553504960033
25743,LOF,0.01587495434310845,0.030761983210097564,0.9533630624467941
25744,LOF,0.19215155581821902,0.39557864193368825,0.41226980224809273
25745,LOF,0.02368377111337059,0.06111285186413266,0.9152033770224967
25746,LOF,0.014896579124664503,0.07328166485842275,0.9118217560169127
25747,LOF,0.02949210256170315,0.028419415663643248,0.9420884817746535
25748,LOF,0.12282186766596313,0.04995014983858681,0.8272279824954502
25749,LOF,0.013948961188430219,0.061571666787915834,0.924479372023654
25750,LOF,0.02858311664824074,0.07680764337676277,0.8946092399749965
25751,LOF,0.10866947477456589,0.0553427573819722,0.8359877678434618
25752,GOF,0.12695410554529923,0.5895415278279074,0.2835043666267935
25753,LOF,0.008673864804032618,0.2806226470163091,0.7107034881796583
25754,GOF,0.004897717338506851,0.7771410824915361,0.21796120016995715
25755,LOF,0.010223398800868573,0.39398717198391475,0.5957894292152167
25756,LOF,0.052151109616974806,0.35710593107747446,0.5907429593055509
25757,GOF,0.005677419961009694,0.823248890450248,0.17107368958874244
25758,GOF,0.006505942393138759,0.8274264173616663,0.16606764024519508
25759,GOF,0.004560599739375892,0.5415525700644765,0.45388683019614745
25760,LOF,0.00574836455704142,0.24974811010426182,0.7445035253386969
25761,GOF,0.04105028711677544,0.8105237529843244,0.14842595989890014
25762,LOF,0.03626075479541812,0.2716432879583888,0.692095957246193
25763,LOF,0.006578187408162112,0.18713466973577023,0.8062871428560677
25764,GOF,0.16413230979201063,0.49502682235724366,0.3408408678507457
25765,GOF,0.010649347020201616,0.7849510070041502,0.20439964597564814
25766,GOF,0.015570590043508406,0.7999516021357896,0.1844778078207018
25767,GOF,0.02481760033714759,0.5430365273867702,0.43214587227608214
25768,LOF,0.07965397027352224,0.07994760411056151,0.8403984256159163
25769,LOF,0.0839292180813241,0.0599406638209939,0.8561301180976819
25770,LOF,0.34120890732905296,0.07109900450555418,0.5876920881653929
25771,LOF,0.013568948282281612,0.05681584744574489,0.9296152042719736
25772,LOF,0.020958585832509147,0.026996605793508384,0.9520448083739825
25773,LOF,0.012607112246781313,0.11123101863583822,0.8761618691173804
25774,LOF,0.027124728296343263,0.06657834767982011,0.9062969240238365
25775,LOF,0.01628020382165601,0.04799088733588124,0.9357289088424627
25776,LOF,0.08868554012138005,0.023019166453381583,0.8882952934252383
25777,LOF,0.2981418137438992,0.04374460252607444,0.6581135837300265
25778,LOF,0.06677058028383291,0.043959268581827506,0.8892701511343395
25779,GOF,0.09273082198500553,0.8470353592755749,0.06023381873941948
25780,GOF,0.07522053324060012,0.8355965228502723,0.08918294390912748
25781,GOF,0.027148914217440225,0.8575102033100553,0.11534088247250439
25782,GOF,0.03795521511124679,0.8733687170787757,0.08867606780997755
25783,GOF,0.013102630578874548,0.684223318266419,0.3026740511547063
25784,GOF,0.1427439842639581,0.8037983154598884,0.0534577002761533
25785,GOF,0.08282344794673525,0.8624849293258309,0.05469162272743387
25786,GOF,0.005984024972000545,0.8046899465821289,0.1893260284458707
25787,GOF,0.21572378675647183,0.7346280339157005,0.049648179327827634
25788,LOF,0.04780581958062149,0.11055693984520518,0.8416372405741733
25789,GOF,0.034921642899315396,0.8070880645021058,0.15799029259857883
25790,GOF,0.038343862079063096,0.8302003601461602,0.1314557777747766
25791,GOF,0.026097346360537895,0.7718885523091978,0.2020141013302643
25792,GOF,0.05132662994869271,0.757154401428112,0.19151896862319526
25793,GOF,0.08141690553097057,0.7160979604836148,0.2024851339854146
25794,GOF,0.1062898868343785,0.678403246391365,0.21530686677425653
25795,GOF,0.023058842148257753,0.7598094138541662,0.217131743997576
25796,GOF,0.12958629420550088,0.7554623767072367,0.11495132908726242
25797,GOF,0.0335566952269891,0.6015491936745567,0.3648941110984541
25798,GOF,0.003376138264126237,0.5407895323704465,0.45583432936542734
25799,LOF,0.003210157094620992,0.42969845582519706,0.5670913870801819
25800,GOF,0.010939409646256676,0.6266470164852541,0.36241357386848916
25801,GOF,0.04017755138342665,0.814714207728492,0.14510824088808136
25802,GOF,0.018514601437831506,0.7135241732376808,0.2679612253244877
25803,GOF,0.010428812588051934,0.5973126858216645,0.3922585015902836
25804,GOF,0.011978145802127716,0.49766533389802503,0.4903565202998472
25805,GOF,0.01953859716397703,0.6011632519951629,0.3792981508408601
25806,GOF,0.019434052552043873,0.6149462984920365,0.36561964895591964
25807,GOF,0.006145422081531806,0.6423412471131442,0.3515133308053241
25808,GOF,0.015070363498020281,0.6372229879646449,0.34770664853733474
25809,GOF,0.0065852638092428264,0.6048323391051933,0.38858239708556397
25810,GOF,0.005338845101220234,0.6179207113929097,0.37674044350587016
25811,GOF,0.12095012271190751,0.7569827598437817,0.12206711744431085
25812,GOF,0.013374261143757138,0.6351923412593927,0.3514333975968501
25813,GOF,0.12501717555123695,0.7241574947836577,0.1508253296651054
25814,GOF,0.028599487351951322,0.7135856342129964,0.2578148784350522
25815,GOF,0.04249754817808189,0.7171720127798004,0.2403304390421179
25816,GOF,0.00735530739674399,0.7528981534274041,0.23974653917585192
25817,GOF,0.057012550914958986,0.7779114744600971,0.16507597462494392
25818,GOF,0.017232809739370348,0.6990436157164807,0.283723574544149
25819,GOF,0.07764380161499933,0.7360545154926719,0.1863016828923288
25820,GOF,0.03526714140458934,0.7275028950341833,0.23722996356122744
25821,GOF,0.01745464936732563,0.7125968464079285,0.2699485042247459
25822,GOF,0.040878244275997816,0.7211962483011459,0.23792550742285626
25823,GOF,0.012386758236550248,0.5622121814931514,0.4254010602702982
25824,GOF,0.021644495259352022,0.6653656994397078,0.31298980530094017
25825,GOF,0.012263482921457937,0.6429053250031731,0.34483119207536883
25826,GOF,0.005451114583723672,0.6239647357732859,0.3705841496429904
25827,GOF,0.007729811121907157,0.6244493554113467,0.36782083346674616
25828,GOF,0.0051593580257868555,0.5462742449837626,0.4485663969904506
25829,GOF,0.002827631910692516,0.5897247481665832,0.4074476199227243
25830,LOF,0.044197388379260814,0.3155587000198073,0.640243911600932
25831,GOF,0.05461322960771183,0.8062786707209922,0.13910809967129595
25832,GOF,0.008708991123445758,0.7703834083705047,0.22090760050604966
25833,GOF,0.03308824974122628,0.789073206488605,0.17783854377016878
25834,GOF,0.009044139165391017,0.7738892206906807,0.21706664014392837
25835,GOF,0.01901802375743129,0.8013805842282615,0.17960139201430728
25836,GOF,0.007636319710366086,0.7462716887871099,0.246091991502524
25837,GOF,0.006989615579412044,0.668197362844731,0.32481302157585695
25838,GOF,0.023802977567703863,0.8252850093358154,0.15091201309648078
25839,GOF,0.06062104641269627,0.7795577927097355,0.15982116087756829
25840,GOF,0.056534611464036925,0.7928750014258309,0.15059038711013217
25841,GOF,0.0522298382240788,0.8140343551670185,0.13373580660890272
25842,GOF,0.03271849082993096,0.8477218850385402,0.11955962413152887
25843,GOF,0.03494580633022825,0.8637181011422265,0.10133609252754512
25844,GOF,0.021006875836099215,0.7837133544007152,0.1952797697631855
25845,GOF,0.006318977210830216,0.5881663240662698,0.4055146987229
25846,GOF,0.03860540766729607,0.8313659134861654,0.13002867884653851
25847,GOF,0.023360349277855432,0.8753880247740095,0.101251625948135
25848,GOF,0.01350704889383809,0.7834212842184786,0.20307166688768333
25849,GOF,0.004663906163029229,0.6806926956934058,0.31464339814356485
25850,GOF,0.006333608638687864,0.7043445530469244,0.28932183831438774
25851,GOF,0.005960920706020083,0.5953694001060048,0.3986696791879752
25852,GOF,0.16314100477456295,0.5172732319053749,0.3195857633200622
25853,GOF,0.07857207521338506,0.8134785480678599,0.10794937671875508
25854,GOF,0.008529185317689775,0.6423905074636371,0.34908030721867317
25855,GOF,0.013240970472360794,0.6088345832663166,0.37792444626132277
25856,GOF,0.04785689846461155,0.692646272956011,0.2594968285793775
25857,GOF,0.013076573598952873,0.5489948925531688,0.43792853384787817
25858,GOF,0.007524833257133479,0.5470433724318661,0.44543179431100044
25859,GOF,0.005114076834262108,0.5292863017523535,0.4655996214133844
25860,GOF,0.09258772334648008,0.7765621738944843,0.13085010275903555
25861,GOF,0.13238907181267978,0.7637738446671873,0.10383708352013299
25862,GOF,0.020888215592729943,0.8346252960609228,0.14448648834634717
25863,GOF,0.022695357949254504,0.8393659142480662,0.1379387278026794
25864,GOF,0.05140208845285041,0.8654059478351955,0.08319196371195405
25865,GOF,0.027175945364195472,0.8528925051895215,0.11993154944628295
25866,GOF,0.022037654297652642,0.8233965483772049,0.15456579732514242
25867,GOF,0.030986769765481936,0.8566873035002704,0.11232592673424771
25868,GOF,0.06630312301144642,0.783340396223872,0.15035648076468158
25869,GOF,0.33059804649486735,0.5714434630674068,0.09795849043772589
25870,GOF,0.2092118406073311,0.48329243954469714,0.30749571984797164
25871,GOF,0.031651875799524595,0.8239310739508539,0.1444170502496216
25872,GOF,0.019438600281584898,0.749476600974585,0.23108479874383
25873,GOF,0.024741844977722176,0.8108149830764049,0.16444317194587288
25874,LOF,0.018323043281800292,0.1296151214149433,0.8520618353032564
25875,LOF,0.024906690900414055,0.045971910701132705,0.9291213983984532
25876,LOF,0.016533518665629448,0.03077567446102742,0.9526908068733432
25877,LOF,0.14907319955536522,0.07020227746855144,0.7807245229760834
25878,LOF,0.0555862890828015,0.11162958206305205,0.8327841288541464
25879,LOF,0.021148228133350964,0.08219496396125789,0.8966568079053913
25880,LOF,0.047083045268850245,0.011700934099067554,0.9412160206320822
25881,Neutral,0.5458292883240121,0.04100023227583539,0.4131704794001525
25882,LOF,0.020277932882533007,0.03093378664650136,0.9487882804709656
25883,LOF,0.05757812970942361,0.026442375074500382,0.915979495216076
25884,LOF,0.009135342338560547,0.040458250153877016,0.9504064075075624
25885,LOF,0.16668382772058388,0.006328785621566225,0.8269873866578498
25886,LOF,0.2506471186363096,0.0614690751744284,0.6878838061892619
25887,LOF,0.14919493380745674,0.04897261228073086,0.8018324539118125
25888,LOF,0.012566993663488372,0.10614762302654052,0.8812853833099712
25889,LOF,0.01148917684794131,0.032363208539083914,0.9561476146129748
25890,LOF,0.13175215016104092,0.09121194230087787,0.7770359075380813
25891,LOF,0.04056335576243098,0.05280940973203168,0.9066272345055374
25892,LOF,0.0140987549080148,0.043467644809581096,0.9424336002824042
25893,LOF,0.41472543117159666,0.01516300747018084,0.5701115613582225
25894,LOF,0.43544174104110756,0.006961113640176423,0.5575971453187161
25895,LOF,0.3905164064353478,0.016493935902235093,0.5929896576624172
25896,LOF,0.044401868348485855,0.031737181912864204,0.92386094973865
25897,LOF,0.2133561137874359,0.01479894622942324,0.7718449399831409
25898,LOF,0.27539854183707024,0.03758982672424697,0.6870116314386827
25899,LOF,0.17318988221300624,0.03613224062902417,0.7906778771579697
25900,Neutral,0.5003563266834203,0.018407466691769018,0.48123620662481076
25901,LOF,0.04642570052840547,0.015166804158288263,0.9384074953133063
25902,LOF,0.09732885020041183,0.019648904816225304,0.8830222449833629
25903,LOF,0.42144559245625274,0.03946059268810759,0.5390938148556397
25904,LOF,0.32637847130578473,0.05855610373747007,0.6150654249567451
25905,LOF,0.005962346955275671,0.4109316076567678,0.5831060453879565
25906,LOF,0.010034420636401082,0.10008727247457821,0.8898783068890208
25907,LOF,0.004259417740037435,0.3887147403451862,0.6070258419147764
25908,LOF,0.0035360666992178954,0.29585399993084904,0.7006099333699329
25909,LOF,0.01444514270828527,0.12845077960682869,0.8571040776848861
25910,LOF,0.01523715547111635,0.16947146438293006,0.8152913801459535
25911,LOF,0.18506508718938702,0.033030890133746285,0.7819040226768667
25912,LOF,0.06922324083905894,0.040662981395817,0.8901137777651241
25913,LOF,0.08016485010781288,0.05151439174190649,0.8683207581502808
25914,LOF,0.02223590701034639,0.0548253742763079,0.9229387187133457
25915,LOF,0.13350967112757892,0.37997877422664694,0.4865115546457741
25916,LOF,0.017107913552389224,0.2443672848588367,0.7385248015887742
25917,LOF,0.05715253831869092,0.041533091051409066,0.9013143706298999
25918,LOF,0.026793265234358297,0.030321589735192417,0.9428851450304494
25919,LOF,0.022688438569165865,0.02959592605583566,0.9477156353749985
25920,LOF,0.05631159383405669,0.43032024856370843,0.5133681576022349
25921,LOF,0.010354930763328224,0.04418738262552216,0.9454576866111497
25922,LOF,0.013209603287076438,0.03340497944497201,0.9533854172679515
25923,Neutral,0.48547048014828836,0.043833138580375366,0.4706963812713364
25924,LOF,0.01741511366078356,0.04231480694149564,0.9402700793977207
25925,LOF,0.07844060270849038,0.050683082776816074,0.8708763145146936
25926,LOF,0.05402732451668742,0.044846726678217264,0.9011259488050954
25927,LOF,0.015287166657263087,0.1465905038029519,0.8381223295397849
25928,LOF,0.007573295570082807,0.05209445724900554,0.9403322471809116
25929,Neutral,0.6031107470344723,0.04640242312142747,0.3504868298441002
25930,LOF,0.06653444346754009,0.035404934677409745,0.8980606218550502
25931,LOF,0.010148156434085912,0.03487834208486587,0.9549735014810482
25932,LOF,0.0322483625847049,0.03181422549684942,0.9359374119184457
25933,LOF,0.03892185760032579,0.02202462075732288,0.9390535216423515
25934,LOF,0.027707466581572644,0.023944145107100384,0.9483483883113271
25935,LOF,0.06878203317333313,0.06115219012067592,0.870065776705991
25936,LOF,0.045051731249188126,0.02647468562799672,0.9284735831228152
25937,LOF,0.01006133638873778,0.04020827007301459,0.9497303935382476
25938,LOF,0.06656683879038809,0.0663633383230021,0.8670698228866098
25939,LOF,0.040685775570046684,0.02493181678626228,0.9343824076436911
25940,LOF,0.006887819715910365,0.31835378517173235,0.6747583951123574
25941,Neutral,0.5083436514932691,0.05182434230161617,0.4398320062051148
25942,LOF,0.004640006687983674,0.04220441934348039,0.9531555739685359
25943,LOF,0.03311620652078391,0.1252425852463025,0.8416412082329136
25944,LOF,0.09329178084360633,0.0777049160031024,0.8290033031532913
25945,LOF,0.05340202668526823,0.021609577942348156,0.9249883953723835
25946,LOF,0.061600262987236254,0.06326513980634452,0.8751345972064192
25947,LOF,0.45697219416067414,0.07435166600684376,0.46867613983248224
25948,LOF,0.3175342754546982,0.00877249595861888,0.6736932285866829
25949,LOF,0.09016178438794878,0.04393532663279661,0.8659028889792546
25950,GOF,0.04339782925742666,0.520321230574602,0.43628094016797125
25951,LOF,0.022733502518650518,0.3470971699718254,0.630169327509524
25952,LOF,0.2665685689890368,0.2264722176783339,0.5069592133326293
25953,LOF,0.014216963690124158,0.14997727555855023,0.8358057607513256
25954,LOF,0.06935041716905743,0.35787296889905185,0.5727766139318907
25955,LOF,0.012993870132837636,0.1098198630124376,0.8771862668547247
25956,LOF,0.030482403606518615,0.1844804523021844,0.785037144091297
25957,LOF,0.15077658446102074,0.02166275146021853,0.8275606640787607
25958,LOF,0.047300580916539436,0.031046568172124638,0.9216528509113359
25959,LOF,0.013446676893609108,0.3903899198771329,0.596163403229258
25960,LOF,0.006109147109428934,0.05195649480725733,0.9419343580833138
25961,LOF,0.03784762952092286,0.02891857348259387,0.9332337969964833
25962,LOF,0.03163382673056397,0.058136159431704984,0.9102300138377312
25963,LOF,0.0054341261742160965,0.2630598409365154,0.7315060328892685
25964,LOF,0.03397472541539906,0.10699856967642421,0.8590267049081768
25965,LOF,0.34350557124474584,0.10550735973046747,0.5509870690247867
25966,Neutral,0.5000704925571646,0.16600993760115776,0.3339195698416777
25967,LOF,0.0070219735422724595,0.0862929711867187,0.9066850552710088
25968,LOF,0.036092970995273706,0.34771549571950616,0.6161915332852201
25969,LOF,0.12284619440051806,0.05880273974285855,0.8183510658566234
25970,LOF,0.020374571031227764,0.07356017504217373,0.9060652539265985
25971,LOF,0.06501756518219085,0.026352551725604488,0.9086298830922046
25972,LOF,0.0635730268136395,0.03730697049183804,0.8991200026945224
25973,LOF,0.04867135398867253,0.009433021467467407,0.94189562454386
25974,LOF,0.033238501139890304,0.029687372351783193,0.9370741265083264
25975,LOF,0.043191861930538596,0.02129547480743869,0.9355126632620226
25976,LOF,0.09741074537229957,0.009140692770274825,0.8934485618574255
25977,LOF,0.18979470169124943,0.05086646587256155,0.7593388324361889
25978,LOF,0.17328895910947656,0.10987886971097677,0.7168321711795467
25979,LOF,0.1463970172242696,0.10804689296943112,0.7455560898062993
25980,LOF,0.24222199130226804,0.13964451879146136,0.6181334899062705
25981,LOF,0.269854091498389,0.13820352856571505,0.5919423799358958
25982,LOF,0.4189558687564182,0.0905115663132737,0.4905325649303082
25983,LOF,0.41377628360356417,0.09246902399134262,0.49375469240509323
25984,LOF,0.04399802995063967,0.049701179470176514,0.9063007905791838
25985,LOF,0.351739116844984,0.14886733112221603,0.4993935520327999
25986,LOF,0.009339413781760848,0.40065424445006603,0.5900063417681731
25987,LOF,0.035777650736434845,0.07766520699750996,0.8865571422660551
25988,LOF,0.16463932003935208,0.07152904776133442,0.7638316321993135
25989,LOF,0.03592186112352293,0.11882374939151494,0.8452543894849621
25990,LOF,0.03917716416989655,0.17439134574512072,0.7864314900849828
25991,LOF,0.014089551154617545,0.32496364777005465,0.6609468010753278
25992,LOF,0.02273953524343449,0.30142662672531145,0.6758338380312541
25993,LOF,0.02221103317826253,0.07627099318415687,0.9015179736375806
25994,LOF,0.016015560693591852,0.07414645064626302,0.9098379886601451
25995,LOF,0.02216728657233669,0.1557219201291254,0.8221107932985379
25996,LOF,0.302923043120485,0.2748023006314397,0.4222746562480753
25997,LOF,0.07081187754140475,0.3239702374166558,0.6052178850419395
25998,LOF,0.29046854327445776,0.042146040353450924,0.6673854163720913
25999,LOF,0.016458117993771594,0.22285252877557685,0.7606893532306516
26000,LOF,0.14026943129775235,0.024580130861663614,0.8351504378405841
26001,LOF,0.30957542905173757,0.022671778048853532,0.6677527928994088
26002,LOF,0.06827787894962314,0.039083947230594954,0.8926381738197818
26003,GOF,0.003700127703711307,0.6388101636122349,0.3574897086840538
26004,GOF,0.005743777310557891,0.7190713198678397,0.2751849028216024
26005,LOF,0.0027358365256533266,0.4915451729872829,0.5057189904870638
26006,GOF,0.0826851446389983,0.5705380728695921,0.34677678249140953
26007,GOF,0.0056258363804413715,0.5562851606505468,0.43808900296901193
26008,GOF,0.005048128178309364,0.6458964270099854,0.34905544481170514
26009,GOF,0.005854197568767372,0.6723961993060745,0.3217496031251581
26010,GOF,0.0068394073208918,0.7068341337313804,0.28632645894772796
26011,LOF,0.0027455456304289853,0.4808609195234777,0.5163935348460933
26012,GOF,0.0037113363084293866,0.5632742810698019,0.4330143826217687
26013,GOF,0.005069878528911647,0.6521904286670416,0.34273969280404665
26014,LOF,0.049149449854635104,0.0854894402289977,0.8653611099163672
26015,LOF,0.150066712967774,0.021244803670486433,0.8286884833617396
26016,LOF,0.3109226225379069,0.033215593762544175,0.6558617836995488
26017,LOF,0.024472657206140138,0.17141589911165492,0.804111443682205
26018,LOF,0.0781379672278004,0.0462398375643186,0.8756221952078809
26019,LOF,0.07399540207790063,0.037061838985056446,0.8889427589370429
26020,LOF,0.010045907758095104,0.1747402172661533,0.8152138749757516
26021,LOF,0.07104341832670817,0.06286183722842174,0.86609474444487
26022,LOF,0.029588275221438972,0.02642821264782859,0.9439835121307325
26023,LOF,0.05128524254123346,0.02704016362561989,0.9216745938331465
26024,LOF,0.04622878511751661,0.06131185530321053,0.8924593595792729
26025,LOF,0.059430474377262385,0.131463000172195,0.8091065254505426
26026,LOF,0.1300398936499839,0.05216210456487313,0.8177980017851431
26027,LOF,0.05945508664284981,0.02146229037414519,0.9190826229830049
26028,LOF,0.09100930663087534,0.1124573120789836,0.7965333812901411
26029,LOF,0.030123903450202022,0.15798299542266026,0.8118931011271378
26030,LOF,0.15577729869818432,0.019376413755408033,0.8248462875464077
26031,LOF,0.014161985823002526,0.11738066139847408,0.8684573527785234
26032,LOF,0.08131216214929576,0.05068224899687135,0.8680055888538328
26033,LOF,0.09010465345734436,0.04596264816955943,0.8639326983730963
26034,LOF,0.015597267931558953,0.12233701218974238,0.8620657198786986
26035,LOF,0.013958668578687317,0.10231468705670717,0.8837266443646056
26036,LOF,0.017155892457432736,0.1279402284189827,0.8549038791235846
26037,LOF,0.011570367131393628,0.08924162970152016,0.8991880031670861
26038,LOF,0.07133677904878125,0.04702539179249248,0.8816378291587262
26039,LOF,0.02428275004172119,0.11299431987750051,0.8627229300807784
26040,LOF,0.12251820180284928,0.09006325474465739,0.7874185434524934
26041,LOF,0.013735362235516349,0.08380834083569916,0.9024562969287845
26042,LOF,0.01250395036130814,0.0843763830517858,0.9031196665869061
26043,LOF,0.07128787607400874,0.06259653048982487,0.8661155934361663
26044,LOF,0.015606260918791798,0.04804400379577446,0.9363497352854339
26045,LOF,0.05410078832908135,0.07906740938644087,0.8668318022844779
26046,LOF,0.06448289690196789,0.04856528848388093,0.8869518146141513
26047,LOF,0.10907464193853421,0.051258967208193874,0.839666390853272
26048,LOF,0.050978837987497826,0.031108164085740315,0.9179129979267618
26049,Neutral,0.9677097178886918,0.005137527466179353,0.02715275464512894
26050,Neutral,0.9539422041395412,0.0067167087180765445,0.039341087142382325
26051,LOF,0.013713739868263236,0.24305814118660707,0.7432281189451296
26052,LOF,0.016065435858540554,0.3007076837828613,0.6832268803585982
26053,LOF,0.023574332905458118,0.14796042084187963,0.8284652462526623
26054,LOF,0.043527043352237026,0.01777886670772662,0.9386940899400364
26055,LOF,0.05863461870384204,0.01730110897145745,0.9240642723247006
26056,LOF,0.04985558848928015,0.019405309673881505,0.9307391018368384
26057,LOF,0.030989304516099804,0.012720340966812075,0.9562903545170882
26058,LOF,0.03194292914655671,0.011420551535351712,0.9566365193180915
26059,LOF,0.2628579958151271,0.022979142764964187,0.7141628614199088
26060,LOF,0.006614127856014079,0.24881144260466875,0.7445744295393172
26061,LOF,0.004998977785964465,0.012753856684017762,0.9822471655300179
26062,LOF,0.004194778866207559,0.016021769942268005,0.9797834511915243
26063,LOF,0.02157793735407039,0.01075908469557959,0.9676629779503502
26064,LOF,0.0068296890050993184,0.024564498194720178,0.9686058128001804
26065,LOF,0.022324158916453157,0.012781252521208479,0.9648945885623385
26066,LOF,0.02060914223956598,0.010899239235432574,0.9684916185250014
26067,LOF,0.02875530947057511,0.010489172853912336,0.9607555176755126
26068,LOF,0.040283439583704464,0.03039411534181179,0.9293224450744838
26069,LOF,0.24144370124097334,0.01920429418515618,0.7393520045738705
26070,LOF,0.3962957755178569,0.015043056566232761,0.5886611679159103
26071,LOF,0.019830800135332192,0.012262951515928626,0.9679062483487391
26072,LOF,0.005307407305512679,0.01941436190107616,0.9752782307934112
26073,LOF,0.017395556864077802,0.013494419395007042,0.9691100237409153
26074,Neutral,0.8950384059941948,0.006308086341332266,0.09865350766447273
26075,LOF,0.04154398547243833,0.014437494206355412,0.9440185203212063
26076,LOF,0.038976426456015394,0.011011693979682189,0.9500118795643024
26077,LOF,0.11844511897525635,0.006560771487954069,0.8749941095367897
26078,LOF,0.005919803389936047,0.013697260563729873,0.980382936046334
26079,LOF,0.050637443636258044,0.017760143230489515,0.9316024131332524
26080,LOF,0.049391845152246004,0.017781620955469958,0.932826533892284
26081,LOF,0.028129059569895754,0.00812297596459916,0.963747964465505
26082,LOF,0.004472717062619063,0.015708422856299288,0.9798188600810818
26083,LOF,0.13937191755054343,0.01713090710206027,0.8434971753473963
26084,LOF,0.034825081398726955,0.014633704121852017,0.950541214479421
26085,LOF,0.03020091422761334,0.013330026485934504,0.9564690592864521
26086,LOF,0.01849841145268622,0.01229186427137057,0.9692097242759432
26087,LOF,0.02064652352612429,0.009791640735211767,0.9695618357386641
26088,LOF,0.005515419342741898,0.023335553513977893,0.9711490271432803
26089,LOF,0.0371079575545902,0.02260318218145149,0.9402888602639583
26090,LOF,0.036604597431463826,0.018941829632861874,0.9444535729356743
26091,LOF,0.026549142137332043,0.0074457498497906205,0.9660051080128773
26092,LOF,0.01929005628843202,0.008541048996750475,0.9721688947148174
26093,LOF,0.03696798756230501,0.006852796512957158,0.9561792159247379
26094,LOF,0.026588294991345733,0.007249275019279502,0.9661624299893747
26095,LOF,0.014490012940974675,0.017915564329314834,0.9675944227297105
26096,LOF,0.13866133726610583,0.006038152971339275,0.8553005097625549
26097,LOF,0.004907476546462939,0.03876134247372056,0.9563311809798165
26098,LOF,0.06473190057608873,0.01476494386508909,0.9205031555588222
26099,LOF,0.01735973996456749,0.014721838197604102,0.9679184218378285
26100,LOF,0.019911153834845107,0.014438622551268808,0.9656502236138861
26101,LOF,0.045888969162723725,0.023822010254448488,0.9302890205828278
26102,LOF,0.01975131514424032,0.015166997852417992,0.9650816870033416
26103,Neutral,0.8659869145947314,0.023043186873766632,0.11096989853150192
26104,LOF,0.06073690841217213,0.025503477846591356,0.9137596137412365
26105,LOF,0.20820576377452646,0.18657097310718881,0.6052232631182848
26106,LOF,0.37439493912441546,0.1147704321337079,0.5108346287418767
26107,LOF,0.025679107943405284,0.11545836738822804,0.8588625246683667
26108,LOF,0.39757191975189904,0.043234254281339986,0.5591938259667609
26109,LOF,0.02952042831854458,0.06119911070485868,0.9092804609765968
26110,LOF,0.20920382430656867,0.008217197894111879,0.7825789777993195
26111,LOF,0.08140882105155275,0.07252671302569057,0.8460644659227567
26112,LOF,0.03168351018791172,0.007627031114455221,0.960689458697633
26113,LOF,0.059278456640761264,0.01680525829796527,0.9239162850612735
26114,LOF,0.06733748997998865,0.012330993127953913,0.9203315168920574
26115,LOF,0.017382385506512697,0.07214452156284804,0.9104730929306393
26116,LOF,0.08089322247046458,0.03820215368203711,0.8809046238474983
26117,LOF,0.4245069057139657,0.057145372457817895,0.5183477218282164
26118,LOF,0.03307439833300307,0.02573339527677399,0.9411922063902228
26119,LOF,0.0058077111274384054,0.04705407439953362,0.947138214473028
26120,LOF,0.023264804038037313,0.020834627810115098,0.9559005681518477
