feature0,prediction,LoGoFunc_Neutral,LoGoFunc_GOF,LoGoFunc_LOF
25546,Neutral,0.6463250287722514,0.06389971745946964,0.2897752537682789
25547,LOF,0.42752203238365394,0.11154984613827379,0.46092812147807216
25548,Neutral,0.4795069958588939,0.08917728211442785,0.4313157220266783
25549,LOF,0.40662894493154517,0.09249131000810526,0.5008797450603496
25550,LOF,0.3357069545032233,0.14630966422279265,0.517983381273984
25551,LOF,0.2838061882013664,0.1700764492137532,0.5461173625848804
25552,LOF,0.19329315357741927,0.15809859097481502,0.6486082554477657
25553,Neutral,0.7924715255006721,0.0540342118788984,0.15349426262042937
25554,LOF,0.22582519638266854,0.15375915883912755,0.6204156447782039
25555,LOF,0.1904600287911454,0.13309132292190232,0.6764486482869523
25556,LOF,0.3948432750300761,0.12086714714912769,0.4842895778207962
25557,LOF,0.17893232507519874,0.14262300318061943,0.6784446717441818
25558,LOF,0.22697961143345402,0.1479517302210158,0.6250686583455302
25559,LOF,0.17266662683342993,0.12273669372233768,0.7045966794442323
25560,LOF,0.06434222734444295,0.15017488641639892,0.7854828862391581
25561,LOF,0.13951744361118804,0.140436215410331,0.7200463409784809
25562,LOF,0.061614155106096885,0.08928608087283173,0.8490997640210713
25563,LOF,0.09052853822661587,0.09627086043623188,0.8132006013371522
25564,LOF,0.22128932013313654,0.16979240581858956,0.6089182740482739
25565,LOF,0.14955850013474284,0.14264267574927675,0.7077988241159804
25566,GOF,0.019165120443034596,0.7679719489340169,0.21286293062294867
25567,LOF,0.020595007337142424,0.17273440113437483,0.8066705915284829
25568,LOF,0.06063663909633667,0.07763563475158583,0.8617277261520775
25569,LOF,0.060285157962055656,0.07803954585946049,0.8616752961784838
25570,LOF,0.032766574453339734,0.10784201277880247,0.8593914127678578
25571,LOF,0.030876991441397557,0.10987887782826483,0.8592441307303376
25572,LOF,0.032853963019161735,0.1463014763891468,0.8208445605916914
25573,LOF,0.029792298396159995,0.1078601790876777,0.8623475225161622
25574,LOF,0.018067886763253806,0.15534685834375114,0.8265852548929951
25575,LOF,0.026089480841676893,0.11993464995524156,0.8539758692030817
25576,LOF,0.012070288155726628,0.16731459508312696,0.8206151167611464
25577,LOF,0.011335484046376342,0.12956920388599105,0.8590953120676326
25578,LOF,0.2893749857784762,0.08625413050727959,0.6243708837142442
25579,LOF,0.12179182595373628,0.09494901145409482,0.7832591625921689
25580,LOF,0.01931796690668844,0.08574150197846442,0.8949405311148472
25581,LOF,0.046465297499879356,0.07653206423646532,0.8770026382636553
25582,LOF,0.04635221343595583,0.07469968963147698,0.8789480969325671
25583,LOF,0.021094340691606775,0.0941673854662407,0.8847382738421525
25584,Neutral,0.5402302583378201,0.1050010382377174,0.3547687034244626
25585,LOF,0.012377244505313287,0.16093401770701776,0.826688737787669
25586,LOF,0.018726135671256763,0.07802533672238375,0.9032485276063595
25587,LOF,0.01730231585544656,0.07097263329576438,0.9117250508487891
25588,LOF,0.01747530390610497,0.08695523706868388,0.8955694590252111
25589,Neutral,0.6350660105686083,0.13980436170622504,0.22512962772516668
25590,LOF,0.020123220717103468,0.13284187641852857,0.8470349028643679
25591,LOF,0.08170626857157313,0.06509808799125703,0.8531956434371699
25592,LOF,0.05134027354627786,0.13595043971963405,0.8127092867340882
25593,LOF,0.022175250495228126,0.2451773895640803,0.7326473599406915
25594,LOF,0.03905283567921625,0.10959685288402836,0.8513503114367554
25595,LOF,0.03945109868429714,0.08396818094466159,0.8765807203710414
25596,LOF,0.05266161050106865,0.07046459759017748,0.8768737919087539
25597,LOF,0.03659366468089799,0.07060492187485512,0.8928014134442469
25598,LOF,0.03717189488695635,0.0892239632021778,0.8736041419108659
25599,GOF,0.007965234174273656,0.590095507403905,0.40193925842182143
25600,GOF,0.02919371098650452,0.6427216107067615,0.32808467830673405
25601,LOF,0.01244774776949391,0.4276866707045293,0.5598655815259768
25602,LOF,0.015661860309013818,0.05062878892010366,0.9337093507708826
25603,LOF,0.04824963113368292,0.019928070327095655,0.9318222985392214
25604,LOF,0.01656292797860527,0.06346281653158886,0.9199742554898059
25605,LOF,0.008256497950662535,0.19729268892788543,0.794450813121452
25606,LOF,0.08884250677084798,0.3629660483762987,0.5481914448528533
25607,LOF,0.004900899080304458,0.24527083235419256,0.749828268565503
25608,LOF,0.012808461588402063,0.1039607647577741,0.8832307736538239
25609,LOF,0.07430959548046047,0.370126371192526,0.5555640333270135
25610,LOF,0.01896016507396341,0.025785079303825665,0.9552547556222111
25611,LOF,0.018378652837761415,0.028553427552655313,0.9530679196095831
25612,LOF,0.05938423096006104,0.0370414480070981,0.903574321032841
25613,LOF,0.053135950361446416,0.03894275416144561,0.9079212954771081
25614,LOF,0.02647589825863228,0.029462260105237316,0.9440618416361304
25615,LOF,0.017144617854964947,0.03966879846045959,0.9431865836845755
25616,LOF,0.05285951818766678,0.029122959259638474,0.9180175225526946
25617,LOF,0.0507124560459086,0.033826543767894304,0.915461000186197
25618,LOF,0.06548647518348537,0.03389420729204146,0.9006193175244732
25619,LOF,0.018536280336797325,0.031150660509966323,0.9503130591532363
25620,LOF,0.06907527579885156,0.03825698875879058,0.892667735442358
25621,LOF,0.01775998211094834,0.04023608799996646,0.9420039298890852
25622,LOF,0.02228562129727054,0.04211736711188862,0.9355970115908409
25623,LOF,0.03457047552671431,0.033945524866432555,0.9314839996068532
25624,LOF,0.02238056142104647,0.038100096984070644,0.9395193415948829
25625,LOF,0.023022372012137512,0.058048236092530785,0.9189293918953317
25626,LOF,0.05445145942977579,0.0384792852790625,0.9070692552911617
25627,Neutral,0.581183565334652,0.10404478462648019,0.31477165003886776
25628,LOF,0.20915639832516608,0.05505880981877276,0.7357847918560613
25629,LOF,0.04267732737038082,0.05979043705236941,0.8975322355772498
25630,LOF,0.14500661236324594,0.09653815431700752,0.7584552333197466
25631,Neutral,0.5959898414948178,0.06658867941744132,0.33742147908774084
25632,LOF,0.0077747486222867045,0.0688011256552718,0.9234241257224416
25633,LOF,0.20812832198840417,0.04385794398104654,0.7480137340305493
25634,LOF,0.03094732478117391,0.09698808678238066,0.8720645884364455
25635,LOF,0.03558345717311313,0.048661807977894274,0.9157547348489926
25636,GOF,0.005118557678957193,0.5991774618250093,0.39570398049603356
25637,GOF,0.007469548685127962,0.6133693819260847,0.3791610693887873
25638,LOF,0.01002871835909749,0.31523572197319344,0.674735559667709
25639,LOF,0.004977275560798571,0.46188038834566014,0.5331423360935412
25640,GOF,0.43640488354230417,0.47279669374245975,0.09079842271523593
25641,LOF,0.013374449941447944,0.31057937587558804,0.676046174182964
25642,LOF,0.26005563011791233,0.059628065844900865,0.6803163040371867
25643,LOF,0.14075212489060074,0.15585972536476148,0.7033881497446377
25644,LOF,0.009031048738050758,0.43541981817856157,0.5555491330833876
25645,LOF,0.007567967518752537,0.4250701858966175,0.5673618465846301
25646,LOF,0.011945831257076194,0.3069364575999171,0.6811177111430067
25647,LOF,0.009982323805085727,0.26094738388901656,0.7290702923058978
25648,LOF,0.009602435251045519,0.25675776625006674,0.7336397984988877
25649,LOF,0.007719534526825663,0.2033670723719056,0.7889133931012687
25650,LOF,0.013983470338998964,0.38532112883173614,0.6006954008292648
25651,LOF,0.005775276472576208,0.26844298270451017,0.7257817408229137
25652,LOF,0.009278784261395443,0.24163550705639109,0.7490857086822135
25653,LOF,0.027192621619979162,0.3577235850656912,0.6150837933143297
25654,LOF,0.010556840981689812,0.1343183821237375,0.8551247768945728
25655,LOF,0.05277464968483922,0.4028492398266744,0.5443761104884863
25656,LOF,0.18369843153003848,0.04631478964059355,0.769986778829368
25657,LOF,0.256571209528393,0.02823524084938935,0.7151935496222176
25658,LOF,0.0746613359927933,0.07245418588357252,0.8528844781236341
25659,LOF,0.43593886090581757,0.057718014019379114,0.5063431250748034
25660,LOF,0.029487533914567376,0.09531908449861122,0.8751933815868214
25661,LOF,0.09581880663345495,0.06806213980616906,0.8361190535603761
25662,LOF,0.031013158173601885,0.04446279201104416,0.9245240498153541
25663,LOF,0.03859289912603402,0.06799527508891692,0.8934118257850491
25664,LOF,0.044764698446830946,0.08708046409486567,0.8681548374583035
25665,LOF,0.0543467460722128,0.03786343403110252,0.9077898198966846
25666,LOF,0.03232347878552037,0.10883917484249134,0.8588373463719883
25667,LOF,0.06657000815046425,0.05353311349136463,0.8798968783581711
25668,LOF,0.03451793924320013,0.054633855709237275,0.9108482050475626
25669,LOF,0.03169945640719973,0.07880884228238498,0.8894917013104152
25670,LOF,0.05146040230052586,0.06732786976652812,0.8812117279329459
25671,LOF,0.10052003640910397,0.041219502093186006,0.85826046149771
25672,LOF,0.05569028599291898,0.04572556762854325,0.8985841463785378
25673,LOF,0.023031681780025622,0.06313709560841381,0.9138312226115607
25674,LOF,0.021023222203059626,0.07387762982224753,0.9050991479746928
25675,LOF,0.030783789189594565,0.06726510721975007,0.9019511035906553
25676,LOF,0.019459869918243174,0.05838317499211582,0.922156955089641
25677,LOF,0.027796031644815398,0.07193153534219039,0.9002724330129942
25678,LOF,0.18659777639816386,0.061716280262047334,0.7516859433397889
25679,LOF,0.16371302444054017,0.0882358636483576,0.7480511119111022
25680,LOF,0.044759192521930946,0.1097829190850755,0.8454578883929935
25681,LOF,0.06972790991024634,0.10276029011253297,0.8275117999772207
25682,LOF,0.14415493687041372,0.07897755235252656,0.7768675107770597
25683,LOF,0.07971307712858806,0.11885052531434226,0.8014363975570696
25684,LOF,0.043930088485982295,0.07497791565956903,0.8810919958544488
25685,LOF,0.07803277510448825,0.054678695944590475,0.8672885289509212
25686,LOF,0.025678898247195832,0.0856000961735646,0.8887210055792396
25687,LOF,0.04965036555224968,0.06929903399924035,0.88105060044851
25688,LOF,0.04402477463190657,0.058206458540199665,0.8977687668278937
25689,LOF,0.027384502602146674,0.07306773475658969,0.8995477626412637
25690,LOF,0.03592395153716175,0.05861081880003429,0.9054652296628041
25691,LOF,0.249638024340349,0.0826817904302699,0.6676801852293811
25692,LOF,0.27124234592462554,0.006795752908293029,0.7219619011670815
25693,LOF,0.08229770534366583,0.25708279548154717,0.660619499174787
25694,LOF,0.24453420979591417,0.012780492686126965,0.742685297517959
25695,LOF,0.14855675484825992,0.022374169269431518,0.8290690758823085
25696,LOF,0.11355812700386207,0.011916851514311167,0.8745250214818269
25697,LOF,0.0997114434883344,0.02309041039280431,0.8771981461188614
25698,LOF,0.051573638204012874,0.44828461195853214,0.500141749837455
25699,LOF,0.06732287897887142,0.08448791406742841,0.8481892069537001
25700,LOF,0.05416243280535044,0.009567397533326832,0.9362701696613227
25701,LOF,0.0170965332537796,0.07218662284575232,0.910716843900468
25702,GOF,0.03622499189711481,0.7061707990669128,0.2576042090359725
25703,LOF,0.008422322700185078,0.1647091489422428,0.8268685283575722
25704,LOF,0.05729167985796652,0.14342841846923493,0.7992799016727986
25705,LOF,0.06517726819364703,0.24872195134629538,0.6861007804600576
25706,GOF,0.02283331165363702,0.5118089706689609,0.4653577176774021
25707,LOF,0.017002580364345713,0.4875582703822765,0.4954391492533777
25708,LOF,0.007451803098667893,0.4495757948032697,0.5429724020980624
25709,LOF,0.05786880256603359,0.07000976924518028,0.8721214281887862
25710,LOF,0.005134918326889497,0.1781047148399497,0.8167603668331609
25711,LOF,0.017207400889242743,0.15151462393068293,0.8312779751800744
25712,LOF,0.0067115065617976725,0.2317085823282622,0.76157991110994
25713,LOF,0.01833174320088372,0.12765797350728408,0.8540102832918323
25714,LOF,0.060275319264059275,0.1500095845664143,0.7897150961695263
25715,LOF,0.011139895181030401,0.17543724631457552,0.8134228585043941
25716,LOF,0.005946257225348745,0.13441049630602941,0.8596432464686219
25717,LOF,0.00534767304833773,0.11992885453346734,0.874723472418195
25718,LOF,0.011799279032247676,0.11829478224320218,0.86990593872455
25719,LOF,0.019111056198671414,0.12741996940223177,0.8534689743990969
25720,LOF,0.019735511353911772,0.11399165553997527,0.8662728331061129
25721,LOF,0.016216918010654877,0.13695802893201225,0.8468250530573329
25722,LOF,0.013341257039002366,0.16667428412945984,0.8199844588315378
25723,LOF,0.01954948635538575,0.09320630643758906,0.8872442072070252
25724,LOF,0.017238512326670053,0.1393969195204041,0.8433645681529259
25725,LOF,0.011648367567628276,0.10314380278968238,0.8852078296426894
25726,LOF,0.014615612798944116,0.1468911986166565,0.8384931885843995
25727,LOF,0.012408116240964861,0.11014705144577089,0.8774448323132643
25728,LOF,0.01052798720917252,0.14272329127725442,0.8467487215135732
25729,LOF,0.010824880710975508,0.1494591466688354,0.8397159726201892
25730,LOF,0.015502981925740046,0.12487732181533376,0.8596196962589262
25731,LOF,0.007517415626616783,0.15474436195337996,0.8377382224200033
25732,LOF,0.015341048427224545,0.10951040593627563,0.8751485456364998
25733,LOF,0.01587252511870749,0.10111014154335489,0.8830173333379376
25734,LOF,0.005475476741398504,0.16285213672766102,0.8316723865309404
25735,LOF,0.013549499790998525,0.1022090500940562,0.8842414501149453
25736,LOF,0.013613685673191048,0.14096032610108697,0.8454259882257221
25737,LOF,0.019537364836883793,0.11680795307794617,0.86365468208517
25738,LOF,0.013097112474005173,0.17051430151735816,0.8163885860086366
25739,LOF,0.0190741749862911,0.14911937634057976,0.8318064486731291
25740,LOF,0.030223569343649007,0.14427985753788067,0.8254965731184705
25741,LOF,0.014917114278473838,0.13436860805054693,0.8507142776709792
25742,LOF,0.09018057300418274,0.13284991768587642,0.7769695093099408
25743,LOF,0.014428462162955067,0.032368851859793546,0.9532026859772513
25744,LOF,0.2527024303613813,0.3056784234845136,0.4416191461541052
25745,LOF,0.02772686355739796,0.041330175593745806,0.9309429608488562
25746,LOF,0.01633899664267402,0.05121177116224127,0.9324492321950848
25747,LOF,0.029048981816057338,0.02444626008776349,0.9465047580961792
25748,LOF,0.12092552602016295,0.039916742930831466,0.8391577310490055
25749,LOF,0.015292012327540917,0.03609587287707915,0.94861211479538
25750,LOF,0.033252658519637025,0.05471134946997082,0.9120359920103921
25751,LOF,0.11793046341405598,0.04553364147530548,0.8365358951106386
25752,GOF,0.11764522175997927,0.6039458787636677,0.27840889947635306
25753,LOF,0.007554772754409346,0.30213995007074984,0.6903052771748408
25754,GOF,0.004919728361694947,0.776474403295259,0.2186058683430461
25755,LOF,0.008519006359151494,0.39398103531394285,0.5974999583269056
25756,LOF,0.04388886259186112,0.38539904017551435,0.5707120972326245
25757,GOF,0.005590118468197931,0.8432314136509599,0.15117846788084222
25758,GOF,0.007204937248449389,0.8517307650334611,0.14106429771808945
25759,GOF,0.0042480549441501975,0.5463606934923768,0.4493912515634729
25760,LOF,0.005150009174909328,0.27129842950370603,0.7235515613213847
25761,GOF,0.0374585426898842,0.8132073152552488,0.14933414205486692
25762,LOF,0.03173738203772416,0.293229517657974,0.6750331003043017
25763,LOF,0.006206776569855835,0.22122642855257088,0.7725667948775733
25764,GOF,0.189751120101641,0.47931744394192877,0.33093143595643015
25765,GOF,0.010909258016872118,0.7626547806978448,0.2264359612852831
25766,GOF,0.018280552707588278,0.7975742801711673,0.1841451671212443
25767,LOF,0.019248517621692142,0.48900182065598485,0.49174966172232293
25768,LOF,0.08004334666354601,0.06770736099388422,0.8522492923425697
25769,LOF,0.08370897720296142,0.05281736559683121,0.8634736572002074
25770,LOF,0.33405949399899054,0.06675802491705453,0.599182481083955
25771,LOF,0.014470389573538274,0.05095785382247063,0.934571756603991
25772,LOF,0.020281718241804293,0.025466831230652822,0.9542514505275428
25773,LOF,0.010864567561729134,0.10226599398216885,0.886869438456102
25774,LOF,0.025184945550690466,0.06151395677233239,0.9133010976769771
25775,LOF,0.014764734658085869,0.04590798732212599,0.9393272780197881
25776,LOF,0.08601149487825338,0.020552827039128283,0.8934356780826183
25777,LOF,0.2947640368654809,0.04065995654672381,0.6645760065877953
25778,LOF,0.0719331386436266,0.03930478257757213,0.8887620787788013
25779,GOF,0.06635730645162727,0.8770238301641449,0.05661886338422785
25780,GOF,0.06591491274225571,0.8512630140284755,0.08282207322926896
25781,GOF,0.02749105744402501,0.8521638330508903,0.12034510950508466
25782,GOF,0.03251477014228207,0.8797642820970267,0.0877209477606912
25783,GOF,0.012012169380986149,0.6649352870071427,0.32305254361187113
25784,GOF,0.11779613676868521,0.8307348669867611,0.05146899624455355
25785,GOF,0.07873000644380435,0.8715132686099142,0.04975672494628131
25786,GOF,0.00577751785313119,0.807824531132557,0.18639795101431184
25787,GOF,0.1961148286933896,0.761909127333856,0.041976043972754444
25788,LOF,0.04912165170864651,0.11697741841868262,0.833900929872671
25789,GOF,0.04089902745449047,0.8157948462301359,0.14330612631537368
25790,GOF,0.046026533840882546,0.8268968895548551,0.12707657660426225
25791,GOF,0.030119736861907956,0.7827797631134795,0.18710050002461254
25792,GOF,0.049454149862361796,0.7834247704106595,0.16712107972697873
25793,GOF,0.08340056432155846,0.7333891159408841,0.1832103197375574
25794,GOF,0.11893185042048042,0.6817831761163867,0.19928497346313287
25795,GOF,0.026104064921667627,0.7816732961780105,0.19222263890032187
25796,GOF,0.13397349019525603,0.7667842437109416,0.09924226609380256
25797,GOF,0.035238254327602185,0.5874569993766807,0.3773047462957169
25798,GOF,0.0033057509138820964,0.5414501700089401,0.45524407907717784
25799,LOF,0.0029681495512468544,0.42726241877521254,0.5697694316735405
25800,GOF,0.010387720867783848,0.6289271622755733,0.3606851168566429
25801,GOF,0.029399181494558346,0.8094926053608253,0.16110821314461626
25802,GOF,0.02003766804600584,0.7333526702756389,0.24660966167835527
25803,GOF,0.009890896571676895,0.6211182085745158,0.3689908948538072
25804,LOF,0.012268588311563168,0.47943822051954954,0.5082931911688873
25805,GOF,0.020444849199740572,0.6039342135098499,0.3756209372904096
25806,GOF,0.01797120337666671,0.6459164725848106,0.33611232403852276
25807,GOF,0.005434419857780853,0.6501598458617205,0.3444057342804987
25808,GOF,0.015233268241481631,0.646538133829355,0.3382285979291634
25809,GOF,0.005985641624672111,0.6298018602811906,0.3642124980941373
25810,GOF,0.005087636738192833,0.6394336625753215,0.3554787006864857
25811,GOF,0.0950103834258423,0.7991980499358727,0.10579156663828493
25812,GOF,0.013134258337464802,0.6363713166848598,0.35049442497767525
25813,GOF,0.10537651057353899,0.7408319463382264,0.15379154308823473
25814,GOF,0.03153258962658739,0.7131549094964718,0.2553125008769409
25815,GOF,0.04445326310974,0.7203937963256116,0.23515294056464847
25816,GOF,0.007513502435242423,0.7580968779167323,0.23438961964802518
25817,GOF,0.06985059257897153,0.7765166404937336,0.15363276692729494
25818,GOF,0.017688802246963443,0.714658860732376,0.26765233702066055
25819,GOF,0.07107952109155591,0.7383172013930521,0.19060327751539186
25820,GOF,0.03186731687911044,0.7369883371271915,0.23114434599369804
25821,GOF,0.01670440986674213,0.7191574226627856,0.2641381674704723
25822,GOF,0.0378820249838177,0.7124641174721215,0.2496538575440608
25823,GOF,0.012162231189012739,0.5463057919794828,0.4415319768315044
25824,GOF,0.02335534787354643,0.674810576428421,0.3018340756980326
25825,GOF,0.012589503193144811,0.6539888490564661,0.33342164775038907
25826,GOF,0.004887743982920101,0.6228729238311301,0.3722393321859498
25827,GOF,0.007101248159384643,0.6161079056540398,0.37679084618657543
25828,GOF,0.005074592658316718,0.5344668752271861,0.46045853211449733
25829,GOF,0.0027000083460005553,0.6118743678372333,0.38542562381676604
25830,LOF,0.040541601347718566,0.35090358410694933,0.6085548145453321
25831,GOF,0.0349072339096148,0.8408095095880989,0.12428325650228629
25832,GOF,0.0074398131067757965,0.7719048590580577,0.22065532783516642
25833,GOF,0.02675308681239929,0.8132124729149127,0.16003444027268793
25834,GOF,0.007869302201715075,0.7738445309220201,0.2182861668762648
25835,GOF,0.01808192151342349,0.8216332724161061,0.16028480607047058
25836,GOF,0.006441756778670424,0.7707145639402478,0.22284367928108179
25837,GOF,0.006467526043349083,0.6631298996215771,0.3304025743350738
25838,GOF,0.020718538347858795,0.8394647585672848,0.1398167030848566
25839,GOF,0.04409147672759741,0.7937052734361366,0.16220324983626588
25840,GOF,0.040605238952693724,0.8295104341023284,0.1298843269449778
25841,GOF,0.03797694046174655,0.8430269359844602,0.11899612355379331
25842,GOF,0.025102304226895803,0.8632668478869266,0.11163084788617757
25843,GOF,0.025581221150501855,0.8812241194025646,0.0931946594469337
25844,GOF,0.01752708416318186,0.8011177995030376,0.18135511633378051
25845,GOF,0.004823374374153962,0.5745407493449813,0.4206358762808648
25846,GOF,0.026738340312850568,0.8579053452641593,0.11535631442299012
25847,GOF,0.016809118568526,0.8790475756845088,0.10414330574696504
25848,GOF,0.013774883620968355,0.7865803752020797,0.19964474117695205
25849,GOF,0.0042876834191831826,0.666751751227616,0.3289605653532008
25850,GOF,0.007009685227862152,0.6945829915742043,0.29840732319793356
25851,GOF,0.006388356162406895,0.5706059328061828,0.4230057110314104
25852,GOF,0.15476534959614605,0.5301080195615842,0.3151266308422698
25853,GOF,0.06935665678730961,0.8356290541241551,0.09501428908853526
25854,GOF,0.009050002026014815,0.657229540985534,0.33372045698845126
25855,GOF,0.014631196206403196,0.594747788590296,0.3906210152033009
25856,GOF,0.040847540562386785,0.7154285260539021,0.24372393338371104
25857,GOF,0.01410848834282833,0.5251689930602318,0.46072251859693986
25858,GOF,0.007934080382716898,0.5473982595998534,0.4446676600174297
25859,GOF,0.005457825340066571,0.5213844072286118,0.4731577674313217
25860,GOF,0.07435794398241606,0.7976771171834353,0.12796493883414878
25861,GOF,0.10290557924764307,0.8006112469005704,0.0964831738517865
25862,GOF,0.019028162272086976,0.8492180426988934,0.1317537950290197
25863,GOF,0.0181595312292567,0.8649168916057884,0.11692357716495494
25864,GOF,0.04229985686058967,0.8751148820304925,0.08258526110891792
25865,GOF,0.031643587777762626,0.845267346583856,0.1230890656383813
25866,GOF,0.024063002257180693,0.8445987561748558,0.1313382415679635
25867,GOF,0.026015914102324192,0.8740334968693053,0.09995058902837041
25868,GOF,0.05220932520038102,0.7997882947567284,0.1480023800428905
25869,GOF,0.2936227307381878,0.6048120239463886,0.10156524531542353
25870,GOF,0.1901027893622307,0.522859553849404,0.28703765678836524
25871,GOF,0.02813331662160882,0.855696226254307,0.11617045712408407
25872,GOF,0.015901590920512257,0.7778832091544546,0.20621519992503312
25873,GOF,0.01827314018154624,0.8484158199663027,0.133311039852151
25874,LOF,0.016973446599728256,0.12476668649737148,0.8582598669029002
25875,LOF,0.027188896683841425,0.03633880679438905,0.9364722965217696
25876,LOF,0.014600879035568493,0.033065269739187025,0.9523338512252445
25877,LOF,0.1280275786231324,0.06512342582546053,0.8068489955514071
25878,LOF,0.05025986777114164,0.08678732035033417,0.8629528118785241
25879,LOF,0.022162988226216325,0.06796097378647616,0.9098760379873075
25880,LOF,0.0431375453565804,0.011374528383314968,0.9454879262601047
25881,Neutral,0.5812606982070242,0.04767499405595258,0.37106430773702326
25882,LOF,0.022586759436354683,0.03075353121607139,0.9466597093475738
25883,LOF,0.07637256076574553,0.021012975667323026,0.9026144635669314
25884,LOF,0.012310532492380667,0.03892662570133978,0.9487628418062797
25885,LOF,0.17611257924254242,0.006648229479206339,0.8172391912782512
25886,LOF,0.3383174919324214,0.04296690709201417,0.6187156009755646
25887,LOF,0.16446369400842456,0.06062567575292715,0.7749106302386483
25888,LOF,0.013912129035654424,0.11060985481058977,0.8754780161537558
25889,LOF,0.014002406777608039,0.03022999139322298,0.9557676018291689
25890,LOF,0.1210684523805497,0.07894707502402137,0.7999844725954289
25891,LOF,0.046998673588108206,0.04153137028320572,0.911469956128686
25892,LOF,0.01115354696117327,0.04308111433070968,0.9457653387081171
25893,LOF,0.3957088142997702,0.013476360934716157,0.5908148247655136
25894,LOF,0.4305630933223449,0.0068283418544687665,0.5626085648231863
25895,LOF,0.3692692055850608,0.014489617638309513,0.6162411767766297
25896,LOF,0.04190158124044509,0.023805337853390004,0.9342930809061649
25897,LOF,0.19327021025558813,0.013858477973661992,0.7928713117707499
25898,LOF,0.21643148071718088,0.03379112385580337,0.7497773954270157
25899,LOF,0.18924071195820438,0.02554377696238553,0.78521551107941
25900,LOF,0.4762509645130276,0.011520724627299401,0.512228310859673
25901,LOF,0.046510174236459235,0.010791179780693286,0.9426986459828474
25902,LOF,0.10039509880524027,0.01767570565652337,0.8819291955382365
25903,LOF,0.36351312091580806,0.03565786094792186,0.60082901813627
25904,LOF,0.3292310515511864,0.04105099898467289,0.6297179494641406
25905,LOF,0.00703318761167556,0.41995139581897145,0.573015416569353
25906,LOF,0.009339773847954671,0.11522444873825045,0.8754357774137949
25907,LOF,0.004016846408886676,0.3531521580362592,0.6428309955548542
25908,LOF,0.0037894292799101454,0.25242290370969556,0.7437876670103942
25909,LOF,0.013049560310360508,0.1483508681081112,0.8385995715815283
25910,LOF,0.015136187667398705,0.15048897284328358,0.8343748394893178
25911,LOF,0.18389072863532588,0.025721668030142277,0.7903876033345317
25912,LOF,0.07840160893314108,0.03760989359089991,0.883988497475959
25913,LOF,0.07232603802529797,0.04744210945086423,0.8802318525238377
25914,LOF,0.021137708105311404,0.05659595724255623,0.9222663346521324
25915,LOF,0.139331674209199,0.27706009297785855,0.5836082328129425
25916,LOF,0.020657849059682182,0.18615692383300161,0.7931852271073162
25917,LOF,0.053714020059520695,0.04023299185827362,0.9060529880822057
25918,LOF,0.02656816216335327,0.031740892391226475,0.9416909454454202
25919,LOF,0.022520704849055093,0.031047526816605348,0.9464317683343396
25920,LOF,0.1082458896415186,0.2054696313419149,0.6862844790165666
25921,LOF,0.009886972572363305,0.03658363366876437,0.9535293937588724
25922,LOF,0.012965691740481945,0.028533211559461934,0.9585010967000561
25923,Neutral,0.4865069120901455,0.039548382271907774,0.4739447056379468
25924,LOF,0.01611996507568097,0.043153438392075714,0.9407265965322433
25925,LOF,0.07696360789107934,0.04980756259952103,0.8732288295093996
25926,LOF,0.05490784003510002,0.043365846706086994,0.901726313258813
25927,LOF,0.018955888817214606,0.06393727413345633,0.917106837049329
25928,LOF,0.007676309728467093,0.04896980113334071,0.9433538891381922
25929,Neutral,0.6038088627403034,0.04211379138068568,0.3540773458790109
25930,LOF,0.06978738211169704,0.03576096501040911,0.8944516528778937
25931,LOF,0.009604727440623292,0.03488379362001859,0.9555114789393582
25932,LOF,0.030124364411985172,0.028503298924105278,0.9413723366639096
25933,LOF,0.040614566668829004,0.01936520022439862,0.9400202331067723
25934,LOF,0.02748419614848276,0.020923009206427097,0.9515927946450901
25935,LOF,0.07078832435257328,0.056303051309400665,0.872908624338026
25936,LOF,0.04579293949292453,0.02389883506937845,0.9303082254376971
25937,LOF,0.009516845459474168,0.03348528862408828,0.9569978659164375
25938,LOF,0.06820139115120841,0.0594266619044245,0.872371946944367
25939,LOF,0.038308127503449155,0.025614382472576698,0.9360774900239741
25940,LOF,0.00865795478128199,0.32030113789053416,0.6710409073281839
25941,Neutral,0.5168077613850693,0.027490610400276425,0.45570162821465426
25942,LOF,0.004939854637634269,0.037593832865331786,0.957466312497034
25943,LOF,0.03766544924987002,0.13377322656797414,0.8285613241821559
25944,LOF,0.12399858140438368,0.07380568861267958,0.8021957299829368
25945,LOF,0.05690939892163079,0.017345441846336095,0.9257451592320332
25946,LOF,0.0725295977081187,0.062107205568526815,0.8653631967233545
25947,LOF,0.4301442453110858,0.07602857687592329,0.49382717781299096
25948,LOF,0.3331645664177924,0.009078949968004159,0.6577564836142035
25949,LOF,0.09252405308329806,0.04733909776920263,0.8601368491474994
25950,GOF,0.03949216607137403,0.5836569639502422,0.3768508699783837
25951,LOF,0.016314527189840465,0.4575411388388271,0.5261443339713325
25952,LOF,0.25239270545865267,0.30456784875887494,0.44303944578247256
25953,LOF,0.013064564609585372,0.19031662606756644,0.7966188093228482
25954,LOF,0.057247522385893354,0.4569428499628349,0.48580962765127184
25955,LOF,0.010328558429324643,0.17994436985419873,0.8097270717164766
25956,LOF,0.02879973557381442,0.2887492242307423,0.6824510401954433
25957,LOF,0.15382629458959246,0.034081082821093366,0.8120926225893143
25958,LOF,0.05165977375286789,0.029808219760837282,0.9185320064862948
25959,LOF,0.01390197076948175,0.47922228995535515,0.506875739275163
25960,LOF,0.0061496872189067235,0.053815035251933166,0.94003527752916
25961,LOF,0.040990494905609035,0.0260596010854491,0.9329499040089418
25962,LOF,0.03188838755344744,0.08399773513168235,0.8841138773148702
25963,LOF,0.005573082772590047,0.25202661948971083,0.7424002977376992
25964,LOF,0.03441183716517201,0.11005881206884115,0.8555293507659868
25965,LOF,0.326136783711528,0.15392759841729825,0.5199356178711737
25966,Neutral,0.5125977277020424,0.1268636649566019,0.36053860734135584
25967,LOF,0.0066047507823421125,0.08529106628919264,0.9081041829284653
25968,LOF,0.05091613021264779,0.23142674205347089,0.7176571277338814
25969,LOF,0.12900214409572544,0.05934939411702728,0.8116484617872474
25970,LOF,0.01682891257588186,0.09322448690642604,0.8899466005176921
25971,LOF,0.06572681949578968,0.027096577097288847,0.9071766034069214
25972,LOF,0.06268850867409721,0.0364741216276416,0.9008373696982612
25973,LOF,0.051651631633349,0.012338296972307077,0.9360100713943439
25974,LOF,0.03559153108326233,0.040938407552606096,0.9234700613641315
25975,LOF,0.04151501706749838,0.023504810118521156,0.9349801728139805
25976,LOF,0.09572926118021413,0.0138754072560777,0.8903953315637082
25977,LOF,0.18771656865591577,0.052427359713047225,0.7598560716310371
25978,LOF,0.13090753215563666,0.13350802564568792,0.7355844421986754
25979,LOF,0.11590454707942979,0.13688979052935124,0.747205662391219
25980,LOF,0.24073189475898266,0.14925496539024094,0.6100131398507764
25981,LOF,0.2664423044362092,0.1461669591587838,0.5873907364050069
25982,LOF,0.37909794235381733,0.10987631365009744,0.5110257439960852
25983,LOF,0.35492498197704797,0.11871690929769164,0.5263581087252603
25984,LOF,0.043792374735234875,0.0625800148220978,0.8936276104426673
25985,LOF,0.38607967152627354,0.10968851499284962,0.5042318134808768
25986,LOF,0.01008875532437654,0.3883949032126596,0.601516341462964
25987,LOF,0.033047519009963514,0.10553078723783788,0.8614216937521986
25988,LOF,0.1574016125303388,0.09975293404256796,0.7428454534270933
25989,LOF,0.03603125713004613,0.13014425659769444,0.8338244862722595
25990,LOF,0.03967184594244782,0.1997420418725149,0.7605861121850371
25991,LOF,0.020290188878550712,0.33400644765426607,0.6457033634671833
25992,LOF,0.023769514831775505,0.3343571365581028,0.6418733486101218
25993,LOF,0.02086809275431081,0.0894886066566248,0.8896433005890645
25994,LOF,0.015812261982746576,0.0813550044997605,0.9028327335174929
25995,LOF,0.019921240098541942,0.16431850742341236,0.8157602524780457
25996,LOF,0.3496885053885427,0.2771099222451785,0.3732015723662788
25997,LOF,0.08053805919909773,0.32665535437099597,0.5928065864299064
25998,LOF,0.2928842322310185,0.04292315431341477,0.6641926134555667
25999,LOF,0.01481529756061411,0.2435513544430245,0.7416333479963614
26000,LOF,0.14799134522058255,0.030093242329446334,0.8219154124499711
26001,LOF,0.30127113906856795,0.02314829287743704,0.675580568053995
26002,LOF,0.07214672361637331,0.04570180171874901,0.8821514746648776
26003,GOF,0.0039059715181603352,0.6367161241271208,0.3593779043547189
26004,GOF,0.006454461453838575,0.6988241545623064,0.2947213839838551
26005,GOF,0.003059309572043284,0.5078780392324864,0.4890626511954703
26006,GOF,0.07638446337702531,0.5923912162761971,0.33122432034677757
26007,GOF,0.006455897584237449,0.5843060379112969,0.40923806450446565
26008,GOF,0.005490931722604765,0.6620401329512313,0.332468935326164
26009,GOF,0.006352056720361551,0.6851194733067556,0.3085284699728828
26010,GOF,0.006722700741224568,0.7090072822273622,0.28427001703141314
26011,LOF,0.0026703072489460914,0.49832862016524915,0.4990010725858049
26012,GOF,0.003710706987107945,0.5648362819111115,0.4314530111017807
26013,GOF,0.004884953747314602,0.6456376841125379,0.3494773621401475
26014,LOF,0.04347841854564826,0.10396258275331245,0.8525589987010394
26015,LOF,0.1432393626029425,0.022622635305819594,0.8341380020912378
26016,LOF,0.2830330929931372,0.04737652113161294,0.6695903858752498
26017,LOF,0.024606712770300035,0.21392827171428527,0.7614650155154148
26018,LOF,0.06567522393856008,0.044735871094549656,0.8895889049668902
26019,LOF,0.06257466720543325,0.036926211710322315,0.9004991210842445
26020,LOF,0.007867104468062753,0.22122774533667167,0.7709051501952655
26021,LOF,0.06374377090713816,0.07934236132026123,0.8569138677726006
26022,LOF,0.025344239444149343,0.028092384868914397,0.9465633756869364
26023,LOF,0.04116636235212322,0.027624458623220986,0.9312091790246557
26024,LOF,0.040114684072018014,0.08671785939993867,0.8731674565280434
26025,LOF,0.0590094440145642,0.09101604070477293,0.8499745152806629
26026,LOF,0.11930600515758623,0.0693575226572814,0.8113364721851324
26027,LOF,0.05406832712479236,0.02269483498355983,0.9232368378916478
26028,LOF,0.0851333284676356,0.11304971146083295,0.8018169600715315
26029,LOF,0.02892922637932555,0.18477743786397863,0.7862933357566958
26030,LOF,0.14407214928881493,0.027675983787426927,0.8282518669237582
26031,LOF,0.014926899465010997,0.14375620608621587,0.8413168944487732
26032,LOF,0.08106194537975953,0.05540972979247091,0.8635283248277696
26033,LOF,0.0805043939135944,0.051884478757283824,0.8676111273291218
26034,LOF,0.015768228637592346,0.15428404874164822,0.8299477226207594
26035,LOF,0.013978822307772507,0.12181465196480357,0.8642065257274241
26036,LOF,0.018035385942054304,0.16130243277640516,0.8206621812815406
26037,LOF,0.011829789083300808,0.1069046587291957,0.8812655521875035
26038,LOF,0.06847919562398158,0.05205591786969761,0.8794648865063207
26039,LOF,0.024370697268925445,0.1541640638537582,0.8214652388773163
26040,LOF,0.11056562430201607,0.12905858263206768,0.7603757930659162
26041,LOF,0.0142097074596446,0.09992338562415415,0.8858669069162013
26042,LOF,0.013318896443699744,0.10062554843458346,0.8860555551217169
26043,LOF,0.06778721810623278,0.0674768554201353,0.864735926473632
26044,LOF,0.013586269210983834,0.06259783540613346,0.9238158953828828
26045,LOF,0.0509173053857583,0.09921832894731152,0.8498643656669301
26046,LOF,0.059660897809527415,0.05521957114649664,0.885119531043976
26047,LOF,0.10143283792006987,0.0575697412207521,0.840997420859178
26048,LOF,0.044123799774354246,0.03875895744312124,0.9171172427825245
26049,Neutral,0.9650436436356361,0.005620341253143038,0.029336015111220973
26050,Neutral,0.950197706841476,0.007228795908119823,0.04257349725040436
26051,LOF,0.014127456203850525,0.1654313225272027,0.8204412212689468
26052,LOF,0.02031711549234821,0.20066397900316238,0.7790189055044894
26053,LOF,0.022405621940009602,0.13681650341081725,0.8407778746491732
26054,LOF,0.04991435129651338,0.015359454452113865,0.9347261942513727
26055,LOF,0.061010335435982,0.013730539785824818,0.925259124778193
26056,LOF,0.051589726779733315,0.01625900502070656,0.9321512681995602
26057,LOF,0.031809333077077444,0.009927560060054475,0.958263106862868
26058,LOF,0.032742493125317525,0.008753122283011852,0.9585043845916706
26059,LOF,0.30265022929043767,0.0179219229380566,0.6794278477715057
26060,LOF,0.00945219697584918,0.11829513932079738,0.8722526637033533
26061,LOF,0.005324891679271956,0.012831434744608128,0.9818436735761199
26062,LOF,0.004231456076851754,0.01764662616450118,0.978121917758647
26063,LOF,0.022620061434488,0.008960744565117553,0.9684191940003946
26064,LOF,0.006966512929356465,0.019831712935289004,0.9732017741353545
26065,LOF,0.023218109504712803,0.010340851746945996,0.9664410387483413
26066,LOF,0.021552077235977324,0.00924052032412028,0.9692074024399023
26067,LOF,0.029952453061218923,0.007523545735035813,0.9625240012037454
26068,LOF,0.04549260012344197,0.02841531138472575,0.9260920884918323
26069,LOF,0.258070792591259,0.017157803311734665,0.7247714040970064
26070,LOF,0.4428168292883059,0.012463146502404869,0.5447200242092892
26071,LOF,0.021472923639352694,0.009898665013570182,0.9686284113470772
26072,LOF,0.005575416741096469,0.02207630953557902,0.9723482737233244
26073,LOF,0.01903069253839422,0.012091191891275234,0.9688781155703305
26074,Neutral,0.9049401329894012,0.005697442961591109,0.08936242404900781
26075,LOF,0.043454571638398526,0.014343087940644062,0.9422023404209573
26076,LOF,0.03966878292631218,0.008121193220041081,0.9522100238536468
26077,LOF,0.11287572833377336,0.007765871546816651,0.8793584001194099
26078,LOF,0.005726220335918178,0.013001096532452084,0.9812726831316296
26079,LOF,0.057312168155320455,0.015007451950283055,0.9276803798943964
26080,LOF,0.055023064735957423,0.015042155195327294,0.9299347800687153
26081,LOF,0.03016950239671509,0.0064442356570232956,0.9633862619462616
26082,LOF,0.004755483177720501,0.015348217483441189,0.9798962993388384
26083,LOF,0.14262150634858223,0.01308280247031205,0.8442956911811057
26084,LOF,0.03732064181097241,0.011553486769178372,0.9511258714198493
26085,LOF,0.033124433777213705,0.01041617393103418,0.9564593922917521
26086,LOF,0.020009550764353345,0.010041743044505735,0.969948706191141
26087,LOF,0.02152549478722921,0.008167649263540947,0.9703068559492297
26088,LOF,0.005612637808172061,0.021641899797209898,0.9727454623946179
26089,LOF,0.04081112327915744,0.020740496632409476,0.938448380088433
26090,LOF,0.03977615207814803,0.016613344304191112,0.9436105036176609
26091,LOF,0.029245106863204112,0.0060673282645251556,0.9646875648722707
26092,LOF,0.020854652272465694,0.007242151189014292,0.97190319653852
26093,LOF,0.038699652205620876,0.0053554826202283886,0.9559448651741508
26094,LOF,0.028769708406181118,0.005509542356649609,0.9657207492371693
26095,LOF,0.016695054503485154,0.017020536279394507,0.9662844092171202
26096,LOF,0.14955284735251953,0.005590890178333313,0.8448562624691472
26097,LOF,0.004831611609867494,0.03773550927440537,0.9574328791157273
26098,LOF,0.07049654153811494,0.012747983656217926,0.916755474805667
26099,LOF,0.019340348712767703,0.011529682494534973,0.9691299687926973
26100,LOF,0.02207346812263704,0.01108740368851533,0.9668391281888477
26101,LOF,0.04957409835130997,0.01798658474058074,0.9324393169081094
26102,LOF,0.021255433161556994,0.01219948503252499,0.9665450818059179
26103,Neutral,0.8697529791707719,0.016887776697728434,0.11335924413149968
26104,LOF,0.06899137635224464,0.021849317000661814,0.9091593066470934
26105,LOF,0.19768985787434953,0.1578643841225037,0.6444457580031467
26106,LOF,0.3193018948400977,0.11996594141057686,0.5607321637493254
26107,LOF,0.02067288562202089,0.1001909030534329,0.8791362113245462
26108,LOF,0.34772309507585863,0.0413051811841855,0.6109717237399559
26109,LOF,0.029024096220703628,0.06975900910238413,0.9012168946769124
26110,LOF,0.23191929032187084,0.006177287219615417,0.7619034224585137
26111,LOF,0.07829510077107639,0.06689881631847822,0.8548060829104455
26112,LOF,0.04018111151960091,0.006475407340771311,0.9533434811396277
26113,LOF,0.06785787436706052,0.01380586324298075,0.9183362623899588
26114,LOF,0.06687439127583229,0.01601193297712876,0.9171136757470388
26115,LOF,0.015841540474656763,0.09198091225889266,0.8921775472664506
26116,LOF,0.07585821725628376,0.048083462242649325,0.8760583205010669
26117,LOF,0.41023588613593986,0.03994904585964424,0.5498150680044159
26118,LOF,0.03361119933824014,0.02059433188689756,0.9457944687748623
26119,LOF,0.004536367180583395,0.04014042898996081,0.9553232038294558
26120,LOF,0.024265201484902015,0.01670024497549819,0.9590345535395999
26121,LOF,0.004057011482400249,0.137001881594357,0.8589411069232429
