feature0,prediction,LoGoFunc_Neutral,LoGoFunc_GOF,LoGoFunc_LOF
25546,Neutral,0.7447665110583558,0.04039992739959666,0.2148335615420477
25547,Neutral,0.589643770565465,0.07809671108035075,0.33225951835418427
25548,Neutral,0.6123094095122842,0.058648495710903505,0.32904209477681234
25549,Neutral,0.5381405746890752,0.05790285283421331,0.40395657247671163
25550,LOF,0.3369151741851667,0.1437815729563379,0.5193032528584953
25551,LOF,0.26911302892511707,0.1602753640492439,0.5706116070256391
25552,LOF,0.20485426615635036,0.14837084051366722,0.6467748933299824
25553,Neutral,0.8479547555136999,0.03157759560120841,0.12046764888509154
25554,LOF,0.23921661384582077,0.14242547647666956,0.6183579096775097
25555,LOF,0.19959083223248056,0.12419290659432311,0.6762162611731962
25556,LOF,0.43608304639563056,0.11726378007207103,0.4466531735322984
25557,LOF,0.18782078939630006,0.13305181377905287,0.6791273968246471
25558,LOF,0.22675342849875776,0.14454961643744918,0.6286969550637931
25559,LOF,0.39118708719251016,0.12148357492738347,0.4873293378801065
25560,LOF,0.053338944280678584,0.149737449277088,0.7969236064422334
25561,LOF,0.12141236910755712,0.15024184035187196,0.728345790540571
25562,LOF,0.08196980080685344,0.08075668101829968,0.8372735181748469
25563,LOF,0.09489504055709778,0.09099589234642907,0.8141090670964731
25564,LOF,0.22772449365525943,0.16175241857566855,0.610523087769072
25565,LOF,0.13980979944996264,0.14061688707254835,0.7195733134774891
25566,GOF,0.013252885873016795,0.7665998939199014,0.22014722020708188
25567,LOF,0.01857711741382267,0.20749689133489152,0.7739259912512859
25568,LOF,0.05243507532004212,0.0798958277824163,0.8676690968975416
25569,LOF,0.05574729928342961,0.08222560219514609,0.8620270985214242
25570,LOF,0.05721286903610065,0.12338226987304475,0.8194048610908546
25571,LOF,0.04932767564672475,0.11653781655369429,0.8341345077995811
25572,LOF,0.06061751867106185,0.13718651353006606,0.8021959677988721
25573,LOF,0.032361717909003905,0.11800189676702925,0.8496363853239669
25574,LOF,0.018969268907273962,0.17929858208636085,0.8017321490063651
25575,LOF,0.043285967509506716,0.12899751748727276,0.8277165150032206
25576,LOF,0.017766254829315334,0.15338956844698567,0.8288441767236989
25577,LOF,0.015278456131952545,0.14394912602732585,0.8407724178407217
25578,LOF,0.2905742174973857,0.10375992027260064,0.6056658622300137
25579,LOF,0.11696912381486507,0.12248208919334727,0.7605487869917876
25580,LOF,0.028981181005389198,0.09957700260871796,0.8714418163858928
25581,LOF,0.04856219357221136,0.08395394429838636,0.8674838621294023
25582,LOF,0.04836899862348172,0.08288475465675887,0.8687462467197594
25583,LOF,0.038017496168212615,0.11712803616390487,0.8448544676678824
25584,Neutral,0.4921657443822002,0.13588098546589591,0.3719532701519039
25585,LOF,0.021054492102588983,0.15170729866372287,0.8272382092336881
25586,LOF,0.02846469337752475,0.0963296747291399,0.8752056318933353
25587,LOF,0.028103101243997893,0.08926691446157296,0.8826299842944292
25588,LOF,0.027943148115231246,0.10636264225043815,0.8656942096343306
25589,Neutral,0.6235404794825908,0.14093868438363025,0.23552083613377897
25590,LOF,0.033182000664690105,0.1514192725174996,0.8153987268178103
25591,LOF,0.0857834155107895,0.07503208892906076,0.8391844955601497
25592,LOF,0.08991185798969474,0.16408044684900028,0.7460076951613049
25593,LOF,0.03129458759858146,0.29722736513525105,0.6714780472661674
25594,LOF,0.049262676784162136,0.14608991892805057,0.8046474042877872
25595,LOF,0.06166271813472619,0.10722475147990339,0.8311125303853704
25596,LOF,0.05062652140232774,0.07414372297012509,0.8752297556275472
25597,LOF,0.03626496084036964,0.07772407927676088,0.8860109598828695
25598,LOF,0.05521070308001245,0.10846656611244093,0.8363227308075466
25599,GOF,0.006409974167751544,0.6292619131142975,0.36432811271795096
25600,GOF,0.01219830077197362,0.6275464263508018,0.36025527287722464
25601,LOF,0.008900280624807034,0.4506391224944944,0.5404605968806985
25602,LOF,0.020126593050963502,0.04041878016691497,0.9394546267821215
25603,LOF,0.06203158473233729,0.01786944129537676,0.9200989739722859
25604,LOF,0.034641444014678585,0.04853207365346651,0.9168264823318548
25605,LOF,0.01073261643598179,0.18715351556165755,0.8021138680023607
25606,LOF,0.10213822433725038,0.34278935807337146,0.5550724175893781
25607,LOF,0.006619070602921758,0.17271943098075002,0.8206614984163283
25608,LOF,0.016488087637267834,0.09793574059067749,0.8855761717720546
25609,LOF,0.05357908040245575,0.40368606360132353,0.5427348559962207
25610,LOF,0.03195116135499696,0.02381848875202714,0.9442303498929759
25611,LOF,0.038019831599841535,0.02209914072419302,0.9398810276759654
25612,LOF,0.09911604136721713,0.031521091661041514,0.8693628669717415
25613,LOF,0.08429004007890023,0.031785042500583054,0.8839249174205167
25614,LOF,0.032225853681515426,0.0298443762676832,0.9379297700508015
25615,LOF,0.034123041877804766,0.04152452500801948,0.9243524331141757
25616,LOF,0.026336762346633534,0.029401178074528023,0.9442620595788384
25617,LOF,0.02606219935511957,0.031738053046935416,0.942199747597945
25618,LOF,0.1339520944710407,0.02588613103187486,0.8401617744970844
25619,LOF,0.028532725900678794,0.02855945782017223,0.942907816279149
25620,LOF,0.03355130371455848,0.035427402919951355,0.9310212933654902
25621,LOF,0.026450678351139872,0.031171243856146915,0.9423780777927131
25622,LOF,0.03520372904264115,0.03362671140022772,0.9311695595571311
25623,LOF,0.05499428855261746,0.028077195039004556,0.916928516408378
25624,LOF,0.025204597095467015,0.03584490058214407,0.9389505023223889
25625,LOF,0.035140835972954046,0.039099266502811966,0.925759897524234
25626,LOF,0.0763739979585244,0.02837034189837574,0.8952556601430999
25627,Neutral,0.5632286261112452,0.11714656453163007,0.3196248093571246
25628,LOF,0.23372984341677513,0.05332745668493265,0.7129426998982923
25629,LOF,0.05923079526341015,0.05280743967981127,0.8879617650567786
25630,LOF,0.1853449709251639,0.08775851806104701,0.7268965110137892
25631,Neutral,0.6145551661576296,0.06421695962717759,0.3212278742151929
25632,LOF,0.012271292898776712,0.12303177257700869,0.8646969345242146
25633,LOF,0.09962231945636167,0.0816213772368142,0.8187563033068241
25634,LOF,0.03349873404274801,0.10676580645870491,0.859735459498547
25635,LOF,0.03731229847478295,0.08526496758840435,0.8774227339368127
25636,GOF,0.0040851663693309784,0.6025919382345606,0.3933228953961085
25637,GOF,0.0037286222726497786,0.6451312204455375,0.35114015728181275
25638,LOF,0.006323139389427196,0.38497246758908626,0.6087043930214865
25639,GOF,0.003878396875663428,0.529504566755372,0.46661703636896446
25640,GOF,0.45327548735061945,0.4793789639358411,0.06734554871353943
25641,LOF,0.009410676855513746,0.2777455024120528,0.7128438207324335
25642,LOF,0.2503413145215579,0.06090470318784173,0.6887539822906004
25643,LOF,0.30156676105682734,0.14657827129493498,0.5518549676482377
25644,GOF,0.01604492944603479,0.5262126629648605,0.4577424075891048
25645,LOF,0.012396843903620869,0.46765049574074136,0.5199526603556378
25646,LOF,0.018627021064921666,0.3286427827636744,0.6527301961714039
25647,LOF,0.014787379566173015,0.2579769067116267,0.7272357137222002
25648,LOF,0.013726465339567095,0.26823049453635217,0.7180430401240807
25649,LOF,0.011656197421645868,0.19276486430888373,0.7955789382694705
25650,LOF,0.022110457988062136,0.42511776761342107,0.5527717743985167
25651,LOF,0.008256791818661435,0.2824554637622689,0.7092877444190697
25652,LOF,0.014130678961799285,0.2573006656921757,0.728568655346025
25653,LOF,0.04823903770799776,0.3509835435910869,0.6007774187009153
25654,LOF,0.014985569397680441,0.155139734885183,0.8298746957171367
25655,LOF,0.07568320767795947,0.3948302858825714,0.5294865064394692
25656,LOF,0.10640517406052122,0.06680416154925677,0.826790664390222
25657,LOF,0.3167469126791108,0.031919643199406066,0.6513334441214831
25658,LOF,0.046189933900023704,0.09345921004648497,0.8603508560534914
25659,LOF,0.37435501371451596,0.07286483006617481,0.5527801562193092
25660,LOF,0.06447872265212758,0.09062378591187498,0.8448974914359975
25661,LOF,0.045155495682967346,0.07132522474168122,0.8835192795753515
25662,LOF,0.028137468271783525,0.04937405343616669,0.9224884782920498
25663,LOF,0.038553476756796226,0.07004530538882715,0.8914012178543765
25664,LOF,0.043635120151786486,0.08905960257389829,0.8673052772743153
25665,LOF,0.056893264734526335,0.04192553160785354,0.9011812036576202
25666,LOF,0.039067565029677336,0.11656230162218974,0.8443701333481328
25667,LOF,0.031835739393896896,0.0531062673490613,0.9150579932570417
25668,LOF,0.034815646028841366,0.056654258397230636,0.908530095573928
25669,LOF,0.04138252932341822,0.08304546642056829,0.8755720042560134
25670,LOF,0.08539516804180448,0.08913791019335955,0.8254669217648359
25671,LOF,0.039667900450855345,0.04924145407494916,0.9110906454741956
25672,LOF,0.06082912570298076,0.06223881988333288,0.8769320544136865
25673,LOF,0.04330910609977417,0.06873112579018566,0.8879597681100402
25674,LOF,0.0394205781390295,0.07121436452728132,0.8893650573336891
25675,LOF,0.04970208798626333,0.06159130315866319,0.8887066088550735
25676,LOF,0.03555037462691182,0.06123037668035696,0.9032192486927313
25677,LOF,0.06110821794220622,0.06861805168333951,0.8702737303744543
25678,LOF,0.30467522561333604,0.03849074037600502,0.6568340340106589
25679,LOF,0.18241935303568044,0.07504917663591763,0.7425314703284018
25680,LOF,0.05904403443884312,0.10486683597473184,0.8360891295864251
25681,LOF,0.10160638893550697,0.09742315755418031,0.8009704535103127
25682,LOF,0.044558602883567694,0.0860690966779275,0.8693723004385048
25683,LOF,0.10753760559497065,0.08913447967161676,0.8033279147334126
25684,LOF,0.05929070571929346,0.08724208186041316,0.8534672124202934
25685,LOF,0.112203920205,0.054933485530385726,0.8328625942646142
25686,LOF,0.04117540563150244,0.11668456706205885,0.8421400273064388
25687,LOF,0.04633853952537911,0.09340389258067534,0.8602575678939456
25688,LOF,0.02938150565111081,0.08272039369861725,0.887898100650272
25689,LOF,0.020867751298841452,0.07027889402672284,0.9088533546744356
25690,LOF,0.01884702878902779,0.07678056445265752,0.9043724067583148
25691,LOF,0.20989702242448322,0.0984126291062113,0.6916903484693054
25692,LOF,0.2995702878147673,0.00847291774481279,0.6919567944404199
25693,LOF,0.09728483407476493,0.15466415943286377,0.7480510064923713
25694,LOF,0.267673200095802,0.017676614255265587,0.7146501856489325
25695,LOF,0.16626107090066444,0.024038038820529663,0.8097008902788059
25696,LOF,0.18920361890382542,0.013137119501046473,0.7976592615951281
25697,LOF,0.1480725817022547,0.0294829476600403,0.822444470637705
25698,LOF,0.032858246313224,0.4206221865049659,0.54651956718181
25699,LOF,0.0675213976078766,0.07368078540027542,0.858797816991848
25700,LOF,0.03210148869320107,0.009713152651710601,0.9581853586550884
25701,LOF,0.016909193785113134,0.06895308519051128,0.9141377210243756
25702,GOF,0.03631381436352915,0.7411776406814292,0.22250854495504166
25703,LOF,0.013915035299344946,0.20285228220525367,0.7832326824954015
25704,LOF,0.09677772129201632,0.1635280646542481,0.7396942140537357
25705,LOF,0.059459018799346855,0.2552407111198018,0.6853002700808513
25706,GOF,0.05597613130034008,0.5890284584552172,0.35499541024444276
25707,GOF,0.028435807191979582,0.5281006057799769,0.4434635870280436
25708,LOF,0.009243622190432947,0.4578898867236825,0.5328664910858846
25709,LOF,0.019473038158417482,0.06543925363901926,0.9150877082025632
25710,LOF,0.00969523808504389,0.16108597180361098,0.829218790111345
25711,LOF,0.020699164605562762,0.12870696326033373,0.8505938721341035
25712,LOF,0.010710934934941801,0.21884220382329836,0.7704468612417599
25713,LOF,0.018938412025263324,0.10046622182312845,0.8805953661516083
25714,LOF,0.020815506264740286,0.1344209447983146,0.8447635489369452
25715,LOF,0.020518604633259895,0.1100243522182323,0.8694570431485077
25716,LOF,0.010726090596687247,0.1161806001477552,0.8730933092555574
25717,LOF,0.0066116056725591945,0.1280431290445304,0.8653452652829104
25718,LOF,0.017605718773663192,0.07931923129541794,0.9030750499309188
25719,LOF,0.0330697230537723,0.08507515226849498,0.8818551246777327
25720,LOF,0.02299703697157016,0.09063035759235513,0.8863726054360748
25721,LOF,0.024246633122365857,0.09740407268819246,0.8783492941894416
25722,LOF,0.018999398649522627,0.12411641384040713,0.8568841875100701
25723,LOF,0.020514814750846825,0.07348267272313021,0.906002512526023
25724,LOF,0.03661825627963376,0.09855147267312601,0.8648302710472402
25725,LOF,0.022257435716119357,0.06783023537643058,0.9099123289074501
25726,LOF,0.016499001131849243,0.10267420665504155,0.8808267922131091
25727,LOF,0.020229958379658314,0.08716867400117859,0.892601367619163
25728,LOF,0.018754099608041738,0.09824011742697436,0.8830057829649839
25729,LOF,0.019853532738174313,0.09926296598388216,0.8808835012779436
25730,LOF,0.02021284089021993,0.07974763882174603,0.900039520288034
25731,LOF,0.013357851423413015,0.15945150791730958,0.8271906406592774
25732,LOF,0.01842463034584442,0.09086437571061531,0.8907109939435403
25733,LOF,0.031263124988409975,0.07212551747574834,0.8966113575358418
25734,LOF,0.0074090581780832665,0.17929493445543124,0.8132960073664856
25735,LOF,0.022337476382369353,0.06656928792455971,0.9110932356930709
25736,LOF,0.021395576868967495,0.10190649602686848,0.8766979271041642
25737,LOF,0.04134546139906525,0.08139825847252681,0.8772562801284078
25738,LOF,0.02043298476095578,0.12739062605018336,0.852176389188861
25739,LOF,0.021446383110048546,0.1169454688521986,0.8616081480377528
25740,LOF,0.053788760530015904,0.10784833934049234,0.8383629001294919
25741,LOF,0.02605616654674792,0.09491125499263472,0.8790325784606172
25742,LOF,0.036346867178412075,0.10991634259581136,0.8537367902257765
25743,LOF,0.010949819449716104,0.06132110129572742,0.9277290792545564
25744,GOF,0.11929870168577816,0.47524363159031174,0.4054576667239099
25745,LOF,0.021105427361132908,0.08087451266947973,0.8980200599693874
25746,LOF,0.01098117047095523,0.10579062359758401,0.8832282059314608
25747,LOF,0.03527079026759816,0.04398685672243319,0.9207423530099685
25748,LOF,0.18924127894993037,0.07673882876921935,0.7340198922808503
25749,LOF,0.013702365458025825,0.06981641470510917,0.9164812198368649
25750,LOF,0.015280868553988402,0.0938822511554008,0.8908368802906109
25751,LOF,0.03621114779432107,0.09385223012776264,0.8699366220779162
25752,GOF,0.08851162114127421,0.6514435966339225,0.2600447822248033
25753,LOF,0.007990352897688947,0.3652908833282544,0.6267187637740567
25754,GOF,0.0057109986740395725,0.8583066412227034,0.13598236010325696
25755,LOF,0.011578022424248128,0.4212583724731887,0.5671636051025631
25756,LOF,0.05160012632288422,0.43041009729717444,0.5179897763799413
25757,GOF,0.007792954524050157,0.8787845307402532,0.11342251473569664
25758,GOF,0.009189687822224395,0.8546042329003894,0.13620607927738626
25759,GOF,0.005532474434221153,0.5606694211867351,0.4337981043790437
25760,LOF,0.00717123054601336,0.31689751189251397,0.6759312575614728
25761,GOF,0.05103122145751139,0.8295079420186202,0.11946083652386846
25762,LOF,0.029163660977419105,0.35401635402575354,0.6168199849968274
25763,LOF,0.010165354210534053,0.23950095872370397,0.750333687065762
25764,GOF,0.10552314026028026,0.5467089591540383,0.3477679005856814
25765,GOF,0.00794646372966464,0.8360986549395156,0.1559548813308198
25766,GOF,0.030449956802937744,0.8387369767808851,0.13081306641617724
25767,LOF,0.019845966792142563,0.4670523562347134,0.5131016769731439
25768,LOF,0.03692473391701411,0.07523105808885346,0.8878442079941323
25769,LOF,0.022642667346367523,0.07835697556404098,0.8990003570895915
25770,LOF,0.13875559484823105,0.06571668662671382,0.7955277185250551
25771,LOF,0.01641212407571885,0.06918128791771415,0.914406588006567
25772,LOF,0.021486656267004266,0.030200708856911583,0.9483126348760842
25773,LOF,0.014101281464113477,0.0764228897894185,0.9094758287464679
25774,LOF,0.02514058581944706,0.09223052327139847,0.8826288909091544
25775,LOF,0.020119097110870274,0.04255364147102114,0.9373272614181085
25776,LOF,0.024356690165511903,0.02696426270505428,0.9486790471294337
25777,LOF,0.17554611333219045,0.07321288809287901,0.7512409985749305
25778,LOF,0.01930120623762482,0.05316388326377782,0.9275349104985973
25779,GOF,0.033509841162956785,0.9026185285862842,0.06387163025075905
25780,GOF,0.06432313649936272,0.8773016337492746,0.05837522975136262
25781,GOF,0.026775758430878555,0.8763262042433164,0.09689803732580508
25782,GOF,0.03285058192592541,0.9013977112652596,0.06575170680881508
25783,GOF,0.01922088830896583,0.732957741568759,0.24782137012227504
25784,GOF,0.10564766236557861,0.8425359556127506,0.05181638202167079
25785,GOF,0.07021154968960179,0.8946307141596714,0.03515773615072666
25786,GOF,0.005431468741458339,0.8575219194185378,0.13704661184000375
25787,GOF,0.16107716012369705,0.8086157547983587,0.03030708507794428
25788,LOF,0.015528500259740726,0.1734329310972496,0.8110385686430096
25789,GOF,0.018191506914925267,0.8649036083931205,0.11690488469195429
25790,GOF,0.023269060427116385,0.8904682038157709,0.08626273575711282
25791,GOF,0.01625246314882558,0.8310755090235139,0.15267202782766046
25792,GOF,0.02637486874531473,0.8467833061918779,0.1268418250628073
25793,GOF,0.06907153956809808,0.8369165242883617,0.0940119361435403
25794,GOF,0.05781707611731339,0.7883455027330374,0.15383742114964927
25795,GOF,0.042581434430373905,0.7788241090518108,0.17859445651781528
25796,GOF,0.07352684218643649,0.8092972110546788,0.1171759467588849
25797,GOF,0.03483416252337159,0.7046181153806088,0.26054772209601956
25798,GOF,0.0031506813295784537,0.6687361940378164,0.32811312463260506
25799,GOF,0.0030373691349878875,0.5235333546176656,0.47342927624734654
25800,GOF,0.012453182948119588,0.7349359040699801,0.25261091298190047
25801,GOF,0.015460776052637147,0.8622770775956142,0.12226214635174865
25802,GOF,0.02119389035539165,0.8119911457729998,0.16681496387160838
25803,GOF,0.011041825315479845,0.7114832771297608,0.2774748975547592
25804,GOF,0.01342519358696908,0.6158806637366735,0.3706941426763574
25805,GOF,0.02351335273651569,0.7355974632468424,0.240889184016642
25806,GOF,0.01837864246696774,0.7760724547969735,0.20554890273605883
25807,GOF,0.0053317403309762,0.7283047258311343,0.2663635338378895
25808,GOF,0.014426000678798075,0.7779850269646931,0.2075889723565089
25809,GOF,0.006456522677807819,0.7565603027870605,0.23698317453513168
25810,GOF,0.005569619205203598,0.7542722555968858,0.2401581251979106
25811,GOF,0.04673546654701305,0.8554836252663359,0.09778090818665107
25812,GOF,0.015942987516674407,0.7320492553035524,0.25200775717977314
25813,GOF,0.10070812668538062,0.8059799000756881,0.0933119732389311
25814,GOF,0.027228044564036078,0.819321232341644,0.15345072309431987
25815,GOF,0.038527426106678725,0.8286452202431352,0.1328273536501859
25816,GOF,0.008088418656442522,0.8655577688133784,0.126353812530179
25817,GOF,0.10053859170313278,0.771287076059044,0.12817433223782318
25818,GOF,0.025156498878070508,0.8135794228073207,0.1612640783146089
25819,GOF,0.057061342134079415,0.7803891368714003,0.16254952099452022
25820,GOF,0.031643486437189464,0.7824052335276317,0.18595128003517888
25821,GOF,0.018992623419062993,0.7693372277042471,0.2116701488766901
25822,GOF,0.03602114279658147,0.7877711053616374,0.17620775184178117
25823,GOF,0.015488651273148218,0.6548552759527502,0.3296560727741016
25824,GOF,0.025727912775329907,0.7786525614535855,0.19561952577108455
25825,GOF,0.01590876516511601,0.763379721651777,0.2207115131831069
25826,GOF,0.005620783258752023,0.7269836982358128,0.26739551850543514
25827,GOF,0.008381145843306015,0.7082795150687454,0.2833393390879485
25828,GOF,0.005918201112699559,0.6642554794808817,0.32982631940641877
25829,GOF,0.0030332917390901706,0.7134807396205869,0.28348596864032294
25830,GOF,0.03779310750852201,0.48225483581124035,0.4799520566802377
25831,GOF,0.04799204314761842,0.831799150368889,0.12020880648349273
25832,GOF,0.008883854419651603,0.7980320773976489,0.1930840681826993
25833,GOF,0.035150542104171636,0.8437990453406605,0.12105041255516791
25834,GOF,0.008808247183726083,0.8140897776358499,0.17710197518042406
25835,GOF,0.01911883508071546,0.8564798742288454,0.12440129069043906
25836,GOF,0.006371327437421023,0.8157298981728629,0.177898774389716
25837,GOF,0.007040778868428306,0.7393806426806054,0.2535785784509662
25838,GOF,0.02046508742922485,0.8713653213481516,0.10816959122262348
25839,GOF,0.036333061971931556,0.8521930739790683,0.11147386404900016
25840,GOF,0.060719838731950165,0.8387244484692776,0.10055571279877228
25841,GOF,0.05544345767862703,0.8516610106775581,0.09289553164381494
25842,GOF,0.027468419321879357,0.9022028842642257,0.07032869641389497
25843,GOF,0.027367034833112487,0.9060075742009469,0.06662539096594057
25844,GOF,0.018040058782883974,0.8538865608183706,0.12807338039874552
25845,GOF,0.005988384472177394,0.6625862070885526,0.33142540843927004
25846,GOF,0.04082314220400721,0.8520439569227635,0.10713290087322941
25847,GOF,0.02090608584936178,0.911426274456996,0.06766763969364223
25848,GOF,0.017932169742417965,0.8685597892794259,0.11350804097815599
25849,GOF,0.005326501558555295,0.7708051660023506,0.2238683324390942
25850,GOF,0.006954715819416608,0.7749574890145411,0.21808779516604232
25851,GOF,0.00598340205868954,0.6562626634441345,0.337753934497176
25852,GOF,0.1362231946994808,0.609429777696213,0.25434702760430616
25853,GOF,0.07045419248130677,0.8486928904994224,0.0808529170192708
25854,GOF,0.0055983987262494634,0.725059220043225,0.2693423812305255
25855,GOF,0.0154233320494081,0.6631531720739666,0.3214234958766252
25856,GOF,0.037085746329225684,0.7958524285553835,0.16706182511539075
25857,GOF,0.013457468647211143,0.6641423690933133,0.32240016225947554
25858,GOF,0.008657794489493126,0.6458945794467962,0.34544762606371066
25859,GOF,0.0060626048611004055,0.6182616740775427,0.3756757210613568
25860,GOF,0.07745298109884222,0.8163748357118306,0.1061721831893273
25861,GOF,0.08420790760596364,0.8134090079991834,0.10238308439485304
25862,GOF,0.02175249636659291,0.8729466145794209,0.1053008890539863
25863,GOF,0.020865580600825138,0.8800576508810074,0.09907676851816742
25864,GOF,0.04880297478809589,0.873234284766127,0.07796274044577707
25865,GOF,0.033045734037006204,0.842868334680572,0.1240859312824218
25866,GOF,0.026133214537141142,0.8700653844267678,0.10380140103609113
25867,GOF,0.031743132320139984,0.882756637775846,0.08550022990401404
25868,GOF,0.056823161426626516,0.8437264714913061,0.09945036708206736
25869,GOF,0.3672823463721185,0.5734752882725677,0.05924236535531398
25870,GOF,0.07327537213933513,0.6829329159042706,0.24379171195639432
25871,GOF,0.012637942839742747,0.8942274088676699,0.09313464829258732
25872,GOF,0.019318680622910454,0.8710501028005335,0.10963121657655604
25873,GOF,0.019980993105969097,0.8923678453789179,0.08765116151511307
25874,LOF,0.01691986842924194,0.1906249346763881,0.7924551968943699
25875,LOF,0.04808235305298307,0.044171520358767424,0.9077461265882494
25876,LOF,0.017405031244876835,0.033923590996573695,0.9486713777585495
25877,LOF,0.1164157810484626,0.08561203466518086,0.7979721842863565
25878,LOF,0.07119342344150283,0.11072573406265657,0.8180808424958407
25879,LOF,0.025969692161094286,0.08268356436271478,0.8913467434761909
25880,LOF,0.05507653401389943,0.012517845767737276,0.9324056202183634
25881,Neutral,0.5352841359790436,0.05724696076519616,0.40746890325576035
25882,LOF,0.057996416477431596,0.024018741939948237,0.9179848415826202
25883,LOF,0.03185645551937033,0.022366405876719078,0.9457771386039105
25884,LOF,0.02836042489426768,0.036644629778793646,0.9349949453269386
25885,LOF,0.22255188462572453,0.009431094208566547,0.7680170211657089
25886,LOF,0.14421878354276954,0.05217408058676088,0.8036071358704696
25887,LOF,0.18795257192108134,0.05615700326898861,0.7558904248099301
25888,LOF,0.01245528950751387,0.13238832777417964,0.8551563827183065
25889,LOF,0.034356499704051746,0.02681559812409826,0.93882790217185
25890,LOF,0.12806158586202368,0.11608392026949836,0.755854493868478
25891,LOF,0.09989667014242053,0.021710396822517464,0.878392933035062
25892,LOF,0.008714379206711859,0.02777337774480673,0.9635122430484814
25893,LOF,0.4059384177118094,0.007712040444088665,0.5863495418441019
25894,LOF,0.43962951703424386,0.004556917417075348,0.5558135655486808
25895,LOF,0.33403252830904706,0.010084453207899123,0.6558830184830539
25896,LOF,0.06304262180446547,0.013378135401162363,0.9235792427943722
25897,LOF,0.18381708083747447,0.008249536914417144,0.8079333822481083
25898,LOF,0.15938462346342813,0.024144629448366272,0.8164707470882056
25899,LOF,0.3132940242630806,0.013985157887718485,0.6727208178492009
25900,LOF,0.42268710527358083,0.00669925759313102,0.5706136371332882
25901,LOF,0.057907216698960075,0.006018287454452748,0.9360744958465872
25902,LOF,0.15275794045280325,0.007357910333102304,0.8398841492140944
25903,LOF,0.4129894634372727,0.019984060858989256,0.5670264757037381
25904,LOF,0.45760512977600726,0.018492875629059973,0.5239019945949328
25905,LOF,0.0043975792825093505,0.48020430621886745,0.5153981144986232
25906,LOF,0.009287821740263217,0.1287310138465477,0.8619811644131891
25907,LOF,0.004636448712667753,0.35719676184226495,0.6381667894450673
25908,LOF,0.004735117007461108,0.26849880126793024,0.7267660817246087
25909,LOF,0.023188596550959614,0.16681435012050305,0.8099970533285373
25910,LOF,0.01068584558667323,0.13491827135847928,0.8543958830548475
25911,LOF,0.32389175131468245,0.05664439380453347,0.619463854880784
25912,LOF,0.0678198331836473,0.05801614615677649,0.8741640206595762
25913,LOF,0.04864551217565917,0.0728357867822939,0.8785187010420469
25914,LOF,0.04201930983526697,0.04208815181249793,0.915892538352235
25915,LOF,0.18168205069334653,0.21261081805647092,0.6057071312501826
25916,LOF,0.032263910109870224,0.13392432473429966,0.8338117651558301
25917,LOF,0.07175574147545905,0.03649211186801266,0.8917521466565284
25918,LOF,0.05381411717235727,0.025371383531166143,0.9208144992964765
25919,LOF,0.046082537546427806,0.025917840751335276,0.9279996217022369
25920,LOF,0.16333366882128458,0.1826118238348524,0.654054507343863
25921,LOF,0.016119478494096038,0.039653294992840496,0.9442272265130635
25922,LOF,0.016680314268576225,0.03379890005754606,0.9495207856738778
25923,LOF,0.45014832846979924,0.03786291304510057,0.5119887584851002
25924,LOF,0.023805138435714118,0.052799585060602776,0.9233952765036831
25925,LOF,0.07467067523547902,0.05145852389510129,0.8738708008694196
25926,LOF,0.05609277352175331,0.048061958761018576,0.8958452677172282
25927,LOF,0.02447418373022292,0.07166188863136075,0.9038639276384163
25928,LOF,0.010439867980774583,0.05384072553473542,0.93571940648449
25929,Neutral,0.5318345985769057,0.036154879824847705,0.43201052159824666
25930,LOF,0.06709695792906886,0.035672851138791206,0.89723019093214
25931,LOF,0.014386871944253555,0.037052313735238124,0.9485608143205083
25932,LOF,0.060391668808879036,0.03151150343853044,0.9080968277525906
25933,LOF,0.05689235020885812,0.021309995486869907,0.921797654304272
25934,LOF,0.05216567341690296,0.019798615037149976,0.9280357115459471
25935,LOF,0.06635858316689346,0.0637061049329495,0.8699353119001572
25936,LOF,0.0841701577655338,0.023880726756423047,0.8919491154780432
25937,LOF,0.01446748478947302,0.0411683952140833,0.9443641199964437
25938,LOF,0.06496306555867425,0.05770639919634533,0.8773305352449804
25939,LOF,0.038712526143231285,0.02995716582821078,0.9313303080285579
25940,LOF,0.010051530715276681,0.3492611841978126,0.6406872850869108
25941,Neutral,0.4926822835088513,0.03642694612053811,0.4708907703706106
25942,LOF,0.009392623576766632,0.04338464259210626,0.9472227338311271
25943,LOF,0.045645931506876625,0.1829118422512345,0.771442226241889
25944,LOF,0.06279756422417816,0.08948147489025718,0.8477209608855647
25945,LOF,0.12181638197627516,0.017483996272767352,0.8606996217509574
25946,LOF,0.07018722824474352,0.03713577954529702,0.8926769922099594
25947,Neutral,0.45413397411663503,0.1009850974121705,0.4448809284711946
25948,LOF,0.433332551420633,0.014054229131743012,0.5526132194476241
25949,LOF,0.12747959238988874,0.07059570202421034,0.8019247055859009
25950,GOF,0.07209587243864891,0.6332897828380265,0.29461434472332454
25951,LOF,0.013034997700278342,0.42461075374182805,0.5623542485578935
25952,LOF,0.31785150477880153,0.22477429986712094,0.4573741953540776
25953,LOF,0.007680471920765107,0.17402465600729303,0.8182948720719418
25954,GOF,0.09423431122063579,0.46028710868262757,0.4454785800967366
25955,LOF,0.00769277402844705,0.15336348401125857,0.8389437419602944
25956,LOF,0.020096327568828346,0.2268195558704042,0.7530841165607676
25957,LOF,0.22401621421223042,0.03571255366870996,0.7402712321190597
25958,LOF,0.03146756221422674,0.03362324089404054,0.9349091968917327
25959,GOF,0.01531483709504341,0.512324460368323,0.4723607025366336
25960,LOF,0.007197086902939221,0.05113287254516007,0.9416700405519007
25961,LOF,0.030221341600724934,0.031004029779081278,0.9387746286201938
25962,LOF,0.036080415628646584,0.06543808091296822,0.8984815034583852
25963,LOF,0.0048588992397775544,0.18934493677144987,0.8057961639887726
25964,LOF,0.031070317301112392,0.09699263810233534,0.8719370445965523
25965,LOF,0.26719945253104654,0.11822662300145517,0.6145739244674984
25966,Neutral,0.46782463297604665,0.13709917355929369,0.39507619346465966
25967,LOF,0.009874565024641898,0.0844531579867237,0.9056722769886343
25968,LOF,0.043729357284608875,0.22410673253615312,0.732163910179238
25969,LOF,0.12859787594905198,0.0457662258286108,0.8256358982223372
25970,LOF,0.021494948954194,0.07457120823243747,0.9039338428133685
25971,LOF,0.08423886259528646,0.02501742855594768,0.8907437088487659
25972,LOF,0.0677193359930274,0.03884514681102731,0.8934355171959453
25973,LOF,0.06868281204307804,0.0077723931416690765,0.923544794815253
25974,LOF,0.05805043646006352,0.035081269648629794,0.9068682938913066
25975,LOF,0.048401063471250554,0.014664234410525995,0.9369347021182234
25976,LOF,0.10440363213393486,0.009300994998494325,0.8862953728675709
25977,LOF,0.19405405537269807,0.07089625883904094,0.7350496857882611
25978,LOF,0.19123144039897602,0.11323755624053498,0.695531003360489
25979,LOF,0.15722763562131012,0.1254641891750379,0.717308175203652
25980,LOF,0.25792272604963373,0.16298373383606743,0.5790935401142989
25981,LOF,0.25972891104794604,0.16485596476683895,0.575415124185215
25982,Neutral,0.4946027100097547,0.07770262924895045,0.4276946607412948
25983,Neutral,0.5064540471039075,0.0933927128777082,0.40015324001838437
25984,LOF,0.035200486888437334,0.09467681350288192,0.8701226996086807
25985,LOF,0.4215038262681943,0.14316383489835657,0.43533233883344896
25986,LOF,0.011809485689228119,0.3897431457726558,0.5984473685381161
25987,LOF,0.05918886292452226,0.12223929346271341,0.8185718436127642
25988,LOF,0.03916578826498019,0.1813459619256238,0.779488249809396
25989,LOF,0.037530395273159406,0.2125782592974751,0.7498913454293654
25990,LOF,0.03910844006442455,0.30693915134752725,0.653952408588048
25991,LOF,0.026355092241496042,0.44131219495551244,0.5323327128029915
25992,LOF,0.025441757372896976,0.44132599435917835,0.5332322482679246
25993,LOF,0.027977566630048013,0.07925115966388085,0.8927712737060712
25994,LOF,0.022441585156946022,0.07962886136912936,0.8979295534739246
25995,LOF,0.020911293139886152,0.15809152241203914,0.8209971844480748
25996,Neutral,0.35106085019804784,0.3343493718614905,0.3145897779404617
25997,LOF,0.06479591379190845,0.4211004942074938,0.5141035920005977
25998,LOF,0.2580360521166291,0.04616268307797813,0.6958012648053927
25999,LOF,0.02725725344102808,0.22202711981015932,0.7507156267488125
26000,LOF,0.19179949615490882,0.029234539638078927,0.7789659642070123
26001,LOF,0.25525012611150777,0.03991776498965648,0.7048321088988357
26002,LOF,0.10760180758486282,0.05107278660735217,0.841325405807785
26003,GOF,0.005579011445655892,0.630127259261892,0.36429372929245224
26004,GOF,0.007999981157219126,0.6832139486964094,0.3087860701463715
26005,GOF,0.003945570829894471,0.5003358996612707,0.495718529508835
26006,GOF,0.10717664385221418,0.5739620310817561,0.3188613250660297
26007,GOF,0.007564063122456744,0.545325128829559,0.4471108080479843
26008,GOF,0.005912465978827336,0.6440287576752831,0.3500587763458895
26009,GOF,0.007178169170496812,0.6562994316978046,0.3365223991316986
26010,GOF,0.00954127960834648,0.6448903937231548,0.3455683266684986
26011,LOF,0.003423584556913577,0.46542139738997224,0.5311550180531142
26012,GOF,0.00497337583094747,0.5235966641622388,0.4714299600068138
26013,GOF,0.006243160404750465,0.5936544049109225,0.4001024346843271
26014,LOF,0.0622675547232195,0.11446563342523557,0.8232668118515448
26015,LOF,0.4250431761836083,0.022962977674658724,0.551993846141733
26016,LOF,0.33888534638286444,0.04395055810269625,0.6171640955144393
26017,LOF,0.027905233336229594,0.2264038505020449,0.7456909161617256
26018,LOF,0.029593501852062377,0.052921576811716185,0.9174849213362215
26019,LOF,0.029308884575717665,0.047504599007419886,0.9231865164168626
26020,LOF,0.010483306011036047,0.190853440962535,0.7986632530264289
26021,LOF,0.07854557791258075,0.06522926258898352,0.8562251594984358
26022,LOF,0.044323080313656484,0.02435878605545259,0.9313181336308909
26023,LOF,0.032974952338954616,0.030924570388525134,0.9361004772725203
26024,LOF,0.05254820981277414,0.0677528318704021,0.8796989583168237
26025,LOF,0.067512766067523,0.08868143893699973,0.8438057949954771
26026,LOF,0.12431868055916276,0.0681351967958486,0.8075461226449887
26027,LOF,0.027185166658502076,0.024158090716183005,0.948656742625315
26028,LOF,0.1113815081321591,0.14330492989227833,0.7453135619755625
26029,LOF,0.019157999306557105,0.17528277985419177,0.805559220839251
26030,LOF,0.15782667457322877,0.018672792476789313,0.8235005329499819
26031,LOF,0.009908285597350436,0.14329255383859277,0.8467991605640569
26032,LOF,0.04214983545225589,0.04533848552535837,0.9125116790223857
26033,LOF,0.06773274242441003,0.04183072905767967,0.8904365285179103
26034,LOF,0.012508174548928504,0.13326684658039462,0.8542249788706769
26035,LOF,0.010937699446083252,0.08945989234307651,0.8996024082108403
26036,LOF,0.01105280155651756,0.110808361028982,0.8781388374145005
26037,LOF,0.009500670335602252,0.0844330776185775,0.9060662520458204
26038,LOF,0.03646464534573922,0.04204912408312678,0.921486230571134
26039,LOF,0.024236677992399307,0.10847078417883892,0.8672925378287618
26040,LOF,0.11117543538431293,0.11854391359078258,0.7702806510249045
26041,LOF,0.012115980273458607,0.07772169259179725,0.9101623271347441
26042,LOF,0.010853362212140075,0.08237957993057085,0.9067670578572892
26043,LOF,0.03499278322963052,0.057221618070921035,0.9077855986994484
26044,LOF,0.013830611278570265,0.039119688408216696,0.947049700313213
26045,LOF,0.06462082333885967,0.0892714222528303,0.8461077544083101
26046,LOF,0.02992835706368478,0.043951459530230934,0.9261201834060844
26047,LOF,0.05031672934853589,0.04630691387561441,0.9033763567758496
26048,LOF,0.07987204274347458,0.021580073728748747,0.8985478835277766
26049,Neutral,0.9489347605449104,0.006277734087949222,0.04478750536714033
26050,Neutral,0.9282325792388799,0.0068024584017515695,0.06496496235936836
26051,LOF,0.01707380374505794,0.08420800892499487,0.8987181873299471
26052,LOF,0.03092570535957971,0.09681677890815517,0.8722575157322652
26053,LOF,0.03072469115823258,0.1502640603680981,0.8190112484736694
26054,LOF,0.043384373225965486,0.028321720241029465,0.928293906533005
26055,LOF,0.0635854143149001,0.023956141531840322,0.9124584441532596
26056,LOF,0.049944133749107104,0.031369448233382814,0.91868641801751
26057,LOF,0.05379341580119563,0.01406484056692884,0.9321417436318756
26058,LOF,0.058604429060575,0.01113536037797725,0.9302602105614478
26059,LOF,0.19564655534780154,0.029080024499847132,0.7752734201523513
26060,LOF,0.016864950556463084,0.19087874697985666,0.7922563024636803
26061,LOF,0.012315167137149547,0.011078034690716557,0.9766067981721339
26062,LOF,0.006766889352168382,0.018661879670057946,0.9745712309777735
26063,LOF,0.0357740021320305,0.011300575374561622,0.952925422493408
26064,LOF,0.011692159107689688,0.023949961564568512,0.9643578793277418
26065,LOF,0.047660178120858473,0.012811592096458813,0.9395282297826827
26066,LOF,0.044474353274635336,0.010404126058314185,0.9451215206670504
26067,LOF,0.050654961722702035,0.00952697128122994,0.939818066996068
26068,LOF,0.05167501921108329,0.04536135583230324,0.9029636249566134
26069,LOF,0.15202571440286963,0.029176411595852013,0.8187978740012783
26070,LOF,0.3167064012903478,0.024277881578715993,0.6590157171309362
26071,LOF,0.045524636392755564,0.012025312231798903,0.9424500513754456
26072,LOF,0.011529813921272466,0.022465113999705542,0.9660050720790221
26073,LOF,0.03864262900646817,0.01380920399330428,0.9475481670002276
26074,Neutral,0.9212962993905263,0.009291966877661064,0.06941173373181253
26075,LOF,0.05247799948485923,0.02249636692884118,0.9250256335862996
26076,LOF,0.05571682733947929,0.011833417876636871,0.9324497547838838
26077,LOF,0.16778795658158083,0.007491624013143456,0.8247204194052756
26078,LOF,0.008838068537138541,0.015552335343411983,0.9756095961194495
26079,LOF,0.06458193357417856,0.025489656017300067,0.9099284104085213
26080,LOF,0.06385742839036203,0.025522574943178934,0.910619996666459
26081,LOF,0.030808891932192915,0.009300949536317204,0.9598901585314898
26082,LOF,0.007274537744209587,0.015239433192866263,0.9774860290629241
26083,LOF,0.09695011720516487,0.02076894618409928,0.8822809366107359
26084,LOF,0.10094146879604346,0.014608352594503477,0.8844501786094531
26085,LOF,0.09503677243424602,0.012799218413196983,0.8921640091525571
26086,LOF,0.038721684509015204,0.012421405594807016,0.9488569098961779
26087,LOF,0.03437408480697817,0.01045214468765914,0.9551737705053626
26088,LOF,0.0090725114470845,0.020958719438052897,0.9699687691148625
26089,LOF,0.04307137244699362,0.03716763424513473,0.9197609933078715
26090,LOF,0.04400196750935948,0.029535712644642855,0.9264623198459978
26091,LOF,0.03035605612579003,0.008066607886967734,0.9615773359872424
26092,LOF,0.042830809564145624,0.008572592668696121,0.9485965977671582
26093,LOF,0.07678380845814915,0.006080939145584154,0.9171352523962667
26094,LOF,0.034915861726483845,0.007579964052153229,0.957504174221363
26095,LOF,0.03383568642351619,0.01725489799122677,0.948909415585257
26096,LOF,0.22465231429268318,0.005328049906681277,0.7700196358006355
26097,LOF,0.008928414894707153,0.032852741887736944,0.9582188432175559
26098,LOF,0.0798013997712944,0.02023199129369498,0.8999666089350106
26099,LOF,0.04410597358693177,0.015804520277348615,0.9400895061357196
26100,LOF,0.044087573188459774,0.01580450071252298,0.9401079260990172
26101,LOF,0.05856769609295629,0.02984718254352097,0.9115851213635227
26102,LOF,0.03279151148156461,0.016264012466792387,0.950944476051643
26103,Neutral,0.8800284008925928,0.02638884903906901,0.09358275006833802
26104,LOF,0.06099527677418957,0.04127225666735428,0.8977324665584561
26105,LOF,0.22797392074852071,0.20242827453537016,0.5695978047161092
26106,LOF,0.3084915899479089,0.1412697381515605,0.5502386719005307
26107,LOF,0.02250495012489411,0.1022292633898485,0.8752657864852574
26108,LOF,0.26986246638880407,0.051489618760668814,0.6786479148505271
26109,LOF,0.10068450832178671,0.03934433453352471,0.8599711571446885
26110,LOF,0.47772850729706506,0.00678761010664412,0.5154838825962907
26111,LOF,0.049589779980924405,0.13488642244731122,0.8155237975717643
26112,LOF,0.054864392411407385,0.007010719287790564,0.9381248883008021
26113,LOF,0.10169417252561444,0.014681539255067502,0.883624288219318
26114,LOF,0.08973952176628557,0.007596666718818239,0.9026638115148963
26115,LOF,0.013763474508571258,0.04881268119930187,0.9374238442921268
26116,LOF,0.07057346246679477,0.028586303103342856,0.9008402344298624
26117,LOF,0.41288226860023636,0.032065250651111446,0.5550524807486521
26118,LOF,0.04482936093624449,0.0150919215189659,0.9400787175447897
26119,LOF,0.006024542412801589,0.034666387195026196,0.9593090703921723
26120,LOF,0.036301737352193185,0.014970897080291234,0.9487273655675156
