feature0,prediction,LoGoFunc_Neutral,LoGoFunc_GOF,LoGoFunc_LOF
25546,Neutral,0.6321340362254416,0.08569974585312522,0.28216621792143315
25547,Neutral,0.5145615319724689,0.16185763528867383,0.32358083273885724
25548,Neutral,0.4920767641982697,0.1156646082498257,0.3922586275519045
25549,Neutral,0.4574331693642779,0.1145643154978296,0.4280025151378925
25550,LOF,0.36026183735321465,0.19666585872001438,0.443072303926771
25551,LOF,0.2946127492354914,0.1863286355560456,0.519058615208463
25552,LOF,0.16591335570450816,0.18295620079103284,0.651130443504459
25553,Neutral,0.8037883397020192,0.05025167926817701,0.14595998102980365
25554,LOF,0.20386794303985845,0.1871134886201006,0.609018568340041
25555,LOF,0.16269877353505233,0.16548251218849372,0.6718187142764539
25556,Neutral,0.4901783575340256,0.1358263303422267,0.3739953121237478
25557,LOF,0.15691244373222904,0.1728195714938769,0.6702679847738942
25558,LOF,0.2035549163847932,0.19948049453369604,0.5969645890815107
25559,Neutral,0.5258481342663932,0.05086876775971004,0.42328309797389685
25560,LOF,0.0371632074226252,0.31936776016789553,0.6434690324094793
25561,LOF,0.07125221688242372,0.3527985282699208,0.5759492548476555
25562,LOF,0.10313721963782341,0.19243087424242897,0.7044319061197476
25563,LOF,0.11156249627561597,0.17756164212577852,0.7108758615986055
25564,LOF,0.06571945152648433,0.26857432985865437,0.6657062186148613
25565,LOF,0.13961222943049667,0.23072907277343935,0.6296586977960639
25566,GOF,0.015152231688078418,0.7627204443300624,0.22212732398185916
25567,LOF,0.011361236377950107,0.11182533800238655,0.8768134256196634
25568,LOF,0.04456426845603407,0.06179546901288143,0.8936402625310844
25569,LOF,0.06092911397080415,0.062322445191914766,0.876748440837281
25570,LOF,0.06064305066782812,0.10177819872521643,0.8375787506069555
25571,LOF,0.06505543146279189,0.09175324751715774,0.8431913210200503
25572,LOF,0.055171347784291405,0.10805584410520937,0.8367728081104991
25573,LOF,0.030036168565517395,0.07140076133542796,0.8985630700990547
25574,LOF,0.017550026970997536,0.12467382625028353,0.8577761467787189
25575,LOF,0.05675784795790364,0.0966277980073531,0.8466143540347433
25576,LOF,0.020996643413786792,0.09176325613015411,0.8872401004560592
25577,LOF,0.012904986953360974,0.10215819924909617,0.884936813797543
25578,LOF,0.23050875579313823,0.0786426219918446,0.6908486222150172
25579,LOF,0.2321509194580277,0.07780036391401396,0.6900487166279583
25580,LOF,0.03933946540990085,0.08687261202088928,0.8737879225692099
25581,LOF,0.04749433506368406,0.06462078860192386,0.8878848763343921
25582,LOF,0.04730425578198412,0.06165300088103575,0.8910427433369802
25583,LOF,0.03726133427072726,0.09319270339592897,0.8695459623333437
25584,Neutral,0.5008137211027204,0.07581361733966616,0.4233726615576134
25585,LOF,0.029320442723969036,0.09183259779276082,0.8788469594832701
25586,LOF,0.03320210642117604,0.06612771828496673,0.9006701752938572
25587,LOF,0.030664787569764162,0.05307567822794566,0.9162595342022902
25588,LOF,0.033263458642358364,0.07186518627576954,0.894871355081872
25589,Neutral,0.6373591212714704,0.07878637293653319,0.2838545057919964
25590,LOF,0.02423085769471251,0.10484763651875606,0.8709215057865315
25591,LOF,0.10648156744698101,0.05069651344394069,0.8428219191090783
25592,LOF,0.09628992417510608,0.12070123941092113,0.7830088364139729
25593,LOF,0.014779817917016973,0.22699051151276728,0.7582296705702156
25594,LOF,0.0358939074850003,0.1606361748135555,0.8034699177014442
25595,LOF,0.06392712066550976,0.11631388238445012,0.8197589969500401
25596,LOF,0.08139480394396978,0.09867266919734785,0.8199325268586823
25597,LOF,0.07363405641666715,0.043584951792940765,0.882780991790392
25598,LOF,0.04708806771871163,0.16744387470780225,0.785468057573486
25599,GOF,0.007156414802531452,0.6028974275292529,0.3899461576682157
25600,GOF,0.00889596461422003,0.5493878843466469,0.4417161510391331
25601,LOF,0.007557836149097756,0.37224509838331515,0.6201970654675871
25602,LOF,0.014380983526719533,0.06613110174068387,0.9194879147325966
25603,LOF,0.0419006950336627,0.04095327069812815,0.9171460342682092
25604,LOF,0.03651938582213865,0.07919170851547656,0.8842889056623848
25605,LOF,0.011330003081633474,0.23524984572103008,0.7534201511973365
25606,GOF,0.05729539860406211,0.5275811015023103,0.4151234998936276
25607,LOF,0.003330220477230963,0.15028760018046955,0.8463821793422995
25608,LOF,0.05349506428104988,0.05512044151457779,0.8913844942043723
25609,LOF,0.06892396119872313,0.29985005669084486,0.631225982110432
25610,LOF,0.04299506520327261,0.039566128842102595,0.9174388059546249
25611,LOF,0.06037160781331102,0.029893152324451732,0.9097352398622373
25612,LOF,0.11841357861217229,0.059603654119139364,0.8219827672686884
25613,LOF,0.09636236120254614,0.05278114674229319,0.8508564920551607
25614,LOF,0.03874120307116563,0.04977949695332072,0.9114792999755137
25615,LOF,0.08037619831965792,0.06155149976837892,0.8580723019119633
25616,LOF,0.035401981169636554,0.066443755198567,0.8981542636317964
25617,LOF,0.05243095694112079,0.05657729317221631,0.890991749886663
25618,LOF,0.2599014312532464,0.05130266141322288,0.6887959073335308
25619,LOF,0.04469074827155474,0.04839032988177669,0.9069189218466686
25620,LOF,0.04254775527552763,0.06975750811509002,0.8876947366093823
25621,LOF,0.047528772511989656,0.05098341702534713,0.9014878104626631
25622,LOF,0.031317696978771986,0.06427421183426775,0.9044080911869604
25623,LOF,0.05405415469145956,0.04730404952775365,0.8986417957807868
25624,LOF,0.031696580155457316,0.055081846816240974,0.9132215730283018
25625,LOF,0.04042322008620031,0.07191384557311307,0.8876629343406867
25626,LOF,0.0793318606664218,0.04344275405031876,0.8772253852832594
25627,Neutral,0.5836987658138612,0.11899825317424972,0.29730298101188907
25628,LOF,0.1967314227412791,0.06761668071995014,0.7356518965387708
25629,LOF,0.06360791892840159,0.12777313153672273,0.8086189495348757
25630,LOF,0.1789536155796726,0.10060874384464384,0.7204376405756835
25631,Neutral,0.5958589978701635,0.07163485054253511,0.3325061515873014
25632,LOF,0.022799756303465958,0.06857919976931738,0.9086210439272165
25633,LOF,0.23474288555929274,0.06730680354036757,0.6979503109003398
25634,LOF,0.03829010182420056,0.07086634431495366,0.8908435538608457
25635,LOF,0.038232382682413184,0.06072769442228737,0.9010399228952994
25636,GOF,0.005268452174356484,0.6567399968941862,0.3379915509314574
25637,GOF,0.004091529939186156,0.6402179427815677,0.35569052727924616
25638,GOF,0.006756380099269914,0.5258049101919237,0.46743870970880635
25639,LOF,0.004344184262663078,0.467840559820495,0.527815255916842
25640,GOF,0.3014735584070999,0.6437059328584841,0.054820508734415935
25641,LOF,0.005475011227455703,0.3267585885976196,0.6677664001749246
25642,LOF,0.27106704717318875,0.10134608938050829,0.627586863446303
25643,LOF,0.27489470521642223,0.17001620095697156,0.5550890938266062
25644,GOF,0.016038759103212258,0.6108954884670219,0.3730657524297658
25645,GOF,0.013227335798446142,0.6092458433202776,0.3775268208812762
25646,LOF,0.012886781145750438,0.39431155243431343,0.5928016664199361
25647,LOF,0.013198199112910213,0.29909158736799146,0.6877102135190983
25648,LOF,0.008926860722345296,0.38995842981093215,0.6011147094667226
25649,LOF,0.008866134999932366,0.22184683067853248,0.7692870343215351
25650,GOF,0.027756425871427175,0.5227107952333828,0.44953277889518994
25651,LOF,0.0069274530552945485,0.2510385255871531,0.7420340213575524
25652,LOF,0.013264176007981144,0.33341243696093303,0.6533233870310857
25653,GOF,0.055491458450852404,0.4908893682268584,0.4536191733222893
25654,LOF,0.009457380225758923,0.35309629360947964,0.6374463261647615
25655,GOF,0.09445994256653341,0.49739381625799794,0.40814624117546866
25656,LOF,0.09910257016554284,0.16249230920134922,0.7384051206331078
25657,LOF,0.291619026798915,0.0688701481395075,0.6395108250615775
25658,LOF,0.032120100454285636,0.2535358266164899,0.7143440729292244
25659,LOF,0.23867895027297012,0.1383689757692273,0.6229520739578026
25660,LOF,0.11262398938209149,0.06287095913610177,0.8245050514818067
25661,LOF,0.07511083619939911,0.0631510277077895,0.8617381360928114
25662,LOF,0.04356748568398761,0.05302999286991241,0.9034025214460999
25663,LOF,0.05235566398852655,0.09414998977737667,0.8534943462340967
25664,LOF,0.031292626185669366,0.16034778629899052,0.8083595875153401
25665,LOF,0.04421452945272902,0.05321595220299586,0.9025695183442751
25666,LOF,0.047115327594496666,0.16347444030485123,0.789410232100652
25667,LOF,0.04277748689468778,0.045347433345947,0.9118750797593651
25668,LOF,0.0614629418085734,0.05523114786190739,0.8833059103295192
25669,LOF,0.06021610454989388,0.07320349863579739,0.8665803968143088
25670,LOF,0.07818920770321994,0.08755296142049757,0.8342578308762825
25671,LOF,0.06063263442403932,0.037903488903063796,0.9014638766728968
25672,LOF,0.04947071679323079,0.05764696484336808,0.8928823183634012
25673,LOF,0.03888952185817462,0.07584462444971396,0.8852658536921114
25674,LOF,0.027017400073998676,0.09442263010778969,0.8785599698182116
25675,LOF,0.03426893083049851,0.06427609784235949,0.901454971327142
25676,LOF,0.044948486654237646,0.053086625744958864,0.9019648876008035
25677,LOF,0.11561477830266699,0.044241033382940734,0.8401441883143922
25678,LOF,0.20586718954703656,0.03510238256940492,0.7590304278835586
25679,LOF,0.12038893229627677,0.05474193438067862,0.8248691333230446
25680,LOF,0.11886475430015331,0.07622516993639043,0.8049100757634562
25681,LOF,0.12691788399938314,0.06831154084972807,0.8047705751508888
25682,LOF,0.0620134274761197,0.04755101537123477,0.8904355571526454
25683,LOF,0.08760405656349078,0.07297172904812653,0.8394242143883828
25684,LOF,0.07786804101212257,0.0529205188295291,0.8692114401583484
25685,LOF,0.13775568787914594,0.060667214112368854,0.8015770980084852
25686,LOF,0.02681838901432914,0.09770470410749184,0.875476906878179
25687,LOF,0.05618522375745812,0.10643488185526039,0.8373798943872816
25688,LOF,0.02110264146555801,0.06907840058445205,0.90981895794999
25689,LOF,0.013191473311096413,0.03384075224506028,0.9529677744438433
25690,LOF,0.018182649882653792,0.03857817500582878,0.9432391751115174
25691,LOF,0.10892492856904946,0.07624383929914824,0.8148312321318023
25692,LOF,0.2672638251374707,0.013819515483778282,0.718916659378751
25693,LOF,0.032921058325907165,0.3125018979122593,0.6545770437618336
25694,LOF,0.2382807425038572,0.011721026494631689,0.7499982310015111
25695,LOF,0.17131733019880444,0.026407859299042786,0.8022748105021529
25696,LOF,0.08375197727110954,0.022820905932620213,0.8934271167962702
25697,LOF,0.0667577434706208,0.025969213885847598,0.9072730426435316
25698,LOF,0.01732122992630508,0.36075922150871315,0.6219195485649818
25699,LOF,0.09816822508999025,0.14355039532556216,0.7582813795844476
25700,LOF,0.03713387663246119,0.022234320869613227,0.9406318024979257
25701,LOF,0.014017812678810238,0.13299103735354897,0.8529911499676408
25702,GOF,0.03121714013522132,0.751735498574036,0.21704736129074262
25703,LOF,0.01692656084210457,0.2578334673298181,0.7252399718280773
25704,LOF,0.07802413993306652,0.175225372135597,0.7467504879313365
25705,LOF,0.061578047237254276,0.17642284176748416,0.7619991109952615
25706,GOF,0.01623934880239399,0.6334841439898298,0.35027650720777637
25707,GOF,0.029989406636042906,0.5286403630745783,0.4413702302893787
25708,LOF,0.008051754253336369,0.46695843880640814,0.5249898069402554
25709,LOF,0.03187144741954745,0.06316393368830173,0.9049646188921507
25710,LOF,0.00617743134220741,0.14113825294373994,0.8526843157140526
25711,LOF,0.03574286944041396,0.1059564229561093,0.8583007076034768
25712,LOF,0.008093741442312487,0.201564105272854,0.7903421532848335
25713,LOF,0.027886726095474705,0.11407387893658485,0.8580393949679403
25714,LOF,0.02696038335667637,0.1519318840171822,0.8211077326261415
25715,LOF,0.03486800501698006,0.12569070614889946,0.8394412888341205
25716,LOF,0.0065554426835395686,0.13288846154945327,0.8605560957670071
25717,LOF,0.006286824062686693,0.1193464607253226,0.8743667152119907
25718,LOF,0.031144775510887828,0.08031143395170959,0.8885437905374026
25719,LOF,0.030339235646689045,0.10805070717889276,0.8616100571744182
25720,LOF,0.029239116526824753,0.11812766249699717,0.8526332209761781
25721,LOF,0.029569913215659323,0.1193218207058777,0.8511082660784631
25722,LOF,0.018631520762884303,0.14751779555950284,0.833850683677613
25723,LOF,0.0331915976793814,0.11058804881150477,0.8562203535091139
25724,LOF,0.051971324935387274,0.2224606886160299,0.7255679864485828
25725,LOF,0.03539542588298216,0.09188533200047168,0.8727192421165462
25726,LOF,0.02145197268263875,0.12201035977652325,0.856537667540838
25727,LOF,0.033688059306270154,0.09566006978331121,0.8706518709104185
25728,LOF,0.032358850876367626,0.11623208583374142,0.8514090632898909
25729,LOF,0.03313680302433095,0.12258765857406005,0.844275538401609
25730,LOF,0.03777695509013355,0.0806844951062526,0.8815385498036138
25731,LOF,0.010721623192007153,0.09500888082771394,0.8942694959802788
25732,LOF,0.02327261894878555,0.06089639552808516,0.9158309855231292
25733,LOF,0.03588451020540682,0.07651199762681801,0.8876034921677752
25734,LOF,0.006116865203302358,0.2634467733086956,0.730436361488002
25735,LOF,0.030240144654479398,0.08140147510426275,0.8883583802412579
25736,LOF,0.027486621712921863,0.13904708201797028,0.8334662962691078
25737,LOF,0.04142213718977523,0.09301643011365937,0.8655614326965655
25738,LOF,0.030934361048656572,0.15761870400416156,0.8114469349471818
25739,LOF,0.03068779363223988,0.10679124131947745,0.8625209650482827
25740,LOF,0.03968382571489896,0.12195170909303535,0.8383644651920658
25741,LOF,0.04544564086593728,0.11436892345860747,0.8401854356754553
25742,LOF,0.04858645983969983,0.12413819332254414,0.8272753468377559
25743,LOF,0.012369639685609347,0.029240615441180815,0.9583897448732099
25744,LOF,0.2257947964456752,0.1635535766738452,0.6106516268804796
25745,LOF,0.04870166962516731,0.07079810715346889,0.8805002232213637
25746,LOF,0.016337601916836225,0.11515247312492562,0.8685099249582381
25747,LOF,0.042600961296789856,0.037050999434734826,0.9203480392684752
25748,LOF,0.2972588063363108,0.08748913295968058,0.6152520607040085
25749,LOF,0.01957187447378031,0.06024644553618476,0.920181679990035
25750,LOF,0.0261203365478352,0.06654015121550136,0.9073395122366635
25751,LOF,0.04617772699156449,0.059160252595723606,0.8946620204127118
25752,GOF,0.07954616331948167,0.7062913064390003,0.21416253024151813
25753,LOF,0.0069597170420961675,0.47154963857170173,0.5214906443862021
25754,GOF,0.007790886370205185,0.9014390496200401,0.09077006400975482
25755,LOF,0.007112528066044208,0.4647120874415215,0.5281753844924344
25756,LOF,0.020488792112861337,0.47515155763702566,0.504359650250113
25757,GOF,0.008063676182242288,0.8813435225625469,0.11059280125521079
25758,GOF,0.008136827903043644,0.9092054232106532,0.08265774888630308
25759,GOF,0.006549661276040385,0.6909416626624804,0.3025086760614792
25760,LOF,0.005270909549831372,0.353688634084217,0.6410404563659516
25761,GOF,0.050780461537628566,0.8927596155154099,0.05645992294696147
25762,LOF,0.02306406105744834,0.40435556812814466,0.572580370814407
25763,LOF,0.005537872345952494,0.34821123068831633,0.6462508969657312
25764,GOF,0.07831004360797841,0.7135703382106995,0.20811961818132205
25765,GOF,0.009049750902893651,0.9087906938796381,0.08215955521746826
25766,GOF,0.0251855436708928,0.8833741646323131,0.09144029169679412
25767,GOF,0.018160807126145425,0.5750767103916958,0.4067624824821588
25768,LOF,0.05701348506900309,0.047531442893004636,0.8954550720379922
25769,LOF,0.02425079500317106,0.09452674159953087,0.881222463397298
25770,LOF,0.14365965358403918,0.1468472864771328,0.7094930599388279
25771,LOF,0.017024525900561204,0.11775402033638056,0.8652214537630583
25772,LOF,0.032031918396261065,0.04756110563488349,0.9204069759688556
25773,LOF,0.01311494874327633,0.11635038053747228,0.8705346707192515
25774,LOF,0.023009033366729947,0.24113445836530703,0.7358565082679631
25775,LOF,0.016989338015312366,0.04873085630061166,0.934279805684076
25776,LOF,0.02981236511066458,0.0288717392110281,0.9413158956783073
25777,LOF,0.2363375217517717,0.12841140530821568,0.6352510729400127
25778,LOF,0.022680132428382425,0.10373269425310866,0.8735871733185089
25779,GOF,0.056787504152729935,0.8558748061390944,0.08733768970817567
25780,GOF,0.07292940473967682,0.8500584708408436,0.07701212441947956
25781,GOF,0.03359150433040386,0.8159237214543968,0.15048477421519932
25782,GOF,0.038531372660718786,0.8735634420053648,0.08790518533391632
25783,GOF,0.0439709864802125,0.8825737158752646,0.07345529764452294
25784,GOF,0.09754990413636971,0.8331123345863217,0.06933776127730858
25785,GOF,0.13447890705587404,0.8123660943755087,0.05315499856861729
25786,GOF,0.01248032138613992,0.7900596283131577,0.1974600503007023
25787,GOF,0.30102569253144723,0.6373644658047437,0.06160984166380908
25788,LOF,0.020282042909067606,0.13668935818528555,0.8430285989056469
25789,GOF,0.0200155918654726,0.8209646249019653,0.15901978323256213
25790,GOF,0.02835164202813522,0.8585832095979512,0.11306514837391356
25791,GOF,0.031002500073854262,0.6502288149370342,0.31876868498911143
25792,GOF,0.039469457772975954,0.714203723412646,0.24632681881437807
25793,GOF,0.05600883605351563,0.7825907673503228,0.16140039659616146
25794,GOF,0.05225782433809597,0.645413215589013,0.30232896007289095
25795,GOF,0.05258103297964209,0.6880647584085635,0.25935420861179453
25796,GOF,0.1361482997729506,0.7371645760224004,0.126687124204649
25797,GOF,0.07616124112030372,0.7007741158078009,0.2230646430718954
25798,GOF,0.008279674340062012,0.7977522497689032,0.19396807589103462
25799,GOF,0.004918523944261635,0.7016175077550212,0.29346396830071714
25800,GOF,0.026187863639378035,0.840688360807594,0.13312377555302807
25801,GOF,0.024999123413107612,0.8533761858993897,0.1216246906875026
25802,GOF,0.029816047455029988,0.7637466285487071,0.20643732399626294
25803,GOF,0.024397658073389072,0.7504426357813647,0.22515970614524627
25804,GOF,0.03759498455522379,0.7849270602996372,0.17747795514513906
25805,GOF,0.03280567335306824,0.7836383215078312,0.18355600513910045
25806,GOF,0.04275406297350644,0.7928762711995864,0.1643696658269072
25807,GOF,0.01666035891917822,0.7310909528095079,0.25224868827131397
25808,GOF,0.030083003272169034,0.7901062765428681,0.17981072018496283
25809,GOF,0.016098346936670248,0.71353503568301,0.2703666173803197
25810,GOF,0.014844228689860359,0.7168111434805209,0.2683446278296187
25811,GOF,0.07803410937316187,0.8316722157797879,0.0902936748470502
25812,GOF,0.04031186730700449,0.7617802602818707,0.1979078724111248
25813,GOF,0.19849901375315868,0.7008957683654976,0.10060521788134384
25814,GOF,0.037886391292192484,0.7398966119360174,0.2222169967717901
25815,GOF,0.07321619446753873,0.785698923314197,0.14108488221826426
25816,GOF,0.013113059480015031,0.8574160974573352,0.12947084306264964
25817,GOF,0.1303683163630746,0.7036763939704784,0.16595528966644701
25818,GOF,0.03303333851093586,0.7713493831519208,0.19561727833714346
25819,GOF,0.05393092342791577,0.7109534544950191,0.2351156220770651
25820,GOF,0.057135248540431775,0.6712946839779141,0.2715700674816541
25821,GOF,0.0392514799630922,0.7222541412336431,0.2384943788032648
25822,GOF,0.06575084909306743,0.6859835508178861,0.24826560008904655
25823,GOF,0.03521164624753391,0.6936105124216032,0.27117784133086287
25824,GOF,0.032483253891822945,0.7645551048822005,0.20296164122597643
25825,GOF,0.024258713775395277,0.7543444734372572,0.2213968127873475
25826,GOF,0.013499127325360228,0.710242007039572,0.2762588656350678
25827,GOF,0.01746479558369744,0.7274486610586738,0.25508654335762876
25828,GOF,0.011831182379589494,0.7591195333724108,0.22904928424799972
25829,GOF,0.00507582572644776,0.664508867136902,0.33041530713665024
25830,LOF,0.06418218164812811,0.4576539442804262,0.47816387407144556
25831,GOF,0.07463598896490209,0.7617289419991755,0.16363506903592243
25832,GOF,0.009903278930309786,0.7325307298325375,0.25756599123715257
25833,GOF,0.030778925257874127,0.8114114424108344,0.15780963233129147
25834,GOF,0.010275766606581712,0.7687446848729687,0.22097954852044963
25835,GOF,0.029248476172412014,0.8252018952969381,0.14554962853064984
25836,GOF,0.008166292302036181,0.7692384951926311,0.22259521250533276
25837,GOF,0.011192899157721953,0.7791340991533804,0.20967300168889763
25838,GOF,0.0226886903675316,0.821266640394803,0.15604466923766538
25839,GOF,0.056557047704224137,0.7671320011032116,0.1763109511925643
25840,GOF,0.09861165116203306,0.7356090146667843,0.16577933417118257
25841,GOF,0.08492362475506157,0.784784404627239,0.1302919706176994
25842,GOF,0.028762522266252675,0.858572284330026,0.11266519340372129
25843,GOF,0.02546863899220847,0.8655449081280332,0.10898645287975839
25844,GOF,0.023440346346126836,0.8090975138070652,0.16746213984680802
25845,GOF,0.008425519658959572,0.7193607569826467,0.2722137233583937
25846,GOF,0.07789547318928637,0.8111765826422456,0.11092794416846816
25847,GOF,0.019417562171742807,0.8436382821990638,0.1369441556291935
25848,GOF,0.018615072929987403,0.8025107669007521,0.17887416016926044
25849,GOF,0.006840866356225169,0.7912794444831145,0.20187968916066035
25850,GOF,0.0076124908274335,0.6877009742868522,0.30468653488571446
25851,GOF,0.006956593262484079,0.6321458511874283,0.36089755555008757
25852,GOF,0.14907796031990547,0.4528927092787702,0.3980293304013243
25853,GOF,0.06189552810448118,0.7462875890407831,0.19181688285473575
25854,GOF,0.006873943068242011,0.7162207656301544,0.27690529130160363
25855,GOF,0.025405464673764803,0.5979433347628853,0.37665120056334983
25856,GOF,0.05372399560909073,0.695754904387385,0.2505211000035243
25857,GOF,0.025734541627423863,0.6069090954619922,0.367356362910584
25858,GOF,0.010823039377182783,0.5612713866047003,0.4279055740181168
25859,GOF,0.007795123815233495,0.5352164361079811,0.45698844007678535
25860,GOF,0.10702626201619905,0.6780455575948517,0.21492818038894937
25861,GOF,0.10866508917189266,0.7622111210315798,0.1291237897965274
25862,GOF,0.0258096367363879,0.8797707782907087,0.09441958497290343
25863,GOF,0.02257690887140827,0.8486394642182359,0.1287836269103559
25864,GOF,0.03862102093466434,0.8696482669086988,0.09173071215663707
25865,GOF,0.03949908517613862,0.8594257184619948,0.10107519636186667
25866,GOF,0.020734055062672112,0.8662473902419922,0.11301855469533577
25867,GOF,0.042860820921088824,0.8627273972955081,0.09441178178340309
25868,GOF,0.08864852149809138,0.7349408312898175,0.17641064721209132
25869,GOF,0.36318404958647654,0.5059406313499759,0.13087531906354763
25870,GOF,0.07950331453115891,0.5048682360236453,0.41562844944519584
25871,GOF,0.009684020315599203,0.7662690025048868,0.2240469771795141
25872,GOF,0.023039360245483965,0.7571333609300096,0.21982727882450642
25873,GOF,0.023461940569180398,0.8476847490056025,0.12885331042521705
25874,LOF,0.031482812224011475,0.1411668994868401,0.8273502882891484
25875,LOF,0.022296639352739428,0.12426345985589916,0.8534399007913614
25876,LOF,0.0257912912774106,0.0641765296060838,0.9100321791165057
25877,LOF,0.1083366238408421,0.20415775930296362,0.6875056168561943
25878,LOF,0.06853354179518101,0.291746485591099,0.6397199726137199
25879,LOF,0.010747125954740347,0.17677141173930022,0.8124814623059595
25880,LOF,0.050960515172012735,0.019374087979606016,0.9296653968483812
25881,Neutral,0.5027403429270279,0.15368094858353207,0.34357870848944017
25882,LOF,0.04681843050436354,0.04898445502421544,0.9041971144714211
25883,LOF,0.029966765451349967,0.03707934377127237,0.9329538907773778
25884,LOF,0.01553561603602172,0.060902692639492835,0.9235616913244854
25885,LOF,0.15719989486194294,0.019227768915468037,0.8235723362225891
25886,LOF,0.25075819916940223,0.06652682511630703,0.6827149757142907
25887,LOF,0.07124137278369708,0.2553091786406366,0.6734494485756664
25888,LOF,0.007330357664432942,0.2575990718623576,0.7350705704732095
25889,LOF,0.022911167127111196,0.051737609064937365,0.9253512238079514
25890,LOF,0.19537925075627613,0.07677822368125621,0.7278425255624676
25891,LOF,0.09578098675557803,0.04174544955947865,0.8624735636849433
25892,LOF,0.00808351082689542,0.024394892002510146,0.9675215971705945
25893,LOF,0.29618403940830235,0.008342059608287362,0.6954739009834102
25894,LOF,0.3326028800038194,0.0057151144241590944,0.6616820055720215
25895,LOF,0.27537115255492006,0.014331616622043145,0.7102972308230368
25896,LOF,0.08917615982606052,0.02602881273814896,0.8847950274357904
25897,LOF,0.10699504425503455,0.01143786944697933,0.8815670862979861
25898,LOF,0.11761999275894147,0.02555736824608882,0.8568226389949697
25899,LOF,0.4159598504353389,0.02455960547692195,0.5594805440877392
25900,Neutral,0.7671485737200506,0.01190415831949016,0.22094726796045924
25901,LOF,0.06153940460011347,0.00892736668172815,0.9295332287181582
25902,LOF,0.07434079776989026,0.008665094542451936,0.9169941076876579
25903,LOF,0.1678041839492898,0.028780510710339255,0.803415305340371
25904,Neutral,0.4806992818619348,0.04773874295486442,0.47156197518320087
25905,LOF,0.008682683367198152,0.4006062224776753,0.5907110941551266
25906,LOF,0.009212562786072452,0.07073083662217027,0.9200566005917573
25907,LOF,0.0075324797536953396,0.26556871070592475,0.7268988095403799
25908,LOF,0.008201626924287882,0.24941150147179772,0.7423868716039144
25909,LOF,0.0358178170915466,0.1160665339423025,0.8481156489661509
25910,LOF,0.017301239571020113,0.10313101767222808,0.8795677427567518
25911,LOF,0.16597194341656116,0.029404686987359364,0.8046233695960795
25912,LOF,0.12624492221720673,0.012593785718369863,0.8611612920644235
25913,LOF,0.016382358271849046,0.022281272652973583,0.9613363690751773
25914,LOF,0.05051704259536587,0.03289584609551177,0.9165871113091224
25915,LOF,0.20134826206340475,0.31969531797945494,0.4789564199571403
25916,LOF,0.013558196956168887,0.18028590116584015,0.8061559018779909
25917,LOF,0.07472743739715215,0.04286234536713381,0.8824102172357141
25918,LOF,0.05147752314720963,0.021088610991354454,0.927433865861436
25919,LOF,0.044610474165069004,0.022444367113902713,0.9329451587210283
25920,LOF,0.35880635950371376,0.24669212520468553,0.39450151529160066
25921,LOF,0.021364561332957503,0.021337598084913645,0.957297840582129
25922,LOF,0.021123831478396127,0.018580197338822605,0.9602959711827812
25923,LOF,0.4148357029058084,0.010305193681968037,0.5748591034122236
25924,LOF,0.03304681214230052,0.016942511909828203,0.9500106759478714
25925,LOF,0.12012023218103943,0.0229606232839716,0.8569191445349889
25926,LOF,0.09674806337093729,0.016602664601025427,0.8866492720280372
25927,LOF,0.030087081562819477,0.023995316388014234,0.9459176020491664
25928,LOF,0.016392280914266057,0.009971827796836238,0.9736358912888977
25929,Neutral,0.5475122844437824,0.009862487567944517,0.44262522798827314
25930,LOF,0.06423050123384512,0.009906077803771953,0.9258634209623828
25931,LOF,0.01677415442723006,0.010264648586006784,0.9729611969867631
25932,LOF,0.08077191849847123,0.008477097452271178,0.9107509840492576
25933,LOF,0.09448010736549232,0.006133146664711296,0.8993867459697964
25934,LOF,0.0911818974687192,0.006665486945328331,0.9021526155859524
25935,LOF,0.11144857100015285,0.018247628810098986,0.8703038001897482
25936,LOF,0.09159249459081928,0.006124534900331602,0.9022829705088492
25937,LOF,0.017120824211139293,0.01274098606015808,0.9701381897287027
25938,LOF,0.11385919302728385,0.01686013734276883,0.8692806696299473
25939,LOF,0.06563856027527486,0.010057178534570754,0.9243042611901545
25940,GOF,0.009795651165127083,0.5378720294570921,0.45233231937778073
25941,LOF,0.4510763755528267,0.03013615206552706,0.5187874723816462
25942,LOF,0.01035517137647923,0.051468366682368226,0.9381764619411526
25943,LOF,0.045591093597831596,0.11870585310309717,0.8357030532990711
25944,LOF,0.04643542390927401,0.07622358647992802,0.8773409896107979
25945,LOF,0.14131900728141125,0.024319792863076273,0.8343611998555125
25946,LOF,0.08458050003588179,0.07816960723563536,0.8372498927284828
25947,Neutral,0.4356739373496499,0.23129478369652437,0.3330312789538258
25948,Neutral,0.5297837654776936,0.019863405375077154,0.45035282914722924
25949,LOF,0.11265407542272804,0.04873232131579421,0.8386136032614778
25950,GOF,0.0844261042877605,0.6775666538258239,0.23800724188641567
25951,GOF,0.012441090125757902,0.5601980125777932,0.4273608972964489
25952,LOF,0.14598243033496475,0.33037423709199426,0.523643332573041
25953,LOF,0.007108892491631871,0.4270768880082434,0.5658142195001247
25954,GOF,0.0535985060634748,0.6206982746038096,0.32570321933271557
25955,LOF,0.008198613014108912,0.41034701811659735,0.5814543688692938
25956,LOF,0.008590551316599575,0.4110954955993077,0.5803139530840927
25957,LOF,0.1887510180121847,0.042435209953788036,0.7688137720340273
25958,LOF,0.024780521206439483,0.05825619393796941,0.9169632848555911
25959,GOF,0.006912245346938889,0.715168684498788,0.2779190701542731
25960,LOF,0.005787208934034296,0.1029020982627301,0.8913106928032356
25961,LOF,0.025044206431848307,0.06038298451015887,0.9145728090579928
25962,LOF,0.040882384912682056,0.1089262655312277,0.8501913495560902
25963,LOF,0.01069290034817823,0.13737569736051058,0.8519314022913111
25964,LOF,0.05056034060749616,0.09409975762944282,0.8553399017630611
25965,LOF,0.17062559105251165,0.179864080363063,0.6495103285844253
25966,LOF,0.29647761501443065,0.26991611595867954,0.43360626902688987
25967,LOF,0.0067037622575239425,0.12423361731799613,0.8690626204244799
25968,LOF,0.06358773056752332,0.20950488433736428,0.7269073850951123
25969,LOF,0.13869341823729958,0.059075093624016944,0.8022314881386834
25970,LOF,0.04956262483883727,0.07875438403895092,0.8716829911222117
25971,LOF,0.07504048543719456,0.034790504031416786,0.8901690105313887
25972,LOF,0.07783907692846408,0.03738436556953755,0.8847765575019985
25973,LOF,0.07445667188691839,0.009438582479592483,0.9161047456334891
25974,LOF,0.06870490872705284,0.03509833193379365,0.8961967593391535
25975,LOF,0.029261277380340404,0.01071971622104981,0.9600190063986098
25976,LOF,0.09048118431705811,0.011721491506114276,0.8977973241768277
25977,LOF,0.1935118942685521,0.06983624540136173,0.7366518603300862
25978,LOF,0.1778344011005572,0.11015629672695317,0.7120093021724896
25979,LOF,0.12951849501776028,0.11362075995421328,0.7568607450280266
25980,LOF,0.21628147407316378,0.21367150602498994,0.5700470199018461
25981,LOF,0.21786133569138547,0.21718447521682638,0.5649541890917881
25982,LOF,0.29416294230263484,0.10847684092521663,0.5973602167721486
25983,Neutral,0.4854803248718636,0.09888660902503234,0.4156330661031041
25984,LOF,0.06302579004457493,0.06129918562022916,0.8756750243351958
25985,Neutral,0.46976810627939847,0.08919487437563516,0.44103701934496636
25986,LOF,0.012480391507656544,0.3666552539052747,0.6208643545870688
25987,LOF,0.03476543356206813,0.0692606856710647,0.8959738807668672
25988,LOF,0.04870676247611854,0.09191094644111222,0.8593822910827693
25989,LOF,0.05244227660417969,0.10368860097171463,0.8438691224241057
25990,LOF,0.05005195081777926,0.20828998552594313,0.7416580636562775
25991,GOF,0.02453680327680171,0.6316782199437374,0.3437849767794608
25992,LOF,0.011146413127509542,0.48987995767201575,0.49897362920047467
25993,LOF,0.020332801449791,0.09515393345288474,0.8845132650973243
25994,LOF,0.025417323042750746,0.10280908374012601,0.8717735932171233
25995,LOF,0.016127443504943065,0.17954883380841433,0.8043237226866427
25996,GOF,0.2971289750950767,0.5430922188854638,0.1597788060194596
25997,GOF,0.06478165892989088,0.6982731884389469,0.23694515263116223
25998,LOF,0.23679824370066518,0.029892331132565036,0.7333094251667697
25999,LOF,0.02554738884059144,0.2706426556586442,0.7038099555007644
26000,LOF,0.15892139067447145,0.013557217009915428,0.8275213923156131
26001,LOF,0.1583033363493276,0.01733830008812107,0.8243583635625514
26002,LOF,0.1109072134989674,0.016746170230984923,0.8723466162700477
26003,GOF,0.007300480841538634,0.6290094519846894,0.3636900671737719
26004,GOF,0.016429128130783635,0.6086109247114758,0.37495994715774045
26005,LOF,0.0056684446413909784,0.4956765759303134,0.4986549794282956
26006,GOF,0.11276412570647035,0.5568113662380985,0.33042450805543117
26007,GOF,0.010259690707026575,0.5569601535255202,0.43278015576745316
26008,GOF,0.007306739550595843,0.6034908222605311,0.3892024381888732
26009,GOF,0.013810231568320333,0.63928974754192,0.3469000208897596
26010,GOF,0.010557618658138531,0.5604490711974056,0.42899331014445574
26011,LOF,0.006486698238790902,0.4357065906994953,0.5578067110617138
26012,GOF,0.006240271949096157,0.5465954919587851,0.4471642360921188
26013,GOF,0.011552840573289135,0.5041566580354079,0.48429050139130303
26014,LOF,0.053020843596158135,0.0759863437246673,0.8709928126791745
26015,LOF,0.3498417892131966,0.034676248740078505,0.6154819620467248
26016,LOF,0.26467052386771733,0.054170601007543534,0.6811588751247392
26017,LOF,0.019229491870085377,0.18002915241531317,0.8007413557146014
26018,LOF,0.021176282110917963,0.111007025047818,0.8678166928412641
26019,LOF,0.02095708992907612,0.09284335393575639,0.8861995561351674
26020,LOF,0.007326517195120318,0.1675063383629343,0.8251671444419453
26021,LOF,0.0889264565315076,0.08761357071426783,0.8234599727542246
26022,LOF,0.04602170457073103,0.037444392442550746,0.9165339029867182
26023,LOF,0.032923437364409704,0.08284381357675137,0.8842327490588389
26024,LOF,0.051417323985665335,0.06930534415208528,0.8792773318622493
26025,LOF,0.16226491586457392,0.0912260993338316,0.7465089848015944
26026,LOF,0.139007807443216,0.06772500524409945,0.7932671873126846
26027,LOF,0.03227099620212008,0.04833738616150381,0.9193916176363761
26028,LOF,0.08114574011936983,0.24121232718707789,0.6776419326935522
26029,LOF,0.036934604730854845,0.15085399913790257,0.8122113961312427
26030,LOF,0.13114095561498143,0.019401846195973512,0.8494571981890451
26031,LOF,0.018039891693691617,0.15914743767218,0.8228126706341283
26032,LOF,0.027296594980419864,0.03281671973710524,0.9398866852824749
26033,LOF,0.04877170096553452,0.05997850356832303,0.8912497954661424
26034,LOF,0.025323032959232213,0.09145665320334755,0.8832203138374202
26035,LOF,0.015027825241144361,0.10809836963288934,0.8768738051259662
26036,LOF,0.014036585647309389,0.08898841952146552,0.896974994831225
26037,LOF,0.013182867178583689,0.09138836801890932,0.895428764802507
26038,LOF,0.023747530098681503,0.0322588073414836,0.9439936625598349
26039,LOF,0.03735331402624508,0.13536714294769517,0.8272795430260598
26040,LOF,0.0817499616345585,0.19610720474778326,0.7221428336176582
26041,LOF,0.016000280026125715,0.10577003647919683,0.8782296834946776
26042,LOF,0.014685348624950322,0.11343141312431976,0.8718832382507299
26043,LOF,0.023399470731058337,0.05928935574352265,0.917311173525419
26044,LOF,0.008087464857571744,0.050468784790748816,0.9414437503516795
26045,LOF,0.10186786731395399,0.2347614399949229,0.6633706926911231
26046,LOF,0.022737077099352774,0.062168454989345465,0.9150944679113017
26047,LOF,0.05703716842626588,0.05308297626235098,0.8898798553113831
26048,LOF,0.08067927549118083,0.02727500048579226,0.892045724023027
26049,Neutral,0.9345659116387677,0.006654314569747517,0.05877977379148465
26050,Neutral,0.8942269809081679,0.008421732543638236,0.0973512865481937
26051,LOF,0.02755714472825109,0.2998218789781789,0.67262097629357
26052,LOF,0.02959463185791568,0.21857944265287932,0.7518259254892049
26053,LOF,0.026179130092693424,0.16527418888600567,0.8085466810213009
26054,LOF,0.053202136382332246,0.07150976810723096,0.8752880955104367
26055,LOF,0.05630768998037469,0.06864301352768769,0.8750492964919376
26056,LOF,0.05298120171210907,0.07236552698219552,0.8746532713056955
26057,LOF,0.04508469041899893,0.01734466347040501,0.9375706461105959
26058,LOF,0.04976496775697355,0.013749862527613076,0.9364851697154133
26059,LOF,0.25376584927812823,0.09684748286108115,0.6493866678607906
26060,LOF,0.019714297978931296,0.20232133612545802,0.7779643658956107
26061,LOF,0.013915224840878369,0.011129910510960545,0.974954864648161
26062,LOF,0.006491771998234171,0.02258055061865,0.9709276773831157
26063,LOF,0.04284593245515283,0.015348547728246627,0.9418055198166004
26064,LOF,0.009599587349905304,0.016158319182226,0.9742420934678687
26065,LOF,0.047528740256062595,0.01764994269023633,0.9348213170537011
26066,LOF,0.043559864472256016,0.014087014388147745,0.9423531211395964
26067,LOF,0.0519210796708081,0.01241671542719012,0.9356622049020018
26068,LOF,0.05100305889001738,0.04825603347030844,0.9007409076396741
26069,LOF,0.16404658543755773,0.04291929791612158,0.7930341166463207
26070,LOF,0.39439627357760976,0.022988614303643812,0.5826151121187464
26071,LOF,0.05015079574414564,0.01734003258304213,0.9325091716728122
26072,LOF,0.00834324331841718,0.020712335395049106,0.9709444212865337
26073,LOF,0.049689234031388335,0.012082215009427398,0.9382285509591843
26074,Neutral,0.7132481211193461,0.018681385385263153,0.26807049349539086
26075,LOF,0.03800247013636188,0.03644774623285704,0.925549783630781
26076,LOF,0.055116406261198354,0.016266903046564363,0.9286166906922373
26077,LOF,0.16206293047668385,0.016896727345709846,0.8210403421776064
26078,LOF,0.006686974029351437,0.02825771208830022,0.9650553138823482
26079,LOF,0.05296688830923536,0.03560451122633431,0.9114286004644303
26080,LOF,0.052151305092422696,0.035694218423785035,0.9121544764837922
26081,LOF,0.048715876559241325,0.01519328821726976,0.9360908352234889
26082,LOF,0.007759227893315483,0.022432714598700047,0.9698080575079845
26083,LOF,0.04924168622634636,0.0323038238939054,0.9184544898797483
26084,LOF,0.07244351897698872,0.016809922514813093,0.9107465585081983
26085,LOF,0.06510657290993149,0.014960109918730499,0.9199333171713381
26086,LOF,0.03788906937494332,0.018987142910090772,0.943123787714966
26087,LOF,0.046350970814933695,0.017083672781228833,0.9365653564038374
26088,LOF,0.007339353727665195,0.03659907449637847,0.9560615717759564
26089,LOF,0.03531172432624114,0.05585468612145614,0.9088335895523028
26090,LOF,0.03478374609071034,0.046486080771774387,0.9187301731375153
26091,LOF,0.03647512481622208,0.014011930972721845,0.949512944211056
26092,LOF,0.046222821606478275,0.013330759845631012,0.9404464185478907
26093,LOF,0.06962030326426594,0.008538545976489731,0.9218411507592443
26094,LOF,0.04509711519178434,0.010899719142920886,0.9440031656652947
26095,LOF,0.011920767553970172,0.027344370653648743,0.9607348617923812
26096,LOF,0.3090561009359926,0.0051137938483470724,0.6858301052156603
26097,LOF,0.007358065022588061,0.05435869848254171,0.9382832364948703
26098,LOF,0.05760778030105231,0.03663385901366494,0.9057583606852828
26099,LOF,0.04905328583115282,0.03600269488834274,0.9149440192805045
26100,LOF,0.04905328583115282,0.03600269488834274,0.9149440192805045
26101,LOF,0.04871092894032944,0.054225960349039384,0.8970631107106313
26102,LOF,0.0428714357188416,0.02066432761214576,0.9364642366690127
26103,Neutral,0.8774486447567462,0.042676408371562814,0.0798749468716908
26104,LOF,0.045518374710416476,0.09974890072555048,0.8547327245640332
26105,LOF,0.263212389784664,0.07324879002716744,0.6635388201881686
26106,LOF,0.2960207819513205,0.03190640002072365,0.6720728180279559
26107,LOF,0.01818610077373984,0.060058041087632505,0.9217558581386276
26108,LOF,0.17326167121120503,0.062314740179973634,0.7644235886088212
26109,LOF,0.049195776617651774,0.04327735679268645,0.9075268665896618
26110,Neutral,0.5104311682895006,0.02651926166354218,0.4630495700469571
26111,LOF,0.0664895906283382,0.18275922681421272,0.7507511825574491
26112,LOF,0.06465611582380343,0.018409528268170213,0.9169343559080263
26113,LOF,0.07150739740774704,0.03466559749077911,0.8938270051014738
26114,LOF,0.10836543021202936,0.014251282345258687,0.877383287442712
26115,LOF,0.02158859752012618,0.07630058579727507,0.9021108166825987
26116,LOF,0.061057451018935796,0.027821185826475144,0.911121363154589
26117,LOF,0.31718942933130684,0.07546687736501335,0.6073436933036798
26118,LOF,0.03900647711156185,0.02370686158009106,0.9372866613083471
26119,LOF,0.005619559537979681,0.08641059049214175,0.9079698499698786
26120,LOF,0.03146828682681218,0.020895496349955682,0.9476362168232322
26121,LOF,0.0038965229602925095,0.10952018924387998,0.8865832877958274
