feature0,prediction,LoGoFunc_Neutral,LoGoFunc_GOF,LoGoFunc_LOF
25546,Neutral,0.7482584374080681,0.039723831801299916,0.212017730790632
25547,Neutral,0.6116278556602829,0.08130476247048728,0.3070673818692297
25548,Neutral,0.6306699854433961,0.058752824510397754,0.3105771900462061
25549,Neutral,0.5496533242423925,0.058003713432521004,0.3923429623250865
25550,LOF,0.35745719491798184,0.13902899712778505,0.5035138079542331
25551,LOF,0.27933708860020684,0.15061789963763858,0.5700450117621545
25552,LOF,0.21014843322489393,0.14301953887005675,0.6468320279050493
25553,Neutral,0.8510807042990064,0.027136114189881492,0.12178318151111202
25554,LOF,0.24351967040003797,0.13181875212201014,0.624661577477952
25555,LOF,0.20404877476259062,0.11836077887014705,0.6775904463672623
25556,Neutral,0.4578666852641917,0.11117032442103635,0.430962990314772
25557,LOF,0.1936508434466608,0.12398693230746435,0.6823622242458748
25558,LOF,0.2242173310104222,0.13244073922926183,0.643341929760316
25559,LOF,0.3605893056323545,0.1301323907987913,0.5092783035688542
25560,LOF,0.0474991053730922,0.1582322058955899,0.794268688731318
25561,LOF,0.11174959338482919,0.15754198833333305,0.7307084182818377
25562,LOF,0.08059688811666604,0.0796738845828714,0.8397292273004625
25563,LOF,0.09824316632116147,0.09915518990034465,0.8026016437784939
25564,LOF,0.2367636287537528,0.15688926853644325,0.606347102709804
25565,LOF,0.13050550631930424,0.13030376583383396,0.7391907278468618
25566,GOF,0.012579837701955816,0.7854025406510143,0.20201762164702972
25567,LOF,0.021391203562003587,0.21778901969920497,0.7608197767387914
25568,LOF,0.05481077449011526,0.08807717557100878,0.8571120499388759
25569,LOF,0.05594951736724856,0.08918775163887101,0.8548627309938804
25570,LOF,0.057581219328011496,0.13720609641921971,0.8052126842527687
25571,LOF,0.04772946247522481,0.1320476548592495,0.8202228826655257
25572,LOF,0.06208452180613571,0.14502561032969732,0.7928898678641669
25573,LOF,0.03717018484312169,0.12330215760638918,0.8395276575504891
25574,LOF,0.02138848254177429,0.18913139590574696,0.7894801215524788
25575,LOF,0.03837645274671468,0.1467813250883703,0.814842222164915
25576,LOF,0.018786755296437575,0.1632387953570021,0.8179744493465604
25577,LOF,0.0162139116401071,0.1474307959784514,0.8363552923814415
25578,LOF,0.2884305515072145,0.11650434195662751,0.595065106536158
25579,LOF,0.12274864180298127,0.13770287142772936,0.7395484867692894
25580,LOF,0.02762530444377831,0.1178650332935914,0.8545096622626304
25581,LOF,0.051774383727032997,0.09235544071323099,0.855870175559736
25582,LOF,0.05135137225522037,0.09050050400753275,0.8581481237372468
25583,LOF,0.033779405125508435,0.13303181563527483,0.8331887792392167
25584,Neutral,0.4834886155938692,0.14084744403653154,0.3756639403695992
25585,LOF,0.020878444315165803,0.175001082771761,0.8041204729130732
25586,LOF,0.027038704767122577,0.10755225512973396,0.8654090401031433
25587,LOF,0.02829634462448055,0.10267286093611802,0.8690307944394016
25588,LOF,0.028116206830102127,0.12434014972106155,0.8475436434488364
25589,Neutral,0.6292611964891791,0.14833035925100652,0.22240844425981432
25590,LOF,0.03361031011988833,0.15954127382505903,0.8068484160550526
25591,LOF,0.09266615800791515,0.08348297390833154,0.8238508680837532
25592,LOF,0.09290190591345421,0.18029543181365676,0.726802662272889
25593,LOF,0.03211662461781531,0.31884008876584735,0.6490432866163373
25594,LOF,0.043730816149449396,0.17228887615440483,0.7839803076961458
25595,LOF,0.05340464315568372,0.13020476914282492,0.8163905877014914
25596,LOF,0.05356032951835146,0.09304727825854743,0.8533923922231011
25597,LOF,0.036381459261582434,0.09161318973946092,0.8720053509989566
25598,LOF,0.04837160700188925,0.1296805820161175,0.8219478109819932
25599,GOF,0.007104807634704883,0.5881866646510836,0.40470852771421145
25600,GOF,0.01403337641019328,0.5967812836730757,0.3891853399167311
25601,LOF,0.009396631158717335,0.4266960798399921,0.5639072890012906
25602,LOF,0.018125463872253594,0.040830558614697414,0.9410439775130489
25603,LOF,0.06078874716164416,0.01817960254314314,0.9210316502952127
25604,LOF,0.03371692998753246,0.04789086114991159,0.9183922088625559
25605,LOF,0.00986505120375691,0.21498937176681934,0.7751455770294238
25606,LOF,0.08825173922885042,0.3388487258001429,0.5728995349710067
25607,LOF,0.00603671389912213,0.19223351626106458,0.8017297698398133
25608,LOF,0.017569699108285288,0.0933624558917123,0.8890678450000024
25609,LOF,0.057891419566648894,0.4241767237110047,0.5179318567223464
25610,LOF,0.030408519711512268,0.024598174808939,0.9449933054795487
25611,LOF,0.037391864741591965,0.02445127609181548,0.9381568591665925
25612,LOF,0.08858023636883001,0.03442007573874136,0.8769996878924288
25613,LOF,0.07740194711865472,0.03542897289192596,0.8871690799894193
25614,LOF,0.031315712673346326,0.02947731335697437,0.9392069739696793
25615,LOF,0.03623739157156099,0.04203888976033972,0.9217237186680993
25616,LOF,0.025623244450940958,0.030570420333325837,0.9438063352157333
25617,LOF,0.024887695032761,0.03534070656433222,0.9397715984029067
25618,LOF,0.13612842193144714,0.027246330329896314,0.8366252477386564
25619,LOF,0.027113896711038404,0.028930732682122037,0.9439553706068395
25620,LOF,0.03052357637938486,0.03665517615191733,0.9328212474686979
25621,LOF,0.027103371891436374,0.029960418851956508,0.942936209256607
25622,LOF,0.03378637376203257,0.032309545205740774,0.9339040810322266
25623,LOF,0.05305691537324607,0.02629355874198578,0.9206495258847682
25624,LOF,0.023350404242267003,0.03719911167998952,0.9394504840777433
25625,LOF,0.03460050521715511,0.03860743850930288,0.9267920562735421
25626,LOF,0.07067303380452625,0.03140831543931196,0.8979186507561618
25627,Neutral,0.5514701601562514,0.1263240848630438,0.32220575498070475
25628,LOF,0.22788227707458233,0.05434865902762721,0.7177690638977905
25629,LOF,0.0568568698983522,0.058262709964964,0.8848804201366839
25630,LOF,0.1839706951143256,0.08999875393656391,0.7260305509491105
25631,Neutral,0.612564992240453,0.05946259363449493,0.32797241412505207
25632,LOF,0.013402942691438303,0.10212186819470716,0.8844751891138545
25633,LOF,0.09324047655317821,0.07916185266324414,0.8275976707835777
25634,LOF,0.02991772795620765,0.10518138674167364,0.8649008853021187
25635,LOF,0.032863350967976435,0.07740134026680677,0.8897353087652169
25636,GOF,0.004015256774291249,0.6251035642991111,0.37088117892659755
25637,GOF,0.003535965574615591,0.6476089038274705,0.348855130597914
25638,LOF,0.006361100896427323,0.3808765601118089,0.6127623389917638
25639,GOF,0.003728213878514212,0.5236557613120373,0.47261602480944853
25640,Neutral,0.4962390494590815,0.42409392284038366,0.079667027700535
25641,LOF,0.009289732485805233,0.2928333913144783,0.6978768761997166
25642,LOF,0.25794693556261894,0.052748680277394114,0.689304384159987
25643,LOF,0.2939585695065217,0.13486515756222484,0.5711762729312534
25644,GOF,0.015701931260023574,0.5179360292783195,0.46636203946165694
25645,LOF,0.013026324486784672,0.4278926483764542,0.5590810271367611
25646,LOF,0.019303054348063748,0.3041078075326224,0.6765891381193139
25647,LOF,0.014155795148082177,0.25158620844052765,0.7342579964113901
25648,LOF,0.013493321109029245,0.24760224758725788,0.738904431303713
25649,LOF,0.011490534024105709,0.16989044429530178,0.8186190216805925
25650,LOF,0.02265167058007429,0.3991266011638723,0.5782217282560536
25651,LOF,0.008584399290288024,0.23896752138030034,0.7524480793294116
25652,LOF,0.01423622863059105,0.22107758687760123,0.7646861844918077
25653,LOF,0.04984514833226968,0.334773839261406,0.6153810124063243
25654,LOF,0.014955579202209454,0.11607185907952237,0.8689725617182682
25655,LOF,0.0834770864033178,0.3584189621372239,0.5581039514594582
25656,LOF,0.1166991535978028,0.048065419029201514,0.8352354273729957
25657,LOF,0.3298515042036331,0.021416289650543,0.6487322061458238
25658,LOF,0.056448464641378954,0.06866645069957801,0.8748850846590431
25659,LOF,0.3883770573125782,0.057655505656454616,0.5539674370309673
25660,LOF,0.06400978532858312,0.09019342814900147,0.8457967865224154
25661,LOF,0.044544767653132075,0.07367375260050209,0.8817814797463659
25662,LOF,0.02764139402495249,0.04979052183707773,0.9225680841379699
25663,LOF,0.037582395534646915,0.06854909873594153,0.8938685057294115
25664,LOF,0.04389706240450827,0.08341026944290435,0.8726926681525875
25665,LOF,0.05571977030173,0.04283210828845404,0.9014481214098161
25666,LOF,0.039753384832090864,0.11106747158868523,0.8491791435792239
25667,LOF,0.03225437778885561,0.053523286064366425,0.9142223361467778
25668,LOF,0.033597061517680785,0.05786425125372789,0.9085386872285913
25669,LOF,0.041215465134973824,0.08101657182811707,0.8777679630369091
25670,LOF,0.08457977583940966,0.09517662146707723,0.820243602693513
25671,LOF,0.038157874270196894,0.04949189789962307,0.9123502278301799
25672,LOF,0.056841216008811556,0.059384546995455666,0.8837742369957327
25673,LOF,0.047030669127139685,0.06773336860223743,0.885235962270623
25674,LOF,0.04317204338092757,0.06953411286595922,0.8872938437531133
25675,LOF,0.05290404538501289,0.060432867253925514,0.8866630873610616
25676,LOF,0.03476988414500516,0.06383200988053864,0.9013981059744561
25677,LOF,0.06490338688817171,0.0677603703111863,0.8673362428006419
25678,LOF,0.2860085596171881,0.0366076627644009,0.6773837776184111
25679,LOF,0.1724664623467807,0.07365175045786605,0.7538817871953531
25680,LOF,0.05925492123496553,0.10116057147821927,0.8395845072868152
25681,LOF,0.10163595883171932,0.09348950807328985,0.8048745330949909
25682,LOF,0.045953453571791036,0.0856601263316239,0.8683864200965851
25683,LOF,0.10762205232015003,0.09877674334784588,0.7936012043320041
25684,LOF,0.05858341674933967,0.08852707447551952,0.8528895087751408
25685,LOF,0.107015600643147,0.04773375407712852,0.8452506452797245
25686,LOF,0.04048686009469833,0.09625225881357742,0.8632608810917243
25687,LOF,0.047025278338503576,0.08636661440920591,0.8666081072522905
25688,LOF,0.03037105574404164,0.09075739201746809,0.8788715522384902
25689,LOF,0.02104159722834875,0.08672821446330682,0.8922301883083443
25690,LOF,0.020897235803502858,0.08130527910319026,0.8977974850933068
25691,LOF,0.23397973363305563,0.10233888765800997,0.6636813787089344
25692,LOF,0.28721403640134585,0.009389599187793413,0.7033963644108607
25693,LOF,0.10285379794680129,0.17433904295476715,0.7228071590984315
25694,LOF,0.26638812583629534,0.014587015186290377,0.7190248589774144
25695,LOF,0.17095395248708922,0.018771091300939135,0.8102749562119717
25696,LOF,0.19855670421326438,0.008862082173635074,0.7925812136131006
25697,LOF,0.1544955651920315,0.023922604664844818,0.8215818301431237
25698,LOF,0.032808086251326925,0.4007175938277238,0.5664743199209492
25699,LOF,0.05817109457762563,0.087203981875039,0.8546249235473354
25700,LOF,0.02784342382787384,0.010601771344133388,0.9615548048279927
25701,LOF,0.015042240893759952,0.07715520936166587,0.9078025497445742
25702,GOF,0.03917960168189145,0.7435111172713106,0.2173092810467979
25703,LOF,0.014460904259771519,0.19448020259011362,0.7910588931501149
25704,LOF,0.09897782516034265,0.15576027114975483,0.7452619036899025
25705,LOF,0.05725511301358482,0.2506242356352726,0.6921206513511426
25706,GOF,0.05087761943320253,0.5723517197623811,0.3767706608044164
25707,LOF,0.028593242466365985,0.46662280161564124,0.5047839559179927
25708,LOF,0.009536659890918587,0.4163217313951152,0.5741416087139661
25709,LOF,0.019203338338814782,0.059383651677620164,0.921413009983565
25710,LOF,0.009293956199659266,0.17505588597921057,0.81565015782113
25711,LOF,0.02062315879515231,0.117724881342303,0.8616519598625447
25712,LOF,0.010296389491853497,0.23014329462519736,0.7595603158829493
25713,LOF,0.0184103255558355,0.10391715392899774,0.8776725205151666
25714,LOF,0.020583347966002506,0.13306973895471455,0.846346913079283
25715,LOF,0.020225630542911887,0.11190671862550632,0.8678676508315817
25716,LOF,0.010952100059737941,0.12061268506552117,0.8684352148747408
25717,LOF,0.00645484473811422,0.12659677003729758,0.8669483852245882
25718,LOF,0.01759858420623428,0.07585591820005562,0.9065454975937102
25719,LOF,0.03455824759342631,0.07935125895591918,0.8860904934506544
25720,LOF,0.022235808350252666,0.08627631030027716,0.8914878813494702
25721,LOF,0.02322065042838112,0.09834217127103455,0.8784371783005843
25722,LOF,0.01807109769481798,0.12255448874333003,0.8593744135618521
25723,LOF,0.02090615974949824,0.0652782180266315,0.9138156222238704
25724,LOF,0.035840994203883036,0.08704013314835725,0.8771188726477598
25725,LOF,0.021552663318552705,0.06570242733659017,0.9127449093448571
25726,LOF,0.016115325254624887,0.09509118144628781,0.8887934932990873
25727,LOF,0.01971960758220563,0.07951844023928309,0.9007619521785112
25728,LOF,0.01854057928395297,0.09350510290799975,0.8879543178080472
25729,LOF,0.01897847419855423,0.09418101725768001,0.8868405085437658
25730,LOF,0.01990429099298036,0.0733473534282881,0.9067483555787315
25731,LOF,0.011719367199161704,0.16987731880863688,0.8184033139922015
25732,LOF,0.018161822293338403,0.08700363381824952,0.8948345438884121
25733,LOF,0.02995485589661219,0.07471791072632052,0.8953272333770673
25734,LOF,0.008100592163975488,0.18150065946656807,0.8103987483694564
25735,LOF,0.022501966514491902,0.07351415562834723,0.903983877857161
25736,LOF,0.0215842727955875,0.10276472856186943,0.8756509986425431
25737,LOF,0.039391007681138505,0.07787306877299492,0.8827359235458665
25738,LOF,0.021051661596827895,0.11578706285151591,0.8631612755516562
25739,LOF,0.021589787478449383,0.11045907676032503,0.8679511357612255
25740,LOF,0.048977904054806204,0.11036723616233678,0.8406548597828569
25741,LOF,0.024753247306795217,0.09097407620174604,0.8842726764914587
25742,LOF,0.03562432100507365,0.10408643051492812,0.8602892484799981
25743,LOF,0.010994896081419311,0.06436381562423078,0.92464128829435
25744,GOF,0.12656883305337252,0.5079023467616557,0.36552882018497185
25745,LOF,0.019475731010682326,0.08100251721344373,0.8995217517758739
25746,LOF,0.010474880406849556,0.10200784857982283,0.8875172710133276
25747,LOF,0.030631017775276756,0.05368646462630817,0.9156825175984151
25748,LOF,0.17873024093003195,0.09017877081621635,0.7310909882537517
25749,LOF,0.013850146616164957,0.06735085822310291,0.918798995160732
25750,LOF,0.014838610038094115,0.09891353057392976,0.8862478593879761
25751,LOF,0.03209967513670419,0.10649887236822057,0.8614014524950753
25752,GOF,0.09015724577762105,0.6386358596709416,0.27120689455143726
25753,LOF,0.008789662250516396,0.33910812036717575,0.6521022173823079
25754,GOF,0.005965161441007599,0.832595324981526,0.16143951357746641
25755,LOF,0.012073916538284234,0.3911057431498608,0.596820340311855
25756,LOF,0.05604535370489616,0.40668790897470253,0.5372667373204013
25757,GOF,0.00786279413016271,0.8493041943608745,0.14283301150896285
25758,GOF,0.010244035287540386,0.8215095924484501,0.1682463722640095
25759,GOF,0.005611003118397903,0.532396069346451,0.4619929275351512
25760,LOF,0.007879636392443242,0.289673178360704,0.7024471852468528
25761,GOF,0.055243852281060206,0.8197117423117027,0.12504440540723694
25762,LOF,0.0344856415410005,0.33306914727891884,0.6324452111800806
25763,LOF,0.010458340514385761,0.2301637571898025,0.7593779022958117
25764,GOF,0.09925553170758564,0.5277657540566997,0.37297871423571477
25765,GOF,0.008460397228174684,0.8015623644567986,0.18997723831502678
25766,GOF,0.03494287326458162,0.7973895493588693,0.167667577376549
25767,LOF,0.02021233567850877,0.4651135116125823,0.5146741527089089
25768,LOF,0.04221327814524278,0.0749413886657927,0.8828453331889645
25769,LOF,0.022956959307752173,0.07818098507722185,0.8988620556150259
25770,LOF,0.15125410098542288,0.06583066378797997,0.7829152352265971
25771,LOF,0.017241998886008768,0.06783555575191047,0.9149224453620808
25772,LOF,0.023410241013980232,0.030957649787773298,0.9456321091982465
25773,LOF,0.013747629281865186,0.08044576423967509,0.9058066064784598
25774,LOF,0.025869539820853292,0.0917162645998855,0.8824141955792612
25775,LOF,0.02290153829194773,0.04357139136993595,0.9335270703381164
25776,LOF,0.02523914553892547,0.027738566524357716,0.9470222879367167
25777,LOF,0.16462124597255823,0.07189730975610431,0.7634814442713376
25778,LOF,0.019875768622931278,0.056887698970704816,0.9232365324063638
25779,GOF,0.03502869096504796,0.8989959148863127,0.06597539414863939
25780,GOF,0.06586594552902507,0.8751723422814637,0.058961712189511385
25781,GOF,0.026687204812521927,0.8644281817026414,0.10888461348483684
25782,GOF,0.03463398970782222,0.8991476841924613,0.06621832609971653
25783,GOF,0.01825702994576495,0.7342665615033874,0.24747640855084763
25784,GOF,0.11263804943717276,0.8358716219366061,0.051490328626221125
25785,GOF,0.07053743305780842,0.8866802943454196,0.04278227259677194
25786,GOF,0.0054483746823309415,0.8473805092595847,0.14717111605808436
25787,GOF,0.16872649867359674,0.8002344124618724,0.031039088864530877
25788,LOF,0.015809060037781937,0.16360487857038378,0.8205860613918343
25789,GOF,0.01833384123692421,0.8617421949812876,0.1199239637817882
25790,GOF,0.023055063491328475,0.8838376990296607,0.09310723747901084
25791,GOF,0.016945869355897012,0.8318058514241924,0.15124827921991066
25792,GOF,0.027579010328696595,0.8461966329973359,0.1262243566739674
25793,GOF,0.07891568754390163,0.8265159043841688,0.09456840807192965
25794,GOF,0.05915788920123483,0.780173576211533,0.1606685345872321
25795,GOF,0.04109143495787241,0.7752248351638221,0.18368372987830553
25796,GOF,0.07466110565783302,0.8086533463727238,0.11668554796944318
25797,GOF,0.04024695785323862,0.6885150954438324,0.2712379467029291
25798,GOF,0.0034007461157963127,0.6573290504293301,0.3392702034548736
25799,GOF,0.0030755410244528627,0.5147437694586415,0.4821806895169055
25800,GOF,0.012466227479303756,0.7158081625785664,0.2717256099421297
25801,GOF,0.014735709064305954,0.8589022684722706,0.12636202246342346
25802,GOF,0.022105049117050996,0.7977892730146057,0.18010567786834333
25803,GOF,0.011398623085591584,0.69757793940564,0.2910234375087684
25804,GOF,0.014068375388090491,0.5949395003462419,0.39099212426566776
25805,GOF,0.025845019550617698,0.7196889811507895,0.25446599929859276
25806,GOF,0.01985130356569434,0.7515962955129432,0.22855240092136242
25807,GOF,0.005315980612297487,0.7162470974133238,0.27843692197437847
25808,GOF,0.016232921483125256,0.7443459151823567,0.23942116333451804
25809,GOF,0.00676044612451967,0.7273807215386158,0.26585883233686464
25810,GOF,0.005745467179072766,0.7387986499253134,0.2554558828956139
25811,GOF,0.049625419483886754,0.8547063095941797,0.0956682709219336
25812,GOF,0.01754714267946611,0.7052654210779095,0.27718743624262454
25813,GOF,0.10100540123839154,0.8018000791689518,0.09719451959265661
25814,GOF,0.02732113768012436,0.8036359797829641,0.16904288253691158
25815,GOF,0.04345850534717271,0.8167202992705689,0.13982119538225843
25816,GOF,0.008427569370948216,0.8576507446407738,0.13392168598827803
25817,GOF,0.10362037058657397,0.7732613442973983,0.12311828511602775
25818,GOF,0.023141609334474792,0.7904779286334781,0.18638046203204722
25819,GOF,0.057575625221126095,0.7715031965222185,0.1709211782566553
25820,GOF,0.030193987536977777,0.7748400336514417,0.19496597881158068
25821,GOF,0.018404055272574497,0.7680535200720693,0.21354242465535622
25822,GOF,0.034949852538778414,0.778068676507181,0.1869814709540405
25823,GOF,0.014125178346193385,0.6396834117224983,0.34619140993130826
25824,GOF,0.023960699580190436,0.7694322642151756,0.20660703620463408
25825,GOF,0.015334202138246543,0.7500032787788581,0.23466251908289534
25826,GOF,0.005501013858337655,0.7168121524904918,0.2776868336511706
25827,GOF,0.008961111250833863,0.7064692538429503,0.2845696349062158
25828,GOF,0.0067328445503520825,0.645854981616875,0.34741217383277284
25829,GOF,0.003035412946082267,0.7169741958742972,0.2799903911796205
25830,GOF,0.03709163344609836,0.5102791139194209,0.4526292526344806
25831,GOF,0.04980763418828259,0.8438452668270393,0.10634709898467806
25832,GOF,0.008440147838562177,0.804359648390953,0.18720020377048496
25833,GOF,0.03220593808829846,0.8433140532435895,0.12448000866811196
25834,GOF,0.008334184389042812,0.8192936480486916,0.17237216756226564
25835,GOF,0.017403489521426816,0.8639755493164066,0.1186209611621666
25836,GOF,0.006179978026616132,0.8193507934013814,0.17446922857200248
25837,GOF,0.0067860075250051905,0.7288844759123895,0.26432951656260534
25838,GOF,0.020133497843829163,0.8675420962833901,0.11232440587278078
25839,GOF,0.04198410796835277,0.859269349937654,0.09874654209399324
25840,GOF,0.0663506117908515,0.8410582611488837,0.09259112706026461
25841,GOF,0.060821176776790394,0.8538081394653365,0.08537068375787307
25842,GOF,0.026880019603298288,0.9003270180534743,0.0727929623432274
25843,GOF,0.027618287411929995,0.9061217481265782,0.06625996446149184
25844,GOF,0.018264308314604863,0.8505686778259447,0.13116701385945048
25845,GOF,0.006072833229791153,0.6652607423347768,0.3286664244354319
25846,GOF,0.045739104143348544,0.8650017791901574,0.08925911666649403
25847,GOF,0.019622774402930452,0.9167713254753723,0.0636059001216971
25848,GOF,0.017309185956521655,0.8721751825600558,0.11051563148342254
25849,GOF,0.005117178872081363,0.7656728967965827,0.2292099243313359
25850,GOF,0.006339820439834997,0.7798200033518887,0.2138401762082763
25851,GOF,0.005270444787348748,0.6576507985304985,0.3370787566821528
25852,GOF,0.12394811366176131,0.6260980442750789,0.24995384206315993
25853,GOF,0.07049438839872313,0.8462561579804748,0.08324945362080209
25854,GOF,0.005463519739553541,0.7157865529076679,0.2787499273527785
25855,GOF,0.014754253333006982,0.6592939898198357,0.32595175684715727
25856,GOF,0.0376935436489043,0.787191799522123,0.17511465682897254
25857,GOF,0.012813071541313933,0.6449566917900749,0.34223023666861113
25858,GOF,0.00781481477065981,0.6288516419795981,0.36333354324974204
25859,GOF,0.0055719771804555295,0.6091510320982254,0.38527699072131916
25860,GOF,0.08074799393329461,0.8119232910857064,0.10732871498099887
25861,GOF,0.08609217717225269,0.8241180137208702,0.0897898091068771
25862,GOF,0.021456481667716618,0.8640587195281796,0.11448479880410374
25863,GOF,0.02151697463449381,0.8752679832565788,0.10321504210892732
25864,GOF,0.04996954436811919,0.8679544568639491,0.08207599876793176
25865,GOF,0.03644789035920563,0.8345252140807636,0.12902689556003086
25866,GOF,0.027681736891352744,0.8590757507731066,0.11324251233554077
25867,GOF,0.03420557706436677,0.8730887498031072,0.09270567313252596
25868,GOF,0.05805323422296685,0.8343433983021854,0.10760336747484776
25869,GOF,0.35076030730873803,0.5838190697258788,0.06542062296538322
25870,GOF,0.07057990389119842,0.6983575888645829,0.23106250724421873
25871,GOF,0.012051622048245988,0.9018157269160461,0.08613265103570789
25872,GOF,0.021095673194345552,0.8684842208152523,0.11042010599040226
25873,GOF,0.020813058401372365,0.8897486673675974,0.08943827423103029
25874,LOF,0.017936063736249716,0.18321811089421625,0.7988458253695341
25875,LOF,0.051758813399086015,0.04435368662839615,0.9038874999725177
25876,LOF,0.019699078924963885,0.03155378033496011,0.9487471407400759
25877,LOF,0.11852760818975287,0.08786864288651292,0.7936037489237341
25878,LOF,0.06760823620219023,0.11167608753115457,0.8207156762666552
25879,LOF,0.026493881003814904,0.08330724626264809,0.890198872733537
25880,LOF,0.05143456988826388,0.012492035606017622,0.9360733945057185
25881,Neutral,0.5882753045967579,0.06021502198272047,0.35150967342052164
25882,LOF,0.058782550930447125,0.02816444150729615,0.9130530075622567
25883,LOF,0.029226069733928935,0.026396661192477026,0.944377269073594
25884,LOF,0.028695697378799026,0.044152526722045796,0.9271517758991551
25885,LOF,0.22406400383243727,0.011336198927726724,0.764599797239836
25886,LOF,0.14564112804597315,0.056951305332740225,0.7974075666212866
25887,LOF,0.19627590215090837,0.0670786326068648,0.7366454652422268
25888,LOF,0.013519991610407105,0.1332091653706249,0.8532708430189679
25889,LOF,0.03348255838661237,0.03133040244809473,0.9351870391652929
25890,LOF,0.12716497282111905,0.10481960191836827,0.7680154252605128
25891,LOF,0.09405561597759256,0.01990292517283284,0.8860414588495746
25892,LOF,0.00936631601612313,0.03136070043820307,0.9592729835456738
25893,LOF,0.4023909202923081,0.009373977166895768,0.588235102540796
25894,LOF,0.45440925684189054,0.005596425369115811,0.5399943177889936
25895,LOF,0.3520718624567532,0.01120459300371093,0.636723544539536
25896,LOF,0.06419499200776807,0.016276408759464584,0.9195285992327674
25897,LOF,0.19062906958474274,0.009535740442160628,0.7998351899730967
25898,LOF,0.1676592840785273,0.02837373160462833,0.8039669843168444
25899,LOF,0.32475035809018193,0.016808681799324682,0.6584409601104934
25900,LOF,0.4207336984434211,0.00871480048667224,0.5705515010699067
25901,LOF,0.05907120173162209,0.006936464811416873,0.933992333456961
25902,LOF,0.15864262911099986,0.008921402236578896,0.8324359686524213
25903,LOF,0.41452597540837594,0.02372017386592105,0.5617538507257029
25904,LOF,0.4554620041802181,0.02399044572732435,0.5205475500924576
25905,LOF,0.004097451629175514,0.4657976345685432,0.5301049138022812
25906,LOF,0.009718901971416378,0.11188551771109378,0.8783955803174898
25907,LOF,0.004225222212372596,0.35563658658955727,0.6401381911980701
25908,LOF,0.0045752643090441565,0.2589169318023288,0.7365078038886271
25909,LOF,0.02462828210315101,0.14853511197500463,0.8268366059218443
25910,LOF,0.01192021836441194,0.1289325839550357,0.8591471976805525
25911,LOF,0.350617635877952,0.04642533288042062,0.6029570312416273
25912,LOF,0.07577781677489873,0.057943630242789625,0.8662785529823116
25913,LOF,0.052239092505652916,0.06319376218421296,0.8845671453101341
25914,LOF,0.03529641744716702,0.0691022382501354,0.8956013443026976
25915,LOF,0.14645800353508595,0.3225817842785133,0.5309602121864007
25916,LOF,0.028281941732919036,0.2217801653328547,0.7499378929342262
25917,LOF,0.06842969412349234,0.06300113320498917,0.8685691726715186
25918,LOF,0.04342537785849012,0.0431068341865094,0.9134677879550005
25919,LOF,0.0376135320908603,0.04342772508675414,0.9189587428223854
25920,LOF,0.17055894055693893,0.1732731976704569,0.6561678617726042
25921,LOF,0.016805785933127843,0.04217545956567581,0.9410187545011964
25922,LOF,0.017846864042086883,0.03491114411375798,0.947241991844155
25923,LOF,0.440004825736034,0.047130890763744764,0.5128642835002213
25924,LOF,0.026409325067920757,0.05885297773142683,0.9147376972006523
25925,LOF,0.07461906063270234,0.06536405498818262,0.860016884379115
25926,LOF,0.05339489529336567,0.06596713404359787,0.8806379706630365
25927,LOF,0.022797760471787394,0.08251757013410024,0.8946846693941123
25928,LOF,0.010776559479238633,0.06251954864145447,0.9267038918793069
25929,Neutral,0.531852016599088,0.044766767257468275,0.4233812161434438
25930,LOF,0.06307332580132385,0.044629570110184986,0.8922971040884912
25931,LOF,0.01485960507352644,0.04127941033912168,0.9438609845873519
25932,LOF,0.05491696628440502,0.036221524315358,0.908861509400237
25933,LOF,0.052861592186792664,0.02507075708371541,0.9220676507294919
25934,LOF,0.04940852210923109,0.023574626319589072,0.9270168515711797
25935,LOF,0.06399482718654556,0.07579261003156099,0.8602125627818934
25936,LOF,0.08542530680340844,0.02686427028560824,0.8877104229109833
25937,LOF,0.014926763875255745,0.04372218946057143,0.9413510466641728
25938,LOF,0.0626363523177496,0.06858940801605096,0.8687742396661995
25939,LOF,0.03729283627095981,0.03300642424522288,0.9297007394838174
25940,LOF,0.009333107162199821,0.3667519568264861,0.6239149360113141
25941,Neutral,0.4988797226947507,0.03951021107356164,0.46161006623168754
25942,LOF,0.009272955799995578,0.04972964119097887,0.9409974030090256
25943,LOF,0.04653167582699998,0.1707354220955511,0.782732902077449
25944,LOF,0.06698416521204265,0.08845588258860085,0.8445599521993565
25945,LOF,0.11946658167430342,0.020095001139287208,0.8604384171864093
25946,LOF,0.0670744403959859,0.05404630907487272,0.8788792505291414
25947,Neutral,0.4716869069085234,0.1193658884252968,0.4089472046661799
25948,LOF,0.42941190750933145,0.0147783066148359,0.5558097858758327
25949,LOF,0.1321056820954916,0.08294840343204772,0.7849459144724606
25950,GOF,0.05906052249022847,0.6053187899874996,0.3356206875222721
25951,LOF,0.012250040861784354,0.41420374131716786,0.5735462178210478
25952,LOF,0.2997030031098598,0.23937291397544505,0.4609240829146951
25953,LOF,0.007531018540368793,0.18105316975702426,0.8114158117026069
25954,GOF,0.08614568341897197,0.4621693653509385,0.45168495123008945
25955,LOF,0.007309895059684222,0.15437669135278792,0.8383134135875278
25956,LOF,0.019893286977966055,0.25613934679849265,0.7239673662235413
25957,LOF,0.2176909586663397,0.03546084863597131,0.746848192697689
25958,LOF,0.03225282557373332,0.03685140352134171,0.9308957709049249
25959,GOF,0.014525721223295643,0.5253935216864052,0.4600807570902992
25960,LOF,0.007110369292193704,0.059075364389315974,0.9338142663184904
25961,LOF,0.029816245146437333,0.030927267906729547,0.9392564869468331
25962,LOF,0.03837531491670004,0.06654203146319379,0.8950826536201061
25963,LOF,0.004668803572369289,0.19676773114641763,0.798563465281213
25964,LOF,0.02989381611805246,0.11763734532299278,0.8524688385589548
25965,LOF,0.25682088518832935,0.13004221030561197,0.6131369045060587
25966,Neutral,0.4598592607065168,0.13468704466838743,0.4054536946250959
25967,LOF,0.009974901265633097,0.07594030541769314,0.9140847933166738
25968,LOF,0.04938986762105533,0.19619201121985447,0.7544181211590902
25969,LOF,0.12657844942798704,0.037058858472841454,0.8363626920991715
25970,LOF,0.024251948751229803,0.08605966381938158,0.8896883874293887
25971,LOF,0.08202309245991023,0.025581638503818324,0.8923952690362714
25972,LOF,0.06409814118539643,0.03796526885015997,0.8979365899644435
25973,LOF,0.06427292770081144,0.008796421630089871,0.9269306506690987
25974,LOF,0.05618041527610626,0.038564258905572746,0.905255325818321
25975,LOF,0.04779241272265054,0.01764087534149136,0.934566711935858
25976,LOF,0.09580713201370691,0.010136052968428849,0.8940568150178642
25977,LOF,0.19321485653581352,0.08135310898071926,0.7254320344834673
25978,LOF,0.19468750237704702,0.09900310247024115,0.7063093951527117
25979,LOF,0.15181241550446176,0.12155941585381608,0.7266281686417222
25980,LOF,0.25920280824364117,0.1577519941762446,0.5830451975801143
25981,LOF,0.26056750725862177,0.1595412949494869,0.5798911977918914
25982,Neutral,0.4954570258333611,0.07535692428467847,0.4291860498819605
25983,Neutral,0.5030988738880315,0.09477047773216633,0.40213064837980206
25984,LOF,0.03743169784761394,0.09112063670496194,0.8714476654474241
25985,LOF,0.42225544714078433,0.13369480018672708,0.4440497526724886
25986,LOF,0.014097390116638579,0.4106686180069988,0.5752339918763626
25987,LOF,0.056917694484365976,0.10999233695724803,0.8330899685583859
25988,LOF,0.04634058109853283,0.17162967197375512,0.7820297469277121
25989,LOF,0.039818797015733674,0.21922178582799046,0.7409594171562759
25990,LOF,0.04168677595606809,0.334182523918136,0.624130700125796
25991,LOF,0.030373261426271638,0.3982332404862532,0.5713934980874752
25992,LOF,0.025900473260589894,0.40041467133229436,0.5736848554071159
25993,LOF,0.032760539896868945,0.06438846137591539,0.9028509987272157
25994,LOF,0.026007114288063585,0.06316932930961659,0.9108235564023198
25995,LOF,0.02444802228824602,0.12968377209032325,0.8458682056214306
25996,Neutral,0.3686567376389104,0.29093636969795,0.3404068926631396
25997,LOF,0.0701873185435349,0.3622797197321155,0.5675329617243496
25998,LOF,0.26663088093990156,0.05116715007653652,0.682201968983562
25999,LOF,0.022416863629184196,0.21035490851152078,0.7672282278592951
26000,LOF,0.18476882313265883,0.02875263386817808,0.7864785429991631
26001,LOF,0.24191814917287235,0.0385061040718341,0.7195757467552935
26002,LOF,0.11783046095563852,0.04373423462221169,0.8384353044221498
26003,GOF,0.005505882521380231,0.6455304241756846,0.3489636933029351
26004,GOF,0.00800582568783493,0.7033142335673153,0.2886799407448498
26005,GOF,0.003799495828016742,0.5134528859349805,0.4827476182370026
26006,GOF,0.09793622949239388,0.6117283243510591,0.29033544615654705
26007,GOF,0.007455657655408549,0.5672671781135653,0.42527716423102613
26008,GOF,0.006279149647117343,0.6553793804747082,0.33834146987817443
26009,GOF,0.0076121549975245355,0.6696302522500028,0.3227575927524725
26010,GOF,0.009894021789224975,0.6652826168079943,0.32482336140278073
26011,LOF,0.003451412043366505,0.47115343124086123,0.5253951567157723
26012,GOF,0.005023967767491746,0.5342504322725097,0.46072559995999857
26013,GOF,0.006643950635023896,0.5976007768572201,0.39575527250775605
26014,LOF,0.05784920224825627,0.12894277612131277,0.813208021630431
26015,LOF,0.3988236769564048,0.019575099499000555,0.5816012235445946
26016,LOF,0.324193114376578,0.03390205224649467,0.6419048333769274
26017,LOF,0.027585067752047502,0.18874658201058234,0.78366835023737
26018,LOF,0.03196291703572848,0.04595696021286686,0.9220801227514046
26019,LOF,0.031789476453966944,0.04055593552765388,0.9276545880183793
26020,LOF,0.010817938195979423,0.16930535519903586,0.8198767066049847
26021,LOF,0.08167746643349788,0.05553371863977306,0.862788814926729
26022,LOF,0.04437119456866679,0.022845718839497698,0.9327830865918355
26023,LOF,0.03500058283056249,0.02724794589006799,0.9377514712793696
26024,LOF,0.05056088552744777,0.05607848870041788,0.8933606257721344
26025,LOF,0.06659047513384701,0.06892276326669465,0.8644867615994584
26026,LOF,0.12869165382340442,0.05229528054528849,0.8190130656313072
26027,LOF,0.029255389159566183,0.021854107711145664,0.9488905031292882
26028,LOF,0.12008150308790527,0.1445591212097497,0.735359375702345
26029,LOF,0.01776597672481126,0.19957532327589958,0.7826586999992892
26030,LOF,0.1629533994289162,0.02734385474797427,0.8097027458231096
26031,LOF,0.009356813060979427,0.17744770913158847,0.8131954778074321
26032,LOF,0.04070667273657858,0.06741862512379912,0.8918747021396223
26033,LOF,0.06917300460609417,0.05684178863821295,0.8739852067556929
26034,LOF,0.012824302915787563,0.15941003375811963,0.8277656633260927
26035,LOF,0.011015206054175863,0.12082171908644955,0.8681630748593746
26036,LOF,0.010762930816566561,0.13820718733342316,0.8510298818500104
26037,LOF,0.009417233256160342,0.11121669773068493,0.8793660690131547
26038,LOF,0.03494498043534221,0.061834590749807516,0.9032204288148502
26039,LOF,0.025112413749017466,0.13679689949646281,0.8380906867545196
26040,LOF,0.1067384846306179,0.1645457224913566,0.7287157928780255
26041,LOF,0.012408875258221203,0.10101471138848868,0.8865764133532901
26042,LOF,0.011111035270654442,0.10820457538349572,0.8806843893458499
26043,LOF,0.03379679946057965,0.08225037521801697,0.8839528253214034
26044,LOF,0.014054736045571076,0.05228482222420888,0.93366044173022
26045,LOF,0.07063496415223014,0.1235095975323937,0.8058554383153762
26046,LOF,0.029885203427349637,0.06255096687177414,0.9075638297008761
26047,LOF,0.048145539349783543,0.06421146112183948,0.8876429995283771
26048,LOF,0.08089730610387307,0.028705101726337987,0.8903975921697889
26049,Neutral,0.9489431854523185,0.00794633400733841,0.043110480540343096
26050,Neutral,0.9251963504117025,0.008662201281116173,0.06614144830718126
26051,LOF,0.014054635402856673,0.09089039640402258,0.8950549681931208
26052,LOF,0.02840258739252922,0.10556276958564899,0.8660346430218218
26053,LOF,0.03212948046271613,0.1558418262746878,0.8120286932625962
26054,LOF,0.04446482155426561,0.029441300360468093,0.9260938780852663
26055,LOF,0.0645040068021406,0.025540135273964638,0.9099558579238948
26056,LOF,0.051466579289613054,0.032162516511789675,0.9163709041985971
26057,LOF,0.054849755413872936,0.013996526597441742,0.9311537179886854
26058,LOF,0.05826429785053922,0.01160789653367978,0.9301278056157811
26059,LOF,0.22412315996231805,0.02969440387720197,0.74618243616048
26060,LOF,0.015764173826458852,0.20521153053503183,0.7790242956385093
26061,LOF,0.012282147686853167,0.01153323455419868,0.9761846177589482
26062,LOF,0.006850792136549216,0.019140436713363542,0.9740087711500873
26063,LOF,0.037722081538331,0.01142852112624549,0.9508493973354235
26064,LOF,0.0115384004871615,0.02539176449807491,0.9630698350147636
26065,LOF,0.04826466922993124,0.012905529118667781,0.938829801651401
26066,LOF,0.044364263105051906,0.01108738799059465,0.9445483489043535
26067,LOF,0.05217886786713232,0.009674929881363687,0.9381462022515039
26068,LOF,0.051685600092539,0.050099709345236644,0.8982146905622245
26069,LOF,0.15823134695075636,0.028161125277801426,0.8136075277714423
26070,LOF,0.34925456939181754,0.023321808311175283,0.6274236222970071
26071,LOF,0.04415832612867606,0.012089748342704154,0.9437519255286198
26072,LOF,0.011286257844558473,0.022344830780438075,0.9663689113750035
26073,LOF,0.03939516035671062,0.015371396774192648,0.9452334428690967
26074,Neutral,0.9184410214854815,0.009094594414152557,0.072464384100366
26075,LOF,0.052155945104484784,0.024404792115478392,0.9234392627800369
26076,LOF,0.05550878637052701,0.011408746329638128,0.9330824672998349
26077,LOF,0.1628912315787497,0.007473708082595438,0.8296350603386549
26078,LOF,0.00914860691699255,0.01618428198523705,0.9746671110977704
26079,LOF,0.06510048776768887,0.02497661120275606,0.9099229010295551
26080,LOF,0.06421536713647942,0.025013957406367318,0.9107706754571533
26081,LOF,0.0321166528945017,0.008919136560446662,0.9589642105450517
26082,LOF,0.007324285414169254,0.015341387678657743,0.977334326907173
26083,LOF,0.09577040825715269,0.020684319452263504,0.8835452722905838
26084,LOF,0.10030160833229389,0.0138347267573859,0.8858636649103202
26085,LOF,0.09055251912948988,0.012179103270697383,0.8972683775998128
26086,LOF,0.03739622862147034,0.012676335170097747,0.9499274362084319
26087,LOF,0.03514605403972652,0.010610363864507566,0.9542435820957659
26088,LOF,0.009165133346245321,0.01979017065174107,0.9710446960020137
26089,LOF,0.04283799306974844,0.037253753724383026,0.9199082532058686
26090,LOF,0.04399147216067805,0.02966404332909828,0.9263444845102237
26091,LOF,0.03106684468498946,0.008371619889381243,0.9605615354256293
26092,LOF,0.041596427579011205,0.008371164666363033,0.9500324077546256
26093,LOF,0.08086068684978677,0.00645403434845223,0.9126852788017609
26094,LOF,0.034907621875439936,0.007703383212993289,0.9573889949115667
26095,LOF,0.040398057884083606,0.019488851120898532,0.9401130909950178
26096,LOF,0.23393792851808212,0.005377135076109815,0.7606849364058081
26097,LOF,0.008893691630823689,0.03277332243743855,0.9583329859317379
26098,LOF,0.08609078429583132,0.020265863580857066,0.8936433521233116
26099,LOF,0.041857866824821635,0.015057057281430712,0.9430850758937477
26100,LOF,0.04182372699616369,0.015071955565708513,0.9431043174381278
26101,LOF,0.05962118414507838,0.02644622213518622,0.9139325937197355
26102,LOF,0.03380049207624546,0.017058970069384914,0.9491405378543697
26103,Neutral,0.8786630792486678,0.026200542490660297,0.0951363782606719
26104,LOF,0.05784376871318372,0.04017787596469803,0.9019783553221182
26105,LOF,0.23156877224796993,0.17450725813499335,0.5939239696170368
26106,LOF,0.31756685821374686,0.13062186967341533,0.5518112721128378
26107,LOF,0.0213790858556544,0.09718685746518993,0.8814340566791555
26108,LOF,0.27228058947429123,0.051180072410832674,0.676539338114876
26109,LOF,0.09529720122553215,0.04364564335581911,0.8610571554186488
26110,LOF,0.4843453343284741,0.006000138550404933,0.5096545271211209
26111,LOF,0.052990188914718926,0.12700791973694092,0.8200018913483402
26112,LOF,0.048901325038301774,0.007823472554880237,0.943275202406818
26113,LOF,0.10250299172882872,0.017100619891316723,0.8803963883798547
26114,LOF,0.093137692625514,0.008680982919252053,0.8981813244552339
26115,LOF,0.013718558703601964,0.05510276583138364,0.9311786754650144
26116,LOF,0.06735174984035869,0.03252169682443476,0.9001265533352066
26117,LOF,0.40084677376575384,0.03458470995327633,0.5645685162809698
26118,LOF,0.04437359755862872,0.017519869231803084,0.9381065332095682
26119,LOF,0.006225194006156206,0.03478294234108757,0.9589918636527562
26120,LOF,0.03679310804316946,0.016407316736785606,0.946799575220045
26121,LOF,0.004394974563954151,0.12045095613554688,0.875154069300499
