feature0,prediction,LoGoFunc_Neutral,LoGoFunc_GOF,LoGoFunc_LOF
25546,Neutral,0.6547491901330519,0.05894984248889344,0.28630096737805466
25547,LOF,0.32512310213178913,0.2634229783647128,0.4114539195034981
25548,LOF,0.28508170809089906,0.1501886624576746,0.5647296294514264
25549,LOF,0.19346744566893928,0.18209582403214694,0.6244367302989138
25550,Neutral,0.5995393115508333,0.0617745184904979,0.33868616995866885
25551,Neutral,0.4820948354888772,0.07751569093759055,0.44038947357353214
25552,LOF,0.1064017796820656,0.14407860547479578,0.7495196148431387
25553,LOF,0.460581478391497,0.06211640540450795,0.4773021162039951
25554,LOF,0.14500064833118884,0.2098635188081732,0.645135832860638
25555,LOF,0.10569739675461426,0.12358703640938763,0.7707155668359982
25556,LOF,0.1677797218948906,0.1733260159120318,0.6588942621930776
25557,LOF,0.09380918183997933,0.14033434060955835,0.7658564775504624
25558,LOF,0.16852241958282743,0.1855191806840707,0.6459583997331019
25559,Neutral,0.5520552208692832,0.15107040794746912,0.2968743711832476
25560,LOF,0.07448348973132365,0.1420319034947134,0.7834846067739628
25561,LOF,0.15923604132061148,0.17740885804268963,0.6633551006366989
25562,LOF,0.33546689218443204,0.036576078458647646,0.6279570293569203
25563,Neutral,0.5736626052909212,0.06820891246957236,0.3581284822395065
25564,LOF,0.06367392829991889,0.07106844908169505,0.8652576226183861
25565,LOF,0.1322952961570021,0.24222442385734266,0.6254802799856554
25566,LOF,0.03551331907826376,0.4030682131341555,0.5614184677875808
25567,LOF,0.3324838576135052,0.09919137816337653,0.5683247642231183
25568,Neutral,0.7149637572859976,0.07545291930152292,0.2095833234124795
25569,Neutral,0.6837081895548491,0.05116141764180793,0.2651303928033429
25570,LOF,0.0687428049561914,0.20331527073158667,0.7279419243122219
25571,LOF,0.07647927136227156,0.173981950364434,0.7495387782732945
25572,LOF,0.37544512653004986,0.2421121890970089,0.38244268437294127
25573,LOF,0.3995429019197414,0.08228073670279783,0.5181763613774608
25574,GOF,0.092483943721584,0.4596010497903004,0.44791500648811555
25575,LOF,0.08762127476203269,0.06584559660281834,0.8465331286351491
25576,LOF,0.3490508184090434,0.03155214351917058,0.619397038071786
25577,LOF,0.4387996774744495,0.11347949158956233,0.44772083093598825
25578,Neutral,0.4455682515971002,0.19953163479011657,0.35490011361278323
25579,Neutral,0.4455682515971002,0.19953163479011657,0.35490011361278323
25580,LOF,0.04260026551658905,0.0617443281325567,0.8956554063508543
25581,Neutral,0.7095525876875658,0.051583893122268513,0.23886351919016563
25582,Neutral,0.7095525876875658,0.051583893122268513,0.23886351919016563
25583,LOF,0.05522100658943378,0.058746915320362,0.8860320780902043
25584,LOF,0.3418845395028184,0.3106567586634162,0.3474587018337655
25585,LOF,0.351390920925968,0.055761479075476704,0.5928475999985553
25586,LOF,0.06156978319763603,0.11060566854322094,0.827824548259143
25587,LOF,0.046389217866271516,0.12094727531708113,0.8326635068166474
25588,LOF,0.0573898196371787,0.11957342853510819,0.823036751827713
25589,Neutral,0.6898884107313521,0.17196684808364301,0.13814474118500486
25590,LOF,0.25071457361051835,0.195179608770572,0.5541058176189095
25591,Neutral,0.683098316982227,0.07035045340554259,0.24655122961223036
25592,LOF,0.04050609914299068,0.11444999267314576,0.8450439081838637
25593,GOF,0.02886652211896484,0.737699933572567,0.2334335443084681
25594,Neutral,0.7140041638511607,0.05116889167427719,0.23482694447456212
25595,Neutral,0.6850482155969975,0.05518889475430962,0.259762889648693
25596,Neutral,0.6023957564546484,0.05229557770627518,0.3453086658390766
25597,LOF,0.40102682208739887,0.043837752508440464,0.5551354254041607
25598,Neutral,0.743458481200891,0.04250413493850917,0.21403738386059984
25599,GOF,0.06060886135577663,0.6576813536708348,0.2817097849733886
25600,GOF,0.04336564196902707,0.4999875670298614,0.4566467910011115
25601,GOF,0.03153492629429608,0.5056017264954127,0.46286334721029126
25602,Neutral,0.4503463416440049,0.10111717613362543,0.44853648222236964
25603,LOF,0.08311655112348366,0.21326938447011595,0.7036140644064004
25604,Neutral,0.5001348368756033,0.1743021521901807,0.32556301093421597
25605,LOF,0.020070285725534313,0.3421874474328545,0.6377422668416112
25606,LOF,0.02778779702373277,0.4490959742531193,0.5231162287231479
25607,LOF,0.04537842411855276,0.29060530267997914,0.664016273201468
25608,LOF,0.2394205782604656,0.2466561391141593,0.5139232826253751
25609,LOF,0.15054462751473233,0.2110623243997158,0.6383930480855518
25610,LOF,0.07471291337066417,0.06339458119156856,0.8618925054377672
25611,LOF,0.07386097411657098,0.09514831681864155,0.8309907090647874
25612,Neutral,0.651651823040943,0.05958828021325634,0.28875989674580066
25613,Neutral,0.6229427059672212,0.05877387701824913,0.3182834170145296
25614,LOF,0.06294597070185155,0.08351937660905559,0.8535346526890928
25615,LOF,0.3499884009418234,0.03612892008817644,0.6138826789700002
25616,LOF,0.05314316729078141,0.2024827147461404,0.7443741179630783
25617,LOF,0.08161711329076944,0.054537748191604014,0.8638451385176266
25618,LOF,0.07790032019012223,0.17533449628393233,0.7467651835259455
25619,LOF,0.10513076716457266,0.10323639733688045,0.7916328354985469
25620,LOF,0.048260339738162863,0.1153093520090136,0.8364303082528236
25621,LOF,0.44101813029224035,0.023423064453854944,0.5355588052539046
25622,LOF,0.4120930858953365,0.06729504731096328,0.5206118667937002
25623,Neutral,0.5082197235507704,0.10952076849988093,0.38225950794934865
25624,LOF,0.04206950676726048,0.25167159307378933,0.7062589001589503
25625,LOF,0.4196726259434619,0.051064063990624436,0.5292633100659137
25626,Neutral,0.6535795869408021,0.05176687478494554,0.2946535382742524
25627,LOF,0.028147547634109087,0.45499900366417423,0.5168534487017167
25628,LOF,0.3017734651118085,0.1433502524297725,0.554876282458419
25629,Neutral,0.692444379766824,0.06374475278902988,0.24381086744414604
25630,LOF,0.05305464718476318,0.23403510789933912,0.7129102449158977
25631,Neutral,0.5268448318424267,0.23847405868725546,0.2346811094703178
25632,LOF,0.39146819756630996,0.03950204781728233,0.5690297546164077
25633,GOF,0.32260961314277475,0.3611884641177565,0.31620192273946873
25634,Neutral,0.69738354794367,0.06819937108436107,0.23441708097196892
25635,LOF,0.06473015833375353,0.08709127568313296,0.8481785659831136
25636,GOF,0.06673195900525589,0.6570748800874976,0.27619316090724655
25637,LOF,0.05007519847030581,0.3950099372148699,0.5549148643148243
25638,GOF,0.02439500744252277,0.7488311935257811,0.22677379903169614
25639,LOF,0.04292677665578626,0.4698516143227303,0.48722160902148337
25640,GOF,0.11259645891131063,0.7901557814546092,0.09724775963408022
25641,LOF,0.06427192761761014,0.34965300002983785,0.586075072352552
25642,Neutral,0.6194438108590032,0.1339580441747964,0.24659814496620044
25643,LOF,0.3615495791460854,0.033783900921568605,0.604666519932346
25644,GOF,0.10662596113676179,0.5780929326854936,0.3152811061777447
25645,GOF,0.024773096238559673,0.6211321513788777,0.35409475238256266
25646,LOF,0.0305260835851224,0.36522724776663,0.6042466686482476
25647,GOF,0.06584309177969543,0.5219369108337599,0.4122199973865447
25648,GOF,0.04628401852992647,0.6986613187390032,0.2550546627310705
25649,GOF,0.0321649696222834,0.6676552993050837,0.300179731072633
25650,GOF,0.07460478226272282,0.6531602325640233,0.27223498517325384
25651,GOF,0.021921353658843942,0.6155064257129028,0.3625722206282533
25652,LOF,0.07028528186794637,0.19770519544840176,0.7320095226836518
25653,GOF,0.06931109045727499,0.4752141959296628,0.4554747136130623
25654,GOF,0.0803668882376956,0.6457204112652972,0.27391270049700706
25655,GOF,0.05292565174714707,0.6766593133454717,0.2704150349073812
25656,GOF,0.02474984259703059,0.5240974439714745,0.45115271343149493
25657,Neutral,0.6333677377397612,0.0331013033496493,0.33353095891058954
25658,GOF,0.045472309905254533,0.5270302902245568,0.42749739987018864
25659,LOF,0.16682445065182738,0.2134395647145115,0.6197359846336611
25660,LOF,0.1351045110838803,0.1560831145064514,0.7088123744096683
25661,LOF,0.09178557082600218,0.0867600532088087,0.8214543759651891
25662,LOF,0.04978096891079639,0.08761829398779716,0.8626007371014065
25663,LOF,0.07169968210146893,0.0891753944118207,0.8391249234867104
25664,LOF,0.21372014509405074,0.16344167179937016,0.6228381831065791
25665,Neutral,0.6308149051263423,0.09312270538549455,0.27606238948816314
25666,LOF,0.28008497888022243,0.20052585962813918,0.5193891614916384
25667,LOF,0.04246209070421124,0.08211207859943083,0.8754258306963579
25668,LOF,0.04270207373419623,0.07027068381531112,0.8870272424504927
25669,LOF,0.040138164555914395,0.13808583107154346,0.8217760043725421
25670,LOF,0.44261662204291885,0.0720663844992329,0.4853169934578481
25671,LOF,0.058507930264474886,0.12260636210455218,0.818885707630973
25672,Neutral,0.631248924318149,0.07228967364822173,0.2964614020336292
25673,LOF,0.25245952359771323,0.1080618441366804,0.6394786322656064
25674,LOF,0.37555172258507197,0.09304300485744708,0.5314052725574809
25675,LOF,0.37546907174015826,0.0709781810615659,0.5535527471982759
25676,LOF,0.05336567660703087,0.10152245910683799,0.8451118642861312
25677,LOF,0.07401017598012624,0.10572128650755526,0.8202685375123184
25678,Neutral,0.5343768014616843,0.09606736339977706,0.3695558351385387
25679,Neutral,0.5764115848084935,0.09603431671213346,0.32755409847937295
25680,LOF,0.10837758366662943,0.16595610767314173,0.725666308660229
25681,LOF,0.11543969587970503,0.1551260195458837,0.7294342845744113
25682,LOF,0.06406382489648967,0.13486755696230768,0.8010686181412027
25683,LOF,0.37577681451603334,0.11518453757836927,0.5090386479055974
25684,LOF,0.10654173442398283,0.18617332089282077,0.7072849446831964
25685,Neutral,0.5757631723064736,0.0853773278233612,0.33885949987016517
25686,LOF,0.06695834219729417,0.3415994600410375,0.5914421977616684
25687,LOF,0.11097464625552067,0.3610322372009918,0.5279931165434875
25688,LOF,0.026878866878568466,0.2694016828479935,0.703719450273438
25689,LOF,0.030114727553531288,0.261742847546196,0.7081424249002727
25690,LOF,0.018354700885210948,0.4552798987387099,0.5263654003760792
25691,GOF,0.04918572224005021,0.49348933715789134,0.4573249406020585
25692,Neutral,0.5494082558263998,0.08359043465117057,0.36700130952242943
25693,GOF,0.09669384623847142,0.6361561470392506,0.26715000672227796
25694,LOF,0.38346053571442984,0.03577750332207215,0.580761960963498
25695,LOF,0.19881494193932658,0.0661831438412257,0.7350019142194477
25696,Neutral,0.5837840609085746,0.04700156018885285,0.3692143789025725
25697,Neutral,0.4824189116257257,0.18648530198275481,0.3310957863915195
25698,GOF,0.05278039535220157,0.7658260531895532,0.18139355145824526
25699,GOF,0.05173402498680484,0.6116246955285138,0.33664127948468137
25700,LOF,0.05141706916968558,0.10267334576423603,0.8459095850660784
25701,GOF,0.03192959586680594,0.630720047064241,0.337350357068953
25702,GOF,0.11221158145550257,0.7000367256974608,0.1877516928470365
25703,LOF,0.4423514914677724,0.08199217176006426,0.4756563367721632
25704,LOF,0.05563200163655111,0.22163324102312085,0.722734757340328
25705,LOF,0.109324942038779,0.15991790319497196,0.730757154766249
25706,GOF,0.03961101621863495,0.6856214058528282,0.27476757792853684
25707,LOF,0.024766011379027845,0.41932354114544135,0.5559104474755309
25708,LOF,0.03203665818982607,0.45241945451423654,0.5155438872959374
25709,LOF,0.05943135944842922,0.09769959573478586,0.8428690448167849
25710,LOF,0.4073555617887026,0.16181243769205558,0.4308320005192418
25711,LOF,0.08351181586799647,0.12233224709313868,0.7941559370388648
25712,Neutral,0.6262379086339606,0.07269232039007475,0.30106977097596466
25713,LOF,0.06261625333831036,0.16049348872543528,0.7768902579362543
25714,LOF,0.05838445734451529,0.28863146243642446,0.6529840802190603
25715,LOF,0.04702114364421889,0.24812303233453636,0.7048558240212447
25716,LOF,0.4341435434044166,0.05274606283591278,0.5131103937596707
25717,Neutral,0.4488986469921296,0.1558679440952602,0.3952334089126102
25718,LOF,0.04455219112758089,0.11937084000703646,0.8360769688653826
25719,LOF,0.09925958935913211,0.11191918656219367,0.7888212240786743
25720,LOF,0.05258598054293677,0.14768914529230767,0.7997248741647555
25721,LOF,0.046225498591535394,0.08901525057439211,0.8647592508340726
25722,LOF,0.057822842898584165,0.12180858415164406,0.8203685729497718
25723,LOF,0.0908743749538767,0.13255900978907692,0.7765666152570463
25724,LOF,0.0652432025800168,0.20002251776012858,0.7347342796598546
25725,LOF,0.12073834418539797,0.10531373646883055,0.7739479193457716
25726,LOF,0.05683740805134512,0.16121565636128943,0.7819469355873655
25727,LOF,0.09560908576751244,0.0647815186473235,0.839609395585164
25728,LOF,0.03408261479153385,0.20578324025791855,0.7601341449505475
25729,LOF,0.04617563681849258,0.15128864776408432,0.8025357154174231
25730,LOF,0.040611627614959844,0.1767579312233627,0.7826304411616775
25731,LOF,0.3374770238985704,0.05629954041573902,0.6062234356856905
25732,LOF,0.06029570256510999,0.07333727163249142,0.8663670258023985
25733,LOF,0.03173099855967007,0.34895533485596,0.6193136665843698
25734,LOF,0.35888680256690436,0.06300276319290501,0.5781104342401906
25735,LOF,0.04312956098966228,0.08113828590099517,0.8757321531093425
25736,LOF,0.05215051900797124,0.13804899426736528,0.8098004867246635
25737,LOF,0.10400967643919279,0.10683521706266162,0.7891551064981456
25738,LOF,0.09438606277647438,0.16564354684269098,0.7399703903808348
25739,LOF,0.04524810000682459,0.18132524399964997,0.7734266559935254
25740,LOF,0.07753300011582707,0.1556195027930451,0.7668474970911279
25741,LOF,0.09321507366537315,0.12365191585172297,0.7831330104829038
25742,LOF,0.10540247002209957,0.16999638814762305,0.7246011418302775
25743,LOF,0.2816226492071782,0.0911459597073306,0.6272313910854911
25744,GOF,0.05801177467376711,0.6615062064144246,0.2804820189118084
25745,GOF,0.029732156842241203,0.695755977794706,0.27451186536305283
25746,GOF,0.05604646014277013,0.5895180356859262,0.3544355041713037
25747,LOF,0.046642023364487445,0.11516501564621759,0.838192960989295
25748,LOF,0.2311625937718978,0.2842473145703602,0.4845900916577421
25749,GOF,0.04073671036507378,0.5730506555876889,0.38621263404723727
25750,GOF,0.051753686009259524,0.537060088484222,0.41118622550651845
25751,LOF,0.05502762993465765,0.21179815550681283,0.7331742145585295
25752,GOF,0.24085534693320998,0.402486758356428,0.3566578947103621
25753,LOF,0.30634550733729327,0.12614929477216572,0.567505197890541
25754,GOF,0.0359947407227,0.7164905045525649,0.2475147547247351
25755,LOF,0.2533929179251902,0.18874252600623312,0.5578645560685767
25756,Neutral,0.6721453318162648,0.05928728023590501,0.26856738794783025
25757,GOF,0.046141207034428124,0.6408048343757637,0.3130539585898082
25758,GOF,0.03149287974205609,0.7106992095302279,0.25780791072771597
25759,GOF,0.020637723745979726,0.6427060071119531,0.33665626914206714
25760,LOF,0.2468545361468581,0.11104948358521505,0.6420959802679268
25761,GOF,0.021764553915795817,0.75263244480688,0.2256030012773243
25762,Neutral,0.69738354794367,0.06819937108436107,0.23441708097196892
25763,LOF,0.2964687803589984,0.10525227295450201,0.5982789466864996
25764,GOF,0.2600563088183816,0.4095389983626512,0.3304046928189671
25765,GOF,0.025170248597760958,0.6395254997272861,0.33530425167495287
25766,GOF,0.05280115929898555,0.6382268622697858,0.3089719784312287
25767,GOF,0.03840409863241074,0.7655867711747792,0.19600913019281005
25768,LOF,0.040421140228490325,0.2725032704251649,0.6870755893463448
25769,LOF,0.04758931377012277,0.23406416452233259,0.7183465217075446
25770,Neutral,0.6250786120856884,0.05930942402357767,0.3156119638907339
25771,LOF,0.22636738342557208,0.09977996130657256,0.6738526552678553
25772,LOF,0.06434563331401358,0.11188818925904022,0.8237661774269462
25773,LOF,0.43891122508764546,0.07723818177124257,0.4838505931411119
25774,Neutral,0.6710432649348625,0.07744816004087346,0.2515085750242639
25775,LOF,0.24969040024484504,0.08564608268615291,0.6646635170690021
25776,LOF,0.04043245301811992,0.11025432689908278,0.8493132200827973
25777,Neutral,0.6437470077412127,0.06396426152766886,0.2922887307311185
25778,LOF,0.06528951112357828,0.13402817907018294,0.8006823098062389
25779,GOF,0.1714792575359959,0.6277096705153501,0.20081107194865397
25780,GOF,0.06063626704855728,0.7715513508079089,0.1678123821435339
25781,GOF,0.15232576310208773,0.6504672706315099,0.19720696626640238
25782,GOF,0.060635986068082216,0.6183040372421467,0.3210599766897711
25783,GOF,0.2919407633839385,0.5105611210945029,0.19749811552155871
25784,GOF,0.1761510016108485,0.676838575342611,0.1470104230465405
25785,GOF,0.09924068660321454,0.7722959164539476,0.1284633969428379
25786,GOF,0.062237838513303355,0.6067876750145725,0.33097448647212413
25787,GOF,0.056864231727426176,0.5325618418828512,0.4105739263897227
25788,LOF,0.06564826090463094,0.10939082340771412,0.824960915687655
25789,GOF,0.05719475746730255,0.7820535198007694,0.16075172273192814
25790,GOF,0.04621349618627917,0.67886678799124,0.2749197158224807
25791,GOF,0.03312711619273674,0.6910961921587462,0.2757766916485172
25792,GOF,0.033289292694689145,0.6821563578982319,0.2845543494070789
25793,GOF,0.03440430131532467,0.7000471405950393,0.265548558089636
25794,GOF,0.07825099345104668,0.7291344178291349,0.19261458871981843
25795,GOF,0.12237548482125997,0.6000783823483188,0.2775461328304212
25796,GOF,0.09731188900513651,0.6148107306682515,0.28787738032661203
25797,GOF,0.063777290540795,0.6167136933381275,0.3195090161210775
25798,GOF,0.09393194330657456,0.6939857234523567,0.2120823332410688
25799,GOF,0.09683486893835923,0.7719250177468358,0.13124011331480503
25800,GOF,0.08710426994204745,0.8006699644564853,0.11222576560146717
25801,GOF,0.09431039644332696,0.7629825152750931,0.14270708828158005
25802,GOF,0.09425911008028036,0.7495387231238255,0.15620216679589413
25803,GOF,0.05219459304098113,0.7319056349745974,0.21589977198442165
25804,GOF,0.08920928035641183,0.6398781384782403,0.27091258116534805
25805,GOF,0.059953237128811954,0.7656522496072988,0.17439451326388924
25806,GOF,0.05661560955121981,0.7828142859937511,0.1605701044550291
25807,GOF,0.08743485138186295,0.7367954429963721,0.175769705621765
25808,GOF,0.06889656352087857,0.8006942267996502,0.1304092096794712
25809,GOF,0.08281758110800135,0.7472085523453371,0.16997386654666147
25810,GOF,0.0758968144220708,0.7575169164139536,0.1665862691639755
25811,GOF,0.06759025292220391,0.5780036412286397,0.35440610584915644
25812,GOF,0.0745710228448596,0.7180655722626553,0.20736340489248514
25813,GOF,0.06039312629593569,0.7139540993067495,0.22565277439731488
25814,GOF,0.09034554777036084,0.7432995053789765,0.16635494685066257
25815,GOF,0.0529027734648449,0.7292820282622215,0.2178151982729337
25816,GOF,0.048018981434554436,0.8328962010551281,0.11908481751031749
25817,GOF,0.04350523541017492,0.6488224278055632,0.30767233678426176
25818,GOF,0.036579473064078896,0.6305779587240822,0.3328425682118388
25819,GOF,0.07198995629387904,0.7397292001939452,0.18828084351217594
25820,GOF,0.07879644940679477,0.7434990739312201,0.1777044766619852
25821,GOF,0.08357750890436098,0.7317686712212423,0.18465381987439677
25822,GOF,0.11088368211001462,0.6992980759880449,0.18981824190194055
25823,GOF,0.16602565140900993,0.5507230503913874,0.28325129819960265
25824,GOF,0.12801644425038197,0.7165820077312333,0.1554015480183847
25825,GOF,0.12102769547213915,0.7227950127759614,0.1561772917518994
25826,GOF,0.12801644425038197,0.7165820077312333,0.1554015480183847
25827,GOF,0.05602260877771233,0.7899281889561746,0.1540492022661131
25828,GOF,0.05341990048699757,0.7728247779441227,0.1737553215688796
25829,LOF,0.4256748822815721,0.051845959545417486,0.5224791581730104
25830,LOF,0.05936727640509671,0.10849384825532965,0.8321388753395736
25831,GOF,0.04109463319009024,0.6736461752625165,0.2852591915473932
25832,GOF,0.09114602835908578,0.6225661900229974,0.2862877816179168
25833,GOF,0.08557985429581685,0.6357920709428329,0.2786280747613503
25834,GOF,0.08309466310666794,0.5987789280962807,0.31812640879705134
25835,GOF,0.09417060567255167,0.6578742187354979,0.24795517559195038
25836,GOF,0.0901676873956556,0.6469484925718557,0.2628838200324887
25837,GOF,0.11482748387016628,0.6173599075038554,0.26781260862597817
25838,GOF,0.11577713167701695,0.6104127460735649,0.27381012224941814
25839,GOF,0.1305645537306003,0.6046741728433791,0.2647612734260205
25840,GOF,0.07847460503558777,0.7121584093068184,0.20936698565759382
25841,GOF,0.07898951479882109,0.707880791100053,0.213129694101126
25842,GOF,0.052534281396687484,0.698485140176447,0.24898057842686547
25843,GOF,0.053827196900405244,0.6945874886513079,0.2515853144482869
25844,GOF,0.06472255641509707,0.6122548689013161,0.3230225746835869
25845,GOF,0.06984936073656978,0.6293156094814346,0.30083502978199556
25846,GOF,0.06358717349856764,0.6119309038629723,0.3244819226384601
25847,GOF,0.079897611943215,0.636862665904485,0.2832397221523
25848,GOF,0.0664232831895368,0.7037037066009517,0.22987301020951137
25849,GOF,0.06144180516570771,0.7059842356517847,0.2325739591825077
25850,GOF,0.15049300135052565,0.5536628528723483,0.2958441457771261
25851,GOF,0.17015491748537695,0.5244376522197094,0.30540743029491374
25852,GOF,0.11824882953440223,0.6060584187026954,0.2756927517629023
25853,GOF,0.09254728891699632,0.6651657598850592,0.24228695119794447
25854,GOF,0.07793241118068828,0.7461489174509385,0.17591867136837325
25855,GOF,0.09348575056709105,0.7039721468121577,0.2025421026207512
25856,GOF,0.08946900146138133,0.7201480251963935,0.19038297334222506
25857,GOF,0.0965557091299834,0.7110012915559483,0.19244299931406836
25858,GOF,0.08407895772955702,0.6328590264169128,0.28306201585353014
25859,GOF,0.0836526295895795,0.6369731595715338,0.27937421083888675
25860,GOF,0.08493688850311845,0.5707514947435596,0.344311616753322
25861,GOF,0.07456908729984804,0.5564428942531863,0.3689880184469656
25862,GOF,0.05011778834895297,0.7451694762731695,0.20471273537787743
25863,GOF,0.05878520517186062,0.7161011839028667,0.22511361092527266
25864,GOF,0.05656690699169753,0.7709049281165328,0.17252816489176961
25865,GOF,0.06979683529340219,0.7930041708810256,0.13719899382557216
25866,GOF,0.06412049389378638,0.8007392442476221,0.1351402618585916
25867,GOF,0.0642906126083513,0.7988081578943197,0.13690122949732894
25868,GOF,0.05686504820730028,0.6920994053407038,0.25103554645199594
25869,GOF,0.052770264209446575,0.7219972331839085,0.22523250260664482
25870,LOF,0.05820621252112253,0.14936288785532786,0.7924308996235495
25871,GOF,0.04086503937547431,0.6340492206404343,0.3250857399840914
25872,GOF,0.04601000616048637,0.5512646078993733,0.4027253859401404
25873,GOF,0.07037447514024255,0.6637690891880015,0.2658564356717561
25874,LOF,0.0841459364137677,0.04602578900191557,0.8698282745843168
25875,GOF,0.10084518781370201,0.585063354289628,0.31409145789667003
25876,Neutral,0.5003213096333113,0.09490425201532082,0.4047744383513679
25877,GOF,0.06929377134906312,0.6430129349320973,0.2876932937188395
25878,GOF,0.04025665921076044,0.7478985544234859,0.2118447863657538
25879,LOF,0.04816138777317963,0.3953922495310581,0.5564463626957622
25880,LOF,0.07600115104476565,0.07478749733235264,0.8492113516228817
25881,Neutral,0.6315964098266941,0.29389260506660053,0.07451098510670545
25882,LOF,0.24260131551939476,0.16967598379016138,0.5877227006904439
25883,LOF,0.06835329524044031,0.13409342512180825,0.7975532796377515
25884,LOF,0.3634714542188436,0.11272663920795271,0.5238019065732037
25885,Neutral,0.5086019348303148,0.014963001485222114,0.4764350636844631
25886,Neutral,0.4455682515971002,0.19953163479011657,0.35490011361278323
25887,GOF,0.20812957616142985,0.5739572153223051,0.21791320851626506
25888,GOF,0.059094542333565855,0.5511846582844125,0.38972079938202164
25889,LOF,0.21734854831771105,0.13099131138452033,0.6516601402977686
25890,LOF,0.2604460084367839,0.31240239321267277,0.4271515983505434
25891,LOF,0.2482335261417798,0.20901628470317274,0.5427501891550475
25892,LOF,0.013879884551095232,0.38170545699851677,0.6044146584503881
25893,LOF,0.41813293382318745,0.12629832565401092,0.45556874052280155
25894,LOF,0.4066301896707288,0.04601257004994885,0.5473572402793223
25895,LOF,0.4673642099308511,0.053831578063361196,0.4788042120057878
25896,Neutral,0.6287778174110695,0.059552703219792606,0.3116694793691379
25897,LOF,0.2713450099902855,0.06757472329279958,0.661080266716915
25898,GOF,0.04760812654404438,0.5544884356669806,0.3979034377889751
25899,LOF,0.30324424219846174,0.18407506268327853,0.5126806951182598
25900,Neutral,0.8164899887111517,0.04494706172507605,0.1385629495637721
25901,LOF,0.08276384562412345,0.0632776867505169,0.8539584676253597
25902,LOF,0.4536678049086532,0.06535585790589811,0.4809763371854487
25903,LOF,0.29685779590171124,0.13609239244645197,0.5670498116518368
25904,Neutral,0.4455682515971002,0.19953163479011657,0.35490011361278323
25905,LOF,0.0803465128522233,0.42513001890302915,0.4945234682447475
25906,LOF,0.3563141270184072,0.08575412793638981,0.5579317450452029
25907,GOF,0.03754971663970091,0.4992063894901267,0.46324389387017234
25908,GOF,0.04399963335312311,0.5993812359999218,0.3566191306469551
25909,GOF,0.062116391471861224,0.5089145103269532,0.42896909820118545
25910,LOF,0.04543095402038654,0.28679989930525795,0.6677691466743555
25911,Neutral,0.6756732652030804,0.0798214490136673,0.2445052857832524
25912,LOF,0.4798955024179178,0.024238353701493843,0.4958661438805885
25913,LOF,0.02183278983098505,0.3247226342561321,0.6534445759128829
25914,LOF,0.04335885111993208,0.2432334305374335,0.7134077183426344
25915,GOF,0.09024476536164974,0.7080957625745887,0.20165947206376142
25916,GOF,0.06683243926355589,0.6250445992618058,0.30812296147463836
25917,Neutral,0.7491320512272693,0.060864326054660016,0.1900036227180708
25918,LOF,0.0504777096614464,0.08758521336212034,0.8619370769764332
25919,LOF,0.04625101258763132,0.03671015319009683,0.917038834222272
25920,LOF,0.3279366441158985,0.29612614111756697,0.3759372147665346
25921,LOF,0.25537503177784,0.04569606232428448,0.6989289058978756
25922,LOF,0.1964653334137121,0.0704899878264193,0.7330446787598686
25923,Neutral,0.4455682515971002,0.19953163479011657,0.35490011361278323
25924,LOF,0.2528890038861916,0.2145656803165366,0.5325453157972718
25925,Neutral,0.6302566625999636,0.06413538533253287,0.3056079520675035
25926,Neutral,0.6825115026606458,0.07326578244343518,0.24422271489591907
25927,LOF,0.022165245056624233,0.38580621239362256,0.5920285425497532
25928,LOF,0.2525599424987295,0.03637655941927292,0.7110634980819975
25929,Neutral,0.4455682515971002,0.19953163479011657,0.35490011361278323
25930,LOF,0.042598171896166444,0.19575055341179,0.7616512746920435
25931,LOF,0.4092462222598858,0.11439439003588275,0.4763593877042315
25932,LOF,0.08111518465168982,0.0649549088478148,0.8539299065004954
25933,LOF,0.06751994962582655,0.07712924040507588,0.8553508099690975
25934,LOF,0.07861612549119981,0.07637754613323594,0.8450063283755642
25935,Neutral,0.6710432649348625,0.07744816004087346,0.2515085750242639
25936,LOF,0.0733483030000764,0.07076183790051943,0.8558898590994042
25937,LOF,0.33346247615775976,0.1293769232160735,0.5371606006261668
25938,Neutral,0.6810965935606984,0.05976035907879907,0.25914304736050237
25939,LOF,0.07284808215576868,0.0757474464393044,0.8514044714049269
25940,GOF,0.04657404724756284,0.793651231051858,0.15977472170057933
25941,Neutral,0.49787929368147993,0.07312457043816897,0.428996135880351
25942,LOF,0.18617744637115125,0.10716583135595203,0.7066567222728968
25943,LOF,0.029926184987611553,0.40101326575036894,0.5690605492620195
25944,LOF,0.018363418018967195,0.32961380445853905,0.6520227775224937
25945,LOF,0.03887479015403837,0.07364449681468514,0.8874807130312764
25946,LOF,0.4443208408225132,0.05781708371291843,0.49786207546456823
25947,Neutral,0.6940346021186707,0.04496877459069837,0.2609966232906309
25948,Neutral,0.526774217687027,0.22043686216690658,0.2527889201460663
25949,LOF,0.4189359293998895,0.08065513132625449,0.5004089392738561
25950,GOF,0.04148483096277744,0.8053277514134627,0.1531874176237599
25951,GOF,0.024980012829456864,0.6700681531358835,0.3049518340346597
25952,GOF,0.22549597175000585,0.4597884042986207,0.31471562395137337
25953,LOF,0.033381499414061606,0.4537894759870431,0.5128290245988952
25954,GOF,0.05343790300693658,0.7505215299948884,0.19604056699817501
25955,GOF,0.017108071681598537,0.5824572717057137,0.40043465661268784
25956,GOF,0.03995611822765532,0.6109787055162086,0.3490651762561362
25957,Neutral,0.6958227332943673,0.030068319193339545,0.2741089475122932
25958,LOF,0.07668767535995656,0.13486531732057916,0.7884470073194644
25959,LOF,0.0234505585646094,0.40027925090962296,0.5762701905257676
25960,LOF,0.2154965275539795,0.07413624171644503,0.7103672307295755
25961,LOF,0.044396593544005464,0.22546399784681675,0.7301394086091778
25962,LOF,0.3982466122762524,0.05521058529162117,0.5465428024321264
25963,LOF,0.07057920664800837,0.2914235675713385,0.6379972257806531
25964,LOF,0.08953440747705277,0.18468738731613563,0.7257782052068116
25965,GOF,0.11689688535908226,0.6299378060307002,0.2531653086102175
25966,Neutral,0.4455682515971002,0.19953163479011657,0.35490011361278323
25967,LOF,0.36653172724175803,0.055365587531237034,0.5781026852270049
25968,GOF,0.3242346590692484,0.408889569557655,0.2668757713730965
25969,Neutral,0.5406897395607637,0.051378094584687714,0.40793216585454845
25970,LOF,0.4116690493461579,0.14702614511073658,0.4413048055431056
25971,LOF,0.12761900152782504,0.11369145195711407,0.7586895465150609
25972,LOF,0.10720234024437716,0.1207036847358701,0.7720939750197526
25973,LOF,0.4055413506509489,0.022919734880068737,0.5715389144689824
25974,GOF,0.08745367510537055,0.5463611293523603,0.3661851955422692
25975,LOF,0.061477143211351226,0.027066792725683478,0.9114560640629653
25976,LOF,0.3342714815921186,0.011672845596114893,0.6540556728117665
25977,Neutral,0.502159708775599,0.0760574448635357,0.4217828463608653
25978,LOF,0.1670255384391114,0.1678711791758148,0.6651032823850739
25979,LOF,0.09846394364479746,0.16271527793037094,0.7388207784248316
25980,LOF,0.20877273160206783,0.3603788529697518,0.4308484154281804
25981,GOF,0.21809766426747723,0.43923173919414266,0.34267059653838017
25982,LOF,0.17131040781399948,0.3090133743740034,0.5196762178119971
25983,LOF,0.12336679448308459,0.30043101028391417,0.5762021952330012
25984,LOF,0.047496212456446384,0.22026688792911941,0.7322368996144342
25985,Neutral,0.5743831601414131,0.22925765207314122,0.19635918778544575
25986,GOF,0.03171217380747395,0.5529458892688521,0.415341936923674
25987,LOF,0.30752041523687323,0.2454478813627366,0.4470317034003901
25988,LOF,0.0365908049500348,0.2978696645656257,0.6655395304843396
25989,LOF,0.049166511757954515,0.3534630993148448,0.5973703889272007
25990,LOF,0.0399057368690251,0.38183362427893125,0.5782606388520436
25991,GOF,0.11437471594654576,0.5735441825707057,0.3120811014827485
25992,LOF,0.08260234986718054,0.32503866410178117,0.5923589860310383
25993,LOF,0.05495166899663585,0.0302428767887953,0.9148054542145688
25994,LOF,0.08866947321367864,0.03729858766169156,0.8740319391246298
25995,LOF,0.05102451114934525,0.04915366968417886,0.899821819166476
25996,GOF,0.31050520597802206,0.4001021088053242,0.2893926852166537
25997,GOF,0.18063530376950335,0.5280370463988946,0.2913276498316021
25998,LOF,0.32563596418908597,0.19194982717222026,0.4824142086386936
25999,LOF,0.021386034376598945,0.37788995238649353,0.6007240132369075
26000,LOF,0.2699372889008226,0.09520751182971962,0.6348551992694578
26001,LOF,0.1516869875611346,0.15326836697886673,0.6950446454599986
26002,LOF,0.3537943334293015,0.049983693015009344,0.5962219735556891
26003,GOF,0.0682607505267447,0.687409628652218,0.24432962082103718
26004,GOF,0.09512106133849026,0.7179389059882427,0.18694003267326714
26005,GOF,0.03348019136496901,0.8180770831882902,0.14844272544674086
26006,GOF,0.042819106740169054,0.7274277971474223,0.22975309611240874
26007,GOF,0.030842428580011544,0.7802479030110304,0.18890966840895793
26008,GOF,0.07759291177316827,0.7925887829297719,0.12981830529705995
26009,GOF,0.03782016728678308,0.8672955686310827,0.09488426408213409
26010,GOF,0.03271131727071616,0.7886164453773138,0.1786722373519699
26011,GOF,0.03894868545146598,0.6619909930930411,0.29906032145549283
26012,GOF,0.040029838861676964,0.735875568598716,0.22409459253960717
26013,GOF,0.044429534566409426,0.6581295699321055,0.297440895501485
26014,LOF,0.4734745860463346,0.024327626604030907,0.5021977873496346
26015,LOF,0.29644242467633813,0.1450875940322494,0.5584699812914125
26016,LOF,0.21742808234601577,0.13907051682076954,0.6435014008332147
26017,LOF,0.041443446899615086,0.34584158730740744,0.6127149657929774
26018,LOF,0.03603861883349108,0.3235316299528961,0.6404297512136129
26019,LOF,0.04172390133791008,0.10712603018774572,0.8511500684743443
26020,LOF,0.021929890994571218,0.4525016334949128,0.5255684755105159
26021,LOF,0.2317459788500349,0.1595370048937201,0.6087170162562451
26022,LOF,0.2056144418284511,0.08075549210847136,0.7136300660630776
26023,LOF,0.04714506031512939,0.11480711217358654,0.8380478275112839
26024,LOF,0.09170196389455583,0.13404915652049118,0.7742488795849531
26025,LOF,0.04340621445016338,0.2857366385526226,0.670857146997214
26026,LOF,0.04362276571498028,0.33450260581231644,0.6218746284727033
26027,LOF,0.0649369338487146,0.11625043243925678,0.8188126337120285
26028,GOF,0.09560093276457927,0.4893478641573944,0.4150512030780264
26029,GOF,0.0551299074495167,0.7174033584208539,0.22746673412962937
26030,Neutral,0.6032642869019823,0.05818810545523375,0.3385476076427839
26031,GOF,0.02629609300189089,0.7223198245329671,0.25138408246514204
26032,LOF,0.0671528003148558,0.1669889207976544,0.7658582788874898
26033,LOF,0.053073633041324675,0.20235959658655187,0.7445667703721235
26034,GOF,0.02723896962644593,0.6395561694072307,0.3332048609663234
26035,GOF,0.022398796503280523,0.7265644676268138,0.2510367358699055
26036,GOF,0.020543030506418224,0.6563083116094874,0.32314865788409436
26037,GOF,0.027989756181418753,0.5623315494442852,0.40967869437429616
26038,LOF,0.0471307001270155,0.1554036355145546,0.7974656643584299
26039,GOF,0.024134131123173565,0.5632255727438065,0.41264029613302006
26040,LOF,0.040119489981177196,0.16709785482585057,0.7927826551929722
26041,GOF,0.03356824995613871,0.614540343464847,0.3518914065790143
26042,GOF,0.03022932565773026,0.6201514581840971,0.3496192161581726
26043,LOF,0.03448571680133391,0.2511171726098737,0.7143971105887923
26044,LOF,0.23802812538120607,0.16890236912715392,0.5930695054916401
26045,GOF,0.03171439856739395,0.7333998621371093,0.2348857392954966
26046,LOF,0.03730108845799796,0.31720418795822725,0.6454947235837748
26047,LOF,0.13898757654233804,0.12975460170096448,0.7312578217566975
26048,LOF,0.4662692200932827,0.06269000859393768,0.4710407713127796
26049,Neutral,0.61483389846644,0.1444625437607308,0.24070355777282926
26050,Neutral,0.6678027910431686,0.08848695588636539,0.24371025307046607
26051,LOF,0.058472943492617765,0.4285846225513662,0.512942433956016
26052,LOF,0.10852050770144424,0.39545779551951193,0.49602169677904384
26053,Neutral,0.4747469351096384,0.05747144250359758,0.4677816223867641
26054,Neutral,0.6810965935606984,0.05976035907879907,0.25914304736050237
26055,Neutral,0.6810965935606984,0.05976035907879907,0.25914304736050237
26056,Neutral,0.6810965935606984,0.05976035907879907,0.25914304736050237
26057,LOF,0.08492803931979247,0.05334184184175266,0.861730118838455
26058,LOF,0.08990605967778803,0.04299758562376731,0.8670963546984446
26059,Neutral,0.8324306088269715,0.06022125518386713,0.10734813598916136
26060,GOF,0.051772992034174244,0.5558991991272905,0.39232780883853524
26061,LOF,0.30690893340179576,0.03250708902880056,0.6605839775694036
26062,LOF,0.3930669929895692,0.10370461298781519,0.5032283940226155
26063,LOF,0.06759313413889594,0.03982996172231555,0.8925769041387885
26064,LOF,0.37176352088486975,0.02006988924783928,0.608166589867291
26065,LOF,0.042882559263285075,0.06901371036093779,0.8881037303757772
26066,LOF,0.08021581721328401,0.07054789740692999,0.8492362853797861
26067,LOF,0.08173122904985745,0.1121941770719899,0.8060745938781526
26068,Neutral,0.622633606303236,0.09122050888505812,0.2861458848117058
26069,Neutral,0.6076717039515588,0.08273492794958742,0.3095933680988539
26070,Neutral,0.6076717039515588,0.08273492794958742,0.3095933680988539
26071,LOF,0.06019884769992426,0.10194289975727162,0.837858252542804
26072,LOF,0.3227592169212904,0.05864190409637825,0.6185988789823313
26073,LOF,0.06138304770799978,0.0665848787191165,0.8720320735728838
26074,Neutral,0.8182696889387654,0.05504235299044642,0.1266879580707882
26075,Neutral,0.6202792126520207,0.08301913776959939,0.2967016495783799
26076,LOF,0.055174426887965276,0.10798996910879545,0.8368356040032393
26077,Neutral,0.6688128541935153,0.021969730368359752,0.3092174154381249
26078,LOF,0.33893243764741166,0.0435949877664993,0.6174725745860891
26079,Neutral,0.6705995821430142,0.08471168285864145,0.24468873499834437
26080,Neutral,0.6705995821430142,0.08471168285864145,0.24468873499834437
26081,LOF,0.05543330537372657,0.0493589523632187,0.8952077422630548
26082,LOF,0.3602117411372103,0.07532255055071978,0.5644657083120699
26083,LOF,0.038038164221855866,0.2519617638699238,0.7100000719082203
26084,LOF,0.04787665466442559,0.13617373037174577,0.8159496149638287
26085,LOF,0.04080388375421194,0.1777322844325555,0.7814638318132324
26086,LOF,0.04701415779741521,0.17413811337056573,0.778847728832019
26087,LOF,0.053880413226413945,0.16879157463036368,0.7773280121432223
26088,LOF,0.4113470602523767,0.10804426712497711,0.4806086726226461
26089,Neutral,0.6721611151854975,0.08671112681276835,0.24112775800173428
26090,Neutral,0.6721611151854975,0.08671112681276835,0.24112775800173428
26091,LOF,0.07555741052919715,0.09036421514453508,0.8340783743262677
26092,LOF,0.05193801279081035,0.09888669146918709,0.8491752957400025
26093,LOF,0.04937289949940055,0.06893593500120727,0.8816911654993922
26094,LOF,0.08142326215881358,0.08459359477891669,0.8339831430622697
26095,LOF,0.24835391857471298,0.13621950364705482,0.6154265777782322
26096,Neutral,0.5900049031270885,0.01809033960574493,0.3919047572671666
26097,LOF,0.3360221213301527,0.04599279589290954,0.6179850827769379
26098,Neutral,0.6721453318162648,0.05928728023590501,0.26856738794783025
26099,LOF,0.03851323599584099,0.1587505445539776,0.8027362194501815
26100,LOF,0.03851323599584099,0.1587505445539776,0.8027362194501815
26101,LOF,0.04359181918142949,0.19215632072390812,0.7642518600946624
26102,LOF,0.05385404820685827,0.07818292587197524,0.8679630259211665
26103,Neutral,0.4455682515971002,0.19953163479011657,0.35490011361278323
26104,Neutral,0.7103705813463689,0.09323810149500504,0.1963913171586261
26105,LOF,0.31369927933596764,0.09176930947485892,0.5945314111891734
26106,Neutral,0.44201781285101555,0.24720857174758343,0.31077361540140097
26107,LOF,0.020976233824056133,0.37239894244927685,0.6066248237266672
26108,LOF,0.35449624408720887,0.19987192051547434,0.44563183539731677
26109,Neutral,0.5385571222671268,0.18504923724183422,0.27639364049103904
26110,Neutral,0.48104069168530805,0.03870965066624637,0.4802496576484455
26111,LOF,0.053654466853482366,0.3081173972948416,0.6382281358516761
26112,LOF,0.07904331929342905,0.04429261445251854,0.8766640662540525
26113,LOF,0.06358179068431792,0.05958056568675976,0.8768376436289222
26114,LOF,0.31082618121884986,0.12733789507648674,0.5618359237046634
26115,GOF,0.029067628499097015,0.5613447840849557,0.40958758741594725
26116,LOF,0.1048615237337118,0.2788816726719679,0.6162568035943202
26117,Neutral,0.4455682515971002,0.19953163479011657,0.35490011361278323
26118,LOF,0.04623398348433403,0.09538865159984924,0.8583773649158167
26119,LOF,0.013154220177477012,0.27263343801479833,0.7142123418077246
26120,LOF,0.07211427299279512,0.05099979564829187,0.8768859313589131
26121,LOF,0.03944780758647203,0.15803680308351314,0.8025153893300148
26122,LOF,0.017306248924790497,0.24152673411888684,0.7411670169563227
