feature0,prediction,LoGoFunc_Neutral,LoGoFunc_GOF,LoGoFunc_LOF
25546,Neutral,0.6553589267764881,0.07241901386569484,0.27222205935781707
25547,Neutral,0.5431384191710114,0.13562918294640577,0.3212323978825828
25548,Neutral,0.507837995001363,0.10114405449109602,0.39101795050754107
25549,Neutral,0.48355912385483285,0.10010449628798818,0.4163363798571789
25550,LOF,0.3780883477008419,0.1685784315146732,0.4533332207844848
25551,LOF,0.3179739645447618,0.16073518304144915,0.521290852413789
25552,LOF,0.18687162168957075,0.17355865951271665,0.6395697187977126
25553,Neutral,0.8089358703177533,0.0497229285658685,0.14134120111637813
25554,LOF,0.22493081922310118,0.17394283220389523,0.6011263485730035
25555,LOF,0.18155873839367972,0.1625105931103204,0.6559306684959999
25556,Neutral,0.49666573769509736,0.12970036641659047,0.3736338958883122
25557,LOF,0.1712577917894634,0.16769610200805962,0.661046106202477
25558,LOF,0.2217027188127001,0.1873684003683382,0.5909288808189618
25559,Neutral,0.511021561611369,0.025303625045596776,0.46367481334303423
25560,LOF,0.045703843441395345,0.2089198827287018,0.7453762738299029
25561,LOF,0.10353296324270174,0.257077927446942,0.6393891093103562
25562,LOF,0.12814583727087298,0.09415749160833373,0.7776966711207932
25563,LOF,0.11763327494743443,0.11951753314848985,0.7628491919040757
25564,LOF,0.09590172251553272,0.1395150831090196,0.7645831943754477
25565,LOF,0.1407743750302845,0.25194812257556404,0.6072775023941515
25566,GOF,0.018343322972950566,0.6387910364242867,0.34286564060276276
25567,LOF,0.01117338565772706,0.210675087216169,0.7781515271261039
25568,LOF,0.04524542426369189,0.1011815119599536,0.8535730637763547
25569,LOF,0.0628083217183823,0.09892429220036467,0.8382673860812532
25570,LOF,0.05622642871066888,0.14831783482430427,0.7954557364650269
25571,LOF,0.06522855394726296,0.1391725474743146,0.7955988985784224
25572,LOF,0.055475037250858,0.15166447203973427,0.7928604907094077
25573,LOF,0.02942928608856976,0.11844173673287925,0.8521289771785511
25574,LOF,0.014361080321624673,0.2628471387568012,0.7227917809215741
25575,LOF,0.052626973670385144,0.12933276319082126,0.8180402631387935
25576,LOF,0.018088814525306956,0.14416906731864582,0.8377421181560473
25577,LOF,0.012646264337844612,0.14299404587054945,0.8443596897916059
25578,LOF,0.2532949642611971,0.12885059392828876,0.6178544418105143
25579,LOF,0.2544340693084304,0.1269097330642039,0.6186561976273658
25580,LOF,0.034052634970884225,0.1290234599202356,0.8369239051088802
25581,LOF,0.048510480144738626,0.10522894013078911,0.8462605797244722
25582,LOF,0.048058637739174494,0.10026579144470642,0.851675570816119
25583,LOF,0.032232834354703165,0.14169705923886622,0.8260701064064306
25584,Neutral,0.47570414254470583,0.13444778787669714,0.38984806957859713
25585,LOF,0.028022784260662698,0.12709024164648358,0.8448869740928537
25586,LOF,0.03159689165734707,0.101297349495823,0.8671057588468298
25587,LOF,0.027280730611294622,0.09313396432742233,0.8795853050612831
25588,LOF,0.026712001608825073,0.1197911817564614,0.8534968166347134
25589,Neutral,0.601685641843086,0.16465955653221906,0.23365480162469487
25590,LOF,0.02337624834102924,0.18206375491353122,0.7945599967454395
25591,LOF,0.10584304048883497,0.08163088774300689,0.8125260717681582
25592,LOF,0.08321897949115366,0.1997844475883548,0.7169965729204915
25593,GOF,0.011178867923006746,0.5688006232179674,0.42002050885902575
25594,LOF,0.03224409942938509,0.14335493639693872,0.8244009641736763
25595,LOF,0.05810901504555898,0.1094793019090174,0.8324116830454236
25596,LOF,0.08918402037829279,0.05756643999474685,0.8532495396269605
25597,LOF,0.07275050947809833,0.022380060890894518,0.9048694296310071
25598,LOF,0.04621162350525613,0.1391002619895138,0.81468811450523
25599,LOF,0.008311029710252289,0.46785691583663164,0.5238320544531161
25600,LOF,0.011178364558164518,0.3665464631768649,0.6222751722649705
25601,LOF,0.008857217246891926,0.22726609970017597,0.7638766830529321
25602,LOF,0.01765953182246524,0.05430321910598435,0.9280372490715504
25603,LOF,0.040524074385593176,0.04212641148531142,0.9173495141290955
25604,LOF,0.036371006967708196,0.057253241109580376,0.9063757519227115
25605,LOF,0.012567582812323364,0.21590651666360358,0.771525900524073
25606,GOF,0.05379362940337423,0.540648079793635,0.4055582908029907
25607,LOF,0.0034495849452195184,0.12034442606754674,0.8762059889872338
25608,LOF,0.052080728118920325,0.04114135982727023,0.9067779120538094
25609,LOF,0.060819485728187656,0.2887806198720277,0.6503998943997846
25610,LOF,0.04705554562884481,0.022558120373190754,0.9303863339979646
25611,LOF,0.059331721170575794,0.0171355486762215,0.9235327301532027
25612,LOF,0.12351199399597346,0.046074558350510685,0.8304134476535159
25613,LOF,0.09917478400086949,0.038443582190055,0.8623816338090755
25614,LOF,0.040885797766891156,0.03235982929584899,0.9267543729372599
25615,LOF,0.08564975136729736,0.03740997111654954,0.8769402775161532
25616,LOF,0.0365634579269556,0.0417582135565297,0.9216783285165145
25617,LOF,0.05039160140320982,0.03190596561632208,0.917702432980468
25618,LOF,0.2712619838194848,0.03269915175377225,0.696038864426743
25619,LOF,0.04456213493649668,0.0342627949022588,0.9211750701612446
25620,LOF,0.03575387563037219,0.05155016234344363,0.9126959620261842
25621,LOF,0.04171552995980191,0.03514607816973598,0.923138391870462
25622,LOF,0.03113425945442319,0.04930058957758413,0.9195651509679927
25623,LOF,0.05335953780807472,0.036227700394335455,0.9104127617975898
25624,LOF,0.040929067023173664,0.03582219985386653,0.9232487331229599
25625,LOF,0.04389145668474745,0.05062128481281267,0.9054872585024399
25626,LOF,0.08060630105799002,0.0342357993868099,0.8851578995552001
25627,Neutral,0.5658091299377437,0.15978385947378415,0.2744070105884721
25628,LOF,0.20828397717567654,0.08619989134817192,0.7055161314761516
25629,LOF,0.06410194837985089,0.12790454541272614,0.8079935062074229
25630,LOF,0.19508951774513558,0.11862602845296064,0.6862844538019038
25631,Neutral,0.595845707369484,0.10241740485903388,0.301736887771482
25632,LOF,0.016010594234652786,0.12380873539039712,0.8601806703749502
25633,LOF,0.2127266541427092,0.17849921929441437,0.6087741265628764
25634,LOF,0.0346683682130166,0.17742991486891857,0.7879017169180649
25635,LOF,0.03480537417019686,0.13402401059497118,0.8311706152348319
25636,GOF,0.004304922961254574,0.5649307951354068,0.43076428190333865
25637,LOF,0.003661279645455634,0.4119976094530268,0.5843411109015175
25638,LOF,0.006712422066613324,0.3872763314932567,0.6060112464401299
25639,LOF,0.004355540127032965,0.32467272539150827,0.6709717344814587
25640,GOF,0.3247995193638152,0.6149774286595208,0.060223051976664055
25641,LOF,0.006935352299666623,0.23900007325838038,0.754064574441953
25642,LOF,0.25978538511944615,0.07336336189186396,0.66685125298869
25643,LOF,0.2823907465912946,0.11331906488304205,0.6042901885256634
25644,GOF,0.016674003731943533,0.5798655601982856,0.4034604360697709
25645,GOF,0.011296617431650356,0.5762747510887726,0.412428631479577
25646,LOF,0.012156786627932282,0.3711485153966922,0.6166946979753756
25647,LOF,0.012894749629221,0.2864246201953276,0.7006806301754513
25648,LOF,0.008369923730725006,0.35674024292865325,0.6348898333406218
25649,LOF,0.008367354983829262,0.1851361442139633,0.8064965008022075
25650,LOF,0.026966957257103952,0.4751308586170525,0.49790218412584364
25651,LOF,0.0073434553358937395,0.21959741767564933,0.7730591269884569
25652,LOF,0.014201295965396087,0.3287106533233836,0.6570880507112202
25653,GOF,0.05540742017805752,0.4973943029824527,0.4471982768394897
25654,LOF,0.00909443359590045,0.3880298025306468,0.6028757638734529
25655,GOF,0.11014629855869165,0.48329889932100495,0.4065548021203034
25656,LOF,0.09441947309145345,0.09260411202137554,0.812976414887171
25657,LOF,0.27771369162971893,0.036003621605049045,0.6862826867652321
25658,LOF,0.03256045292010602,0.1270140192100246,0.8404255278698693
25659,LOF,0.23883068921760486,0.08530658256375101,0.6758627282186441
25660,LOF,0.10717949866373125,0.06965109623122286,0.823169405105046
25661,LOF,0.06426878269860105,0.06584195330274778,0.8698892639986511
25662,LOF,0.04171768907147804,0.05963458950906506,0.8986477214194569
25663,LOF,0.042805402267205944,0.12215982750225973,0.8350347702305344
25664,LOF,0.027670064027410794,0.2281662363319222,0.7441636996406669
25665,LOF,0.04207508079961221,0.0540307019702423,0.9038942172301455
25666,LOF,0.03919107988462343,0.22639926162295365,0.7344096584924229
25667,LOF,0.04085760803510341,0.04559494414255437,0.9135474478223422
25668,LOF,0.04642398361243444,0.05278624098733446,0.9007897754002312
25669,LOF,0.03868297757389328,0.07384982027643056,0.8874672021496761
25670,LOF,0.0753593999236707,0.11305874988346556,0.8115818501928637
25671,LOF,0.05780135317037095,0.04815014440712176,0.8940485024225072
25672,LOF,0.04885100890520532,0.06010823300076451,0.89104075809403
25673,LOF,0.03802170003915784,0.09894372744808846,0.8630345725127536
25674,LOF,0.027473433613257426,0.1179735544342012,0.8545530119525414
25675,LOF,0.0326382141947177,0.07806566182509772,0.8892961239801846
25676,LOF,0.039221483399761066,0.06284688081136929,0.8979316357888696
25677,LOF,0.07574892163727014,0.04701537780577066,0.8772357005569593
25678,LOF,0.1764344692631242,0.04693963338854533,0.7766258973483305
25679,LOF,0.11145246014378835,0.07466809561241324,0.8138794442437984
25680,LOF,0.10896974173341487,0.07830997089913525,0.8127202873674498
25681,LOF,0.11324373790895793,0.0754592535808159,0.8112970085102262
25682,LOF,0.04745684863872673,0.048926909806385796,0.9036162415548875
25683,LOF,0.08041899334832717,0.09947262842993584,0.820108378221737
25684,LOF,0.0571094325969842,0.061051984172279104,0.8818385832307367
25685,LOF,0.11990168708304029,0.06509244398350242,0.8150058689334573
25686,LOF,0.02505454026806044,0.10925187747579415,0.8656935822561455
25687,LOF,0.042691746474569386,0.12269733330841946,0.8346109202170111
25688,LOF,0.021120311905742154,0.12637408173783277,0.8525056063564251
25689,LOF,0.011821982187506604,0.07619494881414018,0.9119830689983532
25690,LOF,0.01735039417210078,0.07563563256222952,0.9070139732656697
25691,LOF,0.1394607470929287,0.12510461553224614,0.7354346373748252
25692,LOF,0.30119915850047185,0.016923407670368193,0.68187743382916
25693,GOF,0.027233936122499386,0.5094269389400864,0.4633391249374141
25694,LOF,0.2596515649747686,0.011558524859285515,0.728789910165946
25695,LOF,0.1794654598556446,0.018634110837843765,0.8019004293065117
25696,LOF,0.07002314368130859,0.02033338944745831,0.9096434668712332
25697,LOF,0.06507683959000303,0.01987662155332358,0.9150465388566733
25698,LOF,0.01582688515635445,0.28821877283857944,0.6959543420050661
25699,LOF,0.08208465185166831,0.3377831487667908,0.580132199381541
25700,LOF,0.04913463627106796,0.029293207523526918,0.9215721562054052
25701,LOF,0.010441843423037526,0.28994968462928367,0.6996084719476788
25702,GOF,0.03289728195383051,0.6110039632182699,0.35609875482789966
25703,LOF,0.015903579347860977,0.06672393403934326,0.9173724866127957
25704,LOF,0.06860069617371077,0.0378091981917772,0.893590105634512
25705,LOF,0.07662801002324382,0.1753289102393532,0.748043079737403
25706,GOF,0.02014708294347008,0.6454554504637788,0.3343974665927511
25707,GOF,0.027172344562817467,0.5525797205935874,0.42024793484359524
25708,GOF,0.007369911621254028,0.5199826900531315,0.47264739832561453
25709,LOF,0.039739659374291365,0.06307187742273608,0.8971884632029726
25710,LOF,0.006754769365998437,0.13290280152177178,0.8603424291122297
25711,LOF,0.037272039317503704,0.11054551633794674,0.8521824443445496
25712,LOF,0.009599053300574483,0.19342556028544614,0.7969753864139795
25713,LOF,0.03057262536359648,0.11180230873336118,0.8576250659030422
25714,LOF,0.031194144613890248,0.15847496459614346,0.8103308907899662
25715,LOF,0.036741037214142167,0.12893183264296157,0.8343271301428963
25716,LOF,0.005924802555280872,0.11622407676652373,0.8778511206781954
25717,LOF,0.0059817118124034984,0.1139598047430634,0.8800584834445331
25718,LOF,0.03106818439369064,0.08750279655589986,0.8814290190504094
25719,LOF,0.03527741338160934,0.10984856315791239,0.8548740234604784
25720,LOF,0.02968854307189613,0.13733580524682065,0.8329756516812832
25721,LOF,0.03157302155283041,0.11594795946253861,0.8524790189846311
25722,LOF,0.025446808285688825,0.1361198927046245,0.8384332990096868
25723,LOF,0.03998320555936026,0.11015252160497625,0.8498642728356635
25724,LOF,0.05906911569760769,0.26595136116130597,0.6749795231410863
25725,LOF,0.048199943705596576,0.08553294373808612,0.8662671125563173
25726,LOF,0.02928988961623769,0.10755223337689614,0.8631578770068661
25727,LOF,0.0407125259749068,0.09451541435583626,0.864772059669257
25728,LOF,0.03424306133125605,0.11848667009909289,0.847270268569651
25729,LOF,0.04003517621268256,0.11891519516236945,0.841049628624948
25730,LOF,0.0478410528417183,0.07951672226494517,0.8726422248933364
25731,LOF,0.008764737256889747,0.10292032006061737,0.8883149426824929
25732,LOF,0.024701826509129367,0.05816066948272392,0.9171375040081466
25733,LOF,0.0304832327741924,0.07186537113189163,0.897651396093916
25734,LOF,0.0055627400357669355,0.29014178835879306,0.70429547160544
25735,LOF,0.030334676526646964,0.08936773949351022,0.8802975839798428
25736,LOF,0.027862403390735528,0.15039733314798848,0.821740263461276
25737,LOF,0.048315027765480766,0.09832704722019245,0.8533579250143267
25738,LOF,0.03475024034376405,0.17689189680281978,0.7883578628534161
25739,LOF,0.03120299636783247,0.129818063239128,0.8389789403930396
25740,LOF,0.04829006938982603,0.12121738644706592,0.830492544163108
25741,LOF,0.04796748740084196,0.10262221612328337,0.8494102964758747
25742,LOF,0.05398192830763901,0.11775281082408892,0.8282652608682721
25743,LOF,0.011968737864190606,0.018217699229926314,0.969813562905883
25744,LOF,0.23494121218628897,0.15689584177710275,0.6081629460366083
25745,LOF,0.03664115840105604,0.07372172496964771,0.8896371166292963
25746,LOF,0.013826695218482359,0.10546276360724278,0.8807105411742748
25747,LOF,0.05411630770879975,0.025892478981973523,0.9199912133092267
25748,LOF,0.32699918258042676,0.06350145297227618,0.6094993644472971
25749,LOF,0.019023431196240073,0.053021268415345074,0.9279553003884148
25750,LOF,0.019037340836877775,0.06114895380410717,0.9198137053590151
25751,LOF,0.047328070769856456,0.04790796708830915,0.9047639621418343
25752,GOF,0.08427988391037187,0.614851607908514,0.300868508181114
25753,LOF,0.0058634496903977075,0.3291997761324598,0.6649367741771425
25754,GOF,0.008055906632547023,0.8827420277578388,0.10920206560961417
25755,LOF,0.007008338228319507,0.3605566944938103,0.6324349672778702
25756,LOF,0.0214232349634152,0.4278560849585423,0.5507206800780424
25757,GOF,0.007456693121288424,0.8492409525304768,0.14330235434823477
25758,GOF,0.008164574019297417,0.8955361969584238,0.09629922902227868
25759,GOF,0.006027415428955703,0.6608553678644482,0.33311721670659605
25760,LOF,0.005818161649144779,0.26173006287241773,0.7324517754784375
25761,GOF,0.05103913642031732,0.8804768597246779,0.06848400385500472
25762,LOF,0.024101806309659638,0.36146647420106515,0.6144317194892753
25763,LOF,0.005506783549477363,0.27839189754231475,0.7161013189082079
25764,GOF,0.06866375854541086,0.7022724898897604,0.2290637515648287
25765,GOF,0.010756723382175034,0.9039383966412324,0.08530487997659247
25766,GOF,0.027275973337566536,0.8606490750094691,0.11207495165296438
25767,LOF,0.014951245885732442,0.4565571698598809,0.5284915842543867
25768,LOF,0.06650175458702608,0.03300156762303002,0.9004966777899439
25769,LOF,0.02732571407958323,0.09734272737543913,0.8753315585449776
25770,LOF,0.12764153734169661,0.21133425038498177,0.6610242122733216
25771,LOF,0.01865620897412947,0.10489171199382956,0.876452079032041
25772,LOF,0.037043532849248675,0.055980163355614794,0.9069763037951366
25773,LOF,0.015063768507401942,0.11452603033407173,0.8704102011585263
25774,LOF,0.020227388389130265,0.3034044915675465,0.6763681200433231
25775,LOF,0.017665344919772175,0.05634624535088097,0.9259884097293467
25776,LOF,0.03248359400794414,0.03904397979453744,0.9284724261975185
25777,LOF,0.23857738994682298,0.19662591638860352,0.5647966936645734
25778,LOF,0.025530525273659895,0.11871592948402697,0.8557535452423131
25779,GOF,0.05948038895210088,0.8204788425732187,0.12004076847468054
25780,GOF,0.0772502122464036,0.8215325758590284,0.10121721189456793
25781,GOF,0.037378359390748545,0.7798662998516267,0.1827553407576248
25782,GOF,0.037288781361536794,0.852275919344081,0.11043529929438213
25783,GOF,0.057150760855828105,0.8542129138253596,0.08863632531881245
25784,GOF,0.10234267268737055,0.8143663007263355,0.0832910265862939
25785,GOF,0.15336723574360572,0.7885558550072244,0.058076909249170056
25786,GOF,0.013591113529599633,0.7394009453624285,0.2470079411079718
25787,GOF,0.3215155161302204,0.6030825260494576,0.07540195782032216
25788,LOF,0.022186894670102437,0.10301033047549642,0.874802774854401
25789,GOF,0.02004878810531196,0.8132194167318578,0.16673179516283032
25790,GOF,0.02979094318163626,0.8036722903330282,0.1665367664853355
25791,GOF,0.030768101617739643,0.6204803342432751,0.3487515641389852
25792,GOF,0.038691232700878896,0.6979184246595227,0.2633903426395984
25793,GOF,0.06011036778856773,0.764532352937898,0.17535727927353423
25794,GOF,0.05806277434573415,0.596090458894044,0.3458467667602219
25795,GOF,0.061900420087988635,0.6239061736225775,0.3141934062894338
25796,GOF,0.17202158179938817,0.6483237971667205,0.17965462103389138
25797,GOF,0.07892316569681446,0.5953727234457826,0.32570411085740303
25798,GOF,0.007762011596310795,0.7514646027406878,0.24077338566300152
25799,GOF,0.005098557300951584,0.6581242475301715,0.3367771951688768
25800,GOF,0.025845318413805222,0.8170766259449074,0.15707805564128738
25801,GOF,0.027010839131737425,0.8187093671204526,0.1542797937478099
25802,GOF,0.03228548456042598,0.7227676965772851,0.2449468188622889
25803,GOF,0.02649342616749695,0.664013289207375,0.30949328462512804
25804,GOF,0.0418427124255487,0.6814150996294284,0.27674218794502287
25805,GOF,0.03385298301516383,0.7239153911939069,0.24223162579092927
25806,GOF,0.043004998765159126,0.733423122364291,0.22357187887055002
25807,GOF,0.017722815406378597,0.6647480998005899,0.3175290847930315
25808,GOF,0.03277462578022669,0.7309445841268242,0.2362807900929491
25809,GOF,0.017855998537931173,0.652760426484966,0.3293835749771029
25810,GOF,0.015210787091484244,0.650486489757103,0.3343027231514129
25811,GOF,0.0832877391060935,0.803280108887311,0.11343215200659543
25812,GOF,0.04122063152294,0.7147975076338674,0.24398186084319248
25813,GOF,0.21381171194396273,0.663624428099457,0.12256385995658023
25814,GOF,0.03787375525289763,0.7010591673256918,0.26106707742141044
25815,GOF,0.06801827629729108,0.7556010591672699,0.17638066453543913
25816,GOF,0.0097183808902332,0.8126355031921019,0.17764611591766485
25817,GOF,0.11239262479202691,0.6805992714872244,0.20700810372074868
25818,GOF,0.03128091409484313,0.7617855571938104,0.20693352871134657
25819,GOF,0.05766844897368342,0.6764165602395543,0.2659149907867624
25820,GOF,0.05780131892691659,0.6172529327173916,0.32494574835569184
25821,GOF,0.038933981150336895,0.6786402653525748,0.28242575349708826
25822,GOF,0.08257858960726963,0.6615262010290908,0.2558952093636397
25823,GOF,0.03768901198261915,0.6657781574504491,0.2965328305669318
25824,GOF,0.028363486471901567,0.7175376085716255,0.25409890495647286
25825,GOF,0.020972221249454664,0.7088979404301767,0.2701298383203686
25826,GOF,0.010778678448683484,0.641718959412717,0.3475023621385995
25827,GOF,0.018308345607565855,0.6533333061352612,0.32835834825717297
25828,GOF,0.012517317995393625,0.6750820319984863,0.31240065000612
25829,GOF,0.004767835864610595,0.5551893769853338,0.44004278715005557
25830,LOF,0.07079795095924439,0.371798960590255,0.5574030884505006
25831,GOF,0.07700300138775328,0.7555303186432024,0.16746667996904424
25832,GOF,0.00946808389286665,0.678004098312819,0.3125278177943143
25833,GOF,0.029527071380987913,0.7845380107444203,0.18593491787459177
25834,GOF,0.01005576884216649,0.7146240361998224,0.2753201949580111
25835,GOF,0.02830720347449922,0.7979114101859242,0.1737813863395766
25836,GOF,0.008250351563858841,0.7182979777941019,0.27345167064203924
25837,GOF,0.011320424681200954,0.7368406551136043,0.25183892020519477
25838,GOF,0.022492037507445006,0.801724201225633,0.1757837612669219
25839,GOF,0.06797111414710835,0.7371355915725473,0.19489329428034427
25840,GOF,0.10327041605209947,0.69782045827828,0.19890912566962046
25841,GOF,0.08673865297087201,0.758910609724837,0.1543507373042909
25842,GOF,0.02690292733784904,0.8474415161188615,0.1256555565432894
25843,GOF,0.024298487706714007,0.8517466884813024,0.12395482381198353
25844,GOF,0.021312994086561524,0.7922709842989074,0.18641602161453102
25845,GOF,0.007293342075995198,0.6710412566585928,0.32166540126541193
25846,GOF,0.06791113108680132,0.8241902260129036,0.1078986429002952
25847,GOF,0.01781421953586146,0.8275598679612923,0.15462591250284616
25848,GOF,0.020437362953943126,0.7856535870635892,0.19390904998246783
25849,GOF,0.007289906695477369,0.764141998595481,0.22856809470904155
25850,GOF,0.007784044859466558,0.6381124688537443,0.35410348628678906
25851,GOF,0.006732298345357601,0.5764882531097564,0.41677944854488597
25852,GOF,0.15779911630665178,0.4299357562847418,0.4122651274086065
25853,GOF,0.07064315943755267,0.7297741001920441,0.19958274037040322
25854,GOF,0.007754210311785336,0.6482315007821292,0.3440142889060854
25855,GOF,0.024752794808771256,0.5346500509266389,0.4405971542645899
25856,GOF,0.05176664816988895,0.6709870388701936,0.2772463129599174
25857,GOF,0.025610122748702772,0.5272063500048522,0.4471835272464451
25858,GOF,0.008476866931666842,0.556681197386681,0.4348419356816522
25859,GOF,0.0060121124870190275,0.5318210890800011,0.46216679843297986
25860,GOF,0.08143575105436665,0.6593382108869185,0.2592260380587149
25861,GOF,0.11035993882890742,0.7490145457298508,0.14062551544124183
25862,GOF,0.023563693127121907,0.8711880930826976,0.10524821379018046
25863,GOF,0.021420436136501464,0.8385788621208424,0.1400007017426562
25864,GOF,0.034082815347132644,0.8673233466207768,0.09859383803209058
25865,GOF,0.0368513529711968,0.8521547563478431,0.11099389068096004
25866,GOF,0.019389101770873492,0.8491805787691392,0.13143031945998718
25867,GOF,0.042906811350606804,0.8514669806267655,0.10562620802262776
25868,GOF,0.07927892147653907,0.7279777336018809,0.19274334492158
25869,GOF,0.3463716189402921,0.5167543513229568,0.13687402973675108
25870,LOF,0.07891848090683308,0.4103049801583245,0.5107765389348423
25871,GOF,0.011772475019972008,0.711543627125494,0.276683897854534
25872,GOF,0.024678595637789437,0.7092015913205733,0.26611981304163734
25873,GOF,0.023285250894571608,0.791717320808059,0.18499742829736934
25874,LOF,0.026999351749824443,0.1243156650095621,0.8486849832406135
25875,LOF,0.02193468989479702,0.16934323382456265,0.8087220762806403
25876,LOF,0.02239814548453581,0.06119448756499538,0.9164073669504688
25877,LOF,0.08321392131258884,0.29260545057056425,0.6241806281168469
25878,LOF,0.05186580692691881,0.36919449259376497,0.5789397004793162
25879,LOF,0.009827178701948408,0.20692183679901235,0.7832509844990393
25880,LOF,0.04623559081522255,0.02690809129700967,0.9268563178877678
25881,Neutral,0.42718354442606593,0.40621980386656376,0.1665966517073704
25882,LOF,0.03634987058571144,0.12430454662498293,0.8393455827893056
25883,LOF,0.030266605577401486,0.11041571686237367,0.8593176775602249
25884,LOF,0.012251913857807481,0.1679656194960369,0.8197824666461556
25885,LOF,0.13411269527228314,0.04790627001902023,0.8179810347086967
25886,LOF,0.22408506580588303,0.26526021796673294,0.510654716227384
25887,GOF,0.039234301618071926,0.5738947154363159,0.3868709829456123
25888,LOF,0.00465486238991619,0.45433630248866624,0.5410088351214175
25889,LOF,0.020335850319270807,0.13404004027116964,0.8456241094095596
25890,LOF,0.22422871997257443,0.2796943388006352,0.49607694122679036
25891,LOF,0.1111789216225134,0.1028266971404644,0.7859943812370223
25892,LOF,0.0077666883281988066,0.038610934540907756,0.9536223771308935
25893,LOF,0.26795398917023516,0.014536047417518645,0.7175099634122462
25894,LOF,0.3045023854848185,0.009514536225731165,0.6859830782894503
25895,LOF,0.2893528607489697,0.018915036626552063,0.6917321026244782
25896,LOF,0.08661183380441688,0.048152264604998565,0.8652359015905845
25897,LOF,0.09971540884593263,0.02159818641328476,0.8786864047407826
25898,LOF,0.09889124166043065,0.04657725189083148,0.8545315064487379
25899,LOF,0.4126198726359305,0.0477747201206939,0.5396054072433757
25900,Neutral,0.7446906396133504,0.015539637333602446,0.23976972305304722
25901,LOF,0.06775438860164584,0.015436186458960987,0.9168094249393932
25902,LOF,0.0883646424502225,0.012243311809956808,0.8993920457398208
25903,LOF,0.1696749951426816,0.04652123226847613,0.7838037725888423
25904,Neutral,0.491965548338923,0.11827049274877567,0.3897639589123014
25905,LOF,0.00908961083694668,0.34542468292575856,0.6454857062372946
25906,LOF,0.009162194370567017,0.04217444231743784,0.9486633633119952
25907,LOF,0.00783487236441217,0.23162653700362337,0.7605385906319645
25908,LOF,0.008341167149458968,0.21837205913361007,0.773286773716931
25909,LOF,0.0430655766055973,0.07608922548152863,0.880845197912874
25910,LOF,0.015281068708318241,0.09293385085504834,0.8917850804366335
25911,LOF,0.1559372503012895,0.07953150374095226,0.7645312459577582
25912,LOF,0.12420672223769849,0.023260757663754076,0.8525325200985474
25913,LOF,0.012748923131719098,0.08656264669174503,0.9006884301765359
25914,LOF,0.041702396877620826,0.030046402135567796,0.9282512009868115
25915,LOF,0.1766956260020915,0.4059689665789044,0.4173354074190041
25916,LOF,0.014620403351487685,0.16817021877385563,0.8172093778746566
25917,LOF,0.07298264152505418,0.0378401831970521,0.8891771752778937
25918,LOF,0.048791508975976755,0.019071663908079278,0.9321368271159439
25919,LOF,0.04242232443105539,0.019639680861396235,0.9379379947075482
25920,LOF,0.31330991009053644,0.33753051762613717,0.34915957228332634
25921,LOF,0.023584102060948832,0.03162778998730531,0.9447881079517457
25922,LOF,0.02151830312505211,0.02375234310128088,0.9547293537736671
25923,LOF,0.4541281025040573,0.017108154233201736,0.528763743262741
25924,LOF,0.029547735819860647,0.029665031753610523,0.9407872324265288
25925,LOF,0.1288316570800385,0.03772680048269436,0.8334415424372672
25926,LOF,0.10048664428472044,0.02730333039945947,0.8722100253158201
25927,LOF,0.02628027179659987,0.05174092688147996,0.9219788013219202
25928,LOF,0.015779253225297288,0.017002131704781265,0.9672186150699214
25929,Neutral,0.5867575821324413,0.016814459397737045,0.39642795846982154
25930,LOF,0.06888072625712216,0.015720171496582447,0.9153991022462953
25931,LOF,0.015032912007318112,0.01986085181126805,0.9651062361814138
25932,LOF,0.09274693268939599,0.011447040570025163,0.8958060267405789
25933,LOF,0.0934345412853552,0.008300424458538519,0.8982650342561063
25934,LOF,0.09324248796471074,0.00930576537215267,0.8974517466631367
25935,LOF,0.11856382161984706,0.02828518420095674,0.8531509941791962
25936,LOF,0.09097261176845703,0.009185305897820309,0.8998420823337228
25937,LOF,0.01819600282148576,0.017516076516557743,0.9642879206619565
25938,LOF,0.12143318662929749,0.025380283270598016,0.8531865301001044
25939,LOF,0.06680172917859938,0.015554213339571039,0.9176440574818296
25940,LOF,0.008528647709779878,0.47330023033712704,0.5181711219530931
25941,Neutral,0.4711249500040524,0.12916031912968054,0.399714730866267
25942,LOF,0.008792130916806059,0.16527322370778444,0.8259346453754095
25943,GOF,0.032117275637737835,0.5395381928159353,0.42834453154632685
25944,LOF,0.034521272759364056,0.4569267997909226,0.5085519274497133
25945,LOF,0.11896219155708015,0.10983533493736788,0.7712024735055518
25946,LOF,0.08857177572887026,0.06295561539680493,0.8484726088743249
25947,Neutral,0.4757772979534524,0.19838480946923376,0.3258378925773137
25948,Neutral,0.5220644256606555,0.023194814363260593,0.454740759976084
25949,LOF,0.09408107523236442,0.06060263555291523,0.8453162892147204
25950,GOF,0.037494974301888376,0.7613973446342855,0.20110768106382607
25951,GOF,0.013474437314023438,0.556073984273313,0.4304515784126635
25952,LOF,0.09513644293683728,0.4103951776426037,0.4944683794205589
25953,LOF,0.006838860175014622,0.3935776821947013,0.5995834576302841
25954,GOF,0.03757513847649503,0.6188605221886679,0.34356433933483693
25955,LOF,0.0068247763760572455,0.3851006964252367,0.608074527198706
25956,LOF,0.010992578250940119,0.2657216779246813,0.7232857438243785
25957,LOF,0.24591393749813906,0.02069126140704248,0.7333948010948184
25958,LOF,0.027647580456509023,0.06090836851514735,0.9114440510283437
25959,GOF,0.00485280774896777,0.6167827952745353,0.3783643969764969
25960,LOF,0.005057482080194737,0.11976865333948188,0.8751738645803233
25961,LOF,0.02782107039308532,0.06316685767399222,0.9090120719329225
25962,LOF,0.04383437052854966,0.12039640695883463,0.8357692225126158
25963,LOF,0.009458479453525289,0.290643946142093,0.6998975744043818
25964,LOF,0.04904669949065885,0.11389847806480548,0.8370548224445357
25965,LOF,0.13997216777681182,0.2147598383428526,0.6452679938803356
25966,LOF,0.35480368322477485,0.16099811402311964,0.4841982027521056
25967,LOF,0.008122722567009716,0.04142178203751948,0.9504554953954708
25968,LOF,0.060306222922765225,0.25071138228127027,0.6889823947959646
25969,LOF,0.13014754206238124,0.044660947780428936,0.82519151015719
25970,LOF,0.04267280100932794,0.1814804468095043,0.7758467521811678
25971,LOF,0.06500018927440411,0.07585098898303064,0.8591488217425651
25972,LOF,0.06401377639998942,0.09870133594205,0.8372848876579605
25973,LOF,0.08923461361637638,0.0075063212714005035,0.9032590651122231
25974,LOF,0.07685332172940858,0.05752752293527049,0.8656191553353209
25975,LOF,0.035044814704901124,0.01264786486394254,0.9523073204311564
25976,LOF,0.09290287197345279,0.007402081221079826,0.8996950468054674
25977,LOF,0.19562020691929285,0.07760905057901805,0.726770742501689
25978,LOF,0.1592454315295332,0.11889672622702419,0.7218578422434426
25979,LOF,0.12482683732490275,0.12275025816686326,0.7524229045082339
25980,LOF,0.186924504602902,0.23290064988156975,0.5801748455155282
25981,LOF,0.1904788304484997,0.24046235964622686,0.5690588099052735
25982,LOF,0.26434468239056047,0.11890983732117547,0.6167454802882641
25983,Neutral,0.44082911281957526,0.12713820244402674,0.432032684736398
25984,LOF,0.0490635759358975,0.2124069847624143,0.7385294393016882
25985,Neutral,0.4191105362584771,0.2612007416941523,0.3196887220473706
25986,GOF,0.009402632979065252,0.541833721241831,0.44876364577910377
25987,LOF,0.02443932478333412,0.12761892111151582,0.84794175410515
25988,LOF,0.037817195493284175,0.3234448446790682,0.6387379598276476
25989,LOF,0.04189078682965883,0.29922180197498477,0.6588874111953563
25990,LOF,0.046296554896493806,0.4580235058940741,0.4956799392094321
25991,GOF,0.034975596753245235,0.6170983629497424,0.3479260402970125
25992,LOF,0.01584227017224411,0.3660623765314786,0.6180953532962773
25993,LOF,0.026396437319227816,0.10060700519600797,0.8729965574847642
25994,LOF,0.033244588981805545,0.11637225416253781,0.8503831568556566
25995,LOF,0.020372010192769466,0.19197234335384677,0.7876556464533838
25996,GOF,0.3835502835786807,0.49393457085757536,0.12251514556374384
25997,GOF,0.07552213173442435,0.6709111411633606,0.25356672710221495
25998,LOF,0.24551671235827416,0.03823246988161689,0.7162508177601089
25999,LOF,0.027029534381483658,0.40552590855802273,0.5674445570604936
26000,LOF,0.14485144800246327,0.020429696159889408,0.8347188558376474
26001,LOF,0.14663299361317103,0.03904179209278619,0.8143252142940427
26002,LOF,0.10185242336546134,0.02709990569593928,0.8710476709385994
26003,GOF,0.006616929801012043,0.5786649559179923,0.4147181142809957
26004,GOF,0.01578282684327849,0.5495382542739123,0.4346789188828092
26005,LOF,0.00571617357531073,0.4931105369073823,0.5011732895173069
26006,GOF,0.09342036783427052,0.5549199733744015,0.35165965879132804
26007,GOF,0.009844044318593419,0.5585709117038422,0.4315850439775643
26008,GOF,0.006211738389324404,0.599749260411996,0.3940390011986796
26009,GOF,0.012112057721195139,0.6048958325301703,0.38299210974863446
26010,GOF,0.009407665368798744,0.5288064164526671,0.46178591817853415
26011,LOF,0.006418445333347513,0.438227078361937,0.5553544763047155
26012,GOF,0.005899514319832859,0.5356000873714417,0.45850039830872547
26013,LOF,0.01121668875145512,0.47360713279506805,0.5151761784534769
26014,LOF,0.05499389188075747,0.08026394481192474,0.8647421633073179
26015,LOF,0.35339276051186663,0.06691395782673308,0.5796932816614002
26016,LOF,0.23422063240009205,0.17394393008546266,0.5918354375144453
26017,LOF,0.013835526133454448,0.45438703551222015,0.5317774383543254
26018,LOF,0.018012805439191083,0.19896559530538982,0.7830215992554191
26019,LOF,0.018154390358433227,0.16327790046516025,0.8185677091764064
26020,LOF,0.006386277100232971,0.4339728237871028,0.5596408991126641
26021,LOF,0.06968300098768333,0.3239584409591069,0.6063585580532097
26022,LOF,0.04403479227623762,0.09815865274254827,0.8578065549812142
26023,LOF,0.029011109144766782,0.15925048088173213,0.8117384099735011
26024,LOF,0.04001810274798938,0.22015797618856603,0.7398239210634445
26025,LOF,0.13347198332364385,0.16956149060112297,0.6969665260752332
26026,LOF,0.12889626724128833,0.12261686829347113,0.7484868644652405
26027,LOF,0.029203052006526994,0.09787662487456376,0.8729203231189092
26028,LOF,0.06428435206827657,0.2523448431226705,0.6833708048090529
26029,LOF,0.03557196214970432,0.10794918664982814,0.8564788512004675
26030,LOF,0.14128022732150042,0.009317472478021135,0.8494023002004785
26031,LOF,0.018801517954456805,0.1184347029976271,0.862763779047916
26032,LOF,0.027846607806085118,0.017845158826463346,0.9543082333674516
26033,LOF,0.04490046949447634,0.03512138509045886,0.9199781454150648
26034,LOF,0.024776987459709694,0.07192548970764157,0.9032975228326486
26035,LOF,0.01380604219321804,0.08749175998728066,0.8987021978195012
26036,LOF,0.013390311761209639,0.0702222395704129,0.9163874486683775
26037,LOF,0.012574011095839499,0.0683136269137725,0.919112361990388
26038,LOF,0.022948983983474905,0.01740847660652733,0.9596425394099978
26039,LOF,0.03107160410859622,0.10582764121028407,0.8631007546811197
26040,LOF,0.0691911742870784,0.14364338830978252,0.7871654374031392
26041,LOF,0.01576317699376791,0.08492158002034891,0.8993152429858832
26042,LOF,0.014128858140483591,0.09512336759382092,0.8907477742656955
26043,LOF,0.02315821282660084,0.036834749192852366,0.9400070379805469
26044,LOF,0.008530217352770026,0.036436222294696896,0.9550335603525332
26045,LOF,0.08849032740747496,0.21360225173103156,0.6979074208614934
26046,LOF,0.022645517012027078,0.03974220804244203,0.9376122749455309
26047,LOF,0.05593211646057358,0.03428999204992842,0.909777891489498
26048,LOF,0.08364006714490663,0.02514153624371977,0.8912183966113737
26049,Neutral,0.9306650504400703,0.006091841411898672,0.06324310814803102
26050,Neutral,0.8826718176169717,0.007381828248063045,0.10994635413496533
26051,LOF,0.03272565814298243,0.27101853514737134,0.6962558067096462
26052,LOF,0.03179122680039273,0.19136481757530602,0.7768439556243013
26053,LOF,0.030751311541028423,0.05663160079337667,0.9126170876655949
26054,LOF,0.049255769419855044,0.08863023075193695,0.8621139998282081
26055,LOF,0.05232039140693444,0.07855019241380673,0.8691294161792588
26056,LOF,0.049686210513587147,0.08075023691116776,0.8695635525752451
26057,LOF,0.05711489367914479,0.01707937199107253,0.9258057343297826
26058,LOF,0.06577428769824345,0.013618466741048177,0.9206072455607084
26059,LOF,0.24664772696856505,0.11642997194396067,0.6369223010874743
26060,LOF,0.017528386360641295,0.23563604879850444,0.7468355648408543
26061,LOF,0.012086869981181973,0.014208535141934896,0.9737045948768832
26062,LOF,0.006420877753266134,0.023533161979174076,0.9700459602675598
26063,LOF,0.049850631643782554,0.01658147235094232,0.9335678960052751
26064,LOF,0.00994829184953974,0.016320586203465416,0.973731121946995
26065,LOF,0.043380209144771684,0.02311540695372592,0.9335043839015023
26066,LOF,0.0461111673406787,0.015588000418196983,0.9383008322411243
26067,LOF,0.05002439392492929,0.016037861021526975,0.9339377450535438
26068,LOF,0.04609136272203297,0.05965849950760433,0.8942501377703628
26069,LOF,0.15010276876156642,0.052158577903583636,0.79773865333485
26070,LOF,0.37476736901205154,0.03204128319517538,0.5931913477927729
26071,LOF,0.05156244727576634,0.01995948577025177,0.928478066953982
26072,LOF,0.008171808694760623,0.025696088609608845,0.9661321026956305
26073,LOF,0.04713640887477505,0.017011984874645805,0.9358516062505792
26074,Neutral,0.6963368526340408,0.02646366788708878,0.27719947947887036
26075,LOF,0.03521573610244096,0.04277055975309225,0.9220137041444668
26076,LOF,0.05660008317122087,0.02145901560932063,0.9219409012194584
26077,LOF,0.17439589784513185,0.023449659392381337,0.8021544427624868
26078,LOF,0.006937344114240349,0.028485100413214528,0.964577555472545
26079,LOF,0.05059914833758701,0.04151765659348268,0.9078831950689302
26080,LOF,0.0493614855164484,0.041739219689780636,0.9088992947937709
26081,LOF,0.044945805747639275,0.017434940797804395,0.9376192534545563
26082,LOF,0.007333598820465261,0.024326827166944835,0.9683395740125899
26083,LOF,0.04114242934288601,0.04270097447331573,0.9161565961837982
26084,LOF,0.06378165775866244,0.021692699971657802,0.9145256422696799
26085,LOF,0.05633743135621542,0.01977951874617655,0.923883049897608
26086,LOF,0.035395889320226886,0.026162083641973904,0.9384420270377992
26087,LOF,0.042419602610851974,0.021938404015798916,0.9356419933733492
26088,LOF,0.008143345918396619,0.04406204083985479,0.9477946132417486
26089,LOF,0.03234079217421761,0.06297535290480084,0.9046838549209816
26090,LOF,0.031865030366300694,0.05339164454164575,0.9147433250920536
26091,LOF,0.04223044291493253,0.0163045257072384,0.9414650313778291
26092,LOF,0.05351691860481308,0.015142587525123452,0.9313404938700635
26093,LOF,0.06311713098113074,0.011430593918234956,0.9254522751006343
26094,LOF,0.038825922639849506,0.017381532753159897,0.9437925446069906
26095,LOF,0.011348222729981037,0.03473562533664565,0.9539161519333732
26096,LOF,0.2947013176516458,0.00537257292928661,0.6999261094190676
26097,LOF,0.007508439691114315,0.06591478244097755,0.9265767778679082
26098,LOF,0.05577464479733678,0.04339459825665918,0.900830756946004
26099,LOF,0.046992660451066946,0.05328495284063728,0.8997223867082957
26100,LOF,0.046992660451066946,0.05328495284063728,0.8997223867082957
26101,LOF,0.040928552542515456,0.06215750201651498,0.8969139454409696
26102,LOF,0.048191043021842066,0.025306400632503355,0.9265025563456545
26103,Neutral,0.8605395744905991,0.05460951768844277,0.08485090782095826
26104,LOF,0.041036614151888924,0.11955189738273973,0.8394114884653713
26105,LOF,0.23206775561490653,0.2652059721725819,0.5027262722125116
26106,LOF,0.24807735739529665,0.18421657119466445,0.5677060714100389
26107,LOF,0.013147714884678936,0.21148596480445117,0.7753663203108698
26108,LOF,0.14071542445932217,0.22067849277382784,0.63860608276685
26109,LOF,0.050807095474883525,0.03251975698018658,0.91667314754493
26110,Neutral,0.5134898637917548,0.03203973103328859,0.45447040517495674
26111,LOF,0.05251242546745688,0.20082110226329847,0.7466664722692447
26112,LOF,0.0616454114008616,0.030566505668575765,0.9077880829305626
26113,LOF,0.06381592353645953,0.05381277293314826,0.8823713035303922
26114,LOF,0.09747348500864897,0.02206053219280612,0.8804659827985449
26115,LOF,0.018367307127120654,0.15558479028254588,0.8260479025903334
26116,LOF,0.06831149813572579,0.053351374793570966,0.8783371270707031
26117,LOF,0.28189945605120154,0.06640339075583356,0.6516971531929648
26118,LOF,0.03481598530467322,0.026353542875334472,0.9388304718199922
26119,LOF,0.005868765479658853,0.09528343321092578,0.8988478013094154
26120,LOF,0.02954715828790716,0.023508783495136028,0.9469440582169568
26121,LOF,0.004145714291451918,0.11985018077708351,0.8760041049314645
26122,LOF,0.004666813211201291,0.10173880945225282,0.8935943773365458
