feature0,prediction,LoGoFunc_Neutral,LoGoFunc_GOF,LoGoFunc_LOF
25546,Neutral,0.636037001366641,0.07488336048979172,0.28907963814356735
25547,Neutral,0.49719606324133153,0.16296023097855744,0.33984370578011114
25548,Neutral,0.4580857210249073,0.11810782180643618,0.4238064571686566
25549,LOF,0.43033485801336124,0.12209458047103647,0.4475705615156024
25550,LOF,0.33184654076037207,0.14855955104635804,0.5195939081932699
25551,LOF,0.24817054702509186,0.14609602053292448,0.6057334324419836
25552,LOF,0.16152928758028146,0.14329853802221407,0.6951721743975043
25553,Neutral,0.8075398406988147,0.035039131568919274,0.15742102773226607
25554,LOF,0.18678641940725468,0.14761975647919107,0.6655938241135543
25555,LOF,0.15869314385547068,0.130622780942489,0.7106840752020405
25556,Neutral,0.5100225241173363,0.1026523355949506,0.3873251402877132
25557,LOF,0.16476379843687208,0.14345794408714072,0.6917782574759872
25558,LOF,0.19653258530963125,0.1626483971792195,0.6408190175111493
25559,Neutral,0.5631857961125846,0.04037905988451622,0.39643514400289925
25560,LOF,0.0363546083625605,0.19587293611836595,0.7677724555190736
25561,LOF,0.10364104561383009,0.21868459963106357,0.6776743547551064
25562,LOF,0.12036807054750738,0.057060779974914475,0.8225711494775781
25563,LOF,0.11100979575566534,0.1056504079141746,0.78333979633016
25564,LOF,0.0709068714649873,0.12241433282285648,0.8066787957121563
25565,LOF,0.1032207082987113,0.35531688724756144,0.5414624044537272
25566,LOF,0.034619320122923805,0.3602603883915665,0.6051202914855097
25567,LOF,0.015220147925012641,0.07095792356371652,0.9138219285112709
25568,LOF,0.08620826696768467,0.03842196891037123,0.8753697641219441
25569,LOF,0.15827191025341675,0.027345442244098305,0.814382647502485
25570,LOF,0.08899156999537881,0.052606150841479016,0.858402279163142
25571,LOF,0.1114499989969969,0.038981287976322596,0.8495687130266805
25572,LOF,0.053010179253581514,0.05309998312240256,0.893889837624016
25573,LOF,0.026037470461375663,0.04894977794329029,0.925012751595334
25574,LOF,0.014171075916417367,0.15492708759328733,0.8309018364902953
25575,LOF,0.0891237704056262,0.01831558005218352,0.8925606495421903
25576,LOF,0.02374096207508093,0.022066129972209424,0.9541929079527096
25577,LOF,0.013584269690822442,0.0241912712566786,0.962224459052499
25578,LOF,0.38354730260817393,0.057887499789162175,0.5585651976026639
25579,LOF,0.3150671285833417,0.05553311375887963,0.6293997576577788
25580,LOF,0.05225573564547681,0.02046704076957597,0.9272772235849471
25581,LOF,0.0676411585227824,0.06749497612310831,0.8648638653541093
25582,LOF,0.06697591706283305,0.04824442563587727,0.8847796573012897
25583,LOF,0.06101268848557968,0.017987329254654388,0.9209999822597659
25584,Neutral,0.5282082497982946,0.03446001447180294,0.43733173572990247
25585,LOF,0.03846927016351472,0.022792573289286088,0.9387381565471992
25586,LOF,0.04752854047307572,0.01975917174953125,0.9327122877773931
25587,LOF,0.040526989967850584,0.015671711664112048,0.9438012983680373
25588,LOF,0.04187122351443125,0.01987233911129694,0.9382564373742719
25589,Neutral,0.7015860060808955,0.04428233279610234,0.25413166112300223
25590,LOF,0.027165774133179898,0.055754118734966,0.9170801071318542
25591,LOF,0.11202087339541875,0.028688982959413117,0.8592901436451682
25592,LOF,0.21796161753808457,0.04464852651593508,0.7373898559459803
25593,LOF,0.017272989853365003,0.2838290569889966,0.6988979531576385
25594,LOF,0.05457320003243403,0.09897717062206843,0.8464496293454976
25595,LOF,0.10127138734835651,0.1610003812803117,0.7377282313713317
25596,LOF,0.10672840752446319,0.07103924592175889,0.8222323465537779
25597,LOF,0.09038917922375084,0.03467448636910321,0.8749363344071459
25598,LOF,0.13250025964076054,0.11376959677032435,0.7537301435889151
25599,LOF,0.013951845988307305,0.28368550529487935,0.7023626487168134
25600,LOF,0.019942642445265116,0.3896503990193216,0.5904069585354134
25601,LOF,0.010045139252013734,0.14202357665768436,0.8479312840903018
25602,LOF,0.021435883131970118,0.07721187980294171,0.9013522370650883
25603,LOF,0.03513301651880778,0.05592310760674821,0.908943875874444
25604,LOF,0.03708094330116032,0.0817999707385206,0.8811190859603192
25605,LOF,0.014323990081269057,0.2433711536099772,0.7423048563087538
25606,LOF,0.08331195882920019,0.31297371788378914,0.6037143232870108
25607,LOF,0.0032178808285643463,0.16906787758473002,0.8277142415867057
25608,LOF,0.06736667830136854,0.03890470188588994,0.8937286198127417
25609,LOF,0.09064532382879319,0.15910358744615982,0.750251088725047
25610,LOF,0.03790086586262734,0.09230992563001068,0.869789208507362
25611,LOF,0.06051674901209287,0.04355615278904041,0.8959270981988667
25612,LOF,0.18192219971105386,0.05182892064005648,0.7662488796488897
25613,LOF,0.0878849777076028,0.06852119470386413,0.8435938275885332
25614,LOF,0.037672347324228056,0.0967610860377056,0.8655665666380663
25615,LOF,0.064255154800168,0.0946652745840736,0.8410795706157584
25616,LOF,0.024138870592414954,0.16192824763809743,0.8139328817694875
25617,LOF,0.04573744873924308,0.08411389846319518,0.8701486527975618
25618,LOF,0.1726053899606391,0.2489878826895604,0.5784067273498005
25619,LOF,0.03827450539839805,0.11620241169579043,0.8455230829058115
25620,LOF,0.03552076519937766,0.13679007391789105,0.8276891608827313
25621,LOF,0.031183262071090616,0.07512467465437242,0.8936920632745369
25622,LOF,0.02197857794285788,0.11593669842013454,0.8620847236370076
25623,LOF,0.03790263586064332,0.13390329474291823,0.8281940693964385
25624,LOF,0.02875964466046958,0.14522403911229975,0.8260163162272307
25625,LOF,0.0366124935337562,0.09768303822979381,0.86570446823645
25626,LOF,0.09594342715257441,0.05180765536273097,0.8522489174846947
25627,LOF,0.4135672613831223,0.09995592161143126,0.4864768170054466
25628,LOF,0.17786995244725048,0.031796825760906755,0.7903332217918426
25629,LOF,0.09769062973530733,0.030272641081459807,0.8720367291832329
25630,LOF,0.1755307490443044,0.03498941791592533,0.7894798330397702
25631,Neutral,0.5472806324245167,0.056664063017427165,0.39605530455805615
25632,LOF,0.01888660808509196,0.131649771615672,0.849463620299236
25633,LOF,0.22469619142652705,0.32530958582245284,0.44999422275102013
25634,LOF,0.05669242935462838,0.18757915443786233,0.7557284162075093
25635,LOF,0.04355198474414597,0.1576660791267584,0.7987819361290955
25636,LOF,0.005346615117706309,0.44644804339131217,0.5482053414909815
25637,LOF,0.004896224125698356,0.2560105248278361,0.7390932510464655
25638,LOF,0.006402766377597455,0.2843781634983871,0.7092190701240154
25639,LOF,0.004993006195075647,0.2532947608448356,0.7417122329600887
25640,GOF,0.4426006032631896,0.45447503651523435,0.10292436022157597
25641,LOF,0.009435889854675446,0.17487887724395207,0.8156852329013725
25642,LOF,0.2469148749032061,0.02326132355002099,0.729823801546773
25643,LOF,0.219996593587064,0.019702659819389925,0.760300746593546
25644,LOF,0.013076115008863689,0.305179549378021,0.6817443356131153
25645,LOF,0.010882072264990425,0.37170214425178694,0.6174157834832227
25646,LOF,0.012055350398546024,0.23149334852517886,0.7564513010762751
25647,LOF,0.011010779749065358,0.21612727680365257,0.7728619434472821
25648,LOF,0.008297045346833285,0.20271372163796414,0.7889892330152025
25649,LOF,0.008357728656252032,0.14933320508023362,0.8423090662635144
25650,LOF,0.02536766145604838,0.3009168148622025,0.673715523681749
25651,LOF,0.00764344858285869,0.1702155904191962,0.8221409609979451
25652,LOF,0.012886323718080054,0.2710419108838842,0.7160717653980359
25653,LOF,0.053488656622608634,0.3588534726487752,0.5876578707286162
25654,LOF,0.0077010981303742634,0.297269773349258,0.6950291285203677
25655,LOF,0.09836587666398255,0.41639147182980174,0.48524265150621565
25656,LOF,0.07057048536551529,0.1711174774008878,0.7583120372335969
25657,LOF,0.2625555430152542,0.046128073025825514,0.6913163839589203
25658,LOF,0.02139688125126955,0.27718405622206393,0.7014190625266665
25659,LOF,0.17523052122626237,0.2006834649814863,0.6240860137922514
25660,LOF,0.10312961842926033,0.11348079617387735,0.7833895853968623
25661,LOF,0.06879513993709833,0.09655568631555571,0.8346491737473459
25662,LOF,0.045859248893353986,0.100245235521285,0.853895515585361
25663,LOF,0.043675451040050724,0.17295861039098384,0.7833659385689655
25664,LOF,0.02402877092078633,0.2019123744557285,0.7740588546234852
25665,LOF,0.04873742883458162,0.09509951858661914,0.8561630525787992
25666,LOF,0.0344153066099805,0.23922543114349606,0.7263592622465235
25667,LOF,0.0409146470778332,0.042979956831633956,0.9161053960905329
25668,LOF,0.042059309134338856,0.09224727578940416,0.8656934150762571
25669,LOF,0.031182269474722784,0.11605363408336626,0.8527640964419111
25670,LOF,0.06495884898124245,0.10360312623168495,0.8314380247870726
25671,LOF,0.05655905103755404,0.06675008281044066,0.8766908661520053
25672,LOF,0.07078464269704335,0.05734511446637601,0.8718702428365807
25673,LOF,0.03723400596978093,0.08540783807397556,0.8773581559562436
25674,LOF,0.024741567298643564,0.13412202342825869,0.8411364092730977
25675,LOF,0.035183603795277844,0.07141192775876565,0.8934044684459566
25676,LOF,0.04089989379073048,0.11966642602843802,0.8394336801808316
25677,LOF,0.07607295794823482,0.06545903924445698,0.8584680028073081
25678,LOF,0.1682579707194568,0.09075007900114682,0.7409919502793965
25679,LOF,0.10827747129420871,0.12314840857579923,0.768574120129992
25680,LOF,0.11678593451813599,0.13787074841084238,0.7453433170710216
25681,LOF,0.12306301840120812,0.14765961697997596,0.7292773646188161
25682,LOF,0.049811855431474476,0.06617242310411751,0.884015721464408
25683,LOF,0.07401101174550141,0.112585975429,0.8134030128254985
25684,LOF,0.06892185381180432,0.11469477693284374,0.8163833692553519
25685,LOF,0.09716446021059792,0.028332287049657744,0.8745032527397443
25686,LOF,0.022379525814373205,0.12808140241501795,0.8495390717706088
25687,LOF,0.03965281612405187,0.12291598045478565,0.8374312034211625
25688,LOF,0.01468466876542582,0.3971919975130164,0.5881233337215578
25689,LOF,0.010726313943377206,0.19761793355560892,0.7916557525010139
25690,LOF,0.013158124649469718,0.32569572637411537,0.6611461489764149
25691,GOF,0.07975647252720233,0.5981421657999776,0.32210136167282005
25692,LOF,0.3174143869651864,0.024779071919956205,0.6578065411148573
25693,LOF,0.039853276972739896,0.4029843427468,0.5571623802804601
25694,LOF,0.24453851854084083,0.02920997068915935,0.7262515107699998
25695,LOF,0.16611774622473213,0.046622373852259535,0.7872598799230083
25696,LOF,0.07847882966723754,0.06590670747177135,0.8556144628609911
25697,LOF,0.06328189527921628,0.05589707976715921,0.8808210249536246
25698,LOF,0.014408551760304278,0.481341776715505,0.5042496715241908
25699,LOF,0.07038419625905276,0.23976573762910758,0.6898500661118396
25700,LOF,0.06271143979411543,0.03215460269036479,0.9051339575155197
25701,LOF,0.013057883274472838,0.27796765718084404,0.7089744595446832
25702,GOF,0.028649686097823052,0.5405177032086691,0.4308326106935078
25703,LOF,0.01678706200912299,0.09315076239823758,0.8900621755926394
25704,LOF,0.060522868828629055,0.10108757912001162,0.8383895520513593
25705,LOF,0.12615046511754036,0.20230182830745946,0.6715477065750002
25706,GOF,0.021503846075157634,0.646504139678664,0.33199201424617825
25707,GOF,0.022241430274763486,0.49833426035891076,0.4794243093663258
25708,GOF,0.007327529510208864,0.6551610970317816,0.3375113734580096
25709,LOF,0.055914709356634285,0.0918832957081939,0.8522019949351718
25710,LOF,0.008237126705180706,0.17166843930965062,0.8200944339851686
25711,LOF,0.056286802901660916,0.12215066881360633,0.8215625282847329
25712,LOF,0.01228889673518495,0.17109366916700855,0.8166174340978065
25713,LOF,0.05128599070714247,0.12179397950917807,0.8269200297836794
25714,LOF,0.037665920717742454,0.26451670837289204,0.6978173709093655
25715,LOF,0.04072691071736644,0.1479515697911337,0.8113215194914999
25716,LOF,0.007275052200998134,0.06827331278683499,0.9244516350121669
25717,LOF,0.0070867954927836315,0.05863728014544702,0.9342759243617693
25718,LOF,0.046664621761083686,0.059864682862922645,0.8934706953759938
25719,LOF,0.04703556187841788,0.13323136425559284,0.8197330738659894
25720,LOF,0.04633028679196293,0.1516893956022297,0.8019803176058075
25721,LOF,0.05250920990488772,0.0795968628190976,0.8678939272760147
25722,LOF,0.04120954017401645,0.12818030884012707,0.8306101509858566
25723,LOF,0.06295191858712251,0.14959022815362286,0.7874578532592545
25724,LOF,0.06478173194275348,0.3550598720007539,0.5801583960564926
25725,LOF,0.06857821166691273,0.1334412470039602,0.7979805413291271
25726,LOF,0.04782480514132649,0.11526807738651855,0.836907117472155
25727,LOF,0.06994578734939857,0.09640940092655964,0.8336448117240417
25728,LOF,0.04590356127009796,0.19250621023223474,0.7615902284976673
25729,LOF,0.05213717891305075,0.20058101393505307,0.7472818071518963
25730,LOF,0.06405246945109674,0.13837316785055978,0.7975743626983434
25731,LOF,0.011031085189023227,0.08234388812354834,0.9066250266874285
25732,LOF,0.03099534274875608,0.09145640484495117,0.8775482524062928
25733,LOF,0.03976184658875193,0.18781571269314565,0.7724224407181025
25734,LOF,0.007414721900030264,0.21780052861846447,0.7747847494815052
25735,LOF,0.039714390961278746,0.12622660158651283,0.8340590074522084
25736,LOF,0.041858112008240494,0.1832590199547636,0.774882868036996
25737,LOF,0.07330166591353394,0.11202174820035715,0.8146765858861088
25738,LOF,0.05161132870989141,0.22892597242847804,0.7194626988616305
25739,LOF,0.03959661531147982,0.17397631803465868,0.7864270666538615
25740,LOF,0.06786217119052998,0.13608572589622184,0.7960521029132481
25741,LOF,0.05861087535741179,0.13807773114297084,0.8033113934996172
25742,LOF,0.0668409878174039,0.15105251566480069,0.7821064965177955
25743,LOF,0.011207895706437541,0.029956912723528392,0.9588351915700342
25744,LOF,0.11717180693081561,0.34961993496040694,0.5332082581087776
25745,LOF,0.021113757331033094,0.16149333042042296,0.8173929122485439
25746,LOF,0.013150307147967357,0.18220601825312438,0.8046436745989082
25747,LOF,0.04574948777072682,0.04115093974702652,0.9130995724822466
25748,LOF,0.2670853822538392,0.1638606237813738,0.569053993964787
25749,LOF,0.015341852904490883,0.18488816917918513,0.799769977916324
25750,LOF,0.01539715756335184,0.21805247576664805,0.7665503666700001
25751,LOF,0.02788090113409138,0.2325060911439816,0.739613007721927
25752,GOF,0.09831031356864045,0.7001743926396232,0.20151529379173622
25753,LOF,0.008728724728638917,0.43798512721146593,0.5532861480598951
25754,GOF,0.010935125276355697,0.8993160845367727,0.08974879018687172
25755,LOF,0.009798287656086991,0.479896378202618,0.510305334141295
25756,GOF,0.027531051791222134,0.5696827468685802,0.4027862013401976
25757,GOF,0.010494447371627717,0.85489382343751,0.13461172919086228
25758,GOF,0.0129829316243704,0.8896534453121392,0.09736362306349045
25759,GOF,0.0076595718795597805,0.6793018867411167,0.3130385413793235
25760,LOF,0.007511014340512196,0.37841185012528394,0.614077135534204
25761,GOF,0.06541197244682882,0.8698521464827793,0.06473588107039198
25762,GOF,0.027258982681356705,0.535242326245573,0.4374986910730702
25763,LOF,0.007733251292427286,0.284545228973206,0.7077215197343668
25764,GOF,0.09992288134245211,0.7110658270070332,0.18901129165051467
25765,GOF,0.011934980079903262,0.9161915858726636,0.071873434047433
25766,GOF,0.03695385005671533,0.8617073410349116,0.10133880890837306
25767,GOF,0.009227392592292856,0.6099811130748191,0.38079149433288806
25768,LOF,0.05972639418715008,0.06194120297289636,0.8783324028399535
25769,LOF,0.03126575369710556,0.20599856643307798,0.7627356798698164
25770,Neutral,0.4921427710344556,0.17630199586042647,0.3315552331051179
25771,LOF,0.022670056133523644,0.10010789228004736,0.877222051586429
25772,LOF,0.04551874185731569,0.14023999038640814,0.8142412677562761
25773,LOF,0.01806214892692515,0.24481805075970103,0.7371198003133738
25774,LOF,0.030998691862475856,0.35329288488997296,0.6157084232475513
25775,LOF,0.023703463896785865,0.08242165207454007,0.8938748840286741
25776,LOF,0.02803999339200826,0.14129738667291805,0.8306626199350736
25777,LOF,0.08014696909147588,0.26373137730344465,0.6561216536050795
25778,LOF,0.03554096944915217,0.1844729971690339,0.7799860333818139
25779,GOF,0.10935110835710397,0.6188880032554366,0.2717608883874595
25780,GOF,0.09977487450124822,0.6268745453787586,0.27335058011999314
25781,GOF,0.04226470171772929,0.5310160848739439,0.42671921340832675
25782,GOF,0.04279913321916492,0.6669682048588377,0.2902326619219974
25783,GOF,0.09302426564566837,0.6525808541081207,0.2543948802462109
25784,GOF,0.21487335322479306,0.6332909876381335,0.15183565913707345
25785,GOF,0.2603832761960626,0.5614267078288157,0.17819001597512185
25786,LOF,0.017752006372533814,0.33676831638923865,0.6454796772382275
25787,Neutral,0.4344491651415241,0.38201382138860485,0.18353701346987106
25788,LOF,0.034500151241944464,0.048560091385635634,0.91693975737242
25789,GOF,0.028441471701241037,0.5936913282397273,0.37786720005903157
25790,LOF,0.05240749209977779,0.4735512574201053,0.47404125048011686
25791,GOF,0.040608913141764645,0.5304907633179624,0.4289003235402729
25792,GOF,0.047805890468422804,0.5787059338106243,0.3734881757209529
25793,GOF,0.10455173439669538,0.48892380429626275,0.40652446130704195
25794,LOF,0.09862335380278442,0.32305434646611597,0.5783222997310996
25795,LOF,0.09642438641799177,0.4012226423747879,0.5023529712072203
25796,LOF,0.235396451619757,0.28796114570754844,0.47664240267269453
25797,LOF,0.07908535274154704,0.35248884788801865,0.5684257993704342
25798,GOF,0.011269592563145022,0.6318728427251621,0.35685756471169305
25799,GOF,0.007197910411912827,0.5015865028669929,0.4912155867210943
25800,GOF,0.04096346119109934,0.7213077625250687,0.23772877628383202
25801,GOF,0.04413416496543848,0.5741358855513934,0.3817299494831682
25802,GOF,0.04385900159172126,0.5889363282139894,0.36720467019428926
25803,LOF,0.04458897083479814,0.4304421546122793,0.5249688745529226
25804,LOF,0.07928135937607418,0.36258823372531096,0.5581304068986148
25805,GOF,0.04897037832916207,0.5369084930178438,0.4141211286529941
25806,GOF,0.06247649941022715,0.5359959161531671,0.40152758443660586
25807,LOF,0.02683843574216611,0.43613769071402475,0.5370238735438092
25808,GOF,0.0531188448008976,0.5613018652933789,0.38557928990572354
25809,LOF,0.02327753777157988,0.42001426497544486,0.5567081972529752
25810,LOF,0.02012098391692506,0.46117330837142956,0.5187057077116454
25811,GOF,0.11806584050842385,0.6581033516487872,0.22383080784278903
25812,LOF,0.07031138515039781,0.39682034637210756,0.5328682684774946
25813,GOF,0.3406643183506662,0.4095282218977511,0.2498074597515827
25814,LOF,0.07512145736978598,0.4550382123476291,0.46984033028258493
25815,GOF,0.11219826906168338,0.5606991690575287,0.327102561880788
25816,GOF,0.017496396834806274,0.5223302896554736,0.46017331350972007
25817,LOF,0.1985570125400095,0.3929165707272291,0.4085264167327614
25818,GOF,0.04524641656335272,0.53937008250349,0.4153835009331573
25819,LOF,0.08445533697096352,0.40718729220803224,0.5083573708210043
25820,LOF,0.09652217847392687,0.3575290442149831,0.5459487773110899
25821,LOF,0.06944467601719764,0.3843973928808119,0.5461579311019905
25822,LOF,0.14251967655230888,0.3035489925415559,0.5539313309061352
25823,LOF,0.07870153011114185,0.2823487008896483,0.6389497689992097
25824,GOF,0.04896730142056774,0.596776251275187,0.3542564473042454
25825,GOF,0.0348368634003896,0.6255548715411677,0.3396082650584426
25826,LOF,0.01470338573495778,0.46950031567638423,0.515796298588658
25827,GOF,0.027921359270323964,0.581806744787645,0.39027189594203093
25828,GOF,0.01793491936104369,0.5326392239566816,0.44942585668227464
25829,LOF,0.007475698212585501,0.276263537182908,0.7162607646045065
25830,LOF,0.141667442282028,0.12163567327106661,0.7366968844469054
25831,GOF,0.1050576931173062,0.6896504078899443,0.20529189899274952
25832,LOF,0.013699822092440486,0.47129450949718116,0.5150056684103784
25833,GOF,0.0519152068419674,0.6071122592448841,0.34097253391314863
25834,LOF,0.01364989441055203,0.4839363439668414,0.5024137616226066
25835,GOF,0.0517752113139306,0.7050490539766826,0.24317573470938672
25836,GOF,0.012164355513954625,0.5586471214022415,0.4291885230838039
25837,LOF,0.018315358803623,0.4427234795214115,0.5389611616749654
25838,GOF,0.044625912219662604,0.614737472712913,0.34063661506742443
25839,GOF,0.14828509925194278,0.50219532596455,0.34951957478350726
25840,GOF,0.13827847285206704,0.5784773577296558,0.28324416941827707
25841,GOF,0.11739562618924616,0.6531704353023635,0.22943393850839025
25842,GOF,0.044485812421506815,0.6993055636226243,0.25620862395586885
25843,GOF,0.03933859137838234,0.6985238739914557,0.2621375346301621
25844,GOF,0.03819719162345021,0.5957594709437491,0.3660433374328007
25845,LOF,0.011028463533424376,0.3691634962053978,0.6198080402611779
25846,GOF,0.11103074620690855,0.6888421948517643,0.200127058941327
25847,GOF,0.031872672311105125,0.6411798534227573,0.3269474742661375
25848,GOF,0.03262662619474765,0.6449270825844337,0.32244629122081875
25849,GOF,0.009740736801796662,0.5671574087042819,0.4231018544939215
25850,LOF,0.012729927421817956,0.40585410633186164,0.5814159662463203
25851,LOF,0.011942143993573368,0.3177953417973118,0.6702625142091149
25852,LOF,0.23190540513178204,0.34288378437293254,0.4252108104952855
25853,LOF,0.09198544806437127,0.443375303706824,0.4646392482288046
25854,LOF,0.010047803719059374,0.4698730211696605,0.5200791751112801
25855,LOF,0.042049527433072185,0.4001823305106124,0.5577681420563154
25856,GOF,0.0842365338527033,0.567913715700665,0.3478497504466317
25857,LOF,0.04280847121322111,0.3702608653673727,0.5869306634194063
25858,LOF,0.013055419727670119,0.3346576247378676,0.6522869555344623
25859,LOF,0.008892171944008924,0.3155996640518587,0.6755081640041324
25860,LOF,0.12850471448933515,0.39182378515045774,0.47967150036020717
25861,GOF,0.14366902950917193,0.637989933108297,0.21834103738253105
25862,GOF,0.03224464771326599,0.7941826915608783,0.1735726607258557
25863,GOF,0.031110147554556412,0.6902991396381085,0.27859071280733505
25864,GOF,0.047584021476229796,0.8058301587736005,0.14658581975016974
25865,GOF,0.04573103786647653,0.7995172632705229,0.15475169886300058
25866,GOF,0.0276586223769612,0.7086063984099304,0.26373497921310823
25867,GOF,0.0462365680969342,0.7449562326651796,0.20880719923788613
25868,GOF,0.09689457646622286,0.5452535972551305,0.35785182627864653
25869,GOF,0.36777228537321377,0.4031265394535899,0.2291011751731963
25870,LOF,0.148468733812267,0.2930388782554797,0.5584923879322533
25871,LOF,0.014832426834807766,0.3964255842683276,0.5887419888968647
25872,LOF,0.049147987129041636,0.4149809661377557,0.5358710467332027
25873,GOF,0.03431792383372201,0.5282626387300465,0.4374194374362314
25874,LOF,0.05715843003720563,0.030932677523776764,0.9119088924390176
25875,LOF,0.018678093506105692,0.31395218546966197,0.6673697210242323
25876,LOF,0.01983926657284946,0.13436090622891927,0.8457998271982312
25877,LOF,0.08322980002377833,0.38236704063359456,0.5344031593426272
25878,GOF,0.05040086212053716,0.6252920454776495,0.3243070924018134
25879,LOF,0.010297336711398576,0.28513710523550895,0.7045655580530925
25880,LOF,0.049399785423403904,0.03958797103129616,0.9110122435453
25881,Neutral,0.43683221127019056,0.34436410644902493,0.21880368228078445
25882,LOF,0.04171405056675582,0.21366346890404372,0.7446224805292005
25883,LOF,0.029630521252232204,0.1107750926861502,0.8595943860616175
25884,LOF,0.013779573905969246,0.14454301771389447,0.8416774083801363
25885,LOF,0.15660255689627656,0.035006080044862296,0.8083913630588612
25886,LOF,0.1429950329083545,0.1302373639653018,0.7267676031263436
25887,GOF,0.05092773485352932,0.5833834932505555,0.36568877189591525
25888,LOF,0.006389963135409118,0.400267737119591,0.5933422997449997
25889,LOF,0.02552255982116272,0.08702013413905518,0.887457306039782
25890,LOF,0.1402117355856782,0.24982025246400139,0.6099680119503205
25891,LOF,0.11376219197648471,0.06116860267802458,0.8250692053454907
25892,LOF,0.006087295268714304,0.1671701537280115,0.8267425510032742
25893,LOF,0.2619297619906294,0.06917060233930475,0.6688996356700658
25894,LOF,0.31360143027555687,0.03378504628424517,0.652613523440198
25895,LOF,0.2431939788468039,0.0528123804544849,0.7039936406987113
25896,LOF,0.06081098076791303,0.1320414694143709,0.8071475498177162
25897,LOF,0.10067347693672711,0.076606217717613,0.8227203053456599
25898,LOF,0.06755604970478697,0.36667333373777095,0.5657706165574421
25899,LOF,0.25146402259620565,0.28916299403949736,0.4593729833642971
25900,Neutral,0.9297249233867592,0.022343562793932664,0.047931513819308144
25901,LOF,0.052880557009721885,0.05553707321302051,0.8915823697772576
25902,LOF,0.079217961496896,0.026262226434823413,0.8945198120682807
25903,LOF,0.1382693354716685,0.1576762679259365,0.704054396602395
25904,Neutral,0.4145798621408049,0.26835769128670367,0.31706244657249155
25905,LOF,0.010741348315128267,0.30397596790210357,0.6852826837827681
25906,LOF,0.010204554223786895,0.02925127360133071,0.9605441721748823
25907,LOF,0.008896669387041015,0.17306087108491022,0.8180424595280488
25908,LOF,0.009468695533032603,0.18267679325196884,0.8078545112149986
25909,LOF,0.040234047229670805,0.12782700076209527,0.8319389520082339
25910,LOF,0.017886114342362956,0.18370743870811207,0.798406446949525
25911,LOF,0.10820031971111689,0.055964454950053553,0.8358352253388296
25912,LOF,0.1354414770940857,0.017413631550608117,0.8471448913553061
25913,LOF,0.01474844362041314,0.05868710457154932,0.9265644518080375
25914,LOF,0.0360416223461603,0.18726336126972987,0.7766950163841098
25915,GOF,0.08333371141352638,0.7647458217790258,0.15192046680744767
25916,LOF,0.015908001317124512,0.4138372921825202,0.5702547065003553
25917,LOF,0.12982883990139898,0.08658831626732634,0.7835828438312747
25918,LOF,0.04018182475689852,0.08368850545727839,0.8761296697858231
25919,LOF,0.04133017112985825,0.06120282840183371,0.897467000468308
25920,GOF,0.32096342848257053,0.34787004403854294,0.3311665274788866
25921,LOF,0.024588956813337143,0.03359840816084404,0.9418126350258189
25922,LOF,0.020065139924322472,0.031100169428896984,0.9488346906467806
25923,LOF,0.3833167772479696,0.05926553564377776,0.5574176871082527
25924,LOF,0.02891848311621574,0.04623010366837489,0.9248514132154093
25925,LOF,0.20623214512826823,0.0356817812668362,0.7580860736048955
25926,LOF,0.1186560759476487,0.08428558098395135,0.7970583430683998
25927,LOF,0.020591485870560276,0.11288483957127464,0.866523674558165
25928,LOF,0.015613984217740892,0.02703538096794221,0.9573506348143169
25929,Neutral,0.5826835448292407,0.05996161040017087,0.3573548447705884
25930,LOF,0.03764060343849672,0.06626933191821138,0.896090064643292
25931,LOF,0.01627452824885511,0.03944697694341805,0.9442784948077269
25932,LOF,0.079205636789803,0.037781859284640604,0.8830125039255564
25933,LOF,0.0660591936240498,0.016573965013769218,0.917366841362181
25934,LOF,0.06263442025700576,0.020574445551822623,0.9167911341911716
25935,LOF,0.21929970249969713,0.04364159423570824,0.7370587032645946
25936,LOF,0.06400884093245011,0.01953975664915827,0.9164514024183916
25937,LOF,0.01667235015441779,0.04965652621411415,0.933671123631468
25938,LOF,0.21114028088629208,0.03751214210186648,0.7513475770118414
25939,LOF,0.049319890932210855,0.019752669085737178,0.930927439982052
25940,GOF,0.006284083508709188,0.5415600684227659,0.4521558480685248
25941,Neutral,0.4571760278670363,0.09485995412876003,0.44796401800420366
25942,LOF,0.010877695874233541,0.1609819514859408,0.8281403526398257
25943,GOF,0.020238578915381604,0.573691026228377,0.40607039485624136
25944,LOF,0.01809443143597278,0.4004773695922859,0.5814281989717413
25945,LOF,0.0822507569399145,0.09850130372844526,0.8192479393316403
25946,LOF,0.09618744412226242,0.09227495061396136,0.8115376052637763
25947,LOF,0.47552976871467595,0.03737975241552783,0.4870904788697963
25948,Neutral,0.5147992958712121,0.012538998941106166,0.47266170518768164
25949,LOF,0.12657300933635066,0.027253479022939092,0.8461735116407103
25950,GOF,0.061929168130798504,0.7350831773569915,0.20298765451221013
25951,GOF,0.014231120066482923,0.49463509661317095,0.491133783320346
25952,LOF,0.0922727293722268,0.3073818352773556,0.6003454353504176
25953,LOF,0.006436239754173612,0.4320965560561425,0.5614672041896839
25954,LOF,0.022638521116209745,0.4659937688515342,0.511367710032256
25955,LOF,0.005011321052642277,0.4749882294839168,0.5200004494634409
25956,GOF,0.009583607592498143,0.5946583117303347,0.39575808067716717
25957,LOF,0.24210397454987986,0.06086805358667785,0.6970279718634422
25958,LOF,0.02175804804766859,0.22102818991888615,0.7572137620334453
25959,GOF,0.0058727695000412306,0.6368072432105973,0.3573199872893614
25960,LOF,0.0050404514102916015,0.15287882460781033,0.8420807239818981
25961,LOF,0.020201681779144026,0.19641044853352646,0.7833878696873295
25962,LOF,0.04958971813628677,0.0697998947932544,0.8806103870704589
25963,LOF,0.009876003789738854,0.15980643189797714,0.8303175643122841
25964,LOF,0.04583847135878335,0.11268582619626753,0.8414757024449491
25965,LOF,0.1736115098021629,0.19246290203834174,0.6339255881594954
25966,LOF,0.28054071875736475,0.2987186133200295,0.42074066792260567
25967,LOF,0.008554196261054739,0.0609880439434861,0.9304577597954592
25968,LOF,0.08287004729827067,0.27527374407263816,0.6418562086290911
25969,LOF,0.17268911896791658,0.02723167172696584,0.8000792093051176
25970,LOF,0.024008268207809092,0.17554343349303514,0.8004482982991558
25971,LOF,0.07196949841970413,0.12753196874938896,0.8004985328309069
25972,LOF,0.06557106272832287,0.13609345804998724,0.7983354792216898
25973,LOF,0.1113245287957063,0.009218289187930547,0.8794571820163631
25974,LOF,0.0789258212977723,0.20353524060237493,0.7175389380998528
25975,LOF,0.05069548952887552,0.015816336800565618,0.9334881736705588
25976,LOF,0.07266591465456682,0.012146991937655885,0.9151870934077773
25977,LOF,0.16842005070212004,0.09732415439466743,0.7342557949032125
25978,LOF,0.13600302797512603,0.07719620711072213,0.7868007649141519
25979,LOF,0.11200179547790398,0.08742353818574317,0.8005746663363528
25980,LOF,0.1535095912054126,0.24355057237900318,0.6029398364155842
25981,LOF,0.15614460877580089,0.2636584568194519,0.5801969344047473
25982,LOF,0.248487088554826,0.11480185895676544,0.6367110524884085
25983,Neutral,0.46188904082438376,0.13441082684874442,0.40370013232687196
25984,LOF,0.04119980514377869,0.08835267418914408,0.8704475206670772
25985,Neutral,0.4898500460848839,0.22795927867428137,0.28219067524083485
25986,GOF,0.009519220578713223,0.6039447861769962,0.38653599324429055
25987,LOF,0.018142632452975187,0.10886284703719988,0.8729945205098248
25988,LOF,0.03961955007300055,0.14370483714218035,0.8166756127848191
25989,LOF,0.043171034927704,0.14048820442929064,0.8163407606430054
25990,LOF,0.04391475101064161,0.2787474148116065,0.677337834177752
25991,GOF,0.06639577318633426,0.5238690301320266,0.40973519668163927
25992,LOF,0.0222358583685286,0.3372890239909301,0.6404751176405413
25993,LOF,0.05581254206649959,0.0213016499349957,0.9228858079985048
25994,LOF,0.05013423547448162,0.04296075858449397,0.9069050059410244
25995,LOF,0.03250474034856304,0.0527238775302697,0.9147713821211673
25996,Neutral,0.46717760655881696,0.21012638145069487,0.32269601199048814
25997,LOF,0.10490907565138773,0.4097570481759714,0.48533387617264084
25998,LOF,0.19813371126300144,0.14825218784286467,0.653614100894134
25999,GOF,0.020870508018560677,0.5626224248913023,0.41650706709013696
26000,LOF,0.1417043591329267,0.02445345619118751,0.8338421846758858
26001,LOF,0.15417986890367855,0.050458816815359527,0.7953613142809619
26002,LOF,0.0925261438173751,0.026001470066647013,0.881472386115978
26003,LOF,0.012053825127439001,0.49338188799084287,0.49456428688171816
26004,LOF,0.04084724243813683,0.4346403102444085,0.5245124473174546
26005,LOF,0.00864536768636572,0.4852262287868994,0.5061284035267349
26006,GOF,0.25839885745594343,0.41815972181265465,0.3234414207314018
26007,LOF,0.019436425050641096,0.4822883268279069,0.4982752481214522
26008,LOF,0.013236963675789044,0.390205562162329,0.596557474161882
26009,GOF,0.02803108013141238,0.560621185274872,0.41134773459371554
26010,GOF,0.012774266903765171,0.4963667406724966,0.4908589924237381
26011,LOF,0.00948000814501506,0.31506474949252283,0.675455242362462
26012,LOF,0.011056967456819887,0.42800452181412013,0.56093851072906
26013,LOF,0.01607544153728893,0.40394101525903914,0.579983543203672
26014,LOF,0.07892738993356398,0.05843344141867661,0.8626391686477594
26015,LOF,0.39096450880720096,0.13115287400023243,0.47788261719256653
26016,LOF,0.21571898726359962,0.24947645232888851,0.5348045604075119
26017,GOF,0.013494035474606498,0.5830499860297466,0.40345597849564696
26018,LOF,0.01920229532465413,0.3081062307650615,0.6726914739102843
26019,LOF,0.01916505910262038,0.2584566666560331,0.7223782742413465
26020,LOF,0.0073004806761958595,0.4262869671941357,0.5664125521296683
26021,LOF,0.0861725653955537,0.31847839264955674,0.5953490419548896
26022,LOF,0.05618380932197656,0.10806581106209988,0.8357503796159235
26023,LOF,0.033773275676809884,0.2085349100745316,0.7576918142486586
26024,LOF,0.049754855392960505,0.20901040354727787,0.7412347410597617
26025,LOF,0.12125749172063395,0.3309592828030597,0.5477832254763063
26026,LOF,0.10931374374107385,0.2767253128759696,0.6139609433829567
26027,LOF,0.031184458985391125,0.10425564356443473,0.8645598974501741
26028,LOF,0.056974883959378324,0.2664817400794909,0.6765433759611307
26029,LOF,0.03571243993734925,0.12630926354699845,0.8379782965156523
26030,LOF,0.1785505325288408,0.017747771934193482,0.8037016955369657
26031,LOF,0.021272321513054585,0.12872908275831774,0.8499985957286277
26032,LOF,0.03163147297891913,0.0377552875976385,0.9306132394234423
26033,LOF,0.04878143527939541,0.06866208543558049,0.8825564792850242
26034,LOF,0.022101061628327017,0.07774422915163536,0.9001547092200377
26035,LOF,0.015500747455732105,0.0970178297474799,0.8874814227967881
26036,LOF,0.015556780373971724,0.07787800140860546,0.9065652182174229
26037,LOF,0.01454979627723007,0.06687209678579248,0.9185781069369775
26038,LOF,0.025100986874084512,0.03651941768403757,0.938379595441878
26039,LOF,0.034874843014308994,0.08563448923215937,0.8794906677535316
26040,LOF,0.05538858214446316,0.15472043217873555,0.7898909856768012
26041,LOF,0.016331530413604106,0.09038625218665923,0.8932822173997367
26042,LOF,0.015528812046560946,0.08599775020571818,0.8984734377477208
26043,LOF,0.024589683206777124,0.08220002936778657,0.8932102874254363
26044,LOF,0.009982392085402983,0.07585220190226916,0.9141654060123279
26045,LOF,0.08974893170734873,0.1703952162332987,0.7398558520593526
26046,LOF,0.024233556720336117,0.09334637467328442,0.8824200686063794
26047,LOF,0.0659281108563562,0.05799553352577535,0.8760763556178683
26048,LOF,0.0781892016829328,0.044451732175326907,0.8773590661417403
26049,Neutral,0.887422155194476,0.010021175096326782,0.10255666970919713
26050,Neutral,0.7998692656251889,0.010683314754422767,0.18944741962038833
26051,GOF,0.013855771236934461,0.7362927346229504,0.24985149414011498
26052,GOF,0.01648600794715887,0.6777187553911584,0.30579523666168285
26053,LOF,0.031616077071322614,0.03982310052163774,0.9285608224070395
26054,LOF,0.09775157684957606,0.12583994450545546,0.7764084786449684
26055,LOF,0.09837091290122316,0.13804621502163483,0.7635828720771419
26056,LOF,0.08789783356665302,0.1555737698854256,0.7565283965479214
26057,LOF,0.042870212456885826,0.039752191723446254,0.9173775958196679
26058,LOF,0.050422725679388596,0.028975601846046903,0.9206016724745646
26059,Neutral,0.646157683620321,0.11736835929865518,0.23647395708102387
26060,LOF,0.014307438996602669,0.36755168198524024,0.6181408790181571
26061,LOF,0.01063534429839394,0.024202817618580067,0.965161838083026
26062,LOF,0.0060439270855026815,0.058644133410550865,0.9353119395039465
26063,LOF,0.03962004217128264,0.032368057632615355,0.9280119001961019
26064,LOF,0.00987594149340658,0.02997614056745492,0.9601479179391386
26065,LOF,0.03551871351454364,0.04900374512797116,0.9154775413574852
26066,LOF,0.03732669617078523,0.02992692081836649,0.9327463830108482
26067,LOF,0.05136085495722649,0.038286121877452395,0.9103530231653212
26068,LOF,0.0979766028495543,0.07607321012481949,0.8259501870256262
26069,LOF,0.08388580978263202,0.06740499873425344,0.8487091914831144
26070,LOF,0.24419710237713052,0.040951432182093545,0.7148514654407758
26071,LOF,0.04179249736168966,0.04332279080696492,0.9148847118313455
26072,LOF,0.008068315455426467,0.030975908678962633,0.9609557758656109
26073,LOF,0.039603861613321606,0.029159187821331617,0.9312369505653468
26074,Neutral,0.848162270307783,0.022528409895936758,0.12930931979628024
26075,LOF,0.053164480111617854,0.08376191966462491,0.8630736002237572
26076,LOF,0.051146780427528626,0.07350887012851631,0.8753443494439551
26077,LOF,0.1580809702551068,0.0724733526373487,0.7694456771075444
26078,LOF,0.0069522499403060125,0.051099329368471495,0.9419484206912225
26079,LOF,0.1152484077684182,0.060467966840089996,0.8242836253914918
26080,LOF,0.1152484077684182,0.060467966840089996,0.8242836253914918
26081,LOF,0.050988279718850796,0.030781757607710767,0.9182299626734385
26082,LOF,0.007509739893991647,0.05928283643243029,0.933207423673578
26083,LOF,0.039858004586973535,0.09449038930700396,0.8656516061060225
26084,LOF,0.04875705465903085,0.05326182885557063,0.8979811164853985
26085,LOF,0.04406515351387468,0.045339674546979375,0.910595171939146
26086,LOF,0.03247349955843467,0.049455864090782155,0.9180706363507832
26087,LOF,0.04251350003149778,0.044389427254760305,0.9130970727137419
26088,LOF,0.008776429491728247,0.11436225055190566,0.8768613199563661
26089,LOF,0.03922306508253391,0.16826992183674602,0.7925070130807201
26090,LOF,0.04198959232003023,0.12638215558579124,0.8316282520941785
26091,LOF,0.04294612635614181,0.05108120408772635,0.9059726695561319
26092,LOF,0.04745060001401625,0.025977116445048576,0.9265722835409351
26093,LOF,0.06319187212599095,0.021872888772670053,0.9149352391013389
26094,LOF,0.03765320630291325,0.03796336570863653,0.9243834279884503
26095,LOF,0.009972425109196645,0.05262422773477924,0.9374033471560241
26096,LOF,0.28644840577286157,0.0092294334286799,0.7043221607984587
26097,LOF,0.008395575785339447,0.05075665475421923,0.9408477694604412
26098,LOF,0.11038868050596545,0.050907245150613116,0.8387040743434215
26099,LOF,0.0345696486388662,0.06744055676104667,0.8979897946000871
26100,LOF,0.0345696486388662,0.06744055676104667,0.8979897946000871
26101,LOF,0.029815474728454756,0.07446393761835499,0.8957205876531903
26102,LOF,0.04016358430056123,0.04377041551931027,0.9160660001801285
26103,Neutral,0.8064430765364398,0.06915322064070338,0.124403702822857
26104,LOF,0.10827588249339921,0.14600079363846466,0.7457233238681362
26105,LOF,0.21137510584948244,0.1730046223164967,0.6156202718340208
26106,LOF,0.31031920984294376,0.2202196655676102,0.4694611245894461
26107,LOF,0.008888484666583363,0.1973279937659858,0.7937835215674308
26108,LOF,0.12012199277168807,0.3065907971591546,0.5732872100691573
26109,LOF,0.03841141584525523,0.08688619517281024,0.8747023889819345
26110,LOF,0.4375824566163607,0.04107997938433519,0.5213375639993041
26111,LOF,0.06873938965560679,0.310479256428686,0.6207813539157072
26112,LOF,0.04718222169919792,0.030937913753664857,0.9218798645471371
26113,LOF,0.04000351200799674,0.05910208072233473,0.9008944072696684
26114,LOF,0.07545172192113006,0.06903321223272918,0.8555150658461407
26115,LOF,0.00800441656844583,0.42157167267635365,0.5704239107552005
26116,LOF,0.047223857760451425,0.14908182883532947,0.803694313404219
26117,LOF,0.18063366808071896,0.06618083185905373,0.7531855000602273
26118,LOF,0.03868341211226549,0.02802327716626536,0.9332933107214691
26119,LOF,0.005402203993285346,0.14266677762974495,0.8519310183769697
26120,LOF,0.03778897449774353,0.026558272231880526,0.9356527532703758
26121,LOF,0.004188989438787987,0.15968275662233167,0.8361282539388804
26122,LOF,0.0039983802993405135,0.19143321017107248,0.8045684095295871
26123,LOF,0.005036608197246885,0.14889464606944955,0.8460687457333037
