feature0,prediction,LoGoFunc_Neutral,LoGoFunc_GOF,LoGoFunc_LOF
25546,Neutral,0.732059332564045,0.031606622039964734,0.2363340453959903
25547,Neutral,0.5892190160793926,0.06786562271106936,0.3429153612095381
25548,Neutral,0.6050040678074139,0.04721176261807599,0.34778416957451014
25549,Neutral,0.5300315615687177,0.04713173715856078,0.42283670127272144
25550,LOF,0.3563578389188542,0.08705415538287774,0.556588005698268
25551,LOF,0.29830540849712245,0.10080887303764194,0.6008857184652355
25552,LOF,0.22544641160992,0.09287534185446618,0.6816782465356138
25553,Neutral,0.8425977587730376,0.0252725864534861,0.1321296547734763
25554,LOF,0.25839152819141903,0.09001934848069103,0.65158912332789
25555,LOF,0.2134431174699113,0.07811526760446484,0.7084416149256239
25556,LOF,0.4200922101670444,0.08312485986537355,0.49678292996758194
25557,LOF,0.20411447425808088,0.08336762246168328,0.7125179032802359
25558,LOF,0.24051106555000987,0.09284198675501029,0.6666469476949799
25559,LOF,0.3430057694449016,0.16838690181804333,0.48860732873705515
25560,LOF,0.04963686291071739,0.13813782645648964,0.812225310632793
25561,LOF,0.11432568151851862,0.1323234264010226,0.7533508920804587
25562,LOF,0.1000375637965119,0.057868125331790414,0.8420943108716977
25563,LOF,0.11676705908891266,0.07512397933504332,0.8081089615760441
25564,LOF,0.23653092992134472,0.11654591364719788,0.6469231564314574
25565,LOF,0.1364158692868857,0.10699914691917313,0.756584983793941
25566,GOF,0.015187193898491765,0.7807077190563294,0.2041050870451787
25567,LOF,0.012560970112421885,0.1540509537239556,0.8333880761636225
25568,LOF,0.04784082576922083,0.055568844915669977,0.8965903293151092
25569,LOF,0.05861837493342462,0.05379536914653961,0.8875862559200358
25570,LOF,0.05725531411008817,0.08559653053119734,0.8571481553587146
25571,LOF,0.052921745835802475,0.07880814254115516,0.8682701116230422
25572,LOF,0.06436407956633568,0.10003890885885279,0.8355970115748115
25573,LOF,0.04013311566162928,0.08348113703121743,0.8763857473071534
25574,LOF,0.024567163758642964,0.12768267685082632,0.8477501593905308
25575,LOF,0.04514493115867488,0.09509374543847543,0.8597613234028497
25576,LOF,0.01767684590763321,0.11204454153734723,0.8702786125550196
25577,LOF,0.0159757251446852,0.10702039744170788,0.8770038774136069
25578,LOF,0.2383872475904359,0.07292681614241996,0.6886859362671441
25579,LOF,0.23841343458917785,0.07221575308684186,0.6893708123239803
25580,LOF,0.031091144316392424,0.06881726782330286,0.9000915878603046
25581,LOF,0.05031900225934318,0.055467985970198155,0.8942130117704588
25582,LOF,0.05010444342273684,0.0532157611768566,0.8966797954004067
25583,LOF,0.03888965227306904,0.07912891305834541,0.8819814346685855
25584,Neutral,0.4635564588863277,0.08714986146642988,0.4492936796472424
25585,LOF,0.023491600091245516,0.10465589718393287,0.8718525027248216
25586,LOF,0.029403310524296594,0.0659537750293678,0.9046429144463355
25587,LOF,0.02915428533906102,0.06063237017321774,0.9102133444877212
25588,LOF,0.03050471573899687,0.07500845240254948,0.8944868318584536
25589,Neutral,0.605623967418028,0.11661637592222493,0.2777596566597469
25590,LOF,0.03245627462749843,0.11093465663210757,0.856609068740394
25591,LOF,0.11073239683191795,0.04767312049517879,0.8415944826729033
25592,LOF,0.09584775289300916,0.10941915747926909,0.7947330896277217
25593,LOF,0.03372619290387556,0.2288348230833033,0.7374389840128213
25594,LOF,0.044022421397990286,0.2081390953244856,0.7478384832775241
25595,LOF,0.05071451514000377,0.14532608837951247,0.8039593964804838
25596,LOF,0.051510763628630316,0.11077746727710036,0.8377117690942694
25597,LOF,0.039351286320568696,0.11190432027892092,0.8487443934005103
25598,LOF,0.05028625322439051,0.14574577168811925,0.8039679750874902
25599,GOF,0.007642527993276599,0.6657473615537542,0.3266101104529691
25600,GOF,0.015178103367337284,0.6013331065780001,0.3834887900546626
25601,LOF,0.010562080748998646,0.4815548127463484,0.5078831065046528
25602,LOF,0.023173485092853028,0.04998286511289199,0.9268436497942549
25603,LOF,0.05057649818071836,0.028686989644798763,0.9207365121744829
25604,LOF,0.03961256911842271,0.03690466777535029,0.923482763106227
25605,LOF,0.010205044848036655,0.18709467495165794,0.8027002802003054
25606,LOF,0.07490668366169191,0.360663916409793,0.5644293999285152
25607,LOF,0.005989717122978389,0.17680240434397085,0.8172078785330508
25608,LOF,0.04798757825940949,0.06930159734545248,0.882710824395138
25609,LOF,0.04079726126036492,0.4400515193567147,0.5191512193829204
25610,LOF,0.03499485770610832,0.026414607475290258,0.9385905348186013
25611,LOF,0.0403941574456494,0.025256073788445504,0.934349768765905
25612,LOF,0.09687714683257095,0.042068157030807504,0.8610546961366216
25613,LOF,0.07825500406331173,0.041801875170825266,0.8799431207658631
25614,LOF,0.02743440740686328,0.033137678165586736,0.93942791442755
25615,LOF,0.050314294500351624,0.04257816105443406,0.9071075444452142
25616,LOF,0.026280244246545438,0.03405406929337845,0.9396656864600761
25617,LOF,0.02646734938930621,0.0370475590338891,0.9364850915768047
25618,LOF,0.14182062184827424,0.030740330196033075,0.8274390479556927
25619,LOF,0.028696617167676467,0.03308903065528061,0.938214352177043
25620,LOF,0.03155961580826087,0.040689964994126464,0.9277504191976128
25621,LOF,0.027490715148098296,0.03290974696748281,0.9395995378844189
25622,LOF,0.0314459110561647,0.039190062295203956,0.9293640266486314
25623,LOF,0.0499709231835802,0.03914581984822637,0.9108832569681935
25624,LOF,0.02542553130367824,0.039972072720922014,0.9346023959753997
25625,LOF,0.03203303730975656,0.04781455836403609,0.9201524043262074
25626,LOF,0.08062009321990336,0.03699555493120287,0.8823843518488937
25627,Neutral,0.5570374687922455,0.11743319160850685,0.32552933959924774
25628,LOF,0.21860493248217958,0.06165994035121394,0.7197351271666065
25629,LOF,0.06352189478464129,0.05964337960117822,0.8768347256141804
25630,LOF,0.16453473606484725,0.0992678350270437,0.736197428908109
25631,Neutral,0.5935611106437999,0.06845904128815804,0.33797984806804215
25632,LOF,0.015413124518408748,0.09634288902622444,0.8882439864553667
25633,LOF,0.19005373671100306,0.07603164812174634,0.7339146151672505
25634,LOF,0.03204941043243079,0.10385735998074459,0.8640932295868246
25635,LOF,0.03225514054967201,0.08943146218804315,0.8783133972622849
25636,GOF,0.0037947126740095045,0.6562391675010226,0.33996611982496794
25637,GOF,0.0036816546546609924,0.6763617817813653,0.31995656356397373
25638,LOF,0.007479308409112448,0.425768584136132,0.5667521074547555
25639,GOF,0.003768395412480828,0.5387404798354389,0.45749112475208026
25640,GOF,0.45473636580441734,0.47628411207661675,0.068979522118966
25641,LOF,0.0076648094660259625,0.35603633341117863,0.6362988571227953
25642,LOF,0.2673250517238781,0.06824607332088857,0.6644288749552334
25643,LOF,0.2655349409349013,0.14886900633038042,0.5855960527347183
25644,GOF,0.014161740585610264,0.5418615448592273,0.44397671455516236
25645,LOF,0.011633067306377823,0.4895314255507619,0.49883550714286023
25646,LOF,0.018690283376229192,0.3482807624251223,0.6330289541986486
25647,LOF,0.015425114934204221,0.27926320565565027,0.7053116794101455
25648,LOF,0.014681320521037804,0.30193822328982584,0.6833804561891363
25649,LOF,0.011713975843584927,0.22132937106306574,0.7669566530933493
25650,LOF,0.028720208586751193,0.4835341509999524,0.4877456404132963
25651,LOF,0.009021621657990106,0.2845680243824661,0.7064103539595438
25652,LOF,0.013555983007810536,0.26078238522263486,0.7256616317695546
25653,LOF,0.05238463498446838,0.36480432172499927,0.5828110432905323
25654,LOF,0.01656529084816049,0.14637317041352907,0.8370615387383105
25655,LOF,0.07469626361343823,0.42827429671565204,0.4970294396709098
25656,LOF,0.0995047103039832,0.07339087235887827,0.8271044173371386
25657,LOF,0.2956404887190025,0.03425396348043037,0.6701055478005672
25658,LOF,0.04351466983141808,0.09392371617614703,0.8625616139924349
25659,LOF,0.2996732018642065,0.062438002474528666,0.6378887956612649
25660,LOF,0.07167262694720532,0.09090116388384391,0.8374262091689507
25661,LOF,0.04848432497622068,0.06893037898512198,0.8825852960386574
25662,LOF,0.027259797819188743,0.04418350301867038,0.9285566991621408
25663,LOF,0.03808183559833948,0.06557546441880292,0.8963426999828576
25664,LOF,0.03904824034201977,0.07802027808162251,0.8829314815763577
25665,LOF,0.056546316543728214,0.04432614398715143,0.8991275394691203
25666,LOF,0.03452502804146267,0.1254966206651606,0.8399783512933767
25667,LOF,0.03352576240995107,0.04852199384204257,0.9179522437480064
25668,LOF,0.034150430883140466,0.05441151465857757,0.911438054458282
25669,LOF,0.04155604606237714,0.08571489346785276,0.87272906046977
25670,LOF,0.07448511027294302,0.08287588168734454,0.8426390080397125
25671,LOF,0.03972940880554022,0.041652800383817135,0.9186177908106427
25672,LOF,0.05681279128286079,0.06287703839524916,0.88031017032189
25673,LOF,0.041471478712702056,0.07193665730949234,0.8865918639778056
25674,LOF,0.037585284214259405,0.07426477358362367,0.888149942202117
25675,LOF,0.047320527337023806,0.060277171404811446,0.8924023012581648
25676,LOF,0.03293179536167309,0.055003338024300436,0.9120648666140265
25677,LOF,0.06338491053879246,0.06457635649546568,0.8720387329657419
25678,LOF,0.3016296999937541,0.03557227086798773,0.6627980291382582
25679,LOF,0.17954974904724577,0.07193644072024608,0.7485138102325082
25680,LOF,0.06151996127944666,0.09806829372825833,0.840411744992295
25681,LOF,0.11317313894573233,0.08882263107468964,0.798004229979578
25682,LOF,0.04395641927099257,0.07911334137740175,0.8769302393516057
25683,LOF,0.0829830349615661,0.10429149140171588,0.8127254736367181
25684,LOF,0.06059892231956899,0.07357942179456706,0.865821655885864
25685,LOF,0.0924694837443195,0.05608192054241015,0.8514485957132703
25686,LOF,0.0301890090143758,0.10398445296909799,0.8658265380165262
25687,LOF,0.05119942225008861,0.07812615952692903,0.8706744182229824
25688,LOF,0.02624618053013416,0.08715585254583824,0.8865979669240275
25689,LOF,0.020209992221585014,0.07610147959032813,0.9036885281880869
25690,LOF,0.02441919763841522,0.08796815106619607,0.8876126512953888
25691,LOF,0.17797612122845796,0.1307254745848005,0.6912984041867415
25692,LOF,0.29334618779219823,0.012513674867007154,0.6941401373407946
25693,LOF,0.08220773079411518,0.14244446583431603,0.7753478033715688
25694,LOF,0.24389543403762703,0.012732242202917873,0.7433723237594552
25695,LOF,0.15856419931578775,0.016562441666479955,0.8248733590177324
25696,LOF,0.17214923914419855,0.010374313724531346,0.81747644713127
25697,LOF,0.1504756878515832,0.01821284487125598,0.8313114672771609
25698,LOF,0.038632556991249685,0.3940787898923448,0.5672886531164055
25699,LOF,0.07008094002396961,0.06306465141927108,0.8668544085567593
25700,LOF,0.03072732633386897,0.009190274640765706,0.9600823990253653
25701,LOF,0.013232319607379896,0.07105522350217636,0.9157124568904438
25702,GOF,0.03960917173383424,0.7456854070245549,0.21470542124161082
25703,LOF,0.021494883455527167,0.19581071283814885,0.7826944037063239
25704,LOF,0.09465121678894607,0.14767258244931925,0.7576762007617346
25705,LOF,0.06516391014767008,0.21911205940075984,0.7157240304515702
25706,GOF,0.04598513089311928,0.6496595699339142,0.3043552991729665
25707,GOF,0.027386829931028943,0.5718075443740804,0.40080562569489064
25708,LOF,0.008837348768039195,0.4788083805276907,0.5123542707042702
25709,LOF,0.019232833392183967,0.0586256666827234,0.9221414999250925
25710,LOF,0.008668942316829664,0.1784619674058786,0.8128690902772917
25711,LOF,0.021687862017900895,0.11726381978196089,0.8610483182001382
25712,LOF,0.009777497229426196,0.2308748969560627,0.7593476058145111
25713,LOF,0.01919470754201298,0.09753019339873699,0.88327509905925
25714,LOF,0.020010988544686623,0.13934641954026872,0.8406425919150448
25715,LOF,0.02064438542101003,0.10723047971298545,0.8721251348660046
25716,LOF,0.011036134360496568,0.1729408637901769,0.8160230018493265
25717,LOF,0.005617571334077258,0.14782250589939142,0.8465599227665312
25718,LOF,0.017385430547520245,0.07998798249083106,0.9026265869616487
25719,LOF,0.03377231594152122,0.08668054992210167,0.8795471341363772
25720,LOF,0.023037172248022424,0.08331096886857334,0.8936518588834044
25721,LOF,0.023064581307052492,0.08734687365181365,0.8895885450411338
25722,LOF,0.01766665803843853,0.11734634102018777,0.8649870009413737
25723,LOF,0.02210736471710005,0.06969451838893126,0.9081981168939688
25724,LOF,0.033123986875194314,0.11436047914070047,0.8525155339841053
25725,LOF,0.02297227865438638,0.06260696658434835,0.9144207547612653
25726,LOF,0.016666478833863126,0.09462213913221942,0.8887113820339175
25727,LOF,0.020060946962991235,0.07731957492670312,0.9026194781103056
25728,LOF,0.01835200958025538,0.10007959295527769,0.8815683974644668
25729,LOF,0.019040146903836867,0.09909577203405989,0.8818640810621032
25730,LOF,0.02000649626064632,0.07885650925070317,0.9011369944886505
25731,LOF,0.010550129265632896,0.17442660932824133,0.8150232614061257
25732,LOF,0.01973027969860899,0.08123370020510359,0.8990360200962875
25733,LOF,0.0312752559139325,0.07755635172062719,0.8911683923654403
25734,LOF,0.0068963675301590465,0.22313848737199757,0.7699651450978433
25735,LOF,0.023294949852110943,0.06597223553395083,0.9107328146139382
25736,LOF,0.022317187006006406,0.10667669986103115,0.8710061131329624
25737,LOF,0.04189707711330669,0.09302283332351684,0.8650800895631764
25738,LOF,0.01953615863256583,0.150612018905886,0.8298518224615482
25739,LOF,0.021289031605608334,0.14235107645415257,0.8363598919402392
25740,LOF,0.051022754650997405,0.12864807149616342,0.8203291738528392
25741,LOF,0.027622113074343764,0.10639365610208702,0.8659842308235693
25742,LOF,0.03877690867457306,0.12954720134615202,0.8316758899792749
25743,LOF,0.012344096943399047,0.042893927647410846,0.9447619754091902
25744,LOF,0.1503023154304889,0.41796878632122775,0.4317288982482834
25745,LOF,0.022676513191197706,0.06806938184688147,0.9092541049619209
25746,LOF,0.012304428272294629,0.09386887946567046,0.8938266922620349
25747,LOF,0.03265742123314428,0.035694081796642255,0.9316484969702135
25748,LOF,0.260027252417259,0.05638998480839574,0.6835827627743454
25749,LOF,0.013056732577125595,0.06000953187297271,0.9269337355499017
25750,LOF,0.014699942911385553,0.09302798660581992,0.8922720704827946
25751,LOF,0.03632486884802302,0.06961827666943415,0.8940568544825429
25752,GOF,0.09966547183336925,0.6331956784339527,0.2671388497326781
25753,LOF,0.00692223943824464,0.3603970997508332,0.6326806608109221
25754,GOF,0.005378314679667531,0.8537759561191062,0.1408457292012264
25755,LOF,0.009187527902411955,0.4474422605409407,0.5433702115566473
25756,LOF,0.04940817741960248,0.42795945255156026,0.5226323700288372
25757,GOF,0.006406584019555835,0.8783444867491297,0.11524892923131447
25758,GOF,0.009719445800895773,0.8770968727888252,0.11318368141027906
25759,GOF,0.005058908612367963,0.5916445042168442,0.40329658717078787
25760,LOF,0.007186441283545361,0.29497182000584554,0.6978417387106091
25761,GOF,0.04834904544372209,0.852643347967043,0.09900760658923496
25762,LOF,0.029490273255298866,0.3601698465781974,0.6103398801665038
25763,LOF,0.00842228044084546,0.24970278381674088,0.7418749357424136
25764,GOF,0.06843960220680638,0.5747427073545892,0.35681769043860445
25765,GOF,0.008671939512804731,0.8449575598519302,0.14637050063526488
25766,GOF,0.046363326930126555,0.8250918079352224,0.1285448651346512
25767,GOF,0.013387942140249635,0.5615167313162225,0.4250953265435279
25768,LOF,0.03527891323686953,0.0793209548165467,0.8854001319465838
25769,LOF,0.02268589912449321,0.08286025639933547,0.8944538444761713
25770,LOF,0.16486019982602484,0.08265298334045901,0.7524868168335161
25771,LOF,0.012053284579117935,0.09019832169673013,0.8977483937241519
25772,LOF,0.02382672937486176,0.031036480522043747,0.9451367901030946
25773,LOF,0.014003661261057202,0.08703472806862327,0.8989616106703195
25774,LOF,0.02698697292048213,0.09761370262668995,0.8753993244528279
25775,LOF,0.01861348676800756,0.04841396093575369,0.9329725522962388
25776,LOF,0.026829674216452132,0.029142667963975154,0.9440276578195727
25777,LOF,0.22187051306463898,0.07583570949160821,0.7022937774437528
25778,LOF,0.020619100809911712,0.05845439079306811,0.9209265083970202
25779,GOF,0.045259718030675744,0.8932610820325504,0.0614791999367739
25780,GOF,0.07385518564471988,0.8785798516155244,0.047564962739755606
25781,GOF,0.025485025648179095,0.8882095384000155,0.08630543595180545
25782,GOF,0.02909037454292467,0.9079714704757482,0.06293815498132717
25783,GOF,0.018733573797171565,0.7931588356710627,0.18810759053176557
25784,GOF,0.11327447413256847,0.8570855945350782,0.029639931332353334
25785,GOF,0.06496048163976363,0.8941819786751127,0.04085753968512366
25786,GOF,0.0057672232579879835,0.8319415553002777,0.1622912214417343
25787,GOF,0.17685027322979643,0.7924433142117377,0.03070641255846577
25788,LOF,0.01609813027422539,0.20936146482927395,0.7745404048965006
25789,GOF,0.020043539295950392,0.8769570589282635,0.10299940177578605
25790,GOF,0.021546782881291443,0.8832034862613533,0.09524973085735523
25791,GOF,0.01505435160566559,0.8441418185247949,0.1408038298695396
25792,GOF,0.025129673448941216,0.8585875537058173,0.11628277284524159
25793,GOF,0.061530226882209646,0.8517880071902494,0.08668176592754089
25794,GOF,0.05802689238186872,0.7733046360975401,0.1686684715205912
25795,GOF,0.0703305384842688,0.789806547296491,0.1398629142192401
25796,GOF,0.08110543434698242,0.8208160605564511,0.09807850509656643
25797,GOF,0.04171540524483176,0.7171611442897274,0.2411234504654408
25798,GOF,0.0031754320586057437,0.6733628614110857,0.32346170653030865
25799,GOF,0.0029833334492540813,0.5620114142597044,0.4350052522910415
25800,GOF,0.01458093881092091,0.765537116945842,0.219881944243237
25801,GOF,0.018597800557254827,0.8876161285352422,0.09378607090750293
25802,GOF,0.0208661607107485,0.8231902198228532,0.15594361946639818
25803,GOF,0.01219455596204804,0.7299139752373676,0.25789146880058444
25804,GOF,0.01364796909432801,0.6378392752715168,0.3485127556341551
25805,GOF,0.023722612695845524,0.7357529922554432,0.24052439504871115
25806,GOF,0.018371396709687782,0.7913271496474321,0.19030145364288023
25807,GOF,0.004943982062591761,0.7614319193256575,0.23362409861175082
25808,GOF,0.014726769930047139,0.7716831406974652,0.21359008937248758
25809,GOF,0.007003171781491728,0.7564501820432379,0.2365466461752703
25810,GOF,0.006134823039127182,0.753223628463059,0.24064154849781388
25811,GOF,0.057862214157704234,0.876754584632693,0.06538320120960263
25812,GOF,0.018455577651539386,0.7584686693056335,0.22307575304282729
25813,GOF,0.10356491740902213,0.8062271071352414,0.09020797545573656
25814,GOF,0.02681026236617644,0.7959033196984723,0.17728641793535135
25815,GOF,0.06457206918380676,0.8217302043564617,0.1136977264597316
25816,GOF,0.0062956563232192,0.8652781543763167,0.1284261893004641
25817,GOF,0.09937024999755022,0.8017713421976106,0.0988584078048392
25818,GOF,0.023692929856281592,0.8261258872878776,0.15018118285584095
25819,GOF,0.06617225403638642,0.7806354400000378,0.15319230596357558
25820,GOF,0.031159500321569087,0.775674663642915,0.1931658360355158
25821,GOF,0.020815411279605105,0.7623279489822056,0.21685663973818942
25822,GOF,0.04445119028256841,0.7880572083501259,0.16749160136730565
25823,GOF,0.01568061567381899,0.663857165400481,0.3204622189257
25824,GOF,0.023452514299938283,0.7773479375860329,0.19919954811402885
25825,GOF,0.015119272285326477,0.7624729575496912,0.22240777016498228
25826,GOF,0.005376143757668305,0.7391225131249324,0.2555013431173993
25827,GOF,0.007326905845552519,0.724548508002139,0.26812458615230833
25828,GOF,0.005895459058132303,0.6924974019580042,0.3016071389838635
25829,GOF,0.0030215040156950116,0.7184756623115084,0.2785028336727965
25830,GOF,0.03937550692235833,0.5317988027751772,0.42882569030246454
25831,GOF,0.08543117526677821,0.8112659007918184,0.1033029239414036
25832,GOF,0.0094285246534587,0.8372861062943534,0.15328536905218798
25833,GOF,0.03559863725786805,0.8643826504917994,0.10001871225033268
25834,GOF,0.010080985479799121,0.8447206070877975,0.14519840743240334
25835,GOF,0.022130203586477395,0.8773661473313681,0.10050364908215463
25836,GOF,0.0071038890340892995,0.8455068725556993,0.14738923841021148
25837,GOF,0.007222543747187938,0.7424588062226287,0.2503186500301834
25838,GOF,0.02447000378715017,0.8767009772754522,0.09882901893739766
25839,GOF,0.03733598474260624,0.8713918988235935,0.09127211643380038
25840,GOF,0.08056822522094104,0.8414181830566299,0.07801359172242898
25841,GOF,0.08002140625172047,0.8489219694237281,0.07105662432455141
25842,GOF,0.026163920034550408,0.896505406896639,0.07733067306881064
25843,GOF,0.026157266575213153,0.9031099709759982,0.07073276244878869
25844,GOF,0.015367149574434642,0.857859531358525,0.12677331906704045
25845,GOF,0.005412340788710756,0.6686722085475488,0.3259154506637405
25846,GOF,0.07775019772964258,0.8491898740810063,0.07305992818935121
25847,GOF,0.016517251506293504,0.9134674146244333,0.07001533386927321
25848,GOF,0.017437180666086856,0.8666228647906211,0.11593995454329187
25849,GOF,0.0048310780792252496,0.7608935973764285,0.23427532454434624
25850,GOF,0.006539940952793027,0.7828681538068403,0.21059190524036656
25851,GOF,0.005615856764950563,0.654048610054024,0.34033553318102544
25852,GOF,0.14863581188434472,0.5778613894342939,0.2735027986813614
25853,GOF,0.06867476680618172,0.84928210479244,0.0820431284013784
25854,GOF,0.00530550465825241,0.7147329172629517,0.2799615780787958
25855,GOF,0.016948138722222405,0.6658527596548188,0.3171991016229588
25856,GOF,0.03727195963603456,0.8031287061980462,0.1595993341659191
25857,GOF,0.017562516528970017,0.6608820365787973,0.3215554468922328
25858,GOF,0.010270005337245385,0.66509305166819,0.32463694299456464
25859,GOF,0.005847566749121542,0.6463151166282132,0.34783731662266526
25860,GOF,0.0994565692580044,0.8172810160636188,0.08326241467837679
25861,GOF,0.08573187210669836,0.8276488758006574,0.08661925209264427
25862,GOF,0.018656192009479867,0.8763796017270103,0.1049642062635099
25863,GOF,0.02231075345779366,0.8879203970427759,0.08976884949943033
25864,GOF,0.046590146863185966,0.8881314083345826,0.06527844480223143
25865,GOF,0.034239729916303835,0.8650301795145098,0.10073009056918648
25866,GOF,0.025186959264198526,0.8805666549289077,0.09424638580689373
25867,GOF,0.03332655872819282,0.8931444703733605,0.07352897089844664
25868,GOF,0.051668758534666126,0.8494926608667545,0.09883858059857942
25869,GOF,0.34034578856667896,0.5964540043889853,0.0632002070443357
25870,GOF,0.06812490100033926,0.7015204128365627,0.23035468616309804
25871,GOF,0.009203578130980718,0.894344948413873,0.09645147345514604
25872,GOF,0.021047175974156798,0.8928381587871672,0.08611466523867604
25873,GOF,0.020788124561631302,0.9078061349102065,0.07140574052816229
25874,LOF,0.017858209055805988,0.2454142236271529,0.7367275673170411
25875,LOF,0.05078846398409858,0.049671715364608016,0.8995398206512935
25876,LOF,0.016718794594103126,0.03918890915664894,0.944092296249248
25877,LOF,0.12359583950466992,0.08793165279308174,0.7884725077022483
25878,LOF,0.0708765153035145,0.13540774180439283,0.7937157428920927
25879,LOF,0.026543449197437122,0.09886876562345775,0.8745877851791052
25880,LOF,0.05742434645045149,0.012948081316290223,0.9296275722332583
25881,Neutral,0.5147602056967738,0.0676338358493374,0.41760595845388876
25882,LOF,0.09014376990052285,0.024978526280161048,0.8848777038193161
25883,LOF,0.0282557344512271,0.024360084062502303,0.9473841814862707
25884,LOF,0.02373495201321793,0.050207792011684224,0.9260572559750979
25885,LOF,0.22673013696288796,0.012730639920573699,0.7605392231165383
25886,LOF,0.27544924806680504,0.04981602477562544,0.6747347271575695
25887,LOF,0.19532862071025855,0.06859073313530943,0.7360806461544319
25888,LOF,0.012103421990568122,0.1327183236603227,0.8551782543491091
25889,LOF,0.02873455764554075,0.035638620469972584,0.9356268218844866
25890,LOF,0.13519830555226875,0.10162025883922254,0.7631814356085088
25891,LOF,0.09328184052585711,0.02550309114639136,0.8812150683277514
25892,LOF,0.008336921553882357,0.03698124522831568,0.954681833217802
25893,LOF,0.40307056929653834,0.010523692891698988,0.5864057378117626
25894,LOF,0.4176695799797077,0.005449332627189263,0.576881087393103
25895,LOF,0.32885997288711305,0.014036347055700962,0.657103680057186
25896,LOF,0.06631591019247758,0.02083278641153422,0.9128513033959881
25897,LOF,0.1920747308278819,0.009039151025194859,0.7988861181469233
25898,LOF,0.18809089026129383,0.031811531143663016,0.7800975785950433
25899,LOF,0.44795353667674404,0.018668854429297495,0.5333776088939585
25900,Neutral,0.4978404938350997,0.009701384206734607,0.49245812195816574
25901,LOF,0.06249126070502169,0.0096005417708778,0.9279081975241006
25902,LOF,0.1972615880383648,0.00974392488043276,0.7929944870812025
25903,LOF,0.38889259842378876,0.02555748571960758,0.5855499158566037
25904,Neutral,0.5034518645307917,0.030119115406742357,0.466429020062466
25905,LOF,0.004864459064725242,0.4676627289945514,0.5274728119407234
25906,LOF,0.009582252938704733,0.10701149149345553,0.8834062555678398
25907,LOF,0.0048229683159720016,0.34726172641668,0.6479153052673479
25908,LOF,0.004734130908884377,0.2635610786848964,0.7317047904062192
25909,LOF,0.02537336241669734,0.15495893992623613,0.8196676976570665
25910,LOF,0.011611347413012401,0.1331975666731837,0.8551910859138039
25911,LOF,0.25673582185913135,0.046909614756469036,0.6963545633843996
25912,LOF,0.07980346403271811,0.05020877979342044,0.8699877561738614
25913,LOF,0.041269741654243505,0.07470652669074587,0.8840237316550106
25914,LOF,0.036069476270316245,0.04018424650878283,0.9237462772209009
25915,LOF,0.18453817452904206,0.16456360166148515,0.6508982238094728
25916,LOF,0.03504990481021406,0.1167941463010635,0.8481559488887225
25917,LOF,0.0708156866610297,0.03581970063981003,0.8933646126991603
25918,LOF,0.0447535181891244,0.024580341132278357,0.9306661406785973
25919,LOF,0.03642625583271396,0.023666182016876525,0.9399075621504096
25920,LOF,0.2620461374282725,0.19974193472280521,0.5382119278489222
25921,LOF,0.015496374591877759,0.048543487632705135,0.9359601377754172
25922,LOF,0.018732507559182765,0.04406499427736831,0.9372024981634489
25923,LOF,0.4208662549611378,0.0390579112321809,0.5400758338066813
25924,LOF,0.02121240989708187,0.0700083369914439,0.9087792531114742
25925,LOF,0.07584573738743094,0.052631084086637615,0.8715231785259314
25926,LOF,0.06405559884408718,0.04913346131605042,0.8868109398398624
25927,LOF,0.027157262807226426,0.08062494156121137,0.8922177956315622
25928,LOF,0.01022592882878703,0.06817539901504933,0.9215986721561636
25929,Neutral,0.5441163433808351,0.03663334311582041,0.41925031350334446
25930,LOF,0.0851966419551969,0.04035779909440248,0.8744455589504007
25931,LOF,0.013340083180384016,0.04406040658655746,0.9425995102330585
25932,LOF,0.06727489849457922,0.03620957460502738,0.8965155269003935
25933,LOF,0.06290059477727449,0.02288417918684358,0.914215226035882
25934,LOF,0.05625196456237914,0.022645852558669907,0.921102182878951
25935,LOF,0.07124102067289964,0.06539587128376212,0.8633631080433383
25936,LOF,0.09559198841887397,0.023591145618040814,0.8808168659630852
25937,LOF,0.019662221007490363,0.0515589106174577,0.9287788683750521
25938,LOF,0.06958187117377283,0.05911247659908192,0.8713056522271453
25939,LOF,0.04343480672322594,0.03005892491825043,0.9265062683585236
25940,LOF,0.008403550603475557,0.36846873467390545,0.6231277147226189
25941,Neutral,0.49806858621953715,0.05593285691340347,0.4459985568670593
25942,LOF,0.009184580196345526,0.06258673127866635,0.9282286885249881
25943,LOF,0.03407693132090277,0.21060574098538562,0.7553173276937116
25944,LOF,0.048640141870895603,0.09392651852081067,0.8574333396082936
25945,LOF,0.11271513352578441,0.027437177108515197,0.8598476893657003
25946,LOF,0.06957715640451502,0.03804549925144326,0.8923773443440417
25947,LOF,0.4341894219508766,0.11889255657314009,0.44691802147598325
25948,LOF,0.4179587245647052,0.017692674717274245,0.5643486007180206
25949,LOF,0.1403353160598441,0.07509915513775055,0.7845655288024054
25950,GOF,0.055481324863590954,0.584194379719606,0.36032429541680305
25951,LOF,0.010849448840224455,0.41539404241923467,0.573756508740541
25952,LOF,0.3173303158796006,0.2781840290469662,0.40448565507343315
25953,LOF,0.007934754382551031,0.17399287042958658,0.8180723751878625
25954,LOF,0.09307893439693203,0.4493996317484451,0.45752143385462285
25955,LOF,0.005195627503148025,0.18156455931615614,0.8132398131806959
25956,LOF,0.019514845742039648,0.2375631710471196,0.7429219832108408
25957,LOF,0.19241907696531926,0.03055523831046358,0.7770256847242172
25958,LOF,0.032307386690821234,0.05927848735266331,0.9084141259565155
25959,GOF,0.014200933378190355,0.6956364469968251,0.2901626196249844
25960,LOF,0.006491676803274794,0.08237564480458759,0.9111326783921375
25961,LOF,0.03144609671780335,0.04890771829047647,0.9196461849917202
25962,LOF,0.04796703054920248,0.06096088317186438,0.8910720862789331
25963,LOF,0.005460031499441532,0.1745927303348698,0.8199472381656887
25964,LOF,0.025430384851967254,0.11446403315018003,0.8601055819978528
25965,LOF,0.265787011546511,0.10910147704171194,0.625111511411777
25966,LOF,0.4120229238122487,0.14803072883949991,0.4399463473482513
25967,LOF,0.00783337820240236,0.09407067741621597,0.8980959443813816
25968,LOF,0.04055631175218598,0.25131903552392204,0.708124652723892
25969,LOF,0.1723949481124405,0.054199149761146495,0.773405902126413
25970,LOF,0.037356890440207124,0.1114683269190345,0.8511747826407583
25971,LOF,0.07941596871853743,0.03555799570960921,0.8850260355718534
25972,LOF,0.06109317295331578,0.06193323529093025,0.876973591755754
25973,LOF,0.06616290298113457,0.00907385545471116,0.9247632415641542
25974,LOF,0.05652699315427794,0.036917146584921554,0.9065558602608005
25975,LOF,0.042375486066809756,0.017729363208430007,0.9398951507247604
25976,LOF,0.0974248557924038,0.010449004828784747,0.8921261393788115
25977,LOF,0.19742857357024185,0.0733551897549142,0.7292162366748438
25978,LOF,0.1869547204883009,0.10253631947677752,0.7105089600349216
25979,LOF,0.15449242090953164,0.1137223580546061,0.7317852210358624
25980,LOF,0.25265647656753226,0.1639070860611202,0.5834364373713475
25981,LOF,0.2533546116218511,0.16523796797745022,0.5814074204006987
25982,Neutral,0.4796668410878474,0.07721907760762071,0.44311408130453184
25983,Neutral,0.4658797973523536,0.09519012772462888,0.4389300749230176
25984,LOF,0.04085219616929933,0.09258487469387913,0.8665629291368215
25985,LOF,0.42715179334355263,0.1306940893774655,0.4421541172789819
25986,LOF,0.014527063330701393,0.4380663642417705,0.5474065724275282
25987,LOF,0.05034384174452571,0.10712699506004501,0.8425291631954294
25988,LOF,0.04015192820316489,0.16326041325268434,0.7965876585441507
25989,LOF,0.03780953075076007,0.19764765359840564,0.7645428156508344
25990,LOF,0.03798126131214448,0.3067331864737486,0.655285552214107
25991,LOF,0.027054301832811687,0.39389519668621065,0.5790505014809776
25992,LOF,0.025929858007808584,0.398004682410948,0.5760654595812434
25993,LOF,0.02784531552282928,0.06350717933229096,0.9086475051448798
25994,LOF,0.02597676876365512,0.0687206061746881,0.9053026250616567
25995,LOF,0.020990306108432617,0.11855817157072347,0.8604515223208439
25996,LOF,0.34013125059860416,0.31890125435167405,0.3409674950497218
25997,LOF,0.07476010014479074,0.3498835988309511,0.5753563010242582
25998,LOF,0.30468358663494854,0.049350448645671015,0.6459659647193804
25999,LOF,0.024778488088072172,0.1869076559650878,0.7883138559468401
26000,LOF,0.18699516999663301,0.025839304235298913,0.7871655257680681
26001,LOF,0.2591185573771556,0.035975783662147924,0.7049056589606965
26002,LOF,0.12864228962687088,0.03649326522441374,0.8348644451487153
26003,GOF,0.006227971331964714,0.6542342810609209,0.33953774760711436
26004,GOF,0.01113970993300272,0.7121141829730664,0.27674610709393094
26005,LOF,0.004279934109824522,0.4822271544906874,0.513492911399488
26006,GOF,0.1307995561403056,0.5468090923478701,0.32239135151182424
26007,GOF,0.008055654489854762,0.5430451735937325,0.4488991719164128
26008,GOF,0.00574985098083682,0.5909838609950239,0.40326628802413944
26009,GOF,0.009242421477001841,0.6617339261713063,0.3290236523516918
26010,GOF,0.009148303138766,0.619817950358705,0.371033746502529
26011,LOF,0.0035639319645044457,0.43079093558830345,0.5656451324471922
26012,LOF,0.004365516007950224,0.49169499707598013,0.5039394869160696
26013,GOF,0.011009393814615,0.5747877133511198,0.4142028928342651
26014,LOF,0.0647618634075675,0.1093738092246246,0.8258643273678079
26015,LOF,0.3365963091896515,0.03817487172717727,0.6252288190831712
26016,LOF,0.29521256582756433,0.057543584044553966,0.6472438501278818
26017,LOF,0.018170766887646794,0.2641336271369276,0.7176956059754257
26018,LOF,0.024563087749577297,0.08221951785216682,0.8932173943982559
26019,LOF,0.024506517792522088,0.07229177592064219,0.9032017062868357
26020,LOF,0.009121942894063408,0.25541549813572695,0.7354625589702096
26021,LOF,0.08652921677427196,0.11331486281320098,0.800155920412527
26022,LOF,0.03652471728708488,0.04495343644333201,0.9185218462695831
26023,LOF,0.026454598426839376,0.05724681227538236,0.9162985892977783
26024,LOF,0.05689284684649912,0.09086046774966498,0.8522466854038359
26025,LOF,0.0674588603993945,0.10502658785441865,0.8275145517461867
26026,LOF,0.08857292865129986,0.08243439600560436,0.8289926753430957
26027,LOF,0.02405016819213473,0.04011837408809254,0.9358314577197727
26028,LOF,0.11990976798027589,0.15749051781755888,0.7225997142021653
26029,LOF,0.019145152984950547,0.2170463557808386,0.7638084912342108
26030,LOF,0.1685569745688076,0.02629328942730901,0.8051497360038834
26031,LOF,0.008940421219068347,0.18515295212811989,0.8059066266528119
26032,LOF,0.048658106835797216,0.05921011205961233,0.8921317811045905
26033,LOF,0.06824907975009648,0.05310603284209735,0.8786448874078062
26034,LOF,0.010585842975324554,0.19385590412841383,0.7955582528962617
26035,LOF,0.011774668737432874,0.1236997644495534,0.8645255668130137
26036,LOF,0.011459530217850239,0.13991541354646297,0.8486250562356867
26037,LOF,0.00939207351790983,0.11811710939117971,0.8724908170909105
26038,LOF,0.040472976032226445,0.053405008740651565,0.906122015227122
26039,LOF,0.02151131791060218,0.16666616627829395,0.8118225158111039
26040,LOF,0.10293229265681253,0.1321564605754815,0.7649112467677059
26041,LOF,0.012526028906031607,0.09739471430860744,0.8900792567853609
26042,LOF,0.011472033771601818,0.11390768420911433,0.8746202820192838
26043,LOF,0.03944771847313215,0.07677783855647047,0.8837744429703973
26044,LOF,0.012014427677547566,0.05772496587644168,0.9302606064460108
26045,LOF,0.07926866748833344,0.11905375918352404,0.8016775733281425
26046,LOF,0.03421823560066314,0.05602052903069363,0.9097612353686432
26047,LOF,0.05931017392643581,0.054465882384320326,0.8862239436892437
26048,LOF,0.06039914300831159,0.028248067948568264,0.9113527890431202
26049,Neutral,0.9445258453515595,0.008780221785930825,0.04669393286250979
26050,Neutral,0.9214763241028123,0.009717978240621466,0.06880569765656598
26051,LOF,0.017799917363546306,0.09587614860619352,0.8863239340302601
26052,LOF,0.028778953537424833,0.1132847792365256,0.8579362672260494
26053,LOF,0.026212167201868204,0.16608240721021955,0.8077054255879123
26054,LOF,0.04761555797399266,0.034718060550845725,0.9176663814751616
26055,LOF,0.0667626829997736,0.03182773946905587,0.9014095775311706
26056,LOF,0.05527812215575823,0.0393386483976732,0.9053832294465687
26057,LOF,0.05699591387328985,0.016652742272320095,0.9263513438543901
26058,LOF,0.0601155089428148,0.013426612263774304,0.9264578787934109
26059,LOF,0.19925471715010545,0.03848829731661841,0.7622569855332763
26060,LOF,0.016627419356624238,0.18392664123751123,0.7994459394058646
26061,LOF,0.01166826167508946,0.011824971948425134,0.9765067663764854
26062,LOF,0.006186996515366595,0.02069697184384155,0.9731160316407919
26063,LOF,0.03876802147259749,0.013457249385602686,0.9477747291417997
26064,LOF,0.009917858402908418,0.03285590803812716,0.9572262335589645
26065,LOF,0.04595942084527737,0.015976755803427375,0.9380638233512953
26066,LOF,0.04784804461229495,0.012230762570610088,0.939921192817095
26067,LOF,0.053458511927286484,0.012058280624471486,0.934483207448242
26068,LOF,0.052560429331410065,0.05007166316247928,0.8973679075061107
26069,LOF,0.30162191163562135,0.03440894859858565,0.663969139765793
26070,Neutral,0.567592522970994,0.024134357609255138,0.4082731194197507
26071,LOF,0.04493269202181202,0.014400612574942065,0.9406666954032459
26072,LOF,0.010498459217984958,0.020799693873133285,0.9687018469088817
26073,LOF,0.04045281563552346,0.015120299935509311,0.9444268844289673
26074,Neutral,0.8793973881462556,0.01141961876078741,0.10918299309295693
26075,LOF,0.056392591219713184,0.02499542318300596,0.9186119855972809
26076,LOF,0.05009071697733626,0.014619653343018704,0.935289629679645
26077,LOF,0.1531009859933802,0.008498487081688698,0.838400526924931
26078,LOF,0.008457283695501803,0.017988536475725188,0.9735541798287731
26079,LOF,0.06306657875579316,0.024975630052401703,0.9119577911918052
26080,LOF,0.06230388691445773,0.024980239392453796,0.9127158736930884
26081,LOF,0.03278484876486602,0.0110418421914532,0.9561733090436808
26082,LOF,0.0068689013126831296,0.01888164951561992,0.974249449171697
26083,LOF,0.11024127289608836,0.026414781600583335,0.8633439455033283
26084,LOF,0.10873387615318171,0.017679976977825022,0.8735861468689934
26085,LOF,0.10154855007489952,0.014841617220492122,0.8836098327046084
26086,LOF,0.03990111232679872,0.015254080980291334,0.94484480669291
26087,LOF,0.038379983272744084,0.011436484697483203,0.9501835320297728
26088,LOF,0.007894103316519161,0.02466589947571146,0.9674399972077693
26089,LOF,0.042058078829393435,0.04002137537322404,0.9179205457973826
26090,LOF,0.04250095916749654,0.03066104169827726,0.9268379991342262
26091,LOF,0.031744392078613064,0.009251965603621194,0.9590036423177657
26092,LOF,0.044244076151397915,0.009950868852145514,0.9458050549964566
26093,LOF,0.08374395232869752,0.0068811733659683814,0.9093748743053341
26094,LOF,0.03712039495935488,0.00860908719285276,0.9542705178477924
26095,LOF,0.03069005484464202,0.02087681365948009,0.9484331314958778
26096,LOF,0.19705948504089785,0.005899861257803175,0.797040653701299
26097,LOF,0.007479366560434101,0.04010100411577531,0.9524196293237907
26098,LOF,0.12404880145887238,0.02244124175044845,0.8535099567906792
26099,LOF,0.047335435306177245,0.02024672034419015,0.9324178443496326
26100,LOF,0.047335435306177245,0.02024672034419015,0.9324178443496326
26101,LOF,0.05724459395195169,0.037254136302067906,0.9055012697459803
26102,LOF,0.03642825482327302,0.019937649330182893,0.9436340958465441
26103,Neutral,0.8890308353615405,0.03278038629724614,0.07818877834121335
26104,LOF,0.055826576751425966,0.04860627639968343,0.8955671468488905
26105,LOF,0.2517809118416184,0.14051044231998322,0.6077086458383985
26106,LOF,0.33647910814546356,0.08082874850735451,0.5826921433471819
26107,LOF,0.02194017337520408,0.08611763234826719,0.8919421942765287
26108,LOF,0.27278808795872206,0.03730574514823064,0.6899061668930473
26109,LOF,0.09315154993415062,0.04309230261183187,0.8637561474540175
26110,LOF,0.44958468649781963,0.009928699702490948,0.5404866137996894
26111,LOF,0.0572069043803583,0.14378431581310763,0.799008779806534
26112,LOF,0.05551954535170194,0.00986464164157151,0.9346158130067266
26113,LOF,0.1104685022783351,0.02687883166611149,0.8626526660555534
26114,LOF,0.09042808120322715,0.012604162266522124,0.8969677565302507
26115,LOF,0.015515257957524944,0.06605553645307133,0.9184292055894038
26116,LOF,0.06989528524390158,0.02649850456416832,0.90360621019193
26117,LOF,0.3454818266976996,0.0427298490686545,0.6117883242336459
26118,LOF,0.047274771276137995,0.01893671542987237,0.9337885132939897
26119,LOF,0.006458011667451368,0.03673776028990937,0.9568042280426392
26120,LOF,0.03325863331148348,0.017410451564211782,0.9493309151243047
26121,LOF,0.0036638754024892195,0.13311452695554757,0.8632215976419632
