feature0,prediction,LoGoFunc_Neutral,LoGoFunc_GOF,LoGoFunc_LOF
25546,Neutral,0.7538703711219958,0.04314918980370732,0.20298043907429683
25547,Neutral,0.6040351328644605,0.08784582379479691,0.3081190433407426
25548,Neutral,0.6333417393266528,0.06049571803754491,0.3061625426358024
25549,Neutral,0.5532070660751619,0.059273304860982236,0.38751962906385584
25550,LOF,0.355527107423606,0.14103425962586483,0.5034386329505292
25551,LOF,0.28942222120601974,0.1531611819421654,0.5574165968518149
25552,LOF,0.2130892246649307,0.14411820841831804,0.6427925669167512
25553,Neutral,0.8578275083456209,0.028817120914816276,0.1133553707395627
25554,LOF,0.24659939172316012,0.13576769931091892,0.6176329089659209
25555,LOF,0.20579853610843638,0.11800086672369477,0.6762005971678688
25556,Neutral,0.4745995361884716,0.11034416193450546,0.415056301877023
25557,LOF,0.19481710216431772,0.12319967570242389,0.6819832221332583
25558,LOF,0.226173226032246,0.13523540011356378,0.6385913738541903
25559,LOF,0.3209410829291784,0.1342044719851958,0.5448544450856257
25560,LOF,0.07123713832960642,0.1351824175832199,0.7935804440871738
25561,LOF,0.1479985738478698,0.12090876205307932,0.7310926640990509
25562,LOF,0.09527996626435349,0.07420452188051142,0.830515511855135
25563,LOF,0.10228482212080735,0.08882544365944367,0.808889734219749
25564,LOF,0.20013032119103297,0.13793950205665542,0.6619301767523116
25565,LOF,0.14177162829485446,0.14472608538233026,0.7135022863228152
25566,GOF,0.016643145522206065,0.7900136955101552,0.19334315896763873
25567,LOF,0.018373112880242255,0.2311331196806789,0.7504937674390788
25568,LOF,0.05302594015437292,0.09239140903663366,0.8545826508089934
25569,LOF,0.05375345187756074,0.09553496012138335,0.8507115880010558
25570,LOF,0.03056427011109738,0.1410323022152578,0.8284034276736448
25571,LOF,0.028271509289457496,0.13709758083248025,0.8346309098780622
25572,LOF,0.04906703348739505,0.15609870723652985,0.7948342592760751
25573,LOF,0.029204717590584413,0.1345493141034002,0.8362459683060153
25574,LOF,0.01842789781856936,0.19706275579338017,0.7845093463880505
25575,LOF,0.02214700634840457,0.15408914639608373,0.8237638472555118
25576,LOF,0.014925010035116981,0.1750988761204932,0.8099761138443897
25577,LOF,0.011910117047316498,0.1578280663845787,0.8302618165681048
25578,LOF,0.27330042338465527,0.1249611308664354,0.6017384457489094
25579,LOF,0.1187854390383571,0.14381140913591045,0.7374031518257324
25580,LOF,0.017477034157137677,0.11637894771055145,0.8661440181323109
25581,LOF,0.047024619457271113,0.09944904652403144,0.8535263340186976
25582,LOF,0.04680780571111974,0.09804171606996198,0.8551504782189183
25583,LOF,0.01844266350522436,0.14036873460484775,0.841188601889928
25584,Neutral,0.48811002362887895,0.1407020942134965,0.3711878821576245
25585,LOF,0.018602248126206002,0.1596204597938558,0.8217772920799382
25586,LOF,0.015592994347160914,0.10944794492392419,0.8749590607289149
25587,LOF,0.01622633051681357,0.10141937995457301,0.8823542895286135
25588,LOF,0.016065966711465797,0.12611305044609275,0.8578209828424413
25589,Neutral,0.5770885972637618,0.16291667572590846,0.25999472701032983
25590,LOF,0.02951540647269091,0.16461379937719847,0.8058707941501105
25591,LOF,0.08857563610014571,0.08891977398225638,0.822504589917598
25592,LOF,0.05035120336475675,0.1822825815233733,0.76736621511187
25593,LOF,0.021871052792911395,0.3002569600452703,0.6778719871618183
25594,LOF,0.043085388753390935,0.1196828974979738,0.8372317137486353
25595,LOF,0.05395789883650502,0.09340905952748901,0.852633041636006
25596,LOF,0.06123465866493092,0.0692730659015802,0.869492275433489
25597,LOF,0.04455313235579881,0.07243373341303581,0.8830131342311653
25598,LOF,0.04284301126499836,0.11196992648387696,0.8451870622511247
25599,GOF,0.007009414689175938,0.5907222060527311,0.402268379258093
25600,GOF,0.021974871377415432,0.6098715850134927,0.36815354360909197
25601,LOF,0.013676289926562321,0.4079677619212005,0.5783559481522372
25602,LOF,0.0326207837703991,0.037157750293483525,0.9302214659361173
25603,LOF,0.052663210236790506,0.01654380499382839,0.930792984769381
25604,LOF,0.02897290399141365,0.05672612172666405,0.9143009742819223
25605,LOF,0.007905408597717588,0.2279158548604016,0.7641787365418807
25606,LOF,0.11356365049326858,0.3497448463582115,0.5366915031485199
25607,LOF,0.004966318713047105,0.209577359962928,0.7854563213240249
25608,LOF,0.021986834777232987,0.08677625042687742,0.8912369147958896
25609,LOF,0.0796789005161851,0.41098624207199275,0.5093348574118222
25610,LOF,0.019149452748948536,0.025520435000323846,0.9553301122507276
25611,LOF,0.02105821950458551,0.02396156481394836,0.9549802156814661
25612,LOF,0.09145671976447788,0.03558003593165989,0.8729632443038622
25613,LOF,0.07880648342207006,0.036222526228151655,0.8849709903497783
25614,LOF,0.024086059012635018,0.027877477019196285,0.9480364639681688
25615,LOF,0.03183801696031696,0.04373339875039493,0.9244285842892881
25616,LOF,0.057999903182946025,0.026365916430946722,0.9156341803861072
25617,LOF,0.06068147076443934,0.031268355886092676,0.9080501733494679
25618,LOF,0.07828299635287679,0.030522318461730612,0.8911946851853926
25619,LOF,0.01736499328186692,0.03010822078632365,0.9525267859318094
25620,LOF,0.07371169765066742,0.033848757959423936,0.8924395443899086
25621,LOF,0.03399102057724059,0.0327389003208061,0.9332700791019533
25622,LOF,0.04797014902844583,0.02741205059882173,0.9246178003727324
25623,LOF,0.06642984446966292,0.02328241258638897,0.9102877429439481
25624,LOF,0.020230585810978096,0.03389383757499838,0.9458755766140234
25625,LOF,0.04706472088586675,0.040041576122052884,0.9128937029920805
25626,LOF,0.07117038888389457,0.03200494863384729,0.8968246624822582
25627,Neutral,0.5619871522296663,0.1363433769034295,0.3016694708669042
25628,LOF,0.20081620905376418,0.05366035792220003,0.7455234330240358
25629,LOF,0.055706243633937044,0.0643809499243745,0.8799128064416885
25630,LOF,0.15595176608880604,0.09182506161221493,0.7522231722989791
25631,Neutral,0.6361345235256057,0.05797402982166571,0.3058914466527286
25632,LOF,0.010204403056713128,0.12973323547555066,0.8600623614677362
25633,LOF,0.19011137090961716,0.08057569117055478,0.7293129379198281
25634,LOF,0.03061265793291711,0.12053741812005583,0.8488499239470271
25635,LOF,0.0290545017475006,0.08033428990065168,0.8906112083518477
25636,GOF,0.005830494594245253,0.5895810690387997,0.404588436366955
25637,GOF,0.007057043575114561,0.6040365916917696,0.38890636473311585
25638,LOF,0.012870532492249374,0.2752453446856164,0.7118841228221343
25639,LOF,0.006293930995903901,0.45626000670688,0.537446062297216
25640,GOF,0.4451881302896259,0.4685338834340658,0.08627798627630826
25641,LOF,0.012426043731729435,0.3086455723628994,0.678928383905371
25642,LOF,0.26120534679543483,0.06491521417320324,0.6738794390313619
25643,LOF,0.19999697239348024,0.21148435120065687,0.5885186764058629
25644,GOF,0.010138744050495927,0.5084335694878517,0.48142768646165235
25645,LOF,0.009282664897279478,0.4625902164562694,0.528127118646451
25646,LOF,0.01450139890952021,0.3001265433919025,0.6853720576985773
25647,LOF,0.011671957692592516,0.2682080985287799,0.7201199437786276
25648,LOF,0.01097292218406779,0.25970054651765356,0.7293265312982787
25649,LOF,0.008697066884720514,0.18033032941196853,0.8109726037033109
25650,LOF,0.01784863717682007,0.41197658824050426,0.5701747745826756
25651,LOF,0.0066110628762206,0.2764924414270805,0.7168964956966989
25652,LOF,0.010966390216208505,0.252144709392595,0.7368889003911965
25653,LOF,0.039601162431836597,0.3787232017625714,0.5816756358055919
25654,LOF,0.012221262086391882,0.14161961833719047,0.8461591195764175
25655,LOF,0.0597795411190483,0.4189822452908908,0.5212382135900608
25656,LOF,0.2043315266985423,0.05120633822464649,0.7444621350768111
25657,LOF,0.35013558895762115,0.02405012298097363,0.6258142880614052
25658,LOF,0.07730004599057495,0.08727398155184857,0.8354259724575765
25659,LOF,0.42297670859032394,0.0744923734677904,0.5025309179418856
25660,LOF,0.03226739772406959,0.09395896289763338,0.8737736393782971
25661,LOF,0.10842370216423573,0.06165318351176811,0.8299231143239962
25662,LOF,0.023440655948750784,0.044020437523969835,0.9325389065272794
25663,LOF,0.03132488029207341,0.06346213814366515,0.9052129815642616
25664,LOF,0.05648416383557884,0.07479092056843696,0.8687249155959842
25665,LOF,0.0601558062015303,0.03752043895293507,0.9023237548455346
25666,LOF,0.05343103613825247,0.10404099427055657,0.842527969591191
25667,LOF,0.07565607803856626,0.04892803787387164,0.875415884087562
25668,LOF,0.026667636059927807,0.05241824913538184,0.9209141148046903
25669,LOF,0.028518245688415184,0.07284929279882692,0.8986324615127579
25670,LOF,0.10510348569100571,0.08351756103149166,0.8113789532775025
25671,LOF,0.09492177597337037,0.041212559707708034,0.8638656643189216
25672,LOF,0.06140414355042833,0.052071441650590966,0.8865244147989807
25673,LOF,0.04434517407948332,0.06165759470522385,0.893997231215293
25674,LOF,0.039764513689545845,0.06361390223949591,0.8966215840709582
25675,LOF,0.06583828683385816,0.06008885723360127,0.8740728559325405
25676,LOF,0.021500313545159695,0.06268789774914017,0.9158117887057001
25677,LOF,0.031290038474568925,0.07259607638896477,0.8961138851364663
25678,LOF,0.19780582260688714,0.04564711796295379,0.7565470594301591
25679,LOF,0.15573827182859867,0.07210007187634851,0.7721616562950528
25680,LOF,0.03327745011213056,0.10598596798029646,0.860736581907573
25681,LOF,0.0561751744994323,0.09845593723822649,0.8453688882623412
25682,LOF,0.12150060019043105,0.06779484771142844,0.8107045520981404
25683,LOF,0.12571755466788806,0.08604052657799274,0.7882419187541192
25684,LOF,0.045765531593500296,0.07690751461967266,0.8773269537868271
25685,LOF,0.12670991656786934,0.04907216961663876,0.8242179138154918
25686,LOF,0.03794522721095367,0.09666442393396558,0.8653903488550807
25687,LOF,0.041000433953012116,0.09001239379439939,0.8689871722525885
25688,LOF,0.03494284087861552,0.07954038248967238,0.8855167766317122
25689,LOF,0.024563299288837718,0.07752259757063083,0.8979141031405315
25690,LOF,0.026291091637870346,0.0784796499088949,0.8952292584532348
25691,LOF,0.25645945073956533,0.09467249848291234,0.6488680507775224
25692,LOF,0.3466150356031769,0.010124016135054986,0.6432609482617682
25693,LOF,0.08740837512536417,0.2048135442518088,0.7077780806228271
25694,LOF,0.265097726197225,0.018266399736438385,0.7166358740663366
25695,LOF,0.18206210050098492,0.02324069091953529,0.7946972085794798
25696,LOF,0.14532474528913178,0.012644486126027577,0.8420307685848407
25697,LOF,0.1684163195380021,0.024462241832061547,0.8071214386299363
25698,LOF,0.04901369356283311,0.4611203628128482,0.4898659436243186
25699,LOF,0.08242830858987604,0.08852243657692563,0.8290492548331984
25700,LOF,0.06400945361084216,0.008906870945367492,0.9270836754437902
25701,LOF,0.015836652084661975,0.0822470405727787,0.9019163073425593
25702,GOF,0.026597224956311602,0.6967786998197402,0.2766240752239483
25703,LOF,0.010718541816350851,0.17348906116796528,0.815792397015684
25704,LOF,0.04574097657768122,0.16033884906121976,0.7939201743610992
25705,LOF,0.05053477220529411,0.21613765415687566,0.7333275736378302
25706,GOF,0.040538673011704926,0.526704586553671,0.432756740434624
25707,LOF,0.022085925823755844,0.47530566186559886,0.5026084123106453
25708,LOF,0.007308548066198293,0.3829969121621001,0.6096945397717017
25709,LOF,0.05277402939059598,0.05410864634916823,0.8931173242602358
25710,LOF,0.0068781670666612105,0.1628968616377972,0.8302249712955415
25711,LOF,0.01774230068529534,0.10484576790283597,0.8774119314118687
25712,LOF,0.00927919179091077,0.19447170433934582,0.7962491038697433
25713,LOF,0.016780272656423095,0.09068930931322997,0.8925304180303469
25714,LOF,0.0662590497047794,0.10935385541173882,0.8243870948834818
25715,LOF,0.01269830023933546,0.11809765181452261,0.869204047946142
25716,LOF,0.007908796462514724,0.09824272486843022,0.893848478669055
25717,LOF,0.006228008030960899,0.10545828073236488,0.8883137112366741
25718,LOF,0.014093564521191426,0.07575737120729137,0.9101490642715172
25719,LOF,0.021899001851303657,0.07973773149878784,0.8983632666499084
25720,LOF,0.020286280198045712,0.07761495416014542,0.9020987656418088
25721,LOF,0.015341231046878748,0.10257939117379773,0.8820793777793235
25722,LOF,0.012901848179677787,0.13231295616024197,0.8547851956600802
25723,LOF,0.017848770864265458,0.06081801288986305,0.9213332162458715
25724,LOF,0.021865436008719735,0.10286547990473585,0.8752690840865445
25725,LOF,0.013192673720474592,0.06979289501324126,0.9170144312662842
25726,LOF,0.011321473746663731,0.09868527904189085,0.8899932472114453
25727,LOF,0.013939445901088986,0.08680118686763477,0.8992593672312763
25728,LOF,0.01193344767481877,0.10464422427271979,0.8834223280524613
25729,LOF,0.012513943447495346,0.10775834488518032,0.8797277116673242
25730,LOF,0.013237590935100905,0.08693576868298228,0.8998266403819167
25731,LOF,0.012281048114895051,0.13382585070129935,0.8538931011838056
25732,LOF,0.012844691899162073,0.09406096010607781,0.8930943479947601
25733,LOF,0.01741239761502839,0.08098572707447564,0.901601875310496
25734,LOF,0.006351440617118654,0.15448135055531412,0.8391672088275672
25735,LOF,0.015524353061392137,0.07647325567361377,0.9080023912649942
25736,LOF,0.014168863533209073,0.11716283622000286,0.8686683002467881
25737,LOF,0.02462916299243625,0.08812588091925953,0.8872449560883042
25738,LOF,0.01372590631396898,0.13184329143486792,0.8544308022511631
25739,LOF,0.018954691071867206,0.11046467791449983,0.870580631013633
25740,LOF,0.031910779283288726,0.12082768869051624,0.847261532026195
25741,LOF,0.015921307262552722,0.10009094882436653,0.8839877439130808
25742,LOF,0.10520927397922286,0.09091082983544956,0.8038798961853275
25743,LOF,0.015604429856474374,0.04244201034919112,0.9419535597943346
25744,GOF,0.18783181744599192,0.4278634754066803,0.3843047071473277
25745,LOF,0.024930469510165438,0.06406282159587798,0.9110067088939565
25746,LOF,0.013654791748045498,0.07975814402952267,0.9065870642224317
25747,LOF,0.023550234375527945,0.04057069238851164,0.9358790732359604
25748,LOF,0.13747645652695528,0.06676051819950073,0.7957630252735439
25749,LOF,0.01468297738515443,0.047657130898056885,0.9376598917167887
25750,LOF,0.02791902632342434,0.0728809074010082,0.8992000662755675
25751,LOF,0.09967788394309038,0.06805715187917177,0.8322649641777379
25752,GOF,0.09609345097390115,0.6477763000904062,0.25613024893569264
25753,LOF,0.00853191274322945,0.41555159660246194,0.5759164906543086
25754,GOF,0.004428064319646206,0.85291826788552,0.14265366779483368
25755,LOF,0.011339527391517654,0.4430687514833195,0.5455917211251629
25756,LOF,0.04810017248976879,0.4352737022533554,0.5166261252568759
25757,GOF,0.0056498404286151405,0.8724718030684597,0.1218783565029253
25758,GOF,0.006278605442197279,0.8592822790099592,0.1344391155478435
25759,GOF,0.0041819613958077664,0.5569369904341529,0.4388810481700392
25760,LOF,0.005827863913697882,0.308312228615636,0.685859907470666
25761,GOF,0.0419164140568483,0.8362441023302646,0.12183948361288707
25762,LOF,0.029211189727368504,0.3533620338412326,0.6174267764313989
25763,LOF,0.006846691255874892,0.24287798476040007,0.7502753239837251
25764,GOF,0.11399067669098761,0.5589193992909054,0.32708992401810705
25765,GOF,0.010864916294877864,0.8268051971928291,0.16232988651229294
25766,GOF,0.023689100933398825,0.8198901961827388,0.15642070288386245
25767,LOF,0.022774356120592965,0.4772605600080581,0.49996508387134897
25768,LOF,0.07646983630353654,0.06190455138625962,0.8616256123102038
25769,LOF,0.07125895503757011,0.0646206485334773,0.8641203964289526
25770,LOF,0.15214647426159159,0.06934253422696636,0.778510991511442
25771,LOF,0.02075253610648213,0.06848565673182531,0.9107618071616926
25772,LOF,0.01487997165529661,0.0307172175549807,0.9544028107897228
25773,LOF,0.018788275160311615,0.08076601811261333,0.9004457067270751
25774,LOF,0.02587284902231354,0.09667977373756956,0.877447377240117
25775,LOF,0.026515435388099043,0.043084069254501166,0.9304004953573998
25776,LOF,0.08221311224697224,0.024149504757292058,0.8936373829957357
25777,LOF,0.15162368975005833,0.0626887216131821,0.7856875886367596
25778,LOF,0.06251763368999666,0.04718735324148106,0.8902950130685222
25779,GOF,0.04841875882130671,0.8923677154817928,0.05921352569690054
25780,GOF,0.048871294827250646,0.8770131928943152,0.07411551227843412
25781,GOF,0.02193966758659666,0.8698439476270293,0.10821638478637398
25782,GOF,0.026249865312200235,0.9073665898101042,0.06638354487769561
25783,GOF,0.014457074257514363,0.7171006563611213,0.2684422693813643
25784,GOF,0.1412513775053797,0.8167405645099812,0.04200805798463904
25785,GOF,0.058680922259015694,0.9008895027859611,0.040429574955023154
25786,GOF,0.004491570451327395,0.8318138820271868,0.16369454752148602
25787,GOF,0.14054286059429308,0.8285707099944739,0.03088642941123307
25788,LOF,0.04452800904544582,0.161496626631183,0.7939753643233711
25789,GOF,0.028022628200378007,0.8623419273158494,0.10963544448377256
25790,GOF,0.03596245056304219,0.8830254989250452,0.0810120505119125
25791,GOF,0.024811931041638594,0.8274307749824257,0.14775729397593573
25792,GOF,0.041039918328647666,0.8396299374510966,0.1193301442202556
25793,GOF,0.09715292391285096,0.8232965574964776,0.07955051859067146
25794,GOF,0.08861309677732393,0.7606860526728667,0.1507008505498094
25795,GOF,0.042055864331713586,0.7657807538649083,0.1921633818033782
25796,GOF,0.09551247153894507,0.8015072865013193,0.10298024195973558
25797,GOF,0.032126271491985346,0.6494922709368663,0.3183814575711483
25798,GOF,0.002552005010623105,0.6124461557270945,0.3850018392622825
25799,LOF,0.0025341059577615697,0.48895886400275607,0.5085070300394824
25800,GOF,0.011220006590612305,0.6953062575658095,0.2934737358435782
25801,GOF,0.02194356439955298,0.8549697271911023,0.12308670840934484
25802,GOF,0.01664726823342118,0.780089404597702,0.20326332716887677
25803,GOF,0.009139300418524362,0.6746008966202099,0.31625980296126577
25804,GOF,0.010571919603545143,0.573078286357566,0.41634979403888883
25805,GOF,0.01817652656125295,0.6983881114650861,0.28343536197366104
25806,GOF,0.01628622180659355,0.7227399606723138,0.26097381752109267
25807,GOF,0.004608680750051589,0.6826967044541278,0.3126946147958207
25808,GOF,0.01176772812527522,0.7242488649493352,0.26398340692538963
25809,GOF,0.005185600874308183,0.6874292152789352,0.30738518384675667
25810,GOF,0.004435509122421819,0.6873806904602433,0.30818380041733473
25811,GOF,0.06941307556876943,0.8422986215484078,0.08828830288282263
25812,GOF,0.013449950520457691,0.681740798492043,0.30480925098749934
25813,GOF,0.08627651147374749,0.8004575874999335,0.11326590102631895
25814,GOF,0.021542291290170972,0.7771816950914949,0.20127601361833408
25815,GOF,0.03475063174761192,0.7905610846322766,0.1746882836201116
25816,GOF,0.007019263910649495,0.8309047368823713,0.16207599920697907
25817,GOF,0.0925597232100298,0.7557932568227493,0.15164701996722085
25818,GOF,0.01947267808040751,0.7839193834158652,0.1966079385037273
25819,GOF,0.04873724812792,0.7644727235473018,0.1867900283247782
25820,GOF,0.02520347765393352,0.7500035168023799,0.22479300554368667
25821,GOF,0.014961645363682507,0.7291633124830452,0.2558750421532722
25822,GOF,0.029775663252899293,0.7640037983904858,0.2062205383566149
25823,GOF,0.011803687753280622,0.6137079422153106,0.3744883700314087
25824,GOF,0.01940075781436424,0.7439961863099596,0.23660305587567632
25825,GOF,0.012144326656892772,0.7176722959716729,0.2701833773714342
25826,GOF,0.00469152317592748,0.684172537774469,0.3111359390496035
25827,GOF,0.007586265223214252,0.6623252126787481,0.33008852209803763
25828,GOF,0.004917987233012164,0.6116145261456615,0.3834674866213263
25829,GOF,0.0023938794466931636,0.6743939282787229,0.32321219227458386
25830,LOF,0.026078914712487605,0.4842615417811907,0.4896595435063218
25831,GOF,0.04306065468811412,0.8438289399340626,0.11311040537782317
25832,GOF,0.0066557111934185875,0.7904653320598776,0.20287895674670384
25833,GOF,0.02417008067276136,0.8408662347118231,0.13496368461541555
25834,GOF,0.006303531246061823,0.7985838266823057,0.19511264207163254
25835,GOF,0.013350547619861033,0.8504268321447733,0.13622262023536563
25836,GOF,0.004898966727260004,0.7954719217977937,0.1996291114749464
25837,GOF,0.0049839424098260905,0.710353912718554,0.2846621448716199
25838,GOF,0.013711414963074403,0.8663594232808236,0.11992916175610187
25839,GOF,0.02865978732749562,0.8613452252110272,0.1099949874614772
25840,GOF,0.04614471321623358,0.8443145783793529,0.10954070840441352
25841,GOF,0.04224577613148098,0.8575248264073738,0.10022939746114526
25842,GOF,0.01917345992578595,0.8946044247252009,0.08622211534901322
25843,GOF,0.01898423848323436,0.9050502738575723,0.07596548765919339
25844,GOF,0.013278110104617451,0.8271044027648853,0.15961748713049728
25845,GOF,0.004359221574444163,0.6167381678736682,0.3789026105518876
25846,GOF,0.035655827313698665,0.8490134970515881,0.11533067563471316
25847,GOF,0.015001939581562729,0.9040084382904973,0.08098962212794011
25848,GOF,0.013012212901885456,0.8529669977607028,0.13402078933741168
25849,GOF,0.004054877142720384,0.7275943084844126,0.268350814372867
25850,GOF,0.005068980861507606,0.7509144080593867,0.2440166110791056
25851,GOF,0.004543176692056025,0.6292649644942965,0.3661918588136475
25852,GOF,0.1275358099946349,0.619643442518142,0.252820747487223
25853,GOF,0.05651297709458179,0.8678599260328305,0.07562709687258765
25854,GOF,0.008234072672137374,0.731384640381051,0.26038128694681156
25855,GOF,0.012709956165216854,0.6489482923655108,0.3383417514692725
25856,GOF,0.031687046290326565,0.7731061074340929,0.19520684627558063
25857,GOF,0.011200437900551228,0.6196694012423978,0.3691301608570511
25858,GOF,0.006343763348970024,0.6137778797147618,0.37987835693626804
25859,GOF,0.004437514066811115,0.583476019792167,0.4120864661410219
25860,GOF,0.06353056237067853,0.8278997774070058,0.10856966022231575
25861,GOF,0.1222259872570899,0.7968041533793573,0.08096985936355275
25862,GOF,0.017852993587700823,0.8584893274011663,0.12365767901113273
25863,GOF,0.017156882920571423,0.8711401415284825,0.11170297555094595
25864,GOF,0.04595208663629427,0.871710475820104,0.08233743754360195
25865,GOF,0.03198098016911293,0.8339324825018546,0.13408653732903245
25866,GOF,0.021170961172046546,0.8619890614970237,0.11683997733092974
25867,GOF,0.02690027215449284,0.8830175584563494,0.09008216938915758
25868,GOF,0.05080914766769515,0.8426324820874538,0.10655837024485108
25869,GOF,0.32983849790883935,0.609232665830386,0.06092883626077454
25870,GOF,0.19767820983335296,0.6212818521404001,0.18103993802624696
25871,GOF,0.017927331213819914,0.8935880686664565,0.08848460011972356
25872,GOF,0.016353220952073033,0.875881961634815,0.10776481741311193
25873,GOF,0.015718722500553842,0.8936658173528147,0.09061546014663152
25874,LOF,0.015157933951943653,0.17632629442858888,0.8085157716194674
25875,LOF,0.03515794051918814,0.04523076907276518,0.9196112904080466
25876,LOF,0.024272735552552726,0.029743080454062105,0.9459841839933851
25877,LOF,0.10930648198590055,0.0806417135263485,0.810051804487751
25878,LOF,0.05239392946728316,0.11296897200618868,0.8346370985265281
25879,LOF,0.019305966343742615,0.09106313257863496,0.8896309010776224
25880,LOF,0.04464468224598833,0.010974361405896109,0.9443809563481155
25881,Neutral,0.5479742923140872,0.06058076697020129,0.39144494071571156
25882,LOF,0.05189268730628058,0.03364955580498973,0.9144577568887297
25883,LOF,0.044049752466460285,0.02370425793678313,0.9322459895967565
25884,LOF,0.026753790562821414,0.04112197588100212,0.9321242335561766
25885,LOF,0.2203159155429658,0.012101268249505666,0.7675828162075286
25886,LOF,0.1718599371156635,0.052328800174131766,0.7758112627102047
25887,LOF,0.17874223890526447,0.05201882884989354,0.7692389322448419
25888,LOF,0.012588476688536555,0.1106189482892235,0.87679257502224
25889,LOF,0.03402231637074119,0.02637533483724158,0.9396023487920172
25890,LOF,0.11889644961132347,0.11206484547984161,0.7690387049088349
25891,LOF,0.08698847928354309,0.021474446686537453,0.8915370740299194
25892,LOF,0.009295750802014219,0.03281145283987593,0.9578927963581098
25893,LOF,0.3926697404526402,0.009125687425635213,0.5982045721217245
25894,LOF,0.44887037969584354,0.005682531688075292,0.5454470886160812
25895,LOF,0.3766621123883694,0.011498712924996896,0.6118391746866336
25896,LOF,0.059298977094803404,0.023656317270024544,0.9170447056351722
25897,LOF,0.203952527898857,0.009243001914141657,0.7868044701870014
25898,LOF,0.21497521129407857,0.030159553338557882,0.7548652353673635
25899,LOF,0.21970492748751042,0.0227272168045944,0.7575678557078952
25900,LOF,0.4380362374179614,0.008946784375752945,0.5530169782062857
25901,LOF,0.04091904627067085,0.00899897422633576,0.9500819795029933
25902,LOF,0.09895201489700022,0.013137721123048611,0.8879102639799512
25903,LOF,0.37064202720703876,0.02515769309476301,0.6042002796981982
25904,LOF,0.45138152321518027,0.029958433358727755,0.518660043426092
25905,LOF,0.005705572246763707,0.4449030338828128,0.5493913938704236
25906,LOF,0.011041817842616312,0.11023828667143586,0.8787198954859479
25907,LOF,0.0033635886131844024,0.33516382879813544,0.66147258258868
25908,LOF,0.0033419700164378603,0.24907383233668867,0.7475841976468734
25909,LOF,0.013271354397468193,0.16877425342998334,0.8179543921725484
25910,LOF,0.015210404943046036,0.10212514713868594,0.8826644479182679
25911,LOF,0.3455421589730476,0.032118244325046424,0.622339596701906
25912,LOF,0.06997856792766372,0.047404390712900146,0.8826170413594361
25913,LOF,0.0604031913756601,0.052804187889952926,0.8867926207343869
25914,LOF,0.02010515675686806,0.06216123938862002,0.917733603854512
25915,LOF,0.12125006383894049,0.271359055411583,0.6073908807494764
25916,LOF,0.020204690167176322,0.17790500053698613,0.8018903092958376
25917,LOF,0.0664294093899276,0.04941946834643827,0.884151122263634
25918,LOF,0.026397496645145874,0.03546371732371804,0.938138786031136
25919,LOF,0.022451491242530666,0.036770108844568335,0.940778399912901
25920,LOF,0.14763857487479193,0.20436030493377141,0.6480011201914366
25921,LOF,0.01283676564297426,0.04025147528369491,0.9469117590733309
25922,LOF,0.016217799986893454,0.03338228450625481,0.9503999155068517
25923,LOF,0.43564932752865393,0.03774839934653868,0.5266022731248075
25924,LOF,0.01838188262819743,0.059472759291493614,0.922145358080309
25925,LOF,0.07323164018842705,0.05058925466310745,0.8761791051484655
25926,LOF,0.05493822778975613,0.04728518046924661,0.8977765917409973
25927,LOF,0.018754001286020765,0.06643703101407619,0.914808967699903
25928,LOF,0.008563111162208646,0.05216309638895946,0.9392737924488319
25929,Neutral,0.525226538912357,0.03573426158483393,0.43903919950280895
25930,LOF,0.08102122725751706,0.033441585526788296,0.8855371872156946
25931,LOF,0.010494845515367468,0.03754828663870505,0.9519568678459275
25932,LOF,0.030553799164009125,0.03052243689419426,0.9389237639417967
25933,LOF,0.03830475504016389,0.02077029224186124,0.9409249527179747
25934,LOF,0.026135807441467606,0.021825281054441772,0.9520389115040907
25935,LOF,0.06690885153034964,0.05846711712042543,0.8746240313492248
25936,LOF,0.04077471740903983,0.024552809413233515,0.9346724731777266
25937,LOF,0.011827131010357443,0.03956653133604231,0.9486063376536004
25938,LOF,0.06307000987803194,0.054760765712081765,0.8821692244098863
25939,LOF,0.02814032144312314,0.026805779157666812,0.94505389939921
25940,LOF,0.009547744532808792,0.3478576623017977,0.6425945931653936
25941,Neutral,0.5293852985988915,0.03345290896462751,0.4371617924364809
25942,LOF,0.007878629133188103,0.05077675561700733,0.9413446152498045
25943,LOF,0.03233773526626054,0.16638213338191643,0.801280131351823
25944,LOF,0.09225290428519818,0.0803444043370252,0.8274026913777767
25945,LOF,0.060621001800878926,0.022204807373031966,0.9171741908260891
25946,LOF,0.08702005274142303,0.0432162517938147,0.8697636954647623
25947,Neutral,0.49304733163875275,0.09181594210606848,0.4151367262551789
25948,LOF,0.47209515730701973,0.013259448895063032,0.5146453937979172
25949,LOF,0.09226134756754512,0.06390493378565097,0.8438337186468039
25950,GOF,0.0587934259023412,0.6113032492253149,0.329903324872344
25951,LOF,0.01107176764887673,0.4402299085623141,0.5486983237888091
25952,LOF,0.270648046740062,0.29183622662481656,0.4375157266351215
25953,LOF,0.011739066591534791,0.1830822432848107,0.8051786901236546
25954,GOF,0.0517885731162461,0.48135917715843296,0.4668522497253209
25955,LOF,0.010291494933081657,0.13635587713473918,0.8533526279321791
25956,LOF,0.02431327193888448,0.2530637745125589,0.7226229535485565
25957,LOF,0.25850359171751935,0.026968585708753077,0.7145278225737276
25958,LOF,0.044236258531984,0.029252663450470843,0.9265110780175453
25959,GOF,0.0148725310618812,0.4939119755021148,0.49121549343600396
25960,LOF,0.007326716444496034,0.04187255158738698,0.9508007319681171
25961,LOF,0.04270645399453951,0.026536132621517543,0.9307574133839429
25962,LOF,0.03285201582893998,0.06142261252347623,0.9057253716475838
25963,LOF,0.005980426240072326,0.21481434728820195,0.7792052264717257
25964,LOF,0.023299271298138073,0.09446656772980784,0.882234160972054
25965,LOF,0.2644296440961566,0.13150856848620543,0.6040617874176379
25966,Neutral,0.4860745891153487,0.11502400940734651,0.3989014014773049
25967,LOF,0.00797000024453193,0.07035657499700658,0.9216734247584616
25968,LOF,0.05136537952493029,0.18503587526933415,0.7635987452057355
25969,LOF,0.12699678248074622,0.03969114331416702,0.8333120742050869
25970,LOF,0.02877887604777161,0.09210243012303453,0.8791186938291939
25971,LOF,0.06027506613512707,0.02639387181832269,0.9133310620465501
25972,LOF,0.05001400265570807,0.03740132862278795,0.912584668721504
25973,LOF,0.049751817792362436,0.013771841736945047,0.9364763404706926
25974,LOF,0.0516806317127379,0.03783057230673583,0.9104887959805262
25975,LOF,0.03158492293378479,0.024855007230475186,0.94356006983574
25976,LOF,0.12230575309970707,0.012374636750113724,0.8653196101501792
25977,LOF,0.22135040574550996,0.07697171417082976,0.7016778800836603
25978,LOF,0.15839695857045144,0.1304326012644964,0.7111704401650522
25979,LOF,0.13775941072635883,0.13967413587132163,0.7225664534023196
25980,LOF,0.24967827601590453,0.17586187927387423,0.5744598447102213
25981,LOF,0.24983353598593164,0.17728304575991685,0.5728834182541515
25982,LOF,0.45124222988938645,0.08224974027913183,0.4665080298314816
25983,Neutral,0.48950700007371684,0.10676816291193655,0.4037248370143465
25984,LOF,0.035749085302502655,0.07822043588443428,0.886030478813063
25985,Neutral,0.46042635055257153,0.14047886143209076,0.3990947880153377
25986,LOF,0.013373926973426048,0.406158487323522,0.580467585703052
25987,LOF,0.1044207104609211,0.10456625134370556,0.7910130381953733
25988,LOF,0.1432921647358173,0.15233053532417606,0.7043772999400068
25989,LOF,0.03918911248928597,0.19300302719348042,0.7678078603172336
25990,LOF,0.040081489984203675,0.2790717663810857,0.6808467436347105
25991,LOF,0.024474356120613067,0.3914891461866608,0.5840364976927261
25992,LOF,0.023810778115688772,0.37967076155544427,0.596518460328867
25993,LOF,0.021470463839005936,0.08821232777565373,0.8903172083853405
25994,LOF,0.01578920682766004,0.08952551542225479,0.8946852777500852
25995,LOF,0.017137777256714663,0.17771688669487926,0.8051453360484061
25996,Neutral,0.3663930850201914,0.2826898471486724,0.3509170678311362
25997,LOF,0.06783252923333784,0.3604975018181702,0.571669968948492
25998,LOF,0.2926015337277845,0.054605775462650254,0.6527926908095653
25999,LOF,0.02454022947710058,0.23282737015866617,0.7426324003642332
26000,LOF,0.21936190733842936,0.03373925008830885,0.7468988425732618
26001,LOF,0.25799443621076146,0.03949238161304476,0.7025131821761939
26002,LOF,0.07589405555319081,0.05913836630626388,0.8649675781405453
26003,GOF,0.003903285379807011,0.6162033226562411,0.37989339196395194
26004,GOF,0.005626998009477191,0.7019237423488887,0.2924492596416341
26005,GOF,0.0028678283168582386,0.5131680985234953,0.48396407315964646
26006,GOF,0.06911315100697535,0.6119958153392989,0.31889103365372584
26007,GOF,0.0057384836117291985,0.589745133020307,0.40451638336796386
26008,GOF,0.004652842730499191,0.657752263044806,0.33759489422469474
26009,GOF,0.005492212980077907,0.6756838691837274,0.3188239178361946
26010,GOF,0.006297168874961422,0.69293084072407,0.3007719904009687
26011,LOF,0.002654818588277884,0.4876262677678732,0.5097189136438489
26012,GOF,0.003848603125552737,0.5628720094970798,0.4332793873773674
26013,GOF,0.0055299689480566355,0.5997634768678604,0.39470655418408307
26014,LOF,0.04653217018378998,0.10701011950104262,0.8464577103151674
26015,LOF,0.4173811063458197,0.021473558707449797,0.5611453349467305
26016,LOF,0.30728956202168767,0.03574684930156288,0.6569635886767495
26017,LOF,0.028013413215191112,0.20019412125788494,0.7717924655269239
26018,LOF,0.04623636985321433,0.038631650470276814,0.9151319796765089
26019,LOF,0.04620031690696014,0.03353924624684885,0.920260436846191
26020,LOF,0.009951696591809415,0.17943275614234602,0.8106155472658446
26021,LOF,0.07649063101550077,0.06078999853664634,0.862719370447853
26022,LOF,0.04099467416554199,0.0213106193218834,0.9376947065125747
26023,LOF,0.04020902468991414,0.023803854350279187,0.9359871209598066
26024,LOF,0.04480468742650534,0.0660682182318691,0.8891270943416255
26025,LOF,0.06372634727615167,0.07088323195552182,0.8653904207683266
26026,LOF,0.11391062071426193,0.05638184667187566,0.8297075326138623
26027,LOF,0.03912545053915877,0.01890880108201248,0.9419657483788287
26028,LOF,0.11752601051627123,0.14505565539301213,0.7374183340907167
26029,LOF,0.023417112664460185,0.22067922505995805,0.7559036622755818
26030,LOF,0.17161375062342077,0.03501937109557605,0.7933668782810032
26031,LOF,0.0119501589672543,0.19656950397381825,0.7914803370589275
26032,LOF,0.05996181047651256,0.07504849358010893,0.8649896959433785
26033,LOF,0.08140761228905151,0.06855960839353831,0.8500327793174103
26034,LOF,0.01572902674693309,0.1739335331849661,0.8103374400681009
26035,LOF,0.013119596766098338,0.12815354165624662,0.858726861577655
26036,LOF,0.013386957633582811,0.15592496150144353,0.8306880808649737
26037,LOF,0.011274342629544923,0.12387745559568898,0.8648482017747662
26038,LOF,0.051240015225205826,0.0709848335270999,0.8777751512476942
26039,LOF,0.030231167229382336,0.15806140295924967,0.8117074298113679
26040,LOF,0.1262665149214407,0.16697609439179395,0.7067573906867652
26041,LOF,0.014248101393919013,0.10340872487602551,0.8823431737300554
26042,LOF,0.01297380876841475,0.11532324009244671,0.8717029511391386
26043,LOF,0.050142254717491244,0.09165111335800143,0.8582066319245073
26044,LOF,0.014597372239141133,0.06549338056164992,0.9199092471992091
26045,LOF,0.07663752439088396,0.1254839208178638,0.7978785547912521
26046,LOF,0.04405937001812837,0.07292513500247479,0.8830154949793968
26047,LOF,0.06480077136363326,0.07177935861340938,0.8634198700229574
26048,LOF,0.0836054106986818,0.031413529681842,0.8849810596194762
26049,Neutral,0.9515128157965409,0.007985236712108077,0.040501947491351144
26050,Neutral,0.9287376076676715,0.009013604369269042,0.062248787963059445
26051,LOF,0.012750642376953685,0.0973329815712016,0.8899163760518447
26052,LOF,0.020601947985716112,0.11501699563385002,0.8643810563804338
26053,LOF,0.04221515697007716,0.14455633910171983,0.813228503928203
26054,LOF,0.046790105831107896,0.02128669573616298,0.9319231984327291
26055,LOF,0.06986006252433108,0.019831327782895265,0.9103086096927737
26056,LOF,0.05756779688187039,0.0242581118456228,0.9181740912725068
26057,LOF,0.02871730636360441,0.013171191495673902,0.9581115021407216
26058,LOF,0.029897864204171894,0.011157845099271773,0.9589442906965563
26059,LOF,0.20532287375647523,0.021361307622316427,0.7733158186212085
26060,LOF,0.011699312587753436,0.19497919108575656,0.7933214963264901
26061,LOF,0.008804019403491754,0.012487134895220053,0.9787088457012882
26062,LOF,0.005079020929111015,0.018922688283290568,0.9759982907875984
26063,LOF,0.020435739613643537,0.011985912098337685,0.9675783482880188
26064,LOF,0.007906902869225765,0.026406193941145312,0.9656869031896289
26065,LOF,0.024161033569310347,0.012482128603295192,0.9633568378273945
26066,LOF,0.02335391835603283,0.011510598882281184,0.9651354827616859
26067,LOF,0.028630146450430393,0.009537608767906918,0.9618322447816626
26068,LOF,0.050929870686833904,0.045872717004107645,0.9031974123090585
26069,LOF,0.16116579363576958,0.02658552334759885,0.8122486830166316
26070,LOF,0.34187753918420605,0.022060811873743626,0.6360616489420504
26071,LOF,0.02258495921981026,0.012157790991222465,0.9652572497889673
26072,LOF,0.007627312559834869,0.020930800271645063,0.97144188716852
26073,LOF,0.021017514933523565,0.013785234785532948,0.9651972502809436
26074,Neutral,0.9244149018274906,0.008580648333082187,0.06700444983942708
26075,LOF,0.053580245752485774,0.021994033517518885,0.9244257207299954
26076,LOF,0.03277742063731131,0.011138822007207116,0.9560837573554816
26077,LOF,0.1225466431582429,0.007474198713383973,0.8699791581283731
26078,LOF,0.007558729814512533,0.013945022565285532,0.9784962476202018
26079,LOF,0.06120056142561063,0.023469982064649803,0.9153294565097395
26080,LOF,0.060302155939708425,0.023488110672752277,0.9162097333875393
26081,LOF,0.02515296503674976,0.008443947000174508,0.9664030879630756
26082,LOF,0.00530334581183838,0.016435093787052397,0.9782615604011091
26083,LOF,0.12045356681317161,0.018279226264622864,0.8612672069222055
26084,LOF,0.0428654899068645,0.015067403451128536,0.942067106642007
26085,LOF,0.03996504006675232,0.013251489224132815,0.9467834707091148
26086,LOF,0.021498505670702463,0.012942305535694733,0.9655591887936028
26087,LOF,0.020695281202930328,0.011107034374496765,0.968197684422573
26088,LOF,0.007188767545146092,0.017611461791043278,0.9751997706638107
26089,LOF,0.04505754876165947,0.026159053077459412,0.9287833981608811
26090,LOF,0.04557239906133508,0.02103214709355458,0.9333954538451104
26091,LOF,0.02501550173855991,0.007374365718723036,0.9676101325427171
26092,LOF,0.021725679242602117,0.008250118028594516,0.9700242027288033
26093,LOF,0.040233423019943676,0.006608138442750296,0.9531584385373061
26094,LOF,0.030192438730962192,0.006681019766485346,0.9631265415025525
26095,LOF,0.03803147022434733,0.015100561074260846,0.9468679687013918
26096,LOF,0.2185505183949692,0.004715782289004792,0.776733699316026
26097,LOF,0.006329203295308584,0.02854693025504637,0.965123866449645
26098,LOF,0.07951144025821376,0.017444940138251073,0.9030436196035352
26099,LOF,0.02155983069422518,0.015388606520722667,0.9630515627850522
26100,LOF,0.021551421361326577,0.015388321823426108,0.9630602568152474
26101,LOF,0.046603966941414256,0.022472005458168784,0.930924027600417
26102,LOF,0.020396013532871037,0.015792239328553483,0.9638117471385755
26103,Neutral,0.8813586200010932,0.02261039932960059,0.09603098066930624
26104,LOF,0.06092179567448987,0.027797214012278224,0.9112809903132318
26105,LOF,0.2227454806788181,0.1744049680922794,0.6028495512289025
26106,LOF,0.36178209087473046,0.11882566359824731,0.5193922455270222
26107,LOF,0.020813485537099496,0.11090280872258314,0.8682837057403173
26108,LOF,0.33017530967615794,0.047026054523918406,0.6227986357999237
26109,LOF,0.06413657640282372,0.050442665654378695,0.8854207579427976
26110,LOF,0.36253185545040356,0.0057417527613360985,0.6317263917882603
26111,LOF,0.06061518596250112,0.10522958423263644,0.8341552298048623
26112,LOF,0.031816262331350396,0.006788845336445809,0.9613948923322038
26113,LOF,0.05384265067434951,0.01438109080563799,0.9317762585200124
26114,LOF,0.09175695112686669,0.009684923191031638,0.8985581256821016
26115,LOF,0.014379638884804355,0.05929626044533936,0.9263241006698563
26116,LOF,0.09370839606942608,0.03229661391634204,0.8739949900142319
26117,LOF,0.42525170055147465,0.029299399086712252,0.5454489003618131
26118,LOF,0.026559884660468477,0.015527744616674359,0.9579123707228571
26119,LOF,0.005347087188166261,0.03296120233952095,0.9616917104723127
26120,LOF,0.023553761609662865,0.014772975072195325,0.9616732633181417
26121,LOF,0.004818329350526617,0.12450726973075646,0.8706744009187168
