feature0,prediction,LoGoFunc_Neutral,LoGoFunc_GOF,LoGoFunc_LOF
25546,Neutral,0.6561384589401709,0.059581996662544545,0.2842795443972847
25547,LOF,0.3340854816522052,0.26130454977653245,0.40460996857126236
25548,LOF,0.2913178973064363,0.14740786463643163,0.5612742380571321
25549,LOF,0.20480989075011605,0.18043365871091593,0.614756450538968
25550,Neutral,0.6005783652319157,0.06249820215975123,0.33692343260833296
25551,Neutral,0.4804640930059166,0.07648462586377938,0.44305128113030395
25552,LOF,0.10454844516639354,0.14740070625232077,0.7480508485812857
25553,LOF,0.4597980037371151,0.06339992107618574,0.4768020751866992
25554,LOF,0.14250664525752868,0.21426835253381693,0.6432250022086544
25555,LOF,0.10280627771600799,0.13117153798219447,0.7660221843017975
25556,LOF,0.16789190565985962,0.17587176511312064,0.6562363292270197
25557,LOF,0.08883233952353253,0.14952826701143523,0.7616393934650322
25558,LOF,0.16835590231676809,0.18646776140479146,0.6451763362784405
25559,Neutral,0.5564913250402105,0.1602183631595593,0.28329031180023023
25560,LOF,0.07184406386033668,0.14049389164142256,0.7876620444982406
25561,LOF,0.15993011253306816,0.18127869728638843,0.6587911901805434
25562,LOF,0.33636929114840675,0.03387760456287518,0.629753104288718
25563,Neutral,0.5704234102051272,0.07894183683862642,0.35063475295624635
25564,LOF,0.06095766197786122,0.06819624947003156,0.8708460885521071
25565,LOF,0.12382383267495894,0.2488917717325581,0.627284395592483
25566,LOF,0.036056355097549925,0.3921258357406364,0.5718178091618137
25567,LOF,0.3337117721363583,0.10187810738029789,0.5644101204833439
25568,Neutral,0.7160107800955974,0.07544294706716208,0.20854627283724056
25569,Neutral,0.6842036254432432,0.05090767107556743,0.26488870348118926
25570,LOF,0.08240133862960244,0.18979199350495787,0.7278066678654398
25571,LOF,0.0821380330261902,0.18050913534570798,0.7373528316281018
25572,Neutral,0.3892303791648869,0.23810665543409673,0.37266296540101645
25573,LOF,0.38886194579627975,0.08458872518326939,0.5265493290204508
25574,LOF,0.08446875472365807,0.4476749002810885,0.46785634499525347
25575,LOF,0.0924671954930221,0.06766771124994408,0.8398650932570338
25576,LOF,0.3538283676437081,0.030989213096842105,0.6151824192594498
25577,Neutral,0.46640783145950804,0.09350712650094878,0.4400850420395432
25578,Neutral,0.4459935672769862,0.19819966619303692,0.35580676652997695
25579,Neutral,0.4459935672769862,0.19819966619303692,0.35580676652997695
25580,LOF,0.04280507148600583,0.057647222560956314,0.8995477059530378
25581,Neutral,0.7087361529026031,0.05156325529141941,0.2397005918059777
25582,Neutral,0.7087361529026031,0.05156325529141941,0.2397005918059777
25583,LOF,0.05993849983654002,0.05619885683376071,0.8838626433296993
25584,LOF,0.3433588672359419,0.29855214481545916,0.3580889879485989
25585,LOF,0.3824275195334894,0.051554083285988914,0.5660183971805217
25586,LOF,0.06223737473570066,0.1011935814870145,0.8365690437772848
25587,LOF,0.047164324768773476,0.1218805452131832,0.8309551300180433
25588,LOF,0.06006509995968269,0.12187887397633357,0.8180560260639839
25589,Neutral,0.7031273029081091,0.16421155279871405,0.1326611442931769
25590,LOF,0.22764143372356324,0.1944512149140284,0.5779073513624083
25591,Neutral,0.6824293195765019,0.07097090294381586,0.24659977747968229
25592,LOF,0.04011940784013247,0.12183283157797839,0.8380477605818892
25593,GOF,0.02923598214402901,0.7596806216309994,0.2110833962249716
25594,Neutral,0.7142675231586698,0.051394518721000086,0.23433795812033023
25595,Neutral,0.6843091095019312,0.0548828236232226,0.26080806687484626
25596,Neutral,0.5850813756453105,0.05535611154789921,0.3595625128067903
25597,LOF,0.42682906327343817,0.03860584145690577,0.534565095269656
25598,Neutral,0.7432520897404679,0.04264464900991784,0.21410326124961432
25599,GOF,0.06717827791740497,0.651667262784897,0.2811544592976981
25600,GOF,0.03985361690303464,0.5107872739166116,0.4493591091803539
25601,GOF,0.032024126157423505,0.4984873464882688,0.46948852735430774
25602,LOF,0.4275131693736033,0.13317704682316225,0.43930978380323454
25603,LOF,0.09923426651356265,0.2111333814308137,0.6896323520556237
25604,Neutral,0.5244610373145407,0.16901939515181857,0.3065195675336406
25605,LOF,0.021389953939389805,0.3363349254545386,0.6422751206060717
25606,LOF,0.02906268346420537,0.43507718451943206,0.5358601320163625
25607,LOF,0.04779151371212376,0.25294250106135535,0.6992659852265208
25608,LOF,0.24694182214153934,0.24786113214898137,0.5051970457094792
25609,LOF,0.1639581715198888,0.21151715354468117,0.62452467493543
25610,LOF,0.06802377171145069,0.05789461587648484,0.8740816124120644
25611,LOF,0.07519418129760412,0.08460838070554796,0.8401974379968479
25612,Neutral,0.6523951653282403,0.05975383194058767,0.2878510027311721
25613,Neutral,0.6235589379098324,0.05796330072836696,0.31847776136180067
25614,LOF,0.06974610276038247,0.0774585985767001,0.8527952986629175
25615,LOF,0.38434079700553947,0.034729183377747955,0.5809300196167125
25616,LOF,0.052647404077824166,0.1850721118241412,0.7622804840980347
25617,LOF,0.07808736084389442,0.050544096838891155,0.8713685423172144
25618,LOF,0.08577906785663932,0.16004522243938796,0.7541757097039727
25619,LOF,0.1067875076840365,0.11580118059346103,0.7774113117225024
25620,LOF,0.04390655106859609,0.11721304698052239,0.8388804019508814
25621,LOF,0.4381650104929352,0.02220865329505243,0.5396263362120124
25622,LOF,0.4359735574563762,0.056310658864197706,0.5077157836794262
25623,Neutral,0.526777731753181,0.10266610968507628,0.3705561585617426
25624,LOF,0.05035859145516074,0.2051515596235217,0.7444898489213176
25625,LOF,0.41869686098222064,0.05393732786401534,0.527365811153764
25626,Neutral,0.6537205374464334,0.052560335681884715,0.29371912687168183
25627,LOF,0.027836459440365256,0.4294479047885041,0.5427156357711307
25628,LOF,0.3099418277233492,0.13718295270018102,0.5528752195764699
25629,Neutral,0.6932435864171169,0.06261220845603652,0.2441442051268465
25630,LOF,0.05272635485859424,0.22806832873782915,0.7192053164035765
25631,Neutral,0.5338183270309474,0.20791602346141888,0.25826564950763364
25632,LOF,0.3965078158932648,0.04110400040446402,0.5623881837022712
25633,LOF,0.31856202818660145,0.33524365393783406,0.3461943178755644
25634,Neutral,0.6971596738224648,0.06838293204791382,0.23445739412962127
25635,LOF,0.06630023547717483,0.08327582691046743,0.8504239376123577
25636,GOF,0.060702774476369833,0.645265122848783,0.2940321026748472
25637,LOF,0.04467906038917998,0.3769451106503954,0.5783758289604246
25638,GOF,0.02310618659228029,0.7439009336556901,0.23299287975202962
25639,LOF,0.042968519641299455,0.43373207476770637,0.5232994055909942
25640,GOF,0.11907623020142849,0.7911022651769497,0.08982150462162176
25641,LOF,0.05943559696145664,0.37972097208224775,0.5608434309562956
25642,Neutral,0.6324606365845906,0.11169980502820798,0.2558395583872015
25643,LOF,0.35923837494593575,0.032015687261744905,0.6087459377923193
25644,GOF,0.09520694471906492,0.5846517070117683,0.3201413482691668
25645,GOF,0.025488713648415703,0.6065666875358116,0.3679445988157728
25646,LOF,0.030580613256225915,0.3533504864014324,0.6160689003423416
25647,GOF,0.06296975092068259,0.5122976512854819,0.4247325977938355
25648,GOF,0.046566887754660655,0.6663130207957385,0.2871200914496008
25649,GOF,0.031006230528715678,0.660412673955482,0.30858109551580226
25650,GOF,0.07436371006123853,0.6550391817007025,0.2705971082380588
25651,GOF,0.021220187692580182,0.6242113705757387,0.3545684417316811
25652,LOF,0.07638223592744764,0.1898389056276427,0.7337788584449096
25653,LOF,0.0727338936751779,0.4609116016766194,0.4663545046482026
25654,GOF,0.07856458554686131,0.6639437498869246,0.2574916645662139
25655,GOF,0.05518955151083913,0.6817596261018125,0.26305082238734834
25656,GOF,0.024821325768319136,0.5192661275662256,0.4559125466654552
25657,Neutral,0.6682735873914555,0.03236399016260611,0.2993624224459384
25658,GOF,0.044183727935153565,0.535804649420244,0.4200116226446025
25659,LOF,0.17197320655345064,0.20553902138358113,0.6224877720629682
25660,LOF,0.1401704343117532,0.15803604377863795,0.7017935219096088
25661,LOF,0.10423586771623494,0.0879412921325898,0.8078228401511751
25662,LOF,0.05125202877970299,0.09408348045960736,0.8546644907606897
25663,LOF,0.06893616409803027,0.09660213550521564,0.8344617003967542
25664,LOF,0.20132491353770166,0.1667758360692111,0.6318992503930873
25665,Neutral,0.6298794078381861,0.09243022519531936,0.2776903669664945
25666,LOF,0.29489907382376573,0.20793652147234765,0.49716440470388656
25667,LOF,0.04356182393780851,0.0803409743428386,0.8760972017193529
25668,LOF,0.044016657532474815,0.06642268948464054,0.8895606529828846
25669,LOF,0.04052340270072938,0.12786372170724894,0.8316128755920217
25670,LOF,0.4293444895122132,0.0765771356663374,0.4940783748214495
25671,LOF,0.05475440249702041,0.13270674329498405,0.8125388542079955
25672,Neutral,0.631647145063173,0.07084294220018711,0.2975099127366399
25673,LOF,0.2423677501191507,0.11268411559007392,0.6449481342907754
25674,LOF,0.36266786190858125,0.10118788560307611,0.5361442524883426
25675,LOF,0.36283583946909964,0.06998535970570424,0.5671788008251961
25676,LOF,0.046686442565315685,0.11344461895160439,0.83986893848308
25677,LOF,0.07035334326900188,0.10619485736305309,0.823451799367945
25678,Neutral,0.5414534240876513,0.10079412564132854,0.35775245027102004
25679,Neutral,0.5484173923866874,0.09040219997591722,0.3611804076373954
25680,LOF,0.10279469441082634,0.1504416259336816,0.7467636796554922
25681,LOF,0.1087672270087791,0.13545120191139629,0.7557815710798247
25682,LOF,0.06436668856711497,0.12872235624405207,0.806910955188833
25683,LOF,0.3631662043308148,0.11340379196517651,0.5234300037040087
25684,LOF,0.11396634363256193,0.17281089879730643,0.7132227575701316
25685,Neutral,0.5787954271243075,0.07244536055218471,0.3487592123235078
25686,LOF,0.061186092652729764,0.3215057050913359,0.6173082022559343
25687,LOF,0.10191358329356098,0.35153288329025256,0.5465535334161864
25688,LOF,0.025890617502356057,0.2864540847003293,0.6876552977973146
25689,LOF,0.03013204350428609,0.27335534215616186,0.696512614339552
25690,LOF,0.01743990172826281,0.4608616611079449,0.5216984371637924
25691,GOF,0.04804380290349331,0.5102326639700242,0.44172353312648244
25692,Neutral,0.5181457435400784,0.0769054595436483,0.40494879691627345
25693,GOF,0.09980611941523244,0.6200300194049615,0.2801638611798061
25694,LOF,0.37995924263812336,0.036172874094774765,0.5838678832671018
25695,LOF,0.2137040611235151,0.07193677557202344,0.7143591633044614
25696,Neutral,0.5709593220632901,0.046711805973185895,0.382328871963524
25697,Neutral,0.4686720577459363,0.1755678281775297,0.355760114076534
25698,GOF,0.04585336569235497,0.7503950676031479,0.20375156670449718
25699,GOF,0.04979376817341174,0.6155227272155122,0.334683504611076
25700,LOF,0.053968179603631775,0.09730514572409593,0.8487266746722723
25701,GOF,0.028945261653860722,0.6335941343019329,0.33746060404420625
25702,GOF,0.11033980288763202,0.7205653618505959,0.16909483526177194
25703,Neutral,0.4613131365344517,0.09933381303566297,0.4393530504298853
25704,LOF,0.066093951508385,0.23567294651524903,0.698233101976366
25705,LOF,0.1089455783171263,0.14523668536701825,0.7458177363158555
25706,GOF,0.04327179967284016,0.6541144557185434,0.3026137446086163
25707,LOF,0.02989548668255778,0.401203464230787,0.5689010490866553
25708,LOF,0.033736427660385,0.480892949375436,0.485370622964179
25709,LOF,0.06724575695882246,0.08947739611466653,0.8432768469265111
25710,LOF,0.4234964466436461,0.14971553922151393,0.42678801413484
25711,LOF,0.08568969215950321,0.12666576363725074,0.7876445442032461
25712,Neutral,0.6403329400474062,0.06789076854616491,0.2917762914064289
25713,LOF,0.06589710148926443,0.15284033957002566,0.7812625589407098
25714,LOF,0.05792001347823907,0.2749841449261438,0.6670958415956171
25715,LOF,0.04474332896292253,0.29578704536019024,0.6594696256768873
25716,Neutral,0.46286541026465344,0.07723959291846595,0.4598949968168806
25717,LOF,0.41713872961876813,0.14067555635332527,0.44218571402790646
25718,LOF,0.039888025592165394,0.12013500935742032,0.8399769650504142
25719,LOF,0.08808679186026154,0.12685772007063942,0.7850554880690991
25720,LOF,0.04970451333870537,0.13665937659477556,0.813636110066519
25721,LOF,0.04477515666466746,0.09923637387863443,0.855988469456698
25722,LOF,0.05574139438453354,0.13591844970893122,0.8083401559065352
25723,LOF,0.07949243800358383,0.1658716667011693,0.7546358952952469
25724,LOF,0.06559001506392616,0.21818778958807714,0.7162221953479967
25725,LOF,0.12334639282178111,0.10380236268875047,0.7728512444894684
25726,LOF,0.05750494315447803,0.16902670348793414,0.7734683533575878
25727,LOF,0.08037196456693485,0.0808071523112804,0.8388208831217848
25728,LOF,0.03346382998687188,0.20834490711162168,0.7581912629015064
25729,LOF,0.045680011048057204,0.14169033981112072,0.8126296491408221
25730,LOF,0.047464740765112985,0.14814191895931358,0.8043933402755734
25731,LOF,0.32093657843034124,0.056813912754418425,0.6222495088152403
25732,LOF,0.05781196318213576,0.07239016075427754,0.8697978760635867
25733,LOF,0.04151478088841883,0.2796159137002525,0.6788693054113286
25734,LOF,0.36265939635031064,0.06789696374111488,0.5694436399085745
25735,LOF,0.048622850049797266,0.07768902142239836,0.8736881285278044
25736,LOF,0.05641927755786465,0.13221350874661375,0.8113672136955216
25737,LOF,0.10250843487154189,0.10493399032586534,0.7925575748025927
25738,LOF,0.08853454955690378,0.18285389326055126,0.728611557182545
25739,LOF,0.04296940341549358,0.18506107749411488,0.7719695190903915
25740,LOF,0.07533736682773882,0.15268226792193387,0.7719803652503272
25741,LOF,0.09330864555103775,0.11372868642918406,0.7929626680197782
25742,LOF,0.1011401246615561,0.1560825338819756,0.7427773414564683
25743,LOF,0.27844547775037876,0.08683329447773548,0.6347212277718858
25744,GOF,0.05241897738637308,0.6506160377117763,0.29696498490185064
25745,GOF,0.031808719525948506,0.7088056450024965,0.25938563547155497
25746,GOF,0.06406694748330376,0.5601141912091612,0.37581886130753495
25747,LOF,0.04927626305214067,0.11116906334137437,0.839554673606485
25748,LOF,0.23116567502225238,0.3060225746523586,0.46281175032538896
25749,GOF,0.036806240666049934,0.634383363911926,0.32881039542202417
25750,GOF,0.05708199056407485,0.5326354461989686,0.41028256323695655
25751,LOF,0.05491684285483509,0.20772998041354776,0.7373531767316173
25752,GOF,0.23208090394350786,0.41155892706204744,0.3563601689944446
25753,LOF,0.304583306437362,0.13116790009885101,0.564248793463787
25754,GOF,0.032919221211992165,0.7268859542022662,0.24019482458574157
25755,LOF,0.26797074500767004,0.18396983213079368,0.5480594228615363
25756,Neutral,0.6724196231666613,0.05975663830890479,0.26782373852443386
25757,GOF,0.043796910619402975,0.6392171647978587,0.3169859245827383
25758,GOF,0.031908876336642016,0.7318696236198067,0.23622150004355116
25759,GOF,0.02044699257823573,0.6277856796639799,0.3517673277577844
25760,LOF,0.24553202840867955,0.1048229725512686,0.6496449990400519
25761,GOF,0.022510846467382186,0.7536421537344413,0.2238469997981765
25762,Neutral,0.6971596738224648,0.06838293204791382,0.23445739412962127
25763,LOF,0.2835773507764421,0.11112526317749805,0.6052973860460598
25764,GOF,0.264885350581748,0.4172152976442455,0.3178993517740065
25765,GOF,0.02360390859665429,0.6430838346075193,0.33331225679582643
25766,GOF,0.05013378135439744,0.636654887399688,0.3132113312459146
25767,GOF,0.039371924063145304,0.7490914531593538,0.21153662277750096
25768,LOF,0.042133465678514705,0.2689466082810726,0.6889199260404127
25769,LOF,0.04578728534688206,0.22202070753189596,0.7321920071212219
25770,Neutral,0.6263522501418682,0.05852395086991423,0.3151237989882176
25771,LOF,0.23104413060053947,0.1014864845402944,0.6674693848591662
25772,LOF,0.06280828911660098,0.10295745626156731,0.8342342546218318
25773,LOF,0.427741539429215,0.07655293075252818,0.49570552981825694
25774,Neutral,0.6707559187375665,0.07645451227554324,0.25278956898689015
25775,LOF,0.25874085345810227,0.0727452268364417,0.668513919705456
25776,LOF,0.03680550725098459,0.11240983537585014,0.8507846573731652
25777,Neutral,0.6419708120322681,0.06406271656987127,0.2939664713978606
25778,LOF,0.06518738018839725,0.12782586509729071,0.8069867547143119
25779,GOF,0.16434726294055352,0.6419141407045259,0.1937385963549206
25780,GOF,0.06092142662280347,0.7938327739884542,0.14524579938874232
25781,GOF,0.14219981150089817,0.6630166961048565,0.1947834923942454
25782,GOF,0.06558482586853226,0.5526649420637105,0.3817502320677573
25783,GOF,0.2766995056269872,0.5001983249622312,0.2231021694107815
25784,GOF,0.17335910251768227,0.6906081482188069,0.13603274926351083
25785,GOF,0.10908545797500653,0.7579782276002404,0.13293631442475312
25786,GOF,0.052262685489159515,0.6124147381467653,0.33532257636407514
25787,GOF,0.06715311045809644,0.5314170637441171,0.4014298257977864
25788,LOF,0.07847592161792032,0.1117683972708427,0.8097556811112371
25789,GOF,0.0540792500832653,0.7815077899916375,0.16441295992509722
25790,GOF,0.058511878430810786,0.7070497097764277,0.2344384117927616
25791,GOF,0.03475026490398524,0.7101269927576702,0.25512274233834464
25792,GOF,0.034544701711874126,0.7047700256585853,0.2606852726295405
25793,GOF,0.03913781509017346,0.713487330822416,0.24737485408741064
25794,GOF,0.07359305061382984,0.7788841227097157,0.14752282667645442
25795,GOF,0.13568821548051527,0.5831234327119753,0.28118835180750945
25796,GOF,0.09143087642967394,0.5671100184969126,0.3414591050734135
25797,GOF,0.06539998473463055,0.6116685248516892,0.3229314904136803
25798,GOF,0.08924388446046189,0.708115466754434,0.20264064878510413
25799,GOF,0.09440363359521885,0.7686468954058179,0.1369494709989634
25800,GOF,0.08499718876070822,0.7938378335140328,0.12116497772525893
25801,GOF,0.08977326238399304,0.7696671918229133,0.14055954579309374
25802,GOF,0.08363354166439195,0.7670925966170691,0.1492738617185389
25803,GOF,0.05669094708929742,0.7274142226382176,0.2158948302724849
25804,GOF,0.10258857841536946,0.6372109700029431,0.2602004515816874
25805,GOF,0.05645073072034857,0.7595498602423847,0.18399940903726672
25806,GOF,0.05385259519856038,0.7711528530381788,0.1749945517632608
25807,GOF,0.07973397900455777,0.7570612685565844,0.16320475243885788
25808,GOF,0.06376818364708724,0.8025446492935107,0.13368716705940195
25809,GOF,0.07122286951175523,0.7521776649674875,0.17659946552075728
25810,GOF,0.06694781853213112,0.7633738117387073,0.16967836972916162
25811,GOF,0.07350367001732828,0.6057620340514575,0.32073429593121416
25812,GOF,0.09317227355826646,0.6924418915313288,0.2143858349104048
25813,GOF,0.056353408372581924,0.7006110187582156,0.24303557286920258
25814,GOF,0.09346314742435025,0.7503251868819323,0.1562116656937173
25815,GOF,0.0616850436513846,0.7480087311133582,0.19030622523525714
25816,GOF,0.045816428610201354,0.8246836147059846,0.129499956683814
25817,GOF,0.04783591415554822,0.6541215137688594,0.2980425720755925
25818,GOF,0.03616908065006409,0.6103678821697736,0.3534630371801622
25819,GOF,0.06651513344234153,0.7181913077119564,0.21529355884570203
25820,GOF,0.06938825306670297,0.7277031826032301,0.20290856433006682
25821,GOF,0.07215958980102471,0.7179665187839628,0.20987389141501242
25822,GOF,0.10890520470521756,0.7010271070945224,0.19006768820025993
25823,GOF,0.1912011729433865,0.5353582033301733,0.2734406237264404
25824,GOF,0.13814343575429897,0.7143391733573412,0.14751739088835986
25825,GOF,0.13335331036392323,0.718837479636597,0.1478092099994798
25826,GOF,0.13814343575429897,0.7143391733573412,0.14751739088835986
25827,GOF,0.053016968729069684,0.7726538546862067,0.17432917658472352
25828,GOF,0.05064557494323156,0.7549310113118148,0.19442341374495373
25829,LOF,0.4318129980652101,0.04779592853355867,0.5203910734012313
25830,LOF,0.052211035012201576,0.10490598240679254,0.8428829825810058
25831,GOF,0.04370662859506749,0.6429376834986188,0.3133556879063136
25832,GOF,0.09240018906621218,0.5939565348191433,0.3136432761146445
25833,GOF,0.08654160740324301,0.6050779325771882,0.3083804600195688
25834,GOF,0.0836860184207721,0.56776741165993,0.3485465699192979
25835,GOF,0.09149206393268179,0.6458591602077556,0.26264877585956264
25836,GOF,0.08762619902193099,0.6261971434606672,0.2861766575174017
25837,GOF,0.12838821934721356,0.6004320666856746,0.2711797139671118
25838,GOF,0.1303623390307888,0.5934961308435501,0.27614153012566106
25839,GOF,0.15801073714812996,0.5880764603046355,0.2539128025472347
25840,GOF,0.09027387447569053,0.7014112146464735,0.20831491087783596
25841,GOF,0.09120834916208366,0.694293346347315,0.21449830449060145
25842,GOF,0.04935458874271055,0.6695503515253769,0.2810950597319125
25843,GOF,0.05018920580152042,0.662454141378986,0.28735665281949363
25844,GOF,0.06166814646402682,0.5888171562174018,0.3495146973185713
25845,GOF,0.0656401615310181,0.6079063212264418,0.32645351724254
25846,GOF,0.06087183464018607,0.5884478114090653,0.35068035395074854
25847,GOF,0.07406801251007995,0.6182899906595339,0.30764199683038607
25848,GOF,0.06170235681436295,0.7009582542877941,0.23733938889784306
25849,GOF,0.057232896541809,0.7017549731723696,0.24101213028582133
25850,GOF,0.17933097097655668,0.5629365444414834,0.2577324845819598
25851,GOF,0.20156880277397665,0.5307951715528868,0.26763602567313644
25852,GOF,0.1532828175723378,0.5674636808635921,0.2792535015640701
25853,GOF,0.09877975318335076,0.6535841284200427,0.24763611839660649
25854,GOF,0.08274851120641383,0.7439922928981819,0.1732591958954042
25855,GOF,0.09976900241644372,0.6893339393165726,0.21089705826698352
25856,GOF,0.0953294979296169,0.7010933072776948,0.2035771947926883
25857,GOF,0.10261935371002685,0.6982101855553081,0.1991704607346651
25858,GOF,0.07181571962833419,0.6341757301506521,0.29400855022101374
25859,GOF,0.07139213186966127,0.6398638430692574,0.2887440250610812
25860,GOF,0.0781366464989543,0.5764721666194595,0.3453911868815861
25861,GOF,0.07259099111128077,0.593099942163765,0.3343090667249541
25862,GOF,0.04629197272876289,0.7547443532209852,0.19896367405025184
25863,GOF,0.06016379066356419,0.7389923956929783,0.2008438136434575
25864,GOF,0.05431615324978181,0.7547614364364921,0.19092241031372606
25865,GOF,0.06695214255790727,0.7851639558162995,0.1478839016257933
25866,GOF,0.061057535967202564,0.7908806549696296,0.14806180906316777
25867,GOF,0.06151706940440997,0.7892319981398949,0.14925093245569507
25868,GOF,0.05748480452210493,0.7016478228233293,0.24086737265456568
25869,GOF,0.04924797291643735,0.7155071186196558,0.23524490846390686
25870,LOF,0.050877021551461156,0.14127553193775283,0.807847446510786
25871,GOF,0.03569789659244035,0.6217531723259881,0.3425489310815716
25872,GOF,0.04607727396481168,0.5407039125703326,0.4132188134648557
25873,GOF,0.058285660300637566,0.646482992692853,0.29523134700650944
25874,LOF,0.09212305887599963,0.044611028478353375,0.863265912645647
25875,GOF,0.09467432429145861,0.5451614284925093,0.3601642472160321
25876,Neutral,0.49771187998219746,0.1044772002222439,0.3978109197955586
25877,GOF,0.06972341847807069,0.6829516099266808,0.2473249715952485
25878,GOF,0.037096173604822265,0.7653900255230704,0.1975138008721073
25879,LOF,0.05087956594310096,0.3456912577933113,0.6034291762635877
25880,LOF,0.07231115224108096,0.07125465362458039,0.8564341941343386
25881,Neutral,0.6226543829609399,0.2974206876704609,0.07992492936859935
25882,LOF,0.24100722247769035,0.16188569422354085,0.5971070832987688
25883,LOF,0.06592652440143798,0.1406455444543405,0.7934279311442215
25884,LOF,0.3547694153401953,0.09919588947592406,0.5460346951838806
25885,Neutral,0.4994871955503348,0.017256338424691552,0.4832564660249737
25886,Neutral,0.4459935672769862,0.19819966619303692,0.35580676652997695
25887,GOF,0.205661272503182,0.5836673009868325,0.21067142650998547
25888,GOF,0.056170327471136296,0.5459407775078893,0.3978888950209744
25889,LOF,0.21930012301542876,0.12248400423721782,0.6582158727473534
25890,LOF,0.2683876317046358,0.3037393464940923,0.427873021801272
25891,LOF,0.24691925813551885,0.2239852299423259,0.5290955119221552
25892,LOF,0.013705253840282533,0.3705288301503584,0.6157659160093591
25893,LOF,0.42032702033303304,0.1211495054273764,0.45852347423959056
25894,LOF,0.4106502410374759,0.044818156050999536,0.5445316029115246
25895,LOF,0.4735706263606871,0.051199116425531335,0.4752302572137816
25896,Neutral,0.6306952218225964,0.05927185304041379,0.3100329251369899
25897,LOF,0.25482259355156905,0.09001150057099576,0.6551659058774352
25898,GOF,0.046071209620156504,0.5690022538165721,0.38492653656327147
25899,LOF,0.2953576338550435,0.1803812188529282,0.5242611472920283
25900,Neutral,0.8172312095581841,0.045770668767319646,0.13699812167449643
25901,LOF,0.07836090466856482,0.060856672797733595,0.8607824225337015
25902,Neutral,0.47091592709683516,0.05907149158364087,0.47001258131952384
25903,LOF,0.2974062485103647,0.13743421996166685,0.5651595315279684
25904,Neutral,0.4459935672769862,0.19819966619303692,0.35580676652997695
25905,LOF,0.08396196722448492,0.381088435330292,0.5349495974452231
25906,LOF,0.34624165249014677,0.08313365734930539,0.5706246901605478
25907,GOF,0.03682473211870586,0.5099455182675431,0.4532297496137509
25908,GOF,0.03877006155372544,0.5838410718153165,0.37738886663095794
25909,GOF,0.06840705990441913,0.49413086339417184,0.43746207670140913
25910,LOF,0.047669583217863236,0.3170776549560615,0.6352527618260753
25911,Neutral,0.676022374441591,0.07898644350001242,0.2449911820583966
25912,Neutral,0.4949501581401635,0.025486159206062516,0.47956368265377386
25913,LOF,0.021336243898027824,0.29930764734102433,0.6793561087609479
25914,LOF,0.04159823723414348,0.26434545448500113,0.6940563082808554
25915,GOF,0.08736732960132867,0.7167979515422898,0.1958347188563815
25916,GOF,0.07346936579014986,0.6065711070027142,0.3199595272071359
25917,Neutral,0.7499823001704752,0.060690025391948774,0.189327674437576
25918,LOF,0.05113427955365404,0.08261346503206793,0.8662522554142782
25919,LOF,0.046254537663505256,0.03440546596569489,0.9193399963707999
25920,LOF,0.3264438469312425,0.32172458832439266,0.3518315647443649
25921,LOF,0.2503440924129782,0.040638827501529355,0.7090170800854925
25922,LOF,0.17741890110363331,0.05703482528534084,0.7655462736110258
25923,Neutral,0.4459935672769862,0.19819966619303692,0.35580676652997695
25924,LOF,0.248008618288506,0.21431515644738425,0.5376762252641097
25925,Neutral,0.6293674229623026,0.06347072302376179,0.3071618540139357
25926,Neutral,0.6812411567932186,0.07467701401786318,0.24408182918891827
25927,LOF,0.021436636473956185,0.38008489500430404,0.5984784685217398
25928,LOF,0.2556048359186206,0.034766694605107874,0.7096284694762716
25929,Neutral,0.4459935672769862,0.19819966619303692,0.35580676652997695
25930,LOF,0.04174834850565352,0.19644160169198663,0.7618100498023599
25931,LOF,0.40851820167087616,0.09882924001754823,0.49265255831157573
25932,LOF,0.08675789702108114,0.06267639111757675,0.8505657118613421
25933,LOF,0.06109448389580995,0.08560428931334053,0.8533012267908496
25934,LOF,0.086234242862236,0.07037707220899457,0.8433886849287695
25935,Neutral,0.6707559187375665,0.07645451227554324,0.25278956898689015
25936,LOF,0.07934260578955371,0.06403713492458353,0.8566202592858628
25937,LOF,0.370962962164136,0.11213042796037176,0.5169066098754922
25938,Neutral,0.6804400227424199,0.05992451932741051,0.2596354579301697
25939,LOF,0.07382366199631989,0.073539086027092,0.8526372519765882
25940,GOF,0.04648939222179443,0.7910970624058281,0.1624135453723775
25941,Neutral,0.5200103700003821,0.0659701780650195,0.4140194519345984
25942,LOF,0.18396536470477381,0.1106876949450339,0.7053469403501923
25943,LOF,0.033756988562601994,0.4428423993122937,0.5234006121251044
25944,LOF,0.01795194172696491,0.3191673464929701,0.662880711780065
25945,LOF,0.03558193081201999,0.07812874840406754,0.8862893207839125
25946,LOF,0.4484258794847187,0.05916670922520364,0.49240741129007753
25947,Neutral,0.7002614693818329,0.04379079455705074,0.2559477360611163
25948,Neutral,0.5050929794723136,0.2156391286985988,0.2792678918290877
25949,LOF,0.4275048530459592,0.06923993801558154,0.5032552089384592
25950,GOF,0.040834169335189505,0.8047240821845586,0.15444174848025197
25951,GOF,0.026366660319265035,0.6431441414971119,0.330489198183623
25952,GOF,0.2456303826871792,0.45840228556469115,0.29596733174812967
25953,LOF,0.031040400148603233,0.4410819742431546,0.5278776256082423
25954,GOF,0.05103754663418567,0.749348469826761,0.19961398353905332
25955,GOF,0.018515242178486678,0.5625128545732103,0.4189719032483031
25956,GOF,0.04236955605771782,0.6341194741991236,0.3235109697431585
25957,Neutral,0.6982468578282988,0.028653338826327618,0.2730998033453736
25958,LOF,0.07527592793672534,0.13331851727846464,0.79140555478481
25959,LOF,0.02353616504874874,0.4061493768748629,0.5703144580763884
25960,LOF,0.21804130526325263,0.07532195397828254,0.7066367407584647
25961,LOF,0.04438028645214134,0.2292676020362966,0.7263521115115621
25962,LOF,0.3774829300524396,0.055312779067656186,0.5672042908799043
25963,LOF,0.07613285503164255,0.27053711603750175,0.6533300289308557
25964,LOF,0.08439001572444942,0.1928684964898433,0.7227414877857073
25965,GOF,0.11298471366601814,0.6329587336033047,0.25405655273067723
25966,Neutral,0.4459935672769862,0.19819966619303692,0.35580676652997695
25967,LOF,0.35607451267089996,0.058175729004157475,0.5857497583249425
25968,Neutral,0.37289935443192984,0.33700680493273594,0.2900938406353342
25969,Neutral,0.5618255705129659,0.0403020291628598,0.39787240032417426
25970,Neutral,0.4266776973482213,0.156436731826464,0.41688557082531474
25971,LOF,0.13496507228780374,0.11468663383606008,0.7503482938761363
25972,LOF,0.10809199464971339,0.1242088693195182,0.7676991360307684
25973,LOF,0.41563872105036026,0.022759360645703913,0.5616019183039357
25974,GOF,0.08493188576036641,0.5366683599304999,0.3783997543091337
25975,LOF,0.06040359598565126,0.026593548697959372,0.9130028553163895
25976,LOF,0.32287180662523934,0.013742195011982188,0.6633859983627785
25977,Neutral,0.4864671441524105,0.08353718023878008,0.4299956756088094
25978,LOF,0.16626511328309468,0.17072068876294988,0.6630141979539553
25979,LOF,0.09473556140453843,0.16809000377095026,0.7371744348245113
25980,LOF,0.20808240283239082,0.3685391907911067,0.4233784063765025
25981,GOF,0.21649138154206796,0.44544115047682825,0.33806746798110376
25982,LOF,0.16811159038456291,0.3013746962479537,0.5305137133674834
25983,LOF,0.12293205453525928,0.2867762600593498,0.590291685405391
25984,LOF,0.05454224493817921,0.21994319728772593,0.7255145577740949
25985,Neutral,0.5567525849362149,0.25874666573371613,0.18450074933006896
25986,GOF,0.02973076518420649,0.5838431932306327,0.3864260415851608
25987,LOF,0.31467759647120913,0.22745471187823305,0.4578676916505578
25988,LOF,0.03554162954563042,0.3019128982041846,0.662545472250185
25989,LOF,0.04891383245728474,0.34155614049249766,0.6095300270502176
25990,LOF,0.03962244013663074,0.4235702148361599,0.5368073450272093
25991,GOF,0.10664482509974048,0.5723130205570098,0.32104215434324956
25992,LOF,0.08246288394761726,0.31548876310398155,0.6020483529484012
25993,LOF,0.05445357176079867,0.033116160195691,0.9124302680435104
25994,LOF,0.09155061288785792,0.037082549107815166,0.8713668380043269
25995,LOF,0.05123980593503254,0.04893771626268295,0.8998224778022845
25996,GOF,0.3108306927703594,0.38940563941354034,0.2997636678161003
25997,GOF,0.17988629453352833,0.5221637834685295,0.29794992199794207
25998,LOF,0.3208121222737929,0.1956705486386892,0.4835173290875177
25999,LOF,0.020619638810145884,0.3801048627420442,0.5992754984478099
26000,LOF,0.2761726339344361,0.08433222153348655,0.6394951445320773
26001,LOF,0.15830986784989692,0.16602315622044334,0.6756669759296597
26002,LOF,0.360761624932252,0.05653935120512823,0.5826990238626197
26003,GOF,0.06183628935888807,0.6896008147705556,0.24856289587055638
26004,GOF,0.08989933356517207,0.7238289370748652,0.18627172935996278
26005,GOF,0.033807131509838446,0.8304119748496006,0.1357808936405611
26006,GOF,0.04202877489545744,0.7924395867165219,0.16553163838802062
26007,GOF,0.03239615411640165,0.7953203651831005,0.17228348070049784
26008,GOF,0.07529222566209945,0.7776463129021406,0.14706146143575993
26009,GOF,0.04090672763867212,0.8581003385211493,0.10099293384017852
26010,GOF,0.030920634734760605,0.7937055639356264,0.1753738013296129
26011,GOF,0.038711293277499385,0.6716415622222945,0.289647144500206
26012,GOF,0.03492289852012578,0.7548718797887095,0.2102052216911648
26013,GOF,0.048672427575991356,0.6175544770184052,0.33377309540560357
26014,LOF,0.46131774019497507,0.027052406287936148,0.5116298535170888
26015,LOF,0.30345444305515556,0.13761721285739936,0.558928344087445
26016,LOF,0.21974975907508026,0.1370814562327754,0.6431687846921443
26017,LOF,0.04200059651060776,0.33887476562403523,0.6191246378653571
26018,LOF,0.03768621412740759,0.3135121083437501,0.6488016775288423
26019,LOF,0.043016853963058994,0.10540068084048863,0.8515824651964524
26020,LOF,0.0239319497567568,0.4560626576365672,0.5200053926066759
26021,LOF,0.22938835213970138,0.16651388322604624,0.6040977646342524
26022,LOF,0.20229699245371685,0.08400932845236024,0.713693679093923
26023,LOF,0.0472177705043174,0.1149932492791436,0.837788980216539
26024,LOF,0.08896120439892663,0.13687748507343792,0.7741613105276354
26025,LOF,0.044194907573020276,0.2870685739331158,0.668736518493864
26026,LOF,0.04569314143625339,0.32662129469235723,0.6276855638713893
26027,LOF,0.06604596560499294,0.11736728283689911,0.816586751558108
26028,GOF,0.09402255948803533,0.47235065931141,0.4336267812005546
26029,GOF,0.057261068497571684,0.7184993213282619,0.22423961017416635
26030,Neutral,0.6168202573397672,0.06743568905003598,0.31574405361019686
26031,GOF,0.02646612729847132,0.7268939032507161,0.24663996945081246
26032,LOF,0.06654641426174798,0.1611470401443787,0.7723065455938732
26033,LOF,0.051981690298273056,0.2077003613932575,0.7403179483084694
26034,GOF,0.026921346261047002,0.6452791529227995,0.3277995008161536
26035,GOF,0.023005731890967412,0.7251026544569356,0.25189161365209706
26036,GOF,0.020854623859786897,0.6564539962565455,0.3226913798836676
26037,GOF,0.028661412013887718,0.5736324143358521,0.39770617365026034
26038,LOF,0.04789346853104938,0.15520627920188168,0.796900252267069
26039,GOF,0.025035853378430374,0.5700422392844368,0.4049219073371329
26040,LOF,0.03999164464298893,0.16302712387225998,0.7969812314847511
26041,GOF,0.03444667235116232,0.612381863907811,0.35317146374102665
26042,GOF,0.03132383061491853,0.6194610389613401,0.34921513042374147
26043,LOF,0.03374145438595988,0.250235351254893,0.7160231943591472
26044,LOF,0.23334792118318984,0.1731288854105922,0.5935231934062181
26045,GOF,0.03159137500024821,0.7259605480383782,0.2424480769613735
26046,LOF,0.03855265820269251,0.3113822574784804,0.6500650843188269
26047,LOF,0.1363045918742506,0.12050627791736339,0.743189130208386
26048,LOF,0.4676581123599857,0.062406953805247835,0.4699349338347663
26049,Neutral,0.6164375188419692,0.14374698794711405,0.23981549321091675
26050,Neutral,0.6697112434180812,0.08708369712749618,0.24320505945442256
26051,LOF,0.05801842343066286,0.43552160880321894,0.5064599677661181
26052,LOF,0.10437551153006264,0.41336910783309305,0.48225538063684437
26053,Neutral,0.4851837648042666,0.05545059298623265,0.45936564220950077
26054,Neutral,0.6804400227424199,0.05992451932741051,0.2596354579301697
26055,Neutral,0.6804400227424199,0.05992451932741051,0.2596354579301697
26056,Neutral,0.6804400227424199,0.05992451932741051,0.2596354579301697
26057,LOF,0.08012219860922404,0.06330000551752389,0.8565777958732521
26058,LOF,0.08355591133733543,0.05085892579601224,0.8655851628666523
26059,Neutral,0.8327722516399351,0.060837205101627774,0.10639054325843722
26060,GOF,0.0477250334619848,0.5517374319485412,0.400537534589474
26061,LOF,0.309465030570766,0.03826911244006557,0.6522658569891684
26062,LOF,0.37517583245999797,0.09923822759144484,0.5255859399485572
26063,LOF,0.07218202517672676,0.03800176038601953,0.8898162144372538
26064,LOF,0.3797889978211662,0.018447473089583392,0.6017635290892503
26065,LOF,0.0380986447507764,0.07463878789560227,0.8872625673536213
26066,LOF,0.0725125362345861,0.07386627255793043,0.8536211912074836
26067,LOF,0.0710645397068427,0.13961993914583065,0.7893155211473267
26068,Neutral,0.6225557838400134,0.09084963673021003,0.2865945794297765
26069,Neutral,0.6101813093728923,0.0794210547469073,0.3103976358802004
26070,Neutral,0.6101813093728923,0.0794210547469073,0.3103976358802004
26071,LOF,0.061511267803695584,0.09774983790785823,0.8407388942884461
26072,LOF,0.34866577961350725,0.05866647489213955,0.5926677454943532
26073,LOF,0.060297435017314355,0.07369962404013145,0.8660029409425543
26074,Neutral,0.8219895329820848,0.05419089040902562,0.12381957660888948
26075,Neutral,0.6223973164164317,0.08051336696028653,0.29708931662328186
26076,LOF,0.05275342646441168,0.1181465043101761,0.8291000692254122
26077,Neutral,0.6700432774434699,0.022334454000111328,0.30762226855641894
26078,LOF,0.33093845815565126,0.04148997888629974,0.627571562958049
26079,Neutral,0.6703288180259527,0.08548203737086629,0.24418914460318103
26080,Neutral,0.6703288180259527,0.08548203737086629,0.24418914460318103
26081,LOF,0.05161311843314263,0.04745711092754196,0.9009297706393155
26082,LOF,0.34196230039661785,0.0835489925424412,0.5744887070609409
26083,LOF,0.03829544927249525,0.2337976692712598,0.7279068814562449
26084,LOF,0.04228482940315745,0.15360371767917178,0.8041114529176707
26085,LOF,0.03687571929243703,0.20461639631371153,0.7585078843938515
26086,LOF,0.04404647140572926,0.16969772241557213,0.7862558061786987
26087,LOF,0.051947026684808544,0.18460692619226582,0.7634460471229256
26088,LOF,0.4310410382258488,0.10203364021422942,0.4669253215599217
26089,Neutral,0.6743895434251456,0.08599558774703289,0.23961486882782151
26090,Neutral,0.6743895434251456,0.08599558774703289,0.23961486882782151
26091,LOF,0.07576523910026252,0.08483387564377862,0.8394008852559589
26092,LOF,0.05359231682376205,0.08697003661955696,0.8594376465566811
26093,LOF,0.04503523218269695,0.06713446627957619,0.8878303015377268
26094,LOF,0.07267758675135094,0.09879485292182318,0.8285275603268258
26095,LOF,0.246324205275042,0.14043024730745798,0.6132455474174999
26096,Neutral,0.5785520196169492,0.02433616465284725,0.3971118157302033
26097,LOF,0.3325131601315815,0.03936639172867079,0.6281204481397478
26098,Neutral,0.6724196231666613,0.05975663830890479,0.26782373852443386
26099,LOF,0.035002675967331684,0.17348977855602096,0.7915075454766474
26100,LOF,0.035002675967331684,0.17348977855602096,0.7915075454766474
26101,LOF,0.048324102148395894,0.18630951964770626,0.765366378203898
26102,LOF,0.05281449611615834,0.08499434239991721,0.8621911614839244
26103,Neutral,0.4459935672769862,0.19819966619303692,0.35580676652997695
26104,Neutral,0.7106890592311919,0.09315063790739521,0.19616030286141287
26105,LOF,0.33870554805046016,0.08728203109528376,0.5740124208542561
26106,Neutral,0.46243066313140324,0.22734888210360454,0.3102204547649924
26107,LOF,0.021093706464823933,0.37377139538447507,0.605134898150701
26108,LOF,0.36377983863796914,0.19944269702229228,0.4367774643397386
26109,Neutral,0.5586853660035788,0.1831962590398409,0.2581183749565803
26110,LOF,0.4714499006400462,0.03639378611730424,0.49215631324264963
26111,LOF,0.05087642473788812,0.3384636127408388,0.6106599625212731
26112,LOF,0.08139054223469805,0.04342937778133463,0.8751800799839674
26113,LOF,0.06302052067997614,0.05892678940428854,0.8780526899157354
26114,LOF,0.3189652643627771,0.1353496328600243,0.5456851027771986
26115,GOF,0.02970678724637238,0.5563201901090641,0.4139730226445635
26116,LOF,0.10818997913447168,0.2749913507656108,0.6168186700999174
26117,Neutral,0.4459935672769862,0.19819966619303692,0.35580676652997695
26118,LOF,0.042593900310154295,0.09860194888957158,0.8588041508002742
26119,LOF,0.012852673626543394,0.26234723515819075,0.7248000912152659
26120,LOF,0.07638877943200645,0.04682407608944457,0.8767871444785491
26121,LOF,0.036479134112140266,0.17020358966968963,0.7933172762181702
