feature0,prediction,LoGoFunc_Neutral,LoGoFunc_GOF,LoGoFunc_LOF
25546,Neutral,0.7786749185981306,0.02528962925181662,0.19603545215005283
25547,Neutral,0.6342783655755517,0.04841544838451508,0.3173061860399332
25548,Neutral,0.6230235019754343,0.03981944259720476,0.3371570554273609
25549,Neutral,0.5283746245095042,0.04114869882725132,0.43047667666324435
25550,LOF,0.3416828223370136,0.0980603241811077,0.5602568534818788
25551,LOF,0.2828570479636693,0.10887332092823028,0.6082696311081004
25552,LOF,0.17666736715070558,0.11224287961989117,0.7110897532294033
25553,Neutral,0.8253595133888386,0.030893811743068923,0.1437466748680924
25554,LOF,0.21970839871871345,0.10694931707597467,0.6733422842053118
25555,LOF,0.17417246484717905,0.08740251430660269,0.7384250208462182
25556,LOF,0.40241357987217846,0.08905093971922667,0.5085354804085949
25557,LOF,0.16850453190921447,0.09620500636269876,0.7352904617280868
25558,LOF,0.21893331701598026,0.10753511126403839,0.6735315717199813
25559,LOF,0.38986526493979073,0.05711124307803116,0.553023491982178
25560,LOF,0.07046365016206632,0.18107978439969025,0.7484565654382433
25561,LOF,0.1238573113068351,0.19746601587488238,0.6786766728182825
25562,LOF,0.10277769756412668,0.090221241274258,0.8070010611616153
25563,LOF,0.11464131197245829,0.11725443137019294,0.7681042566573487
25564,LOF,0.1570483776925501,0.20084361905093018,0.6421080032565197
25565,LOF,0.12400063351808047,0.17960017333000355,0.696399193151916
25566,GOF,0.013679702912494204,0.6991534165948095,0.28716688049269634
25567,LOF,0.01222054545338192,0.12247519136984958,0.8653042631767686
25568,LOF,0.048698004537690076,0.059519909324659885,0.89178208613765
25569,LOF,0.06293728533861472,0.054702246489532605,0.8823604681718527
25570,LOF,0.07327604633924008,0.10436876203718506,0.8223551916235748
25571,LOF,0.06646741697612608,0.09061115611335545,0.8429214269105184
25572,LOF,0.07108884365977385,0.1336254745432522,0.795285681796974
25573,LOF,0.02865928339749328,0.08183532670019421,0.8895053899023125
25574,LOF,0.01753810328152307,0.13839447982423936,0.8440674168942376
25575,LOF,0.05715100887515647,0.09587426552490604,0.8469747255999375
25576,LOF,0.01847853513105409,0.10532736686959339,0.8761940979993527
25577,LOF,0.014941057983102532,0.1400164053182926,0.8450425366986049
25578,LOF,0.23819691228238588,0.07988432926774261,0.6819187584498716
25579,LOF,0.24019143075007252,0.07942837617027072,0.6803801930796568
25580,LOF,0.03735933838421645,0.08486303886032627,0.8777776227554573
25581,LOF,0.050724644019643654,0.06082316398999285,0.8884521919903636
25582,LOF,0.050378299733834335,0.058492346305479004,0.8911293539606867
25583,LOF,0.04969968175297407,0.08222326705797807,0.8680770511890479
25584,Neutral,0.47506373651418926,0.07235188761198375,0.452584375873827
25585,LOF,0.038692635321802046,0.0978489070746142,0.8634584576035838
25586,LOF,0.042261969898115814,0.07488721533150053,0.8828508147703836
25587,LOF,0.0376841098971175,0.0703091022046894,0.8920067878981931
25588,LOF,0.03951129057632849,0.09067414537843478,0.8698145640452366
25589,Neutral,0.6098778973594509,0.09737373235121315,0.29274837028933604
25590,LOF,0.030433749461904823,0.11825380558312859,0.8513124449549666
25591,LOF,0.11769720823152156,0.047235102840392826,0.8350676889280857
25592,LOF,0.10974339301272473,0.12218657364784404,0.7680700333394312
25593,LOF,0.01881688164328423,0.2349850044546081,0.7461981139021077
25594,LOF,0.03784275690229184,0.18444711397496247,0.7777101291227456
25595,LOF,0.053583848625995266,0.13937617275054656,0.8070399786234581
25596,LOF,0.06225982433432706,0.09860349553321146,0.8391366801324615
25597,LOF,0.0610162601837833,0.08012024803361253,0.8588634917826041
25598,LOF,0.045675850259470976,0.18335901631673243,0.7709651334237966
25599,GOF,0.007233723111014383,0.6966104081258311,0.29615586876315464
25600,GOF,0.008275420988548178,0.5843956513056975,0.4073289277057543
25601,LOF,0.006490169760057873,0.4439979254452294,0.5495119047947128
25602,LOF,0.01776200946421849,0.07255346229608874,0.9096845282396927
25603,LOF,0.03894239945931942,0.032948981269056314,0.9281086192716242
25604,LOF,0.052899953593697015,0.05352174443818345,0.8935783019681195
25605,LOF,0.009738267633161112,0.27324904655727855,0.7170126858095603
25606,GOF,0.06233676773924525,0.47048435779130904,0.46717887446944556
25607,LOF,0.003966770647955137,0.15528340998485804,0.8407498193671868
25608,LOF,0.06956195919321262,0.04933304199197663,0.8811049988148106
25609,LOF,0.060277699267878036,0.35886719211031026,0.5808551086218117
25610,LOF,0.05024103030157748,0.03076277178508289,0.9189961979133396
25611,LOF,0.0603300126361917,0.026500773373958873,0.9131692139898494
25612,LOF,0.12150961271621195,0.04917165095826832,0.8293187363255198
25613,LOF,0.10081230259242614,0.038964352583049366,0.8602233448245244
25614,LOF,0.04198833958088526,0.03621795810333369,0.9217937023157811
25615,LOF,0.060213818306349066,0.03947658766539877,0.9003095940282522
25616,LOF,0.04219560988804752,0.038267765806847195,0.9195366243051053
25617,LOF,0.04138307029613291,0.04092432502623407,0.917692604677633
25618,LOF,0.264143037736774,0.038657072039590526,0.6971998902236355
25619,LOF,0.0389637572511945,0.03597784274178444,0.925058400007021
25620,LOF,0.0481104485620047,0.04540842056238739,0.9064811308756079
25621,LOF,0.041763744897634174,0.03192547450561351,0.9263107805967523
25622,LOF,0.03253302586001912,0.04838762266420894,0.9190793514757719
25623,LOF,0.06279964906614105,0.03237424540889161,0.9048261055249675
25624,LOF,0.03299853075473126,0.04452648987370116,0.9224749793715675
25625,LOF,0.04074353291941334,0.05307537487211518,0.9061810922084714
25626,LOF,0.09308454432771175,0.031975781857497984,0.8749396738147902
25627,Neutral,0.5818198615222866,0.10056537820387565,0.3176147602738378
25628,LOF,0.21278254488935788,0.050832814342854755,0.7363846407677873
25629,LOF,0.0874611299298186,0.12309352144653575,0.7894453486236457
25630,LOF,0.2093499883043858,0.09295867919402238,0.6976913325015919
25631,Neutral,0.6023699280014301,0.05859604130406573,0.3390340306945043
25632,LOF,0.022179061610832787,0.09564633809593881,0.8821746002932285
25633,LOF,0.22235293895312577,0.0951973384540691,0.6824497225928051
25634,LOF,0.039701295024958,0.10593414700726342,0.8543645579677787
25635,LOF,0.03370402228786849,0.09631344242036913,0.8699825352917623
25636,GOF,0.007340951528881911,0.6922903361329406,0.30036871233817763
25637,GOF,0.004853680977948702,0.5605782316887358,0.43456808733331564
25638,LOF,0.009068636109502742,0.46790290282465397,0.5230284610658432
25639,LOF,0.0050772306647002,0.47181953976581975,0.5231032295694801
25640,GOF,0.3697877353738497,0.588594140567559,0.04161812405859136
25641,LOF,0.0060360611817960735,0.34946157871403305,0.6445023601041708
25642,LOF,0.2500706192276259,0.11008765017379445,0.6398417305985796
25643,LOF,0.21492398990017547,0.3501225904487855,0.434953419651039
25644,GOF,0.025346084638031976,0.6530704392229036,0.3215834761390644
25645,GOF,0.02063588583761299,0.6304699987140537,0.34889411544833315
25646,LOF,0.022061965869679144,0.47960435554091646,0.49833367858940436
25647,LOF,0.016777708499858494,0.34576908602226986,0.6374532054778717
25648,LOF,0.014821271755696674,0.39816421732034524,0.5870145109239581
25649,LOF,0.014619276512839887,0.2699089340562796,0.7154717894308805
25650,GOF,0.040934347934260644,0.6507216041174646,0.3083440479482748
25651,LOF,0.01211844865915419,0.3224977666577294,0.6653837846831163
25652,LOF,0.01978100346668977,0.3989698251444384,0.5812491713888718
25653,GOF,0.09172805131006267,0.5998203632817761,0.30845158540816137
25654,LOF,0.014128994630493327,0.4099871421456274,0.5758838632238792
25655,GOF,0.13224465615486292,0.5328895797634234,0.3348657640817137
25656,LOF,0.054613209899436584,0.09973693946183837,0.8456498506387251
25657,LOF,0.29387216938955496,0.04384992132962538,0.6622779092808196
25658,LOF,0.029296380483151436,0.19902182804859522,0.7716817914682533
25659,LOF,0.2041098555129453,0.09580612526950513,0.7000840192175497
25660,LOF,0.10034658207904425,0.10027599869233224,0.7993774192286235
25661,LOF,0.08174486758296409,0.07519390976691384,0.8430612226501222
25662,LOF,0.03608238240800546,0.051126038545879736,0.9127915790461147
25663,LOF,0.04339782452537244,0.09224440947881363,0.8643577659958139
25664,LOF,0.03162522733839996,0.13152131353498978,0.8368534591266102
25665,LOF,0.04732740268567378,0.05819398779643158,0.8944786095178947
25666,LOF,0.04181831652145205,0.175345512037716,0.782836171440832
25667,LOF,0.03642464579613298,0.05318727318891547,0.9103880810149515
25668,LOF,0.04933401141321493,0.05638180419300784,0.8942841843937772
25669,LOF,0.05814227454568803,0.08782342172655358,0.8540343037277583
25670,LOF,0.1228059354430489,0.10167555504167698,0.7755185095152742
25671,LOF,0.04475595612098256,0.04886418066297323,0.9063798632160442
25672,LOF,0.04682414911133113,0.07656541922588488,0.8766104316627841
25673,LOF,0.03444039884477516,0.07973041546558676,0.885829185689638
25674,LOF,0.02536852052319968,0.0930069148364473,0.881624564640353
25675,LOF,0.03301884703032953,0.08933444648162424,0.8776467064880462
25676,LOF,0.03405509794094393,0.06948640398933248,0.8964584980697236
25677,LOF,0.08689696832444554,0.06517049853890962,0.8479325331366449
25678,LOF,0.16710357007612897,0.05481267243205211,0.7780837574918189
25679,LOF,0.10572246006279866,0.07809756023915551,0.8161799796980458
25680,LOF,0.08757143879219519,0.10070121914799297,0.8117273420598119
25681,LOF,0.10344810722666387,0.08689095147994118,0.8096609412933949
25682,LOF,0.054639352329711746,0.07394275783465076,0.8714178898356375
25683,LOF,0.0751561964886029,0.10083630699994356,0.8240074965114536
25684,LOF,0.06763671289362391,0.07427031059075448,0.8580929765156217
25685,LOF,0.10462410499894458,0.05321874742789451,0.8421571475731608
25686,LOF,0.03603350854281891,0.12202967541480517,0.8419368160423758
25687,LOF,0.05926049613307246,0.10678176261549724,0.8339577412514303
25688,LOF,0.017216952590434993,0.07531061650487564,0.9074724309046893
25689,LOF,0.015036290986620543,0.04728330030952425,0.9376804087038552
25690,LOF,0.016065211631471656,0.05760980551992852,0.9263249828485998
25691,LOF,0.13258794262960952,0.08322532404000152,0.7841867333303889
25692,LOF,0.17557499410049948,0.013088538705567757,0.8113364671939328
25693,LOF,0.04781028851978577,0.15222421104568082,0.7999655004345335
25694,LOF,0.26814242877024663,0.011952397799909736,0.7199051734298436
25695,LOF,0.20677129698587476,0.020317563618209883,0.7729111393959154
25696,LOF,0.1518424366312228,0.018384744719919754,0.8297728186488573
25697,LOF,0.12244891535755188,0.03732815955637717,0.840222925086071
25698,LOF,0.02077287895436663,0.3287099963857142,0.6505171246599192
25699,LOF,0.08870236004895242,0.09498442925880371,0.8163132106922439
25700,LOF,0.032142485379274124,0.019244737387179862,0.948612777233546
25701,LOF,0.017272831861238753,0.11332073425059362,0.8694064338881677
25702,GOF,0.02073634072798788,0.7499684178047371,0.22929524146727503
25703,LOF,0.015849021430564506,0.22485237875261307,0.7592985998168224
25704,LOF,0.1077271667042666,0.21896747395672703,0.6733053593390064
25705,LOF,0.09085333044782884,0.29610981607851133,0.6130368534736598
25706,GOF,0.02332043998055293,0.6845482076399967,0.29213135237945026
25707,GOF,0.03127472104536349,0.6243035671484479,0.3444217118061887
25708,GOF,0.010472322201478706,0.6217246854139982,0.36780299238452296
25709,LOF,0.02875165796683819,0.08388081482458982,0.887367527208572
25710,LOF,0.0056409839681148865,0.23943998251219087,0.7549190335196942
25711,LOF,0.03030763130713042,0.15043800839253968,0.8192543603003299
25712,LOF,0.007363868401237562,0.30043537376830837,0.6922007578304541
25713,LOF,0.025346804350264898,0.1289246943758357,0.8457285012738994
25714,LOF,0.02826800944584187,0.1679301266279999,0.8038018639261583
25715,LOF,0.03154824945057662,0.1401203508317466,0.8283313997176769
25716,LOF,0.008246915278035827,0.21635257408316358,0.7754005106388006
25717,LOF,0.006193766328655328,0.2182602642225433,0.7755459694488014
25718,LOF,0.028280815625466863,0.09524758607637047,0.8764715982981627
25719,LOF,0.03926062701854155,0.13061048557661498,0.8301288874048435
25720,LOF,0.040798068825607686,0.12375154068952571,0.8354503904848666
25721,LOF,0.031129738762250822,0.12287440645278788,0.8459958547849614
25722,LOF,0.020795575643869777,0.15581937593368805,0.8233850484224421
25723,LOF,0.031217535524377477,0.11691041001486857,0.851872054460754
25724,LOF,0.02667449295670135,0.21141774529336171,0.761907761749937
25725,LOF,0.030578740820323646,0.10397000428424583,0.8654512548954306
25726,LOF,0.021902695511705497,0.14154630446718688,0.8365510000211076
25727,LOF,0.028989844025988046,0.13227896186417137,0.8387311941098404
25728,LOF,0.029452191579483873,0.13480890227481296,0.8357389061457032
25729,LOF,0.02951964926050745,0.15329403488320195,0.8171863158562906
25730,LOF,0.03375847115108183,0.10606345947754398,0.8601780693713742
25731,LOF,0.009724105733870779,0.24324095390567954,0.7470349403604497
25732,LOF,0.02399680547607972,0.12571576182315175,0.8502874327007686
25733,LOF,0.04323299356426772,0.1152339562987196,0.8415330501370127
25734,LOF,0.0064155425611219005,0.3414210976148705,0.6521633598240076
25735,LOF,0.026620394842944036,0.1047281250557384,0.8686514801013175
25736,LOF,0.025860833414660056,0.16605467698669707,0.8080844895986429
25737,LOF,0.06294901406057365,0.1594188881102755,0.7776320978291508
25738,LOF,0.026711535970896393,0.19430662340438382,0.7789818406247198
25739,LOF,0.031517157862224636,0.1292305951096581,0.8392522470281173
25740,LOF,0.03476817071515491,0.1482030461015948,0.8170287831832503
25741,LOF,0.040234151091318435,0.13199583161496808,0.8277700172937135
25742,LOF,0.053124266883908755,0.14686101230384108,0.8000147208122502
25743,LOF,0.011274961524115874,0.02337547278860965,0.9653495656872745
25744,LOF,0.23444063983328428,0.24191074726217066,0.523648612904545
25745,LOF,0.04240569521118574,0.05919506937011697,0.8983992354186974
25746,LOF,0.016613135374636892,0.07691196928260383,0.9064748953427592
25747,LOF,0.036981866804522166,0.024363026529451846,0.9386551066660261
25748,LOF,0.2741847684161389,0.044318542093625714,0.6814966894902353
25749,LOF,0.017738913551583774,0.05150718415444625,0.9307539022939699
25750,LOF,0.022956311497514446,0.05182964847937313,0.9252140400231125
25751,LOF,0.038853104389716474,0.037304166324445324,0.9238427292858382
25752,GOF,0.066637571537348,0.719442027348923,0.21392040111372887
25753,LOF,0.0064216622577248,0.47524800614662693,0.5183303315956482
25754,GOF,0.007199375657587899,0.8936026567159664,0.09919796762644573
25755,LOF,0.006313124705239698,0.4859440528549241,0.5077428224398362
25756,GOF,0.024507436804888916,0.49915136848892333,0.4763411947061879
25757,GOF,0.007785521708779076,0.875889004040918,0.11632547425030301
25758,GOF,0.008145407926634759,0.9025835219966379,0.0892710700767274
25759,GOF,0.005834514804788154,0.6914681174089528,0.3026973677862591
25760,LOF,0.005582773285297376,0.37892195589556243,0.6154952708191402
25761,GOF,0.04531511449536862,0.875425616747391,0.0792592687572405
25762,LOF,0.027813427978668565,0.4464017533055826,0.5257848187157488
25763,LOF,0.005327270060135808,0.34159705665677426,0.65307567328309
25764,GOF,0.05156593777094246,0.7072140019507883,0.24122006027826914
25765,GOF,0.007732762023296939,0.8878667587032715,0.10440047927343157
25766,GOF,0.04302462170084919,0.8453363510978431,0.11163902720130772
25767,GOF,0.01936826304609703,0.5396763277864635,0.4409554091674395
25768,LOF,0.05156535065437947,0.045301694452765245,0.9031329548928554
25769,LOF,0.040439389287103694,0.07454778707191857,0.8850128236409777
25770,LOF,0.19759590183485412,0.0800768906824888,0.722327207482657
25771,LOF,0.01810659869626709,0.06768060104689688,0.914212800256836
25772,LOF,0.03221987343049481,0.03063137828717975,0.9371487482823253
25773,LOF,0.019283500779042118,0.07620068990906895,0.9045158093118889
25774,LOF,0.02802460761862827,0.1335803192981161,0.8383950730832556
25775,LOF,0.018772891918750888,0.04510470854743022,0.9361223995338189
25776,LOF,0.03003737600887884,0.021836936286713512,0.9481256877044076
25777,LOF,0.28565843419440407,0.0927691534701442,0.6215724123354517
25778,LOF,0.026822268564937746,0.05128148365384844,0.9218962477812138
25779,GOF,0.08754885744224525,0.8404048940947999,0.0720462484629549
25780,GOF,0.10010821079369982,0.8433687277176501,0.056523061488650175
25781,GOF,0.043599181537787385,0.8375805664048569,0.11882025205735568
25782,GOF,0.05998549868109944,0.8710911104829835,0.06892339083591707
25783,GOF,0.041133396430896974,0.9036995553841527,0.055167048184950475
25784,GOF,0.14488741631597002,0.8135580131810777,0.04155457050295239
25785,GOF,0.1573248691404286,0.8025138722537155,0.040161258605855975
25786,GOF,0.013262456338566595,0.8460139136152482,0.14072363004618524
25787,GOF,0.29744953510449035,0.6534424545817263,0.04910801031378337
25788,LOF,0.01908003200932244,0.14188972754033555,0.8390302404503419
25789,GOF,0.02433383728464969,0.8308798061953961,0.14478635651995417
25790,GOF,0.036309920235749284,0.8610977728995083,0.10259230686474252
25791,GOF,0.036811088178092394,0.6758274805925277,0.2873614312293799
25792,GOF,0.043299566761479856,0.738894058199979,0.21780637503854108
25793,GOF,0.05945775317721494,0.8087835360668003,0.13175871075598466
25794,GOF,0.07879458478693367,0.6901653200419972,0.23104009517106916
25795,GOF,0.0681494019199453,0.6966567599980727,0.2351938380819819
25796,GOF,0.14878680664928715,0.7560493471207866,0.09516384622992617
25797,GOF,0.11854214996323587,0.681654375763323,0.19980347427344114
25798,GOF,0.008827327636276909,0.7652828966696177,0.22588977569410534
25799,GOF,0.00550334844016763,0.6472830526834413,0.34721359887639114
25800,GOF,0.032955510955131766,0.8053464207505091,0.16169806829435923
25801,GOF,0.031754789424221684,0.8815380270863943,0.08670718348938401
25802,GOF,0.03427494325769505,0.75657219634184,0.20915286040046488
25803,GOF,0.026606110023622016,0.6812404805920134,0.29215340938436474
25804,GOF,0.042984342501306956,0.7424899255523493,0.21452573194634372
25805,GOF,0.04246421257420197,0.7749890261039444,0.18254676132185363
25806,GOF,0.05773840761774274,0.7775867359621456,0.16467485642011168
25807,GOF,0.019121457001616285,0.7402691377971015,0.24060940520128213
25808,GOF,0.03233489222078456,0.7473189133625686,0.2203461944166468
25809,GOF,0.014772434363760648,0.6940227720907522,0.29120479354548723
25810,GOF,0.012688084232382754,0.6774922273962681,0.30981968837134927
25811,GOF,0.0676777055626902,0.845773508572555,0.08654878586475485
25812,GOF,0.04003618548405922,0.7534932055600267,0.20647060895591393
25813,GOF,0.2115674059036531,0.7016580894329858,0.08677450466336105
25814,GOF,0.040139076460440994,0.7414211885390433,0.21843973500051575
25815,GOF,0.07685304744773863,0.7821393644268703,0.14100758812539105
25816,GOF,0.011372085387578414,0.8459006323192745,0.14272728229314707
25817,GOF,0.13052951206121077,0.7397088332747783,0.1297616546640109
25818,GOF,0.03352597533743289,0.7502520425029773,0.21622198215958977
25819,GOF,0.07259155627015088,0.7271479914465249,0.20026045228332442
25820,GOF,0.0693836779456416,0.6856926304898687,0.24492369156448965
25821,GOF,0.045577112749511324,0.7468809011470159,0.20754198610347296
25822,GOF,0.08500843757741808,0.7029773337476911,0.21201422867489086
25823,GOF,0.03876107445882013,0.6689635402249914,0.29227538531618846
25824,GOF,0.03744721259388412,0.7057975047161205,0.25675528268999553
25825,GOF,0.02974998791808215,0.6986995556807756,0.2715504564011424
25826,GOF,0.013710112579530474,0.6535371417187655,0.332752745701704
25827,GOF,0.01989506337998313,0.6433551583851086,0.33674977823490826
25828,GOF,0.01460339585880914,0.6832414411416009,0.30215516299959
25829,GOF,0.005234236091693624,0.6057776876876813,0.3889880762206251
25830,GOF,0.04642216258409795,0.4823755928958593,0.4712022445200427
25831,GOF,0.07742448138950728,0.7761482543982708,0.1464272642122219
25832,GOF,0.013854378581834659,0.6904861489833388,0.2956594724348265
25833,GOF,0.05052688601106181,0.7652874857698987,0.1841856282190394
25834,GOF,0.01436665322284813,0.720263592435972,0.26536975434117976
25835,GOF,0.031725330232357574,0.7902077546978559,0.17806691506978645
25836,GOF,0.009608686531161226,0.7034631549057866,0.28692815856305226
25837,GOF,0.011065314081370703,0.7030810266436623,0.2858536592749669
25838,GOF,0.028956890434628034,0.7861139171299916,0.18492919243538042
25839,GOF,0.0857125880462027,0.7287552918581166,0.18553212009568062
25840,GOF,0.10940546244702543,0.7201525678307592,0.17044196972221534
25841,GOF,0.10714331101072444,0.7644523739129051,0.12840431507637043
25842,GOF,0.03598441082576324,0.8494659802446393,0.11454960892959755
25843,GOF,0.03632716137709122,0.8544865483138925,0.10918629030901633
25844,GOF,0.027036984545126264,0.7821225287912987,0.19084048666357492
25845,GOF,0.008145028051092998,0.6765291576127371,0.3153258143361699
25846,GOF,0.08478174506598361,0.8079875637016235,0.10723069123239293
25847,GOF,0.01924447079699636,0.8512971214324816,0.12945840777052212
25848,GOF,0.03208532366271953,0.7888599660493271,0.17905471028795344
25849,GOF,0.009342439132923888,0.7597029307891451,0.23095463007793096
25850,GOF,0.008354324757777521,0.6688529559402209,0.32279271930200154
25851,GOF,0.007745564321784412,0.6142157674148371,0.37803866826337845
25852,GOF,0.15603116700618697,0.5277491021662462,0.3162197308275669
25853,GOF,0.07677574147036743,0.75554443401613,0.1676798245135026
25854,GOF,0.007397362580674211,0.6729141650017023,0.31968847241762355
25855,GOF,0.027395749759779712,0.6510843442428073,0.3215199059974131
25856,GOF,0.05657825521668177,0.7243541113698554,0.21906763341346283
25857,GOF,0.027498699016894092,0.6599133502252176,0.31258795075788837
25858,GOF,0.011674094655389542,0.5998323283819692,0.38849357696264125
25859,GOF,0.008485521420568114,0.5662898294395423,0.42522464913988955
25860,GOF,0.11389649118151941,0.7169366549963219,0.16916685382215868
25861,GOF,0.1250850820578617,0.7674922769624813,0.10742264097965686
25862,GOF,0.027420162414409362,0.8650393466359677,0.1075404909496229
25863,GOF,0.02587505574421352,0.8432483873833952,0.13087655687239125
25864,GOF,0.06482566621518575,0.8359172002510121,0.09925713353380201
25865,GOF,0.0538893688325288,0.8138539891824862,0.13225664198498513
25866,GOF,0.026296587744045904,0.8154785590650723,0.15822485319088186
25867,GOF,0.047295504521878945,0.819529884332608,0.1331746111455132
25868,GOF,0.07857820587233566,0.7417348234872206,0.1796869706404438
25869,GOF,0.3732234951936301,0.5135276009228646,0.11324890388350514
25870,GOF,0.07455194518415263,0.49352408902728745,0.4319239657885598
25871,GOF,0.011199477574957714,0.7820960122162596,0.2067045102087827
25872,GOF,0.02781675352729375,0.7958244559225356,0.17635879055017073
25873,GOF,0.02600892788825522,0.8613805639372877,0.11261050817445717
25874,LOF,0.01889833717331008,0.1706922317575158,0.8104094310691742
25875,LOF,0.02453653249661237,0.12573189897627246,0.8497315685271152
25876,LOF,0.02100632250297874,0.05419911958682434,0.9247945579101968
25877,LOF,0.09860935180980146,0.2152102984172623,0.6861803497729363
25878,LOF,0.06236379347427726,0.26106529049938154,0.6765709160263412
25879,LOF,0.011322687591278822,0.18099362886082973,0.8076836835478916
25880,LOF,0.060483732397104764,0.02072111943963141,0.9187951481632638
25881,Neutral,0.5566336302187276,0.09712966277621311,0.3462367070050594
25882,LOF,0.07207035557370668,0.024094789606861195,0.9038348548194322
25883,LOF,0.032009060215385424,0.027795782841084866,0.9401951569435296
25884,LOF,0.021415805431058935,0.03768704053852576,0.9408971540304153
25885,LOF,0.19379800409589182,0.01275981802798592,0.7934421778761221
25886,LOF,0.24244198353097018,0.05741895651271008,0.7001390599563198
25887,LOF,0.08924707987433628,0.1392568200337913,0.7714961000918724
25888,LOF,0.00892171242581748,0.19128418079250795,0.7997941067816746
25889,LOF,0.027788187585338762,0.03476216341718911,0.9374496489974721
25890,LOF,0.18809472546372952,0.06669399641019388,0.7452112781260767
25891,LOF,0.1046886881192855,0.038318960190932894,0.8569923516897816
25892,LOF,0.008766824809835733,0.03529983755683681,0.9559333376333274
25893,LOF,0.3061325180341667,0.011641751822180572,0.6822257301436527
25894,LOF,0.33501135511154023,0.007592163952238842,0.6573964809362208
25895,LOF,0.2840429190884644,0.01651203569912104,0.6994450452124146
25896,LOF,0.09002771642747537,0.028485575210283484,0.8814867083622411
25897,LOF,0.12689391849489765,0.01183393742282058,0.8612721440822817
25898,LOF,0.13024611065061628,0.03207856905018927,0.8376753202991944
25899,LOF,0.4072281060945008,0.03996712105791664,0.5528047728475826
25900,Neutral,0.6679722483172886,0.012552447989463021,0.3194753036932484
25901,LOF,0.10881071092389048,0.013474379382177347,0.8777149096939322
25902,LOF,0.10168387768967316,0.016714343969487892,0.881601778340839
25903,LOF,0.20871139797623203,0.03178072774271189,0.759507874281056
25904,Neutral,0.5518559553982416,0.041174341707559306,0.40696970289419915
25905,LOF,0.007935435145045522,0.4003998590730937,0.5916647057818608
25906,LOF,0.008116095593830166,0.06655589498098832,0.9253280094251816
25907,LOF,0.008997618342083303,0.25617080007358073,0.734831581584336
25908,LOF,0.008819532567937886,0.2496914744068864,0.7414889930251757
25909,LOF,0.03088643427993123,0.10995159140741996,0.8591619743126487
25910,LOF,0.013095928614932017,0.15924395242447448,0.8276601189605935
25911,LOF,0.18562462545102434,0.02748381809769642,0.7868915564512792
25912,LOF,0.1066932192851637,0.020108436283640126,0.8731983444311961
25913,LOF,0.020110250632107255,0.028067810592396433,0.9518219387754964
25914,LOF,0.04474506436617407,0.028457432659996767,0.9267975029738292
25915,LOF,0.1768927227284928,0.20676756145842753,0.6163397158130797
25916,LOF,0.012457160867828679,0.09478717116273579,0.8927556679694355
25917,LOF,0.0730934693548244,0.02969935374994829,0.8972071768952273
25918,LOF,0.041661390084660445,0.01618499681687786,0.9421536130984618
25919,LOF,0.03422751666384022,0.017139388160014344,0.9486330951761456
25920,LOF,0.32830242598393006,0.1457111598834553,0.5259864141326147
25921,LOF,0.018401364828651266,0.01651493536162008,0.9650836998097287
25922,LOF,0.017904839855858133,0.017735190972095187,0.9643599691720467
25923,LOF,0.4616832515091565,0.01203682071095549,0.5262799277798881
25924,LOF,0.026866823387985087,0.019681393026794284,0.9534517835852205
25925,LOF,0.12123724864560487,0.02798990352996926,0.8507728478244259
25926,LOF,0.1008500777113256,0.019743982793433645,0.8794059394952408
25927,LOF,0.030182851456473456,0.02694550961818075,0.9428716389253459
25928,LOF,0.014109491721484601,0.016542075553397848,0.9693484327251176
25929,Neutral,0.5948309536582109,0.011743527756307786,0.3934255185854813
25930,LOF,0.10691966538537022,0.011837873578701195,0.8812424610359286
25931,LOF,0.016007614944378055,0.013508856059043766,0.9704835289965782
25932,LOF,0.0955767867547055,0.011453649720183971,0.8929695635251106
25933,LOF,0.10365969218128057,0.007858003740994768,0.8884823040777247
25934,LOF,0.10215118927888873,0.00704513080555855,0.8908036799155528
25935,LOF,0.12182178495948631,0.0222421894812866,0.8559360255592272
25936,LOF,0.1009811312781018,0.0069827506347694725,0.8920361180871287
25937,LOF,0.022892837728042757,0.015194841378933305,0.9619123208930239
25938,LOF,0.11846769258043231,0.019881635877125253,0.8616506715424426
25939,LOF,0.06316800054770717,0.011053430739588694,0.9257785687127043
25940,GOF,0.011794876663577916,0.5544143920672624,0.4337907312691597
25941,Neutral,0.4795061540285653,0.04546769381172847,0.4750261521597062
25942,LOF,0.011566856554999205,0.04772805749088927,0.9407050859541115
25943,LOF,0.050073513312778685,0.16743505780142132,0.7824914288857999
25944,LOF,0.06099749490292796,0.0957272064106083,0.8432752986864638
25945,LOF,0.19793677845416618,0.02650577843317629,0.7755574431126575
25946,LOF,0.07893176852284481,0.04148607682266147,0.8795821546544936
25947,Neutral,0.491012587078651,0.15377845989044392,0.35520895303090516
25948,LOF,0.39029603406106106,0.012071136345769081,0.5976328295931699
25949,LOF,0.13501570185857079,0.060870894755136594,0.8041134033862926
25950,GOF,0.10146190767270462,0.6539774099304511,0.2445606823968443
25951,LOF,0.011928540754253335,0.4715486665118991,0.5165227927338476
25952,LOF,0.1614238714479272,0.26573571208836705,0.5728404164637058
25953,LOF,0.007038426179279407,0.3225882062126392,0.6703733676080814
25954,GOF,0.0684358315964448,0.471478582277483,0.46008558612607214
25955,LOF,0.009382127410127516,0.29652386506390915,0.6940940075259634
25956,LOF,0.011174297712096196,0.3926981506614209,0.596127551626483
25957,LOF,0.1611709055183356,0.04746424261582128,0.791364851865843
25958,LOF,0.03136612439420954,0.058263769074193686,0.9103701065315967
25959,GOF,0.006596126734008665,0.7237368968622262,0.2696669764037652
25960,LOF,0.004988669905196011,0.11964288065900396,0.8753684494358
25961,LOF,0.026616839110137756,0.04861477857286437,0.9247683823169979
25962,LOF,0.03145739092763979,0.08808263895158804,0.8804599701207723
25963,LOF,0.009193085375125096,0.14292802219729508,0.8478788924275799
25964,LOF,0.0431623061661003,0.11095640286530752,0.8458812909685922
25965,LOF,0.1607109126232281,0.17792425946059726,0.6613648279161746
25966,LOF,0.30777796454367834,0.10091672960263402,0.5913053058536876
25967,LOF,0.005748702962278177,0.11814845596173963,0.8761028410759821
25968,LOF,0.05069768858398507,0.2922838551631335,0.6570184562528815
25969,LOF,0.14828650761375853,0.07154171885673749,0.7801717735295041
25970,LOF,0.05691952267839615,0.07112536908489775,0.871955108236706
25971,LOF,0.06799554846036313,0.030985662765691268,0.9010187887739456
25972,LOF,0.0810949760388888,0.03884259511184266,0.8800624288492684
25973,LOF,0.0568425811644509,0.010212603226318366,0.9329448156092308
25974,LOF,0.063760200811709,0.039280309266599714,0.8969594899216913
25975,LOF,0.0332933599392148,0.01475590806774909,0.9519507319930361
25976,LOF,0.09576657581044999,0.01214741261878565,0.8920860115707644
25977,LOF,0.2462027810026206,0.046744538186101636,0.7070526808112777
25978,LOF,0.15825885752108154,0.1542896520035482,0.6874514904753702
25979,LOF,0.1249365502927453,0.16411956836572675,0.7109438813415279
25980,LOF,0.19996370266603644,0.24105129714271997,0.5589850001912435
25981,LOF,0.2012154107784753,0.2443323485410823,0.5544522406804423
25982,LOF,0.36716385753962194,0.11394644269569051,0.5188896997646875
25983,Neutral,0.45305724463911184,0.11815214177416106,0.42879061358672715
25984,LOF,0.06860446874917457,0.0927888241139578,0.8386067071368677
25985,LOF,0.4319951963817608,0.12506310475343121,0.442941698864808
25986,LOF,0.016339767313721915,0.40129426952068026,0.5823659631655979
25987,LOF,0.04423407630861003,0.08765204735928925,0.8681138763321008
25988,LOF,0.06877723007760547,0.16945075736931725,0.7617720125530772
25989,LOF,0.07386911142062588,0.24124710289103116,0.684883785688343
25990,LOF,0.06498810448108541,0.3474492049070566,0.587562690611858
25991,GOF,0.026331272679619495,0.5503443415100857,0.42332438581029486
25992,LOF,0.013260930313331356,0.46033917761055604,0.5263998920761126
25993,LOF,0.019961510754114835,0.05749012293076947,0.9225483663151157
25994,LOF,0.023288642793587958,0.07182162988852701,0.9048897273178851
25995,LOF,0.01754552827243416,0.13826184934950653,0.8441926223780594
25996,GOF,0.3418430308872394,0.40791519331025494,0.2502417758025055
25997,GOF,0.06568320990938768,0.5362001348288282,0.39811665526178414
25998,LOF,0.2452531134413293,0.036058842373707614,0.718688044184963
25999,LOF,0.023368026673174752,0.3386136770363893,0.638018296290436
26000,LOF,0.1541145969459144,0.015107751309172362,0.8307776517449131
26001,LOF,0.16246187445343463,0.019196322942823637,0.8183418026037418
26002,LOF,0.09787994344460525,0.02326964044873808,0.8788504161066566
26003,GOF,0.007243731102840571,0.5469154942552424,0.44584077464191707
26004,GOF,0.017818339932320727,0.5641642265311726,0.4180174335365066
26005,LOF,0.005665661390191517,0.4449278972233968,0.5494064413864117
26006,GOF,0.10601620077006924,0.4547737813570269,0.439210017872904
26007,LOF,0.010668865744254824,0.4271782029158776,0.5621529313398677
26008,GOF,0.0072826641773638115,0.5301918498275238,0.46252548599511234
26009,GOF,0.012244792396076778,0.5862547373686101,0.4015004702353131
26010,GOF,0.010343118066174174,0.5174426292338375,0.4722142526999883
26011,LOF,0.006751133326553899,0.367534777527618,0.6257140891458282
26012,LOF,0.0057824327240983435,0.47848817247887887,0.5157293947970228
26013,GOF,0.01193153984440096,0.5108290234530758,0.4772394367025233
26014,LOF,0.04069653791290647,0.0740232374726797,0.8852802246144139
26015,LOF,0.4065660776791719,0.021484838359010577,0.5719490839618174
26016,LOF,0.26741115538019544,0.027403330212169025,0.7051855144076354
26017,LOF,0.0166100250227137,0.10973066270766428,0.8736593122696221
26018,LOF,0.033829895588632496,0.057106816461479026,0.9090632879498886
26019,LOF,0.03324888306569287,0.04888082409604131,0.9178702928382659
26020,LOF,0.006450362424986885,0.10583367883807156,0.8877159587369415
26021,LOF,0.0740664177046121,0.051927617084762026,0.8740059652106258
26022,LOF,0.038735023344417994,0.02407831085660842,0.9371866657989737
26023,LOF,0.025002918555235842,0.03519963336079357,0.9397974480839705
26024,LOF,0.05043666132607422,0.04110053227631654,0.9084628063976092
26025,LOF,0.12867460715846388,0.042909248953462854,0.8284161438880733
26026,LOF,0.12224348828337238,0.031595944075789896,0.8461605676408377
26027,LOF,0.03434415121183268,0.021314654599571603,0.9443411941885957
26028,LOF,0.06481052471287356,0.1783459369765866,0.7568435383105399
26029,LOF,0.026911257635176527,0.19782965101404015,0.7752590913507833
26030,LOF,0.11371638382670349,0.027048760980551506,0.8592348551927449
26031,LOF,0.01195417613576745,0.17185055632262033,0.8161952675416122
26032,LOF,0.036534537235370784,0.04890789463002489,0.9145575681346043
26033,LOF,0.03714685370610696,0.04781928103204248,0.9150338652618505
26034,LOF,0.01597244752825644,0.11338848853407443,0.8706390639376692
26035,LOF,0.011410694922843181,0.11942515743327455,0.8691641476438823
26036,LOF,0.010520029316168909,0.09434148828846495,0.8951384823953662
26037,LOF,0.01053779164476506,0.10080544142242864,0.8886567669328063
26038,LOF,0.03192453877002365,0.043070354124840504,0.925005107105136
26039,LOF,0.026947178572903532,0.1363587649998274,0.836694056427269
26040,LOF,0.08000783779923953,0.13842599365213357,0.7815661685486268
26041,LOF,0.012208846362434975,0.10369924273797373,0.8840919108995912
26042,LOF,0.011279500176215955,0.10899622480328239,0.8797242750205017
26043,LOF,0.03293620646975595,0.07367451982182219,0.8933892737084218
26044,LOF,0.006675876574982172,0.05726245078377531,0.9360616726412426
26045,LOF,0.08299125530200302,0.1999245594930975,0.7170841852048994
26046,LOF,0.028417292991428696,0.048673004324270054,0.9229097026843013
26047,LOF,0.06327082027521444,0.04972892155152434,0.8870002581732612
26048,LOF,0.0860841354944207,0.022830064032617434,0.8910858004729618
26049,Neutral,0.9446188257699069,0.00653003101829911,0.048851143211793874
26050,Neutral,0.9111486157398939,0.0072648304269476065,0.08158655383315853
26051,LOF,0.0267225861455649,0.366288462744578,0.6069889511098572
26052,LOF,0.025662052539671406,0.2920728790656434,0.6822650683946851
26053,LOF,0.016051012482332483,0.18870264371482487,0.7952463438028425
26054,LOF,0.05934585970313463,0.04720209710853812,0.8934520431883273
26055,LOF,0.08579846949454824,0.04201744331364867,0.8721840871918031
26056,LOF,0.06746779080292026,0.047796594215471076,0.8847356149816087
26057,LOF,0.06645170279859236,0.028143751841913933,0.9054045453594937
26058,LOF,0.0735312710903948,0.022951772290784305,0.903516956618821
26059,LOF,0.20982396448740132,0.05998535522596783,0.7301906802866308
26060,LOF,0.015878535903467456,0.24015398359533338,0.7439674805011992
26061,LOF,0.010730998793249121,0.01694195934672046,0.9723270418600304
26062,LOF,0.0059344485959481165,0.0295612854244004,0.9645042659796516
26063,LOF,0.048330015065446756,0.017766214207548415,0.9339037707270048
26064,LOF,0.014552502954962186,0.026911139401302134,0.9585363576437357
26065,LOF,0.06376116021506267,0.029443777732105693,0.9067950620528316
26066,LOF,0.05620888899032647,0.020208729091910925,0.9235823819177627
26067,LOF,0.05566641215667071,0.01705728866206776,0.9272762991812615
26068,LOF,0.05658940288020968,0.03966774999976211,0.9037428471200283
26069,LOF,0.18594763444436535,0.03377263025122971,0.7802797353044049
26070,LOF,0.39047608810702056,0.01970043284209612,0.5898234790508834
26071,LOF,0.05416299598824277,0.02194662771134821,0.923890376300409
26072,LOF,0.006803459663289235,0.022864188143404598,0.9703323521933062
26073,LOF,0.04669051937038731,0.018551284732596186,0.9347581958970166
26074,Neutral,0.6797233718766433,0.014206818301767708,0.30606980982158893
26075,LOF,0.04640179277192401,0.028980020955931236,0.9246181862721446
26076,LOF,0.04499585818501377,0.026700765471164397,0.9283033763438218
26077,LOF,0.16875007656157295,0.016027922265249153,0.8152220011731779
26078,LOF,0.005936041038461968,0.040461275626788695,0.9536026833347494
26079,LOF,0.06099472345098132,0.030065709140702356,0.9089395674083164
26080,LOF,0.06021339949640249,0.03002501879800615,0.9097615817055913
26081,LOF,0.047337510762531336,0.01819654838252477,0.9344659408549439
26082,LOF,0.006380579614136693,0.028296305753190833,0.9653231146326724
26083,LOF,0.11887159878187165,0.030779837495855982,0.8503485637222724
26084,LOF,0.15198550241360986,0.027573259477083095,0.820441238109307
26085,LOF,0.135163204384743,0.023643922036417478,0.8411928735788395
26086,LOF,0.03922126306107685,0.02729488221388293,0.9334838547250403
26087,LOF,0.041025133991281104,0.021555960727295514,0.9374189052814234
26088,LOF,0.0064935934863749115,0.05372527920141298,0.9397811273122121
26089,LOF,0.04286800061275694,0.04201534156328615,0.9151166578239569
26090,LOF,0.042511581965997254,0.03793800411945257,0.9195504139145503
26091,LOF,0.03260810308534293,0.017259846578095404,0.9501320503365617
26092,LOF,0.043572222915336516,0.015576387865254043,0.9408513892194094
26093,LOF,0.06319071357829781,0.010473511257734916,0.9263357751639673
26094,LOF,0.0388328085688629,0.013615439203381112,0.947551752227756
26095,LOF,0.01137511334024281,0.030881107916004905,0.9577437787437523
26096,LOF,0.2558679646606333,0.0067751213874696755,0.7373569139518971
26097,LOF,0.006179731905891093,0.06807656857989466,0.9257436995142142
26098,LOF,0.05517191537759666,0.027398689778551092,0.9174293948438523
26099,LOF,0.04845565399156714,0.033371764923717344,0.9181725810847156
26100,LOF,0.04845565399156714,0.033371764923717344,0.9181725810847156
26101,LOF,0.048776859082375834,0.05972465949735568,0.8914984814202683
26102,LOF,0.04005820095290261,0.02533626717341755,0.9346055318736798
26103,Neutral,0.8954648051243395,0.03698437545787007,0.06755081941779047
26104,LOF,0.0555893883148949,0.06269522363739002,0.8817153880477151
26105,LOF,0.24180341471229425,0.08505101840034007,0.6731455668873656
26106,LOF,0.24729696033265394,0.0316069870744347,0.7210960525929113
26107,LOF,0.017452743132033384,0.06392296858405046,0.9186242882839161
26108,LOF,0.16579675736585955,0.056522486054108076,0.7776807565800324
26109,LOF,0.056266234806533415,0.051202117170860734,0.8925316480226058
26110,LOF,0.41266178860354447,0.011180014892811126,0.5761581965036443
26111,LOF,0.07840892271889983,0.06174879041632544,0.8598422868647747
26112,LOF,0.07011737625622617,0.011431141752245737,0.9184514819915282
26113,LOF,0.11769929601176016,0.027301871163554734,0.854998832824685
26114,LOF,0.0989502678248903,0.008585942898253323,0.8924637892768564
26115,LOF,0.018346690662697215,0.0760330497804317,0.9056202595568711
26116,LOF,0.08067015470543785,0.025770815436343634,0.8935590298582186
26117,LOF,0.3688588939076142,0.03942348867441332,0.5917176174179725
26118,LOF,0.03899780778762156,0.020374517196628947,0.9406276750157494
26119,LOF,0.006250282532563869,0.08525269753209166,0.9084970199353444
26120,LOF,0.032985767400740766,0.014996177582734348,0.9520180550165248
26121,LOF,0.004280570931182922,0.11574929425213841,0.8799701348166786
