feature0,prediction,LoGoFunc_Neutral,LoGoFunc_GOF,LoGoFunc_LOF
25546,Neutral,0.7577096748698701,0.03141430241465909,0.21087602271547096
25547,Neutral,0.6050284074511902,0.0682193217061027,0.326752270842707
25548,Neutral,0.616680550964079,0.05152543509507033,0.3317940139408505
25549,Neutral,0.5390842923120737,0.05177685634914062,0.4091388513387857
25550,LOF,0.3736526346280725,0.10671814098559464,0.5196292243863327
25551,LOF,0.29378483630943825,0.11974203060093384,0.5864731330896279
25552,LOF,0.21654079553831682,0.11265209470982053,0.6708071097518626
25553,Neutral,0.8681938684509451,0.024741934013113576,0.10706419753594137
25554,LOF,0.24914543379319568,0.10896082240178863,0.6418937438050157
25555,LOF,0.20696295240492438,0.09489091230680945,0.6981461352882661
25556,Neutral,0.47814141577252356,0.09293750760276585,0.42892107662471046
25557,LOF,0.1983323415434326,0.09927239220640316,0.7023952662501644
25558,LOF,0.23738290418003682,0.10627616573606567,0.6563409300838975
25559,LOF,0.3777585013058356,0.11524413339719498,0.5069973652969694
25560,LOF,0.054096397360854975,0.13121883033844578,0.8146847723006991
25561,LOF,0.12488130621563627,0.1300454490812666,0.7450732447030971
25562,LOF,0.08654567739057754,0.06445321460566569,0.8490011080037568
25563,LOF,0.10099157393237633,0.06927703936391322,0.8297313867037104
25564,LOF,0.2501067749410889,0.12780934318171275,0.6220838818771984
25565,LOF,0.13718508220022974,0.12449405171253453,0.7383208660872358
25566,GOF,0.012225701577199499,0.7647372584167292,0.22303704000607125
25567,LOF,0.0201964087578327,0.19240656551778795,0.7873970257243793
25568,LOF,0.05834548146366962,0.06936988641701847,0.872284632119312
25569,LOF,0.06137732691252924,0.0703508389607999,0.8682718341266709
25570,LOF,0.05853658623274969,0.10279537163772742,0.838668042129523
25571,LOF,0.05316956715613164,0.09914698416816278,0.8476834486757057
25572,LOF,0.07080217359274138,0.11770093410742122,0.8114968922998373
25573,LOF,0.03414208411661556,0.09999139756698382,0.8658665183164006
25574,LOF,0.01993267816938771,0.1617721949505321,0.8182951268800802
25575,LOF,0.04417045492085134,0.11215500672049991,0.8436745383586488
25576,LOF,0.019598413342453484,0.13185413529240408,0.8485474513651424
25577,LOF,0.01669877160658137,0.12136370484755225,0.8619375235458665
25578,LOF,0.2967801126687208,0.08958775597009766,0.6136321313611816
25579,LOF,0.12905656711628877,0.10524354704417349,0.7656998858395379
25580,LOF,0.029852605608429256,0.08063002254986225,0.8895173718417085
25581,LOF,0.05504068870999322,0.07280479812572381,0.872154513164283
25582,LOF,0.054524177510476696,0.0711311985831075,0.8743446239064158
25583,LOF,0.036369039094339826,0.09464621599806196,0.8689847449075982
25584,Neutral,0.49051225255089037,0.11810757812244824,0.39138016932666125
25585,LOF,0.0204636102672661,0.12685365650327504,0.852682733229459
25586,LOF,0.028480154950675917,0.07721496631151521,0.8943048787378088
25587,LOF,0.028452757940746334,0.0700121057930118,0.9015351362662419
25588,LOF,0.029735771785973107,0.08517562322837335,0.8850886049856534
25589,Neutral,0.6366497910445312,0.11702889408691937,0.24632131486854936
25590,LOF,0.03430884437087866,0.12840501343284774,0.8372861421962736
25591,LOF,0.09120594848007703,0.06464922732160854,0.8441448241983145
25592,LOF,0.09223348687480416,0.1328396633529446,0.7749268497722513
25593,LOF,0.03386581320311245,0.28087602639935216,0.6852581603975354
25594,LOF,0.048426083945716784,0.1344645126879907,0.8171094033662926
25595,LOF,0.05940105253227037,0.096951070206417,0.8436478772613127
25596,LOF,0.05052848023142348,0.07672153379788887,0.8727499859706876
25597,LOF,0.03535117347874935,0.07503229234873049,0.8896165341725201
25598,LOF,0.05409220507528316,0.09590270288850761,0.8500050920362093
25599,GOF,0.0065980752128568,0.6064957668175511,0.3869061579695921
25600,GOF,0.012460904777235243,0.6255799952003225,0.36195910002244225
25601,LOF,0.009505261460177966,0.4385466947992001,0.5519480437406219
25602,LOF,0.017225973070016002,0.059464957399068125,0.9233090695309158
25603,LOF,0.05447838792201943,0.025977088607028673,0.9195445234709518
25604,LOF,0.029018428769191692,0.06519207008185983,0.9057895011489484
25605,LOF,0.009156587068376824,0.23951475694634256,0.7513286559852806
25606,LOF,0.08095714789183038,0.40660467736827627,0.5124381747398933
25607,LOF,0.005492206881876429,0.2168076681088761,0.7777001250092475
25608,LOF,0.01690084398302656,0.08246577922402906,0.9006333767929444
25609,LOF,0.059115160239443514,0.3851871422025529,0.5556976975580036
25610,LOF,0.032276729210545356,0.024647891167353796,0.943075379622101
25611,LOF,0.03783836256003375,0.02394323986428568,0.9382183975756806
25612,LOF,0.09396393129381844,0.03924347218660634,0.8667925965195752
25613,LOF,0.0838203164674279,0.0413895728794159,0.8747901106531561
25614,LOF,0.02857971818201826,0.032981508782686554,0.9384387730352952
25615,LOF,0.03567448373656949,0.045405931830249255,0.9189195844331813
25616,LOF,0.024783387658741936,0.03284241772514586,0.9423741946161122
25617,LOF,0.025740503096809583,0.035009073107495646,0.9392504237956948
25618,LOF,0.13406655486881858,0.029712837302553936,0.8362206078286275
25619,LOF,0.02793330953370618,0.030170923262465694,0.9418957672038281
25620,LOF,0.03332227749184228,0.040731591434910154,0.9259461310732475
25621,LOF,0.02560623852914491,0.035541291463939126,0.938852470006916
25622,LOF,0.034045548347380064,0.035856063106294814,0.9300983885463252
25623,LOF,0.052931846281675,0.027060306947703755,0.9200078467706212
25624,LOF,0.0235883228214049,0.03779823261948406,0.938613444559111
25625,LOF,0.034456488704842886,0.04450476939507933,0.9210387419000777
25626,LOF,0.07475163644395263,0.034520880154318166,0.8907274834017291
25627,Neutral,0.5424011750072765,0.120900613702601,0.33669821129012256
25628,LOF,0.20683154002970952,0.05372479536124755,0.739443664609043
25629,LOF,0.05809747175938676,0.06377477136751385,0.8781277568730993
25630,LOF,0.17233059133493697,0.08129985574010375,0.7463695529249593
25631,Neutral,0.6079609529117517,0.05868777456734946,0.3333512725208988
25632,LOF,0.013395616405651957,0.11392357048704103,0.872680813107307
25633,LOF,0.0996671267324093,0.089261761892934,0.8110711113746567
25634,LOF,0.03215271067901419,0.11656998151488494,0.8512773078061009
25635,LOF,0.037443174528596926,0.0853206568964971,0.877236168574906
25636,GOF,0.003731611116529751,0.6375389998467739,0.3587293890366964
25637,GOF,0.003311764424905468,0.6688754853231559,0.3278127502519386
25638,LOF,0.005446082800962609,0.41620579728179735,0.5783481199172401
25639,GOF,0.00340660453349049,0.5278606020970738,0.46873279336943574
25640,GOF,0.44500992161937836,0.4968482741414636,0.05814180423915804
25641,LOF,0.00840715823964764,0.29213485092544567,0.6994579908349066
25642,LOF,0.24922358302582484,0.06002507479914217,0.690751342175033
25643,LOF,0.31597612823814336,0.12190937422656918,0.5621144975352873
25644,GOF,0.014790077718911077,0.5373210742644683,0.44788884801662066
25645,GOF,0.012477468378932688,0.5042622537678494,0.4832602778532179
25646,LOF,0.018123525974757578,0.36485422893595265,0.6170222450892897
25647,LOF,0.013396637202233837,0.3035088477420459,0.6830945150557203
25648,LOF,0.013727132569158957,0.299558179918655,0.686714687512186
25649,LOF,0.011929742872327289,0.21629459196050074,0.771775665167172
25650,LOF,0.019598098582086186,0.4446350517138683,0.5357668497040455
25651,LOF,0.008135620071829447,0.30364703067954973,0.6882173492486208
25652,LOF,0.01409928427154776,0.28536859968237793,0.7005321160460742
25653,LOF,0.04753430892065638,0.3792539711762377,0.5732117199031058
25654,LOF,0.015378714846518166,0.16167029612414352,0.8229509890293384
25655,LOF,0.07735224277347798,0.39348499271763127,0.5291627645088908
25656,LOF,0.100232334827943,0.07211040994163107,0.8276572552304259
25657,LOF,0.3386277114360038,0.035976271601702456,0.6253960169622937
25658,LOF,0.044984198248238606,0.09407723955048101,0.8609385622012804
25659,LOF,0.37561779634599096,0.08019052391149574,0.5441916797425133
25660,LOF,0.062177278102618104,0.08551458147176773,0.8523081404256142
25661,LOF,0.04326064017786441,0.06940262915104864,0.8873367306710869
25662,LOF,0.02661682349963591,0.04731449227896005,0.9260686842214041
25663,LOF,0.03647702972769081,0.07237838626000534,0.8911445840123038
25664,LOF,0.04523614615299034,0.08395486312677455,0.8708089907202351
25665,LOF,0.05542375507605942,0.04477747358813732,0.8997987713358032
25666,LOF,0.04050074595446893,0.11227109945243378,0.8472281545930972
25667,LOF,0.03065932595566819,0.05233628814286028,0.9170043859014716
25668,LOF,0.03120283799299686,0.05563395209595164,0.9131632099110516
25669,LOF,0.03869756323664535,0.07782872818699631,0.8834737085763584
25670,LOF,0.07693836904237968,0.08862791222729455,0.8344337187303257
25671,LOF,0.03834132389906582,0.046895219157583136,0.914763456943351
25672,LOF,0.061808423758005195,0.06459622403220279,0.873595352209792
25673,LOF,0.04648580486575102,0.06835320143498509,0.8851609936992639
25674,LOF,0.04335387346495701,0.07039169636363822,0.8862544301714048
25675,LOF,0.05073770940389474,0.06364629116431342,0.8856159994317918
25676,LOF,0.033400915008695256,0.06041318985167602,0.9061858951396288
25677,LOF,0.0583019942861175,0.0649513424938035,0.8767466632200791
25678,LOF,0.28671262826149124,0.03399115439740033,0.6792962173411085
25679,LOF,0.17908345270954246,0.06841647607514514,0.7525000712153124
25680,LOF,0.058643082081760736,0.09757634791506035,0.843780570003179
25681,LOF,0.10457679402968435,0.09144306176584382,0.8039801442044718
25682,LOF,0.04279000788392062,0.07862157682056845,0.878588415295511
25683,LOF,0.10719409685475952,0.09408290520958776,0.7987229979356527
25684,LOF,0.055732375378726585,0.07835076756859755,0.8659168570526758
25685,LOF,0.11393003531926511,0.05746147877576241,0.8286084859049725
25686,LOF,0.03870242153933547,0.11363657385240875,0.8476610046082559
25687,LOF,0.0452026832481886,0.09746346358755356,0.8573338531642578
25688,LOF,0.03307393052925366,0.09378761934189347,0.8731384501288528
25689,LOF,0.019598249586359487,0.080687575209515,0.8997141752041254
25690,LOF,0.023339715332304934,0.08319583013802162,0.8934644545296735
25691,LOF,0.23175602061961792,0.10753908244269382,0.6607048969376882
25692,LOF,0.2899503226661769,0.008173612052339262,0.7018760652814837
25693,LOF,0.10818190680424113,0.15760712332764623,0.7342109698681126
25694,LOF,0.2583596631689672,0.014215640951493832,0.727424695879539
25695,LOF,0.16294712576018586,0.02020553191709958,0.8168473423227145
25696,LOF,0.16163955533560953,0.009297014336943984,0.8290634303274464
25697,LOF,0.1473636919678705,0.029053287543681333,0.8235830204884482
25698,LOF,0.03462853477076567,0.4187787313755854,0.5465927338536489
25699,LOF,0.0705225058933592,0.08329643317412627,0.8461810609325146
25700,LOF,0.034155115819687026,0.011614995186582754,0.9542298889937303
25701,LOF,0.017959493961992444,0.07449875527372297,0.9075417507642847
25702,GOF,0.03586860643667894,0.7301740302571004,0.23395736330622055
25703,LOF,0.013025763215047377,0.20026614470702953,0.786708092077923
25704,LOF,0.10010648816419945,0.15160675556506784,0.7482867562707327
25705,LOF,0.06262118391722936,0.2725552286033108,0.6648235874794599
25706,GOF,0.06133344574128109,0.6076909572662418,0.3309755969924772
25707,GOF,0.027699319618145226,0.5216108321346518,0.45068984824720304
25708,LOF,0.00949918596021419,0.46647522089696,0.5240255931428259
25709,LOF,0.019300944654786205,0.06598373758336343,0.9147153177618504
25710,LOF,0.009253230264249332,0.16874018007169728,0.8220065896640534
25711,LOF,0.020870593068923148,0.1265424255210582,0.8525869814100187
25712,LOF,0.010181402865723744,0.2376293019983584,0.7521892951359179
25713,LOF,0.01879810205527872,0.10482369757336649,0.8763782003713549
25714,LOF,0.021016851364507642,0.13922731397395,0.8397558346615424
25715,LOF,0.01968605196482231,0.11662324608343734,0.8636907019517404
25716,LOF,0.010856119010660026,0.13433231159033104,0.854811569399009
25717,LOF,0.0061328039189429626,0.13589892581301066,0.8579682702680463
25718,LOF,0.01708275261038415,0.08238877542237787,0.900528471967238
25719,LOF,0.03358124697482907,0.09094319728235459,0.8754755557428163
25720,LOF,0.02169559640655254,0.09428730744324362,0.884017096150204
25721,LOF,0.02275846264709572,0.10125874875314915,0.8759827885997552
25722,LOF,0.017487242755239267,0.14161483652872472,0.840897920716036
25723,LOF,0.02145334780028081,0.07287124048921265,0.9056754117105066
25724,LOF,0.03353761848660775,0.10557038605459994,0.8608919954587924
25725,LOF,0.022559507582874883,0.06641401565271876,0.9110264767644064
25726,LOF,0.016275565180482624,0.09897682582827268,0.8847476089912448
25727,LOF,0.019425412958255263,0.08667011171472529,0.8939044753270194
25728,LOF,0.01788256391477141,0.10471133069077045,0.8774061053944582
25729,LOF,0.018947225714832303,0.1033330850797122,0.8777196892054555
25730,LOF,0.0192360668143743,0.0846020468404728,0.8961618863451529
25731,LOF,0.012144074900322942,0.18099234217342372,0.8068635829262533
25732,LOF,0.018294803657149004,0.10149707083624913,0.8802081255066019
25733,LOF,0.02960786685615778,0.07515861207380628,0.895233521070036
25734,LOF,0.00787741534217077,0.19266397460103074,0.7994586100567985
25735,LOF,0.02172538979736212,0.07015908413472212,0.9081155260679158
25736,LOF,0.02075145177947396,0.11025415220966177,0.8689943960108643
25737,LOF,0.04198379016110767,0.08690780534388023,0.8711084044950121
25738,LOF,0.020172699607947014,0.12574188638418035,0.8540854140078725
25739,LOF,0.02219543846905366,0.1252388007587104,0.8525657607722359
25740,LOF,0.05076436569011098,0.11205350863638382,0.8371821256735053
25741,LOF,0.025494522191022585,0.09554276168661889,0.8789627161223585
25742,LOF,0.03548846290688265,0.11391495662925268,0.8505965804638648
25743,LOF,0.011787786619476619,0.049280968199009956,0.9389312451815134
25744,GOF,0.13507961530300647,0.44962301000336313,0.4152973746936305
25745,LOF,0.02130707360566554,0.07631722124221152,0.902375705152123
25746,LOF,0.010437256215786629,0.09486603807737888,0.8946967057068345
25747,LOF,0.03315189819522963,0.03972748699739363,0.9271206148073768
25748,LOF,0.19904458743879458,0.07022839453990279,0.7307270180213026
25749,LOF,0.01356687616327737,0.06099385873038942,0.9254392651063331
25750,LOF,0.014408915012198898,0.09083991431746986,0.8947511706703313
25751,LOF,0.037581365545057435,0.07388256763790203,0.8885360668170406
25752,GOF,0.08718393605799334,0.6668975391433944,0.24591852479861218
25753,LOF,0.006725087101535312,0.3667367491315103,0.6265381637669545
25754,GOF,0.004968087285111568,0.8422788679749299,0.1527530447399585
25755,LOF,0.010459853228728186,0.4297070570125289,0.5598330897587429
25756,LOF,0.047854107817120496,0.4573686008189591,0.4947772913639205
25757,GOF,0.006940189221697085,0.8781267601605053,0.1149330506177977
25758,GOF,0.008282454886084936,0.864402840675603,0.12731470443831208
25759,GOF,0.004753247122219414,0.5736276796299679,0.4216190732478127
25760,LOF,0.006348374260756496,0.30727257849209466,0.6863790472471489
25761,GOF,0.046735544588108316,0.8400519516353265,0.11321250377656505
25762,LOF,0.02780734981681245,0.38962972346433405,0.5825629267188535
25763,LOF,0.009224102393415251,0.24973157577198382,0.7410443218346009
25764,GOF,0.10927980219354053,0.5696159029172477,0.3211042948892118
25765,GOF,0.007511956182051165,0.8298364692493719,0.16265157456857698
25766,GOF,0.03091668494375339,0.8177521013332298,0.1513312137230167
25767,LOF,0.018388598068557242,0.47886629417509297,0.5027451077563498
25768,LOF,0.03820164340213343,0.07652794322746315,0.8852704133704035
25769,LOF,0.023689870543584162,0.06988081534798671,0.9064293141084291
25770,LOF,0.13583078640433607,0.06826104541348649,0.7959081681821774
25771,LOF,0.016062039385615887,0.0757757946087307,0.9081621660056534
25772,LOF,0.02315671922731296,0.02807077106680412,0.9487725097058829
25773,LOF,0.013128900955533514,0.08032721973343178,0.9065438793110346
25774,LOF,0.024484733129616888,0.09415674201393696,0.8813585248564461
25775,LOF,0.02160144697773067,0.04215848676461201,0.9362400662576573
25776,LOF,0.024066061824251223,0.025642586944743664,0.950291351231005
25777,LOF,0.17777822492766254,0.07024379866523316,0.7519779764071044
25778,LOF,0.018319450268966416,0.052513808011678556,0.929166741719355
25779,GOF,0.038252336713543014,0.8962741508991501,0.06547351238730699
25780,GOF,0.06493548963217598,0.8745481651835774,0.060516345184246645
25781,GOF,0.026270239184136235,0.8693448929349388,0.104384867880925
25782,GOF,0.031806185770488424,0.9027164702927895,0.06547734393672212
25783,GOF,0.018980740117646056,0.7583681097763535,0.2226511501060004
25784,GOF,0.10920958464043763,0.8439681979169679,0.04682221744259469
25785,GOF,0.06930633413852892,0.8936190350406881,0.037074630820782994
25786,GOF,0.005329935110055105,0.834626585343144,0.16004347954680082
25787,GOF,0.1520925225025913,0.8174622726274351,0.030445204869973656
25788,LOF,0.014947287335502787,0.19358800556389072,0.7914647071006065
25789,GOF,0.019229648378224284,0.8589148440202663,0.12185550760150936
25790,GOF,0.023849146989165026,0.8887532758933555,0.08739757711747946
25791,GOF,0.015540918555978073,0.8326855106248681,0.1517735708191539
25792,GOF,0.02581784838161601,0.8419501280530661,0.13223202356531777
25793,GOF,0.07322765311851191,0.8302531328385074,0.09651921404298074
25794,GOF,0.05848423175540508,0.7857452441035712,0.15577052414102371
25795,GOF,0.039070310733343654,0.7863806883907003,0.17454900087595604
25796,GOF,0.07559878236891168,0.815521182822986,0.10888003480810243
25797,GOF,0.03572821899514852,0.6952560505231934,0.26901573048165806
25798,GOF,0.003137758832953229,0.6728969769135273,0.3239652642535194
25799,GOF,0.0030699137137826433,0.5508300171548228,0.44610006913139455
25800,GOF,0.011802854621378672,0.7263398087930582,0.26185733658556304
25801,GOF,0.015825674190017427,0.8613047114225878,0.12286961438739472
25802,GOF,0.0215638321265488,0.8049871057388425,0.17344906213460867
25803,GOF,0.011703501284411435,0.7034023195225374,0.28489417919305116
25804,GOF,0.013639737170362614,0.6112240857198286,0.3751361771098089
25805,GOF,0.022833401407934828,0.7341251924128854,0.24304140617917977
25806,GOF,0.018667924095728528,0.76178997988987,0.21954209601440156
25807,GOF,0.005523660151579801,0.7174692665443658,0.2770070733040544
25808,GOF,0.014954628634111256,0.7565867589508936,0.2284586124149951
25809,GOF,0.006431262892060471,0.7445846211623156,0.2489841159456239
25810,GOF,0.005441580979882709,0.7453822723498226,0.2491761466702948
25811,GOF,0.04702034573207134,0.8539979793111325,0.09898167495679615
25812,GOF,0.015605638988324554,0.7328577627188293,0.25153659829284636
25813,GOF,0.10187448538240694,0.8134771752620023,0.08464833935559074
25814,GOF,0.02608458226687513,0.8245376108413911,0.14937780689173383
25815,GOF,0.03819353644417284,0.8228827857728037,0.1389236777830235
25816,GOF,0.008184872160626182,0.8646449411572583,0.1271701866821156
25817,GOF,0.09649905050673814,0.7769741514404798,0.1265267980527821
25818,GOF,0.025264590934093185,0.8092215293947836,0.16551387967112316
25819,GOF,0.057457021857697375,0.7848776689716379,0.15766530917066485
25820,GOF,0.030894042435831933,0.7892559321390905,0.1798500254250776
25821,GOF,0.018625140385448644,0.7759141083229633,0.20546075129158806
25822,GOF,0.03751980285065661,0.8004644200034439,0.16201577714589954
25823,GOF,0.013578371762449628,0.6578610410641962,0.32856058717335407
25824,GOF,0.025441311103151253,0.7754907231265444,0.19906796577030425
25825,GOF,0.015099417242985351,0.7592528898897756,0.22564769286723918
25826,GOF,0.005470671011156432,0.7305772154794054,0.26395211350943826
25827,GOF,0.00831969365075903,0.7112566749532616,0.2804236313959795
25828,GOF,0.005624111999364595,0.6623852497615246,0.3319906382391108
25829,GOF,0.0029271676236692036,0.7173530731632803,0.27971975921305026
25830,GOF,0.037974904042806915,0.5096720022437782,0.452353093713415
25831,GOF,0.044889453688207195,0.8428878874481825,0.11222265886361033
25832,GOF,0.00925053796422393,0.8036404620213343,0.18710900001444175
25833,GOF,0.03674866538469682,0.8424774918092297,0.12077384280607338
25834,GOF,0.00882341576810707,0.8117772663226177,0.17939931790927527
25835,GOF,0.018735642743587726,0.8660910067388341,0.11517335051757839
25836,GOF,0.006889178680427414,0.8206265674446084,0.17248425387496433
25837,GOF,0.007988737792145836,0.7388850217734141,0.2531262404344401
25838,GOF,0.023018967158137626,0.8714091502722958,0.10557188256956644
25839,GOF,0.04156314949495799,0.8540249294053774,0.10441192109966459
25840,GOF,0.057740636614745856,0.8465987248832895,0.09566063850196459
25841,GOF,0.055498295541699584,0.8540964451209251,0.09040525933737519
25842,GOF,0.02632638588382666,0.9034348760907646,0.07023873802540874
25843,GOF,0.0269326541056336,0.9078984121818331,0.06516893371253338
25844,GOF,0.0181651553077747,0.8476016595472525,0.13423318514497273
25845,GOF,0.00634936023769772,0.683600990925922,0.31004964883638036
25846,GOF,0.03974296582849801,0.867650047393525,0.09260698677797698
25847,GOF,0.020563932783337006,0.9166169129172954,0.06281915429936748
25848,GOF,0.018504182119471992,0.8625153437495103,0.1189804741310176
25849,GOF,0.005174422975812733,0.7554557379587409,0.23936983906544637
25850,GOF,0.00732327755705453,0.7682145141715809,0.22446220827136465
25851,GOF,0.006111225001236682,0.6508316575065024,0.3430571174922609
25852,GOF,0.12307600664365867,0.6190170030180527,0.25790699033828857
25853,GOF,0.07299605986924863,0.8550074883193345,0.07199645181141688
25854,GOF,0.005526807317706432,0.7151382717886784,0.27933492089361506
25855,GOF,0.01534464009583007,0.6640069102715476,0.3206484496326223
25856,GOF,0.03693468977265121,0.7931867568001262,0.16987855342722258
25857,GOF,0.01306180123758526,0.6678849282467834,0.3190532705156314
25858,GOF,0.007794989482799383,0.6492882952084772,0.3429167153087236
25859,GOF,0.005546752161973612,0.6320738826964025,0.36237936514162394
25860,GOF,0.07745990985123086,0.8253430069698522,0.09719708317891682
25861,GOF,0.0793337982204988,0.8221725737338909,0.09849362804561033
25862,GOF,0.023175540731882705,0.8742727824080012,0.10255167686011601
25863,GOF,0.022179116841867415,0.8835389126714823,0.09428197048665034
25864,GOF,0.0485154724321181,0.8783399353081653,0.07314459225971644
25865,GOF,0.03494509211653404,0.8469755852204472,0.11807932266301883
25866,GOF,0.026592659585886646,0.8745700954550505,0.09883724495906296
25867,GOF,0.03509241688023272,0.8827437182970453,0.082163864822722
25868,GOF,0.05152940048280063,0.8478764147474539,0.10059418476974558
25869,GOF,0.3373453135880495,0.6031230280154811,0.05953165839646944
25870,GOF,0.07237300728280148,0.7014411105170985,0.22618588220009994
25871,GOF,0.011473348198408747,0.9005076254114932,0.088019026390098
25872,GOF,0.02076340165214066,0.8707849028021855,0.10845169554567398
25873,GOF,0.01982021467746239,0.8910768370572063,0.08910294826533127
25874,LOF,0.01643613686470945,0.21628705178516688,0.7672768113501237
25875,LOF,0.050927174981877106,0.051089110854833523,0.8979837141632894
25876,LOF,0.018475111298521155,0.03784507844543923,0.9436798102560395
25877,LOF,0.1212452270089132,0.08886777745145494,0.7898869955396319
25878,LOF,0.06978377218472072,0.12435445879312151,0.8058617690221578
25879,LOF,0.028001674159812234,0.08672172843232308,0.8852765974078647
25880,LOF,0.05820656120370542,0.012354714704319765,0.9294387240919748
25881,Neutral,0.5387031880758383,0.056080705495748014,0.40521610642841377
25882,LOF,0.05354597941550048,0.02734708756327423,0.9191069330212254
25883,LOF,0.029370370418510608,0.021718426989877023,0.9489112025916123
25884,LOF,0.026363099213316497,0.037071772506201674,0.9365651282804819
25885,LOF,0.2125223380390079,0.010595406104035119,0.776882255856957
25886,LOF,0.14816352834863739,0.05020895155750931,0.8016275200938533
25887,LOF,0.18992761024566351,0.05777169869406902,0.7523006910602675
25888,LOF,0.01244243693110782,0.12725587421609652,0.8603016888527957
25889,LOF,0.030250471913830585,0.02748752844730459,0.9422619996388648
25890,LOF,0.12629273659004614,0.11449542496449411,0.7592118384454597
25891,LOF,0.09024779318848054,0.02310710232696777,0.8866451044845516
25892,LOF,0.009582234050706538,0.03171681584067381,0.9587009501086196
25893,LOF,0.40097267995664787,0.008065767432885259,0.5909615526104669
25894,LOF,0.4469964050433259,0.005483588321698035,0.547520006634976
25895,LOF,0.33144698524653504,0.011238614604298447,0.6573144001491665
25896,LOF,0.07132997005223995,0.015510056599132216,0.9131599733486279
25897,LOF,0.19429605327123825,0.009522212075735332,0.7961817346530264
25898,LOF,0.15712568847425046,0.029228786780239015,0.8136455247455106
25899,LOF,0.3503305540976934,0.015865481138140774,0.6338039647641657
25900,LOF,0.4472029813063828,0.007866125356676358,0.5449308933369408
25901,LOF,0.07371035388826326,0.007156643465843133,0.9191330026458936
25902,LOF,0.16581607105673515,0.008276058049230907,0.825907870894034
25903,LOF,0.4139462172647509,0.023245920568975887,0.5628078621662732
25904,Neutral,0.4966205631923304,0.022223016890607374,0.48115641991706226
25905,LOF,0.0037815626110316975,0.47156558812949245,0.5246528492594759
25906,LOF,0.00867194868038626,0.11116908696604273,0.8801589643535709
25907,LOF,0.004157181626658117,0.3592857373723172,0.6365570810010247
25908,LOF,0.0043292230616287855,0.27828057661364186,0.7173902003247292
25909,LOF,0.022596733836167743,0.1712454285530333,0.806157837610799
25910,LOF,0.011174036399557838,0.13533063873865778,0.8534953248617845
25911,LOF,0.3264236438615506,0.041924436955979166,0.6316519191824701
25912,LOF,0.06836875221626333,0.05849950257432266,0.873131745209414
25913,LOF,0.046854800995249385,0.06543880471450082,0.8877063942902498
25914,LOF,0.036818819934975155,0.04453072077048948,0.9186504592945355
25915,LOF,0.17183535378568046,0.20461519210004986,0.6235494541142698
25916,LOF,0.030343536084949732,0.14170471927274328,0.8279517446423069
25917,LOF,0.06962142868282988,0.0434268612260073,0.8869517100911629
25918,LOF,0.04790124181630633,0.030067662391612782,0.9220310957920809
25919,LOF,0.040419115980395,0.029249503589465816,0.9303313804301391
25920,LOF,0.15802992736143975,0.17174053529739125,0.670229537341169
25921,LOF,0.01754128928966828,0.040771198349646494,0.9416875123606852
25922,LOF,0.017337352708736264,0.03765836344585269,0.9450042838454109
25923,LOF,0.4457609004601196,0.03771255710256536,0.516526542437315
25924,LOF,0.02518679265798369,0.05879347219651498,0.9160197351455014
25925,LOF,0.0847018472993788,0.05154412313842577,0.8637540295621955
25926,LOF,0.05978696518613092,0.05169459374634254,0.8885184410675264
25927,LOF,0.024137541587742537,0.07866202101538744,0.89720043739687
25928,LOF,0.010827254766646928,0.06344640259539581,0.9257263426379573
25929,Neutral,0.5293823116459159,0.03616785249172726,0.4344498358623569
25930,LOF,0.07434381871250854,0.034023999731504107,0.8916321815559873
25931,LOF,0.014384716249924078,0.04197839803891241,0.9436368857111634
25932,LOF,0.0610343286248622,0.034129002845539,0.9048366685295988
25933,LOF,0.05768860999744975,0.021324348652295728,0.9209870413502544
25934,LOF,0.05615802948973215,0.021741318252419168,0.9221006522578488
25935,LOF,0.0716294351722522,0.06340835888007422,0.8649622059476737
25936,LOF,0.09299029768255122,0.023319111964663915,0.8836905903527849
25937,LOF,0.014873464731995613,0.04070860431598924,0.9444179309520151
25938,LOF,0.07083012860960317,0.06114170885986623,0.8680281625305307
25939,LOF,0.04210025352345015,0.02783801268297988,0.93006173379357
25940,LOF,0.008555746177476346,0.3408001473535112,0.6506441064690124
25941,Neutral,0.5054765396271242,0.03667460173277287,0.4578488586401029
25942,LOF,0.009047537551979377,0.05125957760493969,0.9396928848430809
25943,LOF,0.04354925998546873,0.18457419558884347,0.7718765444256879
25944,LOF,0.06704746163259703,0.09541058545882689,0.8375419529085761
25945,LOF,0.11945184989713904,0.020483665562058693,0.8600644845408023
25946,LOF,0.06913769058836133,0.04122510494729919,0.8896372044643394
25947,Neutral,0.4867075554544928,0.10384760308600205,0.40944484145950505
25948,LOF,0.43184147303373127,0.012915099359734408,0.5552434276065344
25949,LOF,0.13578021859212638,0.0651621188598808,0.7990576625479928
25950,GOF,0.0642575657128473,0.6295934315599732,0.30614900272717954
25951,LOF,0.013914955512113048,0.4345413308669328,0.5515437136209542
25952,LOF,0.29257311562686206,0.2730232775196063,0.4344036068535316
25953,LOF,0.007663250946209376,0.18286838966957053,0.8094683593842202
25954,GOF,0.09376504670319473,0.4687139730775153,0.43752098021929
25955,LOF,0.007188630266945034,0.15742381467069386,0.8353875550623612
25956,LOF,0.019924206699693633,0.24527324803886333,0.7348025452614431
25957,LOF,0.22877329453453923,0.03793533674359797,0.7332913687218628
25958,LOF,0.032945853244221605,0.036544441911148105,0.9305097048446304
25959,GOF,0.01398702508459678,0.5378958191762924,0.4481171557391108
25960,LOF,0.007071146503929467,0.058650522984102116,0.9342783305119685
25961,LOF,0.030396619867892452,0.03289436462657092,0.9367090155055366
25962,LOF,0.036217145336254954,0.07341991438420868,0.8903629402795364
25963,LOF,0.005173943397379026,0.19257103445964524,0.8022550221429757
25964,LOF,0.030893749872896184,0.10095073479470217,0.8681555153324015
25965,LOF,0.2702046807370459,0.11311456159890101,0.6166807576640532
25966,Neutral,0.4772799340894802,0.1447015594730392,0.3780185064374806
25967,LOF,0.010253782969274495,0.07699456432890614,0.9127516527018193
25968,LOF,0.04696275214114351,0.22662219248026935,0.7264150553785872
25969,LOF,0.12202475190521068,0.050272903386796214,0.8277023447079932
25970,LOF,0.020449112096543903,0.0917923375717055,0.8877585503317507
25971,LOF,0.08544724376857667,0.02696946048546973,0.8875832957459536
25972,LOF,0.06876004919167333,0.043648918717582974,0.8875910320907436
25973,LOF,0.0776995603611832,0.009669023862316717,0.9126314157765
25974,LOF,0.05298123612523365,0.038120965641974834,0.9088977982327916
25975,LOF,0.05098129455462831,0.01722108503181014,0.9317976204135616
25976,LOF,0.10671055023169537,0.010900117238630885,0.8823893325296738
25977,LOF,0.1964548049547438,0.07367549069203094,0.7298697043532253
25978,LOF,0.18816286223472872,0.10799266149275112,0.7038444762725202
25979,LOF,0.1507332514193595,0.1256248938711883,0.7236418547094522
25980,LOF,0.26973894940094334,0.16817010741828683,0.5620909431807698
25981,LOF,0.2713280219335075,0.16937672445182816,0.5592952536146644
25982,Neutral,0.47818605615838483,0.08154180922158516,0.4402721346200301
25983,Neutral,0.4957506724722472,0.09940812578965223,0.4048412017381006
25984,LOF,0.03532022632855609,0.08821221309689924,0.8764675605745447
25985,LOF,0.4091181605114568,0.14129035512817817,0.44959148436036517
25986,LOF,0.012918952937382587,0.3898217422661504,0.5972593047964669
25987,LOF,0.05165440015304202,0.11923622657062216,0.8291093732763359
25988,LOF,0.04003028044413842,0.1837680532630101,0.7762016662928515
25989,LOF,0.03777569391248369,0.20106895480601308,0.7611553512815031
25990,LOF,0.04147086092303044,0.2989233530646454,0.6596057860123242
25991,LOF,0.027799263840625463,0.4297008788614517,0.5424998572979228
25992,LOF,0.02619162445050407,0.4180358653236773,0.5557725102258186
25993,LOF,0.027574262455131286,0.07026931592896823,0.9021564216159006
25994,LOF,0.02310996797628625,0.07215508968907375,0.90473494233464
25995,LOF,0.020220430486567013,0.1483900629493436,0.8313895065640894
25996,Neutral,0.34120450153912585,0.3398934291862708,0.3189020692746034
25997,LOF,0.06685700967061817,0.40392159064452704,0.5292213996848548
25998,LOF,0.2428936730788177,0.04659767559825094,0.7105086513229313
25999,LOF,0.028562262809410415,0.1565406351102651,0.8148971020803245
26000,LOF,0.1865037928744688,0.03591807817149083,0.7775781289540404
26001,LOF,0.2593188517819525,0.04732375478002702,0.6933573934380205
26002,LOF,0.12355614099920847,0.061257043770101854,0.8151868152306897
26003,GOF,0.005410470343740856,0.6428568900892548,0.3517326395670042
26004,GOF,0.0076586435889524525,0.6903414122187532,0.3019999441922943
26005,GOF,0.003589838049705201,0.49836192425240594,0.498048237697889
26006,GOF,0.09742079870549758,0.5824072962996178,0.32017190499488457
26007,GOF,0.007441392006180259,0.5528974870952312,0.43966112089858844
26008,GOF,0.005712271382080378,0.6495257446267795,0.34476198399114016
26009,GOF,0.007151906680203547,0.6584010557037816,0.3344470376160147
26010,GOF,0.009056429693824029,0.6588152278751729,0.3321283424310031
26011,LOF,0.003367806098177912,0.463409827137957,0.5332223667638651
26012,GOF,0.0048555001374205875,0.536649152604288,0.45849534725829133
26013,GOF,0.005993332482197573,0.5996429628748118,0.39436370464299064
26014,LOF,0.0618654472498692,0.10771870088892935,0.8304158518612015
26015,LOF,0.4104256058942505,0.028863439074182023,0.5607109550315674
26016,LOF,0.31435452344244097,0.05018600595334038,0.6354594706042187
26017,LOF,0.02607484432597267,0.24213490318917996,0.7317902524848474
26018,LOF,0.02993783252191873,0.0675736465702966,0.9024885209077846
26019,LOF,0.029734883683079968,0.05826177652507722,0.9120033397918428
26020,LOF,0.010281709176064444,0.20481509555738578,0.7849031952665498
26021,LOF,0.0817378956547222,0.07278219332417746,0.8454799110211003
26022,LOF,0.04310156312384934,0.03161677257281025,0.9252816643033404
26023,LOF,0.030251707135231103,0.03622949887889714,0.9335187939858719
26024,LOF,0.051501654659727156,0.0764541062794392,0.8720442390608336
26025,LOF,0.06363110656578466,0.08405124498923891,0.8523176484449764
26026,LOF,0.11825114998644357,0.0672487585946882,0.8145000914188683
26027,LOF,0.027720312058584547,0.029852200453430743,0.9424274874879847
26028,LOF,0.12247875662939368,0.14394080957272903,0.7335804337978774
26029,LOF,0.01789905461412767,0.2012692401319474,0.7808317052539249
26030,LOF,0.16793654570307526,0.023510132448274837,0.8085533218486498
26031,LOF,0.009407278608156336,0.17309194318007068,0.8175007782117729
26032,LOF,0.04302744614394608,0.05649394770890594,0.9004786061471479
26033,LOF,0.0667101540675199,0.04844447238270182,0.8848453735497782
26034,LOF,0.01273247640205316,0.15244870453850762,0.8348188190594391
26035,LOF,0.01105100737289424,0.11103506871008866,0.8779139239170172
26036,LOF,0.01107544009804009,0.13712498455566052,0.8517995753462994
26037,LOF,0.009735617772714793,0.1015321279671523,0.8887322542601329
26038,LOF,0.0372977123193299,0.04958127315323709,0.913121014527433
26039,LOF,0.02529610976812394,0.13367234855337118,0.8410315416785049
26040,LOF,0.10726685408081874,0.12596735459886335,0.7667657913203181
26041,LOF,0.012588763574259462,0.09132294902512009,0.8960882874006204
26042,LOF,0.011171951086671794,0.09967198593503246,0.8891560629782957
26043,LOF,0.036201928274671,0.06730794955169739,0.8964901221736316
26044,LOF,0.014346621957307302,0.04919296714119427,0.9364604109014983
26045,LOF,0.0634073108320006,0.11241154549159656,0.8241811436764027
26046,LOF,0.031007036226557594,0.05252980398159318,0.9164631597918492
26047,LOF,0.05094742676303251,0.051688174555028533,0.8973643986819391
26048,LOF,0.07960900018357343,0.026133049922834113,0.8942579498935925
26049,Neutral,0.9467848000873427,0.007692577740477888,0.04552262217217941
26050,Neutral,0.9230304464671054,0.008434112665395331,0.06853544086749916
26051,LOF,0.017106813950585602,0.08782201413153215,0.8950711719178822
26052,LOF,0.03237933640024288,0.1016440548624599,0.8659766087372972
26053,LOF,0.030535224901439936,0.1441732389062896,0.8252915361922706
26054,LOF,0.0448183574421673,0.02870257887590048,0.9264790636819321
26055,LOF,0.06710000822401817,0.024262993207500205,0.9086369985684816
26056,LOF,0.05197736441890587,0.03252442612671224,0.915498209454382
26057,LOF,0.05786689311942335,0.014336670219803777,0.9277964366607728
26058,LOF,0.06277594569080817,0.011326025199545179,0.9258980291096466
26059,LOF,0.1939479809858875,0.03183229484736634,0.7742197241667461
26060,LOF,0.017587027610304864,0.186338286816746,0.7960746855729492
26061,LOF,0.013036813505008286,0.010743294666688805,0.9762198918283029
26062,LOF,0.006874285034542622,0.018300706675132162,0.9748250082903251
26063,LOF,0.03910952680077945,0.011262438666593828,0.9496280345326267
26064,LOF,0.010882634685383986,0.025941344951305116,0.963176020363311
26065,LOF,0.04918300314582991,0.01276978901737885,0.9380472078367912
26066,LOF,0.047445256556236055,0.01014043291965393,0.94241431052411
26067,LOF,0.05564209747304162,0.00984407006772307,0.9345138324592354
26068,LOF,0.05249643458295719,0.050113801761141476,0.8973897636559013
26069,LOF,0.14944520819529164,0.030348277711201552,0.8202065140935068
26070,LOF,0.3360056785046437,0.025324068229175822,0.6386702532661804
26071,LOF,0.04502197260617929,0.011926111118608468,0.9430519162752122
26072,LOF,0.01077170788878321,0.020130707868179252,0.9690975842430375
26073,LOF,0.04011817824616364,0.01349127813240724,0.946390543621429
26074,Neutral,0.9225707789648336,0.009255355439913479,0.06817386559525293
26075,LOF,0.05213000115764859,0.022213609155642546,0.9256563896867088
26076,LOF,0.05478513892130226,0.01212093720913648,0.9330939238695612
26077,LOF,0.172905533341832,0.006930799914554608,0.8201636667436133
26078,LOF,0.008998275402525516,0.014954384743579432,0.9760473398538949
26079,LOF,0.06500622667802154,0.024947628377602334,0.9100461449443762
26080,LOF,0.06413002437432144,0.024931074703664406,0.9109389009220141
26081,LOF,0.034224020260549555,0.00916553450100519,0.9566104452384452
26082,LOF,0.007619626172034573,0.01528848962804261,0.9770918841999228
26083,LOF,0.10781558453546554,0.020136985706709493,0.8720474297578249
26084,LOF,0.11585072439683536,0.014755627883815356,0.8693936477193493
26085,LOF,0.10661519951697282,0.01238399434243561,0.8810008061405916
26086,LOF,0.0408118240799368,0.012199392560548363,0.9469887833595149
26087,LOF,0.036536773073270065,0.010724056822169363,0.9527391701045607
26088,LOF,0.009320769603300416,0.021450738553619973,0.9692284918430797
26089,LOF,0.04266963401139422,0.04007522965163519,0.9172551363369706
26090,LOF,0.04370286058582459,0.030708558177872783,0.9255885812363026
26091,LOF,0.03252677452349851,0.007793866589640843,0.9596793588868607
26092,LOF,0.04573528039123754,0.008516656276336049,0.9457480633324264
26093,LOF,0.08037125724807145,0.005898003099203645,0.9137307396527249
26094,LOF,0.03732867913806747,0.007286797385831573,0.955384523476101
26095,LOF,0.03663965417750233,0.01893292198937715,0.9444274238331206
26096,LOF,0.21885863252739532,0.005459600543645685,0.775681766928959
26097,LOF,0.008727251024481695,0.02930134631903562,0.9619714026564826
26098,LOF,0.07904095467022504,0.019627806484396437,0.9013312388453786
26099,LOF,0.045254704364883935,0.015424065839618976,0.939321229795497
26100,LOF,0.04524970421607089,0.015422361649400914,0.9393279341345281
26101,LOF,0.05737336616419657,0.02915342369472716,0.9134732101410763
26102,LOF,0.036425922619215484,0.015735245314605767,0.9478388320661788
26103,Neutral,0.8783207626407217,0.027190177916212116,0.09448905944306614
26104,LOF,0.06028090421168425,0.04123732332236833,0.8984817724659474
26105,LOF,0.25387695805634336,0.15792860324208205,0.5881944387015745
26106,LOF,0.30774524289792965,0.11550870682363899,0.5767460502784314
26107,LOF,0.021694209299918218,0.09574577672747211,0.8825600139726097
26108,LOF,0.28021427090298673,0.05016450931268558,0.6696212197843276
26109,LOF,0.10051367016533946,0.040857692201866185,0.8586286376327943
26110,LOF,0.45794391735467604,0.008146037505095063,0.5339100451402289
26111,LOF,0.04247535502892319,0.14804519287433715,0.8094794520967397
26112,LOF,0.05493706769150523,0.008611561263457941,0.9364513710450368
26113,LOF,0.10322282699953853,0.019199431732767214,0.8775777412676943
26114,LOF,0.10071882779694416,0.006550416440312364,0.8927307557627434
26115,LOF,0.015188091659391268,0.04558606133475123,0.9392258470058575
26116,LOF,0.07364848823011887,0.020883713319471572,0.9054677984504096
26117,LOF,0.41345936379007175,0.035937471973264246,0.550603164236664
26118,LOF,0.0485570610781586,0.016474729285123425,0.934968209636718
26119,LOF,0.006374394293594276,0.03482610310406825,0.9587995026023375
26120,LOF,0.03521818361709615,0.015965403837161263,0.9488164125457426
26121,LOF,0.004515921724682807,0.132397641693863,0.8630864365814542
