feature0,prediction,LoGoFunc_Neutral,LoGoFunc_GOF,LoGoFunc_LOF
25546,Neutral,0.7668401643024002,0.0345041559045293,0.19865567979307058
25547,Neutral,0.6130883774809797,0.07475023787026405,0.3121613846487562
25548,Neutral,0.6477671489822714,0.055597956246580114,0.29663489477114857
25549,Neutral,0.5535180717836424,0.05461521453500371,0.3918667136813539
25550,LOF,0.37107284646269856,0.1169558529885784,0.5119713005487231
25551,LOF,0.29342281824677424,0.12760444334122217,0.5789727384120036
25552,LOF,0.2165909142590035,0.11654113837283464,0.6668679473681618
25553,Neutral,0.8591948899421297,0.025063131601189618,0.1157419784566808
25554,LOF,0.2517157330863456,0.10993081849445924,0.6383534484191953
25555,LOF,0.2076494944581669,0.09667871543981342,0.6956717901020196
25556,Neutral,0.46361535988928354,0.09502490699649932,0.4413597331142172
25557,LOF,0.19977571350319592,0.10293874644600837,0.6972855400507958
25558,LOF,0.2359587201939176,0.1124449340421699,0.6515963457639126
25559,LOF,0.3819498364614045,0.1277202801277266,0.49032988341086886
25560,LOF,0.054520797217505565,0.12253280221724347,0.822946400565251
25561,LOF,0.12249172179751198,0.12035718466056206,0.7571510935419261
25562,LOF,0.08138839536567473,0.06781629746840849,0.8507953071659168
25563,LOF,0.11647919861561999,0.0657187871275034,0.8178020142568766
25564,LOF,0.2651718028466906,0.10528758950534192,0.6295406076479676
25565,LOF,0.14093209293713863,0.12928248332875192,0.7297854237341095
25566,GOF,0.015073176332813605,0.7792782491738621,0.20564857449332422
25567,LOF,0.01911014805462288,0.17256611768140664,0.8083237342639704
25568,LOF,0.04826001279392493,0.0652457510858489,0.8864942361202263
25569,LOF,0.05345516803626099,0.06749139315336321,0.8790534388103758
25570,LOF,0.05526954267954682,0.10531412193875915,0.8394163353816939
25571,LOF,0.05052140042809443,0.0979878444830399,0.8514907550888656
25572,LOF,0.06228059567084439,0.12347257452331631,0.8142468298058393
25573,LOF,0.035345506612253365,0.09802923587516739,0.8666252575125792
25574,LOF,0.021359418298785366,0.15007163015902894,0.8285689515421856
25575,LOF,0.042933816284765045,0.11516130942498083,0.8419048742902541
25576,LOF,0.01792156804498756,0.1315988940479955,0.8504795379070169
25577,LOF,0.01636137105186599,0.12119790258784464,0.8624407263602893
25578,LOF,0.2889554503316008,0.08499610537325068,0.6260484442951485
25579,LOF,0.15653262508527802,0.09864601249579341,0.7448213624189286
25580,LOF,0.0318478456002409,0.08183554347458044,0.8863166109251787
25581,LOF,0.04929908949718651,0.06789480066773018,0.8828061098350833
25582,LOF,0.04875403625359105,0.06647060716493614,0.8847753565814728
25583,LOF,0.03880966699670465,0.09350024025606024,0.867690092747235
25584,Neutral,0.4900060771232442,0.1028005236378035,0.4071933992389523
25585,LOF,0.022264996418532378,0.12814962636395902,0.8495853772175086
25586,LOF,0.028145211746821282,0.07406065859417582,0.8977941296590028
25587,LOF,0.028971441409683434,0.06839807580340546,0.9026304827869113
25588,LOF,0.030599252826301,0.087086759498232,0.882313987675467
25589,Neutral,0.638922643761346,0.12744972562688997,0.233627630611764
25590,LOF,0.03440332820956958,0.13512851226487882,0.8304681595255516
25591,LOF,0.08722529540264017,0.06166737852396462,0.8511073260733952
25592,LOF,0.08966169423873567,0.1351732391053579,0.7751650666559065
25593,LOF,0.03381816586229044,0.2533949432072822,0.7127868909304275
25594,LOF,0.04667168388090571,0.1745022220174519,0.7788260941016424
25595,LOF,0.05943098025791913,0.12136867944314138,0.8192003402989394
25596,LOF,0.055366446283118896,0.09130993700567014,0.8533236167112109
25597,LOF,0.039801234844207986,0.09602242366494644,0.8641763414908455
25598,LOF,0.054139735026826126,0.12028888885508016,0.8255713761180937
25599,GOF,0.00786936831380574,0.6287512045903147,0.3633794270958795
25600,GOF,0.013494303223104869,0.5795181469775219,0.4069875497993733
25601,LOF,0.010874234516706263,0.45377528574568293,0.5353504797376109
25602,LOF,0.027831860192856446,0.044125325470006055,0.9280428143371374
25603,LOF,0.05726266573801557,0.023300091565881174,0.9194372426961033
25604,LOF,0.03314822053817829,0.05077401197196824,0.9160777674898534
25605,LOF,0.010491456151798664,0.21662678977835292,0.7728817540698484
25606,LOF,0.08317529457554104,0.3688070157994772,0.5480176896249818
25607,LOF,0.006089604291607503,0.18957331352157997,0.8043370821868127
25608,LOF,0.01872236479029995,0.10496028797345999,0.87631734723624
25609,LOF,0.05014004637410517,0.43291261882658977,0.516947334799305
25610,LOF,0.02928434572690283,0.028780978416709894,0.9419346758563873
25611,LOF,0.0342963691952487,0.02786035097674007,0.9378432798280112
25612,LOF,0.09734245245642127,0.04541720829201945,0.8572403392515593
25613,LOF,0.07818905345188995,0.045558165309409746,0.8762527812387002
25614,LOF,0.025309423402236936,0.03661140610065974,0.9380791704971034
25615,LOF,0.03502529840875811,0.04849113224101089,0.9164835693502311
25616,LOF,0.024897552547801353,0.036269708704307464,0.9388327387478912
25617,LOF,0.02422978915498603,0.0435082974891555,0.9322619133558584
25618,LOF,0.14309542083819515,0.033210904456856614,0.8236936747049481
25619,LOF,0.02664408576638147,0.034758073278514025,0.9385978409551045
25620,LOF,0.03134259552887357,0.04461668811952848,0.924040716351598
25621,LOF,0.02786925865402483,0.035852796456528974,0.9362779448894463
25622,LOF,0.034028011017312385,0.04066165588894242,0.9253103330937452
25623,LOF,0.052564453657073684,0.029578643516911075,0.9178569028260153
25624,LOF,0.02260425053102524,0.043166307671073254,0.9342294417979016
25625,LOF,0.0357170628377856,0.0439425647934038,0.9203403723688106
25626,LOF,0.07787669994514548,0.04066469235972021,0.8814586076951343
25627,Neutral,0.5585097148645407,0.10735753760434329,0.33413274753111594
25628,LOF,0.2192041242460523,0.05130611290676648,0.7294897628471813
25629,LOF,0.059650758699735046,0.06064943683346492,0.8796998044668001
25630,LOF,0.18897537651816457,0.07644702395094419,0.7345775995308913
25631,Neutral,0.6096440625555647,0.056117765912536394,0.334238171531899
25632,LOF,0.012341200519595887,0.10726162278783472,0.8803971766925694
25633,LOF,0.10605289939509065,0.09912112789683453,0.7948259727080749
25634,LOF,0.030831388599812798,0.12293393769329408,0.8462346737068932
25635,LOF,0.03505244643575065,0.09365243957493949,0.8712951139893099
25636,GOF,0.0037102555055461644,0.6168862816091474,0.3794034628853065
25637,GOF,0.003629517782372757,0.672805837819729,0.32356464439789817
25638,LOF,0.006431125176221352,0.41985714753865605,0.5737117272851227
25639,GOF,0.003668060545275091,0.5219413988581748,0.4743905405965501
25640,GOF,0.4481572843937586,0.4846416012181023,0.06720111438813903
25641,LOF,0.007042076628139271,0.367579422413675,0.6253785009581857
25642,LOF,0.21672001251534098,0.0776079377464499,0.7056720497382092
25643,LOF,0.2475594498935586,0.1924827683476044,0.559957781758837
25644,GOF,0.014290339501233115,0.5535372964058767,0.43217236409289034
25645,LOF,0.012118220071517192,0.48937501747135387,0.4985067624571289
25646,LOF,0.017609855682716197,0.36958944753339934,0.6128006967838844
25647,LOF,0.013908165576793615,0.3180285848298543,0.6680632495933521
25648,LOF,0.012923960446084331,0.3235271646488863,0.6635488749050293
25649,LOF,0.01192178174550676,0.23492334477099347,0.7531548734834996
25650,GOF,0.02582762443920826,0.5055663270964924,0.46860604846429926
25651,LOF,0.00797348168511138,0.3150366383860523,0.6769898799288363
25652,LOF,0.013117765090976266,0.27717568284248534,0.7097065520665383
25653,LOF,0.05062020113577593,0.3764628954204349,0.5729169034437892
25654,LOF,0.014558673469875915,0.154495076580847,0.830946249949277
25655,LOF,0.07390130442820984,0.4309425051671581,0.49515619040463205
25656,LOF,0.10749673539192134,0.07207718540452664,0.820426079203552
25657,LOF,0.31664355043928,0.03274957752216651,0.6506068720385535
25658,LOF,0.043441277224930165,0.092716037681332,0.863842685093738
25659,LOF,0.36440936436117016,0.06204717297019586,0.5735434626686339
25660,LOF,0.06701034543141504,0.10420541282988594,0.828784241738699
25661,LOF,0.045942272959275894,0.0777514880359485,0.8763062390047756
25662,LOF,0.027852091306264766,0.05139766139165925,0.9207502473020759
25663,LOF,0.036669118937477804,0.07508723744393439,0.8882436436185879
25664,LOF,0.04180491353884068,0.08588100936627588,0.8723140770948834
25665,LOF,0.05691582584849877,0.04867674181742514,0.8944074323340762
25666,LOF,0.036668393756219955,0.12923415924779189,0.8340974469959881
25667,LOF,0.031689035242161614,0.05407259419310476,0.9142383705647336
25668,LOF,0.031950266391254596,0.0588055758160527,0.9092441577926926
25669,LOF,0.03996535803582309,0.08778317405894008,0.8722514679052368
25670,LOF,0.06998747766827507,0.09914187981758997,0.830870642514135
25671,LOF,0.038613557000451146,0.050427611430515815,0.9109588315690331
25672,LOF,0.058316573552618954,0.06957962073025391,0.8721038057171272
25673,LOF,0.04261399986571565,0.07318626369650812,0.8841997364377762
25674,LOF,0.04017067249900671,0.07624316346163419,0.8835861640393592
25675,LOF,0.04952793643607932,0.0621550030475927,0.888317060516328
25676,LOF,0.03252285790327622,0.06306252703980646,0.9044146150569173
25677,LOF,0.06203972951969099,0.0694768334958344,0.8684834369844745
25678,LOF,0.28822610694206,0.0359943880205459,0.6757795050373941
25679,LOF,0.19472609154465023,0.06229744884876689,0.742976459606583
25680,LOF,0.058201359129432244,0.10686548744252214,0.8349331534280455
25681,LOF,0.10666131665007958,0.09707532002936928,0.7962633633205513
25682,LOF,0.044623730963465114,0.08333085177509698,0.8720454172614379
25683,LOF,0.10653300458469064,0.08639814924753662,0.8070688461677727
25684,LOF,0.05762409026243511,0.0828479316571127,0.8595279780804521
25685,LOF,0.10983972182300247,0.034948258700365754,0.8552120194766318
25686,LOF,0.04232735429732617,0.08889107820655226,0.8687815674961217
25687,LOF,0.04486690765186138,0.08083369861408722,0.8742993937340514
25688,LOF,0.028135272193377515,0.09072939850640035,0.8811353293002222
25689,LOF,0.0192735799324835,0.07330684819684863,0.9074195718706678
25690,LOF,0.020689591265176985,0.09538735562599929,0.8839230531088238
25691,LOF,0.2215185283033118,0.12754930545658608,0.6509321662401021
25692,LOF,0.2968005229403658,0.010137466573799468,0.6930620104858348
25693,LOF,0.09189350007085441,0.14437748528132974,0.7637290146478158
25694,LOF,0.250891505473844,0.02021326028522507,0.728895234240931
25695,LOF,0.15760254720015573,0.02665979011384304,0.8157376626860011
25696,LOF,0.176386484335503,0.010797706965902794,0.8128158086985943
25697,LOF,0.1266525810081667,0.027171444337074073,0.8461759746547592
25698,LOF,0.03299139538239934,0.39558932431504074,0.57141928030256
25699,LOF,0.06124937859319696,0.08359907320045123,0.8551515482063518
25700,LOF,0.0331494303512831,0.00949606733757904,0.957354502311138
25701,LOF,0.015963056813581938,0.07207059841634748,0.9119663447700705
25702,GOF,0.0355633993267451,0.7549077679614448,0.20952883271181028
25703,LOF,0.01555677582525683,0.22271500424438537,0.7617282199303577
25704,LOF,0.09582561611286375,0.15010707340508883,0.7540673104820473
25705,LOF,0.05323913993405237,0.24348656666420812,0.7032742934017395
25706,GOF,0.04927487326397534,0.6285359813649156,0.322189145371109
25707,GOF,0.028366763396515875,0.5423650969164756,0.42926813968700855
25708,LOF,0.008167413812400052,0.47207544809018503,0.5197571380974149
25709,LOF,0.018536318776884,0.06447185086806216,0.9169918303550538
25710,LOF,0.009379469112047494,0.1810683632300741,0.8095521676578784
25711,LOF,0.020132936218970856,0.13390812071992952,0.8459589430610998
25712,LOF,0.009137472769995221,0.22268379527684148,0.7681787319531633
25713,LOF,0.017785128794528902,0.1072565208049845,0.8749583504004865
25714,LOF,0.019186212067245564,0.15833872851042782,0.8224750594223267
25715,LOF,0.018233228335163713,0.1253915181708331,0.8563752534940032
25716,LOF,0.010235140822694055,0.13828413822147784,0.8514807209558282
25717,LOF,0.005963398465815357,0.13724300683245996,0.8567935947017246
25718,LOF,0.016641214600278894,0.07824000898719721,0.9051187764125239
25719,LOF,0.03142454068198654,0.09165698816501937,0.8769184711529942
25720,LOF,0.021335638062236238,0.09188959757497084,0.8867747643627928
25721,LOF,0.022449194100514706,0.09869925089322862,0.8788515550062568
25722,LOF,0.016693334841772656,0.12983434142828354,0.8534723237299439
25723,LOF,0.02043778360162034,0.0728497403148119,0.9067124760835678
25724,LOF,0.03224139403950848,0.1124961210392079,0.8552624849212836
25725,LOF,0.02106472945927165,0.06778935308273543,0.911145917457993
25726,LOF,0.01557835559103599,0.09684036093471678,0.8875812834742471
25727,LOF,0.01944862611676198,0.08714116894915182,0.8934102049340863
25728,LOF,0.017296681430929405,0.10763269527116229,0.8750706232979083
25729,LOF,0.017686009888030298,0.11022027421819065,0.8720937158937792
25730,LOF,0.01892131614294936,0.08353369435192433,0.8975449895051263
25731,LOF,0.010801146102524955,0.1810927075745912,0.8081061463228838
25732,LOF,0.017819749854574435,0.09271643020701933,0.8894638199384063
25733,LOF,0.02778269159034083,0.08280616692642839,0.8894111414832309
25734,LOF,0.007131028228405772,0.21294079063594143,0.7799281811356528
25735,LOF,0.02269749366762383,0.07577965869555527,0.9015228476368209
25736,LOF,0.020995663477073646,0.12626956894777105,0.8527347675751553
25737,LOF,0.039716353181850524,0.09821096597408827,0.8620726808440612
25738,LOF,0.01971726234883091,0.14844364628074372,0.8318390913704254
25739,LOF,0.02258831659617872,0.14049914377530567,0.8369125396285155
25740,LOF,0.04930400747142772,0.14201719711163943,0.8086787954169328
25741,LOF,0.024134959332310676,0.1169999140694467,0.8588651265982427
25742,LOF,0.03383369708890237,0.13767535835718486,0.8284909445539127
25743,LOF,0.012445735796004451,0.04405442751695847,0.9434998366870372
25744,GOF,0.1592097111586037,0.4311330105492086,0.40965727829218773
25745,LOF,0.02328229567151514,0.07133530150922607,0.9053824028192589
25746,LOF,0.01197671004970221,0.09586015445161186,0.892163135498686
25747,LOF,0.0334013642796431,0.03619400559265449,0.9304046301277025
25748,LOF,0.21190525430466037,0.06151498158564227,0.7265797641096974
25749,LOF,0.01453695379884583,0.052960356269570484,0.9325026899315836
25750,LOF,0.015882842599153024,0.08682026683229777,0.8972968905685492
25751,LOF,0.03674655660020537,0.07017292091869659,0.893080522481098
25752,GOF,0.088417220807694,0.6920860563784744,0.21949672281383167
25753,LOF,0.007041145446246093,0.39424597075798357,0.5987128837957703
25754,GOF,0.004881244391444378,0.8647514122576989,0.13036734335085665
25755,LOF,0.009504726847360152,0.4370702001763076,0.5534250729763321
25756,LOF,0.04567619031977284,0.4611555999678996,0.49316820971232755
25757,GOF,0.006439070090870656,0.8789760740637172,0.11458485584541207
25758,GOF,0.00847903385426,0.8789744045415783,0.11254656160416172
25759,GOF,0.005020134409446812,0.5874139757706374,0.40756588981991576
25760,LOF,0.007146174287847198,0.30703368744765613,0.6858201382644967
25761,GOF,0.04387525201300403,0.8396517412569793,0.11647300673001651
25762,LOF,0.026657744709711377,0.40036746175367977,0.5729747935366089
25763,LOF,0.008295684545584266,0.2614717031674242,0.7302326122869917
25764,GOF,0.09492740607205245,0.5907403346123004,0.3143322593156472
25765,GOF,0.008259449565649267,0.841275089450913,0.15046546098343763
25766,GOF,0.030329478907832597,0.7969106141725927,0.17275990691957466
25767,GOF,0.014852322980703563,0.5390958856828735,0.446051791336423
25768,LOF,0.03917734612399004,0.07616035542825939,0.8846622984477506
25769,LOF,0.022673381815938413,0.07699582378590936,0.9003307943981523
25770,LOF,0.15436193632727552,0.07300126977508552,0.772636793897639
25771,LOF,0.013791233753227104,0.0830826349974449,0.9031261312493281
25772,LOF,0.023022841180854327,0.029500816587219696,0.947476342231926
25773,LOF,0.013652182200023476,0.07400360792911638,0.9123442098708602
25774,LOF,0.027261791630407102,0.1021745559528455,0.8705636524167474
25775,LOF,0.021048753858470184,0.04403474776285256,0.9349164983786772
25776,LOF,0.025212711647329113,0.02751439822772494,0.947272890124946
25777,LOF,0.1831270532565957,0.07225623190144365,0.7446167148419606
25778,LOF,0.019700297714725173,0.05571074535176691,0.9245889569335078
25779,GOF,0.04335140967318777,0.8996313210114159,0.05701726931539647
25780,GOF,0.06806546007359418,0.8874977822502337,0.04443675767617209
25781,GOF,0.02707268992376272,0.8900269103421948,0.08290039973404242
25782,GOF,0.034843660131689234,0.9087400355594961,0.05641630430881472
25783,GOF,0.02010804314274849,0.7885463293305318,0.19134562752671969
25784,GOF,0.1129397863711896,0.8553588823898323,0.031701331238978094
25785,GOF,0.06144110089793911,0.8954145477728027,0.043144351329258146
25786,GOF,0.005459562107681043,0.8275357086539401,0.16700472923837892
25787,GOF,0.16062656085416696,0.8062173487522152,0.03315609039361781
25788,LOF,0.015179794073730222,0.21062902834403088,0.7741911775822389
25789,GOF,0.020422575793520213,0.8772177390783682,0.10235968512811155
25790,GOF,0.02280659518763006,0.8917697162834435,0.08542368852892646
25791,GOF,0.01514863513503197,0.8520446137985547,0.13280675106641354
25792,GOF,0.02464144388688097,0.8579449643966485,0.11741359171647058
25793,GOF,0.06734344380059862,0.8564853783471886,0.07617117785221277
25794,GOF,0.05556710671220892,0.7966407788377718,0.14779211445001908
25795,GOF,0.04079365239067014,0.7882499613068719,0.1709563863024581
25796,GOF,0.08393549051746714,0.8184839925803559,0.0975805169021771
25797,GOF,0.03336529197490898,0.7182531387267944,0.2483815692982967
25798,GOF,0.0030414445088712064,0.6783838521558782,0.3185747033352508
25799,GOF,0.003350114906988359,0.5604948116751989,0.43615507341781273
25800,GOF,0.013371638497288946,0.7634640281867762,0.22316433331593477
25801,GOF,0.0180417535632694,0.8936277327979611,0.08833051363876947
25802,GOF,0.02276884106159013,0.8359401183895825,0.1412910405488275
25803,GOF,0.012102912307247067,0.7375910890405405,0.2503059986522125
25804,GOF,0.014257942773878185,0.6571835651733461,0.32855849205277576
25805,GOF,0.024428245729461836,0.7368942435730282,0.23867751069750975
25806,GOF,0.019779834287153027,0.7979094209666765,0.1823107447461705
25807,GOF,0.005387302387757113,0.7717222927815194,0.2228904048307235
25808,GOF,0.01503250973117252,0.773637556422852,0.21132993384597548
25809,GOF,0.006383043034028154,0.7723063788695308,0.2213105780964411
25810,GOF,0.005496560066521223,0.7773099932244192,0.2171934467090596
25811,GOF,0.04995689907916527,0.8792605832777945,0.0707825176430402
25812,GOF,0.01739715079572545,0.7789021202742187,0.20370072893005578
25813,GOF,0.09270027465550582,0.8220057370406454,0.08529398830384881
25814,GOF,0.023961688132328445,0.819677889481724,0.15636042238594755
25815,GOF,0.04244136404572624,0.8548328474989924,0.10272578845528144
25816,GOF,0.007207909825489789,0.8747655122495631,0.11802657792494692
25817,GOF,0.0949378975918279,0.7952591058960927,0.10980299651207934
25818,GOF,0.026389954216789156,0.8330717548398698,0.14053829094334103
25819,GOF,0.0688858084402967,0.7911347131476673,0.13997947841203598
25820,GOF,0.03702467326358548,0.7895774298585502,0.1733978968778644
25821,GOF,0.02083885477237028,0.7873884734913585,0.1917726717362713
25822,GOF,0.0404206929101846,0.8042113795761942,0.15536792751362127
25823,GOF,0.015470603862812989,0.6764782484923162,0.30805114764487096
25824,GOF,0.025821580033014237,0.7873505188793183,0.18682790108766742
25825,GOF,0.01535508175011985,0.7733439545467949,0.2113009637030853
25826,GOF,0.005672208193746863,0.7480611703611163,0.24626662144513684
25827,GOF,0.007839157408964358,0.7135175640196793,0.2786432785713564
25828,GOF,0.005810537739241601,0.6905843169708897,0.30360514528986865
25829,GOF,0.002886132955244392,0.7386615985105409,0.25845226853421477
25830,GOF,0.03579206398014639,0.5338126526929449,0.4303952833269087
25831,GOF,0.048670210419805536,0.8408577147513804,0.11047207482881397
25832,GOF,0.00885559664613059,0.8254582335791103,0.1656861697747591
25833,GOF,0.036018124925436344,0.8586344780617472,0.10534739701281647
25834,GOF,0.00891779023897499,0.8342547702947589,0.156827439466266
25835,GOF,0.02027104213474331,0.8603004099398253,0.11942854792543153
25836,GOF,0.007026634814605067,0.8380364334818953,0.15493693170349956
25837,GOF,0.007185457309710717,0.7440542883538728,0.2487602543364165
25838,GOF,0.022856280112144592,0.8751537461546143,0.1019899737332412
25839,GOF,0.04050041736197998,0.8635074760357867,0.09599210660223341
25840,GOF,0.06659133221056285,0.8519733960247594,0.08143527176467759
25841,GOF,0.053145593067337384,0.8704509266169771,0.0764034803156856
25842,GOF,0.0253938003260326,0.8950928070536853,0.07951339262028209
25843,GOF,0.026516312233308505,0.9029903399602806,0.0704933478064109
25844,GOF,0.018418704253834024,0.858821523364709,0.1227597723814571
25845,GOF,0.006004362489861511,0.6852435825467135,0.3087520549634249
25846,GOF,0.04087320157183196,0.8689751567983502,0.0901516416298178
25847,GOF,0.020130636185869095,0.9049556956695581,0.07491366814457276
25848,GOF,0.018126238420965717,0.8715759420964841,0.11029781948254996
25849,GOF,0.0051659998795121845,0.7777680642142729,0.21706593590621476
25850,GOF,0.006501943180763775,0.7927446834970788,0.20075337332215748
25851,GOF,0.005677291115435089,0.6824242291763503,0.3118984797082147
25852,GOF,0.12264396581850275,0.6313877097082742,0.24596832447322314
25853,GOF,0.07736852633511729,0.8364925239807489,0.08613894968413378
25854,GOF,0.005454590197094262,0.724709635652286,0.26983577415061977
25855,GOF,0.01805766129968299,0.6541984350169929,0.32774390368332396
25856,GOF,0.044072590887423505,0.8062187636721536,0.14970864544042298
25857,GOF,0.01606232187047366,0.6502196445440035,0.3337180335855229
25858,GOF,0.009491513925364195,0.6695349883560584,0.3209734977185774
25859,GOF,0.006191714214182344,0.6375784333789869,0.3562298524068308
25860,GOF,0.08495484283546742,0.8268173848008986,0.08822777236363392
25861,GOF,0.08052495825875719,0.8321831212909022,0.08729192045034041
25862,GOF,0.02426551061901368,0.872080209247151,0.10365428013383533
25863,GOF,0.023091784615080515,0.8774309781697136,0.0994772372152059
25864,GOF,0.05029031084025686,0.8789725933469477,0.07073709581279551
25865,GOF,0.03374700053662258,0.8409111428427415,0.12534185662063574
25866,GOF,0.028021866161098113,0.8709437571342389,0.10103437670466289
25867,GOF,0.034424964457928274,0.8792790316912032,0.08629600385086836
25868,GOF,0.0542527983398216,0.8487142046651175,0.09703299699506077
25869,GOF,0.3344181842750246,0.6011375489996823,0.06444426672529308
25870,GOF,0.06622325703204894,0.701598658760772,0.23217808420717911
25871,GOF,0.011232395461303318,0.9021207743492311,0.08664683018946541
25872,GOF,0.022356579544386756,0.8844656332247021,0.09317778723091118
25873,GOF,0.02097312424014367,0.901463145712136,0.0775637300477204
25874,LOF,0.01696551318154028,0.2307145347925117,0.752319952025948
25875,LOF,0.04972991539100877,0.04657516612888467,0.9036949184801065
25876,LOF,0.019775857414531067,0.044380701548916275,0.9358434410365526
25877,LOF,0.12975347706983917,0.08889218448954724,0.7813543384406137
25878,LOF,0.07129952116760142,0.11666909022952703,0.8120313886028715
25879,LOF,0.0323303280698326,0.08911101193556606,0.8785586599946013
25880,LOF,0.051826829928166854,0.015006080852401332,0.9331670892194318
25881,Neutral,0.5225438123409937,0.07724098613281169,0.4002152015261946
25882,LOF,0.04551262899169765,0.030618266844138303,0.9238691041641641
25883,LOF,0.028557415689422633,0.02541577455070189,0.9460268097598755
25884,LOF,0.028179418918520764,0.04552108115916208,0.9262994999223171
25885,LOF,0.18993562126494273,0.012270430417289388,0.7977939483177678
25886,LOF,0.1763160093008176,0.059916949834133086,0.7637670408650493
25887,LOF,0.1904989669631439,0.06832904534801564,0.7411719876888404
25888,LOF,0.012837440959027713,0.14813161266582,0.8390309463751523
25889,LOF,0.031669242530834585,0.03208931545561932,0.9362414420135462
25890,LOF,0.1306978020972103,0.12106479522685307,0.7482374026759366
25891,LOF,0.09815046751079366,0.02307556806599119,0.8787739644232152
25892,LOF,0.00883205897178089,0.030746029180254462,0.9604219118479647
25893,LOF,0.39989785694018,0.008513519740538652,0.5915886233192814
25894,LOF,0.4299128805669237,0.005061485258165554,0.5650256341749107
25895,LOF,0.33791280922854644,0.011340515726662776,0.6507466750447909
25896,LOF,0.06401193459065206,0.01579527714518462,0.9201927882641633
25897,LOF,0.19023324394848593,0.008684361577602101,0.8010823944739118
25898,LOF,0.18739889913049193,0.02521441196874734,0.7873866889007608
25899,LOF,0.38939984908410075,0.01776514074641255,0.5928350101694867
25900,LOF,0.4522807121013674,0.007761665087078333,0.5399576228115543
25901,LOF,0.0666566538635339,0.007402827702384786,0.9259405184340814
25902,LOF,0.17328903733465162,0.008115001721927065,0.8185959609434214
25903,LOF,0.41085012482058203,0.021413584063654963,0.5677362911157631
25904,Neutral,0.48980869668150734,0.023755263270472622,0.48643604004801994
25905,LOF,0.004400343922410106,0.44806947040770145,0.5475301856698884
25906,LOF,0.008644975861338089,0.10911431917246196,0.8822407049662
25907,LOF,0.004494806208308258,0.33304230062019763,0.6624628931714941
25908,LOF,0.004394835736523583,0.25643115883148404,0.7391740054319923
25909,LOF,0.024000220230545037,0.1617650159941523,0.8142347637753026
25910,LOF,0.011211862400843077,0.11955963899730318,0.8692284986018538
25911,LOF,0.323661632514825,0.043010372169644574,0.6333279953155304
25912,LOF,0.06728479795564177,0.06111069370889744,0.8716045083354608
25913,LOF,0.043293245316147616,0.07159979323445007,0.8851069614494023
25914,LOF,0.03893577549953734,0.04846185691549731,0.9126023675849653
25915,LOF,0.21483146451655283,0.2071515285051283,0.5780170069783189
25916,LOF,0.03360820314342816,0.13809377218112698,0.8282980246754449
25917,LOF,0.07093060403395517,0.04706594404456278,0.882003451921482
25918,LOF,0.045162462012678165,0.03203627964084901,0.9228012583464729
25919,LOF,0.03973719139085382,0.030954226971598647,0.9293085816375475
25920,LOF,0.20834773853835756,0.22689923682481003,0.5647530246368324
25921,LOF,0.01687850739840023,0.03712478759019709,0.9459967050114028
25922,LOF,0.021526947886829222,0.0342699089020879,0.944203143211083
25923,LOF,0.47198029232790695,0.03187328454917003,0.4961464231229229
25924,LOF,0.024008113910808072,0.05200823559980926,0.9239836504893826
25925,LOF,0.08077614605901728,0.044726230501112865,0.8744976234398698
25926,LOF,0.061083889816935355,0.04133332766403171,0.8975827825190329
25927,LOF,0.02640787272536764,0.07094513562477592,0.9026469916498565
25928,LOF,0.010200112726893468,0.05902673740467233,0.9307731498684342
25929,Neutral,0.565195919170854,0.030670903766917793,0.4041331770622283
25930,LOF,0.08037050183275668,0.03071138446538649,0.8889181137018568
25931,LOF,0.014658590757934924,0.039177964036024505,0.9461634452060405
25932,LOF,0.06994175190629036,0.03004662521077001,0.9000116228829397
25933,LOF,0.06214434209831008,0.019302434544872862,0.9185532233568171
25934,LOF,0.05793288694759923,0.017798348191820072,0.9242687648605807
25935,LOF,0.07054448098863694,0.05666864804586701,0.872786870965496
25936,LOF,0.10087269969301255,0.020075153130468194,0.8790521471765194
25937,LOF,0.015276758899134503,0.03784689470241746,0.946876346398448
25938,LOF,0.07135333378556483,0.05027624305636301,0.8783704231580721
25939,LOF,0.04647302530269963,0.024347525421074784,0.9291794492762255
25940,LOF,0.007574463999517156,0.36291855743250073,0.6295069785679821
25941,Neutral,0.4982431274498903,0.040725828557132526,0.4610310439929771
25942,LOF,0.008555986213405286,0.05137829573070214,0.9400657180558926
25943,LOF,0.038282345990281255,0.18707071577938705,0.7746469382303317
25944,LOF,0.06508570895876595,0.07793734455212328,0.8569769464891108
25945,LOF,0.11083316890020069,0.020278023143971424,0.8688888079558279
25946,LOF,0.07312729615862361,0.045524715624336284,0.8813479882170401
25947,Neutral,0.48814148185323364,0.12087278725858062,0.39098573088818567
25948,LOF,0.44251047203828325,0.0160187661059732,0.5414707618557435
25949,LOF,0.12830530493289247,0.07798487280160202,0.7937098222655056
25950,GOF,0.06015406349880452,0.592833180853397,0.3470127556477985
25951,LOF,0.012819607662481518,0.4466930567462129,0.5404873355913056
25952,LOF,0.30219742993378224,0.30267482921375477,0.39512774085246294
25953,LOF,0.006591134129630396,0.19690908273730143,0.7964997831330682
25954,GOF,0.08645354599033438,0.5183123982464913,0.39523405576317433
25955,LOF,0.006629419830801856,0.16804343157630855,0.8253271485928897
25956,LOF,0.01763252328449977,0.24582112132280184,0.7365463553926984
25957,LOF,0.19175580989038096,0.03388296288886371,0.7743612272207553
25958,LOF,0.03553731078262471,0.046551138469034824,0.9179115507483404
25959,GOF,0.017111350636161125,0.652095588537476,0.33079306082636295
25960,LOF,0.006611202786465579,0.06960375426380487,0.9237850429497295
25961,LOF,0.0337516097466815,0.04034649679325236,0.9259018934600661
25962,LOF,0.04176381136504801,0.06439018613622037,0.8938460024987317
25963,LOF,0.005128430452050314,0.19548316007817315,0.7993884094697766
25964,LOF,0.026460056354203433,0.1222155887529768,0.8513243548928199
25965,LOF,0.2554479104293435,0.11664295422946123,0.6279091353411952
25966,Neutral,0.47397102519695467,0.13821650976524874,0.38781246503779654
25967,LOF,0.00909798192581255,0.08026586958241737,0.9106361484917701
25968,LOF,0.04233549398687351,0.25144638316524126,0.7062181228478852
25969,LOF,0.13783131471025767,0.05261999769104339,0.8095486875986989
25970,LOF,0.023111292737442012,0.09072463708484364,0.8861640701777144
25971,LOF,0.08346219946651304,0.030335949996539723,0.8862018505369472
25972,LOF,0.0687464966029736,0.05019609652967714,0.8810574068673491
25973,LOF,0.0679539499664414,0.008377277627888017,0.9236687724056706
25974,LOF,0.05193556301430601,0.037393985949479645,0.9106704510362144
25975,LOF,0.04445322098808031,0.01649074640264275,0.939056032609277
25976,LOF,0.08791333425847973,0.010074703884308847,0.9020119618572116
25977,LOF,0.20027355372064687,0.06885504138080013,0.730871404898553
25978,LOF,0.19252647235637604,0.11153754774458297,0.6959359798990411
25979,LOF,0.1622995984573126,0.12485769322492246,0.7128427083177649
25980,LOF,0.28315061795418633,0.16377028511472222,0.5530790969310915
25981,LOF,0.28543791067849944,0.16543476434489723,0.5491273249766033
25982,Neutral,0.5044960079865676,0.08389812615866815,0.41160586585476416
25983,Neutral,0.5071162277881804,0.10451618121649486,0.38836759099532464
25984,LOF,0.04378413095932184,0.0936383628792246,0.8625775061614536
25985,LOF,0.4023322627849943,0.13778919682326263,0.45987854039174303
25986,LOF,0.012828012167105777,0.40547489082588034,0.581697097007014
25987,LOF,0.054148633690695,0.09754410447634497,0.8483072618329601
25988,LOF,0.039770827587021995,0.15880220484439583,0.8014269675685822
25989,LOF,0.0388541227250462,0.19836440324496976,0.762781474029984
25990,LOF,0.03918904919976996,0.29441226561515976,0.6663986851850703
25991,LOF,0.02777723816103022,0.4090398207922634,0.5631829410467064
25992,LOF,0.024690755152610665,0.42174709541018623,0.553562149437203
25993,LOF,0.030036425073609346,0.07790089140646349,0.8920626835199271
25994,LOF,0.02297994943498748,0.07931246471566442,0.8977075858493481
25995,LOF,0.021480770113647022,0.1362741848992936,0.8422450449870593
25996,Neutral,0.35228210027315116,0.3161244535882376,0.3315934461386113
25997,LOF,0.0736212993233208,0.37200043034247143,0.5543782703342077
25998,LOF,0.2532547445208028,0.04887718474008495,0.6978680707391123
25999,LOF,0.023592436019832727,0.19508065372347086,0.7813269102566964
26000,LOF,0.18254989457619275,0.029163396249374755,0.7882867091744326
26001,LOF,0.24145228603757612,0.047695798756164594,0.7108519152062593
26002,LOF,0.11712142731895464,0.04686489109411944,0.8360136815869258
26003,GOF,0.005640900497396497,0.6647277407479224,0.32963135875468114
26004,GOF,0.00938766655024132,0.7237401784871984,0.2668721549625602
26005,GOF,0.004136134533148641,0.5048989358410441,0.4909649296258074
26006,GOF,0.1284342216165712,0.5466799557416075,0.32488582264182136
26007,GOF,0.008332127755284875,0.5486018526170161,0.4430660196276992
26008,GOF,0.005567574573412294,0.6273253125435544,0.3671071128830332
26009,GOF,0.007588996551535119,0.6658052251750717,0.32660577827339315
26010,GOF,0.007817104976010281,0.6278863801497355,0.3642965148742542
26011,LOF,0.0033868725104363342,0.4612071611211177,0.535405966368446
26012,GOF,0.004947150031939199,0.5322727168426855,0.4627801331253753
26013,GOF,0.006780266599589821,0.5804777869463675,0.41274194645404266
26014,LOF,0.05297037094954014,0.12409818845393565,0.8229314405965242
26015,LOF,0.35416190344112525,0.027310521129969165,0.6185275754289056
26016,LOF,0.30245186155001874,0.05284681474800652,0.6447013237019746
26017,LOF,0.02146679812768018,0.22000493541821936,0.7585282664541003
26018,LOF,0.024902223754850208,0.061839458077814456,0.9132583181673354
26019,LOF,0.024481269905481974,0.05408106862429024,0.9214376614702278
26020,LOF,0.009748489996001863,0.20654076306277092,0.7837107469412272
26021,LOF,0.07511466679962732,0.08140144052390313,0.8434838926764696
26022,LOF,0.03951212784192593,0.03223155947707492,0.9282563126809992
26023,LOF,0.030878870727800545,0.03881896198659961,0.9303021672855999
26024,LOF,0.043745588133385103,0.08406306013829548,0.8721913517283194
26025,LOF,0.066131951723645,0.09023887088240667,0.8436291773939483
26026,LOF,0.12399356066503499,0.06609155496168323,0.8099148843732819
26027,LOF,0.024447030269642168,0.029683438598778,0.9458695311315798
26028,LOF,0.12625669143427307,0.14334857176938973,0.7303947367963372
26029,LOF,0.020592832099822735,0.1878463806446921,0.7915607872554853
26030,LOF,0.18912387840462727,0.023122509427433078,0.7877536121679397
26031,LOF,0.009968699929759336,0.16505981809821718,0.8249714819720234
26032,LOF,0.04644025914069991,0.05285285653030213,0.9007068843289979
26033,LOF,0.07736383907522486,0.04646219430363236,0.8761739666211428
26034,LOF,0.014026849492731154,0.14446699515064265,0.8415061553566261
26035,LOF,0.012429150286640175,0.10732152920396586,0.880249320509394
26036,LOF,0.011544197574730986,0.11843664199601459,0.8700191604292543
26037,LOF,0.0104246878203643,0.09451369087305068,0.895061621306585
26038,LOF,0.03898539469225708,0.04749705795273338,0.9135175473550095
26039,LOF,0.028788237457328458,0.12814790804431964,0.843063854498352
26040,LOF,0.10913141396146062,0.11539625814415767,0.7754723278943816
26041,LOF,0.013436077765743168,0.08282819545560814,0.9037357267786488
26042,LOF,0.01220501911955163,0.09850263415224614,0.8892923467282023
26043,LOF,0.03841812794861838,0.06719256783359122,0.8943893042177904
26044,LOF,0.014711001324751873,0.04795063822556476,0.9373383604496834
26045,LOF,0.07686812120313374,0.11188157578043091,0.8112503030164354
26046,LOF,0.032767287854096244,0.05035160704916029,0.9168811050967434
26047,LOF,0.0546670315256019,0.05039040412415007,0.8949425643502481
26048,LOF,0.10144188384191967,0.024046521334828087,0.8745115948232522
26049,Neutral,0.9455980872286128,0.008060064449240475,0.04634184832214659
26050,Neutral,0.9197658455247597,0.008570810527053085,0.07166334394818732
26051,LOF,0.01864834522159402,0.0971563084979486,0.8841953462804574
26052,LOF,0.032712896168479666,0.10813348558161628,0.8591536182499041
26053,LOF,0.0276172252390015,0.16512185643691032,0.8072609183240881
26054,LOF,0.044729849040558364,0.0286235206455765,0.9266466303138651
26055,LOF,0.0684745016140855,0.023396138637785457,0.908129359748129
26056,LOF,0.05580755483326046,0.029627240831498237,0.9145652043352414
26057,LOF,0.05738539179418703,0.01416338076019542,0.9284512274456175
26058,LOF,0.060333642802282046,0.011522701605707716,0.9281436555920103
26059,LOF,0.19065684892093093,0.029217246053188758,0.7801259050258804
26060,LOF,0.016426311424771706,0.17074814859463877,0.8128255399805896
26061,LOF,0.012644571539389077,0.009486878161125284,0.9778685502994857
26062,LOF,0.00677339965435863,0.016518921616395416,0.976707678729246
26063,LOF,0.040926677574231414,0.010703125155475682,0.9483701972702929
26064,LOF,0.009896410975133298,0.02263481516519907,0.9674687738596676
26065,LOF,0.04598960895011732,0.01213118486255583,0.9418792061873268
26066,LOF,0.04376274016573276,0.01028766708859894,0.9459495927456684
26067,LOF,0.052087490592514774,0.009692533659597312,0.9382199757478881
26068,LOF,0.05161137635277813,0.049226596381622814,0.8991620272655991
26069,LOF,0.15988526579556311,0.029889606111711955,0.810225128092725
26070,LOF,0.33983229196574044,0.0228606853968205,0.637307022637439
26071,LOF,0.044707079022190226,0.011236052510645269,0.9440568684671646
26072,LOF,0.010821833994124785,0.017752740833506336,0.9714254251723689
26073,LOF,0.03944953544577349,0.014115967607914176,0.9464344969463123
26074,Neutral,0.9141123950690958,0.008304886370977276,0.07758271855992685
26075,LOF,0.05383399282143536,0.020842121416421274,0.9253238857621434
26076,LOF,0.059030112242146535,0.01153923910176614,0.9294306486560873
26077,LOF,0.17271293054783082,0.006251606116240489,0.8210354633359287
26078,LOF,0.008803099738833071,0.013647592776765197,0.9775493074844018
26079,LOF,0.06378391767135759,0.02155948941517618,0.9146565929134661
26080,LOF,0.06239127001618576,0.021602239728267306,0.916006490255547
26081,LOF,0.035906532677801736,0.008407362195191817,0.9556861051270065
26082,LOF,0.007803767875569237,0.012847924033116782,0.9793483080913139
26083,LOF,0.10655352608954785,0.02088150917165327,0.8725649647387989
26084,LOF,0.1148158923241607,0.014977879392418954,0.8702062282834203
26085,LOF,0.10344990701753838,0.012679072447035217,0.8838710205354264
26086,LOF,0.04105415023436464,0.0121218363119906,0.9468240134536448
26087,LOF,0.03605270183479664,0.009744727881755094,0.9542025702834481
26088,LOF,0.008833368523531438,0.01977305219413647,0.9713935792823322
26089,LOF,0.04325446240309887,0.03493541424336434,0.9218101233535368
26090,LOF,0.04411769099569633,0.025986432249932894,0.9298958767543708
26091,LOF,0.03307173241991084,0.007386745982925152,0.9595415215971639
26092,LOF,0.04529466753510904,0.007722006789968952,0.9469833256749219
26093,LOF,0.08133063195199207,0.005424589961297344,0.9132447780867106
26094,LOF,0.037015291444946995,0.007127795652201326,0.9558569129028517
26095,LOF,0.03628054640866884,0.0160999299231061,0.9476195236682251
26096,LOF,0.2081894566136034,0.004841849275199784,0.7869686941111967
26097,LOF,0.008334251718665924,0.03128378661607502,0.9603819616652591
26098,LOF,0.07824978538504308,0.01799516231076243,0.9037550523041944
26099,LOF,0.04669037193332632,0.014901711615170057,0.9384079164515036
26100,LOF,0.0466742462233946,0.01490196368508724,0.9384237900915182
26101,LOF,0.05972278183981856,0.029480593304861396,0.9107966248553202
26102,LOF,0.03631406051884496,0.01598396694539409,0.9477019725357608
26103,Neutral,0.8801173387593016,0.026784698995760522,0.09309796224493769
26104,LOF,0.058997873984928034,0.04313100131392805,0.8978711247011439
26105,LOF,0.23954941421560208,0.16591349862647822,0.5945370871579198
26106,LOF,0.32032320661863206,0.09865230841596302,0.5810244849654048
26107,LOF,0.02313446904017002,0.08834965777458854,0.8885158731852413
26108,LOF,0.30064461117180147,0.04263056598710472,0.6567248228410939
26109,LOF,0.09569811141629476,0.04103308963124522,0.86326879895246
26110,LOF,0.47983076781044837,0.007849807363585792,0.5123194248259659
26111,LOF,0.05778186574566002,0.13246301560458829,0.8097551186497517
26112,LOF,0.058073326083724626,0.008535041459285544,0.9333916324569899
26113,LOF,0.11248010124983655,0.020482177654501842,0.8670377210956616
26114,LOF,0.09336449958486333,0.007792002741923867,0.8988434976732128
26115,LOF,0.014510965687161722,0.055482014507913305,0.930007019804925
26116,LOF,0.06965626263195387,0.020243761303960675,0.9100999760640854
26117,LOF,0.374518392281261,0.03480914217468978,0.5906724655440492
26118,LOF,0.04826988995934983,0.01654424199789607,0.9351858680427542
26119,LOF,0.006327497742577318,0.034290001152446854,0.9593825011049758
26120,LOF,0.03466411256957919,0.015212613317535066,0.9501232741128858
26121,LOF,0.004490197680598302,0.11424279536595737,0.8812670069534443
