feature0,prediction,LoGoFunc_Neutral,LoGoFunc_GOF,LoGoFunc_LOF
25546,Neutral,0.666559892649827,0.05731866145180957,0.27612144589836346
25547,Neutral,0.46235913959065433,0.12292624949168571,0.4147146109176599
25548,Neutral,0.46933743148065243,0.08859996024442954,0.44206260827491795
25549,LOF,0.41224295431931873,0.08840795274087272,0.4993490929398084
25550,LOF,0.36734579015992236,0.14348601414407453,0.48916819569600306
25551,LOF,0.25654798343276114,0.16790235185152266,0.5755496647157161
25552,LOF,0.1960270582124313,0.1549799600381316,0.648992981749437
25553,Neutral,0.797535449076288,0.04053835932800826,0.16192619159570365
25554,LOF,0.23124138492132223,0.15021654262546935,0.6185420724532084
25555,LOF,0.19213109087735591,0.13050679868715184,0.6773621104354923
25556,LOF,0.3965104373534565,0.1300919646811921,0.4733975979653514
25557,LOF,0.18218263926426143,0.13583965065218065,0.681977710083558
25558,LOF,0.22061685710993198,0.14562816793633626,0.6337549749537317
25559,LOF,0.18321201219958116,0.14664053855057935,0.6701474492498394
25560,LOF,0.07177333489558053,0.14361521459352886,0.7846114505108905
25561,LOF,0.1504458743698537,0.13043308586931276,0.7191210397608335
25562,LOF,0.07590652623260877,0.09324901659764914,0.8308444571697422
25563,LOF,0.10500839082389919,0.08695261605878768,0.8080389931173132
25564,LOF,0.21431319537397936,0.1522181038708626,0.633468700755158
25565,LOF,0.14602111019289485,0.15785585954517645,0.6961230302619287
25566,GOF,0.017650751464303154,0.7633052936962066,0.2190439548394903
25567,LOF,0.01906516878932564,0.2104813595319594,0.770453471678715
25568,LOF,0.048656240368901746,0.09421570040004686,0.8571280592310514
25569,LOF,0.04882932826471374,0.09528746343267758,0.8558832083026086
25570,LOF,0.03064540812094436,0.14099713798844685,0.8283574538906088
25571,LOF,0.029858420124959248,0.13639699625264584,0.8337445836223949
25572,LOF,0.03167451003714136,0.16073304154250634,0.8075924484203523
25573,LOF,0.026024016564718675,0.13577904886525224,0.838196934570029
25574,LOF,0.01964214908605213,0.19430646494931075,0.7860513859646371
25575,LOF,0.023539745563985685,0.1485424907203019,0.8279177637157124
25576,LOF,0.011527359501741054,0.18665272408587347,0.8018199164123855
25577,LOF,0.010257524282484954,0.15496938358703438,0.8347730921304807
25578,LOF,0.24549736013607898,0.13071691692193171,0.6237857229419892
25579,LOF,0.1522834574882514,0.14032807455921298,0.7073884679525357
25580,LOF,0.017692099097596326,0.11025503300296453,0.8720528678994391
25581,LOF,0.039240718502568224,0.10213965944372601,0.8586196220537058
25582,LOF,0.03924212068002248,0.09973391772451021,0.8610239615954672
25583,LOF,0.01991190111647133,0.1279784247365164,0.8521096741470123
25584,Neutral,0.5074453573976053,0.136820934018354,0.3557337085840408
25585,LOF,0.012009480994151854,0.17401577834103588,0.8139747406648122
25586,LOF,0.015098467384549103,0.11161703444474048,0.8732844981707103
25587,LOF,0.015535779147587978,0.1029102876668387,0.8815539331855734
25588,LOF,0.015875969515279358,0.12043388959053111,0.8636901408941895
25589,Neutral,0.56989699458234,0.16175750916641837,0.2683454962512416
25590,LOF,0.01770459014976008,0.15452720610728082,0.8277682037429591
25591,LOF,0.07311091477588377,0.08263020361111788,0.8442588816129984
25592,LOF,0.04456301785278104,0.17314773650802917,0.7822892456391897
25593,LOF,0.021632632230548048,0.2943051863160672,0.6840621814533847
25594,LOF,0.03803632119055487,0.1120518563040891,0.849911822505356
25595,LOF,0.041302617826170736,0.08100336899440666,0.8776940131794227
25596,LOF,0.058129306911654265,0.07304779405993554,0.8688228990284103
25597,LOF,0.03972177625656682,0.07697963983536404,0.883298583908069
25598,LOF,0.03562334917352544,0.10264854913017177,0.8617281016963029
25599,GOF,0.008241084615084071,0.5511179819026847,0.44064093348223116
25600,GOF,0.029152332015328707,0.5833885845823782,0.3874590834022931
25601,LOF,0.015106153508252725,0.3998696502649567,0.5850241962267906
25602,LOF,0.018478142700368145,0.05674828305994827,0.9247735742396836
25603,LOF,0.06005503726713837,0.02132245467791702,0.9186225080549446
25604,LOF,0.016204431413068432,0.08598984513014346,0.8978057234567882
25605,LOF,0.00823508344452066,0.21120055315212471,0.7805643634033546
25606,LOF,0.11679169591650704,0.363879635445194,0.519328668638299
25607,LOF,0.005884513882475575,0.22205802857443652,0.772057457543088
25608,LOF,0.011715355640815144,0.11056154444017706,0.8777230999190078
25609,LOF,0.0760494626454551,0.3925946789487887,0.531355858405756
25610,LOF,0.020348030833962683,0.02917398937215628,0.950477979793881
25611,LOF,0.020727236160447266,0.02769477504871936,0.9515779887908333
25612,LOF,0.06288963112711911,0.039310965592415544,0.8977994032804653
25613,LOF,0.05175848508491786,0.039656897083680545,0.9085846178314017
25614,LOF,0.02460274704533614,0.032315782901058,0.9430814700536059
25615,LOF,0.018273937074143102,0.04240200714883662,0.9393240557770202
25616,LOF,0.06316021079563686,0.031973734056354154,0.904866055148009
25617,LOF,0.057783683204851624,0.0348305453861728,0.9073857714089756
25618,LOF,0.07573494704799572,0.03647016165553136,0.8877948912964729
25619,LOF,0.01841709319324966,0.03565345326834531,0.945929453538405
25620,LOF,0.07991559630069087,0.03833084269591542,0.8817535610033936
25621,LOF,0.019493926315211234,0.03850949476996031,0.9419965789148285
25622,LOF,0.025037757291741087,0.03556594251884372,0.9393963001894152
25623,LOF,0.041685096093508886,0.02857136311790944,0.9297435407885817
25624,LOF,0.021389215280741083,0.041248175111965595,0.9373626096072933
25625,LOF,0.027692704719491885,0.04674008500248112,0.9255672102780269
25626,LOF,0.05679452840985841,0.032966603481793644,0.9102388681083479
25627,Neutral,0.5778377466559594,0.1276260761656642,0.2945361771783763
25628,LOF,0.19959448178172282,0.0663973877144913,0.7340081305037859
25629,LOF,0.04306570122914463,0.06295761915402509,0.8939766796168302
25630,LOF,0.14112067724741725,0.10464262346333775,0.754236699289245
25631,Neutral,0.5918961312958919,0.07104749579613755,0.3370563729079704
25632,LOF,0.0079011863488827,0.08211646876392524,0.9099823448871921
25633,LOF,0.25750264453641325,0.07000993474438567,0.6724874207192011
25634,LOF,0.03022746186143742,0.11328217314469514,0.8564903649938675
25635,LOF,0.03183625982572547,0.07337241665442631,0.8947913235198481
25636,GOF,0.005005234291379615,0.5582497946739906,0.4367449710346298
25637,GOF,0.006731224327883546,0.5723054832920209,0.42096329238009556
25638,LOF,0.010544179890801962,0.29253458674503,0.696921233364168
25639,LOF,0.005718623026784342,0.45822812342441877,0.536053253548797
25640,Neutral,0.47830287469774996,0.43751171183030635,0.08418541347194378
25641,LOF,0.01162392568935766,0.34871501330730226,0.6396610610033401
25642,LOF,0.23838763887463657,0.08309209493539801,0.6785202661899654
25643,LOF,0.12380329821858944,0.19886269843088455,0.6773340033505261
25644,GOF,0.011479026051422885,0.5216693004974712,0.46685167345110595
25645,LOF,0.008651993611774782,0.4711486973338944,0.5201993090543308
25646,LOF,0.015144741185564805,0.3418793369021741,0.6429759219122612
25647,LOF,0.012290599569317709,0.286483108653507,0.7012262917771753
25648,LOF,0.010167016466620545,0.28539262921576436,0.7044403543176152
25649,LOF,0.00863112090003496,0.21316008984138868,0.7782087892585763
25650,LOF,0.016806698188202684,0.45626389807033935,0.526929403741458
25651,LOF,0.0066109109503893915,0.316354879992611,0.6770342090569995
25652,LOF,0.011258341619622234,0.2771260870507628,0.711615571329615
25653,LOF,0.03139729969175125,0.42902964371869257,0.5395730565895562
25654,LOF,0.013759446294646871,0.1730068997612127,0.8132336539441404
25655,LOF,0.050725352044389965,0.4503375231762131,0.49893712477939695
25656,LOF,0.17393070198276572,0.04346136319821241,0.7826079348190219
25657,LOF,0.24314989071720464,0.024298264158139453,0.7325518451246559
25658,LOF,0.06800853026693249,0.07348371057398055,0.8585077591590871
25659,LOF,0.35655108026230425,0.07300875175596419,0.5704401679817315
25660,LOF,0.03453120962808752,0.10390824438715557,0.8615605459847568
25661,LOF,0.10184626716897917,0.06799227783693262,0.8301614549940882
25662,LOF,0.02609203698477155,0.04609891521120537,0.9278090478040232
25663,LOF,0.03356518591199598,0.06702308772676108,0.899411726361243
25664,LOF,0.03831655948037143,0.07575217348182818,0.8859312670378005
25665,LOF,0.04870562939402744,0.03779161796461371,0.9135027526413589
25666,LOF,0.04072317175521725,0.10160247748853991,0.8576743507562428
25667,LOF,0.07374564437877225,0.050416746091424894,0.8758376095298028
25668,LOF,0.027948027146623998,0.05589153696934568,0.9161604358840303
25669,LOF,0.029783775041510856,0.07967884470982349,0.8905373802486656
25670,LOF,0.053028829846954104,0.06783698586428649,0.8791341842887594
25671,LOF,0.09125548993487446,0.04396106420284264,0.8647834458622828
25672,LOF,0.048764507772561354,0.04862212932040081,0.902613362907038
25673,LOF,0.02795411711715479,0.05991231367994925,0.912133569202896
25674,LOF,0.021770650576262797,0.07271300790263655,0.9055163415211007
25675,LOF,0.036477494960575424,0.07125041278898757,0.8922720922504369
25676,LOF,0.021178471549469675,0.06419644169246408,0.9146250867580663
25677,LOF,0.029573542685339856,0.07623466156520546,0.8941917957494547
25678,LOF,0.19390242384656123,0.05627591447651107,0.7498216616769278
25679,LOF,0.15591446412480783,0.07739078624752356,0.7666947496276687
25680,LOF,0.03831156650894753,0.11677989921334989,0.8449085342777025
25681,LOF,0.06503579427627633,0.10793535859217193,0.8270288471315518
25682,LOF,0.11453143336771911,0.07837842583747415,0.8070901407948068
25683,LOF,0.082124167408142,0.11148586565679902,0.806389966935059
25684,LOF,0.045134498053686,0.08499109888691579,0.8698744030593981
25685,LOF,0.07979554725101941,0.07030642946759064,0.8498980232813899
25686,LOF,0.03200991809427871,0.09322779767158283,0.8747622842341384
25687,LOF,0.04593229210379377,0.07927657519093749,0.8747911327052689
25688,LOF,0.045235512810244856,0.046695458607675676,0.9080690285820795
25689,LOF,0.02850543565660625,0.0549032242746768,0.916591340068717
25690,LOF,0.03121243359477987,0.05335928177841511,0.915428284626805
25691,LOF,0.28987144398685843,0.060087398732085295,0.6500411572810564
25692,LOF,0.23604250765578902,0.007227938161064981,0.7567295541831459
25693,LOF,0.08695900463215116,0.1875508094940244,0.7254901858738243
25694,LOF,0.25845995120963733,0.013615935297753318,0.7279241134926093
25695,LOF,0.168408315615861,0.026790470629003842,0.804801213755135
25696,LOF,0.10966147525233677,0.013447446628844287,0.8768910781188191
25697,LOF,0.08254758344569671,0.02922072898595786,0.8882316875683455
25698,LOF,0.04849758706598528,0.4718284454400768,0.4796739674939378
25699,LOF,0.061881324062956725,0.0835924676517855,0.8545262082852577
25700,LOF,0.06109025013072491,0.008655162831467689,0.9302545870378074
25701,LOF,0.017780869872621344,0.07758522296461302,0.9046339071627657
25702,GOF,0.030527919843292776,0.7318980204063514,0.23757405975035578
25703,LOF,0.009174899850523898,0.17890888771328387,0.8119162124361923
25704,LOF,0.04637617872055706,0.16872337851042318,0.7849004427690197
25705,LOF,0.05700302387574716,0.2215670309507429,0.7214299451735099
25706,GOF,0.034187209713138586,0.5103644533566002,0.45544833693026127
25707,LOF,0.023352379729294912,0.4670642976574041,0.509583322613301
25708,LOF,0.007976089762138268,0.3781345008439552,0.6138894093939066
25709,LOF,0.05995611725558854,0.057589307530469876,0.8824545752139417
25710,LOF,0.005451739284211477,0.1618389455994827,0.8327093151163057
25711,LOF,0.020167179467364606,0.11364263912588556,0.8661901814067499
25712,LOF,0.00725476196209529,0.1770188125830364,0.8157264254548683
25713,LOF,0.018604785677141102,0.09609805033365207,0.8852971639892068
25714,LOF,0.07178296745639969,0.12142542535380667,0.8067916071897936
25715,LOF,0.013956455960116318,0.12666613518009492,0.8593774088597886
25716,LOF,0.005990626209940751,0.10065943224171264,0.8933499415483466
25717,LOF,0.005026283358229401,0.09853194672257605,0.8964417699191946
25718,LOF,0.014382978289729398,0.08138726239337316,0.9042297593168974
25719,LOF,0.024552819693366364,0.08256617930238308,0.8928810010042506
25720,LOF,0.0245996994848678,0.08152758256284917,0.893872717952283
25721,LOF,0.01677386270733291,0.10493021749688285,0.8782959197957844
25722,LOF,0.014576406070068498,0.12706038882813686,0.8583632051017948
25723,LOF,0.02041678377229197,0.06559188576304875,0.9139913304646592
25724,LOF,0.02295703512256793,0.09851412478923348,0.8785288400881985
25725,LOF,0.014471481039779409,0.07066381692302884,0.9148647020371918
25726,LOF,0.01257171362583407,0.09889407973944978,0.888534206634716
25727,LOF,0.015448398604785328,0.08312871507256227,0.9014228863226524
25728,LOF,0.013048438096905951,0.10690451671097849,0.8800470451921155
25729,LOF,0.013569023382995187,0.11049074019952286,0.875940236417482
25730,LOF,0.014171362624996565,0.09571644443377268,0.8901121929412308
25731,LOF,0.007197430483117469,0.13542123294162692,0.8573813365752556
25732,LOF,0.013929909016224925,0.09166979470223306,0.8944002962815419
25733,LOF,0.01936102083751877,0.07359265891453133,0.90704632024795
25734,LOF,0.005090702524076915,0.14338619861185983,0.8515230988640632
25735,LOF,0.01668471692014822,0.07331383444505599,0.9100014486347958
25736,LOF,0.01584401964720317,0.10921052122763272,0.8749454591251642
25737,LOF,0.02322132196667501,0.08540552307415461,0.8913731549591702
25738,LOF,0.015720250953515168,0.12800391402072303,0.8562758350257618
25739,LOF,0.02255411817139172,0.11036430710807289,0.8670815747205355
25740,LOF,0.03194772631773438,0.12896215971312353,0.8390901139691421
25741,LOF,0.017887956761789264,0.10686818898173825,0.8752438542564726
25742,LOF,0.11828830063655162,0.09740753071685054,0.7843041686465979
25743,LOF,0.0153495423206047,0.039124852706535256,0.9455256049728601
25744,LOF,0.1967979933962708,0.3776474186970925,0.4255545879066367
25745,LOF,0.027057933387273032,0.054312753767247084,0.9186293128454799
25746,LOF,0.015278016105699841,0.06472013152027928,0.9200018523740209
25747,LOF,0.027437683296722904,0.03578851540032984,0.9367738013029473
25748,LOF,0.14579314871043744,0.06010409919496324,0.7941027520945994
25749,LOF,0.01585005638320322,0.047955025435913214,0.9361949181808835
25750,LOF,0.030232279622329706,0.06662836792675851,0.9031393524509117
25751,LOF,0.11020678750382039,0.060933692983053726,0.8288595195131259
25752,GOF,0.107476521891949,0.6447121800449286,0.24781129806312244
25753,LOF,0.007316600803933651,0.39531024753401267,0.5973731516620536
25754,GOF,0.00486917323234783,0.8532753677063459,0.1418554590613061
25755,LOF,0.010690962271984133,0.43759021060382114,0.5517188271241946
25756,LOF,0.04401987713539751,0.4613821358555148,0.4945979870090878
25757,GOF,0.005841338332483123,0.8762130855095154,0.11794557615800151
25758,GOF,0.005894104761743286,0.8655758827806229,0.12853001245763385
25759,GOF,0.004517133117670674,0.5631180264052131,0.4323648404771162
25760,LOF,0.004517753353263623,0.3197587402364437,0.6757235064102928
25761,GOF,0.03907388131805677,0.8347416808831802,0.126184437798763
25762,LOF,0.0281409433899634,0.36630110921654024,0.6055579473934963
25763,LOF,0.006156718253566987,0.24773033621113028,0.7461129455353028
25764,GOF,0.14566100064106172,0.5514435137860536,0.3028954855728847
25765,GOF,0.011193910894066074,0.7925101955023734,0.19629589360356037
25766,GOF,0.017734648269748632,0.8420595468469798,0.1402058048832716
25767,GOF,0.02062704944215483,0.510869207010693,0.46850374354715213
25768,LOF,0.08057463909513561,0.06884894047591114,0.8505764204289533
25769,LOF,0.08008219150032218,0.05031257673360789,0.86960523176607
25770,LOF,0.24400593326148878,0.06030935032814734,0.6956847164103639
25771,LOF,0.01247278100379775,0.05977093925254162,0.9277562797436607
25772,LOF,0.016816441636412716,0.025321479833506758,0.9578620785300805
25773,LOF,0.01081094732807897,0.10092997984543123,0.8882590728264899
25774,LOF,0.024650110398118995,0.06705815823669567,0.9082917313651854
25775,LOF,0.015144003726335838,0.043912144953225214,0.940943851320439
25776,LOF,0.08586895229529387,0.019763588676837335,0.8943674590278687
25777,LOF,0.2725647624643534,0.04386360067182415,0.6835716368638224
25778,LOF,0.06635601230611317,0.037672830482902236,0.8959711572109846
25779,GOF,0.05460517747469811,0.8709760918710964,0.07441873065420562
25780,GOF,0.05980906181982439,0.8504125075498662,0.08977843063030946
25781,GOF,0.023657653149103997,0.842196809446933,0.13414553740396315
25782,GOF,0.028891558912875356,0.877009631068955,0.09409881001816967
25783,GOF,0.01427096451073123,0.6704441408837944,0.31528489460547426
25784,GOF,0.11391401734337722,0.8277450868614638,0.05834089579515912
25785,GOF,0.07836689380814853,0.8738979533559349,0.047735152835916554
25786,GOF,0.004830097879581537,0.8164674046308252,0.17870249748959335
25787,GOF,0.2015312765208247,0.7619086094668571,0.03656011401231826
25788,LOF,0.04588850659363208,0.1422997203054708,0.811811773100897
25789,GOF,0.0305887145827199,0.8296047096656973,0.1398065757515828
25790,GOF,0.037880063285418666,0.870305514212606,0.09181442250197536
25791,GOF,0.02448067908303308,0.8099134132779491,0.16560590763901795
25792,GOF,0.03988582318559547,0.8239246748833454,0.13618950193105916
25793,GOF,0.09006736493686707,0.807820638705888,0.10211199635724481
25794,GOF,0.09010901878703563,0.7073103327176603,0.20258064849530408
25795,GOF,0.024296988581775328,0.7727098320664073,0.2029931793518173
25796,GOF,0.12441092691966447,0.764597919235438,0.11099115384489755
25797,GOF,0.03151014128872832,0.6209233628623582,0.3475664958489135
25798,GOF,0.003157284823139439,0.5823398958779601,0.4145028192989006
25799,LOF,0.0027859957326175147,0.46035161160904436,0.536862392658338
25800,GOF,0.00890281291904439,0.6460280132849779,0.34506917379597757
25801,GOF,0.023753120330994554,0.815916503571942,0.1603303760970634
25802,GOF,0.015810735973556686,0.7359407239869771,0.24824854003946625
25803,GOF,0.008997504197135972,0.6488169422829443,0.3421855535199198
25804,GOF,0.010271481346749246,0.5396009526691324,0.4501275659841183
25805,GOF,0.018396921453913116,0.6330866657978179,0.34851641274826906
25806,GOF,0.016805607009402625,0.6821632711919068,0.3010311217986907
25807,GOF,0.004559168065291298,0.6507421583448159,0.344698673589893
25808,GOF,0.012553388552320984,0.6634003012432355,0.3240463102044436
25809,GOF,0.005376559078062298,0.6420550966486123,0.3525683442733254
25810,GOF,0.004809490143293237,0.6531551885141087,0.342035321342598
25811,GOF,0.07401525966939872,0.8313218912586213,0.09466284907197986
25812,GOF,0.012581329952463622,0.6622569772159714,0.325161692831565
25813,GOF,0.09475539921967345,0.7714974333156326,0.13374716746469403
25814,GOF,0.023371306218698717,0.7222948156513518,0.25433387812994945
25815,GOF,0.037992311048206696,0.7484854849088562,0.21352220404293698
25816,GOF,0.007516719671747761,0.8117980448645444,0.18068523546370768
25817,GOF,0.06651156258429747,0.7774441882415772,0.1560442491741252
25818,GOF,0.020432767892693382,0.7580836313223751,0.2214836007849314
25819,GOF,0.06641325498563028,0.7390959649338762,0.19449078008049342
25820,GOF,0.029048104697931103,0.7337144801705567,0.23723741513151209
25821,GOF,0.016449903437768473,0.7263289413685422,0.2572211551936893
25822,GOF,0.034307474247271263,0.7508042290329751,0.21488829671975354
25823,GOF,0.01129872675413139,0.5909142233868718,0.39778704985899693
25824,GOF,0.02162107129220726,0.7257551298687229,0.2526237988390699
25825,GOF,0.01222696968029107,0.7041146186112499,0.28365841170845896
25826,GOF,0.005040079083185819,0.6591667664845993,0.3357931544322149
25827,GOF,0.007253769159645608,0.6530621459682587,0.3396840848720957
25828,GOF,0.004857325884141293,0.5932530567922459,0.40188961732361284
25829,GOF,0.0028658526310034686,0.6538522968118757,0.3432818505571209
25830,LOF,0.029409694779308007,0.41970925428988903,0.550881050930803
25831,GOF,0.03089029037837236,0.8509663040380473,0.11814340558358022
25832,GOF,0.007539998634923326,0.7805551903459882,0.21190481101908848
25833,GOF,0.023511956368055868,0.8124718215075266,0.16401622212441752
25834,GOF,0.007077577961183229,0.7778106200250039,0.21511180201381283
25835,GOF,0.01565502597114346,0.8171605548314453,0.16718441919741114
25836,GOF,0.005867936257198545,0.7676956288880147,0.22643643485478684
25837,GOF,0.006008422592947163,0.69041072404275,0.30358085336430296
25838,GOF,0.016498094728955134,0.8471295049526856,0.1363724003183593
25839,GOF,0.03266068186244823,0.8269098159367029,0.1404295022008488
25840,GOF,0.03399936946958466,0.831071116885355,0.1349295136450603
25841,GOF,0.03196919267962192,0.8454988798342709,0.1225319274861073
25842,GOF,0.022109693122478527,0.8718024977810744,0.10608780909644704
25843,GOF,0.02617682492953058,0.8871235397062793,0.08669963536419
25844,GOF,0.014938670139388002,0.807826870851747,0.1772344590088651
25845,GOF,0.005183605914055712,0.6051191762042145,0.3896972178817297
25846,GOF,0.024811762489987756,0.8576520166919204,0.11753622081809197
25847,GOF,0.01608051068161356,0.8919937267069487,0.0919257626114378
25848,GOF,0.014289007047692657,0.841131448412501,0.14457954453980637
25849,GOF,0.0049675028987067864,0.7240355834027223,0.27099691369857104
25850,GOF,0.005790140100075311,0.7135926874446552,0.2806171724552695
25851,GOF,0.005269591335488641,0.6018967178407004,0.3928336908238108
25852,GOF,0.14035567110652095,0.5885481929086125,0.2710961359848666
25853,GOF,0.0715900907757019,0.8392560812160619,0.08915382800823633
25854,GOF,0.00905278315270756,0.6823158284999193,0.3086313883473731
25855,GOF,0.011883755992378973,0.6132167349856825,0.3748995090219386
25856,GOF,0.03392265224881954,0.7262997108335123,0.2397776369176682
25857,GOF,0.015392115415158943,0.5739418909963985,0.41066599358844263
25858,GOF,0.007939455345607043,0.5972611454813396,0.39479939917305334
25859,GOF,0.005428406548557425,0.570394146699925,0.4241774467515176
25860,GOF,0.06603466767412541,0.7983100668749129,0.1356552654509618
25861,GOF,0.11956387070460966,0.7843739820814993,0.09606214721389109
25862,GOF,0.019298652754040167,0.8472896344284729,0.13341171281748684
25863,GOF,0.01771334061321066,0.8546528097699673,0.1276338496168221
25864,GOF,0.037714291059081716,0.8732477115288727,0.08903799741204554
25865,GOF,0.02463058984455244,0.841681766498117,0.1336876436573305
25866,GOF,0.02071769286892703,0.8400335901378387,0.13924871699323424
25867,GOF,0.02237783263602726,0.8647500099410191,0.11287215742295373
25868,GOF,0.05259639484450936,0.8034311234228884,0.14397248173260244
25869,GOF,0.30950441989641214,0.6009828497802487,0.08951273032333902
25870,GOF,0.17997197747440105,0.5657854116590566,0.2542426108665423
25871,GOF,0.020203876357079417,0.8664977088839722,0.11329841475894849
25872,GOF,0.015783478675048555,0.8456834327810486,0.13853308854390278
25873,GOF,0.016616405742233324,0.8694227629625357,0.1139608312952309
25874,LOF,0.01613637755959659,0.15276365085654617,0.8310999715838573
25875,LOF,0.03360232868616312,0.04217743987539407,0.9242202314384428
25876,LOF,0.015023243091514957,0.032223763060768455,0.9527529938477165
25877,LOF,0.12214643573854228,0.06497050759566303,0.8128830566657946
25878,LOF,0.05391488773661997,0.08832656722277836,0.8577585450406017
25879,LOF,0.02185178417842879,0.07795676086408852,0.9001914549574828
25880,LOF,0.04383515092732309,0.010085612939839258,0.9460792361328376
25881,Neutral,0.5855620701438559,0.07485174609296956,0.3395861837631745
25882,LOF,0.02519344042766918,0.044864652311484024,0.9299419072608468
25883,LOF,0.05623061244814111,0.02740887977947457,0.9163605077723842
25884,LOF,0.012867373748003195,0.06482626200274019,0.9223063642492567
25885,LOF,0.2080626547993941,0.009931632009893804,0.7820057131907121
25886,LOF,0.20769905473928277,0.05901634908087836,0.7332845961798389
25887,LOF,0.16196388149807656,0.07455153542940093,0.7634845830725224
25888,LOF,0.013244915986311818,0.15459825049051082,0.8321568335231774
25889,LOF,0.018718180847356977,0.04136286596150696,0.9399189531911359
25890,LOF,0.1140282738049247,0.11123239263962698,0.7747393335554483
25891,LOF,0.045513820294965424,0.05139935453060876,0.903086825174426
25892,LOF,0.011033554698526038,0.04506919251356306,0.943897252787911
25893,LOF,0.3814756318523504,0.011785019796602483,0.6067393483510471
25894,LOF,0.414025746510458,0.00748771222434252,0.5784865412651995
25895,LOF,0.3453616934936787,0.0158707159247032,0.638767590581618
25896,LOF,0.04241457039009198,0.0317688040545075,0.9258166255554006
25897,LOF,0.18519629466017914,0.01235429723707776,0.8024494081027431
25898,LOF,0.21405711289399032,0.04032267426492045,0.7456202128410893
25899,LOF,0.24333578114616913,0.03280185272354051,0.7238623661302904
25900,LOF,0.4465993980445322,0.010880183449121719,0.5425204185063461
25901,LOF,0.0484909501805946,0.012370448926473541,0.9391386008929319
25902,LOF,0.095721456750023,0.018091959229275447,0.8861865840207015
25903,LOF,0.3399868278247053,0.03625288906007629,0.6237602831152186
25904,Neutral,0.4871167788698641,0.04222030445510316,0.4706629166750327
25905,LOF,0.006952034105111456,0.390409506824318,0.6026384590705705
25906,LOF,0.007878228038525153,0.11306477268309993,0.8790569992783749
25907,LOF,0.004033491353160513,0.33319097108305085,0.6627755375637885
25908,LOF,0.004081053007065644,0.20634581811320207,0.7895731288797323
25909,LOF,0.015060320565600272,0.16321348360605636,0.8217261958283434
25910,LOF,0.017511347286837915,0.1340931317192043,0.8483955209939579
25911,LOF,0.1828692154545622,0.031932882726495776,0.785197901818942
25912,LOF,0.06576824654149109,0.055135540768360636,0.8790962126901483
25913,LOF,0.062068342368957925,0.05361684918611268,0.8843148084449294
25914,LOF,0.021430102267539587,0.06800015939889735,0.9105697383335631
25915,LOF,0.1361655101356155,0.30087008958273714,0.5629644002816474
25916,LOF,0.020873220865971393,0.21796710948283285,0.7611596696511959
25917,LOF,0.05716325129006384,0.05041908442579828,0.8924176642841379
25918,LOF,0.02679037997386804,0.0411654157444312,0.9320442042817008
25919,LOF,0.02203413754375724,0.04042260635856095,0.9375432560976817
25920,LOF,0.12124653468458778,0.2016574504502171,0.6770960148651951
25921,LOF,0.009708713286138934,0.03634023177144428,0.9539510549424167
25922,LOF,0.012239266174898917,0.029219102959073425,0.9585416308660277
25923,LOF,0.4008618877470863,0.033243506890004035,0.5658946053629097
25924,LOF,0.01691726905081669,0.04324969686660078,0.9398330340825826
25925,LOF,0.07291949823133916,0.043317393723943685,0.8837631080447171
25926,LOF,0.05108080709104364,0.03974904958064016,0.9091701433283161
25927,LOF,0.02197033034938512,0.056388000185989814,0.921641669464625
25928,LOF,0.007533899464938338,0.04807031943399518,0.9443957811010665
25929,LOF,0.4806807800309856,0.030938136580379385,0.48838108338863495
25930,LOF,0.08720659756435195,0.02676705160262633,0.8860263508330217
25931,LOF,0.009872190958656829,0.03347210787891896,0.9566557011624243
25932,LOF,0.03548449005379849,0.027423644442933045,0.9370918655032685
25933,LOF,0.04373509635004401,0.0166973529751377,0.9395675506748183
25934,LOF,0.028933206298440737,0.016894062005717952,0.9541727316958413
25935,LOF,0.07152088117794435,0.04878360915660637,0.8796955096654493
25936,LOF,0.042235680450161905,0.020247995425273852,0.9375163241245642
25937,LOF,0.009951608584776969,0.03348733099754686,0.9565610604176762
25938,LOF,0.07092036380121823,0.04924679768087883,0.879832838517903
25939,LOF,0.03413376309578534,0.020704967203712066,0.9451612697005026
25940,LOF,0.00833966862322633,0.3324626218118398,0.6591977095649338
25941,Neutral,0.5363204374949468,0.03160643900143397,0.43207312350361926
25942,LOF,0.005412301294435205,0.04471360739476025,0.9498740913108045
25943,LOF,0.030733674163386637,0.13646223753330766,0.8328040883033057
25944,LOF,0.10128750781536514,0.06631672365839687,0.8323957685262381
25945,LOF,0.05555362869065766,0.021152769690809866,0.9232936016185325
25946,LOF,0.07427720633483545,0.04432741715279059,0.881395376512374
25947,Neutral,0.4995896508320602,0.08635302805968156,0.41405732110825816
25948,LOF,0.33986584536589703,0.01161863778996859,0.6485155168441343
25949,LOF,0.09193881817267584,0.05679610050235205,0.851265081324972
25950,GOF,0.04278465793554642,0.5950924734231604,0.3621228686412931
25951,LOF,0.01384149530415289,0.39806922049197646,0.5880892842038706
25952,LOF,0.2683802560611105,0.27752939186250947,0.4540903520763801
25953,LOF,0.01154593597262216,0.17878749544632594,0.8096665685810519
25954,LOF,0.04532787409852413,0.4171950538863201,0.5374770720151558
25955,LOF,0.010618150983149055,0.13432177567066164,0.8550600733461894
25956,LOF,0.027419641894492818,0.27817930839256977,0.6944010497129374
25957,LOF,0.21636001389040357,0.038977341335496005,0.7446626447741004
25958,LOF,0.051489248822718214,0.03199213867405484,0.9165186125032271
25959,GOF,0.013734681343778012,0.5276410222455113,0.4586242964107107
25960,LOF,0.005279334423953326,0.05631498026649231,0.9384056853095543
25961,LOF,0.04962802288324881,0.02901073576377591,0.9213612413529753
25962,LOF,0.034474110856653806,0.07645540115534386,0.8890704879880024
25963,LOF,0.005864244300426244,0.23344389796064546,0.7606918577389283
25964,LOF,0.02828656791436885,0.0939279807332351,0.8777854513523962
25965,LOF,0.29937559040303036,0.13055769506693085,0.5700667145300388
25966,LOF,0.4041904777901736,0.12958236607977314,0.46622715613005333
25967,LOF,0.006316834201455896,0.07200316998505926,0.9216799958134849
25968,LOF,0.049261371775749206,0.19629722200852837,0.7544414062157224
25969,LOF,0.12642789222538936,0.05901580657663438,0.8145563011979763
25970,LOF,0.02202786176239939,0.09064751122500814,0.8873246270125925
25971,LOF,0.07218584850209762,0.028456768073484795,0.8993573834244176
25972,LOF,0.05723769064342249,0.039347371999206154,0.9034149373573712
25973,LOF,0.05844883857526369,0.013229033311518784,0.9283221281132176
25974,LOF,0.04409589236938416,0.03629239123505915,0.9196117163955567
25975,LOF,0.04522160359265345,0.024382741586961937,0.9303956548203846
25976,LOF,0.11719695622562568,0.011462997653949524,0.8713400461204248
25977,LOF,0.2036294175915138,0.0574570577829564,0.7389135246255297
25978,LOF,0.14033656768811706,0.13554046966386202,0.724122962648021
25979,LOF,0.12654828479239805,0.1524291725754156,0.7210225426321865
25980,LOF,0.23625336293419777,0.17207687455306728,0.591669762512735
25981,LOF,0.23637166035485435,0.17282036783603136,0.5908079718091143
25982,LOF,0.3676808501768744,0.10424988261042933,0.5280692672126963
25983,LOF,0.3824734863892297,0.1245477280639655,0.49297878554680497
25984,LOF,0.034734332357653906,0.07388815015951962,0.8913775174828266
25985,LOF,0.4033914971663284,0.12914410029644344,0.4674644025372282
25986,LOF,0.010945807208815831,0.43516145969326436,0.5538927330979198
25987,LOF,0.040323649318191705,0.11716995694762596,0.8425063937341823
25988,LOF,0.133976348641378,0.12702979322462102,0.7389938581340011
25989,LOF,0.038743646298103875,0.1717676820366218,0.7894886716652744
25990,LOF,0.039363543552187436,0.2598765564868451,0.7007598999609674
25991,LOF,0.02393812996416292,0.33745443528052044,0.6386074347553167
25992,LOF,0.02668058386699536,0.3387075987210934,0.6346118174119112
25993,LOF,0.021921606538703012,0.08963186184018637,0.8884465316211106
25994,LOF,0.01680542950542305,0.08564948862729983,0.8975450818672772
25995,LOF,0.01809332588649895,0.16440289828302554,0.8175037758304755
25996,LOF,0.28363581559816614,0.3264485295546225,0.3899156548472114
25997,LOF,0.0809956560945717,0.338175598791869,0.5808287451135592
25998,LOF,0.29719134029235306,0.04885720813650835,0.6539514515711385
25999,LOF,0.021060432795406925,0.24395851739021318,0.7349810498143798
26000,LOF,0.14046953411199958,0.035136863764534836,0.8243936021234656
26001,LOF,0.29560787528871985,0.031403310465816237,0.6729888142454639
26002,LOF,0.06870883840706966,0.05718645434248089,0.8741047072504495
26003,GOF,0.003657865747708381,0.6480108147166773,0.34833131953561425
26004,GOF,0.005961016029673215,0.7383342932641775,0.25570469070614926
26005,GOF,0.0030062312031797532,0.5338848735295139,0.46310889526730636
26006,GOF,0.09166567892060923,0.6283663918209494,0.27996792925844133
26007,GOF,0.0060096476106956944,0.624913423404899,0.36907692898440525
26008,GOF,0.004941053885707739,0.7024590187501302,0.2925999273641622
26009,GOF,0.005762742461467574,0.7143138056800192,0.2799234518585132
26010,GOF,0.0065402004517746935,0.7163820121921077,0.27707778735611766
26011,GOF,0.002805033708326303,0.5094309809486269,0.48776398534304677
26012,GOF,0.0040365976788234404,0.6017166874829157,0.3942467148382609
26013,GOF,0.004659387508811464,0.6626703595521589,0.33267025293902963
26014,LOF,0.03517899343556805,0.1212676383986677,0.8435533681657643
26015,LOF,0.14165242511926393,0.020743705487621743,0.8376038693931143
26016,LOF,0.2644302486271549,0.039568089774078295,0.6960016615987668
26017,LOF,0.023940350226569845,0.19855835376722192,0.7775012960062083
26018,LOF,0.05238531459280783,0.04073830113883555,0.9068763842683566
26019,LOF,0.05159428578121197,0.035155054296028256,0.9132506599227598
26020,LOF,0.008836810058660027,0.2106880466963461,0.780475143244994
26021,LOF,0.06862686771123007,0.08512348103242762,0.8462496512563423
26022,LOF,0.030866130989224343,0.02569387385256834,0.9434399951582073
26023,LOF,0.04371373231777311,0.024825776065884007,0.9314604916163428
26024,LOF,0.045554435245065195,0.0700712521837491,0.8843743125711856
26025,LOF,0.052854492367630526,0.07496514795684801,0.8721803596755215
26026,LOF,0.08291802555342771,0.05821147816067686,0.8588704962858955
26027,LOF,0.04513738975207638,0.019884469587204256,0.9349781406607195
26028,LOF,0.09371056230244877,0.1385530469538924,0.7677363907436587
26029,LOF,0.023219188862624217,0.22607642129038796,0.7507043898469877
26030,LOF,0.14771892890568422,0.03240422413287634,0.8198768469614395
26031,LOF,0.0137681018250207,0.1665897942660763,0.8196421039089031
26032,LOF,0.07066394843333546,0.0743032789313684,0.8550327726352961
26033,LOF,0.09383261505804029,0.06643874331950192,0.8397286416224577
26034,LOF,0.015717490968531176,0.17997461676562704,0.8043078922658418
26035,LOF,0.01459497400217196,0.13738008543620256,0.8480249405616254
26036,LOF,0.016048528345138847,0.16747725826289422,0.816474213391967
26037,LOF,0.012960424150059595,0.11740248597754704,0.8696370898723933
26038,LOF,0.05877528367515898,0.06454285189380085,0.8766818644310402
26039,LOF,0.026017028934240915,0.16380495014786975,0.8101780209178894
26040,LOF,0.11897585059718715,0.1547262767364115,0.7262978726664013
26041,LOF,0.015652773689034075,0.10105604994041766,0.8832911763705483
26042,LOF,0.014250866910915856,0.10775705518470216,0.8779920779043819
26043,LOF,0.05666331214920044,0.08328224633851267,0.8600544415122868
26044,LOF,0.012522271966537745,0.0664616499095605,0.9210160781239018
26045,LOF,0.050832346606566665,0.11965565256232288,0.8295120008311103
26046,LOF,0.05045487208628934,0.06650112841004278,0.8830439995036679
26047,LOF,0.08377348389663093,0.06476993436744423,0.8514565817359249
26048,LOF,0.04171273702953465,0.04882039750096269,0.9094668654695027
26049,Neutral,0.9621158355924178,0.0078583121480899,0.03002585225949241
26050,Neutral,0.9481270552078506,0.008565332837028539,0.043307611955120964
26051,LOF,0.01294928072016117,0.14272561928502547,0.8443250999948133
26052,LOF,0.01980623738229158,0.1791671043730349,0.8010266582446735
26053,LOF,0.02494750780757568,0.13940220965645253,0.8356502825359717
26054,LOF,0.0418107842584988,0.021746291749735087,0.9364429239917662
26055,LOF,0.053779885110667225,0.018997505772732383,0.9272226091166004
26056,LOF,0.04775678100808849,0.02346551982105525,0.9287776991708562
26057,LOF,0.03261581482734506,0.014108902497163603,0.9532752826754913
26058,LOF,0.033286427559501834,0.012237243839252466,0.9544763286012458
26059,LOF,0.3044838101416279,0.021618349020961766,0.6738978408374104
26060,LOF,0.01013810190155685,0.2136353352075888,0.7762265628908545
26061,LOF,0.00530580534004075,0.015496675641062729,0.9791975190188964
26062,LOF,0.003840689599370097,0.021824082098706038,0.9743352283019239
26063,LOF,0.021620676507173954,0.01261985175425876,0.9657594717385674
26064,LOF,0.005916638112546986,0.030902147766285772,0.9631812141211672
26065,LOF,0.024445610441744443,0.013144954153870337,0.9624094354043852
26066,LOF,0.023492993779878953,0.012379654106167507,0.9641273521139536
26067,LOF,0.028190852965995078,0.01068690347087416,0.9611222435631309
26068,LOF,0.04054227162562331,0.045187220743987004,0.9142705076303898
26069,LOF,0.29495559618335837,0.024355418798294646,0.680688985018347
26070,LOF,0.4442633343735505,0.01811441564124203,0.5376222499852076
26071,LOF,0.022935286018276897,0.012589005724699566,0.9644757082570236
26072,LOF,0.00552864857604691,0.025979737814035883,0.9684916136099172
26073,LOF,0.021320462735877226,0.015114640711052507,0.9635648965530702
26074,Neutral,0.919486499282315,0.007739320852801676,0.07277417986488324
26075,LOF,0.036500051286506345,0.02144490387424786,0.9420550448392458
26076,LOF,0.03373306020888638,0.01244172109537858,0.953825218695735
26077,LOF,0.10984109826920545,0.009060754692070103,0.8810981470387245
26078,LOF,0.005344883002872023,0.017513913202626824,0.9771412037945011
26079,LOF,0.04838749452462435,0.02371037097588678,0.9279021344994889
26080,LOF,0.04638784556040474,0.023793774103383777,0.9298183803362114
26081,LOF,0.02808130991556581,0.008772436243341777,0.9631462538410924
26082,LOF,0.004209714486286208,0.020939005074387094,0.9748512804393267
26083,LOF,0.11384131877308472,0.020120530079909917,0.8660381511470054
26084,LOF,0.040889880118517276,0.016012563442048253,0.9430975564394344
26085,LOF,0.03571553385931019,0.014186864018438711,0.9500976021222511
26086,LOF,0.02271820895960027,0.012753190510755262,0.9645286005296446
26087,LOF,0.021914053859875854,0.010642448569673571,0.9674434975704506
26088,LOF,0.005970104839909133,0.024284794106119903,0.9697451010539709
26089,LOF,0.036933913155785494,0.026105679621626885,0.9369604072225877
26090,LOF,0.03750307058012847,0.021068446581514456,0.9414284828383571
26091,LOF,0.027113921811501237,0.007922390692931498,0.9649636874955673
26092,LOF,0.022647149403424764,0.009165958738449815,0.9681868918581255
26093,LOF,0.039651986426634075,0.007502457891209692,0.9528455556821563
26094,LOF,0.031118900657625438,0.007419502723050276,0.9614615966193243
26095,LOF,0.01965418347414947,0.02148821409564856,0.9588576024302019
26096,LOF,0.16959041436620736,0.006071857037821262,0.8243377285959713
26097,LOF,0.004772649084763643,0.03481795585917707,0.9604093950560594
26098,LOF,0.07201512936254964,0.016692738433311337,0.9112921322041391
26099,LOF,0.021623562141022453,0.017288642931659003,0.9610877949273186
26100,LOF,0.02162301125727382,0.017288202484688944,0.9610887862580373
26101,LOF,0.05450672891911287,0.02521738778925748,0.9202758832916296
26102,LOF,0.020510017163925916,0.016768456524941085,0.9627215263111331
26103,Neutral,0.8351101862003841,0.025365273688346446,0.1395245401112694
26104,LOF,0.05947777156893486,0.025894824678563574,0.9146274037525015
26105,LOF,0.24143071480762032,0.17155292060563238,0.5870163645867473
26106,LOF,0.3448932833220507,0.1291745692906914,0.5259321473872579
26107,LOF,0.020157823241834395,0.1147726184837611,0.8650695582744046
26108,LOF,0.3225137900791867,0.04661979599270894,0.6308664139281044
26109,LOF,0.041074240084943925,0.05545153901044415,0.903474220904612
26110,LOF,0.20878195022234164,0.007966966061238062,0.7832510837164204
26111,LOF,0.07917392168307338,0.08447584836255599,0.8363502299543706
26112,LOF,0.0355431426028661,0.007848433292662266,0.9566084241044717
26113,LOF,0.059439034657032416,0.017731547999322538,0.9228294173436451
26114,LOF,0.08177271358248282,0.011852389185930469,0.9063748972315868
26115,LOF,0.016798611951595925,0.07063103143835643,0.9125703566100476
26116,LOF,0.10104971544404423,0.04443335824920893,0.8545169263067468
26117,LOF,0.40594012036415555,0.03605610201234314,0.5580037776235014
26118,LOF,0.0315893451490929,0.016927984064374704,0.9514826707865325
26119,LOF,0.004944557542938198,0.03759613679165048,0.9574593056654114
26120,LOF,0.02600528583429308,0.01571155344159113,0.9582831607241157
26121,LOF,0.00434197277022874,0.12088789418863817,0.874770133041133
