feature0,prediction,LoGoFunc_Neutral,LoGoFunc_GOF,LoGoFunc_LOF
25546,Neutral,0.7539182485281027,0.0285810677537,0.2175006837181972
25547,Neutral,0.5831922903903618,0.07124761652374671,0.34556009308589153
25548,Neutral,0.581888159961276,0.049447114448661976,0.36866472559006197
25549,Neutral,0.49208928342822544,0.05065807397972339,0.4572526425920511
25550,LOF,0.34320866992082605,0.12208280013785876,0.5347085299413152
25551,LOF,0.29210675368922995,0.13473928333013604,0.573153962980634
25552,LOF,0.19535550901835577,0.13428143514366342,0.6703630558379807
25553,Neutral,0.8396852893125878,0.030406117292102762,0.1299085933953093
25554,LOF,0.23766729338544845,0.12183658945530636,0.6404961171592453
25555,LOF,0.18701334733880629,0.10155813640477031,0.7114285162564233
25556,LOF,0.4054263397337984,0.09832707307090464,0.49624658719529696
25557,LOF,0.1839494374878154,0.10812876966162512,0.7079217928505595
25558,LOF,0.22961562292510448,0.12593258660226264,0.6444517904726329
25559,LOF,0.40559548955663594,0.08846580281316384,0.5059387076302002
25560,LOF,0.05385365551595735,0.1895797516235477,0.756566592860495
25561,LOF,0.10249482093365485,0.2184810757274006,0.6790241033389446
25562,LOF,0.10403715742395403,0.0999062772152479,0.7960565653607979
25563,LOF,0.10649021495832804,0.09665094045406977,0.7968588445876023
25564,LOF,0.13825984686785336,0.17690685429046146,0.6848332988416852
25565,LOF,0.14370972688718608,0.15965397552133534,0.6966362975914786
25566,GOF,0.014516094228847106,0.7700648117574739,0.21541909401367898
25567,LOF,0.015010431853022305,0.14438253437906398,0.8406070337679138
25568,LOF,0.05209784692921749,0.06508285757494647,0.8828192954958362
25569,LOF,0.06054071770738909,0.07088177609331016,0.8685775061993007
25570,LOF,0.06156809744868821,0.10233601807065533,0.8360958844806565
25571,LOF,0.058808989076696475,0.09294586718061336,0.8482451437426902
25572,LOF,0.06487264734068501,0.13225858989894484,0.8028687627603701
25573,LOF,0.030461300446955848,0.09802963714104168,0.8715090624120025
25574,LOF,0.017140361635488783,0.160468421277527,0.8223912170869843
25575,LOF,0.048538478919155074,0.10334260350640002,0.8481189175744448
25576,LOF,0.02165783030997012,0.11902211829904308,0.8593200513909868
25577,LOF,0.015828671760966757,0.13489784858947526,0.849273479649558
25578,LOF,0.2385340969345221,0.09221501756944028,0.6692508854960376
25579,LOF,0.2409164498925343,0.09100642686099239,0.6680771232464733
25580,LOF,0.03280658602954265,0.08425836786051957,0.8829350461099377
25581,LOF,0.04893218735516954,0.07699916614948729,0.8740686464953432
25582,LOF,0.04881438688065259,0.07358619347403517,0.8775994196453122
25583,LOF,0.04379282757733312,0.09979671286226212,0.8564104595604047
25584,LOF,0.4281970304897537,0.09628557470127995,0.4755173948089662
25585,LOF,0.03171124742078627,0.1051992033782285,0.8630895492009851
25586,LOF,0.03641548054407999,0.08424276940713063,0.8793417500487893
25587,LOF,0.03533189627658423,0.07996371105389698,0.8847043926695188
25588,LOF,0.034937238003926015,0.10629497910618572,0.8587677828898883
25589,Neutral,0.5789210305886954,0.11987129953507736,0.30120766987622727
25590,LOF,0.027101310423181892,0.13247018185749448,0.8404285077193235
25591,LOF,0.10477229934484472,0.06253514689655304,0.8326925537586022
25592,LOF,0.0964103257086575,0.1385776759408236,0.7650119983505189
25593,LOF,0.014996584377617514,0.2668433882359789,0.7181600273864035
25594,LOF,0.029436430862692577,0.24019404253414164,0.7303695266031658
25595,LOF,0.044678704725991884,0.1930890097319129,0.7622322855420953
25596,LOF,0.05690338356245734,0.1299289564873579,0.8131676599501847
25597,LOF,0.0593745010206043,0.1012956809149004,0.8393298180644952
25598,LOF,0.0356608064611128,0.22699925801393242,0.7373399355249548
25599,GOF,0.007565638082463394,0.791803571364951,0.20063079055258548
25600,GOF,0.008962209478108002,0.5772684679426765,0.4137693225792154
25601,LOF,0.007116664640849689,0.4886135429348902,0.5042697924242601
25602,LOF,0.01797157913945309,0.05493687094412057,0.9270915499164263
25603,LOF,0.03210828234357997,0.04246116383970245,0.9254305538167177
25604,LOF,0.04638644635206599,0.05520224015332102,0.8984113134946131
25605,LOF,0.010457902134024281,0.2579079881798408,0.7316341096861348
25606,LOF,0.061932516418779976,0.46136602436444035,0.4767014592167797
25607,LOF,0.004367280485181741,0.1805117939644099,0.8151209255504084
25608,LOF,0.06719550314791496,0.05168061272582834,0.8811238841262566
25609,LOF,0.05838128224503338,0.37850831260126394,0.5631104051537027
25610,LOF,0.03866738670990469,0.033221358831741696,0.9281112544583536
25611,LOF,0.04828611083912565,0.031054707610414695,0.9206591815504597
25612,LOF,0.0919025658879757,0.05095306810769336,0.8571443660043309
25613,LOF,0.08168551596992442,0.048362437881545525,0.8699520461485301
25614,LOF,0.034363363486085145,0.039252808498463604,0.9263838280154512
25615,LOF,0.05260461526960481,0.04106038974219334,0.9063349949882018
25616,LOF,0.03349691491379401,0.038980202542102126,0.9275228825441039
25617,LOF,0.03263235818340083,0.046268355327760656,0.9210992864888384
25618,LOF,0.2163979987029179,0.039206306917384706,0.7443956943796974
25619,LOF,0.03490205802545443,0.03535988769160566,0.9297380542829399
25620,LOF,0.038694069318743834,0.049596679610260194,0.9117092510709959
25621,LOF,0.03266704848413562,0.037459058767913,0.9298738927479513
25622,LOF,0.029389695689032064,0.04959039675714375,0.9210199075538242
25623,LOF,0.06758225636460578,0.037171655328823425,0.8952460883065708
25624,LOF,0.029094873586553383,0.0503157053959845,0.920589421017462
25625,LOF,0.03329570509995635,0.05507068979392237,0.9116336051061212
25626,LOF,0.06972129766474207,0.03558226356349614,0.8946964387717617
25627,Neutral,0.5510759947185401,0.1359311261871019,0.31299287909435797
25628,LOF,0.18988154703446428,0.06782449720365634,0.7422939557618795
25629,LOF,0.061378896002583554,0.14199347940343834,0.7966276245939782
25630,LOF,0.18373310829824396,0.12238866305897039,0.6938782286427857
25631,Neutral,0.5938417557630491,0.08538184500153936,0.32077639923541157
25632,LOF,0.02448927610231898,0.09047190134840995,0.8850388225492711
25633,LOF,0.25154748968389967,0.10446758085981402,0.6439849294562864
25634,LOF,0.03641864716840193,0.10938102333933558,0.8542003294922625
25635,LOF,0.04780614178282585,0.10032526626365458,0.8518685919535195
25636,GOF,0.0059843057364167476,0.5901801259047355,0.40383556835884776
25637,GOF,0.004974916895777649,0.5165950298175787,0.4784300532866437
25638,LOF,0.008149045427083407,0.39904879246533,0.5928021621075866
25639,LOF,0.005010838182559547,0.3922825347147485,0.602706627102692
25640,GOF,0.42949226280423003,0.5282233095229169,0.0422844276728532
25641,LOF,0.006474506459255851,0.33880087700172634,0.6547246165390178
25642,LOF,0.25478778873361335,0.07862847287381583,0.6665837383925708
25643,LOF,0.19122334775490568,0.25320442945454547,0.5555722227905489
25644,LOF,0.03300317797630352,0.45305371671762096,0.5139431053060756
25645,LOF,0.027087782270615424,0.40403526733383727,0.5688769503955473
25646,LOF,0.02773836513492691,0.2825492822679712,0.6897123525971018
25647,LOF,0.0220888733060736,0.21384233872539618,0.7640687879685302
25648,LOF,0.018656582889197092,0.22591598810618493,0.755427429004618
25649,LOF,0.01790859787618888,0.16866853175035704,0.8134228703734541
25650,LOF,0.05613685324850533,0.43099515092428015,0.5128679958272144
25651,LOF,0.015187560736943167,0.197543953827605,0.7872684854354518
25652,LOF,0.025499016835229718,0.19902581866116115,0.7754751645036092
25653,LOF,0.12489330890125255,0.3449057725407557,0.5302009185579918
25654,LOF,0.018226828167162992,0.21325921479920915,0.7685139570336278
25655,LOF,0.14676689425562636,0.2673222792827815,0.5859108264615921
25656,LOF,0.059126178804798146,0.05948502046298286,0.8813888007322189
25657,LOF,0.3186127121232396,0.02698904634377747,0.6543982415329829
25658,LOF,0.030955335958153817,0.06688744073747005,0.9021572233043761
25659,LOF,0.2332756901401359,0.056402756418069355,0.7103215534417947
25660,LOF,0.08904392319779107,0.1079850797646125,0.8029709970375964
25661,LOF,0.07603783656879086,0.08325917545103409,0.8407029879801751
25662,LOF,0.03319583689156926,0.05401335334746931,0.9127908097609615
25663,LOF,0.040162243789449915,0.09300944310240225,0.8668283131081479
25664,LOF,0.027233475635005798,0.14019350921517088,0.8325730151498234
25665,LOF,0.04988790844140982,0.05728578895893797,0.8928263025996522
25666,LOF,0.03346586447208366,0.20313008777717725,0.763404047750739
25667,LOF,0.031668459266802264,0.06755304450270073,0.9007784962304969
25668,LOF,0.041692392210984,0.06661197015955345,0.8916956376294626
25669,LOF,0.04876913572491976,0.11039285659080555,0.8408380076842746
25670,LOF,0.14408593535134986,0.12237153511234937,0.7335425295363008
25671,LOF,0.039776754245699826,0.06393127404718267,0.8962919717071176
25672,LOF,0.05078094083414961,0.09447327959098129,0.8547457795748692
25673,LOF,0.03366669580350268,0.10436158938580024,0.861971714810697
25674,LOF,0.02627462675003078,0.11780919875691188,0.8559161744930573
25675,LOF,0.033443641336732256,0.10072760119742079,0.8658287574658469
25676,LOF,0.032709583092358614,0.07493426035956022,0.8923561565480812
25677,LOF,0.0812893692570294,0.0698363077842153,0.8488743229587553
25678,LOF,0.13923626523079988,0.05859508711939452,0.8021686476498056
25679,LOF,0.09991549142363035,0.08693401592878644,0.8131504926475832
25680,LOF,0.08652455446359768,0.10295572875623887,0.8105197167801634
25681,LOF,0.09207517383445046,0.09965305530545782,0.8082717708600918
25682,LOF,0.04745552587914095,0.08628343922094894,0.86626103489991
25683,LOF,0.06905545800078891,0.1328995867491058,0.7980449552501053
25684,LOF,0.05988334300146012,0.08386649168134451,0.8562501653171952
25685,LOF,0.12043647440558411,0.046216242289604505,0.8333472833048114
25686,LOF,0.037084015811325116,0.08026461507734207,0.8826513691113328
25687,LOF,0.06612810579774463,0.07315957464753926,0.8607123195547163
25688,LOF,0.016297537001329482,0.14733210769266047,0.8363703553060101
25689,LOF,0.01366118268297528,0.0794027305573749,0.9069360867596499
25690,LOF,0.015420155095368378,0.10000455455245755,0.884575290352174
25691,LOF,0.10682350008335663,0.16384401076457678,0.7293324891520666
25692,LOF,0.1745930911269834,0.020826053832062187,0.8045808550409544
25693,LOF,0.042718703775675416,0.17310205882336055,0.7841792374009641
25694,LOF,0.29439330104537476,0.013809461078295872,0.6917972378763293
25695,LOF,0.21684557059361445,0.018006648275099905,0.7651477811312857
25696,LOF,0.16393254372567753,0.010333247040402312,0.8257342092339203
25697,LOF,0.11245014584968141,0.038095398459562405,0.8494544556907562
25698,LOF,0.02493623057454484,0.3221815042179838,0.6528822652074713
25699,LOF,0.08068014830505126,0.06797454776484471,0.851345303930104
25700,LOF,0.03302368895591235,0.015167889134631933,0.9518084219094558
25701,LOF,0.01588187664898359,0.07120240244423626,0.9129157209067801
25702,GOF,0.02395840841370463,0.749228403258573,0.2268131883277224
25703,LOF,0.016955497459377942,0.21164626966257136,0.7713982328780506
25704,LOF,0.10181781037761692,0.196940205335179,0.7012419842872041
25705,LOF,0.08891964221795717,0.26898601872610767,0.6420943390559352
25706,GOF,0.0213383900763108,0.5867116085652123,0.39195000135847685
25707,GOF,0.0254362033248951,0.5775929481420445,0.3969708485330603
25708,GOF,0.008905833814079047,0.5491025378308856,0.44199162835503536
25709,LOF,0.024940599889897046,0.0857694775707093,0.8892899225393935
25710,LOF,0.005481955379376458,0.23271402887122866,0.7618040157493948
25711,LOF,0.028265678947028645,0.13783941633202823,0.8338949047209431
25712,LOF,0.00701589131983993,0.2906378337751733,0.7023462749049868
25713,LOF,0.02354879474247362,0.13121948948760645,0.8452317157699198
25714,LOF,0.027748105356485923,0.16250574031307535,0.8097461543304387
25715,LOF,0.030101910478793476,0.13914631516390033,0.8307517743573063
25716,LOF,0.009445935893100459,0.1387723020332332,0.8517817620736664
25717,LOF,0.00588308917524381,0.1559107066552071,0.8382062041695492
25718,LOF,0.025725967941229742,0.09575171931715531,0.878522312741615
25719,LOF,0.03467489081199566,0.11334827386629218,0.8519768353217122
25720,LOF,0.03417833162929493,0.10686012540740718,0.8589615429632979
25721,LOF,0.02912140681460993,0.1023773356002524,0.8685012575851376
25722,LOF,0.01787748512320113,0.14328742431324698,0.838835090563552
25723,LOF,0.02957706684016732,0.09269342901598368,0.8777295041438489
25724,LOF,0.02722480664497426,0.1793607000808768,0.7934144932741489
25725,LOF,0.029385064781800058,0.09388172986924619,0.8767332053489538
25726,LOF,0.01878932658528467,0.12901549914755722,0.8521951742671582
25727,LOF,0.02546636268876045,0.12890949310957997,0.8456241442016597
25728,LOF,0.028314190660236736,0.1129929749072073,0.858692834432556
25729,LOF,0.027020901842432603,0.1257342558502047,0.8472448423073627
25730,LOF,0.031130661320052388,0.08988845148198926,0.8789808871979583
25731,LOF,0.01118985231301427,0.1802463497990387,0.808563797887947
25732,LOF,0.02335020628697378,0.09438865042153839,0.8822611432914879
25733,LOF,0.0355852081010799,0.10240956344079687,0.8620052284581232
25734,LOF,0.006427850521023721,0.2842645569774523,0.7093075925015241
25735,LOF,0.02594963596753334,0.08846220487797807,0.8855881591544886
25736,LOF,0.023512712069124038,0.13274242803341,0.843744859897466
25737,LOF,0.05279502173957927,0.1367686251352023,0.8104363531252184
25738,LOF,0.025406989082887146,0.1741665236301924,0.8004264872869205
25739,LOF,0.027434598968806755,0.14696913925669375,0.8255962617744995
25740,LOF,0.03214025572133604,0.14807364142504187,0.8197861028536221
25741,LOF,0.038797288078136656,0.13708366631765798,0.8241190456042055
25742,LOF,0.04834191473942712,0.13702448721662405,0.8146335980439489
25743,LOF,0.011528998299072276,0.031434940003437925,0.9570360616974899
25744,LOF,0.19547073817729133,0.33473645309282046,0.46979280872988827
25745,LOF,0.04501261280540962,0.10700838592800671,0.8479790012665837
25746,LOF,0.0170379788262585,0.15225841218928032,0.830703608984461
25747,LOF,0.03720214149922963,0.031060886801675163,0.9317369716990953
25748,LOF,0.29016768522365044,0.060644615957757775,0.6491876988185917
25749,LOF,0.015213067705339917,0.08245025913125963,0.9023366731634005
25750,LOF,0.022158348336419154,0.08334425469493757,0.8944973969686434
25751,LOF,0.04298749718229875,0.056259255917706176,0.900753246899995
25752,GOF,0.08805804063222643,0.7071547426454304,0.20478721672234318
25753,LOF,0.006436547834502245,0.42055827771998,0.5730051744455178
25754,GOF,0.008220301718820886,0.8679963293768262,0.12378336890435274
25755,LOF,0.0060398135183968625,0.43861073709235593,0.5553494493892471
25756,LOF,0.028735843363848382,0.45478657971993525,0.5164775769162164
25757,GOF,0.009102704318758736,0.8677944650476179,0.12310283063362333
25758,GOF,0.009739632673991153,0.8731092699978819,0.11715109732812694
25759,GOF,0.005947167416516183,0.6672623173239607,0.32679051525952324
25760,LOF,0.005272146274290462,0.3363435226724231,0.6583843310532864
25761,GOF,0.05271570781552432,0.8458335733202202,0.1014507188642555
25762,LOF,0.032620065345570916,0.380134298652317,0.5872456360021121
25763,LOF,0.00643698074061694,0.29892953074316087,0.6946334885162223
25764,GOF,0.06234698135140255,0.6288368199126763,0.30881619873592114
25765,GOF,0.008265557767181318,0.8743578771540413,0.11737656507877743
25766,GOF,0.057230469279559645,0.8214899037222828,0.12127962699815756
25767,GOF,0.01720107145471485,0.5254527886776017,0.45734613986768347
25768,LOF,0.045846551696377746,0.0548551702726177,0.8992982780310046
25769,LOF,0.03223921002249871,0.07985876410293063,0.8879020258745707
25770,LOF,0.13403154087542388,0.06286132328033908,0.803107135844237
25771,LOF,0.01571375346609275,0.0574837721686277,0.9268024743652795
25772,LOF,0.02846462015577235,0.024370389235425834,0.9471649906088019
25773,LOF,0.01938294415452631,0.0551698512065885,0.9254472046388853
25774,LOF,0.024305694813019592,0.0988799679754096,0.8768143372115706
25775,LOF,0.018856388364982133,0.037076835670384146,0.9440667759646337
25776,LOF,0.03342114149149186,0.020935267189677646,0.9456435913188306
25777,LOF,0.1330332930114151,0.06137951930379259,0.8055871876847923
25778,LOF,0.02455945174336572,0.04668598035001529,0.928754567906619
25779,GOF,0.06730186306323917,0.8691377396860976,0.06356039725066326
25780,GOF,0.08730722532173224,0.8630996949449258,0.049593079733341844
25781,GOF,0.04148048670351397,0.8568740125344307,0.10164550076205546
25782,GOF,0.04228529347520166,0.905800721048537,0.05191398547626129
25783,GOF,0.0403530475621562,0.915024579841462,0.04462237259638177
25784,GOF,0.10387372975400265,0.8530000763670834,0.04312619387891387
25785,GOF,0.11756093398320505,0.8499731303395954,0.032465935677199555
25786,GOF,0.012352881176003281,0.886853925707918,0.10079319311607875
25787,GOF,0.24522825210928065,0.7150771557022618,0.039694592188457445
25788,LOF,0.01872571350804334,0.15457406553161576,0.8267002209603409
25789,GOF,0.02172499076470085,0.857943725848619,0.1203312833866802
25790,GOF,0.03283276515581371,0.8708659063190856,0.09630132852510076
25791,GOF,0.03165056944539029,0.762544972169455,0.2058044583851547
25792,GOF,0.038686673748042764,0.8041628082059217,0.15715051804603553
25793,GOF,0.07313805838816272,0.833565697931697,0.09329624368014038
25794,GOF,0.0493722484453733,0.7539674815478389,0.19666027000678787
25795,GOF,0.062328386707056205,0.7205266332885123,0.2171449800044315
25796,GOF,0.1301095274972175,0.7791724811404486,0.09071799136233386
25797,GOF,0.09162752169737458,0.7289458630699659,0.17942661523265963
25798,GOF,0.007204587774303032,0.7235115182747828,0.26928389395091423
25799,GOF,0.004641246203727996,0.6565536113110025,0.33880514248526944
25800,GOF,0.029482081265767502,0.8083300331754122,0.1621878855588203
25801,GOF,0.024803273044223653,0.8914313500893545,0.08376537686642185
25802,GOF,0.034636033295279034,0.803815206061703,0.1615487606430181
25803,GOF,0.024180313312322257,0.7036394852355503,0.2721802014521275
25804,GOF,0.03733007273860358,0.7601136693633288,0.20255625789806764
25805,GOF,0.03551737380996797,0.7680787534929157,0.1964038726971164
25806,GOF,0.044001026969232755,0.7838905512283755,0.1721084218023917
25807,GOF,0.013767147284803848,0.7354701713377705,0.2507626813774256
25808,GOF,0.02753508174564112,0.7505005280021264,0.22196439025223264
25809,GOF,0.012231855798684141,0.6981335641295509,0.289634580071765
25810,GOF,0.010444553940112726,0.6777048937385294,0.3118505523213579
25811,GOF,0.0663708696311132,0.8578473626716838,0.07578176769720316
25812,GOF,0.030738790055191246,0.7836944938438686,0.1855667161009402
25813,GOF,0.1551289273527893,0.7684503193690799,0.07642075327813078
25814,GOF,0.03590636482213933,0.7937209531238558,0.17037268205400471
25815,GOF,0.06841258452807403,0.8308412855991117,0.10074612987281424
25816,GOF,0.01162651547333103,0.8666737284711087,0.12169975605556038
25817,GOF,0.1346653413875594,0.7615383121075356,0.10379634650490496
25818,GOF,0.030004615354826694,0.7701308854237314,0.1998644992214419
25819,GOF,0.04878461530047163,0.7404791871118674,0.21073619758766104
25820,GOF,0.04505784331065101,0.6848780925175761,0.2700640641717729
25821,GOF,0.03208001691489952,0.7351260587895115,0.23279392429558882
25822,GOF,0.05955079369094759,0.7063275573165532,0.23412164899249926
25823,GOF,0.03210403127488622,0.6900378574964097,0.27785811122870413
25824,GOF,0.033077590343394324,0.7725699385488289,0.19435247110777665
25825,GOF,0.026960311696712223,0.7578000010848039,0.21523968721848377
25826,GOF,0.012262876676139317,0.6932208413605754,0.29451628196328533
25827,GOF,0.01595263145516164,0.6687520287189914,0.31529533982584695
25828,GOF,0.011851564797468184,0.7032013479744262,0.28494708722810563
25829,GOF,0.004700926979660567,0.6472182869961305,0.3480807860242091
25830,GOF,0.043527822130599,0.49241383024965246,0.4640583476197484
25831,GOF,0.06310286181528707,0.7853597098120876,0.1515374283726254
25832,GOF,0.010222607825935101,0.7237084160636911,0.2660689761103738
25833,GOF,0.03943880495077035,0.8041677072832664,0.15639348776596323
25834,GOF,0.010668174255634365,0.7453829199533261,0.24394890579103948
25835,GOF,0.02757335630992473,0.810930505919927,0.1614961377701484
25836,GOF,0.007706337951780251,0.7268923165454447,0.26540134550277505
25837,GOF,0.010565834537944671,0.7456068293326786,0.2438273361293768
25838,GOF,0.02759070909570177,0.8232839366811961,0.14912535422310214
25839,GOF,0.07663783630585864,0.7911451621375757,0.13221700155656557
25840,GOF,0.10056273012745952,0.7608958928625726,0.13854137700996777
25841,GOF,0.0948463932726117,0.7997072743889831,0.1054463323384052
25842,GOF,0.03450205996343645,0.8595936779305925,0.10590426210597109
25843,GOF,0.031723640068266265,0.8700538144665859,0.09822254546514778
25844,GOF,0.023826755371353005,0.8131475169323117,0.16302572769633528
25845,GOF,0.007137516241327116,0.7227689842125483,0.2700934995461245
25846,GOF,0.06959084497115924,0.8307234680205342,0.09968568700830656
25847,GOF,0.020450674403345668,0.8587389122689648,0.12081041332768959
25848,GOF,0.028650929488223967,0.8268445116867954,0.14450455882498064
25849,GOF,0.008635112900139678,0.8075216510422636,0.18384323605759684
25850,GOF,0.007662425763098255,0.6954841261951958,0.29685344804170577
25851,GOF,0.0072016108337739715,0.6489314239463326,0.3438669652198934
25852,GOF,0.17259276152473435,0.5346776662413464,0.29272957223391927
25853,GOF,0.06288485575808293,0.7929209914676153,0.14419415277430164
25854,GOF,0.006000873588033739,0.6772799635667676,0.3167191628451987
25855,GOF,0.02285030946590927,0.6622476058321214,0.31490208470196923
25856,GOF,0.042642707318741514,0.7351656120428227,0.22219168063843578
25857,GOF,0.02248243974406501,0.6581617636178593,0.3193557966380758
25858,GOF,0.010931619935251996,0.6358069348084812,0.35326144525626685
25859,GOF,0.008157935565449116,0.6047195516608793,0.3871225127736715
25860,GOF,0.07707232256302093,0.7605334810515718,0.1623941963854072
25861,GOF,0.11343759560403369,0.7766225746108341,0.10993982978513228
25862,GOF,0.027366565880148627,0.8715769204413667,0.10105651367848462
25863,GOF,0.024580430595204473,0.870944825035877,0.10447474436891846
25864,GOF,0.06513969534366125,0.8657988632231511,0.06906144143318743
25865,GOF,0.05713337976345479,0.8279172373518222,0.11494938288472313
25866,GOF,0.027449481723640718,0.8597799144568516,0.11277060381950751
25867,GOF,0.046764234491897205,0.8558248553743147,0.09741091013378794
25868,GOF,0.07400453842987345,0.7886612499031537,0.13733421166697282
25869,GOF,0.3756072491825908,0.518230767209615,0.10616198360779432
25870,GOF,0.07734782612448565,0.5258374694240529,0.39681470445146155
25871,GOF,0.010010481457901108,0.8224430492891959,0.167546469252903
25872,GOF,0.02389201314017718,0.7955426758245551,0.18056531103526782
25873,GOF,0.023496048625924117,0.8547333703664765,0.12177058100759956
25874,LOF,0.01943662172360895,0.16691955798021882,0.8136438202961722
25875,LOF,0.03203411606036998,0.04917956176154421,0.9187863221780858
25876,LOF,0.02092643003422675,0.04315378119751223,0.935919788768261
25877,LOF,0.10019333090342077,0.09489831954349338,0.8049083495530859
25878,LOF,0.08060242196496087,0.11288593645662097,0.8065116415784183
25879,LOF,0.013503807031046366,0.08503963330710708,0.9014565596618466
25880,LOF,0.06739376074209502,0.017410244717715514,0.9151959945401895
25881,Neutral,0.5454348602583624,0.11808338169790578,0.3364817580437319
25882,LOF,0.07068524854912199,0.034348234104319794,0.8949665173465583
25883,LOF,0.02836920190815443,0.0388810864265318,0.9327497116653137
25884,LOF,0.019346969933220014,0.05840176461278988,0.92225126545399
25885,LOF,0.19419786751231466,0.018034227927466173,0.7877679045602192
25886,LOF,0.2727910746617816,0.07450784028880612,0.6527010850494123
25887,LOF,0.08504412816565303,0.1478095388213464,0.7671463330130005
25888,LOF,0.007443192414775834,0.17939750595831586,0.8131593016269083
25889,LOF,0.026146365677108787,0.05001650301335521,0.923837131309536
25890,LOF,0.19123006854693694,0.0671145689739204,0.7416553624791427
25891,LOF,0.12192052337299523,0.029383940013886188,0.8486955366131186
25892,LOF,0.008304663517660115,0.03540257906394606,0.9562927574183938
25893,LOF,0.338295454523304,0.01117798974183384,0.6505265557348622
25894,LOF,0.3434676170106461,0.008370433463740166,0.6481619495256137
25895,LOF,0.2776440970798822,0.01644166240378212,0.7059142405163358
25896,LOF,0.06987237597433829,0.03356612857582192,0.8965614954498398
25897,LOF,0.12072653701828709,0.011959664635798749,0.8673137983459143
25898,LOF,0.12050627967228503,0.03474933727116605,0.8447443830565489
25899,LOF,0.4118100271711638,0.03300424760125581,0.5551857252275804
25900,LOF,0.4917306967870736,0.011900124848811314,0.49636917836411515
25901,LOF,0.08496250954810693,0.013097493817140248,0.9019399966347528
25902,LOF,0.09511627721071618,0.015801875485643296,0.8890818473036405
25903,LOF,0.22158952128739118,0.02801044190465052,0.7504000368079583
25904,Neutral,0.4813605895943103,0.044860518817397825,0.4737788915882919
25905,LOF,0.007408907649167417,0.4303740340607062,0.5622170582901265
25906,LOF,0.009327514692352205,0.0764164185312718,0.9142560667763759
25907,LOF,0.00889096874653859,0.26191736174522695,0.7291916695082344
25908,LOF,0.00887493882802005,0.2703102153325831,0.7208148458393969
25909,LOF,0.033047555307394526,0.09997797109391089,0.8669744735986946
25910,LOF,0.012712792114249197,0.13679255994362838,0.8504946479421224
25911,LOF,0.21049202375011217,0.02556204608540001,0.7639459301644878
25912,LOF,0.10597981307475322,0.022519352489657023,0.8715008344355897
25913,LOF,0.017331826671332422,0.0315456538857936,0.951122519442874
25914,LOF,0.04624245620455028,0.023808891822992267,0.9299486519724575
25915,LOF,0.18412319083471318,0.10195386596336366,0.7139229432019232
25916,LOF,0.016676343696808555,0.05171795992406816,0.9316056963791234
25917,LOF,0.07784301057550859,0.02531713288527447,0.896839856539217
25918,LOF,0.04401562985289967,0.012772739988838834,0.9432116301582616
25919,LOF,0.037719159274580014,0.012641401314604296,0.9496394394108156
25920,LOF,0.36507735495106913,0.2604686394038053,0.3744540056451256
25921,LOF,0.01658451248485646,0.021832463420878676,0.9615830240942649
25922,LOF,0.014986609236922672,0.02422396938057859,0.9607894213824987
25923,LOF,0.4697419554293972,0.015008393810592017,0.5152496507600108
25924,LOF,0.0261442748070904,0.028937945327622967,0.9449177798652867
25925,LOF,0.09860914691031356,0.02858672886302584,0.8728041242266605
25926,LOF,0.08375435671255574,0.01897079147738543,0.897274851810059
25927,LOF,0.0244671193441458,0.048779993680906394,0.9267528869749477
25928,LOF,0.013300459022954361,0.029118089826680665,0.9575814511503649
25929,Neutral,0.5915394097497502,0.014528442182001545,0.3939321480682483
25930,LOF,0.0903568578873976,0.014363602082293925,0.8952795400303084
25931,LOF,0.01527200976833119,0.017864021550430192,0.9668639686812386
25932,LOF,0.08897865002902024,0.01737533798504176,0.893646011985938
25933,LOF,0.09592312185848666,0.010634175633301126,0.8934427025082122
25934,LOF,0.08950252588502638,0.00877156315727828,0.9017259109576953
25935,LOF,0.0924313078318093,0.025938479595529706,0.8816302125726609
25936,LOF,0.11597562199292599,0.009909222180467034,0.8741151558266069
25937,LOF,0.021916873991518183,0.01703367706657784,0.9610494489419039
25938,LOF,0.09506868467057195,0.023886901735998552,0.8810444135934294
25939,LOF,0.07543002953368334,0.012429165420247874,0.9121408050460689
25940,GOF,0.011983654607581662,0.5363557784913171,0.4516605669011013
25941,LOF,0.4678192363508466,0.04341527989172096,0.4887654837574324
25942,LOF,0.010074383927942356,0.04354301369810252,0.9463826023739552
25943,LOF,0.047507593500687194,0.20904605903667414,0.7434463474626386
25944,LOF,0.04306797615817946,0.09421560279013878,0.8627164210516817
25945,LOF,0.15676587217845495,0.02332284476556412,0.8199112830559808
25946,LOF,0.07322327086649949,0.03692460247074732,0.8898521266627532
25947,Neutral,0.4885601471619767,0.10612041525510138,0.405319437582922
25948,LOF,0.37480163012171913,0.015305090409532107,0.6098932794687487
25949,LOF,0.13590552641759868,0.07638415911142199,0.7877103144709794
25950,GOF,0.14249908460571667,0.5334303382952329,0.3240705770990504
25951,LOF,0.012105710708838804,0.4590893914912956,0.5288048977998656
25952,LOF,0.19839951928558117,0.2489211986683119,0.5526792820461071
25953,LOF,0.008545502449818465,0.342503953550622,0.6489505439995594
25954,GOF,0.09998156723652032,0.47089022026311256,0.429128212500367
25955,LOF,0.00972421223082001,0.24249303999274172,0.7477827477764383
25956,LOF,0.009433601760231619,0.3384151717018785,0.6521512265378899
25957,LOF,0.1541515140072779,0.040070521240137054,0.805777964752585
25958,LOF,0.03321009955886678,0.06797702836277088,0.8988128720783622
25959,GOF,0.006491685102911352,0.7830952024364988,0.21041311246058977
25960,LOF,0.004434753295347282,0.15295950337334063,0.8426057433313121
25961,LOF,0.02836558768684976,0.05533121561453629,0.916303196698614
25962,LOF,0.035893715091254004,0.07642358986122272,0.8876826950475232
25963,LOF,0.0087599275697897,0.12958432519216448,0.8616557472380458
25964,LOF,0.04030940737904463,0.1274393193620642,0.8322512732588913
25965,LOF,0.2228787762536007,0.16057604314115395,0.6165451806052453
25966,LOF,0.3473144002370892,0.1104747238495872,0.5422108759133235
25967,LOF,0.006061881732283042,0.09272751993481358,0.9012105983329034
25968,LOF,0.04721147743265862,0.26855051602075536,0.684238006546586
25969,LOF,0.14404181076858474,0.0696444738093313,0.786313715422084
25970,LOF,0.0687865702442404,0.07226180662587521,0.8589516231298844
25971,LOF,0.06008531886478051,0.031192965688988685,0.9087217154462307
25972,LOF,0.07821104535000323,0.057345858074035465,0.8644430965759613
25973,LOF,0.056005990472121125,0.01482686352905808,0.9291671459988208
25974,LOF,0.05261201319919263,0.04607412935404861,0.9013138574467588
25975,LOF,0.03621569577421226,0.01886520743582807,0.9449190967899597
25976,LOF,0.08644049799805036,0.015496324964121663,0.898063177037828
25977,LOF,0.24641246159246144,0.05232332974339275,0.7012642086641457
25978,LOF,0.16793132570290256,0.13605324614678338,0.696015428150314
25979,LOF,0.13599471393241352,0.15722713926900153,0.7067781467985851
25980,LOF,0.21484511957690364,0.21245573216683622,0.5726991482562602
25981,LOF,0.2154725699306791,0.21620796673058185,0.5683194633387392
25982,LOF,0.35895021051347215,0.12103061791783126,0.5200191715686966
25983,LOF,0.4336982507334819,0.12734554437064013,0.43895620489587805
25984,LOF,0.06430687916955506,0.09079107499948542,0.8449020458309595
25985,Neutral,0.49735505613855224,0.13132174825236836,0.3713231956090794
25986,LOF,0.014400113005073536,0.4490734508900013,0.5365264361049252
25987,LOF,0.04073561942804013,0.11106253582544498,0.8482018447465148
25988,LOF,0.06064251411749395,0.1477138742989483,0.7916436115835578
25989,LOF,0.07280292235665263,0.2188568948371062,0.7083401828062411
25990,LOF,0.05510224361442376,0.3528949234736717,0.5920028329119046
25991,GOF,0.03465819173007322,0.5221180607728814,0.44322374749704524
25992,LOF,0.016066187578937748,0.4429852982155626,0.5409485142054997
25993,LOF,0.020941379118481658,0.062316945664760835,0.9167416752167576
25994,LOF,0.03077389362942723,0.06584105004857485,0.903385056321998
25995,LOF,0.0199588439431292,0.12270744837872534,0.8573337076781454
25996,GOF,0.3858478807409699,0.4148753779588629,0.1992767413001672
25997,GOF,0.06189548758089115,0.4785178637779719,0.45958664864113696
25998,LOF,0.2440070447860127,0.042194277375503166,0.713798677838484
25999,LOF,0.0463396010674389,0.12656359200343975,0.8270968069291214
26000,LOF,0.13912636918387852,0.016380539386993114,0.8444930914291283
26001,LOF,0.15287393703130225,0.024503674614265475,0.8226223883544322
26002,LOF,0.09684226932034264,0.0280457182271029,0.8751120124525545
26003,GOF,0.006689522357068366,0.6435346493869076,0.349775828256024
26004,GOF,0.014996840291778085,0.5950878341902954,0.38991532551792646
26005,LOF,0.005138446367493693,0.48133540680136744,0.5135261468311388
26006,GOF,0.11258946481670043,0.5051406037988745,0.38226993138442494
26007,GOF,0.009885104371413798,0.5041985380374825,0.48591635759110363
26008,GOF,0.006771667234530844,0.5887685404112166,0.40445979235425256
26009,GOF,0.01145933414964527,0.6266053185958175,0.36193534725453713
26010,GOF,0.008681799092503861,0.5804947179808517,0.4108234829266444
26011,LOF,0.005099216624755638,0.40330057687481313,0.5916002065004312
26012,GOF,0.00535341308951183,0.5379967806050455,0.4566498063054426
26013,GOF,0.011311864961294979,0.554824666710657,0.43386346832804795
26014,LOF,0.04442917541332666,0.08386248854321353,0.8717083360434598
26015,LOF,0.35604602716418704,0.024672707254014034,0.619281265581799
26016,LOF,0.2605060349749715,0.03423697322738995,0.7052569917976386
26017,LOF,0.015289539431624559,0.16943719371333982,0.8152732668550356
26018,LOF,0.027368469470621874,0.06809781135215302,0.904533719177225
26019,LOF,0.026676302636281738,0.062131045508983886,0.9111926518547343
26020,LOF,0.005902340968212786,0.1892583584229867,0.8048393006088005
26021,LOF,0.08120547472897886,0.08422688965016627,0.8345676356208548
26022,LOF,0.039272594385010885,0.033836994446542965,0.9268904111684461
26023,LOF,0.02113567645699711,0.044745712398732006,0.9341186111442709
26024,LOF,0.04493326041031904,0.05760503457825889,0.8974617050114221
26025,LOF,0.1224535355973361,0.06273524844285303,0.8148112159598108
26026,LOF,0.10451577049233991,0.04511684334360501,0.8503673861640552
26027,LOF,0.027724165885930664,0.028070580152226503,0.9442052539618427
26028,LOF,0.06765309177967013,0.14838963223179955,0.7839572759885304
26029,LOF,0.030496487419541033,0.15586512027125748,0.8136383923092015
26030,LOF,0.12051997483559096,0.02440563738661822,0.8550743877777908
26031,LOF,0.01346968764759517,0.1374559558568811,0.8490743564955237
26032,LOF,0.03871711083932926,0.04801233142075371,0.913270557739917
26033,LOF,0.036841743230668675,0.046366429981590344,0.9167918267877411
26034,LOF,0.01946449765597805,0.1046074279789197,0.8759280743651022
26035,LOF,0.01225649766688226,0.10719776277714282,0.8805457395559749
26036,LOF,0.011646480496638896,0.08730733314129394,0.9010461863620672
26037,LOF,0.011361491999181829,0.09688553736227021,0.891752970638548
26038,LOF,0.03192459787006018,0.0415273557382006,0.9265480463917393
26039,LOF,0.031801903554954554,0.12536678914367566,0.8428313073013699
26040,LOF,0.08397650489025724,0.11891726973042877,0.7971062253793141
26041,LOF,0.013413790805716287,0.09121970975222432,0.8953664994420594
26042,LOF,0.012551218278628531,0.09814035111743094,0.8893084306039406
26043,LOF,0.03223648374758113,0.06736624315747385,0.9003972730949451
26044,LOF,0.006635844628340683,0.046370805250871915,0.9469933501207874
26045,LOF,0.08162939482336168,0.1665545137395562,0.7518160914370821
26046,LOF,0.027700316316644494,0.0443305975477267,0.9279690861356288
26047,LOF,0.06178969358162606,0.04564225095379873,0.8925680554645751
26048,LOF,0.08301922401323121,0.01704007503469959,0.8999407009520692
26049,Neutral,0.9443930906555006,0.005931599186691054,0.04967531015780834
26050,Neutral,0.9096857570642828,0.0065941264747872794,0.08372011646092992
26051,LOF,0.029315065362362842,0.08330685376723773,0.8873780808703995
26052,LOF,0.03126218311304197,0.06774760075435726,0.9009902161326007
26053,LOF,0.01883828243553335,0.14129083903394996,0.8398708785305167
26054,LOF,0.04502037962573075,0.03833988823071026,0.916639732143559
26055,LOF,0.0647715676371678,0.03475416158420148,0.9004742707786306
26056,LOF,0.0525831832071744,0.04587139412932533,0.9015454226635002
26057,LOF,0.05806770347280506,0.02228339070680001,0.919648905820395
26058,LOF,0.06501004894776838,0.017688800545722416,0.9173011505065093
26059,LOF,0.2038064608755656,0.03443426263067058,0.7617592764937638
26060,LOF,0.01358855605416398,0.2069078921962389,0.7795035517495972
26061,LOF,0.010077511217760786,0.016372522607028157,0.9735499661752111
26062,LOF,0.005369688996191991,0.022538760708150148,0.972091550295658
26063,LOF,0.04754142566151218,0.01628508246846687,0.9361734918700209
26064,LOF,0.01474607663675286,0.02223704915205234,0.9630168742111949
26065,LOF,0.06491866526962799,0.02120127773807567,0.9138800569922964
26066,LOF,0.046733544625064405,0.01571306355683695,0.9375533918180986
26067,LOF,0.05705762692967606,0.01441146711129374,0.9285309059590301
26068,LOF,0.048009701883815654,0.03808360073725133,0.9139066973789329
26069,LOF,0.20728104058231653,0.02821269207285339,0.76450626734483
26070,LOF,0.41915827395821215,0.020041136275598167,0.5608005897661897
26071,LOF,0.04768222616184178,0.01697638134978546,0.9353413924883728
26072,LOF,0.00611973325725355,0.025030723016635358,0.968849543726111
26073,LOF,0.04160321355624338,0.018827101658843423,0.9395696847849132
26074,Neutral,0.790837651228868,0.014575868237980074,0.19458648053315197
26075,LOF,0.04352082032493103,0.029804327685180227,0.9266748519898889
26076,LOF,0.045562376454681225,0.015649210188948364,0.9387884133563705
26077,LOF,0.1548454204783808,0.013446833006819862,0.8317077465147994
26078,LOF,0.006325619040977392,0.02561348851765284,0.9680608924413697
26079,LOF,0.054474396649667696,0.02557400898598385,0.9199515943643484
26080,LOF,0.053650770201813615,0.025744621562380318,0.920604608235806
26081,LOF,0.042306080643015796,0.014427474013134082,0.9432664453438502
26082,LOF,0.005838603004554071,0.023907286177507796,0.9702541108179381
26083,LOF,0.0991911617135798,0.026307315188070703,0.8745015230983494
26084,LOF,0.12253379472746506,0.02385178134054492,0.85361442393199
26085,LOF,0.11519157477401859,0.019361351229418067,0.8654470739965633
26086,LOF,0.04306555928521068,0.018902345272962678,0.9380320954418266
26087,LOF,0.04194321291465064,0.017373484196476004,0.9406833028888734
26088,LOF,0.006170368838043328,0.03922875038003112,0.9546008807819256
26089,LOF,0.03717611180318975,0.04017442495238083,0.9226494632444294
26090,LOF,0.03743297694468568,0.03070775900306899,0.9318592640522453
26091,LOF,0.02979376946333603,0.013186565294615085,0.9570196652420488
26092,LOF,0.044157789738765135,0.013548005834865788,0.9422942044263691
26093,LOF,0.06898155582838932,0.009438840645907888,0.9215796035257028
26094,LOF,0.036665794900069534,0.011302881298342142,0.9520313238015883
26095,LOF,0.0165501579678777,0.023973517596751065,0.9594763244353712
26096,LOF,0.23341678066186758,0.006430810212129889,0.7601524091260026
26097,LOF,0.005978080880923586,0.05302740341686439,0.940994515702212
26098,LOF,0.08752140553296459,0.025042346299381575,0.887436248167654
26099,LOF,0.04537853896386057,0.029677427781195795,0.9249440332549436
26100,LOF,0.04537853896386057,0.029677427781195795,0.9249440332549436
26101,LOF,0.045934073877255226,0.04541009758373002,0.9086558285390147
26102,LOF,0.03662981012397152,0.024192041421184016,0.9391781484548444
26103,Neutral,0.8933119596791033,0.02956273763278825,0.0771253026881085
26104,LOF,0.05142293586712403,0.04306810371821477,0.9055089604146613
26105,LOF,0.2046946675682946,0.12593834359052195,0.6693669888411835
26106,LOF,0.25170845126661123,0.046541793421955725,0.7017497553114331
26107,LOF,0.014079314839205041,0.061023978225974204,0.9248967069348207
26108,LOF,0.1262191655608608,0.0491215790056648,0.8246592554334744
26109,LOF,0.0557660721891719,0.03775089056099243,0.9064830372498356
26110,LOF,0.4260152697757726,0.015740406362986976,0.5582443238612405
26111,LOF,0.060705671773422495,0.10903245296136031,0.8302618752652172
26112,LOF,0.059740660374170924,0.01398486408349422,0.9262744755423349
26113,LOF,0.11977538099813757,0.036651068778946874,0.8435735502229156
26114,LOF,0.09417613217867908,0.007396792807818726,0.8984270750135022
26115,LOF,0.02141321993755077,0.046247609270547815,0.9323391707919014
26116,LOF,0.08353033334635093,0.01923660091496129,0.8972330657386878
26117,LOF,0.3505698462339799,0.03381346672780838,0.6156166870382117
26118,LOF,0.033395846694469704,0.01615144154016866,0.9504527117653616
26119,LOF,0.005634586888564407,0.0789374265327061,0.9154279865787295
26120,LOF,0.031085676233791847,0.01523367766242036,0.9536806461037878
26121,LOF,0.004058103087566518,0.10609464116060012,0.8898472557518333
26122,LOF,0.0050131396997406975,0.08711103849419764,0.9078758218060616
