feature0,prediction,LoGoFunc_Neutral,LoGoFunc_GOF,LoGoFunc_LOF
25546,Neutral,0.7117223241212463,0.03216970019063477,0.256107975688119
25547,Neutral,0.6209602538116423,0.06482350168992727,0.3142162444984305
25548,Neutral,0.5404193273646307,0.0487822891702737,0.4107983834650956
25549,Neutral,0.5087398832868222,0.048406784211261225,0.44285333250191666
25550,LOF,0.4123787385964348,0.08807655826743108,0.49954470313613414
25551,LOF,0.33757370099976886,0.10457834649125523,0.5578479525089759
25552,LOF,0.20036387392184174,0.11630375597004812,0.6833323701081102
25553,Neutral,0.8164739320097261,0.0334023972559947,0.1501236707342791
25554,LOF,0.25324944208815087,0.10938289137474036,0.6373676665371089
25555,LOF,0.2044188890075463,0.08595897481373418,0.7096221361787195
25556,Neutral,0.5542008672569119,0.07439612786733234,0.37140300487575584
25557,LOF,0.1971877524671473,0.09995980764813697,0.7028524398847158
25558,LOF,0.25192087357959003,0.11444953970705571,0.6336295867133542
25559,LOF,0.36727974776666933,0.0805105390250436,0.552209713208287
25560,LOF,0.06266602404139919,0.19059936085090456,0.7467346151076962
25561,LOF,0.10791316462585412,0.20584661112880523,0.6862402242453407
25562,LOF,0.12002588629069268,0.08985075387689521,0.790123359832412
25563,LOF,0.1157306530407848,0.11020144538138081,0.7740679015778342
25564,LOF,0.1429327202771921,0.2146816072168979,0.6423856725059099
25565,LOF,0.12205327752161778,0.20400285601880633,0.6739438664595759
25566,GOF,0.015634935898635644,0.7503851641151623,0.23397989998620203
25567,LOF,0.013985256867373544,0.12172308189223235,0.864291661240394
25568,LOF,0.04712309081467249,0.054890808510827144,0.8979861006745004
25569,LOF,0.06026175871425812,0.05450764994931186,0.8852305913364301
25570,LOF,0.06361913283125271,0.08864188768084874,0.8477389794878986
25571,LOF,0.05858300628415194,0.07777343422006942,0.8636435594957788
25572,LOF,0.06671380044824014,0.12645651675942046,0.8068296827923395
25573,LOF,0.029446332812746258,0.08313435950824095,0.8874193076790127
25574,LOF,0.018426058003876908,0.14595117431792876,0.8356227676781943
25575,LOF,0.050841228038608306,0.08600338259617916,0.8631553893652124
25576,LOF,0.02006285044634181,0.09763804569391825,0.88229910385974
25577,LOF,0.014507389108240827,0.1375591238449492,0.84793348704681
25578,LOF,0.2705089485294617,0.07618378409562275,0.6533072673749155
25579,LOF,0.27228303365400597,0.07556170305992528,0.6521552632860688
25580,LOF,0.03629964534862141,0.07620280951334737,0.8874975451380313
25581,LOF,0.04885974320402196,0.056173550616515314,0.8949667061794627
25582,LOF,0.04845333303020574,0.05285611089235554,0.8986905560774388
25583,LOF,0.04440935509134652,0.07874291240391049,0.8768477325047431
25584,Neutral,0.47717946396919914,0.07384538993295797,0.4489751460978428
25585,LOF,0.03313036652958338,0.08888928853075458,0.877980344939662
25586,LOF,0.042214082250402546,0.06642100829209942,0.8913649094574981
25587,LOF,0.038071343134861796,0.059615919059307486,0.9023127378058308
25588,LOF,0.037740760557936674,0.0778507200744773,0.884408519367586
25589,Neutral,0.6073295762672104,0.09104155933454253,0.30162886439824715
25590,LOF,0.029075429401423217,0.10741219077112178,0.863512379827455
25591,LOF,0.12016243492707279,0.03996131567233265,0.8398762494005945
25592,LOF,0.11136640062080032,0.1019356555351041,0.7866979438440956
25593,LOF,0.01668958360970719,0.21393095094003706,0.7693794654502558
25594,LOF,0.03883613065658732,0.16370204317434528,0.7974618261690674
25595,LOF,0.06605263207449649,0.12318938075102064,0.8107579871744828
25596,LOF,0.07907507645203285,0.11024626797106873,0.8106786555768984
25597,LOF,0.07318525788064888,0.05551224022860873,0.8713025018907423
25598,LOF,0.052128486002961764,0.1640140807793407,0.7838574332176976
25599,GOF,0.007425454977780303,0.6717877568638225,0.32078678815839723
25600,GOF,0.008433315273642423,0.5604079534656183,0.4311587312607393
25601,LOF,0.006889229901058262,0.41235421370775005,0.5807565563911917
25602,LOF,0.015814108713684827,0.09541626067183297,0.8887696306144823
25603,LOF,0.03577609805476348,0.04137602332846471,0.9228478786167718
25604,LOF,0.04089224304714157,0.06995825745977473,0.8891494994930838
25605,LOF,0.009898005419289382,0.26129034344793906,0.7288116511327715
25606,GOF,0.0585495494148544,0.5577819290515333,0.3836685215336123
25607,LOF,0.0035110221681878763,0.1811531654574003,0.8153358123744119
25608,LOF,0.05169435318722151,0.054267568108256496,0.894038078704522
25609,LOF,0.06346677596222915,0.3000440680652991,0.6364891559724717
25610,LOF,0.05174674010320922,0.03870435700641988,0.9095489028903708
25611,LOF,0.06251135384764288,0.0313494151620695,0.9061392309902876
25612,LOF,0.139909749948469,0.05608635236247518,0.8040038976890559
25613,LOF,0.11578785603608037,0.04700673144260465,0.837205412521315
25614,LOF,0.04332656753233441,0.047269363306633914,0.9094040691610318
25615,LOF,0.08735994478534939,0.03847184940253632,0.8741682058121142
25616,LOF,0.04293643589784102,0.050360340960939325,0.9067032231412196
25617,LOF,0.045167897484924086,0.05351166401797377,0.9013204384971022
25618,LOF,0.28338483950141274,0.04666365451515387,0.6699515059834333
25619,LOF,0.04425126987918021,0.04475225192514887,0.910996478195671
25620,LOF,0.041530399368262624,0.056943968991878605,0.9015256316398588
25621,LOF,0.04338922312265792,0.03215722938978854,0.9244535474875535
25622,LOF,0.036877173858037716,0.048249825170788074,0.9148730009711742
25623,LOF,0.06165894072693208,0.039510244359099146,0.8988308149139688
25624,LOF,0.034396426531230366,0.05554265130474266,0.910060922164027
25625,LOF,0.04245996428919025,0.05160195251509424,0.9059380831957154
25626,LOF,0.09275653679479129,0.039523590031948025,0.8677198731732607
25627,Neutral,0.570312859490941,0.10692362061670889,0.32276351989235014
25628,LOF,0.20458219828012303,0.05068503020566556,0.7447327715142114
25629,LOF,0.08263615266256712,0.12352774978788929,0.7938360975495435
25630,LOF,0.19355922351430788,0.08757654353031348,0.7188642329553787
25631,Neutral,0.6022564949457667,0.051750855060235586,0.34599264999399765
25632,LOF,0.02099997234050274,0.10287707252035797,0.8761229551391393
25633,LOF,0.22486384863238287,0.0961632620760597,0.6789728892915574
25634,LOF,0.031719657655308466,0.10005551228012459,0.8682248300645671
25635,LOF,0.035336259017010936,0.09399255036867607,0.8706711906143131
25636,GOF,0.006389138315953032,0.6774266204429168,0.3161842412411302
25637,GOF,0.004531384865447084,0.5451037425399976,0.45036487259455527
25638,LOF,0.008070573453825957,0.4868787549421076,0.5050506716040665
25639,LOF,0.004590940319703231,0.4803633412443794,0.5150457184359174
25640,GOF,0.3958378663099996,0.5420383635546583,0.06212377013534213
25641,LOF,0.005980528089633486,0.3565458460617976,0.6374736258485689
25642,LOF,0.25869981696809125,0.12738184674106096,0.6139183362908478
25643,LOF,0.29273611886198053,0.2619776667717052,0.4452862143663142
25644,GOF,0.024380410480261138,0.6439738007650909,0.33164578875464795
25645,GOF,0.020592954223381154,0.592597951581331,0.38680909419528775
25646,LOF,0.019733650936322688,0.42509871832409,0.5551676307395873
25647,LOF,0.016162911445423325,0.31856750113047705,0.6652695874240997
25648,LOF,0.0134577645201442,0.36818157332710283,0.6183606621527531
25649,LOF,0.013564145768223334,0.26765134147125813,0.7187845127605186
25650,GOF,0.0381605288291107,0.5459405611574105,0.4158989100134787
25651,LOF,0.011265120652388733,0.2845186188450814,0.70421626050253
25652,LOF,0.019208798682531787,0.39699121332035964,0.5837999879971086
25653,GOF,0.07990361671586947,0.54373520935672,0.37636117392741064
25654,LOF,0.013522671611916387,0.36003319549808127,0.6264441328900023
25655,GOF,0.1123718519967158,0.512956606099995,0.37467154190328916
25656,LOF,0.04964421960961675,0.08566301815525143,0.8646927622351317
25657,LOF,0.2873999571918829,0.043623798596980276,0.6689762442111368
25658,LOF,0.03204493565828432,0.20486698589814023,0.7630880784435755
25659,LOF,0.20327792253512772,0.10107618333298311,0.6956458941318892
25660,LOF,0.09650689376593682,0.09599400431065874,0.8074991019234045
25661,LOF,0.08275198891124168,0.07149826226054315,0.8457497488282151
25662,LOF,0.03842071108167262,0.06039010379534218,0.9011891851229851
25663,LOF,0.04458771932592261,0.10370067325057122,0.851711607423506
25664,LOF,0.03163303953327259,0.1638984243200901,0.8044685361466373
25665,LOF,0.04478912488540717,0.06691386489958352,0.8882970102150093
25666,LOF,0.04477074240483378,0.19220513327872368,0.7630241243164425
25667,LOF,0.038028710212514916,0.06036497029778194,0.901606319489703
25668,LOF,0.05315731560888328,0.0605590912823763,0.8862835931087404
25669,LOF,0.05176970320321996,0.09746068767884525,0.8507696091179349
25670,LOF,0.07472662543035598,0.11356795056641349,0.8117054240032305
25671,LOF,0.04737570554655142,0.048141944754094765,0.9044823496993539
25672,LOF,0.04655931196912894,0.08464196824878871,0.8687987197820825
25673,LOF,0.03935978234615572,0.0960670111390626,0.8645732065147815
25674,LOF,0.027125732444536584,0.11239359003397724,0.860480677521486
25675,LOF,0.03608820247584423,0.08538131345694776,0.878530484067208
25676,LOF,0.03456974532110885,0.06421164754145763,0.9012186071374336
25677,LOF,0.08862090471366084,0.05943423208342581,0.8519448632029133
25678,LOF,0.14521162442611288,0.06018804190501146,0.7946003336688755
25679,LOF,0.1269960823648809,0.07753920973263803,0.795464707902481
25680,LOF,0.08420083612696984,0.09230219251106767,0.8234969713619624
25681,LOF,0.10258671133835058,0.08787879091751143,0.8095344977441381
25682,LOF,0.05214397707843073,0.059848832501237334,0.8880071904203319
25683,LOF,0.08374877438896189,0.10687160026882167,0.8093796253422164
25684,LOF,0.06513859879480692,0.06171680426525234,0.8731445969399406
25685,LOF,0.11760065875821003,0.06692768248818669,0.8154716587536033
25686,LOF,0.028351348014447393,0.12650138702916197,0.8451472649563907
25687,LOF,0.05269556179328209,0.11111733437325291,0.8361871038334651
25688,LOF,0.020384708330192534,0.06420365840177851,0.9154116332680291
25689,LOF,0.017235139956610388,0.045141300742830494,0.9376235593005591
25690,LOF,0.016362996783808693,0.046049152836631614,0.9375878503795597
25691,LOF,0.10991952118954844,0.06231209915760099,0.8277683796528507
25692,LOF,0.1739766396660191,0.011732352090049934,0.814291008243931
25693,LOF,0.04102923280890713,0.22931098358836088,0.729659783602732
25694,LOF,0.20966846596801753,0.015156690160596209,0.7751748438713862
25695,LOF,0.174453721167003,0.026223321454252418,0.7993229573787446
25696,LOF,0.06582446037986342,0.026857204055623415,0.9073183355645131
25697,LOF,0.1687195510822989,0.03923610106706072,0.7920443478506405
25698,LOF,0.014316695392387764,0.41749326855363195,0.5681900360539802
25699,LOF,0.09603878973063061,0.10770009334090926,0.7962611169284601
25700,LOF,0.03300893993365611,0.01947610220463393,0.94751495786171
25701,LOF,0.01539808885832599,0.12745694183631814,0.8571449693053558
25702,GOF,0.02130278414657228,0.771834762371647,0.2068624534817807
25703,LOF,0.012604225789960453,0.28687196166138973,0.7005238125486498
25704,LOF,0.08397316136062917,0.23820817123989374,0.677818667399477
25705,LOF,0.07984982954821211,0.3025767412154056,0.6175734292363823
25706,GOF,0.019198002484033572,0.6704890047078808,0.31031299280808555
25707,GOF,0.027110331581145505,0.5726188704214932,0.4002707979973612
25708,GOF,0.008138603076889612,0.561851805339164,0.4300095915839464
25709,LOF,0.030364993161715037,0.08602778934824941,0.8836072174900356
25710,LOF,0.005771743451131293,0.21958630409883853,0.7746419524500302
25711,LOF,0.029070327349559305,0.14456497838160173,0.8263646942688391
25712,LOF,0.007673189932839214,0.2658926783402926,0.7264341317268682
25713,LOF,0.028811106222073054,0.12977887757428647,0.8414100162036405
25714,LOF,0.026705231241637477,0.16974821148801622,0.8035465572703464
25715,LOF,0.032352616265606114,0.14521348418698243,0.8224338995474115
25716,LOF,0.006759418251984074,0.23276419695396885,0.7604763847940471
25717,LOF,0.006740593795209359,0.19780230504635476,0.7954571011584359
25718,LOF,0.030575852433731607,0.0991309823907907,0.8702931651754777
25719,LOF,0.03889851377218033,0.1584336770439702,0.8026678091838494
25720,LOF,0.04236798098394483,0.13029133783994576,0.8273406811761094
25721,LOF,0.028580213022595842,0.1214346342680953,0.8499851527093089
25722,LOF,0.02067966460258649,0.1746281140929246,0.8046922213044888
25723,LOF,0.03293511638503761,0.13696901766221134,0.8300958659527511
25724,LOF,0.028526156897590103,0.23848814010407415,0.7329857029983358
25725,LOF,0.03382962333857182,0.11019191484870794,0.8559784618127202
25726,LOF,0.021619402446880712,0.14684541238907148,0.8315351851640479
25727,LOF,0.030028426096605106,0.14612637480177407,0.8238451991016208
25728,LOF,0.02942092139206432,0.14577687818215662,0.824802200425779
25729,LOF,0.029040160133359423,0.15978093535545446,0.8111789045111862
25730,LOF,0.03327481164240396,0.10385400322981918,0.8628711851277769
25731,LOF,0.010671236043510576,0.20044139312925063,0.7888873708272387
25732,LOF,0.024205900580540205,0.11384149089631251,0.8619526085231473
25733,LOF,0.0382130948137055,0.12046769836980824,0.8413192068164862
25734,LOF,0.006325305910936523,0.30998595185731115,0.6836887422317522
25735,LOF,0.026761208529379354,0.10142391314733365,0.871814878323287
25736,LOF,0.025055476740711,0.18683437334703262,0.7881101499122564
25737,LOF,0.06612351944817507,0.14928222200892,0.7845942585429049
25738,LOF,0.026591497128632992,0.20707092715145836,0.7663375757199086
25739,LOF,0.03056765847369932,0.12737168787414907,0.8420606536521515
25740,LOF,0.03543512604667411,0.15653681681658052,0.8080280571367453
25741,LOF,0.04057297409126069,0.14137952789214933,0.81804749801659
25742,LOF,0.05081842143786742,0.15381877957446186,0.7953627989876707
25743,LOF,0.012602957472761725,0.02548559678312995,0.9619114457441083
25744,LOF,0.2036515753655819,0.19552946790579154,0.6008189567286266
25745,LOF,0.03451022328360716,0.06413269486906611,0.9013570818473268
25746,LOF,0.014187553201447559,0.09154555419362136,0.8942668926049311
25747,LOF,0.038042093494065475,0.02832195881525515,0.9336359476906794
25748,LOF,0.2776803310557961,0.046716266282057786,0.6756034026621461
25749,LOF,0.015379978002254437,0.05879025575045005,0.9258297662472956
25750,LOF,0.020507127646676882,0.06673469340388166,0.9127581789494416
25751,LOF,0.04082265463468513,0.04048741482203822,0.9186899305432766
25752,GOF,0.06771799103853315,0.7331809471771334,0.19910106178433332
25753,GOF,0.006870430443582066,0.5022132365191081,0.49091633303730975
25754,GOF,0.006676055861542513,0.9131301775619978,0.08019376657645959
25755,GOF,0.006894792661642497,0.5189058178959642,0.47419938944239326
25756,GOF,0.020452955384916444,0.5348037744467392,0.4447432701683445
25757,GOF,0.007721530790458792,0.9015629154288526,0.09071555378068874
25758,GOF,0.00796156163709979,0.9140663421373959,0.0779720962255044
25759,GOF,0.005487439849365788,0.7096057351620277,0.2849068249886064
25760,LOF,0.006250032915399697,0.3762346703142977,0.6175152967703027
25761,GOF,0.04460709734750087,0.877313129359351,0.07807977329314823
25762,LOF,0.02309558611176486,0.4752088917274355,0.5016955221607997
25763,LOF,0.005961139567076217,0.37446282318762825,0.6195760372452956
25764,GOF,0.05522159046474485,0.7351835734613014,0.2095948360739538
25765,GOF,0.007407459935730197,0.9006795340386659,0.09191300602560393
25766,GOF,0.02502593868913631,0.8688572487799882,0.10611681253087563
25767,GOF,0.02036042357653961,0.602315410351162,0.3773241660722983
25768,LOF,0.05413207999525068,0.05283759540688576,0.8930303245978636
25769,LOF,0.040838350115908036,0.07268488645828654,0.8864767634258055
25770,LOF,0.1439363637068206,0.09234195537877382,0.7637216809144055
25771,LOF,0.020215602849127774,0.08262354274663031,0.897160854404242
25772,LOF,0.03136098134785472,0.0291695388317201,0.9394694798204253
25773,LOF,0.015531833939488345,0.08530885832253701,0.8991593077379747
25774,LOF,0.02706130576850013,0.14939027815644018,0.8235484160750597
25775,LOF,0.020721481062117502,0.05056103641217116,0.9287174825257114
25776,LOF,0.029432102951802357,0.01984464749382281,0.9507232495543748
25777,LOF,0.32667386793392916,0.08486846887604518,0.5884576631900257
25778,LOF,0.026516062815385363,0.06009309217020451,0.9133908450144101
25779,GOF,0.06945098074585183,0.8518892442910478,0.07865977496310039
25780,GOF,0.08395320174882691,0.8520309695890274,0.06401582866214582
25781,GOF,0.03671958657018715,0.8210850330126458,0.14219538041716698
25782,GOF,0.04583603321466624,0.8793862352041653,0.07477773158116852
25783,GOF,0.03983462511248071,0.8969546645492922,0.06321071033822717
25784,GOF,0.12896676798450488,0.8186891816280831,0.052344050387411876
25785,GOF,0.14298374170812717,0.8158732640082575,0.041142994283615196
25786,GOF,0.0111163180083295,0.8299657588832307,0.15891792310843986
25787,GOF,0.2949327701917323,0.6488730020768362,0.05619422773143148
25788,LOF,0.019407035235130522,0.17402497772959083,0.8065679870352787
25789,GOF,0.023825183731734468,0.825817978080574,0.15035683818769147
25790,GOF,0.03512433828664663,0.8690753823195423,0.09580027939381111
25791,GOF,0.03563996587417949,0.7223937985274741,0.24196623559834632
25792,GOF,0.04310987408368014,0.7709330743947417,0.1859570515215782
25793,GOF,0.05383560334948332,0.7878012808697994,0.1583631157807172
25794,GOF,0.06266350510623264,0.7197546836157243,0.2175818112780432
25795,GOF,0.06881727681500517,0.7238328164850945,0.20734990669990036
25796,GOF,0.14078978453784222,0.766399749588236,0.09281046587392176
25797,GOF,0.07806521807623376,0.6987243236339324,0.22321045828983369
25798,GOF,0.008233310647621065,0.763722716238559,0.22804397311381996
25799,GOF,0.005359074223878611,0.6747877543967327,0.3198531713793887
25800,GOF,0.032223512335085275,0.8272551784389938,0.14052130922592102
25801,GOF,0.03153955270103374,0.8775733801713336,0.09088706712763264
25802,GOF,0.03332049341138293,0.7864541286814456,0.1802253779071715
25803,GOF,0.024500181260587273,0.7064412078530876,0.269058610886325
25804,GOF,0.03897293476001597,0.7728233770570805,0.18820368818290364
25805,GOF,0.038145049594442676,0.8029871475172823,0.158867802888275
25806,GOF,0.05074444612240502,0.8028568262211679,0.1463987276564271
25807,GOF,0.01555836550443231,0.7442784710776957,0.24016316341787197
25808,GOF,0.030382890087858296,0.7512193903176332,0.2183977195945085
25809,GOF,0.014533710888884983,0.7010390291135125,0.28442725999760265
25810,GOF,0.012929010775569759,0.6938767495633673,0.29319423966106284
25811,GOF,0.08688436468374898,0.8347724061632706,0.07834322915298031
25812,GOF,0.034601102285321254,0.7586100272809989,0.20678887043367974
25813,GOF,0.18939717478832296,0.7330870346593007,0.07751579055237645
25814,GOF,0.03571704665874844,0.7596191907930748,0.20466376254817667
25815,GOF,0.06855194132925596,0.7902928523467967,0.1411552063239473
25816,GOF,0.010473488973787222,0.8489082405565334,0.1406182704696795
25817,GOF,0.1319017941406816,0.737512174376405,0.13058603148291342
25818,GOF,0.03196257505087137,0.7885624165160202,0.1794750084331083
25819,GOF,0.05843120237877995,0.7628136771281967,0.17875512049302325
25820,GOF,0.0617530554598548,0.732347967032844,0.2058989775073011
25821,GOF,0.042531031704989924,0.7751230648334665,0.18234590346154353
25822,GOF,0.06938356742987327,0.7594203606541864,0.1711960719159403
25823,GOF,0.03590822163459275,0.7153877622635816,0.2487040161018257
25824,GOF,0.03546053966776234,0.7603804917354958,0.20415896859674199
25825,GOF,0.027915319725378886,0.7575655209172243,0.2145191593573968
25826,GOF,0.012802307170504512,0.7253489163541427,0.2618487764753527
25827,GOF,0.018356797333489897,0.6975722207669219,0.2840709818995882
25828,GOF,0.011618200140111718,0.7304620442537321,0.2579197556061563
25829,GOF,0.00471626467266375,0.6623832663038781,0.3329004690234581
25830,GOF,0.043927327748556726,0.5423681485848023,0.41370452366664084
25831,GOF,0.08076336171555638,0.807634901913705,0.11160173637073864
25832,GOF,0.011410563310097063,0.7167932217907351,0.27179621489916794
25833,GOF,0.042699569872401436,0.7881670564544386,0.16913337367316
25834,GOF,0.01158815772957264,0.7248126768573675,0.2635991654130598
25835,GOF,0.03144078811538692,0.8128317031357699,0.1557275087488431
25836,GOF,0.008014356071113045,0.7240728451966387,0.26791279873224827
25837,GOF,0.009815414287935326,0.7412459710122447,0.24893861469982007
25838,GOF,0.025319483438545086,0.8144598957039064,0.1602206208575486
25839,GOF,0.06025749331079032,0.7730480839810921,0.16669442270811768
25840,GOF,0.10197531627841724,0.7380522796240792,0.15997240409750363
25841,GOF,0.09414058518243676,0.7761718945519679,0.1296875202655954
25842,GOF,0.035327487381968344,0.8538125557881828,0.11085995682984875
25843,GOF,0.033156372927370045,0.8585226191704708,0.10832100790215911
25844,GOF,0.02522192496396811,0.7901876280575791,0.18459044697845275
25845,GOF,0.007056255199579668,0.6884348328064502,0.3045089119939701
25846,GOF,0.08156344697209228,0.823175042320263,0.09526151070764481
25847,GOF,0.017781448200906946,0.8623884268193095,0.11983012497978372
25848,GOF,0.027948403023063444,0.8167908980587401,0.15526069891819658
25849,GOF,0.008276498696632916,0.7780042808309008,0.21371922047246647
25850,GOF,0.00756142623259435,0.6938710162696758,0.2985675574977299
25851,GOF,0.006962978108496709,0.6386150974264401,0.3544219244650632
25852,GOF,0.14760879468859123,0.5731402200158597,0.279250985295549
25853,GOF,0.07076418288911054,0.7808996236937759,0.14833619341711363
25854,GOF,0.007041603705742274,0.7033574938303123,0.28960090246394526
25855,GOF,0.026899433296310105,0.6621606866413416,0.3109398800623483
25856,GOF,0.051523571375397065,0.7224243386621707,0.22605208996243215
25857,GOF,0.027261032750839045,0.6529977991385416,0.3197411681106193
25858,GOF,0.009988584998265148,0.6072821466290217,0.38272926837271315
25859,GOF,0.007023023368005977,0.5853463942183632,0.40763058241363076
25860,GOF,0.10778030301318964,0.7342204241645812,0.1579992728222292
25861,GOF,0.13249710667423378,0.7794966955208927,0.08800619780487352
25862,GOF,0.030091109170282022,0.8784822257613125,0.09142666506840548
25863,GOF,0.025338604835384148,0.8574837460054207,0.11717764915919525
25864,GOF,0.04614317915412144,0.8616153446338483,0.09224147621203024
25865,GOF,0.04432054829315966,0.8389824204334211,0.11669703127341921
25866,GOF,0.02500108439070214,0.8393838064205842,0.13561510918871356
25867,GOF,0.05198031383545148,0.8376502498963613,0.11036943626818732
25868,GOF,0.07546663155063611,0.7641283539326623,0.16040501451670158
25869,GOF,0.34898377742710845,0.5548917189215401,0.09612450365135154
25870,GOF,0.06684586973104023,0.5699213496819776,0.36323278058698216
25871,GOF,0.010044397283707174,0.7910160516141792,0.1989395511021136
25872,GOF,0.028882902375981317,0.7959786926944306,0.17513840492958813
25873,GOF,0.02556661208879417,0.8625008001634956,0.11193258774771023
25874,LOF,0.018908718925632964,0.1859101169807609,0.7951811640936061
25875,LOF,0.021460628480528227,0.12303737052562734,0.8555020009938443
25876,LOF,0.022143774833063536,0.06582973937494567,0.9120264857919909
25877,LOF,0.10339779249881242,0.21902239605751433,0.6775798114436733
25878,LOF,0.061186947170256877,0.3064628441837766,0.6323502086459665
25879,LOF,0.010233864620093992,0.19842629389874472,0.7913398414811613
25880,LOF,0.06768707029528767,0.023604417072509393,0.908708512632203
25881,Neutral,0.5762325800722982,0.11024347290471491,0.3135239470229868
25882,LOF,0.05523748861066392,0.026735293767978976,0.9180272176213571
25883,LOF,0.03036737166032639,0.0267026638670277,0.942929964472646
25884,LOF,0.021790851466607822,0.03614365793692907,0.9420654905964632
25885,LOF,0.16857433222727702,0.014122129070839862,0.8173035387018831
25886,LOF,0.2543189322027648,0.05914353262199297,0.6865375351752422
25887,LOF,0.09029953254082262,0.17287530932951886,0.7368251581296585
25888,LOF,0.008109852807486575,0.2066958979509337,0.7851942492415798
25889,LOF,0.031144397635018948,0.032687811549437874,0.9361677908155431
25890,LOF,0.18098624031494112,0.06339754015153506,0.7556162195335239
25891,LOF,0.1050665284621614,0.0392235243730577,0.8557099471647809
25892,LOF,0.008505381800933812,0.0331704205721136,0.9583241976269526
25893,LOF,0.30282880953257446,0.010589338932960591,0.6865818515344648
25894,LOF,0.3409346970504718,0.006886796235961417,0.6521785067135668
25895,LOF,0.28677488332720513,0.014443564781084783,0.69878155189171
25896,LOF,0.08911918591812654,0.029227185579564677,0.8816536285023088
25897,LOF,0.12666842209135368,0.011862980521779386,0.8614685973868669
25898,LOF,0.129875302482342,0.028789383205273588,0.8413353143123845
25899,LOF,0.42245459792912643,0.0318447876286335,0.54570061444224
25900,Neutral,0.6899566924832721,0.011628908806497171,0.2984143987102308
25901,LOF,0.10508085367879696,0.01307659089411995,0.881842555427083
25902,LOF,0.10370490239200385,0.015307787168549258,0.880987310439447
25903,LOF,0.17506536309195903,0.031074458896869914,0.793860178011171
25904,Neutral,0.5709345792098044,0.040682302889542915,0.3883831179006528
25905,LOF,0.007344472162768157,0.3768880215087473,0.6157675063284845
25906,LOF,0.009659856491102964,0.056374180437773785,0.9339659630711233
25907,LOF,0.008792056071024018,0.2408113563993355,0.7503965875296404
25908,LOF,0.008356445437721767,0.2509250991721619,0.7407184553901165
25909,LOF,0.03385097401428364,0.08284471321848029,0.8833043127672361
25910,LOF,0.01411459356833819,0.11722311073085452,0.8686622957008072
25911,LOF,0.19380214815575852,0.0221165037584043,0.7840813480858372
25912,LOF,0.13803312617839664,0.018807269442555348,0.843159604379048
25913,LOF,0.01845908491978355,0.02862060950004152,0.9529203055801748
25914,LOF,0.04433794255473205,0.030910061177379808,0.9247519962678882
25915,LOF,0.20453809733351616,0.21027973145299383,0.58518217121349
25916,LOF,0.013068635275422052,0.10828594928459294,0.8786454154399851
25917,LOF,0.0673761488430191,0.030295675438901506,0.9023281757180794
25918,LOF,0.039459196633205906,0.018438923525590463,0.9421018798412037
25919,LOF,0.03324251182364854,0.01988913208357956,0.9468683560927719
25920,LOF,0.29046482111715444,0.18801854191971862,0.5215166369631269
25921,LOF,0.01943511706813547,0.016821428355650047,0.9637434545762145
25922,LOF,0.01959544008394354,0.01734835409317718,0.9630562058228792
25923,LOF,0.45398872439803983,0.012845898938835925,0.5331653766631242
25924,LOF,0.029005554596224677,0.019549580251032615,0.9514448651527427
25925,LOF,0.11114925681756473,0.028613449490397142,0.860237293692038
25926,LOF,0.09424329376892757,0.02081575994125264,0.8849409462898197
25927,LOF,0.029541289418644277,0.029647675111157037,0.9408110354701986
25928,LOF,0.015039532815655628,0.01621247081997027,0.968747996364374
25929,Neutral,0.5833520246955725,0.012691382783687512,0.40395659252074
25930,LOF,0.11271298603239298,0.011754114224629554,0.8755328997429775
25931,LOF,0.016738750387928242,0.015290553911172637,0.9679706957008991
25932,LOF,0.09273100581620354,0.01353475593886954,0.8937342382449269
25933,LOF,0.09793045808953603,0.009154141719546075,0.8929154001909179
25934,LOF,0.09646234400697407,0.008390462305596905,0.895147193687429
25935,LOF,0.11175286708322016,0.024040045880510647,0.8642070870362693
25936,LOF,0.10109799992675529,0.008279923332325136,0.8906220767409195
25937,LOF,0.016580331006810896,0.02019866059748259,0.9632210083957066
25938,LOF,0.11122265744225861,0.02305187650075698,0.8657254660569844
25939,LOF,0.06369962473579817,0.011066549318508229,0.9252338259456936
25940,GOF,0.009319475714170043,0.5750172662420274,0.4156632580438025
25941,Neutral,0.4939704881160651,0.03954809413480122,0.46648141774913376
25942,LOF,0.012369206574945887,0.055688777868734794,0.9319420155563194
25943,LOF,0.058391328496475214,0.19783320676475288,0.743775464738772
25944,LOF,0.05000458107913078,0.10805405894356118,0.841941359977308
25945,LOF,0.18964794992462355,0.028193559697341865,0.7821584903780345
25946,LOF,0.08628903428695162,0.03620165405946259,0.8775093116535858
25947,Neutral,0.4838983833391372,0.15696786608360436,0.35913375057725827
25948,LOF,0.3554619209123269,0.014436307244893958,0.630101771842779
25949,LOF,0.13945425512008897,0.06826188475748168,0.7922838601224294
25950,GOF,0.09668743026762461,0.6454768474066153,0.2578357223257602
25951,LOF,0.015280758466243851,0.4456094863117494,0.5391097552220069
25952,LOF,0.16665172927388627,0.2713165257318454,0.5620317449942683
25953,LOF,0.007312327808626658,0.3095127265165358,0.6831749456748376
25954,GOF,0.07255379127261338,0.4947178053044953,0.4327284034228915
25955,LOF,0.009773671287262272,0.3355269124603985,0.6546994162523393
25956,LOF,0.009455884048590893,0.3898924022195616,0.6006517137318474
25957,LOF,0.17877058786376732,0.046349416342387595,0.7748799957938451
25958,LOF,0.030691213669917845,0.059290253260113765,0.9100185330699684
25959,GOF,0.006692282954043179,0.741358352777323,0.25194936426863374
25960,LOF,0.005213831387922119,0.11740346040783937,0.8773827082042386
25961,LOF,0.02597751531166872,0.05092730431944639,0.9230951803688849
25962,LOF,0.03610228989455228,0.08437102657530986,0.8795266835301379
25963,LOF,0.010301830085988745,0.1454096194700355,0.8442885504439758
25964,LOF,0.04929857499506616,0.11125769547754646,0.8394437295273873
25965,LOF,0.15971207764395487,0.1726855440648242,0.6676023782912208
25966,LOF,0.3274999942138964,0.10053325356123369,0.5719667522248698
25967,LOF,0.006525353721521413,0.09200105390516503,0.9014735923733136
25968,LOF,0.045353914850547475,0.34581181261004307,0.6088342725394095
25969,LOF,0.12407361886509397,0.12364898329961378,0.7522773978352921
25970,LOF,0.05689752231560622,0.07630143476222016,0.8668010429221735
25971,LOF,0.06393107458789292,0.025773001885754876,0.9102959235263522
25972,LOF,0.07384239668886901,0.03318493138683643,0.8929726719242946
25973,LOF,0.07310140808021291,0.011330305235526514,0.9155682866842606
25974,LOF,0.06381467058719396,0.04625712095804883,0.8899282084547572
25975,LOF,0.034177204965102174,0.013183858479740957,0.9526389365551569
25976,LOF,0.09199734848769042,0.0127206709217623,0.8952819805905472
25977,LOF,0.23060702116266754,0.053366820823634996,0.7160261580136974
25978,LOF,0.14915958097802973,0.1451087657815363,0.705731653240434
25979,LOF,0.11518909415546578,0.15628335733094328,0.7285275485135909
25980,LOF,0.19934203954585003,0.23872123794442926,0.5619367225097207
25981,LOF,0.2000147988071764,0.24093397962999885,0.5590512215628247
25982,LOF,0.25219145754346306,0.14384069760684715,0.6039678448496898
25983,LOF,0.41771421318132695,0.13751311785359968,0.44477266896507345
25984,LOF,0.057083285111630654,0.07822309854881826,0.8646936163395511
25985,LOF,0.42943667505653593,0.13505764581120241,0.4355056791322617
25986,LOF,0.01204815794557503,0.43253860932310145,0.5554132327313235
25987,LOF,0.03827120475470619,0.09062959951526431,0.8710991957300294
25988,LOF,0.06467518981264879,0.13861236566214338,0.796712444525208
25989,LOF,0.07488903501902827,0.22773088233899244,0.6973800826419793
25990,LOF,0.0635920489307057,0.3355942354808227,0.6008137155884716
25991,GOF,0.022454710522235726,0.5680077384665442,0.40953755101122014
25992,LOF,0.009825903479700485,0.4721262165180953,0.5180478800022043
25993,LOF,0.019188714085831778,0.058221472312027955,0.9225898136021403
25994,LOF,0.022810874040047512,0.07692839520301648,0.900260730756936
25995,LOF,0.017432724292877334,0.12421089660215415,0.8583563791049684
25996,GOF,0.3273695158151624,0.4238798907922569,0.24875059339258074
25997,GOF,0.057643613774991144,0.5756434817551146,0.3667129044698943
25998,LOF,0.2308236546717211,0.03626364021527982,0.7329127051129991
25999,LOF,0.025311567251596646,0.28398509109970493,0.6907033416486984
26000,LOF,0.137567508811192,0.013788277930439527,0.8486442132583686
26001,LOF,0.1666727753773316,0.017952142779548687,0.8153750818431198
26002,LOF,0.10421621577933679,0.022048180027035926,0.8737356041936273
26003,GOF,0.0066704706008910465,0.5676995555301946,0.4256299738689144
26004,GOF,0.017041819849090242,0.583148414574524,0.39980976557638565
26005,LOF,0.00558664224721402,0.4845738918373323,0.5098394659154537
26006,GOF,0.10227528944870301,0.486074648703499,0.411650061847798
26007,GOF,0.010100705825119663,0.5114761722861233,0.47842312188875696
26008,GOF,0.007320309920298993,0.5856592051712742,0.4070204849084266
26009,GOF,0.012703953952586394,0.623850680050366,0.3634453659970475
26010,GOF,0.009717208823440106,0.5526180854460068,0.4376647057305531
26011,LOF,0.005668480072076435,0.4159836426710814,0.5783478772568421
26012,GOF,0.005651748473899214,0.5241500633072104,0.47019818821889037
26013,LOF,0.010089402928927377,0.4876508702149445,0.5022597268561281
26014,LOF,0.04679755448732818,0.07660308696201958,0.8765993585506522
26015,LOF,0.33295893034509966,0.022855694744041734,0.6441853749108586
26016,LOF,0.24833931166344178,0.027149113137306086,0.7245115751992521
26017,LOF,0.01794685941950312,0.10583272901471678,0.87622041156578
26018,LOF,0.03488279882269638,0.05954497189011238,0.9055722292871913
26019,LOF,0.03467537650201728,0.051167628437724724,0.9141569950602579
26020,LOF,0.006803972163923925,0.10649326208519715,0.8867027657508789
26021,LOF,0.07703785565531668,0.049494151490198354,0.873467992854485
26022,LOF,0.040611222732341405,0.019550285442621572,0.9398384918250371
26023,LOF,0.024623402823234292,0.03607553080460798,0.9393010663721578
26024,LOF,0.05154198544646472,0.03767208418558075,0.9107859303679544
26025,LOF,0.1438403135282416,0.037701604959425344,0.8184580815123331
26026,LOF,0.12257726452910717,0.029913086749143895,0.8475096487217489
26027,LOF,0.035193055396674444,0.020248446344252612,0.944558498259073
26028,LOF,0.08103167440435328,0.19663516913153842,0.7223331564641083
26029,LOF,0.030099892369592,0.2278008154938635,0.7420992921365445
26030,LOF,0.12153737558357622,0.033588659316470315,0.8448739650999535
26031,LOF,0.013554650515372442,0.2346224366863133,0.7518229127983144
26032,LOF,0.037752425546056116,0.05681625474388543,0.9054313197100584
26033,LOF,0.03552060178789094,0.0624403720431023,0.9020390261690068
26034,LOF,0.017979872013270955,0.1591325855308299,0.8228875424558992
26035,LOF,0.01129358631481779,0.17240837209843435,0.8162980415867478
26036,LOF,0.0105880389502095,0.13277271206653402,0.8566392489832566
26037,LOF,0.010414423890811793,0.1450868245829047,0.8444987515262835
26038,LOF,0.03196339171841591,0.05282368098829921,0.9152129272932849
26039,LOF,0.03240955781326469,0.2139030694683564,0.7536873727183789
26040,LOF,0.0838255162044374,0.19104167870542668,0.725132805090136
26041,LOF,0.012651086960618578,0.14802756840383532,0.8393213446355461
26042,LOF,0.011737188643344807,0.15763183333441333,0.8306309780222418
26043,LOF,0.03297866064267239,0.09459565442000532,0.8724256849373222
26044,LOF,0.007514874040718585,0.0860910753360955,0.906394050623186
26045,LOF,0.078059043254122,0.32659673538359024,0.5953442213622877
26046,LOF,0.028209355148523053,0.06262193426857575,0.9091687105829013
26047,LOF,0.0647890627671562,0.060102258249074766,0.8751086789837691
26048,LOF,0.07297581774960578,0.03924005443642022,0.887784127813974
26049,Neutral,0.9437247376745331,0.007482527979765198,0.04879273434570174
26050,Neutral,0.9025146389530724,0.00908890400194411,0.08839645704498343
26051,LOF,0.026454461936533846,0.3504428240857878,0.6231027139776784
26052,LOF,0.026263187703243967,0.29891700026470963,0.6748198120320464
26053,LOF,0.02068944566861004,0.18568370351283958,0.7936268508185504
26054,LOF,0.059894500394336414,0.040125100993592906,0.8999803986120707
26055,LOF,0.07992159054485833,0.03920532617927396,0.8808730832758678
26056,LOF,0.07209346884609912,0.040483055428057364,0.8874234757258436
26057,LOF,0.06786290393134442,0.024946214387516322,0.9071908816811391
26058,LOF,0.075725396174967,0.020073334492090592,0.9042012693329424
26059,LOF,0.22357820839683137,0.05848491829396685,0.7179368733092019
26060,LOF,0.017735626759735047,0.20731993076400432,0.7749444424762606
26061,LOF,0.011714503543633771,0.01328538083969611,0.9750001156166701
26062,LOF,0.005847745773218879,0.025023723211458924,0.9691285310153221
26063,LOF,0.05041802232194142,0.015939301956689588,0.933642675721369
26064,LOF,0.007732105781310661,0.018539337202993788,0.9737285570156955
26065,LOF,0.06809129003262723,0.023979313976177613,0.907929395991195
26066,LOF,0.0626506155446866,0.017718736221543175,0.9196306482337703
26067,LOF,0.05720171287760976,0.015614970255315882,0.9271833168670743
26068,LOF,0.056375998691047285,0.03151039797398875,0.9121136033349639
26069,LOF,0.20173749480805067,0.024215315713212306,0.7740471894787371
26070,LOF,0.4436162269134111,0.015409738666407961,0.5409740344201809
26071,LOF,0.05325235962983654,0.01867139492337296,0.9280762454467905
26072,LOF,0.007363433577800472,0.017228485352998035,0.9754080810692015
26073,LOF,0.04617190101923665,0.01596000985740815,0.9378680891233552
26074,Neutral,0.6569064121467431,0.013181364442687813,0.32991222341056897
26075,LOF,0.04371405024281205,0.022842289318531734,0.9334436604386562
26076,LOF,0.04351020895219049,0.018609737700596145,0.9378800533472134
26077,LOF,0.1681085318927665,0.014110806841313687,0.8177806612659198
26078,LOF,0.006158409007264826,0.03753249827724378,0.9563090927154914
26079,LOF,0.060855757396016875,0.0232334132058918,0.9159108293980913
26080,LOF,0.05978991170148208,0.023377137928791848,0.9168329503697261
26081,LOF,0.04631304533079578,0.01636267109768426,0.9373242835715201
26082,LOF,0.006195180986391096,0.02204887609637084,0.971755942917238
26083,LOF,0.11898835659608906,0.030167163944313447,0.8508444794595974
26084,LOF,0.14963486788717278,0.02474457165546495,0.8256205604573623
26085,LOF,0.1338440261605825,0.02037876039118538,0.8457772134482321
26086,LOF,0.04245725549520495,0.02403753742937396,0.9335052070754211
26087,LOF,0.04378987772796955,0.01925029958962712,0.9369598226824033
26088,LOF,0.007279575396723108,0.04097123281376278,0.9517491917895141
26089,LOF,0.04170542921519287,0.03222112243097571,0.9260734483538313
26090,LOF,0.040657788093978534,0.0288005083850257,0.9305417035209959
26091,LOF,0.03260265969188379,0.01536380526855647,0.9520335350395598
26092,LOF,0.04184083895540565,0.013713613607344494,0.9444455474372497
26093,LOF,0.06071750916470209,0.009301844576656441,0.9299806462586415
26094,LOF,0.03842739563996613,0.012003084167814964,0.949569520192219
26095,LOF,0.011708424098852366,0.02499558124053037,0.9632959946606173
26096,LOF,0.26335786306866177,0.004862180102064637,0.7317799568292737
26097,LOF,0.00676696787535104,0.05319659098320922,0.9400364411414397
26098,LOF,0.054467787368175716,0.025214250327864635,0.9203179623039596
26099,LOF,0.05118766553237731,0.033042181129558965,0.9157701533380637
26100,LOF,0.05115401438546506,0.03304789272557532,0.9157980928889596
26101,LOF,0.04830643702050055,0.049444008936337866,0.9022495540431617
26102,LOF,0.03988540441151478,0.02308233023418372,0.9370322653543015
26103,Neutral,0.8976833981335258,0.036216277532119125,0.06610032433435505
26104,LOF,0.05229866172899799,0.05523990826024244,0.8924614300107595
26105,LOF,0.2598052707764421,0.07222598218655887,0.667968747036999
26106,LOF,0.2689362486843527,0.0361087997179417,0.6949549515977057
26107,LOF,0.014904454919389852,0.0674449972074129,0.9176505478731972
26108,LOF,0.17012804998343892,0.05811192278396487,0.7717600272325963
26109,LOF,0.058352546803850054,0.0628028109668648,0.8788446422292852
26110,LOF,0.40856044721453527,0.013136801831363318,0.5783027509541014
26111,LOF,0.06414067256400077,0.07396152320442133,0.861897804231578
26112,LOF,0.06621215266337334,0.012909856245835608,0.920877991090791
26113,LOF,0.11600246789538081,0.030630102149663965,0.8533674299549553
26114,LOF,0.09481205961522117,0.012082702808724506,0.8931052375760543
26115,LOF,0.01839703897636327,0.06937902536538834,0.9122239356582483
26116,LOF,0.0792216439623485,0.025808779839923926,0.8949695761977275
26117,LOF,0.38484947204170183,0.0343369134330004,0.5808136145252977
26118,LOF,0.04090587784250041,0.01915149852474396,0.9399426236327557
26119,LOF,0.005985998212029645,0.08732724272522936,0.906686759062741
26120,LOF,0.03280754488790573,0.01546284777979836,0.9517296073322958
26121,LOF,0.0043379362721834465,0.11352344458442196,0.8821386191433945
26122,LOF,0.005437399540476419,0.10179136775268241,0.8927712327068411
