feature0,prediction,LoGoFunc_Neutral,LoGoFunc_GOF,LoGoFunc_LOF
25546,Neutral,0.7505202197297576,0.039787941518752236,0.20969183875149025
25547,Neutral,0.5943299415532015,0.0821228919848604,0.323547166461938
25548,Neutral,0.6022465084001715,0.05868412038664878,0.33906937121317987
25549,Neutral,0.525521652994743,0.05791464685550945,0.41656370014974753
25550,LOF,0.36240179244216997,0.10463882536217829,0.5329593821956518
25551,LOF,0.2955337827121828,0.11727245999880381,0.5871937572890134
25552,LOF,0.22211504228570458,0.1073061486946129,0.6705788090196825
25553,Neutral,0.8399406503624455,0.030361918139943857,0.12969743149761062
25554,LOF,0.2526310376125823,0.10495624038205607,0.6424127220053616
25555,LOF,0.21159595065933426,0.0929746342067373,0.6954294151339285
25556,LOF,0.42342933440894664,0.09830509368173873,0.47826557190931457
25557,LOF,0.2079260632272972,0.09792975480549927,0.6941441819672035
25558,LOF,0.23892587527592238,0.10814949199710289,0.6529246327269748
25559,LOF,0.3674305736405131,0.13888290555293695,0.49368652080655007
25560,LOF,0.052289944926962206,0.11734989501847976,0.8303601600545581
25561,LOF,0.11830283542423864,0.1131250892744565,0.768572075301305
25562,LOF,0.09513356759627685,0.05309860867286059,0.8517678237308626
25563,LOF,0.11809463953991442,0.057993157385535364,0.8239122030745503
25564,LOF,0.24985951209794657,0.0991899746949323,0.6509505132071212
25565,LOF,0.14892887228118512,0.1269169181373023,0.7241542095815126
25566,GOF,0.015279465798224975,0.7980164353580521,0.18670409884372277
25567,LOF,0.014227486687168275,0.18212295645940196,0.8036495568534298
25568,LOF,0.050531288800136985,0.06464055258528018,0.8848281586145827
25569,LOF,0.058454945907412376,0.06199854100343592,0.8795465130891518
25570,LOF,0.05593635666477411,0.09432281779294438,0.8497408255422816
25571,LOF,0.050196144114472915,0.09022977652689607,0.859574079358631
25572,LOF,0.056168570609558426,0.11567022932078591,0.8281612000696557
25573,LOF,0.03137478633402989,0.0960255546393331,0.872599659026637
25574,LOF,0.021983866590351356,0.1531776360201704,0.8248384973894782
25575,LOF,0.0437390538508132,0.10891546287534891,0.8473454832738379
25576,LOF,0.01753810199294396,0.12906419325337434,0.8533977047536816
25577,LOF,0.015624409815134244,0.1187468122855077,0.8656287778993581
25578,LOF,0.2954603419960064,0.07796388297488614,0.6265757750291073
25579,LOF,0.1558171968507858,0.09102448246955322,0.753158320679661
25580,LOF,0.030975663942277354,0.075596644733823,0.8934276913238995
25581,LOF,0.05199845849640131,0.06581426566092982,0.8821872758426688
25582,LOF,0.051659706572465026,0.06381031570423747,0.8845299777232976
25583,LOF,0.037873195247351006,0.0912349317199568,0.8708918730326921
25584,Neutral,0.4796861015354018,0.10492930917994847,0.4153845892846498
25585,LOF,0.022745535629801472,0.12440377170987944,0.852850692660319
25586,LOF,0.02975900433090156,0.07119234662161417,0.8990486490474843
25587,LOF,0.029336934297688164,0.06578673862564409,0.9048763270766677
25588,LOF,0.031024472512812568,0.08184102622178747,0.8871345012654
25589,Neutral,0.6219895163438032,0.12016523969541054,0.2578452439607863
25590,LOF,0.02947999016508598,0.1289934215598787,0.8415265882750353
25591,LOF,0.09582017087724572,0.056219586725673856,0.8479602423970803
25592,LOF,0.08985794734084564,0.1245516129765007,0.7855904396826537
25593,LOF,0.029518191719863435,0.27350006839582874,0.6969817398843079
25594,LOF,0.0480276986980658,0.1600030943494219,0.7919692069525124
25595,LOF,0.05375613614133761,0.11355469106673362,0.8326891727919288
25596,LOF,0.046612788193326725,0.0960628223386784,0.8573243894679948
25597,LOF,0.03463945743039109,0.09970537423406627,0.8656551683355428
25598,LOF,0.049880272324553984,0.1112045477974716,0.8389151798779745
25599,GOF,0.007353999686979453,0.6402616180780701,0.35238438223495044
25600,GOF,0.01334319092593836,0.5543827973582905,0.4322740117157711
25601,LOF,0.00970495133344184,0.44708448307099674,0.5432105655955614
25602,LOF,0.02446369298307717,0.04345400997889547,0.9320822970380274
25603,LOF,0.05553037393698455,0.023678046581022263,0.9207915794819932
25604,LOF,0.03852559353874916,0.033642794579201635,0.9278316118820492
25605,LOF,0.010780393739104152,0.20014640507624878,0.7890732011846471
25606,LOF,0.07209073583289279,0.3821892728158782,0.5457199913512291
25607,LOF,0.006125513842888845,0.19299751972035284,0.8008769664367583
25608,LOF,0.04853730128403445,0.06708054571747771,0.8843821529984879
25609,LOF,0.04413180156802905,0.44457321318709775,0.5112949852448732
25610,LOF,0.03305764744149492,0.027937950745814105,0.9390044018126911
25611,LOF,0.03728359029315819,0.026939158866346357,0.9357772508404956
25612,LOF,0.09919163296309716,0.04194068558759404,0.8588676814493088
25613,LOF,0.0802426110904274,0.04420674816686486,0.8755506407427077
25614,LOF,0.026685711617494803,0.03611697095040636,0.9371973174320989
25615,LOF,0.048604851221168435,0.044605916389145295,0.9067892323896862
25616,LOF,0.024674928380453813,0.03428015864043027,0.9410449129791159
25617,LOF,0.0256072671043209,0.03799613391622645,0.9363965989794526
25618,LOF,0.13323810298919983,0.03126876752494018,0.83549312948586
25619,LOF,0.027288169102833132,0.034923646589695566,0.9377881843074714
25620,LOF,0.03334682526916169,0.04322731366132585,0.9234258610695124
25621,LOF,0.026188125326439073,0.03442267951750419,0.9393891951560568
25622,LOF,0.027329472951392618,0.0426065222332142,0.9300640048153932
25623,LOF,0.04956248666091642,0.03889051689466895,0.9115469964444145
25624,LOF,0.02394943332169711,0.04242424763562825,0.9336263190426747
25625,LOF,0.032486451907041955,0.04989620820209811,0.9176173398908599
25626,LOF,0.08260889504297939,0.03773673847323496,0.8796543664837856
25627,Neutral,0.5324940909599971,0.11475046817961286,0.35275544086039
25628,LOF,0.2181442286318325,0.04752368193525232,0.7343320894329153
25629,LOF,0.06747611173638282,0.059485101689950894,0.8730387865736663
25630,LOF,0.1739271109621905,0.07983604891310002,0.7462368401247095
25631,Neutral,0.6139708819759225,0.05302337540624532,0.3330057426178321
25632,LOF,0.016083878223852818,0.10833952196872502,0.8755765998074222
25633,LOF,0.11393283001202016,0.08546357199160247,0.8006035979963775
25634,LOF,0.033323612621964975,0.11416617555746712,0.8525102118205679
25635,LOF,0.03596338674943584,0.08808346415941372,0.8759531490911504
25636,GOF,0.003799459402952198,0.6484501582990219,0.3477503822980259
25637,GOF,0.003368807923791304,0.6871018799749374,0.3095293121012712
25638,LOF,0.007295446887503021,0.4454866598143248,0.5472178932981722
25639,GOF,0.0035934170701712584,0.5241964079925014,0.47221017493732725
25640,Neutral,0.4749096177044955,0.46029192378185085,0.06479845851365366
25641,LOF,0.0075061786874507435,0.3738903412553018,0.6186034800572475
25642,LOF,0.25193571094615635,0.07838230687355838,0.6696819821802853
25643,LOF,0.2544682078317887,0.18499976734691945,0.5605320248212918
25644,GOF,0.012326150957555012,0.5258702523018838,0.4618035967405612
25645,LOF,0.01043357808470742,0.4736638149832091,0.5159026069320835
25646,LOF,0.016637286009313527,0.33073609903853074,0.6526266149521558
25647,LOF,0.013683697526929458,0.28737268234841,0.6989436201246605
25648,LOF,0.013062784896068541,0.29808501655721087,0.6888521985467205
25649,LOF,0.010113495437350486,0.22673330666423225,0.7631531978984173
25650,LOF,0.024757935420804136,0.47038140722863253,0.5048606573505634
25651,LOF,0.007732171695389214,0.28312955546223645,0.7091382728423743
25652,LOF,0.012518882555974704,0.2820233803291654,0.7054577371148599
25653,LOF,0.04928413291867,0.36463020240704497,0.586085664674285
25654,LOF,0.014354802860077032,0.14948889393204662,0.8361563032078764
25655,LOF,0.06410529881291413,0.4240312666850505,0.5118634345020354
25656,LOF,0.09117877786077548,0.08936197516575674,0.8194592469734678
25657,LOF,0.3181955047870614,0.03928226648012577,0.642522228732813
25658,LOF,0.04596166621452605,0.09571883232236325,0.8583195014631106
25659,LOF,0.3214861982519141,0.07041526658702922,0.6080985351610567
25660,LOF,0.06730223550570932,0.09909864142549576,0.8335991230687949
25661,LOF,0.046206007161967926,0.07252054793950376,0.8812734448985283
25662,LOF,0.027949072226899414,0.045410661360854004,0.9266402664122465
25663,LOF,0.03875579671199873,0.0678606899867292,0.8933835133012721
25664,LOF,0.034709524864840254,0.08899526233639987,0.8762952127987599
25665,LOF,0.061038881824596096,0.046745460216062365,0.8922156579593417
25666,LOF,0.03063212921522437,0.14379469125273256,0.8255731795320431
25667,LOF,0.03168182930154607,0.05418185373319473,0.9141363169652592
25668,LOF,0.033080068626111916,0.05607751834651779,0.9108424130273702
25669,LOF,0.039423623948418564,0.08217826316743797,0.8783981128841435
25670,LOF,0.07640472399385922,0.08450085646170856,0.8390944195444322
25671,LOF,0.0378328953424554,0.04570166513761961,0.9164654395199251
25672,LOF,0.06213735039709336,0.0662211277831815,0.8716415218197251
25673,LOF,0.03528224072463167,0.08272982510500106,0.8819879341703672
25674,LOF,0.03164568088988618,0.08873402971077068,0.8796202893993431
25675,LOF,0.040770967175435976,0.06535516452195995,0.8938738683026042
25676,LOF,0.0323973031865263,0.059232865080952685,0.9083698317325211
25677,LOF,0.06381706296609511,0.06508345165189809,0.8710994853820069
25678,LOF,0.29563384357023786,0.036835962026550026,0.6675301944032122
25679,LOF,0.1734405811244298,0.07716416202732233,0.7493952568482479
25680,LOF,0.05824119004656071,0.10026742073010866,0.8414913892233307
25681,LOF,0.11034114652114338,0.09235942062305601,0.7972994328558006
25682,LOF,0.04427024964036634,0.07805420471514143,0.8776755456444921
25683,LOF,0.07944124844799488,0.10862551161130786,0.8119332399406972
25684,LOF,0.06063728464765275,0.07484475542737798,0.8645179599249693
25685,LOF,0.0873752197010131,0.0533426979895856,0.8592820823094014
25686,LOF,0.027594382160865946,0.10467088537460817,0.8677347324645258
25687,LOF,0.050986519716042025,0.088245851841061,0.860767628442897
25688,LOF,0.024827811525884418,0.08735942808527437,0.8878127603888413
25689,LOF,0.018828549608753308,0.07961559281337159,0.901555857577875
25690,LOF,0.023114453878597445,0.0900865854307581,0.8867989606906443
25691,LOF,0.19499732864755148,0.12324160212314084,0.6817610692293077
25692,LOF,0.3120289051215093,0.010954884045426955,0.6770162108330637
25693,LOF,0.0779735061187439,0.1628463561130433,0.7591801377682129
25694,LOF,0.2296699417086987,0.015102794379358183,0.7552272639119431
25695,LOF,0.15547459479885062,0.017746947921011388,0.826778457280138
25696,LOF,0.17692831540279325,0.011128415672253698,0.8119432689249529
25697,LOF,0.13059924459150682,0.02444038822445247,0.8449603671840408
25698,LOF,0.04654340107749758,0.40496551241689693,0.5484910865056054
25699,LOF,0.06491450519933151,0.0722633764121568,0.8628221183885117
25700,LOF,0.032701132968391756,0.01149934173070352,0.9557995253009047
25701,LOF,0.015020590670673815,0.07793599794170004,0.9070434113876262
25702,GOF,0.03528746823153972,0.7466917840748566,0.2180207476936038
25703,LOF,0.02012509791867395,0.19047952534716053,0.7893953767341656
25704,LOF,0.09040344753110839,0.1557598286252677,0.753836723843624
25705,LOF,0.06211250930159262,0.23333549925589703,0.7045519914425105
25706,GOF,0.052161985598129915,0.6210441088161129,0.3267939055857572
25707,GOF,0.030078022299046207,0.5450244117656144,0.42489756593533934
25708,LOF,0.008450693760493604,0.45153964688593645,0.5400096593535699
25709,LOF,0.01872263860940961,0.06351980136982575,0.9177575600207647
25710,LOF,0.007924090639599854,0.1724867388544428,0.8195891705059574
25711,LOF,0.02048633728694903,0.12102180797457184,0.8584918547384792
25712,LOF,0.009224305262441813,0.2275119095515095,0.7632637851860486
25713,LOF,0.018409169874703073,0.10313944220075259,0.8784513879245442
25714,LOF,0.01985558219191204,0.14003377474737064,0.8401106430607174
25715,LOF,0.018708810402064957,0.11561545534812433,0.8656757342498108
25716,LOF,0.010559240042937058,0.14050053327662368,0.8489402266804392
25717,LOF,0.005342839663912543,0.13646187238640903,0.8581952879496784
25718,LOF,0.01790272596597818,0.07102815046406889,0.9110691235699528
25719,LOF,0.03290265793378635,0.08317981109527782,0.8839175309709357
25720,LOF,0.02210996582065519,0.08795492950968188,0.889935104669663
25721,LOF,0.02264748068219313,0.09170278742318308,0.8856497318946237
25722,LOF,0.017545084032211403,0.11774846415695502,0.8647064518108335
25723,LOF,0.02130105941976544,0.0699015555885024,0.9087973849917322
25724,LOF,0.029802295723854157,0.11425330456397027,0.8559443997121755
25725,LOF,0.02207774724478104,0.06437120031465948,0.9135510524405595
25726,LOF,0.016181729477781487,0.09444126685441614,0.8893770036678024
25727,LOF,0.020162921762218306,0.07886566140940822,0.9009714168283735
25728,LOF,0.017456390312279142,0.09662499227491911,0.8859186174128016
25729,LOF,0.018368550250358558,0.09539271309028187,0.8862387366593595
25730,LOF,0.01902705287635992,0.0806959587918153,0.9002769883318249
25731,LOF,0.009715561337471878,0.18033414372473858,0.8099502949377895
25732,LOF,0.018549555452598423,0.08903032486667976,0.8924201196807218
25733,LOF,0.030069166535447372,0.07828618277849193,0.8916446506860608
25734,LOF,0.0064426690631535265,0.22760524148524058,0.7659520894516059
25735,LOF,0.023413265303963083,0.07111854746210416,0.9054681872339327
25736,LOF,0.02236025033047178,0.10783245230506422,0.8698072973644639
25737,LOF,0.04005846412425658,0.09249814491315263,0.8674433909625907
25738,LOF,0.020232740976867804,0.14453632154402557,0.8352309374791067
25739,LOF,0.0210747757131677,0.13735538330175312,0.8415698409850793
25740,LOF,0.05032941514436287,0.1272215090185696,0.8224490758370675
25741,LOF,0.025831716829375042,0.11043373231601714,0.8637345508546078
25742,LOF,0.0352172155668715,0.12542226446479787,0.8393605199683307
25743,LOF,0.011949233509992318,0.03951263201577111,0.9485381344742366
25744,GOF,0.15618202663954323,0.4553269412693968,0.3884910320910599
25745,LOF,0.025442655566923208,0.06436037481565315,0.9101969696174237
25746,LOF,0.013172851070255892,0.08348704506190223,0.9033401038678419
25747,LOF,0.03440148156420147,0.033090688812253896,0.9325078296235447
25748,LOF,0.20668671000787597,0.05625233801298259,0.7370609519791415
25749,LOF,0.014322546085940609,0.04999644221028873,0.9356810117037706
25750,LOF,0.01624284382831709,0.08454419885016794,0.899212957321515
25751,LOF,0.036318591730920884,0.06284024491424466,0.9008411633548344
25752,GOF,0.0952596507271243,0.6707702124943303,0.23397013677854525
25753,LOF,0.006690772841246352,0.39152562112828126,0.6017836060304724
25754,GOF,0.005311721630893138,0.860898001840514,0.13379027652859274
25755,LOF,0.009162122392992742,0.45365254981057096,0.5371853277964362
25756,LOF,0.04727044815442891,0.4484538941003309,0.5042756577452403
25757,GOF,0.006927092356379426,0.8739404587058279,0.11913244893779278
25758,GOF,0.009544533934561646,0.875589719507687,0.11486574655775127
25759,GOF,0.004868529300713845,0.591690317850551,0.4034411528487352
25760,LOF,0.006696282329759573,0.31475619072361105,0.6785475269466293
25761,GOF,0.05003773591203126,0.8463582350235137,0.10360402906445494
25762,LOF,0.027030762766495874,0.3849115179080194,0.5880577193254847
25763,LOF,0.0076958496480970555,0.2758162507335794,0.7164878996183235
25764,GOF,0.08122077223108526,0.6139614428063802,0.3048177849625345
25765,GOF,0.00830753658602391,0.8604595099228884,0.13123295349108757
25766,GOF,0.04664360242747514,0.8011196748609948,0.1522367227115302
25767,GOF,0.013989148280751009,0.5409980685586848,0.44501278316056414
25768,LOF,0.03432257881149291,0.08872306837270391,0.8769543528158033
25769,LOF,0.02226005424305692,0.07726945557010245,0.9004704901868407
25770,LOF,0.1413469943276864,0.07094762997523058,0.7877053756970831
25771,LOF,0.010772160551538571,0.08582132184440262,0.9034065176040588
25772,LOF,0.023230612177942485,0.029448060942826714,0.9473213268792308
25773,LOF,0.012462041997678778,0.0820929104564218,0.9054450475458994
25774,LOF,0.02907742478865365,0.08907800119392147,0.8818445740174249
25775,LOF,0.017599006924396067,0.047272970997013886,0.93512802207859
25776,LOF,0.025385472198803733,0.028688515161133705,0.9459260126400626
25777,LOF,0.1813571096163045,0.07358100577302722,0.7450618846106682
25778,LOF,0.01946120212639039,0.057557406877543744,0.9229813909960659
25779,GOF,0.039173109281840264,0.9013779600683224,0.059448930649837535
25780,GOF,0.07687108959593607,0.8809724671481686,0.04215644325589547
25781,GOF,0.02550796391044504,0.8870404080589583,0.08745162803059676
25782,GOF,0.030368458937540733,0.9085533526760995,0.06107818838635965
25783,GOF,0.02018162530954695,0.7833257384523454,0.19649263623810773
25784,GOF,0.11207195078444768,0.8543438728670675,0.033584176348484866
25785,GOF,0.06869761410757737,0.8895233578005615,0.0417790280918612
25786,GOF,0.0059384008863085655,0.8360994788974034,0.15796212021628783
25787,GOF,0.1673206962871582,0.7993272699322869,0.03335203378055495
25788,LOF,0.015111493909499096,0.20783555923068267,0.7770529468598182
25789,GOF,0.02016204777760114,0.8751352162648729,0.10470273595752604
25790,GOF,0.022426961968082075,0.8887408328569439,0.0888322051749741
25791,GOF,0.014849788652485766,0.8503001544537815,0.1348500568937329
25792,GOF,0.024617806573193016,0.8614393958549038,0.1139427975719031
25793,GOF,0.07387307779496104,0.8453896298899405,0.08073729231509857
25794,GOF,0.06473637192624253,0.7850208438406948,0.1502427842330628
25795,GOF,0.07050062622282603,0.7786573358884821,0.1508420378886918
25796,GOF,0.07898805226606552,0.8290890122449198,0.09192293548901481
25797,GOF,0.03849651118175085,0.7336597537792298,0.22784373503901945
25798,GOF,0.003031174829776485,0.6870031355548634,0.30996568961536003
25799,GOF,0.0031902429102790165,0.5657398657811672,0.4310698913085538
25800,GOF,0.014743378112900428,0.7647126846519221,0.22054393723517757
25801,GOF,0.02037691946080808,0.8939841552532892,0.08563892528590267
25802,GOF,0.02230467585926114,0.8475419651347535,0.13015335900598524
25803,GOF,0.012094253834296404,0.751049819530514,0.23685592663518967
25804,GOF,0.014939950648164821,0.6807660153164957,0.3042940340353394
25805,GOF,0.02526339037102692,0.7568628997993603,0.21787370982961282
25806,GOF,0.019982128431563263,0.805182998684849,0.17483487288358776
25807,GOF,0.005213435398276866,0.7690136558922552,0.22577290870946795
25808,GOF,0.015650066943110216,0.7946665981958028,0.18968333486108713
25809,GOF,0.007553096479181712,0.7661586869194944,0.22628821660132384
25810,GOF,0.006371338328468216,0.7707517438344936,0.2228769178370382
25811,GOF,0.06352394883699133,0.8732743666565125,0.06320168450649627
25812,GOF,0.016455092657737164,0.7595752955795195,0.2239696117627433
25813,GOF,0.09570519741288554,0.8152678918905135,0.08902691069660099
25814,GOF,0.028211142112072964,0.8005857667987539,0.1712030910891731
25815,GOF,0.06290756382079245,0.8399153607536912,0.09717707542551639
25816,GOF,0.007702087440782897,0.8584103151285158,0.1338875974307013
25817,GOF,0.10906337752270275,0.7996009757401232,0.09133564673717404
25818,GOF,0.028141826431248053,0.8353079132599718,0.13655026030878006
25819,GOF,0.06684554925186596,0.7840939334844672,0.14906051726366698
25820,GOF,0.035096445190271774,0.7877598775215964,0.17714367728813174
25821,GOF,0.021428589321391814,0.7789172230693294,0.1996541876092786
25822,GOF,0.04031707023323946,0.8012064234455546,0.15847650632120605
25823,GOF,0.014887821978994728,0.6801527924995397,0.30495938552146556
25824,GOF,0.02581662777501809,0.7911180615881065,0.18306531063687562
25825,GOF,0.014837166036549925,0.77354121559318,0.21162161837027005
25826,GOF,0.005449369059098462,0.7473977927837209,0.24715283815718073
25827,GOF,0.008358400415108687,0.7234384102056829,0.2682031893792085
25828,GOF,0.006458959112179903,0.6776679413906129,0.31587309949720715
25829,GOF,0.003029927338298094,0.7357814993280619,0.26118857333363993
25830,GOF,0.03800990829198666,0.5419941993983317,0.41999589230968154
25831,GOF,0.08536939776105752,0.8048177684933361,0.10981283374560653
25832,GOF,0.010441291180223002,0.8219229021624954,0.1676358066572816
25833,GOF,0.040827360204036864,0.8593410600687115,0.09983157972725162
25834,GOF,0.011068690083608619,0.8334518522830051,0.1554794576333863
25835,GOF,0.02389466750869491,0.8713403307644133,0.10476500172689177
25836,GOF,0.007685398872703914,0.8394929681606295,0.1528216329666665
25837,GOF,0.007109906385442626,0.7358590505910942,0.2570310430234631
25838,GOF,0.025150148238170206,0.878767336300331,0.0960825154614988
25839,GOF,0.0462067997906224,0.8668627841381256,0.08693041607125217
25840,GOF,0.08216407233049114,0.8431326421138116,0.0747032855556973
25841,GOF,0.0753082126156223,0.8571447423125739,0.06754704507180384
25842,GOF,0.027042946525461627,0.902187002519506,0.0707700509550323
25843,GOF,0.02726206209710638,0.9090989238541145,0.0636390140487792
25844,GOF,0.015323456781356845,0.8652128753162676,0.11946366790237559
25845,GOF,0.006016428997518308,0.6793447235615422,0.3146388474409394
25846,GOF,0.0760750440048912,0.8501298416231569,0.07379511437195192
25847,GOF,0.01870871297296157,0.9115281476964839,0.0697631393305544
25848,GOF,0.017106358070952246,0.8764635504271543,0.10643009150189335
25849,GOF,0.0053785605132239366,0.7725599985879061,0.22206144089886984
25850,GOF,0.006608996578971592,0.7764764958459486,0.2169145075750799
25851,GOF,0.005954381335162747,0.6623463368306856,0.33169928183415165
25852,GOF,0.1498239797546666,0.6173357965011335,0.23284022374419985
25853,GOF,0.08082504327379074,0.8408751193072975,0.07829983741891172
25854,GOF,0.006049385263163224,0.7116470969503271,0.2823035177865096
25855,GOF,0.016506721171826406,0.6879577833186957,0.29553549550947794
25856,GOF,0.04090023170825015,0.8148169821564389,0.14428278613531084
25857,GOF,0.01863450980181798,0.6643489721229815,0.31701651807520054
25858,GOF,0.009103568538971674,0.6899711648154224,0.30092526664560587
25859,GOF,0.005967828215630263,0.6594336082485088,0.3345985635358608
25860,GOF,0.10760019860954116,0.8193282049957733,0.07307159639468551
25861,GOF,0.08598706362315083,0.8281198513314741,0.08589308504537495
25862,GOF,0.021947240909503663,0.8827973119394743,0.09525544715102192
25863,GOF,0.022623583933161932,0.889712146640947,0.08766426942589119
25864,GOF,0.051569629705604074,0.8843349443760032,0.06409542591839261
25865,GOF,0.03764282933402011,0.8640111316595557,0.09834603900642419
25866,GOF,0.026985009121430228,0.8802360605716854,0.09277893030688439
25867,GOF,0.037167807368099735,0.8918424824786576,0.07098971015324258
25868,GOF,0.04877238996238863,0.8582766963407429,0.09295091369686853
25869,GOF,0.34559692486756377,0.5931876708182133,0.06121540431422281
25870,GOF,0.06752168983030016,0.6945861279622739,0.23789218220742592
25871,GOF,0.009547539062412892,0.8973525440768191,0.09309991686076814
25872,GOF,0.021282462972543034,0.8854310729995362,0.09328646402792069
25873,GOF,0.02105365987705343,0.9070330439880147,0.0719132961349319
25874,LOF,0.016665268259254015,0.23169646225364954,0.7516382694870966
25875,LOF,0.05844703852851351,0.049879742372488135,0.8916732190989983
25876,LOF,0.016229033950889604,0.04408273913601875,0.9396882269130916
25877,LOF,0.12048255674591053,0.09283938033719921,0.7866780629168901
25878,LOF,0.07349682018862304,0.135004333548733,0.7914988462626439
25879,LOF,0.03276564653797569,0.09498083220730168,0.8722535212547226
25880,LOF,0.05633185737082707,0.013285218734760185,0.9303829238944127
25881,Neutral,0.5164339161515129,0.06978001918595117,0.41378606466253604
25882,LOF,0.08330843762588235,0.026313447210145835,0.8903781151639718
25883,LOF,0.026698361278538654,0.02476015177759559,0.9485414869438656
25884,LOF,0.01965899914188806,0.04859609273096286,0.931744908127149
25885,LOF,0.20932531244679148,0.012507236650074206,0.7781674509031343
25886,LOF,0.17433725618944942,0.05543609593159366,0.7702266478789569
25887,LOF,0.1720458716373128,0.06868526161987093,0.7592688667428164
25888,LOF,0.012384093635931823,0.1462822027665093,0.8413337035975589
25889,LOF,0.02491383879780479,0.036356817921986154,0.938729343280209
25890,LOF,0.1368006048134841,0.11547172549469159,0.7477276696918242
25891,LOF,0.08988104403841807,0.026716872596547477,0.8834020833650343
25892,LOF,0.00792075338602562,0.03302353445046037,0.959055712163514
25893,LOF,0.39225362529396773,0.008170415611377891,0.5995759590946544
25894,LOF,0.4186619070626706,0.004640323635259779,0.5766977693020696
25895,LOF,0.3174174636327327,0.011015789301392584,0.6715667470658747
25896,LOF,0.06657559473408907,0.015089666186309171,0.9183347390796017
25897,LOF,0.18517423897091528,0.007637005007729327,0.8071887560213553
25898,LOF,0.16709021800680846,0.025506932365287838,0.8074028496279038
25899,LOF,0.3811266149967966,0.01781705029167609,0.6010563347115273
25900,LOF,0.44465723164548376,0.008104246235871356,0.547238522118645
25901,LOF,0.06339196170462576,0.007322503719659195,0.9292855345757152
25902,LOF,0.19268404025191227,0.007662719563930747,0.7996532401841571
25903,LOF,0.4229237472304553,0.022288785425829995,0.5547874673437146
25904,Neutral,0.5136072114747162,0.022069769716511464,0.46432301880877225
25905,LOF,0.005064507265177561,0.4355513386401542,0.5593841540946682
25906,LOF,0.008607992765071168,0.11267841751623245,0.8787135897186964
25907,LOF,0.00499927765031558,0.33114698628431,0.6638537360653745
25908,LOF,0.005274431020215357,0.23467117493863376,0.7600543940411509
25909,LOF,0.023964857374993834,0.1555732891388824,0.8204618534861238
25910,LOF,0.011115723751299302,0.1390193400557182,0.8498649361929824
25911,LOF,0.31806786526771885,0.038511180342701484,0.6434209543895796
25912,LOF,0.07652590534594367,0.054098121922324036,0.8693759727317323
25913,LOF,0.04190929785607342,0.07001222193676157,0.888078480207165
25914,LOF,0.038683635297485836,0.039962966261963564,0.9213533984405506
25915,LOF,0.1885319926638028,0.18772406190426286,0.6237439454319342
25916,LOF,0.035419047047250976,0.12656406790068633,0.8380168850520627
25917,LOF,0.07134075851771782,0.03954356754974329,0.8891156739325388
25918,LOF,0.04157327006906346,0.026396100803739036,0.9320306291271975
25919,LOF,0.0364325293460057,0.0254824628028644,0.9380850078511298
25920,LOF,0.23444968039867034,0.2143866988444268,0.5511636207569028
25921,LOF,0.015444492511493858,0.0383232405984704,0.9462322668900358
25922,LOF,0.018113407627246662,0.033955569318787744,0.9479310230539656
25923,LOF,0.47818165513169614,0.02747967669253677,0.4943386681757671
25924,LOF,0.021965860266582145,0.05044986867162296,0.9275842710617949
25925,LOF,0.08308721434063361,0.040858628673671155,0.8760541569856952
25926,LOF,0.06347752077867554,0.03872905347281777,0.8977934257485066
25927,LOF,0.027452312697534512,0.059641483633473574,0.9129062036689918
25928,LOF,0.009123435400428889,0.054422641829979516,0.9364539227695915
25929,Neutral,0.5665207461011836,0.026682222906909043,0.40679703099190717
25930,LOF,0.07570936592749096,0.026837351429534907,0.8974532826429741
25931,LOF,0.013122107012900633,0.03535832353571313,0.9515195694513862
25932,LOF,0.07075566928908843,0.027905816017600924,0.9013385146933106
25933,LOF,0.06465142439872269,0.017685173450812348,0.917663402150465
25934,LOF,0.0630865619459193,0.016343575024422644,0.920569863029658
25935,LOF,0.07384535448263445,0.04937597188831389,0.8767786736290517
25936,LOF,0.10329647980881901,0.018227495784625847,0.8784760244065551
25937,LOF,0.018776704613761224,0.04008808904278708,0.9411352063434518
25938,LOF,0.07084650610806333,0.04347712914690314,0.8856763647450336
25939,LOF,0.04748375337379999,0.023062774939474957,0.9294534716867251
25940,LOF,0.008425286558433068,0.36569813030371573,0.6258765831378511
25941,Neutral,0.4988823202875929,0.04313563654301062,0.4579820431693965
25942,LOF,0.008633178048260122,0.044307964408421746,0.9470588575433182
25943,LOF,0.034559885163442786,0.17699655726893893,0.7884435575676182
25944,LOF,0.05410258740609842,0.0788070817828974,0.8670903308110042
25945,LOF,0.11514101049399057,0.019312845035283032,0.8655461444707264
25946,LOF,0.06976273596788585,0.047896317966123744,0.8823409460659903
25947,Neutral,0.44621250501048815,0.13615025443997927,0.41763724054953255
25948,LOF,0.42584378061674943,0.014628542846405307,0.5595276765368452
25949,LOF,0.14074386987962348,0.06213941930082715,0.7971167108195493
25950,GOF,0.06082272921110516,0.5956181225610078,0.343559148227887
25951,LOF,0.012173669787068912,0.4595781172520077,0.5282482129609234
25952,LOF,0.2875759976760111,0.3142191902897284,0.3982048120342604
25953,LOF,0.007075480017735872,0.19112187887836762,0.8018026411038965
25954,GOF,0.08562686971760085,0.5045173297196808,0.4098558005627184
25955,LOF,0.005718297116517695,0.18812598727277874,0.8061557156107035
25956,LOF,0.020593679237493744,0.24135388111324466,0.7380524396492616
25957,LOF,0.18016642219082513,0.031363705147320925,0.7884698726618539
25958,LOF,0.03314237833915843,0.040539153873340325,0.9263184677875013
25959,GOF,0.014762633734261517,0.6633470129735508,0.3218903532921875
25960,LOF,0.0062879924343896415,0.0682143281864601,0.9254976793791504
25961,LOF,0.030482119978485288,0.036055573965353374,0.9334623060561613
25962,LOF,0.042407950057963446,0.06671348363583224,0.8908785663062042
25963,LOF,0.005535526917644628,0.19681867600000003,0.7976457970823554
25964,LOF,0.027424692414320603,0.11914942487699691,0.8534258827086825
25965,LOF,0.24406360685885312,0.12190921894440634,0.6340271741967405
25966,Neutral,0.4624025481694951,0.1381808275509251,0.3994166242795798
25967,LOF,0.008174499360418789,0.09433412117870586,0.8974913794608753
25968,LOF,0.040166974597666404,0.26549852453549233,0.6943345008668412
25969,LOF,0.1670893197724321,0.057986422653750105,0.7749242575738178
25970,LOF,0.02780861896782441,0.08876123845418663,0.8834301425779889
25971,LOF,0.08418524382650783,0.027932846850974812,0.8878819093225173
25972,LOF,0.06248427904755218,0.04808330638177753,0.8894324145706703
25973,LOF,0.0661107020889031,0.008737008215573345,0.9251522896955235
25974,LOF,0.05082707182095859,0.036629995298276416,0.912542932880765
25975,LOF,0.045260400897971516,0.016021727377033116,0.9387178717249953
25976,LOF,0.09593156533178729,0.009339439940767181,0.8947289947274455
25977,LOF,0.21689974409761636,0.06836604961680416,0.7147342062855795
25978,LOF,0.18875550594965532,0.1196441027725348,0.6916003912778099
25979,LOF,0.1550937113388532,0.1328031804878972,0.7121031081732496
25980,LOF,0.25752503535367366,0.18760011873467194,0.5548748459116544
25981,LOF,0.25936773133613594,0.19016133047599015,0.550470938187874
25982,Neutral,0.48812980911825704,0.08906471430820018,0.4228054765735428
25983,Neutral,0.4932050840145573,0.1070220260759488,0.3997728899094938
25984,LOF,0.04003276538381996,0.09611812330126818,0.8638491113149118
25985,LOF,0.4085118169781875,0.14154938175389986,0.4499388012679126
25986,LOF,0.014102296984983722,0.39247238486346075,0.5934253181515554
25987,LOF,0.049254147235683006,0.09884821437224026,0.8518976383920768
25988,LOF,0.040689900525882054,0.1545751896094323,0.8047349098646855
25989,LOF,0.039410501846308066,0.18071350528431893,0.779875992869373
25990,LOF,0.04101660075254921,0.2782783625765846,0.6807050366708662
25991,LOF,0.02852147949509863,0.42184916149257645,0.5496293590123249
25992,LOF,0.02208531450570102,0.43289733776116274,0.5450173477331363
25993,LOF,0.027350146182695344,0.08149707910322886,0.8911527747140758
25994,LOF,0.023671489276420214,0.07970817158963406,0.8966203391339457
25995,LOF,0.020507005746522918,0.14550176667008224,0.8339912275833948
25996,GOF,0.32489011193383943,0.3408075023334616,0.33430238573269905
25997,LOF,0.07138299769224354,0.39729635962662097,0.5313206426811355
25998,LOF,0.29780715218107817,0.04055019716281519,0.6616426506561066
25999,LOF,0.023763708223850315,0.20737161994081055,0.7688646718353391
26000,LOF,0.17477840652513238,0.03669833962952302,0.7885232538453445
26001,LOF,0.24867540034156024,0.04980705140571162,0.701517548252728
26002,LOF,0.11519488746049322,0.050397030143768146,0.8344080823957386
26003,GOF,0.0068722535889510555,0.6495450799450546,0.3435826664659942
26004,GOF,0.010654259019126045,0.6944887749576519,0.2948569660232221
26005,GOF,0.004589965933739667,0.5025129946305179,0.4928970394357425
26006,GOF,0.12713133100721632,0.553583511250477,0.31928515774230665
26007,GOF,0.008823187734101715,0.5513896075706816,0.43978720469521665
26008,GOF,0.006415469882728105,0.6192639157401634,0.3743206143771086
26009,GOF,0.008356106516259884,0.6721400525654112,0.31950384091832884
26010,GOF,0.007977062523247825,0.6171716447303474,0.3748512927464048
26011,LOF,0.003478754812411453,0.46358258615728093,0.5329386590303076
26012,GOF,0.004894727910658517,0.5281513032412569,0.4669539688480846
26013,GOF,0.012374247831497721,0.587353387127757,0.4002723650407453
26014,LOF,0.05498705954222624,0.12132624092691244,0.8236866995308613
26015,LOF,0.35293590661703444,0.02652127643778835,0.6205428169451772
26016,LOF,0.30745916564016307,0.04115121345618206,0.6513896209036547
26017,LOF,0.02048446985267264,0.22349759562237034,0.756017934524957
26018,LOF,0.025720742951275403,0.05460147959272129,0.9196777774560034
26019,LOF,0.025604102335361475,0.04907569210419733,0.9253202055604411
26020,LOF,0.010257940186571685,0.21444513958886877,0.7752969202245596
26021,LOF,0.08445950210086844,0.07665804544023727,0.8388824524588944
26022,LOF,0.036020681134065057,0.031045390726832073,0.9329339281391028
26023,LOF,0.025646340843711524,0.03675063588376075,0.9376030232725276
26024,LOF,0.05088989184892061,0.07354962933977026,0.8755604788113092
26025,LOF,0.06268045061254296,0.08608811040849766,0.8512314389789595
26026,LOF,0.09062234557276318,0.07386951412179725,0.8355081403054395
26027,LOF,0.024748368563363862,0.02683686424070408,0.948414767195932
26028,LOF,0.1133781347851324,0.1558613394105384,0.7307605258043292
26029,LOF,0.018640535751809593,0.19499103507056248,0.786368429177628
26030,LOF,0.1634563075167027,0.02179006837052353,0.8147536241127739
26031,LOF,0.00917055656932254,0.1577257174387293,0.8331037259919482
26032,LOF,0.04309545985279647,0.05214716717655965,0.9047573729706438
26033,LOF,0.059199758579700744,0.048722249829726776,0.8920779915905725
26034,LOF,0.011449188219895724,0.1715793709376503,0.816971440842454
26035,LOF,0.011006228170512436,0.11209426958836649,0.876899502241121
26036,LOF,0.010504290978441645,0.12733389176790638,0.862161817253652
26037,LOF,0.009009993600246693,0.10982406822482459,0.8811659381749287
26038,LOF,0.03711305933746924,0.04659697641272289,0.9162899642498079
26039,LOF,0.021598962495832354,0.1500399429627037,0.828361094541464
26040,LOF,0.09559946291671938,0.1205546242461437,0.7838459128371369
26041,LOF,0.012550572731540125,0.08837690209102644,0.8990725251774334
26042,LOF,0.01123584073297397,0.1008369572898639,0.887927201977162
26043,LOF,0.03668258188133384,0.06431983162703576,0.8989975864916304
26044,LOF,0.011582748394771651,0.051197395221656776,0.9372198563835716
26045,LOF,0.07796061308020459,0.10212235914927947,0.819917027770516
26046,LOF,0.03212321607512217,0.050477195438713346,0.9173995884861645
26047,LOF,0.05617826150431611,0.05004546206881497,0.893776276426869
26048,LOF,0.05647778327349204,0.02602746505235602,0.917494751674152
26049,Neutral,0.9460528569143771,0.007630805764749011,0.046316337320873716
26050,Neutral,0.9226405910049645,0.008197355378983136,0.0691620536160522
26051,LOF,0.018561082339223423,0.11636047528196374,0.8650784423788128
26052,LOF,0.031842676215236385,0.13151032350268066,0.8366470002820829
26053,LOF,0.026848133856516705,0.15392156206820504,0.8192303040752782
26054,LOF,0.04859811268326404,0.025273525064777487,0.9261283622519585
26055,LOF,0.06641893150794301,0.023481830769208362,0.9100992377228486
26056,LOF,0.05586494822650121,0.028991418476866305,0.9151436332966326
26057,LOF,0.05814876933473308,0.015104390544164759,0.9267468401211022
26058,LOF,0.0601657516352797,0.012128517679155347,0.927705730685565
26059,LOF,0.17057932840169415,0.03140063967981321,0.7980200319184927
26060,LOF,0.016468718887093073,0.16288901127255562,0.8206422698403513
26061,LOF,0.011164860940665728,0.009867911066657077,0.9789672279926772
26062,LOF,0.0059512046817324854,0.01788034969871495,0.9761684456195525
26063,LOF,0.03825921200770194,0.011097249948599402,0.9506435380436987
26064,LOF,0.01004169639665137,0.02934961791731538,0.9606086856860333
26065,LOF,0.04869546922526116,0.01269915299322113,0.9386053777815178
26066,LOF,0.04678520999288461,0.010217445219293656,0.9429973447878218
26067,LOF,0.05511322978578122,0.00955917478229082,0.9353275954319279
26068,LOF,0.055949156236050956,0.03820816948703102,0.905842674276918
26069,LOF,0.15723664369912277,0.026245333507003782,0.8165180227938735
26070,LOF,0.314853310784137,0.021121309658015196,0.6640253795578479
26071,LOF,0.04328810671693419,0.012035538945946984,0.9446763543371189
26072,LOF,0.00997712535621817,0.02056182370948368,0.9694610509342981
26073,LOF,0.040411309398445325,0.014212561314355322,0.9453761292871994
26074,Neutral,0.9051258013556066,0.008339434135682834,0.0865347645087106
26075,LOF,0.05859321089015082,0.018928240826481663,0.9224785482833675
26076,LOF,0.05708533928445879,0.011635530152262393,0.9312791305632788
26077,LOF,0.15358133393733212,0.00715463939626436,0.8392640266664034
26078,LOF,0.008160117447838866,0.01488033332597294,0.9769595492261881
26079,LOF,0.0697025408391195,0.019211625191355945,0.9110858339695246
26080,LOF,0.06807650908881913,0.01926114850868207,0.9126623424024989
26081,LOF,0.03565969863598242,0.009338077787132073,0.9550022235768855
26082,LOF,0.007057533801896847,0.016513420475183886,0.9764290457229193
26083,LOF,0.09760063645107292,0.019380033525265378,0.8830193300236617
26084,LOF,0.10694966699388375,0.015087920067969742,0.8779624129381464
26085,LOF,0.09788811669414112,0.013002126384201557,0.8891097569216573
26086,LOF,0.04132673052171484,0.011921734733168451,0.9467515347451166
26087,LOF,0.03787941192085012,0.010115169596790236,0.9520054184823596
26088,LOF,0.0076628388092292435,0.02171348819428673,0.970623672996484
26089,LOF,0.044186523648336376,0.028728418219019624,0.9270850581326441
26090,LOF,0.04480695885261158,0.023105420735136925,0.9320876204122515
26091,LOF,0.03183990947540944,0.007806316330048565,0.9603537741945419
26092,LOF,0.04267523265336087,0.008265836220598684,0.9490589311260403
26093,LOF,0.08182440723870504,0.005697571965895175,0.9124780207953997
26094,LOF,0.03795155022897805,0.007059096929565739,0.9549893528414561
26095,LOF,0.03590543171104919,0.016094515521589362,0.9480000527673614
26096,LOF,0.20376621937490774,0.005042673624926404,0.7911911070001659
26097,LOF,0.0070441541233981384,0.031014441055779208,0.9619414048208226
26098,LOF,0.07462223849889689,0.016291802228980783,0.9090859592721222
26099,LOF,0.045063418975388535,0.0161297966205431,0.9388067844040684
26100,LOF,0.045063418975388535,0.0161297966205431,0.9388067844040684
26101,LOF,0.06048469267703421,0.030114925593994313,0.9094003817289715
26102,LOF,0.03518363854113998,0.016470153645361554,0.9483462078134985
26103,Neutral,0.8850871416695967,0.02465049046863215,0.09026236786177114
26104,LOF,0.06177451104203442,0.03776386735178219,0.9004616216061835
26105,LOF,0.23633320221567197,0.17192230271166895,0.591744495072659
26106,LOF,0.3232283659916753,0.10465091552045513,0.5721207184878696
26107,LOF,0.02277663278366026,0.10246802013987033,0.8747553470764695
26108,LOF,0.2732007179607003,0.04455988990347353,0.6822393921358262
26109,LOF,0.08085018977824156,0.0406899743266478,0.8784598358951107
26110,LOF,0.46286939830401574,0.008996469139363984,0.5281341325566202
26111,LOF,0.05618351882716625,0.14703618274592026,0.7967802984269136
26112,LOF,0.05231269816926599,0.008541279067969322,0.9391460227627646
26113,LOF,0.10759339484666854,0.021007067180045743,0.8713995379732857
26114,LOF,0.0907627350508103,0.009038326638101142,0.9001989383110884
26115,LOF,0.015365497809349886,0.046711980285748925,0.9379225219049013
26116,LOF,0.06893792904936775,0.01828056512118269,0.9127815058294496
26117,LOF,0.39428680186356485,0.030134785508153666,0.5755784126282815
26118,LOF,0.05031025683264852,0.014547770709372104,0.9351419724579795
26119,LOF,0.006035674956672253,0.02815632617877007,0.9658079988645577
26120,LOF,0.03606027830426965,0.01388211332786296,0.9500576083678675
