feature0,prediction,LoGoFunc_Neutral,LoGoFunc_GOF,LoGoFunc_LOF
25546,Neutral,0.6419702940961253,0.06546623615010287,0.292563469753772
25547,Neutral,0.511385896564129,0.13589828302784318,0.35271582040802785
25548,Neutral,0.476259731998588,0.09075002880122988,0.4329902392001822
25549,LOF,0.4457495213231901,0.10357147157509254,0.4506790071017174
25550,Neutral,0.6049188594967206,0.06306663185004349,0.3320145086532358
25551,Neutral,0.6386947702655641,0.06601790847865224,0.29528732125578366
25552,LOF,0.31382448404657576,0.10207953883908245,0.5840959771143418
25553,Neutral,0.5166537920990363,0.05812005174132871,0.42522615615963505
25554,LOF,0.3466714273113656,0.11487760944814612,0.5384509632404884
25555,LOF,0.2761946798871081,0.09877775715819935,0.6250275629546926
25556,LOF,0.3553685803010522,0.10368842119094387,0.540942998508004
25557,LOF,0.2744525428334802,0.10356527588157001,0.6219821812849498
25558,LOF,0.3604827974697925,0.10583359103922807,0.5336836114909794
25559,LOF,0.272060354953712,0.07369584155579907,0.6542438034904889
25560,LOF,0.040332244085399316,0.21240503477776376,0.7472627211368369
25561,LOF,0.11528352210516561,0.21484168819798122,0.6698747896968532
25562,LOF,0.10200347787512538,0.04889075185340014,0.8491057702714745
25563,LOF,0.14991685124219578,0.0701367173438307,0.7799464314139735
25564,LOF,0.06142638369947296,0.10969485357787738,0.8288787627226497
25565,LOF,0.12756452606455643,0.27198498244414165,0.6004504914913019
25566,GOF,0.031128752680148072,0.5606523244644057,0.40821892285544625
25567,LOF,0.01788625156840713,0.08480455210694945,0.8973091963246433
25568,LOF,0.0973138390300897,0.12574211212816688,0.7769440488417435
25569,LOF,0.25816010341962525,0.016510193942848684,0.7253297026375259
25570,LOF,0.08781001604395633,0.10085822106161693,0.8113317628944268
25571,LOF,0.09881380702079255,0.06902366924285344,0.8321625237363541
25572,LOF,0.07661654546335113,0.09993354171680348,0.8234499128198453
25573,LOF,0.039306962299877006,0.08010597934591358,0.8805870583542095
25574,LOF,0.01526914408915912,0.18482640473482417,0.7999044511760167
25575,LOF,0.08879140161092593,0.041103693447322356,0.8701049049417517
25576,LOF,0.02656735581796452,0.033096417388102886,0.9403362267939325
25577,LOF,0.020185558108166846,0.055014373855763736,0.9248000680360694
25578,LOF,0.31230541033013415,0.09110073180066566,0.5965938578692002
25579,LOF,0.10893719950586306,0.092839745043087,0.79822305545105
25580,LOF,0.05413491968503605,0.023714219603937277,0.9221508607110266
25581,LOF,0.09149417185187683,0.12533910726021563,0.7831667208879076
25582,LOF,0.09011056632308619,0.08031198467172068,0.8295774490051931
25583,LOF,0.06323713910866118,0.025873707153476783,0.910889153737862
25584,Neutral,0.522219178365196,0.04892793525027281,0.4288528863845312
25585,LOF,0.02139567862394946,0.03579793667829731,0.9428063846977531
25586,LOF,0.05749050813283462,0.047444402285003934,0.8950650895821616
25587,LOF,0.0422328848531756,0.034009824287116,0.9237572908597084
25588,LOF,0.04829111060933628,0.04798741717304323,0.9037214722176206
25589,Neutral,0.7369662629660484,0.08442687430232701,0.17860686273162454
25590,LOF,0.039431793393129536,0.08287938255624845,0.877688824050622
25591,LOF,0.1136522315816886,0.05631402314549506,0.8300337452728163
25592,LOF,0.23020513308714308,0.1258257645151538,0.6439691023977032
25593,LOF,0.022828365224985707,0.3007118483025468,0.6764597864724674
25594,LOF,0.07305162806314976,0.10648215315693575,0.8204662187799145
25595,LOF,0.05413255627398601,0.2154660890314336,0.7304013546945805
25596,LOF,0.11371208972723755,0.07347797606422528,0.8128099342085372
25597,LOF,0.10765384946024703,0.04718984902615055,0.8451563015136025
25598,LOF,0.1719645691289726,0.06983062929413611,0.7582048015768914
25599,LOF,0.013634569092745095,0.2305497330869502,0.7558156978203047
25600,LOF,0.016770495991808538,0.26086724134845507,0.7223622626597364
25601,LOF,0.010353856342913853,0.16315009864198152,0.8264960450151047
25602,LOF,0.03469966045898959,0.11507397181353579,0.8502263677274746
25603,LOF,0.04256448382105346,0.11407930728185611,0.8433562088970904
25604,LOF,0.029315266081432867,0.18409965540057982,0.7865850785179872
25605,LOF,0.014426812573014923,0.34680060677948005,0.6387725806475051
25606,GOF,0.07627604041676066,0.5512297440906345,0.3724942154926049
25607,LOF,0.0031565310498252366,0.2091651636044151,0.7876783053457597
25608,LOF,0.028318525343536998,0.04531945703988557,0.9263620176165773
25609,LOF,0.17335550326500923,0.14138651407808353,0.6852579826569072
25610,LOF,0.04137958052927961,0.08749818999561068,0.8711222294751098
25611,LOF,0.05558523057651937,0.07993923444653335,0.8644755349769473
25612,LOF,0.12689356438137267,0.09791252776315895,0.7751939078554684
25613,LOF,0.03861292803063395,0.17381058478611439,0.7875764871832516
25614,LOF,0.030854670153633166,0.10327328694336348,0.8658720429030033
25615,LOF,0.03409326359039917,0.08145701048854782,0.884449725921053
25616,LOF,0.02410466514702257,0.15514986530140193,0.8207454695515755
25617,LOF,0.04774575284415163,0.09908006967391415,0.8531741774819341
25618,LOF,0.09684473978430519,0.4209309865980735,0.4822242736176214
25619,LOF,0.04171999340893226,0.09405299243087002,0.8642270141601976
25620,LOF,0.034043488412558796,0.12814613798971455,0.8378103735977266
25621,LOF,0.04280104033713599,0.09543381880315535,0.8617651408597087
25622,LOF,0.03218099445573333,0.1268410325209358,0.840977973023331
25623,LOF,0.05205294450676163,0.10681471701066604,0.8411323384825724
25624,LOF,0.031020121538493102,0.15834000901729875,0.8106398694442082
25625,LOF,0.035360096050396625,0.13305506668236516,0.8315848372672382
25626,LOF,0.1420852232597055,0.06549241481651857,0.7924223619237759
25627,Neutral,0.46273293826374307,0.15965240694037025,0.37761465479588663
25628,LOF,0.15278934698497806,0.043273718900646345,0.8039369341143755
25629,LOF,0.18291278548921383,0.04767231223690195,0.7694149022738842
25630,LOF,0.08204826407105668,0.059520360163062204,0.8584313757658811
25631,Neutral,0.471486502233431,0.14007757777228347,0.3884359199942855
25632,LOF,0.012368021578283357,0.057628327184320996,0.9300036512373957
25633,LOF,0.3215486926980114,0.2100892769566352,0.4683620303453534
25634,LOF,0.0707737681987291,0.18523430552744402,0.7439919262738269
25635,LOF,0.04265466790630782,0.0624087637136928,0.8949365683799995
25636,GOF,0.0049101730321384675,0.5605567998585471,0.43453302710931446
25637,LOF,0.005433304279698806,0.26200239164828293,0.7325643040720182
25638,LOF,0.006690203451704817,0.31125311952245965,0.6820566770258355
25639,LOF,0.0063935990517966935,0.21750208111272273,0.7761043198354806
25640,Neutral,0.5737883259441596,0.29166595017820307,0.13454572387763736
25641,LOF,0.010734909480739688,0.12220022430253592,0.8670648662167243
25642,LOF,0.2959887538303734,0.03516153149963078,0.6688497146699959
25643,LOF,0.40206906785290597,0.011125126247140146,0.5868058058999539
25644,LOF,0.011853648405644408,0.43473920657828574,0.5534071450160699
25645,GOF,0.009978514063116988,0.5544983175898197,0.4355231683470633
25646,LOF,0.010490732225373578,0.3472568843170687,0.6422523834575578
25647,LOF,0.011195287097659403,0.3565970537245651,0.6322076591777754
25648,LOF,0.00872019813015157,0.39536331376282685,0.5959164881070216
25649,LOF,0.008722250817677487,0.21821305525022044,0.773064693932102
25650,GOF,0.028336106241651497,0.5189199885726757,0.4527439051856727
25651,LOF,0.007701668458095526,0.36699380226688044,0.625304529275024
25652,LOF,0.016950622374746458,0.3017204999935051,0.6813288776317484
25653,GOF,0.07554186220669501,0.5777232588077895,0.34673487898551547
25654,GOF,0.011024495544835807,0.5136574007526324,0.4753181037025318
25655,GOF,0.08523068994757933,0.5144956678213225,0.4002736422310982
25656,LOF,0.05799023885556277,0.35340591490595985,0.5886038462384774
25657,LOF,0.24060385923561486,0.03899303061429111,0.7204031101500942
25658,LOF,0.022637948049378482,0.31909608079423696,0.6582659711563845
25659,LOF,0.13554070580838118,0.22231439801182215,0.6421448961797966
25660,LOF,0.09884070143745376,0.12494104176541394,0.7762182567971323
25661,LOF,0.08092347883091472,0.0767528052379007,0.8423237159311845
25662,LOF,0.05357186698520859,0.07077621440557284,0.8756519186092185
25663,LOF,0.05225678866695706,0.09796955912304516,0.8497736522099979
25664,LOF,0.040709466803905775,0.17330253621234892,0.7859879969837453
25665,LOF,0.06527083742386887,0.17108230089423676,0.7636468616818943
25666,LOF,0.0711490475930269,0.1402949289519519,0.7885560234550212
25667,LOF,0.04664186440045334,0.032014577262637386,0.9213435583369094
25668,LOF,0.05205572973240329,0.04913477285142347,0.8988094974161732
25669,LOF,0.04386859250116597,0.08067877272242177,0.8754526347764123
25670,LOF,0.060862737823374036,0.06547882987539143,0.8736584323012346
25671,LOF,0.0656618150936627,0.07869159586070686,0.8556465890456304
25672,LOF,0.07340386484794954,0.08233675004577526,0.8442593851062751
25673,LOF,0.06312118645284746,0.07012353271187569,0.8667552808352769
25674,LOF,0.03600435551268287,0.11046426208505758,0.8535313824022595
25675,LOF,0.06619387034711459,0.0426860204244294,0.891120109228456
25676,LOF,0.05040356056140844,0.09782606982143843,0.8517703696171532
25677,LOF,0.07333991307647558,0.06089015889159334,0.865769928031931
25678,LOF,0.2921652893812324,0.046201375837387836,0.6616333347813798
25679,LOF,0.15225294324391206,0.09202897410227105,0.7557180826538169
25680,LOF,0.09713032646830694,0.1501580601771205,0.7527116133545725
25681,LOF,0.11456669830756264,0.1380789790699035,0.7473543226225338
25682,LOF,0.06278594507966533,0.0750362874114098,0.8621777675089248
25683,LOF,0.12931203336518185,0.07594052248728592,0.7947474441475321
25684,LOF,0.09528043243119169,0.11811562625114945,0.7866039413176589
25685,LOF,0.10059943095528685,0.05108583598674857,0.8483147330579645
25686,LOF,0.023706317164793513,0.22195505836136986,0.7543386244738366
25687,LOF,0.03712856409194342,0.2232097814532536,0.739661654454803
25688,LOF,0.015305179822954174,0.3474236893459394,0.6372711308311064
25689,LOF,0.01069484377209503,0.1935443316423423,0.7957608245855626
25690,LOF,0.011564575921156577,0.4348968312332062,0.5535385928456372
25691,GOF,0.08109794100497443,0.6008694158561143,0.3180326431389113
25692,LOF,0.11903829608387945,0.0444612924812283,0.8365004114348923
25693,GOF,0.025613732474127807,0.49909217151531754,0.47529409601055456
25694,LOF,0.19883667187009563,0.0586610472725935,0.742502280857311
25695,LOF,0.1614499633475457,0.08379441834240761,0.7547556183100468
25696,LOF,0.16546423167844188,0.0616532795055366,0.7728824888160215
25697,LOF,0.1516945662462541,0.033741496474133506,0.8145639372796123
25698,LOF,0.014314135825733152,0.48011132199901235,0.5055745421752544
25699,LOF,0.07037521386658231,0.29630161510768793,0.6333231710257298
25700,LOF,0.05189524829978358,0.017708989471749308,0.9303957622284671
25701,LOF,0.009959875350892971,0.4448609823373896,0.5451791423117175
25702,GOF,0.02145342806734668,0.6267957259922453,0.35175084594040806
25703,LOF,0.015629927809809895,0.07581691440591062,0.9085531577842795
25704,LOF,0.06949582216940849,0.11224847338751617,0.8182557044430755
25705,LOF,0.09702856980087639,0.22486937036639218,0.6781020598327314
25706,GOF,0.019899768525024796,0.7895409074805062,0.19055932399446895
25707,GOF,0.016572355349327217,0.7522185106140065,0.23120913403666643
25708,GOF,0.007259460289195662,0.8025096782730933,0.19023086143771112
25709,LOF,0.048739803781012746,0.11770043891779959,0.8335597573011877
25710,LOF,0.013125911055862128,0.20810166573488448,0.7787724232092533
25711,LOF,0.047239094725833757,0.14465718296092697,0.8081037223132392
25712,LOF,0.022283375465194186,0.1481531451740545,0.8295634793607513
25713,LOF,0.043012680569879835,0.14668957462438506,0.810297744805735
25714,LOF,0.03676275333677465,0.3270889241636943,0.6361483224995309
25715,LOF,0.036448802926513174,0.21360228046937008,0.7499489166041168
25716,LOF,0.011988450661348776,0.09204580008698943,0.8959657492516617
25717,LOF,0.011396262163150764,0.08181579796256365,0.9067879398742855
25718,LOF,0.049433507525760714,0.08128847234567191,0.8692780201285675
25719,LOF,0.042538197600610735,0.1540771202859078,0.8033846821134815
25720,LOF,0.03934099851973277,0.18494459506923264,0.7757144064110346
25721,LOF,0.04517977921405723,0.1050226922295332,0.8497975285564097
25722,LOF,0.040890735622534265,0.13325413597158473,0.825855128405881
25723,LOF,0.051546228553909675,0.1820492830052041,0.7664044884408862
25724,GOF,0.05895545719683371,0.5079149659730654,0.4331295768301008
25725,LOF,0.06833253320181835,0.14805337972932148,0.7836140870688602
25726,LOF,0.04327625130467587,0.15231301207188558,0.8044107366234385
25727,LOF,0.06460864156044953,0.1053218808663738,0.8300694775731766
25728,LOF,0.03654694204230672,0.22862278273265574,0.7348302752250375
25729,LOF,0.04151743407055042,0.215219248644609,0.7432633172848406
25730,LOF,0.04917667795099969,0.1712701414233322,0.779553180625668
25731,LOF,0.01569533160510883,0.11785188795529047,0.8664527804396006
25732,LOF,0.03260675509124161,0.11425041590574576,0.8531428290030126
25733,LOF,0.04354203459014588,0.2811312995988735,0.6753266658109806
25734,LOF,0.009292645927112977,0.20158980850071406,0.7891175455721728
25735,LOF,0.04226795955060096,0.12677394890303337,0.8309580915463656
25736,LOF,0.03885100171533687,0.20269811200187093,0.7584508862827922
25737,LOF,0.06591901709940907,0.11451168636517954,0.8195692965354113
25738,LOF,0.05442515724776768,0.2324377590387499,0.7131370837134824
25739,LOF,0.03936080649974116,0.18304672217767728,0.7775924713225815
25740,LOF,0.06020896985353814,0.18108785043000253,0.7587031797164594
25741,LOF,0.057178577965036795,0.17768471373292907,0.7651367083020341
25742,LOF,0.06433396578624001,0.2048941263872095,0.7307719078265505
25743,LOF,0.012149025761451637,0.041995035926182346,0.9458559383123659
25744,GOF,0.06864262023467997,0.5218033917714753,0.4095539879938447
25745,LOF,0.01790124813387676,0.4653951045171684,0.5167036473489549
25746,LOF,0.010201792277207791,0.44693987809582153,0.5428583296269707
25747,LOF,0.044745671144013226,0.04767262878796285,0.907581700068024
25748,LOF,0.09577985375707677,0.3014168652911972,0.6028032809517261
25749,LOF,0.011007469525680295,0.3702728009579953,0.6187197295163244
25750,LOF,0.012517309952683013,0.4429632454620676,0.5445194445852494
25751,LOF,0.029623635561308426,0.20166601616830654,0.768710348270385
25752,GOF,0.10042232734352112,0.6530499775777486,0.24652769507873015
25753,LOF,0.010690679482949153,0.2797802092719774,0.7095291112450735
25754,GOF,0.011122879625863722,0.8908031642606923,0.09807395611344408
25755,LOF,0.010233044378586756,0.2871921411635298,0.7025748144578835
25756,LOF,0.05248339714099869,0.3498918841816335,0.5976247186773678
25757,GOF,0.010401546437182713,0.8265845650346957,0.1630138885281215
25758,GOF,0.009794154114894878,0.8928490363457681,0.09735680953933695
25759,GOF,0.00627769458462655,0.7848617454877993,0.2088605599275741
25760,LOF,0.009294471304953247,0.16362571171530924,0.8270798169797374
25761,GOF,0.03689679282271456,0.8756194237713072,0.0874837834059782
25762,LOF,0.05734834937103133,0.37818619292072025,0.5644654577082484
25763,LOF,0.011359870988323941,0.1696321951185168,0.8190079338931593
25764,GOF,0.07896564118634113,0.7013725430344516,0.21966181577920726
25765,GOF,0.009582363432175521,0.8840320579832588,0.10638557858456585
25766,GOF,0.02837904448830127,0.8345697064959143,0.13705124901578442
25767,GOF,0.00813186726197291,0.646961732935965,0.344906399802062
25768,LOF,0.05182221310079797,0.07583659054380315,0.872341196355399
25769,LOF,0.03253384479593483,0.2370020280161994,0.7304641271878658
25770,Neutral,0.7326422924686168,0.07937588532390417,0.18798182220747914
25771,LOF,0.03217829800871577,0.1309304299209533,0.836891272070331
25772,LOF,0.05017876413976799,0.1881026472490455,0.7617185886111866
25773,LOF,0.02566201745019856,0.2991237742925498,0.6752142082572515
25774,LOF,0.05250037142204129,0.238855748566424,0.7086438800115347
25775,LOF,0.02781972728899603,0.09974054382851426,0.8724397288824897
25776,LOF,0.028196092192143883,0.1812910937183876,0.7905128140894685
25777,LOF,0.2980588768117316,0.15578214325777692,0.5461589799304916
25778,LOF,0.039517386778475765,0.19701366509805082,0.7634689481234734
25779,GOF,0.12634798100838357,0.5985554927472222,0.2750965262443942
25780,GOF,0.11682933052359806,0.5880755604785762,0.2950951089978258
25781,GOF,0.06144425713748385,0.4986130499654689,0.4399426928970471
25782,GOF,0.048516007439973204,0.5552553928987657,0.3962285996612612
25783,GOF,0.10252989026391268,0.6298246859725289,0.2676454237635584
25784,GOF,0.20422705987632173,0.5725611249313622,0.2232118151923161
25785,GOF,0.3300295193669525,0.5381743692276826,0.13179611140536493
25786,LOF,0.019648737904689084,0.30829695671982965,0.6720543053754813
25787,Neutral,0.5184939466196631,0.3023174063151915,0.17918864706514537
25788,LOF,0.04115689495090079,0.07226834900414028,0.8865747560449591
25789,GOF,0.03724106584689589,0.7058897630529057,0.25686917110019836
25790,GOF,0.04942275960308146,0.5307378139984835,0.41983942639843513
25791,GOF,0.04179993027461195,0.493958558527684,0.4642415111977041
25792,GOF,0.050575839635364446,0.5368852798210333,0.41253888054360227
25793,LOF,0.07568214190443609,0.4568984205415139,0.46741943755404997
25794,LOF,0.06366131518133503,0.35241280526531943,0.5839258795533456
25795,LOF,0.04135353656690489,0.21124303572962647,0.7474034277034687
25796,LOF,0.341659506480525,0.27900599051492575,0.37933450300454924
25797,LOF,0.09919213163945395,0.3132117465861982,0.5875961217743478
25798,GOF,0.012230732248017082,0.6617215826602382,0.32604768509174464
25799,GOF,0.009277439503664936,0.539570226218643,0.451152334277692
25800,GOF,0.04059963648216486,0.7654820090990662,0.1939183544187689
25801,GOF,0.059874977183099067,0.6469980648679227,0.29312695794897814
25802,GOF,0.06536555332218356,0.6143070001929619,0.3203274464848546
25803,LOF,0.04171779485494233,0.4355582642669475,0.5227239408781101
25804,LOF,0.09434938718368108,0.33597196096015786,0.5696786518561611
25805,GOF,0.058803026586548506,0.5345928732333882,0.40660410018006315
25806,GOF,0.07200796550528242,0.5552136155442705,0.3727784189504471
25807,LOF,0.02833642481387748,0.45920879157797256,0.5124547836081499
25808,GOF,0.06424660955284762,0.6286559304363056,0.30709746001084676
25809,LOF,0.017507396707695966,0.40330939659259174,0.5791832066997122
25810,LOF,0.01584887740492102,0.44419131370496534,0.5399598088901135
25811,GOF,0.12639489195824918,0.5389381233398441,0.3346669847019066
25812,LOF,0.09798601557901745,0.39015968556637365,0.5118542988546089
25813,GOF,0.3408539189535563,0.40118751918476037,0.25795856186168326
25814,GOF,0.06830559275573733,0.4980674285205877,0.433626978723675
25815,GOF,0.10944580465800738,0.5198637641180939,0.37069043122389855
25816,GOF,0.018327305520660926,0.6353855069749563,0.3462871875043826
25817,LOF,0.1199994110345814,0.4284461014418586,0.4515544875235601
25818,GOF,0.062191013664650296,0.5611961759661473,0.3766128103692024
25819,LOF,0.10493253477973037,0.41947687650997145,0.47559058871029813
25820,LOF,0.12209490725954723,0.36851635466002347,0.5093887380804293
25821,LOF,0.08938442255573506,0.4109971881113436,0.4996183893329214
25822,LOF,0.1702754926953978,0.3428147661436601,0.4869097411609421
25823,LOF,0.08342275024098963,0.26762712886872186,0.6489501208902886
25824,GOF,0.05271483501950609,0.6088552678381017,0.33842989714239213
25825,GOF,0.036922526301750046,0.6343123795391246,0.32876509415912536
25826,LOF,0.01566075145652154,0.4249559233751526,0.5593833251683258
25827,GOF,0.015218356244893943,0.5443721815653129,0.44040946218979327
25828,GOF,0.016952943334401952,0.5208927994421272,0.4621542572234709
25829,LOF,0.00875896641870871,0.2917620071194898,0.6994790264618015
25830,LOF,0.13852828017762842,0.05132265783732357,0.8101490619850481
25831,GOF,0.05537872700572004,0.6541900691887004,0.2904312038055795
25832,LOF,0.01622902042953542,0.3544568403554161,0.6293141392150484
25833,GOF,0.06707824883118335,0.5336623631846007,0.3992593879842159
25834,LOF,0.016879369236667063,0.35977399766410945,0.6233466330992236
25835,GOF,0.053091208755101406,0.6687069411425582,0.27820185010234033
25836,LOF,0.013859159770731749,0.4917375602054133,0.49440328002385503
25837,LOF,0.023290061311141152,0.37917980941546947,0.5975301292733893
25838,GOF,0.04959654203237044,0.5810151920934371,0.3693882658741925
25839,GOF,0.11613408704424508,0.4592033393964655,0.4246625735592895
25840,GOF,0.1254452690387852,0.5329905503612288,0.3415641805999861
25841,GOF,0.10513454717332298,0.5869891095097814,0.30787634331689556
25842,GOF,0.05818771863553754,0.699317173380555,0.2424951079839074
25843,GOF,0.041140587066662036,0.7302403757166359,0.22861903721670204
25844,GOF,0.043098217610245404,0.5533863287082553,0.40351545368149916
25845,LOF,0.012497907841167057,0.3078981797964081,0.6796039123624248
25846,GOF,0.0634495199910717,0.5598628758797771,0.3766876041291512
25847,GOF,0.04574419112275978,0.6685386676616576,0.2857171412155826
25848,GOF,0.04082932395646381,0.7237529964170343,0.2354176796265018
25849,GOF,0.01059424013590557,0.5977222551706219,0.3916835046934725
25850,LOF,0.015379913294849732,0.48454898503360794,0.5000711016715425
25851,LOF,0.01575404007084822,0.4097789930415401,0.5744669668876117
25852,LOF,0.2524002640855395,0.3017598766137454,0.44583985930071507
25853,GOF,0.10265846015149298,0.4532606324544163,0.44408090739409073
25854,LOF,0.01062193153427177,0.43978669668727327,0.549591371778455
25855,LOF,0.035755527662123934,0.39908524787805877,0.5651592244598173
25856,GOF,0.08162877696031699,0.6022611222242465,0.3161101008154365
25857,LOF,0.03900001087184488,0.3342298734678404,0.6267701156603147
25858,LOF,0.016357931815029855,0.26768507726577745,0.7159569909191927
25859,LOF,0.010685501603451313,0.25832768299766146,0.7309868153988872
25860,LOF,0.11845347952231927,0.3298842239449519,0.5516622965327288
25861,GOF,0.11402489564715068,0.5014209245524383,0.38455417980041107
25862,GOF,0.03411056952866657,0.7441854074419998,0.2217040230293336
25863,GOF,0.03676057111933679,0.6333368513950968,0.32990257748556634
25864,GOF,0.045536270391351816,0.7184629350895082,0.23600079451913994
25865,GOF,0.03961978070608319,0.7095556310111785,0.25082458828273824
25866,GOF,0.047637092055952485,0.6994269458711512,0.2529359620728963
25867,GOF,0.11898968633555286,0.7007440038411166,0.18026630982333056
25868,GOF,0.12851560950374438,0.4909211149944946,0.38056327550176094
25869,Neutral,0.4565813468765916,0.37213017550259353,0.1712884776208148
25870,LOF,0.18800693132913812,0.09464622679632057,0.7173468418745413
25871,LOF,0.016687038218583868,0.3154686064916557,0.6678443552897604
25872,LOF,0.04466162334055792,0.3488060457609887,0.6065323308984534
25873,GOF,0.033982937069734,0.5488731912378766,0.4171438716923894
25874,LOF,0.05718960851044584,0.024621377930074385,0.9181890135594798
25875,LOF,0.021462667301197145,0.43643585360963516,0.5421014790891678
25876,LOF,0.03306957774152406,0.1148252401921129,0.852105182066363
25877,GOF,0.07236613520912517,0.6203690858958785,0.30726477889499637
25878,GOF,0.04661928755321433,0.7680744831005174,0.18530622934626828
25879,LOF,0.012063389434255292,0.3651546892310501,0.6227819213346946
25880,LOF,0.04579918632595926,0.06695543172387489,0.8872453819501658
25881,Neutral,0.40157255781924905,0.3907126980058239,0.20771474417492705
25882,LOF,0.02594756478237114,0.2918076283559743,0.6822448068616547
25883,LOF,0.026918903622519395,0.1308044287977122,0.8422766675797685
25884,LOF,0.023573117029046273,0.17167601239867364,0.8047508705722801
25885,LOF,0.15528988551455142,0.046121934649594805,0.7985881798358538
25886,LOF,0.054109759928750646,0.21300949500791924,0.73288074506333
25887,GOF,0.04100017059902473,0.6011192232974426,0.3578806061035327
25888,LOF,0.004908200051206117,0.4474464447164896,0.5476453552323044
25889,LOF,0.04196247222748806,0.09600122392868597,0.8620363038438259
25890,LOF,0.1542103113785653,0.30382562083909714,0.5419640677823375
25891,LOF,0.12436531244371432,0.08004303109313776,0.7955916564631479
25892,LOF,0.005587621824755035,0.1417126543891055,0.8526997237861395
25893,LOF,0.25842561502893,0.060157055851855136,0.6814173291192147
25894,LOF,0.31417093837614024,0.032615828839827686,0.653213232784032
25895,LOF,0.21521846544589326,0.041713613190439404,0.7430679213636674
25896,LOF,0.08734476071429918,0.10243098286702765,0.8102242564186732
25897,LOF,0.09491183363905202,0.06729321141850098,0.837794954942447
25898,GOF,0.06749489096120875,0.5243137685445816,0.4081913404942097
25899,LOF,0.23864450039600243,0.21127253961451462,0.550082959989483
25900,Neutral,0.8615676061358467,0.03939079887151006,0.09904159499264328
25901,LOF,0.07662905575785059,0.030944505420794605,0.8924264388213549
25902,LOF,0.20198865424033968,0.011606904603414502,0.7864044411562457
25903,LOF,0.1232627862626525,0.14928729701666224,0.7274499167206852
25904,LOF,0.40501287435371136,0.18768559447932806,0.4073015311669605
25905,LOF,0.010824729457563817,0.440920929613555,0.5482543409288811
25906,LOF,0.015869052031695443,0.05550670964252966,0.9286242383257749
25907,LOF,0.009311517119741078,0.3494094009672787,0.6412790819129801
25908,LOF,0.009566721898418533,0.32045786211451094,0.6699754159870706
25909,LOF,0.0351173511682398,0.17572900380810083,0.7891536450236594
25910,LOF,0.017926108212610207,0.14604028360269272,0.836033608184697
25911,LOF,0.09211597856603888,0.09315462967631906,0.814729391757642
25912,LOF,0.1179142599722179,0.028721844287699923,0.8533638957400822
25913,LOF,0.014402024001021986,0.08912378388055679,0.8964741921184212
25914,LOF,0.03894882591043189,0.17874522696111975,0.7823059471284484
25915,GOF,0.06788220648873493,0.8577153311123902,0.07440246239887492
25916,GOF,0.017552540846552875,0.6744284914727091,0.30801896768073805
25917,LOF,0.2433870107894447,0.11802460641239818,0.6385883827981571
25918,LOF,0.043331345459126334,0.12826985617570405,0.8283987983651695
25919,LOF,0.04225448199509312,0.09621458467293567,0.8615309333319713
25920,GOF,0.14663532429843515,0.4873881031695107,0.365976572532054
25921,LOF,0.027241875195327305,0.04012598388061727,0.9326321409240554
25922,LOF,0.022403014720538007,0.0418812389267468,0.9357157463527153
25923,LOF,0.31322149032066654,0.07184514322692326,0.6149333664524103
25924,LOF,0.0305007775106002,0.07172166826253741,0.8977775542268623
25925,LOF,0.24226487579703518,0.018692752930778007,0.7390423712721869
25926,LOF,0.10553810788809935,0.08321428815355496,0.8112476039583456
25927,LOF,0.021076563973212,0.08896554874317901,0.8899578872836089
25928,LOF,0.018139172361666633,0.044229348999329156,0.9376314786390042
25929,Neutral,0.5857401113572822,0.06963153979688247,0.3446283488458353
25930,LOF,0.03585440630584644,0.060423525956501405,0.9037220677376522
25931,LOF,0.017905207333296026,0.05386140933650083,0.9282333833302031
25932,LOF,0.06888638574369008,0.033423202274733284,0.8976904119815766
25933,LOF,0.06058460139467509,0.02109519633390669,0.9183202022714183
25934,LOF,0.062422811848857875,0.02747641806593873,0.9101007700852034
25935,LOF,0.25444890467031456,0.02332064613594117,0.7222304491937444
25936,LOF,0.055300416606477575,0.026454368704414866,0.9182452146891076
25937,LOF,0.018045373423755284,0.07947639997505723,0.9024782266011876
25938,LOF,0.2576464431941892,0.020356137161215083,0.7219974196445957
25939,LOF,0.045403863648196235,0.027929923503819603,0.9266662128479842
25940,GOF,0.006549128874477059,0.6104415106064117,0.3830093605191113
25941,LOF,0.3753309806521641,0.06333116072537191,0.561337858622464
25942,LOF,0.012823837434724395,0.12061862157313118,0.8665575409921443
25943,GOF,0.018120051952741977,0.6188323539746255,0.3630475940726323
25944,LOF,0.01809619075360151,0.36479189875858997,0.6171119104878086
25945,LOF,0.0697142931566559,0.11283493704840299,0.8174507697949411
25946,LOF,0.08981332208168077,0.06991215951631026,0.840274518402009
25947,LOF,0.463183628300306,0.023932149017739445,0.5128842226819547
25948,LOF,0.22302429474610685,0.05265168449764637,0.7243240207562468
25949,LOF,0.2255338216895349,0.03119506699234878,0.7432711113181164
25950,GOF,0.05244995526274515,0.7831571082868543,0.16439293645040046
25951,LOF,0.012787360826558273,0.40841113967676584,0.5788014994966758
25952,LOF,0.08564564601388122,0.30659470476598766,0.6077596492201311
25953,LOF,0.007087795146783157,0.42539419373887893,0.5675180111143379
25954,GOF,0.025880661063798556,0.5305917811437315,0.44352755779247
25955,GOF,0.004659147915671517,0.5633921884647958,0.43194866361953277
25956,GOF,0.010730655018935066,0.629107323171909,0.360162021809156
25957,LOF,0.24414090878675523,0.061109550856186946,0.6947495403570578
25958,LOF,0.0230921132052282,0.22987495758297155,0.7470329292118003
25959,GOF,0.004583332962930641,0.5954776380419,0.39993902899516937
25960,LOF,0.006091255420503786,0.13891315517516836,0.854995589404328
25961,LOF,0.019787122588714963,0.2031600964345949,0.7770527809766902
25962,LOF,0.11837090299512582,0.02781801688163988,0.8538110801232343
25963,LOF,0.012447228182668635,0.1230361423401895,0.8645166294771418
25964,LOF,0.05628347750612105,0.13211423145759543,0.8116022910362836
25965,LOF,0.15509593334059585,0.20727076665118033,0.6376333000082237
25966,LOF,0.2106844214242007,0.32366728931752986,0.46564828925826957
25967,LOF,0.011837738915897414,0.05529956328348952,0.932862697800613
25968,LOF,0.12234314383335532,0.4011328670261209,0.4765239891405238
25969,LOF,0.2026327734057021,0.0257714377669499,0.7715957888273479
25970,LOF,0.021675015821625905,0.1575446058941198,0.8207803782842542
25971,LOF,0.08398957799634295,0.1513923795847904,0.7646180424188667
25972,LOF,0.07022058904664029,0.13042210455045525,0.7993573064029045
25973,LOF,0.20302802625203722,0.009207040634529758,0.787764933113433
25974,LOF,0.0761722764529194,0.2963484390743161,0.6274792844727646
25975,LOF,0.05515393120552691,0.022253029142943498,0.9225930396515296
25976,LOF,0.0806424570423542,0.015377567042828952,0.9039799759148169
25977,LOF,0.1943486361516932,0.07109044022447099,0.7345609236238357
25978,LOF,0.20915071367911092,0.20323920103568066,0.5876100852852084
25979,LOF,0.14962014566364862,0.24973761264112038,0.6006422416952311
25980,GOF,0.14608363531998272,0.4299469453080516,0.42396941937196564
25981,GOF,0.14995063779096135,0.44653914678192863,0.40351021542711
25982,LOF,0.19218046472186165,0.32659691279586245,0.481222622482276
25983,LOF,0.17130975487396438,0.3366155360151954,0.49207470911084017
25984,LOF,0.041190568984651905,0.09029890512532528,0.8685105258900228
25985,Neutral,0.42646694135289837,0.23415101168649588,0.33938204696060575
25986,GOF,0.009182322800955673,0.6465438075716003,0.34427386962744394
25987,LOF,0.024183311335432868,0.11584459573403726,0.8599720929305299
25988,LOF,0.036956710824288065,0.12506407284753351,0.8379792163281784
25989,LOF,0.04881139877186385,0.12383097140988485,0.8273576298182513
25990,LOF,0.04977073669855361,0.24104714691651208,0.7091821163849343
25991,GOF,0.04261258583558905,0.721882924790952,0.23550448937345891
25992,LOF,0.018740237559624985,0.42613539419375246,0.5551243682466226
25993,LOF,0.05471580062627299,0.03521581670604694,0.9100683826676801
25994,LOF,0.05707911224975173,0.06828459317816916,0.8746362945720791
25995,LOF,0.03992624303651747,0.06357343061189184,0.8965003263515907
25996,GOF,0.3220166878062657,0.3849805146454685,0.29300279754826586
25997,GOF,0.056805418124069626,0.5990905511871891,0.3441040306887413
25998,LOF,0.23471486321220345,0.09869551371703075,0.6665896230707659
25999,GOF,0.019386486755756792,0.6157634146864274,0.36485009855781586
26000,LOF,0.12028209459550095,0.00882932635972515,0.8708885790447738
26001,LOF,0.11549637520360968,0.02049038855340344,0.8640132362429868
26002,LOF,0.20525851297164555,0.006631403701945761,0.7881100833264088
26003,GOF,0.01264288823039084,0.49932057363183074,0.4880365381377784
26004,LOF,0.03820948380040756,0.3499964317333031,0.6117940844662894
26005,LOF,0.00702834818655994,0.4114651732206889,0.5815064785927512
26006,GOF,0.26084552443616876,0.449706613247169,0.2894478623166623
26007,LOF,0.02114834453294609,0.44301482564163785,0.535836829825416
26008,LOF,0.016801526100430116,0.3538013128954977,0.6293971610040722
26009,GOF,0.036329642858903596,0.6030916230632272,0.3605787340778692
26010,GOF,0.016431079980294985,0.498212112409126,0.4853568076105791
26011,LOF,0.008279694028203858,0.3080028141783284,0.6837174917934676
26012,LOF,0.00909926694777187,0.46910755395006204,0.5217931791021662
26013,LOF,0.009214346076760296,0.38291060096376955,0.6078750529594701
26014,LOF,0.1937852950007601,0.010432962486850206,0.7957817425123898
26015,LOF,0.11275714608373848,0.22398225599697666,0.6632605979192848
26016,LOF,0.15092149648241918,0.3261616039524095,0.5229168995651714
26017,GOF,0.014533634846876626,0.563213696243832,0.42225266890929136
26018,LOF,0.022481143187035032,0.3258180038344048,0.6517008529785602
26019,LOF,0.023464242654126444,0.2382379747500214,0.7382977825958521
26020,LOF,0.0073702422762260775,0.3306077327627576,0.6620220249610163
26021,LOF,0.06496123194416413,0.3104078616473987,0.6246309064084371
26022,LOF,0.05828282770431891,0.11130769243637717,0.830409479859304
26023,LOF,0.03918713901615089,0.27709371134744115,0.6837191496364079
26024,LOF,0.043012501010029916,0.25670230019469664,0.7002851987952735
26025,LOF,0.06425597492890697,0.3709454824152524,0.5647985426558406
26026,LOF,0.08628561635572668,0.3513658803257691,0.5623485033185042
26027,LOF,0.03461821453417711,0.15600163089186123,0.8093801545739616
26028,LOF,0.03898896636526968,0.3155088514532698,0.6455021821814606
26029,LOF,0.02535586383037456,0.456339930245205,0.5183042059244204
26030,LOF,0.22150334042164996,0.061290633919449035,0.717206025658901
26031,LOF,0.010953721949511604,0.44899990698354014,0.5400463710669482
26032,LOF,0.03494772762599238,0.09558779291557803,0.8694644794584296
26033,LOF,0.05191560397249613,0.22929592549063144,0.7187884705368723
26034,LOF,0.012627386724271264,0.3231398999397244,0.6642327133360043
26035,LOF,0.010433069722479201,0.3726694869015142,0.6168974433760066
26036,LOF,0.009939682008106005,0.24676174317598001,0.743298574815914
26037,LOF,0.010308249938834897,0.25592858327066204,0.7337631667905031
26038,LOF,0.025935277507945814,0.09954662169458157,0.8745181007974726
26039,LOF,0.021870091776913205,0.32996302021147017,0.6481668880116167
26040,LOF,0.04474904180239735,0.27043897466563294,0.6848119835319697
26041,LOF,0.01271681157310754,0.2637413036964583,0.7235418847304341
26042,LOF,0.011652405861431596,0.2908745163194143,0.697473077819154
26043,LOF,0.027029613459388563,0.23592891653903908,0.7370414700015723
26044,LOF,0.009269802331436258,0.2494625546466105,0.7412676430219532
26045,GOF,0.05033710704246439,0.6184036571117374,0.3312592358457983
26046,LOF,0.02599197929492643,0.24452242246984252,0.729485598235231
26047,LOF,0.0696627205410441,0.14454492676668154,0.7857923526922742
26048,LOF,0.08278113436637058,0.15065813594938984,0.7665607296842395
26049,Neutral,0.8234827374095154,0.07248233407821938,0.10403492851226533
26050,Neutral,0.8166730537583291,0.06441150902590852,0.11891543721576237
26051,GOF,0.01308272156354162,0.5965891118899943,0.39032816654646413
26052,GOF,0.01556332530177333,0.5260875626324591,0.45834911206576745
26053,LOF,0.03197355164177109,0.023642305389115686,0.9443841429691132
26054,LOF,0.1644311280325461,0.06329808294531458,0.7722707890221393
26055,LOF,0.19118992754975886,0.11098832896399806,0.6978217434862432
26056,LOF,0.19655105296937775,0.11587792375675522,0.6875710232738671
26057,LOF,0.05567734151139068,0.03703273380790787,0.9072899246807014
26058,LOF,0.0635547792239943,0.030596315555727543,0.9058489052202782
26059,Neutral,0.8407382034319837,0.06297364109085123,0.09628815547716502
26060,LOF,0.01189115660507208,0.3212704392869907,0.6668384041079373
26061,LOF,0.0158564984682621,0.029983878681880283,0.9541596228498577
26062,LOF,0.008577346212251532,0.07592506069225527,0.9154975930954932
26063,LOF,0.05277889876798236,0.03857249377677611,0.9086486074552416
26064,LOF,0.01486056779352605,0.042814575030680244,0.9423248571757936
26065,LOF,0.03736670819656725,0.055406512122088074,0.9072267796813448
26066,LOF,0.04938336385269307,0.041863417306066686,0.9087532188412402
26067,LOF,0.06121056153140238,0.05655936491816114,0.8822300735504365
26068,LOF,0.1730192203056211,0.06656437919750487,0.760416400496874
26069,LOF,0.0712678819587515,0.10312861843873608,0.8256034996025124
26070,LOF,0.08189648751395913,0.09204374948096493,0.8260597630050759
26071,LOF,0.05193203917456289,0.043449054725344334,0.9046189061000927
26072,LOF,0.010135193864796572,0.03191859981331182,0.9579462063218915
26073,LOF,0.04484760075975302,0.0310726613546424,0.9240797378856046
26074,Neutral,0.8272698684666216,0.04025259477625051,0.13247753675712792
26075,LOF,0.05664310437199029,0.1485962856191969,0.7947606100088127
26076,LOF,0.05350147274462638,0.07071761846840825,0.8757809087869654
26077,LOF,0.16262955492673412,0.07528890485115379,0.762081540222112
26078,LOF,0.009260784942541072,0.05539290183002037,0.9353463132274387
26079,LOF,0.16446360552928696,0.07126581594832,0.764270578522393
26080,LOF,0.16446360552928696,0.07126581594832,0.764270578522393
26081,LOF,0.05633516706233724,0.039340718387933675,0.904324114549729
26082,LOF,0.00991818287093501,0.08475424387816492,0.9053275732509002
26083,LOF,0.03482464994566069,0.10983571765278248,0.8553396324015567
26084,LOF,0.045595392595357206,0.057132566136228004,0.8972720412684148
26085,LOF,0.041256135045820444,0.049861842284498324,0.9088820226696811
26086,LOF,0.04075003649218597,0.058596496809570464,0.9006534666982435
26087,LOF,0.05462146842706517,0.06568030744072258,0.8796982241322123
26088,LOF,0.011053373137520422,0.12111940429156463,0.8678272225709149
26089,LOF,0.051289641304634086,0.23976131285396515,0.7089490458414007
26090,LOF,0.055742104098652205,0.21269545341002113,0.7315624424913266
26091,LOF,0.042527777491607195,0.05086126512961681,0.906610957378776
26092,LOF,0.04595009337015961,0.03706750883497595,0.9169823977948645
26093,LOF,0.06970477760138556,0.03234870893794409,0.8979465134606703
26094,LOF,0.04333968975958698,0.049732387212594355,0.9069279230278188
26095,LOF,0.01811413059953813,0.05050982113562871,0.9313760482648332
26096,LOF,0.2947121199866157,0.010949214755365571,0.6943386652580188
26097,LOF,0.009627259802496861,0.04953011292783389,0.9408426272696693
26098,LOF,0.16307567264035885,0.0631025063410201,0.7738218210186211
26099,LOF,0.032964981231760775,0.07434960988801217,0.8926854088802271
26100,LOF,0.032964981231760775,0.07434960988801217,0.8926854088802271
26101,LOF,0.03400722987411392,0.09392781959587378,0.8720649505300122
26102,LOF,0.04411420280344249,0.04548020255746977,0.9104055946390878
26103,Neutral,0.8395805181616767,0.05935022557300973,0.10106925626531361
26104,LOF,0.17117893307273835,0.0902467822604582,0.7385742846668034
26105,LOF,0.2378686556757217,0.1948198439421537,0.5673115003821246
26106,LOF,0.29571854927889757,0.17439839519938016,0.5298830555217223
26107,LOF,0.008982119569167737,0.2798747165515119,0.7111431638793203
26108,LOF,0.13711068797964537,0.23820062873471132,0.6246886832856433
26109,LOF,0.052704807544373254,0.07645905364254249,0.8708361388130842
26110,LOF,0.16957447790264685,0.1092545365737021,0.721170985523651
26111,LOF,0.05252214080266007,0.31523616004248833,0.6322416991548516
26112,LOF,0.04735942013972301,0.04685212433114922,0.9057884555291277
26113,LOF,0.04078353869181114,0.0799469830863082,0.8792694782218806
26114,LOF,0.0977978629739321,0.03734267247528034,0.8648594645507875
26115,LOF,0.013348439594639553,0.38440946241239504,0.6022420979929654
26116,LOF,0.07817276907541341,0.12333710091973771,0.7984901300048489
26117,LOF,0.17722645566804757,0.10756969691979228,0.7152038474121601
26118,LOF,0.04233487452682395,0.02727720007425293,0.9303879253989231
26119,LOF,0.0054255121316260976,0.09324941984578312,0.9013250680225908
26120,LOF,0.04314775860125381,0.028899623349268058,0.9279526180494782
26121,LOF,0.004293277593229733,0.19027729780307562,0.8054294246036947
26122,LOF,0.00432533779116823,0.1980303811446472,0.7976442810641846
26123,LOF,0.005136033595946096,0.1670061842199451,0.8278577821841088
